0	0	1	0	0	0	-1	-1	0	0
0.0333333	0.994311	-0.0775552	-0.0730094	0.0495456	0.943541	-0.32753	0.094289	0.322049	0.942016
0.0666667	0.997345	-0.0431518	-0.0586612	0.0301187	0.977829	-0.20723	0.066303	0.204913	0.976532
0.1	0.998882	-0.0217176	-0.0419774	0.0157861	0.990474	-0.136794	0.0445484	0.135979	0.98971
0.133333	0.999548	-0.0075787	-0.029109	0.0047317	0.995307	-0.0966562	0.029705	0.0964747	0.994892
0.166667	0.99979	0.00191275	-0.0204082	-0.0035317	0.996821	-0.0795897	0.0201911	0.0796451	0.996619
0.2	0.999844	0.0091494	-0.0150804	-0.0102336	0.997246	-0.0734593	0.0143668	0.0736022	0.997184
0.233333	0.999795	0.0160701	-0.0122952	-0.0169494	0.997031	-0.075117	0.0110515	0.07531	0.997099
0.266667	0.999656	0.0235974	-0.0114699	-0.0244297	0.996587	-0.0788509	0.00957004	0.0791039	0.99682
0.3	0.999422	0.0312731	-0.0133453	-0.0322501	0.996219	-0.0806666	0.0107721	0.0810503	0.996652
0.333333	0.999145	0.0387306	-0.0144335	-0.0397563	0.996059	-0.0792834	0.0113059	0.0797895	0.996748
0.366667	0.998984	0.0415786	-0.0173726	-0.0429274	0.995347	-0.0862652	0.013705	0.0869233	0.996121
0.4	0.999025	0.0381369	-0.0222354	-0.0402807	0.993588	-0.105647	0.0180638	0.10644	0.994155
0.433333	0.999142	0.0299207	-0.0286517	-0.0334292	0.990813	-0.131045	0.0244675	0.13189	0.990962
0.466667	0.999158	0.021893	-0.0346938	-0.0269355	0.98797	-0.152279	0.0309426	0.153085	0.987728
0.5	0.999071	0.0182612	-0.0390346	-0.0241062	0.987628	-0.154954	0.035722	0.155751	0.98715
0.533333	0.998915	0.0194645	-0.0423027	-0.0252951	0.989545	-0.141992	0.0390966	0.142908	0.988963
0.566667	0.998651	0.0235666	-0.0462703	-0.0289837	0.992334	-0.120136	0.0430845	0.121315	0.991679
0.6	0.998384	0.026469	-0.0502926	-0.031372	0.994558	-0.099344	0.0473894	0.100761	0.993781
0.633333	0.998095	0.0281518	-0.0549005	-0.0325832	0.996135	-0.0815672	0.052392	0.0832006	0.995155
0.666667	0.997809	0.0298818	-0.0590346	-0.0336794	0.997355	-0.0644161	0.0569535	0.0662632	0.996175
0.7	0.997538	0.0290562	-0.0638219	-0.0328165	0.997737	-0.0586824	0.0619724	0.0606323	0.996234
0.733333	0.997366	0.0275271	-0.067112	-0.0313045	0.997946	-0.0558981	0.0654354	0.0578518	0.996178
0.766667	0.997421	0.0243021	-0.0675308	-0.0282221	0.997934	-0.0577147	0.0659887	0.0594717	0.996046
0.8	0.997669	0.0199981	-0.065242	-0.0239257	0.997912	-0.0599855	0.0639062	0.0614067	0.996065
0.833333	0.998039	0.0167763	-0.0603033	-0.0199213	0.998452	-0.0519365	0.0593387	0.053036	0.996828
0.866667	0.998413	0.0164108	-0.0538754	-0.0184135	0.99915	-0.0368886	0.0532242	0.0378221	0.997866
0.9	0.998768	0.0170015	-0.0466157	-0.0179528	0.999637	-0.0200658	0.0462576	0.020878	0.998711
0.933333	0.999107	0.0183079	-0.0380868	-0.0184117	0.999828	-0.00237562	0.0380367	0.00307474	0.999272
0.966667	0.999363	0.0187652	-0.0303647	-0.018417	0.999762	0.0117077	0.0305771	-0.011141	0.99947
1	0.999553	0.0167406	-0.0247606	-0.0163311	0.999728	0.0166516	0.0250326	-0.0162398	0.999555
1.03333	0.999725	0.0130835	-0.0194816	-0.0127768	0.999794	0.0157849	0.0196841	-0.0155316	0.999686
1.06667	0.999822	0.0102926	-0.015818	-0.0100753	0.999855	0.0137591	0.0159573	-0.0135973	0.99978
1.1	0.999875	0.00918041	-0.0128589	-0.00900783	0.999869	0.0134153	0.0129804	-0.0132978	0.999827
1.13333	0.999887	0.00939306	-0.0117767	-0.00924364	0.999877	0.0126783	0.0118943	-0.012568	0.99985
1.16667	0.999888	0.00994029	-0.0111825	-0.0098166	0.999891	0.0110622	0.0112912	-0.0109512	0.999876
1.2	0.999872	0.0106896	-0.0119005	-0.0105966	0.999913	0.00784691	0.0119833	-0.0077198	0.999898
1.23333	0.999846	0.0112999	-0.013398	-0.0111979	0.999908	0.00766837	0.0134834	-0.00751716	0.999881
1.26667	0.999811	0.0116449	-0.015572	-0.011543	0.999911	0.00661718	0.0156477	-0.00643619	0.999857
1.3	0.999765	0.0118302	-0.0181475	-0.0117382	0.999918	0.00516715	0.0182071	-0.00495292	0.999822
1.33333	0.999709	0.0125024	-0.0206193	-0.0123456	0.999894	0.00771794	0.0207136	-0.00746114	0.999758
1.36667	0.999651	0.0131884	-0.022873	-0.0129212	0.999847	0.0117894	0.0230249	-0.0114898	0.999669
1.4	0.999569	0.0144771	-0.0255563	-0.01406	0.999766	0.0164287	0.0257881	-0.0160623	0.999538
1.43333	0.999438	0.018822	-0.0277556	-0.0182485	0.999618	0.0207711	0.0281359	-0.0202529	0.999399
1.46667	0.999152	0.0294777	-0.0287443	-0.0285299	0.999053	0.0328466	0.0296853	-0.0319987	0.999047
1.5	0.998698	0.0426469	-0.0279932	-0.0413461	0.998108	0.0455093	0.029881	-0.0442926	0.998572
1.53333	0.998024	0.0566956	-0.0270708	-0.0555567	0.997609	0.0411147	0.0293371	-0.0395295	0.998788
1.56667	0.997427	0.0689386	-0.019689	-0.0682756	0.997135	0.0325687	0.0218778	-0.0311407	0.999276
1.6	0.99644	0.0842981	-0.00144029	-0.0842074	0.995921	0.0324042	0.00416603	-0.0321675	0.999474
1.63333	0.994642	0.0947459	0.0413572	-0.0971207	0.993475	0.059787	-0.0354227	-0.0634833	0.997354
1.66667	0.988712	0.100511	0.111112	-0.113906	0.986019	0.121625	-0.0973342	-0.132908	0.986337
1.7	0.974491	0.103135	0.199323	-0.142442	0.970565	0.194202	-0.173426	-0.21764	0.960498
1.73333	0.953912	0.104133	0.28144	-0.175553	0.954279	0.241934	-0.243379	-0.280191	0.928579
1.76667	0.936852	0.101901	0.334552	-0.188199	0.953185	0.236685	-0.294772	-0.284701	0.91217
1.8	0.927429	0.0944038	0.361888	-0.17117	0.96747	0.186288	-0.332529	-0.234713	0.913419
1.83333	0.921402	0.0888307	0.378323	-0.149971	0.97939	0.13529	-0.358508	-0.181394	0.915734
1.86667	0.917469	0.0869063	0.388199	-0.142776	0.982765	0.117425	-0.371303	-0.16316	0.914064
1.9	0.915926	0.0859953	0.392026	-0.147091	0.980737	0.128525	-0.373422	-0.175383	0.910932
1.93333	0.917094	0.0843497	0.389646	-0.148219	0.979443	0.13683	-0.370094	-0.183239	0.910743
1.96667	0.918043	0.0843083	0.387413	-0.152398	0.977099	0.1485	-0.366021	-0.19537	0.909868
2	0.915672	0.0932745	0.390953	-0.173401	0.969197	0.174899	-0.362596	-0.227942	0.903641
2.03333	0.908022	0.113065	0.403375	-0.211503	0.95489	0.208452	-0.36161	-0.274595	0.890975
2.06667	0.894631	0.13718	0.425226	-0.25429	0.93886	0.232119	-0.367386	-0.315792	0.874816
2.1	0.888592	0.157874	0.430674	-0.275088	0.934737	0.224929	-0.367056	-0.318343	0.874029
2.13333	0.893943	0.169698	0.414812	-0.254666	0.95394	0.158566	-0.368798	-0.247387	0.895984
2.16667	0.916575	0.168016	0.362852	-0.185113	0.982637	0.0125962	-0.354435	-0.0787139	0.931762
2.2	0.956053	0.129783	0.262903	-0.0644598	0.967795	-0.243346	-0.286019	0.215705	0.93363
2.23333	0.985993	0.0437568	0.160946	0.0384934	0.879221	-0.474857	-0.162285	0.4744	0.865221
2.26667	0.997069	-0.0338663	0.0685997	0.0663195	0.829636	-0.554352	-0.0381389	0.557277	0.82945
2.3	0.995947	-0.0794869	-0.0420836	0.0462092	0.853654	-0.518787	0.0771616	0.51474	0.853867
2.33333	0.983084	-0.114442	-0.143001	0.0257905	0.859476	-0.510525	0.181332	0.4982	0.847889
2.36667	0.971541	-0.160929	-0.173813	0.0299105	0.811252	-0.583931	0.234977	0.562113	0.792978
2.4	0.972047	-0.151674	-0.17922	0.011223	0.792476	-0.6098	0.234518	0.590742	0.772026
2.43333	0.981234	-0.1032	-0.162881	-0.0193464	0.787768	-0.615668	0.191849	0.607266	0.770988
2.46667	0.990228	-0.0601535	-0.12582	-0.0295318	0.791288	-0.61073	0.136297	0.608478	0.781779
2.5	0.998435	0.00208271	-0.0558882	-0.0341344	0.814284	-0.579462	0.044302	0.580463	0.813081
2.53333	0.99555	0.0775507	0.0535334	-0.0437884	0.883748	-0.46591	-0.0834417	0.461493	0.883211
2.56667	0.967452	0.125996	0.219456	-0.0710016	0.967551	-0.242496	-0.242889	0.219021	0.945005
2.6	0.913374	0.135012	0.384082	-0.130593	0.990719	-0.0376971	-0.385607	-0.0157269	0.922529
2.63333	0.872682	0.124314	0.4722	-0.147699	0.988952	0.0126082	-0.465416	-0.0807463	0.881401
2.66667	0.857061	0.125751	0.499633	-0.153322	0.988072	0.0143213	-0.491873	-0.0888792	0.866119
2.7	0.859908	0.11661	0.496951	-0.153462	0.987576	0.033811	-0.486834	-0.105338	0.86712
2.73333	0.874647	0.120272	0.469602	-0.127966	0.991655	-0.0156372	-0.467564	-0.0464162	0.88274
2.76667	0.888887	0.10854	0.445082	-0.0884894	0.993911	-0.0656543	-0.449498	0.0189742	0.89308
2.8	0.905431	0.0949139	0.413746	-0.0558348	0.992843	-0.105572	-0.420805	0.0724867	0.90425
2.83333	0.925162	0.0962103	0.367178	-0.0367132	0.985489	-0.165719	-0.377794	0.139837	0.915269
2.86667	0.944227	0.108967	0.310742	-0.0270792	0.96616	-0.256519	-0.328179	0.233797	0.915225
2.9	0.965461	0.133674	0.223644	-0.00901497	0.874984	-0.484068	-0.260392	0.465332	0.845968
2.93333	0.983972	0.132513	0.119332	-0.0081934	0.702072	-0.712059	-0.178137	0.699668	0.691904
2.96667	0.994321	0.0972449	0.0432418	-0.0246574	0.605753	-0.795271	-0.10353	0.789688	0.60471
3	0.997286	0.0712145	-0.0186597	-0.0607282	0.652525	-0.755329	-0.0416145	0.754413	0.65508
3.03333	0.997365	0.0293539	-0.0663456	-0.0674659	0.71155	-0.699389	0.0266784	0.702022	0.711655
3.06667	0.993293	-0.0101088	-0.115178	-0.0625659	0.790726	-0.608964	0.0972305	0.612086	0.784791
3.1	0.984327	-0.0803406	-0.156987	-0.0346719	0.784658	-0.618959	0.172908	0.614701	0.769575
3.13333	0.978219	-0.141053	-0.15229	-0.0163651	0.678967	-0.733986	0.206931	0.720491	0.66187
3.16667	0.974908	-0.132015	-0.17924	-0.0377818	0.695371	-0.717657	0.21938	0.706422	0.672935
3.2	0.978909	-0.129515	-0.158	-0.00209852	0.76696	-0.641692	0.204288	0.628489	0.750511
3.23333	0.991682	-0.115404	-0.0569944	0.0294229	0.634343	-0.772491	0.125303	0.764389	0.632462
3.26667	0.998441	-0.0556987	-0.00351296	0.0315438	0.615134	-0.787791	0.0460399	0.786453	0.615932
3.3	0.999397	-0.0345717	-0.00335488	0.0201338	0.655302	-0.755099	0.0283035	0.754576	0.655602
3.33333	0.999919	-0.0127151	-5.51225e-05	0.0083372	0.658902	-0.752183	0.00960038	0.752121	0.658955
3.36667	0.999606	0.0279166	0.00283022	-0.0162696	0.658815	-0.752129	-0.0228615	0.751787	0.65901
3.4	0.995361	0.0930254	0.0245693	-0.0436857	0.664471	-0.746036	-0.0857259	0.741502	0.665452
3.43333	0.977061	0.183089	0.108763	-0.0602891	0.727646	-0.683299	-0.204246	0.661067	0.721993
3.46667	0.932723	0.256616	0.25333	-0.0620053	0.806209	-0.588372	-0.355223	0.53308	0.767881
3.5	0.870801	0.334019	0.360745	-0.0526206	0.792873	-0.607111	-0.488812	0.50969	0.708011
3.53333	0.810097	0.426353	0.402449	-0.0361408	0.721436	-0.691538	-0.58518	0.545668	0.599842
3.56667	0.777393	0.46859	0.419623	-0.00931769	0.675617	-0.737194	-0.628946	0.569179	0.529586
3.6	0.775921	0.454123	0.437858	-0.00959211	0.702511	-0.711608	-0.630758	0.547952	0.549449
3.63333	0.802258	0.413775	0.430317	-0.0558073	0.769652	-0.63602	-0.594364	0.486237	0.640551
3.66667	0.851447	0.347604	0.392696	-0.116298	0.855293	-0.504925	-0.511384	0.384247	0.768662
3.7	0.917549	0.230659	0.323882	-0.13401	0.946281	-0.294267	-0.374359	0.226601	0.89917
3.73333	0.966464	0.11229	0.23095	-0.092651	0.99123	-0.0942267	-0.239505	0.069669	0.968392
3.76667	0.992602	0.0287198	0.117968	-0.0215924	0.997888	-0.0612579	-0.119478	0.0582575	0.991126
3.8	0.999503	-0.0314209	0.00253135	0.0315121	0.993849	-0.106164	0.000820008	0.106191	0.994345
3.83333	0.994197	-0.015531	-0.106447	0.00443137	0.994596	-0.103727	0.107483	0.102654	0.988893
3.86667	0.983579	-0.00383977	-0.180437	-0.0254069	0.986872	-0.159496	0.17868	0.161462	0.970569
3.9	0.979858	-0.00643933	-0.19959	-0.0239188	0.9885	-0.149318	0.198256	0.151085	0.968436
3.93333	0.98258	0.0274503	-0.183799	-0.0340666	0.998877	-0.0329368	0.182689	0.0386244	0.982412
3.96667	0.988298	0.0710226	-0.134996	-0.064324	0.996502	0.0533562	0.138313	-0.0440483	0.989409
4	0.996007	0.0423027	-0.0786148	-0.0497818	0.99416	-0.0957515	0.0741051	0.0992828	0.992296
4.03333	0.998942	0.0329083	0.0321375	-0.0223846	0.958161	-0.285353	-0.0401833	0.284331	0.957884
4.06667	0.980674	0.0693719	0.182936	-0.00894955	0.949955	-0.31226	-0.195443	0.304588	0.932217
4.1	0.936657	0.139793	0.321142	-0.0329142	0.947971	-0.316651	-0.348698	0.286023	0.892525
4.13333	0.895184	0.249913	0.369038	-0.0400771	0.869784	-0.491802	-0.443891	0.425463	0.788633
4.16667	0.884527	0.358132	0.298922	-0.00115441	0.642469	-0.766311	-0.466488	0.677478	0.568694
4.2	0.905481	0.355348	0.232015	-0.0312055	0.600978	-0.798656	-0.423237	0.715928	0.555263
4.23333	0.948007	0.276513	0.157555	-0.0598205	0.641067	-0.76515	-0.312577	0.715942	0.624277
4.26667	0.975099	0.187132	0.119014	-0.0327755	0.652357	-0.757203	-0.219336	0.734447	0.642246
4.3	0.978999	0.166914	0.117047	-0.0332144	0.697067	-0.716236	-0.201139	0.697307	0.687973
4.33333	0.967645	0.206818	0.144531	-0.0237406	0.644908	-0.763891	-0.251196	0.735744	0.628952
4.36667	0.959842	0.23326	0.155862	-0.0127092	0.591161	-0.806454	-0.280253	0.772087	0.570386
4.4	0.96401	0.211269	0.161398	0.00235776	0.600251	-0.799808	-0.265855	0.771404	0.57815
4.43333	0.978601	0.151729	0.13899	0.0078667	0.647393	-0.762116	-0.205616	0.746901	0.632346
4.46667	0.987365	0.107222	0.116677	0.00967008	0.694167	-0.719749	-0.158166	0.711784	0.684359
4.5	0.993923	0.0629823	0.0902738	0.0195705	0.705944	-0.707997	-0.10832	0.705462	0.700422
4.53333	0.998176	0.0254455	0.0547381	0.020455	0.710574	-0.703325	-0.0567919	0.703162	0.708758
4.56667	0.999781	-0.00280284	0.0207418	0.0162828	0.726815	-0.68664	-0.0131509	0.686827	0.726702
4.6	0.999727	-0.019862	-0.0123033	0.00660522	0.745383	-0.666604	0.0224107	0.66634	0.745311
4.63333	0.998238	-0.0309695	-0.0506141	-0.00913023	0.762666	-0.646728	0.0586305	0.646051	0.761039
4.66667	0.995688	-0.0386254	-0.0843464	-0.0228428	0.77913	-0.626446	0.0899136	0.625671	0.774888
4.7	0.993923	-0.0432523	-0.101223	-0.0288253	0.785212	-0.618556	0.106236	0.617715	0.779193
4.73333	0.993241	-0.050475	-0.104519	-0.024981	0.786426	-0.617179	0.113348	0.615619	0.77985
4.76667	0.993297	-0.0596644	-0.0989992	-0.0133869	0.791336	-0.611235	0.114811	0.608463	0.785233
4.8	0.992547	-0.0798777	-0.0920311	0.00563712	0.784499	-0.620104	0.121731	0.614964	0.779103
