0	0.0110242	-0.0319839	0.788389	0.999995	-0.000247574	0.00307081	0.000167084	0.999657	0.0261838	-0.00307624	-0.0261831	0.999652
0.0333333	0.17682	0.976882	-1.95598	0.241996	0.969266	-0.044276	-0.969909	0.24291	0.0164772	0.0267259	0.0389562	0.998883
0.0666667	0.175161	0.978818	-1.95262	0.145741	0.989322	-0.000953426	-0.98906	0.14568	-0.0231884	-0.0228019	0.00432249	0.999731
0.1	0.175703	0.980284	-1.95088	0.0998642	0.99485	0.0173577	-0.994597	0.100306	-0.0267681	-0.0283713	-0.0145908	0.999491
0.133333	0.176941	0.980793	-1.95005	0.0809155	0.996413	0.0247902	-0.996281	0.0815935	-0.0276788	-0.0296022	-0.0224583	0.999309
0.166667	0.178597	0.980902	-1.94952	0.074377	0.996788	0.0296795	-0.996767	0.0752162	-0.0282374	-0.0303791	-0.0274834	0.999161
0.2	0.180195	0.980898	-1.94897	0.0713882	0.996877	0.0337542	-0.996954	0.0723779	-0.0290658	-0.031418	-0.0315764	0.999007
0.233333	0.181728	0.980874	-1.94849	0.0708508	0.996777	0.0376293	-0.996924	0.0720277	-0.030898	-0.0335087	-0.0353244	0.998814
0.266667	0.183584	0.980806	-1.94802	0.0705234	0.996598	0.0426435	-0.996888	0.0719252	-0.0322806	-0.0352379	-0.0402343	0.998569
0.3	0.18533	0.980673	-1.94758	0.0702322	0.996434	0.0467551	-0.99688	0.0718024	-0.0327968	-0.036037	-0.0443058	0.998368
0.333333	0.187269	0.980559	-1.94712	0.0702386	0.996218	0.0511427	-0.996856	0.0719828	-0.0330999	-0.0366562	-0.048657	0.998143
0.366667	0.188937	0.980468	-1.94661	0.0698812	0.996122	0.0534655	-0.996834	0.0717688	-0.0342374	-0.0379418	-0.0509037	0.997983
0.4	0.190654	0.98035	-1.94608	0.0703249	0.99601	0.0549412	-0.996754	0.0723273	-0.0353485	-0.0391812	-0.052277	0.997864
0.433333	0.192116	0.980194	-1.94551	0.0698404	0.99605	0.0548295	-0.996752	0.0718883	-0.0363095	-0.0401077	-0.0521155	0.997835
0.466667	0.193546	0.980048	-1.945	0.0690935	0.996108	0.0547294	-0.996753	0.0712043	-0.0376051	-0.0413557	-0.0519534	0.997793
0.5	0.194924	0.979898	-1.94456	0.068776	0.996141	0.054523	-0.996737	0.0709269	-0.0385451	-0.0422635	-0.0516941	0.997768
0.533333	0.196223	0.979773	-1.94417	0.0687474	0.99615	0.0543995	-0.996714	0.0709227	-0.0391209	-0.0428285	-0.0515313	0.997753
0.566667	0.197251	0.979673	-1.94369	0.0682087	0.996285	0.0525751	-0.996725	0.0703437	-0.0398855	-0.0434357	-0.0496824	0.99782
0.6	0.198129	0.979571	-1.94315	0.067991	0.99641	0.0504479	-0.996709	0.070075	-0.0407595	-0.0441483	-0.0475106	0.997895
0.633333	0.198943	0.979409	-1.9427	0.0683013	0.996492	0.0483518	-0.996657	0.07033	-0.0415766	-0.0448313	-0.0453504	0.997965
0.666667	0.199719	0.979215	-1.94218	0.0678157	0.996588	0.0470465	-0.996669	0.0698109	-0.0421469	-0.0452874	-0.0440316	0.998003
0.7	0.200467	0.979059	-1.94171	0.0672895	0.996685	0.0457303	-0.996678	0.0692558	-0.042867	-0.045892	-0.0426939	0.998034
0.733333	0.201175	0.978947	-1.94127	0.0669323	0.996757	0.0446624	-0.99669	0.0688638	-0.0432077	-0.0461432	-0.0416225	0.998067
0.766667	0.201712	0.978843	-1.94094	0.0665352	0.996839	0.043406	-0.996698	0.0684292	-0.043715	-0.046547	-0.0403541	0.998101
0.8	0.202342	0.978738	-1.94059	0.0659511	0.996919	0.0424619	-0.996718	0.0678207	-0.0442074	-0.046951	-0.039407	0.99812
0.833333	0.202858	0.978594	-1.9403	0.0658283	0.996984	0.0411104	-0.996699	0.0676595	-0.0448637	-0.0475099	-0.0380214	0.998147
0.866667	0.203406	0.978398	-1.94005	0.0653625	0.99705	0.0402354	-0.996703	0.067176	-0.045501	-0.0480696	-0.0371287	0.998154
0.9	0.203789	0.978204	-1.93987	0.0651405	0.997122	0.038776	-0.996703	0.0668984	-0.04591	-0.048372	-0.0356576	0.998193
0.933333	0.204241	0.978084	-1.9396	0.0648042	0.997181	0.0378201	-0.996688	0.0665451	-0.0467452	-0.0491302	-0.0346655	0.998191
0.966667	0.204705	0.97792	-1.93947	0.0647221	0.997221	0.0368983	-0.996628	0.0664637	-0.0481078	-0.0504265	-0.0336602	0.99816
1	0.20513	0.977614	-1.93925	0.0642744	0.997294	0.0356843	-0.996611	0.0659878	-0.049118	-0.0513398	-0.0324063	0.998155
1.03333	0.205465	0.977115	-1.93893	0.0636335	0.997426	0.0330465	-0.99661	0.065242	-0.0501221	-0.0521491	-0.029745	0.998196
1.06667	0.20586	0.976557	-1.93834	0.0659335	0.997386	0.0295775	-0.996479	0.0673541	-0.0499248	-0.0517864	-0.0261817	0.998315
1.1	0.206207	0.975965	-1.93722	0.0673204	0.997408	0.0254039	-0.996475	0.0684911	-0.0484374	-0.0500518	-0.0220535	0.998503
1.13333	0.206845	0.975264	-1.93548	0.0692174	0.997309	0.024152	-0.996368	0.0703153	-0.048033	-0.049602	-0.0207396	0.998554
1.16667	0.207769	0.974474	-1.93325	0.072236	0.997063	0.0254527	-0.996019	0.0734499	-0.0505132	-0.0522343	-0.0217025	0.998399
1.2	0.208977	0.973659	-1.93001	0.0726688	0.997025	0.0257169	-0.995822	0.0739626	-0.0535555	-0.0552982	-0.0217176	0.998234
1.23333	0.210377	0.972457	-1.92545	0.0724508	0.997091	0.0236905	-0.995707	0.0736814	-0.0560229	-0.0576054	-0.0195299	0.998148
1.26667	0.212305	0.970796	-1.91935	0.0722255	0.997132	0.0226063	-0.995477	0.073471	-0.0602273	-0.0617155	-0.0181541	0.997929
1.3	0.214875	0.968877	-1.91178	0.073801	0.99703	0.0220255	-0.994964	0.075114	-0.0663591	-0.0678165	-0.0170172	0.997553
1.33333	0.217906	0.96654	-1.90326	0.0750019	0.996821	0.026894	-0.994487	0.0767537	-0.0714405	-0.0732776	-0.0213876	0.997082
1.36667	0.221745	0.963471	-1.89292	0.0795782	0.996155	0.0366307	-0.993905	0.0821036	-0.0735666	-0.0762913	-0.0305532	0.996617
1.4	0.226224	0.95978	-1.88069	0.0802468	0.995176	0.0564441	-0.993761	0.0842761	-0.0730525	-0.0774569	-0.0502297	0.99573
1.43333	0.231617	0.956915	-1.86694	0.0632648	0.994552	0.082844	-0.995024	0.0692608	-0.0716225	-0.0769701	-0.0779006	0.993985
1.46667	0.236719	0.955973	-1.85266	0.0308358	0.994097	0.10402	-0.996655	0.0384599	-0.072104	-0.075679	-0.101448	0.991958
1.5	0.239202	0.956825	-1.83923	-0.000873202	0.993346	0.115163	-0.997383	0.00746049	-0.0719135	-0.0722941	-0.114924	0.99074
1.53333	0.239023	0.959811	-1.82436	-0.026482	0.992433	0.119899	-0.997093	-0.017651	-0.0741254	-0.0714481	-0.121513	0.990015
1.56667	0.237434	0.965205	-1.80695	-0.045212	0.99105	0.125604	-0.996016	-0.0350466	-0.0819954	-0.0768595	-0.128811	0.988686
1.6	0.234849	0.972019	-1.78732	-0.0717105	0.988477	0.133307	-0.993772	-0.0593787	-0.0942892	-0.0852871	-0.139238	0.986579
1.63333	0.230531	0.977881	-1.76643	-0.101629	0.98615	0.131069	-0.990569	-0.0881428	-0.104897	-0.0918918	-0.140493	0.985808
1.66667	0.225512	0.979829	-1.74543	-0.124815	0.984494	0.123263	-0.987535	-0.111261	-0.111336	-0.0958949	-0.135623	0.986109
1.7	0.220527	0.975391	-1.72412	-0.147327	0.982878	0.11066	-0.984052	-0.134381	-0.116548	-0.0996821	-0.126066	0.987001
1.73333	0.215798	0.964007	-1.70182	-0.167951	0.981635	0.0904732	-0.980095	-0.15642	-0.122253	-0.105856	-0.109205	0.988367
1.76667	0.211385	0.947397	-1.67711	-0.180503	0.981117	0.0694872	-0.976644	-0.170412	-0.130863	-0.116551	-0.0914856	0.988962
1.8	0.207351	0.929587	-1.64862	-0.188654	0.980314	0.0582532	-0.973718	-0.179017	-0.140805	-0.127605	-0.0832857	0.988322
1.83333	0.202914	0.914894	-1.61415	-0.202406	0.977318	0.0623022	-0.970635	-0.191764	-0.145237	-0.129996	-0.0898696	0.987433
1.86667	0.198018	0.905791	-1.57091	-0.232307	0.969329	0.0802184	-0.964098	-0.218574	-0.1508	-0.128641	-0.11237	0.985304
1.9	0.191371	0.903008	-1.51865	-0.280373	0.955549	0.0912016	-0.950301	-0.262919	-0.166741	-0.13535	-0.133418	0.981774
1.93333	0.183003	0.906213	-1.46265	-0.335578	0.938084	0.0859434	-0.930586	-0.315958	-0.184879	-0.146278	-0.142019	0.978996
1.96667	0.171693	0.91269	-1.40461	-0.350976	0.933286	0.0761069	-0.924047	-0.332055	-0.189412	-0.151504	-0.136805	0.978944
2	0.160588	0.923056	-1.34815	-0.333931	0.941319	0.0490743	-0.930607	-0.320958	-0.175947	-0.149872	-0.104423	0.983176
2.03333	0.151257	0.937358	-1.29219	-0.266786	0.963528	0.0209759	-0.954162	-0.261004	-0.146464	-0.135647	-0.0590889	0.988994
2.06667	0.144226	0.953026	-1.23968	-0.168596	0.985683	-0.00208603	-0.978251	-0.167584	-0.122231	-0.12083	-0.0185669	0.9925
2.1	0.138296	0.966665	-1.18944	-0.0751927	0.996881	-0.0239584	-0.991977	-0.0772283	-0.100087	-0.101626	0.0162404	0.99469
2.13333	0.133844	0.975281	-1.14084	-0.00642012	0.999055	-0.0429763	-0.99708	-0.00966594	-0.0757496	-0.0760934	0.0423645	0.9962
2.16667	0.130203	0.976907	-1.09323	0.0409486	0.997277	-0.0613356	-0.997594	0.0373701	-0.0583969	-0.0559458	0.0635792	0.996407
2.2	0.126602	0.970689	-1.04667	0.0874321	0.992849	-0.0812853	-0.995182	0.0834192	-0.0515238	-0.0443746	0.0853985	0.995358
2.23333	0.123119	0.957462	-0.999963	0.124449	0.987194	-0.0998043	-0.991715	0.120528	-0.0444231	-0.0318249	0.104506	0.994015
2.26667	0.12092	0.939936	-0.952231	0.132837	0.984951	-0.110567	-0.991001	0.130134	-0.0313452	-0.0164849	0.113736	0.993374
2.3	0.119846	0.921883	-0.903324	0.130845	0.985273	-0.110077	-0.991343	0.12881	-0.0254305	-0.010877	0.112451	0.993598
2.33333	0.11853	0.908483	-0.84814	0.14516	0.98164	-0.123741	-0.989402	0.14358	-0.0216369	-0.00347293	0.12557	0.992079
2.36667	0.117679	0.901677	-0.782827	0.196222	0.971119	-0.135738	-0.980497	0.195885	-0.0159693	0.011081	0.136225	0.990616
2.4	0.118564	0.900289	-0.709221	0.266192	0.95363	-0.140469	-0.963496	0.267554	-0.00945188	0.0285695	0.137857	0.99004
2.43333	0.121196	0.906071	-0.635898	0.33889	0.932573	-0.124347	-0.939738	0.341884	0.00293145	0.045246	0.11586	0.992234
2.46667	0.128767	0.916586	-0.56609	0.371122	0.924359	-0.0884835	-0.927709	0.373221	0.00786925	0.0402979	0.0791665	0.996047
2.5	0.132948	0.933136	-0.501643	0.328496	0.941833	-0.070998	-0.943832	0.33017	0.0129595	0.0356471	0.0627531	0.997392
2.53333	0.135266	0.952154	-0.439488	0.250728	0.966486	-0.0551374	-0.967851	0.251444	0.00634636	0.0199976	0.0517736	0.998459
2.56667	0.137202	0.969103	-0.379539	0.164309	0.985882	-0.0322383	-0.986409	0.164205	-0.00585084	-0.000474528	0.0327615	0.999463
2.6	0.138432	0.980568	-0.321343	0.0948075	0.995461	0.00831393	-0.995462	0.0948694	-0.00739964	-0.00815479	-0.00757466	0.999938
2.63333	0.138808	0.984028	-0.264392	0.0364881	0.997535	0.0599326	-0.999304	0.0368848	-0.00552673	-0.00772371	-0.0596893	0.998187
2.66667	0.137472	0.978409	-0.207894	-0.0137478	0.994494	0.103883	-0.999879	-0.0129189	-0.00864819	-0.00725852	-0.10399	0.994552
2.7	0.134793	0.96498	-0.151913	-0.0399616	0.989116	0.141605	-0.999162	-0.0383075	-0.0143885	-0.00880731	-0.142061	0.989819
2.73333	0.131809	0.946507	-0.0963615	-0.0448116	0.984439	0.169918	-0.998937	-0.0423091	-0.0183215	-0.0108473	-0.170559	0.985288
2.76667	0.127912	0.926666	-0.039908	-0.0426494	0.983536	0.175607	-0.998985	-0.0394272	-0.021799	-0.0145164	-0.176359	0.984219
2.8	0.124561	0.911047	0.0227855	-0.0595284	0.979808	0.190875	-0.998184	-0.0566529	-0.0204915	-0.00926411	-0.191749	0.9814
2.83333	0.121645	0.900778	0.0938452	-0.11263	0.969291	0.218608	-0.993636	-0.109534	-0.0262696	-0.00151784	-0.220176	0.975459
2.86667	0.117914	0.895563	0.169243	-0.192232	0.952299	0.237009	-0.981326	-0.188203	-0.0397292	0.00677167	-0.24022	0.970695
2.9	0.113705	0.897381	0.242764	-0.278727	0.937477	0.208442	-0.960262	-0.275316	-0.0458053	0.0144462	-0.212927	0.976961
2.93333	0.106331	0.904258	0.314272	-0.295115	0.939676	0.172963	-0.955304	-0.29348	-0.0355469	0.0173586	-0.175723	0.984287
2.96667	0.101787	0.919154	0.382605	-0.251164	0.955157	0.15682	-0.96778	-0.250792	-0.022481	0.0178562	-0.157413	0.987371
3	0.0984281	0.937089	0.446985	-0.170383	0.974637	0.145097	-0.985325	-0.170049	-0.0147892	0.0102596	-0.145488	0.989307
3.03333	0.0947738	0.953826	0.508292	-0.0815412	0.989989	0.115206	-0.996642	-0.0818652	-0.00192459	0.00752607	-0.114976	0.99334
3.06667	0.0913327	0.965208	0.568309	0.00454659	0.997617	0.0688393	-0.999894	0.00358419	0.0140976	0.0138172	-0.0688961	0.997528
3.1	0.0885887	0.968288	0.626688	0.0710341	0.997317	0.0176738	-0.997118	0.0705244	0.0279606	0.0266392	-0.019609	0.999453
3.13333	0.0872711	0.962508	0.684484	0.104643	0.994079	-0.0292625	-0.993732	0.105679	0.0364454	0.0393221	0.0252654	0.998907
3.16667	0.086611	0.949445	0.741889	0.124073	0.989249	-0.0774147	-0.991318	0.126998	0.0340648	0.0435301	0.072516	0.996417
3.2	0.0867533	0.932533	0.799177	0.121673	0.98536	-0.119418	-0.991399	0.12649	0.033592	0.0482054	0.114304	0.992276
3.23333	0.0888351	0.915822	0.859541	0.112272	0.983494	-0.141895	-0.99157	0.120181	0.0484325	0.0646862	0.135261	0.988696
3.26667	0.090933	0.902294	0.92523	0.130366	0.977912	-0.163381	-0.987895	0.142093	0.0622265	0.0840674	0.153291	0.984599
3.3	0.0951683	0.893342	1.00086	0.187992	0.967883	-0.166916	-0.978127	0.1999	0.0575121	0.0890316	0.152454	0.984292
3.33333	0.100549	0.890344	1.0768	0.300693	0.942158	-0.148059	-0.947503	0.312809	0.0662472	0.10873	0.120366	0.986757
3.36667	0.110443	0.892364	1.14738	0.400349	0.911713	-0.0921964	-0.910803	0.406967	0.0693975	0.100791	0.0561895	0.99332
3.4	0.117179	0.901598	1.21138	0.406898	0.909267	-0.0875595	-0.907932	0.413109	0.070707	0.100463	0.0507276	0.993647
3.43333	0.120238	0.91951	1.27525	0.343957	0.935609	-0.0795617	-0.934658	0.349266	0.0665443	0.0900477	0.0514745	0.994606
3.46667	0.123743	0.940395	1.33757	0.258111	0.964884	-0.0487713	-0.963547	0.260775	0.0597852	0.0704041	0.0315623	0.997019
3.5	0.127347	0.958364	1.39857	0.165956	0.986113	-0.00633344	-0.984445	0.166044	0.0574251	0.0576793	-0.0032951	0.99833
3.53333	0.12969	0.968636	1.45707	0.0981771	0.994358	0.0401678	-0.99378	0.0958285	0.0567276	0.0525583	-0.0454873	0.997581
3.56667	0.130943	0.969897	1.51509	0.0510187	0.994886	0.0871739	-0.997335	0.0461969	0.0564629	0.052147	-0.0898222	0.994592
3.6	0.130451	0.961825	1.57204	0.0108402	0.991494	0.129697	-0.998774	0.00447142	0.0492957	0.0482964	-0.130072	0.990328
3.63333	0.128826	0.947315	1.62802	-0.00910312	0.985582	0.168955	-0.99887	-0.0168454	0.0444482	0.0466534	-0.168359	0.984621
3.66667	0.126059	0.929442	1.68307	-0.00918424	0.982273	0.187229	-0.99875	-0.0182095	0.0465417	0.0491261	-0.186568	0.981213
3.7	0.122525	0.913126	1.74111	-0.0217911	0.980836	0.193613	-0.998279	-0.0318928	0.0492119	0.0544436	-0.192207	0.979843
3.73333	0.119068	0.900843	1.80636	-0.0549115	0.975582	0.212662	-0.996831	-0.065838	0.0446384	0.0575496	-0.209537	0.976106
3.76667	0.114311	0.892227	1.87845	-0.109663	0.965837	0.234804	-0.992083	-0.120903	0.0339751	0.0612029	-0.22922	0.971449
3.8	0.108683	0.889285	1.94952	-0.206457	0.952312	0.224674	-0.976287	-0.215776	0.0174699	0.065116	-0.215739	0.974277
3.83333	0.101873	0.892424	2.01613	-0.282354	0.941574	0.183614	-0.956706	-0.290475	0.0183724	0.0706342	-0.170477	0.982827
3.86667	0.0960765	0.902555	2.07846	-0.275182	0.945519	0.173977	-0.958207	-0.28446	0.0303586	0.0781942	-0.158352	0.984282
3.9	0.0932215	0.918991	2.13724	-0.211119	0.961919	0.173612	-0.974339	-0.221282	0.0412069	0.0780549	-0.160457	0.983952
3.93333	0.0910284	0.935752	2.19067	-0.128102	0.979367	0.156298	-0.98886	-0.138177	0.0553481	0.0758029	-0.147467	0.986158
3.96667	0.0888244	0.949944	2.24205	-0.0524217	0.991557	0.118606	-0.995373	-0.0614583	0.0738599	0.0805256	-0.114186	0.990191
4	0.0865105	0.95941	2.29149	-0.00503767	0.997402	0.0718581	-0.996654	-0.01087	0.0810062	0.0815769	-0.0712096	0.99412
4.03333	0.0846645	0.963469	2.34087	0.0302313	0.999269	0.0234158	-0.995559	0.0280129	0.0898766	0.0891549	-0.0260289	0.995678
4.06667	0.0845128	0.961811	2.39103	0.0629655	0.997889	-0.0159136	-0.993251	0.0642132	0.0965921	0.09741	0.00972426	0.995197
4.1	0.0864729	0.95489	2.44137	0.0930344	0.994586	-0.0463043	-0.990213	0.0972844	0.100072	0.104035	0.036541	0.993902
4.13333	0.0906657	0.943694	2.49129	0.102254	0.992592	-0.0656086	-0.988324	0.108861	0.106606	0.112958	0.0539417	0.992134
4.16667	0.0955453	0.9308	2.54281	0.103228	0.991362	-0.0809024	-0.986261	0.112564	0.120905	0.128968	0.0673101	0.989362
4.2	0.100711	0.918366	2.59948	0.113423	0.988952	-0.095446	-0.982747	0.125797	0.135587	0.146096	0.0784206	0.986157
4.23333	0.10739	0.906561	2.66096	0.138309	0.98503	-0.102893	-0.97931	0.151518	0.134139	0.147721	0.0822114	0.985606
