0	1	0	0	0	1	0	0	0	1
0.0333333	0.969007	0.222695	0.106923	-0.234911	0.964594	0.119899	-0.0764359	-0.1413	0.987012
0.0666667	0.990026	0.13532	0.039208	-0.138221	0.986799	0.0843954	-0.02727	-0.0889731	0.995661
0.1	0.995466	0.0916193	0.0255589	-0.0931619	0.993348	0.0676731	-0.0191888	-0.0697474	0.99738
0.133333	0.997081	0.0731451	0.0218814	-0.0743759	0.995298	0.0620424	-0.0172404	-0.0634888	0.997834
0.166667	0.997604	0.0659973	0.0207454	-0.0671147	0.996011	0.0588002	-0.016782	-0.0600517	0.998054
0.2	0.997837	0.0626323	0.0199506	-0.0636687	0.996374	0.0564316	-0.0163439	-0.0575798	0.998207
0.233333	0.997911	0.0618611	0.0186406	-0.0627847	0.996571	0.0538918	-0.0152428	-0.0549495	0.998373
0.266667	0.997985	0.060896	0.0178485	-0.0617351	0.996789	0.051002	-0.0146854	-0.052001	0.998539
0.3	0.998043	0.0597644	0.0183893	-0.0605997	0.996967	0.0488307	-0.0154152	-0.0498496	0.998638
0.333333	0.998086	0.0587087	0.0194439	-0.0595596	0.997139	0.046535	-0.0166562	-0.047604	0.998727
0.366667	0.998116	0.0581494	0.0195853	-0.059011	0.997163	0.0467372	-0.016812	-0.0478049	0.998715
0.4	0.998108	0.0583024	0.0195343	-0.0591822	0.997093	0.0479835	-0.0166799	-0.0490487	0.998657
0.433333	0.998148	0.0575908	0.0195957	-0.0585033	0.997049	0.0497136	-0.0166748	-0.050768	0.998571
0.466667	0.998212	0.0565619	0.0193419	-0.057474	0.997074	0.0504003	-0.0164346	-0.0514218	0.998542
0.5	0.998263	0.0555998	0.019507	-0.0565186	0.997137	0.0502287	-0.0166584	-0.0512439	0.998547
0.533333	0.998297	0.0548447	0.0199014	-0.0557747	0.997208	0.0496488	-0.0171229	-0.0506743	0.998568
0.566667	0.99833	0.0542468	0.0198583	-0.0551897	0.997198	0.050493	-0.0170636	-0.0515046	0.998527
0.6	0.998332	0.0543055	0.0195886	-0.0552469	0.997157	0.0512383	-0.0167504	-0.052235	0.998494
0.633333	0.998309	0.0548445	0.0192785	-0.0557732	0.997115	0.0514895	-0.016399	-0.0524776	0.998487
0.666667	0.998331	0.0545326	0.0189901	-0.0554363	0.997166	0.0508535	-0.0161631	-0.0518214	0.998526
0.7	0.998358	0.054256	0.0184005	-0.0551228	0.997205	0.050425	-0.0156132	-0.0513565	0.998558
0.733333	0.998363	0.0542019	0.0182403	-0.0550524	0.997236	0.0498995	-0.0154853	-0.050822	0.998588
0.766667	0.998362	0.0542479	0.0181557	-0.0550846	0.997264	0.0492949	-0.0154319	-0.0502142	0.998619
0.8	0.998373	0.0540501	0.0181563	-0.0548858	0.997279	0.0492088	-0.0154471	-0.0501253	0.998623
0.833333	0.998365	0.0542563	0.0179891	-0.0550843	0.997265	0.0492678	-0.0152668	-0.0501782	0.998624
0.866667	0.998376	0.0540205	0.0180731	-0.0548523	0.99728	0.0492242	-0.0153649	-0.0501356	0.998624
0.9	0.998358	0.0541284	0.0187323	-0.0549979	0.997258	0.0495212	-0.0160004	-0.0504702	0.998597
0.933333	0.998359	0.0539317	0.0192394	-0.0548301	0.997258	0.0497059	-0.0165059	-0.0506792	0.998579
0.966667	0.998349	0.0539186	0.0198206	-0.0548487	0.99725	0.0498363	-0.017079	-0.0508412	0.998561
1	0.998324	0.053851	0.021184	-0.0548753	0.997181	0.0511788	-0.0183683	-0.0522555	0.998465
1.03333	0.998295	0.0536432	0.0230148	-0.0548121	0.997058	0.0535859	-0.0200725	-0.054756	0.998298
1.06667	0.99807	0.0561876	0.0264323	-0.0576146	0.996725	0.0567408	-0.0231576	-0.0581542	0.998039
1.1	0.997861	0.0577315	0.0306632	-0.059478	0.996456	0.059482	-0.0271206	-0.0611786	0.997758
1.13333	0.997662	0.0594461	0.0337238	-0.0613587	0.99638	0.0588409	-0.0301039	-0.0607726	0.997698
1.16667	0.997415	0.0627398	0.035032	-0.0646335	0.996346	0.0558314	-0.0314012	-0.0579513	0.997825
1.2	0.997309	0.0635553	0.0365477	-0.0654808	0.996383	0.0541534	-0.0329737	-0.0564008	0.997864
1.23333	0.997163	0.0643077	0.0391109	-0.0664149	0.996264	0.0552052	-0.0354146	-0.0576461	0.997709
1.26667	0.99707	0.0655962	0.0393593	-0.067734	0.996148	0.0556904	-0.0355546	-0.0581931	0.997672
1.3	0.996875	0.0690082	0.0384347	-0.071077	0.995934	0.0553497	-0.0344588	-0.0579086	0.997727
1.33333	0.996617	0.0716778	0.0402132	-0.0735422	0.996185	0.0469733	-0.0366928	-0.0497718	0.998086
1.36667	0.996062	0.0768566	0.0442004	-0.0783239	0.996399	0.0324802	-0.0415449	-0.0358143	0.998495
1.4	0.995964	0.0759666	0.0477947	-0.0762757	0.997076	0.00467347	-0.0472999	-0.00830019	0.998846
1.43333	0.997308	0.0532541	0.050408	-0.0516923	0.998157	-0.0317976	-0.0520085	0.0291063	0.998222
1.46667	0.998314	0.0128836	0.0565965	-0.00910317	0.997741	-0.0665538	-0.0573261	0.0659264	0.996176
1.5	0.997145	-0.024307	0.0714844	0.0309796	0.995112	-0.0937691	-0.0688557	0.095716	0.993024
1.53333	0.994946	-0.0513143	0.0863116	0.0611525	0.991423	-0.115503	-0.0796443	0.120197	0.98955
1.56667	0.992999	-0.0704181	0.0948399	0.0832295	0.986828	-0.138721	-0.0838223	0.145643	0.98578
1.6	0.990129	-0.0968886	0.101274	0.112407	0.980552	-0.16088	-0.0837169	0.170676	0.981764
1.63333	0.985922	-0.124268	0.11187	0.142164	0.975201	-0.169626	-0.0880162	0.183141	0.979139
1.66667	0.981195	-0.144244	0.128254	0.165175	0.971277	-0.171283	-0.0998636	0.189246	0.976838
1.7	0.975337	-0.164666	0.146976	0.18855	0.967764	-0.166981	-0.114742	0.190575	0.974944
1.73333	0.968964	-0.185022	0.16394	0.210611	0.965108	-0.155595	-0.129431	0.185293	0.974122
1.76667	0.964074	-0.199463	0.175432	0.225686	0.963361	-0.144918	-0.140099	0.179304	0.973767
1.8	0.959472	-0.212228	0.1854	0.240165	0.959995	-0.14398	-0.147427	0.182671	0.972058
1.83333	0.951746	-0.230817	0.202246	0.264471	0.951196	-0.158999	-0.155676	0.204815	0.966341
1.86667	0.938854	-0.268125	0.216012	0.309033	0.932831	-0.185273	-0.151826	0.240699	0.958652
1.9	0.922013	-0.324911	0.210532	0.365576	0.909662	-0.197151	-0.127457	0.258741	0.957501
1.93333	0.899638	-0.388271	0.19974	0.42451	0.884831	-0.192005	-0.102186	0.257527	0.960853
1.96667	0.894966	-0.406478	0.18388	0.437805	0.87946	-0.186754	-0.0858037	0.247642	0.965045
2	0.907531	-0.387278	0.162491	0.410366	0.90002	-0.146849	-0.0893732	0.199951	0.975721
2.03333	0.938683	-0.313855	0.142722	0.328426	0.939932	-0.0930847	-0.104933	0.13425	0.985376
2.06667	0.969215	-0.208305	0.131268	0.214648	0.976027	-0.0360198	-0.120618	0.0630873	0.990692
2.1	0.985377	-0.105464	0.13383	0.102629	0.994328	0.0279262	-0.136016	-0.0137829	0.990611
2.13333	0.987619	-0.0308746	0.153806	0.0173682	0.995934	0.0883964	-0.15591	-0.0846305	0.984139
2.16667	0.984208	0.0190576	0.175989	-0.0443593	0.989019	0.140977	-0.17137	-0.146557	0.974245
2.2	0.977948	0.0672363	0.197727	-0.105219	0.976446	0.18837	-0.180405	-0.20502	0.961988
2.23333	0.969059	0.103775	0.223954	-0.155338	0.961518	0.226611	-0.191819	-0.254388	0.947888
2.26667	0.961373	0.107731	0.253292	-0.174066	0.950804	0.256268	-0.213223	-0.290458	0.932829
2.3	0.955241	0.102379	0.277549	-0.18047	0.945074	0.272516	-0.234405	-0.310408	0.92125
2.33333	0.946767	0.116765	0.299995	-0.208514	0.932425	0.295136	-0.245262	-0.341978	0.907137
2.36667	0.931409	0.170448	0.321599	-0.270782	0.914922	0.299325	-0.243219	-0.365877	0.89832
2.4	0.909731	0.245597	0.334771	-0.345145	0.895512	0.28095	-0.230791	-0.371133	0.899442
2.43333	0.88141	0.321616	0.345947	-0.413376	0.879583	0.235487	-0.228553	-0.350567	0.908221
2.46667	0.878909	0.352709	0.321115	-0.423238	0.887137	0.184002	-0.219974	-0.29763	0.928993
2.5	0.906392	0.310759	0.286151	-0.365227	0.916863	0.161156	-0.21228	-0.25058	0.944535
2.53333	0.942667	0.233813	0.23814	-0.271542	0.952189	0.140001	-0.19402	-0.19664	0.961088
2.56667	0.970676	0.14478	0.191903	-0.167015	0.980328	0.105185	-0.172899	-0.134152	0.975761
2.6	0.983471	0.068923	0.167437	-0.0768927	0.996172	0.0415835	-0.16393	-0.0537709	0.985005
2.63333	0.98706	0.004637	0.160283	0.00128203	0.999322	-0.0368056	-0.160345	0.0365348	0.986385
2.66667	0.986018	-0.0468626	0.159914	0.0641417	0.992437	-0.104661	-0.1538	0.113455	0.981567
2.7	0.983833	-0.0718771	0.164032	0.0991719	0.981327	-0.164807	-0.149123	0.17841	0.97259
2.73333	0.981779	-0.0763556	0.174012	0.113472	0.970102	-0.214537	-0.152429	0.230374	0.96109
2.76667	0.97979	-0.0737835	0.185925	0.116924	0.965411	-0.233047	-0.162299	0.250076	0.954527
2.8	0.975442	-0.0932656	0.199534	0.144247	0.955119	-0.258727	-0.166449	0.281156	0.945117
2.83333	0.965944	-0.152873	0.208762	0.210728	0.932964	-0.291844	-0.150152	0.325897	0.933405
2.86667	0.946997	-0.239079	0.214565	0.297089	0.905888	-0.301837	-0.122209	0.349583	0.928901
2.9	0.918064	-0.328786	0.221491	0.38017	0.888556	-0.256785	-0.11238	0.319949	0.940746
2.93333	0.917516	-0.338481	0.208794	0.380459	0.899947	-0.212947	-0.115825	0.27482	0.954494
2.96667	0.939883	-0.288952	0.182006	0.320987	0.929425	-0.182034	-0.116562	0.229512	0.966301
3	0.968174	-0.199492	0.151136	0.221455	0.964186	-0.145956	-0.116606	0.17478	0.977678
3.03333	0.985169	-0.0999167	0.139498	0.113152	0.989456	-0.0904027	-0.128994	0.104846	0.986087
3.06667	0.989284	-0.00330959	0.145965	0.00575613	0.99985	-0.016342	-0.145889	0.0170071	0.989155
3.1	0.983434	0.0708348	0.166852	-0.0823642	0.994595	0.063217	-0.161472	-0.0759124	0.983953
3.13333	0.975902	0.10705	0.190145	-0.134165	0.981587	0.135967	-0.172088	-0.158201	0.972295
3.16667	0.969437	0.12694	0.209946	-0.17072	0.963614	0.205677	-0.176199	-0.235233	0.955834
3.2	0.964895	0.124269	0.231375	-0.18558	0.945987	0.265837	-0.185842	-0.299443	0.93584
3.23333	0.960009	0.111505	0.256807	-0.188975	0.934868	0.300517	-0.206571	-0.337029	0.918553
3.26667	0.950541	0.128706	0.282677	-0.22076	0.920158	0.323378	-0.218486	-0.369788	0.903062
3.3	0.940025	0.190818	0.282739	-0.278987	0.907017	0.315414	-0.196262	-0.375377	0.905855
3.33333	0.902332	0.302935	0.306638	-0.38567	0.885104	0.26048	-0.192498	-0.353301	0.915491
3.36667	0.865246	0.394497	0.309388	-0.460971	0.86864	0.181578	-0.197115	-0.299729	0.933439
3.4	0.866707	0.395188	0.304377	-0.45851	0.871462	0.174136	-0.196436	-0.290485	0.9365
3.43333	0.905201	0.335035	0.261462	-0.385333	0.906522	0.172442	-0.179247	-0.256845	0.949685
3.46667	0.946416	0.248775	0.205931	-0.280609	0.949101	0.14306	-0.159859	-0.193181	0.968053
3.5	0.97467	0.152004	0.164055	-0.169446	0.980646	0.0980855	-0.145971	-0.123399	0.981563
3.53333	0.987063	0.0768747	0.140704	-0.082593	0.99596	0.0352543	-0.137426	-0.0464194	0.989424
3.56667	0.991162	0.0236401	0.130537	-0.0200494	0.999385	-0.0287534	-0.131137	0.025882	0.991026
3.6	0.991677	-0.0201448	0.127169	0.0317999	0.995407	-0.0902964	-0.124766	0.0935888	0.987762
3.63333	0.990152	-0.0427663	0.133302	0.0627928	0.986711	-0.149858	-0.125121	0.156753	0.97968
3.66667	0.987759	-0.0434679	0.149806	0.0711272	0.980245	-0.184554	-0.138825	0.192951	0.971338
3.7	0.985062	-0.056704	0.162595	0.0895094	0.975252	-0.202168	-0.147108	0.213702	0.965759
3.73333	0.982729	-0.0928634	0.160062	0.128665	0.964565	-0.230348	-0.133	0.246964	0.959854
3.76667	0.977518	-0.151293	0.146867	0.185329	0.948679	-0.256246	-0.100562	0.277703	0.955389
3.8	0.958219	-0.250968	0.137229	0.278129	0.929524	-0.242133	-0.0667903	0.270184	0.960489
3.83333	0.935974	-0.323751	0.138339	0.346775	0.915635	-0.203371	-0.0608261	0.238323	0.969279
3.86667	0.940591	-0.311101	0.136032	0.333505	0.921692	-0.198135	-0.0637397	0.231731	0.970689
3.9	0.963468	-0.24136	0.116084	0.25955	0.948343	-0.182428	-0.0660568	0.205893	0.976342
3.93333	0.983273	-0.148228	0.105842	0.161947	0.977435	-0.135622	-0.083351	0.150494	0.985091
3.96667	0.991532	-0.0626239	0.113762	0.0711071	0.994859	-0.0721075	-0.108661	0.0795862	0.990888
4	0.992283	-0.00474762	0.123901	0.00421572	0.999981	0.00455482	-0.12392	-0.00399734	0.992284
4.03333	0.989124	0.0390406	0.141805	-0.0503341	0.995764	0.0769471	-0.1382	-0.0832479	0.986899
4.06667	0.984486	0.0753164	0.158474	-0.0960137	0.987208	0.127284	-0.14686	-0.140525	0.979125
4.1	0.979304	0.105136	0.172946	-0.133716	0.977538	0.162908	-0.151934	-0.182662	0.971365
4.13333	0.975873	0.110671	0.188214	-0.146003	0.97171	0.185642	-0.162344	-0.208643	0.964423
4.16667	0.973065	0.106648	0.204378	-0.148306	0.96834	0.200805	-0.176492	-0.225706	0.958075
4.2	0.970611	0.114353	0.211749	-0.160106	0.96375	0.213427	-0.179667	-0.241057	0.953735
4.23333	0.970777	0.139368	0.195366	-0.181453	0.959048	0.217488	-0.157054	-0.246582	0.956311
