0	1	0	0	0	1	0	0	0	1
0.0333333	0.99949	0.0190239	-0.0256497	-0.022539	0.989237	-0.144575	0.0226233	0.145079	0.989161
0.0666667	0.999506	0.0168188	-0.0265536	-0.0198468	0.992787	-0.118236	0.0243735	0.118704	0.99263
0.1	0.999531	0.0154304	-0.0264544	-0.0179872	0.994894	-0.0993079	0.0247869	0.0997371	0.994705
0.133333	0.999553	0.014146	-0.0263457	-0.0162451	0.996562	-0.0812455	0.0251058	0.0816371	0.996346
0.166667	0.999612	0.0119316	-0.0251805	-0.0135473	0.997793	-0.0650024	0.0243494	0.0653182	0.997567
0.2	0.999677	0.00960449	-0.0235107	-0.0107934	0.998642	-0.0509765	0.0229891	0.0512138	0.998423
0.233333	0.999725	0.00713243	-0.0223305	-0.00801412	0.999182	-0.039646	0.0220295	0.0398141	0.998964
0.266667	0.999756	0.00519021	-0.0214511	-0.00592826	0.999388	-0.0344873	0.021259	0.0346061	0.999175
0.3	0.99979	0.00356229	-0.0201751	-0.00425664	0.999396	-0.0344786	0.0200401	0.0345572	0.999202
0.333333	0.999802	0.00265144	-0.0197372	-0.00336683	0.999335	-0.0363011	0.0196279	0.0363604	0.999146
0.366667	0.99981	0.00189033	-0.0193905	-0.002659	0.999208	-0.0396928	0.0193001	0.0397368	0.999024
0.4	0.999811	0.00108718	-0.0193883	-0.00192513	0.999062	-0.0432531	0.0193231	0.0432823	0.998876
0.433333	0.999797	0.000560001	-0.0201603	-0.00148592	0.998943	-0.0459424	0.0201132	0.045963	0.998741
0.466667	0.999784	-9.41255e-05	-0.0207893	-0.000854988	0.998958	-0.0456403	0.0207719	0.0456482	0.998742
0.5	0.999741	-0.000337026	-0.022761	-0.000634848	0.999089	-0.0426783	0.0227547	0.0426817	0.99883
0.533333	0.999709	-0.00111477	-0.024089	0.000129446	0.999165	-0.0408665	0.0241144	0.0408515	0.998874
0.566667	0.999654	-0.00280289	-0.0261555	0.00181571	0.999288	-0.0376907	0.0262425	0.0376301	0.998947
0.6	0.999605	-0.0035059	-0.0278949	0.00252592	0.999381	-0.0350893	0.0280006	0.0350049	0.998995
0.633333	0.999544	-0.00404912	-0.029931	0.00306094	0.999451	-0.0329878	0.0300481	0.0328811	0.999007
0.666667	0.999492	-0.00433651	-0.0315688	0.00336093	0.999517	-0.0308909	0.0316875	0.0307691	0.999024
0.7	0.999457	-0.00440052	-0.0326468	0.0034398	0.999561	-0.0294258	0.032762	0.0292975	0.999034
0.733333	0.999448	-0.00415839	-0.0329639	0.00320449	0.999576	-0.0289378	0.0330703	0.0288162	0.999038
0.766667	0.999454	-0.00419819	-0.0327874	0.00326544	0.99959	-0.0284504	0.0328934	0.0283278	0.999057
0.8	0.999476	-0.00439584	-0.0320783	0.00350973	0.999612	-0.0276277	0.0321873	0.0275006	0.999103
0.833333	0.999523	-0.00368653	-0.0306781	0.00283301	0.999609	-0.0278187	0.0307687	0.0277185	0.999142
0.866667	0.99954	-0.00384066	-0.0300876	0.0029775	0.999584	-0.0286808	0.0301852	0.028578	0.999136
0.9	0.999537	-0.00348171	-0.0302279	0.00256935	0.999542	-0.0301693	0.0303191	0.0300776	0.999088
0.933333	0.999532	-0.002687	-0.0304758	0.00173018	0.999506	-0.0313792	0.030545	0.0313118	0.999043
0.966667	0.999523	-0.00161643	-0.0308387	0.000647966	0.999507	-0.0313883	0.0308742	0.0313534	0.999031
1	0.99952	-0.000896508	-0.0309582	-0.000102164	0.99948	-0.0322421	0.030971	0.0322298	0.999001
1.03333	0.999488	-0.000254185	-0.0320029	-0.000794332	0.999463	-0.0327462	0.0319941	0.0327548	0.998951
1.06667	0.999403	-0.00106512	-0.0345317	-1.33867e-06	0.999523	-0.0308688	0.0345482	0.0308504	0.998927
1.1	0.999235	-0.00203691	-0.0390671	0.000846346	0.999535	-0.0304672	0.0391111	0.0304108	0.998772
1.13333	0.99897	-0.00440223	-0.0451635	0.00287649	0.999425	-0.0337922	0.0452863	0.0336275	0.998408
1.16667	0.998566	-0.00971249	-0.0526447	0.00812112	0.999506	-0.0303586	0.0529135	0.0298876	0.998152
1.2	0.998152	-0.0158378	-0.0586662	0.0143056	0.999548	-0.0264465	0.0590585	0.0255584	0.997927
1.23333	0.997798	-0.0205887	-0.0630475	0.0192375	0.999574	-0.021965	0.0634729	0.0207037	0.997769
1.26667	0.997271	-0.0246077	-0.0695996	0.0241112	0.999678	-0.00796556	0.0697732	0.0062657	0.997543
1.3	0.996553	-0.0259862	-0.0787772	0.0262371	0.999653	0.00215185	0.078694	-0.00421132	0.99689
1.33333	0.996068	-0.0255041	-0.0848437	0.0275413	0.999358	0.0229277	0.0842045	-0.0251742	0.99613
1.36667	0.99574	-0.0250341	-0.0887371	0.0284035	0.998915	0.0369139	0.0877167	-0.0392771	0.995371
1.4	0.995578	-0.024817	-0.0905994	0.0290012	0.998559	0.0451633	0.089348	-0.0475911	0.994863
1.43333	0.995554	-0.0229399	-0.0913596	0.027618	0.998354	0.0502745	0.0900559	-0.0525741	0.994548
1.46667	0.995018	-0.0197712	-0.0977163	0.0248834	0.998369	0.0513778	0.0965411	-0.0535534	0.993887
1.5	0.9941	-0.0180151	-0.106962	0.023719	0.99835	0.0522965	0.105844	-0.054525	0.992887
1.53333	0.993268	-0.0166487	-0.114634	0.0220135	0.998713	0.0456935	0.113726	-0.0479095	0.992356
1.56667	0.992777	-0.0142247	-0.119129	0.0183056	0.99928	0.0332319	0.118571	-0.0351726	0.992322
1.6	0.992986	-0.00872553	-0.117908	0.0100736	0.99989	0.0108426	0.117801	-0.0119543	0.992965
1.63333	0.993462	-0.00110899	-0.114159	-0.000743401	0.999869	-0.0161826	0.114162	0.0161616	0.993331
1.66667	0.993477	0.00577512	-0.113889	-0.0101778	0.999222	-0.0381145	0.11358	0.039025	0.992762
1.7	0.993139	0.00846072	-0.116632	-0.0143177	0.998673	-0.0494715	0.116059	0.050802	0.991942
1.73333	0.992654	0.00635084	-0.12082	-0.0125079	0.998657	-0.0502704	0.120339	0.0514123	0.991401
1.76667	0.992279	0.00323046	-0.123982	-0.00954327	0.998686	-0.050357	0.123657	0.0511514	0.991006
1.8	0.992521	0.00502684	-0.121967	-0.0119396	0.998359	-0.056013	0.121485	0.0570503	0.990952
1.83333	0.993254	0.00962733	-0.11556	-0.017503	0.997577	-0.0673324	0.114631	0.0689008	0.991016
1.86667	0.993848	0.013371	-0.109942	-0.022106	0.996659	-0.0786206	0.108523	0.0805673	0.990824
1.9	0.994344	0.0161184	-0.104974	-0.0255852	0.995661	-0.08947	0.103076	0.0916498	0.990442
1.93333	0.994913	0.0177229	-0.0991696	-0.027459	0.994838	-0.0976908	0.0969263	0.0999169	0.990264
1.96667	0.995539	0.0181553	-0.0925841	-0.0278331	0.994153	-0.104335	0.0901485	0.106447	0.990223
2	0.996153	0.0196729	-0.0853917	-0.0292059	0.993294	-0.111868	0.0826182	0.113932	0.990047
2.03333	0.996677	0.0233301	-0.0780388	-0.0325881	0.992293	-0.119549	0.0746483	0.121695	0.989757
2.06667	0.996951	0.0287235	-0.0725474	-0.0378834	0.991022	-0.128223	0.068213	0.13058	0.989088
2.1	0.997167	0.033973	-0.0671135	-0.0430164	0.98946	-0.138267	0.0617088	0.140762	0.988118
2.13333	0.997502	0.03635	-0.0605608	-0.0446761	0.988806	-0.142358	0.0547081	0.144709	0.987961
2.16667	0.998163	0.0332402	-0.0506569	-0.0396597	0.990522	-0.131507	0.0458055	0.133274	0.99002
2.2	0.998729	0.0289335	-0.0412691	-0.0334261	0.993068	-0.112692	0.0377224	0.113928	0.992773
2.23333	0.999004	0.0235385	-0.0379174	-0.0271096	0.994954	-0.0966008	0.0354522	0.0975324	0.994601
2.26667	0.998534	0.0167789	-0.0514714	-0.021056	0.996267	-0.0837125	0.0498747	0.0846735	0.99516
2.3	0.997874	0.0167546	-0.0629767	-0.0213321	0.997123	-0.0727306	0.0615769	0.0739194	0.995361
2.33333	0.99758	0.0164452	-0.067562	-0.0199115	0.998502	-0.0509569	0.0666229	0.0521788	0.996413
2.36667	0.997485	0.0142449	-0.0694386	-0.0162652	0.999458	-0.0286163	0.0689934	0.0296737	0.997176
2.4	0.997597	0.0113555	-0.0683466	-0.0122065	0.999853	-0.0120472	0.0681998	0.0128525	0.997589
2.43333	0.997983	0.00807762	-0.062968	-0.00789316	0.999964	0.00317757	0.0629914	-0.00267415	0.99801
2.46667	0.998551	0.0039944	-0.0536702	-0.00286061	0.999771	0.0211853	0.0537425	-0.021001	0.998334
2.5	0.999179	-0.000391537	-0.0405049	0.0020665	0.999144	0.0413185	0.040454	-0.0413683	0.998325
2.53333	0.999641	-0.000523199	-0.0267902	0.00195996	0.998559	0.0536321	0.0267235	-0.0536653	0.998201
2.56667	0.999605	0.00240642	-0.0279918	-0.000727265	0.998208	0.0598435	0.0280856	-0.0597995	0.997815
2.6	0.999576	0.00173721	-0.0290497	2.21503e-05	0.998171	0.0604541	0.0291016	-0.0604292	0.997748
2.63333	0.999726	4.03628e-05	-0.0234016	0.00122652	0.998534	0.0541196	0.0233695	-0.0541335	0.99826
2.66667	0.999878	-0.000479409	-0.0155973	0.00118625	0.998971	0.0453408	0.0155595	-0.0453537	0.99885
2.7	0.999944	0.00136744	-0.0104764	-0.000983408	0.99933	0.0365745	0.0105194	-0.0365622	0.999276
2.73333	0.999949	0.0020331	-0.00990579	-0.00171867	0.999498	0.0316473	0.00996515	-0.0316287	0.99945
2.76667	0.999851	0.00432986	-0.0167397	-0.00390281	0.999668	0.0254603	0.0168444	-0.0253911	0.999536
2.8	0.999668	0.0097607	-0.0238281	-0.00952549	0.999905	0.00996491	0.0239231	-0.00973463	0.999666
2.83333	0.999479	0.0137877	-0.0291803	-0.0141158	0.999839	-0.0110675	0.029023	0.0114736	0.999513
2.86667	0.999293	0.0147706	-0.0345627	-0.0158921	0.999349	-0.0324021	0.0340615	0.0329284	0.998877
2.9	0.999088	0.0154681	-0.0398032	-0.0174183	0.998641	-0.0491264	0.0389892	0.0497749	0.997999
2.93333	0.998946	0.0167976	-0.042728	-0.0193328	0.998033	-0.0596306	0.0416423	0.0603938	0.997306
2.96667	0.998874	0.0190447	-0.0434455	-0.0219304	0.997516	-0.0669427	0.0420626	0.0678201	0.99681
3	0.998824	0.0223392	-0.0430253	-0.0254048	0.997076	-0.0720761	0.0412893	0.0730844	0.996471
3.03333	0.998801	0.0265426	-0.0411421	-0.0295489	0.9968	-0.074275	0.039039	0.0754016	0.996389
3.06667	0.998786	0.0317655	-0.0376555	-0.0345222	0.996588	-0.0749744	0.0351454	0.0761833	0.996474
3.1	0.998835	0.034726	-0.0335189	-0.0370092	0.996854	-0.0700909	0.0309794	0.0712497	0.996977
3.13333	0.999074	0.0324234	-0.0282971	-0.0339636	0.997866	-0.0557627	0.0264287	0.0566721	0.998043
3.16667	0.999402	0.0268385	-0.0217861	-0.0276455	0.998909	-0.0376261	0.0207525	0.0382059	0.999054
3.2	0.999664	0.0209385	-0.0152484	-0.021375	0.999349	-0.0290475	0.0146302	0.0293637	0.999462
3.23333	0.999813	0.0139853	-0.0133703	-0.0143543	0.999507	-0.0279111	0.0129733	0.0280978	0.999521
3.26667	0.999733	0.0103526	-0.0206757	-0.0110155	0.99942	-0.0322116	0.0203302	0.0324307	0.999267
3.3	0.999699	0.0103084	-0.0222812	-0.010975	0.999489	-0.0300056	0.0219605	0.0302411	0.999301
3.33333	0.999689	0.0100964	-0.0227933	-0.0104136	0.99985	-0.0138424	0.0226501	0.0140755	0.999644
3.36667	0.99972	0.00908259	-0.0218456	-0.00894128	0.999939	0.00655758	0.0219038	-0.00636042	0.99974
3.4	0.999767	0.00718089	-0.0203509	-0.00663985	0.999626	0.0265296	0.0205338	-0.0263883	0.999441
3.43333	0.99981	0.00484003	-0.0188837	-0.00399222	0.998993	0.0446782	0.0190809	-0.0445943	0.998823
3.46667	0.999864	0.00246101	-0.0163275	-0.00150016	0.99828	0.0586019	0.0164436	-0.0585695	0.998148
3.5	0.999944	6.55158e-05	-0.010577	0.000658901	0.997653	0.0684716	0.0105567	-0.0684748	0.997597
3.53333	0.999967	0.00276294	-0.00770454	-0.00221159	0.997497	0.0706738	0.00788053	-0.0706544	0.99747
3.56667	0.999861	0.00400037	-0.0162105	-0.00284713	0.997504	0.0705499	0.0164523	-0.0704939	0.997377
3.6	0.999797	0.00266167	-0.0199849	-0.00134583	0.997847	0.0655688	0.0201164	-0.0655286	0.997648
3.63333	0.999859	0.00110311	-0.0167467	-0.000159939	0.998419	0.0562169	0.0167822	-0.0562063	0.998278
3.66667	0.999955	-6.90849e-05	-0.00952009	0.000525645	0.998849	0.0479634	0.00950582	-0.0479662	0.998804
3.7	0.999999	0.00097277	-0.00119954	-0.000920883	0.999095	0.0425231	0.00123982	-0.042522	0.999095
3.73333	0.999978	5.19832e-05	0.00659464	-0.000351236	0.99897	0.0453852	-0.00658549	-0.0453865	0.998948
3.76667	0.999974	0.00025659	0.00716779	-0.000638963	0.998573	0.0533948	-0.00714386	-0.053398	0.998548
3.8	0.999983	0.00468588	0.0035685	-0.00487041	0.998551	0.0535891	-0.00331222	-0.0536056	0.998557
3.83333	0.999963	0.00855871	-0.000716615	-0.00851676	0.998908	0.0459403	0.00110902	-0.0459325	0.998944
3.86667	0.999939	0.00941471	-0.00570838	-0.00922089	0.99941	0.0330787	0.00601644	-0.0330241	0.999436
3.9	0.999909	0.00886049	-0.0101599	-0.00867993	0.999806	0.0176807	0.0103146	-0.0175909	0.999792
3.93333	0.999881	0.00843515	-0.0129228	-0.00842664	0.999964	0.000712347	0.0129283	-0.000603367	0.999916
3.96667	0.999851	0.00851753	-0.0150417	-0.00875428	0.999838	-0.0157446	0.0149052	0.0158739	0.999763
4	0.999816	0.00956363	-0.0166331	-0.0101038	0.999414	-0.0326981	0.0163106	0.0328602	0.999327
4.03333	0.999787	0.0130673	-0.0159575	-0.0138319	0.998713	-0.0487875	0.0152995	0.0489978	0.998682
4.06667	0.999717	0.0196248	-0.0134645	-0.0204483	0.997738	-0.0640297	0.0121775	0.0642869	0.997857
4.1	0.999582	0.0269268	-0.0105009	-0.027657	0.996644	-0.0770397	0.00839119	0.0772979	0.996973
4.13333	0.999476	0.0315746	-0.00709693	-0.0320573	0.995995	-0.0834687	0.00443301	0.0836525	0.996485
4.16667	0.999521	0.0307174	-0.00364299	-0.0309099	0.996354	-0.0795167	0.00118717	0.0795913	0.996827
4.2	0.999647	0.0265792	-0.000140781	-0.0265231	0.997161	-0.0704661	-0.00173255	0.070445	0.997514
4.23333	0.999748	0.0220576	0.00417279	-0.0217656	0.997938	-0.0603819	-0.00549606	0.0602759	0.998167
4.26667	0.999838	0.0163444	0.00748768	-0.01597	0.998739	-0.047592	-0.00825611	0.0474647	0.998839
4.3	0.999938	0.0110869	-0.000815417	-0.0111082	0.999358	-0.0340613	0.00043726	0.0340683	0.999419
4.33333	0.999836	0.0123973	-0.0131739	-0.0126703	0.999702	-0.0208436	0.0129115	0.0210071	0.999696
4.36667	0.999679	0.0157746	-0.0198473	-0.0158027	0.999874	-0.00125832	0.0198249	0.00157155	0.999802
4.4	0.999561	0.0168377	-0.0243875	-0.0164247	0.99972	0.0170381	0.0246676	-0.0166301	0.999557
4.43333	0.99959	0.0145121	-0.0246688	-0.0137481	0.999429	0.0308651	0.0251026	-0.0305133	0.999219
4.46667	0.99976	0.0118124	-0.0184349	-0.0110718	0.999148	0.0397668	0.0188889	-0.0395532	0.999039
4.5	0.999906	0.00883939	-0.0104406	-0.00830047	0.998686	0.0505795	0.0108739	-0.0504881	0.998665
4.53333	0.999971	0.00687499	-0.00315566	-0.00667562	0.998215	0.0593492	0.00355805	-0.0593264	0.998232
4.56667	0.999966	0.00794826	0.00221777	-0.00806866	0.998109	0.0609432	-0.00172918	-0.060959	0.998139
4.6	0.999927	0.010925	-0.00507656	-0.010613	0.998267	0.0578782	0.00570008	-0.0578201	0.998311
4.63333	0.999857	0.00974242	-0.0138332	-0.008956	0.998401	0.0558166	0.0143549	-0.0556847	0.998345
4.66667	0.999824	0.00734291	-0.0172724	-0.00639948	0.998517	0.0540552	0.0176437	-0.0539352	0.998389
4.7	0.999862	0.00561869	-0.0156596	-0.00481515	0.998693	0.0508865	0.0159251	-0.0508041	0.998582
4.73333	0.999944	0.00418847	-0.00976168	-0.00371026	0.998816	0.0485017	0.00995327	-0.0484627	0.998775
4.76667	0.999993	0.00379133	0.000382602	-0.00380509	0.998896	0.0468186	-0.000204675	-0.0468197	0.998903
4.8	0.999932	0.00326867	0.01122	-0.00375954	0.999024	0.0440115	-0.0110652	-0.0440507	0.998968
4.83333	0.999873	-0.000348147	0.0159211	-0.000369355	0.998985	0.045041	-0.0159206	-0.0450412	0.998858
4.86667	0.99993	-0.00171203	0.0116733	0.00119788	0.999035	0.0439107	-0.0117372	-0.0438937	0.998967
4.9	0.999991	-0.00146763	0.00386837	0.00134987	0.999541	0.0302702	-0.00391101	-0.0302648	0.999534
4.93333	0.999994	-0.00136331	-0.00331773	0.0013922	0.999961	0.00872168	0.00330571	-0.00872624	0.999956
4.96667	0.999961	-0.00014272	-0.00878358	1.16256e-05	0.999889	-0.0149232	0.00878473	0.0149225	0.99985
5	0.999902	0.00167465	-0.013897	-0.00217282	0.999353	-0.0359094	0.0138279	0.0359361	0.999258
5.03333	0.999843	0.00403673	-0.0172376	-0.00489546	0.998734	-0.0500693	0.0170136	0.0501459	0.998597
5.06667	0.999835	0.00694472	-0.0167627	-0.00788394	0.998364	-0.0566311	0.016342	0.0567539	0.998254
5.1	0.999871	0.0090875	-0.0132198	-0.00983803	0.998276	-0.0578625	0.0126712	0.0579851	0.998237
5.13333	0.999917	0.0106859	-0.00717763	-0.0110793	0.998301	-0.0572102	0.00655409	0.057285	0.998336
5.16667	0.999908	0.0135061	-0.00122379	-0.0135557	0.998027	-0.061308	0.000393344	0.0613189	0.998118
5.2	0.999836	0.0179851	0.00192399	-0.0178071	0.997404	-0.0697688	-0.00317379	0.0697232	0.997561
5.23333	0.999736	0.0229046	0.0016403	-0.0226988	0.996508	-0.0803543	-0.00347505	0.0802959	0.996765
5.26667	0.999645	0.0266377	0.00111099	-0.0264463	0.996016	-0.0851587	-0.00337499	0.085099	0.996367
5.3	0.999531	0.0306217	0.000374094	-0.0304621	0.995429	-0.0905197	-0.00314425	0.0904659	0.995895
5.33333	0.999466	0.0326681	0.000356764	-0.0324883	0.994997	-0.0944705	-0.00344115	0.0944085	0.995528
