0	0	1	0	0	0	-1	-1	0	0
0.0333333	0.99434	-0.0875915	-0.0601331	0.0542475	0.905197	-0.421516	0.0913536	0.415868	0.904825
0.0666667	0.996655	-0.0659742	-0.0482331	0.0553679	0.979186	-0.195268	0.0601118	0.191944	0.979563
0.1	0.998109	-0.0484737	-0.037792	0.0461426	0.997114	-0.0602882	0.0406053	0.0584304	0.997465
0.133333	0.998752	-0.0369697	-0.0335955	0.0375817	0.999136	0.0177687	0.0329096	-0.0190091	0.999278
0.166667	0.99902	-0.0288402	-0.0335692	0.0308347	0.997692	0.0604952	0.031747	-0.061471	0.997604
0.2	0.999093	-0.0225571	-0.0361114	0.0255764	0.996013	0.085458	0.0340398	-0.0863041	0.995687
0.233333	0.99905	-0.0177468	-0.0398131	0.0216432	0.994785	0.0996745	0.0378366	-0.100441	0.994223
0.266667	0.998961	-0.0141828	-0.0433015	0.0187553	0.994073	0.107087	0.041526	-0.107788	0.993306
0.3	0.998957	-0.0117948	-0.0441216	0.0165866	0.993808	0.109866	0.0425526	-0.110483	0.992967
0.333333	0.999003	-0.00960999	-0.043598	0.0145028	0.993451	0.113338	0.0422233	-0.113857	0.9926
0.366667	0.999145	-0.00749219	-0.0406574	0.0122121	0.993043	0.117116	0.0394971	-0.117512	0.992286
0.4	0.999307	-0.0067107	-0.0365997	0.0110243	0.992837	0.118964	0.0355392	-0.119285	0.992224
0.433333	0.999459	-0.00675503	-0.0321938	0.0105666	0.992749	0.119739	0.0311515	-0.120015	0.992283
0.466667	0.999586	-0.00706332	-0.0278811	0.0104309	0.992407	0.122551	0.0268038	-0.122791	0.992071
0.5	0.999666	-0.00749528	-0.0247449	0.0106097	0.991687	0.128234	0.0235781	-0.128454	0.991435
0.533333	0.999741	-0.00865014	-0.0210556	0.011388	0.99097	0.1336	0.0197098	-0.133805	0.990812
0.566667	0.999803	-0.0109387	-0.0165815	0.0130269	0.991222	0.131567	0.0149967	-0.131757	0.991169
0.6	0.999794	-0.0123337	-0.0161024	0.014349	0.991182	0.131726	0.0143358	-0.13193	0.991155
0.633333	0.99979	-0.0127552	-0.0160272	0.0147963	0.990806	0.134477	0.0141645	-0.134686	0.990787
0.666667	0.999783	-0.0127217	-0.0164903	0.0148662	0.990427	0.137236	0.0145865	-0.137451	0.990401
0.7	0.999771	-0.0129856	-0.0170052	0.0152089	0.990326	0.137927	0.0150497	-0.138154	0.990296
0.733333	0.999757	-0.0135343	-0.0174243	0.0157708	0.990668	0.135385	0.0154293	-0.135626	0.99064
0.766667	0.99975	-0.0145845	-0.0169765	0.0166953	0.991149	0.131697	0.0149055	-0.131947	0.991145
0.8	0.999735	-0.01599	-0.0165543	0.0179516	0.991859	0.126068	0.0144037	-0.126332	0.991883
0.833333	0.999597	-0.0181682	-0.0218146	0.0203653	0.99425	0.105127	0.0197792	-0.105529	0.99422
0.866667	0.999582	-0.0196515	-0.0212199	0.0215649	0.995332	0.094067	0.0192723	-0.0944853	0.99534
0.9	0.999598	-0.0203969	-0.0196809	0.0220892	0.995697	0.0899951	0.0177606	-0.0903936	0.995748
0.933333	0.999614	-0.0212759	-0.0178538	0.0227348	0.996041	0.0859368	0.0159548	-0.0863096	0.996141
0.966667	0.999632	-0.0217537	-0.0162151	0.0230173	0.996341	0.0823129	0.0143651	-0.0826558	0.996475
1	0.999673	-0.0215263	-0.0137968	0.0225281	0.996767	0.0771215	0.012092	-0.0774071	0.996926
1.03333	0.999714	-0.0206568	-0.0120512	0.0214552	0.997289	0.0703889	0.0105645	-0.0706273	0.997447
1.06667	0.999764	-0.0187791	-0.0108885	0.0194334	0.997794	0.0634779	0.00967242	-0.0636745	0.997924
1.1	0.999829	-0.0158078	-0.00960265	0.0163066	0.998391	0.0543046	0.00872877	-0.0544519	0.998478
1.13333	0.999874	-0.0133991	-0.00855646	0.0137121	0.999197	0.0376371	0.00804529	-0.0377497	0.999255
1.16667	0.999877	-0.0125584	-0.009386	0.0126886	0.999822	0.0139381	0.00920929	-0.0140555	0.999859
1.2	0.999861	-0.0138902	-0.00923877	0.0138052	0.999862	-0.00920752	0.0093654	0.0090787	0.999915
1.23333	0.999773	-0.0203146	-0.00641484	0.0201938	0.999628	-0.0183588	0.0067854	0.0182251	0.999811
1.26667	0.999434	-0.0318922	-0.0107025	0.0318438	0.999482	-0.00465801	0.0108455	0.00431456	0.999932
1.3	0.998958	-0.0370819	-0.0265885	0.0375489	0.999145	0.0172864	0.0259247	-0.0182668	0.999497
1.33333	0.998858	-0.0340339	-0.0335436	0.0351249	0.998855	0.0324899	0.0323994	-0.033631	0.998909
1.36667	0.999022	-0.0315962	-0.030928	0.032617	0.99892	0.0330777	0.0298495	-0.0340541	0.998974
1.4	0.999405	-0.0292153	-0.0183152	0.0296629	0.999256	0.0246647	0.0175809	-0.0251933	0.999528
1.43333	0.999884	-0.0152138	0.000204528	0.0152097	0.999795	0.0133669	-0.000407848	-0.0133623	0.999911
1.46667	0.999949	0.00516936	0.00873096	-0.0052385	0.999955	0.00791528	-0.00868965	-0.00796061	0.999931
1.5	0.999854	0.0121488	0.0120213	-0.012198	0.999917	0.00403318	-0.0119713	-0.00417923	0.99992
1.53333	0.999766	0.0101513	0.0191031	-0.0101543	0.999948	5.86589e-05	-0.0191016	-0.000252624	0.999818
1.56667	0.999443	0.0061407	0.0328002	-0.00593428	0.999962	-0.00638694	-0.0328382	0.00618873	0.999442
1.6	0.998185	0.0013742	0.0601989	-0.000688383	0.999935	-0.0114118	-0.0602107	0.0113497	0.998121
1.63333	0.995718	-0.00796405	0.0921031	0.0091683	0.999878	-0.0126593	-0.0919911	0.0134495	0.995669
1.66667	0.992872	-0.0202258	0.117459	0.0210643	0.999761	-0.0059008	-0.117311	0.00833292	0.99306
1.7	0.990931	-0.034055	0.129984	0.0327046	0.999387	0.01251	-0.13033	-0.00814551	0.991437
1.73333	0.991138	-0.0507354	0.122762	0.0479216	0.998519	0.0257672	-0.123887	-0.0196559	0.992102
1.76667	0.993148	-0.0606577	0.099893	0.0571808	0.997666	0.0373115	-0.101923	-0.0313439	0.994298
1.8	0.995834	-0.0534376	0.0738831	0.0494212	0.997254	0.0551616	-0.0766279	-0.0512804	0.99574
1.83333	0.998088	-0.0364259	0.0499363	0.0321596	0.99597	0.0837262	-0.0527849	-0.0819601	0.995237
1.86667	0.999589	-0.0184652	0.0219466	0.0157304	0.992789	0.118839	-0.0239827	-0.118445	0.992671
1.9	0.999944	-0.000614715	-0.0105338	0.00215577	0.989146	0.146918	0.0103292	-0.146933	0.989093
1.93333	0.998709	0.0115102	-0.0494766	-0.00395456	0.988652	0.150174	0.0506437	-0.149785	0.987421
1.96667	0.995639	0.0171478	-0.0917035	-0.00469088	0.990921	0.134365	0.093175	-0.133349	0.98668
2	0.991374	0.0198793	-0.129546	-0.00494877	0.993403	0.11457	0.130969	-0.112941	0.984932
2.03333	0.986912	0.0249125	-0.159326	-0.00867676	0.994767	0.101797	0.161029	-0.099082	0.981964
2.06667	0.982278	0.0355659	-0.184025	-0.017396	0.994893	0.0994241	0.186621	-0.0944608	0.97788
2.1	0.978733	0.0451816	-0.200103	-0.024448	0.994182	0.104899	0.203678	-0.0977762	0.974143
2.13333	0.978034	0.0420978	-0.20415	-0.0195417	0.993598	0.111271	0.207527	-0.104837	0.972595
2.16667	0.981752	0.0247133	-0.188552	-0.00298285	0.993399	0.114673	0.190141	-0.112018	0.975345
2.2	0.987517	0.00728788	-0.157346	0.0104465	0.9937	0.111589	0.157168	-0.111839	0.981219
2.23333	0.992426	-0.0244309	-0.120393	0.0361265	0.994731	0.0959411	0.117415	-0.0995638	0.988079
2.26667	0.991982	-0.0538095	-0.114352	0.0637606	0.99432	0.0852237	0.109116	-0.0918316	0.989778
2.3	0.993774	-0.0528281	-0.0980915	0.0612142	0.994537	0.0845493	0.0930891	-0.0900275	0.991579
2.33333	0.996348	-0.0435749	-0.0734234	0.0512076	0.9931	0.105503	0.0683194	-0.108878	0.991705
2.36667	0.998181	-0.0411138	-0.0440916	0.0464162	0.99083	0.126894	0.0384702	-0.12871	0.990936
2.4	0.999103	-0.0412492	-0.00953898	0.0421918	0.988753	0.143484	0.00351311	-0.143758	0.989607
2.43333	0.998806	-0.0428798	0.023414	0.0390846	0.988854	0.14367	-0.0293136	-0.142583	0.989349
2.46667	0.997243	-0.0489284	0.0557928	0.0416723	0.991342	0.12452	-0.0614023	-0.121852	0.990647
2.5	0.994372	-0.0498735	0.0934701	0.0407573	0.994447	0.0970215	-0.0977899	-0.0926659	0.990884
2.53333	0.989931	-0.02802	0.138746	0.0190241	0.997655	0.0657439	-0.140263	-0.0624424	0.988143
2.56667	0.987944	-0.00190133	0.154801	-0.00566772	0.99881	0.0484392	-0.154709	-0.0487326	0.986757
2.6	0.986436	-0.00136614	0.164138	-0.0052348	0.999195	0.0397765	-0.16406	-0.0400962	0.985635
2.63333	0.982629	-0.0103697	0.185291	0.0048869	0.999537	0.0300226	-0.185517	-0.0285956	0.982225
2.66667	0.977856	-0.02272	0.208043	0.0171252	0.999443	0.0286544	-0.208578	-0.0244571	0.9777
2.7	0.975016	-0.0380725	0.218849	0.0302814	0.998786	0.0388461	-0.220063	-0.0312485	0.974985
2.73333	0.976383	-0.0557135	0.20874	0.0436693	0.997128	0.0618741	-0.211588	-0.0512973	0.976012
2.76667	0.983375	-0.0621225	0.170629	0.0503501	0.996098	0.0724794	-0.174465	-0.0626833	0.982666
2.8	0.990335	-0.0515109	0.128776	0.041609	0.99605	0.0784361	-0.132308	-0.0723197	0.988567
2.83333	0.995756	-0.0331057	0.0858759	0.0254735	0.995751	0.0884953	-0.0884407	-0.0859321	0.992368
2.86667	0.999072	-0.0185437	0.0388835	0.0138604	0.992985	0.117429	-0.0407883	-0.116781	0.99232
2.9	0.999915	-0.00256983	-0.0128176	0.00442823	0.989105	0.147142	0.0122999	-0.147186	0.989032
2.93333	0.997653	0.0132069	-0.0671896	-0.00221225	0.986928	0.161144	0.0684396	-0.160617	0.984641
2.96667	0.992417	0.0265774	-0.120011	-0.00677174	0.986684	0.162511	0.122732	-0.160466	0.979381
3	0.984705	0.0332729	-0.171021	-0.00758673	0.988853	0.148703	0.174062	-0.145131	0.973981
3.03333	0.976158	0.0418942	-0.212978	-0.0119546	0.990084	0.139964	0.21673	-0.134081	0.96698
3.06667	0.967858	0.0560423	-0.245172	-0.0220744	0.990024	0.13916	0.250525	-0.129276	0.95944
3.1	0.960613	0.0685155	-0.26931	-0.0289158	0.988512	0.148347	0.276381	-0.134717	0.951559
3.13333	0.958181	0.0688067	-0.277769	-0.0231081	0.986097	0.164555	0.28523	-0.151255	0.946449
3.16667	0.962132	0.0592671	-0.266064	-0.0103648	0.983325	0.18156	0.272388	-0.171927	0.946703
3.2	0.971354	0.0375763	-0.234648	0.00652223	0.982832	0.184389	0.237549	-0.180637	0.954432
3.23333	0.978732	-0.00104482	-0.205139	0.0344474	0.986625	0.159326	0.202229	-0.163004	0.965678
3.26667	0.980342	-0.0265201	-0.195515	0.0496135	0.99222	0.114183	0.190965	-0.121638	0.974031
3.3	0.984531	-0.0389166	-0.170834	0.0516497	0.996157	0.070733	0.167425	-0.0784623	0.982758
3.33333	0.98908	-0.0423228	-0.141171	0.0500933	0.997393	0.0519497	0.138604	-0.0584541	0.988621
3.36667	0.993644	-0.0457128	-0.102868	0.0515347	0.997174	0.0546677	0.100078	-0.0596215	0.993192
3.4	0.997013	-0.04714	-0.0611759	0.0512999	0.996344	0.0683117	0.057732	-0.071246	0.995787
3.43333	0.99858	-0.0495858	-0.019472	0.0510265	0.995307	0.0822176	0.0153038	-0.0830944	0.996424
3.46667	0.99815	-0.0555402	0.0247175	0.0533659	0.995259	0.0813099	-0.0291162	-0.0798404	0.996382
3.5	0.995298	-0.0566731	0.0785449	0.0508295	0.995925	0.0745	-0.082447	-0.0701573	0.994123
3.53333	0.990669	-0.029404	0.13308	0.0210636	0.99775	0.0636518	-0.134653	-0.0602547	0.989059
3.56667	0.987568	-0.012367	0.156705	0.00475716	0.998795	0.0488436	-0.15712	-0.0474909	0.986437
3.6	0.983808	-0.011574	0.178854	0.00708337	0.999644	0.0257258	-0.179088	-0.0240424	0.983539
3.63333	0.97729	-0.0176456	0.211171	0.0154847	0.999809	0.0118824	-0.21134	-0.00834261	0.977377
3.66667	0.969827	-0.0268028	0.242316	0.0253769	0.999637	0.00900389	-0.242469	-0.00258298	0.970156
3.7	0.964931	-0.0391775	0.259564	0.0331534	0.999071	0.0275478	-0.260402	-0.0179763	0.965333
3.73333	0.964996	-0.0579582	0.255778	0.0430173	0.997046	0.063631	-0.258711	-0.0504008	0.964639
3.76667	0.972615	-0.068656	0.222049	0.05079	0.995069	0.0851987	-0.226803	-0.0715877	0.971306
3.8	0.982196	-0.0606604	0.177796	0.0475253	0.99588	0.0772305	-0.181748	-0.0674057	0.981032
3.83333	0.99016	-0.047346	0.131685	0.0394628	0.997305	0.0618444	-0.134258	-0.0560393	0.989361
3.86667	0.995938	-0.0377637	0.0817374	0.0321538	0.997106	0.0688938	-0.0841025	-0.0659858	0.99427
3.9	0.999221	-0.0271457	0.0286566	0.0242358	0.994948	0.097419	-0.0311563	-0.0966486	0.994831
3.93333	0.999603	-0.0128555	-0.025086	0.0160628	0.991098	0.132162	0.0231637	-0.132512	0.990911
3.96667	0.996868	0.000795297	-0.0790807	0.0116295	0.987605	0.15653	0.078225	-0.156959	0.984502
4	0.991712	0.00985943	-0.128104	0.0119654	0.985631	0.168487	0.127925	-0.168624	0.977344
4.03333	0.985555	0.0159493	-0.168601	0.0125681	0.985922	0.166733	0.168887	-0.166443	0.97148
4.06667	0.979236	0.0292681	-0.200599	0.00484504	0.985861	0.167492	0.202665	-0.164986	0.965249
4.1	0.972857	0.0479255	-0.226388	-0.00713961	0.984069	0.177643	0.231295	-0.171205	0.957701
4.13333	0.968943	0.059633	-0.239985	-0.0108611	0.979814	0.199618	0.247045	-0.190812	0.950031
4.16667	0.969733	0.0582359	-0.237122	-0.0028799	0.973801	0.227383	0.244152	-0.219817	0.944495
4.2	0.974281	0.0481061	-0.220142	0.0082784	0.968646	0.248309	0.225185	-0.243745	0.943335
4.23333	0.980474	0.0288722	-0.194516	0.0195414	0.969962	0.242472	0.195674	-0.241539	0.950458
4.26667	0.985933	-0.0011069	-0.16714	0.0360435	0.977859	0.206139	0.163211	-0.209263	0.964143
4.3	0.986717	-0.0333335	-0.158989	0.0593655	0.985017	0.161916	0.15121	-0.169204	0.973913
4.33333	0.987825	-0.0410057	-0.150066	0.0617372	0.988754	0.136214	0.142792	-0.14382	0.979248
4.36667	0.991331	-0.0348565	-0.126682	0.0528039	0.988571	0.141204	0.120313	-0.146669	0.981842
4.4	0.995223	-0.031231	-0.0925001	0.045842	0.986001	0.160316	0.0861983	-0.16379	0.982722
4.43333	0.998127	-0.0330931	-0.0514485	0.0416935	0.983455	0.17629	0.0447633	-0.178105	0.982993
4.46667	0.999075	-0.0412499	-0.0121645	0.0427221	0.984404	0.170658	0.00493514	-0.17102	0.985255
4.5	0.998427	-0.0498253	0.0257003	0.0453386	0.987244	0.152622	-0.0329769	-0.151217	0.98795
4.53333	0.996279	-0.0519743	0.0687547	0.0421827	0.989686	0.136901	-0.0751609	-0.133491	0.988196
4.56667	0.992151	-0.0375195	0.119284	0.0226507	0.992068	0.123645	-0.122977	-0.119973	0.985131
4.6	0.989061	-0.0160191	0.146637	-7.01735e-05	0.994035	0.109065	-0.147509	-0.107882	0.983159
4.63333	0.986813	-0.01376	0.161278	-0.00161918	0.995491	0.0948416	-0.161855	-0.0938521	0.982341
4.66667	0.983776	-0.0157785	0.178707	0.00218381	0.997104	0.0760149	-0.179389	-0.0743914	0.980962
4.7	0.979518	-0.01949	0.200411	0.00697686	0.997992	0.0629554	-0.201235	-0.0602677	0.977687
4.73333	0.973838	-0.0251974	0.225843	0.0104038	0.997735	0.0664566	-0.227006	-0.0623683	0.971894
4.76667	0.967886	-0.031491	0.249408	0.0118493	0.996735	0.0798669	-0.251108	-0.0743468	0.9651
4.8	0.963971	-0.0419858	0.262672	0.0152404	0.99456	0.103041	-0.26557	-0.0953256	0.959367
4.83333	0.96796	-0.0525598	0.24554	0.0261297	0.993623	0.109685	-0.24974	-0.0997547	0.963161
4.86667	0.979085	-0.0506273	0.197052	0.03415	0.995698	0.0861383	-0.200565	-0.0776074	0.976602
4.9	0.989398	-0.0386294	0.140001	0.0306337	0.997798	0.058824	-0.141965	-0.0539115	0.988402
4.93333	0.99641	-0.0244385	0.0810578	0.0203682	0.998508	0.0506669	-0.0821751	-0.048834	0.995421
4.96667	0.999638	-0.0124931	0.023829	0.0107509	0.997355	0.07189	-0.0246641	-0.0716078	0.997128
5	0.999402	0.000198279	-0.0345715	0.00350748	0.994242	0.107098	0.0343937	-0.107155	0.993647
5.03333	0.995587	0.0107314	-0.0932241	0.0030919	0.989149	0.146885	0.0937887	-0.146525	0.984751
5.06667	0.989078	0.0228837	-0.145609	0.00492131	0.982197	0.18779	0.147314	-0.186455	0.971356
5.1	0.981649	0.0309173	-0.188172	0.013746	0.97273	0.231532	0.190199	-0.22987	0.954455
5.13333	0.976309	0.0369466	-0.213204	0.0280072	0.955449	0.293823	0.214561	-0.292833	0.931779
5.16667	0.97594	0.0444799	-0.213455	0.0436236	0.919345	0.391026	0.213631	-0.39093	0.895285
5.2	0.983072	0.0528157	-0.175441	0.0500012	0.843865	0.53422	0.176264	-0.533949	0.82694
5.23333	0.991105	0.0526017	-0.122248	0.0414896	0.750668	0.659375	0.126452	-0.658582	0.741808
5.26667	0.995476	0.0482406	-0.0818564	0.0266315	0.685321	0.727754	0.0912052	-0.726641	0.680936
5.3	0.997388	0.0431899	-0.0578982	0.0155188	0.654707	0.755723	0.070546	-0.754648	0.652327
5.33333	0.998251	0.0350233	-0.0476302	0.0131081	0.654474	0.755971	0.0576493	-0.755273	0.65287
