0	0.988408	0.148581	-0.0312048	-0.148518	0.9889	0.00434712	0.0315044	0.000337762	0.999504
0.0333333	0.165589	0.326482	0.930586	-0.23775	0.928997	-0.28362	-0.957108	-0.174283	0.231453
0.0666667	0.138472	0.304515	0.942389	-0.219837	0.937267	-0.270558	-0.965659	-0.169707	0.196729
0.1	0.13948	0.289043	0.9471	-0.218415	0.941874	-0.255282	-0.965837	-0.171254	0.194504
0.133333	0.140651	0.281779	0.949114	-0.223686	0.942901	-0.246785	-0.964459	-0.177593	0.19565
0.166667	0.140257	0.280217	0.949635	-0.231425	0.941826	-0.243733	-0.962689	-0.185584	0.196947
0.2	0.139055	0.281803	0.949342	-0.238748	0.939918	-0.244035	-0.961074	-0.192719	0.19798
0.233333	0.137445	0.28549	0.948475	-0.245137	0.937579	-0.246687	-0.959696	-0.1986	0.198849
0.266667	0.136232	0.290057	0.947263	-0.250574	0.935176	-0.250319	-0.958464	-0.203258	0.200081
0.3	0.135618	0.294852	0.94587	-0.25455	0.933012	-0.254347	-0.957503	-0.206278	0.201588
0.333333	0.136067	0.299132	0.944461	-0.256526	0.931452	-0.258054	-0.956912	-0.207166	0.203475
0.366667	0.136468	0.303059	0.94315	-0.258719	0.929919	-0.261373	-0.956264	-0.208342	0.205311
0.4	0.135986	0.306925	0.941969	-0.262614	0.927956	-0.264447	-0.95527	-0.211413	0.206792
0.433333	0.135054	0.311159	0.940713	-0.267268	0.92566	-0.26781	-0.954111	-0.215254	0.208177
0.466667	0.13368	0.315842	0.939347	-0.270698	0.923447	-0.271972	-0.953337	-0.217923	0.208944
0.5	0.13373	0.320147	0.937882	-0.273248	0.921609	-0.27563	-0.952603	-0.219414	0.210727
0.533333	0.13399	0.323989	0.936524	-0.275891	0.919879	-0.278758	-0.951804	-0.221028	0.212641
0.566667	0.13389	0.328059	0.935121	-0.279705	0.917761	-0.281921	-0.950704	-0.223811	0.214639
0.6	0.134101	0.331445	0.933896	-0.284461	0.915621	-0.284112	-0.949262	-0.227557	0.217069
0.633333	0.134474	0.333592	0.933077	-0.288971	0.913903	-0.285091	-0.947846	-0.231295	0.219294
0.666667	0.133731	0.335388	0.93254	-0.290396	0.912948	-0.286698	-0.947516	-0.232466	0.219485
0.7	0.132771	0.337113	0.932055	-0.289892	0.912467	-0.288733	-0.947805	-0.23186	0.218876
0.733333	0.131317	0.338351	0.931812	-0.290528	0.911816	-0.290148	-0.947813	-0.232616	0.218037
0.766667	0.133753	0.340647	0.930629	-0.293324	0.910598	-0.291157	-0.94661	-0.234032	0.221715
0.8	0.132648	0.343167	0.929861	-0.294576	0.90941	-0.293597	-0.946377	-0.23497	0.22172
0.833333	0.134184	0.345244	0.928871	-0.298821	0.907812	-0.29425	-0.944829	-0.238082	0.22498
0.866667	0.134561	0.346866	0.928212	-0.299487	0.907159	-0.295583	-0.944564	-0.238214	0.22595
0.9	0.133835	0.347271	0.928166	-0.300124	0.906811	-0.296005	-0.944465	-0.238949	0.225587
0.933333	0.134386	0.346514	0.928369	-0.301278	0.906804	-0.294853	-0.944019	-0.240073	0.226258
0.966667	0.136314	0.345085	0.92862	-0.300847	0.907521	-0.293083	-0.94388	-0.239421	0.227526
1	0.141453	0.344039	0.928239	-0.297465	0.909106	-0.291617	-0.944196	-0.234868	0.230935
1.03333	0.144724	0.342506	0.928302	-0.289847	0.911699	-0.291193	-0.946068	-0.226923	0.231219
1.06667	0.149093	0.339385	0.928757	-0.278882	0.915557	-0.289792	-0.948681	-0.215808	0.231151
1.1	0.148911	0.334233	0.930652	-0.265381	0.920128	-0.28799	-0.952575	-0.204092	0.225716
1.13333	0.141728	0.324271	0.935287	-0.254667	0.924967	-0.282102	-0.956587	-0.198205	0.213674
1.16667	0.125524	0.296445	0.946765	-0.243937	0.934238	-0.260181	-0.961633	-0.198292	0.189584
1.2	0.093131	0.218608	0.971358	-0.258746	0.947393	-0.188407	-0.961445	-0.233789	0.144796
1.23333	0.052886	0.0541061	0.997134	-0.356741	0.933664	-0.0317413	-0.932705	-0.354039	0.0686797
1.26667	0.0569204	-0.191664	0.979809	-0.590344	0.784988	0.187849	-0.805142	-0.589117	-0.0684656
1.3	0.153265	-0.330761	0.931186	-0.780846	0.536985	0.31926	-0.605631	-0.776044	-0.175973
1.33333	0.212439	-0.367011	0.905634	-0.840779	0.403628	0.360798	-0.497956	-0.838085	-0.222829
1.36667	0.214952	-0.400422	0.890763	-0.823463	0.416065	0.385744	-0.525075	-0.816427	-0.240299
1.4	0.188079	-0.466138	0.864489	-0.743806	0.507205	0.435311	-0.641389	-0.724885	-0.251321
1.43333	0.127965	-0.531014	0.837645	-0.551375	0.663947	0.505133	-0.824385	-0.526496	-0.207826
1.46667	0.0434038	-0.497815	0.866196	-0.287187	0.824202	0.488071	-0.956891	-0.269945	-0.107193
1.5	0.0365128	-0.403529	0.914238	-0.148696	0.90247	0.404273	-0.988209	-0.150705	-0.0270515
1.53333	0.114095	-0.305066	0.945472	-0.163362	0.932971	0.320746	-0.979947	-0.191049	0.0566111
1.56667	0.184874	-0.197838	0.962643	-0.206908	0.949737	0.234922	-0.960735	-0.242609	0.134647
1.6	0.18164	-0.141673	0.973106	-0.192957	0.965195	0.176539	-0.964248	-0.219834	0.147981
1.63333	0.0745586	-0.142041	0.987049	-0.174844	0.972609	0.15317	-0.981769	-0.184	0.0476814
1.66667	0.0623829	-0.160958	0.984988	-0.16539	0.971598	0.169245	-0.984253	-0.173466	0.0339901
1.7	0.0747206	-0.163378	0.98373	-0.193512	0.96536	0.175026	-0.978248	-0.203441	0.0405166
1.73333	0.0536051	-0.123576	0.990886	-0.157461	0.978852	0.130594	-0.986069	-0.163026	0.0330131
1.76667	0.0870264	-0.0789974	0.993069	-0.200111	0.975146	0.0951081	-0.975901	-0.207001	0.0690552
1.8	0.0950847	-0.0341197	0.994884	-0.191757	0.980067	0.0519385	-0.976826	-0.195714	0.0866467
1.83333	0.125653	0.00460477	0.992064	-0.193649	0.980868	0.0199744	-0.972991	-0.194622	0.124141
1.86667	0.161684	0.0447089	0.985829	-0.202184	0.979283	-0.0112522	-0.965909	-0.197499	0.167374
1.9	0.177559	0.0948524	0.979528	-0.207072	0.976662	-0.0570389	-0.962078	-0.192705	0.193057
1.93333	0.196087	0.148558	0.969268	-0.230915	0.967655	-0.101596	-0.95301	-0.203896	0.224048
1.96667	0.20642	0.202025	0.95738	-0.245558	0.957835	-0.149176	-0.947149	-0.204299	0.247325
2	0.221108	0.246593	0.943559	-0.268773	0.945445	-0.184104	-0.937482	-0.212897	0.275323
2.03333	0.224969	0.270445	0.936081	-0.266163	0.941227	-0.207965	-0.937308	-0.202365	0.28373
2.06667	0.216804	0.273543	0.937108	-0.249111	0.943661	-0.217823	-0.943896	-0.186219	0.272732
2.1	0.183583	0.258548	0.948393	-0.236213	0.948125	-0.212751	-0.954202	-0.184965	0.235132
2.13333	0.131303	0.234245	0.96327	-0.25518	0.946926	-0.195487	-0.957937	-0.220139	0.184109
2.16667	0.0385459	0.184014	0.982168	-0.298446	0.940156	-0.16443	-0.953648	-0.286786	0.0911573
2.2	-0.130042	0.0758644	0.988602	-0.359059	0.92579	-0.118276	-0.924211	-0.370347	-0.0931522
2.23333	-0.377794	-0.168624	0.910405	-0.539298	0.839338	-0.0683326	-0.752615	-0.516795	-0.408035
2.26667	-0.449115	-0.412933	0.792327	-0.802076	0.577051	-0.153903	-0.393662	-0.704626	-0.590366
2.3	-0.499763	-0.351204	0.791766	-0.817194	0.494185	-0.296607	-0.287109	-0.795259	-0.533977
2.33333	-0.367488	-0.261525	0.8925	-0.886812	0.387671	-0.251549	-0.28021	-0.883921	-0.374388
2.36667	-0.211948	-0.200249	0.956545	-0.945321	0.290275	-0.148693	-0.247885	-0.935757	-0.250822
2.4	-0.116957	-0.0995828	0.988132	-0.952259	0.293762	-0.0831058	-0.282	-0.950677	-0.129186
2.43333	-0.0144354	-0.028552	0.999488	-0.956436	0.291891	-0.0054753	-0.291585	-0.956025	-0.0315217
2.46667	0.0783541	-0.0245903	0.996622	-0.953074	0.291387	0.0821199	-0.292422	-0.956289	-0.000605013
2.5	0.107433	-0.100358	0.989134	-0.900214	0.412455	0.139623	-0.421986	-0.905433	-0.0460325
2.53333	0.000886163	-0.181316	0.983424	-0.664006	0.735227	0.136154	-0.747727	-0.65312	-0.119743
2.56667	0.013407	-0.0925072	0.995622	-0.311479	0.945782	0.0920708	-0.950159	-0.311349	-0.0161339
2.6	0.143713	0.00643771	0.989599	-0.245076	0.969061	0.0292866	-0.958793	-0.246736	0.140844
2.63333	0.159623	0.0563165	0.98557	-0.234039	0.972067	-0.01764	-0.959034	-0.227846	0.168345
2.66667	0.0602046	0.0499303	0.996936	-0.209712	0.97709	-0.0362719	-0.975908	-0.206885	0.0692963
2.7	-0.00482796	-0.00409182	0.99998	-0.186308	0.982486	0.00312074	-0.98248	-0.186289	-0.00550574
2.73333	-0.0103334	-0.0478733	0.9988	-0.189452	0.980856	0.0450532	-0.981836	-0.188759	-0.0192052
2.76667	-0.0179037	-0.0478834	0.998692	-0.155838	0.986779	0.0445185	-0.98762	-0.154837	-0.0251291
2.8	0.017378	-0.044509	0.998858	-0.151598	0.987342	0.0466333	-0.98829	-0.152235	0.0104106
2.83333	0.0572423	-0.0228193	0.998099	-0.139611	0.989732	0.0306348	-0.988551	-0.141099	0.0534688
2.86667	0.0975019	0.0136604	0.995142	-0.153277	0.988182	0.00145284	-0.983361	-0.152674	0.0984434
2.9	0.122651	0.061484	0.990543	-0.178539	0.983163	-0.0389187	-0.976258	-0.172078	0.131563
2.93333	0.145822	0.112338	0.982912	-0.209787	0.974448	-0.0802475	-0.966812	-0.1945	0.165663
2.96667	0.164478	0.161771	0.973025	-0.240457	0.963275	-0.119504	-0.956623	-0.214315	0.197336
3	0.180242	0.202734	0.962503	-0.262115	0.953046	-0.151658	-0.948055	-0.224951	0.224918
3.03333	0.185068	0.227765	0.955967	-0.267876	0.947626	-0.173919	-0.945512	-0.223894	0.236388
3.06667	0.172512	0.237831	0.955864	-0.262997	0.946305	-0.187988	-0.949248	-0.218959	0.225798
3.1	0.144411	0.233778	0.961506	-0.271707	0.94371	-0.188643	-0.951483	-0.234006	0.199801
3.13333	0.0954465	0.21988	0.970846	-0.302086	0.935703	-0.182222	-0.948491	-0.275886	0.155732
3.16667	0.00543168	0.17841	0.983941	-0.350846	0.921747	-0.165196	-0.936417	-0.344314	0.0676011
3.2	-0.161038	0.0552935	0.985398	-0.450668	0.884141	-0.123262	-0.878046	-0.463937	-0.117461
3.23333	-0.361523	-0.217477	0.906645	-0.702734	0.702633	-0.111673	-0.612752	-0.677503	-0.406847
3.26667	-0.417204	-0.326162	0.848268	-0.86071	0.441442	-0.253588	-0.291751	-0.835911	-0.464902
3.3	-0.404963	-0.196708	0.892923	-0.863668	0.402867	-0.302944	-0.300138	-0.89387	-0.333037
3.33333	-0.266491	-0.0867141	0.959929	-0.909903	0.351121	-0.220885	-0.317897	-0.932306	-0.172472
3.36667	-0.157715	-0.00793817	0.987453	-0.933979	0.325891	-0.146554	-0.320639	-0.945374	-0.058812
3.4	-0.100841	0.079039	0.991758	-0.928998	0.349293	-0.122296	-0.356081	-0.933674	0.0382042
3.43333	-0.0106713	0.110991	0.993764	-0.946598	0.319145	-0.0458095	-0.32224	-0.941184	0.101659
3.46667	0.0765461	0.0760268	0.994163	-0.944602	0.324704	0.0478989	-0.319168	-0.942755	0.0966699
3.5	0.0793306	-0.0401637	0.996039	-0.872101	0.48119	0.0888626	-0.482853	-0.875696	0.00314632
3.53333	-0.0268674	-0.098565	0.994768	-0.557733	0.827319	0.0669099	-0.829586	-0.553017	-0.0772009
3.56667	0.0461288	-0.0107373	0.998878	-0.262128	0.964771	0.0224759	-0.96393	-0.262871	0.0416892
3.6	0.165599	0.0672	0.983901	-0.22532	0.973865	-0.0285912	-0.960108	-0.216958	0.176413
3.63333	0.173861	0.111992	0.978381	-0.231257	0.970373	-0.0699806	-0.957232	-0.214091	0.194609
3.66667	0.0742958	0.0716523	0.994659	-0.186518	0.980813	-0.056723	-0.979638	-0.181307	0.0862347
3.7	-0.0453296	0.0217692	0.998735	-0.190254	0.981276	-0.0300238	-0.980688	-0.191374	-0.0403391
3.73333	-0.0149213	-0.0238957	0.999603	-0.206755	0.978182	0.0202974	-0.978279	-0.20637	-0.0195363
3.76667	-0.0473174	-0.0150519	0.998766	-0.145291	0.989356	0.00802683	-0.988257	-0.144732	-0.0490006
3.8	-0.00104834	-0.0190626	0.999818	-0.150891	0.988374	0.0186862	-0.98855	-0.150844	-0.00391253
3.83333	0.0305451	0.00563993	0.999517	-0.124435	0.992226	-0.00179606	-0.991757	-0.12432	0.0310095
3.86667	0.0822189	0.0393906	0.995836	-0.151273	0.988134	-0.0265965	-0.985067	-0.148456	0.087202
3.9	0.116549	0.0864354	0.989417	-0.173731	0.982621	-0.0653769	-0.977872	-0.164273	0.12954
3.93333	0.140225	0.134807	0.9809	-0.199081	0.974294	-0.105439	-0.969899	-0.180493	0.163458
3.96667	0.155015	0.176676	0.971986	-0.222936	0.964755	-0.139808	-0.962429	-0.195019	0.188939
4	0.166935	0.212638	0.962766	-0.247036	0.954342	-0.167944	-0.954519	-0.209802	0.211843
4.03333	0.177355	0.241817	0.953976	-0.275503	0.942785	-0.187761	-0.944798	-0.229523	0.233829
4.06667	0.174817	0.25916	0.949882	-0.276216	0.938906	-0.20533	-0.945063	-0.226478	0.235721
4.1	0.167739	0.259203	0.951145	-0.268788	0.940286	-0.208842	-0.948481	-0.220626	0.227394
4.13333	0.143992	0.25031	0.957398	-0.279623	0.938345	-0.203274	-0.949251	-0.238441	0.205106
4.16667	0.0993216	0.238042	0.966163	-0.322738	0.92618	-0.195013	-0.941263	-0.292449	0.168815
4.2	0.0193019	0.204759	0.978622	-0.368138	0.911493	-0.183453	-0.929571	-0.356727	0.0929733
4.23333	-0.133358	0.105512	0.985435	-0.42747	0.890947	-0.153244	-0.894139	-0.44168	-0.0737121
4.26667	-0.353935	-0.115695	0.928087	-0.582562	0.803579	-0.121991	-0.731677	-0.583845	-0.351814
4.3	-0.427791	-0.379113	0.820529	-0.822161	0.540392	-0.178961	-0.375561	-0.751166	-0.542867
4.33333	-0.420831	-0.335176	0.842946	-0.882417	0.366714	-0.294722	-0.210336	-0.867858	-0.45009
4.36667	-0.325657	-0.181472	0.927909	-0.907651	0.334861	-0.253058	-0.264797	-0.924628	-0.273763
4.4	-0.180153	-0.0829892	0.980131	-0.937559	0.315895	-0.14558	-0.297537	-0.945158	-0.134717
4.43333	-0.091202	0.0200082	0.995631	-0.934999	0.342368	-0.0925281	-0.342723	-0.939353	-0.012517
4.46667	-0.00908669	0.0909078	0.995818	-0.941851	0.333751	-0.0390623	-0.335907	-0.938267	0.082589
4.5	0.078553	0.0945718	0.992414	-0.942584	0.331184	0.0430487	-0.3246	-0.938815	0.115157
4.53333	0.0991129	0.0244387	0.994776	-0.901695	0.425019	0.0793974	-0.420859	-0.904854	0.0641612
4.56667	0.0368925	-0.0599008	0.997522	-0.728179	0.682017	0.0678859	-0.684393	-0.728879	-0.0184572
4.6	0.0375999	-0.00549977	0.999278	-0.445882	0.894829	0.0217022	-0.894302	-0.446376	0.0311933
4.63333	0.154906	0.104847	0.98235	-0.310249	0.949211	-0.0523867	-0.93795	-0.296659	0.179567
4.66667	0.218337	0.169613	0.96102	-0.268985	0.957092	-0.107808	-0.93807	-0.234962	0.254592
4.7	0.213824	0.224266	0.950781	-0.287936	0.94452	-0.158034	-0.933473	-0.239973	0.266536
4.73333	0.140169	0.222098	0.964897	-0.279228	0.943829	-0.176686	-0.949939	-0.244661	0.194311
4.76667	0.000660414	0.142807	0.98975	-0.262464	0.955076	-0.137629	-0.964942	-0.259683	0.0381124
4.8	-0.0843862	0.0737942	0.993697	-0.224597	0.970182	-0.0911211	-0.970791	-0.230871	-0.065296
4.83333	-0.0540661	0.0145643	0.998431	-0.162574	0.986424	-0.0231927	-0.985214	-0.163573	-0.0509643
4.86667	-0.0646196	0.00672535	0.997887	-0.0993305	0.994968	-0.013138	-0.992954	-0.0999696	-0.0636263
4.9	-0.0313507	-0.00195125	0.999507	-0.0803955	0.996763	-0.000575811	-0.99627	-0.0803739	-0.0314061
4.93333	0.0010296	0.0011322	0.999999	-0.102043	0.994779	-0.00102123	-0.994779	-0.102042	0.00113975
4.96667	0.0245742	0.0209102	0.999479	-0.130458	0.991299	-0.0175315	-0.991149	-0.129959	0.0270882
5	0.0368986	0.0406428	0.998492	-0.142003	0.989247	-0.0350189	-0.989178	-0.140497	0.0422732
5.03333	0.0448385	0.0604317	0.997165	-0.161888	0.985415	-0.0524402	-0.98579	-0.159077	0.0539677
5.06667	0.0507759	0.0831963	0.995239	-0.187823	0.979538	-0.0723013	-0.98089	-0.183257	0.0653631
5.1	0.059348	0.110138	0.992143	-0.215744	0.97182	-0.094977	-0.974645	-0.208412	0.0814373
5.13333	0.0641708	0.143708	0.987537	-0.247045	0.961063	-0.123803	-0.966877	-0.236021	0.0971746
5.16667	0.0672164	0.175289	0.98222	-0.264091	0.95246	-0.151906	-0.962153	-0.249185	0.110313
5.2	0.0735222	0.201081	0.976812	-0.272005	0.946371	-0.174341	-0.959483	-0.252879	0.124274
5.23333	0.0833006	0.221323	0.971636	-0.281963	0.940416	-0.190038	-0.955802	-0.258135	0.140742
5.26667	0.0940282	0.23666	0.967032	-0.289824	0.935772	-0.20083	-0.95245	-0.261385	0.156579
5.3	0.102091	0.2488	0.963159	-0.291657	0.933156	-0.210135	-0.951059	-0.259459	0.167831
5.33333	0.108123	0.259715	0.959613	-0.291953	0.931004	-0.219077	-0.950301	-0.256475	0.176487
