0	0.0110242	-0.0319839	0.788389	0.999995	-0.000247574	0.00307081	0.000167084	0.999657	0.0261838	-0.00307624	-0.0261831	0.999652
0.0333333	0.179207	0.981853	-1.99013	0.267739	0.963344	-0.016872	-0.961863	0.268263	0.0534268	0.0559945	0.00192414	0.998429
0.0666667	0.177335	0.983374	-1.98663	0.177993	0.983641	0.0277382	-0.983981	0.177626	0.0151954	0.0100199	-0.0299985	0.9995
0.1	0.177355	0.985007	-1.98414	0.129753	0.990404	0.0475879	-0.991523	0.129268	0.0131376	0.00685992	-0.0488891	0.998781
0.133333	0.178142	0.985587	-1.98271	0.10474	0.992852	0.0572298	-0.994473	0.104143	0.0133265	0.00727116	-0.0583093	0.998272
0.166667	0.178949	0.985727	-1.98145	0.0949446	0.993491	0.06294	-0.995462	0.0943428	0.0124723	0.00645316	-0.0638385	0.997939
0.2	0.179695	0.985726	-1.98025	0.0911122	0.993604	0.0667031	-0.995826	0.0905428	0.0115162	0.00540303	-0.0674739	0.997706
0.233333	0.180433	0.985694	-1.97903	0.0887953	0.993638	0.069272	-0.996039	0.088254	0.0108423	0.00465978	-0.0699604	0.997539
0.266667	0.181191	0.985619	-1.97773	0.0876559	0.993609	0.0711219	-0.996144	0.0871734	0.009866	0.003603	-0.0717125	0.997419
0.3	0.18174	0.985523	-1.97644	0.0867404	0.993597	0.0723988	-0.996229	0.0863515	0.00849147	0.00218535	-0.0728623	0.99734
0.333333	0.182233	0.98547	-1.97517	0.0866131	0.993565	0.0729848	-0.996241	0.0862764	0.00775939	0.0014126	-0.0733825	0.997303
0.366667	0.182672	0.985536	-1.97397	0.086506	0.99363	0.0722232	-0.996251	0.0862432	0.00675611	0.000484314	-0.0725369	0.997366
0.4	0.182985	0.985626	-1.97276	0.0863941	0.993849	0.0692885	-0.996261	0.0862149	0.00557882	-0.000429193	-0.0695114	0.997581
0.433333	0.183174	0.985576	-1.97147	0.086124	0.99413	0.0654877	-0.996284	0.0859536	0.00542075	-0.00023997	-0.0657112	0.997839
0.466667	0.183257	0.985343	-1.97023	0.0868724	0.994312	0.0616106	-0.996219	0.0867048	0.00539404	2.14305e-05	-0.0618462	0.998086
0.5	0.183223	0.985092	-1.96903	0.0863723	0.994507	0.0591228	-0.996263	0.0862408	0.00477783	-0.000347206	-0.0593145	0.998239
0.533333	0.183298	0.984905	-1.96794	0.0864412	0.994537	0.058523	-0.996256	0.0863684	0.00377659	-0.00129858	-0.0586303	0.998279
0.566667	0.183538	0.984831	-1.96695	0.0865857	0.994498	0.0589548	-0.996242	0.0865709	0.00281003	-0.00230919	-0.0589765	0.998257
0.6	0.183696	0.984828	-1.96617	0.0866099	0.994465	0.0594868	-0.996238	0.0866314	0.00222349	-0.00294224	-0.0594556	0.998227
0.633333	0.183754	0.984759	-1.96545	0.086691	0.994477	0.0591563	-0.996228	0.0867599	0.00140798	-0.00373218	-0.0590552	0.998248
0.666667	0.183613	0.98468	-1.9649	0.0864677	0.994605	0.0573101	-0.996245	0.0865757	0.000602088	-0.00436282	-0.057147	0.998356
0.7	0.183477	0.984692	-1.96452	0.0864906	0.994728	0.0551018	-0.996242	0.0866109	0.000204552	-0.00456894	-0.0549124	0.998481
0.733333	0.18328	0.984835	-1.96437	0.0861074	0.99486	0.0532895	-0.996278	0.0861953	0.000652052	-0.00394461	-0.0531474	0.998579
0.766667	0.182886	0.985005	-1.96431	0.0855553	0.994978	0.0519602	-0.996329	0.085593	0.00150196	-0.00295302	-0.051898	0.998648
0.8	0.182513	0.985209	-1.96423	0.0854984	0.994975	0.0520955	-0.996337	0.0854741	0.00269942	-0.00176695	-0.0521354	0.998638
0.833333	0.182071	0.985338	-1.96421	0.0845931	0.995028	0.0525751	-0.996415	0.084547	0.00310504	-0.00135547	-0.0526493	0.998612
0.866667	0.181612	0.985412	-1.96411	0.0832327	0.995174	0.0519716	-0.996528	0.0832159	0.00248948	-0.0018474	-0.0519984	0.998645
0.9	0.181137	0.985478	-1.96394	0.0824335	0.995303	0.0507591	-0.996594	0.0824344	0.00207811	-0.00211594	-0.0507575	0.998709
0.933333	0.180732	0.985536	-1.96372	0.0823075	0.99539	0.0492416	-0.996605	0.0822948	0.00228793	-0.00177495	-0.0492628	0.998784
0.966667	0.180322	0.985552	-1.96349	0.0818747	0.995522	0.0472407	-0.996642	0.0818388	0.00269772	-0.00118049	-0.047303	0.99888
1	0.18003	0.985722	-1.96337	0.0810986	0.995657	0.0457271	-0.996706	0.0809945	0.00412648	0.000404906	-0.0459112	0.998945
1.03333	0.179746	0.986205	-1.96336	0.0811527	0.995697	0.0447415	-0.996697	0.0809291	0.00678957	0.00313947	-0.0451447	0.998976
1.06667	0.179688	0.986719	-1.96337	0.0814163	0.995657	0.0451399	-0.996667	0.0810988	0.00882338	0.00512427	-0.0457078	0.998942
1.1	0.179514	0.987077	-1.96337	0.0811707	0.995649	0.0457545	-0.99668	0.0807877	0.0101617	0.0064211	-0.0464274	0.998901
1.13333	0.179497	0.987159	-1.9633	0.0810272	0.995619	0.046665	-0.996687	0.0806079	0.0108003	0.00699141	-0.0473855	0.998852
1.16667	0.179291	0.987171	-1.96322	0.0812505	0.995629	0.0460469	-0.996665	0.0808108	0.0113349	0.00756426	-0.0468143	0.998875
1.2	0.179216	0.987128	-1.96303	0.0810684	0.995698	0.0448651	-0.996677	0.0806242	0.0116258	0.00795858	-0.0456585	0.998925
1.23333	0.179177	0.987092	-1.96251	0.080523	0.995803	0.0435087	-0.996709	0.0800319	0.0129171	0.00938083	-0.0444056	0.99897
1.26667	0.179438	0.987001	-1.96129	0.0805351	0.995901	0.0411791	-0.996674	0.0799452	0.0157779	0.0124211	-0.0423128	0.999027
1.3	0.180183	0.986762	-1.95894	0.08165	0.995911	0.0386588	-0.996539	0.0809726	0.0187784	0.0155713	-0.0400583	0.999076
1.33333	0.181607	0.986397	-1.95533	0.0821259	0.99593	0.0371441	-0.996491	0.081454	0.0192568	0.0161529	-0.0385952	0.999124
1.36667	0.183541	0.985752	-1.95042	0.083118	0.995958	0.0340307	-0.996448	0.0825977	0.0164229	0.0135457	-0.0352748	0.999286
1.4	0.186023	0.984838	-1.94447	0.0845022	0.995914	0.0318512	-0.996397	0.0842225	0.0100241	0.00730053	-0.0325835	0.999442
1.43333	0.189078	0.983635	-1.9375	0.0857875	0.99574	0.0338007	-0.996309	0.0858431	-0.000194083	-0.00309481	-0.0336592	0.999429
1.46667	0.192428	0.982037	-1.92959	0.0880403	0.995428	0.0370368	-0.996	0.0885391	-0.0120472	-0.0152713	-0.035828	0.999241
1.5	0.196215	0.980023	-1.92072	0.0899163	0.995035	0.0426602	-0.995593	0.0909472	-0.0228709	-0.0266372	-0.0404157	0.998828
1.53333	0.200105	0.977562	-1.91077	0.0955678	0.994267	0.0479633	-0.994769	0.0971406	-0.0316018	-0.0360798	-0.0446923	0.998349
1.56667	0.204475	0.974387	-1.90053	0.104526	0.992985	0.0552789	-0.993494	0.106784	-0.0395941	-0.0452192	-0.0507806	0.997686
1.6	0.208683	0.970671	-1.88809	0.109972	0.991708	0.0664856	-0.992575	0.113074	-0.0448338	-0.0519799	-0.0610614	0.99678
1.63333	0.212761	0.967301	-1.87389	0.104376	0.991268	0.0805798	-0.993134	0.108189	-0.0444895	-0.0528189	-0.075383	0.995755
1.66667	0.217142	0.964892	-1.85897	0.0772964	0.991614	0.103569	-0.995597	0.0822946	-0.0448826	-0.0530294	-0.0996434	0.993609
1.7	0.220444	0.962511	-1.84503	0.0461754	0.990976	0.125835	-0.996863	0.0538183	-0.0580288	-0.0642774	-0.122761	0.990353
1.73333	0.221613	0.959421	-1.82996	0.0169937	0.989427	0.144035	-0.996558	0.0284509	-0.0778623	-0.081137	-0.142216	0.986505
1.76667	0.221752	0.954895	-1.81167	-0.0172967	0.986694	0.161666	-0.994835	-0.000808818	-0.101501	-0.10002	-0.162587	0.981612
1.8	0.221842	0.948176	-1.79122	-0.0522493	0.983312	0.174264	-0.991303	-0.029965	-0.128139	-0.120779	-0.179443	0.976326
1.83333	0.222415	0.93927	-1.76911	-0.0827284	0.979737	0.182407	-0.986961	-0.0551878	-0.151202	-0.138071	-0.192537	0.971528
1.86667	0.222383	0.92809	-1.74497	-0.106831	0.978375	0.177112	-0.982014	-0.0759352	-0.172865	-0.155678	-0.192394	0.968891
1.9	0.222696	0.914332	-1.71945	-0.117376	0.979025	0.166534	-0.977071	-0.083852	-0.195705	-0.177636	-0.185686	0.966419
1.93333	0.22412	0.898762	-1.69027	-0.123652	0.979369	0.159835	-0.972195	-0.0872829	-0.217298	-0.198863	-0.18226	0.96293
1.96667	0.225438	0.882927	-1.65765	-0.128874	0.979194	0.156753	-0.967363	-0.0893588	-0.237116	-0.218175	-0.182195	0.958752
2	0.224949	0.870302	-1.6193	-0.133063	0.977716	0.162372	-0.965277	-0.0906851	-0.244982	-0.224798	-0.189332	0.955834
2.03333	0.222802	0.862972	-1.56952	-0.176503	0.970466	0.164446	-0.958917	-0.131839	-0.251191	-0.222092	-0.202026	0.953866
2.06667	0.217802	0.861676	-1.50565	-0.245984	0.955225	0.164428	-0.946251	-0.199907	-0.254255	-0.21	-0.218133	0.953057
2.1	0.209859	0.870453	-1.43851	-0.305785	0.939852	0.152233	-0.93327	-0.264238	-0.243279	-0.18842	-0.216466	0.957936
2.13333	0.194735	0.886539	-1.37062	-0.329873	0.937281	0.112646	-0.924596	-0.296691	-0.23895	-0.190542	-0.182975	0.964476
2.16667	0.182225	0.905883	-1.30736	-0.304091	0.94906	0.0825474	-0.931891	-0.27836	-0.232582	-0.197757	-0.147651	0.969067
2.2	0.172521	0.923698	-1.2443	-0.228087	0.972302	0.0510416	-0.954209	-0.212807	-0.210233	-0.193548	-0.0966558	0.976318
2.23333	0.163004	0.937127	-1.18229	-0.144752	0.989426	0.00915767	-0.96998	-0.140067	-0.198798	-0.195414	-0.0376592	0.979998
2.26667	0.155215	0.944424	-1.1213	-0.0662405	0.997565	-0.0218372	-0.979691	-0.0691735	-0.188201	-0.189254	0.00892713	0.981888
2.3	0.149701	0.94369	-1.06279	0.000771111	0.999341	-0.0362991	-0.985018	-0.00550065	-0.172362	-0.172448	0.0358882	0.984365
2.33333	0.144777	0.934951	-1.00605	0.0515118	0.997016	-0.0574902	-0.98565	0.0414896	-0.163626	-0.160752	0.0650938	0.984846
2.36667	0.139814	0.920753	-0.948452	0.0723619	0.992575	-0.0977705	-0.985761	0.056256	-0.158465	-0.151789	0.107845	0.982512
2.4	0.136045	0.906033	-0.888182	0.0725878	0.984764	-0.158023	-0.987452	0.0486792	-0.150228	-0.140247	0.166945	0.975941
2.43333	0.132714	0.895328	-0.817871	0.111188	0.973705	-0.198838	-0.988162	0.0870404	-0.126333	-0.105704	0.210531	0.971856
2.46667	0.130245	0.889197	-0.734905	0.20829	0.954702	-0.212509	-0.976501	0.190699	-0.100393	-0.0553205	0.228427	0.971988
2.5	0.131902	0.88993	-0.645887	0.284405	0.931724	-0.22584	-0.958685	0.274893	-0.0731981	-0.00611866	0.237327	0.97141
2.53333	0.138031	0.900509	-0.557441	0.364284	0.912699	-0.185143	-0.931048	0.361431	-0.0501697	0.0211265	0.190653	0.98143
2.56667	0.147565	0.916526	-0.482363	0.397906	0.906771	-0.139416	-0.917392	0.394585	-0.0519154	0.00793616	0.148557	0.988872
2.6	0.149022	0.934238	-0.408612	0.343245	0.930954	-0.124528	-0.939067	0.337564	-0.0648324	-0.0183197	0.139194	0.990096
2.63333	0.150953	0.947765	-0.33377	0.26148	0.960667	-0.0935299	-0.964021	0.255123	-0.0746728	-0.047874	0.10969	0.992812
2.66667	0.153677	0.953355	-0.259878	0.166037	0.984613	-0.0544906	-0.984137	0.161948	-0.0724365	-0.0624973	0.0656534	0.995883
2.7	0.155681	0.948578	-0.187997	0.0777454	0.996904	-0.0117752	-0.994956	0.0768318	-0.0644876	-0.0633832	0.0167294	0.997849
2.73333	0.155459	0.935257	-0.117728	0.0235268	0.999242	0.0310153	-0.997683	0.0254487	-0.0631016	-0.0638431	-0.0294588	0.997525
2.76667	0.152353	0.919316	-0.0483219	-0.00141925	0.997178	0.0750642	-0.997455	0.00393971	-0.0711954	-0.0712902	-0.0749742	0.994634
2.8	0.145922	0.906117	0.0241894	-0.0265619	0.994038	0.105747	-0.997134	-0.0188501	-0.0732704	-0.0708402	-0.10739	0.99169
2.83333	0.140541	0.898552	0.107472	-0.0836561	0.985282	0.149068	-0.994977	-0.0743364	-0.0670406	-0.0549727	-0.153928	0.986552
2.86667	0.13281	0.895482	0.199222	-0.156474	0.971008	0.180717	-0.986777	-0.145859	-0.0706855	-0.0422769	-0.189388	0.980992
2.9	0.123308	0.900383	0.286093	-0.242012	0.958602	0.150041	-0.969771	-0.234004	-0.0691796	-0.0312056	-0.162247	0.986257
2.93333	0.114031	0.910345	0.369107	-0.259577	0.960783	0.0975528	-0.96533	-0.255263	-0.0545787	-0.0275367	-0.108338	0.993733
2.96667	0.108363	0.926952	0.450916	-0.211293	0.974204	0.0792603	-0.976969	-0.208028	-0.0475015	-0.0297878	-0.0874716	0.995722
3	0.100969	0.943364	0.53004	-0.124987	0.991127	0.0452345	-0.991038	-0.12255	-0.0531548	-0.0471397	-0.0514728	0.997561
3.03333	0.0930278	0.954424	0.606759	-0.036232	0.999343	-0.00129683	-0.998476	-0.0362546	-0.0416055	-0.0416252	-0.000212601	0.999133
3.06667	0.0846667	0.955379	0.681593	0.045694	0.997463	-0.0545891	-0.998669	0.0443035	-0.0264178	-0.0239323	0.0557236	0.998159
3.1	0.0778827	0.946236	0.75491	0.084272	0.990765	-0.106221	-0.996393	0.0827174	-0.0189648	-0.0100034	0.107436	0.994162
3.13333	0.0708568	0.929824	0.826715	0.0968483	0.978378	-0.182748	-0.995192	0.0924931	-0.0322264	-0.0146267	0.18499	0.982631
3.16667	0.0647659	0.912621	0.903037	0.090818	0.963529	-0.251721	-0.995822	0.0854524	-0.0321893	-0.00950518	0.253593	0.967264
3.2	0.0602317	0.89736	0.983936	0.107376	0.950898	-0.29028	-0.994114	0.106917	-0.0174915	0.0144032	0.29045	0.956782
3.23333	0.0561833	0.885348	1.07436	0.156981	0.935618	-0.31619	-0.985955	0.166951	0.00451135	0.057009	0.31104	0.948685
3.26667	0.0539053	0.878056	1.16703	0.253722	0.91443	-0.315344	-0.961834	0.273047	0.0178966	0.102469	0.298768	0.948809
3.3	0.0604603	0.879826	1.25789	0.372316	0.893411	-0.251392	-0.920956	0.389193	0.0191856	0.114981	0.224378	0.967695
3.33333	0.0674049	0.891127	1.33523	0.382491	0.893067	-0.236922	-0.917112	0.398123	0.0201079	0.112282	0.209593	0.97132
3.36667	0.0684849	0.909106	1.41345	0.327631	0.919948	-0.215298	-0.940813	0.338591	0.0150848	0.0867753	0.197613	0.976432
3.4	0.0710346	0.927556	1.49268	0.254657	0.951123	-0.174682	-0.965293	0.260845	0.013036	0.057964	0.1653	0.984539
3.43333	0.0719183	0.940436	1.57024	0.168502	0.976492	-0.134425	-0.984951	0.172122	0.0156943	0.0384629	0.129758	0.990799
3.46667	0.0715156	0.944484	1.64752	0.0751998	0.993074	-0.0902749	-0.996707	0.0776097	0.0234836	0.0303272	0.0882117	0.99564
3.5	0.0683245	0.939358	1.72367	0.00177343	0.998882	-0.0472407	-0.999665	0.00299087	0.0257127	0.0258252	0.0471793	0.998553
3.53333	0.0633153	0.927495	1.7979	-0.0598028	0.99821	-0.000928886	-0.998143	-0.0597879	0.0116522	0.0115758	0.00162399	0.999932
3.56667	0.056824	0.912962	1.86941	-0.0882528	0.994994	0.0468791	-0.99609	-0.0883443	-0.00012043	0.00402167	-0.0467064	0.998901
3.6	0.0510684	0.898797	1.94741	-0.116584	0.986965	0.110942	-0.993077	-0.117458	0.00135486	0.0143683	-0.110016	0.993826
3.63333	0.0431577	0.886359	2.03359	-0.162032	0.974275	0.156631	-0.986468	-0.16395	-0.000681271	0.0250159	-0.154622	0.987657
3.66667	0.0335406	0.875917	2.11962	-0.219704	0.961787	0.163391	-0.974736	-0.223326	0.0039097	0.0402497	-0.158404	0.986554
3.7	0.028483	0.875415	2.19497	-0.308066	0.942792	0.12743	-0.949447	-0.313176	0.0217167	0.0603824	-0.114298	0.99161
3.73333	0.0257372	0.884484	2.26616	-0.287231	0.947157	0.1428	-0.955552	-0.293683	0.025909	0.0664778	-0.129011	0.989412
3.76667	0.0254127	0.903112	2.33431	-0.220079	0.960738	0.168963	-0.973629	-0.227011	0.0226229	0.0600911	-0.159529	0.985363
3.8	0.0227663	0.922844	2.40029	-0.144282	0.979269	0.142177	-0.988017	-0.150526	0.0341264	0.0548203	-0.13555	0.989253
3.83333	0.0187525	0.938817	2.46537	-0.062545	0.994007	0.0896506	-0.996764	-0.0667564	0.0447703	0.0504868	-0.0865604	0.994967
3.86667	0.0143897	0.947615	2.5322	0.00441371	0.999786	0.0202353	-0.998143	0.00317541	0.0608238	0.0607465	-0.0204661	0.997943
3.9	0.0127152	0.947846	2.59644	0.0377141	0.998457	-0.0407466	-0.996662	0.0405381	0.0708622	0.0724047	0.0379381	0.996654
3.93333	0.0128786	0.94107	2.65901	0.0661408	0.992833	-0.0995435	-0.994709	0.0734663	0.0718167	0.078615	0.0942668	0.992438
