0	0	1	0	0	0	-1	-1	0	0
0.0333333	0.993362	-0.111124	-0.0297234	0.101396	0.967911	-0.229929	0.0543202	0.225389	0.972753
0.0666667	0.99678	-0.0779973	-0.018581	0.0749968	0.988932	-0.128017	0.0283604	0.126212	0.991598
0.1	0.997774	-0.0660467	-0.00917727	0.0650433	0.994321	-0.0842365	0.0146887	0.0834521	0.996404
0.133333	0.998314	-0.0579443	-0.00339658	0.0575976	0.996185	-0.0655588	0.00718238	0.0652527	0.997843
0.166667	0.998581	-0.0532567	0.000518589	0.0532045	0.997067	-0.0550086	0.00241251	0.0549581	0.998486
0.2	0.998691	-0.0510709	0.00289174	0.0511509	0.997525	-0.0482389	-0.00042098	0.0483237	0.998832
0.233333	0.998737	-0.0499952	0.00491308	0.0501658	0.99773	-0.0449282	-0.00265573	0.0451179	0.998978
0.266667	0.998749	-0.049624	0.00616244	0.0498445	0.997822	-0.0432028	-0.00400512	0.0434559	0.999047
0.3	0.998752	-0.0494971	0.00665345	0.0497228	0.997976	-0.0396534	-0.00467725	0.0399348	0.999191
0.333333	0.998774	-0.0491188	0.00621765	0.0493153	0.998103	-0.0368509	-0.00439579	0.0371123	0.999301
0.366667	0.998762	-0.0495289	0.00456858	0.0496622	0.998109	-0.0362181	-0.0027661	0.0364001	0.999333
0.4	0.998736	-0.0502339	0.00192593	0.0502707	0.998061	-0.0367147	-7.78757e-05	0.0367651	0.999324
0.433333	0.998722	-0.0505259	-0.00140964	0.0504485	0.998143	-0.0341444	0.0031322	0.0340297	0.999416
0.466667	0.998709	-0.0505681	-0.00482425	0.0504063	0.998301	-0.0292153	0.00629342	0.0289344	0.999561
0.5	0.99865	-0.0514255	-0.00737168	0.0512397	0.99841	-0.0234902	0.00856796	0.0230808	0.999697
0.533333	0.998612	-0.0517914	-0.00956569	0.0516358	0.99854	-0.0158529	0.0103728	0.015337	0.999829
0.566667	0.998559	-0.0523656	-0.0117104	0.0522221	0.998561	-0.0122373	0.0123344	0.0116082	0.999857
0.6	0.998429	-0.0543197	-0.0137641	0.0540695	0.998376	-0.0179395	0.0147162	0.0171671	0.999744
0.633333	0.998327	-0.0555946	-0.0158873	0.0552084	0.998191	-0.0237946	0.0171814	0.0228777	0.999591
0.666667	0.998326	-0.0547052	-0.0187748	0.0542302	0.998217	-0.0249416	0.0201058	0.0238817	0.999513
0.7	0.998348	-0.0529238	-0.0223573	0.0523687	0.998322	-0.0247257	0.0236284	0.023514	0.999444
0.733333	0.998359	-0.0513064	-0.0254351	0.0506337	0.998368	-0.0264234	0.0267493	0.0250922	0.999327
0.766667	0.998302	-0.0509236	-0.0282844	0.0501106	0.99833	-0.0287475	0.0297011	0.0272814	0.999186
0.8	0.99821	-0.051151	-0.0309875	0.0503107	0.99836	-0.0273152	0.0323339	0.0257073	0.999146
0.833333	0.998101	-0.0519742	-0.033064	0.0510389	0.998289	-0.0285296	0.0344903	0.0267879	0.999046
0.866667	0.997957	-0.0532783	-0.0352467	0.0523278	0.998255	-0.0273629	0.036643	0.0254626	0.999004
0.9	0.997816	-0.0548851	-0.036754	0.0538651	0.99815	-0.0281891	0.0382332	0.0261478	0.998927
0.933333	0.997717	-0.0559869	-0.0377612	0.0548788	0.998049	-0.0297709	0.0393543	0.0276306	0.998843
0.966667	0.997638	-0.0571374	-0.0381281	0.0559344	0.997924	-0.0319081	0.0398722	0.0297	0.998763
1	0.997505	-0.0591378	-0.0385455	0.057884	0.997782	-0.0328716	0.040404	0.0305584	0.998716
1.03333	0.997331	-0.0621311	-0.0383384	0.0609766	0.997671	-0.0305832	0.0401492	0.0281639	0.998797
1.06667	0.997241	-0.0641345	-0.0373898	0.063227	0.997687	-0.0249703	0.0389048	0.0225373	0.998989
1.1	0.997194	-0.0659153	-0.0354729	0.0654017	0.997739	-0.0154519	0.0364112	0.0130886	0.999251
1.13333	0.997074	-0.0685809	-0.0337717	0.06831	0.997623	-0.00911296	0.0343164	0.00677935	0.999388
1.16667	0.996841	-0.0726703	-0.0320406	0.0724656	0.997343	-0.00750657	0.032501	0.00516102	0.999458
1.2	0.996614	-0.0763843	-0.030415	0.0762285	0.997071	-0.00625074	0.0308034	0.00391109	0.999518
1.23333	0.996377	-0.079978	-0.0289089	0.0798871	0.996795	-0.00428934	0.0291593	0.00196436	0.999573
1.26667	0.996035	-0.0849217	-0.0265104	0.0848593	0.996387	-0.00347106	0.0267094	0.00120764	0.999643
1.3	0.995578	-0.0911579	-0.0226691	0.0911307	0.995836	-0.00223317	0.0227783	0.000157437	0.999741
1.33333	0.995066	-0.0978655	-0.0163214	0.0978054	0.995196	-0.00444403	0.0166779	0.00282578	0.999857
1.36667	0.994367	-0.105689	-0.0079758	0.105654	0.994392	-0.00471781	0.0084297	0.00384856	0.999957
1.4	0.993721	-0.111866	0.00224426	0.111872	0.993718	-0.00304087	-0.00188999	0.00327285	0.999993
1.43333	0.992948	-0.117939	0.0120282	0.118037	0.992979	-0.00775737	-0.0110289	0.00912244	0.999898
1.46667	0.991965	-0.124776	0.0208663	0.125132	0.992	-0.0166942	-0.0186164	0.0191711	0.999643
1.5	0.991175	-0.129539	0.0281415	0.130353	0.991034	-0.0293325	-0.0240895	0.032742	0.999173
1.53333	0.99062	-0.132763	0.032343	0.134128	0.989965	-0.044492	-0.0261115	0.0484128	0.998486
1.56667	0.990462	-0.134033	0.0319506	0.135859	0.988644	-0.0642236	-0.0229797	0.0679518	0.997424
1.6	0.99038	-0.134945	0.0306151	0.137041	0.987171	-0.0819396	-0.019165	0.0853468	0.996167
1.63333	0.991976	-0.123581	0.0266687	0.125783	0.985971	-0.109725	-0.0127346	0.112199	0.993604
1.66667	0.995346	-0.0948756	0.0168594	0.0962214	0.988008	-0.120752	-0.00520081	0.121812	0.99254
1.7	0.998146	-0.0607933	-0.00294774	0.0598168	0.988758	-0.137039	0.0112457	0.136609	0.990561
1.73333	0.998815	-0.0375028	-0.0310132	0.0318715	0.985695	-0.165496	0.0367762	0.164312	0.985723
1.76667	0.997492	-0.0204178	-0.0677731	0.00821141	0.984407	-0.175713	0.070304	0.174715	0.982106
1.8	0.993393	-0.00294207	-0.114727	-0.016908	0.985011	-0.171662	0.113512	0.172468	0.978453
1.83333	0.985373	0.0143381	-0.169804	-0.0424718	0.985673	-0.163234	0.165031	0.168058	0.971865
1.86667	0.972449	0.0323332	-0.230862	-0.0653946	0.988406	-0.137028	0.223755	0.14835	0.963289
1.9	0.954594	0.046971	-0.294185	-0.0815747	0.990963	-0.106478	0.286525	0.125641	0.949799
1.93333	0.93394	0.0569116	-0.35287	-0.0896781	0.992974	-0.0772019	0.345998	0.103747	0.932482
1.96667	0.91182	0.0526083	-0.407206	-0.0786016	0.995781	-0.0473571	0.402997	0.0751882	0.912108
2	0.894758	0.0287839	-0.445623	-0.0370237	0.999266	-0.00979398	0.445015	0.0252619	0.895167
2.03333	0.890315	-0.0103843	-0.455226	0.020416	0.999645	0.0171259	0.454887	-0.0245413	0.890211
2.06667	0.900197	-0.0690086	-0.429981	0.07918	0.996844	0.00578354	0.428224	-0.0392522	0.90282
2.1	0.916399	-0.121589	-0.381352	0.12225	0.992242	-0.022594	0.381141	-0.0259152	0.924154
2.13333	0.933772	-0.177316	-0.310851	0.164612	0.984089	-0.0668639	0.317761	0.0112658	0.948104
2.16667	0.948069	-0.216183	-0.233304	0.189071	0.972891	-0.133175	0.25577	0.0821482	0.963241
2.2	0.960827	-0.234816	-0.147218	0.203443	0.958293	-0.200714	0.188209	0.162901	0.968525
2.23333	0.968775	-0.239844	-0.0628474	0.219902	0.948246	-0.229069	0.114536	0.208096	0.971379
2.26667	0.971046	-0.238512	0.0134623	0.235387	0.945662	-0.224315	0.0407711	0.220989	0.974424
2.3	0.967785	-0.240067	0.0758929	0.250825	0.945475	-0.20776	-0.0218783	0.220103	0.975231
2.33333	0.960143	-0.250776	0.123438	0.271217	0.942657	-0.194521	-0.0675782	0.220246	0.973101
2.36667	0.947639	-0.272514	0.166483	0.303554	0.930589	-0.204594	-0.0991725	0.244418	0.964585
2.4	0.931797	-0.298386	0.20669	0.343469	0.908983	-0.236177	-0.117406	0.29106	0.949473
2.43333	0.911945	-0.326539	0.248451	0.388004	0.883234	-0.263344	-0.133448	0.336555	0.93216
2.46667	0.893092	-0.344118	0.289774	0.421274	0.865714	-0.270311	-0.157842	0.363487	0.91813
2.5	0.889392	-0.331332	0.314963	0.421017	0.862123	-0.281939	-0.178121	0.383358	0.906261
2.53333	0.91024	-0.279117	0.305871	0.372014	0.875624	-0.308039	-0.181849	0.394177	0.900863
2.56667	0.950497	-0.193779	0.242909	0.270971	0.899507	-0.342728	-0.152085	0.391583	0.907487
2.6	0.977619	-0.132611	0.163329	0.183588	0.916879	-0.35444	-0.10275	0.376492	0.920704
2.63333	0.993496	-0.09006	0.0696742	0.107924	0.93986	-0.324062	-0.036299	0.329474	0.943467
2.66667	0.998012	-0.0529862	-0.0341328	0.0432371	0.969581	-0.240921	0.04586	0.238966	0.969944
2.7	0.99022	-0.0218637	-0.137793	0.00731592	0.994423	-0.105212	0.139324	0.103175	0.984857
2.73333	0.973636	-0.00777551	-0.227973	0.0194395	0.998611	0.048963	0.227276	-0.0521038	0.972436
2.76667	0.953098	-0.0190473	-0.302062	0.0710267	0.984223	0.162048	0.29421	-0.175902	0.939414
2.8	0.93175	-0.064279	-0.357367	0.1498	0.964594	0.217068	0.330761	-0.255786	0.908389
2.83333	0.919479	-0.112493	-0.376702	0.212937	0.947972	0.23666	0.33048	-0.297817	0.895594
2.86667	0.915166	-0.162759	-0.368755	0.259832	0.937616	0.231005	0.308152	-0.307222	0.900365
2.9	0.916463	-0.19754	-0.347956	0.285176	0.932476	0.221728	0.280661	-0.302434	0.910913
2.93333	0.92712	-0.220162	-0.303277	0.290524	0.933421	0.210524	0.236736	-0.28329	0.929356
2.96667	0.9452	-0.217955	-0.243091	0.26147	0.95121	0.163808	0.195528	-0.218393	0.956072
3	0.959293	-0.220822	-0.176053	0.23823	0.967523	0.0845336	0.151669	-0.123034	0.980744
3.03333	0.968617	-0.228503	-0.0978117	0.231009	0.972836	0.0149682	0.0917346	-0.0370939	0.995092
3.06667	0.970811	-0.23955	-0.0118863	0.239224	0.970672	-0.0238475	0.0172504	0.0203079	0.999645
3.1	0.965559	-0.250287	0.0710843	0.254898	0.964748	-0.0654871	-0.0521878	0.0813509	0.995318
3.13333	0.954114	-0.261074	0.146654	0.27749	0.954936	-0.105337	-0.112545	0.141199	0.983563
3.16667	0.935286	-0.275342	0.222321	0.313047	0.936691	-0.156881	-0.16505	0.216326	0.962269
3.2	0.906574	-0.299908	0.296948	0.371198	0.901413	-0.22286	-0.200836	0.312266	0.928523
3.23333	0.875044	-0.313441	0.368854	0.424123	0.863733	-0.272185	-0.233277	0.394613	0.888742
3.26667	0.860011	-0.305282	0.408882	0.437873	0.85295	-0.284153	-0.262009	0.423413	0.867221
3.3	0.881429	-0.262142	0.392893	0.392686	0.868954	-0.301191	-0.262451	0.419762	0.868861
3.33333	0.925801	-0.197121	0.322546	0.309513	0.885147	-0.347443	-0.217013	0.421495	0.880481
3.36667	0.960685	-0.15398	0.231029	0.228407	0.911388	-0.342347	-0.157842	0.381657	0.910727
3.4	0.98639	-0.113355	0.119098	0.140768	0.956513	-0.255476	-0.0849598	0.268764	0.959452
3.43333	0.996726	-0.080826	0.00216184	0.0805473	0.990249	-0.113662	0.00704609	0.113464	0.993517
3.46667	0.993373	-0.0604091	-0.0977809	0.0642985	0.99724	0.0371239	0.0952684	-0.0431651	0.994515
3.5	0.980976	-0.0618847	-0.184003	0.0916662	0.983169	0.158036	0.171126	-0.171897	0.970138
3.53333	0.96116	-0.0820316	-0.263518	0.142555	0.965137	0.219517	0.236324	-0.248557	0.939346
3.56667	0.934359	-0.108092	-0.339544	0.198033	0.949695	0.242617	0.296238	-0.293933	0.908761
3.6	0.909836	-0.137112	-0.391661	0.246112	0.938215	0.243273	0.334107	-0.317731	0.887367
3.63333	0.898306	-0.161557	-0.408591	0.280771	0.926373	0.251	0.337957	-0.340195	0.877526
3.66667	0.894317	-0.185978	-0.406952	0.304636	0.919245	0.249371	0.327711	-0.346989	0.878751
3.7	0.906052	-0.170769	-0.387179	0.286847	0.92052	0.265257	0.311109	-0.351398	0.883024
3.73333	0.930947	-0.139927	-0.337281	0.238926	0.931916	0.272849	0.276138	-0.334593	0.900997
3.76667	0.95665	-0.101801	-0.272869	0.170039	0.955885	0.239521	0.236448	-0.275537	0.931757
3.8	0.976792	-0.0887588	-0.194934	0.123656	0.976797	0.174864	0.174891	-0.19491	0.965103
3.83333	0.989331	-0.0997984	-0.106134	0.110019	0.989356	0.0952437	0.0954991	-0.105904	0.98978
3.86667	0.991477	-0.130234	-0.00363802	0.130265	0.991427	0.010166	0.00228287	-0.0105532	0.999942
3.9	0.982424	-0.160843	0.0947254	0.168391	0.982636	-0.0779193	-0.0805478	0.0925006	0.992449
3.93333	0.964999	-0.183885	0.186982	0.211708	0.96702	-0.141604	-0.154777	0.176234	0.972104
