0	0.994579	0.00988242	0.103515	-0.00982167	0.999951	-0.00109662	-0.103521	7.39864e-05	0.994627
0.0333333	0.291056	0.672558	0.680406	-0.953126	0.265316	0.14546	-0.0826923	-0.69085	0.718254
0.0666667	0.345115	0.937929	0.0344305	-0.663797	0.217984	0.715441	0.663528	-0.269764	0.697824
0.1	0.289059	0.795542	-0.532501	-0.360528	0.605758	0.709279	0.886828	-0.0130425	0.461915
0.133333	0.238313	0.589994	-0.771437	-0.234558	0.805773	0.543794	0.942438	0.0513536	0.330414
0.166667	0.208896	0.447473	-0.869558	-0.187095	0.891037	0.41358	0.959874	0.0762944	0.269854
0.2	0.191563	0.355389	-0.914878	-0.169575	0.930108	0.325798	0.96672	0.0927293	0.23844
0.233333	0.180675	0.295386	-0.938138	-0.163524	0.949582	0.267497	0.969854	0.105078	0.219868
0.266667	0.173895	0.25554	-0.951031	-0.161694	0.960047	0.228397	0.971399	0.114059	0.208267
0.3	0.169555	0.22836	-0.958698	-0.160512	0.966193	0.201758	0.972362	0.119673	0.200477
0.333333	0.166514	0.209521	-0.963522	-0.160072	0.969946	0.183254	0.972959	0.123718	0.195048
0.366667	0.164689	0.196196	-0.966636	-0.159326	0.972439	0.170229	0.973392	0.125976	0.191409
0.4	0.16363	0.186656	-0.968703	-0.157602	0.974272	0.161107	0.973851	0.126308	0.188838
0.433333	0.16376	0.180455	-0.969855	-0.154651	0.975667	0.155423	0.974303	0.124537	0.187682
0.466667	0.164302	0.177925	-0.970231	-0.151169	0.97652	0.153479	0.974758	0.121452	0.187341
0.5	0.165169	0.177202	-0.970216	-0.148378	0.976995	0.153181	0.97504	0.118657	0.187662
0.533333	0.165409	0.177248	-0.970167	-0.147987	0.97704	0.153272	0.975059	0.11822	0.187841
0.566667	0.165853	0.177158	-0.970107	-0.149378	0.976893	0.152859	0.974771	0.119561	0.188484
0.6	0.166511	0.176683	-0.970081	-0.149834	0.976925	0.152211	0.974589	0.120006	0.189142
0.633333	0.167774	0.176584	-0.969881	-0.148997	0.977067	0.152118	0.974501	0.118988	0.190237
0.666667	0.168269	0.177021	-0.969716	-0.147225	0.977222	0.152844	0.974685	0.117047	0.190498
0.7	0.168365	0.177543	-0.969604	-0.146045	0.977283	0.153589	0.974846	0.115747	0.19047
0.733333	0.167752	0.177692	-0.969683	-0.144428	0.977438	0.154127	0.975192	0.114194	0.189631
0.766667	0.167164	0.17738	-0.969841	-0.142681	0.97768	0.154221	0.97555	0.112598	0.188742
0.8	0.166779	0.176541	-0.970061	-0.142012	0.977883	0.153549	0.975714	0.112152	0.188161
0.833333	0.16635	0.175336	-0.970353	-0.142274	0.978035	0.152333	0.975749	0.112716	0.187642
0.866667	0.16609	0.174115	-0.970617	-0.142848	0.978155	0.151024	0.975709	0.113567	0.187333
0.9	0.166412	0.173407	-0.970689	-0.142414	0.978321	0.150355	0.975718	0.113218	0.1875
0.933333	0.167096	0.172959	-0.970651	-0.141223	0.97854	0.150053	0.975774	0.112005	0.187936
0.966667	0.167803	0.172777	-0.970562	-0.140218	0.978695	0.149982	0.975798	0.110923	0.188454
1	0.167683	0.171691	-0.970775	-0.140196	0.978863	0.148905	0.975822	0.11113	0.188209
1.03333	0.166285	0.168574	-0.971562	-0.141441	0.979168	0.145686	0.975881	0.113194	0.186664
1.06667	0.164058	0.163919	-0.972736	-0.143528	0.97957	0.140864	0.975953	0.116505	0.184233
1.1	0.162269	0.158962	-0.973858	-0.145434	0.980013	0.135733	0.97597	0.119606	0.182144
1.13333	0.161979	0.154664	-0.974598	-0.146341	0.980485	0.131276	0.975883	0.12136	0.181451
1.16667	0.160708	0.149414	-0.975627	-0.146794	0.9811	0.126072	0.976025	0.122956	0.179604
1.2	0.159985	0.142996	-0.976707	-0.150143	0.981464	0.119099	0.975634	0.127592	0.178489
1.23333	0.159026	0.134818	-0.978026	-0.156251	0.981584	0.109902	0.974831	0.13534	0.177163
1.26667	0.157257	0.123329	-0.979827	-0.161748	0.98199	0.0976413	0.974222	0.14313	0.174373
1.3	0.156599	0.111068	-0.981397	-0.168379	0.982113	0.0842811	0.973204	0.152048	0.1725
1.33333	0.15639	0.0978629	-0.982835	-0.174437	0.982174	0.0700403	0.97217	0.160489	0.170674
1.36667	0.161122	0.0858047	-0.983197	-0.179451	0.982154	0.056306	0.970483	0.167364	0.173645
1.4	0.171193	0.0760423	-0.982299	-0.184522	0.98185	0.0438495	0.967804	0.173749	0.182117
1.43333	0.184737	0.06939	-0.980335	-0.189134	0.981369	0.0338221	0.964417	0.179166	0.19442
1.46667	0.203202	0.0676061	-0.9768	-0.193155	0.980777	0.0276996	0.959896	0.183045	0.212355
1.5	0.219384	0.0660543	-0.9734	-0.204475	0.978661	0.0203268	0.953971	0.194577	0.228209
1.53333	0.22134	0.0596781	-0.973369	-0.218681	0.975744	0.0100968	0.950362	0.210622	0.229021
1.56667	0.195322	0.043153	-0.979789	-0.242389	0.970163	-0.00559138	0.950314	0.238582	0.199954
1.6	0.140675	0.00281441	-0.990052	-0.301281	0.952692	-0.0401004	0.943101	0.303925	0.134868
1.63333	0.0632373	-0.100435	-0.992932	-0.429239	0.895461	-0.117913	0.900974	0.433662	0.0135157
1.66667	0.0112913	-0.320871	-0.947056	-0.61374	0.745503	-0.259901	0.789427	0.584181	-0.188514
1.7	-0.00349194	-0.601264	-0.799043	-0.759955	0.520953	-0.388686	0.649967	0.605879	-0.458752
1.73333	0.000279803	-0.808305	-0.588764	-0.822381	0.334783	-0.46001	0.568937	0.484317	-0.664641
1.76667	0.0119341	-0.922093	-0.386783	-0.840559	0.200256	-0.503347	0.541588	0.331121	-0.772684
1.8	0.0213262	-0.973433	-0.227976	-0.846209	0.10386	-0.522631	0.532424	0.204062	-0.821513
1.83333	0.0341064	-0.994226	-0.101744	-0.833074	0.0279571	-0.552454	0.552109	0.103602	-0.82731
1.86667	0.0423579	-0.999101	-0.00173996	-0.795971	-0.0326933	-0.604452	0.603851	0.0269882	-0.79664
1.9	0.0155751	-0.998302	0.056136	-0.752717	-0.0486621	-0.656543	0.65816	-0.0320288	-0.752196
1.93333	0.0248884	-0.994579	0.100957	-0.71601	-0.0882107	-0.692495	0.697647	-0.0550511	-0.714324
1.96667	0.0426018	-0.989266	0.13978	-0.703365	-0.129058	-0.699015	0.709551	-0.068537	-0.701313
2	0.0174658	-0.988721	0.148746	-0.700872	-0.118206	-0.703424	0.713073	-0.091966	-0.695032
2.03333	0.0140235	-0.991754	0.127383	-0.720412	-0.098367	-0.686535	0.693405	-0.0821408	-0.715851
2.06667	-0.0351786	-0.993645	0.106923	-0.763855	-0.0422561	-0.644002	0.644428	-0.104329	-0.757514
2.1	-0.0304796	-0.995982	0.0842059	-0.794357	-0.0269972	-0.606851	0.606686	-0.0853861	-0.790342
2.13333	-0.00125171	-0.996528	0.0832542	-0.768288	-0.052333	-0.637962	0.640103	-0.0647617	-0.765555
2.16667	0.012133	-0.998094	0.0605106	-0.724836	-0.0504657	-0.687071	0.688815	-0.035524	-0.724067
2.2	0.0236725	-0.99961	-0.0148373	-0.662226	-0.00456086	-0.749291	0.74893	0.0275632	-0.662075
2.23333	0.0271387	-0.991621	-0.126296	-0.556295	0.0899895	-0.826098	0.830541	0.0926768	-0.549192
2.26667	0.0534	-0.958174	-0.28116	-0.448972	0.228459	-0.863846	0.891949	0.172362	-0.417994
2.3	0.0960111	-0.894958	-0.435697	-0.357439	0.377524	-0.854233	0.928988	0.237751	-0.283646
2.33333	0.125363	-0.815224	-0.565414	-0.244989	0.526823	-0.813903	0.961387	0.240554	-0.133677
2.36667	0.136003	-0.721547	-0.678876	-0.161981	0.659827	-0.733751	0.977377	0.209757	-0.0271389
2.4	0.114173	-0.601447	-0.790712	-0.0928863	0.785968	-0.611251	0.989109	0.143235	0.0338702
2.43333	0.0536507	-0.443688	-0.894574	-0.060567	0.892769	-0.446425	0.996721	0.0781327	0.0210248
2.46667	-0.0833873	-0.289152	-0.953645	-0.118589	0.953056	-0.278604	0.989436	0.08986	-0.113763
2.5	-0.365845	-0.227684	-0.902395	-0.234347	0.960907	-0.14744	0.900688	0.157533	-0.4049
2.53333	-0.642191	-0.412225	-0.646268	-0.484947	0.871412	-0.0739471	0.593648	0.265917	-0.75952
2.56667	-0.556723	-0.71089	-0.429762	-0.781623	0.623469	-0.0187794	0.281293	0.325457	-0.902747
2.6	-0.434556	-0.81978	-0.37299	-0.876118	0.480757	-0.0359058	0.208752	0.31118	-0.927141
2.63333	-0.307219	-0.895178	-0.322913	-0.922431	0.363545	-0.130218	0.233962	0.257859	-0.937427
2.66667	-0.191628	-0.952873	-0.235186	-0.939571	0.247369	-0.236675	0.283699	0.175621	-0.942694
2.7	-0.130732	-0.977964	-0.162775	-0.914633	0.182325	-0.360838	0.382565	0.101707	-0.918314
2.73333	-0.0920437	-0.988127	-0.123013	-0.844287	0.142941	-0.516475	0.527927	0.0563198	-0.84742
2.76667	-0.0605691	-0.9918	-0.112531	-0.700984	0.122524	-0.702574	0.710601	0.0363281	-0.702657
2.8	-0.0425694	-0.987107	-0.154295	-0.493038	0.155076	-0.856076	0.868966	0.0396306	-0.493283
2.83333	-0.0248302	-0.966728	-0.254599	-0.427098	0.240523	-0.871628	0.903864	0.0870962	-0.41886
2.86667	-0.18727	-0.911309	-0.36667	-0.477911	0.410643	-0.776514	0.858214	0.0298173	-0.512425
2.9	-0.267679	-0.875375	-0.402575	-0.548427	0.481959	-0.683333	0.792197	0.0378694	-0.609089
2.93333	-0.198491	-0.87337	-0.444775	-0.568362	0.47228	-0.673733	0.798477	0.119063	-0.590134
2.96667	-0.129416	-0.852458	-0.506524	-0.508154	0.495661	-0.704344	0.851487	0.166238	-0.497327
3	-0.0482822	-0.784696	-0.617998	-0.418675	0.577641	-0.700744	0.906852	0.224907	-0.356422
3.03333	0.0311542	-0.663739	-0.747315	-0.309458	0.704535	-0.638644	0.950403	0.251159	-0.18345
3.06667	0.0995032	-0.503611	-0.858181	-0.19073	0.836816	-0.513187	0.976586	0.214745	-0.0127879
3.1	0.144658	-0.347835	-0.926329	-0.137226	0.920077	-0.366917	0.97992	0.180193	0.0853641
3.13333	0.145309	-0.209715	-0.966905	-0.0986074	0.969342	-0.225062	0.98446	0.128048	0.120175
3.16667	0.131963	-0.0853929	-0.98757	-0.0501552	0.994431	-0.0926882	0.989985	0.0617632	0.126945
3.2	0.0518053	-0.00358671	-0.998651	-0.0585163	0.998264	-0.00662087	0.996941	0.0587804	0.0515055
3.23333	-0.129304	-0.0025752	-0.991602	-0.0958999	0.995342	0.00992032	0.986957	0.0963773	-0.128948
3.26667	-0.417841	-0.100401	-0.902956	-0.210417	0.977546	-0.0113242	0.883818	0.185266	-0.429585
3.3	-0.66673	-0.443695	-0.598837	-0.546497	0.837375	-0.0119779	0.506765	0.319277	-0.800782
3.33333	-0.496301	-0.782488	-0.376029	-0.853376	0.519286	0.0457316	0.159482	0.343591	-0.925479
3.36667	-0.377574	-0.8689	-0.32008	-0.922805	0.381682	0.052437	0.0766062	0.31517	-0.945938
3.4	-0.251954	-0.929226	-0.270293	-0.961104	0.272919	-0.042361	0.113131	0.249107	-0.961846
3.43333	-0.159349	-0.965117	-0.207742	-0.976075	0.185556	-0.113345	0.147939	0.184711	-0.971595
3.46667	-0.119346	-0.979734	-0.160865	-0.961718	0.154333	-0.22645	0.246687	0.127681	-0.960647
3.5	-0.0936455	-0.985572	-0.14099	-0.901115	0.144119	-0.408926	0.423345	0.0887544	-0.90161
3.53333	-0.0706662	-0.98064	-0.182623	-0.763357	0.171016	-0.622928	0.6421	0.095387	-0.760664
3.56667	-0.0349738	-0.958611	-0.282563	-0.534125	0.256897	-0.805428	0.844682	0.122755	-0.521003
3.6	0.0094568	-0.918956	-0.394247	-0.357106	0.365162	-0.859728	0.934016	0.148918	-0.324711
3.63333	-0.0142539	-0.846047	-0.532917	-0.380312	0.497502	-0.77965	0.924748	0.191562	-0.328853
3.66667	-0.352662	-0.697251	-0.624076	-0.349685	0.716806	-0.603249	0.867957	0.00548711	-0.496608
3.7	-0.293179	-0.735061	-0.611336	-0.523666	0.658449	-0.540573	0.799888	0.161651	-0.577969
3.73333	-0.228421	-0.789066	-0.570263	-0.571864	0.582793	-0.577342	0.787906	0.194236	-0.58436
3.76667	-0.155679	-0.812987	-0.561084	-0.579113	0.535273	-0.614907	0.800245	0.229203	-0.554142
3.8	-0.10085	-0.785466	-0.610633	-0.513654	0.566743	-0.644176	0.85205	0.248689	-0.460613
3.83333	-0.063922	-0.700902	-0.710387	-0.409147	0.667673	-0.621942	0.910227	0.250897	-0.329451
3.86667	-0.0118079	-0.566938	-0.823676	-0.299522	0.787915	-0.53803	0.954016	0.240356	-0.179114
3.9	0.0274464	-0.411647	-0.91093	-0.212353	0.888073	-0.407716	0.976807	0.204629	-0.0630402
3.93333	0.042434	-0.26733	-0.96267	-0.144812	0.951718	-0.270671	0.988549	0.150892	0.00167262
