0	-0.364484	0.275236	0.73996	0.996989	0.0229622	-0.0740607	-0.0119438	0.989224	0.14592	0.0766133	-0.144596	0.98652
0.0333333	0.160863	0.976307	-1.9785	0.0722254	0.996537	0.0412106	-0.997378	0.0723511	-0.00156505	-0.00454126	-0.0409895	0.999149
0.0666667	0.158349	0.976223	-1.97919	0.0327519	0.998819	0.0359002	-0.998694	0.0341148	-0.0380311	-0.0392109	-0.0346077	0.998631
0.1	0.157796	0.976091	-1.97908	0.03188	0.998917	0.0338991	-0.998541	0.0333103	-0.0424983	-0.0435814	-0.0324948	0.998521
0.133333	0.157349	0.976017	-1.97891	0.0320849	0.998937	0.0331022	-0.998499	0.0335066	-0.0433269	-0.04439	-0.0316624	0.998512
0.166667	0.156954	0.975924	-1.97876	0.0322717	0.998936	0.0329381	-0.99847	0.0337023	-0.0438416	-0.0449051	-0.0314729	0.998495
0.2	0.156639	0.975826	-1.97861	0.0326321	0.998917	0.0331776	-0.998435	0.0340889	-0.0443374	-0.0454204	-0.0316789	0.998466
0.233333	0.156411	0.975728	-1.97848	0.0329156	0.998882	0.0339372	-0.998405	0.0344202	-0.0447491	-0.0458672	-0.0324101	0.998422
0.266667	0.156182	0.975668	-1.97835	0.0329887	0.998845	0.0349458	-0.9984	0.0345407	-0.0447791	-0.0459344	-0.0334126	0.998386
0.3	0.15599	0.975606	-1.9782	0.03293	0.9988	0.0362514	-0.998396	0.0345445	-0.044849	-0.0460475	-0.0347163	0.998336
0.333333	0.155926	0.975516	-1.97814	0.0328467	0.998734	0.0380963	-0.998363	0.0345728	-0.0455717	-0.0468311	-0.0365371	0.998234
0.366667	0.155812	0.975479	-1.97781	0.0336962	0.998678	0.0388058	-0.998336	0.0354515	-0.0454692	-0.0467849	-0.0372091	0.998212
0.4	0.155821	0.975389	-1.9775	0.0339969	0.998632	0.0397374	-0.998315	0.0358031	-0.0456611	-0.0470214	-0.0381181	0.998166
0.433333	0.15574	0.975325	-1.9772	0.0341	0.998621	0.0399248	-0.998319	0.0359083	-0.0454881	-0.046859	-0.0383066	0.998167
0.466667	0.155664	0.975257	-1.97682	0.0341628	0.998617	0.0399671	-0.998318	0.0359719	-0.0454563	-0.0468311	-0.038347	0.998166
0.5	0.155651	0.975188	-1.9764	0.034261	0.998599	0.0403149	-0.998328	0.0360752	-0.0451669	-0.0465581	-0.0387	0.998166
0.533333	0.155659	0.975076	-1.97589	0.0343917	0.998596	0.0402821	-0.998351	0.0361807	-0.0445606	-0.0459555	-0.0386832	0.998194
0.566667	0.155515	0.974875	-1.97534	0.0343387	0.998691	0.0379068	-0.998334	0.0360368	-0.0450626	-0.0463697	-0.0362963	0.998265
0.6	0.155227	0.974671	-1.97447	0.0342589	0.998903	0.0319301	-0.998241	0.035748	-0.0472968	-0.0483864	-0.0302536	0.99837
0.633333	0.154762	0.97456	-1.97363	0.031964	0.999169	0.025277	-0.998108	0.0332388	-0.0517337	-0.052531	-0.0235755	0.998341
0.666667	0.153805	0.974874	-1.97242	0.0280644	0.999447	0.0178147	-0.997986	0.0290287	-0.056402	-0.0568879	-0.0161959	0.998249
0.7	0.15226	0.975504	-1.9711	0.0226304	0.999686	0.0107546	-0.997936	0.0232348	-0.0598616	-0.0600927	-0.00937772	0.998149
0.733333	0.150242	0.975867	-1.96971	0.0194421	0.999801	0.00455095	-0.99794	0.0196839	-0.0610622	-0.0611397	-0.0033544	0.998124
0.766667	0.147875	0.975909	-1.96773	0.0191573	0.999816	-0.00111079	-0.998006	0.0190558	-0.0601785	-0.0601463	0.00226143	0.998187
0.8	0.14539	0.97552	-1.96505	0.0201129	0.999787	-0.00452742	-0.997888	0.0197946	-0.0618617	-0.0617589	0.00576208	0.998074
0.833333	0.142742	0.974975	-1.96127	0.021137	0.999755	-0.00655238	-0.997578	0.0206556	-0.0664157	-0.0662641	0.00794034	0.997771
0.866667	0.139609	0.974316	-1.95627	0.0231594	0.999693	-0.0087922	-0.99713	0.0224642	-0.0722977	-0.072078	0.0104413	0.997344
0.9	0.135822	0.973384	-1.95002	0.0252852	0.999605	-0.0122773	-0.996674	0.0242556	-0.0777954	-0.0774669	0.0142035	0.996894
0.933333	0.13146	0.972272	-1.94235	0.0270917	0.999467	-0.0182301	-0.996493	0.0255578	-0.0796773	-0.0791688	0.0203248	0.996654
0.966667	0.126434	0.970946	-1.93334	0.0285151	0.999192	-0.0283376	-0.996783	0.0262991	-0.0757136	-0.0749072	0.0304054	0.996727
1	0.120424	0.969338	-1.92282	0.0295524	0.998659	-0.0424971	-0.997388	0.026658	-0.0671333	-0.0659104	0.0443701	0.996839
1.03333	0.114382	0.967168	-1.91093	0.0346937	0.997942	-0.0539279	-0.99817	0.0319265	-0.0513552	-0.0495278	0.0556109	0.997223
1.06667	0.110328	0.965231	-1.89891	0.0574878	0.996979	-0.0522309	-0.99793	0.0558744	-0.0318436	-0.028829	0.0539534	0.998127
1.1	0.109691	0.963831	-1.88753	0.09527	0.994858	-0.0343543	-0.995239	0.0944803	-0.0239226	-0.0205538	0.0364698	0.999123
1.13333	0.110795	0.963339	-1.87358	0.139436	0.990085	-0.0170075	-0.989957	0.138973	-0.0259044	-0.023284	0.0204487	0.99952
1.16667	0.111063	0.962948	-1.85675	0.184298	0.982771	-0.0139562	-0.982547	0.183855	-0.0282601	-0.0252073	0.0189209	0.999503
1.2	0.111169	0.961235	-1.83735	0.224905	0.974281	-0.0139066	-0.974105	0.224479	-0.0269716	-0.0231562	0.0196125	0.999539
1.23333	0.111712	0.95714	-1.81593	0.254863	0.966947	-0.00770706	-0.966738	0.254614	-0.0242889	-0.0215238	0.0136411	0.999675
1.26667	0.113035	0.950744	-1.79233	0.274535	0.961574	0.00235877	-0.961348	0.274522	-0.0211513	-0.0209861	0.00353916	0.999774
1.3	0.115215	0.943024	-1.76639	0.285741	0.958174	0.0159539	-0.9581	0.285985	-0.0160202	-0.0199127	-0.0107078	0.999744
1.33333	0.117709	0.935214	-1.73754	0.286585	0.957702	0.0260044	-0.957853	0.286975	-0.0127254	-0.0196498	-0.0212614	0.999581
1.36667	0.118894	0.928842	-1.70456	0.282479	0.9589	0.026762	-0.959095	0.282854	-0.0113798	-0.0184818	-0.0224527	0.999577
1.4	0.117569	0.924861	-1.66526	0.285317	0.958399	0.00810587	-0.958378	0.285381	-0.00831544	-0.0102828	-0.00539595	0.999933
1.43333	0.114909	0.923921	-1.61999	0.289739	0.956912	-0.0192746	-0.957103	0.289731	-0.00325608	0.00246868	0.0193912	0.999809
1.46667	0.11275	0.927431	-1.57197	0.307525	0.951133	-0.027817	-0.95151	0.307614	-0.00113651	0.00747593	0.0268177	0.999612
1.5	0.110583	0.933226	-1.52262	0.306424	0.95147	-0.0284593	-0.951849	0.306567	0.000697731	0.00938855	0.0268752	0.999595
1.53333	0.107756	0.939944	-1.47243	0.284389	0.9584	-0.0243281	-0.958595	0.284655	0.00819876	0.0147828	0.0209892	0.99967
1.56667	0.101585	0.946516	-1.42749	0.236016	0.971083	-0.0359744	-0.971281	0.23689	0.0222692	0.0301472	0.0296854	0.999105
1.6	0.0986825	0.951911	-1.38945	0.203723	0.97771	-0.0507939	-0.978641	0.204829	0.0175387	0.0275518	0.0461359	0.998555
1.63333	0.0979739	0.957887	-1.3495	0.149328	0.987514	-0.0501672	-0.988673	0.149891	0.00763346	0.0150578	0.0484591	0.998712
1.66667	0.0972469	0.963544	-1.30878	0.0744963	0.996111	-0.0470484	-0.997221	0.07439	-0.00400788	-0.000492362	0.0472162	0.998885
1.7	0.0961317	0.967091	-1.26604	-0.00747075	0.999385	-0.0342471	-0.999947	-0.00770937	-0.00684085	-0.00710067	0.0341942	0.99939
1.73333	0.0951275	0.966608	-1.2213	-0.0825926	0.996535	-0.00986091	-0.996571	-0.0826373	-0.00421583	-0.0050161	0.0094789	0.999942
1.76667	0.096371	0.961728	-1.1719	-0.146608	0.988519	0.036549	-0.989109	-0.146982	0.00774094	0.0130241	-0.0350161	0.999302
1.8	0.10429	0.952354	-1.1205	-0.173407	0.980115	0.0964568	-0.983725	-0.177056	0.0305932	0.0470632	-0.0895819	0.994867
1.83333	0.109234	0.939853	-1.07446	-0.128486	0.985897	0.107234	-0.989124	-0.135205	0.0579096	0.0715915	-0.098627	0.992546
1.86667	0.10734	0.930083	-1.02523	-0.111555	0.987477	0.111558	-0.990384	-0.119716	0.0693369	0.0818238	-0.10275	0.991336
1.9	0.10235	0.925896	-0.966793	-0.146864	0.981666	0.121506	-0.98602	-0.155064	0.0609874	0.0787104	-0.11085	0.990715
1.93333	0.0956598	0.925462	-0.901868	-0.18646	0.971722	0.144877	-0.979629	-0.195082	0.0476487	0.0745642	-0.133041	0.988302
1.96667	0.0883647	0.929495	-0.840044	-0.226781	0.962203	0.150786	-0.972441	-0.232303	0.0198399	0.054118	-0.142131	0.988367
2	0.0830563	0.935996	-0.782513	-0.25407	0.95587	0.147515	-0.966209	-0.257697	0.00569218	0.0434551	-0.141084	0.989043
2.03333	0.0841023	0.941302	-0.729195	-0.214059	0.963918	0.158246	-0.974939	-0.220874	0.0266022	0.0605948	-0.148586	0.987041
2.06667	0.0845559	0.94852	-0.67763	-0.147192	0.976057	0.160149	-0.987372	-0.154583	0.0346447	0.0585716	-0.153027	0.986485
2.1	0.0848976	0.956787	-0.627723	-0.0675683	0.984588	0.16131	-0.996968	-0.0728849	0.0272657	0.0386026	-0.158979	0.986527
2.13333	0.0833897	0.963124	-0.577275	0.00484559	0.989301	0.145809	-0.999561	0.000531657	0.0296106	0.0292163	-0.145888	0.98887
2.16667	0.0800532	0.964257	-0.525499	0.0668187	0.991059	0.115488	-0.99726	0.0626543	0.0393251	0.0317376	-0.117799	0.99253
2.2	0.0772323	0.959042	-0.471844	0.105379	0.990481	0.088562	-0.993394	0.100781	0.0548845	0.0454367	-0.0937606	0.994557
2.23333	0.0763262	0.948573	-0.416409	0.113022	0.991247	0.0682329	-0.991712	0.108318	0.0691019	0.0611062	-0.0754773	0.995273
2.26667	0.0785733	0.936696	-0.359919	0.0989778	0.993655	0.053421	-0.992341	0.0945743	0.0794733	0.0739168	-0.0608779	0.995405
2.3	0.0822007	0.926432	-0.302656	0.0922569	0.994525	0.0490773	-0.991856	0.0874397	0.0926024	0.0878041	-0.0572208	0.994493
2.33333	0.0819021	0.920195	-0.238609	0.111003	0.993422	0.0281192	-0.987858	0.107199	0.112454	0.1087	-0.0402605	0.993259
2.36667	0.0797076	0.917988	-0.166434	0.128753	0.991677	3.95428e-05	-0.982755	0.12759	0.13384	0.132721	-0.0172712	0.991003
2.4	0.0784311	0.921027	-0.0936945	0.150242	0.98862	-0.00763261	-0.976557	0.149604	0.154776	0.154156	-0.0158001	0.98792
2.43333	0.0685263	0.926733	-0.0304124	0.160126	0.986132	-0.0436262	-0.971826	0.165239	0.16808	0.172958	0.0154829	0.984807
2.46667	0.0659158	0.929994	0.0221245	0.172847	0.983791	-0.0477353	-0.971251	0.178298	0.157742	0.163696	0.0190977	0.986326
2.5	0.0670861	0.936756	0.0775383	0.157959	0.986907	-0.0326156	-0.97692	0.160999	0.140383	0.143796	0.00968816	0.98956
2.53333	0.0679742	0.945656	0.131827	0.104155	0.994415	-0.0170241	-0.988005	0.105415	0.112848	0.114012	0.00506624	0.993466
2.56667	0.0687934	0.953865	0.186062	0.0399382	0.999128	0.0121871	-0.994644	0.0385893	0.0958891	0.0953352	-0.0159515	0.995317
2.6	0.0694851	0.958628	0.241786	-0.0291763	0.99799	0.0562577	-0.99541	-0.0341409	0.0894095	0.0911504	-0.0533908	0.994405
2.63333	0.0722244	0.958046	0.300426	-0.0836671	0.989586	0.117128	-0.991508	-0.0944151	0.0894349	0.0995621	-0.10865	0.989082
2.66667	0.0830773	0.950764	0.358529	-0.0943862	0.97707	0.190853	-0.988737	-0.114369	0.0965332	0.116147	-0.179592	0.976861
2.7	0.0897106	0.937485	0.409743	-0.052124	0.977612	0.203858	-0.991895	-0.0743691	0.103026	0.11588	-0.196835	0.973564
2.73333	0.0902383	0.924123	0.463525	-0.0267814	0.978607	0.203986	-0.993638	-0.0483908	0.101696	0.109392	-0.199964	0.973677
2.76667	0.0887221	0.9158	0.525162	-0.0481648	0.97491	0.217327	-0.992437	-0.0713049	0.0999202	0.11291	-0.21087	0.970971
2.8	0.085261	0.913131	0.593269	-0.100391	0.968278	0.228821	-0.987539	-0.124986	0.0956261	0.121192	-0.21637	0.96876
2.83333	0.0804405	0.916005	0.659238	-0.154192	0.960166	0.233035	-0.980651	-0.177513	0.0825345	0.120614	-0.2158	0.96896
2.86667	0.081426	0.922855	0.720941	-0.192109	0.948602	0.251491	-0.972715	-0.218023	0.0793252	0.130079	-0.22939	0.964603
2.9	0.0847907	0.929413	0.779378	-0.156524	0.954311	0.254539	-0.976785	-0.187732	0.103185	0.146255	-0.232479	0.961542
2.93333	0.0859545	0.938594	0.835649	-0.0887054	0.966227	0.241943	-0.987069	-0.117831	0.108676	0.133514	-0.229175	0.964185
2.96667	0.0861557	0.94848	0.890421	-0.0199132	0.974342	0.224189	-0.993262	-0.0448851	0.106849	0.11417	-0.220551	0.96867
3	0.0845916	0.955269	0.945442	0.0403432	0.982373	0.182523	-0.993365	0.019744	0.113298	0.107697	-0.185883	0.976652
3.03333	0.0827333	0.955997	1.00143	0.0855401	0.988214	0.126946	-0.989894	0.0698308	0.123422	0.113102	-0.136221	0.984201
3.06667	0.0823999	0.950303	1.05841	0.102171	0.991658	0.078584	-0.98705	0.0912412	0.131936	0.123665	-0.0910464	0.988138
3.1	0.0843102	0.939976	1.11608	0.0935127	0.994901	0.0377682	-0.987018	0.0876629	0.134576	0.130579	-0.0498625	0.990183
3.13333	0.0890304	0.928204	1.17354	0.0803772	0.996689	0.0122547	-0.987692	0.0779847	0.13558	0.134176	-0.0230015	0.990691
3.16667	0.0927922	0.918095	1.23241	0.0887626	0.996	-0.0103032	-0.985846	0.0893254	0.141876	0.142228	-0.00243584	0.989831
3.2	0.0931558	0.910773	1.29854	0.101202	0.994084	-0.0394388	-0.981996	0.10617	0.156244	0.159507	0.0229165	0.986931
3.23333	0.0934515	0.907933	1.36945	0.120414	0.991365	-0.051921	-0.975873	0.127804	0.177026	0.182133	0.0293519	0.982836
3.26667	0.0881869	0.912404	1.43539	0.123149	0.989295	-0.0782963	-0.970367	0.13657	0.199342	0.207901	0.0514273	0.976797
3.3	0.0847944	0.915714	1.48514	0.129659	0.985247	-0.111704	-0.969656	0.149535	0.193407	0.207257	0.083237	0.974739
3.33333	0.0865615	0.920629	1.5375	0.155915	0.980507	-0.119569	-0.966907	0.176247	0.184466	0.201944	0.086851	0.975539
3.36667	0.0867654	0.928377	1.58955	0.131386	0.984652	-0.114884	-0.974852	0.149374	0.165382	0.180005	0.090266	0.979515
3.4	0.0875462	0.937462	1.64077	0.0783595	0.992471	-0.0941289	-0.985497	0.0913709	0.142995	0.150519	0.0815587	0.985237
3.43333	0.0877979	0.945079	1.69197	0.0180931	0.998273	-0.0558969	-0.990556	0.0254964	0.134714	0.135906	0.0529316	0.989307
3.46667	0.0882232	0.948665	1.74365	-0.0319528	0.999479	-0.00444818	-0.990409	-0.0310637	0.134628	0.13442	0.00870727	0.990886
3.5	0.0903978	0.947534	1.79896	-0.0635845	0.995743	0.0667295	-0.987241	-0.0725409	0.141749	0.145986	-0.0568651	0.987651
3.53333	0.0996856	0.940127	1.85438	-0.0545098	0.987969	0.144724	-0.985177	-0.0768237	0.153379	0.162652	-0.134218	0.977512
3.56667	0.104018	0.926741	1.90169	0.000836635	0.986777	0.162081	-0.987354	-0.0248797	0.156569	0.158531	-0.160162	0.974277
3.6	0.102937	0.915099	1.95323	0.0195587	0.983635	0.179107	-0.988034	-0.00839683	0.154009	0.152993	-0.179976	0.971701
3.63333	0.0986613	0.907627	2.01195	-0.0146479	0.981616	0.190305	-0.987258	-0.0443595	0.152822	0.158454	-0.185642	0.969757
3.66667	0.0930375	0.905233	2.07191	-0.0779239	0.977922	0.1939	-0.982234	-0.108611	0.153035	0.170715	-0.17853	0.969012
3.7	0.0899309	0.908295	2.12719	-0.140635	0.968388	0.206023	-0.974844	-0.171786	0.142013	0.172916	-0.180868	0.968187
3.73333	0.0934542	0.911653	2.17946	-0.170679	0.954955	0.242756	-0.964693	-0.212109	0.156132	0.200589	-0.207536	0.957441
3.76667	0.0986572	0.911907	2.22751	-0.145354	0.951531	0.271038	-0.962972	-0.198933	0.181964	0.227062	-0.234553	0.945213
3.8	0.104773	0.914457	2.27391	-0.106472	0.949078	0.296504	-0.968983	-0.165922	0.183143	0.223014	-0.267808	0.937307
3.83333	0.107113	0.91999	2.31786	-0.0781714	0.957213	0.278626	-0.976454	-0.12988	0.172244	0.201062	-0.258601	0.944828
3.86667	0.10613	0.927175	2.36034	-0.034383	0.97192	0.232786	-0.98104	-0.0772751	0.177735	0.190733	-0.222261	0.956149
3.9	0.105528	0.934237	2.40313	0.0172681	0.98213	0.187411	-0.98198	-0.0186215	0.188066	0.188195	-0.187282	0.96411
3.93333	0.104712	0.938632	2.44769	0.0600807	0.988558	0.138356	-0.981238	0.0330516	0.189944	0.183198	-0.147172	0.971997
3.96667	0.104158	0.938232	2.4944	0.0621172	0.995568	0.0706034	-0.98228	0.0484484	0.181051	0.176828	-0.0805986	0.980936
4	0.107552	0.931392	2.53653	0.0352577	0.999065	0.0250211	-0.985674	0.0306313	0.165855	0.164933	-0.0305104	0.985833
4.03333	0.111651	0.920916	2.57887	0.0319064	0.999435	-0.0105263	-0.986257	0.0331903	0.161851	0.162109	0.00521753	0.986759
4.06667	0.113781	0.909202	2.62618	0.0324157	0.998738	-0.0383721	-0.985822	0.0382732	0.163369	0.164631	0.0325324	0.985819
4.1	0.115104	0.901132	2.67281	0.0683369	0.996955	-0.0375708	-0.982425	0.0738022	0.171451	0.173701	0.0251941	0.984476
