0	0.999535	0.00423112	-0.0301946	-0.00418055	0.99999	0.00173751	0.0302016	-0.00161047	0.999543
0.0333333	0.26589	0.332852	0.904716	-0.373315	0.900823	-0.221705	-0.888785	-0.278795	0.363779
0.0666667	0.22159	0.333042	0.916505	-0.372757	0.897421	-0.235983	-0.901083	-0.289342	0.323004
0.1	0.220632	0.329349	0.918069	-0.361662	0.901789	-0.236594	-0.905827	-0.27983	0.318077
0.133333	0.220567	0.327952	0.918585	-0.355964	0.903887	-0.237232	-0.908097	-0.274657	0.316107
0.166667	0.220672	0.327496	0.918722	-0.353536	0.904743	-0.237595	-0.909019	-0.272371	0.315433
0.2	0.220819	0.327558	0.918665	-0.352224	0.905131	-0.238068	-0.909493	-0.271006	0.315244
0.233333	0.220832	0.327865	0.918552	-0.351091	0.905389	-0.238759	-0.909928	-0.26977	0.315049
0.266667	0.2208	0.328509	0.91833	-0.350317	0.905448	-0.239671	-0.910233	-0.268787	0.315005
0.3	0.22081	0.328931	0.918176	-0.349368	0.905618	-0.240413	-0.910596	-0.267696	0.314888
0.333333	0.220965	0.331462	0.917228	-0.349963	0.904789	-0.242658	-0.91033	-0.267377	0.315926
0.366667	0.221062	0.331511	0.917187	-0.349026	0.905058	-0.243004	-0.910666	-0.266403	0.31578
0.4	0.221254	0.331376	0.917189	-0.347866	0.905447	-0.243218	-0.911063	-0.265246	0.315608
0.433333	0.221033	0.331281	0.917277	-0.347735	0.905493	-0.243233	-0.911167	-0.265207	0.315341
0.466667	0.221329	0.330846	0.917363	-0.347914	0.90558	-0.242656	-0.911027	-0.265456	0.315537
0.5	0.221419	0.330251	0.917555	-0.348174	0.905668	-0.241953	-0.910905	-0.265896	0.315517
0.533333	0.222203	0.329211	0.91774	-0.348909	0.905786	-0.240445	-0.910433	-0.26678	0.316133
0.566667	0.223	0.327502	0.918158	-0.350677	0.905772	-0.237912	-0.909558	-0.268923	0.316835
0.6	0.223913	0.323393	0.919391	-0.354638	0.90571	-0.23221	-0.907797	-0.274056	0.317488
0.633333	0.225608	0.317216	0.921127	-0.360048	0.905712	-0.223722	-0.905244	-0.281177	0.318549
0.666667	0.22769	0.30807	0.923715	-0.370147	0.904804	-0.210525	-0.900638	-0.293976	0.320046
0.7	0.229778	0.295609	0.927263	-0.384043	0.902982	-0.192702	-0.894267	-0.311831	0.321012
0.733333	0.232108	0.28035	0.931413	-0.392407	0.903172	-0.174062	-0.890024	-0.325092	0.319644
0.766667	0.234095	0.264107	0.935653	-0.396483	0.904663	-0.156162	-0.887694	-0.334414	0.316491
0.8	0.238291	0.247356	0.939166	-0.398524	0.906761	-0.137705	-0.885661	-0.341467	0.31465
0.833333	0.245286	0.230663	0.94161	-0.400606	0.908592	-0.118219	-0.882808	-0.348217	0.31527
0.866667	0.251795	0.212838	0.944087	-0.404763	0.909259	-0.0970327	-0.879071	-0.357699	0.315096
0.9	0.255659	0.191181	0.947675	-0.411112	0.908704	-0.0724111	-0.875	-0.371088	0.310915
0.933333	0.255032	0.15897	0.953775	-0.423767	0.904993	-0.0375276	-0.869126	-0.394608	0.298169
0.966667	0.244613	0.106358	0.96377	-0.448277	0.893767	0.0151433	-0.859775	-0.43574	0.266305
1	0.207488	0.0120943	0.978163	-0.500913	0.8602	0.0956181	-0.840259	-0.509814	0.18454
1.03333	0.149268	-0.15437	0.976672	-0.613651	0.760047	0.213918	-0.775339	-0.631268	0.0187213
1.06667	0.123183	-0.392002	0.91168	-0.775106	0.535674	0.335058	-0.619707	-0.747922	-0.237858
1.1	0.16966	-0.593364	0.786851	-0.879873	0.268426	0.392136	-0.44389	-0.758859	-0.476544
1.13333	0.201099	-0.704886	0.680217	-0.914796	0.11318	0.387735	-0.350296	-0.700233	-0.622067
1.16667	0.203978	-0.762647	0.61381	-0.923045	0.0590656	0.38013	-0.32616	-0.644113	-0.691909
1.2	0.20313	-0.792049	0.575671	-0.91736	0.051605	0.394699	-0.342328	-0.608273	-0.716111
1.23333	0.174534	-0.807366	0.563646	-0.898713	0.103265	0.426205	-0.402309	-0.580944	-0.707567
1.26667	0.102874	-0.805009	0.584275	-0.856743	0.22673	0.463233	-0.505379	-0.548228	-0.666361
1.3	0.0911464	-0.795592	0.598937	-0.78587	0.311936	0.533951	-0.611637	-0.519355	-0.5968
1.33333	0.0750313	-0.781936	0.618827	-0.696083	0.403293	0.59399	-0.71403	-0.475322	-0.514032
1.36667	0.0527161	-0.761582	0.645921	-0.615996	0.484298	0.621292	-0.785983	-0.430637	-0.443602
1.4	0.034287	-0.738442	0.673444	-0.599671	0.523859	0.604951	-0.799512	-0.424587	-0.424861
1.43333	-0.011837	-0.715721	0.698286	-0.64772	0.537508	0.539948	-0.761786	-0.445903	-0.469949
1.46667	-0.000454813	-0.707582	0.706631	-0.689194	0.51223	0.512477	-0.724577	-0.486772	-0.487894
1.5	0.0192983	-0.697087	0.716727	-0.715557	0.491038	0.496849	-0.698287	-0.522447	-0.48933
1.53333	0.0404567	-0.680696	0.731448	-0.713926	0.492466	0.497783	-0.699052	-0.542338	-0.466043
1.56667	0.0751192	-0.65573	0.751249	-0.697325	0.503991	0.509637	-0.712808	-0.562149	-0.419398
1.6	0.112596	-0.612809	0.782168	-0.685429	0.522	0.507644	-0.719381	-0.593279	-0.361262
1.63333	0.155641	-0.543847	0.824625	-0.673704	0.552078	0.491256	-0.722425	-0.632013	-0.280466
1.66667	0.193996	-0.457369	0.867859	-0.646746	0.605556	0.463703	-0.737621	-0.651241	-0.178326
1.7	0.222134	-0.365335	0.903984	-0.607276	0.673515	0.421418	-0.762806	-0.642579	-0.0722489
1.73333	0.253461	-0.274172	0.927678	-0.564707	0.736689	0.372015	-0.785407	-0.618158	0.0318955
1.76667	0.287849	-0.181388	0.940341	-0.515676	0.798037	0.311793	-0.806983	-0.57466	0.136176
1.8	0.297218	-0.112594	0.948148	-0.464803	0.850356	0.246684	-0.834038	-0.514021	0.200407
1.83333	0.265934	-0.0703412	0.961421	-0.457317	0.868758	0.190058	-0.848611	-0.490217	0.198864
1.86667	0.203552	-0.0553933	0.977496	-0.476349	0.866658	0.148306	-0.85537	-0.495817	0.150023
1.9	0.0976031	-0.0629917	0.99323	-0.50226	0.858464	0.103801	-0.85919	-0.508991	0.0521505
1.93333	-0.0597184	-0.0844391	0.994638	-0.556513	0.830012	0.0370501	-0.82869	-0.551317	-0.0965584
1.96667	-0.274141	-0.13947	0.951522	-0.663515	0.743637	-0.0821648	-0.696128	-0.653875	-0.296402
2	-0.327591	-0.321932	0.888281	-0.853333	0.504407	-0.131895	-0.405594	-0.801207	-0.439955
2.03333	-0.256634	-0.47808	0.839987	-0.959037	0.233822	-0.159926	-0.11995	-0.846621	-0.518503
2.06667	-0.173017	-0.57054	0.802838	-0.984901	0.0953237	-0.144511	0.00591976	-0.815719	-0.578418
2.1	-0.085523	-0.632799	0.769578	-0.99603	0.0351639	-0.0817744	0.0246854	-0.773517	-0.633295
2.13333	-0.00561288	-0.679356	0.733787	-0.999856	0.0155586	0.00675638	-0.0160067	-0.733644	-0.679346
2.16667	0.0456975	-0.713627	0.699034	-0.992562	0.0466045	0.112463	-0.112835	-0.698974	-0.706189
2.2	0.0591045	-0.729085	0.681867	-0.964442	0.134559	0.227475	-0.2576	-0.671066	-0.695207
2.23333	0.0232159	-0.71507	0.698667	-0.891766	0.301087	0.337788	-0.451901	-0.630889	-0.630685
2.26667	0.0129494	-0.676527	0.736304	-0.741494	0.487524	0.460985	-0.670835	-0.551934	-0.495328
2.3	0.0531451	-0.629666	0.775046	-0.565476	0.620733	0.543073	-0.823051	-0.467132	-0.323072
2.33333	0.0652119	-0.552936	0.830668	-0.507009	0.698624	0.504843	-0.85947	-0.454078	-0.234785
2.36667	0.020243	-0.473353	0.88064	-0.537754	0.737405	0.408723	-0.842859	-0.481842	-0.23962
2.4	-0.131541	-0.399187	0.907384	-0.521675	0.806216	0.279054	-0.842942	-0.436653	-0.314297
2.43333	-0.0830667	-0.41787	0.904702	-0.619618	0.732679	0.281523	-0.780496	-0.537184	-0.319781
2.46667	-0.0216613	-0.438794	0.898326	-0.675536	0.668809	0.310396	-0.737009	-0.600128	-0.310909
2.5	0.0431306	-0.443788	0.895093	-0.67457	0.647932	0.35375	-0.73695	-0.619061	-0.271421
2.53333	0.0912124	-0.420703	0.902601	-0.652738	0.659259	0.373244	-0.752073	-0.623206	-0.214476
2.56667	0.130308	-0.367662	0.920785	-0.6176	0.696417	0.365476	-0.775622	-0.616301	-0.13632
2.6	0.167299	-0.295077	0.940713	-0.575617	0.745416	0.336186	-0.800423	-0.597734	-0.0451439
2.63333	0.199395	-0.219601	0.954996	-0.527195	0.797466	0.293451	-0.826019	-0.561982	0.0432385
2.66667	0.224504	-0.15212	0.962527	-0.476578	0.844416	0.244613	-0.849983	-0.513636	0.117078
2.7	0.227932	-0.0940086	0.969128	-0.446171	0.874595	0.189775	-0.865435	-0.475653	0.157404
2.73333	0.199521	-0.0591692	0.978106	-0.44223	0.885305	0.143764	-0.874428	-0.461231	0.15047
2.76667	0.127277	-0.0480236	0.990704	-0.467057	0.878257	0.102576	-0.875019	-0.475771	0.0893519
2.8	-0.0184805	-0.0771198	0.996851	-0.544357	0.83707	0.0546668	-0.83865	-0.541633	-0.0574502
2.83333	-0.233029	-0.163355	0.958651	-0.701001	0.711464	-0.0491651	-0.674014	-0.683472	-0.280304
2.86667	-0.282626	-0.339536	0.897128	-0.886933	0.448708	-0.109592	-0.365338	-0.826666	-0.427962
2.9	-0.215855	-0.487377	0.846091	-0.974721	0.158728	-0.157238	-0.057664	-0.858644	-0.509319
2.93333	-0.135853	-0.564244	0.814354	-0.98937	0.0342291	-0.141334	0.0518721	-0.824898	-0.562897
2.96667	-0.0596406	-0.611284	0.789161	-0.997311	0.00275133	-0.0732403	0.0425993	-0.791407	-0.609804
3	0.00458437	-0.642825	0.766	-0.999989	-0.00247466	0.00390802	-0.00061658	-0.766009	-0.642829
3.03333	0.0489443	-0.656316	0.752897	-0.995084	0.0329311	0.0933951	-0.0860904	-0.753767	-0.651478
3.06667	0.0576709	-0.655074	0.75336	-0.97129	0.137641	0.194038	-0.230803	-0.742922	-0.628329
3.1	0.0307348	-0.624457	0.780454	-0.901051	0.320652	0.292044	-0.432623	-0.712205	-0.552812
3.13333	0.0389273	-0.560745	0.827073	-0.732874	0.546621	0.405096	-0.67925	-0.621909	-0.389677
3.16667	0.0888801	-0.485344	0.869794	-0.567125	0.693218	0.444766	-0.818822	-0.532813	-0.213637
3.2	0.0712423	-0.401382	0.913136	-0.54244	0.752666	0.373166	-0.837068	-0.521907	-0.164104
3.23333	-0.0773743	-0.359067	0.930099	-0.550381	0.79325	0.26045	-0.831321	-0.491757	-0.259001
3.26667	-0.144112	-0.329071	0.933244	-0.57168	0.797474	0.192918	-0.807721	-0.505715	-0.303049
3.3	-0.0922762	-0.348484	0.932761	-0.650003	0.730713	0.208695	-0.754308	-0.587041	-0.293944
3.33333	-0.023709	-0.370509	0.928526	-0.686842	0.680916	0.254167	-0.72642	-0.631725	-0.270625
3.36667	0.0333381	-0.364308	0.930682	-0.678616	0.675383	0.288682	-0.733736	-0.6412	-0.224709
3.4	0.0747321	-0.333006	0.939959	-0.650897	0.697817	0.298971	-0.755478	-0.634159	-0.164603
3.43333	0.11267	-0.278251	0.953877	-0.612369	0.736563	0.287191	-0.782502	-0.616483	-0.0874037
3.46667	0.14193	-0.211629	0.96699	-0.561863	0.787039	0.254714	-0.814963	-0.579468	-0.00720214
3.5	0.171406	-0.140805	0.975087	-0.506327	0.836434	0.209788	-0.845135	-0.529672	0.0720759
3.53333	0.192285	-0.0817457	0.977929	-0.460165	0.872663	0.163426	-0.866761	-0.481433	0.130183
3.56667	0.194151	-0.0534824	0.979513	-0.455352	0.879508	0.138278	-0.868884	-0.47287	0.146404
3.6	0.171325	-0.0641748	0.983122	-0.481504	0.865128	0.140382	-0.859536	-0.497428	0.117317
3.63333	0.108579	-0.115328	0.987375	-0.550248	0.82024	0.156315	-0.827912	-0.560273	0.0256016
3.66667	-5.85785e-05	-0.220891	0.975299	-0.69743	0.69896	0.158262	-0.716653	-0.680193	-0.154097
3.7	-0.119816	-0.338155	0.933432	-0.877563	0.47573	0.0596982	-0.464249	-0.811993	-0.353753
3.73333	-0.135529	-0.462962	0.875955	-0.975852	0.215239	-0.0372265	-0.171306	-0.859848	-0.480954
3.76667	-0.0886855	-0.55583	0.826552	-0.994821	0.0080531	-0.101325	0.0496629	-0.831257	-0.553665
3.8	-0.04427	-0.599187	0.799384	-0.992504	-0.064863	-0.103584	0.113916	-0.797977	-0.591824
3.83333	0.0045608	-0.630063	0.776531	-0.994789	-0.0819534	-0.0606528	0.101854	-0.772207	-0.627154
3.86667	0.0542961	-0.661445	0.748026	-0.997144	-0.0753078	0.00578726	0.0525043	-0.746204	-0.663644
3.9	0.0921885	-0.68943	0.718462	-0.995738	-0.065635	0.0647841	0.00249212	-0.721372	-0.692543
3.93333	0.100071	-0.708812	0.698263	-0.992449	-0.0210773	0.120836	-0.0709324	-0.705082	-0.705569
3.96667	0.0362329	-0.693243	0.719793	-0.9641	0.165346	0.207778	-0.263056	-0.701481	-0.662364
4	0.0244937	-0.59143	0.805984	-0.800011	0.47187	0.37057	-0.599486	-0.653873	-0.461593
4.03333	0.0529464	-0.489597	0.87034	-0.593102	0.685765	0.421848	-0.803384	-0.538536	-0.254073
4.06667	0.0694114	-0.391043	0.917751	-0.548117	0.753715	0.362604	-0.833517	-0.528204	-0.162021
4.1	-0.0976813	-0.319777	0.942444	-0.50055	0.834266	0.231191	-0.860179	-0.449157	-0.241557
