0	0	1	0	0	0	-1	-1	0	0
0.0333333	0.992071	0.0906962	0.0870072	-0.0352071	0.865108	-0.500349	-0.12065	0.493319	0.861441
0.0666667	0.996734	0.0263064	0.0763479	0.0129708	0.881021	-0.4729	-0.0797044	0.472345	0.877802
0.1	0.997078	0.0196972	0.0738109	0.0166829	0.886726	-0.461994	-0.07455	0.461876	0.883806
0.133333	0.997127	0.017741	0.0736468	0.0179314	0.889285	-0.457001	-0.0736007	0.457008	0.886412
0.166667	0.997155	0.0167461	0.0734953	0.0185919	0.89025	-0.455093	-0.0730502	0.455165	0.887406
0.2	0.997184	0.0163246	0.0731944	0.0187685	0.890632	-0.454337	-0.0726061	0.454432	0.887818
0.233333	0.997208	0.0160179	0.0729316	0.0188807	0.890891	-0.453825	-0.0722434	0.453935	0.888101
0.266667	0.997206	0.0157614	0.0730157	0.0191606	0.890808	-0.453976	-0.0721982	0.454107	0.888017
0.3	0.99721	0.015212	0.0730851	0.0196998	0.89069	-0.454183	-0.0720053	0.454356	0.887905
0.333333	0.997225	0.0166841	0.0725575	0.0182985	0.889748	-0.456085	-0.0721672	0.456147	0.886973
0.366667	0.997256	0.0157833	0.0723341	0.018994	0.88977	-0.456014	-0.0715581	0.456137	0.887028
0.4	0.99726	0.0159067	0.0722431	0.0188328	0.889832	-0.455899	-0.0715361	0.45601	0.887095
0.433333	0.997231	0.0162469	0.0725718	0.0186927	0.889756	-0.456054	-0.0719806	0.456147	0.886988
0.466667	0.997201	0.016445	0.0729419	0.0187133	0.889582	-0.456392	-0.0723932	0.456479	0.886784
0.5	0.99716	0.0167868	0.0734128	0.0186848	0.889207	-0.457123	-0.0729529	0.457197	0.886368
0.533333	0.997082	0.0173643	0.0743328	0.0186431	0.888899	-0.457723	-0.0740224	0.457773	0.885982
0.566667	0.997065	0.0169842	0.0746494	0.0190932	0.889103	-0.457309	-0.074138	0.457392	0.886169
0.6	0.99714	0.0159165	0.0738792	0.0196452	0.889376	-0.456755	-0.0729763	0.4569	0.886519
0.633333	0.997339	0.0113044	0.072024	0.0231739	0.887516	-0.460194	-0.0691246	0.460639	0.884892
0.666667	0.997453	0.00665717	0.0710212	0.0275568	0.882381	-0.469729	-0.0657948	0.470489	0.879949
0.7	0.997388	0.00219546	0.0721994	0.0328267	0.87658	-0.480136	-0.0643426	0.481252	0.874218
0.733333	0.997188	-0.000212428	0.0749385	0.0366118	0.87391	-0.484707	-0.0653865	0.486088	0.87146
0.766667	0.996862	-0.000418878	0.0791611	0.0388059	0.87418	-0.48405	-0.0689983	0.485602	0.871453
0.8	0.996673	-0.00107968	0.0814981	0.0403608	0.875245	-0.481993	-0.0708104	0.483679	0.872376
0.833333	0.996583	-0.00183373	0.0825752	0.0415152	0.875408	-0.481598	-0.0714039	0.483381	0.872493
0.866667	0.996539	-0.00177484	0.0831044	0.0418089	0.874807	-0.482664	-0.0718437	0.484468	0.871854
0.9	0.996414	-0.000982384	0.0846067	0.0420825	0.873242	-0.485466	-0.0734052	0.487286	0.870152
0.933333	0.995966	0.00257998	0.089692	0.0419299	0.870355	-0.490637	-0.0793297	0.492419	0.866736
0.966667	0.995134	0.00791431	0.0982101	0.0428782	0.862645	-0.503989	-0.0887092	0.505748	0.858108
1	0.994391	0.0151296	0.104675	0.0450277	0.834975	-0.548443	-0.0956983	0.55008	0.829611
1.03333	0.994512	0.0298892	0.100266	0.0429106	0.757496	-0.651428	-0.0954217	0.652155	0.752056
1.06667	0.997316	0.0454364	0.0574065	0.0190363	0.596207	-0.802605	-0.0706936	0.801544	0.593743
1.1	0.999303	0.0204905	-0.0312083	-0.0368382	0.40541	-0.913392	-0.00606371	0.913905	0.405882
1.13333	0.992879	-0.0281852	-0.115743	-0.0998268	0.33332	-0.937514	0.0650034	0.942393	0.328132
1.16667	0.981605	-0.0608271	-0.180977	-0.14488	0.380038	-0.913554	0.124347	0.922969	0.364234
1.2	0.969164	-0.0701357	-0.236223	-0.175752	0.47519	-0.862152	0.172718	0.877084	0.44821
1.23333	0.955409	-0.0691187	-0.287083	-0.199383	0.566121	-0.799846	0.217808	0.821419	0.527096
1.26667	0.940405	-0.0585767	-0.334972	-0.218675	0.650201	-0.727612	0.260421	0.757501	0.598643
1.3	0.925785	-0.0375071	-0.376186	-0.234274	0.724058	-0.648734	0.296712	0.688719	0.661535
1.33333	0.91318	-0.0155776	-0.407259	-0.241372	0.784501	-0.571225	0.328393	0.619932	0.71263
1.36667	0.906068	-0.00702478	-0.423075	-0.237344	0.819318	-0.521906	0.350299	0.573297	0.74069
1.4	0.910608	-0.00628926	-0.413222	-0.227279	0.827478	-0.513444	0.345162	0.561464	0.752079
1.43333	0.925372	-0.00212498	-0.379054	-0.216507	0.817857	-0.533137	0.311145	0.575418	0.756362
1.46667	0.933381	0.0122717	-0.358678	-0.232628	0.781719	-0.578619	0.273285	0.62351	0.732496
1.5	0.944622	0.0306646	-0.326726	-0.240216	0.742932	-0.624779	0.223576	0.668664	0.709156
1.53333	0.960585	0.0600281	-0.271427	-0.230012	0.719959	-0.654792	0.156111	0.691415	0.70539
1.56667	0.979253	0.0780941	-0.186989	-0.185715	0.71506	-0.673943	0.0810775	0.694687	0.714728
1.6	0.987042	0.0927505	-0.130941	-0.157433	0.717587	-0.678442	0.0310358	0.690265	0.722891
1.63333	0.994235	0.0886053	-0.0603776	-0.10594	0.72501	-0.680542	-0.0165253	0.683015	0.730217
1.66667	0.997292	0.0688739	0.0257929	-0.0345976	0.748833	-0.661855	-0.0648992	0.65917	0.749188
1.7	0.991772	0.042323	0.120819	0.0441101	0.773	-0.632871	-0.120178	0.632993	0.764773
1.73333	0.976521	0.0164675	0.21479	0.119297	0.788882	-0.602854	-0.179372	0.614324	0.768396
1.76667	0.949245	-0.00681318	0.314464	0.19261	0.802986	-0.564017	-0.248668	0.595959	0.763542
1.8	0.917811	0.00268135	0.397009	0.230864	0.809927	-0.539185	-0.322994	0.586525	0.74274
1.83333	0.901135	0.0696347	0.42791	0.189705	0.824174	-0.533619	-0.389831	0.562039	0.729482
1.86667	0.881256	0.110113	0.459633	0.181504	0.819073	-0.54422	-0.436399	0.563023	0.701827
1.9	0.855582	0.110581	0.505719	0.224731	0.800719	-0.555288	-0.466344	0.588745	0.66023
1.93333	0.832081	0.126858	0.539953	0.28096	0.742956	-0.607518	-0.47823	0.657209	0.582557
1.96667	0.833624	0.18979	0.518701	0.323994	0.592542	-0.73751	-0.447324	0.782863	0.432467
2	0.869601	0.312668	0.382143	0.320065	0.232366	-0.918457	-0.375969	0.921002	0.101992
2.03333	0.927575	0.310037	0.208522	0.230558	-0.0357782	-0.972401	-0.294019	0.950051	-0.104668
2.06667	0.974999	0.193894	0.108546	0.130251	-0.102913	-0.986126	-0.180033	0.97561	-0.125595
2.1	0.998387	0.0522798	0.022157	0.0268753	-0.0913474	-0.995456	-0.0500183	0.994446	-0.092605
2.13333	0.997282	-0.0543538	-0.049743	-0.0499592	-0.00262561	-0.998748	0.0541551	0.998518	-0.00533394
2.16667	0.986793	-0.114468	-0.114616	-0.0971226	0.148189	-0.984178	0.129642	0.982312	0.135114
2.2	0.977131	-0.130198	-0.168121	-0.117951	0.325982	-0.937989	0.176928	0.936368	0.30317
2.23333	0.970911	-0.114391	-0.21035	-0.118236	0.534877	-0.836616	0.208213	0.837151	0.505792
2.26667	0.963308	-0.078178	-0.25676	-0.112974	0.74966	-0.65211	0.243463	0.65719	0.713321
2.3	0.953006	-0.0384071	-0.300507	-0.120739	0.861598	-0.493023	0.277852	0.506137	0.816471
2.33333	0.953987	-0.0222178	-0.299022	-0.115545	0.892996	-0.43498	0.27669	0.449516	0.84934
2.36667	0.969971	0.000835025	-0.24322	-0.112405	0.888336	-0.445224	0.215689	0.459194	0.861754
2.4	0.979719	0.0430781	-0.195689	-0.133099	0.869941	-0.474856	0.149782	0.491271	0.858031
2.43333	0.988112	0.0488496	-0.145765	-0.124336	0.811569	-0.570873	0.0904114	0.582211	0.807995
2.46667	0.989174	0.066966	-0.130578	-0.135538	0.75801	-0.638005	0.0562552	0.648796	0.75888
2.5	0.991718	0.0956015	-0.0857665	-0.128416	0.749529	-0.649396	0.00220122	0.655032	0.755598
2.53333	0.995148	0.0964246	-0.0195801	-0.0860429	0.756312	-0.648528	-0.0477254	0.647066	0.760939
2.56667	0.994092	0.0886487	0.0626345	-0.0277824	0.765631	-0.64268	-0.104928	0.637143	0.76357
2.6	0.984621	0.0725087	0.158943	0.0447777	0.774665	-0.630784	-0.168865	0.628201	0.759505
2.63333	0.965383	0.0598697	0.253873	0.111912	0.784095	-0.610468	-0.235609	0.617747	0.750251
2.66667	0.942483	0.0738812	0.325986	0.141983	0.794417	-0.590544	-0.302599	0.602862	0.738235
2.7	0.925779	0.123736	0.357242	0.111934	0.812852	-0.571614	-0.361114	0.569176	0.738671
2.73333	0.90857	0.166587	0.383078	0.101472	0.801562	-0.589238	-0.40522	0.574236	0.711371
2.76667	0.884045	0.185415	0.429052	0.143098	0.766505	-0.626094	-0.444958	0.614892	0.651092
2.8	0.858181	0.20751	0.469537	0.210484	0.691999	-0.690532	-0.468211	0.691432	0.550182
2.83333	0.858563	0.282371	0.427945	0.26474	0.470636	-0.841674	-0.439071	0.835924	0.329315
2.86667	0.891292	0.350191	0.288035	0.270224	0.0998736	-0.957603	-0.364111	0.931339	-0.00561338
2.9	0.936823	0.303348	0.174193	0.201723	-0.0616638	-0.9775	-0.285781	0.950883	-0.11896
2.93333	0.978248	0.186831	0.0901433	0.109421	-0.0955619	-0.989391	-0.176234	0.977733	-0.113926
2.96667	0.997664	0.0658886	0.0180163	0.0224503	-0.0671857	-0.997488	-0.0645126	0.995563	-0.068508
3	0.999044	-0.0198355	-0.0389669	-0.0382677	0.0344848	-0.998672	0.0211529	0.999208	0.0336928
3.03333	0.994414	-0.0657232	-0.0825963	-0.0688517	0.189236	-0.979515	0.0800071	0.97973	0.183654
3.06667	0.99021	-0.0848308	-0.110854	-0.0722973	0.367656	-0.927147	0.119407	0.926085	0.357924
3.1	0.986165	-0.0891147	-0.139773	-0.0593441	0.597518	-0.799656	0.154778	0.796888	0.583963
3.13333	0.977929	-0.0749648	-0.195027	-0.0566125	0.803432	-0.592699	0.201122	0.590659	0.781455
3.16667	0.969297	-0.0512118	-0.240502	-0.070944	0.878237	-0.472934	0.235438	0.475476	0.847639
3.2	0.973548	-0.0444934	-0.224109	-0.0590238	0.898588	-0.434805	0.220728	0.436531	0.872192
3.23333	0.983481	-0.0111173	-0.180668	-0.0740285	0.886119	-0.457507	0.165179	0.463325	0.870658
3.26667	0.992242	0.00665519	-0.124146	-0.0720642	0.844487	-0.530705	0.101308	0.535535	0.838415
3.3	0.994528	0.0106071	-0.103934	-0.071965	0.790727	-0.607924	0.0757348	0.612077	0.787163
3.33333	0.993529	0.0685731	-0.0905377	-0.110666	0.763776	-0.635924	0.0255432	0.641829	0.766422
3.36667	0.995072	0.0902484	-0.0410841	-0.0957249	0.766169	-0.63547	-0.0258728	0.636271	0.771032
3.4	0.995898	0.0872792	0.0238751	-0.052815	0.774934	-0.629831	-0.0734728	0.625987	0.776365
3.43333	0.991229	0.0814379	0.104084	0.00112293	0.782356	-0.62283	-0.132153	0.617484	0.775403
3.46667	0.979312	0.0753049	0.187824	0.0549413	0.794364	-0.604952	-0.194756	0.602756	0.773793
3.5	0.959658	0.0727816	0.271586	0.104107	0.805288	-0.583672	-0.261186	0.588399	0.765224
3.53333	0.938103	0.10521	0.329989	0.115357	0.803442	-0.584101	-0.326581	0.586013	0.741575
3.56667	0.925676	0.176196	0.334783	0.0709819	0.78832	-0.611157	-0.371599	0.589497	0.717222
3.6	0.910691	0.224971	0.346454	0.0687943	0.744383	-0.6642	-0.40732	0.628714	0.662426
3.63333	0.889464	0.252533	0.380895	0.117296	0.679388	-0.724344	-0.441696	0.688955	0.57467
3.66667	0.872114	0.296257	0.389422	0.184352	0.538277	-0.822358	-0.453246	0.78898	0.414823
3.7	0.88757	0.342757	0.307793	0.230254	0.248619	-0.940836	-0.399001	0.905928	0.141746
3.73333	0.91838	0.344232	0.19515	0.223232	-0.0435057	-0.973794	-0.326721	0.937876	-0.116798
3.76667	0.95683	0.264684	0.120078	0.167207	-0.163357	-0.972294	-0.237735	0.950398	-0.200561
3.8	0.988011	0.139245	0.066676	0.0961627	-0.217186	-0.971382	-0.120779	0.966148	-0.227972
3.83333	0.999252	0.00627199	0.0381478	0.0386418	-0.192243	-0.980586	0.00118342	0.981327	-0.192342
3.86667	0.996018	-0.0891409	0.00127984	-0.00848423	-0.10907	-0.993998	0.0887455	0.990029	-0.109392
3.9	0.989598	-0.135549	-0.0481847	-0.0501216	-0.0109111	-0.998684	0.134845	0.990711	-0.0175915
3.93333	0.986958	-0.133957	-0.089274	-0.0691216	0.148198	-0.986539	0.145384	0.979843	0.137006
3.96667	0.990393	-0.0928633	-0.102464	-0.0453285	0.482016	-0.874989	0.130644	0.871227	0.473176
4	0.986536	-0.0826652	-0.141111	-0.0282632	0.763684	-0.644972	0.161081	0.640276	0.751065
4.03333	0.982013	-0.0648451	-0.17733	-0.0406712	0.844484	-0.534034	0.184382	0.531641	0.826657
4.06667	0.98386	-0.0620118	-0.167854	-0.0181341	0.898652	-0.438288	0.178021	0.434258	0.883022
4.1	0.987335	-0.0221014	-0.157105	-0.0436465	0.914199	-0.402908	0.15253	0.404662	0.901656
