0	0.988408	0.148581	-0.0312048	-0.148518	0.9889	0.00434712	0.0315044	0.000337762	0.999504
0.0333333	0.193879	0.390416	0.899992	-0.318697	0.892707	-0.318601	-0.927816	-0.225055	0.297501
0.0666667	0.164953	0.393201	0.904535	-0.302272	0.893121	-0.333116	-0.938841	-0.218467	0.266176
0.1	0.16511	0.390079	0.905857	-0.295806	0.895766	-0.331818	-0.940871	-0.213172	0.263287
0.133333	0.16562	0.387202	0.906998	-0.293481	0.897382	-0.329506	-0.941509	-0.211614	0.26226
0.166667	0.166133	0.385122	0.907789	-0.29249	0.898399	-0.32761	-0.941727	-0.211092	0.261898
0.2	0.166784	0.383614	0.908308	-0.291877	0.899132	-0.326144	-0.941802	-0.210719	0.261929
0.233333	0.167477	0.382469	0.908663	-0.291145	0.899761	-0.325061	-0.941906	-0.210112	0.262043
0.266667	0.167742	0.381301	0.909105	-0.290372	0.900371	-0.324061	-0.942097	-0.209621	0.261749
0.3	0.168095	0.380025	0.909574	-0.289395	0.90107	-0.32299	-0.942335	-0.208933	0.261443
0.333333	0.168515	0.378747	0.91003	-0.288214	0.901818	-0.321959	-0.942622	-0.208028	0.261129
0.366667	0.168915	0.377904	0.910306	-0.287295	0.902349	-0.32129	-0.94283	-0.207256	0.260991
0.4	0.169502	0.377187	0.910494	-0.28671	0.902776	-0.320614	-0.942903	-0.206703	0.261165
0.433333	0.169959	0.376465	0.910708	-0.285948	0.903232	-0.32001	-0.943052	-0.206026	0.261162
0.466667	0.170345	0.375818	0.910902	-0.285137	0.903665	-0.31951	-0.943228	-0.205306	0.261094
0.5	0.170633	0.375023	0.911176	-0.284202	0.904169	-0.318917	-0.943458	-0.204541	0.260863
0.533333	0.171436	0.373441	0.911675	-0.282618	0.905124	-0.317612	-0.943788	-0.203206	0.260712
0.566667	0.172671	0.370852	0.912499	-0.280124	0.906648	-0.315466	-0.944307	-0.201141	0.260437
0.6	0.174265	0.367885	0.913396	-0.276003	0.908655	-0.313318	-0.945227	-0.1975	0.259884
0.633333	0.174769	0.3677	0.913374	-0.275304	0.9089	-0.313222	-0.945338	-0.196714	0.260077
0.666667	0.173911	0.370394	0.912449	-0.275724	0.907823	-0.315964	-0.945374	-0.196635	0.260007
0.7	0.171208	0.37048	0.912925	-0.274026	0.907951	-0.317071	-0.94636	-0.19588	0.25697
0.733333	0.172019	0.368674	0.913504	-0.274166	0.908605	-0.31507	-0.946172	-0.196254	0.257375
0.766667	0.17497	0.366483	0.913825	-0.281105	0.908104	-0.310366	-0.943592	-0.202576	0.261911
0.8	0.180317	0.368866	0.911824	-0.289598	0.905839	-0.309175	-0.94001	-0.208313	0.270161
0.833333	0.185076	0.37409	0.908737	-0.291978	0.903887	-0.312629	-0.938347	-0.207471	0.276514
0.866667	0.189232	0.379202	0.905758	-0.288042	0.903281	-0.317987	-0.938735	-0.200723	0.280156
0.9	0.19297	0.383914	0.90298	-0.284428	0.90265	-0.322991	-0.939076	-0.194505	0.28338
0.933333	0.193852	0.388017	0.901035	-0.285872	0.90094	-0.326472	-0.938455	-0.194293	0.285572
0.966667	0.190608	0.392614	0.899735	-0.295298	0.897019	-0.32887	-0.936198	-0.203005	0.286917
1	0.183907	0.3952	0.899997	-0.30454	0.893469	-0.330103	-0.934577	-0.213377	0.28467
1.03333	0.184623	0.394544	0.900139	-0.307413	0.893109	-0.328411	-0.933494	-0.216083	0.286176
1.06667	0.193481	0.389851	0.900323	-0.29707	0.897864	-0.324945	-0.935048	-0.204588	0.289532
1.1	0.20543	0.382685	0.90075	-0.287211	0.903428	-0.31832	-0.935579	-0.193313	0.295502
1.13333	0.212563	0.381145	0.899747	-0.285323	0.904872	-0.315909	-0.934563	-0.189568	0.301091
1.16667	0.21653	0.387349	0.896145	-0.29237	0.901521	-0.319029	-0.931469	-0.192927	0.308456
1.2	0.221892	0.398304	0.89001	-0.306115	0.895073	-0.32425	-0.925774	-0.200497	0.320537
1.23333	0.230176	0.405588	0.8846	-0.308058	0.892628	-0.329112	-0.923103	-0.196755	0.330407
1.26667	0.239106	0.408029	0.881102	-0.302795	0.893507	-0.331604	-0.922575	-0.187505	0.337192
1.3	0.244151	0.404966	0.881132	-0.296707	0.896249	-0.3297	-0.923231	-0.180941	0.338977
1.33333	0.235755	0.399214	0.886029	-0.289645	0.899157	-0.32806	-0.927645	-0.179292	0.327611
1.36667	0.205926	0.389344	0.897778	-0.285141	0.901503	-0.325556	-0.936103	-0.188953	0.296661
1.4	0.1497	0.375136	0.914802	-0.285096	0.902308	-0.323359	-0.946737	-0.212399	0.242025
1.43333	0.0613921	0.35518	0.93278	-0.296189	0.898929	-0.322797	-0.953154	-0.256462	0.160388
1.46667	-0.0654148	0.317766	0.94591	-0.318475	0.891716	-0.321585	-0.945671	-0.322285	0.0428693
1.5	-0.2286	0.244947	0.942201	-0.372125	0.872346	-0.317073	-0.899592	-0.423099	-0.108268
1.53333	-0.39567	0.0997514	0.91296	-0.499715	0.81066	-0.305147	-0.770539	-0.576957	-0.270906
1.56667	-0.485883	-0.137953	0.863068	-0.718796	0.624851	-0.304785	-0.497242	-0.76846	-0.402765
1.6	-0.359235	-0.192264	0.913227	-0.875553	0.408156	-0.258485	-0.323042	-0.892437	-0.314962
1.63333	-0.233785	-0.121614	0.964653	-0.924907	0.333758	-0.182076	-0.299818	-0.934781	-0.190509
1.66667	-0.0815357	-0.0427319	0.995754	-0.943426	0.325489	-0.0632829	-0.321402	-0.94458	-0.0668534
1.7	0.0407469	0.0034206	0.999164	-0.921738	0.386115	0.0362675	-0.385668	-0.922444	0.0188859
1.73333	0.106162	-0.00869416	0.994311	-0.874278	0.475532	0.0975041	-0.473675	-0.879655	0.0428823
1.76667	0.124164	-0.0979522	0.987415	-0.783504	0.600928	0.158135	-0.608856	-0.793278	-0.00213238
1.8	0.0713121	-0.162696	0.984096	-0.563794	0.807309	0.174324	-0.822831	-0.567259	-0.034156
1.83333	0.0640669	-0.097016	0.993219	-0.329193	0.9375	0.112808	-0.942087	-0.334188	0.0281258
1.86667	0.132555	-0.0196304	0.990981	-0.265633	0.962527	0.0545982	-0.954918	-0.270474	0.122373
1.9	0.117252	0.0331999	0.992547	-0.25572	0.966748	-0.00212814	-0.959614	-0.253565	0.121843
1.93333	0.0382972	0.0406887	0.998438	-0.236913	0.971052	-0.0304854	-0.970776	-0.235375	0.0468282
1.96667	-0.0124704	-0.0231618	0.999654	-0.25125	0.96773	0.0192878	-0.967842	-0.250922	-0.0178874
2	-0.0310533	-0.0415576	0.998653	-0.225692	0.973623	0.0334981	-0.973704	-0.224348	-0.0396134
2.03333	0.0248037	-0.0537105	0.998248	-0.207718	0.976485	0.0577007	-0.977874	-0.208786	0.0130638
2.06667	0.0741577	-0.0323352	0.996722	-0.197074	0.979288	0.0464323	-0.97758	-0.199871	0.0662494
2.1	0.107327	0.0435047	0.993271	-0.180237	0.98334	-0.0235943	-0.97775	-0.176492	0.11338
2.13333	0.125175	0.140587	0.982123	-0.203027	0.972591	-0.113346	-0.971139	-0.185209	0.150287
2.16667	0.143713	0.223187	0.964123	-0.221782	0.95672	-0.188415	-0.964448	-0.186747	0.186992
2.2	0.164102	0.278134	0.946421	-0.236037	0.942628	-0.236092	-0.957788	-0.184647	0.220337
2.23333	0.180562	0.301475	0.936221	-0.232633	0.937949	-0.257165	-0.955656	-0.171362	0.239491
2.26667	0.175142	0.306941	0.935474	-0.231872	0.936294	-0.263798	-0.956849	-0.170708	0.235156
2.3	0.140168	0.308281	0.940912	-0.246822	0.931173	-0.268321	-0.95887	-0.194628	0.206611
2.33333	0.063562	0.295124	0.953342	-0.272663	0.924064	-0.267881	-0.960008	-0.242914	0.139205
2.36667	-0.088398	0.231939	0.968705	-0.335294	0.908832	-0.2482	-0.937957	-0.346741	-0.00257123
2.4	-0.341161	0.0424664	0.939045	-0.499208	0.838278	-0.219275	-0.796493	-0.543587	-0.264788
2.43333	-0.4268	-0.261248	0.865789	-0.79546	0.563887	-0.22198	-0.430216	-0.783441	-0.44848
2.46667	-0.366643	-0.249713	0.896223	-0.89456	0.35928	-0.265858	-0.255607	-0.8992	-0.355111
2.5	-0.253018	-0.112173	0.960936	-0.923184	0.325042	-0.205135	-0.289334	-0.939024	-0.185798
2.53333	-0.131024	0.00489103	0.991367	-0.927018	0.353831	-0.124265	-0.351384	-0.935297	-0.0418264
2.56667	-0.0196374	0.0851776	0.996172	-0.918266	0.392579	-0.0516691	-0.395477	-0.915766	0.0705064
2.6	0.0465196	0.0948706	0.994402	-0.883736	0.467974	-0.00330439	-0.465668	-0.878635	0.105611
2.63333	0.0549445	0.0256688	0.998159	-0.783831	0.620379	0.0271928	-0.618539	-0.783882	0.0542064
2.66667	0.000254963	-0.0172583	0.999851	-0.504347	0.86337	0.0150311	-0.863501	-0.504276	-0.00848405
2.7	0.0328596	0.0462895	0.998387	-0.242376	0.969478	-0.0369719	-0.969626	-0.24077	0.0430761
2.73333	0.129549	0.115048	0.984876	-0.208671	0.974166	-0.0863484	-0.969367	-0.194329	0.150209
2.76667	0.125662	0.138114	0.982412	-0.209748	0.971575	-0.109761	-0.969647	-0.192266	0.151059
2.8	0.0399683	0.127463	0.991038	-0.200753	0.97263	-0.116999	-0.978826	-0.194277	0.0644629
2.83333	-0.0440244	0.0410285	0.998188	-0.177616	0.982917	-0.0482344	-0.983115	-0.179418	-0.035985
2.86667	-0.0555434	-0.0094528	0.998412	-0.144548	0.989497	0.00132696	-0.987938	-0.144244	-0.0563264
2.9	-0.00603185	-0.0404171	0.999165	-0.0990487	0.994293	0.0396221	-0.995064	-0.098727	-0.0100007
2.93333	0.0388932	-0.0263276	0.998896	-0.0988048	0.994653	0.0300628	-0.994346	-0.099865	0.036084
2.96667	0.0665091	0.0420663	0.996899	-0.104552	0.993905	-0.0349646	-0.992293	-0.101902	0.0705018
3	0.0858256	0.125734	0.988345	-0.13123	0.984789	-0.113886	-0.98763	-0.119927	0.10102
3.03333	0.110752	0.192074	0.975111	-0.156511	0.972275	-0.173739	-0.981447	-0.133373	0.137743
3.06667	0.132408	0.24035	0.961613	-0.177997	0.96015	-0.215475	-0.975082	-0.142634	0.169913
3.1	0.144205	0.26946	0.952153	-0.193156	0.951367	-0.239984	-0.970513	-0.149307	0.189239
3.13333	0.138343	0.278984	0.950278	-0.201766	0.947321	-0.248742	-0.969614	-0.157322	0.187345
3.16667	0.106336	0.276943	0.954984	-0.231635	0.940905	-0.247068	-0.966973	-0.194936	0.164202
3.2	0.0257379	0.256043	0.966323	-0.284226	0.928623	-0.238484	-0.958412	-0.268516	0.0966749
3.23333	-0.138518	0.163459	0.976777	-0.38816	0.898413	-0.205391	-0.911123	-0.407596	-0.0609985
3.26667	-0.353457	-0.112531	0.928658	-0.689693	0.702026	-0.177436	-0.631975	-0.703205	-0.325747
3.3	-0.314308	-0.224086	0.922494	-0.908969	0.351342	-0.224354	-0.273836	-0.909035	-0.314116
3.33333	-0.236475	-0.0729962	0.968892	-0.934437	0.290367	-0.20619	-0.266283	-0.954127	-0.136875
3.36667	-0.163977	0.0801819	0.9832	-0.932223	0.31335	-0.181029	-0.322601	-0.946247	0.0233654
3.4	-0.0837199	0.192073	0.977803	-0.928311	0.341683	-0.1466	-0.362256	-0.919979	0.149698
3.43333	-0.0221916	0.256658	0.966247	-0.920296	0.372352	-0.120042	-0.390594	-0.891897	0.227938
3.46667	0.0185743	0.250557	0.967924	-0.88767	0.449633	-0.0993579	-0.460105	-0.857351	0.230764
3.5	0.0134308	0.167177	0.985835	-0.775727	0.623843	-0.0952223	-0.630925	-0.763461	0.138062
3.53333	-0.034535	0.122398	0.99188	-0.484844	0.865806	-0.123721	-0.873919	-0.485179	0.0294432
3.56667	0.035852	0.171058	0.984608	-0.266634	0.951164	-0.155539	-0.963131	-0.256954	0.0797111
3.6	0.118109	0.220805	0.96814	-0.258076	0.948287	-0.184793	-0.958878	-0.228028	0.168986
3.63333	0.0708364	0.227185	0.971272	-0.254167	0.945688	-0.202664	-0.964563	-0.232509	0.124732
3.66667	-0.0582496	0.151576	0.986728	-0.18981	0.968694	-0.160011	-0.980091	-0.196611	-0.0276554
3.7	-0.0780336	0.0667496	0.994714	-0.219961	0.972015	-0.0824819	-0.972383	-0.225234	-0.0611676
3.73333	-0.0752216	-0.0100981	0.997116	-0.168229	0.985744	-0.00270816	-0.982874	-0.167948	-0.0758481
3.76667	-0.0218943	-0.0789439	0.996639	-0.127739	0.988928	0.0755269	-0.991566	-0.125656	-0.031736
3.8	0.0309171	-0.118097	0.992521	-0.0843972	0.989141	0.120324	-0.995952	-0.087486	0.0206144
3.83333	0.0611008	-0.097109	0.993396	-0.0652508	0.992738	0.101058	-0.995996	-0.0709946	0.0543207
3.86667	0.0813412	-0.0424702	0.995781	-0.059961	0.997074	0.0474233	-0.994881	-0.0635655	0.0785567
3.9	0.0969572	0.033464	0.994726	-0.0947576	0.995205	-0.024244	-0.990768	-0.0919072	0.0996633
3.93333	0.109702	0.117897	0.986948	-0.135843	0.985402	-0.102613	-0.984638	-0.122813	0.124116
3.96667	0.110528	0.19007	0.975529	-0.183862	0.968511	-0.167871	-0.976718	-0.160808	0.141994
4	0.114508	0.228492	0.966788	-0.199951	0.958574	-0.202868	-0.973092	-0.17008	0.155451
4.03333	0.127125	0.237399	0.963058	-0.20032	0.957073	-0.209482	-0.971448	-0.166289	0.169224
4.06667	0.13289	0.240963	0.961393	-0.214017	0.954089	-0.209549	-0.967748	-0.177907	0.178359
4.1	0.110041	0.219396	0.96941	-0.227708	0.954957	-0.190277	-0.967492	-0.199804	0.155042
