0	1	0	0	0	1	0	0	0	1
0.0333333	0.996835	0.0794563	0.0027085	-0.0795009	0.996027	0.0401273	0.000490633	-0.0402156	0.999191
0.0666667	0.998402	0.0456817	-0.0332569	-0.0444352	0.998316	0.0373002	0.0349048	-0.0357628	0.998751
0.1	0.998271	0.0453018	-0.0374489	-0.0439508	0.99838	0.0361439	0.0390256	-0.0344355	0.998645
0.133333	0.998218	0.0451861	-0.0389705	-0.0438509	0.998444	0.0344627	0.0404671	-0.0326924	0.998646
0.166667	0.998173	0.0452923	-0.0399978	-0.0439665	0.998474	0.0334259	0.0414507	-0.0316063	0.998641
0.2	0.998111	0.0456565	-0.0411104	-0.0443363	0.998489	0.0324727	0.0425309	-0.0305887	0.998627
0.233333	0.99805	0.0461255	-0.0420543	-0.0448073	0.99849	0.0317674	0.0434561	-0.0298211	0.99861
0.266667	0.998003	0.0463418	-0.0429298	-0.0450364	0.998508	0.0308924	0.0442973	-0.0288973	0.9986
0.3	0.997967	0.0463808	-0.043712	-0.0451031	0.998538	0.0297783	0.0450293	-0.0277463	0.9986
0.333333	0.997925	0.046247	-0.0447978	-0.0449936	0.998578	0.0285944	0.0460565	-0.0265194	0.998587
0.366667	0.99784	0.0472239	-0.0456544	-0.0459405	0.99853	0.0287633	0.0469456	-0.0266038	0.998543
0.4	0.997786	0.0476864	-0.0463503	-0.0463549	0.998493	0.0293882	0.0476818	-0.0271746	0.998493
0.433333	0.997756	0.0477191	-0.0469693	-0.0463476	0.998479	0.0298678	0.0483231	-0.0276239	0.99845
0.466667	0.997727	0.0478636	-0.0474402	-0.0464427	0.998452	0.0306145	0.048832	-0.0283416	0.998405
0.5	0.997711	0.0479732	-0.047664	-0.0465309	0.998438	0.0309225	0.049073	-0.0286339	0.998385
0.533333	0.997717	0.0479075	-0.0476036	-0.046448	0.99843	0.031307	0.0490287	-0.0290244	0.998376
0.566667	0.997684	0.0476569	-0.0485275	-0.0460395	0.998364	0.0339196	0.0500646	-0.0316069	0.998246
0.6	0.997582	0.0474911	-0.0507455	-0.0454605	0.998147	0.0404468	0.0525724	-0.0380421	0.997892
0.633333	0.997535	0.0451242	-0.0537362	-0.0425969	0.997973	0.0472819	0.0557609	-0.0448764	0.997435
0.666667	0.997611	0.0411108	-0.0555154	-0.0381642	0.997858	0.0531322	0.0575808	-0.0508866	0.997043
0.7	0.997978	0.0353835	-0.0527985	-0.0324198	0.997906	0.0559701	0.0546683	-0.0541452	0.997035
0.733333	0.998539	0.0319021	-0.0436217	-0.0294252	0.997981	0.0562908	0.0453294	-0.0549249	0.997461
0.766667	0.999074	0.0297248	-0.0311017	-0.0280921	0.998269	0.0516773	0.032584	-0.0507557	0.998179
0.8	0.999411	0.0280133	-0.0198031	-0.0271314	0.998686	0.0434835	0.0209952	-0.0429207	0.998858
0.833333	0.999592	0.0257149	-0.0124251	-0.0252775	0.999096	0.0341656	0.0132925	-0.0338376	0.999339
0.866667	0.999678	0.0241566	-0.00782888	-0.0239474	0.99938	0.025792	0.00844707	-0.0255962	0.999637
0.9	0.999744	0.0223968	-0.00335606	-0.0223316	0.999582	0.0183464	0.00376556	-0.0182668	0.999826
0.933333	0.99979	0.0201622	0.00356876	-0.0202148	0.999677	0.0153709	-0.0032577	-0.0154398	0.999875
0.966667	0.999721	0.0176926	0.015663	-0.0180005	0.999643	0.0197445	-0.0153081	-0.0200209	0.999682
1	0.999325	0.016722	0.0327021	-0.0177787	0.99932	0.0322941	-0.0321398	-0.0328537	0.998943
1.03333	0.998142	0.0210212	0.0571895	-0.0237284	0.998609	0.0470788	-0.0561203	-0.0483483	0.997253
1.06667	0.995113	0.0410754	0.0897937	-0.0462114	0.997367	0.0558869	-0.0872617	-0.0597633	0.994391
1.1	0.990451	0.0717296	0.117731	-0.0787906	0.995291	0.0564534	-0.113128	-0.0651905	0.99144
1.13333	0.984969	0.107326	0.135343	-0.116579	0.99122	0.0623814	-0.12746	-0.0772219	0.988833
1.16667	0.977202	0.145595	0.154526	-0.159583	0.983749	0.0822876	-0.140034	-0.105071	0.984556
1.2	0.96748	0.1805	0.177206	-0.200681	0.97419	0.103349	-0.153978	-0.13555	0.978732
1.23333	0.958713	0.203769	0.198363	-0.229529	0.966276	0.116732	-0.167887	-0.157443	0.973153
1.26667	0.952476	0.215442	0.215349	-0.245745	0.961202	0.125302	-0.179998	-0.172269	0.968465
1.3	0.948842	0.218324	0.228109	-0.251782	0.9591	0.129353	-0.190539	-0.180169	0.965005
1.33333	0.948445	0.213122	0.234586	-0.249164	0.958823	0.136293	-0.195879	-0.187717	0.962493
1.36667	0.94853	0.210065	0.236989	-0.248726	0.957369	0.146899	-0.196028	-0.198283	0.960342
1.4	0.944405	0.223698	0.240955	-0.267013	0.949446	0.165092	-0.191843	-0.220252	0.956392
1.43333	0.938343	0.245748	0.243148	-0.293369	0.938126	0.183994	-0.182888	-0.243982	0.952379
1.46667	0.928239	0.282489	0.242018	-0.329852	0.925836	0.184459	-0.171962	-0.251052	0.952576
1.5	0.923029	0.300477	0.240273	-0.347731	0.918791	0.186833	-0.164622	-0.256002	0.952556
1.53333	0.925097	0.295789	0.238125	-0.342904	0.920114	0.189228	-0.163131	-0.256709	0.952622
1.56667	0.932061	0.263579	0.248573	-0.315577	0.927661	0.199639	-0.177971	-0.26452	0.947816
1.6	0.937815	0.241504	0.249356	-0.292742	0.936262	0.194207	-0.186561	-0.255127	0.948739
1.63333	0.954112	0.195028	0.227233	-0.235064	0.957897	0.164856	-0.185514	-0.210706	0.959785
1.66667	0.971968	0.12534	0.198915	-0.15155	0.980831	0.122491	-0.179749	-0.149203	0.972332
1.7	0.982787	0.0441519	0.179389	-0.0558751	0.996583	0.0608301	-0.176091	-0.0698065	0.981896
1.73333	0.98452	-0.0325504	0.172224	0.0357884	0.999236	-0.0157285	-0.171581	0.0216487	0.984932
1.76667	0.978484	-0.101515	0.179623	0.122172	0.986623	-0.107927	-0.166264	0.127549	0.977797
1.8	0.967799	-0.143405	0.206883	0.185148	0.962339	-0.199059	-0.170546	0.230953	0.957901
1.83333	0.965878	-0.110017	0.234469	0.166745	0.956866	-0.237915	-0.198181	0.268893	0.942561
1.86667	0.964622	-0.0982693	0.244638	0.160516	0.955033	-0.249293	-0.209139	0.279742	0.937019
1.9	0.963171	-0.140742	0.229116	0.195735	0.951204	-0.238534	-0.184364	0.274595	0.94372
1.93333	0.96126	-0.188404	0.201203	0.233012	0.945368	-0.228001	-0.147254	0.266052	0.952645
1.96667	0.956841	-0.23782	0.167026	0.268953	0.942385	-0.198935	-0.110092	0.235271	0.965675
2	0.949112	-0.274672	0.154083	0.298144	0.941253	-0.158594	-0.10147	0.196463	0.975247
2.03333	0.951291	-0.251034	0.17896	0.27547	0.952776	-0.127807	-0.138425	0.17088	0.97552
2.06667	0.963514	-0.194105	0.184293	0.213422	0.972681	-0.0913375	-0.161529	0.127337	0.978618
2.1	0.97688	-0.119137	0.177515	0.131153	0.989692	-0.0575243	-0.168832	0.079476	0.982435
2.13333	0.982273	-0.0459129	0.181748	0.049104	0.998708	-0.0130945	-0.180912	0.0217869	0.983258
2.16667	0.980528	0.0199415	0.195363	-0.0286739	0.998707	0.041972	-0.194274	-0.0467566	0.979832
2.2	0.975313	0.0587787	0.212862	-0.0796287	0.992686	0.0907348	-0.205972	-0.105445	0.97286
2.23333	0.972967	0.0624453	0.222343	-0.0941147	0.986391	0.134814	-0.210898	-0.152095	0.965603
2.26667	0.974573	0.0399521	0.220481	-0.0802441	0.980944	0.176944	-0.20921	-0.190137	0.959207
2.3	0.975181	0.0256973	0.219913	-0.0714647	0.976612	0.202784	-0.209559	-0.213467	0.95421
2.33333	0.972738	0.0494525	0.226573	-0.102439	0.968143	0.228487	-0.208055	-0.245468	0.946815
2.36667	0.970076	0.082779	0.228254	-0.140891	0.957542	0.25152	-0.197742	-0.276153	0.940552
2.4	0.965523	0.121676	0.230129	-0.179052	0.952119	0.247812	-0.188957	-0.280473	0.941079
2.43333	0.953206	0.159544	0.256796	-0.228612	0.936206	0.266937	-0.197825	-0.313153	0.928871
2.46667	0.943219	0.185656	0.275446	-0.257419	0.932623	0.252882	-0.209938	-0.309428	0.927459
2.5	0.949112	0.180513	0.258074	-0.239206	0.946205	0.217889	-0.20486	-0.268534	0.941234
2.53333	0.966561	0.138407	0.215876	-0.177526	0.968644	0.173818	-0.18505	-0.20633	0.960825
2.56667	0.979926	0.0798185	0.182686	-0.101466	0.988471	0.112386	-0.171609	-0.128666	0.976727
2.6	0.986341	0.0133278	0.164178	-0.0195141	0.999157	0.0361251	-0.163558	-0.0388355	0.985769
2.63333	0.986587	-0.0432491	0.1574	0.0529662	0.996906	-0.0580716	-0.154402	0.0656296	0.985826
2.66667	0.9832	-0.07187	0.167785	0.099063	0.982168	-0.15979	-0.153309	0.173727	0.972787
2.7	0.982521	-0.0404052	0.181715	0.0780302	0.975655	-0.204962	-0.16901	0.215559	0.961754
2.73333	0.982736	-0.0171403	0.184215	0.0605899	0.970607	-0.23292	-0.174808	0.240061	0.954889
2.76667	0.982337	-0.0409708	0.182582	0.0875135	0.963041	-0.254741	-0.165397	0.26622	0.949616
2.8	0.979196	-0.0968303	0.178324	0.141472	0.955771	-0.257851	-0.14547	0.277715	0.949586
2.83333	0.972651	-0.154462	0.173469	0.194055	0.950813	-0.241446	-0.127642	0.268506	0.954784
2.86667	0.961902	-0.203668	0.182385	0.242947	0.942724	-0.228577	-0.125385	0.264179	0.956289
2.9	0.963603	-0.180409	0.197287	0.220745	0.95322	-0.206503	-0.150803	0.242537	0.95835
2.93333	0.97596	-0.116729	0.184054	0.149164	0.973458	-0.173578	-0.158908	0.19686	0.967468
2.96667	0.984447	-0.0457388	0.169622	0.069829	0.987842	-0.138898	-0.161207	0.148583	0.975672
3	0.985522	0.0203016	0.168326	-0.00710249	0.996877	-0.0786486	-0.169397	0.0763144	0.982589
3.03333	0.981825	0.0681492	0.177129	-0.0688568	0.997624	-0.00215644	-0.176855	-0.0100793	0.984185
3.06667	0.978956	0.0813291	0.187168	-0.0958232	0.992953	0.0697269	-0.180178	-0.0861945	0.97985
3.1	0.979647	0.0656506	0.18969	-0.0925552	0.986286	0.13665	-0.178117	-0.151425	0.972288
3.13333	0.981409	0.0426139	0.187136	-0.0785113	0.978865	0.188839	-0.175133	-0.200021	0.964012
3.16667	0.980147	0.0453678	0.193011	-0.088636	0.97104	0.221865	-0.177356	-0.234568	0.955784
3.2	0.977621	0.0638992	0.200434	-0.112329	0.964122	0.240521	-0.177874	-0.257653	0.949724
3.23333	0.973757	0.0952839	0.206684	-0.143841	0.961427	0.234454	-0.176372	-0.258031	0.949902
3.26667	0.966619	0.119729	0.226521	-0.174801	0.954558	0.24138	-0.187327	-0.272918	0.943623
3.3	0.95679	0.141025	0.254292	-0.207121	0.944336	0.255598	-0.204091	-0.297222	0.932741
3.33333	0.949468	0.171463	0.262889	-0.234859	0.94377	0.232681	-0.20821	-0.282664	0.936349
3.36667	0.95818	0.158015	0.238583	-0.207336	0.957979	0.198212	-0.197237	-0.23939	0.950679
3.4	0.973527	0.11258	0.198926	-0.143765	0.97818	0.149987	-0.1777	-0.174615	0.968469
3.43333	0.983088	0.05606	0.17434	-0.071586	0.993884	0.0840787	-0.16856	-0.0951371	0.981089
3.46667	0.986261	0.00805454	0.165	-0.00856799	0.99996	0.00240029	-0.164974	-0.00378103	0.986291
3.5	0.986127	-0.0243231	0.164201	0.0403323	0.994671	-0.094879	-0.161018	0.100185	0.981853
3.53333	0.984806	-0.0289869	0.171221	0.0622944	0.979317	-0.192503	-0.162099	0.200244	0.966243
3.56667	0.984647	0.0198703	0.173424	0.0225319	0.970721	-0.239151	-0.173098	0.239387	0.95537
3.6	0.98554	0.0376912	0.165198	0.00873154	0.962354	-0.271659	-0.169218	0.269173	0.948109
3.63333	0.987309	0.00422675	0.158757	0.0403884	0.960096	-0.276738	-0.153591	0.279637	0.947741
3.66667	0.98522	-0.0616443	0.15982	0.103271	0.95813	-0.267061	-0.136665	0.279618	0.950335
3.7	0.977626	-0.134229	0.161958	0.174083	0.948481	-0.264725	-0.118081	0.286996	0.950626
3.73333	0.964056	-0.181143	0.194377	0.23265	0.928858	-0.288264	-0.128331	0.323125	0.937615
3.76667	0.958785	-0.171936	0.226205	0.236799	0.923517	-0.301733	-0.157025	0.342862	0.926169
3.8	0.964298	-0.153457	0.215823	0.213666	0.932324	-0.291752	-0.156446	0.327451	0.931827
3.83333	0.973203	-0.134125	0.186777	0.177149	0.955196	-0.237105	-0.146607	0.263839	0.95336
3.86667	0.980878	-0.0880521	0.173564	0.118563	0.977562	-0.174113	-0.154339	0.191362	0.969309
3.9	0.985173	-0.0332453	0.16831	0.0548079	0.990625	-0.125136	-0.162572	0.132505	0.977759
3.93333	0.987754	0.0139649	0.155396	-0.00123507	0.996655	-0.0817154	-0.156018	0.0805228	0.984467
3.96667	0.990786	0.0202889	0.133906	-0.0178848	0.999657	-0.0191326	-0.134248	0.0165614	0.990809
4	0.993056	-0.00859204	0.117327	0.00492063	0.99949	0.0315462	-0.117538	-0.0307498	0.992592
4.03333	0.993147	-0.0163621	0.115719	0.00733804	0.996928	0.0779825	-0.116639	-0.0765989	0.990216
4.06667	0.993649	-0.0125221	0.111826	0.00209423	0.995675	0.0928858	-0.112505	-0.0920617	0.989377
4.1	0.992996	0.0350375	0.112833	-0.043092	0.996633	0.0697544	-0.110009	-0.0741281	0.991162
