0	1	0	0	0	1	0	0	0	1
0.0333333	0.999225	-0.0111408	-0.0377587	0.00915714	0.998589	-0.0523071	0.0382881	0.0519208	0.997917
0.0666667	0.99939	-0.0121895	-0.0327194	0.0111177	0.999402	-0.0327393	0.033099	0.0323555	0.998928
0.1	0.999515	-0.0124294	-0.0285442	0.0115404	0.99945	-0.0311012	0.0289151	0.0307567	0.999109
0.133333	0.999573	-0.0119264	-0.0266727	0.0110698	0.999426	-0.032033	0.0270394	0.0317241	0.999131
0.166667	0.99961	-0.011151	-0.0256123	0.010318	0.999421	-0.0324302	0.0259591	0.0321533	0.999146
0.2	0.999642	-0.0102792	-0.0246859	0.00942574	0.999362	-0.0344419	0.0250242	0.0341969	0.999102
0.233333	0.999677	-0.00899656	-0.0237818	0.00810848	0.999276	-0.0371791	0.024099	0.0369742	0.999026
0.266667	0.999707	-0.00763158	-0.0229763	0.00669766	0.999159	-0.040453	0.0232657	0.0402872	0.998917
0.3	0.999738	-0.00613743	-0.0220292	0.00516967	0.99903	-0.043722	0.0222762	0.0435966	0.998801
0.333333	0.999766	-0.00493059	-0.0210684	0.00395204	0.998923	-0.0462381	0.0212737	0.0461441	0.998708
0.366667	0.999786	-0.00426597	-0.0202371	0.00329055	0.998842	-0.0479902	0.0204184	0.0479134	0.998643
0.4	0.999792	-0.00402732	-0.0199843	0.00305465	0.99882	-0.0484658	0.0201559	0.0483947	0.998625
0.433333	0.999794	-0.00428961	-0.0198606	0.00333332	0.998845	-0.0479351	0.0200433	0.047859	0.998653
0.466667	0.99979	-0.00467952	-0.0199634	0.00374122	0.998898	-0.0467822	0.0201603	0.0466976	0.998706
0.5	0.999784	-0.00499762	-0.0201743	0.0040892	0.998987	-0.0448212	0.0203778	0.044729	0.998791
0.533333	0.999776	-0.00521141	-0.0205125	0.00430865	0.999031	-0.043811	0.0207209	0.0437128	0.998829
0.566667	0.999769	-0.00532267	-0.0208252	0.00440211	0.999022	-0.0440028	0.0210391	0.043901	0.998814
0.6	0.999767	-0.00535091	-0.0209002	0.0044144	0.998995	-0.0446006	0.0211179	0.044498	0.998786
0.633333	0.999769	-0.00511435	-0.020899	0.00414817	0.998932	-0.0460153	0.021112	0.045918	0.998722
0.666667	0.999774	-0.00484114	-0.0206954	0.00385785	0.998874	-0.0472911	0.0209011	0.0472006	0.998667
0.7	0.999781	-0.00463213	-0.0204168	0.0036505	0.998848	-0.0478572	0.020615	0.0477722	0.998646
0.733333	0.999786	-0.00450122	-0.0201772	0.00351931	0.99882	-0.0484384	0.0203714	0.048357	0.998622
0.766667	0.999788	-0.00447003	-0.0201195	0.00348205	0.998799	-0.0488755	0.0203138	0.048795	0.998602
0.8	0.999792	-0.0043916	-0.0199383	0.00339768	0.998763	-0.0496126	0.0201316	0.0495346	0.99857
0.833333	0.999793	-0.00432433	-0.0198692	0.00332789	0.998748	-0.0499124	0.0200602	0.0498359	0.998556
0.866667	0.999799	-0.00418835	-0.0196127	0.00319544	0.998725	-0.0503863	0.0197987	0.0503135	0.998537
0.9	0.999801	-0.00411504	-0.0195437	0.00310903	0.998682	-0.0512292	0.0197287	0.0511582	0.998496
0.933333	0.999799	-0.00389604	-0.019683	0.00287899	0.998672	-0.0514384	0.0198572	0.0513714	0.998482
0.966667	0.999799	-0.00359223	-0.0197429	0.00256911	0.998664	-0.0516052	0.0199019	0.0515441	0.998472
1	0.999798	-0.0033713	-0.0198283	0.00232343	0.998611	-0.0526344	0.0199782	0.0525777	0.998417
1.03333	0.999798	-0.00320334	-0.0198359	0.00215819	0.998619	-0.052489	0.0199767	0.0524356	0.998424
1.06667	0.999795	-0.00303974	-0.0200238	0.00199352	0.998642	-0.0520632	0.0201548	0.0520126	0.998443
1.1	0.999791	-0.00292323	-0.0202498	0.00185638	0.998619	-0.0525043	0.0203753	0.0524557	0.998415
1.13333	0.999786	-0.00301224	-0.0204664	0.00191725	0.998576	-0.0533125	0.0205979	0.0532618	0.998368
1.16667	0.999779	-0.00318673	-0.0207841	0.00204869	0.998509	-0.0545485	0.0209269	0.0544939	0.998295
1.2	0.999768	-0.0029951	-0.0213127	0.00178742	0.998403	-0.0564602	0.0214477	0.056409	0.998177
1.23333	0.999756	-0.00274586	-0.0219013	0.00147856	0.998335	-0.0576715	0.0220232	0.0576251	0.998095
1.26667	0.999738	-0.00262495	-0.0227367	0.00127335	0.998242	-0.0592572	0.0228523	0.0592127	0.997984
1.3	0.99972	-0.00223971	-0.0235455	0.000787986	0.998108	-0.0614854	0.0236387	0.0614497	0.99783
1.33333	0.999705	-0.00242215	-0.0241654	0.000881504	0.997977	-0.0635622	0.0242705	0.0635222	0.997685
1.36667	0.999688	-0.00296549	-0.0248156	0.00133369	0.997851	-0.0655171	0.0249565	0.0654636	0.997543
1.4	0.999664	-0.00398899	-0.0256181	0.00228194	0.997796	-0.0663211	0.0258262	0.0662404	0.997469
1.43333	0.99961	-0.00499647	-0.0274804	0.00316043	0.997784	-0.0664547	0.0277515	0.0663419	0.997411
1.46667	0.999533	-0.00607122	-0.0299596	0.00414285	0.99794	-0.064013	0.0302865	0.063859	0.997499
1.5	0.999415	-0.00728877	-0.0334074	0.00527016	0.998177	-0.0601187	0.0337847	0.0599074	0.997632
1.53333	0.999263	-0.00864503	-0.0374095	0.00657666	0.998461	-0.0550641	0.0378279	0.0547775	0.997782
1.56667	0.999096	-0.0105114	-0.0412027	0.00866281	0.998959	-0.0447893	0.0416306	0.0443918	0.998146
1.6	0.998915	-0.0121467	-0.0449563	0.0107228	0.999437	-0.0317782	0.045317	0.0312616	0.998483
1.63333	0.998852	-0.0120606	-0.0463518	0.0110615	0.999702	-0.0217531	0.0466003	0.0212154	0.998688
1.66667	0.998813	-0.0112495	-0.0473935	0.0108679	0.999906	-0.00830153	0.0474824	0.00777661	0.998842
1.7	0.998693	-0.0118816	-0.0497017	0.0121739	0.99991	0.00558154	0.0496309	-0.00617931	0.998749
1.73333	0.998548	-0.0133504	-0.0521851	0.0144355	0.999686	0.0204714	0.0518955	-0.021195	0.998428
1.76667	0.998377	-0.0140952	-0.0551828	0.0157687	0.999425	0.0300093	0.0547281	-0.0308308	0.998025
1.8	0.998263	-0.0154141	-0.0568602	0.017837	0.998944	0.0423522	0.0561473	-0.0432929	0.997483
1.83333	0.998157	-0.0174455	-0.0581294	0.0205761	0.998345	0.0536992	0.0570964	-0.0547963	0.996864
1.86667	0.998047	-0.0194607	-0.0593537	0.0235835	0.997298	0.0695714	0.0578395	-0.0708353	0.99581
1.9	0.997934	-0.0208364	-0.0607773	0.0258934	0.996159	0.0836417	0.0588011	-0.0850426	0.994641
1.93333	0.997874	-0.0219784	-0.0613559	0.0281041	0.994506	0.100833	0.0588026	-0.102343	0.99301
1.96667	0.997829	-0.0226643	-0.0618324	0.0298788	0.99252	0.118372	0.058687	-0.119963	0.991042
2	0.997648	-0.0216248	-0.0650513	0.0301887	0.990563	0.133693	0.0615463	-0.135342	0.988885
2.03333	0.997336	-0.0206605	-0.0699526	0.030791	0.988657	0.146998	0.0661221	-0.14876	0.98666
2.06667	0.996895	-0.0191047	-0.0763933	0.0316276	0.985576	0.166249	0.0721153	-0.168149	0.98312
2.1	0.996368	-0.017116	-0.0834164	0.0320175	0.983011	0.180732	0.0789058	-0.182746	0.979989
2.13333	0.995757	-0.0147139	-0.0908356	0.0318783	0.981165	0.190523	0.0863213	-0.192611	0.977471
2.16667	0.995213	-0.0118883	-0.0970039	0.0315451	0.978522	0.203715	0.0924987	-0.2058	0.974213
2.2	0.995161	-0.0102231	-0.0977288	0.0303847	0.977845	0.207114	0.0934462	-0.209081	0.973423
2.23333	0.995465	-0.00942332	-0.0946578	0.0269072	0.982337	0.185176	0.0912408	-0.186883	0.978136
2.26667	0.996059	-0.00677098	-0.0884381	0.0204906	0.987676	0.155163	0.0862976	-0.156364	0.983922
2.3	0.996486	-0.00222357	-0.0837243	0.0123594	0.992607	0.120739	0.0828369	-0.12135	0.989147
2.33333	0.996852	0.0032159	-0.0792171	0.0036245	0.996284	0.0860552	0.0791995	-0.0860714	0.993136
2.36667	0.997116	0.0080997	-0.0754628	-0.00406351	0.99856	0.0534866	0.0757874	-0.0530257	0.995713
2.4	0.997287	0.0121282	-0.0726055	-0.0107778	0.999762	0.0189622	0.0728182	-0.0181282	0.99718
2.43333	0.997447	0.01613	-0.0695711	-0.0173942	0.999694	-0.0176038	0.0692658	0.018769	0.997422
2.46667	0.997496	0.0208045	-0.0675927	-0.0243497	0.998347	-0.0520561	0.066398	0.0535716	0.996354
2.5	0.997148	0.024418	-0.0714055	-0.0301964	0.996257	-0.0809989	0.0691604	0.0829241	0.994153
2.53333	0.996564	0.02612	-0.0785946	-0.0339054	0.994468	-0.0994134	0.0755632	0.101737	0.991937
2.56667	0.99608	0.026524	-0.0843911	-0.0356496	0.993453	-0.108536	0.0809598	0.111119	0.990504
2.6	0.995775	0.0245045	-0.0884916	-0.0339041	0.993753	-0.106331	0.0853332	0.108882	0.990385
2.63333	0.995426	0.0197761	-0.0934683	-0.0288425	0.994899	-0.096668	0.0910798	0.0989217	0.990918
2.66667	0.995357	0.0180434	-0.0945417	-0.0270892	0.995081	-0.0952888	0.0923573	0.0974075	0.99095
2.7	0.99589	0.0180088	-0.088767	-0.0264497	0.99514	-0.0948522	0.0866274	0.0968102	0.991526
2.73333	0.996913	0.0160431	-0.0768574	-0.022439	0.996289	-0.0830912	0.0752391	0.0845593	0.993574
2.76667	0.997753	0.0109201	-0.066109	-0.0154074	0.997583	-0.0677517	0.0652094	0.068618	0.99551
2.8	0.99844	0.00370809	-0.0557176	-0.00687518	0.998364	-0.0567582	0.055416	0.0570527	0.996832
2.83333	0.998921	-0.00232118	-0.0463899	4.92043e-05	0.998803	-0.0489168	0.0464479	0.0488617	0.997725
2.86667	0.999132	-0.00761962	-0.0409415	0.00569093	0.998878	-0.0470202	0.0412538	0.0467464	0.998055
2.9	0.999158	-0.011558	-0.0393703	0.00954723	0.998659	-0.0508843	0.0399056	0.0504656	0.997928
2.93333	0.999117	-0.0130248	-0.0399369	0.0107063	0.998275	-0.0577271	0.0406199	0.0572486	0.997533
2.96667	0.998953	-0.0128437	-0.0439123	0.00996159	0.99782	-0.0652328	0.0446544	0.064727	0.996903
3	0.998689	-0.0103093	-0.0501438	0.00674335	0.99747	-0.0707715	0.0507465	0.0703406	0.996231
3.03333	0.998539	-0.005904	-0.053709	0.00200726	0.99738	-0.0723194	0.0539952	0.0721059	0.995934
3.06667	0.998395	-0.000899844	-0.0566189	-0.00285102	0.997807	-0.0661319	0.0565542	0.0661872	0.996203
3.1	0.998283	0.0028373	-0.0585001	-0.00622374	0.99831	-0.0577871	0.0582373	0.0580519	0.996613
3.13333	0.99812	0.00380444	-0.06117	-0.006311	0.999146	-0.040836	0.0609624	0.0411453	0.997292
3.16667	0.998337	0.000633965	-0.0576467	-0.00204764	0.999699	-0.0244673	0.0576139	0.0245447	0.998037
3.2	0.998762	-0.00265795	-0.0496732	0.00160968	0.999775	-0.0211314	0.0497182	0.0210253	0.998542
3.23333	0.999021	-0.00571652	-0.0438598	0.00450502	0.999607	-0.0276715	0.0440007	0.0274468	0.998654
3.26667	0.99911	-0.00639441	-0.0416844	0.00518514	0.999564	-0.0290539	0.0418521	0.0288119	0.998708
3.3	0.999082	-0.00564831	-0.042467	0.0044055	0.999561	-0.0293022	0.0426139	0.0290882	0.998668
3.33333	0.999041	-0.00399435	-0.0435961	0.00266257	0.999529	-0.0305635	0.0436977	0.0304181	0.998582
3.36667	0.998983	-0.000996287	-0.0450707	-0.000325245	0.99957	-0.0293045	0.0450805	0.0292893	0.998554
3.4	0.998871	0.0015113	-0.0474738	-0.00292782	0.999552	-0.0297826	0.0474075	0.0298879	0.998428
3.43333	0.998573	0.0024404	-0.0533535	-0.00406202	0.999532	-0.0303066	0.0532546	0.0304801	0.998116
3.46667	0.998098	0.00421715	-0.0614998	-0.00578762	0.999661	-0.0253804	0.0613719	0.0256881	0.997784
3.5	0.997858	0.0085094	-0.0648566	-0.00959147	0.99982	-0.0163911	0.0647054	0.016978	0.99776
3.53333	0.997912	0.0130137	-0.0632657	-0.0128789	0.999914	0.00253802	0.0632933	-0.00171793	0.997993
3.56667	0.998161	0.0159335	-0.0584868	-0.0141402	0.999421	0.0309474	0.0589461	-0.0300635	0.997808
3.6	0.998246	0.0199949	-0.0557263	-0.0174473	0.998797	0.0458345	0.0565757	-0.0447818	0.997393
3.63333	0.998357	0.0251682	-0.0514771	-0.022727	0.998614	0.0474696	0.0526005	-0.0462217	0.997545
3.66667	0.998771	0.0242604	-0.0432138	-0.0217016	0.998038	0.058727	0.0445538	-0.057717	0.997338
3.7	0.999123	0.0198347	-0.0368803	-0.0168402	0.996668	0.0798042	0.0383404	-0.0791132	0.996128
3.73333	0.999411	0.01179	-0.0322265	-0.00880435	0.995788	0.0912655	0.0331668	-0.090928	0.995305
3.76667	0.999591	0.00315489	-0.0284226	-0.000182497	0.994579	0.103979	0.0285966	-0.103932	0.994173
3.8	0.999617	-0.00427574	-0.0273457	0.00735037	0.993529	0.113344	0.0266842	-0.113502	0.993179
3.83333	0.999522	-0.0109561	-0.0289245	0.0144821	0.992094	0.124662	0.02733	-0.125021	0.991778
3.86667	0.99935	-0.0171633	-0.0316897	0.0212688	0.990734	0.134138	0.0290938	-0.134724	0.990456
3.9	0.999021	-0.0222712	-0.0382156	0.0272644	0.990394	0.135561	0.0348294	-0.13647	0.990032
3.93333	0.998731	-0.0244977	-0.0440026	0.0301592	0.990658	0.132995	0.0403335	-0.134153	0.990139
3.96667	0.99868	-0.0237851	-0.0455185	0.0293257	0.991697	0.125209	0.0421624	-0.126378	0.991086
4	0.998748	-0.0215651	-0.0451378	0.0265294	0.993304	0.112443	0.0424107	-0.1135	0.992632
4.03333	0.998854	-0.0181861	-0.0442745	0.0225357	0.994751	0.0998151	0.0422269	-0.100698	0.99402
4.06667	0.998749	-0.0167394	-0.047115	0.0209682	0.995654	0.0907425	0.0453913	-0.0916169	0.994759
4.1	0.998797	-0.0184939	-0.0454253	0.022025	0.99667	0.0785069	0.0438221	-0.079413	0.995878
4.13333	0.998985	-0.0174583	-0.0415153	0.0194268	0.998682	0.0474967	0.0406314	-0.048255	0.998008
4.16667	0.999169	-0.0147404	-0.0379896	0.015002	0.999866	0.0066105	0.037887	-0.00717493	0.999256
4.2	0.999172	-0.0105032	-0.0393188	0.00990169	0.999831	-0.0154615	0.0394746	0.0150593	0.999107
4.23333	0.999147	-0.00644615	-0.0407806	0.00539001	0.999649	-0.0259552	0.0409336	0.0257133	0.998831
4.26667	0.999104	-0.00356977	-0.0421648	0.00225197	0.999509	-0.03126	0.0422556	0.031137	0.998622
4.3	0.999034	-0.00135257	-0.0439328	0.000307741	0.999717	-0.0237805	0.0439526	0.023744	0.998751
4.33333	0.998934	0.00166412	-0.0461264	-0.00226392	0.999914	-0.0129542	0.0461009	0.0130448	0.998852
4.36667	0.998789	0.00393663	-0.0490404	-0.00373102	0.999984	0.00428353	0.0490564	-0.00409537	0.998788
4.4	0.998544	0.00579681	-0.0536326	-0.00432364	0.999611	0.0275432	0.0537714	-0.0272712	0.998181
4.43333	0.998442	0.00568789	-0.0555004	-0.00301698	0.998838	0.0480898	0.0557095	-0.0478474	0.9973
4.46667	0.998505	0.00294712	-0.0545755	0.000504914	0.998005	0.0631308	0.0546527	-0.063064	0.996512
