0	0.0110242	-0.0319839	0.788389	0.999995	-0.000247574	0.00307081	0.000167084	0.999657	0.0261838	-0.00307624	-0.0261831	0.999652
0.0333333	0.170057	0.979902	-1.94521	0.235552	0.970884	-0.0435886	-0.970655	0.237257	0.0392044	0.0484046	0.0330748	0.99828
0.0666667	0.167647	0.982135	-1.94196	0.137825	0.990455	-0.00190113	-0.990456	0.137826	0.000471673	0.000729196	0.00181798	0.999998
0.1	0.167198	0.983667	-1.94031	0.0914693	0.995702	0.0145504	-0.995802	0.0915104	-0.00218359	-0.00350573	-0.0142896	0.999892
0.133333	0.167609	0.984272	-1.93961	0.0718698	0.997186	0.0213193	-0.997406	0.0719372	-0.00240999	-0.00393686	-0.0210908	0.99977
0.166667	0.168126	0.984543	-1.9392	0.0640391	0.997657	0.0240621	-0.99794	0.0641127	-0.00229803	-0.00383533	-0.0238653	0.999708
0.2	0.168555	0.984648	-1.9389	0.0596348	0.997913	0.0247502	-0.998213	0.0597111	-0.00235684	-0.00382979	-0.0245654	0.999691
0.233333	0.168959	0.984704	-1.9387	0.0575939	0.998034	0.0247372	-0.998333	0.0576703	-0.00238608	-0.00380798	-0.0245585	0.999691
0.266667	0.169464	0.984723	-1.93848	0.0561253	0.998114	0.0248805	-0.998415	0.0562089	-0.0026725	-0.00406597	-0.024691	0.999687
0.3	0.16992	0.984754	-1.93829	0.0551508	0.998161	0.0251596	-0.99847	0.0552328	-0.00257476	-0.00395967	-0.0249791	0.99968
0.333333	0.170276	0.984774	-1.93816	0.0542532	0.998213	0.0250382	-0.998519	0.0543369	-0.00267367	-0.00402939	-0.0248561	0.999683
0.366667	0.170705	0.984769	-1.938	0.053852	0.99824	0.0248534	-0.998541	0.053935	-0.0026814	-0.00401714	-0.0246727	0.999688
0.4	0.171158	0.984796	-1.93785	0.0534059	0.998267	0.0246954	-0.998565	0.053485	-0.00255116	-0.00386757	-0.0245238	0.999692
0.433333	0.171527	0.984946	-1.93773	0.052857	0.99831	0.0241715	-0.998597	0.0529213	-0.00202758	-0.00330334	-0.0240304	0.999706
0.466667	0.171833	0.985182	-1.93759	0.0526948	0.998342	0.0231433	-0.998606	0.0527516	-0.0018515	-0.00306928	-0.0230135	0.99973
0.5	0.172261	0.985406	-1.93736	0.0522772	0.998377	0.0225728	-0.998628	0.0523323	-0.00185776	-0.00303603	-0.0224447	0.999743
0.533333	0.172703	0.98551	-1.93703	0.0518582	0.998424	0.0214719	-0.99865	0.0519107	-0.00189271	-0.00300435	-0.0213447	0.999768
0.566667	0.173222	0.985509	-1.93665	0.0512502	0.998476	0.0204509	-0.998681	0.051302	-0.00201756	-0.00306365	-0.0203205	0.999789
0.6	0.173821	0.98551	-1.93611	0.0510839	0.998497	0.0198503	-0.99869	0.0511336	-0.00200656	-0.00301856	-0.0197218	0.999801
0.633333	0.174472	0.985535	-1.93555	0.0510353	0.998499	0.0198752	-0.998692	0.0510868	-0.00209208	-0.0031043	-0.0197424	0.9998
0.666667	0.175239	0.985579	-1.93494	0.0509731	0.998495	0.0202324	-0.998696	0.0510225	-0.00193041	-0.00295981	-0.0201076	0.999793
0.7	0.175963	0.985595	-1.93432	0.0508295	0.998504	0.02015	-0.998704	0.0508747	-0.00174025	-0.00276277	-0.0200354	0.999795
0.733333	0.17676	0.985583	-1.93368	0.050919	0.998493	0.0204486	-0.998699	0.050968	-0.00188478	-0.00292417	-0.020326	0.999789
0.766667	0.177567	0.985587	-1.93305	0.0509589	0.998483	0.0208363	-0.998695	0.0510201	-0.00241644	-0.00347584	-0.020686	0.99978
0.8	0.178258	0.985587	-1.93247	0.0506332	0.998502	0.0207233	-0.99871	0.0507017	-0.00279218	-0.00383871	-0.0205552	0.999781
0.833333	0.178893	0.985533	-1.93195	0.0504337	0.998532	0.019742	-0.998719	0.050504	-0.00308254	-0.00407507	-0.0195613	0.9998
0.866667	0.179545	0.985464	-1.93149	0.0499164	0.998574	0.0189115	-0.998745	0.0499844	-0.00313755	-0.00407835	-0.0187311	0.999816
0.9	0.180234	0.985434	-1.93104	0.0493295	0.99862	0.0180412	-0.998772	0.0494043	-0.00372307	-0.00460925	-0.0178354	0.99983
0.933333	0.180946	0.985428	-1.93056	0.0498698	0.99861	0.0170744	-0.998741	0.0499534	-0.00450573	-0.00535239	-0.0168282	0.999844
0.966667	0.181643	0.98541	-1.93022	0.0501371	0.998611	0.016213	-0.998725	0.0502248	-0.00504536	-0.00585265	-0.0159394	0.999856
1	0.182425	0.985391	-1.92984	0.0496361	0.998649	0.0153723	-0.99875	0.0497203	-0.00514181	-0.00589917	-0.0150978	0.999869
1.03333	0.183135	0.98541	-1.92952	0.0494874	0.998672	0.0143014	-0.998759	0.049562	-0.00490587	-0.00560817	-0.0140409	0.999886
1.06667	0.183728	0.985362	-1.92928	0.0491296	0.99871	0.0127946	-0.998776	0.049198	-0.00508406	-0.00570697	-0.0125292	0.999905
1.1	0.184384	0.985385	-1.92908	0.0488703	0.998736	0.0117291	-0.998789	0.0489321	-0.00503653	-0.0056041	-0.0114688	0.999919
1.13333	0.18504	0.985396	-1.92898	0.048496	0.998766	0.0106709	-0.998808	0.0485515	-0.00500311	-0.00551502	-0.0104156	0.999931
1.16667	0.18569	0.98542	-1.92893	0.0483663	0.998781	0.00982509	-0.998815	0.0484162	-0.00490722	-0.00537694	-0.00957611	0.99994
1.2	0.186379	0.98544	-1.92895	0.0482028	0.998795	0.00925484	-0.998822	0.0482514	-0.00509905	-0.00553947	-0.00899815	0.999944
1.23333	0.187041	0.985463	-1.92904	0.0478651	0.998815	0.00884006	-0.998838	0.0479116	-0.00511865	-0.00553613	-0.00858478	0.999948
1.26667	0.18763	0.985535	-1.92923	0.0475038	0.998837	0.00822843	-0.998858	0.0475437	-0.00472188	-0.0051076	-0.00799472	0.999955
1.3	0.188133	0.985604	-1.92945	0.0472168	0.998861	0.00690033	-0.998874	0.0472472	-0.00431571	-0.00463681	-0.00668879	0.999967
1.33333	0.188627	0.985705	-1.92968	0.0468899	0.998882	0.00593116	-0.998891	0.0469145	-0.00408405	-0.00435775	-0.00573308	0.999974
1.36667	0.189117	0.9858	-1.93	0.0464885	0.998905	0.00526831	-0.998911	0.0465086	-0.00377315	-0.00401404	-0.00508717	0.999979
1.4	0.189555	0.985899	-1.93037	0.046347	0.998916	0.00441566	-0.99892	0.0463611	-0.00314677	-0.00334807	-0.00426504	0.999985
1.43333	0.190045	0.985989	-1.93074	0.0462616	0.998923	0.00362663	-0.998926	0.0462707	-0.00247017	-0.00263532	-0.00350846	0.99999
1.46667	0.190583	0.986087	-1.93109	0.0459336	0.998939	0.00322663	-0.998942	0.045941	-0.00223372	-0.00237958	-0.00312061	0.999992
1.5	0.191094	0.986233	-1.93147	0.0456758	0.998952	0.00309639	-0.998954	0.0456821	-0.00199979	-0.00213914	-0.00300181	0.999993
1.53333	0.191567	0.986364	-1.9318	0.0452549	0.998972	0.00257013	-0.998974	0.045259	-0.00156855	-0.00168326	-0.00249651	0.999995
1.56667	0.192073	0.986478	-1.93214	0.0448736	0.99899	0.00215702	-0.998992	0.0448758	-0.000986738	-0.00108254	-0.00211057	0.999997
1.6	0.192524	0.986605	-1.93245	0.0446366	0.999003	0.00117646	-0.999003	0.0446366	1.80395e-05	-3.44918e-05	-0.0011761	0.999999
1.63333	0.192914	0.986689	-1.93276	0.0442625	0.99902	-0.000253993	-0.999019	0.0442627	0.000931064	0.000941394	0.000212533	1
1.66667	0.193448	0.986748	-1.93302	0.0442439	0.99902	-0.00107855	-0.99902	0.0442454	0.0013895	0.00143586	0.00101601	0.999998
1.7	0.194039	0.98684	-1.93325	0.043957	0.999032	-0.00160208	-0.999032	0.0439592	0.00137215	0.00144125	0.00154021	0.999998
1.73333	0.194669	0.986927	-1.93349	0.043605	0.999048	-0.00157416	-0.999048	0.0436072	0.00144506	0.00151233	0.00150964	0.999998
1.76667	0.195347	0.987051	-1.93373	0.0428762	0.999078	-0.00228757	-0.999078	0.0428813	0.00219417	0.00229024	0.00219138	0.999995
1.8	0.196103	0.987105	-1.93397	0.0425767	0.999087	-0.00358783	-0.999089	0.0425868	0.00280453	0.00295476	0.00346515	0.99999
1.83333	0.196781	0.987137	-1.93407	0.0426148	0.999077	-0.00531413	-0.999087	0.0426297	0.00272196	0.00294599	0.00519328	0.999982
1.86667	0.19761	0.987172	-1.93418	0.0423764	0.999084	-0.00589961	-0.999098	0.0423918	0.00252595	0.00277373	0.00578724	0.999979
1.9	0.198433	0.987141	-1.93433	0.0421443	0.999089	-0.00670299	-0.999107	0.0421642	0.0028424	0.00312244	0.00657721	0.999973
1.93333	0.199383	0.987048	-1.93429	0.041287	0.999115	-0.00809149	-0.999141	0.0413145	0.00326189	0.0035933	0.00794987	0.999962
1.96667	0.200439	0.986859	-1.93402	0.0411152	0.999106	-0.00983554	-0.999147	0.0411513	0.00350103	0.00390264	0.0096832	0.999946
2	0.201751	0.986607	-1.93357	0.0407926	0.999106	-0.0110578	-0.999161	0.0408301	0.00318789	0.00363653	0.0109185	0.999934
2.03333	0.203274	0.986302	-1.933	0.0401954	0.999124	-0.0116746	-0.999186	0.0402309	0.00282257	0.00328977	0.0115516	0.999928
2.06667	0.204919	0.985917	-1.93222	0.0399921	0.999115	-0.0130076	-0.999194	0.0400342	0.00299078	0.00350889	0.0128775	0.999911
2.1	0.206807	0.985486	-1.93125	0.0400879	0.999089	-0.0146433	-0.999188	0.0401414	0.0033805	0.00396522	0.0144959	0.999887
2.13333	0.20882	0.984993	-1.92984	0.0399721	0.999082	-0.015437	-0.99919	0.040038	0.00398546	0.00459987	0.0152652	0.999873
2.16667	0.210796	0.98451	-1.92809	0.0380447	0.999167	-0.0147632	-0.999265	0.0381096	0.00413691	0.00469609	0.014595	0.999882
2.2	0.212901	0.983994	-1.92616	0.0363137	0.999241	-0.014091	-0.999329	0.036378	0.00433451	0.00484382	0.0139242	0.999891
2.23333	0.21498	0.983359	-1.92406	0.0344894	0.999292	-0.0150602	-0.999392	0.0345625	0.00462094	0.00513819	0.0148917	0.999876
2.26667	0.216857	0.982656	-1.92172	0.0304625	0.999373	-0.0180525	-0.999525	0.0305422	0.00415667	0.00470543	0.0179173	0.999828
2.3	0.218724	0.98223	-1.91911	0.0228321	0.999504	-0.0216828	-0.999736	0.0228839	0.00214447	0.00263959	0.0216281	0.999763
2.33333	0.220629	0.981974	-1.91638	0.0129067	0.999578	-0.0260301	-0.999917	0.012915	0.000152019	0.000488134	0.0260259	0.999661
2.36667	0.222688	0.981773	-1.91345	0.0022807	0.99957	-0.0292395	-0.999997	0.00225255	-0.000995855	-0.000929563	0.0292417	0.999572
2.4	0.224832	0.981195	-1.91017	-0.00709028	0.999526	-0.0299456	-0.999972	-0.00716309	-0.00232472	-0.00253812	0.0299283	0.999549
2.43333	0.226671	0.980425	-1.90649	-0.0155259	0.999437	-0.0297407	-0.999877	-0.015588	-0.00185588	-0.00231844	0.0297083	0.999556
2.46667	0.228157	0.979571	-1.90272	-0.0246288	0.999239	-0.0302447	-0.999696	-0.0246552	-0.000500136	-0.00124544	0.0302232	0.999542
2.5	0.228824	0.978715	-1.89876	-0.0328497	0.998897	-0.0335522	-0.99946	-0.0328569	0.000336507	-0.000766287	0.0335452	0.999437
2.53333	0.2291	0.97803	-1.89458	-0.0379348	0.998532	-0.0386657	-0.999279	-0.0379764	-0.000344033	-0.00181191	0.0386247	0.999252
2.56667	0.22885	0.977407	-1.89007	-0.0423505	0.998154	-0.0435402	-0.999095	-0.0424783	-0.0020136	-0.00385939	0.0434156	0.99905
2.6	0.228471	0.97683	-1.88527	-0.046376	0.997898	-0.0452719	-0.998902	-0.0466303	-0.00457739	-0.00667882	0.0450099	0.998964
2.63333	0.227993	0.976182	-1.87996	-0.0498886	0.9978	-0.043665	-0.998691	-0.0503337	-0.00915265	-0.0113303	0.0431512	0.999004
2.66667	0.22744	0.975676	-1.87408	-0.055403	0.997718	-0.0385892	-0.998336	-0.0559729	-0.0138487	-0.0159771	0.0377577	0.999159
2.7	0.226799	0.975265	-1.86774	-0.0632205	0.99753	-0.0305963	-0.997791	-0.0638046	-0.0185072	-0.0204137	0.0293587	0.99936
2.73333	0.225937	0.974884	-1.86122	-0.0702943	0.997272	-0.0225012	-0.997211	-0.0708215	-0.0235591	-0.0250884	0.0207824	0.999469
2.76667	0.224549	0.974464	-1.85426	-0.0751495	0.997036	-0.0164619	-0.996691	-0.075616	-0.0298303	-0.0309867	0.0141656	0.999419
2.8	0.223004	0.974151	-1.84657	-0.0807985	0.996684	-0.0096561	-0.995987	-0.0811086	-0.0378301	-0.0384879	0.00656073	0.999238
2.83333	0.221197	0.973778	-1.83827	-0.0846847	0.996405	-0.00214867	-0.995354	-0.084694	-0.0458061	-0.0458234	-0.00174039	0.998948
2.86667	0.219316	0.973182	-1.8291	-0.0853113	0.996332	0.00660691	-0.994966	-0.0848405	-0.0533435	-0.0525873	-0.0111244	0.998554
2.9	0.217393	0.972392	-1.81851	-0.0848392	0.996268	0.0159025	-0.994608	-0.083721	-0.0612001	-0.0596403	-0.0210089	0.997999
2.93333	0.215541	0.971313	-1.80609	-0.0841498	0.996084	0.0271116	-0.994194	-0.082097	-0.0695568	-0.0670587	-0.0328074	0.99721
2.96667	0.213725	0.969858	-1.79159	-0.0823872	0.995624	0.0441155	-0.993867	-0.0788045	-0.0775763	-0.0737603	-0.0502362	0.99601
3	0.212259	0.967593	-1.77437	-0.0740562	0.995026	0.0666286	-0.994107	-0.0683538	-0.0841381	-0.0791652	-0.0724669	0.994224
3.03333	0.210634	0.965711	-1.75575	-0.0779077	0.992889	0.0900053	-0.993526	-0.0698353	-0.0896016	-0.082679	-0.0964033	0.991903
3.06667	0.20915	0.966013	-1.73674	-0.0937261	0.989924	0.106139	-0.99156	-0.0832222	-0.0994111	-0.0895763	-0.114561	0.989369
3.1	0.207683	0.967204	-1.71817	-0.0964803	0.987857	0.121783	-0.99064	-0.0834333	-0.108037	-0.096564	-0.131066	0.98666
3.13333	0.205967	0.968268	-1.70061	-0.0943369	0.985101	0.143793	-0.990673	-0.0786267	-0.111284	-0.0983197	-0.15295	0.983331
3.16667	0.203644	0.96811	-1.68321	-0.098107	0.98137	0.165193	-0.990292	-0.0798466	-0.11378	-0.0984697	-0.174752	0.979676
3.2	0.201232	0.96657	-1.66648	-0.102685	0.977685	0.18327	-0.989578	-0.0817077	-0.118573	-0.100952	-0.193536	0.975886
3.23333	0.199161	0.964284	-1.65035	-0.106766	0.973842	0.200584	-0.989075	-0.0833983	-0.121557	-0.101649	-0.21137	0.972106
3.26667	0.197097	0.96194	-1.63524	-0.104359	0.970914	0.215487	-0.989512	-0.0796055	-0.120539	-0.0998794	-0.225807	0.969038
3.3	0.195446	0.960214	-1.62143	-0.0949481	0.969819	0.22458	-0.990746	-0.0700801	-0.116236	-0.0969897	-0.233539	0.967498
3.33333	0.193796	0.959213	-1.60822	-0.0799183	0.97164	0.222548	-0.992076	-0.0558181	-0.112559	-0.0969449	-0.229781	0.968402
3.36667	0.19233	0.958561	-1.59583	-0.0622161	0.974618	0.215054	-0.992968	-0.0387015	-0.111876	-0.100714	-0.220502	0.970173
3.4	0.191429	0.958123	-1.58353	-0.043169	0.977612	0.205938	-0.993583	-0.0204414	-0.111239	-0.104538	-0.209418	0.972222
3.43333	0.190964	0.957931	-1.57093	-0.0255519	0.980288	0.195917	-0.993963	-0.00399516	-0.109645	-0.106701	-0.197536	0.974471
3.46667	0.191085	0.95806	-1.5579	-0.00777643	0.982384	0.186711	-0.994124	0.0125652	-0.107517	-0.107969	-0.18645	0.976514
3.5	0.191734	0.958444	-1.54457	0.0103831	0.98393	0.17825	-0.994127	0.0293612	-0.104165	-0.107724	-0.176121	0.978456
3.53333	0.19289	0.95884	-1.53117	0.0289787	0.98518	0.169056	-0.993933	0.0463521	-0.0997434	-0.106101	-0.16514	0.980546
3.56667	0.194345	0.959127	-1.51774	0.045421	0.986197	0.159224	-0.993407	0.0613855	-0.0968233	-0.105261	-0.153777	0.982483
3.6	0.196327	0.959413	-1.50424	0.0639909	0.986672	0.149613	-0.992325	0.078807	-0.095292	-0.105812	-0.142367	0.984142
3.63333	0.198912	0.95969	-1.49088	0.0844682	0.986213	0.142298	-0.990717	0.0983884	-0.0938011	-0.106508	-0.133054	0.985369
3.66667	0.202022	0.959807	-1.47737	0.10253	0.985306	0.136601	-0.989022	0.115666	-0.0919648	-0.106414	-0.125672	0.986348
3.7	0.20546	0.959636	-1.46339	0.117419	0.984179	0.132678	-0.987212	0.130184	-0.0920019	-0.107819	-0.120179	0.98688
3.73333	0.209255	0.959264	-1.44883	0.129729	0.983049	0.129557	-0.985311	0.142442	-0.0941945	-0.111052	-0.115434	0.987088
3.76667	0.212834	0.958606	-1.43318	0.140843	0.982535	0.121607	-0.983449	0.152988	-0.0970679	-0.113977	-0.105923	0.987821
3.8	0.216036	0.957394	-1.41532	0.150487	0.983114	0.104121	-0.981997	0.160812	-0.099099	-0.114169	-0.0873332	0.989615
3.83333	0.218192	0.955422	-1.39438	0.151162	0.985399	0.07835	-0.982335	0.15859	-0.0993365	-0.110312	-0.06195	0.991964
3.86667	0.219473	0.952892	-1.36963	0.143416	0.988689	0.0438849	-0.984214	0.147133	-0.098363	-0.103707	-0.0290853	0.994182
3.9	0.220582	0.951463	-1.34377	0.145646	0.989333	0.00279485	-0.984971	0.145267	-0.0934354	-0.0928447	0.0108556	0.995621
3.93333	0.221085	0.953565	-1.31791	0.167367	0.985311	-0.0339165	-0.982748	0.163987	-0.0855274	-0.0787093	0.0476458	0.995758
3.96667	0.221474	0.958377	-1.29289	0.18126	0.98115	-0.0670023	-0.981086	0.1757	-0.0812441	-0.0679404	0.0804613	0.99444
4	0.22216	0.963593	-1.26909	0.178615	0.978062	-0.107198	-0.982493	0.171431	-0.0729343	-0.0529572	0.118349	0.991559
4.03333	0.223627	0.9672	-1.24575	0.173866	0.973661	-0.147497	-0.984151	0.166488	-0.0610703	-0.0349054	0.155777	0.987175
4.06667	0.226288	0.968582	-1.22292	0.175845	0.967606	-0.181154	-0.984226	0.169179	-0.0517358	-0.0194124	0.187394	0.982093
4.1	0.229701	0.968257	-1.20114	0.175462	0.962667	-0.206121	-0.984447	0.169696	-0.0454668	-0.00879131	0.210893	0.97747
4.13333	0.233385	0.967491	-1.18136	0.16559	0.960375	-0.224188	-0.986193	0.160786	-0.0396496	-0.00203212	0.227658	0.973739
4.16667	0.236697	0.967299	-1.16364	0.14841	0.961535	-0.23114	-0.988926	0.144296	-0.034698	-1.06786e-05	0.23373	0.972302
4.2	0.239384	0.967725	-1.14757	0.129039	0.96448	-0.230496	-0.991639	0.125371	-0.0305501	-0.000567405	0.232511	0.972594
4.23333	0.241809	0.968304	-1.13173	0.107907	0.969077	-0.221914	-0.99416	0.104876	-0.0254363	-0.00137636	0.223362	0.974734
4.26667	0.244309	0.968448	-1.11613	0.0911289	0.97239	-0.214834	-0.995839	0.0887556	-0.0206885	-0.0010496	0.215825	0.976431
4.3	0.246858	0.968247	-1.1002	0.0746196	0.976486	-0.202254	-0.997209	0.0725819	-0.0174836	-0.00239253	0.202994	0.979177
4.33333	0.249721	0.967909	-1.08483	0.0600589	0.980828	-0.185389	-0.998177	0.0579049	-0.0170164	-0.00595517	0.186073	0.982518
4.36667	0.252198	0.967666	-1.06981	0.0437013	0.985132	-0.166151	-0.999	0.0415189	-0.0165876	-0.00944254	0.166709	0.985961
4.4	0.254621	0.967469	-1.05561	0.0286328	0.989109	-0.144372	-0.999522	0.0266403	-0.015716	-0.0116987	0.144753	0.989399
4.43333	0.25689	0.967247	-1.04195	0.0144649	0.99232	-0.122846	-0.999791	0.0125752	-0.0161444	-0.0144756	0.123053	0.992294
4.46667	0.258945	0.967046	-1.02847	0.00101048	0.994654	-0.103264	-0.999845	-0.000808653	-0.017573	-0.0175626	0.103265	0.994499
4.5	0.260778	0.966805	-1.01469	-0.0110913	0.996333	-0.0848329	-0.999721	-0.0128177	-0.0198328	-0.0208474	0.0845892	0.996198
4.53333	0.262229	0.966555	-1.00033	-0.0212272	0.997476	-0.0677587	-0.999467	-0.0228535	-0.0233171	-0.0248068	0.0672276	0.997429
4.56667	0.263456	0.966136	-0.985577	-0.0303361	0.998243	-0.0508972	-0.999095	-0.0318018	-0.0282402	-0.0298092	0.0499945	0.998305
4.6	0.264561	0.965228	-0.970429	-0.0373338	0.99871	-0.0344127	-0.99869	-0.0384942	-0.0337	-0.0349812	0.0331095	0.998839
4.63333	0.265304	0.96354	-0.954634	-0.0410061	0.998956	-0.0201474	-0.998295	-0.0418007	-0.0407421	-0.0415418	0.0184424	0.998967
4.66667	0.265951	0.961142	-0.937241	-0.0415446	0.999119	-0.00591148	-0.99794	-0.0417836	-0.0486762	-0.0488804	0.00387707	0.998797
4.7	0.266996	0.958296	-0.917994	-0.0427731	0.998965	0.0154924	-0.997595	-0.0418575	-0.055254	-0.0545483	-0.0178185	0.998352
4.73333	0.268382	0.954884	-0.896466	-0.0409632	0.998237	0.0429484	-0.9975	-0.0383804	-0.0593278	-0.0575748	-0.0452713	0.997314
4.76667	0.27007	0.950892	-0.872778	-0.0351053	0.996767	0.0722762	-0.99763	-0.03067	-0.0615871	-0.0591712	-0.0742669	0.995481
4.8	0.271809	0.94824	-0.847588	-0.0524666	0.993555	0.10048	-0.996988	-0.0463596	-0.0621791	-0.0571201	-0.10344	0.992994
4.83333	0.274709	0.949718	-0.82254	-0.089455	0.988401	0.122723	-0.994262	-0.0813617	-0.0694544	-0.0586638	-0.128232	0.990008
4.86667	0.277094	0.952886	-0.800482	-0.101109	0.984695	0.141958	-0.993013	-0.0911601	-0.0749376	-0.0608498	-0.148543	0.987032
4.9	0.278833	0.955667	-0.779353	-0.101438	0.979227	0.17557	-0.993069	-0.0891371	-0.0766049	-0.0593637	-0.182124	0.981482
4.93333	0.28013	0.956454	-0.758533	-0.10304	0.972294	0.209827	-0.993092	-0.0886554	-0.0768668	-0.0561348	-0.216297	0.974712
4.96667	0.280868	0.955291	-0.738535	-0.105555	0.966492	0.233991	-0.992767	-0.0888867	-0.0807022	-0.0571993	-0.240817	0.968884
5	0.281502	0.953288	-0.719136	-0.104063	0.961976	0.252532	-0.992836	-0.0854877	-0.0834775	-0.058715	-0.25941	0.963981
5.03333	0.281887	0.952064	-0.700934	-0.094021	0.959913	0.264059	-0.994104	-0.0761305	-0.0772102	-0.0540121	-0.269761	0.961411
5.06667	0.282037	0.951913	-0.684011	-0.0718882	0.961261	0.266102	-0.996211	-0.0561088	-0.0664434	-0.0489387	-0.26987	0.961652
5.1	0.282043	0.9527	-0.667859	-0.048216	0.963794	0.262253	-0.997794	-0.0344792	-0.0567345	-0.0456381	-0.26441	0.96333
5.13333	0.281923	0.953579	-0.652301	-0.0216353	0.966886	0.25429	-0.998823	-0.00986081	-0.0474873	-0.0434073	-0.255018	0.965961
5.16667	0.281871	0.954068	-0.637214	0.00151901	0.969692	0.244325	-0.999166	0.0114403	-0.0391931	-0.0408004	-0.244061	0.968901
5.2	0.282008	0.953913	-0.622517	0.0206157	0.971659	0.235487	-0.999022	0.029234	-0.0331652	-0.0391095	-0.234573	0.971311
5.23333	0.282202	0.953436	-0.608167	0.0392692	0.973504	0.225274	-0.998553	0.0465246	-0.0269875	-0.0367532	-0.223888	0.973922
5.26667	0.282674	0.95297	-0.594266	0.0578465	0.975045	0.214337	-0.997767	0.0636486	-0.0202623	-0.0333989	-0.212686	0.97655
5.3	0.283242	0.952678	-0.581213	0.0763491	0.976561	0.201244	-0.996606	0.0809706	-0.0148216	-0.030769	-0.199429	0.979429
5.33333	0.284118	0.952466	-0.568718	0.0952167	0.977778	0.186773	-0.995017	0.0990577	-0.0113195	-0.0295692	-0.184764	0.982338
5.36667	0.285022	0.952142	-0.555918	0.110661	0.978819	0.172242	-0.993439	0.113974	-0.00943137	-0.0288626	-0.170068	0.98501
5.4	0.286189	0.95153	-0.543115	0.121921	0.979723	0.158988	-0.992095	0.12509	-0.0100375	-0.0297217	-0.156507	0.987229
5.43333	0.287769	0.950665	-0.530016	0.129936	0.980546	0.147123	-0.991042	0.133052	-0.0114931	-0.0308445	-0.144312	0.989051
5.46667	0.289673	0.949628	-0.516281	0.135828	0.981429	0.135457	-0.99021	0.138919	-0.0135897	-0.032155	-0.132285	0.99069
5.5	0.291858	0.948585	-0.501332	0.142272	0.982284	0.121974	-0.989284	0.145193	-0.0153558	-0.0327936	-0.118483	0.992414
5.53333	0.294267	0.94728	-0.48485	0.146969	0.983356	0.106824	-0.98858	0.149664	-0.0176231	-0.0333175	-0.103014	0.994122
5.56667	0.296489	0.945379	-0.466848	0.144529	0.985839	0.0850411	-0.988895	0.146913	-0.0224346	-0.0346105	-0.0808542	0.996125
5.6	0.298787	0.943134	-0.446843	0.139792	0.988338	0.0603815	-0.989572	0.141584	-0.026469	-0.0347093	-0.0560517	0.997824
5.63333	0.301352	0.941025	-0.425463	0.141179	0.989363	0.0350543	-0.989436	0.142191	-0.0282669	-0.0329507	-0.0306933	0.998986
5.66667	0.303703	0.940848	-0.403251	0.158837	0.987213	0.013483	-0.986852	0.159163	-0.0281289	-0.0299152	-0.00883777	0.999513
5.7	0.305895	0.943517	-0.381321	0.18489	0.982758	-0.00127696	-0.982363	0.184779	-0.0286346	-0.0279049	0.00654869	0.999589
5.73333	0.308606	0.947584	-0.360813	0.192846	0.981134	-0.0136549	-0.980893	0.192397	-0.0288492	-0.0256778	0.0189574	0.999491
5.76667	0.311857	0.951256	-0.341107	0.190581	0.981144	-0.0321639	-0.981488	0.189809	-0.0255665	-0.0189794	0.036441	0.999156
5.8	0.315796	0.953377	-0.321172	0.191046	0.980321	-0.0497285	-0.981492	0.190099	-0.0231675	-0.0132583	0.0532342	0.998494
5.83333	0.320412	0.953833	-0.301296	0.199333	0.977946	-0.0623458	-0.979862	0.198154	-0.0246184	-0.0117214	0.0659975	0.997751
5.86667	0.325494	0.952892	-0.282617	0.212066	0.974334	-0.0755037	-0.977188	0.210511	-0.0280776	-0.0114626	0.0797356	0.99675
5.9	0.330405	0.951298	-0.265913	0.222444	0.970351	-0.094536	-0.974919	0.22067	-0.0289553	-0.00723553	0.0986058	0.9951
5.93333	0.334685	0.949886	-0.251444	0.223476	0.967826	-0.115632	-0.974709	0.221768	-0.0276004	-0.00106885	0.118876	0.992909
5.96667	0.337794	0.949282	-0.238437	0.211545	0.968475	-0.131547	-0.977368	0.209521	-0.0291949	-0.000712586	0.134746	0.99088
6	0.339942	0.949598	-0.22545	0.192367	0.971621	-0.137647	-0.981301	0.189529	-0.0335636	-0.00652316	0.141529	0.989913
6.03333	0.341929	0.95051	-0.211847	0.170281	0.976518	-0.13197	-0.985321	0.167083	-0.0350225	-0.0121501	0.135997	0.990635
6.06667	0.343922	0.951497	-0.19765	0.147205	0.981659	-0.121149	-0.988992	0.144216	-0.0331276	-0.0150484	0.124692	0.992081
6.1	0.345775	0.952028	-0.182854	0.127062	0.985585	-0.111701	-0.991747	0.124291	-0.0314575	-0.0171207	0.114776	0.993244
6.13333	0.347531	0.952142	-0.167738	0.108089	0.988765	-0.10325	-0.993967	0.105542	-0.0298447	-0.0186122	0.105853	0.994208
6.16667	0.349092	0.952029	-0.153158	0.0898162	0.991521	-0.0939084	-0.995758	0.0875091	-0.0284119	-0.0199531	0.096062	0.995175
6.2	0.350268	0.951926	-0.139161	0.0714037	0.9936	-0.0875247	-0.997248	0.0693576	-0.0262035	-0.0199653	0.0891548	0.995818
6.23333	0.351134	0.951707	-0.125919	0.0536305	0.995217	-0.0816505	-0.998374	0.0518601	-0.0236517	-0.0193042	0.0827862	0.99638
6.26667	0.351674	0.951294	-0.113089	0.0365335	0.996517	-0.0749598	-0.999146	0.0349745	-0.022006	-0.0193077	0.0756997	0.996944
6.3	0.351881	0.95076	-0.100301	0.0201948	0.997569	-0.0666995	-0.999579	0.0187562	-0.0221246	-0.0208198	0.0671182	0.997528
6.33333	0.351654	0.950116	-0.087588	0.00566234	0.99829	-0.0581725	-0.999718	0.00430977	-0.0233502	-0.0230596	0.0582883	0.998033
6.36667	0.351026	0.949312	-0.0748057	-0.00652559	0.998764	-0.049276	-0.999651	-0.00777706	-0.0252484	-0.0256004	0.049094	0.998466
6.4	0.350011	0.94831	-0.0618122	-0.0160034	0.998983	-0.0421577	-0.999435	-0.0172286	-0.0288614	-0.0295584	0.0416719	0.998694
6.43333	0.348858	0.947139	-0.0486442	-0.0229697	0.999141	-0.0344999	-0.999117	-0.0241562	-0.0343778	-0.0351817	0.0336798	0.998813
6.46667	0.34773	0.945861	-0.0346221	-0.0283567	0.999246	-0.0265359	-0.998761	-0.0294092	-0.0401553	-0.0409054	0.0253643	0.998841
6.5	0.346742	0.94433	-0.0193794	-0.0303436	0.999401	-0.0166275	-0.998469	-0.0310765	-0.0457539	-0.0462433	0.0152138	0.998814
6.53333	0.345588	0.942548	-0.00279834	-0.0287182	0.999579	-0.00409973	-0.998261	-0.028891	-0.0513827	-0.0514795	0.00261699	0.998671
6.56667	0.344527	0.940497	0.0156868	-0.0265189	0.999546	0.0143041	-0.998075	-0.0256719	-0.0564638	-0.0560709	-0.0157739	0.998302
6.6	0.343135	0.938177	0.0361092	-0.0258148	0.99905	0.0351184	-0.997868	-0.0236462	-0.0608232	-0.059935	-0.0366136	0.997531
6.63333	0.341601	0.935751	0.0580576	-0.0280563	0.99802	0.0562903	-0.997608	-0.024397	-0.0646743	-0.0631729	-0.0579702	0.996318
6.66667	0.340341	0.935532	0.0809241	-0.0519097	0.995584	0.0782151	-0.99651	-0.046513	-0.0693086	-0.0653645	-0.08154	0.994524
6.7	0.339788	0.938077	0.102939	-0.0763293	0.992293	0.0976125	-0.994507	-0.0687346	-0.0789361	-0.0716184	-0.103102	0.992089
6.73333	0.338798	0.941314	0.1228	-0.0823642	0.989223	0.12105	-0.993625	-0.0721284	-0.0866418	-0.0769769	-0.127414	0.988858
6.76667	0.337728	0.94359	0.142295	-0.0860616	0.984374	0.153629	-0.993261	-0.0727593	-0.0902124	-0.0776247	-0.160358	0.984002
6.8	0.336051	0.944314	0.16137	-0.0916916	0.979141	0.181314	-0.992676	-0.0754938	-0.0943167	-0.0786614	-0.188634	0.978892
6.83333	0.334109	0.943805	0.179787	-0.0968141	0.974196	0.203885	-0.991899	-0.0775098	-0.100646	-0.0822455	-0.211977	0.973808
6.86667	0.332339	0.942618	0.196812	-0.102211	0.968502	0.227062	-0.991157	-0.0797338	-0.106069	-0.0846237	-0.235895	0.968087
6.9	0.330823	0.941527	0.212589	-0.102329	0.962787	0.250141	-0.991428	-0.0781753	-0.104683	-0.0812321	-0.258709	0.962534
6.93333	0.329269	0.941059	0.226887	-0.0904302	0.960645	0.262646	-0.992976	-0.0667698	-0.0976712	-0.0762906	-0.269634	0.959936
6.96667	0.327683	0.941221	0.240626	-0.0700487	0.962592	0.261743	-0.994687	-0.0475586	-0.0912993	-0.0754359	-0.266748	0.960809
7	0.325906	0.941671	0.254136	-0.0465828	0.966636	0.251883	-0.995959	-0.0255612	-0.0860965	-0.0767855	-0.254876	0.96392
7.03333	0.324474	0.94213	0.267668	-0.0241208	0.970047	0.241719	-0.996781	-0.00484327	-0.0800306	-0.0764627	-0.242871	0.96704
7.06667	0.323441	0.942355	0.280774	-0.00297306	0.972606	0.232441	-0.997081	0.0148501	-0.0748907	-0.0762909	-0.231985	0.969723
7.1	0.323081	0.942536	0.293838	0.0154669	0.973474	0.228276	-0.997067	0.0321298	-0.0694596	-0.0749515	-0.226533	0.971115
7.13333	0.322852	0.942628	0.306589	0.0331297	0.974321	0.222713	-0.996825	0.0483542	-0.0632562	-0.0724009	-0.21991	0.97283
7.16667	0.322768	0.942765	0.319272	0.0508187	0.975514	0.213988	-0.996334	0.0642852	-0.0564455	-0.0688197	-0.210335	0.975204
7.2	0.322926	0.942934	0.331829	0.0701733	0.976586	0.20336	-0.995428	0.0817965	-0.0493156	-0.064795	-0.19897	0.977861
7.23333	0.3234	0.942929	0.344214	0.0895837	0.977175	0.192621	-0.994109	0.0995734	-0.0428028	-0.0610058	-0.187652	0.980339
7.26667	0.324058	0.942519	0.356584	0.1073	0.977471	0.181762	-0.992549	0.11593	-0.0375127	-0.0577394	-0.176382	0.982627
7.3	0.324908	0.941631	0.369158	0.122819	0.977787	0.169845	-0.990915	0.130272	-0.0334171	-0.0548009	-0.164198	0.984904
7.33333	0.32599	0.940332	0.382198	0.136343	0.978142	0.157001	-0.989319	0.142686	-0.0298136	-0.0515639	-0.151259	0.987148
7.36667	0.327188	0.938619	0.395909	0.147596	0.978721	0.142552	-0.987892	0.152849	-0.0265668	-0.0477905	-0.136905	0.989431
7.4	0.328314	0.93657	0.41051	0.157012	0.979601	0.125418	-0.986683	0.161058	-0.02274	-0.0424757	-0.120177	0.991843
7.43333	0.329355	0.934282	0.426225	0.164523	0.980681	0.105813	-0.985657	0.167543	-0.0202527	-0.0375898	-0.100964	0.99418
7.46667	0.330252	0.931936	0.443709	0.167855	0.982166	0.084707	-0.985249	0.170042	-0.0192582	-0.0333186	-0.0802249	0.99622
7.5	0.331168	0.929675	0.462179	0.164845	0.984586	0.0584546	-0.985847	0.166311	-0.0211396	-0.0305354	-0.0541426	0.998066
7.53333	0.332187	0.927949	0.481909	0.157475	0.987078	0.0296334	-0.987134	0.158184	-0.0233215	-0.0277077	-0.0255796	0.999289
7.56667	0.333831	0.927069	0.503027	0.151199	0.988503	0.000474364	-0.988204	0.151165	-0.0245371	-0.0243267	0.0032412	0.999699
7.6	0.336111	0.928137	0.524895	0.159065	0.987013	-0.0224497	-0.98709	0.158563	-0.022622	-0.0187685	0.0257582	0.999492
7.63333	0.338735	0.931265	0.547382	0.176273	0.983466	-0.0414958	-0.984246	0.175514	-0.021307	-0.0136716	0.0445979	0.998911
7.66667	0.342228	0.935689	0.569179	0.187492	0.980849	-0.0527491	-0.982181	0.186498	-0.0232151	-0.0129329	0.0561618	0.998338
7.7	0.346379	0.940183	0.590249	0.186945	0.980087	-0.0669417	-0.98231	0.18574	-0.0238473	-0.0109387	0.0702156	0.997472
7.73333	0.350947	0.943547	0.610978	0.185216	0.978999	-0.0851837	-0.982663	0.183779	-0.0244842	-0.00831507	0.0882417	0.996064
7.76667	0.356137	0.94518	0.631461	0.1893	0.976819	-0.0999525	-0.98189	0.187518	-0.0270163	-0.0076472	0.103256	0.994625
7.8	0.361688	0.945329	0.6515	0.199203	0.973375	-0.113395	-0.979922	0.196867	-0.0315536	-0.00838968	0.117404	0.993049
7.83333	0.367596	0.944406	0.670242	0.210738	0.96918	-0.127589	-0.977519	0.208028	-0.0343612	-0.00676011	0.131962	0.991232
7.86667	0.373275	0.943019	0.687084	0.217647	0.965369	-0.143851	-0.976026	0.215011	-0.0338143	-0.00171383	0.147762	0.989022
7.9	0.378144	0.941957	0.702215	0.214614	0.963624	-0.159276	-0.976697	0.212073	-0.0329899	0.00198819	0.162644	0.986683
7.93333	0.381856	0.94162	0.716422	0.201138	0.964986	-0.16836	-0.97956	0.197731	-0.0369434	-0.00235988	0.17235	0.985033
7.96667	0.384629	0.941983	0.730697	0.181335	0.969131	-0.167039	-0.983349	0.176622	-0.0427796	-0.0119563	0.172015	0.985022
8	0.386567	0.942779	0.745024	0.158978	0.974404	-0.158941	-0.987115	0.153911	-0.0437734	-0.0181901	0.163852	0.986317
8.03333	0.388276	0.943419	0.759182	0.138278	0.979291	-0.147879	-0.990128	0.133234	-0.0435309	-0.0229269	0.152439	0.988047
8.06667	0.38983	0.943635	0.773799	0.116884	0.983729	-0.136437	-0.99273	0.111753	-0.0447084	-0.0287337	0.140671	0.989639
8.1	0.391324	0.943447	0.788474	0.0956916	0.987344	-0.126472	-0.994832	0.0905281	-0.0459762	-0.033945	0.130218	0.990904
8.13333	0.392501	0.943153	0.802823	0.0746672	0.98993	-0.120266	-0.996554	0.0697056	-0.044952	-0.0361161	0.123208	0.991723
8.16667	0.393207	0.942827	0.816795	0.055133	0.991798	-0.115312	-0.997816	0.0505206	-0.0425487	-0.0363741	0.117406	0.992418
8.2	0.393364	0.942367	0.830481	0.0366627	0.993292	-0.10967	-0.99864	0.0323466	-0.0408787	-0.0370571	0.111019	0.993127
8.23333	0.39307	0.941745	0.843939	0.0199136	0.994392	-0.103866	-0.999046	0.0157528	-0.0407273	-0.0388627	0.104577	0.993757
8.26667	0.392174	0.941007	0.857499	0.00471197	0.995147	-0.09829	-0.999156	0.000673577	-0.0410792	-0.0408136	0.0984006	0.99431
8.3	0.390783	0.940153	0.871304	-0.0074418	0.995648	-0.0928933	-0.999056	-0.0113778	-0.0419139	-0.0427885	0.0924937	0.994793
8.33333	0.388945	0.93918	0.885494	-0.0170547	0.99597	-0.0880507	-0.998828	-0.0209612	-0.0436341	-0.0453039	0.0872033	0.99516
8.36667	0.386814	0.938028	0.899985	-0.0232466	0.996223	-0.0836616	-0.998531	-0.0272347	-0.0468481	-0.0489497	0.0824496	0.995392
8.4	0.384571	0.936641	0.915183	-0.0262417	0.996625	-0.0777841	-0.998197	-0.0303266	-0.0518075	-0.0539915	0.0762843	0.995623
8.43333	0.382348	0.934964	0.931566	-0.0256661	0.997285	-0.0690212	-0.997904	-0.029663	-0.0575207	-0.0594119	0.0674002	0.995956
8.46667	0.38031	0.933092	0.949476	-0.0233873	0.998202	-0.0551955	-0.997695	-0.0268218	-0.0623257	-0.0636941	0.0536107	0.996528
8.5	0.378162	0.930931	0.969811	-0.0227737	0.999167	-0.0338622	-0.997586	-0.024934	-0.0648058	-0.0655962	0.0323046	0.997323
8.53333	0.375816	0.928319	0.992101	-0.0225058	0.999714	-0.00803431	-0.997522	-0.0229908	-0.0664955	-0.0666612	0.00651787	0.997754
8.56667	0.373358	0.925648	1.01568	-0.0283452	0.999364	0.0216437	-0.997478	-0.026869	-0.0656909	-0.0650675	-0.0234511	0.997605
8.6	0.371637	0.92669	1.04005	-0.0647423	0.996664	0.0497012	-0.995913	-0.0613898	-0.0662501	-0.062978	-0.0537872	0.996564
8.63333	0.37018	0.930177	1.06215	-0.0841226	0.994147	0.0677818	-0.994056	-0.0790084	-0.0748972	-0.0691035	-0.0736795	0.994885
8.66667	0.368369	0.933903	1.08222	-0.084369	0.99169	0.0971247	-0.993793	-0.0766526	-0.0806163	-0.0725015	-0.103323	0.992002
8.7	0.366077	0.936214	1.10167	-0.0864871	0.98756	0.131322	-0.993642	-0.0759703	-0.0830934	-0.0720831	-0.137674	0.987851
8.73333	0.363268	0.93671	1.12077	-0.0926108	0.982427	0.162051	-0.993128	-0.0794439	-0.085939	-0.0715548	-0.168896	0.983033
8.76667	0.360469	0.93594	1.13919	-0.100658	0.976405	0.191055	-0.992291	-0.0845682	-0.0905967	-0.0723019	-0.198702	0.977389
8.8	0.358177	0.934851	1.15616	-0.104228	0.969447	0.222056	-0.992133	-0.0857809	-0.0911831	-0.069349	-0.229813	0.970761
8.83333	0.355936	0.934382	1.17179	-0.097156	0.964169	0.246859	-0.993383	-0.0786804	-0.0836591	-0.0612385	-0.253354	0.965433
8.86667	0.353688	0.934708	1.18598	-0.0781491	0.962941	0.258142	-0.995411	-0.0610246	-0.0737087	-0.0552241	-0.262717	0.963291
8.9	0.351325	0.935578	1.19932	-0.0541407	0.965037	0.25646	-0.99707	-0.0383465	-0.0661945	-0.0540459	-0.259292	0.964286
8.93333	0.348858	0.936562	1.21234	-0.0291509	0.968266	0.248217	-0.99817	-0.015038	-0.0585647	-0.0529735	-0.24947	0.966933
8.96667	0.34634	0.937433	1.22551	-0.00542127	0.97073	0.240111	-0.998694	0.00694299	-0.0506182	-0.0508037	-0.240071	0.969425
9	0.343849	0.938137	1.23899	0.0175649	0.972657	0.231582	-0.998655	0.0283689	-0.0434055	-0.0487884	-0.230508	0.971847
9.03333	0.341325	0.938622	1.25239	0.0395004	0.974737	0.219837	-0.998117	0.0488213	-0.037127	-0.0469218	-0.217957	0.97483
9.06667	0.338941	0.938859	1.26556	0.0573764	0.976095	0.209632	-0.997413	0.0651539	-0.0303793	-0.0433115	-0.207347	0.977308
9.1	0.336602	0.938966	1.27869	0.0741442	0.97753	0.197328	-0.996531	0.080126	-0.0224934	-0.037799	-0.194975	0.98008
9.13333	0.334461	0.938838	1.29166	0.0902172	0.978644	0.184707	-0.995399	0.0946144	-0.0151139	-0.0322671	-0.182494	0.982677
9.16667	0.332525	0.938471	1.30456	0.106589	0.97946	0.171165	-0.993921	0.10973	-0.00896966	-0.0275675	-0.169169	0.985201
9.2	0.331134	0.937847	1.31731	0.122531	0.979695	0.158695	-0.992181	0.124741	-0.00400191	-0.0237164	-0.156964	0.98732
9.23333	0.330163	0.936919	1.32962	0.136295	0.979779	0.146481	-0.990457	0.137818	-0.000251762	-0.0204345	-0.145049	0.989213
9.26667	0.329633	0.935722	1.34168	0.148678	0.979804	0.133715	-0.988727	0.14971	0.00235736	-0.0177087	-0.132558	0.991017
9.3	0.329332	0.934284	1.35405	0.160168	0.979791	0.119815	-0.98696	0.160932	0.00333936	-0.0160101	-0.118787	0.992791
9.33333	0.329201	0.932605	1.3668	0.170776	0.979735	0.104668	-0.985185	0.17148	0.00229873	-0.0156963	-0.10351	0.994505
9.36667	0.32909	0.930718	1.37998	0.179046	0.979932	0.087617	-0.983717	0.179723	0.000161356	-0.0155887	-0.0862193	0.996154
9.4	0.328893	0.928595	1.39359	0.182771	0.980697	0.0694879	-0.983014	0.183488	-0.00402919	-0.0167016	-0.0675712	0.997575
9.43333	0.328602	0.926421	1.40806	0.183306	0.981824	0.0492085	-0.982888	0.183969	-0.00926355	-0.018148	-0.0466684	0.998746
9.46667	0.327988	0.92412	1.42355	0.181537	0.983136	0.0220886	-0.983172	0.181919	-0.016707	-0.0204436	-0.0186839	0.999616
9.5	0.327076	0.921906	1.44073	0.175394	0.984448	-0.0099756	-0.984252	0.175115	-0.0241355	-0.0220133	0.0140517	0.999659
9.53333	0.325905	0.919978	1.45996	0.168242	0.984676	-0.0459032	-0.985498	0.166972	-0.030238	-0.0221101	0.0503248	0.998488
9.56667	0.325055	0.918435	1.48087	0.162924	0.983211	-0.0821753	-0.98644	0.160655	-0.0335499	-0.0197848	0.0865271	0.996053
9.6	0.324307	0.919038	1.5026	0.174777	0.978398	-0.110407	-0.984512	0.17209	-0.0334872	-0.0137638	0.11455	0.993322
9.63333	0.323857	0.922096	1.52487	0.198602	0.971623	-0.128479	-0.980018	0.195399	-0.0371996	-0.0110394	0.133299	0.991014
9.66667	0.324506	0.92639	1.54604	0.20751	0.968047	-0.140803	-0.978158	0.203551	-0.0421182	-0.0121117	0.146468	0.989141
9.7	0.325926	0.930511	1.56679	0.204705	0.965191	-0.162794	-0.978806	0.200835	-0.0400651	-0.0059758	0.167545	0.985846
9.73333	0.327848	0.933196	1.58779	0.203111	0.961095	-0.187198	-0.979156	0.19943	-0.0384942	0.000336281	0.191114	0.981568
9.76667	0.330387	0.934371	1.60898	0.21196	0.955694	-0.204259	-0.977275	0.207825	-0.0417401	0.00255935	0.208464	0.978027
9.8	0.333683	0.934212	1.63009	0.223373	0.950052	-0.21796	-0.974727	0.21853	-0.0463936	0.00355465	0.222815	0.974854
9.83333	0.337637	0.933305	1.65034	0.233594	0.945088	-0.228565	-0.97231	0.228711	-0.0480143	0.00689746	0.233452	0.972344
9.86667	0.3422	0.932139	1.66902	0.24159	0.941502	-0.234966	-0.970317	0.237108	-0.047586	0.01091	0.239488	0.970838
9.9	0.347087	0.931287	1.68661	0.243044	0.941436	-0.233725	-0.969952	0.238614	-0.047495	0.0110566	0.238246	0.971142
9.93333	0.35123	0.931126	1.70296	0.234967	0.944776	-0.228447	-0.971983	0.229892	-0.0489738	0.00624876	0.233554	0.972324
9.96667	0.354309	0.931641	1.71884	0.218729	0.950836	-0.219247	-0.975786	0.213155	-0.0490641	8.15646e-05	0.22467	0.974435
10	0.356831	0.932366	1.73447	0.200468	0.957612	-0.206863	-0.979693	0.195102	-0.0462364	-0.00391728	0.211931	0.977277
10.0333	0.358672	0.933227	1.74994	0.180962	0.9636	-0.196795	-0.983484	0.17662	-0.0395469	-0.00334956	0.200701	0.979647
10.0667	0.360157	0.934023	1.7649	0.156727	0.97033	-0.184112	-0.987636	0.153335	-0.0326128	-0.00341443	0.186947	0.982364
10.1	0.361588	0.934612	1.78023	0.133283	0.976199	-0.171089	-0.991074	0.130771	-0.0259214	-0.00293092	0.173017	0.984915
10.1333	0.362893	0.934602	1.79495	0.111995	0.981234	-0.156962	-0.9937	0.109909	-0.0219337	-0.00427049	0.15843	0.987361
10.1667	0.364098	0.934172	1.80925	0.0919668	0.985606	-0.141853	-0.995747	0.0902547	-0.0184708	-0.00540207	0.142949	0.989715
10.2	0.364678	0.933693	1.82315	0.0714536	0.989324	-0.127013	-0.997424	0.0700603	-0.0154088	-0.00634577	0.127787	0.991781
10.2333	0.364584	0.933213	1.83626	0.0509189	0.992288	-0.113012	-0.998676	0.0497648	-0.0130119	-0.00728755	0.113525	0.993508
10.2667	0.36396	0.932743	1.84877	0.0294911	0.994624	-0.0992669	-0.999522	0.0284206	-0.0121809	-0.00929423	0.0995787	0.994986
10.3	0.362675	0.932227	1.86083	0.0100129	0.996155	-0.0870381	-0.999871	0.0088794	-0.0134005	-0.0125761	0.0871611	0.996115
10.3333	0.36042	0.931712	1.87284	-0.00767582	0.996963	-0.077493	-0.999836	-0.00892476	-0.0157834	-0.0164271	0.0773591	0.996868
10.3667	0.357188	0.931114	1.88524	-0.0234903	0.997198	-0.0710237	-0.999503	-0.0249204	-0.0193168	-0.0210326	0.0705346	0.997288
10.4	0.35328	0.930251	1.89754	-0.0391181	0.997156	-0.0644166	-0.998869	-0.0407659	-0.0244672	-0.0270236	0.0633866	0.997623
10.4333	0.348489	0.929014	1.91021	-0.0517659	0.996778	-0.0612648	-0.998066	-0.0537511	-0.0312107	-0.0344032	0.0595306	0.997633
10.4667	0.342939	0.927323	1.92338	-0.0598135	0.996287	-0.0619183	-0.997292	-0.0623028	-0.0390838	-0.0427964	0.0594129	0.997316
10.5	0.337075	0.925013	1.93731	-0.0605642	0.996079	-0.0644906	-0.99681	-0.0637197	-0.0480513	-0.0519722	0.0613747	0.996761
10.5333	0.331193	0.92207	1.95278	-0.0559204	0.996283	-0.0655182	-0.99657	-0.0597045	-0.0572957	-0.0609945	0.0620895	0.996205
10.5667	0.325131	0.918906	1.97034	-0.0517658	0.996662	-0.0631256	-0.996313	-0.0558715	-0.0651106	-0.0684202	0.0595223	0.995879
10.6	0.319108	0.915372	1.9909	-0.0468565	0.997626	-0.0504683	-0.99626	-0.050345	-0.0702275	-0.0726016	0.0469889	0.996254
10.6333	0.312514	0.911952	2.01292	-0.0477668	0.998211	-0.0359611	-0.996255	-0.0502091	-0.070392	-0.0720716	0.032464	0.996871
10.6667	0.306462	0.910997	2.03598	-0.0723322	0.997027	-0.0265495	-0.994656	-0.0740753	-0.0719224	-0.0736752	0.0212053	0.997057
10.7	0.301636	0.914131	2.05911	-0.11326	0.99343	-0.0163685	-0.990247	-0.114212	-0.0797859	-0.0811312	0.00717227	0.996678
10.7333	0.297721	0.918125	2.08164	-0.129861	0.991517	0.00542325	-0.98814	-0.128963	-0.0833522	-0.0819457	-0.0161831	0.996505
10.7667	0.293157	0.920905	2.10256	-0.136768	0.990075	0.0323434	-0.987174	-0.133508	-0.0875436	-0.0823566	-0.0439018	0.995635
