0	0	1	0	0	0	-1	-1	0	0
0.0333333	0.964629	0.209869	0.159514	-0.125174	0.897215	-0.423482	-0.231994	0.388536	0.89175
0.0666667	0.982407	0.0691211	0.173488	-0.000628797	0.930201	-0.36705	-0.18675	0.360483	0.91388
0.1	0.981707	0.011191	0.190067	0.0560012	0.937141	-0.344428	-0.181974	0.348772	0.919371
0.133333	0.980261	-0.013473	0.197248	0.0796985	0.939951	-0.331874	-0.180932	0.341044	0.922471
0.166667	0.979473	-0.0233257	0.200223	0.0889312	0.941395	-0.325372	-0.180899	0.336499	0.924145
0.2	0.979006	-0.0283848	0.201846	0.0935784	0.94232	-0.321365	-0.181082	0.333507	0.925193
0.233333	0.978768	-0.0305211	0.202685	0.0954785	0.942906	-0.31908	-0.181375	0.331657	0.925801
0.266667	0.978662	-0.0316579	0.203025	0.0964307	0.943258	-0.317752	-0.181445	0.330549	0.926183
0.3	0.978549	-0.0321865	0.203484	0.0970159	0.943339	-0.317331	-0.181741	0.330266	0.926226
0.333333	0.978479	-0.0326436	0.20375	0.0975253	0.943325	-0.317217	-0.181847	0.330261	0.926207
0.366667	0.978436	-0.0325674	0.203968	0.0974282	0.943504	-0.316716	-0.18213	0.329758	0.926331
0.4	0.978383	-0.0322469	0.20427	0.0972315	0.943509	-0.316759	-0.182516	0.329773	0.926249
0.433333	0.978242	-0.0319304	0.204997	0.0972398	0.9434	-0.317082	-0.18327	0.330116	0.925978
0.466667	0.978197	-0.0312858	0.20531	0.0968569	0.943217	-0.317744	-0.183711	0.330702	0.925682
0.5	0.978185	-0.0305505	0.205479	0.0964977	0.942759	-0.319209	-0.183965	0.332074	0.92514
0.533333	0.978128	-0.0298858	0.205845	0.0961427	0.942524	-0.320007	-0.18445	0.332799	0.924783
0.566667	0.978069	-0.0293994	0.206195	0.0959331	0.942312	-0.320695	-0.184872	0.333443	0.924466
0.6	0.977998	-0.0284557	0.206663	0.0953099	0.942165	-0.32131	-0.185568	0.333938	0.924148
0.633333	0.977979	-0.0274907	0.206884	0.094597	0.942	-0.322005	-0.186033	0.334485	0.923857
0.666667	0.97794	-0.0261358	0.207244	0.0936804	0.941646	-0.323306	-0.186701	0.335589	0.923322
0.7	0.977868	-0.0249886	0.207725	0.0929169	0.941429	-0.324157	-0.187458	0.336284	0.922915
0.733333	0.977863	-0.0239269	0.207875	0.0920358	0.941366	-0.324591	-0.18792	0.336538	0.922729
0.766667	0.977944	-0.0230234	0.207596	0.0911883	0.941245	-0.325182	-0.187912	0.33694	0.922584
0.8	0.977949	-0.0227008	0.207606	0.0909553	0.941142	-0.325544	-0.187997	0.337248	0.922454
0.833333	0.977958	-0.0219756	0.207641	0.0904243	0.940931	-0.326301	-0.188205	0.337885	0.922178
0.866667	0.977916	-0.0214401	0.207897	0.0901435	0.940713	-0.327007	-0.18856	0.338526	0.921871
0.9	0.977901	-0.0212437	0.207988	0.0898146	0.941036	-0.326166	-0.188796	0.337638	0.922148
0.933333	0.978002	-0.0201675	0.20762	0.0883677	0.941648	-0.324791	-0.188954	0.335993	0.922716
0.966667	0.978101	-0.0193101	0.207235	0.0873324	0.941871	-0.324426	-0.188924	0.335419	0.922931
1	0.978083	-0.0186603	0.207377	0.0868149	0.941821	-0.32471	-0.189253	0.335597	0.922799
1.03333	0.978031	-0.0177489	0.207704	0.0860881	0.941826	-0.324888	-0.189854	0.335632	0.922663
1.06667	0.978017	-0.0174592	0.207794	0.0857451	0.942018	-0.324424	-0.190081	0.335109	0.922806
1.1	0.978003	-0.0168911	0.207904	0.0852054	0.942119	-0.324273	-0.190393	0.334854	0.922834
1.13333	0.978021	-0.0163689	0.207861	0.0847405	0.942071	-0.324531	-0.190507	0.335013	0.922753
1.16667	0.978018	-0.0156739	0.207931	0.084084	0.942149	-0.324475	-0.190816	0.334826	0.922757
1.2	0.978066	-0.015323	0.207732	0.0835345	0.942434	-0.323789	-0.190812	0.33404	0.923043
1.23333	0.978114	-0.0150077	0.207526	0.0831446	0.942493	-0.323719	-0.190734	0.333889	0.923114
1.26667	0.978122	-0.0145116	0.207527	0.0828063	0.942291	-0.324394	-0.190843	0.334481	0.922877
1.3	0.978096	-0.0139761	0.207684	0.0823081	0.942396	-0.324215	-0.191189	0.334207	0.922904
1.33333	0.978091	-0.0136199	0.207732	0.0818877	0.942588	-0.323761	-0.191396	0.333679	0.923052
1.36667	0.978114	-0.0133795	0.207641	0.0816615	0.942547	-0.32394	-0.191378	0.333807	0.92301
1.4	0.97812	-0.0126611	0.207657	0.0811635	0.942277	-0.32485	-0.191558	0.334596	0.922687
1.43333	0.978086	-0.0118267	0.207866	0.0804676	0.942278	-0.325018	-0.192024	0.334622	0.922581
1.46667	0.978101	-0.0113428	0.207824	0.0798837	0.942498	-0.324524	-0.192192	0.334019	0.922764
1.5	0.978132	-0.0111432	0.207685	0.0795528	0.942675	-0.324091	-0.192168	0.333526	0.922947
1.53333	0.978121	-0.0109077	0.207752	0.0793693	0.942657	-0.324187	-0.192303	0.333584	0.922899
1.56667	0.978095	-0.010596	0.207888	0.0791661	0.942592	-0.324426	-0.192516	0.333778	0.922784
1.6	0.978013	-0.00974929	0.208314	0.0785932	0.942485	-0.324878	-0.193166	0.334107	0.922529
1.63333	0.977921	-0.00891623	0.208783	0.0781455	0.942207	-0.325789	-0.193812	0.334911	0.922102
1.66667	0.977896	-0.00806545	0.208937	0.0773899	0.942253	-0.325838	-0.194243	0.334805	0.922049
1.7	0.977945	-0.00757883	0.208727	0.0767944	0.942389	-0.325586	-0.194234	0.334434	0.922186
1.73333	0.977989	-0.0074237	0.208522	0.0765269	0.942487	-0.325364	-0.194114	0.33416	0.92231
1.76667	0.977916	-0.00680029	0.208889	0.0761394	0.942379	-0.325768	-0.194637	0.334478	0.922085
1.8	0.977858	-0.0058012	0.209189	0.0752443	0.942511	-0.325593	-0.195274	0.334124	0.922079
1.83333	0.977888	-0.00489863	0.209071	0.074176	0.942852	-0.324852	-0.195532	0.333177	0.922367
1.86667	0.977998	-0.00409054	0.208573	0.0734032	0.942619	-0.3257	-0.195273	0.333844	0.92218
1.9	0.978022	-0.00284794	0.208482	0.072539	0.942089	-0.327424	-0.195476	0.335351	0.921591
1.93333	0.977912	-0.00211075	0.209005	0.0720318	0.942096	-0.327515	-0.196211	0.335336	0.92144
1.96667	0.977809	-0.000732446	0.209497	0.0708154	0.942288	-0.32723	-0.197167	0.334804	0.921429
2	0.977825	0.000230119	0.209426	0.0699513	0.942208	-0.327643	-0.197398	0.335027	0.921298
2.03333	0.977869	0.00131046	0.209214	0.069159	0.941742	-0.329149	-0.197457	0.336334	0.92081
2.06667	0.977727	0.0029526	0.209859	0.067715	0.941991	-0.328736	-0.198656	0.335625	0.92081
2.1	0.977474	0.00517039	0.210992	0.0656014	0.942739	-0.327017	-0.200601	0.333492	0.921164
2.13333	0.977111	0.00759525	0.212596	0.0637026	0.943057	-0.326474	-0.20297	0.332544	0.920987
2.16667	0.976724	0.00820268	0.214345	0.0639177	0.942743	-0.327337	-0.204757	0.333419	0.920275
2.2	0.9763	0.00926647	0.216221	0.0636236	0.942645	-0.327678	-0.206856	0.333668	0.919715
2.23333	0.975747	0.00991602	0.218677	0.0635948	0.943046	-0.326527	-0.20946	0.332514	0.919544
2.26667	0.975099	0.00843358	0.22161	0.0657304	0.943386	-0.325119	-0.211806	0.33159	0.91934
2.3	0.974518	0.00379807	0.224278	0.0709925	0.943237	-0.324445	-0.21278	0.3321	0.918931
2.33333	0.973775	-0.00226202	0.227503	0.0779509	0.942745	-0.324277	-0.213744	0.333507	0.918197
2.36667	0.972699	-0.00878346	0.231903	0.0856722	0.942288	-0.323656	-0.215677	0.334687	0.917316
2.4	0.971534	-0.0155779	0.236389	0.0936105	0.941874	-0.322661	-0.217622	0.335604	0.916521
2.43333	0.969979	-0.0211024	0.242273	0.101011	0.941187	-0.322435	-0.22122	0.337228	0.915063
2.46667	0.968027	-0.0274635	0.249337	0.109401	0.940697	-0.321125	-0.225731	0.338135	0.913625
2.5	0.966064	-0.0344996	0.255988	0.117772	0.940863	-0.317657	-0.229891	0.337025	0.912998
2.53333	0.964616	-0.0390897	0.260743	0.122784	0.941766	-0.31305	-0.233322	0.333988	0.913243
2.56667	0.963405	-0.0434499	0.264507	0.127661	0.942052	-0.310228	-0.2357	0.332642	0.913124
2.6	0.962266	-0.0475035	0.267933	0.132856	0.941326	-0.31025	-0.237475	0.33414	0.912116
2.63333	0.961247	-0.0528495	0.270575	0.138508	0.941174	-0.308231	-0.238369	0.333763	0.912021
2.66667	0.959707	-0.0603961	0.274437	0.146589	0.940817	-0.305573	-0.239739	0.33349	0.911762
2.7	0.957702	-0.0698546	0.279154	0.157327	0.939371	-0.30468	-0.240946	0.335711	0.910628
2.73333	0.955744	-0.0791077	0.283365	0.167872	0.93762	-0.304447	-0.241604	0.338542	0.909405
2.76667	0.954033	-0.0879011	0.28652	0.17703	0.936696	-0.302095	-0.241828	0.338931	0.9092
2.8	0.95226	-0.0985392	0.288948	0.187369	0.935891	-0.29833	-0.241026	0.338227	0.909675
2.83333	0.950569	-0.107974	0.291135	0.196749	0.934799	-0.295703	-0.240224	0.338366	0.909835
2.86667	0.949123	-0.114714	0.293269	0.203543	0.934081	-0.293364	-0.240284	0.338131	0.909907
2.9	0.947441	-0.120435	0.296397	0.209564	0.933642	-0.290508	-0.241741	0.337353	0.90981
2.93333	0.945536	-0.124819	0.300635	0.215249	0.932569	-0.289798	-0.244191	0.338725	0.908645
2.96667	0.943363	-0.126988	0.306497	0.220859	0.929761	-0.294561	-0.247563	0.345571	0.905148
3	0.941884	-0.120623	0.313537	0.220907	0.925533	-0.307552	-0.253091	0.358941	0.898391
3.03333	0.937716	-0.121581	0.325432	0.232201	0.91612	-0.326812	-0.2584	0.382023	0.887292
3.06667	0.932353	-0.134158	0.335738	0.253015	0.905441	-0.340821	-0.258267	0.402713	0.878135
3.1	0.930457	-0.13658	0.339993	0.263136	0.894807	-0.360667	-0.254968	0.425049	0.868519
3.13333	0.928913	-0.135553	0.344596	0.274991	0.875749	-0.39679	-0.247994	0.463345	0.850771
3.16667	0.92563	-0.140765	0.351275	0.297942	0.843392	-0.447124	-0.233323	0.518531	0.822609
3.2	0.922674	-0.151597	0.354529	0.325009	0.800501	-0.503554	-0.207463	0.579841	0.787873
3.23333	0.920113	-0.163389	0.355945	0.351122	0.746752	-0.564867	-0.173509	0.644721	0.744466
3.26667	0.919452	-0.170269	0.354424	0.369274	0.683562	-0.629586	-0.135072	0.709754	0.691379
3.3	0.92217	-0.17102	0.346921	0.37509	0.614301	-0.69422	-0.0943885	0.770316	0.630638
3.33333	0.928356	-0.171151	0.329943	0.367732	0.552147	-0.748269	-0.0541099	0.815991	0.575526
3.36667	0.936107	-0.17587	0.304587	0.351511	0.497302	-0.793177	-0.0119754	0.849565	0.527349
3.4	0.94367	-0.186234	0.273503	0.329773	0.461538	-0.823549	0.0271412	0.867352	0.496954
3.43333	0.949612	-0.200413	0.24098	0.307925	0.453113	-0.836583	0.0584713	0.868633	0.491994
3.46667	0.955193	-0.213515	0.204983	0.283688	0.46288	-0.8398	0.0844269	0.860322	0.502711
3.5	0.96003	-0.22527	0.166122	0.25894	0.489466	-0.83269	0.106269	0.842423	0.528233
3.53333	0.964346	-0.234999	0.121705	0.231932	0.528996	-0.816315	0.127452	0.815438	0.564639
3.56667	0.9668	-0.244651	0.073787	0.207688	0.584067	-0.784686	0.148878	0.773958	0.615487
3.6	0.968719	-0.247344	0.020121	0.182	0.652995	-0.735169	0.168701	0.715834	0.677585
3.63333	0.970107	-0.239855	-0.0368912	0.153482	0.724175	-0.67232	0.187975	0.64656	0.739341
3.66667	0.970162	-0.223654	-0.0936168	0.126764	0.797036	-0.590479	0.206679	0.560993	0.801605
3.7	0.968467	-0.201244	-0.146876	0.103594	0.861421	-0.497215	0.226583	0.466321	0.855105
3.73333	0.96549	-0.173162	-0.194534	0.0823923	0.911666	-0.402588	0.247063	0.372666	0.894472
3.76667	0.962077	-0.140357	-0.233896	0.0648931	0.950611	-0.303524	0.264946	0.276835	0.92367
3.8	0.960614	-0.108637	-0.255773	0.0582096	0.978662	-0.197059	0.271723	0.174409	0.94644
3.83333	0.962238	-0.0961866	-0.254647	0.0700485	0.991481	-0.109814	0.26304	0.0878292	0.960779
3.86667	0.967037	-0.0990761	-0.23457	0.084271	0.993813	-0.072345	0.240287	0.0501928	0.969403
3.9	0.973403	-0.0943201	-0.208784	0.0833842	0.994673	-0.0605952	0.213387	0.0415743	0.976083
3.93333	0.981149	-0.0776142	-0.176982	0.0610562	0.993394	-0.0971636	0.183354	0.0845261	0.979406
3.96667	0.987322	-0.0639154	-0.145295	0.0442993	0.98993	-0.134445	0.152425	0.126304	0.980211
4	0.99266	-0.0549469	-0.107733	0.036993	0.986085	-0.162075	0.115139	0.1569	0.98088
4.03333	0.997045	-0.0405434	-0.0652546	0.0289506	0.985072	-0.169691	0.0711603	0.167301	0.983334
4.06667	0.999486	-0.0199039	-0.0251475	0.015395	0.985626	-0.168236	0.0281346	0.167763	0.985426
4.1	0.999959	-0.00249487	0.00875736	0.00395005	0.985382	-0.170312	-0.00820444	0.170339	0.985351
4.13333	0.999282	0.0053725	0.0375001	0.00134353	0.984244	-0.176811	-0.0378591	0.176734	0.98353
4.16667	0.998131	0.00470017	0.060922	0.00683637	0.982187	-0.187782	-0.0607194	0.187848	0.98032
4.2	0.996637	-8.82406e-06	0.0819401	0.0162523	0.980154	-0.197571	-0.0803121	0.198239	0.976858
4.23333	0.994555	-0.00757118	0.10394	0.0290802	0.977904	-0.207024	-0.100076	0.208919	0.972799
4.26667	0.992028	-0.0115632	0.125484	0.0380911	0.976715	-0.21113	-0.120121	0.214227	0.96937
4.3	0.989214	-0.0157071	0.145631	0.0476803	0.974614	-0.218756	-0.138498	0.22334	0.964851
4.33333	0.986544	-0.0186827	0.162422	0.0561584	0.971727	-0.22933	-0.153545	0.235366	0.959701
4.36667	0.983365	-0.0244238	0.179989	0.0676249	0.968911	-0.237989	-0.168581	0.246202	0.954445
4.4	0.979905	-0.0312056	0.197008	0.0799701	0.966293	-0.244707	-0.182731	0.255545	0.949371
4.43333	0.976422	-0.0394941	0.212226	0.0930936	0.964043	-0.248907	-0.194765	0.262796	0.944989
4.46667	0.973102	-0.0477319	0.225378	0.105811	0.961611	-0.253198	-0.20464	0.270234	0.940795
4.5	0.96976	-0.0547203	0.237847	0.117706	0.958575	-0.259381	-0.2138	0.279533	0.936029
4.53333	0.966416	-0.0609574	0.24965	0.128842	0.955475	-0.265458	-0.222352	0.288708	0.93124
4.56667	0.963267	-0.0665065	0.260179	0.139669	0.951574	-0.273861	-0.229366	0.30014	0.925909
4.6	0.96032	-0.0702557	0.269907	0.149334	0.946866	-0.284859	-0.235553	0.313862	0.919785
4.63333	0.957711	-0.0730726	0.278297	0.157476	0.942611	-0.294425	-0.240811	0.325799	0.914256
4.66667	0.955128	-0.0736857	0.286881	0.163588	0.938669	-0.303546	-0.246919	0.336855	0.908603
4.7	0.951799	-0.0720862	0.298131	0.170783	0.931933	-0.319898	-0.254778	0.355394	0.899324
4.73333	0.947856	-0.0642426	0.312158	0.176	0.922085	-0.344649	-0.265695	0.381617	0.88531
4.76667	0.943805	-0.0486848	0.326898	0.177399	0.909159	-0.376776	-0.278859	0.413594	0.866705
4.8	0.934902	-0.0490307	0.351502	0.200555	0.890102	-0.409263	-0.292806	0.453117	0.841992
4.83333	0.924511	-0.0686803	0.374917	0.238746	0.87111	-0.429148	-0.29712	0.486262	0.821748
4.86667	0.921081	-0.0705334	0.382929	0.256477	0.849866	-0.460378	-0.292967	0.522258	0.800885
4.9	0.920085	-0.0680722	0.385758	0.273385	0.816877	-0.507911	-0.280542	0.572782	0.770206
4.93333	0.918807	-0.071463	0.388184	0.2969	0.773173	-0.560405	-0.260085	0.630156	0.731614
4.96667	0.919101	-0.0825415	0.385279	0.321368	0.722799	-0.611788	-0.227981	0.686112	0.690851
5	0.920748	-0.0913847	0.379305	0.340826	0.661571	-0.667953	-0.189896	0.744294	0.640286
5.03333	0.924057	-0.0959	0.370029	0.349991	0.601494	-0.71813	-0.153701	0.7931	0.589379
5.06667	0.931777	-0.100549	0.348828	0.341834	0.56653	-0.749795	-0.122231	0.817883	0.562251
5.1	0.9412	-0.108592	0.319923	0.324673	0.552601	-0.767606	-0.0934338	0.826341	0.555365
5.13333	0.951243	-0.116749	0.285494	0.300769	0.556283	-0.774653	-0.0683755	0.822751	0.564275
5.16667	0.959632	-0.130155	0.249333	0.277786	0.577485	-0.767689	-0.0440675	0.805959	0.590328
5.2	0.96657	-0.147552	0.209693	0.255874	0.60761	-0.75189	-0.0164687	0.78041	0.625052
5.23333	0.971977	-0.165355	0.167087	0.234782	0.647389	-0.725096	0.0117283	0.744006	0.66807
5.26667	0.976031	-0.180178	0.122067	0.214204	0.696147	-0.685198	0.0384807	0.694921	0.718056
5.3	0.979129	-0.189347	0.0738519	0.192825	0.750625	-0.631966	0.0642259	0.633016	0.77147
5.33333	0.981297	-0.191136	0.0228595	0.170236	0.806235	-0.566574	0.0898625	0.559869	0.823694
5.36667	0.981793	-0.188316	-0.0248751	0.151557	0.855542	-0.495054	0.114508	0.482271	0.868506
5.4	0.980616	-0.183086	-0.0698037	0.137618	0.897135	-0.419774	0.139478	0.402031	0.90494
5.43333	0.978806	-0.172691	-0.110075	0.126499	0.932545	-0.338169	0.161048	0.317077	0.934626
5.46667	0.977117	-0.156557	-0.143984	0.116999	0.960929	-0.250851	0.177631	0.228264	0.957258
5.5	0.976648	-0.134731	-0.16735	0.107257	0.980682	-0.163581	0.186156	0.141812	0.972232
5.53333	0.976945	-0.114601	-0.180125	0.101849	0.991694	-0.0785457	0.187631	0.0583892	0.980503
5.56667	0.97742	-0.107206	-0.182091	0.105709	0.994235	-0.0179332	0.182964	-0.0017205	0.983118
5.6	0.979214	-0.10485	-0.173628	0.100896	0.994399	-0.0314709	0.175955	0.0132983	0.984308
5.63333	0.982078	-0.0952173	-0.162653	0.0881781	0.99485	-0.0499785	0.166574	0.0347404	0.985417
5.66667	0.986111	-0.0771584	-0.147077	0.0682101	0.995555	-0.0649501	0.151435	0.0540159	0.98699
5.7	0.990406	-0.0538816	-0.127253	0.0409567	0.993932	-0.102088	0.131982	0.0958964	0.986603
5.73333	0.993354	-0.0388714	-0.108335	0.0233497	0.989731	-0.141023	0.112704	0.137556	0.984061
5.76667	0.99593	-0.0284409	-0.0855307	0.0137148	0.985681	-0.168065	0.0890858	0.166208	0.982058
5.8	0.99807	-0.0159474	-0.060008	0.00517977	0.98447	-0.175475	0.0618745	0.174826	0.982653
5.83333	0.999176	0.0023257	-0.040509	-0.0096636	0.983268	-0.181906	0.0394082	0.182148	0.982481
5.86667	0.999344	0.0238948	-0.0272161	-0.028701	0.980832	-0.192732	0.0220891	0.193387	0.980874
5.9	0.998965	0.0439101	-0.0118743	-0.0453873	0.97951	-0.196214	0.00301515	0.19655	0.980489
5.93333	0.998458	0.0552237	0.00562	-0.0530351	0.978946	-0.197107	-0.0163867	0.196506	0.980366
5.96667	0.998426	0.0518781	0.0213343	-0.0467193	0.979573	-0.195586	-0.0310452	0.194282	0.980454
6	0.998594	0.0404332	0.034267	-0.0329919	0.980216	-0.195163	-0.0414801	0.193758	0.980172
6.03333	0.998427	0.0275416	0.0488433	-0.0172047	0.979515	-0.200637	-0.0533686	0.199481	0.978447
6.06667	0.997645	0.0155324	0.0668011	-0.00118118	0.977764	-0.209707	-0.0685729	0.209134	0.97548
6.1	0.996281	0.00642563	0.0859226	0.0123354	0.976306	-0.216042	-0.085275	0.216298	0.972596
6.13333	0.994404	-0.00172415	0.105634	0.0252847	0.974693	-0.222114	-0.102577	0.223542	0.969282
6.16667	0.99216	-0.00967057	0.1246	0.0384035	0.972354	-0.23033	-0.118928	0.233309	0.965102
6.2	0.989401	-0.0176697	0.144127	0.0518914	0.97005	-0.237297	-0.135617	0.242261	0.960686
6.23333	0.986302	-0.0261475	0.162864	0.0660605	0.967331	-0.244758	-0.151143	0.252164	0.955808
6.26667	0.982986	-0.0350152	0.180312	0.0806092	0.964316	-0.252186	-0.165047	0.26243	0.950731
6.3	0.979504	-0.0451537	0.1963	0.0958938	0.961559	-0.257312	-0.177135	0.270862	0.94618
6.33333	0.975951	-0.0547772	0.210995	0.11026	0.959013	-0.261032	-0.188048	0.278019	0.941989
6.36667	0.972294	-0.0641507	0.224785	0.12405	0.956633	-0.263561	-0.19813	0.284143	0.938087
6.4	0.968887	-0.072156	0.236751	0.135829	0.954657	-0.264915	-0.2069	0.28883	0.934756
6.43333	0.966095	-0.0785252	0.245956	0.145647	0.952334	-0.268043	-0.213184	0.294778	0.931482
6.46667	0.96335	-0.0825978	0.255215	0.153697	0.949718	-0.272788	-0.219851	0.302016	0.927606
6.5	0.960677	-0.0834165	0.264843	0.15926	0.946856	-0.279464	-0.227456	0.310654	0.922907
6.53333	0.958411	-0.0793039	0.274152	0.1617	0.942443	-0.292668	-0.235163	0.324826	0.916071
6.56667	0.955746	-0.0730412	0.284981	0.164736	0.935451	-0.312721	-0.243744	0.345828	0.906086
6.6	0.952202	-0.0659642	0.298263	0.16961	0.926235	-0.336632	-0.254056	0.37113	0.893151
6.63333	0.94759	-0.060513	0.313706	0.178048	0.91531	-0.361256	-0.265277	0.398177	0.878113
6.66667	0.939148	-0.0730944	0.335645	0.206264	0.901338	-0.380847	-0.274692	0.426904	0.861567
6.7	0.932263	-0.0898539	0.350446	0.233803	0.888846	-0.394067	-0.276085	0.449309	0.849646
6.73333	0.930029	-0.0924043	0.355678	0.247625	0.872722	-0.42076	-0.271528	0.479394	0.834538
6.76667	0.927225	-0.0955582	0.362109	0.266464	0.847752	-0.458599	-0.263155	0.521714	0.81152
6.8	0.923656	-0.106557	0.368111	0.292504	0.816627	-0.497555	-0.247591	0.567244	0.785451
6.83333	0.921393	-0.121847	0.369038	0.319652	0.777689	-0.541315	-0.221039	0.616727	0.755506
6.86667	0.920626	-0.135281	0.366261	0.344683	0.722254	-0.599618	-0.183416	0.678268	0.711555
6.9	0.9212	-0.139836	0.363092	0.361778	0.651287	-0.667039	-0.143201	0.745836	0.650556
6.93333	0.925724	-0.139394	0.351575	0.362939	0.588837	-0.722182	-0.106352	0.796141	0.595692
6.96667	0.934429	-0.139641	0.327631	0.348332	0.550003	-0.759053	-0.0742033	0.823406	0.56258
7	0.944031	-0.143954	0.296788	0.326456	0.536608	-0.778125	-0.0472449	0.831462	0.553569
7.03333	0.952279	-0.15384	0.263625	0.304246	0.547685	-0.779407	-0.0244795	0.82242	0.568354
7.06667	0.95963	-0.166767	0.226493	0.281257	0.57513	-0.768193	-0.00215367	0.800884	0.598816
7.1	0.965537	-0.181256	0.186774	0.259227	0.60571	-0.752274	0.0232236	0.774766	0.631822
7.13333	0.969811	-0.196692	0.144148	0.238765	0.645721	-0.725283	0.0495782	0.737805	0.67319
7.16667	0.972981	-0.20836	0.0994674	0.218991	0.696342	-0.683484	0.0731472	0.686799	0.723157
7.2	0.97572	-0.212576	0.0527511	0.198234	0.754692	-0.625414	0.0931375	0.620686	0.778508
7.23333	0.977778	-0.209604	0.00417788	0.17609	0.810299	-0.558934	0.113769	0.547249	0.829202
7.26667	0.978434	-0.201925	-0.0435113	0.154614	0.855628	-0.49396	0.136972	0.476579	0.868396
7.3	0.977553	-0.191042	-0.0888414	0.136022	0.89428	-0.426334	0.160897	0.40468	0.900193
7.33333	0.975758	-0.176468	-0.129441	0.1207	0.927299	-0.354329	0.182558	0.330116	0.926119
7.36667	0.973581	-0.160216	-0.162697	0.109294	0.952567	-0.284026	0.200486	0.258741	0.944912
7.4	0.971982	-0.143436	-0.186216	0.102025	0.971156	-0.215517	0.211758	0.19048	0.95858
7.43333	0.97103	-0.127666	-0.201997	0.0985432	0.984033	-0.148215	0.217694	0.124016	0.968106
7.46667	0.971028	-0.118283	-0.207641	0.102766	0.99115	-0.0840269	0.215742	0.0602541	0.97459
7.5	0.97141	-0.11885	-0.205518	0.113286	0.992809	-0.0386751	0.208637	0.0142871	0.977889
7.53333	0.97281	-0.125176	-0.194863	0.120389	0.992064	-0.0362678	0.197856	0.0118224	0.98016
7.56667	0.976114	-0.126053	-0.176951	0.118617	0.991576	-0.0520347	0.182019	0.0298024	0.982843
7.6	0.98084	-0.11284	-0.158809	0.105762	0.993012	-0.0523638	0.163608	0.0345646	0.98592
7.63333	0.986705	-0.0900804	-0.135277	0.0793874	0.993427	-0.0824704	0.141816	0.0706347	0.98737
7.66667	0.99096	-0.0726419	-0.112789	0.060119	0.992032	-0.110716	0.119933	0.102934	0.987431
7.7	0.994222	-0.0609722	-0.0883462	0.0493535	0.99052	-0.128198	0.0953252	0.123097	0.987806
7.73333	0.996769	-0.0477543	-0.0645886	0.038343	0.989435	-0.139818	0.0705831	0.13689	0.988068
7.76667	0.998493	-0.031779	-0.0447461	0.0246566	0.988137	-0.151581	0.0490323	0.150249	0.987432
7.8	0.999484	-0.011125	-0.030131	0.00609291	0.986737	-0.162214	0.031536	0.161947	0.986295
7.83333	0.999795	0.0107706	-0.0171451	-0.0136124	0.984405	-0.175387	0.0149888	0.175584	0.98435
7.86667	0.999562	0.029482	-0.00256866	-0.0294404	0.98181	-0.187572	-0.00300806	0.187565	0.982247
7.9	0.999169	0.0387296	0.0127274	-0.035505	0.980123	-0.195187	-0.020034	0.194573	0.980683
7.93333	0.999036	0.0354077	0.0259518	-0.0296552	0.980204	-0.195755	-0.0323693	0.194797	0.980309
7.96667	0.998934	0.0238067	0.0395384	-0.0157721	0.981206	-0.192318	-0.0433738	0.19149	0.980536
8	0.998335	0.0101534	0.0567749	0.000989617	0.981222	-0.192879	-0.0576671	0.192614	0.979579
8.03333	0.997352	-0.00179143	0.0727038	0.016463	0.979307	-0.20171	-0.070838	0.202372	0.976743
8.06667	0.995993	-0.0151598	0.0881353	0.0336224	0.9767	-0.211959	-0.0828685	0.214073	0.973296
8.1	0.994118	-0.0280647	0.104604	0.0505904	0.974325	-0.219387	-0.0957608	0.223389	0.970014
8.13333	0.991485	-0.0396449	0.124042	0.0669572	0.972175	-0.224483	-0.111691	0.230877	0.966551
8.16667	0.988285	-0.0495341	0.144358	0.0820468	0.969995	-0.22886	-0.12869	0.238023	0.962696
8.2	0.984742	-0.059421	0.16356	0.0973274	0.967209	-0.234593	-0.144257	0.246932	0.958235
8.23333	0.981115	-0.0686424	0.180837	0.111915	0.963982	-0.241275	-0.157762	0.256956	0.953459
8.26667	0.977259	-0.0774283	0.197409	0.126047	0.960741	-0.247163	-0.170522	0.266425	0.948652
8.3	0.973362	-0.0848401	0.212997	0.13824	0.958321	-0.250021	-0.182908	0.272806	0.944522
8.33333	0.969464	-0.0913884	0.227571	0.149099	0.956412	-0.251091	-0.194704	0.277354	0.940832
8.36667	0.966047	-0.095372	0.240119	0.157247	0.954459	-0.253539	-0.205003	0.282688	0.937049
8.4	0.963167	-0.0971336	0.250749	0.163293	0.952136	-0.258403	-0.213647	0.289831	0.932927
8.43333	0.960751	-0.0955016	0.260454	0.166872	0.948974	-0.267587	-0.221609	0.300547	0.927664
8.46667	0.958229	-0.0903714	0.271349	0.169144	0.944126	-0.28287	-0.230625	0.316952	0.919975
8.5	0.954407	-0.0837202	0.286528	0.173869	0.936145	-0.305617	-0.242645	0.341501	0.90802
8.53333	0.949825	-0.0751789	0.303614	0.180302	0.924782	-0.335066	-0.255587	0.372996	0.891936
8.56667	0.943239	-0.069362	0.324792	0.194003	0.908826	-0.369322	-0.269563	0.411369	0.870696
8.6	0.931074	-0.0866378	0.354393	0.232615	0.889308	-0.393728	-0.281053	0.449028	0.848165
8.63333	0.925043	-0.0986797	0.366822	0.255126	0.876849	-0.407487	-0.281437	0.470529	0.836299
8.66667	0.923846	-0.0978091	0.370057	0.266421	0.85848	-0.438215	-0.274825	0.503434	0.819161
8.7	0.921352	-0.103355	0.374737	0.286861	0.831343	-0.476004	-0.262337	0.546065	0.795608
8.73333	0.918276	-0.11421	0.37911	0.314787	0.791368	-0.524067	-0.240162	0.600578	0.762646
8.76667	0.916272	-0.127336	0.379777	0.344383	0.734633	-0.584563	-0.204561	0.666408	0.716977
8.8	0.916283	-0.133702	0.377557	0.36642	0.660482	-0.655363	-0.161747	0.738842	0.654179
8.83333	0.919878	-0.130618	0.369815	0.372899	0.583461	-0.721471	-0.121536	0.801569	0.58542
8.86667	0.928975	-0.125232	0.348313	0.360104	0.523455	-0.772218	-0.0856195	0.8428	0.531373
8.9	0.940927	-0.123392	0.315328	0.334243	0.487552	-0.806582	-0.0542124	0.864331	0.499993
8.93333	0.95232	-0.123966	0.27878	0.303745	0.471229	-0.828059	-0.028718	0.873256	0.486415
8.96667	0.961522	-0.127809	0.243186	0.274644	0.468958	-0.839434	-0.00675721	0.873924	0.486016
9	0.968405	-0.135998	0.209034	0.248993	0.48056	-0.840871	0.0139033	0.866352	0.49924
9.03333	0.973659	-0.14639	0.17481	0.225483	0.504357	-0.833536	0.0338548	0.850996	0.52408
9.06667	0.976855	-0.158044	0.144142	0.207776	0.54094	-0.814993	0.0508322	0.826079	0.561257
9.1	0.979332	-0.166616	0.11466	0.192164	0.589659	-0.784458	0.0630933	0.790279	0.60949
9.13333	0.981437	-0.172648	0.083515	0.176803	0.64574	-0.742806	0.0743147	0.743783	0.664277
9.16667	0.983277	-0.175286	0.0494132	0.160626	0.706842	-0.688893	0.0858257	0.68531	0.723177
9.2	0.984616	-0.174292	0.0123766	0.143806	0.768082	-0.623996	0.0992512	0.616176	0.78133
9.23333	0.984994	-0.170601	-0.026128	0.127728	0.822373	-0.554426	0.116073	0.542769	0.831823
9.26667	0.984592	-0.162607	-0.0643167	0.112285	0.869873	-0.480326	0.134052	0.465704	0.874729
9.3	0.983442	-0.150289	-0.101267	0.0979876	0.91105	-0.400482	0.152447	0.383928	0.910692
9.33333	0.98167	-0.134421	-0.135108	0.0865256	0.945973	-0.312487	0.169813	0.295069	0.940265
9.36667	0.979557	-0.118722	-0.162398	0.0800002	0.970599	-0.227017	0.184575	0.209384	0.960255
9.4	0.97684	-0.107133	-0.185221	0.0795836	0.985437	-0.150267	0.198623	0.132046	0.97114
9.43333	0.974528	-0.0978141	-0.20181	0.0825804	0.993156	-0.0825914	0.208507	0.0638221	0.975936
9.46667	0.973031	-0.0922526	-0.211424	0.087762	0.995673	-0.0305466	0.213327	0.0111678	0.976917
9.5	0.972786	-0.0951914	-0.211248	0.0935945	0.995455	-0.0175685	0.21196	-0.00268131	0.977275
9.53333	0.974934	-0.100102	-0.198705	0.0912983	0.994412	-0.0530061	0.202901	0.033536	0.978625
9.56667	0.978249	-0.0997417	-0.181881	0.0887942	0.993768	-0.0673915	0.187469	0.0497757	0.981009
9.6	0.982395	-0.088047	-0.164767	0.0793537	0.995121	-0.0586325	0.169125	0.0445254	0.984588
9.63333	0.9872	-0.0707707	-0.142925	0.0588251	0.994544	-0.0861465	0.148242	0.0766362	0.985977
9.66667	0.990387	-0.0563413	-0.126331	0.0409211	0.991748	-0.121496	0.132134	0.115158	0.98452
9.7	0.993723	-0.0463898	-0.101795	0.0319094	0.989704	-0.139527	0.107219	0.135403	0.984972
9.73333	0.996544	-0.0354638	-0.0751102	0.0240938	0.988813	-0.147203	0.0794903	0.144885	0.98625
9.76667	0.998305	-0.0148916	-0.0562608	0.005954	0.98777	-0.155802	0.0578929	0.155203	0.986185
9.8	0.999116	0.00841937	-0.0411945	-0.0152205	0.985722	-0.16769	0.0391945	0.168169	0.984979
9.83333	0.999144	0.0326373	-0.0253993	-0.0366141	0.983646	-0.176353	0.0192283	0.177132	0.983999
9.86667	0.998364	0.0563409	-0.00973352	-0.0571689	0.981088	-0.184926	-0.000869444	0.18518	0.982704
9.9	0.997252	0.0739445	0.00452533	-0.0716696	0.97843	-0.193748	-0.0187543	0.192891	0.981041
9.93333	0.996565	0.0808163	0.0180902	-0.0755348	0.976558	-0.201568	-0.0339561	0.199509	0.979307
9.96667	0.996286	0.07891	0.0344582	-0.0699739	0.975184	-0.210046	-0.0501778	0.206855	0.977084
10	0.995645	0.0765957	0.0531493	-0.0630471	0.973147	-0.221383	-0.0686791	0.217068	0.973737
10.0333	0.994399	0.0740106	0.0754487	-0.0545224	0.970783	-0.233684	-0.0905394	0.228261	0.969381
10.0667	0.993093	0.0653978	0.0974086	-0.0390059	0.967049	-0.251583	-0.110652	0.246046	0.962921
10.1	0.991103	0.0577672	0.11991	-0.0235886	0.962879	-0.268901	-0.130993	0.26368	0.955674
10.1333	0.988902	0.0505266	0.139712	-0.0086277	0.958336	-0.285514	-0.148317	0.28114	0.948136
10.1667	0.986203	0.0426873	0.159945	0.00688971	0.954761	-0.297295	-0.1654	0.294295	0.941293
10.2	0.982878	0.0326234	0.181345	0.0243531	0.952566	-0.303355	-0.18264	0.302578	0.935462
10.2333	0.979228	0.0211332	0.201658	0.0431343	0.950077	-0.30902	-0.198122	0.311299	0.92943
10.2667	0.975413	0.00748746	0.220256	0.0641546	0.946492	-0.316287	-0.210839	0.322641	0.92274
10.3	0.971588	-0.00689067	0.23658	0.0847957	0.943356	-0.320763	-0.220969	0.33171	0.917137
10.3333	0.967349	-0.0223457	0.25246	0.105081	0.941817	-0.319278	-0.230637	0.335382	0.913414
10.3667	0.962762	-0.0396111	0.267431	0.125285	0.941947	-0.311511	-0.239567	0.333416	0.911834
10.4	0.958053	-0.0572499	0.280815	0.146291	0.940266	-0.307406	-0.246442	0.335592	0.9092
10.4333	0.953604	-0.0716816	0.292407	0.163804	0.938436	-0.304149	-0.252604	0.337935	0.906637
10.4667	0.949519	-0.0833911	0.302424	0.177966	0.937074	-0.300368	-0.258346	0.339026	0.90461
10.5	0.946691	-0.0892162	0.309542	0.185523	0.936533	-0.297468	-0.263358	0.339037	0.903159
10.5333	0.944645	-0.0887841	0.315854	0.188226	0.935162	-0.300073	-0.268733	0.342914	0.900107
10.5667	0.941928	-0.0860534	0.324601	0.191741	0.931373	-0.309483	-0.275693	0.353751	0.893786
10.6	0.938247	-0.0768841	0.337316	0.19536	0.922412	-0.333151	-0.28553	0.378476	0.88047
10.6333	0.932076	-0.0673578	0.355946	0.204957	0.908237	-0.364826	-0.29871	0.412999	0.860351
10.6667	0.921496	-0.0753822	0.381003	0.232734	0.892527	-0.386304	-0.310935	0.44465	0.840003
10.7	0.909881	-0.0952619	0.403785	0.271812	0.872175	-0.40673	-0.313425	0.47983	0.819468
10.7333	0.903279	-0.0975473	0.417817	0.292436	0.85255	-0.433174	-0.313955	0.513462	0.798617
10.7667	0.899807	-0.100095	0.42465	0.309996	0.831577	-0.460849	-0.307	0.546316	0.779288
10.8	0.893915	-0.112138	0.433982	0.337316	0.805899	-0.486564	-0.295183	0.581336	0.758232
10.8333	0.892229	-0.122841	0.434554	0.358715	0.777349	-0.516771	-0.274319	0.61696	0.737638
10.8667	0.892781	-0.130094	0.431298	0.378094	0.736902	-0.560375	-0.244923	0.663363	0.70708
10.9	0.897823	-0.125198	0.422185	0.385475	0.686951	-0.616042	-0.212893	0.715838	0.665021
10.9333	0.907705	-0.111455	0.404537	0.379289	0.630293	-0.6774	-0.179477	0.768316	0.614393
10.9667	0.921513	-0.100191	0.375201	0.359738	0.584193	-0.727535	-0.146297	0.805407	0.574384
11	0.936301	-0.0965032	0.33768	0.33196	0.557053	-0.761245	-0.114643	0.824851	0.553605
11.0333	0.949875	-0.098817	0.296601	0.300764	0.547737	-0.780721	-0.085311	0.830794	0.550003
11.0667	0.959873	-0.106758	0.259318	0.274856	0.541657	-0.794394	-0.0556531	0.833793	0.549265
