0	-0.00316224	0.999995	-0.000515835	0.0889399	-0.000232542	-0.996037	-0.996032	-0.00319559	-0.0889387
0.0333333	0.934658	0.0369419	-0.353623	-0.274933	-0.555554	-0.784711	-0.225445	0.830659	-0.509097
0.0666667	0.964669	-0.123605	-0.232671	-0.213868	-0.883124	-0.417556	-0.153865	0.452564	-0.878357
0.1	0.969568	-0.153938	-0.190369	-0.197285	-0.951712	-0.23521	-0.144968	0.265609	-0.953119
0.133333	0.970267	-0.164833	-0.177235	-0.194547	-0.966756	-0.165933	-0.143992	0.195479	-0.970079
0.166667	0.970139	-0.169905	-0.173095	-0.19503	-0.970718	-0.14025	-0.144198	0.169821	-0.974868
0.2	0.970156	-0.171526	-0.171392	-0.194937	-0.972084	-0.130586	-0.144209	0.1601	-0.97651
0.233333	0.970101	-0.172467	-0.170758	-0.195271	-0.972472	-0.127155	-0.144127	0.156697	-0.977074
0.266667	0.9701	-0.172887	-0.170341	-0.195506	-0.972529	-0.126349	-0.143817	0.155874	-0.977251
0.3	0.970063	-0.172928	-0.170512	-0.195545	-0.972547	-0.126152	-0.144016	0.155718	-0.977247
0.333333	0.970127	-0.172632	-0.170445	-0.195283	-0.972559	-0.126462	-0.143936	0.15597	-0.977218
0.366667	0.97007	-0.172804	-0.170595	-0.195549	-0.972444	-0.126937	-0.143959	0.156497	-0.977131
0.4	0.970047	-0.172645	-0.170888	-0.195594	-0.972296	-0.128001	-0.144055	0.157592	-0.976941
0.433333	0.970056	-0.171999	-0.171487	-0.195242	-0.972189	-0.129339	-0.144471	0.158948	-0.976659
0.466667	0.970096	-0.171505	-0.171755	-0.194955	-0.972098	-0.130452	-0.14459	0.160035	-0.976464
0.5	0.97017	-0.170933	-0.17191	-0.194445	-0.972166	-0.130709	-0.144783	0.160237	-0.976403
0.533333	0.970178	-0.170615	-0.172175	-0.194263	-0.972119	-0.131326	-0.144968	0.160856	-0.976273
0.566667	0.970228	-0.170069	-0.172436	-0.193961	-0.971994	-0.132689	-0.145041	0.162185	-0.976043
0.6	0.970097	-0.17017	-0.173073	-0.194265	-0.971845	-0.133336	-0.145511	0.162971	-0.975842
0.633333	0.969938	-0.170492	-0.173644	-0.194672	-0.971773	-0.133265	-0.146022	0.163062	-0.97575
0.666667	0.96973	-0.17071	-0.174588	-0.195099	-0.971643	-0.133594	-0.146832	0.163612	-0.975537
0.7	0.969553	-0.170793	-0.175489	-0.195486	-0.971426	-0.134598	-0.147487	0.164806	-0.975237
0.733333	0.969325	-0.171385	-0.176173	-0.196237	-0.971236	-0.134878	-0.147989	0.165312	-0.975075
0.766667	0.969169	-0.171965	-0.176464	-0.196804	-0.971179	-0.134459	-0.148256	0.165043	-0.97508
0.8	0.969094	-0.172109	-0.176737	-0.196976	-0.97116	-0.134342	-0.148518	0.165003	-0.975047
0.833333	0.968981	-0.172531	-0.176942	-0.197479	-0.971017	-0.134641	-0.148584	0.165407	-0.974968
0.866667	0.968876	-0.172761	-0.177293	-0.197771	-0.970956	-0.134648	-0.148882	0.165521	-0.974904
0.9	0.968861	-0.172993	-0.177146	-0.197923	-0.970976	-0.134281	-0.148775	0.165161	-0.974981
0.933333	0.968612	-0.174236	-0.177295	-0.199195	-0.970714	-0.134294	-0.148704	0.165395	-0.974952
0.966667	0.968456	-0.175209	-0.177183	-0.200204	-0.970459	-0.13464	-0.148359	0.165865	-0.974925
1	0.968354	-0.175552	-0.177403	-0.200656	-0.970301	-0.135103	-0.148416	0.166425	-0.974821
1.03333	0.968151	-0.176233	-0.177835	-0.201366	-0.970197	-0.134797	-0.14878	0.166314	-0.974784
1.06667	0.968091	-0.176754	-0.177645	-0.201754	-0.970208	-0.134131	-0.148645	0.165692	-0.974911
1.1	0.967986	-0.177205	-0.177766	-0.202199	-0.970141	-0.133948	-0.148722	0.165604	-0.974914
1.13333	0.967905	-0.177631	-0.177783	-0.202638	-0.97004	-0.134016	-0.148651	0.165741	-0.974901
1.16667	0.967791	-0.1782	-0.177835	-0.203157	-0.969987	-0.133616	-0.148687	0.165441	-0.974947
1.2	0.967714	-0.178898	-0.177556	-0.203732	-0.969935	-0.133115	-0.148404	0.164991	-0.975066
1.23333	0.967657	-0.179371	-0.177385	-0.204111	-0.969915	-0.132679	-0.148249	0.164594	-0.975157
1.26667	0.967597	-0.179591	-0.177494	-0.204358	-0.969856	-0.132729	-0.148307	0.1647	-0.97513
1.3	0.967556	-0.179886	-0.177417	-0.204651	-0.969785	-0.1328	-0.148167	0.1648	-0.975135
1.33333	0.967521	-0.180253	-0.177232	-0.204913	-0.969798	-0.1323	-0.148032	0.16432	-0.975236
1.36667	0.967537	-0.180296	-0.177104	-0.204951	-0.969773	-0.132418	-0.147876	0.164417	-0.975243
1.4	0.967466	-0.180465	-0.177321	-0.205246	-0.969631	-0.133002	-0.147933	0.165069	-0.975125
1.43333	0.967376	-0.180715	-0.177556	-0.205631	-0.969464	-0.133621	-0.147987	0.165773	-0.974997
1.46667	0.967335	-0.181114	-0.177374	-0.205945	-0.969447	-0.133266	-0.147818	0.165442	-0.975079
1.5	0.967331	-0.181255	-0.17725	-0.206069	-0.969418	-0.133286	-0.14767	0.165457	-0.975099
1.53333	0.967359	-0.18105	-0.177308	-0.205954	-0.969368	-0.13382	-0.147649	0.165969	-0.975015
1.56667	0.967322	-0.181092	-0.177464	-0.206068	-0.969303	-0.134117	-0.147729	0.166304	-0.974946
1.6	0.967224	-0.181162	-0.177926	-0.206265	-0.969217	-0.134433	-0.148095	0.166727	-0.974818
1.63333	0.967167	-0.181049	-0.178354	-0.206386	-0.969044	-0.135493	-0.148302	0.167854	-0.974593
1.66667	0.967041	-0.181465	-0.178611	-0.206982	-0.968793	-0.136374	-0.14829	0.168848	-0.974423
1.7	0.967047	-0.181599	-0.178442	-0.207249	-0.968586	-0.137439	-0.147878	0.169892	-0.974304
1.73333	0.967041	-0.181837	-0.178232	-0.207465	-0.968526	-0.137535	-0.147613	0.169979	-0.974329
1.76667	0.967006	-0.181638	-0.178627	-0.207467	-0.968401	-0.138406	-0.147842	0.170898	-0.974134
1.8	0.966873	-0.181991	-0.178987	-0.208141	-0.968013	-0.140101	-0.147764	0.172715	-0.973825
1.83333	0.966743	-0.182781	-0.178881	-0.209191	-0.967519	-0.141934	-0.147128	0.174634	-0.973579
1.86667	0.966705	-0.183065	-0.178795	-0.209673	-0.967206	-0.143352	-0.146689	0.176068	-0.973387
1.9	0.966595	-0.183392	-0.179056	-0.210267	-0.96686	-0.14481	-0.146565	0.177622	-0.973123
1.93333	0.966479	-0.183508	-0.179564	-0.210741	-0.966492	-0.146565	-0.146651	0.179493	-0.972767
1.96667	0.966105	-0.18487	-0.180177	-0.212509	-0.965809	-0.148504	-0.146563	0.18176	-0.972359
2	0.965734	-0.186766	-0.18021	-0.214844	-0.964844	-0.15139	-0.1456	0.184919	-0.971908
2.03333	0.965442	-0.188311	-0.180167	-0.21709	-0.963579	-0.156163	-0.144198	0.189878	-0.971161
2.06667	0.964984	-0.190275	-0.180557	-0.220136	-0.961755	-0.162993	-0.142639	0.197033	-0.969965
2.1	0.964423	-0.192646	-0.181039	-0.223985	-0.959205	-0.172499	-0.140423	0.206912	-0.96823
2.13333	0.963836	-0.194819	-0.181837	-0.227829	-0.956352	-0.182988	-0.138251	0.217798	-0.966153
2.16667	0.963464	-0.196019	-0.182519	-0.230501	-0.953879	-0.192314	-0.136404	0.227359	-0.964211
2.2	0.963076	-0.196849	-0.183672	-0.233208	-0.950839	-0.203763	-0.134532	0.239073	-0.961637
2.23333	0.962716	-0.197647	-0.184699	-0.236295	-0.946801	-0.218477	-0.131692	0.253975	-0.958203
2.26667	0.963011	-0.196419	-0.184472	-0.237446	-0.942218	-0.236315	-0.127396	0.271376	-0.954005
2.3	0.964464	-0.19189	-0.181626	-0.234733	-0.937848	-0.255621	-0.121286	0.289171	-0.949563
2.33333	0.966634	-0.184592	-0.177607	-0.229456	-0.93218	-0.279983	-0.113879	0.311394	-0.943433
2.36667	0.969004	-0.176329	-0.173032	-0.22347	-0.924225	-0.309627	-0.105324	0.338697	-0.934982
2.4	0.971084	-0.169977	-0.16764	-0.219327	-0.912524	-0.345247	-0.0942915	0.372032	-0.923418
2.43333	0.973292	-0.163671	-0.160978	-0.214704	-0.897204	-0.38591	-0.0812674	0.410166	-0.908383
2.46667	0.976188	-0.157112	-0.149574	-0.207003	-0.880834	-0.425771	-0.0648566	0.446595	-0.892383
2.5	0.979626	-0.152473	-0.130706	-0.195951	-0.868254	-0.455783	-0.0439917	0.472109	-0.880442
2.53333	0.983016	-0.149819	-0.105991	-0.182555	-0.857436	-0.481121	-0.0187991	0.492298	-0.870223
2.56667	0.985822	-0.148359	-0.0783916	-0.167639	-0.850608	-0.49836	0.00725542	0.504435	-0.863419
2.6	0.987678	-0.148107	-0.0505555	-0.153271	-0.850187	-0.503677	0.0316165	0.50522	-0.862411
2.63333	0.988476	-0.149754	-0.0220911	-0.140966	-0.857476	-0.494837	0.0551612	0.492249	-0.868705
2.66667	0.988854	-0.148759	0.00625786	-0.127906	-0.870247	-0.475721	0.0762137	0.469618	-0.879574
2.7	0.988872	-0.144494	0.0354047	-0.112997	-0.884315	-0.453012	0.0967664	0.44397	-0.890801
2.73333	0.987969	-0.140241	0.065186	-0.0990623	-0.897563	-0.429613	0.118758	0.417987	-0.900657
2.76667	0.98603	-0.136266	0.0957985	-0.0868919	-0.911455	-0.40212	0.142111	0.388178	-0.910562
2.8	0.983288	-0.130851	0.126579	-0.0760362	-0.926902	-0.367522	0.165417	0.351755	-0.921361
2.83333	0.979986	-0.125269	0.154708	-0.0693705	-0.943362	-0.324431	0.186587	0.307206	-0.933172
2.86667	0.976434	-0.121372	0.178454	-0.0691267	-0.959201	-0.274146	0.204447	0.255349	-0.944986
2.9	0.973197	-0.117534	0.197669	-0.0723435	-0.972361	-0.22199	0.218297	0.20174	-0.954802
2.93333	0.970994	-0.113491	0.210455	-0.0777145	-0.982184	-0.171097	0.226124	0.149779	-0.962515
2.96667	0.970908	-0.109184	0.213112	-0.0849414	-0.989158	-0.119796	0.223881	0.0982092	-0.969656
3	0.973058	-0.110424	0.202398	-0.0967013	-0.992368	-0.0765097	0.209301	0.0548762	-0.97631
3.03333	0.976916	-0.103246	0.187019	-0.0965279	-0.994326	-0.0447061	0.190574	0.0256215	-0.981338
3.06667	0.980877	-0.0889785	0.173098	-0.0840329	-0.995823	-0.0357073	0.175552	0.0204786	-0.984257
3.1	0.983849	-0.0869785	0.156445	-0.08475	-0.996184	-0.0208721	0.157663	0.00727632	-0.987466
3.13333	0.987233	-0.0829522	0.135977	-0.0831107	-0.99653	-0.00452113	0.135881	-0.00683777	-0.990702
3.16667	0.990612	-0.0748956	0.114358	-0.0773138	-0.996864	0.0168528	0.112737	-0.025536	-0.993297
3.2	0.992869	-0.069126	0.0971176	-0.0723408	-0.996929	0.0299762	0.0947473	-0.036788	-0.994821
3.23333	0.994634	-0.0646914	0.0807331	-0.0675845	-0.997147	0.0336293	0.0783272	-0.0389052	-0.996168
3.26667	0.995994	-0.0648307	0.0615821	-0.0674442	-0.996866	0.0413528	0.0587081	-0.0453405	-0.997245
3.3	0.996567	-0.0715877	0.0415948	-0.0735235	-0.996183	0.04704	0.0380686	-0.0499367	-0.998027
3.33333	0.996257	-0.0824732	0.0258916	-0.0834712	-0.9957	0.0401752	0.0224669	-0.0421861	-0.998857
3.36667	0.995345	-0.0952297	0.0148081	-0.0956418	-0.994958	0.030188	0.0118587	-0.0314638	-0.999435
3.4	0.99391	-0.11016	0.00268235	-0.110192	-0.9936	0.0248404	-7.12273e-05	-0.0249847	-0.999688
3.43333	0.99231	-0.123257	-0.0113759	-0.123018	-0.992209	0.0196818	-0.0137131	-0.018131	-0.999742
3.46667	0.990325	-0.136186	-0.0266392	-0.135801	-0.990611	0.0157788	-0.0285379	-0.0120086	-0.999521
3.5	0.987865	-0.148842	-0.0443619	-0.148387	-0.988839	0.0133851	-0.045859	-0.00663994	-0.998926
3.53333	0.984727	-0.162396	-0.0627653	-0.162018	-0.986725	0.0110979	-0.0637344	-0.000759281	-0.997967
3.56667	0.981216	-0.175664	-0.0797356	-0.175438	-0.984441	0.0098836	-0.0802312	0.00429073	-0.996767
3.6	0.976635	-0.192472	-0.0955968	-0.192422	-0.981263	0.00982235	-0.0956961	0.00880209	-0.995372
3.63333	0.970739	-0.212714	-0.111435	-0.212782	-0.977033	0.0114212	-0.111305	0.0126244	-0.993706
3.66667	0.964557	-0.230995	-0.127561	-0.23125	-0.972807	0.0130152	-0.127099	0.0169445	-0.991745
3.7	0.95824	-0.248102	-0.142205	-0.247788	-0.968604	0.0201988	-0.142751	0.0158813	-0.989631
3.73333	0.952099	-0.26355	-0.155078	-0.262717	-0.964517	0.026218	-0.156485	0.0157796	-0.987554
3.76667	0.946206	-0.276189	-0.168561	-0.276419	-0.960772	0.0225786	-0.168185	0.0252294	-0.985433
3.8	0.940068	-0.286457	-0.184974	-0.288828	-0.95727	0.0145906	-0.181249	0.0397095	-0.982635
3.83333	0.935464	-0.287566	-0.205458	-0.292268	-0.956305	0.00775945	-0.198712	0.0527901	-0.978635
3.86667	0.932506	-0.277599	-0.231022	-0.287695	-0.957664	-0.0105195	-0.218321	0.0762732	-0.972892
3.9	0.925526	-0.273696	-0.261711	-0.295115	-0.954374	-0.0455739	-0.237297	0.119415	-0.96407
3.93333	0.912711	-0.283045	-0.294692	-0.319596	-0.943889	-0.0832583	-0.254591	0.170173	-0.951958
3.96667	0.9026	-0.289331	-0.318748	-0.339629	-0.933589	-0.114301	-0.264509	0.211424	-0.940922
4	0.895373	-0.286877	-0.340601	-0.352985	-0.923514	-0.150081	-0.271495	0.254606	-0.928152
4.03333	0.886389	-0.285089	-0.364744	-0.37317	-0.906279	-0.198503	-0.273969	0.312063	-0.909702
4.06667	0.877675	-0.276057	-0.391764	-0.400357	-0.871659	-0.282711	-0.26344	0.404974	-0.875554
4.1	0.874229	-0.248931	-0.416843	-0.422815	-0.812355	-0.40163	-0.238646	0.527364	-0.815436
4.13333	0.87888	-0.215386	-0.42565	-0.432776	-0.735361	-0.521487	-0.200686	0.642536	-0.739508
4.16667	0.892064	-0.190203	-0.409931	-0.423973	-0.666238	-0.613493	-0.156423	0.721075	-0.674968
4.2	0.908425	-0.179415	-0.37759	-0.402067	-0.622314	-0.671615	-0.114482	0.761929	-0.637463
4.23333	0.923337	-0.179544	-0.339429	-0.374528	-0.616108	-0.692921	-0.0847148	0.766926	-0.63612
4.26667	0.934471	-0.190526	-0.300771	-0.351047	-0.634006	-0.689059	-0.0594072	0.749491	-0.659344
4.3	0.944967	-0.203111	-0.256483	-0.325355	-0.665785	-0.671471	-0.0343797	0.717966	-0.695228
4.33333	0.95379	-0.216905	-0.207935	-0.300414	-0.702246	-0.645447	-0.00602075	0.678087	-0.734957
4.36667	0.961173	-0.226979	-0.156929	-0.27524	-0.74796	-0.603986	0.0197154	0.623728	-0.781393
4.4	0.966763	-0.232959	-0.105351	-0.25172	-0.795071	-0.551814	0.0447885	0.559993	-0.827286
4.43333	0.971348	-0.231971	-0.0516904	-0.226127	-0.835154	-0.501382	0.0731368	0.498705	-0.863681
4.46667	0.974694	-0.223542	0.00109161	-0.198571	-0.868034	-0.455068	0.102675	0.443335	-0.890456
4.5	0.976331	-0.210271	0.0506375	-0.172724	-0.89894	-0.402582	0.130172	0.384307	-0.913982
4.53333	0.976518	-0.193021	0.0956864	-0.149572	-0.92709	-0.343705	0.155052	0.321322	-0.93419
4.56667	0.975376	-0.173557	0.136087	-0.130357	-0.951391	-0.279037	0.177901	0.254426	-0.950589
4.6	0.9729	-0.155051	0.171535	-0.115302	-0.968356	-0.221339	0.200426	0.195563	-0.959992
4.63333	0.969148	-0.140643	0.202417	-0.107591	-0.980246	-0.165958	0.221759	0.13906	-0.965135
4.66667	0.965821	-0.128697	0.225005	-0.106079	-0.988263	-0.109922	0.236511	0.0822968	-0.968137
4.7	0.964927	-0.116235	0.235385	-0.103711	-0.992485	-0.064948	0.241165	0.038258	-0.96973
4.73333	0.9668	-0.10659	0.232244	-0.101306	-0.994254	-0.0345938	0.234597	0.00991753	-0.972042
4.76667	0.970788	-0.100436	0.217905	-0.0955978	-0.994884	-0.0326606	0.220071	0.0108752	-0.975423
4.8	0.976767	-0.0743919	0.200979	-0.0710244	-0.997188	-0.0239247	0.202193	0.00909441	-0.979303
4.83333	0.982054	-0.0511759	0.181524	-0.0431318	-0.997916	-0.0479908	0.183601	0.0393001	-0.982215
4.86667	0.985163	-0.0497744	0.164244	-0.0355617	-0.995453	-0.0883689	0.167896	0.081217	-0.982453
4.9	0.989397	-0.041641	0.139138	-0.0297014	-0.995782	-0.0868121	0.142166	0.0817591	-0.986461
4.93333	0.993544	-0.0329369	0.108562	-0.0282908	-0.998628	-0.044063	0.109864	0.0407072	-0.993113
4.96667	0.995981	-0.0298817	0.0844276	-0.0285423	-0.999448	-0.0170273	0.0848898	0.0145491	-0.996284
5	0.99728	-0.0325109	0.0661485	-0.0306182	-0.999098	-0.0294279	0.0670456	0.0273225	-0.997376
5.03333	0.998596	-0.0351797	0.0396016	-0.0339398	-0.998926	-0.0315564	0.0406692	0.0301681	-0.998717
5.06667	0.9988	-0.0479324	0.0100955	-0.0476113	-0.998417	-0.0299444	0.0115148	0.0294278	-0.999501
5.1	0.99797	-0.061407	-0.0169097	-0.0618684	-0.997684	-0.0282642	-0.0151349	0.029253	-0.999457
5.13333	0.996156	-0.0769889	-0.0417857	-0.0784186	-0.99635	-0.0337239	-0.0390368	0.0368711	-0.998557
5.16667	0.993734	-0.0900022	-0.0662759	-0.0926324	-0.994985	-0.0377378	-0.062547	0.0436407	-0.997087
5.2	0.990951	-0.100604	-0.088855	-0.104495	-0.99371	-0.0402715	-0.0842446	0.049192	-0.99523
5.23333	0.98733	-0.112979	-0.111424	-0.117952	-0.99225	-0.0390707	-0.106147	0.0517183	-0.993005
5.26667	0.983082	-0.124946	-0.133936	-0.130676	-0.990813	-0.0348429	-0.128352	0.0517557	-0.990377
5.3	0.978242	-0.139017	-0.154001	-0.145625	-0.988808	-0.0324364	-0.147768	0.054157	-0.987538
5.33333	0.972848	-0.155348	-0.171564	-0.16318	-0.986063	-0.0324423	-0.164133	0.0595572	-0.984639
5.36667	0.967598	-0.168896	-0.187692	-0.178049	-0.983471	-0.0328997	-0.179034	0.0652521	-0.981677
5.4	0.962825	-0.180228	-0.20121	-0.190283	-0.981219	-0.0316396	-0.191729	0.0687502	-0.979037
5.43333	0.958455	-0.188675	-0.213931	-0.199764	-0.979345	-0.0312563	-0.203615	0.0726933	-0.976349
5.46667	0.954191	-0.195626	-0.226383	-0.207924	-0.977635	-0.0315761	-0.215143	0.0772001	-0.973526
5.5	0.949084	-0.203553	-0.240427	-0.217378	-0.975557	-0.0321635	-0.228003	0.0827893	-0.970134
5.53333	0.943852	-0.209449	-0.255488	-0.225691	-0.973546	-0.035657	-0.241261	0.0913162	-0.966154
5.56667	0.940305	-0.207856	-0.269486	-0.229045	-0.972164	-0.0493604	-0.251724	0.108138	-0.961739
5.6	0.936517	-0.20225	-0.286411	-0.230574	-0.970639	-0.0685211	-0.264143	0.13021	-0.955654
5.63333	0.930341	-0.200793	-0.306835	-0.237937	-0.967243	-0.0884737	-0.279019	0.155318	-0.947641
5.66667	0.920393	-0.209984	-0.329823	-0.256862	-0.960711	-0.105149	-0.294785	0.181497	-0.938169
5.7	0.90898	-0.225707	-0.350445	-0.280959	-0.952794	-0.115093	-0.307925	0.203078	-0.929485
5.73333	0.902356	-0.228485	-0.365442	-0.292061	-0.947711	-0.128625	-0.316945	0.222797	-0.921904
5.76667	0.89708	-0.22359	-0.381125	-0.300532	-0.941041	-0.155313	-0.323928	0.253868	-0.911385
5.8	0.890195	-0.224137	-0.39663	-0.317837	-0.929277	-0.188214	-0.326393	0.293611	-0.898477
5.83333	0.881994	-0.2319	-0.410254	-0.346975	-0.908641	-0.232335	-0.318895	0.347266	-0.88188
5.86667	0.874616	-0.235037	-0.424034	-0.382797	-0.87151	-0.306492	-0.297512	0.430381	-0.852208
5.9	0.870816	-0.219457	-0.439907	-0.41697	-0.803724	-0.424457	-0.260414	0.553052	-0.791402
5.93333	0.875036	-0.189601	-0.44538	-0.437208	-0.704466	-0.559086	-0.207752	0.683944	-0.699328
5.96667	0.889338	-0.166543	-0.425842	-0.433557	-0.603036	-0.669609	-0.14528	0.780135	-0.608509
6	0.905948	-0.167557	-0.388822	-0.413842	-0.544359	-0.729663	-0.0893986	0.821948	-0.562503
6.03333	0.918605	-0.184395	-0.349519	-0.391795	-0.540432	-0.7446	-0.0515909	0.820933	-0.568689
6.06667	0.928277	-0.204788	-0.310424	-0.370855	-0.571952	-0.731667	-0.0277109	0.794312	-0.606877
6.1	0.935773	-0.226453	-0.270275	-0.352522	-0.617337	-0.703295	-0.00758727	0.753402	-0.657517
6.13333	0.941998	-0.247525	-0.226651	-0.335404	-0.670181	-0.662089	0.0119865	0.699706	-0.71433
6.16667	0.947273	-0.265118	-0.179963	-0.318646	-0.720246	-0.616207	0.03375	0.64106	-0.766748
6.2	0.95184	-0.276762	-0.13192	-0.301294	-0.764708	-0.569599	0.0567635	0.581914	-0.811267
6.23333	0.95554	-0.282809	-0.0834361	-0.283194	-0.801416	-0.526815	0.0821213	0.527022	-0.845875
6.26667	0.958698	-0.282417	-0.0337593	-0.262667	-0.83356	-0.485987	0.10911	0.474782	-0.873314
6.3	0.961003	-0.276044	0.0165397	-0.240447	-0.863626	-0.443098	0.136599	0.421842	-0.89632
6.33333	0.962043	-0.264916	0.065518	-0.21919	-0.893129	-0.39278	0.16257	0.363511	-0.917296
6.36667	0.961739	-0.250121	0.111795	-0.200455	-0.920582	-0.335181	0.186752	0.299947	-0.935497
6.4	0.959957	-0.232923	0.155661	-0.184319	-0.943554	-0.275197	0.210974	0.235485	-0.948703
6.43333	0.956728	-0.214905	0.19618	-0.172567	-0.961886	-0.212124	0.234289	0.169091	-0.957349
6.46667	0.952988	-0.198801	0.228677	-0.167608	-0.974567	-0.148754	0.252433	0.103432	-0.96207
6.5	0.949663	-0.186926	0.251393	-0.17024	-0.981576	-0.086761	0.262979	0.0395965	-0.963989
6.53333	0.948056	-0.176773	0.264465	-0.173693	-0.984171	-0.0351815	0.266498	-0.0125817	-0.963753
6.56667	0.949631	-0.168972	0.263913	-0.173796	-0.984768	-0.00513962	0.260762	-0.0409864	-0.964533
6.6	0.954528	-0.160066	0.251507	-0.162683	-0.986623	-0.0104958	0.249822	-0.0308972	-0.967799
6.63333	0.95996	-0.146734	0.238634	-0.148956	-0.988805	-0.00879734	0.237253	-0.0271009	-0.97107
6.66667	0.967819	-0.118372	0.22207	-0.122069	-0.992517	0.00294577	0.22006	-0.0299588	-0.975026
6.7	0.973715	-0.105775	0.201722	-0.107738	-0.994179	-0.00125467	0.20068	-0.0205114	-0.979442
6.73333	0.977508	-0.103134	0.183959	-0.101971	-0.994662	-0.0157959	0.184606	-0.00331779	-0.982807
6.76667	0.982276	-0.0926942	0.162916	-0.0923988	-0.995678	-0.00940628	0.163084	-0.00581371	-0.986595
6.8	0.986579	-0.0817097	0.141366	-0.0853243	-0.996159	0.0196894	0.139215	-0.0314872	-0.989762
6.83333	0.989388	-0.0738799	0.125112	-0.0780411	-0.996537	0.0286849	0.12256	-0.0381443	-0.991728
6.86667	0.991553	-0.0681095	0.110378	-0.0714825	-0.997079	0.0268905	0.108224	-0.0345534	-0.993526
6.9	0.993926	-0.0642164	0.089373	-0.0673656	-0.997193	0.032675	0.0870239	-0.0384972	-0.995462
6.93333	0.995372	-0.0698763	0.0659724	-0.0723601	-0.996727	0.0360391	0.0632382	-0.0406461	-0.99717
6.96667	0.995451	-0.0833385	0.0461783	-0.0849257	-0.995823	0.033542	0.0431901	-0.0373111	-0.99837
7	0.994712	-0.0986123	0.0286909	-0.0994378	-0.994623	0.0289264	0.0256842	-0.0316264	-0.99917
7.03333	0.99354	-0.113078	0.00956214	-0.113304	-0.99317	0.0278492	0.00634769	-0.0287528	-0.999566
7.06667	0.991895	-0.126766	-0.00864507	-0.126527	-0.99167	0.0241149	-0.01163	-0.0228256	-0.999672
7.1	0.98998	-0.138402	-0.0280103	-0.137771	-0.99019	0.023319	-0.0309629	-0.0192263	-0.999336
7.13333	0.9876	-0.149539	-0.0477919	-0.148647	-0.988652	0.0217163	-0.050497	-0.0143429	-0.998621
7.16667	0.984656	-0.160683	-0.0680761	-0.159808	-0.986981	0.018145	-0.0701054	-0.00698748	-0.997515
7.2	0.980858	-0.173505	-0.0883958	-0.17281	-0.984833	0.0155108	-0.0897463	6.18116e-05	-0.995965
7.23333	0.976329	-0.187418	-0.107968	-0.186945	-0.982262	0.0145808	-0.108785	0.00594836	-0.994047
7.26667	0.971466	-0.200748	-0.12631	-0.200618	-0.979571	0.013882	-0.126517	0.0118542	-0.991894
7.3	0.966447	-0.212723	-0.14398	-0.213283	-0.97692	0.0117124	-0.143149	0.0193891	-0.989511
7.33333	0.961274	-0.223016	-0.161916	-0.224758	-0.974384	0.00771895	-0.15949	0.0289719	-0.986774
7.36667	0.955875	-0.231962	-0.180266	-0.235057	-0.971972	0.00430073	-0.176211	0.0382618	-0.983609
7.4	0.949886	-0.240105	-0.200164	-0.244767	-0.969581	0.00149855	-0.194435	0.0475703	-0.979761
7.43333	0.943782	-0.246851	-0.219863	-0.253346	-0.967375	-0.00139327	-0.212346	0.0570164	-0.97553
7.46667	0.938289	-0.249175	-0.239844	-0.257804	-0.966185	-0.00477756	-0.230543	0.0663155	-0.9708
7.5	0.934685	-0.244458	-0.258079	-0.256915	-0.966315	-0.0151551	-0.245681	0.0804695	-0.966005
7.53333	0.931815	-0.234984	-0.276594	-0.252993	-0.966978	-0.0307989	-0.260223	0.0986753	-0.960493
7.56667	0.927948	-0.225179	-0.296996	-0.25176	-0.966282	-0.0539889	-0.274825	0.124871	-0.953351
7.6	0.920138	-0.224788	-0.320651	-0.26164	-0.962145	-0.0763028	-0.291361	0.154104	-0.944119
7.63333	0.910121	-0.231787	-0.343447	-0.279561	-0.955306	-0.0961054	-0.305821	0.183482	-0.934242
7.66667	0.902718	-0.236456	-0.35943	-0.292975	-0.949646	-0.111078	-0.315066	0.205577	-0.926537
7.7	0.897876	-0.233519	-0.373213	-0.300745	-0.944442	-0.132596	-0.321515	0.231297	-0.918221
7.73333	0.892352	-0.233521	-0.386233	-0.313765	-0.936103	-0.158942	-0.324438	0.263019	-0.908604
7.76667	0.884785	-0.241922	-0.398282	-0.337298	-0.9222	-0.189151	-0.321536	0.301698	-0.897548
7.8	0.875726	-0.254877	-0.410052	-0.370703	-0.89909	-0.232842	-0.309327	0.355913	-0.88184
7.83333	0.868048	-0.254951	-0.426019	-0.40592	-0.858525	-0.31331	-0.285869	0.444898	-0.848731
7.86667	0.8654	-0.233287	-0.443464	-0.435056	-0.788917	-0.433978	-0.248615	0.568496	-0.784221
7.9	0.87236	-0.199391	-0.446353	-0.447471	-0.693368	-0.56481	-0.196868	0.692448	-0.694088
7.93333	0.88765	-0.181713	-0.423152	-0.439012	-0.611415	-0.658362	-0.139088	0.770164	-0.622497
7.96667	0.903931	-0.186407	-0.384916	-0.417872	-0.576566	-0.702107	-0.0910521	0.795502	-0.599071
8	0.917854	-0.197738	-0.344157	-0.392551	-0.580513	-0.713379	-0.0587258	0.789876	-0.610448
8.03333	0.929725	-0.211255	-0.301634	-0.366814	-0.603663	-0.707841	-0.0325498	0.768741	-0.638732
8.06667	0.939915	-0.228614	-0.253565	-0.341341	-0.643931	-0.684718	-0.00674223	0.730129	-0.683276
8.1	0.94793	-0.245728	-0.202598	-0.317701	-0.685198	-0.655416	0.0222345	0.685654	-0.727588
8.13333	0.953784	-0.259088	-0.152216	-0.296033	-0.7232	-0.623976	0.0515821	0.6402	-0.766475
8.16667	0.957912	-0.268304	-0.102068	-0.275937	-0.76259	-0.585077	0.0791428	0.588616	-0.804529
8.2	0.961067	-0.271925	-0.0490622	-0.254662	-0.802777	-0.539163	0.107226	0.530666	-0.840771
8.23333	0.962919	-0.269754	0.00452109	-0.231886	-0.836078	-0.497195	0.1379	0.47771	-0.867627
8.26667	0.96349	-0.261587	0.0570921	-0.209552	-0.869466	-0.447344	0.166659	0.419048	-0.892538
8.3	0.962691	-0.248313	0.107546	-0.189797	-0.902884	-0.385717	0.19288	0.350915	-0.916327
8.33333	0.960416	-0.231504	0.154941	-0.17348	-0.932235	-0.317558	0.217957	0.278109	-0.935495
8.36667	0.956418	-0.215306	0.197253	-0.16401	-0.954993	-0.24716	0.24159	0.204037	-0.948685
8.4	0.951284	-0.200917	0.23386	-0.16362	-0.97187	-0.169403	0.261317	0.122886	-0.957399
8.43333	0.946333	-0.18964	0.261707	-0.172596	-0.981155	-0.0868623	0.273248	0.0370309	-0.961231
8.46667	0.943948	-0.18014	0.276606	-0.181678	-0.983149	-0.0202803	0.275598	-0.0311096	-0.960769
8.5	0.946054	-0.172976	0.273973	-0.183606	-0.982908	0.0134378	0.266966	-0.0630161	-0.961643
8.53333	0.951501	-0.166219	0.258878	-0.175191	-0.984464	0.011812	0.252892	-0.0565922	-0.965838
8.56667	0.958163	-0.152798	0.242025	-0.165907	-0.985533	0.0346202	0.233233	-0.0733255	-0.969652
8.6	0.970015	-0.118266	0.212328	-0.12936	-0.990827	0.0390953	0.205757	-0.0653899	-0.976416
8.63333	0.975362	-0.110829	0.190749	-0.11941	-0.992261	0.0340611	0.185498	-0.0559993	-0.981048
8.66667	0.979341	-0.10688	0.17166	-0.111113	-0.993691	0.0152157	0.168951	-0.033975	-0.985039
8.7	0.983933	-0.100055	0.147864	-0.106141	-0.993775	0.033834	0.143558	-0.0489848	-0.988429
8.73333	0.987943	-0.0902335	0.125805	-0.0964814	-0.994341	0.0444759	0.121079	-0.0560774	-0.991058
8.76667	0.990784	-0.0811328	0.108462	-0.0858321	-0.995531	0.0393765	0.104782	-0.0483231	-0.99332
8.8	0.993243	-0.074496	0.088991	-0.0775733	-0.996485	0.0316319	0.0863217	-0.0383214	-0.99553
8.83333	0.995198	-0.0751332	0.0627298	-0.0772414	-0.996502	0.0318837	0.0601149	-0.0365759	-0.997521
8.86667	0.995693	-0.0848405	0.0373829	-0.0860236	-0.995802	0.0312633	0.0345736	-0.0343445	-0.998812
8.9	0.994807	-0.10029	0.0173601	-0.10074	-0.994537	0.0273367	0.0145236	-0.0289436	-0.999476
8.93333	0.993415	-0.114561	-0.00168957	-0.114498	-0.993188	0.0216371	-0.00415682	-0.0213012	-0.999764
8.96667	0.991536	-0.127907	-0.0222843	-0.127451	-0.991626	0.0208289	-0.0247619	-0.0178125	-0.999535
9	0.989093	-0.140917	-0.0428705	-0.1402	-0.989935	0.0193207	-0.0451616	-0.0130996	-0.998894
9.03333	0.986155	-0.153523	-0.0626859	-0.152761	-0.98812	0.0168093	-0.0645218	-0.00700065	-0.997892
9.06667	0.983318	-0.161782	-0.0831457	-0.161028	-0.986824	0.0157439	-0.0845972	-0.00209246	-0.996413
9.1	0.979858	-0.170344	-0.104219	-0.169568	-0.985383	0.0163239	-0.105476	0.00167711	-0.99442
9.13333	0.976176	-0.177709	-0.124495	-0.177313	-0.98405	0.0143418	-0.125058	0.0080746	-0.992117
9.16667	0.971716	-0.187127	-0.144057	-0.187216	-0.982232	0.013062	-0.143941	0.0142772	-0.989483
9.2	0.966787	-0.197307	-0.162461	-0.19788	-0.980142	0.0128108	-0.161763	0.0197625	-0.986632
9.23333	0.961841	-0.20676	-0.179198	-0.207887	-0.978071	0.012679	-0.17789	0.0250578	-0.983731
9.26667	0.95667	-0.216429	-0.194785	-0.218474	-0.975779	0.0111863	-0.192488	0.0318539	-0.980782
9.3	0.951177	-0.227059	-0.209062	-0.229788	-0.973173	0.0114759	-0.206059	0.0371242	-0.977835
9.33333	0.945651	-0.237587	-0.222029	-0.240996	-0.970452	0.0120214	-0.218324	0.0421399	-0.974966
9.36667	0.940288	-0.246744	-0.23447	-0.251014	-0.96791	0.0119435	-0.229893	0.0476249	-0.97205
9.4	0.936171	-0.251843	-0.245275	-0.257266	-0.966286	0.0102237	-0.23958	0.0535297	-0.9694
9.43333	0.932769	-0.253909	-0.255876	-0.260835	-0.965357	0.00708821	-0.248812	0.0601298	-0.966684
9.46667	0.930124	-0.253818	-0.265417	-0.263374	-0.964694	-0.000428215	-0.255938	0.0703023	-0.964134
9.5	0.928247	-0.248864	-0.276451	-0.262349	-0.964895	-0.012288	-0.263688	0.0839329	-0.960949
9.53333	0.925914	-0.241331	-0.290589	-0.260901	-0.9649	-0.0299793	-0.273155	0.103573	-0.956378
9.56667	0.921781	-0.234854	-0.308485	-0.262281	-0.963693	-0.0500464	-0.285531	0.127042	-0.949912
9.6	0.912723	-0.241152	-0.329821	-0.276785	-0.958733	-0.0649701	-0.300542	0.150589	-0.941805
9.63333	0.902047	-0.256446	-0.3472	-0.299316	-0.951195	-0.0750791	-0.311001	0.171647	-0.934781
9.66667	0.896113	-0.261194	-0.358831	-0.310827	-0.946448	-0.0873109	-0.31681	0.189775	-0.92931
9.7	0.890491	-0.257507	-0.375122	-0.319265	-0.941035	-0.111909	-0.324185	0.219417	-0.920196
9.73333	0.882995	-0.259751	-0.39096	-0.335492	-0.931784	-0.138648	-0.328276	0.25359	-0.909905
9.76667	0.873026	-0.274181	-0.403299	-0.362791	-0.91779	-0.161382	-0.325896	0.287204	-0.900725
9.8	0.862403	-0.28857	-0.415919	-0.394192	-0.898297	-0.194102	-0.317606	0.331346	-0.888446
9.83333	0.852507	-0.293082	-0.432822	-0.424898	-0.870828	-0.247226	-0.304456	0.394667	-0.866917
9.86667	0.846949	-0.275228	-0.454892	-0.450796	-0.825359	-0.339948	-0.281887	0.492982	-0.823109
9.9	0.849102	-0.241787	-0.469643	-0.46621	-0.761027	-0.451095	-0.248342	0.601978	-0.758913
9.93333	0.86031	-0.211424	-0.46386	-0.465986	-0.695113	-0.547425	-0.206697	0.687108	-0.696534
9.96667	0.875531	-0.197852	-0.440795	-0.452195	-0.656905	-0.603321	-0.170192	0.727551	-0.664608
10	0.888936	-0.199491	-0.412306	-0.434978	-0.649662	-0.623485	-0.14348	0.733582	-0.664282
10.0333	0.900436	-0.204935	-0.383688	-0.417073	-0.657286	-0.627714	-0.123552	0.725243	-0.677317
10.0667	0.912534	-0.212141	-0.349682	-0.395308	-0.676842	-0.620981	-0.104944	0.704898	-0.701502
10.1	0.923213	-0.220211	-0.314938	-0.374451	-0.699745	-0.608394	-0.0864011	0.679606	-0.728471
10.1333	0.932661	-0.229582	-0.278272	-0.355185	-0.719396	-0.59692	-0.0631455	0.655562	-0.752496
10.1667	0.940591	-0.238723	-0.241453	-0.337399	-0.736873	-0.585815	-0.0380727	0.632479	-0.773641
10.2	0.947586	-0.246774	-0.20294	-0.31928	-0.755073	-0.572647	-0.0119199	0.607427	-0.794286
10.2333	0.953429	-0.254564	-0.161772	-0.301179	-0.774612	-0.556118	0.0162566	0.578942	-0.815207
10.2667	0.95848	-0.259746	-0.11768	-0.281249	-0.792962	-0.540473	0.0470704	0.551129	-0.833091
10.3	0.961789	-0.264365	-0.0712196	-0.261901	-0.812529	-0.520772	0.0798062	0.519526	-0.85072
10.3333	0.963761	-0.265824	-0.0223964	-0.242267	-0.83702	-0.490615	0.111671	0.478262	-0.871088
10.3667	0.964565	-0.262341	0.0281365	-0.222573	-0.866311	-0.447176	0.141687	0.425068	-0.894004
10.4	0.964483	-0.251505	0.0807342	-0.201462	-0.898081	-0.390978	0.170839	0.360827	-0.916852
10.4333	0.962588	-0.236177	0.132829	-0.181947	-0.92662	-0.329045	0.200795	0.292567	-0.934926
10.4667	0.958644	-0.21901	0.181759	-0.16772	-0.950679	-0.26092	0.229938	0.219645	-0.948095
10.5	0.951946	-0.207226	0.225514	-0.167762	-0.968857	-0.18213	0.256233	0.135545	-0.957064
10.5333	0.944889	-0.199907	0.259273	-0.182428	-0.979085	-0.090067	0.271855	0.0378046	-0.961595
10.5667	0.942261	-0.187369	0.277555	-0.193374	-0.981108	-0.00583596	0.273405	-0.048173	-0.960692
10.6	0.944533	-0.181223	0.273891	-0.196449	-0.980086	0.0289839	0.263185	-0.0811818	-0.961324
10.6333	0.950303	-0.16818	0.261991	-0.18293	-0.982579	0.0327808	0.251914	-0.0790776	-0.964513
10.6667	0.958596	-0.142577	0.246508	-0.155447	-0.987277	0.033462	0.238601	-0.0703955	-0.968563
10.7	0.967078	-0.109568	0.229684	-0.105383	-0.993965	-0.0304459	0.231634	0.00523872	-0.972789
10.7333	0.973041	-0.0983684	0.208603	-0.0854056	-0.993864	-0.0702847	0.214237	0.050574	-0.975472
10.7667	0.979279	-0.0810211	0.185601	-0.0705329	-0.995553	-0.0624425	0.189835	0.0480577	-0.980639
10.8	0.985177	-0.0591822	0.16101	-0.0546667	-0.997981	-0.032335	0.162599	0.0230538	-0.986423
10.8333	0.988255	-0.0510981	0.144018	-0.0501903	-0.99869	-0.00993148	0.144337	0.00258654	-0.989525
10.8667	0.990345	-0.046353	0.130646	-0.0472829	-0.998873	0.00402256	0.130312	-0.010161	-0.991421
10.9	0.992252	-0.0494278	0.113985	-0.0515011	-0.998555	0.015315	0.113063	-0.0210667	-0.993364
10.9333	0.99394	-0.0575298	0.0936672	-0.060021	-0.997909	0.0239973	0.0920907	-0.0294739	-0.995314
10.9667	0.994514	-0.0738812	0.0740543	-0.0761439	-0.996698	0.0282076	0.0717257	-0.0336916	-0.996855
11	0.994003	-0.0926941	0.0580118	-0.0941985	-0.99527	0.0237527	0.0555356	-0.0290749	-0.998033
11.0333	0.992716	-0.112437	0.0432855	-0.113251	-0.993424	0.0168082	0.041111	-0.0215879	-0.998921
11.0667	0.991421	-0.127745	0.0276852	-0.12807	-0.991712	0.0102894	0.0261413	-0.0137468	-0.999564
