0	0	1	0	0	0	-1	-1	0	0
0.0333333	0.995545	-0.0891333	-0.0307406	0.0771346	0.957446	-0.278114	0.0542217	0.274504	0.960056
0.0666667	0.998669	-0.0472319	-0.0207392	0.0456063	0.996297	-0.0728792	0.0241047	0.0718363	0.997125
0.1	0.999463	-0.0304105	-0.0122222	0.0305177	0.999497	0.00868209	0.0119521	-0.00905042	0.999888
0.133333	0.999753	-0.0207607	-0.00796568	0.0210975	0.998772	0.0448274	0.00702525	-0.0449844	0.998963
0.166667	0.999868	-0.0151008	-0.00596057	0.0154463	0.997897	0.0629572	0.00499733	-0.0630409	0.997998
0.2	0.999922	-0.0114408	-0.00508735	0.0117879	0.997155	0.0744527	0.00422108	-0.0745069	0.997212
0.233333	0.999947	-0.0089542	-0.00513371	0.00934705	0.996552	0.0824399	0.00437783	-0.0824835	0.996583
0.266667	0.999961	-0.00713529	-0.00528953	0.00757599	0.996038	0.0886038	0.00463636	-0.0886404	0.996053
0.3	0.999965	-0.0061797	-0.00556245	0.00667134	0.995625	0.0932055	0.00496213	-0.0932394	0.995631
0.333333	0.999961	-0.0061691	-0.00625848	0.00673936	0.995396	0.0956153	0.00563981	-0.0956538	0.995399
0.366667	0.999954	-0.00645892	-0.00709271	0.00711554	0.995275	0.0968335	0.00643376	-0.0968795	0.995275
0.4	0.999944	-0.0066933	-0.0081523	0.00744747	0.995325	0.096298	0.00746963	-0.0963534	0.995319
0.433333	0.999928	-0.00730929	-0.00950756	0.00818307	0.995408	0.0953727	0.0087668	-0.0954436	0.995396
0.466667	0.99991	-0.00779416	-0.0108935	0.00879908	0.995393	0.0954723	0.0100992	-0.0955596	0.995372
0.5	0.999892	-0.00807684	-0.0122765	0.00920753	0.995432	0.0950265	0.0114529	-0.0951293	0.995399
0.533333	0.999876	-0.0077272	-0.0136876	0.0090004	0.995385	0.0955425	0.0128862	-0.0956539	0.995331
0.566667	0.999849	-0.00750781	-0.0156478	0.00896351	0.995424	0.0951388	0.0148619	-0.0952647	0.995341
0.6	0.99983	-0.0063861	-0.0173045	0.0080513	0.99516	0.0979364	0.0165953	-0.0980591	0.995042
0.633333	0.999811	-0.00485202	-0.0188093	0.00675479	0.994715	0.102457	0.0182128	-0.102564	0.99456
0.666667	0.999791	-0.00378856	-0.0200883	0.00588255	0.994431	0.105229	0.0195777	-0.105325	0.994245
0.7	0.999763	-0.0033609	-0.0214918	0.00560368	0.994439	0.105163	0.0210188	-0.105258	0.994223
0.733333	0.999735	-0.0027677	-0.0228719	0.0051514	0.994477	0.104828	0.0224554	-0.104918	0.994227
0.766667	0.999704	-0.00165787	-0.0242596	0.00419493	0.994473	0.104906	0.0239516	-0.104977	0.994186
0.8	0.999673	-0.000926925	-0.0255506	0.0036332	0.994351	0.106077	0.025308	-0.106135	0.99403
0.833333	0.999637	-0.000366849	-0.0269291	0.00324431	0.994266	0.106887	0.0267355	-0.106936	0.993906
0.866667	0.999593	-0.000113225	-0.0285428	0.00317816	0.994215	0.107358	0.0283655	-0.107405	0.993811
0.9	0.999555	0.000608537	-0.0298111	0.00263729	0.994069	0.108719	0.0297005	-0.108749	0.993625
0.933333	0.999528	0.000987652	-0.0307076	0.00239945	0.993921	0.110069	0.0306296	-0.110091	0.993449
0.966667	0.999492	0.00141331	-0.0318382	0.00214815	0.993757	0.111549	0.0317971	-0.111561	0.993249
1	0.99947	0.00172192	-0.0324953	0.00201629	0.993403	0.114656	0.0324783	-0.114661	0.992874
1.03333	0.999445	0.00166691	-0.0332827	0.00219257	0.993295	0.115588	0.0332522	-0.115597	0.992739
1.06667	0.999406	0.00204324	-0.0343973	0.0019725	0.993211	0.116309	0.0344014	-0.116308	0.992617
1.1	0.999386	0.00236837	-0.0349574	0.00177025	0.993025	0.117887	0.0349928	-0.117876	0.992412
1.13333	0.999364	0.00269186	-0.0355684	0.00156411	0.992882	0.119089	0.0356358	-0.119069	0.992246
1.16667	0.99934	0.0032189	-0.0361764	0.00113576	0.992808	0.119712	0.0363015	-0.119675	0.992149
1.2	0.999322	0.00407924	-0.0366044	0.000429808	0.992488	0.122338	0.0368285	-0.122271	0.991813
1.23333	0.999303	0.00489599	-0.0370115	-0.000270968	0.992289	0.123947	0.0373329	-0.123851	0.991598
1.26667	0.99928	0.00593174	-0.0374647	-0.00115013	0.991981	0.126382	0.0379139	-0.126248	0.991274
1.3	0.999262	0.00679583	-0.0378018	-0.00192476	0.991846	0.12743	0.0383595	-0.127263	0.991127
1.33333	0.999246	0.00767259	-0.0380721	-0.00272994	0.991743	0.128214	0.0387415	-0.128013	0.991016
1.36667	0.99922	0.00908778	-0.0384181	-0.00401332	0.991486	0.130153	0.0392738	-0.129897	0.990749
1.4	0.999197	0.0103784	-0.0387036	-0.00513905	0.991091	0.13309	0.03974	-0.132784	0.990348
1.43333	0.999163	0.0118152	-0.0391683	-0.00642373	0.990822	0.135017	0.0404041	-0.134653	0.990069
1.46667	0.999123	0.0132873	-0.0397088	-0.00772193	0.99052	0.137153	0.0411547	-0.136726	0.989754
1.5	0.999073	0.014768	-0.0404249	-0.00896884	0.990105	0.140045	0.042093	-0.139553	0.98932
1.53333	0.999015	0.0160793	-0.0413488	-0.010064	0.989849	0.141769	0.0432086	-0.141213	0.989036
1.56667	0.998955	0.0173786	-0.0422603	-0.0111349	0.989555	0.143725	0.0443166	-0.143104	0.988715
1.6	0.998893	0.0181966	-0.0433785	-0.0117405	0.989408	0.144689	0.0455519	-0.14402	0.988526
1.63333	0.998826	0.0187946	-0.044654	-0.0121732	0.989477	0.144174	0.0468938	-0.143461	0.988544
1.66667	0.998767	0.0192161	-0.0457702	-0.0124215	0.989448	0.144355	0.0480612	-0.143609	0.988467
1.7	0.998714	0.0198609	-0.0466524	-0.0129534	0.9895	0.143951	0.0490216	-0.143162	0.988484
1.73333	0.998659	0.0202148	-0.0476589	-0.0131371	0.989433	0.144397	0.0500742	-0.143577	0.988372
1.76667	0.998613	0.0205022	-0.0484846	-0.0132399	0.989252	0.145619	0.050949	-0.144776	0.988152
1.8	0.998566	0.0209718	-0.0492656	-0.0135284	0.989069	0.146828	0.0518063	-0.145951	0.987934
1.83333	0.998533	0.0206318	-0.0500564	-0.0129768	0.988799	0.148691	0.0525634	-0.147824	0.987616
1.86667	0.998476	0.0207619	-0.0511272	-0.0129698	0.988862	0.14827	0.0536361	-0.147381	0.987624
1.9	0.998405	0.0202398	-0.0526995	-0.0123477	0.989209	0.145987	0.0550856	-0.145103	0.987882
1.93333	0.998358	0.0200146	-0.0536731	-0.0120949	0.989502	0.144009	0.0559919	-0.143123	0.98812
1.96667	0.998334	0.0199957	-0.0541227	-0.0119971	0.989467	0.144263	0.0564373	-0.143373	0.988058
2	0.998321	0.0203332	-0.0542434	-0.0124366	0.98977	0.142128	0.0565784	-0.141215	0.988361
2.03333	0.998307	0.0209064	-0.0542783	-0.0131193	0.990058	0.140046	0.0566665	-0.139097	0.988656
2.06667	0.998294	0.0216872	-0.054208	-0.0140217	0.990335	0.137982	0.0566765	-0.136987	0.98895
2.1	0.998283	0.0243416	-0.0532767	-0.0166318	0.989921	0.140643	0.0561632	-0.139515	0.988626
2.13333	0.998297	0.0271848	-0.0516174	-0.0193999	0.989133	0.145736	0.0550183	-0.144487	0.987976
2.16667	0.998303	0.0304024	-0.0496574	-0.022519	0.988088	0.152233	0.0536942	-0.150857	0.987096
2.2	0.998331	0.0325738	-0.0476904	-0.0246898	0.987218	0.15745	0.0522096	-0.156009	0.986375
2.23333	0.99839	0.0339903	-0.0454037	-0.0264261	0.987105	0.157881	0.0501846	-0.156427	0.986414
2.26667	0.998492	0.0339385	-0.043144	-0.0269309	0.987746	0.153727	0.0478326	-0.152333	0.987171
2.3	0.998646	0.0330595	-0.0401534	-0.0268687	0.988925	0.145967	0.0445342	-0.144691	0.988474
2.33333	0.998787	0.0318928	-0.0375106	-0.026563	0.990506	0.134876	0.041456	-0.133716	0.990152
2.36667	0.998884	0.0317441	-0.0349636	-0.0272028	0.991976	0.123469	0.0386025	-0.12238	0.991732
2.4	0.998915	0.0318925	-0.0339372	-0.0279963	0.993575	0.109662	0.0372165	-0.108593	0.993389
2.43333	0.99893	0.0309469	-0.0343579	-0.0276443	0.995305	0.0927542	0.037067	-0.0917052	0.995096
2.46667	0.998938	0.0295125	-0.0353796	-0.0266851	0.996605	0.0778842	0.0375581	-0.0768574	0.996334
2.5	0.998971	0.0278083	-0.0358268	-0.0253029	0.997325	0.068581	0.0376381	-0.0676039	0.997002
2.53333	0.999035	0.0270191	-0.0346311	-0.0246083	0.997365	0.0682435	0.0363837	-0.0673254	0.997067
2.56667	0.999133	0.0262179	-0.0323449	-0.0238133	0.997076	0.0726114	0.0341541	-0.0717782	0.996836
2.6	0.999244	0.0252661	-0.0295357	-0.0228331	0.996534	0.079994	0.0314545	-0.0792591	0.996358
2.63333	0.999372	0.0238662	-0.0261772	-0.0215192	0.996016	0.0865426	0.0281383	-0.0859249	0.995904
2.66667	0.999534	0.0212855	-0.0218758	-0.0190783	0.995143	0.0965783	0.0238252	-0.096116	0.995085
2.7	0.999686	0.0180626	-0.0173765	-0.0161615	0.994453	0.103934	0.0191574	-0.103621	0.994432
2.73333	0.999808	0.013823	-0.0139222	-0.0121872	0.9937	0.111407	0.0153744	-0.111215	0.993677
2.76667	0.999907	0.00744429	-0.0113913	-0.00604588	0.992969	0.118216	0.0121912	-0.118137	0.992923
2.8	0.999947	0.000753868	-0.0102886	0.000486084	0.992776	0.119985	0.0103047	-0.119984	0.992722
2.83333	0.999919	-0.006239	-0.0110922	0.00748693	0.993188	0.116282	0.0102912	-0.116356	0.993154
2.86667	0.999848	-0.0116043	-0.0130312	0.0129737	0.993796	0.110457	0.0116686	-0.110609	0.993795
2.9	0.999811	-0.0138226	-0.0136714	0.0152298	0.993942	0.108848	0.012084	-0.109035	0.993964
2.93333	0.999835	-0.0138021	-0.0118054	0.0149916	0.994097	0.10745	0.0102527	-0.107609	0.99414
2.96667	0.9999	-0.012127	-0.00731974	0.0128436	0.994127	0.107456	0.00597364	-0.107539	0.994183
3	0.999959	-0.00905836	0.000482324	0.00895351	0.994127	0.10785	-0.00145643	-0.107841	0.994167
3.03333	0.999922	-0.00789792	0.00970984	0.00674685	0.993533	0.11334	-0.0105422	-0.113266	0.993509
3.06667	0.999815	-0.00764645	0.0176311	0.00527902	0.99142	0.13061	-0.0184785	-0.130493	0.991277
3.1	0.999785	-0.00552004	0.0200013	0.00244924	0.98862	0.150415	-0.020604	-0.150334	0.988421
3.13333	0.999887	-0.0029992	0.0147379	0.000581767	0.986895	0.161365	-0.0150288	-0.161339	0.986785
3.16667	0.999982	-0.00464497	0.0036705	0.00403821	0.988551	0.150836	-0.0043291	-0.150819	0.988552
3.2	0.999903	-0.00657546	-0.0123127	0.00816137	0.99101	0.133539	0.011324	-0.133626	0.990967
3.23333	0.999506	-0.0058561	-0.0308712	0.00963348	0.992277	0.12367	0.0299086	-0.123906	0.991843
3.26667	0.998681	-0.00299892	-0.0512616	0.00942795	0.992031	0.12564	0.0504763	-0.125957	0.990751
3.3	0.997327	0.00136304	-0.0730481	0.00840864	0.991041	0.133296	0.0725753	-0.133554	0.988381
3.33333	0.995277	0.00371591	-0.097005	0.00953046	0.9907	0.135733	0.0966071	-0.136017	0.985985
3.36667	0.99236	0.00475898	-0.123284	0.0119535	0.990846	0.134467	0.122795	-0.134913	0.983219
3.4	0.988407	0.00225792	-0.15181	0.0163023	0.99253	0.120904	0.150949	-0.121977	0.980987
3.43333	0.983454	-0.00570573	-0.181069	0.0228581	0.995424	0.0927838	0.179711	-0.0953875	0.979084
3.46667	0.977883	-0.0186943	-0.208316	0.030077	0.998214	0.0516087	0.206979	-0.0567328	0.976699
3.5	0.972497	-0.0338057	-0.230449	0.0359594	0.99934	0.00515079	0.230123	-0.0132959	0.973071
3.53333	0.968198	-0.0466858	-0.24579	0.0388037	0.998568	-0.0368172	0.247157	0.0261088	0.968624
3.56667	0.965798	-0.0539823	-0.253613	0.0386027	0.997123	-0.0652356	0.256405	0.0532143	0.965104
3.6	0.965572	-0.0544618	-0.254373	0.0358685	0.996372	-0.0771724	0.257653	0.0653915	0.964022
3.63333	0.967106	-0.0500371	-0.249404	0.0313727	0.996439	-0.0782596	0.252432	0.0678609	0.965232
3.66667	0.969998	-0.0438635	-0.239123	0.0270186	0.996946	-0.0732745	0.241606	0.0646154	0.968221
3.7	0.973997	-0.0371708	-0.223492	0.0235122	0.997707	-0.0634688	0.225339	0.0565636	0.972637
3.73333	0.978752	-0.0298283	-0.202868	0.0205166	0.998644	-0.0478501	0.20402	0.0426712	0.978036
3.76667	0.984044	-0.0222139	-0.176533	0.0183008	0.99955	-0.0237638	0.176981	0.0201539	0.984008
3.8	0.989464	-0.0145789	-0.144045	0.0159423	0.999838	0.00831577	0.1439	-0.0105246	0.989536
3.83333	0.994415	-0.00814147	-0.105227	0.0133675	0.998707	0.0490555	0.104691	-0.0501881	0.993238
3.86667	0.998232	-0.00240757	-0.0593949	0.00823142	0.995152	0.0980046	0.058871	-0.0983202	0.993412
3.9	0.999898	0.00156387	-0.0142128	0.000529369	0.989271	0.146094	0.0142888	-0.146086	0.989169
3.93333	0.99967	0.000578458	0.0256796	-0.00528808	0.982965	0.183715	-0.0251358	-0.183791	0.982644
3.96667	0.998535	-0.00268285	0.0540507	-0.0077472	0.981397	0.191834	-0.0535599	-0.191972	0.979938
4	0.997278	-0.00210108	0.0737078	-0.0108613	0.984505	0.175018	-0.0729334	-0.175342	0.981802
4.03333	0.9962	0.0046421	0.0869669	-0.0168523	0.98998	0.1402	-0.0854447	-0.141132	0.986297
4.06667	0.995286	0.0204104	0.0948096	-0.0305847	0.993774	0.107133	-0.0920327	-0.109528	0.989714
4.1	0.994562	0.0379768	0.0969739	-0.0471285	0.994466	0.0938975	-0.0928713	-0.0979571	0.990848
4.13333	0.994652	0.0502302	0.0902424	-0.0582907	0.994322	0.0890265	-0.0852582	-0.0938107	0.991933
4.16667	0.995725	0.0537944	0.0750853	-0.0598622	0.994911	0.08105	-0.0703431	-0.0851983	0.993878
4.2	0.997322	0.0483095	0.0549002	-0.0516168	0.996832	0.0605126	-0.0518029	-0.0631844	0.996657
4.23333	0.998619	0.0377907	0.0365091	-0.0389406	0.998751	0.0313184	-0.03528	-0.0326968	0.998842
4.26667	0.9993	0.0296776	0.0227695	-0.0300133	0.999444	0.0145481	-0.022325	-0.0152213	0.999635
4.3	0.999535	0.0270313	0.0141383	-0.0272428	0.999517	0.0149849	-0.0137264	-0.0153631	0.999788
4.33333	0.999595	0.0273458	0.00790425	-0.0275307	0.999325	0.0243184	-0.00723391	-0.0245261	0.999673
4.36667	0.999682	0.0251314	0.00211698	-0.0251756	0.999386	0.0243766	-0.00150306	-0.0244222	0.999701
4.4	0.999773	0.0207928	-0.00462274	-0.0207213	0.999673	0.015015	0.00493343	-0.0149158	0.999877
4.43333	0.999798	0.0161544	-0.0119414	-0.0161491	0.999869	0.000543913	0.0119486	-0.00035096	0.999929
4.46667	0.999777	0.0134224	-0.0162902	-0.0134718	0.999905	-0.0029222	0.0162494	0.00314101	0.999863
4.5	0.999777	0.0112459	-0.0178948	-0.0112542	0.999937	-0.000363037	0.0178896	0.000564347	0.99984
4.53333	0.999823	0.00815514	-0.0169524	-0.00799483	0.999923	0.00950307	0.0170286	-0.00936585	0.999811
4.56667	0.999884	0.00417861	-0.0146505	-0.00378207	0.999629	0.0269909	0.0147578	-0.0269323	0.999528
4.6	0.999928	-0.000726047	-0.0119657	0.00124084	0.999071	0.0430709	0.0119234	-0.0430827	0.999
4.63333	0.999927	-0.00736871	-0.00961377	0.00786045	0.998608	0.0521563	0.00921607	-0.052228	0.998593
4.66667	0.999901	-0.0129092	-0.00561557	0.0132138	0.998224	0.0580963	0.00485562	-0.0581648	0.998295
4.7	0.999888	-0.0149524	9.84798e-05	0.014915	0.997811	0.0644195	-0.00106149	-0.0644108	0.997923
4.73333	0.999871	-0.0142527	0.00737264	0.0137367	0.997735	0.0658483	-0.00829446	-0.0657386	0.997802
4.76667	0.999753	-0.0099064	0.0199132	0.00816771	0.996298	0.0855734	-0.0206872	-0.0853896	0.996133
4.8	0.999455	-0.0101879	0.0314104	0.00728739	0.995814	0.0911111	-0.0322071	-0.0908325	0.995345
4.83333	0.99906	-0.0103476	0.0420982	0.00581349	0.994303	0.106433	-0.0429597	-0.106089	0.993428
4.86667	0.999082	-0.00762334	0.0421432	0.00239529	0.992436	0.122738	-0.0427601	-0.122525	0.991544
4.9	0.999276	-0.00631117	0.0375144	0.00143416	0.991691	0.128633	-0.0380146	-0.128487	0.990982
4.93333	0.99951	-0.00794256	0.0302888	0.00448727	0.993643	0.112484	-0.0309897	-0.112293	0.993192
4.96667	0.999757	-0.0114269	0.018865	0.00983586	0.996553	0.0823762	-0.0197413	-0.0821706	0.996423
5	0.999907	-0.00992778	0.00939773	0.0091333	0.996664	0.0811061	-0.0101716	-0.0810127	0.996661
5.03333	0.999988	-0.00477071	-0.0012626	0.00487453	0.994784	0.101885	0.000769952	-0.10189	0.994795
5.06667	0.999913	0.00249212	-0.0129878	-0.00071704	0.990856	0.134923	0.0132053	-0.134902	0.990771
5.1	0.999596	0.00814032	-0.0272328	-0.00365804	0.986987	0.160756	0.028187	-0.160592	0.986618
5.13333	0.998872	0.0102225	-0.0463769	-0.00230269	0.985835	0.167704	0.0474343	-0.167408	0.984746
5.16667	0.997478	0.00785845	-0.0705402	0.00307629	0.988131	0.153582	0.0709099	-0.153412	0.985615
5.2	0.995144	0.0017312	-0.0984131	0.01042	0.992374	0.122823	0.0978752	-0.123252	0.987537
5.23333	0.991968	-0.00672811	-0.126311	0.0176103	0.996205	0.085236	0.125259	-0.0867757	0.988322
5.26667	0.988239	-0.0157967	-0.152101	0.0230222	0.998682	0.0458618	0.151176	-0.0488241	0.9873
5.3	0.984538	-0.0233688	-0.173607	0.0263948	0.999537	0.0151418	0.173173	-0.01949	0.984699
5.33333	0.981317	-0.0292075	-0.19017	0.0283253	0.999572	-0.00735601	0.190303	0.00183196	0.981724
5.36667	0.979197	-0.0345456	-0.199949	0.0305077	0.999264	-0.0232416	0.200605	0.0166581	0.979531
5.4	0.978307	-0.038331	-0.203583	0.0326816	0.998984	-0.0310409	0.204566	0.0237141	0.978565
5.43333	0.978712	-0.0404406	-0.201214	0.0347512	0.998892	-0.0317295	0.202274	0.0240616	0.979033
5.46667	0.980452	-0.0408633	-0.192469	0.0366792	0.999008	-0.025254	0.19331	0.0177007	0.980978
5.5	0.983517	-0.0397585	-0.176388	0.0381599	0.999194	-0.012447	0.17674	0.00551091	0.984242
5.53333	0.987597	-0.0371011	-0.152562	0.0385556	0.999235	0.00658555	0.152201	-0.012386	0.988272
5.56667	0.992025	-0.0319809	-0.121916	0.03636	0.998765	0.0338646	0.120682	-0.0380274	0.991963
5.6	0.996163	-0.0230293	-0.0844363	0.0292878	0.996854	0.0736485	0.0824746	-0.0758388	0.993703
5.63333	0.999077	-0.0110016	-0.0415268	0.0162283	0.991679	0.127706	0.0397763	-0.128262	0.990942
5.66667	0.999988	-0.0027918	0.00390232	0.00200781	0.982141	0.188134	-0.00435786	-0.188124	0.982136
5.7	0.998802	0.000300792	0.0489401	-0.0124624	0.968581	0.248387	-0.0473278	-0.248699	0.967424
5.73333	0.996341	-7.09943e-05	0.0854692	-0.0236902	0.960589	0.276962	-0.0821204	-0.277973	0.957072
5.76667	0.993641	0.000215882	0.112594	-0.0301759	0.963926	0.264454	-0.108475	-0.26617	0.957803
5.8	0.991097	0.0060295	0.133007	-0.0365091	0.972991	0.227937	-0.128041	-0.230764	0.964548
5.83333	0.988838	0.0210565	0.1475	-0.050664	0.978492	0.199965	-0.140117	-0.205206	0.968637
5.86667	0.987004	0.0400245	0.155629	-0.0710359	0.977392	0.199147	-0.14414	-0.207614	0.967533
5.9	0.986443	0.0557683	0.154339	-0.0883929	0.972961	0.213388	-0.138266	-0.224137	0.964699
5.93333	0.987649	0.0651347	0.142502	-0.0968885	0.968649	0.228763	-0.123134	-0.239744	0.962996
5.96667	0.990285	0.0670027	0.121848	-0.0953665	0.964962	0.244444	-0.1012	-0.253689	0.961977
6	0.993454	0.0624802	0.0956303	-0.0847062	0.964599	0.249746	-0.0766407	-0.256212	0.963578
6.03333	0.996219	0.0531395	0.0687324	-0.0682286	0.968301	0.240288	-0.0537848	-0.244069	0.968265
6.06667	0.998169	0.0411247	0.0443475	-0.0498697	0.974499	0.218781	-0.0342193	-0.220592	0.974766
6.1	0.999269	0.029584	0.0242305	-0.0336867	0.980887	0.191638	-0.0180979	-0.192314	0.981167
6.13333	0.999755	0.0206094	0.00806413	-0.0216646	0.985811	0.166453	-0.0045192	-0.166587	0.986016
6.16667	0.999853	0.0159325	-0.00627459	-0.0147823	0.988062	0.153348	0.0086429	-0.153233	0.988152
6.2	0.999702	0.0158344	-0.0185812	-0.0128007	0.988093	0.153327	0.0207878	-0.153043	0.988001
6.23333	0.999393	0.0167098	-0.030574	-0.011781	0.987873	0.154817	0.0327902	-0.154363	0.98747
6.26667	0.999001	0.0162132	-0.0416459	-0.00966316	0.988192	0.152914	0.0436334	-0.152358	0.987362
6.3	0.998629	0.0135257	-0.0505783	-0.0059374	0.989078	0.147271	0.0520178	-0.146769	0.987802
6.33333	0.998343	0.00867669	-0.0568896	-0.000683303	0.990286	0.139045	0.0575434	-0.138776	0.988651
6.36667	0.998195	0.00236782	-0.0600016	0.00554347	0.991322	0.131342	0.0597919	-0.131438	0.98952
6.4	0.998168	-0.00532129	-0.0602763	0.0127872	0.992179	0.124163	0.0591442	-0.124706	0.990429
6.43333	0.998199	-0.0135874	-0.0584228	0.0204096	0.992826	0.117813	0.0564029	-0.118793	0.991316
6.46667	0.998266	-0.0226853	-0.0543234	0.0284429	0.993779	0.107676	0.0515428	-0.109035	0.992701
6.5	0.998328	-0.0320362	-0.0481157	0.0363508	0.995127	0.0916535	0.044945	-0.0932492	0.994628
6.53333	0.998294	-0.0417609	-0.0408006	0.0445482	0.996553	0.0699818	0.0377375	-0.07168	0.996714
6.56667	0.998242	-0.0497391	-0.0322402	0.0510969	0.997778	0.042754	0.0300421	-0.0443262	0.998565
6.6	0.998264	-0.0543782	-0.0226057	0.0548107	0.998316	0.0189733	0.0215359	-0.0201794	0.999564
6.63333	0.998403	-0.0551542	-0.0122565	0.0552083	0.998466	0.00411799	0.0120106	-0.00478807	0.999916
6.66667	0.998657	-0.0518024	-0.000911293	0.0518094	0.998591	0.0114598	0.000316364	-0.0114916	0.999934
6.7	0.999063	-0.0425439	0.00798304	0.0421884	0.998293	0.04039	-0.00968776	-0.0400153	0.999152
6.73333	0.999437	-0.0323133	0.00899515	0.0316413	0.997261	0.0668501	-0.0111307	-0.0665279	0.997722
6.76667	0.999693	-0.0237118	0.00714468	0.0230419	0.996321	0.0825455	-0.00907569	-0.0823555	0.996562
6.8	0.999828	-0.0181635	0.00365624	0.017758	0.995733	0.0905539	-0.00528542	-0.0904735	0.995885
6.83333	0.999906	-0.0136585	-0.00125312	0.0137155	0.995056	0.0983589	-9.65041e-05	-0.0983668	0.99515
6.86667	0.999936	-0.00775392	-0.00828321	0.00864186	0.993537	0.113181	0.00735208	-0.113245	0.99354
6.9	0.999842	-0.000372119	-0.0177895	0.0027094	0.991307	0.131543	0.0175859	-0.131571	0.991151
6.93333	0.999556	0.00843288	-0.0285934	-0.00382404	0.987502	0.157559	0.0295648	-0.157379	0.987096
6.96667	0.998982	0.0153401	-0.0424324	-0.00759304	0.984175	0.177036	0.0444767	-0.176534	0.983289
7	0.997976	0.0195728	-0.0605004	-0.00793461	0.982343	0.186919	0.0630907	-0.186061	0.98051
7.03333	0.996313	0.0209431	-0.0832024	-0.00537052	0.983072	0.183142	0.0856295	-0.182019	0.979559
7.06667	0.99368	0.0180343	-0.110796	0.000215369	0.986702	0.162538	0.112254	-0.161535	0.980462
7.1	0.990151	0.00947134	-0.139683	0.00800876	0.992244	0.12405	0.139775	-0.123947	0.982395
7.13333	0.985903	-0.00446486	-0.167256	0.0170245	0.997133	0.0737335	0.166448	-0.0755416	0.983152
7.16667	0.981806	-0.0179416	-0.189039	0.0235398	0.999347	0.0274101	0.188424	-0.0313614	0.981587
7.2	0.97856	-0.0279255	-0.204058	0.0274151	0.99961	-0.00532839	0.204127	-0.000380123	0.978944
7.23333	0.976635	-0.0334682	-0.212282	0.0290378	0.999291	-0.0239548	0.212933	0.017231	0.976915
7.26667	0.976147	-0.0357027	-0.214154	0.0296879	0.999071	-0.031238	0.21507	0.0241351	0.9763
7.3	0.977033	-0.0377375	-0.20972	0.0315328	0.998963	-0.0328521	0.210743	0.0254845	0.977209
7.33333	0.97917	-0.0388147	-0.199296	0.0339521	0.999038	-0.0277598	0.200182	0.020415	0.979546
7.36667	0.982367	-0.0392002	-0.182809	0.036835	0.999188	-0.0163171	0.183301	0.00929563	0.983013
7.4	0.98623	-0.0392032	-0.160668	0.0401506	0.99919	0.00265359	0.160434	-0.00906797	0.987005
7.43333	0.990427	-0.0366357	-0.133087	0.0415584	0.998544	0.0344001	0.131633	-0.0396016	0.990507
7.46667	0.99457	-0.030207	-0.0995908	0.038425	0.995919	0.0816611	0.0967176	-0.0850444	0.991672
7.5	0.997754	-0.0219259	-0.0632991	0.0303714	0.990283	0.13571	0.0597085	-0.137327	0.988724
7.53333	0.999587	-0.0144182	-0.0248549	0.0188121	0.982221	0.186785	0.0217199	-0.187175	0.982086
7.56667	0.999858	-0.00924969	0.0140664	0.00589595	0.975017	0.222054	-0.0157689	-0.221939	0.974933
7.6	0.998702	-0.00671574	0.0504859	-0.00547924	0.971348	0.2376	-0.050635	-0.237568	0.97005
7.63333	0.99658	-0.0045759	0.0825037	-0.0150154	0.971813	0.235274	-0.0812547	-0.235708	0.968421
7.66667	0.994185	-0.000491398	0.107685	-0.022891	0.976171	0.215792	-0.105225	-0.217002	0.970483
7.7	0.992087	0.00609451	0.125407	-0.0284459	0.983759	0.177225	-0.12229	-0.17939	0.976148
7.73333	0.99011	0.0157397	0.13941	-0.0359888	0.988931	0.143944	-0.135601	-0.147538	0.979717
7.76667	0.98851	0.0274447	0.148646	-0.0456869	0.991633	0.120736	-0.144089	-0.12614	0.981492
7.8	0.987369	0.0395605	0.153417	-0.0586971	0.990758	0.122286	-0.147161	-0.129747	0.980566
7.83333	0.987113	0.0507434	0.151767	-0.0725755	0.987207	0.141968	-0.142621	-0.151153	0.978168
7.86667	0.988266	0.0581762	0.141226	-0.081283	0.983138	0.163808	-0.129315	-0.173365	0.976331
7.9	0.990735	0.0597187	0.121977	-0.0815006	0.979871	0.182238	-0.108639	-0.190491	0.975659
7.93333	0.993839	0.0563221	0.0954598	-0.0742187	0.977839	0.195762	-0.0823185	-0.201641	0.975994
7.96667	0.996592	0.0488728	0.0664501	-0.0614801	0.977171	0.203363	-0.0549942	-0.206755	0.976846
8	0.998507	0.0381563	0.0390823	-0.0453395	0.978019	0.203524	-0.0304575	-0.204993	0.97829
8.03333	0.999458	0.0272463	0.0184582	-0.0302999	0.980734	0.192982	-0.0128446	-0.193437	0.981029
8.06667	0.999856	0.0166076	0.00339834	-0.016937	0.987058	0.159466	-0.000706012	-0.159501	0.987198
8.1	0.999902	0.0119709	-0.00724667	-0.0109541	0.991844	0.12699	0.00870774	-0.126898	0.991878
8.13333	0.999803	0.0143638	-0.0136726	-0.012726	0.993498	0.113138	0.0152087	-0.112942	0.993485
8.16667	0.999654	0.0192502	-0.0179226	-0.0171557	0.993732	0.110462	0.0199367	-0.110116	0.993719
8.2	0.999519	0.0212796	-0.0225749	-0.0187886	0.99426	0.105332	0.0246867	-0.104857	0.994181
8.23333	0.999446	0.0178903	-0.0280562	-0.0152001	0.995519	0.0933285	0.0296002	-0.0928504	0.99524
8.26667	0.999416	0.0103495	-0.0325648	-0.00763796	0.996577	0.0823138	0.0333053	-0.082017	0.996074
8.3	0.999377	0.000709052	-0.0352721	0.00203919	0.996965	0.0778186	0.0352202	-0.0778421	0.996343
8.33333	0.999283	-0.010655	-0.0363427	0.0134284	0.996945	0.0769427	0.0354118	-0.0773755	0.996373
8.36667	0.999073	-0.0227334	-0.0365506	0.0254754	0.996752	0.0763929	0.0346952	-0.0772532	0.996408
8.4	0.998812	-0.0333361	-0.0355466	0.0359562	0.996473	0.075816	0.0328938	-0.077004	0.996488
8.43333	0.99862	-0.0412094	-0.0325695	0.0435232	0.996319	0.0738547	0.0294061	-0.0751703	0.996737
8.46667	0.998553	-0.0463632	-0.0272442	0.0480753	0.996663	0.0659691	0.0240947	-0.0671834	0.99745
8.5	0.998547	-0.0503256	-0.0192637	0.051169	0.997624	0.046127	0.0168966	-0.0470456	0.99875
8.53333	0.998628	-0.0513141	-0.0104318	0.0515451	0.9984	0.0232336	0.00922291	-0.0237394	0.999676
8.56667	0.998892	-0.0470601	-0.000746651	0.047066	0.998761	0.0161747	-1.54568e-05	-0.0161919	0.999869
8.6	0.999134	-0.0402311	0.01066	0.0398486	0.998629	0.0339495	-0.0120112	-0.0334953	0.999367
8.63333	0.99945	-0.0290341	0.016044	0.0278881	0.997326	0.0675455	-0.0179622	-0.0670609	0.997587
8.66667	0.999774	-0.0161341	0.0138528	0.0146579	0.994804	0.100752	-0.0154064	-0.100527	0.994815
8.7	0.999947	-0.00657339	0.00795161	0.00556809	0.992706	0.120434	-0.00868527	-0.120383	0.99269
8.73333	0.999999	-0.00122344	-0.000687918	0.00129889	0.992377	0.123231	0.000531908	-0.123232	0.992378
8.76667	0.999925	0.00191591	-0.0121327	-0.000479928	0.9931	0.11727	0.0122737	-0.117255	0.993026
8.8	0.999704	0.00683667	-0.0233404	-0.00397717	0.992714	0.120429	0.0239937	-0.120301	0.992448
8.83333	0.999299	0.0122792	-0.0353749	-0.00760056	0.991553	0.129478	0.036666	-0.129118	0.990951
8.86667	0.998676	0.0158125	-0.0489493	-0.00900639	0.990632	0.136262	0.0506454	-0.13564	0.989463
8.9	0.997748	0.0178262	-0.0646631	-0.00856704	0.99001	0.140735	0.0665259	-0.139864	0.987933
8.93333	0.996355	0.0186815	-0.0832364	-0.00661857	0.989714	0.142906	0.0850499	-0.141834	0.98623
8.96667	0.994377	0.0181157	-0.104336	-0.00318384	0.989928	0.141537	0.105849	-0.140409	0.984419
9	0.991764	0.0145725	-0.127248	0.00234226	0.991277	0.131777	0.128058	-0.13099	0.983078
9.03333	0.988615	0.00678173	-0.150314	0.00989065	0.993894	0.109892	0.150142	-0.110128	0.982512
9.06667	0.98515	-0.00418054	-0.171644	0.0178876	0.996762	0.0783887	0.170761	-0.080295	0.982035
9.1	0.981998	-0.0162276	-0.188192	0.0250396	0.998694	0.0445423	0.187223	-0.0484527	0.981122
9.13333	0.979458	-0.0293806	-0.199499	0.0318531	0.99945	0.00919461	0.199119	-0.0153604	0.979855
9.16667	0.978406	-0.0382048	-0.203131	0.0364039	0.999258	-0.0125964	0.203462	0.00492959	0.979071
9.2	0.978782	-0.043588	-0.200214	0.0394053	0.998915	-0.0248306	0.201079	0.0164142	0.979438
9.23333	0.980367	-0.0467123	-0.191568	0.0419146	0.9987	-0.0290233	0.192675	0.020424	0.98105
9.26667	0.982895	-0.0473703	-0.17797	0.0439003	0.998762	-0.0233876	0.178857	0.0151746	0.983758
9.3	0.986227	-0.0457255	-0.158952	0.0453305	0.998953	-0.00611157	0.159065	-0.00117797	0.987267
9.33333	0.989902	-0.0424302	-0.135253	0.0457822	0.998714	0.0217685	0.134156	-0.0277409	0.990572
9.36667	0.993508	-0.0372509	-0.107488	0.0439386	0.997198	0.0605357	0.104932	-0.0648656	0.992362
9.4	0.996555	-0.0325051	-0.0762995	0.0403347	0.993819	0.103429	0.0724659	-0.10615	0.991706
9.43333	0.998595	-0.0291655	-0.0442521	0.0350071	0.989873	0.137569	0.0397917	-0.138924	0.989503
9.46667	0.999518	-0.0279627	-0.0135074	0.0297108	0.98763	0.153962	0.0090351	-0.154289	0.987984
9.5	0.99957	-0.0248331	0.0155773	0.0221104	0.987575	0.155588	-0.0192475	-0.155177	0.987699
9.53333	0.998853	-0.0169908	0.044772	0.00973189	0.987452	0.157618	-0.0468883	-0.157001	0.986485
9.56667	0.997271	-0.00526754	0.073639	-0.00699539	0.986221	0.165283	-0.073495	-0.165347	0.983493
9.6	0.995058	0.00562421	0.0991375	-0.0232515	0.983834	0.177564	-0.0965363	-0.178992	0.979103
9.63333	0.992683	0.0144267	0.119887	-0.0371081	0.98124	0.189183	-0.114908	-0.192248	0.974596
9.66667	0.990965	0.0210902	0.132456	-0.0456364	0.981655	0.185123	-0.126122	-0.189496	0.973748
9.7	0.990062	0.0259431	0.138221	-0.0481602	0.985956	0.159909	-0.132131	-0.164977	0.977407
9.73333	0.989604	0.0300202	0.140652	-0.0487527	0.990091	0.131695	-0.135305	-0.137183	0.981261
9.76667	0.989292	0.0370708	0.141162	-0.055372	0.990226	0.128013	-0.135037	-0.134459	0.981675
9.8	0.989223	0.0474066	0.138527	-0.0690848	0.985316	0.156142	-0.129091	-0.164029	0.977972
9.83333	0.989889	0.05647	0.130119	-0.0815548	0.977132	0.196371	-0.116054	-0.204997	0.971858
9.86667	0.991762	0.0606759	0.112811	-0.0851165	0.970307	0.226407	-0.0957236	-0.234144	0.967478
9.9	0.994443	0.0609188	0.0858649	-0.0801489	0.966896	0.242256	-0.0682645	-0.247792	0.966405
9.93333	0.997172	0.0571113	0.0488576	-0.0676499	0.965256	0.252396	-0.0327455	-0.254987	0.96639
9.96667	0.998781	0.0491553	0.00440883	-0.0486817	0.966583	0.25169	0.0081104	-0.251598	0.967798
10	0.998349	0.0346718	-0.0457933	-0.024001	0.976138	0.21582	0.0521834	-0.214365	0.975359
10.0333	0.99556	0.0104287	-0.0935467	0.00233483	0.990801	0.135304	0.0940973	-0.134922	0.986378
10.0667	0.992158	-0.00611697	-0.124841	0.0157362	0.996967	0.0762124	0.123996	-0.0775793	0.989245
10.1	0.989818	-0.00976179	-0.142004	0.0172075	0.998535	0.0513003	0.141295	-0.0532215	0.988536
10.1333	0.987951	-0.00242173	-0.154749	0.00957825	0.998918	0.0455172	0.154471	-0.046451	0.986905
10.1667	0.986956	0.010892	-0.16062	-0.00392009	0.999039	0.0436593	0.160941	-0.0424602	0.98605
10.2	0.986795	0.0280284	-0.159531	-0.0209153	0.998718	0.0460932	0.160618	-0.0421479	0.986116
10.2333	0.987021	0.0400428	-0.155521	-0.0346702	0.99871	0.0371068	0.156806	-0.0312333	0.987135
10.2667	0.9877	0.0441813	-0.149986	-0.042367	0.998985	0.0152713	0.150509	-0.00872903	0.98857
10.3	0.988956	0.041457	-0.142294	-0.0435997	0.998977	-0.011972	0.141652	0.0180438	0.989752
10.3333	0.991068	0.0358125	-0.128457	-0.0399181	0.998767	-0.0295292	0.127241	0.0343932	0.991275
10.3667	0.993732	0.0279384	-0.108238	-0.0318464	0.998896	-0.0345463	0.107153	0.0377768	0.993525
10.4	0.996349	0.0179056	-0.0834755	-0.020075	0.99948	-0.0252219	0.0829805	0.0268056	0.996191
10.4333	0.998492	0.00712526	-0.0544369	-0.00709436	0.999975	0.000760723	0.0544409	-0.00037338	0.998517
10.4667	0.999742	-0.00378151	-0.0223774	0.00470937	0.999125	0.041558	0.0222006	-0.0416527	0.998885
10.5	0.999846	-0.0145974	0.0097054	0.013677	0.995942	0.0889517	-0.0109645	-0.0888053	0.995989
10.5333	0.998891	-0.027057	0.0385216	0.0222281	0.992442	0.120686	-0.0414958	-0.119696	0.991943
10.5667	0.996931	-0.0522096	0.0583361	0.0486675	0.996977	0.060574	-0.0613222	-0.057549	0.996458
10.6	0.994505	-0.0700273	0.0778177	0.0720533	0.997123	-0.0235368	-0.0759456	0.0290145	0.99669
10.6333	0.993309	-0.0692676	0.0924044	0.0741114	0.995993	-0.0500571	-0.0885668	0.0565704	0.994463
10.6667	0.993128	-0.0570393	0.10219	0.0584949	0.998224	-0.0113019	-0.101364	0.0172019	0.994701
10.7	0.993478	-0.04032	0.106653	0.0323773	0.996644	0.0751833	-0.109327	-0.0712399	0.99145
10.7333	0.994117	-0.0162164	0.107093	-0.00373672	0.983006	0.183537	-0.10825	-0.182858	0.977162
10.7667	0.994299	0.00902292	0.106241	-0.0400408	0.955082	0.293625	-0.0988193	-0.296205	0.949999
10.8	0.9939	0.0318567	0.105587	-0.0679649	0.9309	0.358897	-0.0868577	-0.363883	0.927386
10.8333	0.996019	0.0395873	0.0798646	-0.0622827	0.950047	0.305829	-0.0637682	-0.309586	0.948731
10.8667	0.997991	0.0428124	0.0466914	-0.0525843	0.97088	0.233724	-0.0353254	-0.23571	0.971181
10.9	0.998823	0.047585	0.00935557	-0.0484954	0.980949	0.188117	-0.000225773	-0.18835	0.982102
10.9333	0.997955	0.0583492	-0.026112	-0.052549	0.981395	0.184671	0.0364016	-0.182921	0.982453
10.9667	0.99544	0.0744414	-0.0596513	-0.0607322	0.976775	0.205481	0.0735622	-0.200922	0.976841
11	0.991511	0.0897643	-0.0940633	-0.0670971	0.97292	0.221191	0.111371	-0.213002	0.970684
11.0333	0.986309	0.0986375	-0.132157	-0.0679993	0.973355	0.21899	0.150236	-0.207005	0.966736
11.0667	0.980074	0.100741	-0.171189	-0.0646607	0.976711	0.204584	0.187812	-0.189438	0.963763
