0	0.931037	-0.364924	0	0.364924	0.931037	0	0	0	1
0.0333333	0.953348	-0.28799	-0.0904977	0.285986	0.957607	-0.0346652	0.0966444	0.00716687	0.995293
0.0666667	0.969643	-0.101137	-0.22263	0.0896839	0.994101	-0.0609935	0.227486	0.0391755	0.972993
0.1	0.943865	0.0684249	-0.323167	-0.0929385	0.9938	-0.0610233	0.316988	0.0876324	0.944372
0.133333	0.896376	0.202257	-0.394465	-0.23999	0.969578	-0.0482099	0.372714	0.137882	0.917646
0.166667	0.845095	0.29976	-0.442673	-0.348949	0.936597	-0.0319451	0.40503	0.181467	0.896114
0.2	0.799476	0.368182	-0.474637	-0.4265	0.90433	-0.016893	0.423009	0.215938	0.880019
0.233333	0.76303	0.415321	-0.495272	-0.480533	0.876963	-0.00492565	0.432289	0.241753	0.868724
0.266667	0.735391	0.447578	-0.508797	-0.517838	0.855469	0.00408029	0.437086	0.260474	0.860877
0.3	0.71565	0.469435	-0.51718	-0.543288	0.839485	0.0102078	0.438957	0.273672	0.855816
0.333333	0.701792	0.484262	-0.522473	-0.560639	0.827936	0.0143286	0.439513	0.282863	0.852535
0.366667	0.691676	0.494934	-0.525952	-0.573176	0.819253	0.017158	0.439379	0.289595	0.850341
0.4	0.684555	0.501895	-0.528665	-0.581362	0.813413	0.019434	0.439777	0.294042	0.848608
0.433333	0.67983	0.506587	-0.530283	-0.586895	0.809395	0.0208191	0.439755	0.297067	0.847565
0.466667	0.676495	0.510088	-0.531193	-0.591037	0.806355	0.0216088	0.439352	0.299336	0.846976
0.5	0.674133	0.512479	-0.531893	-0.593866	0.804257	0.0222236	0.439168	0.300892	0.84652
0.533333	0.67185	0.514695	-0.532642	-0.596486	0.802297	0.0228852	0.439116	0.302338	0.846031
0.566667	0.670337	0.515978	-0.533306	-0.597995	0.801156	0.0234762	0.439374	0.303177	0.845597
0.6	0.669311	0.51635	-0.534234	-0.598407	0.800824	0.0243048	0.440377	0.303422	0.844987
0.633333	0.668973	0.516154	-0.534846	-0.59815	0.800999	0.0248522	0.441238	0.303293	0.844584
0.666667	0.668761	0.516466	-0.53481	-0.598525	0.800719	0.0248196	0.441051	0.303499	0.844608
0.7	0.668421	0.517332	-0.534397	-0.599577	0.799943	0.0244503	0.440136	0.304069	0.84488
0.733333	0.667823	0.518121	-0.534381	-0.600522	0.799235	0.0244353	0.439756	0.304589	0.844891
0.766667	0.667486	0.518547	-0.534389	-0.601031	0.798852	0.0244427	0.439572	0.304869	0.844885
0.8	0.667187	0.518693	-0.53462	-0.601198	0.79872	0.024651	0.439798	0.304966	0.844733
0.833333	0.666731	0.518757	-0.535128	-0.601255	0.798663	0.0251087	0.440412	0.305008	0.844398
0.866667	0.666472	0.518525	-0.535675	-0.600957	0.798872	0.0256019	0.441211	0.304854	0.844036
0.9	0.666002	0.518838	-0.535956	-0.601321	0.798589	0.0258551	0.441423	0.305062	0.84385
0.933333	0.665857	0.518793	-0.536179	-0.601259	0.798629	0.026057	0.441727	0.305032	0.843702
0.966667	0.666015	0.518527	-0.536241	-0.600937	0.79887	0.0261131	0.441928	0.304855	0.843661
1	0.665801	0.518741	-0.5363	-0.601191	0.798677	0.0261657	0.441903	0.304998	0.843622
1.03333	0.666307	0.51844	-0.535962	-0.600844	0.798948	0.0258608	0.441613	0.304798	0.843846
1.06667	0.666268	0.518176	-0.536266	-0.600515	0.799187	0.0261348	0.442119	0.304623	0.843645
1.1	0.666193	0.517964	-0.536563	-0.600249	0.799377	0.0264032	0.442593	0.304482	0.843447
1.13333	0.665535	0.518417	-0.536942	-0.600778	0.798968	0.0267446	0.442865	0.304784	0.843195
1.16667	0.665267	0.518414	-0.537278	-0.60076	0.798972	0.027048	0.443292	0.304781	0.842971
1.2	0.6649	0.518558	-0.537592	-0.600921	0.798841	0.0273316	0.443624	0.304878	0.842762
1.23333	0.664689	0.518547	-0.537864	-0.600896	0.798851	0.0275773	0.443973	0.30487	0.84258
1.26667	0.664695	0.518818	-0.537594	-0.601233	0.798606	0.0273336	0.443507	0.305051	0.84276
1.3	0.664789	0.51895	-0.537351	-0.601401	0.798487	0.0271136	0.443139	0.305139	0.842923
1.33333	0.664737	0.519238	-0.537137	-0.601757	0.798226	0.02692	0.442735	0.305331	0.843065
1.36667	0.664555	0.519891	-0.536731	-0.602556	0.797635	0.0265522	0.44192	0.305765	0.843335
1.4	0.664307	0.520536	-0.536412	-0.603343	0.797049	0.0262627	0.441218	0.306194	0.843547
1.43333	0.663855	0.521309	-0.536221	-0.604278	0.796346	0.0260887	0.440618	0.306707	0.843674
1.46667	0.663477	0.522006	-0.536011	-0.605122	0.795711	0.0258973	0.440028	0.30717	0.843814
1.5	0.663144	0.52267	-0.535776	-0.605927	0.795105	0.025683	0.439422	0.30761	0.843969
1.53333	0.663098	0.523287	-0.535231	-0.606688	0.794541	0.0251842	0.438441	0.308019	0.844331
1.56667	0.662719	0.524096	-0.534909	-0.607669	0.7938	0.0248893	0.437655	0.308553	0.844543
1.6	0.662623	0.524542	-0.534591	-0.608215	0.793391	0.0245979	0.437042	0.308847	0.844753
1.63333	0.662308	0.524655	-0.53487	-0.60834	0.793287	0.0248537	0.437345	0.308922	0.844569
1.66667	0.661877	0.525004	-0.535061	-0.608751	0.792967	0.02503	0.437427	0.309152	0.844442
1.7	0.661332	0.52492	-0.535816	-0.608622	0.793043	0.0257245	0.438429	0.309097	0.843943
1.73333	0.661055	0.525021	-0.536059	-0.608733	0.792951	0.0259478	0.438691	0.309164	0.843782
1.76667	0.660604	0.525513	-0.536133	-0.609321	0.792497	0.0260161	0.438556	0.309491	0.843733
1.8	0.66008	0.526002	-0.536299	-0.609901	0.792046	0.0261692	0.438538	0.309815	0.843622
1.83333	0.659672	0.526359	-0.536451	-0.610323	0.791716	0.0263095	0.438565	0.310053	0.843521
1.86667	0.65911	0.526867	-0.536643	-0.610925	0.791245	0.0264875	0.438571	0.31039	0.843394
1.9	0.658763	0.526968	-0.53697	-0.611033	0.791152	0.0267911	0.438943	0.310457	0.843176
1.93333	0.658508	0.526743	-0.537503	-0.610741	0.79136	0.027285	0.439731	0.310308	0.84282
1.96667	0.658016	0.526684	-0.538163	-0.610642	0.791415	0.0278973	0.440603	0.310268	0.842379
2	0.657744	0.525828	-0.539331	-0.609561	0.792209	0.0289805	0.442502	0.309693	0.841595
2.03333	0.657619	0.524803	-0.540481	-0.608275	0.793158	0.0300453	0.444454	0.309003	0.84082
2.06667	0.657053	0.524348	-0.541609	-0.607673	0.793578	0.0310886	0.44611	0.308694	0.840055
2.1	0.656054	0.524521	-0.542651	-0.607832	0.793418	0.0320532	0.447362	0.308812	0.839346
2.13333	0.655822	0.52437	-0.543078	-0.607628	0.793558	0.0324484	0.447979	0.308709	0.839055
2.16667	0.655921	0.524491	-0.542841	-0.607787	0.793446	0.0322291	0.447619	0.308792	0.839217
2.2	0.656141	0.524898	-0.542182	-0.60831	0.793069	0.031618	0.446584	0.309069	0.839666
2.23333	0.655642	0.525516	-0.542186	-0.609057	0.792496	0.0316224	0.446298	0.30949	0.839663
2.26667	0.654952	0.525104	-0.543419	-0.608498	0.792878	0.0327676	0.448072	0.309208	0.838822
2.3	0.653442	0.52441	-0.545901	-0.607528	0.793524	0.0350743	0.451578	0.308731	0.837115
2.33333	0.650005	0.524839	-0.549579	-0.607843	0.793123	0.0385048	0.456093	0.309029	0.834554
2.36667	0.643543	0.52663	-0.555439	-0.609662	0.791438	0.0440218	0.462779	0.3103	0.830391
2.4	0.634334	0.530296	-0.5625	-0.613668	0.78793	0.0507837	0.470141	0.312974	0.825236
2.43333	0.624092	0.534657	-0.569782	-0.618482	0.783662	0.0579172	0.477482	0.316254	0.819752
2.46667	0.615272	0.537805	-0.576374	-0.621802	0.780512	0.0645173	0.484564	0.318695	0.814635
2.5	0.612138	0.538599	-0.578963	-0.622534	0.779707	0.0671431	0.487585	0.319323	0.812585
2.53333	0.612713	0.537873	-0.57903	-0.621601	0.780445	0.0672111	0.488052	0.318745	0.812531
2.56667	0.615059	0.536527	-0.57779	-0.620024	0.781806	0.065957	0.487107	0.317676	0.813516
2.6	0.62107	0.533053	-0.574567	-0.615955	0.78528	0.062734	0.484636	0.314945	0.81605
2.63333	0.629857	0.527975	-0.569669	-0.610031	0.790256	0.0579335	0.480772	0.311026	0.81983
2.66667	0.638834	0.523497	-0.563775	-0.60495	0.794545	0.0522882	0.475317	0.307652	0.824272
2.7	0.646581	0.520071	-0.558084	-0.601146	0.797759	0.046949	0.469633	0.305134	0.828455
2.73333	0.654995	0.516663	-0.5514	-0.59741	0.800898	0.0407932	0.462691	0.302692	0.833243
2.76667	0.663869	0.513241	-0.543932	-0.593671	0.803987	0.0340479	0.454789	0.300313	0.838438
2.8	0.672908	0.509738	-0.536062	-0.589809	0.807089	0.0270791	0.446453	0.297952	0.843744
2.83333	0.681151	0.506885	-0.5283	-0.586676	0.809566	0.0203328	0.438	0.296091	0.848815
2.86667	0.687799	0.504384	-0.522043	-0.583876	0.811705	0.0149814	0.431301	0.294504	0.852788
2.9	0.692521	0.502329	-0.517765	-0.581538	0.81344	0.0113693	0.426882	0.293227	0.855447
2.93333	0.694734	0.501634	-0.515469	-0.580758	0.814021	0.00944529	0.424341	0.292801	0.856856
2.96667	0.695875	0.502433	-0.513146	-0.58172	0.813354	0.00750462	0.42114	0.293285	0.858268
3	0.694767	0.506659	-0.510485	-0.586677	0.809804	0.00527003	0.416063	0.295828	0.859871
3.03333	0.697052	0.507717	-0.506302	-0.587929	0.808911	0.00174115	0.410437	0.296456	0.862355
3.06667	0.705585	0.503412	-0.498725	-0.582935	0.812506	-0.00458258	0.40291	0.293958	0.866748
3.1	0.714083	0.498498	-0.491513	-0.57722	0.816521	-0.0104745	0.39611	0.291191	0.870807
3.13333	0.718398	0.496968	-0.486751	-0.575392	0.817752	-0.0143066	0.390932	0.290351	0.873424
3.16667	0.72043	0.496743	-0.483971	-0.575077	0.817932	-0.0165305	0.387644	0.29023	0.874928
3.2	0.724057	0.492365	-0.483031	-0.570086	0.821403	-0.0172764	0.388257	0.287878	0.875433
3.23333	0.73034	0.480382	-0.485629	-0.556533	0.830686	-0.0152619	0.396074	0.281415	0.874032
3.26667	0.73841	0.462944	-0.49034	-0.536739	0.843667	-0.0117526	0.408243	0.271863	0.871452
3.3	0.74757	0.444116	-0.493863	-0.515238	0.856997	-0.00925508	0.419129	0.261376	0.86949
3.33333	0.758872	0.42635	-0.49228	-0.494863	0.86891	-0.0103156	0.423349	0.251439	0.870376
3.36667	0.768516	0.411327	-0.490095	-0.477645	0.878475	-0.011707	0.42572	0.243088	0.871591
3.4	0.77459	0.399032	-0.490697	-0.463596	0.885974	-0.01134	0.43022	0.236269	0.871257
3.43333	0.775383	0.389636	-0.496956	-0.452896	0.891531	-0.00763766	0.440075	0.230991	0.867742
3.46667	0.770959	0.381671	-0.509852	-0.443751	0.89615	-0.00015495	0.456845	0.226367	0.860262
3.5	0.762098	0.374361	-0.528262	-0.435058	0.900342	0.0104049	0.479512	0.221895	0.849018
3.53333	0.750275	0.366903	-0.549972	-0.425678	0.904588	0.0227664	0.505852	0.21703	0.834873
3.56667	0.736888	0.359846	-0.572282	-0.4162	0.908584	0.0353968	0.532704	0.2121	0.819293
3.6	0.725287	0.352733	-0.591217	-0.406289	0.912584	0.0460445	0.555777	0.206809	0.805197
3.63333	0.715952	0.347332	-0.605618	-0.398441	0.915598	0.0540806	0.573287	0.202584	0.793915
3.66667	0.709754	0.344473	-0.614482	-0.394065	0.917187	0.0590046	0.58392	0.200267	0.786721
3.7	0.708098	0.343998	-0.616655	-0.393268	0.91745	0.0602104	0.586462	0.199876	0.784928
3.73333	0.711063	0.346341	-0.611912	-0.396688	0.916146	0.0575724	0.580541	0.201801	0.788827
3.76667	0.718682	0.351026	-0.60023	-0.403569	0.913525	0.0510366	0.56624	0.205555	0.798197
3.8	0.732238	0.357379	-0.579748	-0.412828	0.909952	0.0395162	0.541664	0.210401	0.813837
3.83333	0.750135	0.365537	-0.551072	-0.42403	0.905347	0.0233326	0.50744	0.216168	0.834132
3.86667	0.767919	0.376652	-0.518106	-0.437847	0.899038	0.00462067	0.467537	0.223303	0.855304
3.9	0.783293	0.390347	-0.48382	-0.453419	0.89117	-0.0150753	0.425281	0.231181	0.875038
3.93333	0.793661	0.407029	-0.45214	-0.471192	0.881388	-0.0336535	0.384813	0.239754	0.891312
3.96667	0.793448	0.436851	-0.423794	-0.502459	0.863093	-0.0510425	0.343476	0.253439	0.904319
4	0.778927	0.476097	-0.408173	-0.543769	0.836984	-0.0614213	0.312392	0.269794	0.910836
4.03333	0.756803	0.515163	-0.402315	-0.585128	0.808275	-0.0657019	0.291334	0.285129	0.913141
4.06667	0.732008	0.544935	-0.408913	-0.617529	0.784229	-0.0603613	0.287788	0.2967	0.910575
4.1	0.705847	0.567055	-0.424534	-0.642524	0.764843	-0.0466752	0.298235	0.305719	0.904208
4.13333	0.67757	0.584988	-0.445744	-0.663257	0.747917	-0.0266544	0.317787	0.313703	0.894764
4.16667	0.653165	0.597631	-0.464988	-0.677833	0.73518	-0.00724855	0.337518	0.319919	0.885287
4.2	0.634481	0.607728	-0.4776	-0.689285	0.724464	0.00615274	0.349743	0.325299	0.878556
4.23333	0.617722	0.616159	-0.488638	-0.698759	0.715121	0.0183977	0.360771	0.330075	0.872293
4.26667	0.599064	0.621813	-0.504451	-0.704657	0.708602	0.0366401	0.380238	0.333515	0.862662
4.3	0.581113	0.623597	-0.52291	-0.705308	0.706467	0.0586853	0.406015	0.33471	0.850365
4.33333	0.564878	0.622194	-0.542022	-0.701234	0.708185	0.082131	0.434953	0.33369	0.836341
4.36667	0.554417	0.618922	-0.556379	-0.694747	0.712264	0.100033	0.458201	0.331083	0.824885
4.4	0.552553	0.613617	-0.564056	-0.686434	0.718883	0.109613	0.472751	0.32662	0.818429
4.43333	0.558626	0.606768	-0.565481	-0.677237	0.727288	0.111362	0.478839	0.320756	0.817208
4.46667	0.568337	0.597523	-0.565649	-0.665181	0.738301	0.111561	0.48428	0.312855	0.817065
4.5	0.579536	0.587399	-0.56489	-0.652203	0.749919	0.110688	0.488639	0.304276	0.817709
4.53333	0.592394	0.577035	-0.562227	-0.639336	0.76134	0.107752	0.490223	0.295621	0.819933
4.56667	0.606585	0.567312	-0.556966	-0.627827	0.771616	0.10219	0.487738	0.287691	0.824224
4.6	0.620955	0.559364	-0.549115	-0.619038	0.779689	0.0942149	0.480839	0.28142	0.830419
4.63333	0.635191	0.553028	-0.539159	-0.612559	0.785901	0.0844535	0.470431	0.276622	0.837959
4.66667	0.647955	0.548727	-0.528254	-0.608622	0.789995	0.074077	0.457966	0.273508	0.845849
4.7	0.658772	0.546178	-0.517406	-0.606679	0.792367	0.0639928	0.444927	0.271742	0.853344
4.73333	0.666563	0.546384	-0.507108	-0.607844	0.79218	0.054561	0.431532	0.271874	0.860154
4.76667	0.66486	0.550684	-0.504687	-0.613141	0.788237	0.0523419	0.426637	0.274645	0.861714
4.8	0.665545	0.552905	-0.501345	-0.616025	0.786186	0.0492552	0.421384	0.276059	0.863844
4.83333	0.673184	0.550838	-0.493357	-0.614137	0.788085	0.0419167	0.411897	0.274771	0.868816
4.86667	0.680971	0.550789	-0.482608	-0.614669	0.78813	0.0321625	0.398072	0.274742	0.875246
4.9	0.682088	0.555624	-0.475434	-0.62055	0.783747	0.0256582	0.386876	0.277529	0.879377
4.93333	0.679477	0.562144	-0.471492	-0.628166	0.777767	0.0220418	0.379102	0.281199	0.881595
4.96667	0.683482	0.561111	-0.466913	-0.627121	0.778718	0.0178211	0.373593	0.280631	0.884124
5	0.691449	0.551957	-0.466092	-0.616719	0.786998	0.017078	0.37624	0.275639	0.884572
5.03333	0.703034	0.536371	-0.466958	-0.598951	0.800587	0.0178347	0.383406	0.267146	0.8841
5.06667	0.715753	0.518418	-0.467911	-0.578476	0.815487	0.0186297	0.391233	0.257341	0.883579
5.1	0.728545	0.502102	-0.465957	-0.559952	0.828349	0.0170945	0.394558	0.24846	0.884642
5.13333	0.73939	0.489505	-0.462262	-0.545733	0.837837	0.0143128	0.394307	0.241689	0.886628
5.16667	0.746153	0.480427	-0.460919	-0.535477	0.844444	0.0133347	0.395627	0.236862	0.887342
5.2	0.748069	0.473162	-0.465306	-0.527153	0.849611	0.0164565	0.403116	0.232977	0.884997
5.23333	0.745414	0.465946	-0.47671	-0.518603	0.854666	0.0244459	0.418818	0.229001	0.878721
5.26667	0.739469	0.457446	-0.493891	-0.50808	0.860543	0.0363297	0.441633	0.224072	0.868765
5.3	0.729726	0.448879	-0.51576	-0.496704	0.866403	0.0512889	0.469878	0.218753	0.855197
5.33333	0.717874	0.440693	-0.538931	-0.484979	0.871955	0.0670034	0.499451	0.21327	0.839681
5.36667	0.706365	0.433055	-0.559921	-0.473416	0.877095	0.0811275	0.526236	0.20777	0.824565
5.4	0.696853	0.426024	-0.576975	-0.462495	0.881784	0.0924997	0.548174	0.202389	0.811507
5.43333	0.690191	0.420058	-0.589226	-0.453189	0.885721	0.100585	0.564142	0.197608	0.801683
5.46667	0.686855	0.415561	-0.596271	-0.446345	0.888658	0.105183	0.573591	0.193897	0.795862
5.5	0.68722	0.413032	-0.597606	-0.442866	0.890294	0.106046	0.575846	0.191783	0.794746
5.53333	0.69124	0.412666	-0.593206	-0.44306	0.89053	0.10322	0.570863	0.191476	0.798406
5.56667	0.699175	0.414679	-0.582405	-0.447181	0.889243	0.0963107	0.557838	0.193103	0.807173
5.6	0.711164	0.417684	-0.565497	-0.45314	0.887327	0.0855261	0.537503	0.195426	0.820304
5.63333	0.726537	0.422019	-0.542258	-0.461001	0.884574	0.0707657	0.509532	0.198568	0.837226
5.66667	0.745113	0.4281	-0.511406	-0.470844	0.880727	0.0512444	0.472347	0.20261	0.85781
5.7	0.757499	0.443177	-0.479363	-0.490166	0.871086	0.0307578	0.431198	0.211669	0.877077
5.73333	0.755652	0.473983	-0.452029	-0.525995	0.850397	0.0123985	0.390281	0.228396	0.891917
5.76667	0.73975	0.517136	-0.430511	-0.574283	0.818649	-0.00342107	0.350668	0.249766	0.902579
5.8	0.717407	0.558568	-0.416328	-0.61968	0.784711	-0.0150105	0.318313	0.268759	0.909091
5.83333	0.69465	0.588392	-0.413832	-0.652198	0.757853	-0.0172404	0.30348	0.281876	0.91019
5.86667	0.671561	0.60858	-0.422654	-0.674473	0.738248	-0.00867695	0.306743	0.290896	0.90625
5.9	0.651242	0.621784	-0.43505	-0.689122	0.724634	0.00409416	0.317797	0.297136	0.900397
5.93333	0.639567	0.628524	-0.442619	-0.696555	0.717399	0.0122195	0.325215	0.300494	0.896626
5.96667	0.635727	0.630725	-0.445014	-0.698977	0.71499	0.0148397	0.32754	0.30162	0.895401
6	0.632806	0.632866	-0.446136	-0.701359	0.712627	0.0160781	0.328104	0.302727	0.894821
6.03333	0.623819	0.638151	-0.451235	-0.707174	0.706704	0.0217952	0.332798	0.305506	0.892139
6.06667	0.60867	0.646865	-0.459442	-0.716741	0.696638	0.0312812	0.340299	0.310261	0.887657
6.1	0.592788	0.655347	-0.468104	-0.725977	0.686454	0.0416897	0.348653	0.31512	0.882689
6.13333	0.583694	0.658087	-0.475629	-0.728572	0.683069	0.0509961	0.358447	0.316764	0.878167
6.16667	0.580571	0.655387	-0.483121	-0.724679	0.686439	0.0603485	0.371185	0.315071	0.873471
6.2	0.583327	0.647112	-0.490893	-0.713975	0.696667	0.069955	0.387258	0.309679	0.868407
6.23333	0.590342	0.635197	-0.498017	-0.698784	0.711009	0.0785307	0.403977	0.301646	0.863604
6.26667	0.598162	0.622743	-0.504375	-0.68285	0.725488	0.0859245	0.419427	0.293016	0.859199
6.3	0.606296	0.610246	-0.509907	-0.666831	0.739493	0.0921257	0.433292	0.284166	0.855282
6.33333	0.613836	0.598703	-0.514549	-0.652	0.75197	0.0971439	0.445085	0.275855	0.851941
6.36667	0.621889	0.587492	-0.517791	-0.637731	0.763671	0.100528	0.454481	0.267694	0.84958
6.4	0.629114	0.577846	-0.519913	-0.625535	0.773411	0.102671	0.461435	0.260632	0.848026
6.43333	0.634909	0.570372	-0.52112	-0.616148	0.780753	0.103856	0.466103	0.255148	0.847141
6.46667	0.639244	0.565873	-0.520726	-0.610684	0.785085	0.103475	0.467368	0.251853	0.84743
6.5	0.64127	0.565482	-0.518655	-0.610536	0.785457	0.101499	0.464777	0.251569	0.848938
6.53333	0.641909	0.568399	-0.51466	-0.614722	0.782671	0.0976841	0.458333	0.253668	0.851812
6.56667	0.641711	0.574269	-0.508353	-0.622784	0.777013	0.0916038	0.447602	0.257811	0.856263
6.6	0.641739	0.580717	-0.500939	-0.631577	0.77071	0.0843563	0.435066	0.262247	0.861362
6.63333	0.643513	0.585126	-0.493476	-0.637787	0.766356	0.0769851	0.423224	0.265192	0.866346
6.66667	0.654879	0.580492	-0.483903	-0.633366	0.770893	0.0676148	0.412287	0.262209	0.872505
6.7	0.671787	0.57053	-0.472437	-0.622789	0.780328	0.0567671	0.401043	0.256093	0.879534
6.73333	0.68257	0.565046	-0.463488	-0.617143	0.78535	0.0485791	0.39145	0.25288	0.884771
6.76667	0.685116	0.564895	-0.459902	-0.617215	0.785487	0.0453432	0.386861	0.252793	0.886811
6.8	0.687114	0.564404	-0.457518	-0.616807	0.785928	0.0431992	0.383958	0.252517	0.888151
6.83333	0.694254	0.558864	-0.453522	-0.610722	0.790852	0.0396496	0.380828	0.249449	0.890362
6.86667	0.70521	0.548287	-0.44951	-0.598916	0.799994	0.036183	0.379444	0.243702	0.892542
6.9	0.717986	0.535281	-0.444939	-0.584415	0.810808	0.0323842	0.378095	0.236777	0.894975
6.93333	0.732096	0.519433	-0.44071	-0.566732	0.823391	0.0290304	0.377956	0.228511	0.89718
6.96667	0.746653	0.503085	-0.435218	-0.548589	0.835722	0.0248902	0.376243	0.220171	0.899981
7	0.759877	0.487738	-0.429766	-0.531617	0.846725	0.0209816	0.374127	0.212527	0.902697
7.03333	0.769547	0.475092	-0.426715	-0.517622	0.855401	0.0188883	0.373986	0.206342	0.904189
7.06667	0.774175	0.465393	-0.429025	-0.506774	0.861837	0.0204215	0.379254	0.201609	0.903062
7.1	0.772851	0.458432	-0.438796	-0.498698	0.866362	0.0267749	0.39243	0.198134	0.898188
7.13333	0.765481	0.453369	-0.456612	-0.492229	0.869625	0.0382574	0.414426	0.195472	0.888843
7.16667	0.753959	0.447744	-0.480698	-0.484315	0.873241	0.0537428	0.443829	0.19229	0.875238
7.2	0.740384	0.441673	-0.506711	-0.475043	0.877139	0.0704439	0.475569	0.188554	0.859233
7.23333	0.726374	0.43574	-0.531519	-0.465282	0.880941	0.0863437	0.50586	0.184588	0.842634
7.26667	0.714289	0.42979	-0.552333	-0.455305	0.884742	0.0996379	0.531496	0.18031	0.827647
7.3	0.7049	0.425004	-0.56788	-0.44704	0.887784	0.109518	0.5507	0.176666	0.815793
7.33333	0.6996	0.421033	-0.577313	-0.440505	0.890293	0.115476	0.562596	0.173522	0.808316
7.36667	0.698317	0.418838	-0.580455	-0.437184	0.89167	0.117447	0.566766	0.17175	0.805778
7.4	0.70155	0.418561	-0.576745	-0.437446	0.891844	0.11513	0.562555	0.171526	0.808771
7.43333	0.709973	0.419359	-0.565753	-0.440191	0.891349	0.1083	0.5497	0.172149	0.817432
7.46667	0.722571	0.421491	-0.547938	-0.445392	0.890033	0.0972985	0.528693	0.173742	0.830841
7.5	0.737825	0.425779	-0.523762	-0.453578	0.887396	0.082431	0.499882	0.176747	0.847867
7.53333	0.752006	0.434063	-0.49606	-0.466159	0.882285	0.0653404	0.466028	0.182107	0.865826
7.56667	0.761804	0.448027	-0.467896	-0.484455	0.873517	0.0476597	0.430068	0.190367	0.882498
7.6	0.767471	0.46638	-0.439862	-0.506691	0.861623	0.0294946	0.392751	0.200238	0.897581
7.63333	0.765705	0.49132	-0.415091	-0.535126	0.844677	0.0126678	0.356842	0.212427	0.909692
7.66667	0.753968	0.523714	-0.396556	-0.570775	0.821106	-0.000809681	0.32519	0.226954	0.91801
7.7	0.735319	0.558298	-0.384199	-0.608174	0.793733	-0.010572	0.299049	0.241433	0.92319
7.73333	0.711567	0.592063	-0.378329	-0.644424	0.764508	-0.0156331	0.27998	0.254929	0.925539
7.76667	0.687701	0.619692	-0.378219	-0.674095	0.738477	-0.0157247	0.269561	0.265769	0.925583
7.8	0.666496	0.639739	-0.382776	-0.695749	0.718199	-0.0111148	0.267799	0.273724	0.923774
7.83333	0.648517	0.653662	-0.390066	-0.710882	0.703303	-0.00332393	0.272162	0.279446	0.920781
7.86667	0.635353	0.66168	-0.398128	-0.719598	0.694368	0.0056539	0.280188	0.2829	0.917312
7.9	0.628431	0.664112	-0.405006	-0.72216	0.691594	0.0135011	0.289066	0.283995	0.914214
7.93333	0.626239	0.661803	-0.412118	-0.719408	0.694249	0.0216785	0.300459	0.282905	0.910873
7.96667	0.624405	0.656125	-0.423813	-0.712542	0.700752	0.0350766	0.320003	0.280083	0.90507
8	0.605785	0.660478	-0.443614	-0.715982	0.695699	0.0580738	0.346978	0.282439	0.894335
8.03333	0.573853	0.674078	-0.465093	-0.729231	0.679042	0.0844044	0.372713	0.290724	0.881229
8.06667	0.551442	0.682521	-0.479663	-0.736897	0.668049	0.10341	0.391018	0.296438	0.871338
8.1	0.544549	0.681813	-0.488465	-0.734274	0.669002	0.11523	0.405349	0.295919	0.864942
8.13333	0.54696	0.674761	-0.495512	-0.724021	0.678423	0.124644	0.420272	0.290586	0.859611
8.16667	0.553144	0.665172	-0.501575	-0.710668	0.690928	0.132549	0.43472	0.283135	0.854899
8.2	0.561238	0.654853	-0.506142	-0.696642	0.703959	0.138316	0.44688	0.274972	0.851287
8.23333	0.572457	0.643515	-0.508116	-0.681939	0.717746	0.140715	0.455251	0.265951	0.849716
8.26667	0.587713	0.630862	-0.506564	-0.666498	0.732451	0.138908	0.458665	0.255986	0.850939
8.3	0.605595	0.61763	-0.501785	-0.651187	0.747061	0.133626	0.457395	0.245833	0.854609
8.33333	0.623513	0.605611	-0.494436	-0.638009	0.759665	0.125912	0.451859	0.236947	0.860046
8.36667	0.638952	0.59608	-0.48624	-0.628049	0.769223	0.117688	0.444179	0.230186	0.865864
8.4	0.650916	0.589606	-0.478197	-0.621717	0.775495	0.109893	0.435633	0.225772	0.87135
8.43333	0.659206	0.586614	-0.470459	-0.619423	0.778329	0.102562	0.426336	0.223803	0.876441
8.46667	0.665672	0.586379	-0.461563	-0.620468	0.778549	0.0942373	0.414608	0.223654	0.882088
8.5	0.670583	0.589058	-0.45092	-0.625007	0.776052	0.0843179	0.399606	0.225286	0.888573
8.53333	0.672953	0.593689	-0.441211	-0.631496	0.77172	0.0752371	0.385159	0.227992	0.894244
8.56667	0.675034	0.594892	-0.436386	-0.633394	0.770592	0.07071	0.37834	0.228672	0.896977
8.6	0.684845	0.586531	-0.432399	-0.624273	0.778326	0.0670254	0.37586	0.224033	0.899188
8.63333	0.697256	0.576451	-0.426073	-0.613439	0.787354	0.0613669	0.370845	0.218581	0.902605
8.66667	0.702952	0.571836	-0.422921	-0.608505	0.791382	0.0586198	0.368213	0.216143	0.904269
8.7	0.704447	0.571167	-0.421334	-0.607882	0.791961	0.0572489	0.366379	0.215793	0.905097
8.73333	0.707866	0.568922	-0.418632	-0.605576	0.793889	0.0549271	0.363597	0.214632	0.906494
8.76667	0.715074	0.561958	-0.415779	-0.597992	0.79978	0.0525137	0.362042	0.211081	0.907948
8.8	0.722453	0.551602	-0.41689	-0.586325	0.808312	0.0534291	0.366448	0.205833	0.907385
8.83333	0.731862	0.536625	-0.420014	-0.569319	0.820213	0.0559124	0.374505	0.198202	0.905793
8.86667	0.741657	0.521371	-0.42204	-0.552061	0.831822	0.057454	0.381017	0.190381	0.904755
8.9	0.752291	0.506513	-0.421311	-0.535464	0.842637	0.0569225	0.383844	0.182775	0.905128
8.93333	0.762814	0.493199	-0.418175	-0.520804	0.85192	0.0547355	0.383247	0.176034	0.906716
8.96667	0.771645	0.481761	-0.415295	-0.508248	0.85959	0.0528044	0.382423	0.170327	0.908153
9	0.777068	0.472194	-0.416171	-0.49753	0.865803	0.0533737	0.385525	0.165583	0.907719
9.03333	0.777286	0.464592	-0.424241	-0.488456	0.870626	0.0584928	0.39653	0.161757	0.903658
9.06667	0.771753	0.458625	-0.440523	-0.480398	0.874357	0.0686756	0.416671	0.158626	0.895111
9.1	0.761128	0.453656	-0.463552	-0.472442	0.877446	0.0829888	0.44439	0.155836	0.882175
9.13333	0.747061	0.450169	-0.489129	-0.465296	0.879614	0.098891	0.474762	0.153712	0.866587
9.16667	0.732404	0.445606	-0.514801	-0.456154	0.882455	0.114876	0.505478	0.150693	0.849578
9.2	0.718894	0.440715	-0.537551	-0.446376	0.885496	0.129018	0.53286	0.1472	0.833302
9.23333	0.707897	0.436855	-0.555013	-0.438292	0.887888	0.139839	0.553878	0.144266	0.820004
9.26667	0.701061	0.434667	-0.565312	-0.433445	0.889241	0.146207	0.56625	0.142532	0.811816
9.3	0.700047	0.433645	-0.56735	-0.431721	0.889872	0.147464	0.568816	0.141705	0.810165
9.33333	0.705512	0.43385	-0.560382	-0.433419	0.889746	0.143177	0.560715	0.141867	0.815765
9.36667	0.715893	0.436257	-0.545139	-0.439397	0.888269	0.133823	0.542612	0.143729	0.827596
9.4	0.728894	0.44097	-0.523698	-0.448955	0.885372	0.120646	0.516869	0.147178	0.843318
9.43333	0.743074	0.448447	-0.496725	-0.462039	0.880746	0.103957	0.484108	0.152258	0.861659
9.46667	0.756209	0.457776	-0.467534	-0.476656	0.874904	0.0856813	0.448271	0.15806	0.879813
9.5	0.766948	0.469228	-0.437739	-0.492737	0.867617	0.0667201	0.411096	0.164519	0.896623
9.53333	0.770835	0.482765	-0.415634	-0.509644	0.858794	0.0523147	0.382199	0.171499	0.908026
9.56667	0.76742	0.49885	-0.40276	-0.528292	0.847941	0.0436328	0.363283	0.17929	0.914265
9.6	0.762765	0.514042	-0.392366	-0.545565	0.83728	0.0363415	0.347201	0.186341	0.919091
9.63333	0.756155	0.531977	-0.38109	-0.565661	0.824159	0.0280929	0.329024	0.194326	0.924111
9.66667	0.742499	0.559575	-0.3682	-0.596019	0.802766	0.0181001	0.305707	0.206015	0.92957
9.7	0.721675	0.593979	-0.35549	-0.633285	0.773883	0.00743571	0.279525	0.219761	0.93465
9.73333	0.700184	0.624771	-0.345548	-0.666232	0.745743	-0.00164061	0.256665	0.231364	0.9384
9.76667	0.684579	0.644743	-0.340085	-0.687427	0.72622	-0.00697751	0.242478	0.23856	0.940369
9.8	0.675547	0.654261	-0.339968	-0.697523	0.716527	-0.00710139	0.23895	0.241933	0.94041
9.83333	0.672167	0.655963	-0.343373	-0.699358	0.714762	-0.00357593	0.243084	0.242544	0.939192
9.86667	0.6743	0.651276	-0.34808	-0.694373	0.719614	0.00129886	0.251329	0.240821	0.937464
9.9	0.680477	0.642667	-0.352036	-0.68515	0.728382	0.00533487	0.259845	0.237568	0.935971
9.93333	0.68934	0.63131	-0.355328	-0.672942	0.739645	0.00861025	0.268252	0.233179	0.934702
9.96667	0.698756	0.618363	-0.359678	-0.658957	0.752072	0.0127989	0.278418	0.228069	0.932989
10	0.704916	0.603527	-0.372624	-0.642561	0.765833	0.0248214	0.300348	0.221937	0.92765
10.0333	0.703158	0.587039	-0.401191	-0.62291	0.78066	0.0505331	0.342859	0.214373	0.914599
10.0667	0.704274	0.5659	-0.428667	-0.596734	0.798985	0.0743724	0.384586	0.203422	0.900396
10.1	0.70916	0.543065	-0.449636	-0.568146	0.817807	0.0916655	0.417496	0.190453	0.888496
10.1333	0.709893	0.525556	-0.468874	-0.545104	0.831543	0.106761	0.445998	0.179797	0.876789
10.1667	0.701878	0.514339	-0.49277	-0.527904	0.840067	0.124918	0.47821	0.172458	0.861146
10.2	0.691901	0.505075	-0.515918	-0.512258	0.84698	0.142186	0.508787	0.165905	0.844755
10.2333	0.682052	0.499638	-0.53401	-0.501618	0.850992	0.155537	0.532151	0.161785	0.831048
10.2667	0.672574	0.498019	-0.547377	-0.496412	0.852186	0.165391	0.548835	0.160487	0.82038
10.3	0.665488	0.500875	-0.553399	-0.498534	0.850063	0.169874	0.555509	0.162839	0.81541
10.3333	0.663355	0.504281	-0.552865	-0.50302	0.847496	0.169473	0.554013	0.165682	0.815855
10.3667	0.66667	0.508701	-0.54477	-0.510669	0.844127	0.163299	0.542926	0.16933	0.822532
10.4	0.675959	0.514043	-0.528052	-0.521282	0.840019	0.150441	0.520907	0.173572	0.83578
10.4333	0.691325	0.519369	-0.502321	-0.533106	0.83591	0.130586	0.487717	0.177513	0.854764
10.4667	0.710863	0.523615	-0.469575	-0.543676	0.832647	0.105431	0.446196	0.180349	0.876575
10.5	0.732249	0.526053	-0.432527	-0.551174	0.830799	0.0773319	0.400024	0.181772	0.898298
10.5333	0.752128	0.529802	-0.391936	-0.558754	0.828001	0.0470034	0.349426	0.183643	0.918791
10.5667	0.769812	0.54257	-0.336166	-0.574487	0.818495	0.00548385	0.278125	0.188901	0.941787
10.6	0.781507	0.554306	-0.286343	-0.585959	0.809718	-0.031778	0.214242	0.19262	0.9576
10.6333	0.787986	0.555744	-0.265005	-0.58636	0.808644	-0.0477159	0.187776	0.192988	0.963066
10.6667	0.805101	0.533129	-0.259973	-0.562857	0.824958	-0.0513427	0.187094	0.187663	0.96425
10.7	0.826099	0.498882	-0.262065	-0.527866	0.847858	-0.0499421	0.197279	0.179592	0.963757
10.7333	0.835682	0.476354	-0.273354	-0.50532	0.861863	-0.0429285	0.215144	0.174006	0.960955
10.7667	0.828781	0.474167	-0.297133	-0.50408	0.863186	-0.0285298	0.242953	0.173424	0.95441
10.8	0.811347	0.490003	-0.318769	-0.521234	0.853282	-0.0150286	0.264636	0.178346	0.947713
10.8333	0.804011	0.501324	-0.319751	-0.533159	0.845893	-0.0143824	0.263265	0.182042	0.947392
10.8667	0.80544	0.500994	-0.316656	-0.532753	0.846111	-0.0164355	0.259692	0.181938	0.948398
10.9	0.809698	0.492987	-0.31836	-0.524372	0.851351	-0.0153219	0.263483	0.179345	0.947846
10.9333	0.81223	0.480996	-0.330039	-0.511893	0.859013	-0.00785528	0.279729	0.175325	0.943935
10.9667	0.8124	0.466289	-0.350114	-0.496296	0.868141	0.00460905	0.306098	0.170016	0.936696
11	0.812924	0.449363	-0.370443	-0.477838	0.878287	0.0168004	0.332905	0.163355	0.928703
11.0333	0.812212	0.434577	-0.389171	-0.461264	0.886832	0.0276291	0.357137	0.15707	0.920751
11.0667	0.806071	0.423311	-0.413591	-0.447828	0.893163	0.0413551	0.38691	0.151882	0.909523
