0	1	0	0	0	1	0	0	0	1
0.0333333	0.999722	0.0219793	-0.00856103	-0.0231928	0.982094	-0.18696	0.00429848	0.187107	0.98233
0.0666667	0.999738	0.0210397	-0.00898084	-0.0223363	0.982566	-0.184569	0.00494099	0.184721	0.982779
0.1	0.999728	0.0214441	-0.00919271	-0.0227725	0.982569	-0.1845	0.00507603	0.184659	0.982789
0.133333	0.999706	0.0223213	-0.00945274	-0.0236891	0.982317	-0.185719	0.0051401	0.185888	0.982557
0.166667	0.99968	0.0233238	-0.00979731	-0.0247433	0.982112	-0.186664	0.00526835	0.186847	0.982375
0.2	0.999665	0.0238715	-0.0100068	-0.0253109	0.982431	-0.184901	0.00541709	0.185092	0.982706
0.233333	0.999656	0.0242067	-0.0101156	-0.0256417	0.983043	-0.181572	0.00554876	0.181769	0.983326
0.266667	0.999653	0.0243069	-0.0101872	-0.0257293	0.983803	-0.177394	0.00571034	0.177595	0.984087
0.3	0.999657	0.0241474	-0.0101588	-0.0255375	0.984709	-0.172323	0.00584228	0.172523	0.984988
0.333333	0.999671	0.0235484	-0.0102022	-0.0249139	0.98587	-0.165651	0.00615722	0.16585	0.986132
0.366667	0.99969	0.0227197	-0.0102314	-0.0240589	0.986971	-0.15909	0.00648361	0.159287	0.987211
0.4	0.999716	0.0215473	-0.0101994	-0.0228454	0.988175	-0.151616	0.00681189	0.151806	0.988387
0.433333	0.999745	0.0201131	-0.0102977	-0.0213753	0.989579	-0.142397	0.00732635	0.142581	0.989756
0.466667	0.999781	0.0182472	-0.0102929	-0.0194398	0.991181	-0.131081	0.0078103	0.131252	0.991318
0.5	0.99981	0.0165238	-0.0102982	-0.0176438	0.992576	-0.120341	0.00823321	0.1205	0.992679
0.533333	0.999841	0.0146692	-0.0101203	-0.0156791	0.994001	-0.108237	0.00847186	0.108379	0.994074
0.566667	0.999877	0.0123374	-0.0096321	-0.0131823	0.995557	-0.0932361	0.00843901	0.0933517	0.995597
0.6	0.999912	0.00982099	-0.00886831	-0.0104713	0.997012	-0.0765348	0.00809016	0.0766209	0.997027
0.633333	0.999943	0.00703031	-0.00802282	-0.00749015	0.998241	-0.0588053	0.0075953	0.058862	0.998237
0.666667	0.99997	0.00372471	-0.0068522	-0.00398378	0.999263	-0.0381911	0.0067049	0.0382172	0.999247
0.7	0.999984	-0.000140951	-0.00570593	5.83394e-05	0.999895	-0.0144758	0.00570737	0.0144752	0.999879
0.733333	0.999978	-0.00454926	-0.00478365	0.00460957	0.999909	0.0126732	0.00472556	-0.0126949	0.999908
0.766667	0.999944	-0.00981912	-0.00385768	0.00997853	0.998993	0.0437417	0.00342429	-0.0437778	0.999035
0.8	0.999866	-0.0160455	-0.00325069	0.0162543	0.996657	0.0800634	0.00195517	-0.0801055	0.996784
0.833333	0.999733	-0.0229318	-0.00294507	0.0231194	0.992554	0.119588	0.000180777	-0.119624	0.992819
0.866667	0.999525	-0.0306546	-0.00302688	0.0307353	0.985941	0.164245	-0.00205053	-0.16426	0.986415
0.9	0.999226	-0.0391853	-0.00341692	0.0390148	0.976329	0.212744	-0.00500039	-0.212712	0.977102
0.933333	0.998831	-0.0481403	-0.00429535	0.0475645	0.963318	0.264115	-0.00857682	-0.264011	0.964482
0.966667	0.99834	-0.0573194	-0.00571283	0.0561632	0.946541	0.317656	-0.0128004	-0.317449	0.948189
1	0.997722	-0.0669888	-0.00790514	0.0650837	0.925243	0.373751	-0.0177229	-0.373414	0.927495
1.03333	0.996952	-0.0772291	-0.0110553	0.0743612	0.897789	0.434103	-0.0236001	-0.433602	0.900795
1.06667	0.995969	-0.088328	-0.0156366	0.0843254	0.862504	0.498976	-0.0305869	-0.498283	0.866475
1.1	0.994778	-0.0998049	-0.0213514	0.0943853	0.819985	0.564549	-0.038837	-0.563617	0.825123
1.13333	0.993344	-0.11153	-0.0287768	0.104581	0.768612	0.631109	-0.0482695	-0.629918	0.77516
1.16667	0.991671	-0.123102	-0.0378687	0.114481	0.707791	0.697083	-0.059009	-0.695613	0.715989
1.2	0.989736	-0.134405	-0.0485673	0.123837	0.636968	0.760878	-0.0713299	-0.759083	0.647075
1.23333	0.987546	-0.145084	-0.0608626	0.132368	0.557063	0.819853	-0.0850431	-0.817699	0.56933
1.26667	0.985108	-0.154903	-0.0746193	0.139683	0.467949	0.872647	-0.100257	-0.870074	0.482617
1.3	0.982603	-0.16273	-0.0895001	0.145046	0.371453	0.917052	-0.115986	-0.91408	0.388594
1.33333	0.979888	-0.169416	-0.105442	0.149058	0.270113	0.951221	-0.132671	-0.947807	0.289933
1.36667	0.977166	-0.173998	-0.121951	0.150986	0.164784	0.974705	-0.149501	-0.970861	0.187293
1.4	0.974625	-0.175981	-0.138339	0.150695	0.0588379	0.986828	-0.165523	-0.982634	0.0838643
1.43333	0.97283	-0.175627	-0.150851	0.148984	-0.0238482	0.988552	-0.177214	-0.984168	0.00296529
1.46667	0.971168	-0.173541	-0.163449	0.146921	-0.104241	0.98364	-0.18774	-0.979294	-0.0757384
1.5	0.969926	-0.169041	-0.175123	0.143782	-0.182618	0.972614	-0.196392	-0.968543	-0.152821
1.53333	0.969229	-0.16199	-0.185349	0.139406	-0.259368	0.955664	-0.202882	-0.952096	-0.228804
1.56667	0.968918	-0.154325	-0.193344	0.133743	-0.330715	0.934206	-0.208113	-0.931027	-0.299795
1.6	0.969152	-0.145521	-0.198917	0.127237	-0.395808	0.909476	-0.211081	-0.90673	-0.365082
1.63333	0.969402	-0.137629	-0.203267	0.120773	-0.453501	0.883035	-0.213713	-0.880565	-0.423003
1.66667	0.969655	-0.13046	-0.206761	0.114596	-0.50452	0.855761	-0.215958	-0.853487	-0.47426
1.7	0.969914	-0.124208	-0.209379	0.10904	-0.547319	0.829791	-0.217664	-0.827656	-0.517308
1.73333	0.970335	-0.118597	-0.210676	0.103965	-0.582033	0.806492	-0.218268	-0.804471	-0.552437
1.76667	0.970804	-0.113535	-0.211303	0.100157	-0.608572	0.787152	-0.217962	-0.785334	-0.579433
1.8	0.971289	-0.110176	-0.210851	0.0976332	-0.623618	0.775608	-0.216944	-0.773926	-0.594957
1.83333	0.971805	-0.10729	-0.20996	0.0964519	-0.631669	0.769215	-0.215155	-0.767778	-0.603511
1.86667	0.97234	-0.104248	-0.209016	0.0953335	-0.639807	0.7626	-0.213229	-0.761433	-0.612171
1.9	0.97274	-0.101256	-0.208625	0.0956318	-0.644423	0.758666	-0.211262	-0.757936	-0.617172
1.93333	0.972981	-0.0979572	-0.209074	0.0977909	-0.645457	0.757511	-0.209152	-0.757489	-0.618438
1.96667	0.973031	-0.0952597	-0.210085	0.0982296	-0.652929	0.751022	-0.208713	-0.751405	-0.625963
2	0.972902	-0.0952821	-0.210673	0.0985612	-0.653316	0.750642	-0.209159	-0.751065	-0.626221
2.03333	0.972125	-0.096867	-0.213518	0.0977558	-0.660287	0.744624	-0.213113	-0.74474	-0.632412
2.06667	0.971393	-0.0975271	-0.216529	0.0974644	-0.667727	0.737998	-0.216557	-0.73799	-0.63912
2.1	0.971533	-0.0941373	-0.217399	0.0967842	-0.679874	0.726914	-0.216234	-0.727262	-0.651409
2.13333	0.972502	-0.0887091	-0.215338	0.09677	-0.687107	0.720083	-0.211838	-0.721121	-0.659628
2.16667	0.973237	-0.0837381	-0.214003	0.097807	-0.691751	0.715482	-0.20795	-0.717264	-0.665048
2.2	0.973916	-0.0804143	-0.212181	0.0981606	-0.69376	0.713486	-0.204577	-0.715703	-0.66777
2.23333	0.97511	-0.078225	-0.207464	0.0970049	-0.690878	0.716434	-0.199376	-0.718727	-0.666094
2.26667	0.976908	-0.0746766	-0.200186	0.0964208	-0.682018	0.724951	-0.190667	-0.727512	-0.659069
2.3	0.978724	-0.070353	-0.192743	0.09706	-0.66888	0.737006	-0.180772	-0.740033	-0.647821
2.33333	0.980314	-0.0654494	-0.186283	0.0986744	-0.6548	0.749334	-0.171021	-0.752963	-0.635451
2.36667	0.981288	-0.0621551	-0.182236	0.100633	-0.641344	0.760625	-0.164152	-0.764732	-0.623089
2.4	0.982011	-0.0610392	-0.178688	0.101426	-0.627694	0.771824	-0.159273	-0.776063	-0.610211
2.43333	0.983221	-0.0588873	-0.172654	0.101383	-0.610436	0.785551	-0.151653	-0.789874	-0.594223
2.46667	0.985305	-0.0534933	-0.162211	0.10124	-0.581978	0.806878	-0.137566	-0.811443	-0.568011
2.5	0.987196	-0.0446264	-0.15314	0.104463	-0.544658	0.832127	-0.120544	-0.83747	-0.533023
2.53333	0.988407	-0.0367723	-0.147304	0.108867	-0.504604	0.856459	-0.105824	-0.862567	-0.494751
2.56667	0.988977	-0.0358815	-0.143653	0.110855	-0.463734	0.879012	-0.0981572	-0.885248	-0.454645
2.6	0.989397	-0.0374729	-0.140319	0.111139	-0.426618	0.897578	-0.0934975	-0.903655	-0.417929
2.63333	0.989913	-0.0382538	-0.136418	0.110727	-0.391813	0.913358	-0.0883897	-0.919249	-0.383624
2.66667	0.990395	-0.0377944	-0.133001	0.110661	-0.36004	0.92635	-0.0828966	-0.932171	-0.3524
2.7	0.990854	-0.0374287	-0.129647	0.109914	-0.333499	0.936321	-0.0782824	-0.942007	-0.326335
2.73333	0.991175	-0.0391092	-0.126661	0.10862	-0.308101	0.945133	-0.0759877	-0.950549	-0.301134
2.76667	0.991416	-0.0435018	-0.123293	0.105973	-0.28493	0.952672	-0.0765729	-0.957561	-0.277874
2.8	0.991194	-0.0506751	-0.12234	0.104634	-0.266516	0.958134	-0.0811591	-0.962497	-0.258867
2.83333	0.990438	-0.0584163	-0.124977	0.105332	-0.264819	0.958528	-0.08909	-0.962527	-0.256134
2.86667	0.989093	-0.0657595	-0.131795	0.108522	-0.279619	0.953958	-0.099584	-0.957856	-0.269433
2.9	0.987071	-0.0719207	-0.143241	0.11419	-0.311591	0.94333	-0.112477	-0.947491	-0.29935
2.93333	0.985326	-0.0739308	-0.153843	0.11874	-0.350579	0.928975	-0.122614	-0.93361	-0.336656
2.96667	0.985209	-0.0658196	-0.158215	0.121311	-0.38421	0.915241	-0.121028	-0.920897	-0.370542
3	0.986231	-0.0554873	-0.15579	0.119882	-0.409048	0.904604	-0.113919	-0.910824	-0.396764
3.03333	0.985955	-0.0547669	-0.157779	0.119397	-0.429437	0.89517	-0.116782	-0.901435	-0.416866
3.06667	0.98456	-0.0584995	-0.164984	0.121247	-0.451904	0.883788	-0.126258	-0.890146	-0.437834
3.1	0.982547	-0.0637132	-0.174763	0.123833	-0.477032	0.870119	-0.138806	-0.876574	-0.460816
3.13333	0.980041	-0.0694733	-0.186259	0.126157	-0.50675	0.852812	-0.153635	-0.859289	-0.487872
3.16667	0.976717	-0.0761462	-0.200564	0.127903	-0.543879	0.829359	-0.172235	-0.835702	-0.521477
3.2	0.973189	-0.0838446	-0.214183	0.127583	-0.578031	0.805979	-0.191381	-0.811696	-0.551836
3.23333	0.972695	-0.0836503	-0.21649	0.123824	-0.601901	0.788913	-0.196298	-0.794178	-0.575108
3.26667	0.973591	-0.078627	-0.214331	0.121585	-0.616027	0.778285	-0.193228	-0.783791	-0.590199
3.3	0.973735	-0.0786246	-0.213679	0.119214	-0.623502	0.772679	-0.193981	-0.777858	-0.597753
3.33333	0.972655	-0.0816946	-0.217413	0.118897	-0.628995	0.768264	-0.199515	-0.773105	-0.602082
3.36667	0.972471	-0.0804305	-0.218704	0.118725	-0.636576	0.76202	-0.200511	-0.767008	-0.609503
3.4	0.974332	-0.0748651	-0.212303	0.116819	-0.638017	0.76111	-0.192433	-0.766374	-0.612894
3.43333	0.977321	-0.0701385	-0.199809	0.114107	-0.620427	0.775918	-0.178388	-0.781121	-0.598354
3.46667	0.978907	-0.0690423	-0.192288	0.114434	-0.594394	0.79599	-0.169252	-0.801205	-0.573956
3.5	0.979968	-0.0672422	-0.187461	0.115918	-0.572819	0.811444	-0.161944	-0.816919	-0.55355
3.53333	0.980051	-0.0668689	-0.18716	0.118052	-0.561716	0.818864	-0.159887	-0.824623	-0.542617
3.56667	0.979346	-0.0703683	-0.189549	0.119302	-0.555776	0.822727	-0.163241	-0.828348	-0.535902
3.6	0.978253	-0.0785229	-0.191977	0.11775	-0.551718	0.825677	-0.170752	-0.830326	-0.530474
3.63333	0.977551	-0.088071	-0.19141	0.113387	-0.5458	0.830208	-0.177589	-0.833274	-0.523561
3.66667	0.977196	-0.0963661	-0.189212	0.108952	-0.53729	0.83633	-0.182256	-0.837874	-0.514539
3.7	0.975963	-0.103952	-0.191548	0.10806	-0.532448	0.839537	-0.18926	-0.840056	-0.508416
3.73333	0.973477	-0.107906	-0.201741	0.111897	-0.544566	0.83122	-0.199555	-0.831748	-0.518048
3.76667	0.970018	-0.109662	-0.216884	0.116191	-0.574558	0.810174	-0.213458	-0.811084	-0.54459
3.8	0.967008	-0.105837	-0.231719	0.119975	-0.613205	0.78076	-0.224725	-0.782801	-0.580276
3.83333	0.968314	-0.0881313	-0.233666	0.121359	-0.651693	0.748711	-0.218264	-0.753345	-0.620348
3.86667	0.970431	-0.080083	-0.227709	0.115659	-0.673746	0.729855	-0.211867	-0.73461	-0.644562
3.9	0.971088	-0.0808078	-0.22463	0.10916	-0.686522	0.718869	-0.212304	-0.722605	-0.657852
3.93333	0.970468	-0.0848767	-0.225805	0.104031	-0.697286	0.709204	-0.217646	-0.711751	-0.667863
3.96667	0.969059	-0.0904033	-0.229677	0.0998477	-0.707403	0.699722	-0.225731	-0.701005	-0.676489
4	0.967208	-0.0945861	-0.235716	0.0978476	-0.717669	0.689476	-0.234381	-0.689931	-0.68488
4.03333	0.965037	-0.0972341	-0.243412	0.0982593	-0.726728	0.679861	-0.243	-0.680008	-0.691765
4.06667	0.962946	-0.097044	-0.251629	0.101396	-0.734294	0.671217	-0.249907	-0.67186	-0.697245
4.1	0.964371	-0.0875285	-0.249656	0.104257	-0.741577	0.662717	-0.243146	-0.665133	-0.70603
4.13333	0.965926	-0.0795822	-0.246278	0.107429	-0.742428	0.661257	-0.235468	-0.665183	-0.708581
4.16667	0.965479	-0.0787864	-0.248279	0.109498	-0.742095	0.661291	-0.236348	-0.665649	-0.70785
4.2	0.964518	-0.0814182	-0.251149	0.110364	-0.739827	0.663683	-0.239843	-0.667852	-0.704591
4.23333	0.96549	-0.0809867	-0.247527	0.109917	-0.734918	0.669189	-0.236108	-0.673303	-0.700654
4.26667	0.968168	-0.080426	-0.237029	0.108813	-0.717571	0.687932	-0.225413	-0.691826	-0.685978
4.3	0.971597	-0.0788619	-0.223115	0.109383	-0.686408	0.718944	-0.209845	-0.722928	-0.658285
4.33333	0.97337	-0.0786659	-0.215321	0.112783	-0.653409	0.748557	-0.199579	-0.752907	-0.627136
4.36667	0.973319	-0.079234	-0.21534	0.117227	-0.63505	0.763524	-0.197249	-0.768397	-0.608818
4.4	0.971841	-0.0817078	-0.221019	0.120901	-0.632188	0.765324	-0.202259	-0.770494	-0.604508
4.43333	0.970038	-0.087102	-0.226803	0.121187	-0.635625	0.762427	-0.21057	-0.767069	-0.606024
4.46667	0.968648	-0.0953899	-0.229396	0.117533	-0.637537	0.761402	-0.218878	-0.764492	-0.606337
4.5	0.968207	-0.103764	-0.227613	0.111832	-0.634369	0.764899	-0.22376	-0.766035	-0.602596
4.53333	0.96928	-0.110691	-0.219643	0.104743	-0.622222	0.775802	-0.222541	-0.774976	-0.591513
4.56667	0.970751	-0.114855	-0.210832	0.100178	-0.604277	0.790452	-0.218188	-0.788453	-0.575097
4.6	0.969538	-0.11601	-0.215728	0.105474	-0.597161	0.795156	-0.22107	-0.793688	-0.566734
4.63333	0.966094	-0.115352	-0.23099	0.11505	-0.608587	0.785102	-0.231141	-0.785058	-0.574681
4.66667	0.962677	-0.115046	-0.244983	0.119195	-0.632438	0.765385	-0.242991	-0.76602	-0.595121
4.7	0.960844	-0.103374	-0.257083	0.123626	-0.670405	0.731624	-0.247981	-0.734759	-0.631376
4.73333	0.963481	-0.0899696	-0.25221	0.11889	-0.700216	0.703963	-0.239937	-0.70824	-0.663948
4.76667	0.965301	-0.0873262	-0.246107	0.11128	-0.715027	0.690183	-0.236244	-0.693621	-0.680499
4.8	0.966783	-0.0867434	-0.24043	0.105846	-0.720336	0.685502	-0.232653	-0.68818	-0.687227
4.83333	0.968015	-0.0883679	-0.234816	0.101071	-0.719269	0.68734	-0.229635	-0.689089	-0.687332
4.86667	0.968476	-0.0922023	-0.231415	0.097615	-0.714216	0.693085	-0.229184	-0.693826	-0.682701
4.9	0.96817	-0.0977821	-0.230403	0.0947483	-0.708847	0.69897	-0.231667	-0.698552	-0.67702
4.93333	0.967089	-0.103565	-0.232407	0.0936154	-0.704509	0.703494	-0.23659	-0.702098	-0.671627
4.96667	0.965539	-0.108535	-0.236548	0.0944129	-0.70091	0.706973	-0.24253	-0.704944	-0.666509
5	0.96578	-0.107867	-0.235866	0.0968434	-0.69366	0.713763	-0.240603	-0.71218	-0.659477
5.03333	0.967523	-0.0963201	-0.233711	0.104447	-0.689616	0.716603	-0.230195	-0.717741	-0.657159
5.06667	0.966755	-0.0917531	-0.238677	0.110191	-0.692806	0.712656	-0.230745	-0.715263	-0.659663
5.1	0.964166	-0.0928579	-0.248519	0.113489	-0.702352	0.702725	-0.239801	-0.705748	-0.666645
