0	0	1	0	0	0	-1	-1	0	0
0.0333333	0.991692	0.0919853	0.0899241	-0.0351234	0.86611	-0.498618	-0.12375	0.491317	0.862145
0.0666667	0.996414	0.0271867	0.0801259	0.013971	0.881113	-0.4727	-0.0834511	0.472124	0.877573
0.1	0.996799	0.0209864	0.0771492	0.0172664	0.885662	-0.46401	-0.078066	0.463857	0.882464
0.133333	0.996828	0.0200249	0.0770317	0.0177813	0.887342	-0.460769	-0.0775803	0.460677	0.884171
0.166667	0.996804	0.0205132	0.0772036	0.0173683	0.887692	-0.46011	-0.0779713	0.459981	0.884499
0.2	0.996773	0.0215829	0.0773208	0.0165499	0.88724	-0.461011	-0.0785521	0.460803	0.88402
0.233333	0.996805	0.021308	0.0769826	0.0166724	0.887034	-0.461403	-0.0781177	0.461212	0.883844
0.266667	0.996781	0.0215465	0.0772261	0.0166708	0.886461	-0.462503	-0.0784233	0.462302	0.883248
0.3	0.996651	0.0231765	0.0784226	0.0157471	0.886656	-0.462161	-0.0802451	0.461848	0.883321
0.333333	0.996618	0.0235125	0.0787329	0.0156729	0.886198	-0.463042	-0.0806602	0.462711	0.882832
0.366667	0.996612	0.0241165	0.0786323	0.0151694	0.885747	-0.46392	-0.0808365	0.463541	0.88238
0.4	0.996585	0.024552	0.0788402	0.0149016	0.885625	-0.464162	-0.081219	0.463751	0.882235
0.433333	0.996594	0.0249002	0.0786188	0.0144953	0.885595	-0.464232	-0.0811839	0.46379	0.882218
0.466667	0.996634	0.0252688	0.0779855	0.0138816	0.885549	-0.464339	-0.0807932	0.463859	0.882218
0.5	0.996693	0.0252624	0.0772306	0.0135275	0.885596	-0.46426	-0.0801234	0.463769	0.882326
0.533333	0.996752	0.0253379	0.0764392	0.0130842	0.885641	-0.464186	-0.0794592	0.463679	0.882433
0.566667	0.996822	0.025529	0.0754596	0.0124354	0.885778	-0.463943	-0.0786845	0.463407	0.882646
0.6	0.996867	0.0257474	0.0747936	0.0119131	0.885889	-0.463744	-0.078199	0.463182	0.882806
0.633333	0.996884	0.0257725	0.0745466	0.0117482	0.886054	-0.463434	-0.0779961	0.462865	0.88299
0.666667	0.996886	0.026042	0.074435	0.0114421	0.886144	-0.463268	-0.0780246	0.462677	0.883087
0.7	0.996885	0.0260061	0.0744638	0.011481	0.886182	-0.463196	-0.0780344	0.462608	0.883122
0.733333	0.996934	0.0255016	0.0739706	0.011824	0.885435	-0.464613	-0.0773445	0.464064	0.882419
0.766667	0.996917	0.0254543	0.0742179	0.0119857	0.885407	-0.464661	-0.0775408	0.464118	0.882373
0.8	0.996885	0.0256459	0.0745886	0.0119957	0.885366	-0.464741	-0.0779569	0.464188	0.8823
0.833333	0.996845	0.0259471	0.0750074	0.0118887	0.885575	-0.464345	-0.0784731	0.463772	0.882472
0.866667	0.996839	0.02613	0.0750261	0.0117229	0.885648	-0.464209	-0.0785765	0.463622	0.882542
0.9	0.996842	0.0258571	0.0750808	0.0119658	0.885793	-0.463927	-0.0785018	0.46336	0.882686
0.933333	0.996843	0.0256812	0.0751332	0.0121181	0.885958	-0.463607	-0.0784708	0.463054	0.882849
0.966667	0.996853	0.0253287	0.075116	0.0124271	0.885931	-0.46365	-0.0782913	0.463124	0.882829
1	0.996862	0.0251448	0.0750568	0.012565	0.885918	-0.463672	-0.0781531	0.46316	0.882822
1.03333	0.996891	0.0251779	0.0746676	0.0123461	0.885968	-0.463582	-0.0778252	0.463063	0.882902
1.06667	0.996909	0.0251102	0.0744468	0.012301	0.885983	-0.463554	-0.0775985	0.463037	0.882936
1.1	0.99691	0.0250499	0.0744559	0.0123787	0.885863	-0.463782	-0.0775755	0.46327	0.882815
1.13333	0.996903	0.0251255	0.0745192	0.0124061	0.885475	-0.464521	-0.0776562	0.464007	0.882421
1.16667	0.996906	0.0249481	0.0745338	0.0125903	0.885355	-0.464746	-0.0775834	0.464247	0.882301
1.2	0.99691	0.0248198	0.0745225	0.0127194	0.885231	-0.464978	-0.0775102	0.464489	0.88218
1.23333	0.996934	0.0245854	0.0742783	0.0128411	0.885062	-0.465296	-0.0771804	0.464823	0.882033
1.26667	0.996965	0.0242912	0.0739666	0.0129736	0.884957	-0.465492	-0.0767646	0.465039	0.881956
1.3	0.996991	0.0237368	0.0737921	0.0133836	0.884953	-0.465487	-0.0763518	0.465074	0.881973
1.33333	0.997005	0.0236448	0.0736315	0.0134118	0.884821	-0.465738	-0.076163	0.465331	0.881854
1.36667	0.99698	0.0234522	0.0740343	0.0137965	0.884662	-0.466029	-0.0764247	0.465643	0.881666
1.4	0.996843	0.0238972	0.075717	0.0142402	0.884358	-0.466593	-0.0781112	0.466198	0.881225
1.43333	0.996352	0.0267486	0.0810365	0.0142798	0.883957	-0.467349	-0.0841337	0.466802	0.880351
1.46667	0.9958	0.029429	0.0866915	0.0145165	0.88419	-0.466901	-0.0903922	0.466199	0.88005
1.5	0.995604	0.0304476	0.0885743	0.0142615	0.885377	-0.464655	-0.0925693	0.463875	0.881051
1.53333	0.995967	0.0296072	0.0846911	0.0129341	0.886734	-0.462099	-0.0887799	0.461331	0.882775
1.56667	0.996449	0.0277126	0.079507	0.0120956	0.887374	-0.460891	-0.083325	0.460216	0.883888
1.6	0.996791	0.0267538	0.0754458	0.0111512	0.886897	-0.461832	-0.0792685	0.461192	0.883753
1.63333	0.996951	0.0275314	0.0730131	0.00967446	0.88486	-0.465757	-0.0774293	0.465044	0.881895
1.66667	0.997031	0.0290472	0.0713054	0.00795985	0.882258	-0.470699	-0.0765822	0.469869	0.879408
1.7	0.997046	0.0314524	0.0700729	0.00569886	0.879505	-0.475856	-0.0765962	0.474849	0.876727
1.73333	0.997103	0.0352373	0.0674031	0.0014323	0.877348	-0.479852	-0.0760447	0.478559	0.874756
1.76667	0.997026	0.0387883	0.0665892	-0.0013568	0.872793	-0.488088	-0.0770507	0.486546	0.87025
1.8	0.996804	0.0432707	0.0671572	-0.00400909	0.866653	-0.498895	-0.0797895	0.497031	0.864056
1.83333	0.996422	0.0484618	0.0692457	-0.00639791	0.860186	-0.50994	-0.0842768	0.507672	0.857418
1.86667	0.995831	0.0539088	0.0735774	-0.00779093	0.853979	-0.520249	-0.0908796	0.517507	0.850839
1.9	0.99482	0.0592436	0.0826013	-0.00599002	0.845357	-0.534168	-0.101474	0.530907	0.841333
1.93333	0.993085	0.0650481	0.0977307	-0.00014021	0.833122	-0.553089	-0.117399	0.54925	0.82737
1.96667	0.990457	0.0714038	0.117884	0.00879335	0.820848	-0.571078	-0.137542	0.566665	0.812387
2	0.985418	0.0744897	0.152978	0.0301434	0.80843	-0.58782	-0.167459	0.58386	0.794396
2.03333	0.974953	0.0601274	0.214128	0.0813214	0.799727	-0.59483	-0.20701	0.597345	0.774807
2.06667	0.958486	0.0229869	0.284212	0.153549	0.798271	-0.582397	-0.240265	0.60186	0.761602
2.1	0.945792	-0.013682	0.324486	0.203191	0.804349	-0.558333	-0.253361	0.594	0.763526
2.13333	0.938914	-0.0427895	0.341481	0.230366	0.815302	-0.531239	-0.255679	0.577453	0.775356
2.16667	0.92896	-0.0667432	0.364113	0.258342	0.821363	-0.508548	-0.265127	0.566487	0.780256
2.2	0.912398	-0.083734	0.400647	0.29033	0.822373	-0.489297	-0.288511	0.562753	0.774642
2.23333	0.894744	-0.0896573	0.437487	0.313679	0.823462	-0.472775	-0.317866	0.560243	0.764911
2.26667	0.884263	-0.0860629	0.458991	0.316109	0.833771	-0.452659	-0.343736	0.545361	0.764478
2.3	0.879692	-0.0764257	0.469363	0.303169	0.850551	-0.429712	-0.366376	0.52031	0.771392
2.33333	0.873442	-0.063857	0.482724	0.291361	0.862845	-0.413047	-0.39014	0.501419	0.77225
2.36667	0.860157	-0.0584248	0.506672	0.301372	0.859662	-0.4125	-0.411466	0.507512	0.757052
2.4	0.84248	-0.0595455	0.535427	0.328078	0.845029	-0.422246	-0.427308	0.531395	0.731455
2.43333	0.829457	-0.0621052	0.555108	0.35734	0.822826	-0.441889	-0.429313	0.56489	0.704691
2.46667	0.822753	-0.0508275	0.566122	0.387862	0.778277	-0.49381	-0.415501	0.62586	0.660044
2.5	0.831606	0.0487252	0.553224	0.393882	0.650513	-0.649377	-0.391521	0.757931	0.521779
2.53333	0.881547	0.211343	0.422148	0.341588	0.331688	-0.879375	-0.325871	0.919411	0.220207
2.56667	0.942348	0.241498	0.231643	0.228901	0.0397528	-0.972638	-0.244099	0.969587	-0.0178183
2.6	0.985279	0.149191	0.0834716	0.0956566	-0.0764456	-0.992475	-0.141687	0.985849	-0.0895913
2.63333	0.999368	0.0262998	-0.0239114	-0.0220592	-0.0685962	-0.997401	-0.0278716	0.997298	-0.0679727
2.66667	0.991037	-0.0788355	-0.107847	-0.105882	0.0287015	-0.993964	0.081455	0.996474	0.020097
2.7	0.972839	-0.144473	-0.180863	-0.151626	0.192666	-0.969479	0.17491	0.970571	0.165527
2.73333	0.956406	-0.160681	-0.243865	-0.167243	0.383206	-0.908396	0.239412	0.90958	0.339627
2.76667	0.944275	-0.135246	-0.300089	-0.169342	0.582169	-0.795237	0.282255	0.801741	0.526825
2.8	0.934488	-0.0773709	-0.347485	-0.17096	0.75864	-0.628679	0.312257	0.646899	0.695713
2.83333	0.927561	-0.0271088	-0.372688	-0.177792	0.84522	-0.503977	0.328666	0.53373	0.779173
2.86667	0.935928	-0.0023492	-0.352184	-0.170347	0.872208	-0.458513	0.308255	0.489129	0.815924
2.9	0.958878	0.0115368	-0.283583	-0.156239	0.855608	-0.493483	0.236943	0.517497	0.822226
2.93333	0.968689	0.0534016	-0.242465	-0.17824	0.829423	-0.529423	0.172834	0.556063	0.812971
2.96667	0.982293	0.0552966	-0.179007	-0.155308	0.774722	-0.612931	0.104787	0.629879	0.769592
3	0.988069	0.0681369	-0.138117	-0.142934	0.739645	-0.657644	0.0573475	0.669539	0.74056
3.03333	0.991907	0.0938572	-0.0855025	-0.126964	0.733085	-0.668181	-3.30401e-05	0.67363	0.739069
3.06667	0.995628	0.0926047	-0.0122158	-0.0769356	0.738853	-0.669461	-0.0529695	0.667473	0.742747
3.1	0.993977	0.0801224	0.074769	-0.0103445	0.747809	-0.663833	-0.109101	0.659061	0.744134
3.13333	0.983803	0.0640638	0.167412	0.0604385	0.760709	-0.646273	-0.168754	0.645924	0.744516
3.16667	0.965206	0.0441962	0.257731	0.126285	0.784271	-0.607429	-0.228977	0.618842	0.751402
3.2	0.938577	0.0209788	0.344433	0.189456	0.802925	-0.56517	-0.28841	0.59571	0.749632
3.23333	0.920029	0.0676161	0.385972	0.169475	0.819447	-0.547526	-0.353305	0.569152	0.742456
3.26667	0.905075	0.12576	0.406231	0.134449	0.821647	-0.553913	-0.403438	0.55595	0.726744
3.3	0.881262	0.142065	0.450772	0.165562	0.800531	-0.575969	-0.442682	0.58221	0.681956
3.33333	0.848013	0.142374	0.510493	0.241153	0.754082	-0.610905	-0.471931	0.641162	0.605138
3.36667	0.83651	0.20163	0.509506	0.303203	0.60419	-0.736901	-0.456419	0.770909	0.444276
3.4	0.869127	0.320953	0.376308	0.326704	0.198672	-0.92401	-0.371325	0.926023	0.0678142
3.43333	0.926285	0.30311	0.223877	0.256618	-0.0723448	-0.963802	-0.275942	0.950205	-0.144795
3.46667	0.974893	0.177748	0.134123	0.159423	-0.136639	-0.977709	-0.15546	0.974544	-0.161546
3.5	0.998357	0.0272989	0.0503783	0.0535095	-0.129744	-0.990103	-0.0204924	0.991172	-0.130992
3.53333	0.996122	-0.0847004	-0.0238229	-0.0274105	-0.0414491	-0.998765	0.0836083	0.995544	-0.0436101
3.56667	0.984609	-0.150021	-0.0896614	-0.0749273	0.101147	-0.992046	0.157897	0.983495	0.0883493
3.6	0.975139	-0.170413	-0.141648	-0.0889498	0.284441	-0.954558	0.202959	0.943426	0.262212
3.63333	0.970709	-0.156049	-0.182682	-0.0778676	0.514978	-0.853659	0.22729	0.84288	0.487742
3.66667	0.963993	-0.123773	-0.235366	-0.0610819	0.758356	-0.648972	0.258817	0.639981	0.72349
3.7	0.953697	-0.0889468	-0.287317	-0.0666154	0.86908	-0.490166	0.2933	0.486609	0.822914
3.73333	0.954634	-0.0797205	-0.286913	-0.0575817	0.895895	-0.440519	0.292163	0.437055	0.850661
3.76667	0.970906	-0.0550742	-0.23304	-0.0545933	0.896653	-0.439356	0.233153	0.439295	0.867559
3.8	0.983864	-0.0182156	-0.177986	-0.0729569	0.867493	-0.492071	0.163365	0.497116	0.852166
3.83333	0.993009	-0.018277	-0.116617	-0.0522658	0.817739	-0.573211	0.105839	0.575299	0.811067
3.86667	0.994218	0.0375182	-0.100609	-0.0921532	0.779063	-0.620136	0.0551145	0.625822	0.778017
3.9	0.99629	0.072215	-0.0468127	-0.0856444	0.778526	-0.621741	-0.00845416	0.623444	0.781822
3.93333	0.996846	0.0747652	0.02663	-0.0428832	0.78973	-0.611954	-0.0667834	0.608882	0.790445
3.96667	0.991865	0.068892	0.107043	0.00916107	0.800085	-0.599817	-0.126966	0.595918	0.792945
4	0.979393	0.0603994	0.192719	0.0634796	0.81381	-0.577654	-0.191727	0.577984	0.793206
4.03333	0.959475	0.0464666	0.277936	0.119062	0.827101	-0.549298	-0.255405	0.56013	0.78805
4.06667	0.933251	0.0508796	0.355603	0.165082	0.818452	-0.550349	-0.319046	0.572317	0.755422
4.1	0.916877	0.109075	0.383978	0.140831	0.81169	-0.566856	-0.373501	0.573813	0.728859
4.13333	0.903091	0.167318	0.395514	0.114262	0.794166	-0.596863	-0.41397	0.584213	0.698086
4.16667	0.880741	0.188312	0.434549	0.151954	0.756678	-0.635885	-0.448558	0.626081	0.637823
4.2	0.855653	0.211179	0.472506	0.227992	0.665806	-0.710438	-0.464627	0.715616	0.521551
4.23333	0.857872	0.291288	0.423329	0.281932	0.421948	-0.861669	-0.429617	0.858552	0.279854
4.26667	0.887997	0.363739	0.281345	0.290686	0.03006	-0.956346	-0.356317	0.931016	-0.0790407
4.3	0.933264	0.312788	0.176586	0.231955	-0.149444	-0.961178	-0.274255	0.937992	-0.212024
4.33333	0.976213	0.187556	0.108773	0.148576	-0.213311	-0.965621	-0.157905	0.958812	-0.236103
4.36667	0.997698	0.04819	0.0477195	0.0566023	-0.204087	-0.977315	-0.0373579	0.977766	-0.206344
4.4	0.998843	-0.0475831	-0.00689578	-0.0119919	-0.10766	-0.994115	0.0465607	0.993048	-0.108106
4.43333	0.993774	-0.096279	-0.0560644	-0.0525903	0.038252	-0.997883	0.0982198	0.994619	0.0329505
4.46667	0.989481	-0.111001	-0.092773	-0.0664481	0.220913	-0.973027	0.128501	0.968956	0.211214
4.5	0.986938	-0.110406	-0.117324	-0.0526615	0.467158	-0.882604	0.152253	0.877254	0.455241
4.53333	0.980538	-0.0990809	-0.169492	-0.0421237	0.737033	-0.674543	0.191756	0.668555	0.718515
4.56667	0.96901	-0.0791763	-0.23399	-0.0585831	0.846558	-0.529062	0.239975	0.526374	0.815685
4.6	0.96581	-0.0743251	-0.248367	-0.0488293	0.888724	-0.455835	0.25461	0.452378	0.854709
4.63333	0.977683	-0.0578988	-0.201951	-0.0382457	0.896159	-0.442082	0.206576	0.43994	0.873945
4.66667	0.98574	-0.00788957	-0.168089	-0.0701253	0.88877	-0.452958	0.152966	0.458286	0.875543
4.7	0.995396	0.0176382	-0.0942101	-0.0661101	0.838031	-0.541602	0.0693982	0.545337	0.835339
4.73333	0.996112	0.0428025	-0.0769951	-0.0805504	0.796404	-0.599377	0.0356643	0.603249	0.796755
4.76667	0.994634	0.0934358	-0.0444221	-0.100992	0.783668	-0.612915	-0.022456	0.614112	0.788899
4.8	0.992529	0.121696	0.00872597	-0.092239	0.79525	-0.599224	-0.0798624	0.593942	0.800534
4.83333	0.990119	0.125044	0.0634743	-0.0656448	0.813272	-0.578168	-0.123919	0.568289	0.813445
4.86667	0.984036	0.120486	0.130982	-0.0274577	0.829951	-0.55716	-0.175838	0.544669	0.82001
4.9	0.974679	0.102109	0.198932	0.0196869	0.847008	-0.531215	-0.222739	0.521681	0.823551
4.93333	0.965356	0.0829604	0.247396	0.0655239	0.840662	-0.537582	-0.252574	0.535168	0.806102
4.96667	0.951964	0.0736563	0.297218	0.11449	0.814622	-0.568581	-0.284	0.575297	0.767058
5	0.938012	0.112072	0.327983	0.116393	0.789477	-0.602643	-0.326474	0.603461	0.727495
5.03333	0.930035	0.173458	0.323956	0.0676187	0.785746	-0.614843	-0.361196	0.593731	0.719042
5.06667	0.918314	0.203968	0.339259	0.0697737	0.760212	-0.645917	-0.389656	0.616826	0.683882
5.1	0.900866	0.210452	0.379671	0.122557	0.715737	-0.687532	-0.416437	0.665906	0.618991
