0	0.965573	-0.260132	0	0.260132	0.965573	0	0	0	1
0.0333333	0.881814	-0.468369	-0.0550829	0.467391	0.883532	-0.0302664	0.0628434	0.000944065	0.998023
0.0666667	0.835184	-0.527888	-0.154278	0.520559	0.849286	-0.0879261	0.177441	-0.00687615	0.984107
0.1	0.797012	-0.554952	-0.238328	0.53653	0.83176	-0.142516	0.277321	-0.0142835	0.960671
0.133333	0.76163	-0.571633	-0.305215	0.539981	0.82024	-0.188751	0.358246	-0.0210516	0.93339
0.166667	0.729835	-0.583335	-0.356456	0.538539	0.811777	-0.225816	0.421089	-0.0271568	0.906612
0.2	0.701077	-0.592705	-0.396474	0.535653	0.804744	-0.255859	0.470709	-0.0329948	0.881671
0.233333	0.676862	-0.599928	-0.426548	0.532383	0.799145	-0.279171	0.508356	-0.0381267	0.860302
0.266667	0.656725	-0.605684	-0.449287	0.529431	0.794562	-0.297277	0.537042	-0.0426374	0.842477
0.3	0.641454	-0.610222	-0.464936	0.52765	0.790867	-0.310023	0.556886	-0.0464585	0.829289
0.333333	0.631348	-0.61279	-0.475277	0.525731	0.788741	-0.318582	0.570094	-0.0487316	0.820133
0.366667	0.625769	-0.614704	-0.480159	0.525638	0.787141	-0.322666	0.576297	-0.0504754	0.81568
0.4	0.623606	-0.615113	-0.482443	0.52497	0.786797	-0.324587	0.579243	-0.0508536	0.813567
0.433333	0.624152	-0.614641	-0.482339	0.524428	0.787194	-0.324499	0.579145	-0.0504152	0.813664
0.466667	0.625778	-0.615177	-0.479541	0.526551	0.786744	-0.322146	0.575453	-0.0509108	0.816249
0.5	0.627433	-0.616596	-0.475539	0.530378	0.785547	-0.318771	0.570111	-0.0522085	0.819907
0.533333	0.628885	-0.616857	-0.473277	0.53185	0.785326	-0.316858	0.567133	-0.0524455	0.821955
0.566667	0.63006	-0.616341	-0.472385	0.531654	0.785762	-0.316105	0.56601	-0.0519804	0.822758
0.6	0.63036	-0.615488	-0.473097	0.530232	0.786481	-0.316705	0.56701	-0.0512135	0.822117
0.633333	0.629864	-0.616289	-0.472714	0.531424	0.785806	-0.316382	0.566444	-0.0519342	0.822462
0.666667	0.626823	-0.618698	-0.473609	0.533983	0.783763	-0.317139	0.567411	-0.0541088	0.821655
0.7	0.62263	-0.621784	-0.475097	0.537091	0.781118	-0.318414	0.569092	-0.0569161	0.820302
0.733333	0.61842	-0.62436	-0.477212	0.539242	0.778884	-0.320247	0.571642	-0.0592852	0.818359
0.766667	0.613217	-0.627295	-0.480069	0.541457	0.776308	-0.322754	0.575144	-0.0620188	0.815698
0.8	0.607361	-0.630536	-0.483256	0.54388	0.773426	-0.325586	0.579057	-0.0650849	0.812685
0.833333	0.601869	-0.633538	-0.486193	0.546125	0.770721	-0.328233	0.582667	-0.0679691	0.809864
0.866667	0.598042	-0.635527	-0.488314	0.547514	0.768908	-0.330166	0.585298	-0.0699059	0.807799
0.9	0.594943	-0.637111	-0.490033	0.548602	0.767452	-0.331744	0.587434	-0.0714637	0.80611
0.933333	0.592412	-0.638664	-0.491077	0.550022	0.766015	-0.33271	0.588663	-0.0730019	0.805076
0.966667	0.591137	-0.639591	-0.491407	0.551036	0.765153	-0.333017	0.588996	-0.0739244	0.804748
1	0.590249	-0.640438	-0.49137	0.552154	0.764361	-0.332983	0.588839	-0.0747695	0.804784
1.03333	0.589781	-0.641147	-0.491008	0.553276	0.763697	-0.332643	0.588255	-0.0754764	0.805146
1.06667	0.589842	-0.641657	-0.490267	0.554354	0.763218	-0.331948	0.587178	-0.0759847	0.805884
1.1	0.590488	-0.641743	-0.489377	0.554965	0.763138	-0.331111	0.58595	-0.0760697	0.806769
1.13333	0.591561	-0.641634	-0.488223	0.55547	0.76324	-0.330027	0.584387	-0.0759624	0.807912
1.16667	0.593427	-0.641165	-0.486572	0.555783	0.76368	-0.328479	0.582194	-0.0755001	0.809537
1.2	0.595569	-0.640403	-0.484955	0.555695	0.764392	-0.326967	0.580087	-0.074756	0.811117
1.23333	0.597887	-0.639641	-0.483105	0.55573	0.765102	-0.325244	0.577664	-0.0740169	0.812912
1.26667	0.599384	-0.639244	-0.481773	0.555945	0.76547	-0.324007	0.575902	-0.0736346	0.814196
1.3	0.601645	-0.638346	-0.480144	0.555676	0.766302	-0.322499	0.573802	-0.0727744	0.815755
1.33333	0.603066	-0.637755	-0.479145	0.555458	0.766847	-0.321578	0.572519	-0.0722119	0.816705
1.36667	0.603259	-0.637975	-0.478608	0.556024	0.766644	-0.321083	0.571765	-0.0724213	0.817215
1.4	0.603607	-0.638248	-0.477806	0.556796	0.766393	-0.320344	0.570646	-0.0726791	0.817974
1.43333	0.604616	-0.638363	-0.476374	0.5577	0.766286	-0.319023	0.568692	-0.0727876	0.819324
1.46667	0.6063	-0.638672	-0.473812	0.559437	0.766001	-0.316659	0.565182	-0.0730778	0.821723
1.5	0.609697	-0.637768	-0.470661	0.559931	0.766834	-0.313757	0.561022	-0.0722409	0.824642
1.53333	0.616427	-0.633898	-0.467109	0.556889	0.770358	-0.31052	0.556679	-0.0687153	0.827881
1.56667	0.623459	-0.630218	-0.462736	0.554486	0.773656	-0.306596	0.551221	-0.065431	0.83179
1.6	0.627223	-0.627917	-0.460773	0.552596	0.775693	-0.304857	0.548843	-0.0634083	0.833517
1.63333	0.628533	-0.626032	-0.461553	0.549885	0.777348	-0.305542	0.550066	-0.0617582	0.832834
1.66667	0.628278	-0.624406	-0.464095	0.546632	0.778767	-0.307759	0.553589	-0.0603307	0.830602
1.7	0.625173	-0.624856	-0.467669	0.545428	0.778375	-0.310872	0.558272	-0.0607316	0.827432
1.73333	0.619	-0.627599	-0.472185	0.546586	0.775967	-0.314832	0.563988	-0.0632087	0.82336
1.76667	0.609267	-0.633313	-0.477187	0.551201	0.770859	-0.319301	0.570062	-0.0684864	0.818742
1.8	0.59313	-0.642766	-0.484818	0.559157	0.76213	-0.326346	0.579258	-0.0775237	0.81145
1.83333	0.570488	-0.652344	-0.498989	0.563514	0.752888	-0.340016	0.597491	-0.0872124	0.797119
1.86667	0.542233	-0.671606	-0.504904	0.58558	0.732998	-0.346136	0.602561	-0.107975	0.790735
1.9	0.509048	-0.693305	-0.510096	0.611868	0.708285	-0.352065	0.605382	-0.132894	0.784762
1.93333	0.472562	-0.714767	-0.515552	0.638283	0.680954	-0.359022	0.607684	-0.159407	0.778016
1.96667	0.43688	-0.733411	-0.520811	0.661463	0.654307	-0.366536	0.609592	-0.184365	0.770978
2	0.405657	-0.747517	-0.525985	0.678454	0.631871	-0.374753	0.612489	-0.204835	0.763479
2.03333	0.38313	-0.757152	-0.529086	0.690725	0.615144	-0.380127	0.613278	-0.219815	0.758664
2.06667	0.36749	-0.764088	-0.530208	0.700831	0.602287	-0.382213	0.611382	-0.231126	0.756831
2.1	0.353175	-0.770574	-0.53055	0.711176	0.589587	-0.382905	0.607862	-0.242082	0.756241
2.13333	0.33988	-0.776104	-0.531173	0.719799	0.578171	-0.384198	0.605286	-0.251757	0.755147
2.16667	0.328517	-0.77994	-0.532701	0.724627	0.569879	-0.387496	0.605799	-0.25871	0.752381
2.2	0.320715	-0.781455	-0.535229	0.724239	0.566499	-0.393138	0.610426	-0.261548	0.747645
2.23333	0.320701	-0.779535	-0.53803	0.717353	0.570823	-0.399457	0.618511	-0.257851	0.742265
2.26667	0.328426	-0.774062	-0.541262	0.703584	0.582815	-0.406567	0.630164	-0.247296	0.736029
2.3	0.33467	-0.768173	-0.545807	0.687465	0.595175	-0.416124	0.644506	-0.235959	0.727279
2.33333	0.335692	-0.763743	-0.551369	0.672535	0.604165	-0.427413	0.659551	-0.227336	0.716457
2.36667	0.327634	-0.762648	-0.557695	0.662262	0.606368	-0.440144	0.673844	-0.225133	0.70374
2.4	0.319335	-0.762401	-0.562822	0.654737	0.606871	-0.450584	0.685087	-0.224613	0.692968
2.43333	0.316044	-0.761302	-0.566158	0.647867	0.609125	-0.457423	0.693098	-0.222229	0.685733
2.46667	0.309578	-0.761945	-0.56886	0.645144	0.607796	-0.463004	0.698535	-0.22366	0.679725
2.5	0.298433	-0.764901	-0.570845	0.647996	0.601506	-0.467217	0.700741	-0.230473	0.675162
2.53333	0.300383	-0.765821	-0.568584	0.653377	0.599497	-0.462278	0.694887	-0.232639	0.680449
2.56667	0.324629	-0.761065	-0.561601	0.654376	0.609438	-0.447636	0.682941	-0.222183	0.695864
2.6	0.356648	-0.752998	-0.552989	0.650904	0.624883	-0.431097	0.670169	-0.206192	0.712993
2.63333	0.384699	-0.745875	-0.543762	0.649324	0.63737	-0.414895	0.656037	-0.193468	0.72951
2.66667	0.40568	-0.741966	-0.53377	0.653276	0.64381	-0.39842	0.63926	-0.187068	0.74589
2.7	0.42063	-0.741461	-0.522787	0.66285	0.644614	-0.380923	0.619435	-0.186302	0.762622
2.73333	0.429554	-0.744888	-0.510514	0.678749	0.639204	-0.36155	0.595637	-0.191206	0.780165
2.76667	0.429368	-0.753268	-0.498228	0.701161	0.625738	-0.341796	0.569224	-0.202581	0.796834
2.8	0.414732	-0.769343	-0.485911	0.734151	0.598401	-0.32084	0.537606	-0.223669	0.81299
2.83333	0.38278	-0.792888	-0.47414	0.777282	0.553792	-0.298576	0.499312	-0.254251	0.828278
2.86667	0.329972	-0.821945	-0.464246	0.827643	0.488425	-0.276491	0.45401	-0.292996	0.841444
2.9	0.254416	-0.85213	-0.457325	0.879673	0.400381	-0.256652	0.401806	-0.337	0.851459
2.93333	0.185007	-0.871531	-0.454099	0.915075	0.321266	-0.243774	0.358343	-0.370435	0.856953
2.96667	0.141264	-0.87972	-0.454023	0.930141	0.274966	-0.243374	0.338942	-0.387926	0.857107
3	0.14233	-0.879203	-0.454691	0.927968	0.278361	-0.247769	0.344408	-0.386674	0.855492
3.03333	0.189779	-0.870094	-0.454886	0.910907	0.328921	-0.249119	0.366378	-0.367081	0.854996
3.06667	0.260214	-0.851035	-0.456101	0.878318	0.404838	-0.254289	0.401056	-0.334432	0.852824
3.1	0.323382	-0.825592	-0.462409	0.833928	0.479586	-0.27306	0.4472	-0.297313	0.843574
3.13333	0.361026	-0.801045	-0.477479	0.784545	0.537683	-0.308846	0.504132	-0.263103	0.822574
3.16667	0.36681	-0.783015	-0.502333	0.734051	0.575329	-0.360785	0.571506	-0.236398	0.785809
3.2	0.352013	-0.769862	-0.532352	0.679661	0.601289	-0.420135	0.643543	-0.213926	0.734907
3.23333	0.319663	-0.761027	-0.564493	0.619944	0.618523	-0.482804	0.716579	-0.19562	0.669513
3.26667	0.277869	-0.754418	-0.594678	0.55382	0.63163	-0.542519	0.784903	-0.178595	0.593322
3.3	0.242826	-0.747472	-0.618322	0.484871	0.645587	-0.590014	0.8402	-0.156536	0.519193
3.33333	0.215172	-0.741658	-0.63533	0.422781	0.657188	-0.623987	0.880317	-0.134341	0.454967
3.36667	0.197301	-0.737764	-0.645583	0.378412	0.664804	-0.644081	0.904365	-0.117218	0.410345
3.4	0.186729	-0.736088	-0.650621	0.355369	0.668031	-0.653794	0.915885	-0.109128	0.386323
3.43333	0.192668	-0.735572	-0.649471	0.357566	0.668993	-0.651609	0.913797	-0.106685	0.39191
3.46667	0.231911	-0.73264	-0.639887	0.377458	0.674055	-0.634961	0.896517	-0.0942766	0.432862
3.5	0.301071	-0.723845	-0.62081	0.399399	0.686881	-0.607186	0.865931	-0.0651444	0.495903
3.53333	0.382663	-0.708629	-0.592802	0.416654	0.705049	-0.573851	0.824602	-0.0274022	0.565049
3.56667	0.468169	-0.687903	-0.554623	0.431524	0.725711	-0.535845	0.771106	0.0115326	0.636602
3.6	0.537131	-0.672493	-0.50916	0.455734	0.739312	-0.495706	0.709787	0.0342176	0.703585
3.63333	0.590349	-0.668767	-0.451928	0.498802	0.742472	-0.447138	0.634575	0.0385449	0.7719
3.66667	0.626886	-0.676182	-0.38703	0.552655	0.736077	-0.39085	0.549169	0.0311243	0.835132
3.7	0.642918	-0.693683	-0.324748	0.608412	0.720082	-0.333642	0.465287	0.0169244	0.884998
3.73333	0.640286	-0.715047	-0.280609	0.653589	0.699073	-0.290031	0.403552	0.00229977	0.914954
3.76667	0.63898	-0.726245	-0.25352	0.677497	0.687421	-0.26163	0.364283	-0.00458301	0.931277
3.8	0.662083	-0.710571	-0.238192	0.666755	0.703615	-0.24569	0.342175	0.00385121	0.939628
3.83333	0.687239	-0.685938	-0.239148	0.640274	0.727475	-0.246635	0.343151	0.0163771	0.939138
3.86667	0.707446	-0.659921	-0.253032	0.607656	0.750755	-0.259078	0.360936	0.0295275	0.932123
3.9	0.711554	-0.644937	-0.27883	0.581888	0.763318	-0.280626	0.393823	0.0374329	0.918424
3.93333	0.692004	-0.646959	-0.320273	0.566587	0.76167	-0.314384	0.447336	0.0360926	0.893637
3.96667	0.646436	-0.66558	-0.372993	0.561152	0.745987	-0.358626	0.516942	0.0225227	0.855724
4	0.567226	-0.698778	-0.435849	0.561129	0.715291	-0.416526	0.602818	-0.00830315	0.797836
4.03333	0.443548	-0.740999	-0.504168	0.557693	0.668548	-0.491958	0.701601	-0.0629645	0.709783
4.06667	0.295703	-0.773479	-0.560616	0.532222	0.620734	-0.575698	0.793284	-0.128137	0.595216
4.1	0.195302	-0.781776	-0.592186	0.472113	0.60419	-0.641921	0.859631	-0.15421	0.487086
4.13333	0.146814	-0.779033	-0.609551	0.392172	0.61157	-0.687156	0.908101	-0.138165	0.395302
4.16667	0.124876	-0.774575	-0.620032	0.315901	0.623441	-0.715212	0.940539	-0.106556	0.322542
4.2	0.116388	-0.770732	-0.62644	0.256639	0.632644	-0.730683	0.959474	-0.0757263	0.271432
4.23333	0.119044	-0.768049	-0.62923	0.224856	0.638125	-0.736367	0.967093	-0.0538258	0.248665
4.26667	0.135245	-0.766567	-0.627761	0.226085	0.640743	-0.733712	0.964673	-0.0426965	0.259966
4.3	0.172666	-0.765036	-0.620409	0.254495	0.643132	-0.722228	0.951535	-0.0331865	0.305745
4.33333	0.236958	-0.761357	-0.603479	0.301418	0.648131	-0.699338	0.923579	-0.0161856	0.383067
4.36667	0.319594	-0.753814	-0.574129	0.355459	0.657034	-0.664797	0.878356	0.00838592	0.477934
4.4	0.411947	-0.740917	-0.530416	0.408699	0.670504	-0.619185	0.814411	0.038291	0.579024
4.43333	0.506128	-0.722153	-0.471518	0.456825	0.688195	-0.563648	0.731537	0.0698766	0.678212
4.46667	0.584541	-0.704655	-0.402211	0.502296	0.703588	-0.502656	0.63719	0.0917943	0.765221
4.5	0.628059	-0.702573	-0.334564	0.552739	0.705409	-0.443708	0.547742	0.0937485	0.831378
4.53333	0.638187	-0.718951	-0.275365	0.609847	0.690392	-0.389161	0.469897	0.0804271	0.879049
4.56667	0.631319	-0.74165	-0.226696	0.662248	0.667673	-0.340058	0.403563	0.064556	0.912671
4.6	0.633795	-0.750395	-0.187644	0.691383	0.658363	-0.29757	0.346833	0.0588644	0.936078
4.63333	0.671311	-0.723424	-0.161242	0.67535	0.686669	-0.26905	0.305357	0.0717212	0.949533
4.66667	0.711985	-0.686347	-0.148342	0.642581	0.722017	-0.25648	0.28314	0.087288	0.955098
4.7	0.734235	-0.661277	-0.15366	0.615271	0.743823	-0.261092	0.28695	0.0971607	0.953005
4.73333	0.749828	-0.637034	-0.178735	0.581473	0.763369	-0.28135	0.31567	0.107034	0.942813
4.76667	0.764352	-0.609804	-0.209535	0.541763	0.783574	-0.304145	0.349655	0.118955	0.929296
4.8	0.773021	-0.584709	-0.246075	0.500919	0.800614	-0.328783	0.389254	0.130893	0.911783
4.83333	0.768483	-0.570023	-0.290702	0.465833	0.809856	-0.356558	0.438673	0.13859	0.887895
4.86667	0.745392	-0.575052	-0.337203	0.448569	0.806855	-0.384409	0.493129	0.135277	0.859374
4.9	0.700596	-0.598975	-0.387807	0.447207	0.792078	-0.415474	0.556032	0.11765	0.822792
4.93333	0.624666	-0.640341	-0.44694	0.457149	0.76389	-0.455507	0.633093	0.0802215	0.769908
4.96667	0.506818	-0.693374	-0.512219	0.471348	0.720391	-0.508791	0.72178	0.0164309	0.691927
5	0.357334	-0.738506	-0.571771	0.469276	0.671269	-0.57374	0.807522	-0.0633013	0.586431
5.03333	0.242239	-0.754738	-0.609665	0.427417	0.647133	-0.631295	0.870996	-0.107657	0.479349
5.06667	0.189043	-0.753794	-0.629331	0.363704	0.649055	-0.668167	0.91213	-0.102577	0.396858
5.1	0.165933	-0.748946	-0.641519	0.298024	0.658204	-0.691339	0.940025	-0.076472	0.332422
