0	0.96308	-0.269216	0	0.269216	0.96308	0	0	0	1
0.0333333	0.96733	-0.204643	-0.149643	0.199819	0.978717	-0.0467559	0.156026	0.0153269	0.987634
0.0666667	0.962989	-0.00457332	-0.269503	-0.011805	0.998181	-0.0591203	0.269283	0.0601136	0.961183
0.1	0.926234	0.162866	-0.339948	-0.191397	0.980139	-0.0519109	0.324741	0.113147	0.939011
0.133333	0.878872	0.291532	-0.377615	-0.330477	0.942915	-0.0411969	0.344049	0.161	0.925046
0.166667	0.831714	0.386185	-0.39889	-0.433423	0.90063	-0.0317734	0.346982	0.199315	0.916448
0.2	0.789587	0.454024	-0.412812	-0.507633	0.861247	-0.023724	0.344762	0.228289	0.910507
0.233333	0.753644	0.502666	-0.423495	-0.561145	0.827556	-0.0163378	0.342253	0.249955	0.905751
0.266667	0.7249	0.537267	-0.43112	-0.599381	0.800397	-0.0103548	0.339504	0.265911	0.902235
0.3	0.703205	0.562236	-0.435194	-0.627043	0.778954	-0.00685608	0.335141	0.277707	0.900311
0.333333	0.689535	0.579046	-0.435026	-0.645659	0.763594	-0.0070081	0.328125	0.285711	0.900391
0.366667	0.682308	0.590699	-0.430732	-0.658481	0.752516	-0.0110889	0.317582	0.291195	0.902412
0.4	0.679213	0.599683	-0.423142	-0.668189	0.743762	-0.0184844	0.303632	0.295294	0.905875
0.433333	0.67935	0.605602	-0.414403	-0.674351	0.737913	-0.0271198	0.28937	0.297877	0.909689
0.466667	0.680656	0.609637	-0.406263	-0.678345	0.733899	-0.0352161	0.276687	0.299557	0.913077
0.5	0.681965	0.612091	-0.400335	-0.680651	0.731453	-0.0411285	0.267652	0.300537	0.915445
0.533333	0.683126	0.613176	-0.396678	-0.681583	0.730369	-0.0447776	0.262265	0.300958	0.916865
0.566667	0.683277	0.613932	-0.395248	-0.682295	0.729615	-0.0462051	0.260012	0.301247	0.917412
0.6	0.683724	0.613509	-0.39513	-0.681836	0.730037	-0.0463223	0.260041	0.301086	0.917456
0.633333	0.684491	0.612505	-0.395359	-0.68078	0.731036	-0.0460948	0.260788	0.300704	0.917369
0.666667	0.685167	0.611201	-0.396206	-0.679443	0.732332	-0.0452528	0.262496	0.300205	0.917046
0.7	0.6857	0.609986	-0.397155	-0.678206	0.733535	-0.0443128	0.264297	0.299738	0.916681
0.733333	0.68572	0.608765	-0.398991	-0.677014	0.734742	-0.0424993	0.267283	0.299265	0.91597
0.766667	0.685652	0.607184	-0.401508	-0.67547	0.736301	-0.0400163	0.271334	0.298644	0.914981
0.8	0.6851	0.605844	-0.404464	-0.674195	0.73762	-0.0371063	0.27586	0.298109	0.913801
0.833333	0.684062	0.605136	-0.407271	-0.673579	0.738317	-0.0343424	0.279914	0.297822	0.912661
0.866667	0.683397	0.603992	-0.410075	-0.672478	0.739443	-0.0315828	0.284151	0.29735	0.911505
0.9	0.682857	0.602763	-0.412775	-0.671266	0.740652	-0.0289267	0.288287	0.296835	0.910373
0.933333	0.682562	0.601851	-0.414589	-0.67035	0.741548	-0.0271451	0.2911	0.296448	0.909604
0.966667	0.682479	0.600663	-0.416445	-0.669129	0.742714	-0.0253236	0.294089	0.295938	0.908808
1	0.682988	0.599451	-0.417355	-0.667843	0.743901	-0.024432	0.295825	0.295415	0.908415
1.03333	0.683409	0.598699	-0.417747	-0.667038	0.744636	-0.0240499	0.29667	0.295089	0.908245
1.06667	0.683851	0.598317	-0.41757	-0.666615	0.745009	-0.0242222	0.296601	0.294923	0.908322
1.1	0.684489	0.598359	-0.416462	-0.666621	0.744967	-0.0253018	0.295111	0.294941	0.908801
1.13333	0.685698	0.597937	-0.415077	-0.66611	0.745378	-0.0266485	0.293455	0.29476	0.909396
1.16667	0.687367	0.597605	-0.41279	-0.665656	0.7457	-0.0288669	0.290566	0.294618	0.910369
1.2	0.689349	0.597204	-0.410055	-0.665102	0.746087	-0.031511	0.287118	0.29445	0.911516
1.23333	0.69132	0.596788	-0.407333	-0.664523	0.746488	-0.0341322	0.2837	0.294279	0.912642
1.26667	0.693312	0.596441	-0.404446	-0.664	0.746821	-0.0369022	0.280039	0.294137	0.913817
1.3	0.694784	0.596408	-0.401962	-0.663829	0.746852	-0.0392793	0.276779	0.294124	0.914814
1.33333	0.695631	0.596705	-0.400051	-0.664037	0.746569	-0.0411039	0.274139	0.294242	0.915571
1.36667	0.696053	0.597021	-0.398842	-0.664304	0.746267	-0.0422576	0.272414	0.294366	0.916045
1.4	0.698112	0.595878	-0.39695	-0.662963	0.747355	-0.0440594	0.270408	0.293921	0.916782
1.43333	0.701206	0.594554	-0.393465	-0.66132	0.748608	-0.0473574	0.266395	0.293413	0.918119
1.46667	0.705661	0.592979	-0.387837	-0.659242	0.750086	-0.052641	0.259696	0.292825	0.920224
1.5	0.711547	0.590976	-0.380063	-0.656502	0.751945	-0.0598592	0.250411	0.292105	0.923022
1.53333	0.717704	0.588793	-0.371785	-0.653465	0.753946	-0.0674475	0.240593	0.291356	0.925865
1.56667	0.723596	0.586203	-0.364383	-0.650024	0.756288	-0.074142	0.232116	0.290507	0.928293
1.6	0.728	0.583276	-0.360286	-0.646539	0.758903	-0.0778008	0.228043	0.289578	0.929592
1.63333	0.730156	0.580299	-0.360729	-0.643482	0.761537	-0.0774074	0.229789	0.288642	0.929453
1.66667	0.73062	0.577515	-0.364239	-0.64094	0.763985	-0.0743211	0.235351	0.287756	0.928335
1.7	0.730044	0.574731	-0.369756	-0.638566	0.766424	-0.0694881	0.243453	0.286843	0.926527
1.73333	0.72867	0.571922	-0.376755	-0.636247	0.768879	-0.0633711	0.253436	0.285886	0.924143
1.76667	0.725253	0.570552	-0.38533	-0.6355	0.770077	-0.0558718	0.264856	0.285398	0.921086
1.8	0.721158	0.569491	-0.394476	-0.635025	0.771009	-0.0478377	0.276901	0.285001	0.91766
1.83333	0.716991	0.569231	-0.402368	-0.635233	0.771239	-0.0408679	0.287058	0.284899	0.914565
1.86667	0.71188	0.570997	-0.408888	-0.637485	0.769665	-0.0350603	0.294687	0.285619	0.911911
1.9	0.707334	0.573267	-0.413575	-0.640161	0.767622	-0.0308406	0.299789	0.286569	0.909948
1.93333	0.704284	0.575192	-0.416099	-0.642357	0.765874	-0.0285461	0.30226	0.287389	0.908871
1.96667	0.702323	0.578041	-0.415465	-0.645428	0.763265	-0.0291265	0.300273	0.288609	0.909143
2	0.700886	0.581998	-0.412356	-0.649588	0.759613	-0.0319961	0.294609	0.290287	0.910461
2.03333	0.702416	0.584276	-0.40649	-0.651761	0.7575	-0.0374389	0.286041	0.291232	0.912888
2.06667	0.709241	0.581874	-0.397996	-0.648683	0.759711	-0.0452685	0.276021	0.29028	0.91627
2.1	0.721294	0.573404	-0.388514	-0.638986	0.767334	-0.0538081	0.267266	0.287066	0.919871
2.13333	0.736721	0.56161	-0.376611	-0.625529	0.77756	-0.0641374	0.256818	0.282833	0.924148
2.16667	0.750117	0.552075	-0.364058	-0.614335	0.78551	-0.0746115	0.24478	0.279621	0.928383
2.2	0.759477	0.546707	-0.35257	-0.607528	0.789853	-0.0839127	0.232603	0.277926	0.932016
2.23333	0.765262	0.547397	-0.338719	-0.606616	0.789307	-0.0949324	0.215387	0.27812	0.936086
2.26667	0.764696	0.553566	-0.329854	-0.611818	0.784397	-0.10198	0.202284	0.279795	0.938507
2.3	0.763909	0.560126	-0.32047	-0.617228	0.779125	-0.109519	0.188342	0.281466	0.940906
2.33333	0.762082	0.567907	-0.310986	-0.62373	0.772799	-0.117227	0.173756	0.283308	0.943157
2.36667	0.756886	0.578682	-0.303726	-0.633481	0.763882	-0.123229	0.160701	0.285675	0.944757
2.4	0.748792	0.594401	-0.293255	-0.647512	0.750514	-0.132125	0.141557	0.28882	0.94686
2.43333	0.742229	0.61104	-0.275183	-0.660704	0.735918	-0.147969	0.112097	0.291641	0.949937
2.46667	0.740865	0.62168	-0.25423	-0.666749	0.726394	-0.166726	0.0810212	0.293029	0.952664
2.5	0.744213	0.624634	-0.236599	-0.665488	0.72374	-0.182557	0.0572048	0.293315	0.954303
2.53333	0.75413	0.617145	-0.224542	-0.655197	0.730341	-0.193182	0.0447706	0.292804	0.955124
2.56667	0.767292	0.602351	-0.220084	-0.639727	0.742939	-0.196958	0.0448714	0.291918	0.95539
2.6	0.777246	0.588094	-0.223683	-0.626814	0.754632	-0.193997	0.05471	0.290991	0.95516
2.63333	0.781209	0.577304	-0.237555	-0.61966	0.763263	-0.182899	0.0757284	0.290086	0.954
2.66667	0.780759	0.568501	-0.259274	-0.615862	0.77023	-0.165707	0.105496	0.289054	0.951482
2.7	0.776761	0.559859	-0.288444	-0.613049	0.777057	-0.142662	0.144267	0.287645	0.946809
2.73333	0.766534	0.553889	-0.325011	-0.613084	0.781811	-0.113577	0.191188	0.28632	0.938865
2.76667	0.746204	0.554868	-0.367833	-0.619528	0.781024	-0.0786477	0.243648	0.28657	0.92656
2.8	0.71204	0.565595	-0.416054	-0.634765	0.771813	-0.0371195	0.300122	0.290527	0.908582
2.83333	0.661842	0.582666	-0.471663	-0.654594	0.755829	0.0151771	0.365339	0.298703	0.881648
2.86667	0.591905	0.60847	-0.528595	-0.680911	0.72841	0.076014	0.431287	0.314933	0.845464
2.9	0.506402	0.641616	-0.576095	-0.714278	0.686402	0.136601	0.483078	0.342317	0.805887
2.93333	0.429784	0.666051	-0.609641	-0.737257	0.648659	0.188927	0.521284	0.368264	0.769834
2.96667	0.391547	0.675849	-0.624435	-0.745078	0.631085	0.21585	0.539953	0.380737	0.750659
3	0.402889	0.672246	-0.621101	-0.741133	0.637808	0.209578	0.537031	0.375882	0.755189
3.03333	0.449593	0.659115	-0.602855	-0.729427	0.660463	0.178113	0.51556	0.35966	0.777716
3.06667	0.512578	0.63949	-0.572989	-0.711494	0.689897	0.133486	0.480667	0.339256	0.808619
3.1	0.576731	0.616772	-0.535699	-0.689552	0.719157	0.0856269	0.438064	0.320009	0.840056
3.13333	0.641116	0.592982	-0.487178	-0.665585	0.745649	0.0316899	0.382055	0.303942	0.872727
3.16667	0.700569	0.572334	-0.426188	-0.642513	0.76577	-0.0278007	0.310451	0.293307	0.904208
3.2	0.744313	0.5616	-0.361392	-0.626028	0.775185	-0.0847199	0.232567	0.289299	0.928557
3.23333	0.766064	0.568534	-0.299859	-0.624134	0.769458	-0.135612	0.153629	0.291039	0.944296
3.26667	0.771076	0.587717	-0.245011	-0.631868	0.753782	-0.180432	0.078642	0.293942	0.952583
3.3	0.765421	0.611655	-0.200022	-0.643386	0.733912	-0.217779	0.0135927	0.295384	0.955282
3.33333	0.765127	0.622938	-0.162875	-0.642809	0.724431	-0.248992	-0.0371145	0.295208	0.954712
3.36667	0.781967	0.609827	-0.128989	-0.618926	0.735121	-0.276636	-0.0738777	0.296154	0.952279
3.4	0.811758	0.57441	-0.105365	-0.5772	0.761709	-0.294346	-0.0888176	0.299755	0.949873
3.43333	0.837582	0.536492	-0.103114	-0.540784	0.787426	-0.295825	-0.0775132	0.303541	0.94966
3.46667	0.853088	0.505944	-0.127516	-0.520303	0.806607	-0.280481	-0.0390528	0.305622	0.951352
3.5	0.850587	0.49512	-0.17708	-0.525446	0.813249	-0.250066	0.0201968	0.305749	0.951898
3.53333	0.828234	0.503831	-0.24532	-0.552404	0.807658	-0.206248	0.0942205	0.306338	0.947249
3.56667	0.792448	0.518779	-0.320771	-0.583934	0.797199	-0.153279	0.176201	0.308775	0.934672
3.6	0.748579	0.530765	-0.397389	-0.60853	0.787956	-0.0938955	0.263289	0.312111	0.912834
3.63333	0.689328	0.54492	-0.477378	-0.630497	0.775793	-0.024874	0.356792	0.318132	0.878346
3.66667	0.605913	0.567365	-0.557643	-0.655143	0.753515	0.0548001	0.451284	0.332131	0.82827
3.7	0.509684	0.59693	-0.619594	-0.684047	0.717945	0.128979	0.521826	0.358092	0.774253
3.73333	0.446765	0.621082	-0.64394	-0.71214	0.682555	0.164244	0.541533	0.385197	0.747239
3.76667	0.433909	0.636315	-0.637829	-0.737676	0.657364	0.15397	0.51726	0.403702	0.75463
3.8	0.462699	0.639998	-0.613444	-0.750325	0.651253	0.1135	0.472147	0.407766	0.78154
3.83333	0.505728	0.635513	-0.583407	-0.749901	0.65816	0.066888	0.426483	0.40367	0.809421
3.86667	0.545702	0.623907	-0.559418	-0.737501	0.674545	0.0328873	0.397871	0.394625	0.828233
3.9	0.595438	0.597675	-0.536878	-0.706514	0.707687	0.00425035	0.382482	0.376781	0.843649
3.93333	0.657159	0.558206	-0.506506	-0.659962	0.750743	-0.0288852	0.364132	0.353257	0.861752
3.96667	0.717929	0.520889	-0.461793	-0.61505	0.785344	-0.0703432	0.326026	0.334527	0.884194
4	0.769395	0.496009	-0.4025	-0.580947	0.805331	-0.118077	0.265578	0.324679	0.907773
4.03333	0.802441	0.488924	-0.342114	-0.562927	0.810448	-0.162133	0.197995	0.322687	0.925565
4.06667	0.811318	0.5052	-0.294171	-0.568534	0.79902	-0.195795	0.136133	0.326098	0.935483
4.1	0.795302	0.546907	-0.26151	-0.600781	0.76869	-0.219495	0.0809764	0.331675	0.939912
4.13333	0.764496	0.598928	-0.238394	-0.643888	0.727205	-0.237869	0.0308949	0.335349	0.941587
4.16667	0.734999	0.643942	-0.212403	-0.677715	0.687546	-0.260735	-0.021861	0.335589	0.941755
4.2	0.718674	0.671868	-0.179167	-0.690989	0.661254	-0.292023	-0.0777265	0.333672	0.939479
4.23333	0.729917	0.667832	-0.145674	-0.673059	0.66505	-0.323572	-0.119212	0.334228	0.934922
4.26667	0.766856	0.629987	-0.122671	-0.628355	0.697984	-0.343495	-0.130774	0.340492	0.931109
4.3	0.806474	0.578426	-0.122571	-0.581274	0.73766	-0.343479	-0.108261	0.348254	0.931128
4.33333	0.831216	0.534645	-0.152427	-0.553172	0.768004	-0.322753	-0.055494	0.352596	0.934129
4.36667	0.828262	0.517516	-0.214845	-0.559905	0.779488	-0.280899	0.0220992	0.352951	0.935381
4.4	0.797332	0.52651	-0.295041	-0.593404	0.773105	-0.224009	0.110155	0.353688	0.928854
4.43333	0.742558	0.546257	-0.387571	-0.635499	0.757371	-0.150103	0.21154	0.357762	0.909537
4.46667	0.668425	0.566744	-0.481673	-0.671404	0.738419	-0.0628809	0.320039	0.365428	0.874092
4.5	0.576139	0.591652	-0.563925	-0.702759	0.710882	0.0278538	0.417364	0.380256	0.825356
4.53333	0.504456	0.617485	-0.60352	-0.732259	0.676322	0.0799082	0.457516	0.401623	0.793334
4.56667	0.52821	0.624215	-0.57563	-0.744791	0.666161	0.0389505	0.407775	0.40815	0.816782
4.6	0.590087	0.622474	-0.514124	-0.742782	0.668111	-0.0436171	0.316342	0.40762	0.856606
4.63333	0.642215	0.622882	-0.446741	-0.73412	0.667471	-0.124696	0.220516	0.408044	0.885931
4.66667	0.679782	0.624276	-0.384935	-0.720669	0.66599	-0.192595	0.13613	0.408334	0.902625
4.7	0.70992	0.619706	-0.334631	-0.700451	0.670763	-0.243814	0.0733655	0.407481	0.910262
4.73333	0.734452	0.604895	-0.307705	-0.676975	0.684935	-0.269387	0.0478068	0.40616	0.91255
4.76667	0.759763	0.57297	-0.307351	-0.646994	0.713105	-0.269963	0.0644929	0.403962	0.912499
4.8	0.784594	0.527114	-0.326439	-0.610093	0.750161	-0.25504	0.110447	0.399261	0.910161
4.83333	0.803445	0.484915	-0.345447	-0.575393	0.781481	-0.241266	0.152967	0.392612	0.906894
4.86667	0.825503	0.454939	-0.334029	-0.542833	0.802014	-0.24921	0.15452	0.387045	0.909021
4.9	0.847128	0.443646	-0.292494	-0.518927	0.80917	-0.275606	0.114406	0.385257	0.91569
4.93333	0.859837	0.447262	-0.246246	-0.506668	0.806974	-0.303448	0.0629936	0.38568	0.920479
4.96667	0.858449	0.465398	-0.215568	-0.512429	0.796213	-0.321654	0.0219405	0.386587	0.921992
5	0.842347	0.500601	-0.199626	-0.538817	0.774488	-0.331428	-0.0113053	0.386739	0.92212
5.03333	0.815905	0.545109	-0.192756	-0.576828	0.744588	-0.335943	-0.0396022	0.385285	0.921948
5.06667	0.790815	0.584755	-0.180759	-0.607776	0.715397	-0.344697	-0.0722488	0.382452	0.921146
5.1	0.768805	0.617867	-0.164859	-0.630445	0.68913	-0.357267	-0.107134	0.378604	0.919338
