0	0.988408	0.148581	-0.0312048	-0.148518	0.9889	0.00434712	0.0315044	0.000337762	0.999504
0.0333333	0.1988	0.371927	0.906724	-0.29691	0.904568	-0.305945	-0.933982	-0.208394	0.290257
0.0666667	0.168356	0.366681	0.914987	-0.279396	0.90792	-0.31244	-0.945301	-0.203043	0.255303
0.1	0.167998	0.35811	0.918441	-0.271232	0.912515	-0.306186	-0.947739	-0.197672	0.250432
0.133333	0.168255	0.351883	0.920798	-0.267668	0.915327	-0.300882	-0.948706	-0.195843	0.248197
0.166667	0.168184	0.347322	0.922541	-0.265144	0.917321	-0.29702	-0.949428	-0.194652	0.246369
0.2	0.167975	0.343547	0.923991	-0.262417	0.919072	-0.294013	-0.950222	-0.193084	0.244534
0.233333	0.168001	0.340275	0.925196	-0.258993	0.920801	-0.291629	-0.951156	-0.190626	0.242825
0.266667	0.168108	0.337172	0.926313	-0.255678	0.922442	-0.289362	-0.952034	-0.188193	0.241277
0.3	0.168434	0.334556	0.927201	-0.253839	0.923637	-0.287158	-0.952468	-0.186993	0.240496
0.333333	0.168869	0.332459	0.927876	-0.252341	0.924604	-0.285362	-0.952789	-0.185953	0.24003
0.366667	0.169296	0.330966	0.928332	-0.252005	0.925153	-0.283875	-0.952803	-0.185885	0.240029
0.4	0.169783	0.330221	0.928508	-0.251931	0.925424	-0.283057	-0.952735	-0.185862	0.240315
0.433333	0.170124	0.329683	0.928637	-0.252209	0.925554	-0.282385	-0.952601	-0.18617	0.240608
0.466667	0.170146	0.329436	0.928721	-0.25266	0.925542	-0.28202	-0.952478	-0.186666	0.240712
0.5	0.170348	0.32962	0.928619	-0.253294	0.925374	-0.282003	-0.952273	-0.187175	0.241126
0.533333	0.170314	0.329979	0.928497	-0.254298	0.925065	-0.282113	-0.952011	-0.188067	0.241465
0.566667	0.170412	0.330508	0.928291	-0.255729	0.924626	-0.282258	-0.951611	-0.189291	0.242087
0.6	0.170466	0.331296	0.928	-0.256978	0.92414	-0.282713	-0.951264	-0.190283	0.24267
0.633333	0.170616	0.331859	0.927771	-0.257903	0.923793	-0.283008	-0.950987	-0.190989	0.243202
0.666667	0.171047	0.332345	0.927518	-0.258305	0.92359	-0.283302	-0.9508	-0.191125	0.243823
0.7	0.171159	0.332695	0.927372	-0.258223	0.923506	-0.283649	-0.950803	-0.19092	0.243976
0.733333	0.171288	0.332752	0.927328	-0.257577	0.923626	-0.283846	-0.950955	-0.190239	0.243915
0.766667	0.171353	0.333001	0.927226	-0.258203	0.923429	-0.283921	-0.950773	-0.190762	0.244214
0.8	0.171426	0.3334	0.927069	-0.258799	0.923191	-0.284151	-0.950598	-0.191214	0.244543
0.833333	0.171599	0.334059	0.9268	-0.259644	0.922829	-0.284555	-0.950336	-0.191809	0.245093
0.866667	0.171805	0.334271	0.926686	-0.259533	0.9228	-0.284752	-0.950329	-0.191583	0.245295
0.9	0.17213	0.334685	0.926475	-0.259516	0.922696	-0.285104	-0.950275	-0.19136	0.24568
0.933333	0.172268	0.335263	0.926241	-0.260145	0.922399	-0.285489	-0.950078	-0.191776	0.246117
0.966667	0.172258	0.335807	0.926046	-0.260766	0.922105	-0.285872	-0.94991	-0.192237	0.246407
1	0.17237	0.336591	0.92574	-0.261378	0.921746	-0.286471	-0.949721	-0.192589	0.246859
1.03333	0.172285	0.337326	0.925489	-0.261887	0.92141	-0.287088	-0.949596	-0.192912	0.247087
1.06667	0.172232	0.337784	0.925332	-0.26198	0.921246	-0.28753	-0.94958	-0.192896	0.24716
1.1	0.172118	0.337924	0.925302	-0.261713	0.921249	-0.287762	-0.949675	-0.192634	0.247002
1.13333	0.171761	0.337944	0.92536	-0.261014	0.921362	-0.288036	-0.949932	-0.192058	0.246462
1.16667	0.171819	0.337542	0.925496	-0.260134	0.921668	-0.287852	-0.950162	-0.191294	0.246166
1.2	0.171955	0.336903	0.925704	-0.259041	0.922094	-0.287471	-0.950436	-0.190364	0.24583
1.23333	0.172028	0.336369	0.925884	-0.258362	0.9224	-0.2871	-0.950608	-0.189824	0.245584
1.26667	0.172024	0.336166	0.925959	-0.257916	0.922552	-0.287014	-0.95073	-0.189446	0.245403
1.3	0.172381	0.335785	0.926031	-0.257358	0.922803	-0.286708	-0.950816	-0.188899	0.245491
1.33333	0.172462	0.335412	0.926151	-0.256932	0.923008	-0.286429	-0.950917	-0.18856	0.245362
1.36667	0.171711	0.335342	0.926316	-0.257145	0.922942	-0.286453	-0.950995	-0.18901	0.244711
1.4	0.169411	0.335892	0.92654	-0.257316	0.922595	-0.287414	-0.951361	-0.189723	0.242728
1.43333	0.164755	0.337578	0.926767	-0.257488	0.921745	-0.289975	-0.952132	-0.190857	0.238784
1.46667	0.159133	0.340862	0.926547	-0.259615	0.919924	-0.293837	-0.952511	-0.193787	0.234883
1.5	0.154516	0.346914	0.925081	-0.264046	0.916768	-0.299693	-0.952053	-0.197957	0.233257
1.53333	0.153751	0.35369	0.92264	-0.269837	0.91328	-0.305136	-0.950552	-0.202048	0.235856
1.56667	0.156158	0.360599	0.919556	-0.275407	0.909952	-0.310063	-0.94856	-0.204833	0.241408
1.6	0.158901	0.366601	0.916708	-0.280532	0.907	-0.314091	-0.9466	-0.207256	0.246966
1.63333	0.16095	0.37184	0.914238	-0.284088	0.904565	-0.317893	-0.945193	-0.208559	0.251225
1.66667	0.16273	0.377033	0.911792	-0.287871	0.902046	-0.321626	-0.943742	-0.21014	0.255326
1.7	0.164659	0.382785	0.909045	-0.291796	0.899277	-0.325817	-0.942201	-0.211607	0.259769
1.73333	0.167225	0.387699	0.906491	-0.295837	0.896801	-0.328981	-0.940487	-0.21316	0.264663
1.76667	0.16998	0.39193	0.904156	-0.296905	0.895242	-0.332249	-0.939657	-0.211972	0.268539
1.8	0.171982	0.394979	0.902449	-0.295521	0.894592	-0.335221	-0.939729	-0.20904	0.270578
1.83333	0.173905	0.396704	0.901323	-0.291311	0.89503	-0.337727	-0.940689	-0.203833	0.271215
1.86667	0.173052	0.396205	0.901707	-0.285042	0.896487	-0.339207	-0.942764	-0.198324	0.268074
1.9	0.16853	0.39335	0.90381	-0.274923	0.899297	-0.340122	-0.946581	-0.191157	0.259699
1.93333	0.158043	0.385937	0.908887	-0.260227	0.904195	-0.338694	-0.952525	-0.182989	0.243333
1.96667	0.140857	0.362527	0.921267	-0.241669	0.914986	-0.323105	-0.960081	-0.17713	0.216494
2	0.105254	0.302658	0.94727	-0.22524	0.935061	-0.27373	-0.968601	-0.184552	0.166589
2.03333	0.0442238	0.188275	0.98112	-0.250613	0.952768	-0.171538	-0.967077	-0.238295	0.0893193
2.06667	0.00599269	-0.00775641	0.999952	-0.375666	0.926707	0.00943963	-0.926736	-0.375705	0.00263965
2.1	0.0690987	-0.237555	0.968913	-0.577932	0.782124	0.232974	-0.813155	-0.576064	-0.0832467
2.13333	0.129959	-0.362388	0.922922	-0.703892	0.621844	0.343286	-0.698317	-0.694251	-0.174268
2.16667	0.162948	-0.411251	0.896839	-0.714857	0.577293	0.394605	-0.680021	-0.705411	-0.199917
2.2	0.16182	-0.453842	0.876266	-0.630814	0.635282	0.445522	-0.758873	-0.624855	-0.183489
2.23333	0.134383	-0.471587	0.87152	-0.460475	0.749053	0.476322	-0.877442	-0.465322	-0.116494
2.26667	0.0974066	-0.427025	0.898978	-0.29258	0.851073	0.435971	-0.951267	-0.30549	-0.0420389
2.3	0.0671798	-0.341605	0.93744	-0.218461	0.911727	0.347891	-0.973531	-0.228165	-0.0133775
2.33333	0.115497	-0.235716	0.964934	-0.216668	0.942065	0.256064	-0.969389	-0.238645	0.0577336
2.36667	0.126676	-0.15826	0.979238	-0.212262	0.959999	0.182609	-0.968967	-0.230987	0.088016
2.4	0.084978	-0.132354	0.987553	-0.200837	0.96852	0.147085	-0.975932	-0.210836	0.0557212
2.43333	0.0640868	-0.138095	0.988343	-0.183989	0.971767	0.147709	-0.980837	-0.191311	0.0368695
2.46667	0.0506361	-0.140728	0.988753	-0.207626	0.966909	0.148252	-0.976897	-0.212798	0.0197417
2.5	0.0597518	-0.119503	0.991034	-0.217666	0.967358	0.129772	-0.974193	-0.223468	0.0317896
2.53333	0.0877399	-0.0727237	0.993485	-0.246579	0.964708	0.0923939	-0.965143	-0.25308	0.0667113
2.56667	0.116286	-0.0106923	0.993158	-0.248899	0.967721	0.0395614	-0.961523	-0.251796	0.109871
2.6	0.139523	0.0618763	0.988284	-0.227345	0.973387	-0.0288478	-0.963767	-0.220656	0.149877
2.63333	0.153951	0.147481	0.97701	-0.210231	0.971046	-0.113454	-0.965454	-0.187932	0.180499
2.66667	0.163245	0.228771	0.959695	-0.218291	0.95701	-0.190999	-0.962133	-0.178313	0.206166
2.7	0.178416	0.292745	0.939398	-0.23748	0.939304	-0.247612	-0.954867	-0.17891	0.237108
2.73333	0.198474	0.332344	0.922039	-0.256677	0.925545	-0.278357	-0.945899	-0.18142	0.269002
2.76667	0.211109	0.349688	0.912771	-0.254414	0.921289	-0.294109	-0.943773	-0.170133	0.283457
2.8	0.199006	0.347073	0.916481	-0.224035	0.926533	-0.302233	-0.954047	-0.145177	0.262142
2.83333	0.150101	0.335049	0.930168	-0.207558	0.930539	-0.301689	-0.966638	-0.14778	0.209217
2.86667	0.0530449	0.311656	0.948713	-0.234503	0.927371	-0.291534	-0.970667	-0.207011	0.122277
2.9	-0.117997	0.255003	0.959714	-0.307695	0.909509	-0.279494	-0.94414	-0.328279	-0.0288565
2.93333	-0.36699	0.0907217	0.925791	-0.471769	0.839594	-0.269287	-0.801719	-0.535585	-0.265323
2.96667	-0.491554	-0.200013	0.847567	-0.753918	0.584872	-0.29922	-0.435871	-0.786079	-0.438289
3	-0.396996	-0.204167	0.894824	-0.882464	0.352905	-0.310992	-0.252293	-0.913112	-0.320272
3.03333	-0.313566	-0.0680535	0.947125	-0.908846	0.310465	-0.278586	-0.275091	-0.948146	-0.159202
3.06667	-0.205086	0.0451507	0.977702	-0.93331	0.291801	-0.20925	-0.294742	-0.955413	-0.0177049
3.1	-0.0696661	0.133432	0.988606	-0.949086	0.296334	-0.106877	-0.307219	-0.945718	0.105994
3.13333	0.0249106	0.163148	0.986287	-0.931922	0.360853	-0.0361534	-0.361803	-0.918242	0.16103
3.16667	0.0659703	0.103132	0.992478	-0.878698	0.477298	0.00880977	-0.472799	-0.872669	0.122109
3.2	0.0347197	-0.0194261	0.999208	-0.695359	0.717651	0.038114	-0.717823	-0.696132	0.0114086
3.23333	0.00950505	-0.00773536	0.999925	-0.328253	0.944532	0.0104271	-0.944542	-0.328328	0.00643867
3.26667	0.116963	0.0475515	0.991997	-0.202142	0.979084	-0.0230986	-0.972347	-0.197823	0.124128
3.3	0.159309	0.0963056	0.98252	-0.216766	0.974356	-0.0603583	-0.963137	-0.203361	0.176099
3.33333	0.0741691	0.086494	0.993488	-0.201267	0.977029	-0.0700354	-0.976724	-0.194762	0.0898738
3.36667	-0.039097	-0.0252279	0.998917	-0.143686	0.989434	0.0193647	-0.988851	-0.142773	-0.0423088
3.4	-0.0259088	-0.086709	0.995897	-0.152899	0.984853	0.0817697	-0.987902	-0.150153	-0.0387741
3.43333	0.0232085	-0.127602	0.991554	-0.108216	0.985673	0.129379	-0.993856	-0.110304	0.0090674
3.46667	0.0747599	-0.116717	0.990347	-0.0936713	0.987913	0.123502	-0.992792	-0.102	0.0629233
3.5	0.110804	-0.0439367	0.992871	-0.0938924	0.994091	0.0544691	-0.989397	-0.0992584	0.106024
3.53333	0.136287	0.0610031	0.988789	-0.135158	0.989915	-0.0424434	-0.981406	-0.127859	0.143157
3.56667	0.160195	0.153071	0.975144	-0.16196	0.97859	-0.127006	-0.973708	-0.137588	0.181557
3.6	0.183117	0.217829	0.958655	-0.185923	0.965219	-0.183806	-0.96535	-0.144577	0.217247
3.63333	0.200814	0.251568	0.946777	-0.183873	0.958967	-0.215807	-0.962219	-0.13075	0.23883
3.66667	0.200728	0.261451	0.944114	-0.181464	0.956974	-0.226431	-0.962694	-0.125872	0.239535
3.7	0.17579	0.267528	0.947379	-0.20391	0.951389	-0.230824	-0.963078	-0.152604	0.221797
3.73333	0.109485	0.26503	0.958004	-0.242321	0.941836	-0.232863	-0.963999	-0.20665	0.167339
3.76667	-0.036509	0.21594	0.975724	-0.30156	0.928479	-0.216768	-0.952748	-0.302153	0.0312209
3.8	-0.284744	0.0269989	0.958223	-0.499366	0.849082	-0.172314	-0.818263	-0.52757	-0.228289
3.83333	-0.330792	-0.21541	0.91879	-0.828792	0.53192	-0.173681	-0.451311	-0.818938	-0.354485
3.86667	-0.236683	-0.137253	0.961843	-0.914139	0.366824	-0.172599	-0.329137	-0.92011	-0.212289
3.9	-0.164151	0.00424545	0.986426	-0.92193	0.355017	-0.154946	-0.350856	-0.93485	-0.0543623
3.93333	-0.085299	0.12145	0.988926	-0.924977	0.359258	-0.123904	-0.370327	-0.925302	0.0816941
3.96667	-0.00348091	0.20479	0.9788	-0.927023	0.366383	-0.0799535	-0.374989	-0.907648	0.18857
4	0.0379484	0.228107	0.972896	-0.917014	0.39479	-0.0567945	-0.397045	-0.890004	0.224159
4.03333	0.0627974	0.166035	0.984118	-0.877983	0.478057	-0.0246305	-0.474554	-0.862493	0.175797
4.06667	0.0300331	0.0396582	0.998762	-0.703857	0.710306	-0.00703917	-0.709706	-0.702774	0.0492464
4.1	0.0227657	0.048285	0.998574	-0.339563	0.939827	-0.0377029	-0.940308	-0.33822	0.0377916
4.13333	0.126682	0.114874	0.985269	-0.236076	0.968223	-0.0825327	-0.963442	-0.222143	0.149776
4.16667	0.134576	0.146346	0.980037	-0.221498	0.968451	-0.1142	-0.96583	-0.201708	0.162746
4.2	0.0219913	0.122618	0.99221	-0.196543	0.973613	-0.115964	-0.980249	-0.192462	0.0455108
4.23333	-0.0745322	0.0189957	0.997038	-0.196264	0.979984	-0.0333422	-0.977714	-0.198167	-0.0693122
4.26667	-0.0654454	-0.0403917	0.997038	-0.147263	0.988631	0.0303848	-0.98693	-0.144838	-0.0706495
4.3	-0.0161148	-0.0872149	0.996059	-0.0866947	0.992559	0.0855058	-0.996105	-0.0849751	-0.0235559
4.33333	0.0340362	-0.100686	0.994336	-0.0711725	0.992142	0.1029	-0.996883	-0.0742716	0.0266027
4.36667	0.0687844	-0.0568155	0.996012	-0.0744986	0.995297	0.0619195	-0.994846	-0.0784606	0.0642282
4.4	0.0889322	0.0194357	0.995848	-0.108351	0.994065	-0.00972481	-0.990127	-0.107036	0.0905103
4.43333	0.10713	0.0981685	0.989387	-0.145207	0.985988	-0.0821085	-0.983584	-0.13487	0.119883
4.46667	0.129552	0.168674	0.977121	-0.174039	0.973996	-0.14506	-0.97618	-0.151264	0.155539
4.5	0.140565	0.221954	0.964872	-0.185994	0.963117	-0.194454	-0.972444	-0.152127	0.176662
4.53333	0.151272	0.245317	0.957568	-0.18857	0.958088	-0.21566	-0.970339	-0.147945	0.191191
4.56667	0.157083	0.248526	0.955803	-0.18772	0.957688	-0.218164	-0.96958	-0.145153	0.19709
4.6	0.136598	0.249301	0.958744	-0.215066	0.952196	-0.216957	-0.966999	-0.176558	0.183685
4.63333	0.0617527	0.223382	0.972773	-0.254819	0.945863	-0.201026	-0.965015	-0.235467	0.115331
4.66667	-0.113521	0.117569	0.986555	-0.358182	0.921358	-0.151015	-0.926725	-0.37051	-0.0624823
4.7	-0.292481	-0.16582	0.941785	-0.700242	0.707844	-0.0928375	-0.651242	-0.68663	-0.323145
4.73333	-0.25469	-0.212391	0.94341	-0.912388	0.376054	-0.161654	-0.320439	-0.901928	-0.28956
4.76667	-0.163936	-0.0374761	0.985759	-0.92658	0.348731	-0.140837	-0.338487	-0.936473	-0.0918944
4.8	-0.0940486	0.132788	0.986672	-0.909355	0.391959	-0.139429	-0.40525	-0.910349	0.0838884
4.83333	-0.0272872	0.264122	0.964103	-0.910178	0.392213	-0.13321	-0.413317	-0.881141	0.229696
4.86667	0.0188013	0.355563	0.934463	-0.925314	0.360227	-0.118449	-0.378735	-0.862445	0.33578
4.9	0.055006	0.396077	0.916568	-0.936417	0.339064	-0.0903225	-0.34655	-0.853322	0.389544
4.93333	0.078816	0.369318	0.925955	-0.919967	0.384725	-0.0751416	-0.38399	-0.845926	0.370083
4.96667	0.0550714	0.251483	0.966294	-0.829526	0.550171	-0.0959086	-0.555746	-0.796284	0.238911
5	-0.000800135	0.182722	0.983164	-0.514212	0.843149	-0.157119	-0.857663	-0.50568	0.0932834
5.03333	0.0962719	0.237272	0.966661	-0.30671	0.930987	-0.19797	-0.946922	-0.277425	0.162402
5.06667	0.164423	0.286212	0.943953	-0.292026	0.928202	-0.230569	-0.942171	-0.237748	0.236199
5.1	0.0638223	0.252923	0.965379	-0.214304	0.948257	-0.234269	-0.97468	-0.191933	0.114722
