0	0	1	0	0	0	-1	-1	0	0
0.0333333	0.99542	-0.0715358	0.0634223	0.0824626	0.978118	-0.191012	-0.0483703	0.195367	0.979537
0.0666667	0.998904	-0.0059711	0.0464342	0.00813638	0.998881	-0.046583	-0.0461041	0.0469097	0.997835
0.1	0.999017	0.0159912	0.0413432	-0.0169043	0.999619	0.0218314	-0.0409783	-0.0225089	0.998906
0.133333	0.998869	0.0250188	0.0404294	-0.027264	0.99806	0.0559715	-0.0389507	-0.0570104	0.997613
0.166667	0.998754	0.0292771	0.0404231	-0.0322972	0.996569	0.0762007	-0.0380535	-0.0774112	0.996273
0.2	0.998669	0.0321883	0.0403117	-0.0356277	0.995507	0.0877305	-0.0373067	-0.0890499	0.995328
0.233333	0.998607	0.0337531	0.0405445	-0.0374415	0.994872	0.0939535	-0.0371654	-0.0953407	0.994751
0.266667	0.998563	0.0350745	0.0405192	-0.0389509	0.994303	0.0992176	-0.0368083	-0.100653	0.99424
0.3	0.998538	0.0359417	0.0403704	-0.0399327	0.993895	0.102847	-0.0364275	-0.104309	0.993878
0.333333	0.998528	0.0365243	0.0400959	-0.0405557	0.993663	0.104827	-0.0360131	-0.106299	0.993682
0.366667	0.998493	0.0372402	0.0402976	-0.0413599	0.993424	0.106761	-0.0360568	-0.108267	0.993468
0.4	0.998479	0.0378935	0.0400459	-0.0420109	0.993311	0.107552	-0.0357025	-0.109071	0.993393
0.433333	0.998433	0.038165	0.0409196	-0.0424484	0.993079	0.109508	-0.036457	-0.111073	0.993143
0.466667	0.998453	0.038549	0.040082	-0.0427168	0.99313	0.108939	-0.0356071	-0.110483	0.99324
0.5	0.998363	0.0396494	0.0412248	-0.0440224	0.992819	0.111234	-0.0365184	-0.112866	0.992939
0.533333	0.998333	0.0407248	0.0409106	-0.0450288	0.992858	0.110481	-0.0361191	-0.112139	0.993036
0.566667	0.998257	0.0416873	0.0417787	-0.0461245	0.992684	0.111582	-0.0368216	-0.113314	0.992877
0.6	0.998105	0.0444488	0.0425542	-0.0490063	0.992402	0.112853	-0.0372147	-0.114724	0.9927
0.633333	0.997912	0.0466155	0.044699	-0.0514117	0.992268	0.112963	-0.0390876	-0.115025	0.992593
0.666667	0.997835	0.0463683	0.0466459	-0.0514532	0.992092	0.114482	-0.0409687	-0.116634	0.99233
0.7	0.997763	0.0465506	0.0479896	-0.0517369	0.992224	0.113204	-0.0423467	-0.115433	0.992412
0.733333	0.997692	0.0470385	0.0489642	-0.0523281	0.992211	0.113046	-0.0432652	-0.115348	0.992383
0.766667	0.99763	0.0473774	0.0498904	-0.0528648	0.991943	0.115129	-0.0440339	-0.117493	0.992097
0.8	0.997629	0.0466557	0.0505933	-0.052457	0.991367	0.120169	-0.0445499	-0.122538	0.991463
0.833333	0.997749	0.0448127	0.0498914	-0.0507491	0.990871	0.124895	-0.0438391	-0.127146	0.990915
0.866667	0.998053	0.0389794	0.048691	-0.0449083	0.990848	0.127295	-0.0432835	-0.129234	0.990669
0.9	0.998484	0.0259114	0.0485586	-0.0318638	0.991503	0.126122	-0.044878	-0.127478	0.990826
0.933333	0.998815	0.00985033	0.0476686	-0.0158261	0.99182	0.126657	-0.0460311	-0.127262	0.990801
0.966667	0.998859	-0.00671673	0.0472879	-0.000105844	0.989749	0.142819	-0.0477624	-0.142661	0.988619
1	0.998298	-0.0313917	0.0491407	0.0240246	0.989298	0.143915	-0.0531326	-0.142489	0.988369
1.03333	0.997719	-0.0489251	0.0465005	0.0417072	0.988524	0.145192	-0.0530704	-0.142921	0.98831
1.06667	0.996737	-0.0597618	0.0542548	0.0520974	0.989734	0.133091	-0.0616515	-0.12983	0.989618
1.1	0.99561	-0.0673176	0.0650387	0.0587066	0.990257	0.126276	-0.0729056	-0.121903	0.989861
1.13333	0.994448	-0.0701426	0.0784399	0.0600045	0.990357	0.12487	-0.0864422	-0.11947	0.989068
1.16667	0.99301	-0.0698257	0.0951564	0.0572845	0.990029	0.128687	-0.103193	-0.122337	0.987109
1.2	0.99167	-0.0668541	0.110098	0.0526024	0.990428	0.127613	-0.117576	-0.120758	0.985694
1.23333	0.990373	-0.0633449	0.12308	0.0484891	0.99157	0.120155	-0.129654	-0.11303	0.985096
1.26667	0.989228	-0.0613002	0.132928	0.0459926	0.992263	0.115317	-0.138968	-0.107961	0.984394
1.3	0.988511	-0.0605687	0.138482	0.0444473	0.992174	0.11668	-0.144465	-0.109185	0.983468
1.33333	0.987776	-0.0632339	0.14248	0.0456256	0.991279	0.123628	-0.149055	-0.115616	0.982047
1.36667	0.986534	-0.0722149	0.146751	0.05231	0.989432	0.135236	-0.154966	-0.125739	0.979885
1.4	0.984798	-0.0878824	0.149833	0.065762	0.986996	0.146678	-0.160775	-0.134595	0.977771
1.43333	0.984137	-0.0999482	0.14658	0.0771762	0.985121	0.153562	-0.159747	-0.139814	0.977207
1.46667	0.984093	-0.108778	0.140457	0.0871742	0.98457	0.151732	-0.154794	-0.137074	0.978391
1.5	0.985784	-0.101911	0.133584	0.0828477	0.986505	0.141225	-0.146174	-0.12815	0.980923
1.53333	0.989667	-0.0746876	0.122393	0.0591781	0.99029	0.12579	-0.1306	-0.117247	0.984478
1.56667	0.993964	-0.0402436	0.102059	0.0289629	0.993543	0.109697	-0.105815	-0.106079	0.988711
1.6	0.997149	-0.00640693	0.0751851	-0.00085536	0.995365	0.0961647	-0.0754528	-0.0959549	0.992522
1.63333	0.998579	0.0235194	0.0478289	-0.0278751	0.995318	0.0925427	-0.0454284	-0.0937444	0.994559
1.66667	0.99856	0.0506557	0.0176578	-0.0522288	0.993157	0.104458	-0.0122455	-0.10523	0.994373
1.7	0.997038	0.0748029	-0.0179	-0.0718576	0.9889	0.13005	0.0274294	-0.128378	0.991346
1.73333	0.994982	0.0850095	-0.0527645	-0.0769045	0.987133	0.140191	0.0640031	-0.135429	0.988718
1.76667	0.991979	0.0922489	-0.0864222	-0.07805	0.98478	0.155295	0.0994326	-0.147304	0.984081
1.8	0.988916	0.0941696	-0.11479	-0.074063	0.982946	0.168321	0.128683	-0.157953	0.979026
1.83333	0.986192	0.0884535	-0.140005	-0.0623881	0.981561	0.180679	0.153405	-0.16945	0.973526
1.86667	0.983493	0.0761783	-0.164132	-0.0431913	0.979674	0.195889	0.175718	-0.185567	0.966793
1.9	0.980365	0.0676131	-0.18524	-0.02742	0.976996	0.211489	0.195278	-0.202257	0.959666
1.93333	0.978471	0.0630731	-0.196511	-0.0186164	0.975249	0.220325	0.205544	-0.211923	0.955427
1.96667	0.979518	0.0597303	-0.192293	-0.0155241	0.974549	0.223638	0.200757	-0.216072	0.955515
2	0.983618	0.0562273	-0.171271	-0.0167963	0.974563	0.223482	0.17948	-0.216944	0.959543
2.03333	0.988479	0.0553199	-0.140884	-0.0234869	0.975601	0.218292	0.149523	-0.212468	0.965661
2.06667	0.993859	0.0431068	-0.101917	-0.0202288	0.97626	0.215656	0.108793	-0.21227	0.971136
2.1	0.99757	0.0241389	-0.0653588	-0.00980315	0.977363	0.211343	0.0689809	-0.210189	0.975224
2.13333	0.99927	0.00382793	-0.0380016	0.00337969	0.9822	0.187809	0.0380441	-0.1878	0.98147
2.16667	0.999788	-0.016476	-0.0123606	0.0180606	0.989771	0.14152	0.00990251	-0.141713	0.989858
2.2	0.999239	-0.0367236	0.0131649	0.0353032	0.994808	0.0954485	-0.0166017	-0.0949111	0.995347
2.23333	0.997728	-0.0561348	0.0372489	0.0534579	0.99616	0.0693368	-0.0409981	-0.067188	0.996898
2.26667	0.995734	-0.0728177	0.0566719	0.0692105	0.995598	0.0632037	-0.0610248	-0.0590118	0.99639
2.3	0.993389	-0.0882053	0.0734687	0.0834657	0.994371	0.0652638	-0.0788118	-0.0587003	0.99516
2.33333	0.99073	-0.101658	0.0901097	0.0959115	0.993202	0.0659653	-0.096203	-0.0567112	0.993745
2.36667	0.988509	-0.107384	0.10639	0.100975	0.992833	0.0639212	-0.112492	-0.0524439	0.992268
2.4	0.987752	-0.100352	0.119481	0.0939036	0.993864	0.0584426	-0.124613	-0.0465071	0.991115
2.43333	0.988622	-0.0788149	0.128121	0.0738308	0.996335	0.0432038	-0.131057	-0.033253	0.990817
2.46667	0.989834	-0.0552217	0.131069	0.0516745	0.998204	0.030315	-0.132507	-0.023234	0.99091
2.5	0.989411	-0.0408178	0.139286	0.0382254	0.999043	0.0212375	-0.14002	-0.0156884	0.990024
2.53333	0.987833	-0.0334379	0.151883	0.0311467	0.999363	0.0174403	-0.152369	-0.0124974	0.988245
2.56667	0.987036	-0.0123344	0.160025	0.0100399	0.999835	0.015139	-0.160185	-0.0133361	0.986997
2.6	0.986839	0.0166085	0.160852	-0.0182153	0.999798	0.00851962	-0.160677	-0.0113374	0.986942
2.63333	0.988123	0.0455617	0.146757	-0.0462637	0.998928	0.00137238	-0.146537	-0.00814561	0.989172
2.66667	0.990343	0.0658718	0.121987	-0.0653197	0.997828	-0.00852373	-0.122283	0.000473292	0.992495
2.7	0.992302	0.0831002	0.0918172	-0.0815116	0.996453	-0.0209251	-0.0932304	0.0132799	0.995556
2.73333	0.993705	0.0962421	0.0573323	-0.0952064	0.995246	-0.020538	-0.0590363	0.0149504	0.998144
2.76667	0.994128	0.106919	0.0166743	-0.106963	0.994261	0.00177612	-0.0163888	-0.00354923	0.999859
2.8	0.993108	0.113587	-0.0288807	-0.112445	0.992912	0.0384926	0.0330483	-0.0349798	0.998841
2.83333	0.99028	0.116317	-0.0762556	-0.11017	0.990655	0.0804096	0.084896	-0.071227	0.993841
2.86667	0.986618	0.110237	-0.120138	-0.0958156	0.988158	0.119847	0.131927	-0.106732	0.985497
2.9	0.982702	0.0952243	-0.158838	-0.0699089	0.984965	0.157978	0.171494	-0.144141	0.974584
2.93333	0.977509	0.0817424	-0.19441	-0.0420447	0.978858	0.200171	0.206662	-0.187495	0.960279
2.96667	0.972526	0.0740313	-0.220709	-0.0185753	0.969742	0.243426	0.232052	-0.232638	0.944474
3	0.970826	0.0701128	-0.229305	-0.00437086	0.961312	0.275428	0.239744	-0.26639	0.933573
3.03333	0.973697	0.0687967	-0.21721	-0.00234181	0.956297	0.292389	0.227833	-0.28419	0.931305
3.06667	0.978694	0.0683005	-0.19363	-0.00786427	0.954828	0.297053	0.205173	-0.289202	0.935022
3.1	0.985597	0.0580901	-0.158819	-0.00804847	0.954199	0.299063	0.168918	-0.293478	0.940924
3.13333	0.99111	0.0424256	-0.126097	-0.00465015	0.958261	0.285858	0.132962	-0.28273	0.949939
3.16667	0.994637	0.0310119	-0.0986663	-0.00549618	0.968488	0.249	0.103279	-0.247123	0.963465
3.2	0.997695	0.0150173	-0.066173	-0.00245368	0.98255	0.185985	0.0678112	-0.185394	0.980322
3.23333	0.999574	-0.00306234	-0.0290254	0.00657037	0.992564	0.121549	0.0284373	-0.121688	0.992161
3.26667	0.999767	-0.019118	0.00999364	0.0183111	0.996985	0.0753969	-0.011405	-0.0751964	0.997104
3.3	0.998326	-0.0325303	0.0478136	0.0300412	0.998201	0.0518872	-0.0494155	-0.0503639	0.997508
3.33333	0.995492	-0.0440648	0.0839933	0.0411747	0.998509	0.0358375	-0.0854472	-0.0322175	0.995822
3.36667	0.991668	-0.0506335	0.118455	0.0495899	0.998701	0.0117431	-0.118896	-0.00577111	0.99289
3.4	0.987995	-0.0455436	0.147618	0.0477436	0.998795	-0.0113921	-0.146921	0.0183032	0.988979
3.43333	0.985286	-0.0280909	0.168592	0.0329997	0.999107	-0.0263856	-0.167701	0.0315608	0.985333
3.46667	0.983381	-0.00814613	0.181372	0.0133537	0.999532	-0.0275094	-0.181063	0.0294742	0.98303
3.5	0.980801	0.00105404	0.195007	0.00470824	0.999566	-0.0290832	-0.194953	0.0294429	0.980371
3.53333	0.977664	-0.00274146	0.210154	0.0122871	0.99895	-0.0441298	-0.209813	0.0457263	0.976672
3.56667	0.976669	0.00138043	0.214747	0.0135025	0.997606	-0.0678219	-0.214327	0.0691392	0.974312
3.6	0.978675	0.0140327	0.204934	0.00360524	0.996337	-0.0854401	-0.205383	0.0843569	0.975039
3.63333	0.983253	0.0302948	0.17971	-0.0159893	0.996624	-0.0805244	-0.181543	0.0763024	0.980418
3.66667	0.987842	0.0450142	0.148802	-0.035836	0.997319	-0.0637977	-0.151275	0.0576895	0.986807
3.7	0.991782	0.0601805	0.1129	-0.0550928	0.997343	-0.0476573	-0.115468	0.0410457	0.992463
3.73333	0.994806	0.071593	0.0723622	-0.0696438	0.997147	-0.0291131	-0.0742401	0.0239223	0.996953
3.76667	0.996718	0.0771535	0.0245104	-0.0771388	0.997019	-0.00154391	-0.0245564	-0.000351854	0.999698
3.8	0.996556	0.0779222	-0.0283486	-0.0769083	0.996415	0.0352537	0.030994	-0.032952	0.998976
3.83333	0.993768	0.0753443	-0.082145	-0.0689074	0.994525	0.0785659	0.0876148	-0.0724159	0.993519
3.86667	0.989076	0.0668378	-0.13138	-0.0511053	0.991497	0.119672	0.138261	-0.11165	0.984082
3.9	0.982858	0.0516055	-0.176993	-0.0236194	0.98736	0.156722	0.182844	-0.149855	0.971654
3.93333	0.974889	0.0341143	-0.220062	0.00864744	0.981652	0.190486	0.222522	-0.187606	0.956707
3.96667	0.967078	0.0206564	-0.253639	0.0381555	0.973663	0.224775	0.251602	-0.227053	0.940821
4	0.963442	0.0165455	-0.267405	0.0550153	0.964604	0.2579	0.262207	-0.263183	0.92843
4.03333	0.965587	0.016895	-0.25953	0.0599432	0.956565	0.28529	0.253077	-0.29103	0.922634
4.06667	0.971238	0.0211051	-0.237172	0.0530027	0.95191	0.301757	0.232135	-0.305649	0.923413
4.1	0.978955	0.0124523	-0.203696	0.0520944	0.94982	0.308427	0.197316	-0.312548	0.929183
4.13333	0.985456	0.00502635	-0.169854	0.0464612	0.953505	0.297775	0.163453	-0.301336	0.939404
4.16667	0.990513	0.00297398	-0.13739	0.0325915	0.966159	0.255881	0.133502	-0.257931	0.956895
4.2	0.99548	-0.00352728	-0.0949101	0.0213697	0.982005	0.187644	0.0925403	-0.188824	0.977641
4.23333	0.998896	-0.0127105	-0.0452247	0.0180976	0.992514	0.120781	0.0433509	-0.121466	0.991649
4.26667	0.999808	-0.0187852	0.00561467	0.0183405	0.997318	0.0708566	-0.00693067	-0.07074	0.997471
4.3	0.99814	-0.0262104	0.0550383	0.0244489	0.999175	0.0324393	-0.0558431	-0.0310333	0.997957
4.33333	0.994292	-0.0316918	0.101879	0.0320623	0.999484	-0.00200121	-0.101763	0.00525625	0.994795
4.36667	0.989098	-0.0298536	0.144199	0.0350596	0.998817	-0.0336967	-0.143023	0.0383849	0.988975
4.4	0.983862	-0.0199361	0.177818	0.0298366	0.998139	-0.0531786	-0.176426	0.0576258	0.982626
4.43333	0.979274	-0.00429574	0.202496	0.0158772	0.998327	-0.0556043	-0.201918	0.0576669	0.977703
4.46667	0.974588	0.00538903	0.223938	0.00696771	0.998498	-0.0543524	-0.223895	0.0545316	0.973087
4.5	0.969365	0.00409398	0.245591	0.0117393	0.997946	-0.0629716	-0.245345	0.0639256	0.967326
4.53333	0.965841	0.00579357	0.259072	0.0183553	0.995709	-0.090697	-0.258486	0.0923542	0.96159
4.56667	0.966175	0.0158378	0.2574	0.0161861	0.99242	-0.121819	-0.257378	0.121865	0.958595
4.6	0.971029	0.0344465	0.236467	-0.00390363	0.99171	-0.128434	-0.238931	0.12379	0.963114
4.63333	0.97858	0.0496582	0.199788	-0.0307304	0.994834	-0.0967507	-0.20356	0.0885388	0.975051
4.66667	0.985364	0.0638471	0.158058	-0.0556251	0.996885	-0.0559117	-0.161135	0.0463013	0.985846
4.7	0.990709	0.0760163	0.112774	-0.0738789	0.997002	-0.0230189	-0.114186	0.0144734	0.993354
4.73333	0.99449	0.0840596	0.0626404	-0.0842287	0.996446	6.02908e-05	-0.0624128	-0.00533608	0.998036
4.76667	0.995984	0.0891477	0.0082912	-0.0893507	0.995589	0.0286301	-0.00570231	-0.029256	0.999556
4.8	0.99453	0.0940905	-0.0453521	-0.0906807	0.993263	0.0721449	0.0518347	-0.0676377	0.996363
4.83333	0.990778	0.0956019	-0.0960177	-0.0835581	0.98895	0.122457	0.106664	-0.113304	0.987818
4.86667	0.985468	0.0927829	-0.142285	-0.0670448	0.982093	0.176062	0.156073	-0.163964	0.974042
