0	0.898366	-0.439248	0	0.439248	0.898366	0	0	0	1
0.0333333	0.770874	-0.628321	-0.104717	0.622808	0.777954	-0.0830585	0.133652	-0.00119074	0.991028
0.0666667	0.729827	-0.652608	-0.203606	0.631145	0.757661	-0.166152	0.262696	-0.00724305	0.964851
0.1	0.701297	-0.657987	-0.274293	0.617318	0.75297	-0.227937	0.356514	-0.00947429	0.934242
0.133333	0.680344	-0.657638	-0.323487	0.599146	0.753277	-0.271289	0.422085	-0.00924575	0.906509
0.166667	0.665485	-0.655259	-0.357442	0.58203	0.755365	-0.301105	0.467301	-0.00766078	0.884065
0.2	0.655648	-0.652239	-0.380408	0.56775	0.757994	-0.3211	0.497781	-0.00544841	0.867286
0.233333	0.648699	-0.649629	-0.396449	0.556642	0.760244	-0.334931	0.518979	-0.00341088	0.85478
0.266667	0.644296	-0.647485	-0.406996	0.548579	0.762077	-0.343948	0.532863	-0.00166508	0.8462
0.3	0.641752	-0.645372	-0.414306	0.542127	0.763868	-0.350148	0.542451	0.000102131	0.840088
0.333333	0.640223	-0.643556	-0.419464	0.537125	0.765397	-0.354491	0.549192	0.00164883	0.835695
0.366667	0.638694	-0.642664	-0.423148	0.534005	0.766145	-0.357577	0.553994	0.00241896	0.832517
0.4	0.638019	-0.641666	-0.425671	0.531389	0.766977	-0.359682	0.557276	0.0032873	0.830321
0.433333	0.636867	-0.641175	-0.428129	0.529408	0.767386	-0.361728	0.560471	0.00371769	0.828166
0.466667	0.637219	-0.639935	-0.429458	0.527157	0.768414	-0.36283	0.562189	0.00481038	0.826995
0.5	0.636683	-0.639764	-0.430507	0.526353	0.768555	-0.363698	0.563549	0.00496134	0.826067
0.533333	0.637837	-0.638183	-0.431146	0.524079	0.769858	-0.364224	0.564363	0.00636082	0.825502
0.566667	0.639089	-0.636955	-0.431108	0.522619	0.770865	-0.364193	0.564301	0.00744624	0.825536
0.6	0.641002	-0.63537	-0.430607	0.520994	0.772157	-0.363784	0.563633	0.00884262	0.825978
0.633333	0.642267	-0.634232	-0.430399	0.519742	0.77308	-0.363615	0.563349	0.00984178	0.82616
0.666667	0.643216	-0.633383	-0.430232	0.518814	0.773766	-0.36348	0.563121	0.0105857	0.826307
0.7	0.644595	-0.632241	-0.429848	0.517657	0.774686	-0.363171	0.562608	0.0115844	0.826643
0.733333	0.645799	-0.63117	-0.429614	0.516503	0.775543	-0.362983	0.562288	0.0125173	0.826847
0.766667	0.646047	-0.631153	-0.429266	0.516678	0.775557	-0.362705	0.561843	0.0125325	0.827149
0.8	0.644622	-0.632281	-0.429749	0.517761	0.774653	-0.363092	0.562483	0.0115502	0.826728
0.833333	0.642432	-0.633845	-0.430723	0.519092	0.773393	-0.363877	0.563759	0.0101812	0.825876
0.866667	0.638658	-0.636551	-0.432341	0.521434	0.771195	-0.365191	0.565882	0.00779465	0.824449
0.9	0.63221	-0.640476	-0.436006	0.524075	0.767966	-0.368203	0.570663	0.00428159	0.821173
0.933333	0.623127	-0.647305	-0.438987	0.530646	0.762229	-0.370704	0.574567	-0.00195108	0.818455
0.966667	0.609558	-0.660391	-0.438547	0.546971	0.750789	-0.370322	0.573814	-0.0141399	0.818864
1	0.60069	-0.66696	-0.440835	0.553687	0.744815	-0.3724	0.576716	-0.0203871	0.81669
1.03333	0.598734	-0.673329	-0.433758	0.565922	0.738869	-0.365793	0.56679	-0.02646	0.823438
1.06667	0.596982	-0.675061	-0.433481	0.568228	0.737227	-0.365531	0.566329	-0.0281005	0.8237
1.1	0.598936	-0.67426	-0.43203	0.568126	0.737988	-0.364152	0.564366	-0.0273438	0.825072
1.13333	0.603983	-0.672803	-0.427248	0.569215	0.739365	-0.359629	0.557852	-0.0259864	0.829534
1.16667	0.610533	-0.670212	-0.421977	0.569159	0.741793	-0.354684	0.550733	-0.0236258	0.834347
1.2	0.620276	-0.665426	-0.41529	0.567199	0.746212	-0.348501	0.541796	-0.0193846	0.840287
1.23333	0.631997	-0.658767	-0.408173	0.563161	0.752222	-0.342069	0.532381	-0.0136805	0.846395
1.26667	0.6435	-0.651797	-0.401333	0.558548	0.758352	-0.336045	0.523385	-0.00791821	0.85206
1.3	0.653951	-0.645397	-0.394729	0.554435	0.763842	-0.330373	0.514733	-0.00280383	0.857346
1.33333	0.66058	-0.641177	-0.390545	0.551614	0.767392	-0.326849	0.50927	0.000479688	0.860607
1.36667	0.660975	-0.643774	-0.385574	0.557069	0.765214	-0.322679	0.502779	-0.00150883	0.864414
1.4	0.65474	-0.651295	-0.383576	0.566757	0.75879	-0.320973	0.500102	-0.00724081	0.865936
1.43333	0.647105	-0.659055	-0.383277	0.57591	0.751979	-0.32071	0.499582	-0.0132001	0.866166
1.46667	0.638426	-0.667159	-0.383811	0.585082	0.74466	-0.321187	0.500092	-0.0195065	0.865753
1.5	0.632279	-0.672966	-0.383849	0.591847	0.739281	-0.321217	0.499941	-0.0240807	0.865725
1.53333	0.63598	-0.669572	-0.38367	0.58797	0.742439	-0.321054	0.49982	-0.0214032	0.865865
1.56667	0.649091	-0.656487	-0.384325	0.572399	0.754254	-0.321653	0.50104	-0.0112052	0.865352
1.6	0.667275	-0.636772	-0.386349	0.548556	0.771043	-0.323387	0.503815	0.00385353	0.863803
1.63333	0.681719	-0.616447	-0.39402	0.52136	0.787162	-0.329483	0.513267	0.0191889	0.858015
1.66667	0.686429	-0.601563	-0.40858	0.496975	0.798241	-0.340335	0.530878	0.0305618	0.846897
1.7	0.681106	-0.595521	-0.425969	0.481081	0.802561	-0.352783	0.551956	0.0353568	0.833123
1.73333	0.669472	-0.588136	-0.453765	0.457352	0.807692	-0.372106	0.585352	0.0415839	0.809713
1.76667	0.649019	-0.587799	-0.482977	0.440008	0.807921	-0.39199	0.620619	0.0418958	0.782992
1.8	0.622686	-0.591377	-0.512382	0.425957	0.805485	-0.412012	0.656371	0.0383021	0.753466
1.83333	0.594096	-0.596862	-0.539264	0.414593	0.801697	-0.430576	0.68932	0.0322281	0.723739
1.86667	0.565638	-0.603604	-0.561886	0.406787	0.796922	-0.446586	0.71734	0.0240381	0.696308
1.9	0.539456	-0.610544	-0.579848	0.402043	0.791843	-0.459724	0.73983	0.0148771	0.67263
1.93333	0.515957	-0.617162	-0.594053	0.399431	0.786817	-0.470505	0.757789	0.00547698	0.652477
1.96667	0.498126	-0.623305	-0.602795	0.400765	0.78197	-0.4774	0.768933	-0.00377409	0.639318
2	0.488014	-0.628945	-0.605203	0.407343	0.777348	-0.479376	0.771955	-0.0125836	0.635553
2.03333	0.490927	-0.63159	-0.60007	0.416535	0.775122	-0.475062	0.765173	-0.016729	0.643608
2.06667	0.497336	-0.636092	-0.589952	0.433209	0.771251	-0.46637	0.751656	-0.0236298	0.659132
2.1	0.506401	-0.642629	-0.574966	0.45694	0.765454	-0.453085	0.731275	-0.033282	0.68127
2.13333	0.521127	-0.647182	-0.556401	0.479768	0.761304	-0.436163	0.705867	-0.0396471	0.707233
2.16667	0.543282	-0.645141	-0.53725	0.492207	0.763169	-0.418695	0.68013	-0.0369689	0.732159
2.2	0.563976	-0.641194	-0.520386	0.499255	0.766704	-0.40362	0.657781	-0.0321733	0.752522
2.23333	0.578539	-0.64056	-0.504951	0.509109	0.767265	-0.390017	0.63726	-0.0314352	0.770007
2.26667	0.58814	-0.644176	-0.489008	0.524311	0.764062	-0.375907	0.615783	-0.0353063	0.787124
2.3	0.593045	-0.650845	-0.474023	0.542266	0.75804	-0.362384	0.595185	-0.0421362	0.802483
2.33333	0.595579	-0.657822	-0.461038	0.558908	0.751578	-0.350361	0.576981	-0.0490104	0.815286
2.36667	0.598511	-0.66253	-0.450376	0.570985	0.747122	-0.340272	0.561926	-0.0535016	0.825455
2.4	0.60536	-0.66327	-0.440013	0.577684	0.746415	-0.330373	0.547559	-0.0541934	0.835011
2.43333	0.620198	-0.656471	-0.429419	0.575004	0.752809	-0.320388	0.533595	-0.0482136	0.844364
2.46667	0.644087	-0.641797	-0.416232	0.563954	0.766027	-0.308478	0.516825	-0.0360494	0.855332
2.5	0.668617	-0.626011	-0.401324	0.552245	0.779449	-0.295779	0.497972	-0.0238667	0.866864
2.53333	0.685484	-0.61792	-0.38508	0.549832	0.786034	-0.282551	0.47728	-0.0180457	0.878566
2.56667	0.700977	-0.610821	-0.368143	0.548504	0.791657	-0.269114	0.455824	-0.0132855	0.889971
2.6	0.718758	-0.599975	-0.351308	0.542585	0.799993	-0.256151	0.434728	-0.00650406	0.900538
2.63333	0.739641	-0.582469	-0.337137	0.52811	0.812845	-0.24573	0.41717	0.00370672	0.908821
2.66667	0.760105	-0.558369	-0.332361	0.503272	0.829418	-0.242453	0.411045	0.0170224	0.911456
2.7	0.773199	-0.534109	-0.341893	0.473721	0.844876	-0.248543	0.421606	0.0302112	0.906276
2.73333	0.775522	-0.516529	-0.362993	0.447472	0.855332	-0.261105	0.445348	0.0400638	0.894461
2.76667	0.766199	-0.509281	-0.391883	0.429311	0.859453	-0.277547	0.478154	0.0444163	0.877152
2.8	0.746813	-0.510316	-0.426437	0.417359	0.858874	-0.296896	0.517767	0.0437485	0.854403
2.83333	0.718194	-0.517829	-0.464812	0.410019	0.85463	-0.318579	0.562212	0.0382203	0.826109
2.86667	0.679203	-0.530298	-0.507413	0.405023	0.847357	-0.343428	0.612079	0.0277432	0.79031
2.9	0.631137	-0.546518	-0.55044	0.40246	0.837362	-0.369933	0.663093	0.0119483	0.748442
2.93333	0.580525	-0.56375	-0.587518	0.402717	0.825911	-0.394575	0.707679	-0.00754266	0.706494
2.96667	0.535553	-0.578738	-0.615016	0.404806	0.815067	-0.414485	0.741158	-0.0269839	0.670789
3	0.501013	-0.590315	-0.632863	0.40839	0.805985	-0.428492	0.763023	-0.0437747	0.644887
3.03333	0.476727	-0.599484	-0.642923	0.414525	0.798269	-0.436963	0.775178	-0.0581957	0.629057
3.06667	0.465621	-0.604842	-0.646036	0.420669	0.79352	-0.439731	0.778611	-0.0670192	0.623918
3.1	0.459957	-0.611401	-0.643917	0.433871	0.787466	-0.437782	0.774723	-0.0780163	0.627469
3.13333	0.467095	-0.616292	-0.634041	0.451381	0.782796	-0.428353	0.760315	-0.0861122	0.643822
3.16667	0.487749	-0.617008	-0.617578	0.467043	0.782108	-0.412526	0.737544	-0.0872264	0.669642
3.2	0.517971	-0.611056	-0.598596	0.472958	0.787675	-0.394815	0.712753	-0.0786078	0.696996
3.23333	0.545779	-0.604277	-0.580495	0.476011	0.793725	-0.3787	0.689593	-0.0696354	0.720842
3.26667	0.571719	-0.598997	-0.56066	0.481605	0.798252	-0.361732	0.664225	-0.0632078	0.744856
3.3	0.597614	-0.596341	-0.535943	0.492811	0.800468	-0.341158	0.632452	-0.0602377	0.772254
3.33333	0.620199	-0.595204	-0.510965	0.504878	0.801401	-0.320711	0.600376	-0.0590706	0.797533
3.36667	0.638624	-0.593862	-0.489374	0.513865	0.802487	-0.303245	0.572802	-0.0578124	0.817652
3.4	0.6561	-0.591097	-0.469187	0.519644	0.804693	-0.287122	0.547269	-0.0554294	0.83512
3.43333	0.676687	-0.584563	-0.447639	0.52076	0.809792	-0.27027	0.520484	-0.0502246	0.852393
3.46667	0.7007	-0.574157	-0.423513	0.517638	0.817635	-0.252039	0.490989	-0.042622	0.870122
3.5	0.723323	-0.562226	-0.400882	0.511626	0.826258	-0.235661	0.463727	-0.0346424	0.885301
3.53333	0.738417	-0.554742	-0.383408	0.508628	0.831481	-0.223464	0.442762	-0.0300027	0.896137
3.56667	0.751092	-0.548448	-0.367511	0.506241	0.835769	-0.212626	0.423769	-0.0263477	0.905387
3.6	0.762349	-0.542723	-0.352527	0.50402	0.839591	-0.20261	0.405939	-0.0232213	0.913605
3.63333	0.771035	-0.536893	-0.342421	0.500254	0.843409	-0.195979	0.39402	-0.0201906	0.91888
3.66667	0.778135	-0.526719	-0.34216	0.489199	0.849907	-0.195813	0.393943	-0.0150151	0.919012
3.7	0.780372	-0.514748	-0.355041	0.472779	0.857296	-0.203774	0.409267	-0.00883645	0.912372
3.73333	0.77334	-0.508229	-0.37901	0.459052	0.861206	-0.218164	0.437283	-0.00527102	0.899308
3.76667	0.757789	-0.507401	-0.410243	0.448835	0.861697	-0.236697	0.473606	-0.00476543	0.880724
3.8	0.734689	-0.511393	-0.445768	0.44166	0.859315	-0.257904	0.514945	-0.00739875	0.857191
3.83333	0.703686	-0.519294	-0.484933	0.436372	0.854492	-0.281821	0.56072	-0.0132973	0.827899
3.86667	0.664288	-0.530421	-0.526665	0.43221	0.847427	-0.308321	0.60985	-0.022816	0.792189
3.9	0.616622	-0.545289	-0.567835	0.431062	0.837406	-0.33606	0.658758	-0.0375501	0.751417
3.93333	0.566188	-0.559547	-0.605259	0.429006	0.827039	-0.363264	0.703836	-0.0539834	0.708309
3.96667	0.518305	-0.572274	-0.635502	0.42737	0.816989	-0.387149	0.740753	-0.0709327	0.668022
4	0.475973	-0.584238	-0.657355	0.429463	0.80668	-0.405991	0.767471	-0.0890686	0.634866
4.03333	0.444201	-0.593485	-0.671164	0.433197	0.798012	-0.418947	0.784236	-0.10465	0.611574
4.06667	0.426019	-0.599925	-0.677199	0.439087	0.79156	-0.425012	0.791019	-0.116286	0.600639
4.1	0.415917	-0.606563	-0.677565	0.451134	0.784543	-0.425406	0.789614	-0.128739	0.599946
4.13333	0.421683	-0.611302	-0.669696	0.467893	0.779343	-0.416774	0.776698	-0.137599	0.61466
4.16667	0.448635	-0.609443	-0.653687	0.479562	0.781369	-0.399352	0.754153	-0.13432	0.642815
4.2	0.490709	-0.600015	-0.631812	0.48184	0.791022	-0.376982	0.725971	-0.119444	0.677273
4.23333	0.532541	-0.589237	-0.607618	0.482331	0.801182	-0.35421	0.695526	-0.104442	0.710869
4.26667	0.571834	-0.580511	-0.579666	0.486896	0.808843	-0.329705	0.660256	-0.0937005	0.745173
4.3	0.609743	-0.572859	-0.547765	0.493446	0.815195	-0.303262	0.620262	-0.0853809	0.779734
4.33333	0.644794	-0.564311	-0.515552	0.497202	0.821946	-0.277839	0.580543	-0.0771844	0.810563
4.36667	0.675773	-0.555462	-0.484555	0.498638	0.828619	-0.254461	0.542855	-0.0696595	0.836933
4.4	0.701739	-0.548172	-0.455049	0.500296	0.833904	-0.233042	0.507214	-0.0641241	0.859431
4.43333	0.723264	-0.542955	-0.42672	0.503062	0.837575	-0.213065	0.473095	-0.0605643	0.878927
4.46667	0.739111	-0.5403	-0.402233	0.506878	0.839408	-0.196137	0.44361	-0.0589158	0.894281
4.5	0.752434	-0.538741	-0.378947	0.510998	0.840471	-0.180248	0.415601	-0.0580168	0.907695
4.53333	0.766299	-0.533533	-0.35795	0.51001	0.843973	-0.166131	0.390736	-0.0552525	0.918843
4.56667	0.781292	-0.523766	-0.339488	0.503141	0.850366	-0.154034	0.369367	-0.0504647	0.927912
4.6	0.792502	-0.514797	-0.326992	0.495806	0.856058	-0.146086	0.355129	-0.0463508	0.933668
4.63333	0.800774	-0.506433	-0.319822	0.488089	0.861223	-0.141648	0.347173	-0.0426737	0.93683
4.66667	0.802972	-0.497956	-0.327528	0.477572	0.866327	-0.146296	0.356596	-0.0389469	0.933447
4.7	0.80103	-0.487415	-0.347531	0.462342	0.872505	-0.158035	0.380251	-0.0340875	0.924255
4.73333	0.791948	-0.480313	-0.376985	0.448378	0.876566	-0.174898	0.414458	-0.030522	0.909557
4.76667	0.776547	-0.47911	-0.40918	0.439469	0.877247	-0.193142	0.451489	-0.0298386	0.891778
4.8	0.753223	-0.48478	-0.444571	0.436543	0.874001	-0.213427	0.492021	-0.0333163	0.869945
4.83333	0.724544	-0.492673	-0.481984	0.434478	0.86935	-0.235498	0.535037	-0.0387829	0.843938
4.86667	0.680208	-0.507928	-0.528512	0.436685	0.859891	-0.264376	0.588747	-0.0509629	0.806709
