0	0.857478	-0.514521	0	0.514521	0.857478	0	0	0	1
0.0333333	0.841938	-0.516213	-0.15705	0.503303	0.856253	-0.116261	0.19449	0.0188408	0.980723
0.0666667	0.862124	-0.358841	-0.357737	0.299651	0.930395	-0.211125	0.408597	0.0748198	0.909643
0.1	0.830324	-0.234533	-0.505526	0.120534	0.961238	-0.247979	0.54409	0.14497	0.826408
0.133333	0.782676	-0.142135	-0.605984	-0.0212798	0.966899	-0.254272	0.622066	0.211908	0.753743
0.166667	0.73744	-0.0753718	-0.671194	-0.127521	0.960343	-0.24795	0.663265	0.268439	0.698584
0.2	0.700694	-0.0282786	-0.712902	-0.204195	0.949468	-0.23836	0.683618	0.312588	0.659512
0.233333	0.673883	0.00464031	-0.738824	-0.258246	0.938386	-0.229654	0.692236	0.345558	0.633561
0.266667	0.655628	0.0267502	-0.75461	-0.294688	0.929187	-0.223095	0.695206	0.368641	0.617084
0.3	0.643631	0.0424493	-0.764157	-0.320301	0.921754	-0.218578	0.695087	0.385444	0.606866
0.333333	0.63526	0.053225	-0.770462	-0.337929	0.916207	-0.215335	0.694442	0.397155	0.600016
0.366667	0.629608	0.0608936	-0.774523	-0.350389	0.912033	-0.213126	0.693413	0.40557	0.59556
0.4	0.626047	0.0666381	-0.776932	-0.359535	0.908785	-0.211764	0.691953	0.411908	0.592901
0.433333	0.623717	0.0702337	-0.778489	-0.365285	0.9067	-0.210862	0.691046	0.415888	0.591179
0.466667	0.621767	0.0730321	-0.77979	-0.369795	0.905048	-0.210094	0.690404	0.418992	0.589736
0.5	0.6208	0.0744237	-0.780428	-0.372037	0.904217	-0.209712	0.690069	0.420538	0.589027
0.533333	0.620263	0.0762842	-0.780676	-0.37483	0.903098	-0.209563	0.68904	0.422605	0.588751
0.566667	0.620387	0.0770549	-0.780502	-0.375893	0.902631	-0.209669	0.688349	0.423461	0.588945
0.6	0.620286	0.0781	-0.780477	-0.377405	0.901997	-0.209684	0.687612	0.42462	0.588972
0.633333	0.61988	0.0786882	-0.780741	-0.37835	0.901638	-0.209523	0.687459	0.425272	0.588679
0.666667	0.620133	0.0789162	-0.780517	-0.378606	0.901499	-0.209659	0.68709	0.425525	0.588927
0.7	0.622086	0.0786869	-0.778985	-0.377754	0.901639	-0.210592	0.685792	0.425271	0.590621
0.733333	0.624933	0.0777674	-0.776795	-0.375682	0.902195	-0.211915	0.68434	0.424261	0.593027
0.766667	0.626326	0.0774539	-0.775704	-0.374859	0.902383	-0.21257	0.683517	0.423918	0.59422
0.8	0.627657	0.0763397	-0.774738	-0.372927	0.903047	-0.213146	0.683353	0.422703	0.595273
0.833333	0.62875	0.074108	-0.774068	-0.369489	0.904366	-0.213541	0.684216	0.420273	0.596003
0.866667	0.628351	0.0709195	-0.77469	-0.365108	0.906229	-0.213178	0.686929	0.416796	0.595324
0.9	0.625248	0.0671489	-0.777532	-0.360613	0.908412	-0.211533	0.692115	0.412648	0.592198
0.933333	0.620674	0.0616177	-0.781644	-0.35392	0.911585	-0.209173	0.699646	0.406468	0.587605
0.966667	0.62014	0.0537177	-0.78265	-0.34262	0.916021	-0.208606	0.705718	0.397516	0.586466
1	0.621657	0.0435078	-0.782081	-0.327317	0.921531	-0.20891	0.711623	0.385859	0.587117
1.03333	0.61837	0.0328807	-0.785199	-0.312517	0.927017	-0.207298	0.721077	0.373575	0.583515
1.06667	0.608135	0.022644	-0.79351	-0.299778	0.932129	-0.203146	0.735054	0.361418	0.573649
1.1	0.596511	0.0119058	-0.802517	-0.286105	0.937358	-0.198756	0.749879	0.348164	0.56255
1.13333	0.581354	0.000443704	-0.81365	-0.271496	0.942793	-0.19347	0.767018	0.333378	0.548217
1.16667	0.564367	-0.00865777	-0.825479	-0.2604	0.947027	-0.187964	0.783378	0.321036	0.532216
1.2	0.545279	-0.0174472	-0.838073	-0.249539	0.951078	-0.182158	0.80025	0.308459	0.514249
1.23333	0.524728	-0.0256779	-0.850883	-0.239142	0.954847	-0.176291	0.816989	0.295986	0.494894
1.26667	0.504981	-0.0330291	-0.862498	-0.229382	0.958199	-0.170994	0.832093	0.28419	0.476296
1.3	0.489536	-0.0392627	-0.871099	-0.220264	0.961021	-0.167098	0.843705	0.273672	0.461806
1.33333	0.480799	-0.0433418	-0.875759	-0.213767	0.962847	-0.165012	0.850374	0.266546	0.453671
1.36667	0.476886	-0.0452514	-0.877799	-0.210628	0.963693	-0.164108	0.853356	0.263149	0.450041
1.4	0.476729	-0.0442625	-0.877935	-0.212671	0.963255	-0.164047	0.852936	0.264918	0.449798
1.43333	0.482606	-0.039974	-0.874925	-0.220233	0.961322	-0.165402	0.847696	0.272511	0.455136
1.46667	0.492371	-0.033325	-0.869747	-0.23154	0.958246	-0.167793	0.839023	0.283997	0.464096
1.5	0.507056	-0.0236865	-0.861588	-0.247173	0.953641	-0.171682	0.825712	0.300014	0.477694
1.53333	0.527864	-0.0113001	-0.849254	-0.265709	0.947523	-0.177762	0.806696	0.319489	0.49716
1.56667	0.551934	0.00258385	-0.833884	-0.284771	0.940462	-0.185571	0.783757	0.339889	0.519808
1.6	0.577344	0.0172689	-0.816319	-0.303185	0.932831	-0.194695	0.758125	0.359901	0.5438
1.63333	0.599966	0.0320043	-0.799385	-0.320673	0.92504	-0.203641	0.732946	0.378519	0.565255
1.66667	0.612775	0.0450058	-0.788975	-0.336867	0.918002	-0.209269	0.714862	0.394014	0.577689
1.7	0.619317	0.0578634	-0.783006	-0.353897	0.910799	-0.212607	0.700859	0.408774	0.584551
1.73333	0.622233	0.0704545	-0.779655	-0.371137	0.90345	-0.214559	0.689263	0.422865	0.588305
1.76667	0.62502	0.0824272	-0.776245	-0.387231	0.896172	-0.21663	0.677793	0.435984	0.592043
1.8	0.631348	0.0949911	-0.76966	-0.402786	0.888269	-0.220773	0.662694	0.449393	0.599068
1.83333	0.6413	0.106489	-0.759865	-0.415336	0.880869	-0.227083	0.645159	0.461227	0.60913
1.86667	0.656225	0.11644	-0.745527	-0.423701	0.874415	-0.236379	0.624376	0.470998	0.623149
1.9	0.675932	0.121523	-0.726875	-0.423599	0.871165	-0.248265	0.603058	0.475714	0.640326
1.93333	0.694267	0.123009	-0.709128	-0.418922	0.870245	-0.259186	0.585233	0.477014	0.655713
1.96667	0.706459	0.124161	-0.696778	-0.415719	0.869558	-0.266545	0.572794	0.477967	0.665924
2	0.710649	0.126193	-0.692136	-0.416455	0.868365	-0.269271	0.567047	0.479601	0.669657
2.03333	0.715147	0.125821	-0.687556	-0.414263	0.868582	-0.271939	0.562983	0.479305	0.673288
2.06667	0.717467	0.124492	-0.685378	-0.41182	0.86935	-0.273193	0.561823	0.47826	0.674998
2.1	0.716979	0.118818	-0.686894	-0.405502	0.872587	-0.272324	0.567017	0.473788	0.673807
2.13333	0.716559	0.107943	-0.689124	-0.393055	0.87865	-0.271074	0.576239	0.465104	0.672032
2.16667	0.713015	0.0915341	-0.695148	-0.375056	0.887466	-0.267838	0.592404	0.451692	0.667107
2.2	0.706707	0.0731843	-0.703711	-0.355199	0.896903	-0.263435	0.611882	0.436129	0.659842
2.23333	0.693489	0.054783	-0.718382	-0.336947	0.906001	-0.256181	0.63682	0.419715	0.646761
2.26667	0.670237	0.0378196	-0.741182	-0.322661	0.914222	-0.245128	0.668335	0.403445	0.624949
2.3	0.637019	0.0213349	-0.770553	-0.310138	0.922236	-0.230858	0.705706	0.386038	0.594099
2.33333	0.59609	0.0041817	-0.802906	-0.29597	0.930713	-0.214885	0.746377	0.365727	0.556027
2.36667	0.550683	-0.0130806	-0.834612	-0.27916	0.939416	-0.198915	0.786649	0.34253	0.513669
2.4	0.503867	-0.0289312	-0.863297	-0.261119	0.947577	-0.184159	0.823368	0.318215	0.469898
2.43333	0.462697	-0.042177	-0.885513	-0.243175	0.954516	-0.172527	0.852513	0.295162	0.431395
2.46667	0.432657	-0.0516655	-0.900077	-0.228335	0.959527	-0.164836	0.872165	0.276837	0.403349
2.5	0.413998	-0.057258	-0.908475	-0.218859	0.962483	-0.160397	0.883576	0.265232	0.385934
2.53333	0.404784	-0.0588985	-0.912513	-0.216577	0.963354	-0.158252	0.888394	0.261687	0.377194
2.56667	0.409101	-0.0569134	-0.910712	-0.220563	0.96229	-0.159216	0.885431	0.266005	0.381121
2.6	0.421025	-0.0502184	-0.905658	-0.23407	0.958633	-0.161971	0.876327	0.280181	0.391854
2.63333	0.445587	-0.0394525	-0.894369	-0.253471	0.952589	-0.168303	0.858606	0.30169	0.414461
2.66667	0.485176	-0.026855	-0.874004	-0.27148	0.945508	-0.179756	0.831205	0.324488	0.451448
2.7	0.528649	-0.0143563	-0.848719	-0.285321	0.938675	-0.193598	0.799451	0.344503	0.492134
2.73333	0.559552	-0.000572814	-0.828795	-0.301671	0.931263	-0.204314	0.771943	0.364348	0.520917
2.76667	0.578658	0.0151007	-0.81543	-0.322286	0.922686	-0.211619	0.74919	0.385257	0.538787
2.8	0.588506	0.02884	-0.807978	-0.341169	0.914886	-0.215841	0.732983	0.402681	0.548255
2.83333	0.592304	0.039615	-0.80474	-0.356609	0.908524	-0.217747	0.7225	0.41595	0.55225
2.86667	0.5954	0.0490847	-0.801929	-0.370007	0.902736	-0.21946	0.713158	0.427386	0.55565
2.9	0.606552	0.0585577	-0.792884	-0.380841	0.89682	-0.225108	0.697893	0.438502	0.56627
2.93333	0.627642	0.06629	-0.775675	-0.385634	0.89201	-0.235806	0.676278	0.447129	0.585426
2.96667	0.652772	0.0740734	-0.753925	-0.388228	0.887298	-0.248962	0.650514	0.45521	0.60796
3	0.671714	0.0831294	-0.736132	-0.393494	0.881953	-0.259464	0.627664	0.463949	0.625131
3.03333	0.684206	0.0904506	-0.723658	-0.39815	0.877682	-0.266741	0.611015	0.47063	0.636528
3.06667	0.695903	0.0938671	-0.711975	-0.397915	0.875713	-0.273478	0.597815	0.473619	0.646762
3.1	0.704123	0.0956364	-0.703608	-0.396832	0.874707	-0.278229	0.588843	0.475122	0.653853
3.13333	0.705359	0.0949157	-0.702466	-0.395486	0.875112	-0.278871	0.588268	0.47452	0.654807
3.16667	0.700557	0.0881531	-0.70813	-0.389278	0.878892	-0.275704	0.598066	0.468805	0.65003
3.2	0.691685	0.0763495	-0.718152	-0.378245	0.885402	-0.270175	0.615225	0.458513	0.641298
3.23333	0.679355	0.0601553	-0.73134	-0.362344	0.894157	-0.26304	0.63811	0.443694	0.629247
3.26667	0.659144	0.0443542	-0.750708	-0.348567	0.902569	-0.252725	0.666356	0.428254	0.610383
3.3	0.630569	0.0304906	-0.775534	-0.338502	0.909989	-0.239452	0.698426	0.413511	0.584132
3.33333	0.59577	0.0160772	-0.802994	-0.327325	0.917861	-0.224477	0.733428	0.396576	0.552096
3.36667	0.555608	9.27042e-05	-0.831444	-0.312321	0.92679	-0.208604	0.770555	0.375579	0.514961
3.4	0.511626	-0.0165548	-0.859049	-0.293537	0.93629	-0.192866	0.807511	0.350838	0.474171
3.43333	0.467807	-0.0319685	-0.883252	-0.27301	0.945247	-0.17881	0.840608	0.324786	0.433466
3.46667	0.432277	-0.0444037	-0.900647	-0.253421	0.952551	-0.168595	0.865398	0.301123	0.400513
3.5	0.404921	-0.0533286	-0.912795	-0.237785	0.957807	-0.161441	0.882891	0.28242	0.375156
3.53333	0.383284	-0.0585945	-0.92177	-0.22855	0.960933	-0.156118	0.894907	0.270508	0.354918
3.56667	0.371746	-0.0609865	-0.926329	-0.224315	0.962371	-0.153379	0.900826	0.264807	0.344078
3.6	0.368549	-0.0595962	-0.927696	-0.228488	0.961522	-0.152542	0.901091	0.268187	0.340751
3.63333	0.382966	-0.0545316	-0.922151	-0.239128	0.958378	-0.155983	0.892275	0.280248	0.353986
3.66667	0.418698	-0.0478607	-0.906863	-0.24885	0.954339	-0.16526	0.873364	0.294867	0.38767
3.7	0.458228	-0.0407878	-0.887898	-0.256747	0.950289	-0.176156	0.850946	0.308685	0.424977
3.73333	0.492136	-0.0288869	-0.870039	-0.273603	0.943668	-0.186095	0.826404	0.329629	0.456509
3.76667	0.52032	-0.0139583	-0.853857	-0.295167	0.935302	-0.195157	0.801338	0.353575	0.482537
3.8	0.548037	0.00277197	-0.83645	-0.317746	0.925724	-0.205117	0.773753	0.37819	0.508212
3.83333	0.575143	0.0183748	-0.817846	-0.336324	0.916659	-0.215922	0.745718	0.399248	0.53339
3.86667	0.602649	0.0357672	-0.797204	-0.355428	0.906465	-0.228018	0.714482	0.420763	0.558993
3.9	0.633338	0.052176	-0.772115	-0.369799	0.896845	-0.242728	0.679803	0.439256	0.587301
3.93333	0.66662	0.0651901	-0.742541	-0.376258	0.889372	-0.259707	0.643465	0.452513	0.617402
3.96667	0.699534	0.0776131	-0.710372	-0.379732	0.882488	-0.277521	0.605356	0.463887	0.646803
4	0.723167	0.0900463	-0.684778	-0.384868	0.875805	-0.291278	0.573504	0.474191	0.668009
4.03333	0.733852	0.100742	-0.671798	-0.392429	0.870102	-0.298198	0.554492	0.482466	0.67806
4.06667	0.742864	0.106247	-0.660957	-0.394483	0.867169	-0.303974	0.540866	0.486548	0.686102
4.1	0.749407	0.108445	-0.653168	-0.393844	0.866007	-0.308091	0.532237	0.488131	0.691702
4.13333	0.749786	0.106122	-0.653115	-0.391135	0.867224	-0.308117	0.533699	0.486478	0.691741
4.16667	0.74142	0.0986203	-0.663755	-0.386743	0.871141	-0.302561	0.548386	0.481027	0.684022
4.2	0.729977	0.0858784	-0.678055	-0.377401	0.877763	-0.295128	0.569826	0.471336	0.673157
4.23333	0.714854	0.0690322	-0.695858	-0.363973	0.886422	-0.285972	0.597082	0.457702	0.658788
4.26667	0.690462	0.0521305	-0.721488	-0.352704	0.895067	-0.272864	0.631556	0.442874	0.636396
4.3	0.654752	0.0368802	-0.754944	-0.345397	0.903023	-0.255443	0.67231	0.428007	0.603994
4.33333	0.609614	0.0223497	-0.792383	-0.338976	0.910947	-0.235095	0.716565	0.411917	0.562903
4.36667	0.552968	0.00464244	-0.833189	-0.326594	0.92117	-0.21162	0.766526	0.389134	0.510894
4.4	0.492833	-0.015452	-0.869987	-0.304866	0.933397	-0.18928	0.814968	0.358512	0.455298
4.43333	0.438235	-0.0351423	-0.898173	-0.275854	0.945758	-0.171598	0.855485	0.322965	0.40477
4.46667	0.393888	-0.0528647	-0.917637	-0.242894	0.956869	-0.159385	0.886484	0.285668	0.364059
4.5	0.357743	-0.0674429	-0.931382	-0.211124	0.965722	-0.151022	0.909641	0.250664	0.331241
4.53333	0.328554	-0.0783279	-0.941232	-0.184523	0.972028	-0.145302	0.926285	0.221419	0.304911
4.56667	0.306027	-0.0847521	-0.948243	-0.167913	0.97561	-0.141389	0.937098	0.202491	0.284332
4.6	0.297	-0.0858016	-0.951015	-0.165801	0.976192	-0.139853	0.940373	0.199216	0.275703
4.63333	0.310042	-0.08227	-0.947156	-0.175332	0.974213	-0.142013	0.934416	0.210097	0.287623
4.66667	0.345688	-0.0752824	-0.935325	-0.190682	0.970343	-0.148575	0.918771	0.22971	0.32108
4.7	0.388856	-0.0657835	-0.918947	-0.208699	0.965229	-0.157409	0.897349	0.252993	0.361606
4.73333	0.431573	-0.0523575	-0.900557	-0.232704	0.958064	-0.167219	0.871547	0.281731	0.401291
4.76667	0.478638	-0.0318019	-0.877436	-0.26674	0.946844	-0.179823	0.836514	0.320117	0.444713
4.8	0.533747	-0.0073602	-0.845612	-0.30017	0.933197	-0.197589	0.790577	0.35929	0.495882
4.83333	0.594105	0.0197561	-0.804145	-0.329267	0.91808	-0.220709	0.733909	0.395903	0.551941
4.86667	0.645364	0.04251	-0.762692	-0.34723	0.90566	-0.243335	0.680395	0.421869	0.599241
