0	0	1	0	0	0	-1	-1	0	0
0.0333333	0.964852	0.202691	0.167262	-0.105162	0.881096	-0.461098	-0.240834	0.427301	0.871443
0.0666667	0.981125	0.0636642	0.182592	0.0168765	0.912455	-0.408828	-0.192635	0.404193	0.894159
0.1	0.979614	0.00600025	0.200799	0.0734338	0.919683	-0.385734	-0.186986	0.392616	0.900494
0.133333	0.977799	-0.0192214	0.20866	0.0959709	0.926284	-0.364401	-0.186274	0.376336	0.907564
0.166667	0.977298	-0.0294369	0.209815	0.103257	0.930907	-0.350357	-0.185005	0.364068	0.912813
0.2	0.977506	-0.0333704	0.208252	0.104914	0.933508	-0.342863	-0.182964	0.356999	0.916011
0.233333	0.977434	-0.0340385	0.208481	0.10386	0.936842	-0.333976	-0.183946	0.348092	0.919237
0.266667	0.97709	-0.0356659	0.209815	0.103766	0.940575	-0.323344	-0.185814	0.337708	0.922728
0.3	0.977101	-0.0367217	0.209582	0.103836	0.942036	-0.319039	-0.185718	0.333496	0.924278
0.333333	0.977175	-0.0367504	0.209234	0.104085	0.941428	-0.320749	-0.185191	0.335205	0.923765
0.366667	0.976991	-0.0354295	0.210316	0.103691	0.940624	-0.323226	-0.186376	0.337597	0.922655
0.4	0.97687	-0.0347643	0.210989	0.103371	0.940519	-0.323633	-0.187188	0.337958	0.922358
0.433333	0.976849	-0.0353696	0.210985	0.103434	0.941386	-0.321081	-0.187262	0.335471	0.923251
0.466667	0.976818	-0.0362115	0.210986	0.103989	0.941757	-0.319813	-0.187117	0.334339	0.923691
0.5	0.976697	-0.0356288	0.211645	0.104305	0.940635	-0.322996	-0.187573	0.337545	0.922431
0.533333	0.976642	-0.034377	0.212104	0.104076	0.93928	-0.326989	-0.187984	0.341426	0.920918
0.566667	0.97646	-0.0337124	0.213046	0.103944	0.939003	-0.327824	-0.188999	0.342252	0.920404
0.6	0.976232	-0.0334551	0.21413	0.104035	0.939077	-0.327584	-0.190125	0.342075	0.920237
0.633333	0.976011	-0.0330497	0.215199	0.104127	0.9389	-0.328062	-0.191208	0.3426	0.919818
0.666667	0.975789	-0.0321318	0.216343	0.103767	0.938751	-0.328601	-0.192533	0.343094	0.919357
0.7	0.975731	-0.0314841	0.216698	0.10332	0.938719	-0.328833	-0.193066	0.343241	0.91919
0.733333	0.975698	-0.030956	0.216921	0.103078	0.938435	-0.32972	-0.193359	0.344067	0.91882
0.766667	0.975681	-0.0304123	0.217074	0.102757	0.938226	-0.330413	-0.193616	0.344684	0.918535
0.8	0.975561	-0.0296271	0.217723	0.102292	0.938183	-0.33068	-0.194467	0.34487	0.918285
0.833333	0.97536	-0.0295689	0.218631	0.102455	0.938345	-0.330168	-0.195389	0.344432	0.918254
0.866667	0.975154	-0.0299027	0.219503	0.102922	0.938572	-0.329377	-0.19617	0.343785	0.91833
0.9	0.975074	-0.0303864	0.21979	0.10331	0.938827	-0.328527	-0.196362	0.343045	0.918565
0.933333	0.97505	-0.030794	0.219841	0.103576	0.939035	-0.327851	-0.196342	0.342441	0.918795
0.966667	0.975145	-0.0312552	0.21935	0.103539	0.939536	-0.326422	-0.195885	0.34102	0.919421
1	0.975223	-0.0322695	0.218859	0.104032	0.939987	-0.324965	-0.195238	0.339682	0.920053
1.03333	0.975228	-0.0320035	0.218873	0.103609	0.940312	-0.324159	-0.195434	0.338806	0.920335
1.06667	0.975321	-0.0317014	0.218504	0.103175	0.94038	-0.3241	-0.195203	0.338646	0.920443
1.1	0.975426	-0.0318846	0.218007	0.103153	0.940418	-0.323997	-0.194687	0.338523	0.920597
1.13333	0.975564	-0.0322733	0.217333	0.103146	0.940652	-0.323319	-0.194001	0.337835	0.920995
1.16667	0.975659	-0.0329163	0.216809	0.103281	0.941127	-0.321889	-0.19345	0.336446	0.921619
1.2	0.975824	-0.0332105	0.216019	0.103	0.941625	-0.32052	-0.192764	0.335021	0.922281
1.23333	0.976023	-0.0341511	0.21497	0.103136	0.942272	-0.31857	-0.191681	0.333103	0.923201
1.26667	0.976213	-0.0356971	0.213853	0.10373	0.943038	-0.3161	-0.190388	0.330764	0.924309
1.3	0.976435	-0.0367452	0.212661	0.103847	0.943814	-0.313737	-0.189184	0.328428	0.925389
1.33333	0.976538	-0.0376413	0.21203	0.104257	0.94416	-0.312558	-0.188425	0.32733	0.925933
1.36667	0.976643	-0.0383477	0.21142	0.104508	0.944496	-0.311456	-0.187742	0.326276	0.926443
1.4	0.976707	-0.0389582	0.211012	0.104556	0.945147	-0.30946	-0.187381	0.324314	0.927205
1.43333	0.976842	-0.0382988	0.210507	0.10362	0.945456	-0.308829	-0.187197	0.32349	0.92753
1.46667	0.977007	-0.0372276	0.209931	0.102899	0.944705	-0.311359	-0.186732	0.325801	0.926814
1.5	0.977298	-0.0354903	0.208874	0.102381	0.942231	-0.318935	-0.185488	0.333079	0.924474
1.53333	0.977689	-0.0326132	0.207511	0.101165	0.938867	-0.329082	-0.184093	0.342733	0.921219
1.56667	0.977828	-0.0291266	0.207374	0.0993	0.936357	-0.336712	-0.184369	0.349839	0.918488
1.6	0.97787	-0.0254939	0.207654	0.0971583	0.934364	-0.342817	-0.185285	0.355406	0.916164
1.63333	0.97804	-0.0216778	0.207287	0.0947829	0.932039	-0.349743	-0.185618	0.36171	0.913626
1.66667	0.978437	-0.0182385	0.205736	0.0923807	0.929549	-0.356938	-0.184732	0.368247	0.91119
1.7	0.97893	-0.0155319	0.203607	0.0899409	0.927969	-0.361642	-0.183324	0.372334	0.909813
1.73333	0.979611	-0.0142992	0.200394	0.0879289	0.927373	-0.36366	-0.18064	0.373866	0.909722
1.76667	0.980581	-0.0122439	0.195733	0.0844961	0.927041	-0.365316	-0.17698	0.374761	0.910073
1.8	0.981166	-0.0111632	0.192841	0.0820647	0.927843	-0.36383	-0.174865	0.372803	0.911285
1.83333	0.981026	-0.0112682	0.193548	0.0816155	0.929544	-0.359564	-0.17586	0.368538	0.912827
1.86667	0.98108	-0.00795624	0.193437	0.0777957	0.93114	-0.356268	-0.177283	0.364576	0.914142
1.9	0.981505	-0.00596308	0.191344	0.0751873	0.931206	-0.356655	-0.176054	0.364445	0.914431
1.93333	0.980952	-0.00452883	0.194197	0.075058	0.930918	-0.357432	-0.179163	0.3652	0.913526
1.96667	0.978797	-0.00924762	0.204623	0.0839258	0.929382	-0.359451	-0.186849	0.369002	0.910453
2	0.975788	-0.0216076	0.217649	0.100817	0.927523	-0.359913	-0.194098	0.373142	0.907244
2.03333	0.972201	-0.0370387	0.2312	0.121016	0.924789	-0.360722	-0.20045	0.378674	0.903563
2.06667	0.967518	-0.0549744	0.246751	0.142875	0.924143	-0.354325	-0.208554	0.37807	0.90198
2.1	0.963361	-0.0707904	0.258699	0.159604	0.926482	-0.34082	-0.215553	0.369622	0.903834
2.13333	0.958621	-0.0866335	0.271183	0.177326	0.926918	-0.330723	-0.222713	0.365126	0.903926
2.16667	0.95213	-0.103187	0.287751	0.198523	0.924516	-0.325359	-0.232457	0.36691	0.900745
2.2	0.94377	-0.118967	0.308457	0.221698	0.919878	-0.323536	-0.245252	0.373727	0.894527
2.23333	0.93493	-0.132288	0.329251	0.242125	0.916154	-0.319432	-0.259388	0.378366	0.88857
2.26667	0.926294	-0.140403	0.349666	0.258402	0.912096	-0.318292	-0.27424	0.385186	0.881149
2.3	0.91647	-0.145148	0.372846	0.273454	0.907492	-0.318875	-0.292071	0.394196	0.871381
2.33333	0.906703	-0.146212	0.395615	0.2854	0.903319	-0.320254	-0.310542	0.403284	0.860771
2.36667	0.896782	-0.145502	0.417866	0.294788	0.900742	-0.319005	-0.329974	0.409259	0.850661
2.4	0.886059	-0.143436	0.440825	0.305097	0.896384	-0.321578	-0.349022	0.419431	0.83801
2.43333	0.87312	-0.142188	0.46631	0.320957	0.88763	-0.330303	-0.366945	0.438059	0.820643
2.46667	0.855848	-0.141961	0.497365	0.344679	0.873502	-0.34379	-0.385644	0.465663	0.796515
2.5	0.836243	-0.14468	0.528929	0.377324	0.851726	-0.363578	-0.3979	0.503617	0.766841
2.53333	0.812993	-0.166029	0.558101	0.427025	0.82161	-0.377634	-0.395843	0.545337	0.738862
2.56667	0.797876	-0.165614	0.579625	0.46547	0.780243	-0.417803	-0.383054	0.603153	0.699625
2.6	0.791339	-0.125449	0.598369	0.493131	0.709506	-0.503412	-0.361394	0.693443	0.623322
2.63333	0.808166	-0.0708166	0.584681	0.498915	0.609865	-0.615751	-0.312971	0.789335	0.528204
2.66667	0.848379	-0.0324897	0.528391	0.470867	0.502476	-0.725123	-0.241945	0.863981	0.441588
2.7	0.894471	-0.0383811	0.445476	0.416743	0.432562	-0.799509	-0.16201	0.900787	0.40291
2.73333	0.931739	-0.0791238	0.354404	0.354001	0.415374	-0.837943	-0.080909	0.906203	0.41503
2.76667	0.956361	-0.132238	0.260552	0.292159	0.445509	-0.846265	-0.0041697	0.885458	0.464702
2.8	0.968091	-0.182188	0.172068	0.242638	0.509755	-0.825395	0.0626649	0.840808	0.537695
2.83333	0.971747	-0.218269	0.08981	0.205584	0.595833	-0.776349	0.115942	0.772879	0.623871
2.86667	0.972166	-0.234074	0.0101326	0.175299	0.698007	-0.694303	0.155445	0.676754	0.719612
2.9	0.970814	-0.23029	-0.0669788	0.151078	0.804112	-0.57496	0.186266	0.548061	0.815435
2.93333	0.966797	-0.210956	-0.144229	0.130809	0.893374	-0.42985	0.21953	0.396711	0.891306
2.96667	0.957655	-0.189233	-0.216999	0.125148	0.952339	-0.278187	0.259299	0.23925	0.935694
3	0.947201	-0.166084	-0.274274	0.13408	0.982179	-0.131707	0.291261	0.0879782	0.95259
3.03333	0.944346	-0.134402	-0.300245	0.132338	0.990829	-0.0272996	0.30116	-0.0139534	0.953471
3.06667	0.950261	-0.104303	-0.29347	0.111994	0.993664	0.00947809	0.290622	-0.0418737	0.955921
3.1	0.95992	-0.0812677	-0.268233	0.0700101	0.996227	-0.0512874	0.271389	0.0304527	0.961988
3.13333	0.967941	-0.0223078	-0.250187	0.00163228	0.996586	-0.0825452	0.251174	0.0794905	0.964672
3.16667	0.966027	0.0445994	-0.254562	-0.0993668	0.973378	-0.206546	0.238574	0.224825	0.944742
3.2	0.964097	0.102007	-0.245178	-0.171828	0.943575	-0.283092	0.202467	0.315056	0.927225
3.23333	0.967408	0.13509	-0.214181	-0.202052	0.921626	-0.331332	0.152635	0.363809	0.918883
3.26667	0.980819	0.120437	-0.153262	-0.170525	0.911053	-0.375371	0.0944217	0.394306	0.914115
3.3	0.992474	0.0902289	-0.0827876	-0.116467	0.904351	-0.410591	0.0378219	0.417143	0.908054
3.33333	0.997732	0.0671374	-0.00481536	-0.0627331	0.901578	-0.428043	-0.0243963	0.427375	0.903745
3.36667	0.996105	0.0458384	0.075321	-0.00895757	0.902434	-0.430736	-0.0877164	0.428384	0.899329
3.4	0.987822	0.0220386	0.154017	0.0467711	0.902067	-0.429055	-0.148389	0.431034	0.890051
3.43333	0.974012	-0.000957148	0.226494	0.0987436	0.901752	-0.420824	-0.203839	0.432253	0.878412
3.46667	0.956836	-0.0172056	0.290117	0.141513	0.899495	-0.41338	-0.253846	0.436592	0.863104
3.5	0.938903	-0.0300859	0.342863	0.176551	0.897227	-0.404738	-0.295449	0.440543	0.847721
3.53333	0.921075	-0.038312	0.387497	0.20158	0.898335	-0.390333	-0.333148	0.437638	0.835156
3.56667	0.902554	-0.0370327	0.428981	0.220146	0.895917	-0.385834	-0.370043	0.442675	0.816766
3.6	0.880391	-0.0317924	0.473182	0.249581	0.879467	-0.405274	-0.403264	0.474897	0.782209
3.63333	0.852759	-0.0299911	0.521443	0.295964	0.850346	-0.435106	-0.430358	0.525369	0.734016
3.66667	0.820605	-0.0403795	0.570067	0.356234	0.81614	-0.454986	-0.446882	0.576442	0.684113
3.7	0.783403	-0.0723009	0.617294	0.435728	0.772137	-0.462543	-0.443193	0.63133	0.636398
3.73333	0.764913	-0.0584142	0.641479	0.485784	0.706293	-0.514942	-0.422992	0.705506	0.568629
3.76667	0.781106	0.000270785	0.624398	0.499659	0.599428	-0.625322	-0.374451	0.800429	0.468082
3.8	0.831076	0.0425983	0.554526	0.468039	0.485014	-0.738716	-0.300421	0.873468	0.383146
3.83333	0.892002	0.0336272	0.450778	0.399361	0.40854	-0.820735	-0.21176	0.912121	0.350989
3.86667	0.93788	-0.0116726	0.346762	0.323953	0.387327	-0.863153	-0.124235	0.921869	0.367047
3.9	0.963787	-0.0757487	0.25569	0.263279	0.422788	-0.867142	-0.0424179	0.903057	0.42742
3.93333	0.97573	-0.136718	0.171054	0.217053	0.500474	-0.838101	0.0289757	0.854888	0.518003
3.96667	0.977546	-0.189071	0.0930374	0.190591	0.604986	-0.773089	0.089882	0.773462	0.627437
4	0.975115	-0.221158	0.0154935	0.175104	0.725425	-0.665656	0.135975	0.651804	0.746098
4.03333	0.971808	-0.225378	-0.0692375	0.160501	0.847494	-0.505957	0.17271	0.480581	0.859775
4.06667	0.966038	-0.208473	-0.152676	0.149497	0.932835	-0.327825	0.210764	0.293867	0.93232
4.1	0.957602	-0.184581	-0.221198	0.153388	0.97658	-0.150874	0.243866	0.110548	0.963488
4.13333	0.955942	-0.152344	-0.250929	0.155361	0.987827	-0.00786659	0.249073	-0.0314645	0.967973
4.16667	0.965235	-0.108002	-0.238026	0.121315	0.991726	0.0419679	0.231524	-0.0693851	0.970352
4.2	0.975848	-0.0578331	-0.210656	0.0553785	0.998311	-0.0175377	0.211315	0.00544834	0.977403
4.23333	0.979688	0.028474	-0.198496	-0.0497856	0.993412	-0.103216	0.194249	0.111001	0.974652
4.26667	0.971589	0.0998801	-0.214569	-0.151708	0.958672	-0.240693	0.18166	0.266406	0.946587
4.3	0.968768	0.147817	-0.199097	-0.205469	0.928005	-0.310788	0.138823	0.34199	0.929393
4.33333	0.978558	0.145813	-0.145475	-0.189192	0.915534	-0.354971	0.0814275	0.374883	0.923489
4.36667	0.990128	0.116523	-0.0779077	-0.137922	0.909009	-0.393293	0.0249913	0.400156	0.916106
4.4	0.995672	0.0928426	-0.00426313	-0.0858098	0.900693	-0.425897	-0.0357016	0.424419	0.904762
4.43333	0.994445	0.0766383	0.0721471	-0.0373563	0.89781	-0.438796	-0.0984029	0.433664	0.895686
4.46667	0.987129	0.0596539	0.148382	0.0110906	0.900057	-0.435631	-0.159539	0.43167	0.887811
4.5	0.975283	0.0365434	0.217917	0.0613777	0.902611	-0.426058	-0.212264	0.428902	0.878059
4.53333	0.961312	0.0150132	0.275053	0.106611	0.900422	-0.421752	-0.253996	0.434758	0.863986
4.56667	0.946302	0.000414155	0.323283	0.145136	0.893015	-0.42598	-0.288874	0.450026	0.845002
4.6	0.929566	-0.0047487	0.368625	0.173364	0.888085	-0.425735	-0.325348	0.459655	0.826357
4.63333	0.91111	9.57579e-05	0.412163	0.195022	0.880873	-0.431311	-0.363105	0.473353	0.802553
4.66667	0.889483	0.00477167	0.456943	0.226523	0.863838	-0.449969	-0.396872	0.503748	0.767288
4.7	0.863538	0.00971619	0.504191	0.270763	0.834539	-0.479825	-0.425429	0.550863	0.718025
4.73333	0.835221	0.00651742	0.549876	0.326171	0.799179	-0.504902	-0.44274	0.601058	0.665365
4.76667	0.800227	-0.0177119	0.599435	0.405779	0.751984	-0.519483	-0.441565	0.658943	0.608945
4.8	0.781333	-0.0107367	0.624022	0.461248	0.683492	-0.565764	-0.42044	0.729879	0.538987
4.83333	0.804415	0.0405997	0.592679	0.466086	0.575463	-0.672017	-0.368348	0.81682	0.443988
4.86667	0.85222	0.0620766	0.519487	0.436296	0.463654	-0.771149	-0.288732	0.883839	0.368051
4.9	0.907563	0.0386784	0.41813	0.369183	0.400961	-0.838412	-0.200082	0.915278	0.349618
4.93333	0.943972	-0.0129962	0.329769	0.308416	0.390359	-0.867467	-0.117454	0.920571	0.372496
4.96667	0.962868	-0.0770224	0.258753	0.266388	0.426728	-0.864257	-0.0438498	0.901094	0.4314
5	0.970748	-0.142789	0.193026	0.239088	0.501184	-0.831656	0.0220093	0.853479	0.520663
5.03333	0.972996	-0.194066	0.124972	0.218351	0.598285	-0.770959	0.0748485	0.777427	0.624504
5.06667	0.972904	-0.225866	0.0494158	0.200237	0.716252	-0.668497	0.115597	0.660279	0.742071
5.1	0.972415	-0.231352	-0.0297465	0.183051	0.835926	-0.517417	0.144572	0.497699	0.855216
5.13333	0.969444	-0.219775	-0.108982	0.172637	0.926843	-0.333406	0.174283	0.304404	0.936463
5.16667	0.962936	-0.207949	-0.171787	0.18181	0.970862	-0.156115	0.199245	0.119097	0.972686
5.2	0.962988	-0.179123	-0.20142	0.183596	0.982995	0.00359713	0.197351	-0.040444	0.979498
5.23333	0.970631	-0.142206	-0.194042	0.158667	0.984701	0.0720331	0.18083	-0.100706	0.978345
5.26667	0.980583	-0.101385	-0.167864	0.099675	0.994846	-0.0186021	0.168885	0.00150898	0.985635
5.3	0.989051	-0.0332313	-0.143781	0.0258413	0.998262	-0.052964	0.145291	0.0486686	0.988191
5.33333	0.98839	0.0525957	-0.142543	-0.0775033	0.981466	-0.175263	0.130683	0.184276	0.974148
5.36667	0.98214	0.120455	-0.144539	-0.156063	0.950635	-0.268212	0.105096	0.285979	0.952455
5.4	0.982338	0.144517	-0.118857	-0.176047	0.92905	-0.325383	0.0634004	0.34056	0.938083
