0	1	0	0	0	1	0	0	0	1
0.0333333	0.969089	0.222895	0.105755	-0.232792	0.968088	0.0928045	-0.0816947	-0.114555	0.990052
0.0666667	0.990667	0.130446	0.0395255	-0.132524	0.989622	0.0555446	-0.0318697	-0.0602644	0.997674
0.1	0.996542	0.0796033	0.0238226	-0.0803714	0.996211	0.0332358	-0.0210866	-0.0350356	0.999164
0.133333	0.99828	0.0559562	0.0174974	-0.0563587	0.998136	0.0234271	-0.0161539	-0.0243729	0.999572
0.166667	0.998834	0.0463424	0.0135648	-0.0465876	0.998746	0.0183533	-0.0126973	-0.0189639	0.99974
0.2	0.99905	0.0424312	0.00995242	-0.0425781	0.99898	0.0150451	-0.00930388	-0.0154545	0.999837
0.233333	0.999122	0.0408639	0.00925308	-0.0410076	0.999032	0.0159145	-0.00859379	-0.0162799	0.999831
0.266667	0.999186	0.0391662	0.00970707	-0.039339	0.999058	0.0183019	-0.00898111	-0.0186689	0.999785
0.3	0.999205	0.0387908	0.0092241	-0.03898	0.999013	0.0213086	-0.00838842	-0.0216512	0.99973
0.333333	0.999222	0.0384549	0.00875332	-0.0386523	0.998973	0.0236294	-0.00783566	-0.0239493	0.999682
0.366667	0.99923	0.038049	0.00959311	-0.0382675	0.998986	0.0237203	-0.00868085	-0.0240691	0.999673
0.4	0.999246	0.0374965	0.01007	-0.0377014	0.999069	0.0209932	-0.00927342	-0.021357	0.999729
0.433333	0.999274	0.0366881	0.0103037	-0.036867	0.999163	0.0177425	-0.0096441	-0.0181094	0.999789
0.466667	0.99933	0.0351431	0.0102487	-0.0352889	0.999273	0.0144116	-0.00973478	-0.0147637	0.999844
0.5	0.999356	0.0341346	0.0110541	-0.0342565	0.999352	0.0110383	-0.0106702	-0.0114099	0.999878
0.533333	0.999352	0.0341708	0.0112983	-0.0342772	0.999368	0.00936555	-0.0109712	-0.00974675	0.999892
0.566667	0.999354	0.0340881	0.0113705	-0.0341847	0.99938	0.00841206	-0.0110767	-0.00879533	0.9999
0.6	0.999347	0.0340068	0.0121853	-0.0341125	0.999381	0.00857656	-0.0118861	-0.00898664	0.999889
0.633333	0.99934	0.0335687	0.0138959	-0.0336922	0.999394	0.00875122	-0.0135937	-0.00921363	0.999865
0.666667	0.999318	0.0335622	0.0154097	-0.0337034	0.999391	0.00900003	-0.0150983	-0.00951325	0.999841
0.7	0.999313	0.0335474	0.0157787	-0.0336947	0.99939	0.0091581	-0.0154619	-0.00968346	0.999834
0.733333	0.999312	0.033566	0.0157534	-0.0336933	0.999401	0.00788911	-0.0154791	-0.00841447	0.999845
0.766667	0.999291	0.0339811	0.016233	-0.0340759	0.999404	0.00559717	-0.0160331	-0.00614635	0.999853
0.8	0.999252	0.0346175	0.0172371	-0.034678	0.999393	0.00322368	-0.017115	-0.00381901	0.999846
0.833333	0.999216	0.0350093	0.0184999	-0.0350527	0.999383	0.00202663	-0.0184175	-0.00267351	0.999827
0.866667	0.999182	0.0353576	0.0196033	-0.0353925	0.999372	0.00143239	-0.0195403	-0.00212503	0.999807
0.9	0.99915	0.0358597	0.0203411	-0.035881	0.999356	0.000686435	-0.0203034	-0.00141571	0.999793
0.933333	0.999122	0.0362935	0.0209167	-0.0363096	0.999341	0.000391855	-0.0208887	-0.00115099	0.999781
0.966667	0.999093	0.036898	0.0212446	-0.0369187	0.999318	0.000578985	-0.0212087	-0.00136278	0.999774
1	0.999085	0.0367824	0.0218189	-0.0368064	0.999322	0.000702091	-0.0217783	-0.00150453	0.999762
1.03333	0.999041	0.0375496	0.0225378	-0.0375972	0.999292	0.00169337	-0.0224582	-0.00253911	0.999745
1.06667	0.999001	0.038143	0.0232895	-0.038195	0.999269	0.00179282	-0.023204	-0.00268057	0.999727
1.1	0.99897	0.0386237	0.0238335	-0.0386725	0.999251	0.001591	-0.0237542	-0.00251106	0.999715
1.13333	0.998933	0.0393579	0.0241586	-0.0394146	0.999221	0.00187488	-0.024066	-0.00282508	0.999706
1.16667	0.998911	0.039905	0.0241731	-0.0399702	0.999198	0.00222069	-0.0240651	-0.00318448	0.999705
1.2	0.998887	0.040775	0.0237177	-0.0408478	0.999162	0.00259091	-0.0235922	-0.00355684	0.999715
1.23333	0.998897	0.0412169	0.0224913	-0.0412836	0.999144	0.0025089	-0.0223686	-0.00343465	0.999744
1.26667	0.998946	0.0409324	0.0207612	-0.0409673	0.99916	0.00126121	-0.0206921	-0.00211041	0.999784
1.3	0.998942	0.0414995	0.0198053	-0.0415066	0.999138	-5.19491e-05	-0.0197904	-0.000770156	0.999804
1.33333	0.998945	0.0415908	0.0194937	-0.0415672	0.999134	-0.00161073	-0.0195438	0.000798729	0.999809
1.36667	0.998948	0.0418208	0.0188005	-0.0417843	0.999124	-0.00233344	-0.0188816	0.00154542	0.999821
1.4	0.998959	0.0419845	0.017833	-0.0419637	0.999118	-0.00153588	-0.0178817	0.000785939	0.99984
1.43333	0.998922	0.0431182	0.0171924	-0.0431074	0.99907	-0.000997287	-0.0172194	0.000255094	0.999852
1.46667	0.998888	0.0440611	0.0167708	-0.0440604	0.999029	-0.000416566	-0.0167729	-0.000322826	0.999859
1.5	0.998872	0.0445539	0.0164306	-0.0445713	0.999006	0.000696724	-0.0163832	-0.00142827	0.999865
1.53333	0.998825	0.0455582	0.0164996	-0.0455935	0.998959	0.00176579	-0.016402	-0.00251599	0.999862
1.56667	0.998752	0.046778	0.017482	-0.0468551	0.998894	0.00402678	-0.0172743	-0.00484087	0.999839
1.6	0.998659	0.0479576	0.01949	-0.0480588	0.998833	0.00475813	-0.0192391	-0.00568842	0.999799
1.63333	0.998569	0.0487858	0.0219188	-0.0488818	0.998797	0.00386503	-0.0217039	-0.00493093	0.999752
1.66667	0.998469	0.0496274	0.0244363	-0.0497242	0.998757	0.00336958	-0.0242387	-0.00457949	0.999696
1.7	0.998395	0.0496534	0.0272282	-0.0497775	0.998753	0.00389974	-0.0270006	-0.00524883	0.999622
1.73333	0.998361	0.0491968	0.0292271	-0.049397	0.99876	0.00616839	-0.0288874	-0.00760201	0.999554
1.76667	0.998282	0.0500383	0.0304707	-0.0503128	0.998699	0.00830867	-0.0300153	-0.00982747	0.999501
1.8	0.998202	0.0497541	0.0334332	-0.0500863	0.998703	0.00917277	-0.0329334	-0.0108308	0.999399
1.83333	0.998087	0.0473945	0.0396997	-0.0476627	0.998846	0.00583439	-0.0393773	-0.00771542	0.999195
1.86667	0.997825	0.047871	0.0453224	-0.0478783	0.998853	-0.000926651	-0.0453148	-0.00124532	0.998972
1.9	0.997641	0.0481862	0.0488966	-0.0475804	0.998776	-0.0134784	-0.0494863	0.0111201	0.998713
1.93333	0.997466	0.0462461	0.0540636	-0.0447822	0.998605	-0.0279814	-0.0552822	0.0254894	0.998145
1.96667	0.997571	0.0334757	0.0610885	-0.0307491	0.998512	-0.0450405	-0.0625054	0.0430526	0.997116
2	0.997639	0.0108053	0.0678192	-0.00645134	0.997923	-0.0640936	-0.0683709	0.0635047	0.995637
2.03333	0.996901	-0.0150019	0.0772272	0.0215204	0.99621	-0.0842793	-0.0756702	0.0856801	0.993445
2.06667	0.99514	-0.0377319	0.0909504	0.0466411	0.994102	-0.0979114	-0.0867196	0.101678	0.99103
2.1	0.993716	-0.0531017	0.0985304	0.0633547	0.992554	-0.104031	-0.0922725	0.10962	0.989681
2.13333	0.992535	-0.0671266	0.101821	0.0784342	0.990669	-0.111455	-0.0933891	0.11861	0.988539
2.16667	0.99101	-0.0827822	0.105106	0.0953661	0.988065	-0.120969	-0.0938374	0.129905	0.987076
2.2	0.988768	-0.100984	0.110184	0.115055	0.984832	-0.129881	-0.0953971	0.1411	0.985388
2.23333	0.986425	-0.11644	0.11579	0.131855	0.981915	-0.135858	-0.097877	0.149281	0.983939
2.26667	0.984129	-0.128578	0.1223	0.145497	0.979214	-0.141315	-0.101588	0.156867	0.982381
2.3	0.981595	-0.14006	0.129826	0.158336	0.976948	-0.14319	-0.106778	0.161111	0.981143
2.33333	0.979381	-0.147394	0.138157	0.167216	0.975204	-0.144969	-0.113364	0.165082	0.979743
2.36667	0.977448	-0.151273	0.147347	0.172978	0.973781	-0.14775	-0.121133	0.169905	0.977987
2.4	0.975463	-0.155996	0.15536	0.179841	0.971636	-0.15356	-0.126998	0.177732	0.97585
2.43333	0.972575	-0.167536	0.161339	0.193357	0.967913	-0.160493	-0.129274	0.187288	0.973762
2.46667	0.968539	-0.184554	0.16695	0.212958	0.961752	-0.172284	-0.128769	0.202417	0.970796
2.5	0.963177	-0.209447	0.168589	0.240011	0.952389	-0.188018	-0.121183	0.221558	0.967588
2.53333	0.950842	-0.263943	0.161966	0.291474	0.939455	-0.180184	-0.104602	0.218535	0.970207
2.56667	0.941845	-0.301555	0.1483	0.324583	0.930626	-0.169058	-0.0870317	0.207362	0.974385
2.6	0.937141	-0.318247	0.143131	0.338804	0.928023	-0.154871	-0.0835417	0.193629	0.977511
2.63333	0.94036	-0.313073	0.133073	0.329302	0.935886	-0.125213	-0.0853402	0.161566	0.983165
2.66667	0.953645	-0.273897	0.124667	0.286593	0.952963	-0.0986177	-0.0917921	0.129775	0.987285
2.7	0.968878	-0.214653	0.123287	0.224137	0.97212	-0.0688903	-0.105063	0.0943796	0.989977
2.73333	0.980641	-0.152601	0.122704	0.157058	0.987208	-0.0274588	-0.116944	0.0461989	0.992063
2.76667	0.987625	-0.0898008	0.128578	0.0882161	0.995939	0.0179786	-0.129671	-0.00641346	0.991536
2.8	0.98955	-0.03308	0.140342	0.0251605	0.998009	0.057834	-0.141976	-0.0536985	0.988412
2.83333	0.987319	0.016993	0.157837	-0.0328855	0.994581	0.0986309	-0.155305	-0.102571	0.982527
2.86667	0.98245	0.058587	0.177089	-0.082825	0.987685	0.132735	-0.167132	-0.145073	0.975203
2.9	0.977008	0.0889844	0.193745	-0.121326	0.979297	0.162042	-0.175314	-0.181822	0.967577
2.93333	0.972347	0.110184	0.205913	-0.148348	0.972379	0.180198	-0.18037	-0.205762	0.961836
2.96667	0.969238	0.12254	0.213452	-0.164638	0.967451	0.192179	-0.182955	-0.22141	0.957865
3	0.967126	0.131035	0.217937	-0.176656	0.962659	0.205137	-0.182918	-0.236893	0.954161
3.03333	0.962857	0.146915	0.226544	-0.197574	0.955222	0.220261	-0.184041	-0.256839	0.948769
3.06667	0.95586	0.174546	0.236357	-0.230875	0.943739	0.236756	-0.181735	-0.280874	0.942381
3.1	0.947898	0.211249	0.238461	-0.270824	0.928519	0.253983	-0.167762	-0.305331	0.937352
3.13333	0.929626	0.272372	0.248211	-0.332712	0.909946	0.24759	-0.158422	-0.312749	0.936531
3.16667	0.901207	0.348831	0.257183	-0.404859	0.889372	0.212384	-0.154645	-0.295524	0.942736
3.2	0.883778	0.391552	0.256173	-0.441587	0.878991	0.179935	-0.15472	-0.272145	0.949736
3.23333	0.886241	0.39203	0.246759	-0.4361	0.885721	0.159106	-0.156186	-0.248618	0.955926
3.26667	0.914102	0.340452	0.22025	-0.375183	0.916173	0.140944	-0.153803	-0.211472	0.965207
3.3	0.943677	0.271612	0.188945	-0.295424	0.948835	0.111515	-0.148989	-0.161053	0.975635
3.33333	0.965664	0.203454	0.161555	-0.216706	0.973798	0.0689689	-0.14329	-0.101611	0.984451
3.36667	0.980592	0.135355	0.141837	-0.139212	0.990106	0.017586	-0.138053	-0.03699	0.989734
3.4	0.988632	0.070279	0.132918	-0.0662451	0.997205	-0.0345372	-0.134974	0.0253394	0.990525
3.43333	0.991016	0.0170669	0.132652	-0.00581566	0.996386	-0.0847467	-0.133619	0.0832139	0.987533
3.46667	0.990378	-0.0202829	0.136892	0.0385365	0.990495	-0.132043	-0.132913	0.136048	0.981746
3.5	0.989046	-0.0431557	0.141156	0.0665246	0.984	-0.165283	-0.131765	0.172863	0.976092
3.53333	0.987741	-0.0544446	0.146299	0.081362	0.979395	-0.184839	-0.133221	0.194476	0.971818
3.56667	0.986727	-0.059026	0.151284	0.0892096	0.975467	-0.201261	-0.135693	0.212086	0.967785
3.6	0.984776	-0.0720095	0.158213	0.107374	0.967754	-0.227866	-0.136703	0.241385	0.960753
3.63333	0.981107	-0.103894	0.1632	0.14418	0.95513	-0.258727	-0.128997	0.277369	0.952064
3.66667	0.975205	-0.152757	0.160129	0.193247	0.940415	-0.279778	-0.10785	0.303785	0.946617
3.7	0.958491	-0.237582	0.157636	0.273582	0.922051	-0.273814	-0.0802951	0.305575	0.948776
3.73333	0.94409	-0.292591	0.151936	0.322894	0.913666	-0.246887	-0.0665823	0.282143	0.957059
3.76667	0.943069	-0.300129	0.143326	0.326209	0.918714	-0.222603	-0.0648659	0.256684	0.964316
3.8	0.957156	-0.261917	0.123499	0.281802	0.940651	-0.189114	-0.0666374	0.215814	0.974158
3.83333	0.976478	-0.188702	0.10432	0.202865	0.967962	-0.14797	-0.0730556	0.165652	0.983475
3.86667	0.988417	-0.117691	0.0958177	0.127229	0.986779	-0.100396	-0.0827351	0.111424	0.990323
3.9	0.993769	-0.0557908	0.0964888	0.0602561	0.997213	-0.0439983	-0.0937652	0.0495382	0.994361
3.93333	0.994343	0.000273374	0.106214	-0.00199503	0.999868	0.0161034	-0.106195	-0.0162242	0.994213
3.96667	0.991503	0.0443803	0.122283	-0.0538878	0.995683	0.0755726	-0.118401	-0.08152	0.989614
4	0.987034	0.0780757	0.140246	-0.0967502	0.986558	0.131693	-0.128079	-0.143554	0.981319
4.03333	0.981392	0.105534	0.16041	-0.134052	0.974696	0.178881	-0.137473	-0.197056	0.970706
4.06667	0.976025	0.11999	0.181597	-0.157343	0.965443	0.207757	-0.150393	-0.231349	0.961176
4.1	0.971987	0.125139	0.198951	-0.169949	0.958918	0.227143	-0.162353	-0.254591	0.953323
4.13333	0.967293	0.135947	0.214157	-0.189052	0.949264	0.251309	-0.169127	-0.283577	0.943918
4.16667	0.960468	0.165327	0.223982	-0.224151	0.936404	0.270009	-0.165098	-0.30954	0.936444
4.2	0.952289	0.20772	0.2236	-0.265442	0.92528	0.270921	-0.150617	-0.317348	0.936272
4.23333	0.926151	0.291815	0.23893	-0.347007	0.907496	0.236723	-0.147748	-0.302151	0.94174
4.26667	0.901004	0.366862	0.231526	-0.410162	0.894224	0.17925	-0.141276	-0.256469	0.956172
4.3	0.893296	0.39014	0.223187	-0.425857	0.893476	0.14264	-0.143763	-0.222465	0.964283
4.33333	0.914027	0.35073	0.20382	-0.38021	0.91585	0.129068	-0.141401	-0.195466	0.970463
4.36667	0.944415	0.279406	0.173243	-0.300105	0.947853	0.10729	-0.134232	-0.153317	0.979018
4.4	0.967112	0.206948	0.147876	-0.219088	0.973119	0.0709861	-0.129211	-0.101049	0.986455
4.43333	0.981041	0.142341	0.131519	-0.146242	0.989038	0.020442	-0.127167	-0.039288	0.991103
4.46667	0.988832	0.0852935	0.122217	-0.0813215	0.995996	-0.0371362	-0.124895	0.0267826	0.991808
4.5	0.992381	0.0367964	0.117581	-0.0258165	0.995277	-0.0935765	-0.120469	0.0898281	0.988645
4.53333	0.993409	-0.000433408	0.114624	0.0170784	0.989391	-0.144271	-0.113346	0.145278	0.982877
4.56667	0.993015	-0.0224532	0.115835	0.0440139	0.981356	-0.187093	-0.109474	0.190884	0.975489
4.6	0.991994	-0.0273919	0.123281	0.0532587	0.975878	-0.21172	-0.114508	0.216591	0.969524
4.63333	0.990653	-0.0282454	0.133452	0.0578132	0.973053	-0.223214	-0.123551	0.228843	0.965591
4.66667	0.989077	-0.0456719	0.140145	0.0773687	0.970141	-0.229871	-0.125462	0.238203	0.963078
4.7	0.98714	-0.079417	0.138738	0.111981	0.962887	-0.245579	-0.114086	0.257957	0.959397
4.73333	0.984102	-0.123952	0.127196	0.15376	0.953047	-0.260883	-0.0888867	0.276293	0.956954
4.76667	0.97008	-0.20872	0.124021	0.234326	0.938579	-0.253299	-0.0635352	0.274782	0.959405
4.8	0.953203	-0.276966	0.121221	0.297767	0.929457	-0.21782	-0.0523408	0.243722	0.968432
4.83333	0.954782	-0.273898	0.115637	0.292366	0.935601	-0.197921	-0.0539796	0.222779	0.973373
4.86667	0.966618	-0.235226	0.101583	0.250286	0.951695	-0.177859	-0.0548393	0.197347	0.978799
4.9	0.982936	-0.162329	0.0865198	0.172978	0.975687	-0.134586	-0.0625692	0.147255	0.987118
4.93333	0.991375	-0.0989697	0.0859092	0.106064	0.990943	-0.0823609	-0.0769798	0.0907623	0.992893
4.96667	0.994346	-0.0508888	0.093197	0.0533941	0.998271	-0.0245868	-0.0917846	0.029424	0.995344
5	0.994527	-0.0100313	0.103996	0.00617301	0.999283	0.0373564	-0.104296	-0.03651	0.993876
5.03333	0.992562	0.0300058	0.117982	-0.0410131	0.994914	0.0920043	-0.114621	-0.0961587	0.988744
5.06667	0.988974	0.0636944	0.133695	-0.0826179	0.986536	0.141142	-0.122905	-0.150632	0.98092
5.1	0.984499	0.0865485	0.15255	-0.113824	0.977009	0.180272	-0.133441	-0.194841	0.971715
5.13333	0.980407	0.0952429	0.172428	-0.130127	0.970298	0.203932	-0.147884	-0.222374	0.963681
5.16667	0.977622	0.0951173	0.187639	-0.136064	0.966157	0.219151	-0.160444	-0.239778	0.957478
5.2	0.974161	0.107833	0.198449	-0.154108	0.959696	0.23502	-0.165108	-0.25953	0.951516
5.23333	0.971431	0.130635	0.198134	-0.178022	0.953206	0.24435	-0.156942	-0.272641	0.949229
5.26667	0.969031	0.162511	0.185929	-0.205854	0.947488	0.244726	-0.136395	-0.275421	0.951599
5.3	0.956888	0.220582	0.188967	-0.261533	0.937347	0.230178	-0.126355	-0.269676	0.954625
5.33333	0.935056	0.301759	0.186043	-0.335868	0.922008	0.192597	-0.113415	-0.242575	0.96348
5.36667	0.918987	0.352349	0.176955	-0.379858	0.911486	0.1578	-0.105691	-0.212234	0.971486
5.4	0.921761	0.344055	0.178838	-0.372372	0.914051	0.160779	-0.10815	-0.214794	0.970653
