0	-0.364484	0.275236	0.73996	0.996989	0.0229622	-0.0740607	-0.0119438	0.989224	0.14592	0.0766133	-0.144596	0.98652
0.0333333	0.154204	0.969611	-2.01677	0.169298	0.985095	-0.0304364	-0.985443	0.169682	0.0104975	0.0155055	0.0282161	0.999482
0.0666667	0.156297	0.974835	-2.01187	0.0482478	0.998567	0.0231658	-0.998773	0.0484913	-0.0100676	-0.0111765	-0.0226517	0.999681
0.1	0.156731	0.976073	-2.01083	0.0180651	0.999458	0.027512	-0.999834	0.0181202	-0.00175556	-0.00225314	-0.0274757	0.99962
0.133333	0.156928	0.976516	-2.01037	0.00716641	0.999562	0.0287086	-0.999973	0.0071101	0.00206303	0.001858	-0.0287226	0.999586
0.166667	0.157072	0.976691	-2.01015	0.00192766	0.999548	0.0300091	-0.999992	0.00182272	0.00352368	0.00346739	-0.0300156	0.999543
0.2	0.15714	0.976763	-2.01001	-0.00102877	0.99953	0.0306303	-0.999991	-0.00115589	0.00413286	0.00416633	-0.0306257	0.999522
0.233333	0.157123	0.976776	-2.00993	-0.00312981	0.999513	0.0310512	-0.999985	-0.00326514	0.00430835	0.00440764	-0.0310373	0.999509
0.266667	0.157174	0.976817	-2.00985	-0.00467423	0.999472	0.0321567	-0.999977	-0.00482805	0.00470743	0.0048602	-0.0321339	0.999472
0.3	0.157296	0.97688	-2.00975	-0.00566859	0.99943	0.0332842	-0.99997	-0.00584417	0.00518017	0.00537174	-0.0332538	0.999433
0.333333	0.157403	0.976925	-2.00957	-0.00653515	0.999386	0.0344107	-0.999962	-0.00672909	0.0055234	0.00575156	-0.0343733	0.999393
0.366667	0.157401	0.976914	-2.00945	-0.00723683	0.999368	0.0348138	-0.999958	-0.00742936	0.00540399	0.00565921	-0.0347732	0.999379
0.4	0.157528	0.976936	-2.00922	-0.0076735	0.999337	0.0355857	-0.999954	-0.0078743	0.00550606	0.00578262	-0.0355419	0.999351
0.433333	0.15764	0.976977	-2.00899	-0.00807203	0.999319	0.0360125	-0.99995	-0.00828101	0.00565749	0.00595185	-0.035965	0.999335
0.466667	0.157648	0.977022	-2.00876	-0.00867818	0.999324	0.0357328	-0.999943	-0.00889421	0.00589131	0.00620514	-0.0356796	0.999344
0.5	0.157673	0.977198	-2.00838	-0.00924845	0.999325	0.0355576	-0.999931	-0.00950062	0.00692957	0.00726271	-0.0354911	0.999344
0.533333	0.157516	0.977556	-2.00773	-0.0105204	0.99935	0.0344705	-0.999899	-0.0108439	0.0092122	0.00958001	-0.0343701	0.999363
0.566667	0.157221	0.978206	-2.0067	-0.0113519	0.99942	0.0321149	-0.999855	-0.0117533	0.0123352	0.0127055	-0.0319703	0.999408
0.6	0.156844	0.978842	-2.0054	-0.0136166	0.999479	0.029257	-0.999781	-0.0140738	0.0154764	0.0158801	-0.0290398	0.999452
0.633333	0.156404	0.979255	-2.00387	-0.0173861	0.999494	0.0266392	-0.999693	-0.0178473	0.0171762	0.017643	-0.0263324	0.999498
0.666667	0.156014	0.979352	-2.00202	-0.019057	0.999509	0.024856	-0.999656	-0.0194954	0.0175164	0.0179924	-0.0245137	0.999538
0.7	0.155699	0.979344	-1.99977	-0.0204897	0.999472	0.0252252	-0.999625	-0.0209378	0.0176276	0.0181465	-0.0248545	0.999526
0.733333	0.155216	0.97926	-1.99705	-0.021931	0.999415	0.0262494	-0.999616	-0.0223656	0.0163804	0.0169579	-0.0258801	0.999521
0.766667	0.154667	0.979245	-1.99387	-0.0238634	0.999311	0.0284281	-0.999599	-0.0242841	0.0145472	0.0152276	-0.0280696	0.99949
0.8	0.153737	0.979109	-1.99047	-0.0261389	0.999183	0.0308249	-0.999575	-0.0265221	0.0120918	0.0128995	-0.0304958	0.999452
0.833333	0.152631	0.978839	-1.98658	-0.0280598	0.999023	0.0341331	-0.999549	-0.0284078	0.00975399	0.0107141	-0.033844	0.99937
0.866667	0.151224	0.978423	-1.98211	-0.0302542	0.998823	0.0379208	-0.999507	-0.0305491	0.00722119	0.00837113	-0.0376836	0.999255
0.9	0.149662	0.977863	-1.97706	-0.0323336	0.998574	0.0424746	-0.99946	-0.0325537	0.00450085	0.00587713	-0.0423062	0.999087
0.933333	0.147687	0.977092	-1.97153	-0.0340152	0.998339	0.0465024	-0.999415	-0.034147	0.00204416	0.00362869	-0.0464056	0.998916
0.966667	0.14516	0.976143	-1.96555	-0.0358914	0.99809	0.0502777	-0.999354	-0.0359364	-1.00414e-05	0.00179678	-0.0502456	0.998735
1	0.142216	0.97513	-1.95891	-0.0385521	0.99784	0.053195	-0.999256	-0.0385357	-0.00133463	0.000718156	-0.0532069	0.998583
1.03333	0.138684	0.973914	-1.95171	-0.0412356	0.997733	0.0531855	-0.999149	-0.0411905	-0.00194477	0.000250372	-0.0532204	0.998583
1.06667	0.13443	0.972297	-1.94409	-0.0428995	0.997859	0.0493694	-0.999078	-0.0429257	-0.000531005	0.00158934	-0.0493466	0.99878
1.1	0.129468	0.969857	-1.93625	-0.0438337	0.99811	0.0430628	-0.99903	-0.0439773	0.00239079	0.00428006	-0.0429162	0.99907
1.13333	0.123771	0.966389	-1.92799	-0.0451722	0.998376	0.034713	-0.998948	-0.0454192	0.00635782	0.00792413	-0.0343893	0.999377
1.16667	0.117878	0.962459	-1.91936	-0.043769	0.998651	0.0279543	-0.998989	-0.0440357	0.0089969	0.0102158	-0.0275323	0.999569
1.2	0.112182	0.959169	-1.91148	-0.0317399	0.999084	0.0286928	-0.999466	-0.0319478	0.0068157	0.00772613	-0.0284611	0.999565
1.23333	0.10918	0.956324	-1.90602	-0.0171287	0.998464	0.0526876	-0.999853	-0.0171213	-0.000591337	0.000311652	-0.05269	0.998611
1.26667	0.109349	0.953585	-1.89945	-0.00224973	0.995939	0.0900059	-0.999942	-0.00129385	-0.0106771	-0.0105173	-0.0900247	0.995884
1.3	0.10931	0.951629	-1.88861	0.0209687	0.993631	0.110719	-0.999496	0.0234731	-0.0213653	-0.0238282	-0.110215	0.993622
1.33333	0.10728	0.950439	-1.87476	0.045994	0.992848	0.110169	-0.998336	0.049526	-0.0295397	-0.0347847	-0.108627	0.993474
1.36667	0.104683	0.949838	-1.85797	0.0749312	0.992256	0.0990583	-0.99653	0.078122	-0.0287286	-0.0362447	-0.0965619	0.994667
1.4	0.10296	0.948634	-1.83908	0.105539	0.990489	0.0882811	-0.993888	0.107956	-0.0230549	-0.0323661	-0.0853083	0.995829
1.43333	0.102425	0.946049	-1.81771	0.131841	0.987985	0.0806401	-0.990904	0.133568	-0.0163969	-0.0269709	-0.0777448	0.996608
1.46667	0.103679	0.941768	-1.79491	0.14744	0.986248	0.0746807	-0.988778	0.148813	-0.0131349	-0.0240677	-0.0719061	0.997121
1.5	0.106609	0.936434	-1.77043	0.15176	0.985514	0.0757071	-0.988082	0.153259	-0.0143576	-0.0257524	-0.0726259	0.997027
1.53333	0.110339	0.931095	-1.74436	0.153701	0.984482	0.0846835	-0.987604	0.155819	-0.0189526	-0.0318537	-0.0807207	0.996228
1.56667	0.113463	0.926802	-1.71557	0.159194	0.982891	0.0926444	-0.986559	0.161884	-0.0222329	-0.0368502	-0.0878598	0.995451
1.6	0.114645	0.924358	-1.68124	0.16868	0.981964	0.0854018	-0.985078	0.170949	-0.0199392	-0.034179	-0.080764	0.996147
1.63333	0.114754	0.924781	-1.64173	0.186936	0.98022	0.064992	-0.981988	0.188304	-0.0155478	-0.0274785	-0.0609149	0.997765
1.66667	0.114924	0.929072	-1.60098	0.211289	0.976104	0.050769	-0.977071	0.212323	-0.015858	-0.0262585	-0.0462543	0.998585
1.7	0.114534	0.935725	-1.55964	0.233397	0.971837	0.0325241	-0.972113	0.233988	-0.0156654	-0.0228344	-0.0279609	0.999348
1.73333	0.115018	0.942031	-1.51911	0.248787	0.968096	0.0299299	-0.968433	0.249132	-0.00835115	-0.0155412	-0.0269074	0.999517
1.76667	0.114423	0.946562	-1.47816	0.253	0.966919	0.0325389	-0.967464	0.252777	0.0108599	0.00227557	-0.0342277	0.999411
1.8	0.11114	0.949189	-1.43922	0.233537	0.971667	0.0363816	-0.972002	0.232292	0.0353875	0.0259337	-0.0436273	0.998711
1.83333	0.105914	0.950715	-1.40552	0.190684	0.981123	0.0322	-0.980712	0.188964	0.0499618	0.042934	-0.0411059	0.998232
1.86667	0.103182	0.952151	-1.37424	0.143654	0.989148	0.0308014	-0.988945	0.14233	0.0415806	0.0367454	-0.0364341	0.99866
1.9	0.10133	0.954869	-1.34217	0.0864149	0.995706	0.0331927	-0.995921	0.0854701	0.0289029	0.0259418	-0.035555	0.999031
1.93333	0.0999244	0.957909	-1.30934	0.024392	0.998748	0.0436748	-0.99946	0.0234007	0.0230682	0.0220173	-0.0442139	0.998779
1.96667	0.0992554	0.959677	-1.27506	-0.0369926	0.997495	0.0602864	-0.999017	-0.0383896	0.0221814	0.0244402	-0.0594066	0.997935
2	0.101221	0.959069	-1.23746	-0.0916655	0.991572	0.0915606	-0.995325	-0.0940452	0.0220135	0.0304388	-0.0891147	0.995556
2.03333	0.108187	0.95486	-1.19941	-0.120271	0.984498	0.127663	-0.992075	-0.123903	0.020869	0.0363633	-0.124141	0.991598
2.06667	0.114044	0.946634	-1.16703	-0.0977354	0.987158	0.126356	-0.994885	-0.10017	0.013047	0.0255367	-0.124435	0.991899
2.1	0.115132	0.937191	-1.13472	-0.0626466	0.993065	0.0994813	-0.997967	-0.0635001	0.0054337	0.0117131	-0.0989387	0.995025
2.13333	0.11326	0.928021	-1.09775	-0.0484323	0.996186	0.0725849	-0.998761	-0.0491307	0.00786738	0.0114035	-0.072114	0.997331
2.16667	0.110198	0.920918	-1.05129	-0.0676169	0.994985	0.0737046	-0.997596	-0.0685485	0.0101809	0.0151822	-0.072839	0.997228
2.2	0.105614	0.917412	-0.998436	-0.104092	0.990926	0.0850381	-0.994402	-0.105254	0.0092811	0.0181475	-0.083596	0.996334
2.23333	0.100799	0.918483	-0.945717	-0.134197	0.986698	0.0917549	-0.990909	-0.134508	-0.00282077	0.00955851	-0.0912993	0.995778
2.26667	0.0947238	0.925827	-0.89408	-0.200807	0.975414	0.0907943	-0.97963	-0.200094	-0.0169812	0.00160371	-0.0923547	0.995725
2.3	0.0896156	0.933933	-0.84882	-0.226191	0.970097	0.088034	-0.974082	-0.225424	-0.0186873	0.00171651	-0.0899792	0.995942
2.33333	0.0909923	0.9397	-0.807879	-0.20702	0.971107	0.118714	-0.978201	-0.207481	-0.00860049	0.016279	-0.117907	0.992891
2.36667	0.0941244	0.943494	-0.766271	-0.174311	0.972376	0.155242	-0.984015	-0.177851	0.00909907	0.0364576	-0.151175	0.987835
2.4	0.0956779	0.945889	-0.725548	-0.143	0.975348	0.16807	-0.989057	-0.147055	0.0118658	0.0362888	-0.164534	0.985704
2.43333	0.0957593	0.947548	-0.685888	-0.110151	0.979795	0.166937	-0.993471	-0.113555	0.0109572	0.0296923	-0.16464	0.985907
2.46667	0.0954764	0.94837	-0.646704	-0.0771397	0.983256	0.165096	-0.99642	-0.081774	0.0214499	0.0345913	-0.162851	0.986044
2.5	0.0951013	0.947659	-0.607092	-0.0435101	0.986469	0.158067	-0.998189	-0.0495035	0.0341777	0.0415401	-0.156293	0.986837
2.53333	0.094109	0.944927	-0.566327	-0.0147709	0.990053	0.139916	-0.9991	-0.0201788	0.0373111	0.0397633	-0.139239	0.98946
2.56667	0.0933482	0.940496	-0.522928	0.011035	0.993424	0.113957	-0.999256	0.00674411	0.0379704	0.0369522	-0.114291	0.99276
2.6	0.0951202	0.93492	-0.476077	0.0328412	0.995771	0.0858053	-0.998806	0.0295927	0.0388612	0.0361576	-0.0869791	0.995554
2.63333	0.102159	0.928234	-0.429428	0.0454483	0.995663	0.0811714	-0.998392	0.0425158	0.0374982	0.0338845	-0.0827451	0.995995
2.66667	0.109343	0.921441	-0.383631	0.0584441	0.994599	0.0857738	-0.997888	0.055765	0.0333067	0.0283437	-0.0875392	0.995758
2.7	0.112947	0.91576	-0.332193	0.0776195	0.994185	0.0746413	-0.996468	0.0749551	0.037862	0.032047	-0.0773164	0.996491
2.73333	0.115522	0.912675	-0.275072	0.115527	0.991666	0.0570322	-0.99232	0.112668	0.0510496	0.0441984	-0.0624919	0.997066
2.76667	0.118449	0.915718	-0.217603	0.175207	0.983049	0.0540159	-0.983129	0.171766	0.062881	0.052537	-0.0641218	0.996558
2.8	0.118098	0.923303	-0.163249	0.228196	0.972745	0.0411504	-0.970672	0.224019	0.0872409	0.0756447	-0.0598515	0.995337
2.83333	0.113106	0.930486	-0.116218	0.226695	0.973815	0.0171352	-0.966454	0.222731	0.127897	0.120732	-0.0455542	0.991639
2.86667	0.109216	0.935157	-0.0771975	0.194	0.98081	-0.0193757	-0.970922	0.194794	0.13916	0.140264	-0.00818477	0.99008
2.9	0.108972	0.938605	-0.0373012	0.155521	0.98742	-0.0285633	-0.980363	0.157829	0.118233	0.121254	0.00961474	0.992575
2.93333	0.109297	0.941521	0.00256321	0.107915	0.994	-0.017822	-0.989326	0.109139	0.0965568	0.0979226	0.00721178	0.995168
2.96667	0.109582	0.944045	0.042205	0.0577396	0.998327	0.00304089	-0.994341	0.0572364	0.0895018	0.089178	-0.00819148	0.995982
3	0.10975	0.94547	0.0828549	0.00707758	0.999466	0.0318961	-0.996182	0.00427176	0.0871921	0.0870093	-0.0323914	0.995681
3.03333	0.111019	0.945583	0.127156	-0.046499	0.996173	0.0740118	-0.995349	-0.0524633	0.0807949	0.0843686	-0.0699107	0.993979
3.06667	0.11816	0.943185	0.173796	-0.083768	0.987206	0.135674	-0.992726	-0.0944903	0.0746107	0.086476	-0.128437	0.98794
3.1	0.126471	0.935921	0.212714	-0.0627833	0.985965	0.154697	-0.995107	-0.0736911	0.0658103	0.0762864	-0.149809	0.985768
3.13333	0.127972	0.927322	0.250356	-0.0347535	0.989697	0.138899	-0.997674	-0.0425121	0.053287	0.0586429	-0.136724	0.988872
3.16667	0.127057	0.918888	0.292009	-0.0221394	0.992027	0.124064	-0.998685	-0.0276838	0.0431454	0.046236	-0.122946	0.991336
3.2	0.125104	0.911995	0.341826	-0.0341681	0.990395	0.133977	-0.998542	-0.0394361	0.0368645	0.0417939	-0.132522	0.990299
3.23333	0.12072	0.907801	0.397825	-0.0656755	0.986627	0.149181	-0.996633	-0.0722144	0.0388403	0.0490939	-0.146127	0.988047
3.26667	0.114823	0.908421	0.453288	-0.10945	0.984023	0.140423	-0.993044	-0.11442	0.0277918	0.0434149	-0.136404	0.989702
3.3	0.106378	0.914964	0.50662	-0.185279	0.974814	0.124136	-0.981839	-0.18888	0.0177925	0.0407911	-0.118585	0.992106
3.33333	0.10123	0.922041	0.552791	-0.198127	0.97278	0.120183	-0.978803	-0.202844	0.0282521	0.0518616	-0.112038	0.99235
3.36667	0.101966	0.927512	0.595886	-0.177124	0.972523	0.151085	-0.981203	-0.186441	0.0497958	0.076596	-0.139426	0.987266
3.4	0.103312	0.931416	0.639514	-0.149239	0.972417	0.179259	-0.984457	-0.163096	0.0651436	0.0925831	-0.166751	0.981643
3.43333	0.102285	0.934229	0.681766	-0.120712	0.976538	0.17833	-0.988477	-0.134773	0.0689191	0.0913363	-0.167955	0.981554
3.46667	0.100745	0.936341	0.72198	-0.0893087	0.982082	0.16595	-0.99202	-0.102596	0.0732871	0.0889997	-0.15808	0.983407
3.5	0.0996996	0.937979	0.762313	-0.0573171	0.986946	0.150506	-0.993816	-0.0707647	0.0855664	0.0950999	-0.144671	0.984899
3.53333	0.0984227	0.938215	0.8025	-0.0259511	0.991566	0.126976	-0.994602	-0.0383765	0.0964111	0.100471	-0.123788	0.987209
3.56667	0.0971255	0.936459	0.844057	0.00130416	0.995261	0.0972293	-0.994751	-0.00865667	0.101954	0.102313	-0.096852	0.990026
3.6	0.0968388	0.932545	0.887725	0.0225499	0.997659	0.0645558	-0.994409	0.0157195	0.104422	0.103163	-0.0665496	0.992436
3.63333	0.100538	0.92676	0.932885	0.0350922	0.998444	0.0433386	-0.994145	0.0304406	0.103682	0.102201	-0.0467232	0.993666
3.66667	0.107865	0.91958	0.976417	0.0450911	0.997886	0.0468052	-0.994274	0.0402854	0.0989787	0.0968839	-0.0510002	0.993988
3.7	0.112611	0.912557	1.02148	0.0598962	0.997155	0.0457546	-0.993687	0.0552067	0.0976602	0.0948564	-0.0513153	0.994167
3.73333	0.112923	0.906893	1.07262	0.076334	0.996796	0.0238829	-0.991911	0.07348	0.103504	0.101417	-0.0315906	0.994342
3.76667	0.113135	0.904362	1.12728	0.114877	0.993357	0.0067531	-0.986875	0.113345	0.115022	0.113492	-0.0198778	0.99334
3.8	0.112776	0.907898	1.18181	0.16874	0.98561	-0.0100262	-0.978026	0.168688	0.122513	0.122441	-0.0108669	0.992416
3.83333	0.109886	0.914573	1.23378	0.211031	0.977214	-0.0227584	-0.967746	0.21215	0.135868	0.1376	-0.00664802	0.990466
3.86667	0.103514	0.920423	1.27891	0.215449	0.975347	-0.0477567	-0.961594	0.22042	0.16356	0.170054	0.0106838	0.985377
3.9	0.0992915	0.92351	1.31668	0.194806	0.976923	-0.0875881	-0.96331	0.207368	0.170391	0.184622	0.0511814	0.981476
3.93333	0.0981206	0.926318	1.35583	0.162347	0.981564	-0.100872	-0.971839	0.176754	0.155841	0.170797	0.0727306	0.982618
3.96667	0.0972318	0.929556	1.39438	0.114934	0.988769	-0.0955255	-0.982246	0.127473	0.137636	0.148267	0.0780104	0.985866
4	0.0959516	0.933233	1.43267	0.0589719	0.995298	-0.0768373	-0.988786	0.0688181	0.132539	0.137203	0.0681596	0.988195
4.03333	0.0947621	0.936271	1.47169	0.00271936	0.998994	-0.0447609	-0.991079	0.00865687	0.132997	0.133251	0.0439999	0.990105
4.06667	0.0954421	0.938045	1.51431	-0.0538693	0.998536	0.00498491	-0.990002	-0.0540593	0.130285	0.130364	0.0020833	0.991464
4.1	0.102787	0.936581	1.55754	-0.0846688	0.994082	0.0680603	-0.987596	-0.0927888	0.126668	0.132234	-0.0564912	0.989607
4.13333	0.108519	0.929785	1.59196	-0.0602227	0.994955	0.0802354	-0.991085	-0.0691712	0.113871	0.118847	-0.0726624	0.99025
4.16667	0.10871	0.921006	1.62509	-0.0285916	0.997152	0.0697919	-0.995002	-0.035074	0.0934977	0.0956792	-0.0667698	0.99317
4.2	0.107239	0.911938	1.66212	-0.0109685	0.99743	0.0708011	-0.997007	-0.0163276	0.0755644	0.0765262	-0.0697604	0.994624
4.23333	0.103757	0.904437	1.70696	-0.0219022	0.99562	0.0908888	-0.997125	-0.0283501	0.0702698	0.0725387	-0.0890884	0.993379
4.26667	0.0988643	0.899272	1.7572	-0.0531863	0.991737	0.116744	-0.995449	-0.0619135	0.0724465	0.0790759	-0.112359	0.990516
4.3	0.0930899	0.896914	1.8084	-0.0789462	0.9878	0.134234	-0.993882	-0.0884251	0.0661762	0.0772385	-0.128188	0.988738
4.33333	0.0860612	0.899943	1.85787	-0.134305	0.981599	0.135738	-0.988769	-0.14181	0.0471782	0.065559	-0.127877	0.989621
4.36667	0.0773221	0.905967	1.90384	-0.186067	0.974794	0.123107	-0.980271	-0.19268	0.0440879	0.0666968	-0.112474	0.991414
4.4	0.0741914	0.910655	1.94259	-0.191659	0.973153	0.127436	-0.978865	-0.198973	0.047264	0.0713515	-0.115684	0.99072
4.43333	0.0753533	0.914416	1.98132	-0.182582	0.969603	0.162892	-0.979142	-0.194337	0.0592813	0.0891353	-0.148671	0.984861
4.46667	0.0759986	0.917629	2.01789	-0.155268	0.971057	0.181495	-0.983347	-0.169492	0.0655899	0.0944534	-0.168288	0.981202
4.5	0.0750596	0.921426	2.05228	-0.126161	0.976265	0.176038	-0.987888	-0.139804	0.0673284	0.0903411	-0.165412	0.982078
4.53333	0.0738142	0.925103	2.08556	-0.0967833	0.981881	0.162919	-0.990887	-0.110461	0.077084	0.0936836	-0.153974	0.983624
4.56667	0.0724372	0.927375	2.11871	-0.0679926	0.987105	0.144918	-0.992677	-0.0814709	0.0891924	0.0998488	-0.137792	0.985415
4.6	0.070572	0.92795	2.15244	-0.0456038	0.991658	0.12056	-0.993876	-0.0571997	0.0945429	0.10065	-0.11551	0.988194
4.63333	0.0686918	0.92703	2.18725	-0.0266494	0.995148	0.0947095	-0.994751	-0.035763	0.0958716	0.0987936	-0.0916575	0.990878
4.66667	0.067992	0.92525	2.22474	-0.0117144	0.997711	0.0666056	-0.994703	-0.0184301	0.101126	0.102122	-0.0650682	0.992642
4.7	0.0719116	0.922068	2.26342	-0.00066583	0.998536	0.0540889	-0.994007	-0.00657344	0.109116	0.109312	-0.0536921	0.992556
4.73333	0.0788297	0.916741	2.29941	0.00699706	0.997919	0.0640951	-0.993795	-0.000175561	0.111223	0.111003	-0.0644756	0.991726
4.76667	0.0848295	0.910536	2.33585	0.0207842	0.997152	0.0724948	-0.994302	0.0130326	0.105805	0.104559	-0.0742808	0.991741
4.8	0.0876886	0.904006	2.37669	0.0308118	0.997723	0.0599978	-0.994664	0.0246938	0.100168	0.0984586	-0.062764	0.99316
4.83333	0.0886944	0.898017	2.42187	0.0425428	0.998574	0.0322417	-0.993589	0.0389032	0.106146	0.10474	-0.0365507	0.993828
4.86667	0.0920876	0.893982	2.46624	0.0710231	0.997211	0.0229507	-0.990084	0.0676825	0.123094	0.121197	-0.0314656	0.99213
4.9	0.0940388	0.895984	2.51124	0.133523	0.991044	0.00206517	-0.982902	0.132159	0.128207	0.126786	-0.0191484	0.991745
