0	0.96308	-0.269216	0	0.269216	0.96308	0	0	0	1
0.0333333	0.970297	-0.200126	-0.135916	0.196139	0.979665	-0.0422598	0.141609	0.0143462	0.989819
0.0666667	0.97205	0.0014848	-0.234767	-0.014168	0.998528	-0.0523473	0.234344	0.0542104	0.970641
0.1	0.944602	0.165851	-0.28323	-0.186584	0.981282	-0.0476652	0.270024	0.0978708	0.957867
0.133333	0.908485	0.288333	-0.302521	-0.315096	0.948103	-0.0426096	0.274535	0.134033	0.95219
0.166667	0.874611	0.374741	-0.307612	-0.405549	0.91317	-0.0406202	0.26568	0.160279	0.950644
0.2	0.846922	0.434307	-0.30676	-0.467662	0.882952	-0.0410793	0.253013	0.178251	0.9509
0.233333	0.826021	0.47471	-0.303874	-0.509599	0.859348	-0.0427765	0.240827	0.190188	0.951752
0.266667	0.810963	0.501881	-0.300757	-0.537672	0.841964	-0.0447745	0.230756	0.198019	0.952649
0.3	0.800401	0.520279	-0.297771	-0.556587	0.82947	-0.0468037	0.222641	0.203198	0.953489
0.333333	0.793121	0.532785	-0.295125	-0.569378	0.820633	-0.0486742	0.216256	0.206642	0.954218
0.366667	0.788102	0.541274	-0.293117	-0.578031	0.814473	-0.050131	0.211602	0.208939	0.954761
0.4	0.784668	0.547169	-0.291382	-0.584008	0.810118	-0.0514135	0.207922	0.210512	0.955224
0.433333	0.782467	0.550845	-0.290369	-0.587736	0.807369	-0.0521708	0.205697	0.211482	0.955492
0.466667	0.780986	0.553113	-0.290045	-0.590054	0.805661	-0.0524144	0.204687	0.212077	0.955576
0.5	0.780285	0.5542	-0.289857	-0.591162	0.804838	-0.0525571	0.204161	0.212362	0.955626
0.533333	0.780297	0.554333	-0.289571	-0.59128	0.804738	-0.0527739	0.203774	0.212397	0.955701
0.566667	0.780656	0.554115	-0.289021	-0.591018	0.804903	-0.0531901	0.203161	0.21234	0.955844
0.6	0.780916	0.554098	-0.28835	-0.590954	0.804916	-0.0536983	0.202343	0.212336	0.956018
0.633333	0.781238	0.554026	-0.287615	-0.59083	0.80497	-0.0542546	0.201463	0.212317	0.956208
0.666667	0.781844	0.553529	-0.286923	-0.59027	0.805345	-0.0547774	0.200751	0.21219	0.956386
0.7	0.782654	0.553347	-0.285061	-0.58995	0.805483	-0.0561827	0.198523	0.212143	0.956861
0.733333	0.783476	0.553466	-0.28256	-0.58989	0.805393	-0.0580667	0.195434	0.212173	0.95749
0.766667	0.784671	0.553053	-0.280043	-0.589276	0.805703	-0.0599599	0.192471	0.212072	0.958113
0.8	0.78576	0.552442	-0.27819	-0.588506	0.806162	-0.0613504	0.190374	0.211923	0.958565
0.833333	0.786543	0.55196	-0.276929	-0.587913	0.806522	-0.0622941	0.188966	0.211807	0.958869
0.866667	0.786162	0.552812	-0.276312	-0.588737	0.805885	-0.0627559	0.187983	0.212011	0.959017
0.9	0.786357	0.552834	-0.275714	-0.588712	0.805868	-0.0632034	0.187249	0.212017	0.95916
0.933333	0.786804	0.552279	-0.275549	-0.58813	0.806283	-0.063327	0.187196	0.211885	0.959199
0.966667	0.786466	0.552782	-0.275504	-0.588642	0.805907	-0.0633606	0.187006	0.212004	0.959209
1	0.786616	0.552175	-0.276292	-0.588083	0.806361	-0.0627709	0.188131	0.211859	0.959022
1.03333	0.786523	0.55132	-0.278258	-0.587361	0.807	-0.0613021	0.190758	0.211654	0.958548
1.06667	0.786309	0.550377	-0.280719	-0.586582	0.807704	-0.0594655	0.194009	0.211423	0.957946
1.1	0.787002	0.547917	-0.283574	-0.584265	0.809534	-0.0573409	0.198144	0.21081	0.957235
1.13333	0.788764	0.543628	-0.286916	-0.580087	0.812704	-0.0548707	0.203348	0.209716	0.956383
1.16667	0.793803	0.53496	-0.289299	-0.571313	0.819011	-0.053134	0.208514	0.207458	0.955763
1.2	0.803087	0.52218	-0.287017	-0.557976	0.82805	-0.0547435	0.209078	0.204112	0.95636
1.23333	0.812744	0.510033	-0.281626	-0.545085	0.836343	-0.05842	0.20574	0.200991	0.957744
1.26667	0.821338	0.49991	-0.274762	-0.534171	0.843029	-0.0629513	0.200162	0.198474	0.959449
1.3	0.82686	0.493789	-0.269212	-0.527458	0.846972	-0.0665246	0.195166	0.197005	0.960781
1.33333	0.830352	0.490603	-0.264241	-0.52379	0.848993	-0.0696763	0.190156	0.196263	0.961936
1.36667	0.8333	0.488737	-0.258357	-0.521377	0.850166	-0.0733736	0.183786	0.195844	0.963259
1.4	0.834955	0.48854	-0.253337	-0.520726	0.850288	-0.076511	0.178031	0.195802	0.964348
1.43333	0.833781	0.490271	-0.253858	-0.522537	0.849206	-0.0761851	0.178227	0.196172	0.964236
1.46667	0.828586	0.494832	-0.261891	-0.5279	0.846324	-0.0711071	0.186458	0.19717	0.962474
1.5	0.820682	0.501609	-0.273624	-0.535795	0.841955	-0.0635362	0.198509	0.198749	0.959736
1.53333	0.812437	0.508659	-0.284976	-0.543875	0.837294	-0.0560294	0.210109	0.200512	0.956896
1.56667	0.805521	0.513282	-0.296105	-0.549369	0.834171	-0.0485075	0.222104	0.201745	0.953923
1.6	0.796409	0.519504	-0.309592	-0.556569	0.829877	-0.0391878	0.236565	0.203519	0.950061
1.63333	0.79344	0.520485	-0.315513	-0.557868	0.82919	-0.0350344	0.243385	0.203812	0.948274
1.66667	0.787543	0.52888	-0.316325	-0.566676	0.82322	-0.0344514	0.242184	0.206386	0.948025
1.7	0.778129	0.539458	-0.321715	-0.577969	0.815488	-0.0305033	0.245899	0.209677	0.946345
1.73333	0.769165	0.547	-0.330418	-0.586198	0.809814	-0.023953	0.254474	0.212114	0.943531
1.76667	0.763387	0.553148	-0.333569	-0.592768	0.805085	-0.0215264	0.256644	0.214162	0.94248
1.8	0.762085	0.558276	-0.327954	-0.597995	0.801081	-0.0259149	0.24825	0.215864	0.944338
1.83333	0.76833	0.555831	-0.317364	-0.595021	0.802983	-0.034187	0.235836	0.215105	0.947687
1.86667	0.777316	0.549707	-0.305945	-0.58807	0.807669	-0.0429331	0.223502	0.21329	0.951081
1.9	0.785852	0.543754	-0.294564	-0.581215	0.812122	-0.0514457	0.211248	0.211634	0.954246
1.93333	0.79344	0.536903	-0.286685	-0.573604	0.817133	-0.0572026	0.203547	0.20983	0.956316
1.96667	0.80242	0.526489	-0.280949	-0.562464	0.824548	-0.0612797	0.199393	0.207196	0.957764
2	0.808853	0.518137	-0.278013	-0.553657	0.830335	-0.0633091	0.198041	0.205131	0.958489
2.03333	0.809183	0.51853	-0.276315	-0.553926	0.830066	-0.0644695	0.195931	0.205226	0.958902
2.06667	0.803503	0.527988	-0.274976	-0.563516	0.823513	-0.0653938	0.191919	0.207498	0.959224
2.1	0.798782	0.537306	-0.270646	-0.572693	0.816906	-0.0684631	0.184306	0.209684	0.960241
2.13333	0.799938	0.540976	-0.259702	-0.575447	0.81427	-0.0763229	0.170179	0.210499	0.962668
2.16667	0.805652	0.539903	-0.243783	-0.572731	0.815038	-0.087704	0.151341	0.210281	0.965856
2.2	0.812489	0.538048	-0.224425	-0.568599	0.816347	-0.101357	0.128674	0.209959	0.969206
2.23333	0.819818	0.534717	-0.204882	-0.562674	0.818655	-0.114902	0.106288	0.20948	0.972019
2.26667	0.83062	0.52494	-0.185763	-0.550125	0.825245	-0.127802	0.0862115	0.208348	0.974248
2.3	0.843259	0.508388	-0.174517	-0.531933	0.835944	-0.135076	0.0772154	0.206735	0.975345
2.33333	0.854044	0.489928	-0.174873	-0.513681	0.847317	-0.134854	0.082104	0.205	0.975312
2.36667	0.859588	0.474634	-0.189293	-0.500674	0.856369	-0.126323	0.102148	0.20336	0.973761
2.4	0.857357	0.466974	-0.216507	-0.496767	0.860819	-0.110513	0.134767	0.202302	0.970006
2.43333	0.845708	0.47235	-0.248322	-0.50597	0.857655	-0.0917731	0.169626	0.203257	0.96432
2.46667	0.825156	0.490809	-0.279686	-0.527872	0.846237	-0.0723508	0.20117	0.207339	0.957362
2.5	0.801728	0.511544	-0.30912	-0.551525	0.832486	-0.0527969	0.23033	0.212816	0.949557
2.53333	0.781176	0.525191	-0.337548	-0.567325	0.822845	-0.0326777	0.260588	0.217027	0.940741
2.56667	0.763526	0.53173	-0.366457	-0.575086	0.818015	-0.0112704	0.293774	0.219349	0.930367
2.6	0.745166	0.535564	-0.397366	-0.579205	0.815087	0.0124009	0.330529	0.220916	0.917577
2.63333	0.72134	0.543331	-0.429488	-0.586705	0.808912	0.0379352	0.368029	0.224618	0.902276
2.66667	0.696749	0.551565	-0.458603	-0.594007	0.802054	0.0621693	0.402115	0.229097	0.886464
2.7	0.677965	0.556612	-0.480153	-0.597635	0.797681	0.0808551	0.428013	0.232139	0.873451
2.73333	0.664469	0.559296	-0.49565	-0.598792	0.79529	0.0946707	0.447134	0.233885	0.863347
2.76667	0.653853	0.563558	-0.504855	-0.60254	0.791407	0.103061	0.457626	0.236809	0.85703
2.8	0.641343	0.575261	-0.507695	-0.616279	0.780396	0.105742	0.457033	0.245065	0.855023
2.83333	0.641454	0.579924	-0.502219	-0.622824	0.775888	0.10044	0.447913	0.248366	0.858887
2.86667	0.670452	0.564815	-0.481122	-0.607709	0.790055	0.0806353	0.425657	0.23832	0.872938
2.9	0.712837	0.537167	-0.450906	-0.578593	0.813776	0.0547585	0.396351	0.221857	0.89089
2.93333	0.748202	0.513334	-0.420336	-0.55353	0.832248	0.0310917	0.365784	0.209406	0.906836
2.96667	0.771369	0.502233	-0.390834	-0.542109	0.840251	0.00981345	0.333328	0.204305	0.920409
3	0.786088	0.501203	-0.361748	-0.540992	0.840963	-0.0104327	0.298988	0.203904	0.932217
3.03333	0.795207	0.504986	-0.335612	-0.544372	0.838364	-0.028383	0.267032	0.205268	0.941573
3.06667	0.797294	0.514078	-0.316301	-0.553053	0.832103	-0.0416696	0.241774	0.208154	0.947743
3.1	0.790971	0.530658	-0.304578	-0.569622	0.820389	-0.0499312	0.223376	0.212988	0.951178
3.13333	0.785804	0.545766	-0.29095	-0.584286	0.809334	-0.0598969	0.202786	0.217065	0.954861
3.16667	0.786345	0.556241	-0.268809	-0.593097	0.801491	-0.0764733	0.172911	0.219564	0.960153
3.2	0.790202	0.564425	-0.238755	-0.598037	0.79531	-0.0991662	0.133913	0.221146	0.966003
3.23333	0.795698	0.570619	-0.203123	-0.599169	0.790636	-0.126058	0.088665	0.222009	0.971005
3.26667	0.803501	0.570574	-0.1698	-0.593353	0.790671	-0.150904	0.0481545	0.222003	0.973856
3.3	0.811996	0.565146	-0.145849	-0.583294	0.794621	-0.168361	0.0207457	0.221781	0.974876
3.33333	0.820868	0.555276	-0.133581	-0.571051	0.801598	-0.177035	0.00877473	0.221604	0.975097
3.36667	0.829029	0.542989	-0.13369	-0.559072	0.810016	-0.176954	0.0122066	0.221442	0.975097
3.4	0.835478	0.529465	-0.14712	-0.548619	0.819015	-0.168021	0.0315321	0.221091	0.974743
3.43333	0.84005	0.514302	-0.172654	-0.538576	0.828853	-0.151458	0.0652094	0.220219	0.973268
3.46667	0.840911	0.501653	-0.203011	-0.531163	0.836902	-0.132138	0.103613	0.218948	0.97022
3.5	0.83848	0.492417	-0.233403	-0.52636	0.84272	-0.112992	0.141054	0.217595	0.965793
3.53333	0.833437	0.486539	-0.262034	-0.52398	0.846418	-0.094983	0.175577	0.216463	0.960373
3.56667	0.824342	0.484156	-0.293348	-0.52475	0.847934	-0.0751374	0.212362	0.215873	0.953048
3.6	0.811029	0.4837	-0.329038	-0.527043	0.848238	-0.0521335	0.253886	0.215699	0.942876
3.63333	0.78761	0.491549	-0.37155	-0.537352	0.843023	-0.0237843	0.301534	0.218386	0.928108
3.66667	0.75405	0.505753	-0.419074	-0.553214	0.832981	0.0098566	0.354065	0.224405	0.907899
3.7	0.715618	0.521629	-0.464536	-0.569383	0.820861	0.0446133	0.404591	0.232573	0.88443
3.73333	0.677791	0.536016	-0.503275	-0.582818	0.808976	0.0766878	0.448243	0.24134	0.860717
3.76667	0.645657	0.547134	-0.532702	-0.592319	0.799113	0.102848	0.48196	0.249125	0.84003
3.8	0.628094	0.553182	-0.547255	-0.597365	0.793469	0.116456	0.498651	0.253765	0.828825
3.83333	0.624238	0.557617	-0.547166	-0.602984	0.789219	0.116376	0.496727	0.257286	0.828895
3.86667	0.644314	0.550043	-0.531331	-0.596257	0.796368	0.101369	0.478892	0.251496	0.841078
3.9	0.694237	0.524111	-0.493298	-0.569807	0.818945	0.0681867	0.439721	0.233747	0.867184
3.93333	0.751643	0.491496	-0.439846	-0.535832	0.843883	0.0273077	0.3846	0.215158	0.897658
3.96667	0.794172	0.469764	-0.385504	-0.512536	0.858612	-0.00958928	0.326493	0.2052	0.922656
4	0.817632	0.466857	-0.33693	-0.507944	0.860443	-0.0403881	0.271054	0.204164	0.940663
4.03333	0.828312	0.473127	-0.300085	-0.512173	0.85655	-0.0632562	0.227109	0.206091	0.951813
4.06667	0.832236	0.480617	-0.276388	-0.517866	0.851901	-0.0779645	0.197985	0.208017	0.957878
4.1	0.828624	0.492664	-0.265828	-0.529132	0.844311	-0.084602	0.182761	0.210761	0.960301
4.13333	0.817239	0.512446	-0.263664	-0.549043	0.831358	-0.0859943	0.175132	0.215041	0.960774
4.16667	0.805748	0.531467	-0.261366	-0.568127	0.81827	-0.0875565	0.167334	0.219037	0.961261
4.2	0.799667	0.544599	-0.252875	-0.580476	0.808877	-0.0936196	0.153559	0.221652	0.962959
4.23333	0.800815	0.552764	-0.230536	-0.585858	0.802929	-0.109891	0.12436	0.223064	0.966839
4.26667	0.810097	0.554557	-0.190289	-0.581424	0.801628	-0.13906	0.0754243	0.223291	0.971829
4.3	0.826522	0.542969	-0.148484	-0.562165	0.809724	-0.16828	0.0288602	0.222559	0.974492
4.33333	0.842796	0.526336	-0.112542	-0.538164	0.820685	-0.191977	-0.00868245	0.222364	0.974925
4.36667	0.856291	0.508526	-0.0903725	-0.515653	0.83173	-0.205736	-0.0294563	0.22277	0.974426
4.4	0.866348	0.492126	-0.0851705	-0.498473	0.841386	-0.208793	-0.031091	0.223342	0.974244
4.43333	0.871953	0.479391	-0.0994086	-0.489445	0.848624	-0.200701	-0.0118539	0.223657	0.974596
4.46667	0.869511	0.475873	-0.132272	-0.493239	0.850604	-0.182174	0.0258192	0.223644	0.974329
4.5	0.856229	0.483545	-0.181813	-0.510416	0.846136	-0.153393	0.0796662	0.224139	0.971295
4.53333	0.833995	0.496663	-0.240372	-0.532866	0.838035	-0.117263	0.1432	0.225883	0.963572
4.56667	0.806927	0.509459	-0.298866	-0.552849	0.82957	-0.0785546	0.20791	0.228616	0.951056
4.6	0.779933	0.515468	-0.354961	-0.563264	0.825354	-0.0390586	0.272835	0.2304	0.934065
4.63333	0.749989	0.519083	-0.409962	-0.568473	0.8227	0.00170874	0.338163	0.231771	0.912101
4.66667	0.713904	0.526187	-0.462026	-0.574827	0.817173	0.0424522	0.399893	0.235278	0.88585
4.7	0.668724	0.540818	-0.510219	-0.587613	0.804876	0.0829841	0.455543	0.244318	0.856031
4.73333	0.620304	0.557377	-0.551864	-0.601516	0.789588	0.121363	0.50339	0.256673	0.825056
4.76667	0.582602	0.567848	-0.581484	-0.60848	0.779046	0.151127	0.538819	0.265775	0.799398
4.8	0.564805	0.570345	-0.596407	-0.607732	0.776397	0.166941	0.558262	0.268166	0.78513
4.83333	0.566731	0.567404	-0.597385	-0.6034	0.779545	0.167984	0.561003	0.26526	0.784164
4.86667	0.593256	0.55629	-0.581884	-0.592643	0.790997	0.15198	0.544814	0.254687	0.798945
4.9	0.643165	0.541721	-0.541181	-0.582577	0.804842	0.113283	0.496934	0.24242	0.83324
