0	0.0797523	0.996768	0.0096962	0.0118884	0.00877537	-0.999891	-0.996744	0.0798589	-0.0111501
0.0333333	0.947411	0.317861	0.0371096	-0.197191	0.671171	-0.714595	-0.252048	0.669697	0.698554
0.0666667	0.962774	0.249897	0.103042	-0.110784	0.712509	-0.692862	-0.246562	0.655655	0.713669
0.1	0.963507	0.234051	0.129898	-0.0925318	0.746574	-0.658836	-0.25118	0.622773	0.740987
0.133333	0.963622	0.228145	0.13922	-0.0859132	0.757668	-0.64696	-0.253083	0.611465	0.749707
0.166667	0.963823	0.224828	0.143173	-0.0828525	0.763239	-0.640782	-0.253341	0.605738	0.754254
0.2	0.96411	0.222375	0.145057	-0.0812284	0.767196	-0.636248	-0.252773	0.601631	0.757725
0.233333	0.9645	0.219828	0.146342	-0.0797364	0.7707	-0.632189	-0.251759	0.598077	0.760869
0.266667	0.964746	0.217929	0.147557	-0.0784745	0.773352	-0.629101	-0.251213	0.595343	0.76319
0.3	0.964868	0.216678	0.148597	-0.0777622	0.775747	-0.626235	-0.250965	0.592678	0.765342
0.333333	0.96491	0.215843	0.149538	-0.0771755	0.777452	-0.62419	-0.250985	0.590746	0.766828
0.366667	0.965046	0.214931	0.14997	-0.0766983	0.778788	-0.622581	-0.250607	0.589317	0.768051
0.4	0.964988	0.214809	0.150516	-0.0766151	0.779662	-0.621496	-0.250855	0.588205	0.768822
0.433333	0.965	0.214404	0.151018	-0.0763545	0.780605	-0.620343	-0.25089	0.5871	0.769654
0.466667	0.965184	0.213031	0.151783	-0.0746742	0.780531	-0.620641	-0.250688	0.587699	0.769263
0.5	0.965093	0.212449	0.153173	-0.0729812	0.779807	-0.621752	-0.251535	0.588869	0.76809
0.533333	0.965166	0.209833	0.156283	-0.0694012	0.781253	-0.620345	-0.252265	0.58789	0.768601
0.566667	0.965737	0.204237	0.160122	-0.0649874	0.787645	-0.612693	-0.251254	0.581294	0.773931
0.6	0.966635	0.19574	0.165237	-0.0587723	0.797321	-0.600687	-0.249326	0.570934	0.782222
0.633333	0.967623	0.18626	0.170332	-0.0518234	0.807084	-0.588158	-0.247023	0.560288	0.790605
0.666667	0.968065	0.181005	0.173456	-0.0483764	0.813761	-0.579183	-0.245987	0.552296	0.79653
0.7	0.967938	0.17828	0.176952	-0.0457536	0.817808	-0.57367	-0.246987	0.547181	0.799744
0.733333	0.96792	0.175031	0.180262	-0.0433057	0.822919	-0.566507	-0.247498	0.540527	0.804099
0.766667	0.967952	0.170771	0.184138	-0.0404017	0.829556	-0.55696	-0.247866	0.53167	0.80987
0.8	0.968223	0.16503	0.187906	-0.0365053	0.836577	-0.546632	-0.247408	0.522402	0.816018
0.833333	0.968232	0.159963	0.192193	-0.0328351	0.843289	-0.536456	-0.247888	0.513104	0.821752
0.866667	0.968229	0.153866	0.197126	-0.0284725	0.851	-0.524394	-0.248441	0.50212	0.828343
0.9	0.968158	0.147546	0.202237	-0.0245149	0.859847	-0.509963	-0.249136	0.488767	0.836085
0.933333	0.968045	0.140585	0.207664	-0.0206776	0.870014	-0.492593	-0.249921	0.472559	0.84512
0.966667	0.967952	0.131471	0.213971	-0.015823	0.882254	-0.470508	-0.250635	0.452044	0.85606
1	0.967657	0.119237	0.222312	-0.00940749	0.897689	-0.440529	-0.252095	0.424189	0.869777
1.03333	0.967409	0.10168	0.231906	-0.00135759	0.917906	-0.396796	-0.253214	0.383549	0.888129
1.06667	0.966843	0.0775701	0.243306	0.00858977	0.942333	-0.334565	-0.255228	0.325562	0.910422
1.1	0.96545	0.0481255	0.256104	0.0201382	0.96608	-0.257456	-0.259807	0.253718	0.931733
1.13333	0.962828	0.0223476	0.269191	0.0291107	0.982183	-0.18566	-0.268543	0.186595	0.945022
1.16667	0.959521	0.00383226	0.28161	0.0319799	0.991958	-0.122463	-0.279815	0.126512	0.951682
1.2	0.95757	-0.00111391	0.2882	0.0246788	0.996636	-0.0781455	-0.287144	0.0819422	0.954376
1.23333	0.957134	0.00478113	0.289605	0.0151641	0.997665	-0.0665874	-0.289247	0.0681247	0.954827
1.26667	0.955935	0.0224355	0.292721	0.00284048	0.996322	-0.0856388	-0.293566	0.0826966	0.952355
1.3	0.953489	0.0544354	0.29647	-0.0194971	0.992636	-0.119554	-0.300795	0.108213	0.94753
1.33333	0.950791	0.0794674	0.299468	-0.0372823	0.988869	-0.144039	-0.307581	0.125787	0.943171
1.36667	0.944973	0.102311	0.31074	-0.053369	0.985327	-0.162122	-0.322767	0.136617	0.936567
1.4	0.935823	0.126955	0.328812	-0.0717941	0.981981	-0.174813	-0.34508	0.139987	0.928075
1.43333	0.923517	0.15125	0.352476	-0.0904008	0.97891	-0.183201	-0.372752	0.137325	0.917713
1.46667	0.9104	0.170003	0.377187	-0.10596	0.977079	-0.184631	-0.399929	0.128121	0.907547
1.5	0.897472	0.184818	0.400482	-0.115173	0.974672	-0.191701	-0.425768	0.125922	0.896027
1.53333	0.885263	0.200619	0.419596	-0.121154	0.970508	-0.208413	-0.449033	0.133664	0.883461
1.56667	0.872407	0.214687	0.439108	-0.128139	0.96741	-0.218399	-0.471685	0.134266	0.871485
1.6	0.856078	0.226359	0.464642	-0.135899	0.965944	-0.220192	-0.49866	0.125357	0.857685
1.63333	0.837509	0.241957	0.489934	-0.151553	0.9643	-0.217157	-0.524986	0.10762	0.844279
1.66667	0.825115	0.264375	0.49929	-0.168747	0.958739	-0.228787	-0.539174	0.104522	0.835683
1.7	0.819592	0.295179	0.491058	-0.184696	0.947437	-0.261248	-0.542361	0.123421	0.83103
1.73333	0.818695	0.334372	0.466834	-0.190026	0.92493	-0.329233	-0.541875	0.180831	0.820775
1.76667	0.827359	0.368963	0.423489	-0.167806	0.881916	-0.440528	-0.53602	0.293411	0.791576
1.8	0.866274	0.374704	0.330404	-0.0986101	0.776619	-0.622204	-0.48974	0.506418	0.709715
1.83333	0.937715	0.294288	0.184622	-0.0187886	0.573613	-0.818911	-0.346897	0.764437	0.543414
1.86667	0.984621	0.143407	0.0997844	0.0260611	0.444201	-0.895548	-0.172752	0.884376	0.433632
1.9	0.995917	-0.00593475	0.0900765	0.0844461	0.413903	-0.906396	-0.0319037	0.910302	0.412714
1.93333	0.986039	-0.126338	0.108468	0.153151	0.432422	-0.88857	0.0653557	0.892777	0.445734
1.96667	0.969637	-0.209845	0.125574	0.215886	0.493305	-0.84264	0.114877	0.844165	0.52363
2	0.964112	-0.237563	0.11854	0.245709	0.629254	-0.737337	0.100572	0.740002	0.665043
2.03333	0.981629	-0.185134	0.0461478	0.181818	0.834316	-0.520441	0.0578495	0.51927	0.85265
2.06667	0.992719	-0.0908663	-0.0790654	0.0608813	0.94493	-0.32156	0.10393	0.314405	0.943583
2.1	0.983058	-0.0259978	-0.181439	-0.0178179	0.971647	-0.235763	0.182424	0.235002	0.954723
2.13333	0.971713	-0.00363337	-0.236139	-0.0425515	0.980824	-0.190191	0.232302	0.194859	0.952925
2.16667	0.97389	-0.0211403	-0.226036	-0.0244042	0.980137	-0.196816	0.225707	0.197193	0.954029
2.2	0.980607	-0.0632585	-0.185495	0.0359076	0.988446	-0.147262	0.192668	0.137745	0.971548
2.23333	0.980999	-0.110839	-0.159236	0.0934413	0.989204	-0.112891	0.170029	0.0958669	0.980765
2.26667	0.97302	-0.186495	-0.135835	0.185844	0.982422	-0.0175685	0.136723	-0.00814957	0.990576
2.3	0.969572	-0.221715	-0.103794	0.228184	0.972056	0.0551217	0.0886724	-0.0771286	0.99307
2.33333	0.978337	-0.203194	-0.0395993	0.205074	0.977405	0.0512276	0.0282954	-0.0582387	0.997902
2.36667	0.985285	-0.166631	0.038035	0.165392	0.985652	0.0336972	-0.0431043	-0.0269107	0.998708
2.4	0.987191	-0.126921	0.0966693	0.126484	0.991911	0.0106631	-0.0972408	0.0017006	0.995259
2.43333	0.984886	-0.0948123	0.144949	0.0967504	0.995288	-0.00636417	-0.143663	0.0202919	0.989419
2.46667	0.977266	-0.068695	0.200582	0.0748995	0.996914	-0.0234997	-0.198348	0.0379889	0.979395
2.5	0.965639	-0.0380785	0.257081	0.0498054	0.997987	-0.0392566	-0.255069	0.0507117	0.965592
2.53333	0.953111	-0.0120712	0.302381	0.0296412	0.998123	-0.0535841	-0.301167	0.0600345	0.95168
2.56667	0.938234	0.0151396	0.34567	0.00938622	0.997561	-0.0691676	-0.345874	0.06814	0.935804
2.6	0.918847	0.0470998	0.391794	-0.0141515	0.996146	-0.0865637	-0.394361	0.0739943	0.915972
2.63333	0.897159	0.0838561	0.433675	-0.0359444	0.992418	-0.117536	-0.440243	0.0898603	0.893371
2.66667	0.87709	0.117253	0.465795	-0.0560469	0.988106	-0.143197	-0.477045	0.0994899	0.873229
2.7	0.853043	0.137698	0.503345	-0.0750263	0.986899	-0.142831	-0.516419	0.0840767	0.852199
2.73333	0.82355	0.164725	0.542799	-0.103501	0.98448	-0.141729	-0.557721	0.060541	0.827818
2.76667	0.798044	0.235063	0.554862	-0.141117	0.968077	-0.207152	-0.585843	0.087016	0.805739
2.8	0.785942	0.329876	0.522951	-0.157948	0.924841	-0.346008	-0.597786	0.189343	0.778974
2.83333	0.838338	0.398058	0.372476	-0.0783271	0.764117	-0.640305	-0.539494	0.507617	0.671767
2.86667	0.938639	0.309735	0.151726	-0.030571	0.512897	-0.857906	-0.343543	0.800625	0.490894
2.9	0.987452	0.1417	0.0697145	0.00352314	0.421576	-0.906786	-0.157881	0.895653	0.415787
2.93333	0.998359	-0.0148593	0.055302	0.0567433	0.386583	-0.920507	-0.00770074	0.922135	0.386792
2.96667	0.989051	-0.130443	0.0690104	0.11273	0.366038	-0.923747	0.0952362	0.921412	0.376736
3	0.97403	-0.206116	0.0937124	0.168058	0.380776	-0.909267	0.151731	0.901402	0.405526
3.03333	0.965344	-0.23371	0.116152	0.219666	0.487301	-0.845153	0.14092	0.841378	0.521751
3.06667	0.981151	-0.175114	0.0817148	0.185982	0.740898	-0.645353	0.0524683	0.648387	0.759501
3.1	0.997072	-0.0672861	-0.0363211	0.0465649	0.911096	-0.409556	0.0606494	0.406666	0.911562
3.13333	0.990524	-0.0185876	-0.13608	-0.0239974	0.952136	-0.304733	0.13523	0.30511	0.942667
3.16667	0.980012	0.0023221	-0.198926	-0.0547493	0.964468	-0.258465	0.191257	0.26419	0.945317
3.2	0.979024	0.00317712	-0.203719	-0.0566273	0.964727	-0.257091	0.195717	0.263234	0.944671
3.23333	0.985696	-0.0301729	-0.165808	-0.00145713	0.98228	-0.187413	0.168525	0.184973	0.968186
3.26667	0.986409	-0.0858645	-0.140087	0.0639343	0.985976	-0.154154	0.151359	0.143102	0.978066
3.3	0.976629	-0.182509	-0.113518	0.176616	0.982446	-0.0600494	0.122485	0.0385968	0.99172
3.33333	0.97676	-0.204682	-0.0636093	0.204336	0.978828	-0.0119666	0.0647119	-0.00130915	0.997903
3.36667	0.982977	-0.183307	0.0124481	0.183531	0.982806	-0.0202216	-0.00852736	0.022162	0.999718
3.4	0.983878	-0.158369	0.0830839	0.161466	0.986361	-0.0319401	-0.0768924	0.0448404	0.996031
3.43333	0.981495	-0.135194	0.135612	0.141434	0.989239	-0.0374439	-0.12909	0.0559312	0.990054
3.46667	0.976804	-0.108821	0.184425	0.11751	0.992389	-0.0368256	-0.179014	0.0576432	0.982156
3.5	0.967402	-0.0792936	0.240512	0.0921799	0.994822	-0.0427921	-0.235873	0.0635675	0.969702
3.53333	0.954651	-0.0465171	0.294072	0.0657019	0.996284	-0.0556944	-0.290389	0.0724898	0.954159
3.56667	0.939686	-0.0149879	0.34171	0.0412138	0.996722	-0.0696182	-0.339546	0.0795025	0.937223
3.6	0.921881	0.0126113	0.387269	0.0188423	0.996829	-0.0773149	-0.387016	0.0785722	0.918719
3.63333	0.900655	0.0462224	0.43207	-0.00665281	0.995677	-0.0926486	-0.434485	0.0805699	0.897068
3.66667	0.879561	0.0836562	0.468374	-0.0308509	0.992377	-0.119313	-0.474785	0.0904937	0.875437
3.7	0.857477	0.114545	0.501609	-0.0533672	0.989446	-0.134717	-0.511746	0.0887474	0.854541
3.73333	0.831551	0.128435	0.540395	-0.0721285	0.98963	-0.124213	-0.550745	0.064312	0.832192
3.76667	0.801401	0.161977	0.575777	-0.0994974	0.985323	-0.138703	-0.589794	0.0538687	0.805755
3.8	0.779854	0.231022	0.581771	-0.133551	0.96941	-0.205931	-0.611549	0.0828994	0.786852
3.83333	0.778013	0.32647	0.536761	-0.1377	0.922217	-0.361323	-0.612971	0.207202	0.762452
3.86667	0.833564	0.408895	0.371452	-0.0737702	0.748775	-0.658707	-0.547475	0.521672	0.654316
3.9	0.929764	0.339771	0.141754	-0.0498286	0.497634	-0.865955	-0.364768	0.79807	0.479613
3.93333	0.980695	0.188436	0.0522385	-0.0262526	0.391606	-0.919758	-0.193772	0.900631	0.388993
3.96667	0.998449	0.0362424	0.0422623	0.0266291	0.355759	-0.934198	-0.0488928	0.933875	0.354242
4	0.994365	-0.0770095	0.0728594	0.0953731	0.349717	-0.931988	0.0462918	0.933685	0.355091
4.03333	0.98257	-0.14758	0.113035	0.162023	0.38179	-0.909937	0.0911329	0.912391	0.399046
4.06667	0.974324	-0.170845	0.146646	0.215694	0.521483	-0.825549	0.0645674	0.835983	0.544944
4.1	0.986965	-0.117307	0.110178	0.159832	0.794489	-0.585868	-0.0188082	0.595841	0.802882
4.13333	0.99912	-0.0409005	-0.00930812	0.0345834	0.928784	-0.369005	0.0237377	0.368359	0.929381
4.16667	0.992951	0.00384143	-0.118464	-0.0392974	0.953612	-0.298464	0.111822	0.301016	0.94704
4.2	0.980851	0.0293784	-0.19253	-0.0812814	0.960099	-0.267588	0.176986	0.278114	0.944102
4.23333	0.979333	0.0260962	-0.200562	-0.0753709	0.967302	-0.242171	0.187684	0.252283	0.949278
4.26667	0.987105	-0.00443139	-0.160013	-0.0256823	0.982283	-0.185635	0.158	0.187351	0.969503
4.3	0.990654	-0.0435928	-0.129246	0.0207099	0.98464	-0.173366	0.134819	0.169069	0.97634
4.33333	0.989059	-0.101605	-0.106952	0.0898375	0.989905	-0.109622	0.117011	0.0988148	0.988202
4.36667	0.981367	-0.175698	-0.0777812	0.174712	0.984429	-0.0193553	0.0799708	0.00540525	0.996783
4.4	0.983342	-0.178897	-0.0321554	0.178792	0.983868	-0.00612693	0.0327328	0.000275746	0.999464
4.43333	0.986599	-0.159312	0.0352512	0.160156	0.986834	-0.0225533	-0.0311941	0.0278968	0.999124
4.46667	0.987478	-0.129382	0.0902686	0.132398	0.990794	-0.0282394	-0.0857839	0.0398371	0.995517
4.5	0.98626	-0.093802	0.135987	0.100136	0.994149	-0.0404927	-0.131393	0.0535534	0.989883
4.53333	0.980552	-0.0685204	0.183912	0.0767229	0.996334	-0.0378524	-0.180644	0.0512265	0.982214
4.56667	0.97206	-0.0385099	0.231554	0.0509446	0.997549	-0.0479615	-0.229139	0.0584179	0.971639
4.6	0.962902	-0.0132519	0.269524	0.0314645	0.997494	-0.0633656	-0.268009	0.0694954	0.960907
4.63333	0.953219	-0.0020166	0.302274	0.0217765	0.997838	-0.062015	-0.301496	0.0656963	0.951202
4.66667	0.939886	0.00990328	0.341344	0.0117553	0.998049	-0.0613239	-0.341286	0.06165	0.937936
4.7	0.921914	0.0294258	0.386276	-0.00342173	0.997691	-0.0678356	-0.38738	0.0612168	0.919885
4.73333	0.903789	0.058009	0.424029	-0.0197469	0.995369	-0.0940816	-0.427523	0.0766566	0.900749
4.76667	0.887458	0.0891	0.452193	-0.0409475	0.992498	-0.115199	-0.459065	0.0837184	0.884449
4.8	0.869897	0.107988	0.481268	-0.0588422	0.991491	-0.116115	-0.489712	0.072689	0.868849
4.83333	0.846036	0.117237	0.520076	-0.0736456	0.991869	-0.103788	-0.528015	0.0495067	0.847791
4.86667	0.815649	0.144817	0.56013	-0.0925082	0.988354	-0.120823	-0.571104	0.0467329	0.819547
4.9	0.792583	0.212753	0.571444	-0.138077	0.975433	-0.171651	-0.593925	0.0571445	0.802489
