0	1	0	0	0	1	0	0	0	1
0.0333333	0.981807	0.184855	0.0434002	-0.187865	0.978888	0.0805299	-0.0275976	-0.0872182	0.995807
0.0666667	0.99812	0.0608844	-0.00709225	-0.0606913	0.997847	0.0248412	0.00858942	-0.024364	0.999666
0.1	0.999598	0.0281856	-0.0031049	-0.028135	0.999487	0.0152945	0.00353439	-0.015201	0.999878
0.133333	0.999872	0.0159751	-0.000915502	-0.015963	0.999801	0.0119894	0.00110685	-0.0119732	0.999928
0.166667	0.999953	0.00970987	-9.10067e-05	-0.00970857	0.999908	0.00948777	0.000183123	-0.00948644	0.999955
0.2	0.999982	0.00604522	0.000262281	-0.00604718	0.999948	0.00825804	-0.000212345	-0.00825948	0.999966
0.233333	0.999994	0.00344566	0.000526919	-0.00344938	0.999968	0.00723316	-0.000501979	-0.00723493	0.999974
0.266667	0.999999	0.00148834	0.000810404	-0.0014932	0.999981	0.00602834	-0.000801416	-0.00602954	0.999982
0.3	0.999999	0.000320464	0.000970705	-0.000325667	0.999986	0.00536506	-0.000968971	-0.00536538	0.999985
0.333333	0.999999	-0.000717614	0.000884055	0.000713252	0.999988	0.00492439	-0.000887578	-0.00492376	0.999987
0.366667	0.999998	-0.00163376	0.00064504	0.0016306	0.999987	0.0048704	-0.000652988	-0.00486934	0.999988
0.4	0.999998	-0.00218265	0.000278068	0.00218121	0.999985	0.00507625	-0.000289143	-0.00507563	0.999987
0.433333	0.999997	-0.0025316	8.43664e-05	0.00253107	0.99998	0.00574834	-9.89173e-05	-0.00574811	0.999983
0.466667	0.999995	-0.00330127	0.000302182	0.00329934	0.999975	0.00618727	-0.0003226	-0.00618624	0.999981
0.5	0.999992	-0.00384587	0.000944292	0.00383946	0.99997	0.00669446	-0.00097001	-0.00669078	0.999977
0.533333	0.999985	-0.00497451	0.00231408	0.00495711	0.99996	0.0074636	-0.00235112	-0.00745202	0.999969
0.566667	0.999979	-0.00539898	0.00355633	0.00536453	0.999939	0.0096261	-0.00360809	-0.00960682	0.999947
0.6	0.999966	-0.00695036	0.00432864	0.0068962	0.999899	0.0124028	-0.00441441	-0.0123725	0.999914
0.633333	0.999945	-0.00983236	0.00356018	0.00977473	0.999826	0.0158582	-0.00371549	-0.0158225	0.999868
0.666667	0.999935	-0.0112379	0.00205841	0.0111983	0.999769	0.0183669	-0.00226434	-0.0183427	0.999829
0.7	0.999916	-0.0129235	0.000843357	0.0129058	0.999748	0.018389	-0.00108079	-0.0183765	0.999831
0.733333	0.999887	-0.014958	-0.00132848	0.0149783	0.999746	0.0168365	0.0010763	-0.0168545	0.999857
0.766667	0.999848	-0.0169222	-0.00415013	0.0169841	0.999738	0.0153467	0.00388934	-0.0154149	0.999874
0.8	0.999801	-0.0189918	-0.00610742	0.0190778	0.999715	0.0143468	0.00583321	-0.0144605	0.999878
0.833333	0.999762	-0.020662	-0.00703081	0.0207574	0.99969	0.0137699	0.00674411	-0.0139126	0.99988
0.866667	0.999705	-0.0229617	-0.00789534	0.0230651	0.999646	0.0132601	0.00758807	-0.0134383	0.999881
0.9	0.999663	-0.0246354	-0.00816952	0.0247438	0.999603	0.0134557	0.00783479	-0.0136534	0.999876
0.933333	0.999638	-0.0258662	-0.00735622	0.025971	0.999557	0.0145293	0.00697714	-0.0147151	0.999867
0.966667	0.999595	-0.0279805	-0.00514821	0.0280537	0.999498	0.0147318	0.00473342	-0.0148703	0.999878
1	0.999545	-0.0300982	-0.00186983	0.0301261	0.999396	0.0173227	0.00134732	-0.0173711	0.999848
1.03333	0.99948	-0.0321768	0.00215915	0.0321182	0.999215	0.0231823	-0.00290338	-0.0231008	0.999729
1.06667	0.999434	-0.0324914	0.00870263	0.0321781	0.998904	0.0340014	-0.00979785	-0.0337021	0.999384
1.1	0.999362	-0.0309901	0.0177289	0.0300992	0.99837	0.0484882	-0.0192027	-0.0479236	0.998666
1.13333	0.999157	-0.0298467	0.0281953	0.0279723	0.997514	0.0646829	-0.0300557	-0.0638396	0.997507
1.16667	0.998946	-0.0255319	0.0381563	0.0224191	0.996551	0.0798924	-0.0400646	-0.0789527	0.996073
1.2	0.998772	-0.0108981	0.0483238	0.00659728	0.996074	0.0882831	-0.0490961	-0.0878559	0.994923
1.23333	0.998055	0.0017756	0.0623117	-0.00667016	0.996897	0.0784298	-0.0619791	-0.0786929	0.99497
1.26667	0.997234	0.00981765	0.0736688	-0.0141523	0.998184	0.058551	-0.0729602	-0.0594316	0.995562
1.3	0.996519	0.0282254	0.0784439	-0.0326835	0.997888	0.0561408	-0.0766936	-0.0585092	0.995337
1.33333	0.994946	0.0531829	0.0851683	-0.0594649	0.995557	0.0730056	-0.0809072	-0.0777011	0.993688
1.36667	0.991643	0.0812389	0.100225	-0.0908171	0.991323	0.0950277	-0.091635	-0.103336	0.990416
1.4	0.98693	0.10807	0.11954	-0.121723	0.986052	0.113516	-0.105605	-0.126583	0.986319
1.43333	0.982343	0.128364	0.13611	-0.145143	0.981923	0.121496	-0.118053	-0.139107	0.983216
1.46667	0.979761	0.135569	0.147276	-0.15494	0.979444	0.129161	-0.126739	-0.149366	0.980626
1.5	0.980054	0.130397	0.14997	-0.150325	0.980017	0.130264	-0.129987	-0.15021	0.980072
1.53333	0.981303	0.124444	0.14683	-0.142733	0.982288	0.121396	-0.129122	-0.140084	0.981684
1.56667	0.981488	0.126397	0.143896	-0.142583	0.983835	0.108341	-0.127876	-0.126853	0.983644
1.6	0.979765	0.139124	0.143893	-0.154973	0.98227	0.105494	-0.126665	-0.125658	0.983954
1.63333	0.975562	0.165958	0.144	-0.183035	0.976387	0.114746	-0.121557	-0.138299	0.982903
1.66667	0.969054	0.200169	0.144456	-0.218151	0.968301	0.121671	-0.115522	-0.149419	0.982002
1.7	0.960517	0.233886	0.150678	-0.254173	0.957922	0.133349	-0.113149	-0.166382	0.979548
1.73333	0.952794	0.257825	0.160346	-0.278743	0.952153	0.125331	-0.120361	-0.16411	0.979072
1.76667	0.947365	0.269892	0.172213	-0.289839	0.951488	0.103271	-0.135987	-0.147749	0.979631
1.8	0.947531	0.262047	0.183073	-0.27886	0.957581	0.0726328	-0.156274	-0.119873	0.980413
1.83333	0.952713	0.234555	0.193189	-0.248864	0.967081	0.0531185	-0.17437	-0.0986844	0.979723
1.86667	0.962485	0.199167	0.184272	-0.209163	0.977207	0.0362979	-0.172843	-0.073479	0.982205
1.9	0.974194	0.150148	0.168528	-0.15569	0.987602	0.020094	-0.163422	-0.0458137	0.985492
1.93333	0.982908	0.0922256	0.159328	-0.0931437	0.995651	-0.00171265	-0.158793	-0.0131571	0.987224
1.96667	0.987308	0.0311952	0.155723	-0.026945	0.999207	-0.0293306	-0.156514	0.0247624	0.987365
2	0.987981	-0.0296563	0.151704	0.0408108	0.996645	-0.0709505	-0.149091	0.0762889	0.985876
2.03333	0.985528	-0.0752805	0.151878	0.093743	0.988542	-0.118309	-0.141232	0.130834	0.981293
2.06667	0.985783	-0.0686053	0.153378	0.089266	0.987201	-0.132155	-0.142348	0.143968	0.979291
2.1	0.987205	-0.0406102	0.1542	0.0589513	0.991463	-0.1163	-0.14816	0.123902	0.981171
2.13333	0.986862	-0.0288807	0.158966	0.0438716	0.994827	-0.0916165	-0.155498	0.0973869	0.983024
2.16667	0.987598	-0.0502344	0.148753	0.0634808	0.994298	-0.0856824	-0.143601	0.0940627	0.985155
2.2	0.988249	-0.0873334	0.125443	0.0985914	0.991359	-0.0865263	-0.116803	0.0978772	0.98832
2.23333	0.988328	-0.119556	0.0944109	0.127583	0.988255	-0.0841155	-0.0832455	0.0951789	0.991973
2.26667	0.980331	-0.185125	0.0684023	0.189973	0.979082	-0.0728555	-0.0534841	0.0844171	0.994994
2.3	0.975488	-0.209859	0.0661968	0.213828	0.975032	-0.059924	-0.0519684	0.0726099	0.996006
2.33333	0.975751	-0.200463	0.0878938	0.207315	0.975217	-0.0772821	-0.0702233	0.0936297	0.993127
2.36667	0.977782	-0.177741	0.111135	0.188791	0.977082	-0.0983351	-0.0911096	0.117132	0.988928
2.4	0.982087	-0.149832	0.114261	0.161135	0.982146	-0.0970801	-0.0976748	0.113753	0.988696
2.43333	0.986739	-0.115721	0.113821	0.125418	0.988704	-0.0820669	-0.103038	0.0952538	0.990106
2.46667	0.988649	-0.0812378	0.126384	0.0897023	0.993988	-0.0627825	-0.120524	0.0734069	0.989993
2.5	0.988829	-0.0463076	0.14168	0.0521828	0.997913	-0.0380358	-0.139623	0.0450042	0.989182
2.53333	0.989001	-0.0145775	0.147187	0.0152709	0.999877	-0.00358196	-0.147117	0.00579024	0.989102
2.56667	0.988987	0.014018	0.147334	-0.0197466	0.999102	0.0374916	-0.146676	-0.0399881	0.988376
2.6	0.98925	0.0344302	0.142122	-0.0460043	0.995815	0.078972	-0.138808	-0.0846613	0.986694
2.63333	0.990268	0.0363843	0.134335	-0.0495483	0.994148	0.0959883	-0.130057	-0.10171	0.986276
2.66667	0.991211	0.039397	0.126285	-0.0514661	0.994262	0.0937787	-0.121866	-0.0994539	0.987551
2.7	0.991382	0.0562864	0.118291	-0.0671501	0.99368	0.0899538	-0.112481	-0.0971219	0.988896
2.73333	0.989259	0.0955237	0.110639	-0.104753	0.991207	0.0808441	-0.101944	-0.0915656	0.990567
2.76667	0.982077	0.157667	0.10328	-0.164118	0.98478	0.0572119	-0.0926877	-0.0731365	0.993006
2.8	0.969052	0.217274	0.11718	-0.223892	0.973506	0.0464706	-0.103979	-0.0712681	0.992023
2.83333	0.960326	0.226451	0.162767	-0.237271	0.970147	0.0501758	-0.146546	-0.0868051	0.985388
2.86667	0.96013	0.200904	0.194389	-0.218668	0.972952	0.0744885	-0.174166	-0.114025	0.978092
2.9	0.969841	0.16586	0.178605	-0.181261	0.98068	0.073564	-0.162953	-0.10372	0.981167
2.93333	0.980282	0.120949	0.156266	-0.129723	0.990427	0.0471894	-0.149062	-0.0665302	0.986587
2.96667	0.986117	0.0728098	0.149238	-0.0745398	0.9972	0.00602484	-0.148382	-0.0170654	0.988783
3	0.98875	0.0241501	0.147613	-0.0180084	0.998921	-0.0428028	-0.148488	0.0396631	0.988119
3.03333	0.989849	-0.0297017	0.138988	0.0441167	0.993825	-0.101811	-0.135106	0.106909	0.985047
3.06667	0.987976	-0.07839	0.133261	0.101316	0.979331	-0.175059	-0.116783	0.186456	0.975498
3.1	0.988204	-0.0719391	0.135196	0.0990562	0.973521	-0.206023	-0.116795	0.216985	0.969163
3.13333	0.990185	-0.047349	0.131495	0.0730611	0.977433	-0.19821	-0.119142	0.205872	0.971299
3.16667	0.991478	-0.0362254	0.125135	0.0588409	0.981523	-0.18207	-0.116228	0.187881	0.975291
3.2	0.992562	-0.0506981	0.110683	0.0702392	0.981063	-0.180504	-0.0994355	0.186936	0.977327
3.23333	0.99213	-0.0810647	0.0954252	0.097275	0.978884	-0.17979	-0.0788355	0.187658	0.979066
3.26667	0.99004	-0.122118	0.0700634	0.131925	0.978464	-0.158757	-0.0491674	0.166419	0.984829
3.3	0.980498	-0.189397	0.0524624	0.194832	0.971757	-0.133147	-0.0257633	0.140771	0.989707
3.33333	0.978181	-0.197955	0.0630544	0.204201	0.971993	-0.116326	-0.0382613	0.126663	0.991208
3.36667	0.979061	-0.181709	0.0917673	0.192532	0.972969	-0.127524	-0.0661146	0.142521	0.987581
3.4	0.981927	-0.156908	0.105824	0.170277	0.976502	-0.132099	-0.0826104	0.147731	0.985571
3.43333	0.986798	-0.124513	0.103564	0.135687	0.984745	-0.108931	-0.0884207	0.121545	0.98864
3.46667	0.990416	-0.0885536	0.105997	0.0969136	0.992349	-0.0764991	-0.0984116	0.0860385	0.991419
3.5	0.991564	-0.0548364	0.117444	0.0601672	0.99729	-0.0423339	-0.114804	0.049043	0.992177
3.53333	0.991328	-0.0222965	0.129508	0.0228367	0.999736	-0.00268734	-0.129414	0.00562158	0.991575
3.56667	0.990726	0.00592305	0.135747	-0.0116465	0.999074	0.0414077	-0.135376	-0.0426047	0.989878
3.6	0.990236	0.0263173	0.136895	-0.0384147	0.995512	0.0864932	-0.134004	-0.0909075	0.986802
3.63333	0.990791	0.0308211	0.131843	-0.0467689	0.991716	0.11963	-0.127064	-0.124695	0.984025
3.66667	0.991622	0.0269423	0.126331	-0.042871	0.991215	0.125117	-0.121851	-0.129485	0.984066
3.7	0.991585	0.0349435	0.124654	-0.0508274	0.990649	0.126614	-0.119064	-0.131884	0.984089
3.73333	0.990705	0.0562387	0.123861	-0.0735761	0.987389	0.140179	-0.114415	-0.147989	0.982348
3.76667	0.986737	0.102665	0.125737	-0.120732	0.981933	0.145707	-0.108506	-0.158955	0.981305
3.8	0.977608	0.165846	0.129526	-0.184597	0.971377	0.149503	-0.101024	-0.170066	0.980241
3.83333	0.964741	0.220433	0.14382	-0.241477	0.958669	0.150472	-0.104706	-0.179896	0.978097
3.86667	0.954544	0.236753	0.181093	-0.265742	0.951129	0.15727	-0.135009	-0.198245	0.97081
3.9	0.952903	0.221507	0.207148	-0.258942	0.949813	0.175511	-0.157875	-0.220885	0.962437
3.93333	0.962098	0.191852	0.193806	-0.225174	0.959775	0.167718	-0.153833	-0.205001	0.966597
3.96667	0.974237	0.147852	0.170302	-0.172706	0.974719	0.141759	-0.145038	-0.167519	0.975142
4	0.98269	0.0952313	0.158909	-0.112486	0.988263	0.103362	-0.147201	-0.119448	0.981868
4.03333	0.987333	0.0412273	0.153213	-0.0500664	0.997269	0.0542868	-0.150557	-0.0612699	0.986701
4.06667	0.989794	-0.0169547	0.141496	0.0180099	0.999819	-0.00617978	-0.141366	0.00866504	0.989919
4.1	0.988717	-0.0625785	0.136098	0.0728459	0.994754	-0.0718137	-0.130891	0.0809177	0.988089
4.13333	0.98899	-0.0505397	0.139084	0.0629438	0.994281	-0.08628	-0.133928	0.0940845	0.986515
4.16667	0.990594	-0.0214453	0.135143	0.0318305	0.996663	-0.07516	-0.13308	0.0787547	0.987971
4.2	0.991778	-0.00497654	0.127877	0.0141216	0.997397	-0.0707081	-0.127192	0.0719325	0.989266
4.23333	0.992759	-0.015457	0.119124	0.0248575	0.996656	-0.0778364	-0.117523	0.0802339	0.989824
4.26667	0.992993	-0.0455535	0.109041	0.0552946	0.994581	-0.0880457	-0.104439	0.0934581	0.99013
4.3	0.993704	-0.0699183	0.0875431	0.0781537	0.992454	-0.0944786	-0.0802767	0.100726	0.99167
4.33333	0.990878	-0.121507	0.058279	0.126297	0.988161	-0.0870999	-0.0470058	0.0936658	0.994493
4.36667	0.985072	-0.165424	0.0476185	0.168249	0.98372	-0.0631417	-0.0363982	0.0702109	0.996868
4.4	0.983028	-0.17421	0.0575127	0.177362	0.982597	-0.0551966	-0.046896	0.0644604	0.996818
4.43333	0.981625	-0.174365	0.0775221	0.180163	0.980742	-0.0754084	-0.0628807	0.0879894	0.994135
4.46667	0.984373	-0.152359	0.0883015	0.159367	0.984084	-0.0786192	-0.0749178	0.091463	0.992986
4.5	0.987997	-0.123448	0.0928532	0.129175	0.9899	-0.0584081	-0.084705	0.0697013	0.993965
4.53333	0.990005	-0.0942633	0.104898	0.0979712	0.994714	-0.0307634	-0.101443	0.0407329	0.994007
4.56667	0.99079	-0.0658056	0.118343	0.0664032	0.997792	-0.00110924	-0.118009	0.00895738	0.992972
4.6	0.991375	-0.0421452	0.124094	0.0385236	0.998763	0.0314417	-0.125266	-0.02639	0.991772
4.63333	0.991905	-0.0215072	0.12515	0.0138488	0.997996	0.0617449	-0.126227	-0.0595118	0.990215
4.66667	0.99218	-0.00670592	0.124638	-0.00465204	0.995875	0.0906138	-0.124731	-0.090485	0.988056
4.7	0.992446	-0.00448673	0.122599	-0.00814628	0.994715	0.102348	-0.12241	-0.102574	0.987165
4.73333	0.992846	-0.0102001	0.118967	-0.000642921	0.995873	0.0907504	-0.119402	-0.0901776	0.988742
4.76667	0.994206	-0.005473	0.107353	-0.00295412	0.996935	0.0781835	-0.107452	-0.0780476	0.991142
4.8	0.99601	0.0045088	0.089126	-0.0120845	0.996338	0.0846438	-0.088418	-0.0853831	0.992417
4.83333	0.99678	0.0219012	0.0771376	-0.0301492	0.993754	0.10744	-0.0743027	-0.10942	0.991215
4.86667	0.995522	0.0526264	0.0785264	-0.0615344	0.991375	0.115711	-0.0717596	-0.120025	0.990174
4.9	0.989842	0.121484	0.0738564	-0.130659	0.982096	0.135706	-0.056048	-0.143978	0.987992
