0	0	1	0	0	0	-1	-1	0	0
0.0333333	0.973908	0.111954	0.197409	0.0135958	0.839509	-0.543175	-0.226537	0.531687	0.816082
0.0666667	0.97751	0.0240282	0.209518	0.0946745	0.837751	-0.537782	-0.188446	0.545523	0.816635
0.1	0.978157	0.017887	0.207097	0.0986531	0.836993	-0.538248	-0.182966	0.546922	0.816946
0.133333	0.978286	0.0182963	0.20645	0.0980089	0.836849	-0.53859	-0.182622	0.547129	0.816884
0.166667	0.978043	0.0196645	0.207473	0.0972643	0.837391	-0.53788	-0.184313	0.54625	0.817092
0.2	0.97794	0.0194883	0.207977	0.0976358	0.837541	-0.53758	-0.184665	0.546027	0.817162
0.233333	0.97778	0.019179	0.208753	0.0983293	0.837504	-0.537511	-0.18514	0.546094	0.817009
0.266667	0.977547	0.0199921	0.209768	0.0982748	0.83734	-0.537776	-0.186399	0.546316	0.816574
0.3	0.977483	0.0209282	0.209974	0.0977845	0.836853	-0.538623	-0.18699	0.547027	0.815964
0.333333	0.977597	0.0216173	0.209373	0.0970314	0.83643	-0.539416	-0.186786	0.547647	0.815594
0.366667	0.977641	0.0218689	0.20914	0.0967896	0.836156	-0.539885	-0.18668	0.548056	0.815344
0.4	0.977689	0.0228515	0.208811	0.0958335	0.836059	-0.540204	-0.186923	0.548163	0.815216
0.433333	0.977808	0.0234927	0.208181	0.0950875	0.835681	-0.540922	-0.186681	0.548713	0.814901
0.466667	0.977885	0.0238572	0.207776	0.0947048	0.835266	-0.541629	-0.18647	0.549328	0.814535
0.5	0.977978	0.0240929	0.207313	0.0944038	0.834825	-0.542361	-0.186137	0.549988	0.814166
0.533333	0.978003	0.0239167	0.207213	0.0947188	0.834157	-0.543332	-0.185843	0.551008	0.813543
0.566667	0.97802	0.0235623	0.207178	0.0951544	0.833668	-0.544007	-0.185535	0.551764	0.813101
0.6	0.977966	0.0234288	0.207444	0.0955097	0.833378	-0.544389	-0.185634	0.552207	0.812778
0.633333	0.977873	0.0227955	0.207954	0.0962168	0.833661	-0.54383	-0.18576	0.551805	0.813022
0.666667	0.97784	0.0219625	0.208196	0.0970568	0.833594	-0.543784	-0.185494	0.551941	0.81299
0.7	0.977775	0.0213742	0.208563	0.0978616	0.83324	-0.544182	-0.185415	0.552498	0.81263
0.733333	0.977633	0.0212453	0.20924	0.0984151	0.833028	-0.544407	-0.185869	0.552823	0.812305
0.766667	0.977553	0.0206908	0.20967	0.099169	0.832847	-0.544546	-0.185891	0.553116	0.812101
0.8	0.977362	0.0188884	0.210729	0.101082	0.833293	-0.543512	-0.185865	0.552509	0.81252
0.833333	0.977183	0.0175697	0.21167	0.102584	0.833591	-0.542774	-0.185983	0.552103	0.812768
0.866667	0.977001	0.0163227	0.212611	0.104054	0.833802	-0.542168	-0.186125	0.551822	0.812927
0.9	0.976893	0.0151094	0.213196	0.105283	0.834063	-0.541529	-0.186001	0.551462	0.813199
0.933333	0.976765	0.013813	0.213869	0.106602	0.834399	-0.540753	-0.185922	0.550988	0.813539
0.966667	0.976469	0.0124352	0.215299	0.108405	0.834738	-0.539872	-0.186431	0.550508	0.813747
1	0.976298	0.0111086	0.216143	0.109891	0.834928	-0.539277	-0.186455	0.550247	0.813918
1.03333	0.976175	0.00990967	0.21676	0.111137	0.835145	-0.538686	-0.186364	0.549941	0.814146
1.06667	0.976048	0.00951419	0.217347	0.111797	0.835106	-0.538608	-0.186632	0.550006	0.81404
1.1	0.97579	0.00890343	0.218529	0.112946	0.835113	-0.538358	-0.187289	0.550006	0.813889
1.13333	0.97549	0.00831309	0.219887	0.114228	0.834962	-0.538322	-0.188072	0.550245	0.813548
1.16667	0.975309	0.00791122	0.220704	0.11499	0.835011	-0.538083	-0.188547	0.550176	0.813484
1.2	0.975102	0.00790837	0.221616	0.115498	0.835005	-0.537985	-0.189305	0.550186	0.813301
1.23333	0.974936	0.00778956	0.222347	0.116122	0.834645	-0.538408	-0.189775	0.550733	0.812821
1.26667	0.975026	0.00815747	0.221941	0.11588	0.833826	-0.539728	-0.189463	0.551968	0.812056
1.3	0.975078	0.00807023	0.221717	0.115905	0.833599	-0.540073	-0.189182	0.552311	0.811888
1.33333	0.975133	0.00716001	0.221503	0.116499	0.83368	-0.539819	-0.188528	0.552201	0.812115
1.36667	0.975223	0.00689918	0.221116	0.116462	0.833784	-0.539667	-0.188087	0.552047	0.812322
1.4	0.975239	0.00718113	0.221036	0.116267	0.833553	-0.540065	-0.188124	0.552392	0.812079
1.43333	0.975244	0.00689008	0.221026	0.116656	0.833088	-0.5407	-0.187859	0.553098	0.81166
1.46667	0.975317	0.00686397	0.220704	0.11653	0.832997	-0.540867	-0.187558	0.553236	0.811635
1.5	0.975374	0.00669405	0.220454	0.116644	0.832659	-0.541363	-0.187187	0.553746	0.811373
1.53333	0.975386	0.00670986	0.220401	0.116733	0.832271	-0.54194	-0.187069	0.554328	0.811002
1.56667	0.975463	0.00562581	0.220092	0.117526	0.83202	-0.542154	-0.186171	0.554717	0.810943
1.6	0.9756	0.00476575	0.219503	0.117833	0.832215	-0.541787	-0.185256	0.554432	0.811348
1.63333	0.975549	0.00378063	0.219752	0.118692	0.832453	-0.541235	-0.184979	0.554083	0.811649
1.66667	0.975515	0.00318636	0.219912	0.119295	0.832358	-0.541247	-0.18477	0.554229	0.811598
1.7	0.975434	0.00261001	0.220278	0.120138	0.831843	-0.541852	-0.184651	0.555004	0.811094
1.73333	0.975332	0.00238424	0.220731	0.120574	0.831841	-0.541759	-0.184905	0.555009	0.811033
1.76667	0.975306	0.00198041	0.22085	0.120928	0.831961	-0.541496	-0.184811	0.554831	0.811177
1.8	0.975424	0.00162653	0.22033	0.121038	0.831625	-0.541987	-0.184113	0.555336	0.81099
1.83333	0.975458	0.00109722	0.220184	0.121468	0.831376	-0.542272	-0.183651	0.555709	0.810839
1.86667	0.97521	-0.000121117	0.221283	0.123075	0.831352	-0.541946	-0.183899	0.555745	0.810758
1.9	0.975044	-0.000511106	0.222011	0.123755	0.831477	-0.541601	-0.18432	0.555559	0.81079
1.93333	0.97468	-0.000812323	0.223602	0.124785	0.831769	-0.540915	-0.185546	0.555121	0.81081
1.96667	0.97454	-0.000142594	0.224215	0.124832	0.831024	-0.542048	-0.186251	0.556237	0.809884
2	0.97429	0.000134742	0.225296	0.125461	0.830273	-0.543053	-0.18713	0.557357	0.80891
2.03333	0.973955	-0.000366348	0.226742	0.126841	0.829772	-0.543498	-0.187945	0.558103	0.808206
2.06667	0.973697	-0.000950389	0.227846	0.128065	0.829368	-0.543826	-0.188451	0.558701	0.807675
2.1	0.973362	-0.0012804	0.229271	0.129251	0.829005	-0.5441	-0.18937	0.559239	0.807088
2.13333	0.97321	-0.00120794	0.229916	0.129816	0.828228	-0.545148	-0.189764	0.56039	0.806196
2.16667	0.973262	-0.00159668	0.229693	0.130665	0.826266	-0.547915	-0.188913	0.563277	0.804382
2.2	0.973146	0.0011501	0.230184	0.130045	0.822365	-0.553899	-0.189932	0.568959	0.800132
2.23333	0.972272	0.0049404	0.233803	0.132443	0.812349	-0.567933	-0.192735	0.583151	0.789169
2.26667	0.970727	0.00468407	0.240138	0.138782	0.805073	-0.576712	-0.19603	0.593157	0.780857
2.3	0.970114	0.00486923	0.2426	0.140184	0.804823	-0.576722	-0.198059	0.593495	0.780088
2.33333	0.969868	0.00581359	0.24356	0.139389	0.806684	-0.57431	-0.199815	0.590954	0.781567
2.36667	0.96952	0.00528118	0.244957	0.140204	0.807945	-0.572336	-0.200934	0.589235	0.782578
2.4	0.968018	0.0040187	0.250848	0.145971	0.804181	-0.576182	-0.204042	0.594371	0.777875
2.43333	0.96611	-0.00512869	0.258081	0.162021	0.790376	-0.590809	-0.200951	0.6126	0.764421
2.46667	0.963303	-0.0352448	0.266091	0.199992	0.75544	-0.623951	-0.179024	0.65427	0.734766
2.5	0.960609	-0.066877	0.269736	0.23712	0.703426	-0.67005	-0.144928	0.707615	0.691575
2.53333	0.963161	-0.0926109	0.252474	0.251867	0.639687	-0.726198	-0.0942507	0.763036	0.639447
2.56667	0.972313	-0.123782	0.198204	0.232781	0.58741	-0.775089	-0.0204848	0.799767	0.599961
2.6	0.979457	-0.158876	0.124188	0.194327	0.579152	-0.79172	0.0538617	0.799588	0.598128
2.63333	0.981307	-0.187513	0.0433171	0.150729	0.608898	-0.778797	0.119659	0.770767	0.625779
2.66667	0.977209	-0.209464	-0.0344709	0.114861	0.658288	-0.743951	0.178523	0.723036	0.667344
2.7	0.968181	-0.226315	-0.1068	0.0889884	0.710237	-0.698316	0.233893	0.666592	0.707777
2.73333	0.955929	-0.233967	-0.177369	0.0666732	0.761327	-0.644931	0.285928	0.604682	0.743374
2.76667	0.942585	-0.22791	-0.244113	0.0445319	0.810193	-0.584469	0.330985	0.540041	0.773825
2.8	0.930344	-0.209846	-0.300708	0.0228796	0.851685	-0.523554	0.365974	0.480205	0.797161
2.83333	0.920249	-0.195809	-0.338824	0.00597561	0.872747	-0.488137	0.391289	0.447182	0.804314
2.86667	0.914086	-0.189514	-0.358512	-0.00912085	0.874248	-0.485394	0.405417	0.446962	0.797409
2.9	0.915976	-0.168841	-0.36398	-0.0402957	0.863855	-0.502126	0.399205	0.474602	0.784466
2.93333	0.920981	-0.124362	-0.369226	-0.0851566	0.860519	-0.502251	0.380187	0.494005	0.781931
2.96667	0.922834	-0.0553238	-0.381204	-0.15966	0.845683	-0.509244	0.350551	0.53081	0.771592
3	0.921288	0.0175002	-0.388487	-0.238873	0.813773	-0.529823	0.306868	0.580919	0.7539
3.03333	0.933673	0.0808345	-0.348884	-0.276814	0.780986	-0.559852	0.227218	0.619295	0.751562
3.06667	0.962491	0.111191	-0.247483	-0.242388	0.762226	-0.600216	0.1219	0.637689	0.760587
3.1	0.987404	0.108716	-0.11495	-0.157146	0.758288	-0.632696	0.018381	0.642791	0.765821
3.13333	0.996299	0.0833207	0.0211052	-0.0498517	0.760183	-0.647793	-0.0700184	0.644344	0.761524
3.16667	0.987534	0.0608699	0.145157	0.0477913	0.762713	-0.644968	-0.149973	0.643866	0.750297
3.2	0.965983	0.0491834	0.253884	0.125462	0.769338	-0.626401	-0.226131	0.636946	0.736997
3.23333	0.935735	0.0463023	0.34965	0.187211	0.774965	-0.60364	-0.298917	0.630306	0.716494
3.26667	0.902441	0.0483811	0.428089	0.232969	0.781048	-0.579387	-0.362389	0.622594	0.693578
3.3	0.868666	0.0462583	0.493234	0.26813	0.793292	-0.54662	-0.416564	0.607081	0.676703
3.33333	0.835429	0.0247576	0.549041	0.30791	0.806402	-0.504884	-0.455247	0.59085	0.666068
3.36667	0.79916	-0.00771381	0.601069	0.355129	0.812824	-0.461736	-0.485002	0.582458	0.652316
3.4	0.755758	-0.0284871	0.654231	0.407304	0.80274	-0.435559	-0.512769	0.595648	0.618281
3.43333	0.712352	-0.0502717	0.70002	0.468049	0.777258	-0.420476	-0.522958	0.627171	0.577211
3.46667	0.668121	-0.0525091	0.742197	0.531844	0.731294	-0.427025	-0.520342	0.680038	0.51652
3.5	0.663865	0.0353757	0.747015	0.569916	0.622838	-0.535974	-0.48423	0.78155	0.393319
3.53333	0.729249	0.170545	0.662654	0.564619	0.397077	-0.723557	-0.386524	0.901801	0.193275
3.56667	0.820595	0.15979	0.548718	0.501778	0.258158	-0.825575	-0.273575	0.952797	0.131664
3.6	0.890439	0.0585874	0.451315	0.425131	0.246844	-0.870822	-0.162424	0.967283	0.194892
3.63333	0.934297	-0.0502221	0.352939	0.35041	0.311506	-0.883276	-0.0655826	0.948916	0.308637
3.66667	0.959955	-0.131617	0.247311	0.279818	0.407304	-0.869371	0.0136935	0.903759	0.427822
3.7	0.974495	-0.178697	0.135749	0.21022	0.515213	-0.830881	0.0785356	0.838226	0.539638
3.73333	0.979757	-0.198374	0.0268969	0.147922	0.626861	-0.76496	0.134888	0.753454	0.643516
3.76667	0.977841	-0.193664	-0.0795047	0.0930126	0.742132	-0.663769	0.187551	0.641665	0.7437
3.8	0.968354	-0.157872	-0.193303	0.0297011	0.841908	-0.538804	0.247806	0.516011	0.819954
3.83333	0.950377	-0.0956403	-0.296034	-0.0464804	0.897239	-0.439092	0.307608	0.431063	0.84827
3.86667	0.932073	-0.0550106	-0.358069	-0.0836609	0.929001	-0.360498	0.352478	0.365967	0.861294
3.9	0.927403	-0.0497378	-0.370742	-0.0966845	0.925568	-0.366026	0.361352	0.375299	0.853566
3.93333	0.916984	-0.0242383	-0.398187	-0.145022	0.909605	-0.389341	0.37163	0.414766	0.830579
3.96667	0.904139	0.0142768	-0.427	-0.213602	0.88067	-0.422841	0.370009	0.473515	0.799297
4	0.917976	0.0335816	-0.395212	-0.234748	0.849155	-0.473106	0.319709	0.527076	0.787387
4.03333	0.946546	0.0458738	-0.319291	-0.216319	0.824542	-0.522816	0.239286	0.563938	0.79039
4.06667	0.973864	0.0570619	-0.219849	-0.174879	0.806023	-0.56546	0.144937	0.589127	0.794935
4.1	0.991206	0.0825823	-0.103394	-0.128164	0.793562	-0.594839	0.0329262	0.60286	0.797167
4.13333	0.994568	0.102331	0.0190466	-0.0688216	0.783768	-0.617229	-0.0780899	0.612565	0.786553
4.16667	0.984599	0.104559	0.140117	0.00607669	0.780498	-0.625128	-0.174724	0.616352	0.767842
4.2	0.962037	0.102524	0.252929	0.0792927	0.781781	-0.618491	-0.261145	0.615067	0.743973
4.23333	0.932296	0.101725	0.347096	0.136232	0.790207	-0.597506	-0.335059	0.604338	0.722849
4.26667	0.904472	0.091502	0.416604	0.184339	0.796936	-0.57525	-0.384643	0.597093	0.703938
4.3	0.873741	0.0726195	0.480941	0.235895	0.80145	-0.549574	-0.42536	0.593636	0.683129
4.33333	0.83373	0.0467548	0.55019	0.293869	0.806004	-0.513808	-0.467478	0.59006	0.65825
4.36667	0.793428	0.0355108	0.607627	0.345574	0.795511	-0.497735	-0.501049	0.604897	0.618909
4.4	0.750495	0.0211018	0.660539	0.419095	0.757619	-0.500373	-0.510995	0.652356	0.559745
4.43333	0.708564	0.0161688	0.705461	0.496942	0.698345	-0.515134	-0.500984	0.715579	0.486787
4.46667	0.719293	0.0992353	0.687583	0.526798	0.567303	-0.632969	-0.452881	0.817508	0.35578
4.5	0.787338	0.172431	0.591917	0.502038	0.377955	-0.777887	-0.35785	0.909625	0.211012
4.53333	0.860993	0.122879	0.493551	0.441663	0.300614	-0.845319	-0.25224	0.945797	0.204556
4.56667	0.914857	0.0191525	0.403324	0.375452	0.32718	-0.867173	-0.148568	0.944768	0.292132
4.6	0.947382	-0.0721509	0.311869	0.312976	0.413269	-0.855134	-0.0671872	0.907746	0.414105
4.63333	0.9698	-0.128318	0.207417	0.243883	0.520147	-0.818516	-0.00285666	0.844382	0.535733
4.66667	0.983506	-0.153733	0.0953041	0.171233	0.621585	-0.764402	0.0582743	0.768113	0.637657
4.7	0.987757	-0.155298	-0.0147916	0.101957	0.714418	-0.692251	0.118073	0.682268	0.721505
4.73333	0.982991	-0.128836	-0.130886	0.0288651	0.812188	-0.582682	0.181374	0.568993	0.802092
4.76667	0.967746	-0.0860755	-0.236767	-0.0338644	0.886845	-0.460824	0.249641	0.453978	0.855326
4.8	0.949309	-0.0546491	-0.309558	-0.0729833	0.919544	-0.38615	0.305755	0.389168	0.868943
4.83333	0.941932	-0.0493092	-0.332163	-0.0931429	0.911983	-0.399513	0.322627	0.407253	0.854434
4.86667	0.934465	-0.00830671	-0.355959	-0.152231	0.894426	-0.420509	0.321872	0.447139	0.834545
4.9	0.925312	0.0265787	-0.378273	-0.215499	0.857662	-0.466879	0.312022	0.513526	0.799333
4.93333	0.935219	0.04099	-0.351689	-0.232746	0.819693	-0.523386	0.266823	0.571335	0.776133
4.96667	0.957383	0.0627436	-0.281924	-0.21796	0.79741	-0.562699	0.189503	0.600167	0.777102
5	0.980128	0.0748124	-0.18372	-0.171827	0.782979	-0.597846	0.0991225	0.617533	0.780274
5.03333	0.993494	0.0906757	-0.0689057	-0.113842	0.773853	-0.62305	-0.00317261	0.626841	0.779141
5.06667	0.993705	0.0995955	0.0513012	-0.0438722	0.767289	-0.639799	-0.103084	0.633521	0.766828
5.1	0.980952	0.0994431	0.166866	0.0310898	0.767579	-0.6402	-0.191747	0.633193	0.749866
5.13333	0.956692	0.0998208	0.273451	0.0984983	0.772957	-0.626766	-0.27393	0.626557	0.72965
5.16667	0.929512	0.103409	0.353997	0.149278	0.772233	-0.617554	-0.337229	0.626868	0.702363
5.2	0.901339	0.109481	0.419048	0.188043	0.772659	-0.606331	-0.390163	0.62531	0.675841
5.23333	0.872945	0.107924	0.475731	0.221597	0.781062	-0.583812	-0.434583	0.615056	0.657908
5.26667	0.842963	0.0986736	0.528845	0.267493	0.776024	-0.571169	-0.466756	0.622936	0.627765
5.3	0.801689	0.105503	0.588356	0.328432	0.744658	-0.581049	-0.499426	0.659056	0.562334
5.33333	0.764079	0.113575	0.635046	0.406374	0.679795	-0.610523	-0.501041	0.724554	0.473264
5.36667	0.746586	0.151718	0.647758	0.48594	0.540642	-0.686709	-0.454391	0.827459	0.32991
5.4	0.792496	0.212024	0.571836	0.49232	0.330998	-0.805023	-0.35996	0.919503	0.157931
5.43333	0.860545	0.176473	0.477829	0.445828	0.192781	-0.874112	-0.246373	0.965242	0.0872204
5.46667	0.91162	0.076845	0.403787	0.384133	0.19028	-0.903458	-0.146259	0.978718	0.143944
5.5	0.943862	-0.0219403	0.329611	0.323113	0.268898	-0.907354	-0.0687243	0.962919	0.260892
5.53333	0.961421	-0.0962906	0.257678	0.27486	0.373876	-0.885815	-0.011044	0.922467	0.385918
5.56667	0.973425	-0.139373	0.181713	0.227556	0.499461	-0.835917	0.0257453	0.855052	0.517902
5.6	0.982907	-0.153867	0.101087	0.176921	0.637575	-0.749798	0.0509186	0.754866	0.653899
