0	0.898366	-0.439248	0	0.439248	0.898366	0	0	0	1
0.0333333	0.770649	-0.60509	-0.199916	0.587815	0.796129	-0.143711	0.246117	-0.00676336	0.969217
0.0666667	0.68604	-0.63723	-0.351122	0.579729	0.770374	-0.265401	0.439617	-0.0214797	0.897929
0.1	0.619496	-0.65524	-0.432303	0.563297	0.754608	-0.336546	0.546737	-0.0350263	0.836571
0.133333	0.580025	-0.666622	-0.468172	0.556349	0.743987	-0.370081	0.595018	-0.0458109	0.802406
0.166667	0.559602	-0.673634	-0.482766	0.555779	0.737146	-0.384351	0.614781	-0.0532278	0.7869
0.2	0.551206	-0.677324	-0.487241	0.557539	0.733449	-0.388849	0.620743	-0.0573204	0.781916
0.233333	0.553151	-0.67986	-0.481471	0.564938	0.73087	-0.38298	0.612266	-0.060155	0.78836
0.266667	0.560126	-0.682072	-0.470145	0.57552	0.728604	-0.371367	0.595849	-0.0625656	0.800656
0.3	0.568595	-0.684265	-0.456598	0.587103	0.726344	-0.3574	0.576203	-0.0648543	0.814729
0.333333	0.576844	-0.685685	-0.443946	0.596659	0.724876	-0.344315	0.557898	-0.0662683	0.82726
0.366667	0.58212	-0.688356	-0.432785	0.606518	0.722102	-0.332723	0.541547	-0.0688067	0.83785
0.4	0.583911	-0.691766	-0.424862	0.615197	0.718529	-0.324421	0.529699	-0.0719408	0.845129
0.433333	0.581956	-0.696212	-0.420257	0.623202	0.713806	-0.31953	0.522443	-0.0759526	0.849285
0.466667	0.578181	-0.6997	-0.419674	0.627803	0.710045	-0.318902	0.521124	-0.0790898	0.849809
0.5	0.572352	-0.703455	-0.421383	0.631475	0.705935	-0.320772	0.523117	-0.0824984	0.848258
0.533333	0.566029	-0.706517	-0.424788	0.633333	0.702533	-0.324555	0.527731	-0.0853253	0.845115
0.566667	0.559584	-0.708409	-0.430143	0.632575	0.700406	-0.330576	0.535458	-0.0871133	0.840057
0.6	0.554825	-0.708732	-0.435739	0.62963	0.70004	-0.336913	0.543815	-0.0874272	0.834638
0.633333	0.550847	-0.708289	-0.441468	0.625545	0.700542	-0.343415	0.552504	-0.0869893	0.828958
0.666667	0.549755	-0.704987	-0.448067	0.617168	0.704271	-0.350864	0.562915	-0.0836431	0.822272
0.7	0.547185	-0.702993	-0.454301	0.610577	0.706503	-0.357841	0.572525	-0.0815804	0.815819
0.733333	0.545188	-0.700729	-0.460161	0.603771	0.709018	-0.364354	0.581577	-0.0791903	0.809628
0.766667	0.543541	-0.698888	-0.464886	0.598184	0.711052	-0.36957	0.588846	-0.0772109	0.804549
0.8	0.542386	-0.696892	-0.469211	0.592604	0.71324	-0.374311	0.595515	-0.0750346	0.799833
0.833333	0.541625	-0.694447	-0.473693	0.586266	0.715899	-0.379185	0.602441	-0.0723338	0.794879
0.866667	0.540394	-0.693058	-0.477121	0.582012	0.717398	-0.382886	0.607648	-0.0707808	0.791046
0.9	0.539089	-0.691804	-0.480406	0.578001	0.718747	-0.386417	0.612615	-0.0693624	0.787332
0.933333	0.537627	-0.691273	-0.482803	0.575567	0.719315	-0.388984	0.616182	-0.0687567	0.784597
0.966667	0.53702	-0.690892	-0.484023	0.574171	0.719723	-0.39029	0.618011	-0.0683187	0.783195
1	0.538044	-0.690031	-0.484113	0.572953	0.720641	-0.390386	0.61825	-0.0673296	0.783092
1.03333	0.539812	-0.689131	-0.483427	0.572246	0.721598	-0.389656	0.617364	-0.0662978	0.783879
1.06667	0.542257	-0.688535	-0.481536	0.572809	0.722228	-0.387654	0.614692	-0.0656198	0.786033
1.1	0.546012	-0.687387	-0.478927	0.573137	0.723437	-0.384906	0.611053	-0.0643274	0.788972
1.13333	0.549554	-0.686892	-0.475572	0.574831	0.723955	-0.381389	0.606266	-0.0637796	0.7927
1.16667	0.554021	-0.685582	-0.472269	0.575384	0.725321	-0.377945	0.601659	-0.0623467	0.796316
1.2	0.558035	-0.684942	-0.468456	0.577129	0.725983	-0.373992	0.596255	-0.061659	0.800424
1.23333	0.562298	-0.683932	-0.46482	0.578235	0.727025	-0.370242	0.591157	-0.060589	0.804278
1.26667	0.566826	-0.682387	-0.461581	0.578358	0.728608	-0.366923	0.586695	-0.0589773	0.807658
1.3	0.571106	-0.681137	-0.458137	0.578966	0.729879	-0.363421	0.581924	-0.0576939	0.811194
1.33333	0.575028	-0.679374	-0.455844	0.578167	0.731659	-0.361106	0.578849	-0.0559083	0.813516
1.36667	0.57761	-0.678395	-0.454034	0.578055	0.732641	-0.35929	0.576384	-0.0549273	0.815331
1.4	0.579227	-0.677746	-0.452942	0.57791	0.73329	-0.358199	0.574906	-0.0542812	0.816417
1.43333	0.579825	-0.67715	-0.453067	0.577079	0.733883	-0.358323	0.575137	-0.0536902	0.816293
1.46667	0.57976	-0.676801	-0.453673	0.576261	0.734231	-0.358926	0.576023	-0.0533429	0.815691
1.5	0.580092	-0.6755	-0.455183	0.573676	0.73552	-0.360424	0.578263	-0.052049	0.814188
1.53333	0.579006	-0.675434	-0.456663	0.57267	0.735586	-0.361887	0.580346	-0.0519825	0.81271
1.56667	0.578093	-0.675182	-0.45819	0.571392	0.735835	-0.363397	0.582511	-0.0517293	0.811175
1.6	0.577538	-0.674476	-0.459927	0.569398	0.736532	-0.365111	0.58501	-0.051016	0.80942
1.63333	0.57607	-0.674853	-0.461213	0.569064	0.73616	-0.36638	0.586779	-0.0513991	0.808114
1.66667	0.575205	-0.674403	-0.462947	0.567382	0.736604	-0.368092	0.589252	-0.0509394	0.806342
1.7	0.574957	-0.67375	-0.464203	0.56574	0.737247	-0.36933	0.591068	-0.0502697	0.805054
1.73333	0.574416	-0.673747	-0.464878	0.565302	0.737251	-0.369993	0.592013	-0.0502661	0.804359
1.76667	0.57487	-0.672903	-0.465538	0.563793	0.73808	-0.370643	0.593011	-0.0493961	0.803678
1.8	0.575292	-0.672462	-0.465654	0.563152	0.738512	-0.370756	0.593211	-0.0489408	0.803558
1.83333	0.576014	-0.672018	-0.465403	0.562744	0.738946	-0.37051	0.592897	-0.0484836	0.803817
1.86667	0.576824	-0.671534	-0.465098	0.562319	0.739419	-0.370212	0.592512	-0.0479859	0.804131
1.9	0.577916	-0.670894	-0.464666	0.561777	0.740041	-0.369792	0.591963	-0.04733	0.804574
1.93333	0.578565	-0.670543	-0.464365	0.56152	0.740382	-0.369499	0.591573	-0.0469708	0.804882
1.96667	0.579253	-0.670101	-0.464145	0.561094	0.740811	-0.369287	0.591303	-0.0465186	0.805106
2	0.579579	-0.669953	-0.463951	0.561029	0.740954	-0.369098	0.591044	-0.0463683	0.805305
2.03333	0.579667	-0.669844	-0.463999	0.560859	0.74106	-0.369145	0.59112	-0.0462567	0.805256
2.06667	0.579823	-0.67025	-0.463218	0.561875	0.740667	-0.368388	0.590002	-0.0466703	0.806052
2.1	0.580406	-0.670191	-0.462573	0.562208	0.740724	-0.367763	0.58911	-0.0466102	0.806707
2.13333	0.581922	-0.669656	-0.46144	0.562242	0.741241	-0.366668	0.58758	-0.0460689	0.807854
2.16667	0.585272	-0.668175	-0.459347	0.56167	0.742668	-0.364652	0.584793	-0.0445807	0.809956
2.2	0.589635	-0.666076	-0.456808	0.560583	0.744672	-0.362228	0.581444	-0.0424967	0.812476
2.23333	0.590757	-0.66502	-0.456897	0.559196	0.745674	-0.362312	0.581641	-0.0414562	0.812389
2.26667	0.585837	-0.666027	-0.461739	0.557472	0.744718	-0.366905	0.588234	-0.0424599	0.807575
2.3	0.574176	-0.670093	-0.470423	0.557127	0.740811	-0.375244	0.599943	-0.0466295	0.798683
2.33333	0.553578	-0.678746	-0.48255	0.560231	0.732238	-0.387259	0.616192	-0.0559617	0.785605
2.36667	0.528014	-0.688922	-0.496576	0.563674	0.721664	-0.401837	0.635195	-0.0677314	0.769376
2.4	0.499625	-0.699616	-0.510796	0.56723	0.709896	-0.41749	0.654695	-0.0811506	0.751524
2.43333	0.474233	-0.708447	-0.52269	0.569647	0.699586	-0.431372	0.671271	-0.093178	0.735332
2.46667	0.454398	-0.714508	-0.531978	0.569997	0.692147	-0.44276	0.684562	-0.102036	0.721778
2.5	0.43957	-0.719464	-0.537727	0.571901	0.685815	-0.450096	0.692609	-0.109678	0.712926
2.53333	0.425841	-0.725469	-0.540697	0.578259	0.677834	-0.454046	0.695899	-0.119312	0.708159
2.56667	0.416807	-0.731676	-0.539372	0.589597	0.669234	-0.452219	0.691844	-0.129524	0.710335
2.6	0.41534	-0.737391	-0.532679	0.605924	0.661024	-0.442609	0.67849	-0.13893	0.721353
2.63333	0.432169	-0.73593	-0.521189	0.615422	0.663129	-0.426046	0.659156	-0.136627	0.739491
2.66667	0.440685	-0.739534	-0.508809	0.632731	0.657971	-0.408321	0.636748	-0.141998	0.757884
2.7	0.449051	-0.741825	-0.498045	0.645824	0.654675	-0.392827	0.617466	-0.14525	0.77307
2.73333	0.454745	-0.74455	-0.488726	0.657741	0.65074	-0.37936	0.600486	-0.148943	0.785642
2.76667	0.460837	-0.746862	-0.479402	0.668628	0.647384	-0.365827	0.58358	-0.151955	0.797712
2.8	0.469042	-0.748077	-0.469446	0.678012	0.64562	-0.351388	0.56595	-0.153475	0.810029
2.83333	0.484165	-0.745372	-0.458264	0.682404	0.649479	-0.335412	0.54764	-0.150326	0.8231
2.86667	0.497519	-0.742585	-0.448376	0.685327	0.65336	-0.321632	0.531791	-0.147266	0.833973
2.9	0.498793	-0.745531	-0.442029	0.693222	0.649284	-0.312847	0.520239	-0.150379	0.840677
2.93333	0.488769	-0.753723	-0.439325	0.705605	0.637679	-0.30901	0.513057	-0.158955	0.843508
2.96667	0.477681	-0.763462	-0.43468	0.721255	0.623299	-0.302142	0.501609	-0.169188	0.848389
3	0.477301	-0.769187	-0.424895	0.734729	0.614565	-0.287198	0.482034	-0.175103	0.858477
3.03333	0.499282	-0.762599	-0.411292	0.734111	0.624465	-0.266692	0.460216	-0.16878	0.871616
3.06667	0.540205	-0.740836	-0.399175	0.713373	0.654762	-0.249773	0.446405	-0.149831	0.882198
3.1	0.580501	-0.710654	-0.397479	0.677849	0.692229	-0.247668	0.451153	-0.12566	0.883556
3.13333	0.601559	-0.68511	-0.410792	0.641555	0.720744	-0.262556	0.475956	-0.105603	0.873106
3.16667	0.599336	-0.669364	-0.439031	0.609384	0.737149	-0.291995	0.519082	-0.092535	0.8497
3.2	0.574712	-0.662989	-0.479742	0.579656	0.743607	-0.333237	0.577672	-0.0865702	0.811665
3.23333	0.527668	-0.663135	-0.530866	0.546515	0.743459	-0.385474	0.650299	-0.0867236	0.754712
3.26667	0.461002	-0.666561	-0.58581	0.505521	0.739818	-0.44398	0.729333	-0.0914637	0.678018
3.3	0.387309	-0.667772	-0.635667	0.452039	0.738462	-0.500334	0.803525	-0.0935621	0.587872
3.33333	0.316329	-0.667	-0.674571	0.392335	0.739407	-0.54713	0.863718	-0.0915851	0.495583
3.36667	0.257964	-0.665418	-0.700481	0.337272	0.74143	-0.580111	0.905374	-0.0866042	0.415689
3.4	0.213908	-0.664561	-0.715962	0.295743	0.742588	-0.600916	0.93101	-0.0832001	0.355385
3.43333	0.185656	-0.664869	-0.72352	0.273886	0.742155	-0.611713	0.943673	-0.0845937	0.319884
3.46667	0.172687	-0.667171	-0.724612	0.279579	0.738607	-0.613429	0.944465	-0.0966552	0.314075
3.5	0.17887	-0.671912	-0.718707	0.319707	0.73054	-0.603406	0.93048	-0.121844	0.345486
3.53333	0.206817	-0.678378	-0.705004	0.385645	0.718768	-0.57849	0.899169	-0.15224	0.410266
3.56667	0.256727	-0.68349	-0.683324	0.453401	0.709565	-0.539393	0.853533	-0.171343	0.492059
3.6	0.312323	-0.68684	-0.656282	0.510677	0.70392	-0.493666	0.801039	-0.180965	0.570603
3.63333	0.363045	-0.69066	-0.625449	0.561383	0.697871	-0.444776	0.743672	-0.189643	0.641083
3.66667	0.406984	-0.697852	-0.589378	0.613398	0.686902	-0.389755	0.676836	-0.2029	0.707619
3.7	0.443486	-0.706319	-0.551756	0.658989	0.674219	-0.33341	0.607498	-0.215738	0.764463
3.73333	0.472495	-0.713628	-0.517188	0.692966	0.663404	-0.282299	0.544561	-0.225009	0.807975
3.76667	0.493184	-0.719013	-0.489683	0.715308	0.655529	-0.242107	0.49508	-0.230871	0.837612
3.8	0.506332	-0.723183	-0.469716	0.729886	0.649481	-0.213169	0.459232	-0.234905	0.856695
3.83333	0.50993	-0.729688	-0.455551	0.74382	0.640035	-0.192579	0.432091	-0.240646	0.86913
3.86667	0.500331	-0.741675	-0.446752	0.762037	0.622168	-0.179463	0.411058	-0.250651	0.876473
3.9	0.480427	-0.758595	-0.44014	0.785378	0.595481	-0.169065	0.390347	-0.264453	0.88187
3.93333	0.463668	-0.772537	-0.433819	0.804805	0.572003	-0.158433	0.370542	-0.27568	0.886961
3.96667	0.468643	-0.775944	-0.422238	0.812659	0.566086	-0.13832	0.346351	-0.278313	0.89587
4	0.505704	-0.762467	-0.403618	0.80139	0.588409	-0.10747	0.319435	-0.269107	0.908594
4.03333	0.576068	-0.722	-0.383224	0.758655	0.64679	-0.0781402	0.304283	-0.245721	0.920344
4.06667	0.649618	-0.659259	-0.378648	0.689139	0.72095	-0.0729329	0.321068	-0.213563	0.922663
4.1	0.684191	-0.604073	-0.408631	0.623225	0.775284	-0.102594	0.378779	-0.184475	0.906915
4.13333	0.654416	-0.585204	-0.478827	0.587055	0.792338	-0.166033	0.476556	-0.172443	0.862066
4.16667	0.560432	-0.597837	-0.573156	0.570547	0.78033	-0.256051	0.600327	-0.183513	0.778415
4.2	0.450309	-0.603221	-0.65829	0.527111	0.774687	-0.349307	0.720678	-0.189696	0.666812
4.23333	0.36055	-0.593324	-0.719701	0.448581	0.786808	-0.423921	0.817789	-0.17	0.549837
4.26667	0.293533	-0.578003	-0.761414	0.35309	0.805731	-0.475525	0.88835	-0.129265	0.440596
4.3	0.237447	-0.563045	-0.79158	0.250604	0.822807	-0.510084	0.938518	-0.0772549	0.336474
4.33333	0.192334	-0.552409	-0.811081	0.16204	0.833044	-0.528943	0.967859	-0.0296937	0.249735
4.36667	0.161158	-0.546781	-0.82162	0.103433	0.837275	-0.536911	0.981494	0.00154457	0.191489
4.4	0.142141	-0.544889	-0.826373	0.0759667	0.838392	-0.539748	0.986927	0.0139435	0.160563
4.43333	0.134264	-0.545488	-0.827294	0.0758745	0.838062	-0.540274	0.988037	0.00976868	0.15391
4.46667	0.130815	-0.549916	-0.824912	0.113292	0.834903	-0.538611	0.984912	-0.0229978	0.171519
4.5	0.145452	-0.558449	-0.816687	0.19542	0.82542	-0.529616	0.969873	-0.0825634	0.229191
4.53333	0.185144	-0.56958	-0.800812	0.298864	0.808937	-0.506262	0.936163	-0.145602	0.319997
4.56667	0.245875	-0.580684	-0.776113	0.395156	0.791185	-0.466774	0.885098	-0.191918	0.423993
4.6	0.324426	-0.591862	-0.737867	0.484394	0.773969	-0.407841	0.812472	-0.225104	0.53779
4.63333	0.40395	-0.6064	-0.684912	0.568753	0.7529	-0.331153	0.716481	-0.255776	0.649025
4.66667	0.467285	-0.625488	-0.624827	0.641253	0.726314	-0.247513	0.608637	-0.285013	0.740492
4.7	0.5012	-0.650704	-0.570423	0.701832	0.691286	-0.171916	0.506192	-0.314177	0.803158
4.73333	0.512921	-0.675603	-0.529596	0.746452	0.655687	-0.113509	0.423937	-0.337097	0.840621
4.76667	0.512359	-0.695559	-0.503673	0.776186	0.626032	-0.0749622	0.367456	-0.352536	0.860636
4.8	0.499469	-0.714113	-0.490482	0.800296	0.59713	-0.0544271	0.331749	-0.365346	0.86975
4.83333	0.478294	-0.731391	-0.486109	0.821328	0.568497	-0.0472269	0.310893	-0.376667	0.872621
4.86667	0.46376	-0.742035	-0.484056	0.834158	0.549797	-0.0436317	0.298509	-0.383545	0.873948
4.9	0.473796	-0.740813	-0.476144	0.833337	0.551974	-0.0295662	0.284722	-0.382781	0.87887
4.93333	0.514441	-0.724528	-0.458704	0.815202	0.579176	-0.000558454	0.266075	-0.373649	0.888589
4.96667	0.578458	-0.686184	-0.441064	0.772153	0.63495	0.0248619	0.262994	-0.354951	0.897131
5	0.637671	-0.633155	-0.438737	0.713783	0.699828	0.0274856	0.289638	-0.33069	0.898195
5.03333	0.658329	-0.590698	-0.466561	0.666941	0.745107	-0.00228772	0.348989	-0.309662	0.884486
5.06667	0.627034	-0.577317	-0.523005	0.648521	0.75882	-0.0601053	0.431566	-0.301492	0.850208
5.1	0.557928	-0.579719	-0.593837	0.639645	0.7563	-0.137353	0.528745	-0.303212	0.792775
5.13333	0.47816	-0.578126	-0.661161	0.613662	0.758472	-0.219407	0.628317	-0.300818	0.717445
5.16667	0.403694	-0.567823	-0.717362	0.562345	0.772491	-0.295001	0.721664	-0.284314	0.631162
5.2	0.331945	-0.554654	-0.763001	0.493088	0.791584	-0.360914	0.804162	-0.256423	0.536256
5.23333	0.258957	-0.542161	-0.799377	0.41053	0.810913	-0.416995	0.874304	-0.220184	0.432565
5.26667	0.200441	-0.533144	-0.821938	0.334765	0.825737	-0.453971	0.920736	-0.184162	0.34399
5.3	0.152759	-0.528439	-0.835115	0.277099	0.834038	-0.477071	0.94862	-0.158533	0.273837
5.33333	0.113858	-0.526664	-0.842414	0.238822	0.837574	-0.49136	0.964365	-0.145242	0.221143
5.36667	0.0838169	-0.527053	-0.845689	0.225248	0.83673	-0.499146	0.97069	-0.148652	0.18885
5.4	0.0715029	-0.528906	-0.845663	0.244782	0.831211	-0.49917	0.966938	-0.171311	0.1889
5.43333	0.0900141	-0.532357	-0.84172	0.302647	0.819805	-0.486131	0.948843	-0.210986	0.23491
5.46667	0.146289	-0.537203	-0.83067	0.378759	0.806134	-0.454632	0.913861	-0.248116	0.321399
5.5	0.231066	-0.543567	-0.806934	0.459149	0.792137	-0.402122	0.857783	-0.277586	0.432614
5.53333	0.32262	-0.552739	-0.768372	0.536223	0.775678	-0.332849	0.779988	-0.304635	0.546641
5.56667	0.413399	-0.564548	-0.714414	0.603613	0.757337	-0.249184	0.681728	-0.328217	0.65385
5.6	0.493722	-0.574814	-0.652555	0.648892	0.743083	-0.163607	0.578946	-0.342661	0.739868
