0	1	0	0	0	1	0	0	0	1
0.0333333	0.989299	0.0690927	0.128509	-0.0739993	0.996685	0.0338009	-0.125748	-0.0429488	0.991132
0.0666667	0.995479	0.00654475	0.0947531	-0.0065398	0.999979	-0.000362755	-0.0947534	-0.000258551	0.995501
0.1	0.996042	0.00718054	0.0885886	-0.00632266	0.99993	-0.0099606	-0.088654	0.00936106	0.996018
0.133333	0.996238	0.00838732	0.0862537	-0.00730958	0.999891	-0.0128033	-0.0863517	0.0121246	0.996191
0.166667	0.996432	0.00846542	0.0839713	-0.00739975	0.999888	-0.012994	-0.0840719	0.0123263	0.996383
0.2	0.996669	0.00743481	0.0812116	-0.0062845	0.999876	-0.0144107	-0.0813087	0.0138523	0.996593
0.233333	0.996821	0.00598121	0.0794519	-0.00479921	0.999875	-0.0150596	-0.0795321	0.0146304	0.996725
0.266667	0.996899	0.00510987	0.0785227	-0.00396194	0.999883	-0.0147679	-0.078589	0.014411	0.996803
0.3	0.996949	0.00428029	0.0779427	-0.00308079	0.999875	-0.0155033	-0.0779993	0.0152158	0.996837
0.333333	0.996996	0.00267458	0.0774077	-0.0013907	0.999861	-0.016635	-0.0774414	0.0164774	0.996861
0.366667	0.996966	0.0015347	0.0778199	-0.000226535	0.999859	-0.0168161	-0.0778347	0.0167475	0.996826
0.4	0.996887	0.00107989	0.0788403	0.000227858	0.999863	-0.0165765	-0.0788474	0.0165428	0.996749
0.433333	0.996828	0.000451237	0.0795877	0.000853924	0.999866	-0.0163642	-0.0795844	0.0163803	0.996694
0.466667	0.996803	-0.000483018	0.0798953	0.00176433	0.999871	-0.0159676	-0.0798773	0.0160575	0.996675
0.5	0.996774	-0.00101637	0.0802479	0.00225727	0.999879	-0.0153741	-0.0802225	0.0155057	0.996656
0.533333	0.996715	-0.00158765	0.0809702	0.00281719	0.999882	-0.0150731	-0.0809367	0.0152517	0.996603
0.566667	0.996635	-0.00175267	0.0819469	0.00289066	0.999901	-0.0137703	-0.0819147	0.0139609	0.996542
0.6	0.996542	-0.00196769	0.083068	0.0030664	0.999909	-0.0131011	-0.0830347	0.0133105	0.996458
0.633333	0.996474	-0.00218064	0.0838712	0.00324711	0.999916	-0.0125813	-0.0838366	0.0128092	0.996397
0.666667	0.996454	-0.00249465	0.0841025	0.00358293	0.999912	-0.0127915	-0.0840631	0.0130475	0.996375
0.7	0.996426	-0.00281961	0.0844236	0.00398869	0.999898	-0.0136823	-0.0843764	0.0139701	0.996336
0.733333	0.996391	-0.00291555	0.0848301	0.00420668	0.999878	-0.0150454	-0.0847759	0.0153479	0.996282
0.766667	0.996416	-0.00289368	0.0845428	0.00430304	0.999855	-0.0164929	-0.0844828	0.0167976	0.996283
0.8	0.99648	-0.0036965	0.0837466	0.00515233	0.999839	-0.0171743	-0.0836696	0.0175453	0.996339
0.833333	0.996519	-0.00431726	0.0832544	0.00580857	0.999827	-0.0176788	-0.0831637	0.0181009	0.996371
0.866667	0.996539	-0.00504777	0.0829679	0.00663738	0.999799	-0.0188947	-0.0828559	0.01938	0.996373
0.9	0.996541	-0.00551255	0.0829247	0.00727714	0.999753	-0.0209922	-0.0827885	0.021523	0.996335
0.933333	0.996526	-0.00574583	0.0830799	0.00757837	0.999735	-0.0217591	-0.0829328	0.0223131	0.996305
0.966667	0.996504	-0.00600575	0.0833322	0.00781953	0.999739	-0.0214565	-0.0831816	0.0220331	0.996291
1	0.996553	-0.00605744	0.0827318	0.00786894	0.999736	-0.0215876	-0.0825792	0.0221642	0.996338
1.03333	0.996608	-0.00640116	0.0820428	0.00828579	0.999709	-0.0226514	-0.0818739	0.0232544	0.996371
1.06667	0.996688	-0.00616068	0.0810872	0.00806567	0.999699	-0.0231866	-0.0809199	0.0237638	0.996437
1.1	0.996741	-0.00613381	0.0804342	0.00802227	0.999699	-0.0231762	-0.0802678	0.023746	0.99649
1.13333	0.996765	-0.00644833	0.0801062	0.00831949	0.9997	-0.0230468	-0.0799335	0.0236387	0.99652
1.16667	0.99679	-0.0067193	0.0797786	0.00853466	0.999712	-0.0224359	-0.0796049	0.0230447	0.99656
1.2	0.996773	-0.00723347	0.0799466	0.0089941	0.999724	-0.0216844	-0.0797677	0.0223335	0.996563
1.23333	0.996736	-0.0079441	0.0803344	0.00964413	0.999737	-0.0207961	-0.0801481	0.021503	0.996551
1.26667	0.996735	-0.00847843	0.0802901	0.0102231	0.99972	-0.0213434	-0.0800866	0.0220945	0.996543
1.3	0.996778	-0.00891707	0.0797176	0.01064	0.999718	-0.0212144	-0.079506	0.0219942	0.996592
1.33333	0.996819	-0.0100583	0.0790637	0.0118282	0.999689	-0.02195	-0.0788183	0.0228154	0.996628
1.36667	0.99683	-0.0107725	0.0788339	0.012569	0.999672	-0.0223277	-0.0785675	0.0232478	0.996638
1.4	0.996819	-0.0113499	0.0788816	0.0131274	0.999671	-0.0220526	-0.0786053	0.023018	0.99664
1.43333	0.996781	-0.0125117	0.0791865	0.0142952	0.999656	-0.0219952	-0.0788841	0.0230564	0.996617
1.46667	0.99678	-0.0128509	0.0791512	0.0145707	0.999669	-0.0211882	-0.0788528	0.0222733	0.996637
1.5	0.996721	-0.0138979	0.0797154	0.0155843	0.999667	-0.0205722	-0.0794029	0.0217471	0.996605
1.53333	0.99663	-0.0142606	0.0807853	0.0160043	0.999652	-0.020978	-0.080458	0.0222002	0.996511
1.56667	0.996578	-0.0158068	0.0811292	0.0176693	0.999595	-0.0222905	-0.080744	0.0236478	0.996454
1.6	0.996583	-0.0166059	0.0809096	0.0184967	0.999572	-0.0226754	-0.0804984	0.0240945	0.996463
1.63333	0.996527	-0.0175672	0.0813983	0.0195303	0.999536	-0.023385	-0.0809497	0.0248935	0.996407
1.66667	0.9965	-0.0184217	0.0815428	0.020389	0.999519	-0.023359	-0.0810733	0.0249398	0.996396
1.7	0.99646	-0.0199992	0.0816588	0.0220076	0.999475	-0.0237696	-0.0811405	0.0254826	0.996377
1.73333	0.996432	-0.0206352	0.0818424	0.0226197	0.99947	-0.0233952	-0.0813163	0.025163	0.996371
1.76667	0.996452	-0.0211264	0.0814661	0.023069	0.99947	-0.0229788	-0.0809375	0.0247767	0.996411
1.8	0.996542	-0.0214836	0.0802684	0.0234281	0.999453	-0.0233622	-0.0797225	0.0251619	0.996499
1.83333	0.996657	-0.021996	0.0786846	0.0240049	0.999407	-0.0246757	-0.0780952	0.026482	0.996594
1.86667	0.996772	-0.0226492	0.0770217	0.0247319	0.999351	-0.0261947	-0.0763784	0.028015	0.996685
1.9	0.996829	-0.0234562	0.0760382	0.0256149	0.999292	-0.0275401	-0.0753384	0.0294004	0.996725
1.93333	0.996854	-0.0237257	0.0756248	0.025867	0.999288	-0.0274626	-0.0749194	0.0293324	0.996758
1.96667	0.996855	-0.024106	0.0754911	0.0261942	0.999298	-0.0267948	-0.0747922	0.0286879	0.996786
2	0.996864	-0.0244353	0.0752616	0.0263988	0.999334	-0.0252058	-0.0745955	0.0271136	0.996845
2.03333	0.996886	-0.0250423	0.0747775	0.0268106	0.999382	-0.0227384	-0.0741619	0.0246725	0.996941
2.06667	0.996866	-0.0259205	0.0747449	0.0275613	0.999399	-0.0210044	-0.0741555	0.0229986	0.996981
2.1	0.99684	-0.0267417	0.0747943	0.0283924	0.999374	-0.0210932	-0.0741834	0.0231502	0.996976
2.13333	0.996975	-0.0267586	0.0729669	0.0284891	0.999335	-0.0227791	-0.0723088	0.024789	0.997074
2.16667	0.997261	-0.0280299	0.0684482	0.0299028	0.999202	-0.0264937	-0.0676509	0.0284679	0.997303
2.2	0.997594	-0.0250323	0.0646474	0.026977	0.999204	-0.029386	-0.0638603	0.0310593	0.997475
2.23333	0.99764	-0.0245957	0.0641017	0.0268406	0.999048	-0.0343987	-0.0631946	0.0360381	0.99735
2.26667	0.997653	-0.0299563	0.0615681	0.032235	0.998819	-0.036358	-0.0604062	0.0382574	0.99744
2.3	0.997949	-0.0332253	0.0547233	0.0352061	0.998744	-0.0356394	-0.0534704	0.0374929	0.997865
2.33333	0.998301	-0.0353721	0.046296	0.0372941	0.998449	-0.0413315	-0.0447622	0.0429878	0.998072
2.36667	0.998502	-0.0363414	0.0409127	0.0381989	0.99823	-0.0455727	-0.0391841	0.0470673	0.998123
2.4	0.998342	-0.0388533	0.0424695	0.0410173	0.997839	-0.0513281	-0.0403834	0.052985	0.997778
2.43333	0.997632	-0.0468213	0.0503859	0.0494795	0.997375	-0.0528705	-0.0477782	0.0552384	0.997329
2.46667	0.996063	-0.0638926	0.0614501	0.0668012	0.996682	-0.0465028	-0.0582751	0.0504246	0.997026
2.5	0.994116	-0.0731954	0.0798549	0.0755531	0.996779	-0.0269105	-0.0776279	0.0327855	0.996443
2.53333	0.993035	-0.0629067	0.0996189	0.0638992	0.997933	-0.00680079	-0.0989852	0.013119	0.995002
2.56667	0.993707	-0.0357756	0.106146	0.0353329	0.999357	0.00604928	-0.106294	-0.00226078	0.994332
2.6	0.994221	0.00198806	0.107335	-0.00413668	0.999795	0.019799	-0.107274	-0.0201285	0.994026
2.63333	0.992579	0.0467351	0.112262	-0.0521529	0.997588	0.0458171	-0.10985	-0.0513319	0.992622
2.66667	0.988171	0.0918031	0.122838	-0.101992	0.991612	0.0793928	-0.11452	-0.0909823	0.989246
2.7	0.981749	0.129219	0.139542	-0.145217	0.983121	0.111288	-0.122806	-0.12952	0.983943
2.73333	0.973544	0.162577	0.160564	-0.184922	0.973341	0.135689	-0.134224	-0.161791	0.977654
2.76667	0.963621	0.19424	0.183592	-0.222815	0.963182	0.150447	-0.147609	-0.185881	0.971421
2.8	0.952454	0.224072	0.206453	-0.258485	0.952974	0.158195	-0.161297	-0.204038	0.965584
2.83333	0.940894	0.248747	0.229875	-0.290612	0.941489	0.170714	-0.17396	-0.227428	0.958131
2.86667	0.929661	0.273018	0.247371	-0.322671	0.927438	0.189057	-0.177806	-0.255578	0.950297
2.9	0.918003	0.303531	0.255226	-0.359321	0.908946	0.211437	-0.167809	-0.285808	0.94348
2.93333	0.902432	0.343761	0.259702	-0.400627	0.891296	0.212343	-0.158476	-0.295668	0.942054
2.96667	0.883193	0.392576	0.256621	-0.444841	0.874542	0.193113	-0.148614	-0.284712	0.947023
3	0.875374	0.424112	0.232053	-0.465603	0.868797	0.168538	-0.130128	-0.255579	0.957991
3.03333	0.889633	0.408934	0.203287	-0.439352	0.887853	0.1367	-0.124588	-0.210928	0.969529
3.06667	0.92403	0.338428	0.177861	-0.358581	0.928536	0.096129	-0.132617	-0.152604	0.979349
3.1	0.960662	0.232905	0.151274	-0.242429	0.968998	0.0476482	-0.135487	-0.0824472	0.987343
3.13333	0.984752	0.112868	0.132378	-0.113381	0.993545	-0.00367844	-0.131939	-0.0113868	0.991192
3.16667	0.990874	0.00641337	0.134637	0.00132145	0.998357	-0.0572814	-0.134784	0.0569366	0.989238
3.2	0.984474	-0.0750781	0.158666	0.0923771	0.990213	-0.104619	-0.149259	0.117652	0.981774
3.23333	0.970535	-0.13688	0.198306	0.166905	0.975468	-0.143544	-0.173792	0.172413	0.969572
3.26667	0.954943	-0.184857	0.23219	0.227582	0.958253	-0.173084	-0.190501	0.218128	0.957147
3.3	0.940877	-0.223177	0.254839	0.27589	0.941369	-0.19419	-0.196559	0.253017	0.947284
3.33333	0.926311	-0.26146	0.271268	0.321079	0.924533	-0.2053	-0.197118	0.27727	0.940354
3.36667	0.907579	-0.299913	0.293859	0.370221	0.90176	-0.223083	-0.198085	0.311258	0.929452
3.4	0.885382	-0.341243	0.315677	0.423464	0.872194	-0.24486	-0.191775	0.350473	0.916729
3.43333	0.858821	-0.40068	0.319189	0.483447	0.840003	-0.246319	-0.169425	0.365855	0.91512
3.46667	0.824268	-0.465953	0.321668	0.542512	0.812559	-0.21314	-0.162061	0.350193	0.922551
3.5	0.8156	-0.491946	0.304607	0.553022	0.817599	-0.160305	-0.170185	0.2992	0.938891
3.53333	0.82586	-0.485722	0.286409	0.531352	0.840371	-0.106967	-0.188734	0.240523	0.952118
3.56667	0.86375	-0.434525	0.255193	0.463069	0.884161	-0.0618601	-0.198752	0.171604	0.964909
3.6	0.913977	-0.342161	0.21811	0.355041	0.934601	-0.0216212	-0.196448	0.0971993	0.975685
3.63333	0.952329	-0.231388	0.198817	0.231964	0.972504	0.0207185	-0.198144	0.0263876	0.979818
3.66667	0.972229	-0.124749	0.19801	0.113803	0.991324	0.0657741	-0.204497	-0.0414134	0.977991
3.7	0.977542	-0.0282346	0.208843	0.00493851	0.993781	0.111239	-0.210685	-0.107709	0.971602
3.73333	0.973925	0.047138	0.221918	-0.082227	0.98501	0.15164	-0.211443	-0.165934	0.963202
3.76667	0.968036	0.0981854	0.230796	-0.141828	0.973232	0.180841	-0.206862	-0.207794	0.956049
3.8	0.96222	0.135134	0.236373	-0.183675	0.963015	0.197144	-0.20099	-0.233111	0.951453
3.83333	0.950747	0.176631	0.254718	-0.229879	0.953039	0.19716	-0.207932	-0.246003	0.946703
3.86667	0.93695	0.218875	0.272431	-0.276502	0.941041	0.194905	-0.213709	-0.257944	0.942228
3.9	0.922107	0.269334	0.277809	-0.331994	0.91949	0.21052	-0.198742	-0.286353	0.937285
3.93333	0.896896	0.34423	0.277638	-0.406543	0.888876	0.211242	-0.17407	-0.302334	0.937173
3.96667	0.860448	0.427289	0.277584	-0.482833	0.857789	0.176268	-0.162791	-0.285696	0.944392
4	0.860294	0.429985	0.273875	-0.477448	0.867887	0.13717	-0.178711	-0.248768	0.951933
4.03333	0.88785	0.386982	0.248933	-0.420489	0.902052	0.0974289	-0.186847	-0.191176	0.963608
4.06667	0.926806	0.309287	0.213007	-0.330563	0.941041	0.0719024	-0.178209	-0.137052	0.974401
4.1	0.961022	0.205413	0.185047	-0.21552	0.975834	0.0360515	-0.17317	-0.0745277	0.982068
4.13333	0.980162	0.0924614	0.17531	-0.0915291	0.995712	-0.0134137	-0.175799	-0.00289838	0.984422
4.16667	0.983325	-0.0123969	0.181436	0.0251996	0.997338	-0.0684291	-0.180105	0.0718601	0.981019
4.2	0.975706	-0.0920457	0.198808	0.119784	0.983943	-0.13232	-0.183436	0.15292	0.971065
4.23333	0.965432	-0.142426	0.218303	0.186412	0.962654	-0.196337	-0.182187	0.230244	0.955927
4.26667	0.95753	-0.173422	0.230349	0.230357	0.940599	-0.249417	-0.173412	0.291886	0.940601
4.3	0.947756	-0.202762	0.246265	0.270177	0.920661	-0.281758	-0.169596	0.333573	0.927344
4.33333	0.932127	-0.242748	0.268725	0.319009	0.901622	-0.292082	-0.171386	0.357983	0.917864
4.36667	0.918328	-0.282828	0.276915	0.36331	0.879947	-0.306102	-0.157096	0.381708	0.910835
4.4	0.892213	-0.352363	0.282481	0.432327	0.847244	-0.308658	-0.130571	0.397513	0.908259
4.43333	0.851981	-0.434402	0.292273	0.508642	0.819083	-0.265303	-0.124148	0.374696	0.918798
4.46667	0.84806	-0.44743	0.283901	0.511165	0.83196	-0.215761	-0.139657	0.328099	0.934263
4.5	0.868404	-0.418489	0.265974	0.470396	0.864946	-0.174917	-0.156853	0.277012	0.947978
4.53333	0.906053	-0.358784	0.224371	0.393865	0.90888	-0.137142	-0.154722	0.21263	0.964805
4.56667	0.946018	-0.270792	0.178107	0.29085	0.951755	-0.0978153	-0.143027	0.144337	0.979137
4.6	0.973005	-0.172241	0.153604	0.183302	0.981168	-0.0609137	-0.140219	0.0874252	0.986253
4.63333	0.986411	-0.0732602	0.14706	0.076929	0.996848	-0.0194088	-0.145175	0.0304583	0.988937
4.66667	0.988062	0.0118951	0.153594	-0.016542	0.999442	0.0290117	-0.153163	-0.0312061	0.987708
4.7	0.983557	0.0760311	0.163811	-0.0894235	0.993091	0.0759863	-0.156902	-0.0893855	0.983561
4.73333	0.975735	0.132323	0.174445	-0.154237	0.980882	0.118668	-0.155408	-0.142694	0.97749
4.76667	0.965399	0.178271	0.190326	-0.208651	0.965839	0.153686	-0.156427	-0.18808	0.969617
4.8	0.9547	0.215575	0.205123	-0.253859	0.949684	0.183456	-0.155253	-0.227217	0.961389
4.83333	0.94363	0.256799	0.208846	-0.299933	0.930257	0.211335	-0.14001	-0.262062	0.954841
4.86667	0.923904	0.319975	0.209802	-0.362694	0.907043	0.213838	-0.121877	-0.273659	0.954074
4.9	0.893906	0.391453	0.218396	-0.431217	0.88401	0.180494	-0.12241	-0.255521	0.959023
4.93333	0.887842	0.401202	0.225331	-0.437686	0.887448	0.144452	-0.142015	-0.226875	0.963514
4.96667	0.905576	0.365725	0.214889	-0.395187	0.911487	0.1141	-0.154139	-0.188247	0.969951
5	0.938842	0.289304	0.186758	-0.309433	0.946754	0.0889322	-0.151085	-0.141282	0.978372
5.03333	0.969005	0.18784	0.160456	-0.197551	0.979178	0.0467364	-0.148336	-0.076986	0.985936
5.06667	0.985235	0.0815717	0.150526	-0.0816047	0.996647	-0.00596817	-0.150508	-0.00640359	0.988588
5.1	0.987885	-0.00889481	0.154931	0.0180247	0.998176	-0.0576242	-0.154136	0.0597187	0.986243
5.13333	0.98256	-0.0785517	0.168541	0.0977729	0.989227	-0.108948	-0.158167	0.123527	0.979655
5.16667	0.976021	-0.122624	0.179853	0.152551	0.974711	-0.1633	-0.15528	0.186821	0.970044
5.2	0.969882	-0.150304	0.19167	0.190882	0.957825	-0.214789	-0.151303	0.244907	0.957668
5.23333	0.964326	-0.168709	0.203991	0.216773	0.945563	-0.242733	-0.151935	0.278294	0.948403
5.26667	0.95792	-0.195183	0.210457	0.247432	0.933147	-0.260796	-0.145484	0.301896	0.942175
5.3	0.945723	-0.23611	0.223293	0.2937	0.915093	-0.276305	-0.139095	0.326889	0.93477
5.33333	0.927008	-0.291319	0.236197	0.350064	0.898101	-0.266212	-0.134576	0.329465	0.934528
5.36667	0.900489	-0.353452	0.253359	0.41059	0.882982	-0.227503	-0.143301	0.308891	0.94024
5.4	0.897574	-0.357799	0.257566	0.410891	0.890672	-0.194608	-0.159776	0.280507	0.94646
5.43333	0.916223	-0.318196	0.243488	0.364611	0.914098	-0.177435	-0.166113	0.251348	0.953536
5.46667	0.944788	-0.250712	0.210997	0.283721	0.948043	-0.143937	-0.163947	0.195854	0.966831
5.5	0.968685	-0.166353	0.184323	0.186197	0.977806	-0.0960564	-0.164253	0.127369	0.978161
5.53333	0.980218	-0.0907739	0.17588	0.102444	0.993021	-0.0584312	-0.169348	0.0752931	0.982676
5.56667	0.984532	-0.0234734	0.173627	0.0290033	0.999147	-0.0293806	-0.17279	0.0339619	0.984373
5.6	0.985218	0.0276584	0.169056	-0.0289319	0.999569	0.00507349	-0.168843	-0.00988961	0.985593
