0	0.0797523	0.996768	0.0096962	0.0118884	0.00877537	-0.999891	-0.996744	0.0798589	-0.0111501
0.0333333	0.943673	0.228467	0.239343	-0.123357	0.914123	-0.386216	-0.307026	0.334937	0.890815
0.0666667	0.962081	0.157541	0.222668	-0.0722975	0.934425	-0.348744	-0.263008	0.319422	0.910382
0.1	0.96334	0.153127	0.22029	-0.0709028	0.937232	-0.341423	-0.258744	0.313287	0.91373
0.133333	0.963564	0.152102	0.22002	-0.0706437	0.938084	-0.339127	-0.257979	0.311228	0.91465
0.166667	0.963612	0.151828	0.22	-0.0706117	0.938378	-0.338319	-0.25781	0.310474	0.914954
0.2	0.963568	0.151835	0.220189	-0.0705397	0.938364	-0.338374	-0.257995	0.310514	0.914888
0.233333	0.963464	0.152103	0.22046	-0.0705342	0.938138	-0.339001	-0.258385	0.311065	0.91459
0.266667	0.9632	0.152407	0.221399	-0.0705965	0.938231	-0.338731	-0.259348	0.310636	0.914464
0.3	0.962888	0.152565	0.222644	-0.0703967	0.93832	-0.338527	-0.260558	0.31029	0.914237
0.333333	0.962926	0.151689	0.223078	-0.0694364	0.938438	-0.338397	-0.260676	0.310362	0.914179
0.366667	0.962775	0.151717	0.223709	-0.0693872	0.938609	-0.337932	-0.261245	0.30983	0.914197
0.4	0.962792	0.15154	0.223755	-0.0691542	0.938569	-0.338092	-0.261244	0.310039	0.914127
0.433333	0.962774	0.151432	0.22391	-0.0691014	0.938703	-0.337729	-0.261328	0.309684	0.914223
0.466667	0.962891	0.150851	0.223798	-0.0685166	0.938677	-0.337922	-0.26105	0.310048	0.914179
0.5	0.962971	0.150363	0.223781	-0.0680525	0.938718	-0.337902	-0.260875	0.310161	0.914191
0.533333	0.962921	0.15047	0.223926	-0.0680451	0.938638	-0.338124	-0.261063	0.31035	0.914073
0.566667	0.962602	0.151165	0.224825	-0.068601	0.938818	-0.337513	-0.26209	0.309467	0.914078
0.6	0.962648	0.15051	0.225068	-0.0680548	0.939075	-0.336907	-0.262064	0.309006	0.914242
0.633333	0.96229	0.150966	0.226291	-0.0683563	0.939375	-0.336008	-0.263298	0.307868	0.914271
0.666667	0.962088	0.15076	0.227286	-0.0679943	0.939609	-0.335429	-0.264129	0.307258	0.914236
0.7	0.961789	0.150687	0.228595	-0.0678554	0.940063	-0.334182	-0.265251	0.305901	0.914367
0.733333	0.961582	0.150538	0.229559	-0.0676542	0.940393	-0.333292	-0.266049	0.304957	0.91445
0.766667	0.961182	0.151183	0.23081	-0.0680455	0.940569	-0.332715	-0.267393	0.304094	0.914345
0.8	0.961368	0.150081	0.230752	-0.0670733	0.940745	-0.332414	-0.266968	0.304095	0.914469
0.833333	0.961308	0.14997	0.231076	-0.0669279	0.940837	-0.332183	-0.267223	0.303865	0.914472
0.866667	0.96117	0.150584	0.231252	-0.0673065	0.940612	-0.332745	-0.267625	0.30426	0.914223
0.9	0.961333	0.150469	0.230645	-0.067297	0.940498	-0.333069	-0.267038	0.304669	0.914258
0.933333	0.961467	0.151163	0.229631	-0.0681013	0.94019	-0.333773	-0.266351	0.305274	0.914257
0.966667	0.961588	0.151375	0.228985	-0.068273	0.939877	-0.33462	-0.265871	0.306133	0.914109
1	0.961885	0.150645	0.228218	-0.0680273	0.940161	-0.333872	-0.264858	0.305621	0.914574
1.03333	0.962211	0.149752	0.22743	-0.0673632	0.940148	-0.334042	-0.263841	0.306098	0.914709
1.06667	0.962583	0.146914	0.227704	-0.0645361	0.940389	-0.333921	-0.263189	0.306732	0.914684
1.1	0.964258	0.133617	0.228806	-0.0540285	0.944548	-0.323899	-0.259397	0.29996	0.918007
1.13333	0.9662	0.119656	0.228342	-0.0433066	0.948504	-0.313792	-0.25413	0.293297	0.921626
1.16667	0.967507	0.111423	0.22697	-0.0368704	0.950243	-0.30932	-0.250142	0.290901	0.923475
1.2	0.968328	0.107339	0.225431	-0.033997	0.951148	-0.306857	-0.247356	0.289474	0.924673
1.23333	0.969059	0.106649	0.222598	-0.0348456	0.951914	-0.304376	-0.244356	0.287202	0.926178
1.26667	0.970003	0.105636	0.218941	-0.0359545	0.953086	-0.300558	-0.240419	0.28367	0.928294
1.3	0.970344	0.10436	0.218042	-0.0361191	0.954476	-0.296094	-0.239016	0.279437	0.929939
1.33333	0.969461	0.104548	0.221847	-0.0348036	0.954078	-0.29753	-0.242765	0.280722	0.92858
1.36667	0.967867	0.104905	0.228534	-0.0314978	0.952241	-0.303717	-0.249481	0.28676	0.924948
1.4	0.966254	0.102143	0.236476	-0.0254861	0.951426	-0.30682	-0.256329	0.290439	0.921922
1.43333	0.96316	0.0953909	0.251443	-0.0173208	0.95504	-0.295969	-0.268371	0.280711	0.921509
1.46667	0.957165	0.0900278	0.275191	-0.0130861	0.962912	-0.269497	-0.289247	0.254352	0.922844
1.5	0.945747	0.0987443	0.309536	-0.0217404	0.969796	-0.242947	-0.324177	0.223037	0.919328
1.53333	0.936703	0.126152	0.326609	-0.0455771	0.96883	-0.243496	-0.347146	0.213197	0.913256
1.56667	0.932978	0.169003	0.317789	-0.0786423	0.957293	-0.278218	-0.351237	0.234579	0.906424
1.6	0.92852	0.214162	0.303292	-0.114258	0.942052	-0.31541	-0.353265	0.258211	0.899183
1.63333	0.919277	0.263335	0.29255	-0.153123	0.923951	-0.350525	-0.362607	0.277434	0.889689
1.66667	0.906372	0.308657	0.288481	-0.187169	0.90552	-0.380791	-0.378759	0.291143	0.878509
1.7	0.893276	0.340717	0.293206	-0.209837	0.892921	-0.398323	-0.397525	0.294287	0.86912
1.73333	0.880206	0.363966	0.304574	-0.224421	0.88468	-0.408626	-0.418177	0.291323	0.860383
1.76667	0.863628	0.389593	0.319944	-0.236182	0.873369	-0.425963	-0.445382	0.292308	0.846281
1.8	0.848319	0.402021	0.344578	-0.234383	0.868664	-0.436448	-0.474784	0.289484	0.831131
1.83333	0.831948	0.402195	0.382231	-0.222384	0.872838	-0.434395	-0.508338	0.276392	0.815598
1.86667	0.809627	0.406086	0.423791	-0.214102	0.876606	-0.430955	-0.546502	0.258178	0.796667
1.9	0.78292	0.41937	0.459527	-0.214466	0.875303	-0.433415	-0.583986	0.240776	0.775233
1.93333	0.759298	0.435057	0.483934	-0.218395	0.870898	-0.440274	-0.613001	0.22861	0.756285
1.96667	0.746089	0.451534	0.489354	-0.216466	0.859498	-0.463039	-0.629677	0.23954	0.739004
2	0.749967	0.460413	0.474941	-0.186166	0.835894	-0.516355	-0.634738	0.298831	0.712606
2.03333	0.791658	0.45503	0.407706	-0.103312	0.757407	-0.644717	-0.602166	0.468275	0.646618
2.06667	0.896243	0.3886	0.213865	-0.0239502	0.523845	-0.851477	-0.442916	0.758008	0.478799
2.1	0.968511	0.233122	0.087413	-0.0026505	0.36073	-0.932666	-0.248958	0.903066	0.349989
2.13333	0.993143	0.0735545	0.0908669	0.0625788	0.322047	-0.944653	-0.0987468	0.943862	0.315235
2.16667	0.988071	-0.0664342	0.138931	0.152957	0.318644	-0.935452	0.0178766	0.945544	0.325004
2.2	0.965592	-0.174879	0.192481	0.241972	0.332935	-0.911375	0.0952967	0.926591	0.363795
2.23333	0.945263	-0.23798	0.223258	0.306856	0.415575	-0.856234	0.110986	0.877874	0.465853
2.26667	0.956284	-0.223156	0.189006	0.291601	0.678683	-0.67406	0.022145	0.699707	0.714086
2.3	0.990738	-0.120492	0.0626076	0.135786	0.878298	-0.458427	0.000248547	0.462683	0.886524
2.33333	0.998541	-0.0360258	-0.0402351	0.0165141	0.912994	-0.407638	0.0514199	0.406379	0.912257
2.36667	0.996514	-0.0217552	-0.080542	-0.0164108	0.895426	-0.444907	0.0817985	0.444678	0.891947
2.4	0.997202	-0.0420121	-0.0618331	0.00900896	0.88865	-0.458497	0.0742104	0.456657	0.886542
2.43333	0.995616	-0.0935159	-0.00173883	0.0840966	0.903162	-0.420983	0.040939	0.418991	0.907067
2.46667	0.990284	-0.12819	0.0539019	0.139033	0.904845	-0.4024	0.00281075	0.405985	0.913876
2.5	0.979997	-0.180981	0.0827718	0.198725	0.912199	-0.358332	-0.0106531	0.367613	0.929918
2.53333	0.96739	-0.223799	0.118622	0.248079	0.931682	-0.265379	-0.0511267	0.286153	0.956819
2.56667	0.968609	-0.170847	0.180574	0.209267	0.952477	-0.221349	-0.134176	0.252188	0.958331
2.6	0.968272	-0.0980133	0.229875	0.152374	0.960652	-0.232226	-0.198069	0.259885	0.945108
2.63333	0.964557	-0.00330913	0.263853	0.0766868	0.960279	-0.268297	-0.252485	0.279022	0.926498
2.66667	0.950911	0.0760265	0.299982	0.011227	0.96024	-0.278949	-0.309262	0.268623	0.912249
2.7	0.928549	0.15249	0.338443	-0.0521255	0.956258	-0.287843	-0.367532	0.249635	0.895881
2.73333	0.90069	0.218446	0.375551	-0.0963553	0.943315	-0.317605	-0.423642	0.249878	0.870683
2.76667	0.876172	0.242526	0.416538	-0.101873	0.937844	-0.331768	-0.47111	0.248251	0.84642
2.8	0.850115	0.242763	0.467302	-0.0931839	0.942744	-0.320235	-0.518287	0.228691	0.824063
2.83333	0.8158	0.251648	0.520715	-0.0919512	0.945356	-0.312806	-0.570978	0.207306	0.79436
2.86667	0.776312	0.271642	0.568815	-0.1044	0.945326	-0.308964	-0.621644	0.180468	0.762227
2.9	0.742701	0.283718	0.606547	-0.111134	0.945468	-0.30617	-0.660337	0.159985	0.73373
2.93333	0.71774	0.33008	0.613104	-0.0959717	0.918994	-0.382413	-0.689666	0.215633	0.691277
2.96667	0.76194	0.417936	0.494749	-0.0249107	0.782265	-0.622448	-0.647168	0.461944	0.60645
3	0.904589	0.381381	0.190438	0.00939255	0.4288	-0.903351	-0.42618	0.81895	0.384306
3.03333	0.970806	0.235032	0.0479119	-0.0180369	0.270708	-0.962492	-0.239187	0.933529	0.267044
3.06667	0.997176	0.0700858	0.0269725	0.0111719	0.216725	-0.976169	-0.0742612	0.973714	0.21533
3.1	0.995468	-0.0698206	0.0645622	0.0769883	0.193193	-0.978136	0.0558211	0.978673	0.197692
3.13333	0.978701	-0.160715	0.127731	0.158844	0.19868	-0.967107	0.130051	0.966797	0.219977
3.16667	0.962315	-0.200142	0.184097	0.2388	0.29809	-0.924185	0.130091	0.93332	0.33465
3.2	0.968249	-0.171532	0.181855	0.249309	0.608935	-0.753023	0.0184299	0.774451	0.632365
3.23333	0.996485	-0.0583147	0.0601484	0.0809608	0.854884	-0.512464	-0.0215358	0.515532	0.8566
3.26667	0.998646	0.0170176	-0.049154	-0.0382844	0.880185	-0.473084	0.0352138	0.474326	0.879645
3.3	0.998186	-0.000969433	-0.0602034	-0.0275048	0.88211	-0.47024	0.0535619	0.471043	0.880483
3.33333	0.9981	-0.0615658	-0.00248601	0.0553048	0.912925	-0.404363	0.0271644	0.403457	0.914595
3.36667	0.987301	-0.149371	0.0540805	0.158797	0.918351	-0.362513	0.0044841	0.366497	0.930408
3.4	0.977431	-0.189091	0.0941978	0.209157	0.928882	-0.305667	-0.0296996	0.31847	0.947467
3.43333	0.972317	-0.174246	0.155688	0.207073	0.951242	-0.228605	-0.108263	0.254515	0.96099
3.46667	0.966729	-0.116393	0.227787	0.167709	0.960787	-0.220821	-0.193153	0.251676	0.948341
3.5	0.963176	-0.0367	0.266355	0.104387	0.963975	-0.244654	-0.247781	0.263448	0.932309
3.53333	0.952018	0.0540034	0.301239	0.0345906	0.959013	-0.281241	-0.30408	0.278167	0.91113
3.56667	0.930345	0.125633	0.344492	-0.0231642	0.957735	-0.286719	-0.365954	0.258768	0.893934
3.6	0.902213	0.182574	0.39074	-0.064378	0.95284	-0.296567	-0.426458	0.242412	0.871419
3.63333	0.87316	0.207388	0.441115	-0.0790316	0.953233	-0.29172	-0.480984	0.219856	0.848715
3.66667	0.84561	0.212179	0.48982	-0.0688825	0.953309	-0.294036	-0.529338	0.2149	0.820743
3.7	0.814589	0.222988	0.535464	-0.0592943	0.950328	-0.305551	-0.577	0.217148	0.787348
3.73333	0.775923	0.238013	0.584203	-0.0631161	0.950734	-0.303514	-0.627662	0.198631	0.752719
3.76667	0.738943	0.271661	0.616574	-0.055343	0.936494	-0.346289	-0.671491	0.221765	0.70705
3.8	0.750499	0.371957	0.546259	0.0113636	0.819189	-0.573411	-0.660774	0.436552	0.610574
3.83333	0.896575	0.377854	0.231041	0.0474356	0.436738	-0.898337	-0.440345	0.816386	0.373644
3.86667	0.968558	0.240645	0.0631264	-0.00296526	0.264885	-0.964275	-0.248769	0.93377	0.25727
3.9	0.994881	0.0906294	0.044709	0.0225541	0.232126	-0.972424	-0.0985084	0.968454	0.228893
3.93333	0.996346	-0.038054	0.0764673	0.0830993	0.224923	-0.970827	0.0197446	0.973633	0.227263
3.96667	0.984769	-0.119755	0.126053	0.151609	0.236512	-0.959727	0.0851187	0.96422	0.251066
4	0.972301	-0.150039	0.179216	0.22121	0.343118	-0.912873	0.0754748	0.927231	0.366804
4.03333	0.977655	-0.109885	0.179211	0.208082	0.627039	-0.750682	-0.0298832	0.771199	0.635893
4.06667	0.997522	0.000641556	0.0703511	0.0370041	0.845684	-0.532399	-0.0598364	0.533684	0.843565
4.1	0.997462	0.0654015	-0.0281377	-0.0708793	0.874844	-0.47919	-0.0067237	0.479969	0.87726
4.13333	0.997145	0.0577693	-0.0486181	-0.0742379	0.86759	-0.491708	0.013775	0.493913	0.869402
4.16667	0.999946	0.00770464	0.00703663	-0.0038831	0.900709	-0.434405	-0.00968489	0.434354	0.90069
4.2	0.996311	-0.0552283	0.0656825	0.0776885	0.905596	-0.416966	-0.0364535	0.42053	0.906546
4.23333	0.988482	-0.0946935	0.118049	0.131268	0.924659	-0.357454	-0.0753063	0.368834	0.92644
4.26667	0.977399	-0.104744	0.183631	0.154311	0.947206	-0.281049	-0.144498	0.303033	0.941961
4.3	0.964207	-0.0707358	0.255542	0.137515	0.957418	-0.253849	-0.226705	0.279904	0.932877
4.33333	0.95239	-0.0285601	0.303543	0.108939	0.961755	-0.251314	-0.284757	0.272417	0.919077
4.36667	0.94096	0.0173641	0.338071	0.0748108	0.963324	-0.257701	-0.330147	0.267778	0.905151
4.4	0.92283	0.0571187	0.38095	0.045017	0.966178	-0.253918	-0.382569	0.251472	0.889046
4.43333	0.900728	0.102768	0.422051	0.0144313	0.963995	-0.265528	-0.434143	0.245259	0.866815
4.46667	0.881544	0.122099	0.456039	-0.00179388	0.966836	-0.255392	-0.472098	0.224321	0.852528
4.5	0.86527	0.108684	0.489382	0.00508154	0.974264	-0.225354	-0.50128	0.197479	0.842449
4.53333	0.848097	0.118702	0.516373	-0.00730172	0.977107	-0.212621	-0.529791	0.176553	0.829549
4.56667	0.822919	0.148443	0.548424	-0.0386034	0.977644	-0.206695	-0.566846	0.148922	0.810252
4.6	0.798455	0.15451	0.58189	-0.0515739	0.980508	-0.189587	-0.599841	0.121366	0.790861
4.63333	0.769341	0.186902	0.610886	-0.0622128	0.97362	-0.219532	-0.635801	0.13089	0.760674
4.66667	0.753343	0.241647	0.611622	-0.0595462	0.951287	-0.302502	-0.654927	0.191468	0.731034
