0	0.96308	-0.269216	0	0.269216	0.96308	0	0	0	1
0.0333333	0.976631	-0.178583	-0.119581	0.175634	0.983839	-0.0348433	0.123871	0.0130265	0.992213
0.0666667	0.979661	0.0224903	-0.199394	-0.0313542	0.99865	-0.0414082	0.198193	0.0468178	0.979044
0.1	0.952063	0.189395	-0.24022	-0.203896	0.978301	-0.0367824	0.228041	0.083999	0.970021
0.133333	0.911471	0.320739	-0.257581	-0.339777	0.939966	-0.0318851	0.231891	0.116582	0.96573
0.166667	0.869112	0.416525	-0.266741	-0.438981	0.898061	-0.0279614	0.227904	0.141396	0.963362
0.2	0.829896	0.48902	-0.268575	-0.513954	0.857393	-0.0269792	0.217081	0.160425	0.962881
0.233333	0.798275	0.538316	-0.270137	-0.56494	0.824723	-0.0259714	0.208807	0.173343	0.962472
0.266667	0.773402	0.571698	-0.273881	-0.59957	0.799986	-0.0232151	0.205829	0.182165	0.961483
0.3	0.753579	0.594658	-0.280179	-0.623524	0.781593	-0.018182	0.208174	0.1884	0.959776
0.333333	0.737338	0.611304	-0.287472	-0.640969	0.767473	-0.0120045	0.213288	0.193112	0.957714
0.366667	0.725173	0.62246	-0.294393	-0.652687	0.757605	-0.00588488	0.21937	0.196414	0.955666
0.4	0.71722	0.628664	-0.300626	-0.659206	0.751963	-0.00021228	0.225926	0.198327	0.953742
0.433333	0.714065	0.629891	-0.305531	-0.660479	0.750832	0.00431405	0.23212	0.198716	0.952172
0.466667	0.712145	0.630784	-0.308157	-0.661397	0.750005	0.0067515	0.235378	0.199006	0.951312
0.5	0.710683	0.631693	-0.309668	-0.662338	0.749161	0.008159	0.237145	0.199306	0.95081
0.533333	0.709139	0.632045	-0.312475	-0.662672	0.748832	0.0107806	0.240805	0.199424	0.949865
0.566667	0.708409	0.63092	-0.316379	-0.661414	0.749882	0.0144273	0.24635	0.199037	0.948523
0.6	0.708236	0.628948	-0.320664	-0.659224	0.751721	0.018421	0.252636	0.198343	0.947014
0.633333	0.708751	0.626441	-0.324412	-0.656454	0.754048	0.0219001	0.258341	0.19744	0.945662
0.666667	0.709936	0.623855	-0.326797	-0.653622	0.756437	0.0241018	0.262237	0.196491	0.944787
0.7	0.711664	0.621912	-0.326742	-0.651554	0.758221	0.0240515	0.2627	0.195774	0.944807
0.733333	0.713844	0.620691	-0.324298	-0.650334	0.759335	0.0218192	0.259794	0.195327	0.945703
0.766667	0.717236	0.619406	-0.319232	-0.649107	0.760502	0.0172185	0.253442	0.194866	0.94752
0.8	0.721407	0.618249	-0.311994	-0.648023	0.761545	0.0106929	0.244208	0.194465	0.950024
0.833333	0.72618	0.616991	-0.30329	-0.646781	0.76267	0.00290786	0.233104	0.19405	0.952894
0.866667	0.730034	0.616923	-0.294034	-0.646694	0.762731	-0.00531397	0.22099	0.194029	0.95578
0.9	0.733094	0.61724	-0.285638	-0.64692	0.762451	-0.0127368	0.209923	0.194122	0.958253
0.933333	0.735812	0.616979	-0.279138	-0.646512	0.762681	-0.0184605	0.201503	0.194049	0.960074
0.966667	0.734867	0.620784	-0.273126	-0.650277	0.759326	-0.0237607	0.192641	0.195068	0.961685
1	0.736065	0.620367	-0.270837	-0.649769	0.759694	-0.0257839	0.189758	0.19496	0.96228
1.03333	0.736419	0.620553	-0.269444	-0.649911	0.75953	-0.0270132	0.187888	0.195008	0.962637
1.06667	0.736174	0.621012	-0.269058	-0.65037	0.759125	-0.0273545	0.187261	0.195125	0.962736
1.1	0.735335	0.622028	-0.269005	-0.651415	0.758226	-0.027401	0.186923	0.195383	0.962749
1.13333	0.734697	0.622501	-0.269653	-0.651927	0.757807	-0.0268263	0.187645	0.195503	0.962584
1.16667	0.73401	0.62273	-0.270993	-0.652211	0.757603	-0.0256366	0.18934	0.195562	0.96224
1.2	0.733234	0.622692	-0.273169	-0.652246	0.757637	-0.0237016	0.192204	0.195552	0.961674
1.23333	0.732449	0.622246	-0.276276	-0.651879	0.758034	-0.0209374	0.196398	0.195434	0.96085
1.26667	0.731319	0.621982	-0.27984	-0.651699	0.758269	-0.0177628	0.201146	0.195362	0.959882
1.3	0.730589	0.621073	-0.283739	-0.650842	0.759079	-0.0142887	0.206506	0.195109	0.958795
1.33333	0.729724	0.62035	-0.287522	-0.650155	0.759723	-0.0109185	0.211664	0.194902	0.957712
1.36667	0.728954	0.619578	-0.291117	-0.649396	0.760411	-0.0077164	0.216587	0.194675	0.956656
1.4	0.728339	0.618985	-0.293903	-0.648803	0.760939	-0.00523454	0.220402	0.194497	0.955821
1.43333	0.727709	0.618635	-0.296195	-0.648449	0.761251	-0.00319252	0.223504	0.19439	0.955122
1.46667	0.72758	0.618108	-0.297607	-0.647903	0.76172	-0.00193484	0.225497	0.194228	0.954687
1.5	0.728037	0.617292	-0.298183	-0.647049	0.762447	-0.00142213	0.226471	0.193975	0.954508
1.53333	0.728444	0.616672	-0.29847	-0.646401	0.762997	-0.00116736	0.227012	0.193782	0.954418
1.56667	0.728509	0.616414	-0.298844	-0.646131	0.763226	-0.000835553	0.22757	0.193701	0.954302
1.6	0.728035	0.616562	-0.299692	-0.646287	0.763094	-8.28638e-05	0.228642	0.193748	0.954036
1.63333	0.727234	0.616882	-0.300978	-0.646622	0.76281	0.00105957	0.230243	0.193848	0.95363
1.66667	0.726175	0.617432	-0.302402	-0.647195	0.762321	0.00232727	0.231964	0.194023	0.953178
1.7	0.725407	0.617988	-0.303111	-0.647776	0.761825	0.00296002	0.232747	0.194201	0.952951
1.73333	0.724849	0.618589	-0.303219	-0.648407	0.761287	0.00305613	0.232727	0.194394	0.952916
1.76667	0.724992	0.618958	-0.302124	-0.648798	0.760958	0.00207653	0.231189	0.194512	0.953266
1.8	0.725515	0.619114	-0.300543	-0.648965	0.760818	0.000662082	0.229068	0.194562	0.953768
1.83333	0.7255	0.619697	-0.299375	-0.649577	0.760296	-0.000383059	0.227376	0.194745	0.954135
1.86667	0.724592	0.620496	-0.299918	-0.650414	0.75958	0.000104206	0.227877	0.194996	0.953965
1.9	0.722018	0.62184	-0.303323	-0.651816	0.75837	0.00317067	0.232003	0.195422	0.952882
1.93333	0.717027	0.624593	-0.309445	-0.654662	0.755871	0.00873078	0.239354	0.196322	0.950877
1.96667	0.710181	0.628246	-0.317726	-0.658377	0.752511	0.0163512	0.249365	0.197571	0.948041
2	0.702478	0.631726	-0.327792	-0.661777	0.749259	0.0257568	0.261872	0.198831	0.944399
2.03333	0.693601	0.63546	-0.339277	-0.665262	0.745709	0.0366711	0.276305	0.200273	0.939972
2.06667	0.682579	0.640144	-0.352564	-0.669491	0.741165	0.0495568	0.293032	0.202212	0.934474
2.1	0.668386	0.646397	-0.36801	-0.675015	0.734942	0.0649266	0.312435	0.205017	0.927552
2.13333	0.647101	0.657042	-0.386724	-0.6847	0.723937	0.0842658	0.33533	0.210262	0.918337
2.16667	0.618246	0.668239	-0.413798	-0.69317	0.711744	0.113739	0.370523	0.216513	0.903236
2.2	0.583594	0.679451	-0.444708	-0.699554	0.698752	0.149565	0.412362	0.223812	0.8831
2.23333	0.554211	0.686993	-0.469989	-0.701396	0.689476	0.180736	0.448211	0.229483	0.86397
2.26667	0.549276	0.680166	-0.485459	-0.68747	0.69807	0.200207	0.475058	0.22377	0.851027
2.3	0.569776	0.662943	-0.485657	-0.665602	0.71889	0.200428	0.482006	0.209055	0.850862
2.33333	0.609651	0.640005	-0.467675	-0.64291	0.744357	0.180556	0.463674	0.190597	0.865263
2.36667	0.65989	0.612012	-0.435874	-0.617697	0.772165	0.149038	0.42778	0.170889	0.887582
2.4	0.702387	0.587029	-0.402553	-0.595534	0.794413	0.11936	0.389862	0.155897	0.907581
2.43333	0.731614	0.566754	-0.378855	-0.576464	0.810982	0.0999815	0.363909	0.145248	0.92004
2.46667	0.745307	0.548024	-0.379719	-0.555591	0.825341	0.100654	0.368558	0.13595	0.91961
2.5	0.739209	0.538375	-0.404627	-0.541124	0.832471	0.119067	0.400943	0.130938	0.906697
2.53333	0.70986	0.545584	-0.445462	-0.541802	0.827086	0.149601	0.450055	0.135156	0.882714
2.56667	0.657763	0.571699	-0.490417	-0.561953	0.806011	0.185892	0.501555	0.153318	0.851432
2.6	0.599294	0.604306	-0.525034	-0.591873	0.776083	0.217674	0.539012	0.180303	0.822774
2.63333	0.550942	0.632754	-0.544137	-0.621926	0.746073	0.237874	0.556482	0.207358	0.804569
2.66667	0.516373	0.65644	-0.54995	-0.651724	0.717831	0.244897	0.555531	0.231957	0.798487
2.7	0.501097	0.672877	-0.544186	-0.67725	0.696385	0.237444	0.538734	0.249567	0.804663
2.73333	0.516975	0.673997	-0.527698	-0.68611	0.694888	0.21537	0.511849	0.250718	0.821676
2.76667	0.56458	0.656893	-0.499741	-0.67399	0.71641	0.180262	0.476432	0.235048	0.84721
2.8	0.622064	0.631599	-0.46273	-0.652738	0.744722	0.139001	0.432398	0.215574	0.875534
2.83333	0.665884	0.615606	-0.421459	-0.641571	0.760823	0.0976491	0.380769	0.205373	0.901575
2.86667	0.69975	0.607442	-0.375984	-0.637496	0.76848	0.0551097	0.322413	0.201125	0.924986
2.9	0.727791	0.603967	-0.324876	-0.636075	0.771569	0.00945717	0.256376	0.199763	0.945709
2.93333	0.73285	0.616812	-0.287182	-0.649197	0.760248	-0.0237975	0.203651	0.203878	0.95758
2.96667	0.701304	0.655319	-0.28059	-0.688806	0.724327	-0.0299285	0.183626	0.214261	0.959361
3	0.649571	0.705914	-0.282388	-0.74114	0.670765	-0.0280487	0.169616	0.227509	0.95889
3.03333	0.609543	0.748433	-0.261352	-0.78333	0.619306	-0.053432	0.121867	0.237294	0.963763
3.06667	0.606902	0.765039	-0.215371	-0.793649	0.597798	-0.112957	0.0423317	0.239483	0.969977
3.1	0.638513	0.752811	-0.159928	-0.768602	0.613118	-0.182588	-0.0393996	0.239506	0.970095
3.13333	0.693646	0.712363	-0.106741	-0.713053	0.658081	-0.241837	-0.102032	0.243861	0.964428
3.16667	0.751452	0.656455	-0.0662391	-0.645478	0.710643	-0.279903	-0.136671	0.253089	0.95774
3.2	0.806696	0.589216	-0.0454516	-0.574199	0.763297	-0.296097	-0.139772	0.264958	0.954076
3.23333	0.84922	0.525595	-0.0507405	-0.515828	0.805197	-0.29254	-0.112901	0.274604	0.954906
3.26667	0.870035	0.485344	-0.0864839	-0.489308	0.828751	-0.271568	-0.0601302	0.278591	0.958526
3.3	0.870236	0.470931	-0.144616	-0.49256	0.836907	-0.238689	0.00862385	0.278947	0.960268
3.33333	0.851691	0.477355	-0.216229	-0.516888	0.833172	-0.196599	0.0863087	0.279208	0.956344
3.36667	0.816796	0.493523	-0.298796	-0.549758	0.822873	-0.143686	0.174959	0.281627	0.943438
3.4	0.766688	0.517352	-0.38018	-0.586003	0.805818	-0.0851963	0.262279	0.288105	0.92098
3.43333	0.701913	0.549384	-0.453317	-0.62602	0.779414	-0.0247376	0.339731	0.301149	0.891006
3.46667	0.61553	0.595528	-0.516207	-0.678389	0.733742	0.0375712	0.401137	0.327063	0.855639
3.5	0.525039	0.645684	-0.55446	-0.736157	0.67147	0.0848509	0.42709	0.36362	0.827873
3.53333	0.470653	0.679135	-0.563259	-0.777955	0.620596	0.0982168	0.416259	0.391964	0.820422
3.56667	0.448761	0.697049	-0.559228	-0.802328	0.589848	0.0913749	0.393552	0.407678	0.823963
3.6	0.461512	0.695975	-0.550115	-0.802596	0.591749	0.0753192	0.37795	0.406759	0.831686
3.63333	0.497899	0.677195	-0.54176	-0.780072	0.622669	0.0614129	0.378926	0.392034	0.838287
3.66667	0.553227	0.645567	-0.526482	-0.742726	0.668448	0.0391879	0.377224	0.369352	0.849283
3.7	0.61587	0.609601	-0.49909	-0.701293	0.712853	0.0053111	0.359016	0.346738	0.866534
3.73333	0.682474	0.570595	-0.456783	-0.656156	0.753619	-0.0389646	0.322008	0.326313	0.888724
3.76667	0.739012	0.53671	-0.40719	-0.615243	0.78392	-0.0833373	0.274477	0.312108	0.909533
3.8	0.77438	0.516165	-0.365937	-0.588291	0.80027	-0.116112	0.232915	0.305192	0.923368
3.83333	0.786804	0.515331	-0.339667	-0.583191	0.800904	-0.135799	0.202059	0.304938	0.930691
3.86667	0.782782	0.536081	-0.316022	-0.599798	0.785268	-0.153609	0.165816	0.309792	0.936234
3.9	0.768051	0.575155	-0.281593	-0.631162	0.754248	-0.180954	0.108314	0.316713	0.942317
3.93333	0.744284	0.626533	-0.231293	-0.667439	0.71012	-0.224176	0.0237925	0.321225	0.946704
3.96667	0.728901	0.661317	-0.177094	-0.681893	0.678231	-0.273906	-0.0610282	0.32041	0.945311
4	0.739532	0.660514	-0.129668	-0.662057	0.678968	-0.317305	-0.121544	0.320505	0.939417
4.03333	0.773896	0.626907	-0.0898442	-0.613713	0.707342	-0.350747	-0.156335	0.32658	0.93215
4.06667	0.817167	0.572033	-0.0708313	-0.555	0.747689	-0.364603	-0.155605	0.337253	0.928465
4.1	0.844812	0.527807	-0.0878206	-0.521797	0.776374	-0.353512	-0.118404	0.344476	0.931298
4.13333	0.851343	0.5066	-0.136275	-0.521573	0.789452	-0.323615	-0.056361	0.346585	0.936324
4.16667	0.840548	0.499247	-0.210316	-0.540974	0.79413	-0.276955	0.0287493	0.346569	0.937584
4.2	0.813131	0.498295	-0.300864	-0.567042	0.794836	-0.216099	0.131456	0.34632	0.928861
4.23333	0.76914	0.502139	-0.395323	-0.592538	0.792059	-0.146767	0.239422	0.347129	0.906741
4.26667	0.700994	0.521981	-0.485946	-0.627133	0.775622	-0.0715235	0.339576	0.35489	0.871057
4.3	0.616814	0.557442	-0.555697	-0.671856	0.740676	-0.00274719	0.41006	0.375043	0.831381
4.33333	0.537446	0.597002	-0.595601	-0.71954	0.69297	0.0453166	0.439788	0.404204	0.802001
4.36667	0.495051	0.616915	-0.611834	-0.743887	0.664794	0.0684175	0.448951	0.421265	0.788022
4.4	0.501263	0.615471	-0.608219	-0.742448	0.666934	0.0629985	0.444416	0.419992	0.791266
4.43333	0.557568	0.588407	-0.585572	-0.709482	0.704003	0.0318599	0.430991	0.397689	0.809994
4.46667	0.641065	0.536079	-0.549231	-0.646083	0.763212	-0.00917501	0.414261	0.36073	0.83562
4.5	0.722828	0.481526	-0.495634	-0.580386	0.812328	-0.057223	0.375063	0.329021	0.866645
4.53333	0.78655	0.443565	-0.429638	-0.531682	0.840307	-0.105819	0.31409	0.311663	0.896779
4.56667	0.830382	0.425562	-0.359671	-0.50176	0.8518	-0.150579	0.242287	0.305507	0.920849
4.6	0.851752	0.432881	-0.295184	-0.496151	0.847441	-0.188888	0.168385	0.307342	0.936583
4.63333	0.840295	0.477126	-0.257402	-0.530819	0.820591	-0.211807	0.110163	0.314615	0.942805
4.66667	0.811793	0.535839	-0.232097	-0.580987	0.7811	-0.228772	0.0587063	0.32056	0.945407
4.7	0.763751	0.610954	-0.208372	-0.645511	0.722687	-0.247061	-0.000355264	0.323199	0.946331
4.73333	0.699133	0.688928	-0.191288	-0.712751	0.650374	-0.262678	-0.0565572	0.319987	0.945732
4.76667	0.645527	0.743799	-0.173374	-0.756138	0.590476	-0.282122	-0.107469	0.313212	0.943583
4.8	0.633852	0.75762	-0.155702	-0.760636	0.57409	-0.303073	-0.140227	0.310537	0.940161
4.83333	0.665096	0.733667	-0.139211	-0.731032	0.60162	-0.321941	-0.152445	0.31589	0.936469
4.86667	0.726547	0.676249	-0.121725	-0.670717	0.659516	-0.339377	-0.149224	0.328217	0.932741
4.9	0.787418	0.604043	-0.122903	-0.605454	0.72044	-0.33822	-0.115756	0.340732	0.933007
4.93333	0.814398	0.559078	-0.155526	-0.577366	0.753679	-0.314033	-0.0583523	0.345543	0.936587
4.96667	0.813179	0.543588	-0.207971	-0.581949	0.764735	-0.276616	0.00867788	0.345966	0.938207
5	0.791497	0.544818	-0.276959	-0.604706	0.763848	-0.225537	0.0886777	0.345991	0.934038
5.03333	0.751978	0.550858	-0.362055	-0.631753	0.759051	-0.157256	0.188192	0.346983	0.918796
5.06667	0.682547	0.56527	-0.463249	-0.66257	0.746103	-0.0658083	0.308432	0.351852	0.883781
5.1	0.573369	0.592563	-0.565789	-0.696123	0.716513	0.0449689	0.432042	0.368075	0.823323
5.13333	0.480751	0.625913	-0.614094	-0.733499	0.670813	0.109496	0.480477	0.397797	0.781601
5.16667	0.51094	0.633609	-0.580931	-0.75017	0.658645	0.0585816	0.419745	0.405865	0.811842
5.2	0.582127	0.624914	-0.520203	-0.74159	0.670406	-0.0245157	0.333427	0.400048	0.853691
