0	0.0797523	0.996768	0.0096962	0.0118884	0.00877537	-0.999891	-0.996744	0.0798589	-0.0111501
0.0333333	0.933926	0.226615	0.276456	-0.113693	0.921523	-0.371308	-0.338905	0.315343	0.886399
0.0666667	0.952084	0.160016	0.260634	-0.0682217	0.94185	-0.329035	-0.298129	0.295489	0.907637
0.1	0.953585	0.158517	0.256025	-0.0696276	0.943257	-0.324681	-0.292965	0.291784	0.910513
0.133333	0.953698	0.158667	0.255509	-0.0714125	0.944692	-0.32009	-0.292165	0.287023	0.912281
0.166667	0.953153	0.158104	0.257881	-0.0715366	0.946166	-0.315678	-0.293908	0.282441	0.913151
0.2	0.952391	0.156936	0.261385	-0.0706014	0.947562	-0.311674	-0.296591	0.278382	0.91353
0.233333	0.951583	0.15678	0.264404	-0.069661	0.947763	-0.311274	-0.299394	0.277785	0.912797
0.266667	0.95075	0.158193	0.266551	-0.069822	0.947159	-0.313074	-0.301992	0.279044	0.911556
0.3	0.950462	0.158705	0.267271	-0.0705278	0.947518	-0.311826	-0.302732	0.277529	0.911774
0.333333	0.950258	0.158971	0.267838	-0.0711441	0.947989	-0.310252	-0.303229	0.275764	0.912144
0.366667	0.949995	0.158885	0.26882	-0.0710979	0.948321	-0.309244	-0.304062	0.274668	0.912197
0.4	0.950054	0.158901	0.268604	-0.0709903	0.948144	-0.309811	-0.303904	0.275269	0.912069
0.433333	0.949998	0.160042	0.268124	-0.0718667	0.947678	-0.311032	-0.303874	0.276211	0.911794
0.466667	0.949948	0.161416	0.267476	-0.0735072	0.947626	-0.310809	-0.303636	0.275591	0.912061
0.5	0.949565	0.163279	0.267705	-0.075271	0.947462	-0.310887	-0.304401	0.275057	0.911967
0.533333	0.949683	0.164116	0.266772	-0.0765298	0.947502	-0.310457	-0.303718	0.27442	0.912386
0.566667	0.950019	0.164521	0.265323	-0.0773584	0.947424	-0.310488	-0.302456	0.274444	0.912798
0.6	0.950425	0.164643	0.263789	-0.0775505	0.947021	-0.311667	-0.301128	0.275759	0.912841
0.633333	0.95087	0.164357	0.26236	-0.0775225	0.94685	-0.312196	-0.299727	0.276519	0.913072
0.666667	0.951316	0.164643	0.260558	-0.0779091	0.946372	-0.313546	-0.298208	0.277981	0.913126
0.7	0.951694	0.164435	0.259307	-0.0780035	0.946285	-0.313784	-0.296976	0.278399	0.9134
0.733333	0.951923	0.163954	0.258771	-0.0775423	0.946174	-0.314234	-0.296363	0.279061	0.913397
0.766667	0.952156	0.163689	0.258081	-0.0775808	0.946265	-0.313949	-0.295603	0.278906	0.913691
0.8	0.952344	0.163298	0.257632	-0.07728	0.94624	-0.314099	-0.295073	0.27922	0.913766
0.833333	0.95235	0.163835	0.257271	-0.0775096	0.945794	-0.315381	-0.294996	0.280412	0.913426
0.866667	0.952491	0.16324	0.257124	-0.0771485	0.946016	-0.314806	-0.294632	0.280013	0.913665
0.9	0.952607	0.163042	0.256821	-0.0769144	0.9459	-0.31521	-0.29432	0.280518	0.913611
0.933333	0.952745	0.162055	0.256934	-0.0763486	0.946409	-0.313816	-0.29402	0.27937	0.914059
0.966667	0.95281	0.161537	0.25702	-0.0762613	0.946883	-0.312405	-0.293833	0.278062	0.914518
1	0.9528	0.161183	0.25728	-0.0759319	0.947013	-0.312091	-0.293951	0.277824	0.914553
1.03333	0.952746	0.160391	0.257973	-0.0753078	0.947444	-0.310933	-0.294286	0.276813	0.914751
1.06667	0.952791	0.158765	0.25881	-0.0744376	0.948525	-0.307829	-0.29436	0.274031	0.915565
1.1	0.952963	0.156722	0.259421	-0.0738654	0.950217	-0.302707	-0.293947	0.269306	0.917098
1.13333	0.953028	0.155685	0.259806	-0.074523	0.951943	-0.297071	-0.29357	0.263755	0.918831
1.16667	0.953121	0.155674	0.259472	-0.0756552	0.952873	-0.293785	-0.292978	0.260382	0.919981
1.2	0.953198	0.157078	0.258341	-0.0771596	0.95254	-0.294473	-0.292336	0.260758	0.920079
1.23333	0.953284	0.157492	0.257771	-0.0775597	0.952336	-0.295026	-0.291949	0.261251	0.920062
1.26667	0.953332	0.15815	0.257191	-0.0780756	0.951995	-0.29599	-0.291656	0.262097	0.919914
1.3	0.95327	0.158601	0.257141	-0.0784507	0.951876	-0.296273	-0.291755	0.262256	0.919837
1.33333	0.953215	0.159273	0.25693	-0.0793067	0.951927	-0.29588	-0.291704	0.261661	0.920023
1.36667	0.953165	0.160086	0.256611	-0.0799322	0.951604	-0.296751	-0.291698	0.262341	0.919831
1.4	0.953145	0.16049	0.256432	-0.0803227	0.951508	-0.296952	-0.291655	0.262441	0.919816
1.43333	0.953137	0.161105	0.256078	-0.0808798	0.951306	-0.297449	-0.291528	0.262798	0.919754
1.46667	0.953173	0.160867	0.256092	-0.0806529	0.951339	-0.297406	-0.291473	0.262824	0.919765
1.5	0.953081	0.160938	0.25639	-0.0808906	0.951567	-0.29661	-0.291708	0.261954	0.919938
1.53333	0.95306	0.161004	0.256427	-0.0811508	0.951746	-0.295963	-0.291704	0.261261	0.920136
1.56667	0.953048	0.161098	0.256411	-0.0813647	0.951841	-0.295599	-0.291683	0.260857	0.920258
1.6	0.953169	0.160965	0.256044	-0.0812312	0.951749	-0.295931	-0.291324	0.261274	0.920253
1.63333	0.953307	0.160633	0.255741	-0.0811286	0.951898	-0.295478	-0.290903	0.260933	0.920483
1.66667	0.953478	0.160056	0.255463	-0.0810401	0.952308	-0.294181	-0.290365	0.259793	0.920976
1.7	0.953651	0.159182	0.255362	-0.0804772	0.952631	-0.293289	-0.289952	0.259144	0.921288
1.73333	0.953918	0.158325	0.254901	-0.0797944	0.952731	-0.293149	-0.289265	0.2593	0.921461
1.76667	0.954223	0.156082	0.255142	-0.0775488	0.952977	-0.292951	-0.288869	0.259754	0.921457
1.8	0.954748	0.152174	0.255537	-0.0737017	0.953446	-0.292418	-0.288139	0.260352	0.921517
1.83333	0.956187	0.142183	0.255913	-0.0652604	0.955668	-0.287124	-0.285392	0.257843	0.923076
1.86667	0.958673	0.123335	0.256389	-0.0503922	0.960515	-0.273628	-0.280014	0.249399	0.927034
1.9	0.960724	0.104621	0.257031	-0.0351355	0.964617	-0.261305	-0.275274	0.242011	0.930406
1.93333	0.961381	0.0913193	0.25963	-0.0214874	0.965374	-0.259984	-0.274382	0.244365	0.930054
1.96667	0.960873	0.0873689	0.26285	-0.0145116	0.963527	-0.267219	-0.276609	0.252949	0.927094
2	0.960308	0.0860485	0.265337	-0.0114523	0.96259	-0.270719	-0.278706	0.256935	0.925369
2.03333	0.960139	0.0823027	0.267132	-0.00903703	0.96431	-0.26462	-0.279377	0.251658	0.926616
2.06667	0.959761	0.0789927	0.269478	-0.00874363	0.967562	-0.252483	-0.280681	0.239967	0.929319
2.1	0.959407	0.0758955	0.27162	-0.0067492	0.969012	-0.24692	-0.281944	0.235063	0.93019
2.13333	0.959074	0.0760005	0.272766	-0.00439296	0.967184	-0.25404	-0.283122	0.242445	0.927935
2.16667	0.958833	0.0763626	0.273511	0.000462129	0.962744	-0.270412	-0.28397	0.259407	0.923076
2.2	0.958701	0.071055	0.275396	0.0135491	0.955781	-0.293768	-0.284092	0.285367	0.915346
2.23333	0.95177	0.0618	0.300525	0.0397078	0.946455	-0.320385	-0.304233	0.316866	0.898353
2.26667	0.936935	0.0654783	0.343315	0.06119	0.936391	-0.345584	-0.344105	0.344798	0.873331
2.3	0.935534	0.0917753	0.341107	0.0504511	0.921044	-0.386178	-0.349616	0.378491	0.857037
2.33333	0.940478	0.131869	0.313227	0.00679038	0.914177	-0.405258	-0.339786	0.383263	0.858868
2.36667	0.936424	0.181802	0.300098	-0.0442832	0.909691	-0.412917	-0.348066	0.373376	0.859907
2.4	0.920512	0.247601	0.302243	-0.101075	0.898141	-0.427933	-0.377414	0.363369	0.851776
2.43333	0.900615	0.300658	0.313843	-0.143195	0.887063	-0.438878	-0.410351	0.35032	0.841955
2.46667	0.883492	0.328023	0.334428	-0.162941	0.88452	-0.437121	-0.439194	0.331701	0.834915
2.5	0.862883	0.342917	0.37127	-0.167866	0.887355	-0.429445	-0.476712	0.308237	0.823247
2.53333	0.836485	0.344056	0.426519	-0.163928	0.899798	-0.40434	-0.522897	0.268306	0.809068
2.56667	0.814746	0.337759	0.471283	-0.157235	0.91106	-0.381113	-0.558091	0.236408	0.79539
2.6	0.800859	0.33194	0.498439	-0.146674	0.915696	-0.374149	-0.580614	0.226533	0.78203
2.63333	0.786568	0.342125	0.514063	-0.140442	0.909785	-0.3906	-0.601321	0.235037	0.763656
2.66667	0.771835	0.368601	0.518077	-0.141571	0.893987	-0.42514	-0.619862	0.254793	0.742194
2.7	0.769047	0.385329	0.509988	-0.127623	0.874365	-0.468186	-0.626321	0.294971	0.721605
2.73333	0.78386	0.387034	0.485561	-0.0795818	0.838149	-0.539605	-0.615817	0.384333	0.687792
2.76667	0.844374	0.356672	0.399771	0.0371278	0.705435	-0.707802	-0.534466	0.612492	0.582408
2.8	0.945418	0.235903	0.224798	0.105227	0.431886	-0.895769	-0.308401	0.870531	0.38349
2.83333	0.981103	0.0627438	0.183032	0.153616	0.32256	-0.934001	-0.117641	0.944467	0.306826
2.86667	0.972391	-0.103772	0.209015	0.231308	0.310144	-0.922121	0.0308658	0.945009	0.325584
2.9	0.945998	-0.23856	0.219494	0.292981	0.339381	-0.893858	0.138747	0.909895	0.390947
2.93333	0.929342	-0.317292	0.18881	0.316402	0.420827	-0.850173	0.190297	0.849841	0.491484
2.96667	0.938666	-0.328416	0.105112	0.289166	0.583626	-0.758791	0.187853	0.742646	0.642797
3	0.968838	-0.244509	-0.0396005	0.17551	0.790476	-0.586808	0.174783	0.561572	0.808757
3.03333	0.97588	-0.154692	-0.154042	0.0714601	0.893096	-0.444155	0.206282	0.422434	0.882608
3.06667	0.977517	-0.1443	-0.153749	0.0757285	0.920762	-0.382704	0.19679	0.362456	0.910988
3.1	0.979447	-0.182637	-0.0856019	0.141811	0.925326	-0.351656	0.143435	0.332289	0.932207
3.13333	0.957289	-0.28825	-0.0225915	0.265618	0.907609	-0.325103	0.114215	0.305217	0.945409
3.16667	0.952441	-0.303676	0.0252596	0.298179	0.911687	-0.282693	0.0628181	0.27678	0.958878
3.2	0.968787	-0.228698	0.0956556	0.247023	0.922963	-0.295158	-0.0207848	0.309574	0.950648
3.23333	0.984942	-0.104139	0.137998	0.140957	0.945897	-0.29225	-0.100098	0.307301	0.946333
3.26667	0.984028	0.00898898	0.177785	0.0467341	0.950647	-0.306735	-0.171768	0.310144	0.935043
3.3	0.966237	0.117632	0.229233	-0.0394601	0.946762	-0.319507	-0.254614	0.299674	0.919438
3.33333	0.935249	0.204169	0.289178	-0.0984241	0.934679	-0.341596	-0.340032	0.291015	0.894253
3.36667	0.8941	0.257023	0.366776	-0.121956	0.927712	-0.352812	-0.430944	0.270719	0.860813
3.4	0.855791	0.270348	0.441061	-0.118664	0.932436	-0.341293	-0.503529	0.239738	0.830051
3.43333	0.827291	0.280037	0.487	-0.122309	0.935888	-0.330386	-0.548298	0.21376	0.808502
3.46667	0.788148	0.299869	0.537496	-0.136349	0.936654	-0.322627	-0.600194	0.180991	0.779108
3.5	0.734181	0.318519	0.599603	-0.140587	0.935307	-0.324709	-0.664239	0.154099	0.731465
3.53333	0.703221	0.365975	0.609543	-0.129202	0.908845	-0.396619	-0.699133	0.200157	0.686404
3.56667	0.757237	0.43649	0.48587	-0.0423465	0.775143	-0.630366	-0.651767	0.456761	0.60545
3.6	0.912982	0.365587	0.181133	-0.000158433	0.444273	-0.895891	-0.407999	0.817905	0.405671
3.63333	0.97761	0.188568	0.09338	0.0247604	0.337603	-0.940963	-0.208961	0.922207	0.325375
3.66667	0.994194	0.0168997	0.106267	0.0963153	0.300568	-0.948885	-0.0479764	0.953611	0.297195
3.7	0.982529	-0.11908	0.143024	0.171658	0.282966	-0.943644	0.0718982	0.951709	0.298463
3.73333	0.961395	-0.200562	0.188399	0.247941	0.334419	-0.909224	0.119352	0.920836	0.371237
3.76667	0.962178	-0.20392	0.180636	0.26574	0.556636	-0.787108	0.0599584	0.80534	0.589773
3.8	0.993455	-0.0977163	0.0591575	0.114146	0.829652	-0.546487	0.00432059	0.549663	0.835376
3.83333	0.996328	-0.0135226	-0.084545	-0.0269053	0.887979	-0.459097	0.0812823	0.459686	0.884354
3.86667	0.98421	-0.0198759	-0.175886	-0.066624	0.879002	-0.47214	0.163989	0.476403	0.863798
3.9	0.986498	-0.055477	-0.154094	-0.0216282	0.888511	-0.458345	0.162341	0.455489	0.875314
3.93333	0.987563	-0.136846	-0.0774126	0.0926078	0.904191	-0.416968	0.127056	0.404613	0.905619
3.96667	0.960646	-0.276697	-0.0244636	0.244674	0.884573	-0.39707	0.131508	0.375458	0.917462
4	0.953922	-0.298727	0.0282048	0.291397	0.899877	-0.324515	0.0715604	0.31778	0.94546
4.03333	0.968984	-0.228386	0.0943911	0.246672	0.916947	-0.313624	-0.0149242	0.327181	0.944844
4.06667	0.982226	-0.122558	0.142165	0.159091	0.945517	-0.284057	-0.0996057	0.301626	0.948209
4.1	0.980336	-0.00116835	0.197331	0.0567087	0.95947	-0.276047	-0.18901	0.281809	0.940669
4.13333	0.958412	0.100745	0.267016	-0.0235261	0.960325	-0.277889	-0.284418	0.26005	0.922757
4.16667	0.924153	0.171116	0.341555	-0.0739012	0.957261	-0.279624	-0.374806	0.233174	0.897302
4.2	0.888422	0.191247	0.417289	-0.0808708	0.960066	-0.26783	-0.451847	0.204199	0.86841
4.23333	0.853547	0.194719	0.483262	-0.0817571	0.966103	-0.244868	-0.514562	0.169496	0.840534
4.26667	0.814041	0.210071	0.541486	-0.0890469	0.966417	-0.241056	-0.57394	0.148012	0.80541
4.3	0.768984	0.227676	0.597351	-0.103595	0.966459	-0.235	-0.630819	0.118829	0.766777
4.33333	0.722334	0.236588	0.649815	-0.113937	0.967532	-0.225612	-0.682094	0.088929	0.725837
4.36667	0.695967	0.330344	0.637576	-0.0807295	0.918264	-0.387652	-0.713522	0.218322	0.66575
4.4	0.826749	0.437432	0.35375	0.0327937	0.590267	-0.806542	-0.561614	0.678408	0.473658
4.43333	0.957984	0.278653	0.0679707	-0.019573	0.299937	-0.953758	-0.286154	0.912354	0.292789
4.46667	0.994185	0.10504	0.0237185	-0.00474157	0.262747	-0.964853	-0.10758	0.95913	0.261717
4.5	0.998371	-0.0324925	0.0469031	0.0536997	0.257199	-0.964865	0.0192874	0.965812	0.258525
4.53333	0.987876	-0.11258	0.106898	0.134878	0.281431	-0.950055	0.0768724	0.952954	0.293204
4.56667	0.977042	-0.134118	0.16553	0.206914	0.412335	-0.887224	0.0507392	0.901106	0.430619
4.6	0.984892	-0.0865164	0.150007	0.166218	0.715262	-0.678802	-0.0485667	0.693481	0.718836
4.63333	0.999061	-0.0115421	0.0417668	0.0306719	0.869225	-0.493465	-0.0306091	0.494282	0.868762
4.66667	0.998575	0.027868	-0.0455062	-0.0448575	0.90027	-0.433014	0.0289007	0.434438	0.900238
4.7	0.998415	-2.27805e-05	-0.0562869	-0.0242005	0.902679	-0.429633	0.0508188	0.430314	0.901247
4.73333	0.99676	-0.0804268	0.000518386	0.0735617	0.909034	-0.410178	0.0325181	0.408887	0.912005
4.76667	0.984311	-0.172162	0.0386374	0.17284	0.896762	-0.407362	0.0354838	0.407649	0.912449
4.8	0.958546	-0.264531	0.105891	0.284668	0.87286	-0.396333	0.0124143	0.410047	0.91198
4.83333	0.962824	-0.218624	0.158664	0.264568	0.881778	-0.390477	-0.0545391	0.417938	0.906837
4.86667	0.968251	-0.1598	0.192237	0.221181	0.905989	-0.36092	-0.116489	0.39198	0.912569
4.9	0.97354	-0.0699322	0.217554	0.139123	0.936639	-0.321485	-0.181288	0.343245	0.921584
4.93333	0.965984	0.0077514	0.258486	0.0718402	0.952163	-0.297026	-0.248423	0.305492	0.919217
4.96667	0.948397	0.07985	0.306868	0.00939976	0.960268	-0.278922	-0.316947	0.267413	0.909964
5	0.92385	0.14604	0.353798	-0.0345807	0.952415	-0.302836	-0.381189	0.267541	0.884939
5.03333	0.899821	0.193328	0.391084	-0.0615601	0.943746	-0.324889	-0.431895	0.268267	0.861104
5.06667	0.885935	0.187393	0.424268	-0.0578186	0.952231	-0.299854	-0.460192	0.24112	0.85445
5.1	0.870307	0.172821	0.461193	-0.0579053	0.965824	-0.252647	-0.489094	0.193175	0.850571
5.13333	0.842444	0.18374	0.506485	-0.068804	0.969045	-0.237102	-0.534372	0.164897	0.829009
5.16667	0.81701	0.200495	0.540645	-0.0844044	0.969087	-0.231831	-0.570413	0.143775	0.808677
5.2	0.795732	0.217525	0.565238	-0.0951767	0.966592	-0.237993	-0.598124	0.135582	0.789852
