0	0	0	-1.27081	1	0	0	0	1	0	0	0	1
0.0333333	0.144824	0.978646	-1.9949	0.0766042	0.997053	0.00420898	-0.996792	0.0764846	0.0235791	0.0231877	-0.00600173	0.999713
0.0666667	0.142246	0.979073	-1.99628	0.0276766	0.999609	0.0040053	-0.999615	0.027669	0.0019528	0.00184122	-0.00405781	0.99999
0.1	0.141684	0.979101	-1.99645	0.0261423	0.999657	0.0015954	-0.999658	0.0261426	-0.000197872	-0.000239512	-0.00158968	0.999999
0.133333	0.141248	0.979048	-1.9964	0.0261729	0.999657	-0.000311155	-0.999657	0.0261726	-0.000788522	-0.000780108	0.000331686	1
0.166667	0.140904	0.978984	-1.99637	0.0263717	0.99965	-0.00202822	-0.999652	0.0263694	-0.00117866	-0.00112477	0.0020586	0.999997
0.2	0.140654	0.978899	-1.99634	0.0267856	0.999637	-0.00301767	-0.99964	0.0267804	-0.00173339	-0.00165195	0.00306302	0.999994
0.233333	0.140276	0.978727	-1.99602	0.0269744	0.999628	-0.00405732	-0.999634	0.0269649	-0.00237956	-0.00226927	0.00412002	0.999989
0.266667	0.140342	0.978683	-1.99627	0.0277286	0.99961	-0.00330143	-0.99961	0.027717	-0.00351338	-0.00342051	0.00339757	0.999988
0.3	0.140206	0.978557	-1.99604	0.0282738	0.999597	-0.00263403	-0.999592	0.0282629	-0.00407283	-0.00399674	0.00274811	0.999988
0.333333	0.14023	0.978431	-1.99592	0.0286831	0.999588	-0.00120984	-0.999578	0.0286773	-0.00453137	-0.0044948	0.00133931	0.999989
0.366667	0.140275	0.978249	-1.99588	0.0293566	0.999569	0.000706205	-0.999556	0.0293598	-0.00506962	-0.00508817	-0.000557065	0.999987
0.4	0.140435	0.977996	-1.99589	0.0302331	0.999538	0.00314585	-0.999524	0.0302516	-0.0060019	-0.00609429	-0.0029629	0.999977
0.433333	0.140677	0.97776	-1.9959	0.0312192	0.999496	0.0057426	-0.999489	0.0312576	-0.00673007	-0.00690618	-0.00552956	0.999961
0.466667	0.140856	0.977431	-1.99597	0.0319432	0.999455	0.00834634	-0.999459	0.0320068	-0.00759954	-0.00786253	-0.00809907	0.999936
0.5	0.141012	0.977096	-1.99607	0.0322224	0.999417	0.0112645	-0.999443	0.0323174	-0.00835522	-0.00871439	-0.010989	0.999902
0.533333	0.141187	0.976783	-1.9962	0.0325078	0.99937	0.0142093	-0.999424	0.0326411	-0.0092518	-0.00970979	-0.0139004	0.999856
0.566667	0.141368	0.976525	-1.99636	0.0331413	0.999308	0.0169015	-0.999394	0.0333152	-0.0101128	-0.0106689	-0.0165561	0.999806
0.6	0.141443	0.976314	-1.99645	0.0342414	0.999241	0.0185882	-0.999348	0.0344458	-0.010788	-0.0114201	-0.0182067	0.999769
0.633333	0.141738	0.976157	-1.99658	0.0351606	0.999151	0.0214555	-0.999305	0.0354151	-0.0115985	-0.0123485	-0.0210328	0.999703
0.666667	0.142165	0.976051	-1.99667	0.0360756	0.999024	0.025484	-0.999263	0.036396	-0.0122224	-0.0131379	-0.0250243	0.999601
0.7	0.142634	0.975906	-1.99666	0.0368526	0.998857	0.0304531	-0.999218	0.037268	-0.0131882	-0.0143081	-0.0299432	0.999449
0.733333	0.143196	0.975754	-1.99659	0.0378341	0.998645	0.0357347	-0.999161	0.0383653	-0.0142989	-0.0156505	-0.0351638	0.999259
0.766667	0.143733	0.9756	-1.99651	0.0388939	0.998411	0.0407783	-0.999092	0.0395648	-0.0157787	-0.017367	-0.0401276	0.999044
0.8	0.144353	0.975483	-1.99633	0.0396295	0.998172	0.0456369	-0.999033	0.040451	-0.0172185	-0.0190331	-0.0449104	0.99881
0.833333	0.144883	0.975376	-1.99615	0.0405356	0.997973	0.0490682	-0.998964	0.0414955	-0.018704	-0.0207022	-0.0482592	0.99862
0.866667	0.145358	0.975349	-1.99577	0.0415107	0.997884	0.0500532	-0.998909	0.042521	-0.0192925	-0.02138	-0.0491977	0.99856
0.9	0.145746	0.975277	-1.99566	0.0419605	0.997802	0.0512895	-0.998871	0.0430395	-0.0201159	-0.0222792	-0.0503875	0.998481
0.933333	0.145995	0.975231	-1.99553	0.0421794	0.997786	0.0514117	-0.998857	0.0432702	-0.0202918	-0.0224714	-0.0504971	0.998471
0.966667	0.146179	0.975177	-1.9954	0.0420372	0.997864	0.0499936	-0.998868	0.0430897	-0.0201626	-0.0222737	-0.0490894	0.998546
1	0.14642	0.975176	-1.99535	0.0421873	0.997914	0.0488667	-0.998871	0.0431949	-0.0197496	-0.0218192	-0.0479784	0.99861
1.03333	0.14652	0.975137	-1.99521	0.0417829	0.99801	0.0472336	-0.9989	0.0427347	-0.0193227	-0.0213027	-0.0463743	0.998697
1.06667	0.146529	0.975055	-1.99506	0.0411828	0.998148	0.0447774	-0.998931	0.0420739	-0.0191451	-0.0209936	-0.0439411	0.998814
1.1	0.146574	0.974992	-1.99496	0.0405293	0.998273	0.0425342	-0.998959	0.0413751	-0.0191978	-0.0209245	-0.0417119	0.998911
1.13333	0.146485	0.974954	-1.9948	0.0395637	0.998437	0.0394676	-0.999002	0.0403439	-0.0191702	-0.0207325	-0.0386698	0.999037
1.16667	0.146423	0.974901	-1.99468	0.0386263	0.998565	0.0371025	-0.999038	0.0393626	-0.0193227	-0.0207554	-0.0363204	0.999125
1.2	0.146474	0.97491	-1.99459	0.0379748	0.99866	0.0351675	-0.99907	0.0386626	-0.0190883	-0.0204224	-0.0344099	0.999199
1.23333	0.146542	0.974913	-1.99444	0.0369674	0.998743	0.0338397	-0.999121	0.0376089	-0.0185208	-0.0197702	-0.0331253	0.999256
1.26667	0.146572	0.974859	-1.99427	0.0363042	0.998804	0.0327606	-0.999145	0.036926	-0.0185782	-0.0197657	-0.0320581	0.999291
1.3	0.146877	0.974895	-1.99405	0.0359991	0.998811	0.0328687	-0.999157	0.0366226	-0.01857	-0.0197516	-0.0321725	0.999287
1.33333	0.14714	0.974852	-1.99374	0.0359502	0.99881	0.0329427	-0.999155	0.0365809	-0.0187472	-0.01993	-0.0322409	0.999281
1.36667	0.147452	0.97477	-1.99349	0.0361449	0.998787	0.033444	-0.999141	0.0367956	-0.0190489	-0.0202564	-0.0327267	0.999259
1.4	0.147748	0.974652	-1.99339	0.0360061	0.998734	0.035123	-0.999131	0.0367147	-0.0197415	-0.0210061	-0.0343816	0.999188
1.43333	0.148046	0.974641	-1.99309	0.0359911	0.998747	0.0347696	-0.999131	0.0366936	-0.019781	-0.021032	-0.0340275	0.9992
1.46667	0.148336	0.97465	-1.99287	0.0361435	0.998744	0.0346954	-0.999127	0.0368422	-0.0197142	-0.0209677	-0.0339525	0.999203
1.5	0.14859	0.974652	-1.99269	0.0361709	0.998742	0.0347412	-0.999133	0.0368582	-0.0193509	-0.020607	-0.0340111	0.999209
1.53333	0.148787	0.974658	-1.99258	0.036068	0.998744	0.0347765	-0.999148	0.0367374	-0.0188042	-0.0200582	-0.0340687	0.999218
1.56667	0.148977	0.974675	-1.99243	0.0358801	0.998754	0.03469	-0.999171	0.0365203	-0.018001	-0.0192454	-0.0340154	0.999236
1.6	0.14907	0.97469	-1.99235	0.0358902	0.998754	0.0346717	-0.999181	0.0365119	-0.0174666	-0.0187108	-0.0340164	0.999246
1.63333	0.149135	0.974719	-1.99222	0.0357982	0.998758	0.0346432	-0.999191	0.0364063	-0.0170828	-0.0183228	-0.0340036	0.999254
1.66667	0.149162	0.974717	-1.99212	0.0359458	0.99876	0.0344436	-0.999191	0.0365412	-0.0168136	-0.0180514	-0.0338113	0.999265
1.7	0.149122	0.974736	-1.99207	0.0360993	0.998757	0.0343601	-0.999187	0.0366905	-0.0167329	-0.0179728	-0.0337281	0.999269
1.73333	0.149166	0.974739	-1.99205	0.0360756	0.998755	0.0344521	-0.999184	0.0366743	-0.0169084	-0.0181508	-0.033814	0.999263
1.76667	0.149168	0.974741	-1.99202	0.0363324	0.998752	0.0342799	-0.999175	0.0369278	-0.0168999	-0.0181447	-0.0336376	0.999269
1.8	0.149145	0.974753	-1.99202	0.0363167	0.998759	0.0340736	-0.999176	0.0369088	-0.0169119	-0.0181485	-0.0334313	0.999276
1.83333	0.149151	0.974747	-1.99201	0.0363948	0.99876	0.0339655	-0.999173	0.036985	-0.0169154	-0.0181506	-0.0333217	0.99928
1.86667	0.149113	0.974748	-1.99195	0.0362551	0.998783	0.0334403	-0.999179	0.0368335	-0.0168451	-0.0180563	-0.0328022	0.999299
1.9	0.149175	0.974761	-1.99195	0.0361521	0.998772	0.0338661	-0.999187	0.0367312	-0.016634	-0.0178575	-0.0332372	0.999288
1.93333	0.149338	0.974726	-1.99186	0.0363071	0.998744	0.0345257	-0.99918	0.0368992	-0.0166679	-0.017921	-0.0338922	0.999265
1.96667	0.149463	0.974718	-1.99172	0.0363006	0.998734	0.034815	-0.99918	0.0368982	-0.0166774	-0.0179409	-0.034181	0.999255
2	0.149571	0.974707	-1.99155	0.0361721	0.998731	0.0350373	-0.99918	0.0367824	-0.0169328	-0.0182	-0.0343961	0.999243
2.03333	0.149736	0.974708	-1.99092	0.0368794	0.998788	0.0325883	-0.999159	0.0374387	-0.0167216	-0.0179214	-0.0319442	0.999329
2.06667	0.150084	0.974636	-1.99054	0.0370427	0.998753	0.0334846	-0.999141	0.0376376	-0.0173125	-0.0185512	-0.0328146	0.999289
2.1	0.150313	0.974581	-1.98998	0.0372012	0.998758	0.0331529	-0.999127	0.0378051	-0.0177796	-0.0190108	-0.0324625	0.999292
2.13333	0.150449	0.974449	-1.98934	0.037447	0.998778	0.0322595	-0.999099	0.0380652	-0.0187685	-0.0199735	-0.0315276	0.999303
2.16667	0.150902	0.974381	-1.98861	0.0371756	0.998779	0.0325304	-0.999088	0.0378314	-0.019783	-0.0209895	-0.0317653	0.999275
2.2	0.151181	0.974259	-1.98783	0.0373144	0.998769	0.0326916	-0.999056	0.0380129	-0.0210115	-0.0222284	-0.0318767	0.999245
2.23333	0.151558	0.974143	-1.98672	0.0370508	0.998784	0.0325103	-0.999044	0.0377762	-0.0219898	-0.0231911	-0.0316645	0.999229
2.26667	0.152029	0.974015	-1.98551	0.0368431	0.998828	0.0313806	-0.999026	0.0375771	-0.0231289	-0.024281	-0.0304979	0.99924
2.3	0.152562	0.973886	-1.98405	0.0363438	0.998861	0.0309103	-0.999018	0.0370991	-0.0242227	-0.0253418	-0.0299996	0.999229
2.33333	0.153295	0.973689	-1.98238	0.0358219	0.998892	0.0305374	-0.999007	0.0366032	-0.0254197	-0.0265092	-0.0295965	0.99921
2.36667	0.154145	0.973484	-1.9805	0.0353969	0.998915	0.030253	-0.998984	0.0362119	-0.0268287	-0.0278951	-0.0292726	0.999182
2.4	0.15506	0.973223	-1.97832	0.0347703	0.998958	0.029579	-0.998967	0.0356069	-0.028243	-0.0292668	-0.0285664	0.999163
2.43333	0.156346	0.972881	-1.97592	0.0347228	0.998954	0.029742	-0.998911	0.0356188	-0.030146	-0.0311738	-0.0286628	0.999103
2.46667	0.157766	0.972482	-1.97322	0.0339612	0.998975	0.0299113	-0.998874	0.0349191	-0.0321051	-0.0331167	-0.0287873	0.999037
2.5	0.159567	0.972058	-1.97008	0.0341511	0.998951	0.0305091	-0.998816	0.0351727	-0.0335997	-0.0346375	-0.0293256	0.99897
2.53333	0.161544	0.971552	-1.96664	0.0340254	0.998926	0.0314509	-0.99876	0.0351301	-0.0352644	-0.0363314	-0.0302121	0.998883
2.56667	0.163836	0.970947	-1.96289	0.0330796	0.998868	0.0341728	-0.99872	0.034345	-0.037131	-0.0382626	-0.0329008	0.998726
2.6	0.166377	0.970327	-1.95851	0.0334447	0.998786	0.0361585	-0.998652	0.0348329	-0.0384716	-0.0396844	-0.0348231	0.998605
2.63333	0.169303	0.969568	-1.95367	0.0329725	0.99867	0.0396325	-0.998613	0.034547	-0.0397215	-0.0410378	-0.0382678	0.998424
2.66667	0.172476	0.968708	-1.94819	0.0320427	0.998537	0.0435483	-0.998617	0.0338014	-0.0402666	-0.0416797	-0.0421978	0.99824
2.7	0.175659	0.967704	-1.94191	0.0301465	0.998454	0.0466955	-0.998717	0.0319906	-0.0392611	-0.0406942	-0.045452	0.998137
2.73333	0.179093	0.966612	-1.9349	0.02835	0.998295	0.0510158	-0.998883	0.0302227	-0.0363202	-0.0378001	-0.0499291	0.998037
2.76667	0.182424	0.965276	-1.92709	0.0265621	0.998154	0.0546221	-0.999128	0.0282689	-0.030716	-0.0322034	-0.0537586	0.998035
2.8	0.185459	0.963572	-1.91824	0.0272292	0.997914	0.058538	-0.999393	0.0284494	-0.0201134	-0.0217368	-0.0579548	0.998083
2.83333	0.187937	0.961286	-1.9087	0.0343978	0.997443	0.0626439	-0.999399	0.0346055	-0.00223329	-0.0043954	-0.0625294	0.998033
2.86667	0.188164	0.957901	-1.89923	0.045045	0.996922	0.0641657	-0.998733	0.0434974	0.0253166	0.0224477	-0.0652248	0.997618
2.9	0.185217	0.952996	-1.89225	0.0477412	0.997503	0.0520504	-0.997647	0.0450519	0.0516711	0.049197	-0.0543948	0.997307
2.93333	0.182417	0.948271	-1.88837	0.0410307	0.998856	0.024568	-0.99799	0.0397815	0.0493392	0.0483053	-0.026543	0.99848
2.96667	0.182374	0.946033	-1.88312	0.0362251	0.999317	0.00724271	-0.998846	0.0359775	0.0318009	0.0315186	-0.00838634	0.999468
3	0.183693	0.947163	-1.87541	0.0234306	0.999695	0.00780527	-0.999503	0.0232602	0.0212567	0.0210687	-0.00829945	0.999744
3.03333	0.185187	0.950522	-1.86642	0.00646723	0.999837	0.016854	-0.999868	0.00621435	0.0150134	0.0149062	-0.0169489	0.999745
3.06667	0.186464	0.954744	-1.85553	-0.0147658	0.999408	0.0310882	-0.99985	-0.0150381	0.00854233	0.00900478	-0.0309574	0.99948
3.1	0.187512	0.959028	-1.84282	-0.0427739	0.997927	0.0480849	-0.999078	-0.0428977	0.00154637	0.00360589	-0.0479744	0.998842
3.13333	0.18976	0.962491	-1.82825	-0.0707331	0.994953	0.071169	-0.997491	-0.0707727	-0.00196857	0.00307818	-0.0711297	0.997462
3.16667	0.194405	0.964233	-1.81326	-0.0883864	0.99131	0.0974307	-0.996079	-0.0883472	-0.00472514	0.00392365	-0.0974662	0.995231
3.2	0.198951	0.964166	-1.80035	-0.0873757	0.990219	0.108777	-0.996175	-0.0867577	-0.0104102	-0.000871179	-0.10927	0.994012
3.23333	0.200637	0.962522	-1.78906	-0.0769152	0.991888	0.1012	-0.996923	-0.0749728	-0.0228646	-0.0150919	-0.102648	0.994603
3.26667	0.199958	0.959876	-1.77683	-0.0673013	0.994081	0.0852843	-0.997202	-0.0642318	-0.0382417	-0.0325374	-0.0876194	0.995622
3.3	0.198184	0.956368	-1.76221	-0.0586067	0.995808	0.0702325	-0.997014	-0.054844	-0.0543575	-0.0502777	-0.0732085	0.996049
3.33333	0.196196	0.952245	-1.74337	-0.0504499	0.996544	0.0659989	-0.996595	-0.0459169	-0.068484	-0.0652168	-0.0692292	0.995467
3.36667	0.194153	0.947761	-1.71987	-0.0446185	0.996092	0.0762222	-0.99638	-0.0388447	-0.0756215	-0.0723652	-0.0793204	0.994219
3.4	0.191126	0.944038	-1.69239	-0.0553685	0.99387	0.0956884	-0.996197	-0.0485313	-0.0723614	-0.0672739	-0.099331	0.992778
3.43333	0.187837	0.942914	-1.66342	-0.0798309	0.991478	0.102953	-0.994767	-0.0726349	-0.0718505	-0.0637602	-0.10815	0.992088
3.46667	0.184375	0.945341	-1.63395	-0.115376	0.988011	0.102579	-0.991199	-0.107766	-0.0768772	-0.0649011	-0.110546	0.99175
3.5	0.180554	0.949395	-1.60578	-0.130938	0.985726	0.10583	-0.989136	-0.122698	-0.0809667	-0.0668259	-0.115282	0.991082
3.53333	0.175889	0.952627	-1.57946	-0.13682	0.984368	0.110907	-0.98844	-0.128281	-0.0808109	-0.0653204	-0.120682	0.99054
3.56667	0.170055	0.953925	-1.55471	-0.145748	0.983141	0.110412	-0.987566	-0.137934	-0.0754174	-0.0589164	-0.120031	0.99102
3.6	0.165824	0.953015	-1.5327	-0.144218	0.982667	0.116473	-0.988088	-0.136618	-0.0708331	-0.0536931	-0.125301	0.990665
3.63333	0.165657	0.950847	-1.51151	-0.12707	0.981596	0.142559	-0.990743	-0.118685	-0.0658934	-0.0477612	-0.149612	0.987591
3.66667	0.166875	0.948644	-1.49038	-0.104915	0.979616	0.171306	-0.993586	-0.0959473	-0.0598359	-0.0421798	-0.176485	0.983399
3.7	0.166887	0.947739	-1.46946	-0.0816681	0.979088	0.186328	-0.995979	-0.0732659	-0.0515543	-0.0368247	-0.189789	0.981134
3.73333	0.166031	0.948186	-1.44866	-0.0552479	0.980318	0.189535	-0.997993	-0.0483325	-0.0409202	-0.0309541	-0.191415	0.981021
3.76667	0.164581	0.949267	-1.42745	-0.0234656	0.982188	0.186429	-0.999427	-0.0185005	-0.0283284	-0.0243748	-0.186987	0.98206
3.8	0.162734	0.950018	-1.40558	0.0101556	0.984216	0.176677	-0.999761	0.0134184	-0.017283	-0.0193809	-0.17646	0.984117
3.83333	0.161154	0.949841	-1.38244	0.0418836	0.986073	0.160951	-0.998996	0.0438997	-0.00898867	-0.0159292	-0.160413	0.986921
3.86667	0.160608	0.948649	-1.35796	0.070439	0.987304	0.142371	-0.997428	0.0716136	-0.00313621	-0.0132921	-0.141784	0.989808
3.9	0.16167	0.946409	-1.33337	0.0933133	0.987511	0.126946	-0.995536	0.094359	-0.00223546	-0.014186	-0.12617	0.991907
3.93333	0.164374	0.943228	-1.30952	0.10898	0.98628	0.123996	-0.99386	0.110511	-0.00552068	-0.0191479	-0.122633	0.992267
3.96667	0.167325	0.93942	-1.28622	0.116746	0.984705	0.129331	-0.99279	0.119271	-0.0119297	-0.0271727	-0.127006	0.99153
4	0.169529	0.935453	-1.26086	0.124229	0.983844	0.128908	-0.991727	0.127343	-0.016165	-0.0323193	-0.125833	0.991525
4.03333	0.169841	0.931322	-1.2316	0.124393	0.985826	0.112576	-0.991743	0.127092	-0.0171037	-0.0311689	-0.109519	0.993496
4.06667	0.168418	0.927977	-1.1976	0.126186	0.989158	0.0751179	-0.991815	0.127289	-0.010064	-0.0195166	-0.0732331	0.997124
4.1	0.168079	0.927816	-1.16215	0.135777	0.989082	0.05728	-0.990725	0.135862	0.00242223	-0.00538639	-0.0570776	0.998355
4.13333	0.167354	0.932423	-1.12668	0.15882	0.986426	0.041713	-0.987295	0.158464	0.0117255	0.00495629	-0.0430453	0.999061
4.16667	0.166979	0.939997	-1.09064	0.173917	0.984146	0.034766	-0.984549	0.17304	0.0268324	0.0203911	-0.0388955	0.999035
4.2	0.16621	0.947083	-1.05605	0.164759	0.985932	0.0281467	-0.985447	0.163333	0.0470881	0.0418284	-0.0354952	0.998494
4.23333	0.162713	0.951116	-1.02396	0.142613	0.98977	0.00402683	-0.987376	0.141983	0.0702174	0.0689273	-0.0139899	0.997524
4.26667	0.157812	0.950173	-1.00016	0.12939	0.990584	-0.0447461	-0.987684	0.132752	0.0828111	0.0879715	0.0334801	0.99556
4.3	0.157636	0.946474	-0.978198	0.138408	0.987192	-0.0793417	-0.986856	0.144221	0.0729073	0.0834162	0.0682078	0.994178
4.33333	0.157642	0.944445	-0.95418	0.130535	0.986324	-0.100626	-0.988647	0.137113	0.0614644	0.0744209	0.0914599	0.993024
4.36667	0.157536	0.945024	-0.929556	0.109289	0.987843	-0.110551	-0.991749	0.115861	0.0548597	0.0670013	0.103643	0.992355
4.4	0.157376	0.947686	-0.90447	0.0742962	0.992058	-0.101496	-0.995122	0.0803773	0.0571958	0.0648995	0.0967519	0.99319
4.43333	0.15691	0.950745	-0.878627	0.0293243	0.996323	-0.0804988	-0.997528	0.0343144	0.061323	0.0638598	0.0785015	0.994867
4.46667	0.156304	0.952834	-0.851729	-0.0166449	0.99846	-0.0529256	-0.997975	-0.0133397	0.0622007	0.0613989	0.0538537	0.996659
4.5	0.156409	0.95341	-0.823909	-0.0573937	0.998048	-0.0246258	-0.996644	-0.0558362	0.0598529	0.0583611	0.0279784	0.997903
4.53333	0.15939	0.95225	-0.795737	-0.0898258	0.995856	0.014208	-0.994272	-0.0904942	0.0568644	0.0579145	-0.00901871	0.998281
4.56667	0.164399	0.948948	-0.770473	-0.102527	0.993968	0.0389464	-0.993148	-0.104493	0.0523228	0.0560768	-0.0333151	0.99787
4.6	0.167676	0.943774	-0.749477	-0.0908357	0.995232	0.035525	-0.994853	-0.0922939	0.0418192	0.0448985	-0.0315435	0.998493
4.63333	0.16847	0.937669	-0.728657	-0.0648853	0.997708	0.0192059	-0.997511	-0.0653806	0.0263954	0.0275906	-0.0174454	0.999467
4.66667	0.167921	0.93142	-0.704059	-0.0419527	0.999042	0.0124822	-0.999018	-0.0421236	0.0137554	0.014268	-0.0118928	0.999827
4.7	0.165634	0.925722	-0.673868	-0.0346246	0.999112	0.0239948	-0.999316	-0.0349243	0.0121845	0.0130116	-0.0235565	0.999638
4.73333	0.161268	0.921389	-0.639604	-0.0508876	0.997717	0.0443895	-0.998417	-0.0518895	0.0217184	0.0239722	-0.0432141	0.998778
4.76667	0.157191	0.919308	-0.604117	-0.0782353	0.995105	0.0603793	-0.996522	-0.0798017	0.0239782	0.0286792	-0.0582934	0.997887
4.8	0.152697	0.921312	-0.567671	-0.130094	0.988988	0.0705595	-0.99129	-0.131207	0.0113544	0.0204872	-0.0684678	0.997443
4.83333	0.147766	0.926259	-0.532452	-0.17196	0.982507	0.0714874	-0.985037	-0.172341	-0.000856248	0.0114789	-0.070565	0.997441
4.86667	0.142492	0.931541	-0.500692	-0.179312	0.981114	0.0725498	-0.983766	-0.179357	-0.00594501	0.00717959	-0.0724381	0.997347
4.9	0.136333	0.935877	-0.470957	-0.187239	0.979319	0.0766577	-0.982262	-0.187461	-0.00435598	0.0101044	-0.0761136	0.997048
4.93333	0.129274	0.937535	-0.444398	-0.192779	0.978492	0.0734137	-0.98113	-0.193347	0.000632603	0.0148133	-0.0719065	0.997301
4.96667	0.126126	0.936816	-0.420346	-0.186376	0.978469	0.088676	-0.982291	-0.187341	0.00261852	0.0191748	-0.0866176	0.996057
5	0.126904	0.935089	-0.395815	-0.166729	0.978041	0.125046	-0.985737	-0.16828	0.00187433	0.0228759	-0.12295	0.992149
5.03333	0.128026	0.933782	-0.371877	-0.145094	0.976863	0.157119	-0.989096	-0.147258	0.00215926	0.0252463	-0.155092	0.987577
5.06667	0.12857	0.934156	-0.349183	-0.116608	0.978959	0.167454	-0.992827	-0.119378	0.00653585	0.0263888	-0.165491	0.985858
5.1	0.129128	0.936113	-0.327071	-0.0829845	0.982251	0.168213	-0.996121	-0.0867165	0.0149503	0.0292718	-0.16632	0.985637
5.13333	0.129563	0.938247	-0.304644	-0.0457727	0.984709	0.168087	-0.998387	-0.05075	0.0254338	0.0335753	-0.166652	0.985444
5.16667	0.129867	0.939602	-0.280505	-0.00589617	0.986557	0.163309	-0.999308	-0.0118092	0.0352605	0.036715	-0.162988	0.985945
5.2	0.130374	0.939501	-0.255262	0.0312582	0.987545	0.154199	-0.99884	0.0252078	0.0410383	0.0366402	-0.155303	0.987187
5.23333	0.131723	0.938009	-0.228763	0.063858	0.987692	0.142783	-0.997307	0.057988	0.0449053	0.0360729	-0.145267	0.988735
5.26667	0.135288	0.934917	-0.202075	0.0907062	0.986361	0.137346	-0.99532	0.0851749	0.0456399	0.0333191	-0.140843	0.989471
5.3	0.140426	0.930327	-0.1768	0.107721	0.983642	0.144376	-0.993839	0.102733	0.0415913	0.0260788	-0.147966	0.988648
5.33333	0.145061	0.924816	-0.151551	0.12009	0.981257	0.150708	-0.99257	0.115679	0.0377289	0.0195879	-0.154119	0.987858
5.36667	0.148837	0.918954	-0.122724	0.126417	0.980817	0.148382	-0.991779	0.121978	0.038685	0.0198436	-0.152053	0.988173
5.4	0.151504	0.91369	-0.0888452	0.12757	0.983695	0.126765	-0.991475	0.123061	0.0428227	0.0265247	-0.131147	0.991008
5.43333	0.155966	0.912044	-0.0539233	0.136548	0.983563	0.118143	-0.990049	0.131399	0.0503604	0.0340088	-0.123844	0.991719
5.46667	0.159916	0.917119	-0.0184226	0.163558	0.981121	0.103197	-0.985581	0.157908	0.0607851	0.0433419	-0.111651	0.992802
5.5	0.163148	0.926247	0.0163611	0.172361	0.980463	0.094783	-0.983499	0.165925	0.0721012	0.0549657	-0.105646	0.992883
5.53333	0.165057	0.934836	0.048882	0.158743	0.983727	0.0841527	-0.984685	0.15152	0.0862381	0.0720839	-0.0965535	0.992714
5.56667	0.163865	0.939656	0.0775524	0.130397	0.990158	0.0508351	-0.986992	0.124775	0.101378	0.0940375	-0.0633932	0.993548
5.6	0.163663	0.939213	0.0987734	0.121552	0.992577	0.00398027	-0.987611	0.120541	0.100467	0.0992413	-0.0161429	0.994932
5.63333	0.166171	0.937296	0.120614	0.129625	0.99119	-0.0272124	-0.986888	0.131628	0.0934145	0.0961734	0.0147467	0.995255
5.66667	0.167573	0.937025	0.142588	0.121494	0.991338	-0.0498846	-0.988563	0.125371	0.0838168	0.0893448	0.0391308	0.995232
5.7	0.16895	0.938691	0.164583	0.100403	0.993041	-0.0615601	-0.991653	0.10491	0.0749582	0.0808948	0.0535202	0.995285
5.73333	0.170127	0.941527	0.186752	0.0705006	0.995948	-0.055831	-0.994576	0.0744737	0.0726054	0.0764692	0.0504094	0.995797
5.76667	0.170993	0.944319	0.209131	0.0359193	0.998707	-0.0359776	-0.996697	0.0384242	0.0715394	0.0728293	0.0332891	0.996789
5.8	0.171663	0.946073	0.232283	0.00235874	0.999941	-0.0105752	-0.997642	0.00307844	0.0685652	0.0685937	0.0103885	0.997591
5.83333	0.172917	0.946649	0.257542	-0.0301092	0.999294	0.0224715	-0.997286	-0.0315448	0.0665314	0.0671932	-0.0204073	0.997531
5.86667	0.177555	0.945879	0.284448	-0.0567937	0.99628	0.0648098	-0.995946	-0.0610706	0.0660387	0.0697511	-0.0607965	0.99571
5.9	0.184801	0.942821	0.308001	-0.0616214	0.994065	0.0896576	-0.995719	-0.0674264	0.0632248	0.0688948	-0.0853778	0.993964
5.93333	0.188541	0.937817	0.327297	-0.043416	0.996109	0.076692	-0.99756	-0.0474239	0.051234	0.0546717	-0.0742805	0.995738
5.96667	0.189115	0.931868	0.347646	-0.0192591	0.998254	0.0558427	-0.999167	-0.0212258	0.034842	0.0359664	-0.0551252	0.997831
6	0.188246	0.925707	0.372548	-0.00798615	0.99876	0.0491487	-0.999623	-0.00926502	0.0258478	0.0262711	-0.0489238	0.998457
6.03333	0.185613	0.920153	0.401809	-0.018888	0.998233	0.0563448	-0.999373	-0.0205382	0.0288531	0.0299593	-0.0557645	0.997994
6.06667	0.182428	0.915908	0.435016	-0.038774	0.996323	0.076403	-0.998356	-0.041856	0.0391591	0.042213	-0.0747591	0.996308
6.1	0.180342	0.914536	0.468426	-0.0536724	0.993334	0.102012	-0.997593	-0.0578313	0.0382564	0.0439009	-0.0997133	0.994047
6.13333	0.177372	0.917797	0.502136	-0.0873048	0.988277	0.125248	-0.995539	-0.091072	0.0246628	0.0357803	-0.122536	0.991819
6.16667	0.172177	0.923787	0.534021	-0.113112	0.986255	0.120448	-0.993146	-0.115822	0.0157138	0.0294483	-0.117845	0.992595
6.2	0.164699	0.928907	0.562098	-0.117181	0.987706	0.103464	-0.992735	-0.119366	0.0151616	0.0273253	-0.100935	0.994518
6.23333	0.156517	0.931188	0.587093	-0.120717	0.988023	0.0961131	-0.992237	-0.123011	0.0182845	0.0298884	-0.0931597	0.995202
6.26667	0.151262	0.93003	0.609451	-0.123222	0.98706	0.102609	-0.99178	-0.12608	0.0218211	0.0344756	-0.0990765	0.994482
6.3	0.14901	0.927596	0.632031	-0.123727	0.985464	0.116417	-0.991689	-0.126966	0.0208027	0.0352813	-0.112876	0.992983
6.33333	0.147507	0.925677	0.653915	-0.118912	0.984181	0.131334	-0.992555	-0.121337	0.0105888	0.026357	-0.129097	0.991282
6.36667	0.146099	0.925495	0.674927	-0.102105	0.984461	0.142869	-0.99455	-0.104066	0.0062994	0.0210693	-0.141447	0.989722
6.4	0.144929	0.927391	0.695434	-0.0775141	0.986289	0.14569	-0.996783	-0.0796533	0.00889845	0.0203811	-0.144531	0.98929
6.43333	0.143332	0.930083	0.716275	-0.0451707	0.989342	0.138429	-0.998777	-0.047514	0.0136686	0.0201002	-0.137642	0.990278
6.46667	0.140839	0.932262	0.738369	-0.0118199	0.992244	0.123746	-0.999727	-0.0142222	0.0185478	0.0201639	-0.123493	0.992141
6.5	0.137732	0.933111	0.762813	0.0172126	0.994615	0.102197	-0.999619	0.0149135	0.0232191	0.02157	-0.102557	0.994493
6.53333	0.135345	0.932358	0.789918	0.0417647	0.996135	0.0772678	-0.998847	0.0397961	0.0268445	0.0236658	-0.0782999	0.996649
6.56667	0.135444	0.930029	0.818661	0.0616724	0.99642	0.0578231	-0.997803	0.0601468	0.0277638	0.0241865	-0.0594084	0.997941
6.6	0.138359	0.926213	0.84621	0.0792841	0.995158	0.0580975	-0.996656	0.0779781	0.0244164	0.0197678	-0.059839	0.998012
6.63333	0.141507	0.921151	0.873279	0.097902	0.992597	0.0718745	-0.995085	0.0965563	0.0219732	0.0148706	-0.0736725	0.997172
6.66667	0.143542	0.915084	0.902834	0.115999	0.989908	0.0813986	-0.993131	0.114329	0.0248951	0.0153376	-0.0837273	0.996371
6.7	0.143644	0.908604	0.936607	0.126639	0.989324	0.0721178	-0.99169	0.12461	0.0319836	0.0226555	-0.0755689	0.996883
6.73333	0.144219	0.903912	0.973337	0.140185	0.988497	0.0567701	-0.989418	0.137687	0.0457692	0.0374262	-0.0625855	0.997338
6.76667	0.145391	0.904759	1.01018	0.16313	0.985549	0.0456337	-0.985431	0.160506	0.0562406	0.0481033	-0.0541434	0.997374
6.8	0.145338	0.911772	1.04724	0.186981	0.981596	0.0388257	-0.980558	0.184096	0.0679281	0.0595303	-0.0507721	0.996934
6.83333	0.144012	0.920494	1.08232	0.185347	0.982018	0.0358804	-0.97953	0.181713	0.086615	0.0785376	-0.0511998	0.995596
6.86667	0.139344	0.926387	1.11356	0.160387	0.986969	0.0129721	-0.981327	0.158029	0.109656	0.106177	-0.0303173	0.993885
6.9	0.135905	0.926398	1.13612	0.148296	0.988481	-0.0302361	-0.981756	0.150829	0.115784	0.119011	0.0125141	0.992814
6.93333	0.137223	0.924021	1.16014	0.163833	0.985246	-0.049489	-0.979444	0.168443	0.110981	0.11768	0.0302893	0.99259
6.96667	0.13759	0.922752	1.18506	0.162166	0.984686	-0.063991	-0.980382	0.168141	0.102858	0.112042	0.0460557	0.992636
7	0.1373	0.923857	1.20962	0.143855	0.986788	-0.0745303	-0.984285	0.150471	0.0924182	0.102412	0.0600642	0.992927
7.03333	0.13674	0.927007	1.23384	0.11395	0.990892	-0.0717541	-0.988674	0.120202	0.0898663	0.0976728	0.0607012	0.993366
7.06667	0.135394	0.93078	1.25847	0.0712619	0.995845	-0.0567018	-0.992943	0.076227	0.0908476	0.0947923	0.0498277	0.994249
7.1	0.133938	0.933428	1.28397	0.0290929	0.998921	-0.0361929	-0.995409	0.0322555	0.0901116	0.0911818	0.0334052	0.995274
7.13333	0.132866	0.934522	1.31133	-0.00885278	0.999907	-0.0103697	-0.99609	-0.00790648	0.0879889	0.0878988	0.0111081	0.996067
7.16667	0.133615	0.934343	1.3411	-0.0435139	0.998759	0.0242222	-0.995197	-0.0454613	0.0867006	0.0876942	-0.0203332	0.99594
7.2	0.138309	0.932468	1.37051	-0.0657916	0.995884	0.0623428	-0.993711	-0.0710652	0.0865364	0.0906106	-0.0562574	0.994296
7.23333	0.14257	0.928072	1.39501	-0.0598715	0.996016	0.0660832	-0.994524	-0.0652007	0.0816744	0.0856577	-0.0608313	0.994466
7.26667	0.143103	0.922028	1.41788	-0.0391411	0.998173	0.0460207	-0.996872	-0.0421716	0.0668378	0.0686565	-0.0432606	0.996702
7.3	0.141458	0.915525	1.44361	-0.0217079	0.999338	0.0292069	-0.998426	-0.023181	0.0510792	0.0517224	-0.0280521	0.998267
7.33333	0.138487	0.909405	1.47392	-0.0172585	0.99927	0.0340842	-0.99888	-0.0187338	0.0434499	0.0440567	-0.0332961	0.998474
7.36667	0.133201	0.904728	1.50793	-0.0370312	0.998126	0.0487151	-0.998178	-0.0392686	0.0458016	0.0476287	-0.0469302	0.997762
7.4	0.127252	0.902295	1.54341	-0.0626069	0.996083	0.0624469	-0.996788	-0.0655371	0.0460319	0.0499441	-0.0593644	0.996986
7.43333	0.121662	0.903676	1.5791	-0.0987531	0.992276	0.0750781	-0.994173	-0.101655	0.0358621	0.0432171	-0.0710991	0.996533
7.46667	0.115056	0.908659	1.61388	-0.141944	0.987034	0.0749445	-0.989388	-0.143842	0.0205312	0.0310451	-0.0712349	0.996976
7.5	0.107788	0.913962	1.64495	-0.156957	0.985249	0.068177	-0.987313	-0.158216	0.013447	0.0240353	-0.0652014	0.997583
7.53333	0.100224	0.918036	1.67307	-0.164657	0.983862	0.0700321	-0.986069	-0.165891	0.0121417	0.0235635	-0.0670573	0.997471
7.56667	0.0944884	0.919255	1.69817	-0.162391	0.983329	0.0818064	-0.986385	-0.163957	0.0127521	0.0259522	-0.0786218	0.996567
7.6	0.0915118	0.918785	1.72279	-0.154104	0.982784	0.101918	-0.987508	-0.156627	0.017178	0.0328453	-0.0979974	0.994645
7.63333	0.0900255	0.918104	1.74757	-0.138528	0.982267	0.126337	-0.989634	-0.142173	0.0202592	0.0378616	-0.122221	0.991781
7.66667	0.0882907	0.91774	1.77136	-0.117289	0.982408	0.145319	-0.992369	-0.121546	0.0207376	0.0380357	-0.141777	0.989168
7.7	0.0861368	0.918584	1.79392	-0.0923684	0.984346	0.150105	-0.994989	-0.0970385	0.0240751	0.0382641	-0.147129	0.988377
7.73333	0.0835275	0.920279	1.8158	-0.0649554	0.987397	0.144319	-0.997073	-0.0700649	0.0306029	0.0403289	-0.141909	0.989058
7.76667	0.0801519	0.921872	1.83848	-0.0349744	0.990956	0.129548	-0.998502	-0.0401076	0.0372284	0.0420876	-0.128051	0.990874
7.8	0.0765907	0.922545	1.86243	-0.0049513	0.993883	0.110324	-0.999046	-0.00970399	0.0425842	0.0433943	-0.110008	0.992983
7.83333	0.0734657	0.922118	1.88773	0.0235474	0.995684	0.0897755	-0.998754	0.0194763	0.0459565	0.0440096	-0.0907458	0.994901
7.86667	0.0716108	0.920563	1.91378	0.0490832	0.996059	0.0738753	-0.99783	0.0456518	0.0474415	0.043882	-0.0760436	0.996138
7.9	0.0715689	0.917769	1.93998	0.0718425	0.995066	0.0684347	-0.996527	0.0687137	0.0470277	0.0420932	-0.0715756	0.996547
7.93333	0.072818	0.913762	1.96615	0.0899064	0.993276	0.0729336	-0.995271	0.0868999	0.043404	0.0367742	-0.076491	0.996392
7.96667	0.0745926	0.908931	1.99253	0.104964	0.99113	0.0815106	-0.99406	0.102195	0.0374344	0.0287724	-0.0849557	0.995969
8	0.0764101	0.903576	2.02042	0.119596	0.988843	0.0888008	-0.992594	0.11717	0.0320675	0.0213049	-0.0919783	0.995533
8.03333	0.0772009	0.897739	2.0518	0.125007	0.988458	0.0855831	-0.992017	0.12308	0.027451	0.0166006	-0.0883314	0.995953
8.06667	0.0773416	0.892611	2.08764	0.129255	0.989331	0.0672186	-0.991425	0.127619	0.0281023	0.0192241	-0.0702746	0.997342
8.1	0.0790108	0.890215	2.12467	0.145212	0.987448	0.0621222	-0.989114	0.143373	0.0331278	0.0238054	-0.0662565	0.997519
8.13333	0.0801623	0.893182	2.16242	0.176124	0.982572	0.059439	-0.983998	0.174081	0.0380049	0.0269954	-0.0651814	0.997508
8.16667	0.0801243	0.900413	2.20001	0.198617	0.978306	0.0588897	-0.979398	0.195883	0.0490908	0.0364903	-0.0674267	0.997057
8.2	0.0784749	0.908259	2.23563	0.197863	0.978749	0.0538656	-0.978642	0.194118	0.067663	0.0557687	-0.0661032	0.996253
8.23333	0.0733728	0.913109	2.26705	0.17434	0.984409	0.023341	-0.981238	0.171699	0.0877007	0.0823258	-0.0381927	0.995873
8.26667	0.0701574	0.913472	2.29079	0.162431	0.986566	-0.0174308	-0.982283	0.163349	0.0918562	0.0934695	0.00220163	0.99562
8.3	0.0703109	0.912696	2.31567	0.162052	0.985812	-0.0437508	-0.982597	0.165285	0.0847619	0.0907906	0.0292536	0.99544
8.33333	0.0697792	0.913296	2.34012	0.144383	0.987267	-0.066769	-0.985869	0.149315	0.075947	0.0849496	0.05486	0.994874
8.36667	0.0693246	0.915687	2.36439	0.116855	0.990131	-0.0773657	-0.990061	0.122275	0.0694816	0.0782558	0.0684775	0.994579
8.4	0.0689325	0.919154	2.38876	0.0802178	0.994262	-0.0707699	-0.993965	0.0851189	0.0691929	0.0748197	0.0647923	0.99509
8.43333	0.0683093	0.922539	2.41377	0.0362421	0.997936	-0.0530135	-0.996684	0.0399617	0.0708739	0.0728461	0.0502692	0.996076
8.46667	0.0678403	0.925048	2.43991	-0.00787688	0.999512	-0.0302329	-0.997472	-0.00571848	0.0708262	0.0706188	0.0307144	0.99703
8.5	0.0687702	0.926713	2.46836	-0.0514569	0.998672	0.00257438	-0.99625	-0.0515114	0.0695188	0.0695591	0.0010125	0.997577
8.53333	0.074259	0.926815	2.49744	-0.0843622	0.995319	0.0471435	-0.993806	-0.0874801	0.068537	0.0723403	-0.0410696	0.996534
8.56667	0.0799613	0.924493	2.5208	-0.0896047	0.994227	0.0590298	-0.993552	-0.093363	0.0643235	0.0694634	-0.0528855	0.996182
8.6	0.0811065	0.921036	2.54132	-0.0846986	0.995494	0.042642	-0.994818	-0.0869014	0.0527682	0.0562361	-0.0379517	0.997696
8.63333	0.0802704	0.91718	2.5631	-0.0780271	0.996634	0.0251598	-0.996065	-0.0789968	0.040174	0.0420263	-0.0219262	0.998876
8.66667	0.0786333	0.912883	2.58831	-0.0698274	0.997384	0.0186732	-0.996938	-0.0704323	0.0339807	0.035207	-0.0162433	0.999248
8.7	0.0764409	0.908275	2.6175	-0.0607262	0.997755	0.0282475	-0.997418	-0.0617438	0.0366646	0.0383264	-0.0259481	0.998928
8.73333	0.0735693	0.903601	2.64984	-0.0578693	0.997172	0.0479463	-0.997227	-0.0599901	0.0440417	0.0467934	-0.0452647	0.997878
8.76667	0.0707949	0.899193	2.68412	-0.0636134	0.99494	0.0777667	-0.99637	-0.0677355	0.0515685	0.0565752	-0.074204	0.995637
8.8	0.068568	0.89787	2.71846	-0.0994305	0.989868	0.101366	-0.99356	-0.104328	0.0442048	0.0543322	-0.0963179	0.993867
8.83333	0.0656721	0.901144	2.75099	-0.1543	0.982589	0.103493	-0.986945	-0.158177	0.03032	0.0461624	-0.0974635	0.994168
8.86667	0.0621149	0.906522	2.77844	-0.171609	0.979351	0.106873	-0.984199	-0.175232	0.0254081	0.0436111	-0.100824	0.993948
8.9	0.0578289	0.911856	2.80201	-0.162542	0.979495	0.119034	-0.985558	-0.166976	0.0282038	0.0475013	-0.112731	0.992489
8.93333	0.0543209	0.915601	2.82202	-0.147883	0.978737	0.142144	-0.987645	-0.15368	0.0306483	0.0518414	-0.135855	0.989371
8.96667	0.0530844	0.917197	2.83895	-0.130893	0.9767	0.170073	-0.990053	-0.137706	0.0288499	0.0515978	-0.164605	0.985009
9	0.0535558	0.917117	2.85618	-0.110001	0.973478	0.200598	-0.992668	-0.117773	0.0271923	0.0500961	-0.196136	0.979296
9.03333	0.0540354	0.91656	2.87219	-0.0868288	0.97274	0.215031	-0.99522	-0.0943807	0.025085	0.0446959	-0.211825	0.976285
9.06667	0.054277	0.916997	2.88672	-0.0683397	0.97293	0.220766	-0.9968	-0.0757858	0.0254262	0.0414689	-0.218322	0.974995
