0	0.96308	-0.269216	0	0.269216	0.96308	0	0	0	1
0.0333333	0.960576	-0.251471	-0.118557	0.24801	0.967788	-0.0433354	0.125635	0.0122237	0.992001
0.0666667	0.974303	-0.0439549	-0.220912	0.0316643	0.997763	-0.058874	0.223005	0.0503661	0.973515
0.1	0.951658	0.129713	-0.278427	-0.150817	0.986993	-0.0556708	0.267584	0.0949712	0.958843
0.133333	0.91497	0.26164	-0.307203	-0.289789	0.955834	-0.0490329	0.280806	0.133888	0.95038
0.166667	0.877571	0.356521	-0.320565	-0.389782	0.919854	-0.0440312	0.279175	0.163591	0.946203
0.2	0.845447	0.422652	-0.326472	-0.459441	0.887255	-0.0411459	0.272274	0.184781	0.944311
0.233333	0.82016	0.468081	-0.328996	-0.507247	0.860886	-0.0396932	0.264648	0.199437	0.943497
0.266667	0.801083	0.499571	-0.32969	-0.540329	0.840538	-0.0392474	0.25751	0.209581	0.943273
0.3	0.787658	0.52056	-0.329564	-0.562339	0.82597	-0.039337	0.251733	0.216311	0.943313
0.333333	0.778237	0.535057	-0.328728	-0.577493	0.815418	-0.0399462	0.246677	0.220925	0.94358
0.366667	0.77191	0.544606	-0.327962	-0.587455	0.808242	-0.0405216	0.243004	0.223942	0.943821
0.4	0.767813	0.550474	-0.327783	-0.593589	0.80374	-0.0406588	0.241071	0.225787	0.943878
0.433333	0.765369	0.55384	-0.327828	-0.597115	0.801127	-0.0406232	0.240133	0.226843	0.943864
0.466667	0.763666	0.555812	-0.328461	-0.599213	0.799583	-0.0401281	0.240328	0.227462	0.943665
0.5	0.762707	0.556587	-0.329377	-0.600072	0.798975	-0.0394079	0.24123	0.227707	0.943376
0.533333	0.762513	0.55651	-0.329956	-0.600021	0.799035	-0.038953	0.241968	0.227682	0.943192
0.566667	0.762805	0.555682	-0.330675	-0.59919	0.799686	-0.0383877	0.243104	0.227419	0.942964
0.6	0.763221	0.554933	-0.330973	-0.598419	0.800274	-0.0381539	0.243696	0.22718	0.942869
0.633333	0.76372	0.553975	-0.331426	-0.597437	0.801024	-0.0377989	0.244541	0.226874	0.942724
0.666667	0.764298	0.553078	-0.331591	-0.596505	0.801725	-0.03767	0.24501	0.226587	0.942671
0.7	0.764651	0.552801	-0.331239	-0.596197	0.801941	-0.0379445	0.244658	0.226498	0.942784
0.733333	0.764739	0.552821	-0.331002	-0.596206	0.801925	-0.0381289	0.244361	0.226504	0.942859
0.766667	0.764794	0.552935	-0.330685	-0.59631	0.801837	-0.0383766	0.243935	0.226541	0.942961
0.8	0.76539	0.552655	-0.329773	-0.59597	0.802055	-0.039087	0.242895	0.226452	0.943251
0.833333	0.766173	0.552256	-0.328623	-0.595492	0.802366	-0.0399819	0.241595	0.226325	0.943615
0.866667	0.766631	0.55224	-0.327577	-0.595421	0.802377	-0.0407942	0.240312	0.22632	0.943943
0.9	0.767413	0.551659	-0.326726	-0.594767	0.802828	-0.0414544	0.239436	0.226139	0.94421
0.933333	0.767965	0.551308	-0.32602	-0.594362	0.8031	-0.0420012	0.238671	0.226029	0.944429
0.966667	0.768356	0.550855	-0.325865	-0.59388	0.803451	-0.0421209	0.238614	0.225889	0.944477
1	0.768906	0.55019	-0.325691	-0.593174	0.803965	-0.0422553	0.238596	0.225682	0.944532
1.03333	0.769222	0.549469	-0.326162	-0.592446	0.80452	-0.0418924	0.239385	0.225458	0.944385
1.06667	0.769319	0.549167	-0.326441	-0.592145	0.804753	-0.0416773	0.239817	0.225364	0.944298
1.1	0.769389	0.549003	-0.326553	-0.59198	0.804879	-0.0415909	0.240003	0.225313	0.944263
1.13333	0.769542	0.549071	-0.326076	-0.592025	0.804827	-0.0419579	0.239397	0.225334	0.944412
1.16667	0.769506	0.549027	-0.326237	-0.591988	0.804861	-0.0418344	0.239607	0.22532	0.944362
1.2	0.769085	0.548863	-0.327501	-0.591885	0.804986	-0.0408615	0.241207	0.225269	0.943967
1.23333	0.768007	0.54929	-0.32931	-0.592426	0.804658	-0.0394675	0.243303	0.225403	0.943397
1.26667	0.766607	0.550249	-0.330968	-0.593515	0.803917	-0.0381861	0.245059	0.225708	0.942869
1.3	0.765789	0.55083	-0.331895	-0.59417	0.803467	-0.0374679	0.246028	0.225894	0.942572
1.33333	0.765437	0.551428	-0.331713	-0.594789	0.803002	-0.0376092	0.245627	0.226087	0.94263
1.36667	0.765827	0.551687	-0.330379	-0.594994	0.802801	-0.0386453	0.243909	0.226169	0.943057
1.4	0.767087	0.551281	-0.328127	-0.594452	0.803116	-0.0403927	0.241257	0.226041	0.94377
1.43333	0.768464	0.550686	-0.325894	-0.59371	0.803576	-0.0421204	0.238686	0.225855	0.944467
1.46667	0.769745	0.549765	-0.324424	-0.592665	0.804287	-0.0432544	0.23715	0.22557	0.944922
1.5	0.770284	0.549165	-0.32416	-0.592024	0.804748	-0.0434574	0.237002	0.225385	0.945004
1.53333	0.770363	0.548864	-0.324484	-0.591727	0.80498	-0.0432081	0.237488	0.225292	0.944904
1.56667	0.76997	0.548895	-0.325362	-0.591809	0.804955	-0.0425341	0.238555	0.225302	0.944633
1.6	0.76932	0.549239	-0.326318	-0.59222	0.804691	-0.0417986	0.239628	0.225409	0.944336
1.63333	0.768789	0.549666	-0.326848	-0.592697	0.804362	-0.04139	0.240153	0.225542	0.94417
1.66667	0.768526	0.550043	-0.326833	-0.59309	0.804071	-0.0414014	0.240025	0.22566	0.944175
1.7	0.768591	0.550226	-0.326371	-0.593257	0.80393	-0.0417581	0.239403	0.225717	0.944319
1.73333	0.768958	0.550172	-0.3256	-0.593157	0.803972	-0.0423535	0.238471	0.2257	0.944559
1.76667	0.769238	0.54998	-0.325261	-0.592938	0.80412	-0.0426144	0.238112	0.22564	0.944663
1.8	0.769606	0.549857	-0.324597	-0.592772	0.804215	-0.0431259	0.237333	0.225602	0.944869
1.83333	0.769808	0.549765	-0.324275	-0.592659	0.804285	-0.0433744	0.236964	0.225574	0.944968
1.86667	0.769833	0.549744	-0.324253	-0.592635	0.804302	-0.0433916	0.236943	0.225568	0.944975
1.9	0.769624	0.549915	-0.324456	-0.592826	0.804169	-0.0432351	0.237142	0.22562	0.944912
1.93333	0.769348	0.549973	-0.325013	-0.592917	0.804125	-0.0428054	0.23781	0.225638	0.94474
1.96667	0.769197	0.550106	-0.325146	-0.593063	0.804022	-0.0427035	0.237933	0.225679	0.944699
2	0.768903	0.550525	-0.325131	-0.593501	0.803699	-0.0427145	0.237792	0.225809	0.944704
2.03333	0.768937	0.550526	-0.325049	-0.593497	0.803698	-0.0427781	0.237691	0.225809	0.944729
2.06667	0.769001	0.550597	-0.324778	-0.593557	0.803643	-0.0429875	0.237337	0.225831	0.944813
2.1	0.769305	0.550289	-0.32458	-0.593224	0.803881	-0.0431403	0.237184	0.225736	0.944874
2.13333	0.769402	0.550086	-0.324695	-0.593017	0.804038	-0.0430513	0.237385	0.225673	0.944838
2.16667	0.76975	0.549762	-0.324418	-0.592663	0.804287	-0.0432649	0.23714	0.225574	0.944924
2.2	0.770176	0.549336	-0.324128	-0.592202	0.804615	-0.0434877	0.236909	0.225442	0.945013
2.23333	0.770668	0.548923	-0.323658	-0.591743	0.804933	-0.0438489	0.236453	0.225316	0.945157
2.26667	0.771294	0.54851	-0.322866	-0.591267	0.805249	-0.0444568	0.235602	0.225189	0.9454
2.3	0.771695	0.548408	-0.322081	-0.591115	0.805328	-0.0450584	0.23467	0.225158	0.945639
2.33333	0.77221	0.54798	-0.321573	-0.590639	0.805655	-0.0454472	0.234173	0.225028	0.945794
2.36667	0.772319	0.54802	-0.321243	-0.590661	0.805625	-0.0456992	0.233757	0.22504	0.945893
2.4	0.772358	0.548292	-0.320684	-0.590912	0.805417	-0.0461268	0.232994	0.225123	0.946062
2.43333	0.772175	0.548459	-0.320841	-0.591095	0.805289	-0.0460068	0.233137	0.225173	0.946015
2.46667	0.772348	0.548168	-0.320923	-0.590796	0.805512	-0.0459441	0.233322	0.225085	0.94599
2.5	0.772611	0.547814	-0.320892	-0.590426	0.805782	-0.0459678	0.233387	0.224978	0.946
2.53333	0.772496	0.547883	-0.321051	-0.590507	0.805729	-0.0458463	0.233562	0.224999	0.945952
2.56667	0.772373	0.547776	-0.321529	-0.590424	0.805811	-0.045481	0.234178	0.224967	0.945807
2.6	0.772123	0.547762	-0.322154	-0.590445	0.805822	-0.0450031	0.234948	0.224962	0.945617
2.63333	0.772148	0.547372	-0.322756	-0.590074	0.80612	-0.044543	0.235798	0.224844	0.945434
2.66667	0.772198	0.547069	-0.32315	-0.58978	0.806351	-0.0442416	0.23637	0.224751	0.945313
2.7	0.772234	0.546645	-0.32378	-0.589373	0.806675	-0.0437608	0.237264	0.224621	0.94512
2.73333	0.772667	0.545479	-0.324712	-0.588207	0.807564	-0.0430505	0.238742	0.224262	0.944833
2.76667	0.771993	0.545101	-0.326944	-0.587933	0.807852	-0.0413511	0.241582	0.224144	0.944139
2.8	0.768767	0.546458	-0.332237	-0.589625	0.806815	-0.0373057	0.247667	0.224574	0.942458
2.83333	0.761481	0.548849	-0.344835	-0.592677	0.804968	-0.0275688	0.26245	0.225369	0.938258
2.86667	0.749229	0.552954	-0.364552	-0.597557	0.801736	-0.0120249	0.285625	0.22685	0.931106
2.9	0.737758	0.552926	-0.387281	-0.597605	0.801766	0.00627344	0.313977	0.226813	0.92194
2.93333	0.736889	0.545465	-0.399327	-0.589273	0.807776	0.0159888	0.331288	0.22353	0.916669
2.96667	0.745414	0.536159	-0.396096	-0.579154	0.815108	0.0134253	0.330059	0.219393	0.918111
3	0.761418	0.521899	-0.384532	-0.563773	0.825917	0.00462523	0.320006	0.213267	0.9231
3.03333	0.770997	0.508397	-0.38353	-0.549142	0.83572	0.00388571	0.322499	0.207617	0.92352
3.06667	0.779949	0.495533	-0.382266	-0.535211	0.844713	0.0029974	0.32439	0.202255	0.924047
3.1	0.78728	0.485139	-0.380567	-0.523966	0.851737	0.00184762	0.325039	0.197949	0.924752
3.13333	0.791621	0.479499	-0.378704	-0.51787	0.855459	0.000617889	0.324262	0.195631	0.925518
3.16667	0.792238	0.487061	-0.3676	-0.525969	0.850477	-0.00668676	0.309379	0.198644	0.92996
3.2	0.789117	0.494804	-0.363955	-0.534233	0.845288	-0.00912371	0.303132	0.201636	0.931372
3.23333	0.784494	0.502486	-0.363424	-0.542454	0.840032	-0.0094858	0.300521	0.204582	0.931575
3.26667	0.780671	0.509298	-0.362173	-0.549729	0.835279	-0.0103593	0.297239	0.207184	0.932053
3.3	0.778191	0.514841	-0.359663	-0.55562	0.831348	-0.0121382	0.292756	0.209282	0.933003
3.33333	0.777674	0.519451	-0.354111	-0.560434	0.828042	-0.0161186	0.284846	0.210991	0.935065
3.36667	0.778463	0.524506	-0.344804	-0.565568	0.824385	-0.0228493	0.272266	0.212797	0.938397
3.4	0.781185	0.52824	-0.332737	-0.569088	0.821668	-0.0316308	0.256691	0.214066	0.942489
3.43333	0.786903	0.523656	-0.326448	-0.564002	0.82498	-0.0361763	0.250369	0.212585	0.944523
3.46667	0.795276	0.522889	-0.306793	-0.56213	0.825526	-0.0501638	0.227036	0.212352	0.950453
3.5	0.800693	0.523132	-0.291932	-0.561349	0.825356	-0.0606249	0.209233	0.212417	0.954516
3.53333	0.801052	0.524767	-0.287984	-0.562728	0.824208	-0.0633978	0.204089	0.212841	0.955534
3.56667	0.799231	0.525237	-0.292157	-0.563534	0.823878	-0.0604581	0.208947	0.21296	0.954457
3.6	0.79686	0.524299	-0.300207	-0.563145	0.824541	-0.0547703	0.218817	0.212705	0.9523
3.63333	0.797203	0.51996	-0.306773	-0.559081	0.827595	-0.0501496	0.227808	0.21149	0.950461
3.66667	0.799731	0.513427	-0.311163	-0.55256	0.832142	-0.0470981	0.23475	0.209602	0.949189
3.7	0.805142	0.505096	-0.310843	-0.543872	0.837833	-0.0473155	0.236536	0.207155	0.949283
3.73333	0.811621	0.497948	-0.305481	-0.536115	0.842609	-0.0508934	0.232059	0.205079	0.950837
3.76667	0.817601	0.492639	-0.298054	-0.530126	0.846084	-0.0557521	0.224713	0.203589	0.95292
3.8	0.821314	0.488558	-0.294541	-0.525661	0.848713	-0.0580142	0.221637	0.202477	0.953876
3.83333	0.820473	0.486353	-0.300475	-0.523785	0.850123	-0.0542189	0.229071	0.201869	0.952248
3.86667	0.813929	0.486518	-0.317521	-0.524973	0.850018	-0.0432786	0.248843	0.201916	0.947263
3.9	0.801132	0.489515	-0.344329	-0.529272	0.84806	-0.0257844	0.27939	0.202901	0.938495
3.93333	0.781743	0.496047	-0.377909	-0.536872	0.843658	-0.0031814	0.317247	0.205376	0.925837
3.96667	0.758521	0.503519	-0.41366	-0.544603	0.838408	0.0219073	0.357846	0.208663	0.910168
4	0.737065	0.508299	-0.445385	-0.548534	0.834912	0.045083	0.394773	0.21108	0.894204
4.03333	0.720847	0.509118	-0.470296	-0.547613	0.834295	0.0638094	0.424852	0.211544	0.880199
4.06667	0.711793	0.507063	-0.486044	-0.543683	0.835861	0.0758048	0.444703	0.210296	0.87064
4.1	0.70957	0.504953	-0.491459	-0.540605	0.83747	0.0799364	0.451946	0.208965	0.867224
4.13333	0.713674	0.506066	-0.48432	-0.542689	0.836623	0.0745021	0.442896	0.209665	0.871713
4.16667	0.722367	0.509194	-0.467876	-0.547891	0.834248	0.0620153	0.421902	0.211547	0.881616
4.2	0.738075	0.508575	-0.443393	-0.548952	0.834714	0.0436323	0.392297	0.211198	0.895265
4.23333	0.759636	0.502079	-0.413364	-0.543009	0.839446	0.0217234	0.357903	0.207958	0.910307
4.26667	0.786216	0.487518	-0.379724	-0.527556	0.849519	-0.00162605	0.32179	0.201604	0.925098
4.3	0.803634	0.479084	-0.353058	-0.518171	0.855062	-0.0191841	0.292696	0.198361	0.935405
4.33333	0.812147	0.481628	-0.32932	-0.520076	0.853425	-0.0344523	0.264457	0.199252	0.943589
4.36667	0.81353	0.494433	-0.306112	-0.53226	0.845133	-0.049487	0.234238	0.203191	0.950708
4.4	0.811674	0.510254	-0.284301	-0.547092	0.834624	-0.0639815	0.204637	0.207471	0.956598
4.43333	0.810188	0.519998	-0.270551	-0.555918	0.827996	-0.0733349	0.185881	0.209819	0.959908
4.46667	0.811003	0.519848	-0.26839	-0.555566	0.828099	-0.0748168	0.18336	0.209785	0.960401
4.5	0.811742	0.514478	-0.276384	-0.550784	0.83176	-0.0693693	0.194196	0.208538	0.958541
4.53333	0.809348	0.511757	-0.288203	-0.548945	0.833603	-0.0613631	0.208844	0.207872	0.955601
4.56667	0.802766	0.515027	-0.300523	-0.553199	0.831364	-0.0529565	0.22257	0.208761	0.952303
4.6	0.798282	0.51717	-0.308677	-0.555935	0.829878	-0.0473149	0.231695	0.209375	0.949989
4.63333	0.805619	0.509418	-0.302441	-0.547504	0.835211	-0.0516058	0.226313	0.207162	0.95177
4.66667	0.816889	0.502915	-0.282433	-0.539353	0.839567	-0.0650088	0.204427	0.205436	0.957082
4.7	0.826282	0.503032	-0.25341	-0.53684	0.83949	-0.0840175	0.170472	0.205463	0.963703
4.73333	0.829862	0.507776	-0.231287	-0.539205	0.836406	-0.0984011	0.143484	0.20637	0.967897
4.76667	0.8302	0.510552	-0.223842	-0.541095	0.8346	-0.103244	0.134107	0.206833	0.969142
4.8	0.830405	0.510889	-0.222307	-0.541242	0.83438	-0.104244	0.132232	0.206887	0.969388
4.83333	0.830297	0.511554	-0.221175	-0.541768	0.833946	-0.104983	0.130744	0.206993	0.969567
4.86667	0.830939	0.510718	-0.220699	-0.540868	0.834491	-0.105293	0.130396	0.206861	0.969642
4.9	0.831589	0.50582	-0.229362	-0.537008	0.837669	-0.099669	0.141714	0.206053	0.968225
4.93333	0.828804	0.502501	-0.246125	-0.535555	0.839816	-0.0888271	0.162064	0.205434	0.965159
4.96667	0.823842	0.501792	-0.263608	-0.536593	0.840277	-0.0774776	0.182626	0.20528	0.961513
5	0.817264	0.504493	-0.278505	-0.540675	0.838503	-0.0677022	0.199372	0.205912	0.958045
5.03333	0.812317	0.504992	-0.29176	-0.542219	0.83817	-0.0588974	0.214802	0.206041	0.954676
5.06667	0.811151	0.502576	-0.299083	-0.540232	0.839781	-0.054016	0.224017	0.205389	0.952697
5.1	0.81313	0.498609	-0.300347	-0.536207	0.84241	-0.0531792	0.226499	0.204289	0.952347
5.13333	0.815149	0.497292	-0.29704	-0.534623	0.843276	-0.0553555	0.222959	0.203927	0.953259
5.16667	0.816129	0.496881	-0.295028	-0.53406	0.843545	-0.0566749	0.220709	0.203817	0.953806
5.2	0.813976	0.497561	-0.299795	-0.535085	0.8431	-0.0535464	0.226114	0.204001	0.9525
5.23333	0.807238	0.500087	-0.313497	-0.538538	0.841427	-0.04447	0.241546	0.204728	0.948547
5.26667	0.79415	0.506315	-0.33611	-0.546107	0.837208	-0.0291587	0.266631	0.206709	0.941371
5.3	0.775736	0.514645	-0.365206	-0.555667	0.831359	-0.00875344	0.299112	0.209723	0.930886
5.33333	0.757038	0.520505	-0.394928	-0.561933	0.827082	0.0129022	0.333353	0.212156	0.918622
5.36667	0.742826	0.521844	-0.419391	-0.562692	0.826076	0.0312377	0.36275	0.212784	0.907268
5.4	0.734311	0.520723	-0.43547	-0.560625	0.826928	0.0434642	0.382735	0.212219	0.899153
5.43333	0.731911	0.519804	-0.440578	-0.559272	0.82763	0.0473664	0.389257	0.211735	0.896464
5.46667	0.737541	0.520387	-0.430384	-0.560531	0.827186	0.0395964	0.376613	0.21204	0.901777
5.5	0.742319	0.529114	-0.411097	-0.57109	0.820511	0.0248438	0.350455	0.216332	0.911253
5.53333	0.74981	0.534688	-0.389735	-0.577685	0.816217	0.00838535	0.322592	0.218856	0.920889
5.56667	0.768832	0.522473	-0.368673	-0.564498	0.8254	-0.00747255	0.300398	0.21386	0.929529
5.6	0.794402	0.495203	-0.351709	-0.535076	0.844581	-0.0194101	0.287435	0.203611	0.935908
5.63333	0.810471	0.474216	-0.343884	-0.512594	0.858281	-0.024519	0.283522	0.196145	0.938692
5.66667	0.81275	0.471456	-0.342296	-0.509623	0.860019	-0.0255196	0.28235	0.195183	0.939246
5.7	0.803556	0.486314	-0.343216	-0.525375	0.850506	-0.0249278	0.279784	0.200348	0.938926
5.73333	0.79162	0.505013	-0.343946	-0.545188	0.837957	-0.0244304	0.275874	0.206855	0.938672
5.76667	0.782264	0.516842	-0.34776	-0.557832	0.829669	-0.0217523	0.277283	0.211008	0.937331
5.8	0.776748	0.51963	-0.355875	-0.560992	0.827668	-0.0159256	0.286271	0.212013	0.934398
5.83333	0.774072	0.517719	-0.36439	-0.559091	0.829049	-0.00977729	0.297035	0.211296	0.931195
5.86667	0.771143	0.517544	-0.370791	-0.558968	0.829173	-0.00515177	0.304784	0.211233	0.928702
5.9	0.768936	0.520541	-0.37118	-0.562192	0.826992	-0.00486492	0.304431	0.212415	0.928548
5.93333	0.772558	0.521899	-0.361629	-0.563542	0.826002	-0.0118338	0.292531	0.212936	0.932247
5.96667	0.780544	0.52105	-0.345337	-0.562266	0.826619	-0.0236401	0.273144	0.212623	0.938181
6	0.787959	0.521234	-0.327775	-0.561788	0.826488	-0.0362185	0.252024	0.212678	0.944061
6.03333	0.79284	0.523928	-0.311293	-0.563724	0.82457	-0.0479513	0.23156	0.213501	0.949104
6.06667	0.79717	0.527562	-0.293595	-0.566278	0.821989	-0.0605249	0.209402	0.214505	0.954012
6.1	0.802054	0.530289	-0.274779	-0.567495	0.820058	-0.0738534	0.186171	0.21517	0.958667
6.13333	0.80573	0.53309	-0.258097	-0.568694	0.818079	-0.0856387	0.165491	0.21578	0.962316
6.16667	0.80846	0.534886	-0.245538	-0.569112	0.816812	-0.0944966	0.150013	0.216135	0.96477
6.2	0.812018	0.531093	-0.242007	-0.564865	0.819466	-0.0969699	0.146817	0.215443	0.965417
6.23333	0.815253	0.522962	-0.248743	-0.55743	0.825076	-0.0923145	0.156955	0.213916	0.96416
6.26667	0.816589	0.516684	-0.257331	-0.552005	0.829344	-0.086475	0.168736	0.212663	0.962446
6.3	0.819236	0.510722	-0.260796	-0.546307	0.833347	-0.0841502	0.174356	0.211414	0.961719
6.33333	0.824929	0.503517	-0.256832	-0.538571	0.838101	-0.0867687	0.171561	0.2099	0.962553
6.36667	0.828036	0.500425	-0.252847	-0.535007	0.840108	-0.0893591	0.167702	0.209268	0.963371
6.4	0.828086	0.501621	-0.250299	-0.535943	0.839335	-0.091008	0.164433	0.209509	0.963882
6.43333	0.824677	0.505762	-0.253206	-0.540458	0.836638	-0.0891125	0.166772	0.210336	0.963299
6.46667	0.818013	0.511442	-0.263214	-0.547276	0.832878	-0.0824779	0.177043	0.211519	0.961205
6.5	0.808558	0.51659	-0.281723	-0.554269	0.829395	-0.0699307	0.197534	0.212693	0.956944
6.53333	0.796582	0.520121	-0.308108	-0.559907	0.826946	-0.0516061	0.227948	0.213621	0.949951
6.56667	0.77956	0.525387	-0.340962	-0.567084	0.82318	-0.0281211	0.265898	0.215276	0.939656
6.6	0.757635	0.533113	-0.376537	-0.576028	0.817428	-0.00169095	0.306891	0.218177	0.9264
6.63333	0.734464	0.540424	-0.410494	-0.583495	0.811742	0.0246739	0.34655	0.221399	0.911529
6.66667	0.714456	0.544931	-0.438865	-0.587125	0.808096	0.0475818	0.380574	0.223674	0.897292
6.7	0.700628	0.54668	-0.458543	-0.587573	0.806644	0.0639114	0.40482	0.224649	0.886371
6.73333	0.696527	0.544656	-0.467119	-0.584405	0.808341	0.0711042	0.416319	0.223461	0.881331
6.76667	0.703127	0.541447	-0.46092	-0.581299	0.811014	0.0659419	0.409517	0.221567	0.884988
6.8	0.712805	0.543314	-0.443531	-0.584879	0.809476	0.0516189	0.387073	0.222618	0.894771
6.83333	0.723904	0.547086	-0.42031	-0.590489	0.806387	0.0326072	0.356771	0.224584	0.906795
6.86667	0.744488	0.537779	-0.395641	-0.580995	0.813805	0.0128978	0.32891	0.220263	0.918315
6.9	0.775741	0.510161	-0.371432	-0.551182	0.834369	-0.00514753	0.307285	0.20872	0.928446
6.93333	0.800547	0.482988	-0.354749	-0.52187	0.852865	-0.0165121	0.294578	0.198352	0.934816
6.96667	0.81195	0.471438	-0.344215	-0.50934	0.860251	-0.0232522	0.28515	0.194202	0.938603
7	0.811638	0.478938	-0.334457	-0.516951	0.855509	-0.0294238	0.272039	0.196779	0.941952
7.03333	0.80593	0.497195	-0.321361	-0.535584	0.843629	-0.037948	0.252242	0.2027	0.946196
7.06667	0.801071	0.511207	-0.311372	-0.5497	0.834165	-0.044698	0.236886	0.206968	0.949236
7.1	0.801341	0.513588	-0.306726	-0.551908	0.832529	-0.0478931	0.230761	0.207663	0.950592
7.13333	0.805083	0.507042	-0.307813	-0.54517	0.836998	-0.0471502	0.233732	0.20577	0.950278
7.16667	0.806436	0.500986	-0.314125	-0.539217	0.841073	-0.0429059	0.242707	0.203982	0.948412
7.2	0.800792	0.504233	-0.323237	-0.543064	0.838885	-0.0367773	0.252614	0.204989	0.945603
7.23333	0.790045	0.515755	-0.3314	-0.555506	0.830929	-0.0311385	0.25931	0.208696	0.942976
7.26667	0.781123	0.526942	-0.334931	-0.567415	0.822935	-0.0286097	0.260551	0.212392	0.941808
7.3	0.779864	0.532463	-0.329083	-0.57299	0.818903	-0.0328755	0.251982	0.2142	0.943729
7.33333	0.786236	0.532297	-0.313837	-0.572067	0.819025	-0.0440211	0.233608	0.214147	0.948456
7.36667	0.795623	0.530594	-0.292325	-0.568896	0.820251	-0.0595462	0.208185	0.213679	0.954464
7.4	0.807273	0.524852	-0.26989	-0.561116	0.8243	-0.0753586	0.182918	0.212275	0.959938
7.43333	0.813053	0.524406	-0.252868	-0.558954	0.82461	-0.0871143	0.162834	0.21217	0.963571
7.46667	0.818525	0.522804	-0.238102	-0.555664	0.825705	-0.097201	0.145785	0.211866	0.966364
7.5	0.821325	0.521692	-0.230786	-0.553656	0.826456	-0.102153	0.137442	0.211677	0.967627
7.53333	0.825736	0.515575	-0.228784	-0.547252	0.830545	-0.103492	0.136658	0.210659	0.96796
7.56667	0.822712	0.515786	-0.238976	-0.548702	0.830406	-0.0967109	0.148565	0.210692	0.966197
7.6	0.817509	0.519304	-0.249003	-0.553399	0.828042	-0.0899725	0.159462	0.211352	0.964314
7.63333	0.813148	0.522172	-0.257153	-0.55718	0.826089	-0.0844215	0.168348	0.211928	0.962676
7.66667	0.810993	0.522685	-0.262852	-0.558281	0.825737	-0.0805068	0.174967	0.212036	0.961471
7.7	0.810821	0.520597	-0.267484	-0.556604	0.827172	-0.0773227	0.181002	0.211578	0.960455
7.73333	0.81029	0.519157	-0.271858	-0.555542	0.82816	-0.0743213	0.186558	0.21125	0.959463
7.76667	0.806249	0.520438	-0.281259	-0.55768	0.827279	-0.0678441	0.197371	0.211552	0.957231
7.8	0.800691	0.521776	-0.294354	-0.560087	0.826349	-0.0587328	0.212594	0.211891	0.95389
7.83333	0.792719	0.523281	-0.312687	-0.562851	0.825288	-0.0458116	0.234085	0.212312	0.948751
7.86667	0.780524	0.527069	-0.336125	-0.567933	0.822565	-0.0289696	0.261216	0.213508	0.941372
7.9	0.764623	0.532666	-0.362792	-0.574541	0.818423	-0.00926445	0.291983	0.215523	0.931824
7.93333	0.746259	0.539602	-0.389777	-0.582	0.813109	0.0113737	0.323069	0.218362	0.920839
7.96667	0.728178	0.545984	-0.414316	-0.58832	0.80804	0.0308359	0.35162	0.221296	0.909611
8	0.714121	0.54942	-0.433784	-0.59112	0.805228	0.0467455	0.374978	0.223036	0.899803
8.03333	0.704996	0.550107	-0.44762	-0.590876	0.804656	0.0582666	0.392233	0.22341	0.892324
8.06667	0.701701	0.548871	-0.454264	-0.588885	0.805692	0.0638386	0.401036	0.222714	0.888577
8.1	0.705777	0.545464	-0.452049	-0.585175	0.808534	0.061991	0.399311	0.220776	0.889836
8.13333	0.716758	0.543816	-0.436489	-0.584514	0.80989	0.0492015	0.380264	0.219868	0.898363
8.16667	0.730353	0.546096	-0.410322	-0.588458	0.808043	0.0279959	0.346847	0.22101	0.911511
8.2	0.74513	0.548339	-0.379613	-0.591569	0.806247	0.00342711	0.307941	0.222014	0.925139
8.23333	0.766511	0.539102	-0.349041	-0.58134	0.813407	-0.0203251	0.272955	0.218491	0.936887
8.26667	0.793507	0.515371	-0.323635	-0.55537	0.830695	-0.0388505	0.24882	0.210565	0.945384
8.3	0.814695	0.491822	-0.307219	-0.529904	0.846587	-0.049932	0.23553	0.203476	0.950328
8.33333	0.824298	0.481611	-0.297629	-0.518696	0.853118	-0.0560731	0.226907	0.2006	0.953034
8.36667	0.821343	0.488982	-0.293755	-0.526048	0.848438	-0.0585352	0.22061	0.202607	0.954087
8.4	0.811948	0.503787	-0.294855	-0.541419	0.838763	-0.057812	0.218189	0.20658	0.953792
8.43333	0.801568	0.515506	-0.302891	-0.554092	0.830808	-0.0523481	0.224658	0.20979	0.951586
8.46667	0.79425	0.517907	-0.317709	-0.557465	0.829136	-0.0420213	0.241661	0.210487	0.947257
8.5	0.789988	0.513726	-0.33467	-0.553854	0.832069	-0.0301273	0.262992	0.209159	0.941854
8.53333	0.784247	0.511343	-0.351405	-0.551854	0.833738	-0.0183958	0.283573	0.208351	0.936043
8.56667	0.777375	0.512689	-0.364469	-0.553527	0.832781	-0.00916507	0.298824	0.208868	0.93117
8.6	0.779485	0.507358	-0.367411	-0.547843	0.836551	-0.00708726	0.303763	0.206808	0.930031
8.63333	0.790837	0.495659	-0.359024	-0.535211	0.844621	-0.0128696	0.29686	0.202332	0.933239
8.66667	0.804812	0.487193	-0.339	-0.525728	0.850249	-0.0261859	0.275477	0.199296	0.940422
8.7	0.81313	0.487633	-0.317858	-0.525328	0.849963	-0.0399238	0.2507	0.199443	0.947297
8.73333	0.814127	0.495089	-0.303454	-0.532306	0.845116	-0.0492896	0.232051	0.201659	0.95157
8.76667	0.810152	0.507829	-0.292852	-0.544808	0.836667	-0.056319	0.216419	0.205175	0.954498
8.8	0.807405	0.51919	-0.280247	-0.55556	0.82894	-0.0648875	0.198619	0.208084	0.957732
8.83333	0.809704	0.524279	-0.26365	-0.559316	0.825433	-0.0763289	0.177607	0.209267	0.961594
8.86667	0.81598	0.52241	-0.247515	-0.555794	0.826713	-0.0874023	0.158964	0.208886	0.964934
8.9	0.821577	0.517132	-0.239972	-0.549624	0.830276	-0.0924965	0.15141	0.207888	0.966363
8.93333	0.823407	0.513897	-0.240646	-0.54643	0.832431	-0.0920452	0.15302	0.207287	0.966239
8.96667	0.821505	0.514051	-0.246741	-0.547253	0.832329	-0.0879925	0.160137	0.207316	0.965078
9	0.815864	0.517605	-0.257781	-0.551998	0.829942	-0.080585	0.172232	0.208041	0.962837
9.03333	0.814308	0.514717	-0.268272	-0.550047	0.831893	-0.0735	0.185342	0.207414	0.960535
9.06667	0.815029	0.508225	-0.278273	-0.544262	0.836252	-0.0667876	0.198763	0.205887	0.958177
