0	1	0	0	0	1	0	0	0	1
0.0333333	0.996008	0.0889444	-0.00759359	-0.088665	0.995564	0.0314644	0.0103585	-0.0306655	0.999476
0.0666667	0.99868	0.0422773	-0.0291649	-0.041761	0.998964	0.0180912	0.0298996	-0.0168494	0.999411
0.1	0.998695	0.040302	-0.0313656	-0.0398522	0.999095	0.0148372	0.0319352	-0.0135678	0.999398
0.133333	0.998691	0.0398413	-0.0320737	-0.0394208	0.99913	0.0136396	0.0325892	-0.0123574	0.999392
0.166667	0.998689	0.0396337	-0.0324038	-0.0391885	0.99913	0.0142621	0.0329409	-0.0129736	0.999373
0.2	0.998684	0.0394803	-0.0327262	-0.0390056	0.999126	0.0150177	0.0332905	-0.0137214	0.999352
0.233333	0.998717	0.0383148	-0.0331025	-0.0379169	0.999202	0.0125658	0.0335575	-0.0112946	0.999373
0.266667	0.998675	0.038942	-0.0336453	-0.0383763	0.999114	0.0173009	0.0342892	-0.0159868	0.999284
0.3	0.998669	0.0387328	-0.0340443	-0.038201	0.99914	0.016134	0.0346399	-0.014812	0.99929
0.333333	0.998659	0.0387603	-0.0343176	-0.0381691	0.999114	0.0177169	0.034974	-0.0163833	0.999254
0.366667	0.998632	0.0392346	-0.0345726	-0.0385702	0.999062	0.0196783	0.0353122	-0.0183179	0.999208
0.4	0.998576	0.0400052	-0.0352942	-0.0392404	0.998985	0.0221027	0.0361426	-0.0206863	0.999133
0.433333	0.9985	0.0413179	-0.0359383	-0.0404231	0.998863	0.0252795	0.036942	-0.0237889	0.999034
0.466667	0.998455	0.0422551	-0.0360905	-0.0412466	0.99875	0.0282463	0.0372389	-0.026714	0.998949
0.5	0.998445	0.0427147	-0.0358278	-0.0416269	0.998665	0.0305791	0.0370861	-0.0290402	0.99889
0.533333	0.998437	0.0430101	-0.0356801	-0.041846	0.998587	0.0327562	0.0370385	-0.031212	0.998826
0.566667	0.998435	0.0433051	-0.0353938	-0.0420769	0.99851	0.0347405	0.0368455	-0.0331969	0.998769
0.6	0.998428	0.0436332	-0.0351897	-0.0423348	0.998424	0.0368354	0.0367415	-0.0352877	0.998702
0.633333	0.998424	0.0436425	-0.0352704	-0.0422916	0.998376	0.0381785	0.0368793	-0.0366267	0.998648
0.666667	0.998414	0.0435346	-0.0356885	-0.0421598	0.998372	0.0384096	0.0373025	-0.0368441	0.998625
0.7	0.998399	0.0429788	-0.036771	-0.0416162	0.998446	0.0370514	0.0383063	-0.0354618	0.998637
0.733333	0.998352	0.0426843	-0.0383637	-0.0413186	0.998508	0.0357135	0.0398308	-0.0340695	0.998625
0.766667	0.998288	0.0423347	-0.0403511	-0.0409514	0.998565	0.0345131	0.0417543	-0.0328016	0.998589
0.8	0.998216	0.0418945	-0.0425447	-0.0404626	0.998603	0.0339772	0.0439088	-0.0321951	0.998517
0.833333	0.998124	0.0420433	-0.0445064	-0.0405178	0.998578	0.0346406	0.0458996	-0.0327723	0.998408
0.866667	0.998039	0.0425915	-0.0458641	-0.0408765	0.998453	0.0377032	0.047399	-0.0357545	0.998236
0.9	0.997991	0.0429092	-0.0466176	-0.0410656	0.998363	0.0398094	0.0482494	-0.037815	0.998119
0.933333	0.997979	0.0432177	-0.0465837	-0.0412849	0.998278	0.0416833	0.0483049	-0.0396758	0.998044
0.966667	0.998007	0.0432561	-0.0459509	-0.0412319	0.998175	0.0441234	0.0477756	-0.0421409	0.997969
1	0.998025	0.0438486	-0.0449765	-0.0418029	0.998091	0.0454582	0.0468839	-0.0434883	0.997953
1.03333	0.998076	0.0436236	-0.0440578	-0.0416256	0.998106	0.0452919	0.0459501	-0.0433708	0.998002
1.06667	0.99812	0.043416	-0.0432694	-0.0414646	0.998125	0.0450181	0.0451428	-0.0431393	0.998049
1.1	0.99814	0.0432286	-0.042975	-0.0413373	0.998178	0.0439632	0.0447971	-0.042105	0.998108
1.13333	0.998147	0.0431318	-0.0429133	-0.0412654	0.998202	0.0434662	0.0447109	-0.0416148	0.998133
1.16667	0.998166	0.0428658	-0.042744	-0.0410848	0.998285	0.041709	0.0444586	-0.0398764	0.998215
1.2	0.998194	0.042735	-0.042213	-0.041032	0.99834	0.0404174	0.0438702	-0.0386123	0.998291
1.23333	0.998258	0.0419599	-0.0414789	-0.0403521	0.998429	0.0388665	0.0430446	-0.037125	0.998383
1.26667	0.998307	0.0411078	-0.0411599	-0.0395981	0.998536	0.0368449	0.0426142	-0.0351526	0.998473
1.3	0.998285	0.0413545	-0.0414343	-0.0398701	0.998555	0.0360341	0.0428646	-0.0343204	0.998491
1.33333	0.998263	0.0413943	-0.0419239	-0.0399241	0.998578	0.0353184	0.0433263	-0.0335833	0.998496
1.36667	0.99823	0.0416561	-0.0424396	-0.040176	0.998574	0.0351501	0.0438433	-0.0333829	0.998481
1.4	0.998216	0.0414108	-0.0430167	-0.0399566	0.998618	0.0341322	0.0443707	-0.0323525	0.998491
1.43333	0.9982	0.0412626	-0.0435284	-0.0397353	0.998583	0.0353871	0.0449269	-0.0335937	0.998425
1.46667	0.998184	0.0412214	-0.0439232	-0.0396492	0.998562	0.0360845	0.0453475	-0.0342775	0.998383
1.5	0.998186	0.0410143	-0.0440808	-0.0394281	0.998564	0.0362709	0.0455051	-0.0344671	0.998369
1.53333	0.998202	0.0406367	-0.0440657	-0.0390587	0.998585	0.0360973	0.0454702	-0.0343113	0.998376
1.56667	0.998223	0.0402719	-0.0439271	-0.0387005	0.9986	0.0360551	0.0453176	-0.034291	0.998384
1.6	0.998224	0.0402442	-0.0439196	-0.0386955	0.998618	0.0355611	0.04529	-0.0337984	0.998402
1.63333	0.998214	0.040114	-0.0442755	-0.0385864	0.998648	0.0348335	0.0456129	-0.0330629	0.998412
1.66667	0.998199	0.0402637	-0.044472	-0.0387589	0.998663	0.0341974	0.0457895	-0.0324121	0.998425
1.7	0.998171	0.0403465	-0.0450229	-0.0388417	0.998673	0.0338116	0.0463273	-0.032001	0.998414
1.73333	0.998153	0.0406613	-0.0451321	-0.0391554	0.998663	0.0337634	0.0464446	-0.0319339	0.99841
1.76667	0.998132	0.0412505	-0.0450611	-0.0397165	0.998618	0.034424	0.0464188	-0.03257	0.998391
1.8	0.998126	0.0414193	-0.0450347	-0.0398602	0.998593	0.0349835	0.0464203	-0.0331229	0.998373
1.83333	0.998127	0.0416456	-0.0448017	-0.0400794	0.998572	0.0353076	0.0462082	-0.0334458	0.998372
1.86667	0.998132	0.0416232	-0.0447236	-0.0400158	0.998541	0.036254	0.0461673	-0.0343966	0.998341
1.9	0.998151	0.0414744	-0.0444254	-0.039866	0.998538	0.0364993	0.0458742	-0.0346608	0.998346
1.93333	0.998176	0.041929	-0.0434463	-0.0403878	0.998544	0.0357646	0.0448826	-0.0339446	0.998415
1.96667	0.998199	0.0418671	-0.0429659	-0.0403459	0.998548	0.0356824	0.0443975	-0.0338847	0.998439
2	0.998207	0.0414447	-0.0431848	-0.0399124	0.998563	0.0357603	0.0446048	-0.0339725	0.998427
2.03333	0.998175	0.0427186	-0.0426864	-0.0410884	0.998419	0.0383641	0.0442577	-0.0365401	0.998352
2.06667	0.998183	0.0426882	-0.0425174	-0.0410975	0.998447	0.0376096	0.0440569	-0.035794	0.998388
2.1	0.998174	0.0431126	-0.0423022	-0.0415148	0.998417	0.0379508	0.0438714	-0.0361254	0.998384
2.13333	0.99817	0.0434507	-0.0420605	-0.0418585	0.9984	0.0380244	0.0436454	-0.0361942	0.998391
2.16667	0.998145	0.0439701	-0.0421094	-0.0423768	0.998378	0.0380101	0.0437124	-0.0361551	0.99839
2.2	0.99813	0.0446693	-0.0417379	-0.0431384	0.998388	0.0368864	0.0433183	-0.0350169	0.998447
2.23333	0.998125	0.0452658	-0.0411888	-0.0437757	0.998379	0.0363868	0.0427691	-0.0345155	0.998489
2.26667	0.998106	0.0463272	-0.0404722	-0.0448341	0.998307	0.0370525	0.0421202	-0.0351678	0.998493
2.3	0.998095	0.0471883	-0.039753	-0.045729	0.998274	0.0368517	0.0414233	-0.0349637	0.99853
2.33333	0.998095	0.0479558	-0.0388085	-0.0465319	0.998239	0.0367961	0.0405047	-0.0349202	0.998569
2.36667	0.998085	0.0489748	-0.0377957	-0.0475779	0.998182	0.0370123	0.0395396	-0.0351432	0.9986
2.4	0.99809	0.0496906	-0.0367037	-0.0483173	0.998132	0.0373994	0.0384935	-0.0355545	0.998626
2.43333	0.998055	0.0512214	-0.0355389	-0.0498552	0.998021	0.0383189	0.0374313	-0.0364726	0.998633
2.46667	0.998076	0.0515308	-0.0344893	-0.0501734	0.997974	0.039127	0.0364357	-0.0373213	0.998639
2.5	0.998038	0.0533426	-0.0327947	-0.0519689	0.99779	0.0414029	0.0349307	-0.0396173	0.998604
2.53333	0.998059	0.0543085	-0.0304909	-0.0529747	0.997671	0.0429684	0.0327534	-0.0412697	0.998611
2.56667	0.998148	0.0537701	-0.0284609	-0.0525344	0.997714	0.0425182	0.0306821	-0.0409442	0.99869
2.6	0.998172	0.0546298	-0.0258516	-0.0534817	0.997634	0.0431937	0.0281501	-0.0417321	0.998732
2.63333	0.998254	0.0544364	-0.0229336	-0.0534251	0.997662	0.0426177	0.0252	-0.041318	0.998828
2.66667	0.998359	0.0538543	-0.0194923	-0.0530143	0.997739	0.0413101	0.0216729	-0.0402089	0.998956
2.7	0.99854	0.0518329	-0.0152222	-0.0512016	0.997915	0.0392823	0.0172266	-0.0384455	0.999112
2.73333	0.998688	0.0501604	-0.0102991	-0.0497635	0.998122	0.0357284	0.0120719	-0.035169	0.999308
2.76667	0.998816	0.0485207	-0.00336997	-0.048394	0.998351	0.0308626	0.00486189	-0.030663	0.999518
2.8	0.998762	0.0493233	0.0064715	-0.0494615	0.998505	0.0232832	-0.00531342	-0.0235744	0.999708
2.83333	0.99811	0.0568273	0.0233802	-0.0570943	0.998309	0.0109125	-0.0227206	-0.0122268	0.999667
2.86667	0.99619	0.0706162	0.0511843	-0.0705814	0.997503	-0.00248917	-0.0512322	-0.00113297	0.998686
2.9	0.992959	0.0815641	0.0859021	-0.081341	0.996668	-0.00610006	-0.0861134	-0.000930251	0.996285
2.93333	0.991665	0.0825329	0.0989425	-0.0834202	0.996503	0.0048578	-0.0981955	-0.0130711	0.995081
2.96667	0.992406	0.080311	0.0931639	-0.0813668	0.996655	0.0075839	-0.0922432	-0.0151067	0.995622
3	0.993972	0.0663285	0.0872966	-0.0661255	0.997798	-0.00521914	-0.0874505	-0.000584846	0.996169
3.03333	0.995259	0.0473967	0.0849325	-0.0456788	0.998713	-0.0220583	-0.0858686	0.0180741	0.996143
3.06667	0.996334	0.0241023	0.0820856	-0.0211639	0.99911	-0.0364805	-0.0828919	0.0346095	0.995957
3.1	0.996857	-0.00536524	0.0790375	0.00910466	0.998852	-0.0470279	-0.0786944	0.0475997	0.995762
3.13333	0.996172	-0.0371735	0.0791157	0.041892	0.997388	-0.0588412	-0.0767217	0.0619303	0.995127
3.16667	0.994554	-0.0646937	0.0817119	0.0707775	0.994751	-0.073892	-0.0765026	0.079273	0.993913
3.2	0.99349	-0.0740102	0.0866041	0.0807166	0.993783	-0.0766832	-0.0803903	0.0831744	0.993287
3.23333	0.993605	-0.0695899	0.0889212	0.0754635	0.995061	-0.064493	-0.0839939	0.0707908	0.993949
3.26667	0.994103	-0.0626189	0.0885296	0.0668778	0.996701	-0.045986	-0.085358	0.0516355	0.995011
3.3	0.99485	-0.0555975	0.0847499	0.0582255	0.997886	-0.0288572	-0.0829664	0.0336432	0.995984
3.33333	0.995846	-0.0500301	0.0760762	0.0518641	0.998405	-0.0223241	-0.0748379	0.026177	0.996852
3.36667	0.996658	-0.0484863	0.06574	0.0504369	0.998325	-0.0283421	-0.0642557	0.0315632	0.997434
3.4	0.996303	-0.0636667	0.0576853	0.0660937	0.996963	-0.0411875	-0.0548878	0.0448479	0.997485
3.43333	0.994624	-0.0928487	0.045852	0.0946688	0.994734	-0.039259	-0.0419654	0.0433887	0.998177
3.46667	0.990739	-0.132799	0.0283125	0.133649	0.990556	-0.0306105	-0.0239801	0.034111	0.99913
3.5	0.98835	-0.151399	0.0155836	0.151797	0.987996	-0.0286507	-0.0110588	0.0306825	0.999468
3.53333	0.987354	-0.158019	0.0127544	0.158324	0.986986	-0.0281327	-0.00814291	0.0297962	0.999523
3.56667	0.986307	-0.163939	0.0179589	0.164252	0.986262	-0.0175752	-0.0148309	0.0202843	0.999684
3.6	0.986739	-0.160123	0.0265748	0.160336	0.987044	-0.00606287	-0.0252597	0.0102434	0.999628
3.63333	0.988636	-0.146018	0.035737	0.146411	0.989186	-0.00862563	-0.034091	0.0137599	0.999324
3.66667	0.990814	-0.127938	0.0438098	0.128629	0.991603	-0.0133188	-0.0417379	0.0188317	0.998951
3.7	0.992992	-0.105376	0.0535081	0.105867	0.99436	-0.006421	-0.0525296	0.0120407	0.998547
3.73333	0.994721	-0.0781669	0.0664905	0.0778709	0.996939	0.00703565	-0.0668369	-0.00182083	0.997762
3.76667	0.995606	-0.0445225	0.0823836	0.0428388	0.998838	0.022094	-0.0832715	-0.0184677	0.996356
3.8	0.995182	-0.00831834	0.0976883	0.00454503	0.999237	0.0387852	-0.0979364	-0.0381544	0.994461
3.83333	0.993608	0.0257411	0.109911	-0.0322895	0.997781	0.0582206	-0.108169	-0.0613974	0.992235
3.86667	0.991424	0.0553044	0.118408	-0.0647046	0.994924	0.0770727	-0.113545	-0.0840732	0.989969
3.9	0.989431	0.0773881	0.122623	-0.0886446	0.992064	0.0891662	-0.11475	-0.0990938	0.98844
3.93333	0.988185	0.0903486	0.123805	-0.101349	0.991158	0.0856354	-0.114973	-0.0971711	0.988605
3.96667	0.987824	0.0962205	0.122252	-0.105312	0.991958	0.0702091	-0.114513	-0.0822289	0.990013
4	0.987397	0.104726	0.118656	-0.111928	0.992152	0.0557304	-0.111889	-0.068309	0.99137
4.03333	0.987459	0.111638	0.111629	-0.118061	0.991609	0.0526681	-0.104812	-0.0651867	0.992353
4.06667	0.986665	0.124708	0.104593	-0.132032	0.989028	0.0662719	-0.095181	-0.0791978	0.992305
4.1	0.984629	0.143548	0.0995007	-0.149781	0.987002	0.0582517	-0.0898455	-0.0722595	0.993331
4.13333	0.979801	0.176262	0.0944513	-0.181502	0.982117	0.05004	-0.0839421	-0.0661724	0.994271
4.16667	0.9754	0.199413	0.0939694	-0.203863	0.978169	0.0403221	-0.0838772	-0.058487	0.994758
4.2	0.97499	0.197409	0.102102	-0.202238	0.97855	0.0392351	-0.092167	-0.0589029	0.994
4.23333	0.975351	0.185295	0.119819	-0.19296	0.979619	0.0557941	-0.107039	-0.0775391	0.991227
4.26667	0.972037	0.182719	0.147505	-0.19721	0.976189	0.0903484	-0.127484	-0.116911	0.984926
4.3	0.96878	0.193858	0.154549	-0.211291	0.9717	0.105618	-0.1297	-0.134975	0.982324
4.33333	0.97095	0.187969	0.148067	-0.204515	0.973138	0.10572	-0.124218	-0.132931	0.98331
4.36667	0.976046	0.167921	0.138338	-0.181562	0.979004	0.092659	-0.119874	-0.115556	0.986041
4.4	0.982393	0.132718	0.131489	-0.141449	0.988161	0.0594096	-0.122047	-0.0769625	0.989536
4.43333	0.988284	0.0872778	0.12521	-0.0901368	0.995778	0.0173423	-0.123168	-0.0284251	0.991979
4.46667	0.992218	0.0405548	0.11772	-0.0378694	0.998971	-0.0249603	-0.118611	0.0203081	0.992733
4.5	0.993866	-0.00302023	0.110551	0.00992185	0.998031	-0.0619324	-0.110147	0.0626494	0.991939
4.53333	0.993241	-0.0436285	0.107561	0.0547339	0.99322	-0.102558	-0.102358	0.107752	0.988895
4.56667	0.991437	-0.0687297	0.111032	0.0824875	0.988786	-0.124488	-0.101231	0.132581	0.985989
4.6	0.991116	-0.067763	0.114444	0.0811952	0.989794	-0.117109	-0.105341	0.125361	0.986503
4.63333	0.992501	-0.0499978	0.111543	0.060695	0.993657	-0.0946647	-0.106102	0.100725	0.989241
4.66667	0.993999	-0.0342206	0.103894	0.0422881	0.996175	-0.076468	-0.10088	0.0804027	0.991644
4.7	0.994929	-0.031783	0.095431	0.0386604	0.996719	-0.0711048	-0.092858	0.0744335	0.992893
4.73333	0.994819	-0.0494475	0.0888286	0.0559715	0.995795	-0.0725203	-0.0848691	0.0771164	0.993403
4.76667	0.994125	-0.0794291	0.0735228	0.0847027	0.993828	-0.0716272	-0.0673798	0.077434	0.994718
4.8	0.99011	-0.133145	0.0442014	0.136015	0.988234	-0.0699545	-0.0343673	0.0752748	0.99657
4.83333	0.984296	-0.175513	0.0188847	0.176385	0.982147	-0.0653946	-0.0070699	0.0676986	0.997681
4.86667	0.983346	-0.181529	0.00877817	0.181719	0.981335	-0.0629274	0.00280882	0.0634746	0.99798
4.9	0.982626	-0.185202	0.0121299	0.185599	0.98065	-0.0622848	-0.000359852	0.0634539	0.997985
4.93333	0.982743	-0.183308	0.0247766	0.184354	0.981583	-0.0500789	-0.0151404	0.0537824	0.998438
4.96667	0.983837	-0.174637	0.0395885	0.176425	0.983175	-0.0473478	-0.0306537	0.0535669	0.998094
5	0.986349	-0.157649	0.0475614	0.160223	0.985476	-0.0562673	-0.0380001	0.0631197	0.997282
5.03333	0.989125	-0.137652	0.0518109	0.140349	0.988704	-0.0526051	-0.0439844	0.0593046	0.99727
5.06667	0.992353	-0.109337	0.0572787	0.110927	0.993506	-0.0253344	-0.0541367	0.0314944	0.998037
5.1	0.994693	-0.0770699	0.0681589	0.0766846	0.997021	0.0082556	-0.0685921	-0.00298506	0.99764
5.13333	0.995644	-0.0420432	0.0832223	0.0391096	0.998565	0.0365717	-0.0846405	-0.0331576	0.99586
5.16667	0.995308	-0.00382375	0.0966768	-0.00214982	0.998098	0.0616096	-0.0967285	-0.0615284	0.993407
5.2	0.993773	0.032411	0.106603	-0.0414131	0.99566	0.0833454	-0.10344	-0.0872412	0.990802
5.23333	0.99144	0.0636105	0.114015	-0.0752797	0.992019	0.101149	-0.106671	-0.108866	0.988316
5.26667	0.989217	0.0866594	0.118068	-0.0995901	0.989104	0.108421	-0.107386	-0.119011	0.987069
5.3	0.987959	0.0989576	0.118934	-0.11119	0.98865	0.101036	-0.107585	-0.113043	0.987748
5.33333	0.986793	0.108965	0.119857	-0.120013	0.98876	0.0891693	-0.108794	-0.102376	0.988779
5.36667	0.986191	0.116708	0.117501	-0.126466	0.988796	0.079308	-0.106929	-0.0930728	0.989901
5.4	0.986218	0.124387	0.109093	-0.133861	0.987409	0.0842891	-0.0972346	-0.0977307	0.990451
5.43333	0.985356	0.138053	0.100078	-0.145818	0.98647	0.0749229	-0.0883803	-0.0884188	0.992155
5.46667	0.980789	0.170364	0.0950258	-0.177419	0.981536	0.071482	-0.0810933	-0.0869681	0.992905
5.5	0.978399	0.185495	0.0912493	-0.191889	0.979121	0.0670902	-0.0768992	-0.0831508	0.993566
5.53333	0.979344	0.178502	0.0949814	-0.185242	0.980368	0.0675622	-0.0810567	-0.0837612	0.993184
5.56667	0.980942	0.15957	0.110859	-0.169383	0.98183	0.0855497	-0.0951936	-0.102697	0.990147
5.6	0.978823	0.157441	0.130833	-0.172021	0.979068	0.108784	-0.110967	-0.128986	0.985418
5.63333	0.975743	0.168551	0.139702	-0.184424	0.976705	0.109704	-0.117957	-0.132807	0.984098
5.66667	0.976538	0.165734	0.137501	-0.180056	0.978644	0.0991774	-0.118127	-0.121608	0.985524
5.7	0.980542	0.148479	0.128421	-0.159415	0.984006	0.0794974	-0.114563	-0.0984228	0.988528
5.73333	0.985225	0.121002	0.121206	-0.127521	0.990696	0.0475288	-0.114327	-0.0622829	0.991489
5.76667	0.989206	0.0885449	0.116757	-0.0903818	0.995852	0.0105227	-0.115341	-0.0209618	0.993105
5.8	0.991955	0.056737	0.11316	-0.0544338	0.998245	-0.0233422	-0.114286	0.0169946	0.993303
5.83333	0.993676	0.0238864	0.109716	-0.0177646	0.998248	-0.0564391	-0.110872	0.0541331	0.992359
5.86667	0.994124	-0.0109827	0.107692	0.0210269	0.995483	-0.0925807	-0.106189	0.0943011	0.989864
5.9	0.99331	-0.0311196	0.111206	0.0434342	0.992972	-0.110091	-0.106998	0.114184	0.987681
5.93333	0.99341	-0.0240023	0.11207	0.0344584	0.995133	-0.0923167	-0.109308	0.0955702	0.989403
5.96667	0.994319	-0.00708657	0.106205	0.0141889	0.997701	-0.0662682	-0.105491	0.0673986	0.992134
6	0.995138	-0.00216738	0.098468	0.00722287	0.998672	-0.0510139	-0.0982267	0.0514771	0.993832
6.03333	0.995542	-0.0179776	0.0925922	0.0224155	0.998638	-0.0471144	-0.0916191	0.0489798	0.994589
6.06667	0.995464	-0.0428669	0.0849309	0.0477774	0.99725	-0.0566548	-0.0822688	0.0604556	0.994775
6.1	0.995655	-0.0649707	0.0667054	0.0697924	0.994909	-0.0726958	-0.0616428	0.0770355	0.995121
6.13333	0.993991	-0.102485	0.0384417	0.105396	0.990925	-0.0834239	-0.0295431	0.0869742	0.995772
6.16667	0.99181	-0.126356	0.0186318	0.127301	0.989801	-0.0639431	-0.0103622	0.0657913	0.99778
6.2	0.992196	-0.123645	0.0161166	0.124093	0.991796	-0.0306724	-0.0121919	0.032433	0.9994
6.23333	0.992586	-0.118375	0.0275729	0.118583	0.992926	-0.00603771	-0.0266632	0.00926263	0.999602
6.26667	0.992055	-0.116718	0.0469334	0.116586	0.993165	0.00554408	-0.0472597	-2.82363e-05	0.998883
6.3	0.991401	-0.117128	0.0583587	0.116737	0.993112	0.0100839	-0.0591378	-0.00318463	0.998245
6.33333	0.992003	-0.111812	0.0585498	0.111086	0.99369	0.0155145	-0.059915	-0.00888634	0.998164
6.36667	0.993335	-0.0954251	0.0646471	0.0939704	0.995256	0.0251891	-0.0667441	-0.0189463	0.99759
6.4	0.994203	-0.0742769	0.0777395	0.0715908	0.996755	0.0367912	-0.08022	-0.0310124	0.996295
6.43333	0.994541	-0.0457915	0.0937579	0.0411539	0.99786	0.0508141	-0.0958841	-0.0466782	0.994297
6.46667	0.993936	-0.0143863	0.109014	0.00714516	0.997759	0.0665261	-0.109727	-0.0653438	0.991812
6.5	0.992576	0.0152707	0.120663	-0.0258586	0.995901	0.0866755	-0.118845	-0.0891522	0.988902
6.53333	0.991125	0.040896	0.126489	-0.0548571	0.992534	0.108939	-0.121089	-0.114911	0.985968
6.56667	0.990309	0.0589008	0.125773	-0.0746348	0.989434	0.124296	-0.117123	-0.132478	0.984242
6.6	0.98998	0.0706747	0.122249	-0.0853643	0.989166	0.119429	-0.112484	-0.128668	0.985288
6.63333	0.989168	0.084019	0.120364	-0.0961969	0.990405	0.099216	-0.110873	-0.10972	0.987759
6.66667	0.987784	0.100398	0.119172	-0.110523	0.990516	0.0816203	-0.109848	-0.0937946	0.989513
6.7	0.986574	0.115176	0.11579	-0.125268	0.98856	0.0840109	-0.104789	-0.0973876	0.989715
6.73333	0.984418	0.13432	0.113487	-0.145229	0.98492	0.0940296	-0.0991453	-0.109046	0.98908
6.76667	0.980522	0.162955	0.109644	-0.17413	0.97948	0.10148	-0.0908571	-0.118595	0.988777
6.8	0.974963	0.194618	0.107572	-0.205693	0.973102	0.103744	-0.0844876	-0.123274	0.98877
6.83333	0.973077	0.200387	0.113867	-0.211781	0.97232	0.0987039	-0.0909361	-0.120161	0.988581
6.86667	0.973403	0.18555	0.134377	-0.200601	0.973621	0.108726	-0.110659	-0.13279	0.984947
6.9	0.970259	0.180558	0.161233	-0.202691	0.970122	0.133342	-0.13234	-0.162057	0.977867
6.93333	0.965808	0.196196	0.169475	-0.219251	0.966962	0.130051	-0.13836	-0.162762	0.976916
6.96667	0.966505	0.196911	0.164605	-0.217957	0.968388	0.121324	-0.135512	-0.153137	0.97887
7	0.971554	0.181391	0.152251	-0.199052	0.973793	0.110028	-0.128303	-0.137204	0.982198
7.03333	0.977846	0.153027	0.142825	-0.166251	0.982352	0.0857077	-0.127188	-0.107554	0.98603
7.06667	0.984358	0.112117	0.1359	-0.120184	0.991354	0.0526585	-0.128821	-0.0681677	0.989322
7.1	0.989042	0.0709883	0.129447	-0.0737928	0.997129	0.0169927	-0.127869	-0.0263588	0.991441
7.13333	0.992084	0.0324113	0.121322	-0.0302415	0.999349	-0.0196839	-0.121881	0.0158591	0.992418
7.16667	0.99362	-0.00690564	0.112567	0.0136821	0.998132	-0.0595386	-0.111946	0.0606989	0.991859
7.2	0.993105	-0.0421718	0.109376	0.0528466	0.993918	-0.0966109	-0.104637	0.101725	0.989294
7.23333	0.992668	-0.049556	0.110244	0.0603598	0.99346	-0.0969243	-0.10472	0.102868	0.989167
7.26667	0.993936	-0.0367609	0.103638	0.0445101	0.996303	-0.0734791	-0.100554	0.0776464	0.991897
7.3	0.995525	-0.0248122	0.091186	0.029506	0.998289	-0.0504921	-0.0897771	0.0529567	0.994553
7.33333	0.996661	-0.0246841	0.077824	0.0282891	0.998561	-0.0455655	-0.0765873	0.047615	0.995925
7.36667	0.996665	-0.045726	0.06759	0.0490767	0.997603	-0.0487733	-0.0651978	0.0519277	0.99652
7.4	0.996001	-0.0722628	0.0525357	0.0750277	0.995787	-0.0527116	-0.0485053	0.0564424	0.997227
7.43333	0.993474	-0.110499	0.0282654	0.11196	0.992092	-0.0567242	-0.0217739	0.0595186	0.99799
7.46667	0.988133	-0.153565	0.003259	0.153535	0.986877	-0.0500106	0.00446364	0.0499175	0.998743
7.5	0.985953	-0.166907	-0.00627183	0.166558	0.985312	-0.037672	0.0124674	0.0360982	0.99927
7.53333	0.985222	-0.171265	-0.00230229	0.171088	0.984663	-0.0341776	0.0081204	0.0332786	0.999413
7.56667	0.985738	-0.167834	0.0123503	0.168171	0.985134	-0.0350581	-0.00628277	0.036635	0.999309
7.6	0.98625	-0.162802	0.0284088	0.163881	0.985626	-0.0410371	-0.0213195	0.0451285	0.998754
7.63333	0.988184	-0.148448	0.0381516	0.149989	0.987825	-0.0412911	-0.0315575	0.0465255	0.998418
7.66667	0.991031	-0.12696	0.0416922	0.12833	0.991215	-0.031998	-0.0372635	0.0370614	0.998618
7.7	0.993742	-0.100974	0.0477646	0.101439	0.994814	-0.00741979	-0.0467677	0.0122186	0.998831
7.73333	0.995553	-0.0730558	0.0594756	0.0716816	0.997116	0.0249235	-0.0611249	-0.0205494	0.997919
7.76667	0.996329	-0.0425653	0.0742753	0.038112	0.997448	0.0603772	-0.0766557	-0.0573248	0.995408
7.8	0.996125	-0.010843	0.0872723	0.00271287	0.995686	0.0927428	-0.0879014	-0.0921467	0.991858
7.83333	0.994953	0.0194133	0.0984412	-0.0313231	0.992168	0.120923	-0.0953227	-0.123396	0.987769
7.86667	0.99309	0.0450855	0.108348	-0.0601726	0.988281	0.140285	-0.100753	-0.145835	0.984165
7.9	0.991138	0.066302	0.115102	-0.082859	0.985866	0.145608	-0.103821	-0.153855	0.982624
7.93333	0.989609	0.0821971	0.117977	-0.0985499	0.985201	0.140241	-0.104703	-0.15041	0.983064
7.96667	0.988426	0.0954993	0.117873	-0.110645	0.985391	0.129466	-0.103787	-0.14101	0.984553
8	0.987169	0.109776	0.115955	-0.123488	0.985238	0.118565	-0.101228	-0.131362	0.986153
8.03333	0.986822	0.119186	0.109443	-0.131901	0.984285	0.11741	-0.0937293	-0.130299	0.987034
8.06667	0.98616	0.130858	0.101802	-0.143575	0.981105	0.129688	-0.0829075	-0.142509	0.986315
8.1	0.983478	0.153227	0.0963975	-0.164826	0.978134	0.126833	-0.0748554	-0.140626	0.987229
8.13333	0.976999	0.192161	0.092447	-0.202568	0.971786	0.120825	-0.0666209	-0.136772	0.98836
8.16667	0.970157	0.22364	0.0937105	-0.233422	0.965997	0.111198	-0.0656558	-0.129753	0.98937
8.2	0.967214	0.231854	0.103636	-0.242364	0.964602	0.103934	-0.0758701	-0.125644	0.98917
8.23333	0.967446	0.219717	0.125587	-0.234265	0.965234	0.115941	-0.0957471	-0.141588	0.985284
8.26667	0.965331	0.214757	0.148375	-0.234617	0.963005	0.132577	-0.114414	-0.162792	0.980004
8.3	0.964492	0.216987	0.15057	-0.237259	0.962297	0.133017	-0.11603	-0.164018	0.97961
8.33333	0.968415	0.203416	0.144201	-0.222298	0.966302	0.129788	-0.112941	-0.157745	0.981
8.36667	0.974741	0.179119	0.133405	-0.194523	0.97436	0.11306	-0.109733	-0.136155	0.984592
8.4	0.9816	0.144571	0.124743	-0.155294	0.984545	0.0809608	-0.11111	-0.0988428	0.988881
8.43333	0.987641	0.102215	0.118815	-0.108041	0.993188	0.0436503	-0.113544	-0.0559476	0.991957
8.46667	0.991845	0.0587384	0.113104	-0.0600594	0.99816	0.00830441	-0.112408	-0.0150296	0.993548
8.5	0.994388	0.0120182	0.105109	-0.00895753	0.999523	-0.0295427	-0.105414	0.0284354	0.994022
8.53333	0.994314	-0.0339702	0.100925	0.0414905	0.996441	-0.0733738	-0.0980737	0.0771441	0.992185
8.56667	0.992995	-0.054155	0.105016	0.063041	0.994534	-0.083229	-0.0999348	0.0892663	0.990982
8.6	0.992816	-0.0570435	0.105182	0.0639221	0.99595	-0.0632274	-0.10115	0.0694967	0.992441
8.63333	0.99333	-0.0562401	0.100656	0.0604442	0.997401	-0.0392143	-0.0981891	0.0450368	0.994148
8.66667	0.994113	-0.0539889	0.0939386	0.0565014	0.998107	-0.0242924	-0.0924492	0.0294571	0.995282
8.7	0.995041	-0.0512099	0.0852728	0.0535721	0.998235	-0.0256467	-0.0838089	0.0300878	0.996028
8.73333	0.995923	-0.0541901	0.0721222	0.0569882	0.997677	-0.0373209	-0.0699322	0.0412788	0.996697
8.76667	0.996262	-0.0667455	0.054839	0.069925	0.995849	-0.0582641	-0.0507225	0.0618809	0.996794
8.8	0.993601	-0.110008	0.025585	0.11158	0.991186	-0.0714169	-0.0175031	0.0738147	0.997118
8.83333	0.985693	-0.168445	-0.00596083	0.16775	0.98384	-0.0626038	0.0164098	0.0607082	0.998021
8.86667	0.982364	-0.186011	-0.0189819	0.184742	0.981256	-0.0548358	0.0288262	0.050362	0.998315
8.9	0.984533	-0.174685	-0.0134457	0.173685	0.983208	-0.0559959	0.0230016	0.0527945	0.99834
8.93333	0.987586	-0.157062	0.00250678	0.156889	0.985456	-0.0652929	0.00778474	0.0648757	0.997863
8.96667	0.990204	-0.13824	0.0196436	0.139298	0.987715	-0.0708181	-0.00961238	0.0728607	0.997296
9	0.992838	-0.11547	0.03066	0.11735	0.990696	-0.0689245	-0.022416	0.0720288	0.997151
9.03333	0.99534	-0.0891317	0.0367862	0.0907801	0.994814	-0.0458749	-0.0325065	0.0490006	0.99827
9.06667	0.996667	-0.0684579	0.0443777	0.0692731	0.997451	-0.0170962	-0.0430942	0.0201134	0.998869
