0	-0.364484	0.275236	0.73996	0.996989	0.0229622	-0.0740607	-0.0119438	0.989224	0.14592	0.0766133	-0.144596	0.98652
0.0333333	0.15543	0.976947	-2.01542	0.073452	0.996561	0.0383635	-0.997	0.0724348	0.0272679	0.0243953	-0.0402513	0.998892
0.0666667	0.153332	0.977276	-2.0169	0.0302183	0.998975	0.0336988	-0.999534	0.0303446	-0.00324507	-0.00426432	-0.0335851	0.999427
0.1	0.153301	0.977252	-2.01728	0.0284822	0.999084	0.0319493	-0.999568	0.0286994	-0.00636284	-0.00727394	-0.0317542	0.999469
0.133333	0.153497	0.977287	-2.01735	0.0287112	0.999116	0.0307224	-0.999563	0.0289111	-0.00608355	-0.00696638	-0.0305343	0.999509
0.166667	0.153795	0.97721	-2.01751	0.0283507	0.999134	0.030462	-0.999573	0.0285529	-0.00622143	-0.00708582	-0.0302726	0.999517
0.2	0.15399	0.977158	-2.01753	0.0284598	0.999153	0.0297157	-0.999572	0.0286473	-0.00590499	-0.00675126	-0.0295349	0.999541
0.233333	0.154263	0.977115	-2.0176	0.0286498	0.999163	0.0291937	-0.999569	0.0288234	-0.00554042	-0.00637724	-0.0290224	0.999558
0.266667	0.15457	0.977032	-2.01771	0.0287243	0.999167	0.0289881	-0.999567	0.0288981	-0.00559493	-0.00642797	-0.0288148	0.999564
0.3	0.154824	0.976982	-2.01781	0.0285926	0.99918	0.0286802	-0.999571	0.0287614	-0.00548997	-0.00631035	-0.028511	0.999574
0.333333	0.155147	0.9769	-2.01801	0.0281772	0.999181	0.0290499	-0.999582	0.0283521	-0.00562487	-0.00644388	-0.0288792	0.999562
0.366667	0.155365	0.976837	-2.01813	0.0283423	0.999186	0.0286949	-0.999579	0.0285094	-0.00543115	-0.0062448	-0.0285289	0.999573
0.4	0.155607	0.976762	-2.01824	0.0283841	0.999185	0.0286903	-0.999578	0.0285488	-0.00535031	-0.00616503	-0.0285263	0.999574
0.433333	0.155862	0.976713	-2.0184	0.0284054	0.999176	0.0289938	-0.999576	0.0285765	-0.00550205	-0.00632605	-0.0288253	0.999564
0.466667	0.156025	0.976697	-2.01843	0.028657	0.999172	0.0288918	-0.999567	0.0288366	-0.00581763	-0.00664595	-0.0287125	0.999566
0.5	0.156155	0.976677	-2.01844	0.0286833	0.99918	0.0285663	-0.999563	0.0288736	-0.0062714	-0.00709108	-0.028374	0.999572
0.533333	0.156058	0.976504	-2.01845	0.0288496	0.99922	0.0269564	-0.999551	0.0290554	-0.00727458	-0.00805214	-0.0267344	0.99961
0.566667	0.156123	0.976466	-2.01831	0.0287764	0.999246	0.0260796	-0.999552	0.0289819	-0.00753433	-0.00828448	-0.0258511	0.999631
0.6	0.156073	0.976261	-2.01817	0.0286806	0.99929	0.0244516	-0.99954	0.0289121	-0.00916635	-0.00986678	-0.0241775	0.999659
0.633333	0.156086	0.976159	-2.01801	0.0287505	0.999318	0.0231607	-0.999528	0.0289927	-0.0101882	-0.0108528	-0.0228568	0.99968
0.666667	0.156129	0.976106	-2.01784	0.0286552	0.999337	0.0224809	-0.999526	0.0289	-0.0106418	-0.0112844	-0.0221653	0.999691
0.7	0.156186	0.976051	-2.01772	0.0285123	0.999344	0.0223373	-0.999524	0.0287662	-0.0111302	-0.0117654	-0.0220093	0.999689
0.733333	0.156249	0.975992	-2.01759	0.0286872	0.999341	0.022252	-0.999514	0.0289497	-0.0115622	-0.0121988	-0.0219095	0.999686
0.766667	0.156309	0.975938	-2.01747	0.0286631	0.99934	0.0223374	-0.999508	0.0289375	-0.0120628	-0.0127012	-0.0219807	0.999678
0.8	0.156361	0.9759	-2.01733	0.0286558	0.999342	0.0222336	-0.999503	0.0289385	-0.0124968	-0.013132	-0.0218645	0.999675
0.833333	0.15648	0.975864	-2.01722	0.0286806	0.999335	0.0225244	-0.999497	0.028976	-0.0129015	-0.0135456	-0.022143	0.999663
0.866667	0.156525	0.975839	-2.01712	0.028772	0.999335	0.0223998	-0.999489	0.0290748	-0.0133135	-0.013956	-0.0220053	0.99966
0.9	0.156618	0.975815	-2.01703	0.028885	0.999326	0.0226654	-0.999482	0.0291963	-0.0135259	-0.0141786	-0.022263	0.999652
0.933333	0.156667	0.97579	-2.01694	0.0288505	0.999323	0.0228488	-0.999481	0.029167	-0.0136407	-0.0142979	-0.0224434	0.999646
0.966667	0.156651	0.975785	-2.01688	0.0288327	0.999324	0.0228206	-0.999482	0.0291493	-0.0136636	-0.0143195	-0.0224148	0.999646
1	0.156717	0.975756	-2.01685	0.0290275	0.999307	0.023314	-0.999474	0.0293547	-0.0138179	-0.0144927	-0.0229006	0.999633
1.03333	0.156701	0.975734	-2.01685	0.0290763	0.999307	0.0232393	-0.999471	0.0294038	-0.0138759	-0.0145496	-0.0228235	0.999634
1.06667	0.156655	0.975743	-2.01669	0.0288342	0.999292	0.0241602	-0.999483	0.0291667	-0.0135255	-0.0142206	-0.0237577	0.999617
1.1	0.156601	0.975713	-2.01684	0.0289957	0.999314	0.0230371	-0.999473	0.0293207	-0.0138955	-0.0145614	-0.022622	0.999638
1.13333	0.156588	0.975711	-2.01685	0.0290507	0.999316	0.0228767	-0.999471	0.029375	-0.0139691	-0.0146316	-0.0224588	0.999641
1.16667	0.156531	0.975713	-2.01689	0.0291207	0.99932	0.0226139	-0.999469	0.0294411	-0.0139673	-0.0146236	-0.0221952	0.999647
1.2	0.15644	0.975728	-2.01697	0.0291006	0.999326	0.0223955	-0.999472	0.0294149	-0.0138348	-0.0144843	-0.021981	0.999653
1.23333	0.156376	0.97572	-2.01704	0.0290679	0.999334	0.022054	-0.999473	0.0293773	-0.0138373	-0.014476	-0.0216402	0.999661
1.26667	0.156294	0.975715	-2.01712	0.0289688	0.999339	0.0219524	-0.999475	0.0292771	-0.0138572	-0.0144908	-0.0215394	0.999663
1.3	0.156197	0.975707	-2.01722	0.0289781	0.999343	0.0217644	-0.999476	0.029282	-0.0137791	-0.0144073	-0.0213537	0.999668
1.33333	0.156112	0.975698	-2.01734	0.0291029	0.999341	0.0216737	-0.999473	0.0294056	-0.0137817	-0.0144099	-0.0212612	0.99967
1.36667	0.15607	0.975689	-2.0175	0.0290686	0.999337	0.0219053	-0.999473	0.0293757	-0.0138313	-0.0144656	-0.0214917	0.999664
1.4	0.155978	0.975669	-2.01771	0.0291939	0.999335	0.0218281	-0.999468	0.0295013	-0.0138949	-0.0145296	-0.0214108	0.999665
1.43333	0.155915	0.97566	-2.01792	0.0291853	0.999332	0.0219981	-0.999468	0.029495	-0.013891	-0.0145305	-0.021581	0.999662
1.46667	0.155887	0.975631	-2.01809	0.0292233	0.999324	0.022288	-0.999464	0.0295414	-0.0140793	-0.0147282	-0.0218646	0.999652
1.5	0.156	0.975661	-2.01824	0.0294504	0.999304	0.0228953	-0.999458	0.0297766	-0.01404	-0.014712	-0.0224694	0.999639
1.53333	0.15594	0.975633	-2.01837	0.0295671	0.999298	0.0230165	-0.999452	0.0298987	-0.0141985	-0.0148767	-0.0225841	0.999634
1.56667	0.155878	0.975629	-2.01854	0.029503	0.999299	0.0230574	-0.99945	0.0298415	-0.0144754	-0.0151533	-0.0226177	0.999629
1.6	0.155858	0.975643	-2.01865	0.0295219	0.999297	0.0230881	-0.999449	0.0298616	-0.0145096	-0.0151888	-0.022647	0.999628
1.63333	0.155877	0.975677	-2.01874	0.0298612	0.999278	0.0234936	-0.99944	0.0302046	-0.0143982	-0.0150974	-0.0230505	0.99962
1.66667	0.155809	0.975701	-2.0188	0.0298876	0.999279	0.0234225	-0.99944	0.0302287	-0.0143474	-0.0150451	-0.0229806	0.999623
1.7	0.15561	0.975696	-2.01879	0.030274	0.999282	0.0227721	-0.999431	0.0306015	-0.0141735	-0.0148602	-0.0223301	0.99964
1.73333	0.155695	0.975772	-2.01875	0.0305004	0.999267	0.02313	-0.999429	0.0308254	-0.0138299	-0.0145327	-0.022695	0.999637
1.76667	0.155716	0.97574	-2.01877	0.0306392	0.999255	0.0234596	-0.999419	0.0309786	-0.0142433	-0.0149595	-0.0230095	0.999623
1.8	0.155756	0.975688	-2.01877	0.030444	0.999253	0.0237921	-0.999413	0.0308054	-0.014974	-0.0156957	-0.0233223	0.999605
1.83333	0.155973	0.975709	-2.01866	0.0309081	0.999226	0.0243297	-0.999396	0.0312825	-0.0151606	-0.0159099	-0.0238464	0.999589
1.86667	0.156048	0.975615	-2.01858	0.0310999	0.999217	0.0244761	-0.999377	0.0314952	-0.0159318	-0.0166902	-0.0239654	0.999573
1.9	0.15642	0.975619	-2.01843	0.031407	0.999192	0.0250637	-0.999361	0.0318207	-0.0162806	-0.017065	-0.0245363	0.999553
1.93333	0.156723	0.975541	-2.01821	0.0315179	0.999179	0.0254702	-0.99935	0.0319486	-0.016682	-0.017482	-0.0249279	0.999536
1.96667	0.157145	0.975515	-2.01801	0.03159	0.999176	0.025499	-0.999342	0.032029	-0.0169942	-0.0177969	-0.0249454	0.99953
2	0.157784	0.97553	-2.01775	0.031376	0.999178	0.0256672	-0.999345	0.031824	-0.0172364	-0.018039	-0.0251096	0.999522
2.03333	0.158407	0.975556	-2.01737	0.0309025	0.999192	0.0256937	-0.999357	0.0313553	-0.0174099	-0.0182015	-0.0251392	0.999518
2.06667	0.159118	0.975579	-2.01677	0.0307956	0.999207	0.025253	-0.99936	0.0312407	-0.0174264	-0.0182015	-0.0247002	0.999529
2.1	0.159915	0.975547	-2.01593	0.030379	0.999222	0.0251683	-0.999376	0.0308182	-0.0172484	-0.0180107	-0.0246286	0.999534
2.13333	0.160707	0.975346	-2.01488	0.0299104	0.999233	0.0252754	-0.999382	0.0303629	-0.0177122	-0.0184661	-0.02473	0.999524
2.16667	0.161627	0.975201	-2.01353	0.0298483	0.999237	0.0251813	-0.999385	0.0302973	-0.0176429	-0.0183924	-0.0246392	0.999527
2.2	0.162652	0.974974	-2.01199	0.0290351	0.99925	0.0256055	-0.9994	0.029504	-0.0181279	-0.0188698	-0.0250638	0.999508
2.23333	0.163807	0.974732	-2.01033	0.0283913	0.999253	0.0262114	-0.999409	0.0288848	-0.0186441	-0.0193873	-0.0256666	0.999483
2.26667	0.165131	0.974533	-2.00842	0.0276192	0.999246	0.0272721	-0.999435	0.0281262	-0.0183866	-0.0191398	-0.0267488	0.999459
2.3	0.166601	0.974333	-2.00629	0.0264428	0.99925	0.0282822	-0.999481	0.0269484	-0.0176448	-0.0183937	-0.0278009	0.999444
2.33333	0.168173	0.974073	-2.00392	0.0247782	0.999273	0.0289861	-0.999539	0.0252724	-0.0168075	-0.0175279	-0.0285563	0.999438
2.36667	0.169941	0.973904	-2.00115	0.023703	0.999288	0.0293698	-0.999591	0.024159	-0.0152707	-0.0159693	-0.0289959	0.999452
2.4	0.171623	0.973661	-1.9978	0.0231387	0.999316	0.0288584	-0.999627	0.0235463	-0.0138652	-0.0145353	-0.0285268	0.999487
2.43333	0.173596	0.973435	-1.99405	0.0212802	0.999348	0.0291548	-0.999688	0.0216511	-0.0124658	-0.0130889	-0.0288804	0.999497
2.46667	0.175655	0.973074	-1.98977	0.0191538	0.999354	0.0304045	-0.999752	0.019488	-0.010733	-0.0113186	-0.0301914	0.99948
2.5	0.177915	0.972682	-1.98499	0.0165599	0.999321	0.0329019	-0.999825	0.0168366	-0.00814982	-0.00869824	-0.0327612	0.999425
2.53333	0.180357	0.972209	-1.97962	0.0140182	0.999224	0.0368054	-0.999889	0.0141964	-0.00458532	-0.00510426	-0.036737	0.999312
2.56667	0.18294	0.971659	-1.97383	0.0104637	0.998949	0.044627	-0.999945	0.0104621	0.000270647	-0.000196529	-0.0446274	0.999004
2.6	0.185725	0.970952	-1.96719	0.00813923	0.998548	0.0532578	-0.999936	0.00770844	0.00828915	0.00786658	-0.0533219	0.998546
2.63333	0.188278	0.969694	-1.95967	0.00637533	0.997884	0.064709	-0.999762	0.00501151	0.0212166	0.0208474	-0.0648289	0.997679
2.66667	0.189986	0.967875	-1.95134	0.000483888	0.996966	0.0778425	-0.999236	-0.00255923	0.0389888	0.0390697	-0.0778019	0.996203
2.7	0.190262	0.96657	-1.94239	-0.0205288	0.995808	0.0891314	-0.998141	-0.0255303	0.0553403	0.0573839	-0.0878296	0.994481
2.73333	0.18753	0.96589	-1.93574	-0.0522773	0.995221	0.0824804	-0.996323	-0.0575925	0.0634351	0.0678821	-0.0788609	0.994572
2.76667	0.184514	0.964536	-1.93421	-0.0654134	0.99625	0.0566321	-0.99584	-0.0687838	0.0597637	0.0634349	-0.0524872	0.996605
2.8	0.185138	0.96358	-1.93121	-0.0701799	0.99651	0.0451887	-0.996284	-0.072287	0.0468177	0.0499208	-0.0417352	0.997881
2.83333	0.187056	0.96324	-1.92448	-0.0807845	0.995563	0.0482601	-0.995919	-0.0825786	0.0364141	0.0402377	-0.0451215	0.998171
2.86667	0.18902	0.963427	-1.91495	-0.0989855	0.993294	0.059739	-0.99448	-0.100847	0.0289879	0.034818	-0.0565398	0.997793
2.9	0.191031	0.963707	-1.90336	-0.119709	0.98979	0.0773649	-0.992244	-0.121907	0.0243134	0.0334965	-0.0738543	0.996706
2.93333	0.194356	0.963849	-1.8892	-0.14243	0.983968	0.107339	-0.989123	-0.145517	0.0214629	0.0367384	-0.103114	0.993991
2.96667	0.200815	0.963139	-1.87472	-0.153518	0.97771	0.143229	-0.987268	-0.157872	0.0194764	0.0416541	-0.138415	0.989498
3	0.206315	0.960793	-1.86438	-0.139678	0.97818	0.153798	-0.989565	-0.143442	0.0135984	0.0353628	-0.150294	0.988009
3.03333	0.207441	0.957977	-1.85571	-0.118849	0.983	0.139948	-0.992777	-0.119973	-0.000404697	0.0163922	-0.138986	0.990159
3.06667	0.20616	0.955132	-1.84564	-0.10144	0.987321	0.122091	-0.994829	-0.100042	-0.0175413	-0.00510469	-0.123239	0.992364
3.1	0.204187	0.95214	-1.83267	-0.0872033	0.989961	0.111229	-0.99593	-0.0840829	-0.0324516	-0.0227734	-0.113606	0.993265
3.13333	0.201945	0.948967	-1.81581	-0.0759124	0.990884	0.111297	-0.996533	-0.071584	-0.0423895	-0.034036	-0.114129	0.992883
3.16667	0.198684	0.945894	-1.7957	-0.0719473	0.990573	0.11657	-0.996729	-0.0670911	-0.0450658	-0.0368202	-0.119431	0.99216
3.2	0.19482	0.943432	-1.77213	-0.0768999	0.988744	0.128342	-0.996577	-0.0723088	-0.0400631	-0.0303319	-0.130984	0.99092
3.23333	0.190798	0.942528	-1.74745	-0.0870908	0.987125	0.134162	-0.995834	-0.0826139	-0.0385933	-0.0270128	-0.136964	0.990208
3.26667	0.18604	0.94419	-1.72186	-0.105863	0.984886	0.137086	-0.994023	-0.101117	-0.0411557	-0.0266719	-0.140623	0.989704
3.3	0.18077	0.94784	-1.69605	-0.123144	0.982631	0.138823	-0.991968	-0.117809	-0.0460437	-0.0288893	-0.143378	0.989246
3.33333	0.175032	0.951725	-1.67114	-0.127039	0.981875	0.140648	-0.991358	-0.121011	-0.050645	-0.0327071	-0.145867	0.988763
3.36667	0.16848	0.954719	-1.6464	-0.132399	0.98079	0.143256	-0.990646	-0.126118	-0.0521108	-0.0330425	-0.148816	0.988313
3.4	0.160547	0.956136	-1.62256	-0.138325	0.981065	0.135564	-0.989854	-0.132458	-0.0514244	-0.0324941	-0.141302	0.989433
3.43333	0.151966	0.95635	-1.60023	-0.14203	0.981807	0.126028	-0.989355	-0.136727	-0.0498203	-0.0316824	-0.131763	0.990775
3.46667	0.145955	0.955704	-1.58066	-0.137772	0.981238	0.134876	-0.98993	-0.131943	-0.0512855	-0.0325273	-0.140583	0.989534
3.5	0.14392	0.954353	-1.56187	-0.122866	0.979244	0.161197	-0.992037	-0.116656	-0.0474749	-0.027685	-0.165746	0.98578
3.53333	0.142751	0.953264	-1.5426	-0.103003	0.978213	0.180248	-0.994531	-0.0981356	-0.0357396	-0.0172722	-0.182944	0.982972
3.56667	0.141067	0.953196	-1.52379	-0.0784497	0.97973	0.184323	-0.996865	-0.075191	-0.0246139	-0.0102555	-0.185676	0.982557
3.6	0.138936	0.954078	-1.5056	-0.0531425	0.982067	0.180888	-0.998573	-0.0513227	-0.0147294	-0.00518157	-0.181413	0.983393
3.63333	0.136757	0.955252	-1.48754	-0.0271652	0.984403	0.17382	-0.99963	-0.0270402	-0.00308764	0.00166064	-0.173839	0.984773
3.66667	0.134358	0.95597	-1.46911	0.000769537	0.986772	0.162114	-0.999974	-0.000402233	0.00719514	0.00716516	-0.162115	0.986746
3.7	0.132047	0.955789	-1.45013	0.0279215	0.989166	0.144124	-0.999572	0.0263614	0.0127234	0.00878625	-0.144417	0.989478
3.73333	0.129955	0.954801	-1.42967	0.0524704	0.9913	0.12071	-0.998578	0.0509402	0.0157296	0.00944372	-0.121364	0.992563
3.76667	0.128844	0.952967	-1.40775	0.0741526	0.992458	0.0976171	-0.997203	0.0728767	0.0165762	0.0093372	-0.0985733	0.995086
3.8	0.129669	0.950364	-1.38504	0.0924746	0.992383	0.0813913	-0.995689	0.0915676	0.014815	0.00724931	-0.0824104	0.996572
3.83333	0.132243	0.947043	-1.36273	0.105476	0.991494	0.0762538	-0.994421	0.105095	0.00901023	0.000919726	-0.0767788	0.997048
3.86667	0.13502	0.943195	-1.34045	0.116499	0.99035	0.075069	-0.993166	0.116696	0.00178074	-0.00699666	-0.0747635	0.997177
3.9	0.136783	0.938935	-1.31671	0.122465	0.989667	0.0745696	-0.992376	0.123155	-0.00470935	-0.0138443	-0.0734244	0.997205
3.93333	0.137202	0.934719	-1.28964	0.127374	0.990022	0.0602634	-0.991701	0.12819	-0.00984406	-0.017471	-0.0585094	0.998134
3.96667	0.135975	0.931184	-1.25756	0.128653	0.991303	0.0277102	-0.9916	0.128967	-0.00988856	-0.0133763	-0.0262052	0.999567
4	0.135735	0.929794	-1.22395	0.138971	0.990288	0.00407158	-0.99028	0.138991	-0.005119	-0.0056352	-0.00332062	0.999979
4.03333	0.135034	0.932126	-1.18901	0.156909	0.987527	-0.0130373	-0.987611	0.15687	-0.00394632	-0.00185193	0.013495	0.999907
4.06667	0.134141	0.938462	-1.15351	0.180902	0.983248	-0.0223307	-0.983439	0.181099	0.00712067	0.0110454	0.0206728	0.999725
4.1	0.1336	0.945788	-1.11869	0.185243	0.982471	-0.0208918	-0.982221	0.185771	0.0270393	0.0304464	0.0155116	0.999416
4.13333	0.131299	0.950673	-1.08535	0.166651	0.985529	-0.0309924	-0.984362	0.168109	0.0526288	0.0570773	0.0217371	0.998133
4.16667	0.126203	0.951583	-1.05735	0.146084	0.987408	-0.0606988	-0.985438	0.15064	0.0788604	0.0870111	0.0482947	0.995036
4.2	0.124342	0.948941	-1.03534	0.149307	0.984783	-0.088936	-0.984217	0.156655	0.0823183	0.094998	0.0752416	0.99263
4.23333	0.124359	0.946851	-1.01196	0.149044	0.983637	-0.101214	-0.984812	0.156878	0.0743976	0.0890585	0.0885885	0.992079
4.26667	0.12401	0.947041	-0.98853	0.131252	0.985518	-0.107366	-0.988185	0.13871	0.0651926	0.0791412	0.0975406	0.99208
4.3	0.124168	0.949375	-0.964616	0.101117	0.990346	-0.0948134	-0.992448	0.107063	0.059871	0.069444	0.0880434	0.993693
4.33333	0.124514	0.952534	-0.940493	0.0610991	0.995874	-0.0670997	-0.996229	0.064994	0.0574845	0.0616084	0.0633344	0.996089
4.36667	0.124976	0.954969	-0.915787	0.0192442	0.999288	-0.0324434	-0.998321	0.0209787	0.0539985	0.0546407	0.0313498	0.998014
4.4	0.125634	0.955973	-0.889582	-0.0215243	0.999752	0.00571835	-0.998577	-0.0217775	0.0486874	0.0487999	-0.00466225	0.998798
4.43333	0.127793	0.955806	-0.860073	-0.0619781	0.996774	0.0509924	-0.99692	-0.064285	0.0449162	0.0480494	-0.0480515	0.997688
4.46667	0.134944	0.95384	-0.829887	-0.0905607	0.990549	0.103009	-0.994521	-0.095374	0.0427934	0.0522133	-0.0985688	0.99376
4.5	0.141703	0.948999	-0.805697	-0.0840568	0.989554	0.117124	-0.995367	-0.0888883	0.036648	0.0466761	-0.1135	0.992441
4.53333	0.143612	0.942771	-0.782927	-0.0641172	0.992472	0.104347	-0.997443	-0.0670417	0.0247617	0.031571	-0.102493	0.994233
4.56667	0.143455	0.935988	-0.757106	-0.0469547	0.994564	0.0929446	-0.998709	-0.0485491	0.0149675	0.0193985	-0.0921218	0.995559
4.6	0.142707	0.929189	-0.726269	-0.0361707	0.994569	0.0975961	-0.999224	-0.0375193	0.0120175	0.015614	-0.0970857	0.995154
4.63333	0.141079	0.923645	-0.690844	-0.0410057	0.992129	0.118314	-0.998955	-0.0431022	0.015215	0.0201948	-0.117566	0.99286
4.66667	0.139393	0.920928	-0.652434	-0.0606066	0.987303	0.146831	-0.997772	-0.0640325	0.0187143	0.0278787	-0.14537	0.988985
4.7	0.137491	0.922662	-0.614069	-0.0978388	0.982344	0.159461	-0.995019	-0.0996325	0.00327338	0.0191031	-0.158346	0.987199
4.73333	0.133339	0.928158	-0.577364	-0.133392	0.979331	0.152046	-0.991016	-0.133304	-0.010816	0.00967591	-0.152123	0.988314
4.76667	0.127356	0.934797	-0.543757	-0.143469	0.98023	0.136257	-0.989623	-0.143201	-0.0118153	0.00793048	-0.136538	0.990603
4.8	0.121588	0.939763	-0.513803	-0.139218	0.981193	0.133709	-0.990153	-0.139933	-0.00408447	0.0147026	-0.132961	0.991012
4.83333	0.118198	0.941607	-0.486731	-0.127002	0.981547	0.142957	-0.991609	-0.129142	0.00575462	0.0241101	-0.141027	0.989712
4.86667	0.117451	0.940961	-0.460071	-0.114966	0.980483	0.159487	-0.992926	-0.118221	0.0110439	0.0296832	-0.157089	0.987138
4.9	0.117435	0.939535	-0.434185	-0.10021	0.979482	0.17485	-0.994551	-0.103685	0.0108326	0.0287396	-0.172811	0.984536
4.93333	0.117033	0.938853	-0.40942	-0.0805794	0.97972	0.183453	-0.996384	-0.0841515	0.0117574	0.0269569	-0.181842	0.982958
4.96667	0.116065	0.939597	-0.386044	-0.0578861	0.982082	0.179345	-0.997926	-0.061991	0.0173642	0.0281708	-0.177968	0.983633
5	0.114699	0.94133	-0.36262	-0.0302904	0.985847	0.164888	-0.999084	-0.0348495	0.0248265	0.0302214	-0.163985	0.986
5.03333	0.113021	0.94282	-0.338591	0.000984323	0.989178	0.146719	-0.999514	-0.0035975	0.0309599	0.0311527	-0.146678	0.988694
5.06667	0.111264	0.943225	-0.313613	0.0306145	0.991509	0.126381	-0.999021	0.0263151	0.0355498	0.0319222	-0.127346	0.991345
5.1	0.109997	0.942169	-0.287411	0.0550728	0.99308	0.103727	-0.99797	0.051419	0.0375777	0.0319841	-0.105586	0.993896
5.13333	0.110852	0.93967	-0.259521	0.0739665	0.993492	0.0866173	-0.996736	0.0708312	0.0387308	0.0323436	-0.0891993	0.995489
5.16667	0.113979	0.935763	-0.232014	0.0875293	0.993018	0.0790842	-0.995727	0.08487	0.0363911	0.0294251	-0.0819316	0.996203
5.2	0.118217	0.930845	-0.205589	0.0970982	0.991798	0.0831164	-0.995012	0.0948162	0.0309855	0.0228506	-0.0857104	0.996058
5.23333	0.121889	0.925501	-0.178659	0.103949	0.990583	0.0891026	-0.994449	0.102049	0.0256366	0.0163023	-0.0912729	0.995692
5.26667	0.123999	0.920424	-0.149092	0.108378	0.99045	0.085226	-0.99403	0.106885	0.0219057	0.0125872	-0.0870913	0.996121
5.3	0.124401	0.91646	-0.115261	0.109744	0.991989	0.0625685	-0.993837	0.108525	0.0225735	0.0156024	-0.0646603	0.997785
5.33333	0.12547	0.914738	-0.0790281	0.118709	0.992018	0.0425257	-0.992635	0.117523	0.0294054	0.024173	-0.0457032	0.998663
5.36667	0.126434	0.917208	-0.0417113	0.1395	0.989732	0.0311613	-0.98986	0.138529	0.0314102	0.0267709	-0.0352271	0.999021
5.4	0.126976	0.924266	-0.00416772	0.17118	0.984863	0.0272439	-0.984647	0.170053	0.0393904	0.0341612	-0.0335685	0.998852
5.43333	0.127201	0.932567	0.0322917	0.179451	0.983291	0.0305791	-0.982528	0.177579	0.0557161	0.0493549	-0.0400431	0.997978
5.46667	0.125515	0.938407	0.0670371	0.164672	0.986119	0.0212915	-0.983606	0.162568	0.078039	0.0734944	-0.0337933	0.996723
5.5	0.12099	0.939804	0.0967883	0.142916	0.989689	-0.00948571	-0.984661	0.143146	0.0997614	0.100091	-0.00491731	0.994966
5.53333	0.119156	0.937006	0.119557	0.145458	0.988342	-0.0449674	-0.983589	0.149363	0.101207	0.106743	0.0295081	0.993849
5.56667	0.119362	0.934657	0.143013	0.14801	0.98683	-0.0652694	-0.983974	0.153575	0.0906073	0.0994377	0.0508126	0.993746
5.6	0.118908	0.934831	0.166549	0.131353	0.987999	-0.0812691	-0.987336	0.13774	0.0787141	0.0889634	0.0699006	0.993579
5.63333	0.118815	0.937377	0.190213	0.100552	0.991827	-0.0785427	-0.991781	0.106198	0.0713634	0.0791212	0.0707215	0.994353
5.66667	0.118375	0.940896	0.214043	0.0592253	0.996446	-0.0598988	-0.995594	0.0633316	0.0691536	0.0727014	0.0555392	0.995806
5.7	0.117676	0.943507	0.238156	0.0173563	0.999176	-0.036702	-0.997617	0.0197573	0.0661028	0.0667735	0.0354672	0.997138
5.73333	0.116706	0.944636	0.263752	-0.0235374	0.999671	-0.0101967	-0.997878	-0.0228733	0.0609664	0.0607131	0.01161	0.998088
5.76667	0.117222	0.944357	0.292799	-0.062746	0.997637	0.0279998	-0.996258	-0.0642807	0.0577734	0.0594367	-0.02427	0.997937
5.8	0.123716	0.94199	0.322949	-0.0879286	0.993031	0.0784694	-0.99413	-0.0924655	0.0561841	0.0630482	-0.0730686	0.995332
5.83333	0.130005	0.936297	0.346095	-0.071725	0.993674	0.0864123	-0.995822	-0.0762498	0.050249	0.0565201	-0.0824471	0.994991
5.86667	0.131218	0.929502	0.367487	-0.0456202	0.996732	0.0666608	-0.998161	-0.0481491	0.036836	0.0399253	-0.0648577	0.997096
5.9	0.130292	0.92274	0.392224	-0.0301212	0.998198	0.0518954	-0.99918	-0.0314758	0.0254849	0.0270724	-0.0510851	0.998327
5.93333	0.128354	0.91654	0.421889	-0.0243474	0.9982	0.0548032	-0.999365	-0.0257284	0.0246363	0.0260019	-0.0541686	0.998193
5.96667	0.124974	0.912279	0.455569	-0.0382746	0.996704	0.0715322	-0.998696	-0.0405741	0.0309741	0.0337744	-0.0702534	0.996957
6	0.121339	0.91088	0.491063	-0.0592134	0.993949	0.0925155	-0.997481	-0.0625398	0.0334765	0.0390599	-0.0903001	0.995148
6.03333	0.117815	0.912951	0.526589	-0.0845244	0.990415	0.109238	-0.995894	-0.0875361	0.0230671	0.0324083	-0.10684	0.993748
6.06667	0.112695	0.918011	0.561963	-0.115972	0.986733	0.113617	-0.992973	-0.11789	0.0102907	0.0235484	-0.111625	0.993471
6.1	0.105973	0.924216	0.595119	-0.137486	0.985108	0.103248	-0.990345	-0.13858	0.00345798	0.0177145	-0.101776	0.99465
6.13333	0.0979735	0.929405	0.625137	-0.144201	0.985223	0.0924195	-0.989365	-0.145344	0.0057239	0.019072	-0.0906112	0.995704
6.16667	0.0911532	0.931959	0.651871	-0.13401	0.986367	0.0955104	-0.990682	-0.13571	0.0115011	0.024306	-0.0930792	0.995362
6.2	0.0879151	0.932106	0.677611	-0.119375	0.986191	0.114788	-0.992373	-0.122099	0.0169701	0.0307513	-0.111887	0.993245
6.23333	0.085976	0.930942	0.703418	-0.108125	0.984994	0.134522	-0.993563	-0.111668	0.0190508	0.0337867	-0.131597	0.990727
6.26667	0.0836435	0.929796	0.728273	-0.0930527	0.984616	0.147896	-0.995071	-0.0970795	0.02023	0.0342765	-0.145285	0.988796
6.3	0.0808591	0.930025	0.751979	-0.0723634	0.986149	0.149243	-0.996715	-0.0769575	0.0252331	0.0363689	-0.146927	0.988479
6.33333	0.0778	0.931502	0.775026	-0.0477311	0.989089	0.13937	-0.997996	-0.0530267	0.034532	0.0415455	-0.137442	0.989638
6.36667	0.0746342	0.933261	0.79855	-0.0175499	0.992027	0.124798	-0.99879	-0.0231298	0.0434042	0.0459447	-0.123885	0.991232
6.4	0.0712424	0.934357	0.822769	0.0126904	0.9942	0.106792	-0.998793	0.00753491	0.0485417	0.0474555	-0.107279	0.993096
6.43333	0.0684144	0.934199	0.847881	0.0391748	0.995234	0.0892981	-0.998086	0.0346939	0.0511905	0.0478484	-0.0911326	0.994689
6.46667	0.0666782	0.932635	0.873853	0.0604631	0.995642	0.0710023	-0.997034	0.0568473	0.0518886	0.0476262	-0.073929	0.996126
6.5	0.0667883	0.929655	0.900118	0.0779919	0.995314	0.0571589	-0.995955	0.0752192	0.0491554	0.0446256	-0.0607614	0.997154
6.53333	0.068706	0.925608	0.926125	0.0922854	0.99419	0.0553974	-0.995017	0.0899672	0.0429814	0.0377477	-0.0590879	0.997539
6.56667	0.0712551	0.920888	0.95197	0.105324	0.992566	0.0609867	-0.994041	0.10335	0.0346611	0.0281005	-0.0642739	0.997537
6.6	0.073454	0.915811	0.978679	0.11521	0.991075	0.0670522	-0.993174	0.11369	0.0260783	0.0182225	-0.0695989	0.997409
6.63333	0.0745329	0.910986	1.00841	0.119132	0.990865	0.0631973	-0.99279	0.118028	0.0209327	0.0132824	-0.0652354	0.997782
6.66667	0.0738892	0.907054	1.04291	0.118833	0.99215	0.0389532	-0.992788	0.118102	0.0205677	0.0158058	-0.0411164	0.999029
6.7	0.0738438	0.905572	1.07949	0.131474	0.991135	0.0191557	-0.991029	0.130943	0.0267454	0.024	-0.0225001	0.999459
6.73333	0.0731917	0.908282	1.11719	0.152288	0.988314	0.00663548	-0.987953	0.152039	0.0288736	0.0275274	-0.0109527	0.999561
6.76667	0.0723433	0.915447	1.15491	0.176975	0.984215	-0.000927346	-0.983271	0.176846	0.043619	0.0430945	-0.00680764	0.999048
6.8	0.0707842	0.923557	1.19112	0.180277	0.983613	-0.00247055	-0.981108	0.179996	0.0709125	0.0701951	-0.01036	0.997479
6.83333	0.0656942	0.928558	1.22352	0.156764	0.987315	-0.0251929	-0.981795	0.158556	0.104589	0.107256	0.00833856	0.994196
6.86667	0.0606949	0.927518	1.24635	0.148483	0.986051	-0.0752086	-0.979955	0.156926	0.122731	0.132821	0.0554776	0.989586
6.9	0.061088	0.92368	1.27024	0.165813	0.981159	-0.0991616	-0.976634	0.17732	0.121422	0.136717	0.0767113	0.987635
6.93333	0.0609409	0.920896	1.29447	0.165793	0.97938	-0.115448	-0.976947	0.17908	0.116212	0.13449	0.0935194	0.986492
6.96667	0.0606022	0.921012	1.31777	0.150988	0.980685	-0.124333	-0.980604	0.164488	0.106583	0.124976	0.105829	0.9865
7	0.0604444	0.924415	1.34082	0.119569	0.985886	-0.117181	-0.985806	0.131904	0.103861	0.117852	0.103099	0.987665
7.03333	0.0601075	0.929046	1.36384	0.0731889	0.99257	-0.0971975	-0.991228	0.0831494	0.102727	0.110045	0.0888264	0.989949
7.06667	0.0598763	0.93297	1.38789	0.0235414	0.99719	-0.0711177	-0.994714	0.0304764	0.0980604	0.0999523	0.0684333	0.992636
7.1	0.0600571	0.93522	1.41394	-0.0216726	0.99909	-0.0367318	-0.995598	-0.0182169	0.0919341	0.0911814	0.0385626	0.995087
7.13333	0.0628283	0.93551	1.44304	-0.059989	0.998097	0.0142767	-0.994305	-0.061011	0.0873746	0.0880793	-0.00895389	0.996073
7.16667	0.070826	0.932573	1.4704	-0.070306	0.99558	0.0622629	-0.993699	-0.0753618	0.0829675	0.087293	-0.0560375	0.994605
7.2	0.075707	0.926497	1.49083	-0.0468564	0.996951	0.0624026	-0.996192	-0.0512362	0.0705405	0.0735226	-0.0588597	0.995555
7.23333	0.0763935	0.919774	1.51181	-0.0247781	0.99855	0.0477884	-0.99814	-0.0273747	0.0544687	0.0556979	-0.0463499	0.997371
7.26667	0.0762285	0.912999	1.53784	-0.0115659	0.998651	0.0506247	-0.998826	-0.0139197	0.0463922	0.0470343	-0.0500287	0.99764
7.3	0.0745715	0.907148	1.56733	-0.019732	0.997773	0.0637155	-0.998514	-0.0229041	0.0494452	0.0507944	-0.0626452	0.996742
7.33333	0.071776	0.902777	1.60067	-0.0353507	0.995805	0.0843968	-0.997498	-0.0403312	0.0580557	0.0612159	-0.0821334	0.99474
7.36667	0.0699754	0.901421	1.63429	-0.0547913	0.992516	0.109135	-0.996449	-0.0613493	0.0576655	0.0639293	-0.105588	0.992353
7.4	0.0681252	0.903962	1.6684	-0.0836053	0.987379	0.13451	-0.994965	-0.0902002	0.0436952	0.0552766	-0.13018	0.989948
7.43333	0.0648403	0.909324	1.70131	-0.11031	0.983325	0.144578	-0.99287	-0.115637	0.0289448	0.0451808	-0.140355	0.98907
7.46667	0.0601731	0.915303	1.73129	-0.124859	0.981965	0.141971	-0.991376	-0.129214	0.0218437	0.0397944	-0.138019	0.98963
7.5	0.0543224	0.919891	1.7587	-0.133422	0.981429	0.137822	-0.990173	-0.137888	0.0233409	0.0419115	-0.133353	0.990182
7.53333	0.048708	0.921463	1.78263	-0.13099	0.982151	0.134989	-0.990363	-0.135814	0.0271327	0.0449818	-0.130134	0.990476
7.56667	0.0464189	0.92078	1.80522	-0.123412	0.981126	0.148863	-0.99123	-0.129018	0.028573	0.0472398	-0.144032	0.988445
7.6	0.0463419	0.919247	1.82771	-0.114585	0.978158	0.173428	-0.992294	-0.120984	0.0267489	0.0471466	-0.169027	0.984483
7.63333	0.046049	0.917935	1.84895	-0.0994355	0.976428	0.191575	-0.994039	-0.106129	0.0249732	0.0447161	-0.187949	0.98116
7.66667	0.0451565	0.918269	1.86914	-0.0803028	0.976868	0.198191	-0.995809	-0.0873538	0.0270795	0.0437658	-0.195185	0.979789
7.7	0.0437572	0.920207	1.88893	-0.0557263	0.97967	0.192722	-0.997391	-0.0634908	0.0343452	0.045883	-0.190305	0.980652
7.73333	0.0420292	0.922559	1.90894	-0.0252931	0.983021	0.181743	-0.998528	-0.0335703	0.0426122	0.0479898	-0.180397	0.982422
7.76667	0.0406504	0.924246	1.93008	0.0050879	0.985628	0.168856	-0.998815	-0.00316518	0.0485714	0.0484077	-0.168903	0.984443
7.8	0.0395807	0.924791	1.95223	0.0326727	0.98782	0.15213	-0.998293	0.0248816	0.0528392	0.0484104	-0.153596	0.986947
7.83333	0.0398614	0.923925	1.97588	0.0523305	0.989389	0.13554	-0.997369	0.0449627	0.056863	0.0501654	-0.138159	0.989139
7.86667	0.0419043	0.921614	1.99975	0.0668098	0.990228	0.122411	-0.99648	0.0599932	0.0585535	0.0506375	-0.125892	0.990751
7.9	0.0453054	0.917907	2.02316	0.0781444	0.989881	0.118448	-0.995853	0.0719544	0.0556707	0.0465845	-0.122307	0.991398
7.93333	0.0490193	0.913568	2.04734	0.0906466	0.988453	0.121422	-0.995	0.0847576	0.0528276	0.0419262	-0.125603	0.991194
7.96667	0.0521352	0.908654	2.07288	0.102082	0.987382	0.121065	-0.993995	0.0964232	0.0517292	0.039403	-0.125618	0.991296
8	0.0538851	0.903579	2.1015	0.11056	0.988153	0.10644	-0.992953	0.105225	0.0545133	0.0426674	-0.111717	0.992824
8.03333	0.0550297	0.899169	2.13428	0.115411	0.990288	0.0775231	-0.991926	0.110768	0.0617517	0.0525649	-0.084024	0.995076
8.06667	0.0574815	0.897067	2.16731	0.126557	0.990375	0.0560417	-0.990097	0.122657	0.0682868	0.0607557	-0.0641289	0.99609
8.1	0.0598924	0.899932	2.20119	0.147242	0.98838	0.0377564	-0.987069	0.144388	0.0696164	0.0633559	-0.0475186	0.996859
8.13333	0.0623724	0.907265	2.23443	0.166271	0.985706	0.0271658	-0.983567	0.163819	0.0758865	0.0703515	-0.0393372	0.996746
8.16667	0.0644019	0.915623	2.26594	0.162968	0.986374	0.0225533	-0.982855	0.160303	0.0910976	0.0862409	-0.0370126	0.995587
8.2	0.0646049	0.921558	2.29576	0.141287	0.989927	0.00906422	-0.983914	0.139406	0.111708	0.109319	-0.0247013	0.9937
8.23333	0.0627421	0.923542	2.32106	0.116169	0.993028	-0.0199854	-0.984501	0.117787	0.129935	0.131383	0.00458124	0.991321
8.26667	0.0631015	0.921334	2.34049	0.113023	0.991976	-0.0566532	-0.984419	0.119527	0.128968	0.134705	0.0411942	0.990029
8.3	0.0653469	0.918834	2.36037	0.115496	0.989733	-0.0842023	-0.984797	0.125167	0.120446	0.129749	0.0690112	0.989142
8.33333	0.0663433	0.917857	2.37933	0.106445	0.988515	-0.107271	-0.986303	0.118642	0.11459	0.126001	0.0936038	0.987604
8.36667	0.0671363	0.919125	2.39777	0.0858743	0.989773	-0.113911	-0.988841	0.0986416	0.111638	0.121733	0.103053	0.987199
8.4	0.0676239	0.921879	2.41636	0.0536532	0.993231	-0.103023	-0.991728	0.0650495	0.110653	0.116605	0.0962337	0.988505
8.43333	0.0680746	0.924641	2.43463	0.0189167	0.996592	-0.0802866	-0.993868	0.027493	0.107098	0.108941	0.0777684	0.991002
8.46667	0.0685041	0.926719	2.45385	-0.0135106	0.998718	-0.0487829	-0.994654	-0.00842841	0.10292	0.102377	0.0499126	0.993493
8.5	0.0697358	0.928196	2.47563	-0.0455432	0.998958	-0.00292566	-0.994023	-0.0450269	0.0994553	0.0992199	0.00743768	0.995038
8.53333	0.0759699	0.928302	2.49897	-0.0668824	0.996155	0.0565824	-0.992589	-0.0721952	0.0977499	0.101459	-0.0496253	0.993601
8.56667	0.0825288	0.925881	2.51614	-0.059941	0.995007	0.079796	-0.993377	-0.0673106	0.09312	0.0980262	-0.0736858	0.992452
8.6	0.0847624	0.922723	2.53048	-0.0477562	0.996028	0.0751467	-0.995329	-0.0537721	0.080182	0.0839043	-0.0709664	0.993944
8.63333	0.0846933	0.919486	2.54587	-0.0399823	0.99692	0.0674702	-0.996792	-0.0444804	0.0665382	0.0693343	-0.0645934	0.9955
8.66667	0.0838798	0.91603	2.5641	-0.0346217	0.997216	0.0660398	-0.997488	-0.038566	0.0594171	0.0617986	-0.0638168	0.996046
8.7	0.0826793	0.912261	2.58569	-0.0284077	0.996693	0.0761316	-0.997729	-0.0329251	0.0587536	0.0610659	-0.0742896	0.995365
8.73333	0.080473	0.908537	2.61044	-0.0275835	0.994987	0.0961288	-0.997371	-0.0338406	0.06408	0.0670118	-0.0941086	0.993304
8.76667	0.0774451	0.906112	2.63605	-0.0395573	0.992689	0.114037	-0.996549	-0.0475289	0.0680534	0.0729759	-0.110951	0.991143
8.8	0.073503	0.90642	2.66091	-0.0668583	0.990813	0.117561	-0.995215	-0.0746378	0.0630623	0.0712574	-0.112782	0.991061
8.83333	0.0683494	0.909928	2.68465	-0.0953176	0.989128	0.111982	-0.993068	-0.102259	0.0579567	0.0687777	-0.105681	0.992019
8.86667	0.0627933	0.914217	2.70565	-0.0987503	0.988955	0.110531	-0.993026	-0.105123	0.0533807	0.0644104	-0.104489	0.992438
8.9	0.0567433	0.918155	2.7251	-0.0968337	0.988638	0.114972	-0.993324	-0.103271	0.0514103	0.0626995	-0.109226	0.992037
8.93333	0.0494382	0.92076	2.74303	-0.0977569	0.989169	0.109488	-0.993271	-0.103839	0.0512843	0.0620979	-0.103738	0.992664
8.96667	0.0416634	0.921902	2.75876	-0.102545	0.989972	0.0971549	-0.993005	-0.107625	0.0485674	0.0585367	-0.0914949	0.994084
9	0.035469	0.921802	2.77204	-0.104661	0.989841	0.0962344	-0.993217	-0.108964	0.0405872	0.0506609	-0.0913337	0.994531
9.03333	0.0322256	0.921001	2.78356	-0.0989535	0.988651	0.113039	-0.994035	-0.103444	0.0345584	0.0458593	-0.108945	0.992989
9.06667	0.0309282	0.920063	2.79437	-0.0898369	0.98689	0.134081	-0.994793	-0.0954203	0.035801	0.0481257	-0.130167	0.990323
9.1	0.0301263	0.91945	2.80466	-0.078633	0.985833	0.148155	-0.995631	-0.0851665	0.038274	0.0503496	-0.144498	0.988223
