0	0	1	0	0	0	-1	-1	0	0
0.0333333	0.997409	-0.0594972	-0.0404355	0.0441364	0.949994	-0.309133	0.0568061	0.306548	0.950159
0.0666667	0.998748	-0.0414096	-0.0280613	0.0393608	0.99677	-0.0699994	0.0308693	0.0688073	0.997152
0.1	0.999493	-0.0276289	-0.0158224	0.0286834	0.997076	0.0708338	0.0138191	-0.0712518	0.997363
0.133333	0.999787	-0.0195066	-0.00675823	0.0203051	0.988268	0.151371	0.0037262	-0.151476	0.988454
0.166667	0.999898	-0.0141907	-0.00154867	0.014217	0.980196	0.197517	-0.0012849	-0.197519	0.980298
0.2	0.999938	-0.0110133	0.00183999	0.0103187	0.974397	0.224598	-0.00426644	-0.224565	0.97445
0.233333	0.999951	-0.00897638	0.0041726	0.00770765	0.970547	0.24079	-0.00621113	-0.240746	0.970568
0.266667	0.999953	-0.0077147	0.00591444	0.00597925	0.967834	0.251518	-0.00766458	-0.251471	0.967835
0.3	0.999947	-0.00726644	0.00722967	0.00515219	0.966039	0.258345	-0.00886139	-0.258294	0.966026
0.333333	0.999945	-0.00671616	0.00810454	0.00435444	0.964951	0.262392	-0.00958276	-0.262343	0.964927
0.366667	0.999938	-0.00652102	0.00898662	0.00390783	0.964271	0.264887	-0.0103929	-0.264836	0.964238
0.4	0.999933	-0.00656186	0.00948521	0.00380755	0.964086	0.265561	-0.0108871	-0.265508	0.964047
0.433333	0.999935	-0.0061725	0.00958665	0.00339129	0.963747	0.266795	-0.0108859	-0.266745	0.963706
0.466667	0.999931	-0.00629749	0.00990748	0.00341874	0.963571	0.267431	-0.0112307	-0.267379	0.963526
0.5	0.999924	-0.00703458	0.0101307	0.00408372	0.963898	0.266241	-0.0116379	-0.26618	0.963853
0.533333	0.999924	-0.00757002	0.00972186	0.00472915	0.964371	0.264509	-0.0113778	-0.264443	0.964334
0.566667	0.99991	-0.00848439	0.010349	0.00546797	0.96486	0.262707	-0.0122143	-0.262627	0.96482
0.6	0.999911	-0.0086955	0.010146	0.00572504	0.964859	0.262705	-0.0120738	-0.262624	0.964823
0.633333	0.999904	-0.00918578	0.0103436	0.00615834	0.965113	0.261763	-0.0123872	-0.261674	0.965077
0.666667	0.999901	-0.00955446	0.0103688	0.00651904	0.965349	0.26088	-0.012502	-0.260787	0.965316
0.7	0.999899	-0.00976009	0.010297	0.00674448	0.965519	0.260245	-0.012482	-0.26015	0.965488
0.733333	0.999899	-0.00988989	0.0102178	0.00690576	0.965838	0.259054	-0.0124308	-0.258957	0.965809
0.766667	0.999897	-0.0101346	0.0101486	0.00717418	0.966129	0.25796	-0.0124192	-0.25786	0.966102
0.8	0.999895	-0.0104429	0.0100228	0.00752292	0.96651	0.256517	-0.0123659	-0.256415	0.966488
0.833333	0.999892	-0.0107677	0.0100513	0.00784002	0.966722	0.25571	-0.0124702	-0.255603	0.966701
0.866667	0.999892	-0.0107942	0.00994846	0.00790487	0.966989	0.254696	-0.0123693	-0.25459	0.96697
0.9	0.99989	-0.0110266	0.00989189	0.00815856	0.967284	0.253564	-0.0123642	-0.253456	0.967268
0.933333	0.999892	-0.0109933	0.00976527	0.00815021	0.967113	0.254215	-0.0122388	-0.254108	0.967098
0.966667	0.999892	-0.0110828	0.00962027	0.00826939	0.967024	0.254552	-0.0121242	-0.254445	0.967011
1	0.999894	-0.0109997	0.00949843	0.00821248	0.966865	0.255158	-0.0119904	-0.255053	0.966853
1.03333	0.999895	-0.0110263	0.00939714	0.00825733	0.96672	0.255703	-0.0119039	-0.255599	0.96671
1.06667	0.99989	-0.0112384	0.00967153	0.00839066	0.966686	0.255829	-0.0122244	-0.25572	0.966674
1.1	0.999891	-0.0112736	0.00953289	0.00846149	0.966714	0.255721	-0.0120985	-0.255612	0.966704
1.13333	0.999888	-0.0113711	0.00970992	0.00851474	0.966801	0.255387	-0.0122916	-0.255276	0.96679
1.16667	0.999883	-0.0115113	0.0100361	0.00857013	0.966864	0.25515	-0.0126406	-0.255034	0.966849
1.2	0.999879	-0.0117893	0.0101545	0.00881859	0.967057	0.254406	-0.0128192	-0.254285	0.967044
1.23333	0.999873	-0.0120289	0.0104189	0.00899102	0.967208	0.253826	-0.0131305	-0.253701	0.967194
1.26667	0.999868	-0.0122048	0.0106909	0.00910641	0.967476	0.2528	-0.0134286	-0.25267	0.967459
1.3	0.999865	-0.0123632	0.0108036	0.00923269	0.967502	0.252694	-0.0135766	-0.25256	0.967486
1.33333	0.999862	-0.0125492	0.010868	0.00941313	0.967809	0.25151	-0.0136744	-0.251373	0.967794
1.36667	0.99986	-0.0126447	0.0109193	0.00950165	0.967972	0.250877	-0.0137419	-0.250739	0.967957
1.4	0.999862	-0.0126672	0.0107901	0.00956308	0.968104	0.250365	-0.0136174	-0.250227	0.968092
1.43333	0.99986	-0.0127687	0.0108499	0.00965145	0.968197	0.250003	-0.0136971	-0.249864	0.968184
1.46667	0.999856	-0.0129578	0.0109851	0.00980654	0.968299	0.249602	-0.0138711	-0.249458	0.968286
1.5	0.999845	-0.0133639	0.0114964	0.0100916	0.968628	0.248309	-0.0144542	-0.248154	0.968613
1.53333	0.999842	-0.0135609	0.0115239	0.0102779	0.968667	0.248151	-0.0145279	-0.247994	0.968653
1.56667	0.999839	-0.0137529	0.0115674	0.0104534	0.968668	0.248141	-0.0146176	-0.24798	0.968655
1.6	0.999834	-0.0139358	0.0117268	0.0105896	0.968643	0.248231	-0.0148184	-0.248066	0.96863
1.63333	0.999828	-0.0140389	0.012107	0.0105952	0.968644	0.248228	-0.0152122	-0.248057	0.968626
1.66667	0.999826	-0.0141357	0.0121497	0.0106786	0.968647	0.24821	-0.0152774	-0.248038	0.96863
1.7	0.999829	-0.0142457	0.0117705	0.010885	0.96874	0.24784	-0.0149332	-0.247669	0.96873
1.73333	0.99982	-0.0145295	0.0121677	0.0110883	0.969165	0.246163	-0.0153691	-0.245984	0.969152
1.76667	0.999823	-0.0143691	0.0121572	0.0109498	0.969398	0.245248	-0.0153092	-0.245072	0.969384
1.8	0.999826	-0.0141361	0.0121717	0.0107153	0.969321	0.245565	-0.0152696	-0.245391	0.969304
1.83333	0.999815	-0.0142764	0.0128922	0.010672	0.969283	0.245718	-0.0160042	-0.245535	0.969256
1.86667	0.999816	-0.0143416	0.0127614	0.0107586	0.969147	0.24625	-0.0158993	-0.246068	0.969122
1.9	0.999805	-0.0145452	0.0133411	0.0108067	0.969048	0.246637	-0.0165156	-0.246445	0.969016
1.93333	0.999809	-0.0144345	0.0131766	0.0107259	0.968835	0.247474	-0.0163381	-0.247285	0.968805
1.96667	0.999803	-0.0146252	0.0133849	0.0108271	0.968356	0.249338	-0.016608	-0.249144	0.968324
2	0.999792	-0.0148779	0.0139279	0.0109297	0.968256	0.249723	-0.0172011	-0.249519	0.968217
2.03333	0.999783	-0.0151216	0.0143066	0.011079	0.968364	0.249296	-0.0176237	-0.249083	0.968322
2.06667	0.999766	-0.0155709	0.0150025	0.0113639	0.968673	0.248081	-0.0183953	-0.247853	0.968623
2.1	0.999742	-0.0161265	0.0160225	0.0116799	0.969055	0.246569	-0.019503	-0.246318	0.968993
2.13333	0.999726	-0.0165039	0.0166033	0.0119276	0.969357	0.245368	-0.0201441	-0.245103	0.969288
2.16667	0.999689	-0.0167524	0.0184832	0.011701	0.969286	0.245658	-0.0220309	-0.245365	0.96918
2.2	0.999658	-0.0168261	0.0199959	0.0113544	0.9688	0.247583	-0.0235379	-0.247272	0.96866
2.23333	0.999643	-0.0165957	0.0209176	0.0108525	0.968291	0.249589	-0.0243965	-0.249273	0.968126
2.26667	0.999626	-0.016724	0.0216324	0.0108025	0.968331	0.249435	-0.0251189	-0.249109	0.96815
2.3	0.999607	-0.0171788	0.0221332	0.0111318	0.968458	0.248928	-0.0257114	-0.248583	0.968269
2.33333	0.999601	-0.0171181	0.0224739	0.0109632	0.968221	0.249857	-0.0260367	-0.249511	0.968022
2.36667	0.999588	-0.017079	0.0230527	0.0107945	0.968351	0.249359	-0.0265819	-0.249008	0.968137
2.4	0.999577	-0.0171688	0.0234656	0.0107483	0.968071	0.250445	-0.0270162	-0.250087	0.967846
2.43333	0.999556	-0.0174769	0.0241299	0.0108603	0.967887	0.25115	-0.0277443	-0.250777	0.967647
2.46667	0.999554	-0.0172836	0.0243717	0.0105999	0.967778	0.251582	-0.0279347	-0.251211	0.967529
2.5	0.999552	-0.016833	0.0247448	0.0100542	0.967643	0.252121	-0.0281881	-0.251759	0.967379
2.53333	0.999545	-0.0165258	0.0252135	0.00963956	0.967656	0.25209	-0.028564	-0.251733	0.967375
2.56667	0.999544	-0.0161635	0.0254926	0.00923994	0.967847	0.251368	-0.0287359	-0.251018	0.967556
2.6	0.999529	-0.014594	0.027011	0.0072818	0.967382	0.253217	-0.0298254	-0.2529	0.967032
2.63333	0.999459	-0.0134439	0.0300282	0.00527643	0.966386	0.257041	-0.0324744	-0.256743	0.965934
2.66667	0.999316	-0.01467	0.0339457	0.00523682	0.964836	0.262799	-0.0366073	-0.262441	0.964253
2.7	0.999029	-0.0202001	0.0391598	0.0088107	0.962357	0.271645	-0.043173	-0.271036	0.961601
2.73333	0.998803	-0.0309191	0.0379056	0.0188329	0.958231	0.285373	-0.0451458	-0.284318	0.957667
2.76667	0.998869	-0.0402634	0.0253043	0.0308794	0.953829	0.298759	-0.0361651	-0.297639	0.953993
2.8	0.998922	-0.0428706	0.017794	0.0354223	0.951812	0.304631	-0.0299962	-0.303672	0.952304
2.83333	0.998811	-0.0457103	0.0169217	0.0385095	0.952869	0.300929	-0.0298798	-0.29992	0.953496
2.86667	0.99855	-0.0506138	0.0183181	0.0434077	0.958437	0.281982	-0.031829	-0.280778	0.959245
2.9	0.998408	-0.0524769	0.0206597	0.0454482	0.965551	0.256215	-0.0333933	-0.254868	0.966399
2.93333	0.998488	-0.04752	0.0276224	0.0396727	0.970896	0.236193	-0.0380424	-0.234741	0.971313
2.96667	0.998857	-0.0321498	0.0353806	0.0232654	0.973446	0.227733	-0.0417626	-0.226649	0.973081
3	0.99937	-0.0133771	0.0328607	0.00553319	0.973628	0.228073	-0.0350451	-0.227748	0.973089
3.03333	0.99974	-0.00181341	0.0227502	-0.00349587	0.972906	0.231173	-0.0225531	-0.231192	0.972647
3.06667	0.999908	0.00385283	0.0129845	-0.00679936	0.971921	0.235211	-0.0117137	-0.235278	0.971858
3.1	0.999944	0.00711445	0.00787787	-0.00878165	0.971366	0.237427	-0.00596314	-0.237482	0.971374
3.13333	0.999927	0.00814059	0.00897522	-0.0100398	0.971327	0.237535	-0.00678421	-0.237607	0.971338
3.16667	0.999892	0.00541312	0.0136591	-0.00849179	0.971572	0.236594	-0.01199	-0.236684	0.971513
3.2	0.999753	-0.000264019	0.0222156	-0.0049371	0.972288	0.233736	-0.0216617	-0.233788	0.972046
3.23333	0.99957	-0.00648198	0.0286093	-8.9765e-05	0.9746	0.223951	-0.0293343	-0.223857	0.97418
3.26667	0.999408	-0.0122191	0.0321747	0.0052812	0.978229	0.207461	-0.0340092	-0.207168	0.977714
3.3	0.999337	-0.0155725	0.0328989	0.00892492	0.9811	0.193294	-0.0352871	-0.192872	0.980589
3.33333	0.99939	-0.01907	0.0292526	0.0135825	0.984033	0.177465	-0.0321698	-0.17696	0.983692
3.36667	0.999493	-0.0222378	0.0227939	0.0182611	0.986648	0.161842	-0.0260886	-0.161344	0.986553
3.4	0.999537	-0.0265223	0.0149162	0.0239528	0.988111	0.151867	-0.0187668	-0.15144	0.988288
3.43333	0.999507	-0.0309082	0.00546131	0.0297515	0.988407	0.148881	-0.00999963	-0.148645	0.98884
3.46667	0.999567	-0.0281937	-0.008369	0.0291314	0.988225	0.150206	0.00403559	-0.150385	0.988619
3.5	0.99967	-0.0172965	-0.0189671	0.0199972	0.988031	0.152955	0.0160945	-0.153284	0.988051
3.53333	0.999592	-0.00803494	-0.0273926	0.0121429	0.988109	0.153274	0.0258354	-0.153544	0.987804
3.56667	0.999342	-0.00321706	-0.0361268	0.00879054	0.987844	0.155198	0.0351884	-0.155413	0.987223
3.6	0.998854	-0.00168641	-0.0478256	0.009004	0.988153	0.153208	0.0470006	-0.153463	0.987036
3.63333	0.998113	-0.00170979	-0.0613865	0.0108037	0.988911	0.148119	0.0604525	-0.148502	0.987063
3.66667	0.997226	-0.00234128	-0.0743982	0.0132254	0.989175	0.146142	0.0732507	-0.146721	0.986462
3.7	0.996193	-0.00352241	-0.0871015	0.016312	0.989067	0.146564	0.0856329	-0.147427	0.985359
3.73333	0.99528	-0.00551623	-0.0968869	0.0201577	0.988359	0.1508	0.0949272	-0.152041	0.983805
3.76667	0.994696	-0.00684829	-0.102629	0.0231186	0.987137	0.158199	0.100225	-0.159733	0.982059
3.8	0.994526	-0.00422521	-0.104401	0.0216668	0.985803	0.166503	0.102215	-0.167853	0.980499
3.83333	0.994481	0.00176373	-0.104904	0.0163497	0.985039	0.171555	0.103637	-0.172323	0.979573
3.86667	0.994476	0.00719439	-0.104714	0.0109649	0.985068	0.171814	0.104387	-0.172013	0.979548
3.9	0.994864	0.01026	-0.100698	0.00719369	0.985167	0.171449	0.100963	-0.171293	0.980033
3.93333	0.995909	0.0084825	-0.0899588	0.00707477	0.985207	0.171221	0.0900804	-0.171157	0.981117
3.96667	0.997596	0.00117672	-0.0692892	0.0106429	0.985392	0.169966	0.068477	-0.170295	0.983011
4	0.999081	-0.0043665	-0.0426336	0.0115319	0.985496	0.169307	0.0412759	-0.169643	0.984641
4.03333	0.999861	-0.0104027	-0.0129912	0.012475	0.985144	0.171279	0.0110164	-0.171417	0.985137
4.06667	0.99967	-0.0169246	0.0193	0.0133107	0.984652	0.17402	-0.021949	-0.173706	0.984553
4.1	0.998562	-0.020911	0.0493662	0.0116843	0.983547	0.180273	-0.0523236	-0.179437	0.982377
4.13333	0.997169	-0.0235436	0.0714054	0.00955204	0.981682	0.190285	-0.0745774	-0.189064	0.979129
4.16667	0.996599	-0.0301816	0.0766792	0.0137365	0.97834	0.206549	-0.0812523	-0.204794	0.975427
4.2	0.997247	-0.0308614	0.0674234	0.015403	0.975657	0.21876	-0.0725333	-0.217119	0.973447
4.23333	0.997849	-0.0302176	0.058173	0.0164364	0.974402	0.224211	-0.063459	-0.222773	0.972803
4.26667	0.998524	-0.0319593	0.0439123	0.0214526	0.974878	0.221705	-0.0498946	-0.220436	0.974125
4.3	0.999072	-0.0321894	0.0286067	0.0253008	0.976297	0.214952	-0.0348478	-0.214029	0.976206
4.33333	0.999422	-0.0308631	0.0142392	0.0271369	0.976789	0.212477	-0.0204664	-0.211968	0.977062
4.36667	0.999522	-0.0308105	0.00255271	0.0295488	0.976339	0.214217	-0.00909244	-0.214039	0.976783
4.4	0.999401	-0.0343205	-0.00438105	0.034458	0.975897	0.215495	-0.00312044	-0.215517	0.976495
4.43333	0.99928	-0.0378719	-0.00248381	0.0375336	0.976407	0.212652	-0.00562832	-0.212592	0.977125
4.46667	0.999578	-0.028979	0.00199676	0.0279827	0.979096	0.201465	-0.00779327	-0.201324	0.979494
4.5	0.999894	-0.0133588	-0.00581877	0.0142252	0.981439	0.191248	0.00315592	-0.191311	0.981524
4.53333	0.999852	-0.0043782	-0.0166129	0.00738995	0.982556	0.185822	0.0155095	-0.185917	0.982443
4.56667	0.999764	-0.00041474	-0.021737	0.0042565	0.984203	0.176994	0.0213202	-0.177044	0.983972
4.6	0.999854	-0.000199762	-0.017107	0.0029511	0.986957	0.160958	0.0168518	-0.160985	0.986813
4.63333	0.999991	-0.00286462	-0.00315599	0.00328367	0.989866	0.141967	0.00271732	-0.141976	0.989866
4.66667	0.999826	-0.00630989	0.0175371	0.00406415	0.992116	0.12526	-0.0181892	-0.125167	0.991969
4.7	0.999216	-0.00828344	0.0387256	0.00358727	0.992792	0.119799	-0.0394388	-0.119566	0.992043
4.73333	0.998479	-0.0145161	0.0531824	0.00784694	0.99231	0.123527	-0.0545665	-0.122922	0.990915
4.76667	0.998228	-0.0236666	0.0545883	0.0164599	0.991524	0.128879	-0.0571757	-0.127752	0.990157
4.8	0.998603	-0.0292342	0.0440274	0.0230321	0.990535	0.135315	-0.0475665	-0.134111	0.989824
4.83333	0.999264	-0.0266596	0.0275959	0.0223594	0.989054	0.145852	-0.0311822	-0.145128	0.988921
4.86667	0.999762	-0.0181257	0.0121412	0.0160175	0.987693	0.155584	-0.0148119	-0.155353	0.987748
4.9	0.999939	-0.0105492	-0.00324068	0.0109347	0.986749	0.161888	0.00148994	-0.161913	0.986804
4.93333	0.999792	-0.00593386	-0.019511	0.00910806	0.985937	0.166867	0.0182465	-0.16701	0.985786
4.96667	0.999148	-0.00366832	-0.0410975	0.0103689	0.986399	0.164041	0.0399368	-0.164327	0.985597
5	0.998009	-0.0021577	-0.0630391	0.0123056	0.986871	0.161038	0.061864	-0.161493	0.984933
5.03333	0.996355	-0.00187408	-0.0852778	0.015315	0.987443	0.157234	0.0839123	-0.157967	0.983872
5.06667	0.994337	-0.00225816	-0.106248	0.0190537	0.987362	0.157331	0.10455	-0.158465	0.981814
5.1	0.992227	-0.00260667	-0.124416	0.0229027	0.986528	0.161981	0.122318	-0.163572	0.978919
5.13333	0.990561	-0.00107181	-0.137065	0.0242991	0.985504	0.167902	0.134898	-0.169648	0.976228
5.16667	0.989021	0.00359575	-0.147733	0.0221448	0.984809	0.172221	0.146108	-0.173602	0.973917
5.2	0.987476	0.0105576	-0.157415	0.0174789	0.984295	0.175662	0.156798	-0.176213	0.971784
5.23333	0.986418	0.0155308	-0.163519	0.0142357	0.98369	0.179306	0.163636	-0.179199	0.970109
5.26667	0.9867	0.014863	-0.161869	0.0151684	0.983047	0.182726	0.16184	-0.182751	0.969747
5.3	0.988795	0.00749703	-0.149089	0.0202699	0.982745	0.183853	0.147895	-0.184815	0.971581
5.33333	0.992015	-0.000195241	-0.126118	0.0233546	0.982988	0.18218	0.123937	-0.18367	0.975143
5.36667	0.995367	-0.00673098	-0.0959126	0.0241532	0.983063	0.181669	0.0930653	-0.183144	0.978671
5.4	0.998228	-0.0101651	-0.0586282	0.0212385	0.981266	0.191481	0.0555835	-0.192387	0.979744
5.43333	0.999761	-0.00841859	-0.0201614	0.012481	0.977459	0.210758	0.0179326	-0.210959	0.97733
5.46667	0.999917	-0.00623409	0.011309	0.00344196	0.972736	0.231891	-0.0124463	-0.231832	0.972676
5.5	0.999548	-0.0110817	0.0279509	0.00365766	0.967514	0.25279	-0.0298442	-0.252574	0.967117
5.53333	0.999531	-0.00980025	0.0289962	0.00172758	0.963907	0.266234	-0.0305588	-0.266059	0.963472
5.56667	0.99951	-0.00692525	0.0305362	-0.00169605	0.961829	0.273647	-0.0312657	-0.273564	0.961345
5.6	0.999623	-0.00704108	0.0265546	-0.000440021	0.96237	0.271741	-0.0274687	-0.27165	0.962004
5.63333	0.999814	-0.00805213	0.0175391	0.00324571	0.966013	0.258472	-0.0190242	-0.258367	0.965859
5.66667	0.999928	-0.00861135	0.00830699	0.00630426	0.969268	0.245926	-0.0101695	-0.245856	0.969253
5.7	0.999941	-0.0107956	0.000745875	0.0103129	0.97157	0.236527	-0.00327812	-0.236505	0.971625
5.73333	0.999852	-0.0170716	-0.00230666	0.0171463	0.973307	0.228867	-0.00166203	-0.228873	0.973455
5.76667	0.99973	-0.0229678	0.00361006	0.0216001	0.974973	0.22127	-0.0086018	-0.221132	0.975206
5.8	0.99977	-0.0159751	0.0143323	0.0125688	0.977112	0.212355	-0.0173966	-0.212126	0.977087
5.83333	0.999937	-0.00611018	0.00940369	0.00407004	0.979089	0.203391	-0.0104498	-0.20334	0.979052
5.86667	0.999995	-0.00304536	8.24437e-05	0.00296617	0.979452	0.201657	-0.000694869	-0.201656	0.979456
5.9	0.999999	-0.000286719	-0.0013455	0.000564198	0.97748	0.211026	0.00125469	-0.211027	0.977479
5.93333	0.999977	0.00119931	0.00668433	-0.00266536	0.974615	0.223871	-0.00624616	-0.223884	0.974596
5.96667	0.999804	-0.00255631	0.0196488	-0.00208094	0.972613	0.232423	-0.0197048	-0.232419	0.972416
6	0.999456	-0.0112436	0.031017	0.00414712	0.975495	0.219985	-0.0327303	-0.219736	0.97501
6.03333	0.999073	-0.0177125	0.0392256	0.00958947	0.98009	0.198322	-0.0419574	-0.197762	0.979352
6.06667	0.998751	-0.0238443	0.0439137	0.0157992	0.984409	0.175186	-0.0474062	-0.174273	0.983556
6.1	0.998645	-0.0307855	0.0419636	0.0235635	0.986368	0.162861	-0.0464053	-0.161651	0.985756
6.13333	0.998826	-0.0373342	0.0308751	0.031856	0.98627	0.16204	-0.0365008	-0.160867	0.986301
6.16667	0.999225	-0.0374359	0.0121723	0.0348808	0.985334	0.167031	-0.0182468	-0.166477	0.985877
6.2	0.999615	-0.0272798	-0.00507318	0.027747	0.983919	0.176445	0.000178222	-0.176517	0.984297
6.23333	0.99964	-0.0165879	-0.0210931	0.0201098	0.98354	0.179565	0.0177673	-0.179925	0.98352
6.26667	0.999242	-0.00761247	-0.0381727	0.0143331	0.983742	0.179017	0.0361893	-0.179428	0.983105
6.3	0.9984	-0.0013485	-0.0565226	0.0114059	0.983965	0.177995	0.0553763	-0.178355	0.982407
6.33333	0.9971	0.0037964	-0.0760135	0.0098283	0.98397	0.178065	0.075471	-0.178296	0.981078
6.36667	0.995569	0.00903047	-0.0936029	0.00834703	0.982963	0.183612	0.0936663	-0.18358	0.978532
6.4	0.993933	0.0129405	-0.109226	0.00837459	0.981269	0.192462	0.109671	-0.192209	0.975207
6.43333	0.992368	0.0157751	-0.122301	0.00924683	0.979472	0.201369	0.122967	-0.200963	0.97185
6.46667	0.991085	0.0178403	-0.13203	0.0104561	0.977522	0.210574	0.132819	-0.210078	0.968621
6.5	0.990115	0.0211932	-0.138644	0.009491	0.976128	0.21699	0.139933	-0.216161	0.966278
6.53333	0.989434	0.0276918	-0.142316	0.00492687	0.974602	0.223891	0.144902	-0.222226	0.964168
6.56667	0.989127	0.0335069	-0.143194	0.0003306	0.973189	0.230006	0.147062	-0.227552	0.962597
6.6	0.989452	0.0366199	-0.140153	-0.00262106	0.971886	0.235436	0.144834	-0.232585	0.961731
6.63333	0.991118	0.0343448	-0.128476	-0.00229474	0.970349	0.241697	0.132967	-0.239255	0.961809
6.66667	0.994124	0.0240912	-0.10553	0.00273552	0.969015	0.246985	0.10821	-0.245822	0.963256
6.7	0.99719	0.012742	-0.0738224	0.00660351	0.966642	0.256046	0.0746224	-0.255814	0.963842
6.73333	0.999304	0.000226011	-0.0373152	0.00960985	0.964695	0.263196	0.0360572	-0.263371	0.964021
6.76667	0.999935	-0.0111798	0.00219183	0.0101698	0.962648	0.270567	-0.00513483	-0.270527	0.962699
6.8	0.99916	-0.0158144	0.0378104	0.00470895	0.960743	0.277398	-0.0407129	-0.276987	0.960011
6.83333	0.997964	-0.0196319	0.0606803	0.00132827	0.957636	0.287979	-0.0637632	-0.287312	0.955712
6.86667	0.997896	-0.0205888	0.0614831	0.00134842	0.95463	0.297792	-0.0648248	-0.297082	0.952649
6.9	0.997768	-0.0122762	0.0656409	-0.00794729	0.954143	0.299246	-0.0663044	-0.2991	0.951915
6.93333	0.997743	-0.00759655	0.0667133	-0.0124755	0.955305	0.295359	-0.0659753	-0.295525	0.953054
6.96667	0.998208	-0.00597373	0.0595367	-0.01111	0.959198	0.282515	-0.0587952	-0.282671	0.957413
7	0.998906	-0.00689402	0.0462464	-0.0053404	0.965777	0.259321	-0.0464514	-0.259284	0.964683
7.03333	0.999438	-0.0072132	0.0327291	-0.00078018	0.971292	0.237888	-0.0335055	-0.23778	0.970741
7.06667	0.999705	-0.00800034	0.0229279	0.0027101	0.97503	0.222056	-0.0241319	-0.221928	0.974764
7.1	0.999751	-0.010187	0.0198448	0.00568758	0.976639	0.21481	-0.0215695	-0.214644	0.976454
7.13333	0.999624	-0.00954497	0.0257167	0.00380753	0.976713	0.214514	-0.0271654	-0.214335	0.976382
7.16667	0.999555	0.00174944	0.0297649	-0.00811567	0.976549	0.215141	-0.0286905	-0.215287	0.976129
7.2	0.999817	0.00741866	0.0176112	-0.0110371	0.976497	0.21525	-0.0156004	-0.215405	0.9764
7.23333	0.999984	0.0029913	0.00479593	-0.00394315	0.977101	0.212739	-0.00404974	-0.212755	0.977097
7.26667	0.999993	-0.00317782	0.00201075	0.00268222	0.977499	0.210923	-0.00263578	-0.210916	0.977501
7.3	0.999936	-0.00841234	0.00757816	0.00647564	0.973944	0.226694	-0.00928774	-0.226631	0.973936
7.33333	0.999681	-0.0153725	0.0200234	0.00980362	0.96736	0.253216	-0.0232624	-0.252939	0.967203
7.36667	0.999354	-0.0238213	0.0269041	0.0163704	0.968297	0.249266	-0.031989	-0.248665	0.968061
7.4	0.999142	-0.029943	0.0286026	0.023326	0.977702	0.208698	-0.0342138	-0.207852	0.977562
7.43333	0.999104	-0.031156	0.0286372	0.0254718	0.98316	0.180964	-0.033793	-0.180073	0.983073
7.46667	0.999219	-0.0322719	0.0228059	0.0276525	0.983301	0.179873	-0.0282299	-0.179102	0.983425
7.5	0.999443	-0.0311659	0.0119021	0.0280413	0.978066	0.206401	-0.0180737	-0.205952	0.978395
7.53333	0.999679	-0.0247356	-0.0055314	0.0253415	0.97106	0.237486	-0.000503035	-0.23755	0.971375
7.56667	0.999713	-0.0116939	-0.020927	0.0166633	0.966554	0.255922	0.0172343	-0.256198	0.966471
7.6	0.999373	0.0046544	-0.0350999	0.00445951	0.966882	0.255185	0.0351252	-0.255181	0.966255
7.63333	0.998578	0.0172481	-0.0504372	-0.00437063	0.96951	0.245013	0.0531253	-0.244444	0.968207
7.66667	0.997534	0.0263411	-0.0650539	-0.0101589	0.971328	0.237526	0.0694454	-0.236279	0.9692
7.7	0.996245	0.0287924	-0.0816528	-0.0114389	0.97859	0.205504	0.0858215	-0.203798	0.975244
7.73333	0.99478	0.0305191	-0.0973752	-0.0119147	0.982441	0.186194	0.101348	-0.184062	0.977676
7.76667	0.993324	0.0336801	-0.11033	-0.0108483	0.979464	0.201329	0.114845	-0.198788	0.97329
7.8	0.99255	0.0331061	-0.117254	-0.00802581	0.978051	0.20821	0.121573	-0.205718	0.97103
7.83333	0.99232	0.0308405	-0.119795	-0.0048466	0.977372	0.211472	0.123606	-0.209268	0.970015
7.86667	0.992346	0.0317188	-0.119342	-0.0053984	0.976667	0.214692	0.123367	-0.212404	0.969363
7.9	0.992519	0.0340214	-0.117251	-0.0079139	0.976297	0.216291	0.12183	-0.213745	0.969263
7.93333	0.993143	0.0355014	-0.111382	-0.0105556	0.976114	0.217002	0.116426	-0.214339	0.969796
7.96667	0.994294	0.0341755	-0.101049	-0.0113715	0.97585	0.218147	0.106063	-0.215754	0.97067
8	0.996084	0.0292286	-0.0834373	-0.00976926	0.974378	0.224705	0.0878673	-0.22301	0.970848
8.03333	0.998264	0.0205396	-0.055196	-0.00713959	0.972507	0.232764	0.0584593	-0.231966	0.970966
8.06667	0.999641	0.0145742	-0.0224933	-0.00860665	0.96934	0.245573	0.0253827	-0.245291	0.969117
8.1	0.99987	0.00743514	0.0143038	-0.0109436	0.96457	0.263599	-0.0118372	-0.263721	0.964526
8.13333	0.998793	-0.00120645	0.0491051	-0.0123782	0.961253	0.275388	-0.0475347	-0.275664	0.960078
8.16667	0.997022	-0.00905806	0.0765863	-0.0122626	0.961823	0.273396	-0.076139	-0.273521	0.958848
8.2	0.995431	-0.0160266	0.0941242	-0.00858489	0.966795	0.255409	-0.0950922	-0.25505	0.962241
8.23333	0.994874	-0.024014	0.0982345	0.000196195	0.971853	0.235588	-0.101127	-0.234361	0.966876
8.26667	0.995783	-0.0249096	0.0882889	0.00471482	0.975053	0.221922	-0.0916144	-0.22057	0.971059
8.3	0.996737	-0.0215383	0.0777947	0.00373996	0.975033	0.22203	-0.0806345	-0.221015	0.971931
8.33333	0.997923	-0.0192513	0.0614736	0.00416285	0.971577	0.236686	-0.0642829	-0.235939	0.969639
8.36667	0.998952	-0.0174834	0.0422935	0.00609293	0.966732	0.255718	-0.0453573	-0.255192	0.965826
8.4	0.999566	-0.0158109	0.0248729	0.00835062	0.961275	0.275466	-0.028265	-0.275138	0.960989
8.43333	0.999838	-0.0150496	0.00984066	0.0114376	0.954572	0.297761	-0.0138748	-0.297601	0.95459
8.46667	0.999849	-0.0174003	0.00026131	0.0163812	0.946145	0.323328	-0.00587325	-0.323275	0.946287
8.5	0.99978	-0.0209807	-0.000573892	0.0198257	0.935057	0.353942	-0.00688933	-0.353875	0.935267
8.53333	0.999886	-0.0132183	0.00730798	0.00935893	0.921978	0.387129	-0.011855	-0.387016	0.921997
8.56667	0.99989	0.0100877	0.0108836	-0.0138246	0.899797	0.43609	-0.00539392	-0.436193	0.899837
8.6	0.999368	0.0329899	0.0132708	-0.0353088	0.876443	0.480209	0.00421096	-0.480374	0.877054
8.63333	0.998894	0.0442518	0.0158885	-0.0463222	0.868316	0.493844	0.00805726	-0.494033	0.869406
8.66667	0.998562	0.0494565	0.0206765	-0.053238	0.869949	0.49026	0.00625905	-0.490656	0.871331
8.7	0.998224	0.051141	0.0305548	-0.0595408	0.873437	0.483284	-0.0019721	-0.484245	0.87493
8.73333	0.998039	0.0451592	0.0433498	-0.0602814	0.880013	0.471109	-0.0168734	-0.472798	0.881009
8.76667	0.997883	0.0346995	0.0549982	-0.0560238	0.88814	0.456146	-0.033018	-0.458261	0.888204
8.8	0.99773	0.0242379	0.0628254	-0.0496293	0.895259	0.442773	-0.0455131	-0.444886	0.89443
8.83333	0.997752	0.0149794	0.0653165	-0.0419084	0.900052	0.433763	-0.0522907	-0.435526	0.898656
8.86667	0.998202	0.010596	0.059001	-0.0348546	0.903368	0.427449	-0.0487704	-0.428736	0.902112
8.9	0.998841	0.00724103	0.0475877	-0.0265923	0.90707	0.420138	-0.0401232	-0.420916	0.906212
8.93333	0.999457	0.0021271	0.0328915	-0.01553	0.910593	0.413013	-0.0290723	-0.413299	0.910131
8.96667	0.999849	-0.00284058	0.0171385	-0.00443298	0.912164	0.409802	-0.0167972	-0.409816	0.912013
9	0.999994	-0.00346655	0.00092589	0.00280472	0.916139	0.400851	-0.00223782	-0.400846	0.916143
9.03333	0.999922	0.00126413	-0.0124132	0.00371231	0.919662	0.392694	0.0119124	-0.392709	0.919586
9.06667	0.999732	0.00895806	-0.0213461	2.81549e-05	0.921623	0.388085	0.0231496	-0.387982	0.921376
9.1	0.999525	0.0145027	-0.0271753	-0.00284035	0.921864	0.387503	0.0306718	-0.387242	0.921468
