0	0.0797523	0.996768	0.0096962	0.0118884	0.00877537	-0.999891	-0.996744	0.0798589	-0.0111501
0.0333333	0.94492	0.230869	0.232003	-0.132243	0.917703	-0.37461	-0.299396	0.323295	0.897687
0.0666667	0.962617	0.159491	0.218934	-0.0783365	0.937652	-0.338634	-0.259293	0.308824	0.915093
0.1	0.963938	0.154762	0.216501	-0.0765681	0.940405	-0.331324	-0.254875	0.302798	0.918342
0.133333	0.963962	0.154466	0.216604	-0.0770545	0.941388	-0.328408	-0.254636	0.299883	0.919364
0.166667	0.964086	0.154061	0.21634	-0.0770681	0.941795	-0.327234	-0.254162	0.298809	0.919845
0.2	0.964048	0.154084	0.216495	-0.0772551	0.942049	-0.326458	-0.254251	0.297996	0.920084
0.233333	0.96397	0.154366	0.21664	-0.0776738	0.942251	-0.325776	-0.254418	0.297211	0.920292
0.266667	0.964015	0.154396	0.216419	-0.0780393	0.942553	-0.324812	-0.254136	0.296234	0.920684
0.3	0.964052	0.154111	0.216454	-0.078077	0.942959	-0.323625	-0.253982	0.295092	0.921094
0.333333	0.964199	0.153448	0.216275	-0.0776758	0.94323	-0.32293	-0.25355	0.294569	0.92138
0.366667	0.964255	0.153062	0.216298	-0.0778534	0.943913	-0.320885	-0.253282	0.292575	0.922089
0.4	0.964317	0.152535	0.216393	-0.077927	0.944671	-0.318629	-0.253022	0.290397	0.922849
0.433333	0.964462	0.151676	0.216349	-0.0778844	0.945637	-0.315759	-0.252481	0.287688	0.923845
0.466667	0.964594	0.151131	0.216141	-0.0782913	0.946673	-0.312539	-0.25185	0.284551	0.924988
0.5	0.96472	0.151047	0.21564	-0.0784259	0.946742	-0.312296	-0.251327	0.284367	0.925187
0.533333	0.964951	0.151192	0.214499	-0.0787571	0.946525	-0.312871	-0.250332	0.285012	0.925258
0.566667	0.964917	0.151677	0.21431	-0.0790892	0.946253	-0.31361	-0.250359	0.285658	0.925051
0.6	0.965248	0.151751	0.212764	-0.0794615	0.946013	-0.314238	-0.248964	0.286411	0.925195
0.633333	0.965419	0.152011	0.211797	-0.0799065	0.945848	-0.314621	-0.248154	0.286817	0.925287
0.666667	0.965505	0.151908	0.21148	-0.0798871	0.945832	-0.314676	-0.247826	0.286927	0.925341
0.7	0.965609	0.151673	0.211176	-0.0797558	0.94585	-0.314653	-0.247465	0.286989	0.925418
0.733333	0.965641	0.151963	0.210819	-0.080139	0.945806	-0.314687	-0.247215	0.28698	0.925488
0.766667	0.965723	0.151809	0.210552	-0.0801409	0.945896	-0.314419	-0.246892	0.286767	0.92564
0.8	0.965809	0.151632	0.210288	-0.0801649	0.94604	-0.313978	-0.24655	0.286385	0.925849
0.833333	0.965841	0.151853	0.209982	-0.0803343	0.945851	-0.314505	-0.24637	0.286893	0.92574
0.866667	0.965912	0.151869	0.209643	-0.0804342	0.94582	-0.314572	-0.246058	0.286986	0.925794
0.9	0.965889	0.152149	0.209546	-0.0807305	0.945785	-0.3146	-0.246051	0.286952	0.925806
0.933333	0.965891	0.15212	0.209556	-0.0807543	0.945851	-0.314395	-0.246035	0.286748	0.925874
0.966667	0.965891	0.152023	0.209629	-0.0807087	0.945945	-0.314124	-0.246052	0.286491	0.925949
1	0.965867	0.15236	0.209495	-0.0810314	0.945858	-0.314304	-0.24604	0.2866	0.925918
1.03333	0.965867	0.152448	0.209427	-0.0811344	0.945843	-0.314321	-0.246003	0.2866	0.925928
1.06667	0.965741	0.152361	0.210073	-0.0805317	0.945493	-0.315529	-0.246697	0.287801	0.925371
1.1	0.965891	0.152304	0.209421	-0.0809885	0.945849	-0.314343	-0.245956	0.28666	0.925922
1.13333	0.965878	0.152558	0.209299	-0.0812675	0.945815	-0.31437	-0.245918	0.286634	0.92594
1.16667	0.965877	0.15275	0.209161	-0.0813825	0.945661	-0.314804	-0.245882	0.28704	0.925824
1.2	0.965878	0.152746	0.20916	-0.081354	0.945634	-0.314894	-0.245888	0.287133	0.925794
1.23333	0.965894	0.152802	0.209048	-0.0814315	0.945613	-0.314938	-0.245802	0.287173	0.925804
1.26667	0.96593	0.152663	0.20898	-0.0813049	0.94561	-0.314979	-0.245699	0.287257	0.925805
1.3	0.96595	0.152562	0.208964	-0.0812071	0.945613	-0.314995	-0.245655	0.2873	0.925804
1.33333	0.965968	0.152618	0.208837	-0.0813577	0.945672	-0.314779	-0.245532	0.287076	0.925906
1.36667	0.966027	0.152495	0.208658	-0.0812655	0.945647	-0.314878	-0.245334	0.287224	0.925912
1.4	0.966104	0.152365	0.208392	-0.0812884	0.945732	-0.314617	-0.24502	0.287013	0.926061
1.43333	0.96619	0.152025	0.208244	-0.0810918	0.945863	-0.314272	-0.244748	0.286759	0.926211
1.46667	0.966258	0.152038	0.207919	-0.0811642	0.945808	-0.314419	-0.244455	0.286935	0.926234
1.5	0.966208	0.152585	0.20775	-0.0816794	0.945674	-0.314688	-0.24448	0.287085	0.926181
1.53333	0.966231	0.152902	0.207412	-0.0819488	0.94547	-0.315231	-0.244301	0.287589	0.926072
1.56667	0.966323	0.152861	0.207009	-0.0820295	0.945461	-0.315238	-0.243907	0.287641	0.92616
1.6	0.966341	0.153014	0.206811	-0.0821535	0.945341	-0.315566	-0.243793	0.287954	0.926093
1.63333	0.966275	0.153548	0.206726	-0.0825731	0.945142	-0.316052	-0.243915	0.288323	0.925946
1.66667	0.966282	0.153558	0.206686	-0.0825679	0.945107	-0.316157	-0.243889	0.288431	0.925919
1.7	0.966236	0.15384	0.206692	-0.0828512	0.945094	-0.316122	-0.243976	0.288324	0.925929
1.73333	0.966061	0.154533	0.20699	-0.0834038	0.945003	-0.316249	-0.244477	0.288253	0.925819
1.76667	0.966121	0.15479	0.206519	-0.0836877	0.944837	-0.316671	-0.244145	0.288659	0.92578
1.8	0.966272	0.154649	0.20592	-0.0836316	0.944712	-0.317056	-0.243567	0.289141	0.925782
1.83333	0.966155	0.155769	0.205624	-0.0844997	0.94423	-0.318261	-0.243732	0.290114	0.925434
1.86667	0.966298	0.155806	0.204922	-0.0846272	0.944059	-0.318733	-0.243119	0.290649	0.925428
1.9	0.966231	0.156609	0.204625	-0.0855133	0.943993	-0.318691	-0.243074	0.290431	0.925508
1.93333	0.966202	0.157069	0.204408	-0.085934	0.943833	-0.319053	-0.24304	0.290704	0.925431
1.96667	0.966223	0.157337	0.204104	-0.086414	0.943949	-0.318579	-0.242788	0.290181	0.925661
2	0.96626	0.15745	0.203841	-0.0868922	0.944275	-0.317482	-0.24247	0.289058	0.926096
2.03333	0.966303	0.157127	0.203885	-0.086884	0.944688	-0.316254	-0.242299	0.287883	0.926507
2.06667	0.966256	0.156995	0.20421	-0.0872303	0.945387	-0.314061	-0.242363	0.28565	0.927181
2.1	0.966022	0.157311	0.205074	-0.0875166	0.94566	-0.313157	-0.243193	0.284569	0.927296
2.13333	0.965889	0.157452	0.205592	-0.087542	0.945712	-0.312993	-0.243712	0.284318	0.927236
2.16667	0.96549	0.15831	0.206802	-0.0880536	0.945709	-0.31286	-0.245103	0.283854	0.927012
2.2	0.965187	0.15865	0.207951	-0.0878611	0.945501	-0.313542	-0.246361	0.284356	0.926524
2.23333	0.964854	0.159209	0.209067	-0.0878117	0.945181	-0.31452	-0.24768	0.285107	0.925942
2.26667	0.964295	0.159735	0.211235	-0.0874768	0.944969	-0.315248	-0.249967	0.285514	0.925202
2.3	0.963618	0.160069	0.21405	-0.0867806	0.944823	-0.315878	-0.252802	0.285811	0.924339
2.33333	0.962904	0.160061	0.217247	-0.0857592	0.944863	-0.316038	-0.255854	0.285683	0.923539
2.36667	0.961812	0.161113	0.221269	-0.0857691	0.945097	-0.315333	-0.259925	0.284313	0.922825
2.4	0.960611	0.162398	0.225508	-0.0858929	0.945252	-0.314835	-0.26429	0.283064	0.921968
2.43333	0.959537	0.161861	0.230411	-0.0839802	0.945536	-0.314497	-0.268766	0.282422	0.92087
2.46667	0.958451	0.159999	0.236162	-0.080616	0.946067	-0.313781	-0.27363	0.281705	0.919657
2.5	0.957336	0.155857	0.243343	-0.0753826	0.947621	-0.310374	-0.278971	0.278789	0.918941
2.53333	0.956155	0.149426	0.251873	-0.0682433	0.950045	-0.30456	-0.2848	0.274018	0.918587
2.56667	0.955079	0.139992	0.2612	-0.0567112	0.95144	-0.302567	-0.290873	0.274162	0.91664
2.6	0.953615	0.129175	0.271903	-0.0421557	0.951655	-0.304263	-0.298061	0.278687	0.912958
2.63333	0.951882	0.116174	0.283591	-0.0198782	0.946821	-0.321147	-0.305819	0.300057	0.903571
2.66667	0.949751	0.0988628	0.296982	0.0169392	0.931184	-0.364155	-0.312547	0.350887	0.882719
2.7	0.94942	0.0662946	0.30693	0.0836316	0.888768	-0.450663	-0.302667	0.453537	0.83827
2.73333	0.955812	0.00556044	0.293927	0.180782	0.777309	-0.602585	-0.231823	0.629094	0.741956
2.76667	0.968052	-0.0736303	0.239697	0.23651	0.585677	-0.775271	-0.0833018	0.807193	0.58438
2.8	0.969974	-0.143823	0.196126	0.240422	0.445299	-0.8625	0.0367124	0.883755	0.466507
2.83333	0.96482	-0.189064	0.182694	0.243841	0.383669	-0.890696	0.098305	0.90391	0.416274
2.86667	0.958305	-0.215466	0.187686	0.260235	0.386801	-0.884682	0.118022	0.896638	0.426746
2.9	0.954897	-0.222079	0.19711	0.279666	0.449538	-0.848353	0.0997926	0.865215	0.49137
2.93333	0.957829	-0.205409	0.200927	0.284946	0.588928	-0.756287	0.0370169	0.781646	0.622623
2.96667	0.972203	-0.154701	0.175755	0.229563	0.777509	-0.585474	-0.0460771	0.609546	0.79141
3	0.989405	-0.0895931	0.114241	0.129124	0.902752	-0.410324	-0.066369	0.420728	0.904756
3.03333	0.997902	-0.0477282	0.0437378	0.0592673	0.945354	-0.320614	-0.0260454	0.322533	0.9462
3.06667	0.999524	-0.0247543	-0.0184126	0.0182394	0.955489	-0.294461	0.0248822	0.293985	0.955486
3.1	0.997997	-0.00942701	-0.0625532	-0.010149	0.952165	-0.305415	0.0624402	0.305438	0.950162
3.13333	0.996718	0.0100435	-0.0803235	-0.0377038	0.935667	-0.350864	0.0716321	0.352741	0.932975
3.16667	0.997035	0.0171775	-0.075001	-0.0422809	0.936715	-0.347531	0.0642848	0.349672	0.934664
3.2	0.998897	0.00890805	-0.0461101	-0.0240522	0.94034	-0.339384	0.0403359	0.340119	0.939517
3.23333	0.999794	0.00284753	-0.0200796	-0.00992747	0.932077	-0.362125	0.0176846	0.362249	0.931913
3.26667	0.999924	-0.0103183	0.00670027	0.0119943	0.938803	-0.344246	-0.00273821	0.3443	0.938856
3.3	0.999011	-0.0282863	0.0343014	0.0375882	0.949394	-0.311829	-0.023745	0.31281	0.949519
3.33333	0.997686	-0.0299587	0.0610293	0.0477095	0.948039	-0.314555	-0.0484345	0.316739	0.947275
3.36667	0.995216	-0.0412265	0.088577	0.066722	0.949064	-0.307938	-0.0713701	0.312375	0.947274
3.4	0.991491	-0.0589207	0.116081	0.0914425	0.949895	-0.298894	-0.0926536	0.306965	0.9472
3.43333	0.987438	-0.0701144	0.141601	0.108255	0.952982	-0.28303	-0.115099	0.294804	0.9486
3.46667	0.984474	-0.0680278	0.161809	0.111834	0.95361	-0.279502	-0.135289	0.293258	0.946412
3.5	0.981555	-0.0439101	0.18607	0.0977462	0.951704	-0.29104	-0.164304	0.30386	0.938442
3.53333	0.97614	-0.0145016	0.216658	0.0820976	0.948353	-0.30641	-0.201024	0.316887	0.926915
3.56667	0.970259	0.0152438	0.241588	0.0639355	0.946437	-0.316495	-0.233472	0.322528	0.917315
3.6	0.96396	0.0414397	0.2628	0.0488351	0.943451	-0.327897	-0.261527	0.328913	0.907425
3.63333	0.956502	0.0665105	0.284042	0.0348428	0.940648	-0.337591	-0.289637	0.332803	0.897414
3.66667	0.94862	0.091044	0.303035	0.019577	0.938988	-0.343394	-0.31581	0.331683	0.88896
3.7	0.941089	0.115635	0.317774	0.00178594	0.938004	-0.34662	-0.338155	0.326768	0.882539
3.73333	0.93262	0.141303	0.332045	-0.0175364	0.936807	-0.349406	-0.360434	0.32004	0.876163
3.76667	0.92286	0.168287	0.346423	-0.0372419	0.934261	-0.354639	-0.38333	0.314381	0.86846
3.8	0.912106	0.196169	0.359973	-0.0575535	0.930658	-0.361337	-0.405895	0.30886	0.860148
3.83333	0.902098	0.219978	0.371252	-0.0745879	0.926851	-0.367946	-0.425035	0.304233	0.852518
3.86667	0.892542	0.239863	0.381882	-0.0889842	0.923839	-0.372294	-0.442097	0.298306	0.84591
3.9	0.882718	0.253081	0.395928	-0.095413	0.921554	-0.376344	-0.460115	0.294429	0.837619
3.93333	0.871248	0.264537	0.413457	-0.102316	0.921716	-0.374126	-0.48006	0.283654	0.83011
3.96667	0.857049	0.269786	0.438955	-0.106602	0.926368	-0.361218	-0.504086	0.262788	0.822703
4	0.839533	0.283127	0.463706	-0.115932	0.927182	-0.356221	-0.530796	0.245301	0.811224
4.03333	0.826161	0.298389	0.477934	-0.12497	0.924169	-0.360964	-0.5494	0.238487	0.800802
4.06667	0.81293	0.319259	0.48705	-0.130034	0.914733	-0.382564	-0.567658	0.247665	0.785128
4.1	0.80702	0.332025	0.488342	-0.105862	0.89491	-0.433508	-0.580958	0.298153	0.757359
4.13333	0.819581	0.347214	0.455774	-0.0489939	0.835024	-0.548029	-0.570865	0.426823	0.70138
4.16667	0.872618	0.366706	0.322592	0.0106801	0.646017	-0.763248	-0.488287	0.669469	0.559809
4.2	0.945415	0.301538	0.123549	-0.00832114	0.401354	-0.915885	-0.325762	0.864864	0.381955
4.23333	0.981583	0.188797	0.0291593	-0.0285398	0.295851	-0.954808	-0.188891	0.936391	0.295791
4.26667	0.997396	0.072045	0.0032527	-0.0151927	0.253991	-0.967087	-0.0704999	0.96452	0.254424
4.3	0.999528	-0.0241864	0.0189681	0.0241102	0.234175	-0.971895	0.0190648	0.971894	0.234647
4.33333	0.993556	-0.09695	0.0587154	0.0796938	0.229186	-0.970115	0.0805959	0.968542	0.235436
4.36667	0.983227	-0.149323	0.104721	0.14047	0.253779	-0.957008	0.116327	0.955667	0.270498
4.4	0.971844	-0.183774	0.147465	0.202553	0.331854	-0.921328	0.120379	0.925257	0.359735
4.43333	0.965983	-0.190856	0.174503	0.249401	0.509104	-0.823779	0.068383	0.839278	0.539385
4.46667	0.976512	-0.154753	0.149918	0.214626	0.759895	-0.613592	-0.0189663	0.631357	0.775261
4.5	0.993203	-0.0954404	0.0666316	0.114514	0.903787	-0.412379	-0.0208632	0.417206	0.908573
4.53333	0.998475	-0.0512828	-0.0204579	0.0421634	0.947438	-0.317148	0.0356468	0.315801	0.948155
4.56667	0.996534	-0.0224419	-0.0800964	-0.00331419	0.951441	-0.307815	0.083115	0.307013	0.948069
4.6	0.995281	-0.00394589	-0.0969579	-0.0304945	0.935836	-0.351114	0.0921221	0.352414	0.931299
4.63333	0.997154	-0.00423586	-0.0752745	-0.0230214	0.933629	-0.3575	0.0717928	0.358216	0.930875
4.66667	0.999407	-0.0139781	-0.0314548	0.000974457	0.924955	-0.380076	0.034407	0.37982	0.92442
4.7	0.999588	-0.0286663	-0.00122415	0.026277	0.931742	-0.362169	0.0115226	0.361988	0.932111
4.73333	0.997376	-0.0634842	0.0348045	0.071505	0.939075	-0.336192	-0.0113411	0.337798	0.94115
4.76667	0.994418	-0.0773151	0.0718003	0.0957821	0.9469	-0.306931	-0.0442573	0.312095	0.94902
4.8	0.99111	-0.0753965	0.109618	0.105533	0.947241	-0.302649	-0.0810158	0.311527	0.946777
4.83333	0.987861	-0.0597837	0.143378	0.100174	0.950596	-0.293823	-0.118728	0.304619	0.945046
4.86667	0.983921	-0.0293519	0.176177	0.0813199	0.951852	-0.295575	-0.159019	0.30515	0.938934
4.9	0.979211	0.000154907	0.202845	0.0621444	0.951685	-0.300722	-0.193091	0.307076	0.931891
4.93333	0.973726	0.0250523	0.226342	0.0470996	0.950283	-0.307804	-0.2228	0.310377	0.924135
4.96667	0.967257	0.0462685	0.249547	0.0346255	0.949992	-0.310348	-0.251427	0.308827	0.917284
5	0.959691	0.0718736	0.271713	0.0183143	0.948703	-0.315637	-0.280461	0.30789	0.909145
5.03333	0.951399	0.100344	0.291155	-0.000818509	0.946248	-0.323442	-0.307961	0.307484	0.900341
5.06667	0.94238	0.126153	0.309847	-0.0172238	0.943244	-0.331655	-0.3341	0.307208	0.891067
5.1	0.932288	0.150413	0.32896	-0.0337787	0.94167	-0.334837	-0.360136	0.301053	0.882989
5.13333	0.919311	0.177981	0.350985	-0.0526216	0.939469	-0.338569	-0.389998	0.29278	0.87303
5.16667	0.905615	0.205317	0.371088	-0.0717564	0.936565	-0.343071	-0.417986	0.284062	0.8629
5.2	0.8927	0.22741	0.389064	-0.0862035	0.933566	-0.347883	-0.442329	0.277017	0.852999
5.23333	0.879956	0.242742	0.408355	-0.0941011	0.931628	-0.351019	-0.465642	0.270455	0.842634
5.26667	0.866181	0.252868	0.431033	-0.0987652	0.932139	-0.348372	-0.489874	0.259182	0.832375
5.3	0.850121	0.256075	0.460131	-0.101204	0.93696	-0.334461	-0.516771	0.237765	0.822445
5.33333	0.830364	0.263599	0.490929	-0.105937	0.939641	-0.325348	-0.547059	0.21815	0.808169
5.36667	0.815248	0.275243	0.509522	-0.11136	0.937921	-0.328486	-0.568305	0.211057	0.795289
5.4	0.802032	0.297312	0.518024	-0.114028	0.927572	-0.355821	-0.586295	0.22631	0.777845
5.43333	0.797356	0.31373	0.515555	-0.0846006	0.903932	-0.419225	-0.59755	0.290655	0.747298
5.46667	0.809476	0.338091	0.480045	-0.0262249	0.837583	-0.54568	-0.586567	0.429125	0.68687
5.5	0.86274	0.364327	0.350637	0.0363017	0.647024	-0.761605	-0.504344	0.669795	0.544988
5.53333	0.94039	0.307489	0.145314	0.016067	0.386628	-0.922096	-0.339717	0.869465	0.358641
5.56667	0.980167	0.194377	0.0386022	-0.0150929	0.267445	-0.963455	-0.197598	0.943764	0.265074
5.6	0.997038	0.0764745	0.00818345	-0.00885873	0.219881	-0.975486	-0.0763993	0.972524	0.219908
5.63333	0.999455	-0.0231462	0.0235171	0.0276469	0.198358	-0.97974	0.0180125	0.979856	0.19889
5.66667	0.993264	-0.0951417	0.0661345	0.0835119	0.192165	-0.977803	0.0803211	0.97674	0.198816
5.7	0.982293	-0.148948	0.113642	0.144382	0.215294	-0.965817	0.11939	0.965123	0.232988
5.73333	0.969911	-0.18387	0.159579	0.209617	0.297292	-0.931493	0.123832	0.936915	0.326889
5.76667	0.96358	-0.190364	0.187814	0.258276	0.480405	-0.838155	0.0693276	0.856138	0.512076
5.8	0.976456	-0.146127	0.158685	0.21372	0.755193	-0.619683	-0.0292851	0.639007	0.768643
5.83333	0.995015	-0.0742203	0.0666077	0.0952365	0.905338	-0.413876	-0.0295844	0.418157	0.907893
5.86667	0.999377	-0.0246043	-0.0252955	0.0148704	0.943714	-0.330427	0.0320017	0.329845	0.943493
5.9	0.996312	0.00467909	-0.0856817	-0.0320256	0.946639	-0.3207	0.0796091	0.322261	0.943298
5.93333	0.995069	0.0212817	-0.0968718	-0.0543045	0.934204	-0.352583	0.0829944	0.356105	0.930753
5.96667	0.997606	0.0108607	-0.068303	-0.0334042	0.940426	-0.338352	0.0605592	0.339824	0.938537
6	0.999672	0.000189914	-0.0255958	-0.00971556	0.927954	-0.372567	0.0236809	0.372694	0.927652
6.03333	0.99999	-0.00202539	0.00390988	0.00332527	0.929417	-0.369015	-0.00288651	0.369025	0.929415
6.06667	0.998689	-0.0329061	0.0392135	0.0442975	0.939442	-0.339833	-0.0256563	0.341125	0.939668
6.1	0.99578	-0.0562999	0.072481	0.0756968	0.950377	-0.30175	-0.0518958	0.305963	0.950628
6.13333	0.991835	-0.0678446	0.107986	0.0967709	0.951883	-0.290783	-0.0830623	0.298858	0.950676
6.16667	0.988331	-0.0633496	0.138524	0.100729	0.953996	-0.282392	-0.114262	0.29305	0.949245
6.2	0.984568	-0.0352496	0.171413	0.0854315	0.95167	-0.295002	-0.15273	0.305094	0.939995
6.23333	0.97932	-0.00755846	0.202176	0.0696369	0.950835	-0.301767	-0.189955	0.309605	0.931698
6.26667	0.973418	0.0132941	0.228649	0.0594738	0.949397	-0.308396	-0.221178	0.313796	0.92337
6.3	0.966834	0.0315985	0.253443	0.0513077	0.948059	-0.313929	-0.250199	0.316521	0.914994
6.33333	0.958762	0.0560466	0.27863	0.0390462	0.945092	-0.324463	-0.281516	0.321962	0.90393
6.36667	0.949913	0.0853363	0.300638	0.0217567	0.941604	-0.336019	-0.311756	0.32573	0.892585
6.4	0.941151	0.111972	0.3189	0.00504517	0.938769	-0.344509	-0.337949	0.325844	0.882959
6.43333	0.931479	0.137694	0.336729	-0.0109175	0.935767	-0.35245	-0.36363	0.324624	0.873151
6.46667	0.920295	0.163445	0.355448	-0.0284673	0.934118	-0.355829	-0.390189	0.317349	0.864316
6.5	0.90842	0.189983	0.372398	-0.0483733	0.932562	-0.357755	-0.415251	0.306978	0.856348
6.53333	0.896675	0.214729	0.387124	-0.0658373	0.929442	-0.363046	-0.437766	0.300047	0.847545
6.56667	0.885483	0.236154	0.400188	-0.0795759	0.925573	-0.370112	-0.457807	0.295882	0.838371
6.6	0.874106	0.252438	0.414986	-0.0891669	0.92322	-0.373784	-0.47748	0.289724	0.829502
6.63333	0.861239	0.260823	0.436164	-0.0929188	0.924601	-0.36943	-0.499634	0.27764	0.820538
6.66667	0.8456	0.262536	0.464797	-0.0952029	0.930913	-0.352615	-0.52526	0.253921	0.812174
6.7	0.825508	0.275272	0.492708	-0.104725	0.932542	-0.345541	-0.554589	0.233648	0.798649
6.73333	0.811311	0.289261	0.508037	-0.110509	0.929227	-0.352597	-0.574075	0.229923	0.785859
6.76667	0.797844	0.310858	0.516539	-0.107978	0.916638	-0.384859	-0.593115	0.251283	0.764899
6.8	0.795064	0.334667	0.505838	-0.0678881	0.877854	-0.474092	-0.602715	0.342593	0.72067
6.83333	0.82815	0.370758	0.420365	0.00885711	0.741222	-0.671201	-0.560437	0.559578	0.610559
6.86667	0.915852	0.354103	0.18928	0.0163653	0.4381	-0.898777	-0.401183	0.826244	0.395439
6.9	0.965883	0.25681	0.0334418	-0.0401615	0.2761	-0.96029	-0.255845	0.926184	0.276994
6.93333	0.989107	0.145111	-0.0247004	-0.0582123	0.23149	-0.971094	-0.135199	0.961954	0.237415
6.96667	0.998674	0.0365784	-0.0362352	-0.0433878	0.218963	-0.974768	-0.0277212	0.975047	0.22026
7	0.998797	-0.0484591	-0.007485	0.00334377	0.219608	-0.975583	0.0489196	0.974384	0.219505
7.03333	0.992883	-0.108932	0.0481365	0.0728129	0.235399	-0.969167	0.0942417	0.965775	0.241655
7.06667	0.982687	-0.15164	0.106445	0.145762	0.278148	-0.949414	0.114362	0.948493	0.295436
7.1	0.972666	-0.172985	0.154912	0.211109	0.380883	-0.900201	0.0967182	0.908298	0.40699
7.13333	0.970811	-0.161743	0.177104	0.238925	0.587461	-0.773178	0.0210145	0.792924	0.608958
7.16667	0.98594	-0.102151	0.132238	0.15764	0.831087	-0.533333	-0.0554207	0.546681	0.835505
7.2	0.998707	-0.0355998	0.0362989	0.0461973	0.93354	-0.355485	-0.0212312	0.356702	0.933977
7.23333	0.998895	0.00634995	-0.0465677	-0.0202439	0.952336	-0.304379	0.0424153	0.304985	0.951412
7.26667	0.995775	0.0370929	-0.0839966	-0.0647327	0.932367	-0.355669	0.0651229	0.359604	0.93083
7.3	0.996292	0.0297885	-0.0807156	-0.0557439	0.9381	-0.341849	0.0655361	0.345081	0.936282
7.33333	0.999252	0.00583296	-0.0382165	-0.0187559	0.937562	-0.347313	0.0338044	0.347771	0.93697
7.36667	0.999972	0.00392146	-0.00639901	-0.00603833	0.926726	-0.37569	0.00445688	0.375718	0.926723
7.4	0.999814	-0.00103547	0.0192528	0.00765143	0.93787	-0.346903	-0.0176974	0.346986	0.937703
7.43333	0.998373	-0.0260089	0.0507513	0.0403504	0.951056	-0.306373	-0.0402989	0.307922	0.950558
7.46667	0.99592	-0.0334482	0.083812	0.057357	0.951654	-0.301769	-0.0696664	0.305345	0.94969
7.5	0.992141	-0.0467469	0.116065	0.0793516	0.952268	-0.29477	-0.0967452	0.301663	0.948493
7.53333	0.988564	-0.0498027	0.142343	0.0885635	0.955704	-0.280688	-0.122059	0.290085	0.949185
7.56667	0.985064	-0.0282013	0.169863	0.0777751	0.953002	-0.29281	-0.153622	0.301648	0.940962
7.6	0.980828	-3.84322e-05	0.194874	0.0597985	0.951815	-0.300786	-0.185473	0.306673	0.933569
7.63333	0.976298	0.0241365	0.21508	0.043811	0.951149	-0.305607	-0.21195	0.307786	0.927548
7.66667	0.971469	0.039891	0.233788	0.03326	0.953097	-0.300832	-0.234823	0.300025	0.924577
7.7	0.965034	0.0620317	0.25468	0.0199288	0.95142	-0.30725	-0.261366	0.301582	0.916917
7.73333	0.957805	0.0877747	0.273687	0.00320763	0.948904	-0.31555	-0.2874	0.303113	0.908583
7.76667	0.950169	0.11438	0.289993	-0.0136533	0.944632	-0.327848	-0.311436	0.307552	0.899122
7.8	0.941699	0.138113	0.306803	-0.0291017	0.941881	-0.334683	-0.335196	0.306242	0.890988
7.83333	0.931125	0.160669	0.327401	-0.043798	0.940493	-0.336979	-0.36206	0.29943	0.882754
7.86667	0.919579	0.183048	0.34766	-0.0606125	0.940344	-0.334781	-0.388201	0.286785	0.875816
7.9	0.908711	0.202547	0.364992	-0.0761177	0.940131	-0.332204	-0.410428	0.274095	0.869725
7.93333	0.897264	0.221134	0.382123	-0.087763	0.937584	-0.336502	-0.432684	0.268395	0.860667
7.96667	0.884602	0.235554	0.402484	-0.0955781	0.936312	-0.337911	-0.456447	0.260448	0.850778
8	0.869105	0.245336	0.429495	-0.101079	0.93809	-0.331316	-0.484189	0.244536	0.840097
8.03333	0.850445	0.251155	0.462239	-0.102364	0.940884	-0.322891	-0.516009	0.227284	0.825879
8.06667	0.831208	0.26355	0.489525	-0.107792	0.94019	-0.323148	-0.545412	0.215836	0.809902
8.1	0.817751	0.281938	0.501791	-0.113121	0.933535	-0.34017	-0.564347	0.221411	0.795292
8.13333	0.80798	0.301837	0.506026	-0.108165	0.92021	-0.376182	-0.579196	0.249213	0.77616
8.16667	0.805791	0.313665	0.50231	-0.0722616	0.89395	-0.442303	-0.587775	0.320106	0.743003
8.2	0.818914	0.336243	0.465102	-0.0116845	0.820002	-0.572242	-0.573797	0.463183	0.67544
8.23333	0.86912	0.360824	0.338285	0.0439695	0.62488	-0.779482	-0.492643	0.692337	0.52723
8.26667	0.940056	0.308276	0.145809	0.0226659	0.370141	-0.928699	-0.340266	0.876334	0.340966
8.3	0.977477	0.208215	0.0344411	-0.0175665	0.242898	-0.969893	-0.210312	0.947442	0.241085
8.33333	0.994425	0.10507	-0.00885752	-0.028592	0.187841	-0.981783	-0.101492	0.976563	0.189798
8.36667	0.999815	0.0172956	-0.00844398	-0.0111073	0.160209	-0.987021	-0.0157183	0.986932	0.160371
8.4	0.99872	-0.0436131	0.0256236	0.0319821	0.151984	-0.987865	0.0391894	0.98742	0.153185
8.43333	0.993729	-0.0847384	0.0729554	0.0864507	0.168431	-0.981915	0.070918	0.982064	0.1747
8.46667	0.98653	-0.10582	0.12474	0.146877	0.237337	-0.96026	0.0720089	0.965647	0.249683
8.5	0.979349	-0.0995551	0.175964	0.201508	0.410005	-0.889545	0.0164125	0.906634	0.4216
8.53333	0.979608	-0.0620455	0.191097	0.179903	0.694356	-0.696781	-0.089457	0.716952	0.691359
8.56667	0.989589	-0.0206092	0.142438	0.0883887	0.868087	-0.48848	-0.113581	0.495985	0.860871
8.6	0.997415	0.00284199	0.0718044	0.0245073	0.925861	-0.377069	-0.0675525	0.377854	0.923398
8.63333	0.999745	0.0184922	0.0129518	-0.0132257	0.94464	-0.327843	-0.0182973	0.327588	0.944643
8.66667	0.99937	0.0291758	-0.0201884	-0.0341024	0.946905	-0.319701	0.00978895	0.320188	0.947304
8.7	0.998666	0.0453716	-0.0246705	-0.051062	0.939025	-0.340036	0.00773824	0.340842	0.940089
8.73333	0.998529	0.0542286	6.32961e-05	-0.0507952	0.935715	-0.34908	-0.0189893	0.348563	0.937093
8.76667	0.997957	0.0556241	0.0314245	-0.040461	0.930943	-0.362917	-0.0494413	0.360904	0.931292
8.8	0.997566	0.0382243	0.0583109	-0.0164692	0.941842	-0.335652	-0.0677497	0.333875	0.940179
8.83333	0.996053	0.0107885	0.0881067	0.0166606	0.952224	-0.304947	-0.0871872	0.305211	0.948285
8.86667	0.993928	0.0114014	0.109443	0.0215132	0.955287	-0.294897	-0.107911	0.29546	0.949241
8.9	0.991586	0.00775077	0.12922	0.0309658	0.955025	-0.294904	-0.125694	0.296424	0.946749
8.93333	0.988836	-0.00462516	0.148939	0.0485457	0.954987	-0.292649	-0.140881	0.296612	0.944549
8.96667	0.986188	-0.0205758	0.164349	0.0681714	0.954735	-0.289539	-0.150952	0.296744	0.942951
9	0.984708	-0.0275973	0.172014	0.0764314	0.955712	-0.284207	-0.156553	0.293008	0.943206
9.03333	0.98354	-0.0183706	0.179757	0.0706013	0.954808	-0.288716	-0.166329	0.296655	0.940388
9.06667	0.9812	-0.00243742	0.19298	0.0603182	0.953703	-0.294639	-0.183328	0.30074	0.93592
9.1	0.978605	0.014683	0.205224	0.0482845	0.953206	-0.298441	-0.200003	0.301965	0.932103
