0	-0.0937414	-0.0312161	0.754607	0.999593	0.00232367	-0.0284208	-0.00151537	0.999595	0.028429	0.0284753	-0.0283744	0.999192
0.0333333	0.140868	0.961272	-1.94392	0.0750001	0.996993	-0.019513	-0.997093	0.075243	0.0120274	0.0134594	0.0185542	0.999737
0.0666667	0.139202	0.961145	-1.94497	-0.00153217	0.999868	0.0161507	-0.999971	-0.00141173	-0.0074663	-0.00744252	-0.0161617	0.999842
0.1	0.139868	0.960862	-1.94545	0.000865035	0.999654	0.0262836	-0.99992	0.00119613	-0.0125841	-0.0126112	-0.0262706	0.999575
0.133333	0.140668	0.960714	-1.94594	0.00492409	0.999537	0.0300175	-0.999874	0.0053734	-0.0149059	-0.0150603	-0.0299403	0.999438
0.166667	0.141159	0.960582	-1.94594	0.00654032	0.999494	0.0311278	-0.999849	0.00703709	-0.0158762	-0.0160872	-0.0310193	0.999389
0.2	0.141483	0.960516	-1.94589	0.00685422	0.999475	0.0316572	-0.999838	0.00737729	-0.0164357	-0.0166607	-0.0315394	0.999364
0.233333	0.141804	0.960423	-1.94573	0.00683254	0.999463	0.0320466	-0.999834	0.00737002	-0.0166839	-0.0169111	-0.0319273	0.999347
0.266667	0.141899	0.960336	-1.94557	0.00655437	0.999482	0.0315122	-0.999832	0.00708913	-0.0168881	-0.0171028	-0.0313963	0.999361
0.3	0.141969	0.960271	-1.9453	0.00599025	0.999497	0.0311535	-0.999838	0.00651616	-0.0168071	-0.0170017	-0.0310478	0.999373
0.333333	0.142035	0.960214	-1.94497	0.00551642	0.999507	0.0309135	-0.999843	0.00603369	-0.0166644	-0.0168427	-0.0308167	0.999383
0.366667	0.14204	0.960149	-1.9446	0.00528309	0.999521	0.0304875	-0.999845	0.00579142	-0.0166092	-0.0167778	-0.0303951	0.999397
0.4	0.14206	0.960077	-1.94424	0.00493377	0.999522	0.0305053	-0.999851	0.00543462	-0.0163574	-0.0165154	-0.03042	0.999401
0.433333	0.142197	0.95992	-1.94364	0.00506884	0.999507	0.030987	-0.999854	0.00557055	-0.0161262	-0.0162909	-0.0309007	0.99939
0.466667	0.142042	0.959905	-1.94348	0.00465636	0.999516	0.0307533	-0.99986	0.00514782	-0.0159208	-0.0160714	-0.0306748	0.9994
0.5	0.141941	0.959868	-1.94314	0.00417073	0.999522	0.0306458	-0.999866	0.00465373	-0.0157064	-0.0158415	-0.0305762	0.999407
0.533333	0.14191	0.959816	-1.94276	0.00426539	0.999518	0.0307629	-0.999867	0.00474722	-0.0156066	-0.0157451	-0.0306923	0.999405
0.566667	0.141717	0.959716	-1.94241	0.00381588	0.999522	0.0306686	-0.999867	0.00430048	-0.0157506	-0.015875	-0.0306045	0.999405
0.6	0.141551	0.959652	-1.9421	0.00363266	0.999525	0.030609	-0.999862	0.00412677	-0.0160947	-0.0162134	-0.0305463	0.999402
0.633333	0.141398	0.959588	-1.94182	0.00350006	0.999514	0.0309639	-0.999855	0.00401455	-0.0165692	-0.0166854	-0.0309014	0.999383
0.666667	0.141167	0.959506	-1.94155	0.00317454	0.999506	0.0312553	-0.999851	0.00370359	-0.0168833	-0.0169907	-0.031197	0.999369
0.7	0.140815	0.959387	-1.94094	0.0026362	0.999515	0.0310328	-0.99985	0.00316568	-0.0170251	-0.0171151	-0.0309833	0.999373
0.733333	0.14062	0.959336	-1.94071	0.00239946	0.999507	0.0313094	-0.999841	0.00295045	-0.0175639	-0.0176476	-0.0312623	0.999355
0.766667	0.140395	0.959302	-1.94054	0.00241309	0.999511	0.0311748	-0.999832	0.00297793	-0.0180846	-0.0181686	-0.0311259	0.99935
0.8	0.140079	0.959258	-1.94031	0.00207151	0.999526	0.0307285	-0.999831	0.00263146	-0.0181931	-0.0182653	-0.0306856	0.999362
0.833333	0.140018	0.959229	-1.9401	0.0022503	0.999514	0.0310843	-0.999833	0.00281335	-0.018082	-0.0181607	-0.0310384	0.999353
0.866667	0.139622	0.959148	-1.93979	0.00166773	0.999518	0.0309948	-0.999837	0.00222423	-0.0179286	-0.017989	-0.0309598	0.999359
0.9	0.139429	0.959127	-1.9395	0.00175839	0.999506	0.0313646	-0.99984	0.00231504	-0.0177203	-0.0177842	-0.0313285	0.999351
0.933333	0.139275	0.959116	-1.93922	0.001508	0.999493	0.0318049	-0.999841	0.00207201	-0.0177079	-0.0177649	-0.0317731	0.999337
0.966667	0.13918	0.959113	-1.93896	0.00156419	0.99948	0.0321985	-0.999846	0.00212601	-0.0174218	-0.0174812	-0.0321663	0.99933
1	0.139087	0.959121	-1.93872	0.00154501	0.999473	0.0324346	-0.99985	0.00210339	-0.0171884	-0.0172476	-0.0324032	0.999326
1.03333	0.138931	0.959082	-1.93846	0.00154998	0.99947	0.0325269	-0.999851	0.00210774	-0.0171205	-0.01718	-0.0324955	0.999324
1.06667	0.138779	0.959047	-1.93828	0.00153994	0.999464	0.0327008	-0.99985	0.00210355	-0.0172079	-0.0172674	-0.0326694	0.999317
1.1	0.138666	0.959029	-1.93804	0.00126156	0.999454	0.0330156	-0.99985	0.00183029	-0.0172015	-0.0172526	-0.032989	0.999307
1.13333	0.138552	0.95901	-1.93786	0.00111092	0.999447	0.0332379	-0.999845	0.00169326	-0.0174973	-0.0175439	-0.0332133	0.999294
1.16667	0.138415	0.958995	-1.93766	0.000651577	0.999439	0.0334814	-0.999843	0.0012432	-0.0176525	-0.0176842	-0.0334646	0.999283
1.2	0.138263	0.958977	-1.93745	0.000188634	0.999436	0.0335731	-0.999843	0.0007835	-0.0177062	-0.0177226	-0.0335645	0.999279
1.23333	0.138152	0.958932	-1.93722	-8.16292e-05	0.999438	0.0335342	-0.999838	0.000521742	-0.0179835	-0.0179909	-0.0335303	0.999276
1.26667	0.138073	0.958883	-1.93702	-0.000185133	0.999428	0.0338083	-0.999837	0.000426034	-0.0180693	-0.0180734	-0.0338061	0.999265
1.3	0.137964	0.958851	-1.93678	-0.000501642	0.99942	0.0340552	-0.999832	0.0001227	-0.0183286	-0.0183222	-0.0340587	0.999252
1.33333	0.13788	0.958824	-1.9365	-0.000823121	0.999405	0.0344757	-0.999827	-0.000181181	-0.0186191	-0.0186018	-0.034485	0.999232
1.36667	0.137911	0.958781	-1.9363	-0.000662201	0.999392	0.0348584	-0.99982	1.55463e-07	-0.0189979	-0.0189864	-0.0348647	0.999212
1.4	0.137787	0.958716	-1.93624	-0.000730902	0.999378	0.0352648	-0.999808	-4.01621e-05	-0.019584	-0.0195704	-0.0352723	0.999186
1.43333	0.137748	0.958612	-1.93589	-0.000627964	0.999356	0.0358728	-0.999803	8.38508e-05	-0.0198378	-0.019828	-0.0358782	0.999159
1.46667	0.137609	0.958503	-1.93558	-0.000605358	0.999342	0.0362596	-0.99979	0.000137153	-0.0204717	-0.0204632	-0.0362643	0.999133
1.5	0.137472	0.958366	-1.9352	-0.000831762	0.999322	0.0368049	-0.999772	-4.62655e-05	-0.0213379	-0.0213217	-0.0368142	0.999095
1.53333	0.137365	0.958222	-1.93485	-0.000438318	0.999295	0.0375506	-0.999762	0.00038189	-0.0218328	-0.0218317	-0.0375512	0.999056
1.56667	0.137253	0.958044	-1.93453	-0.000319375	0.999267	0.0382827	-0.999751	0.000535096	-0.0223077	-0.0223118	-0.0382803	0.999018
1.6	0.137083	0.95791	-1.93422	-0.000502916	0.999244	0.0388693	-0.999743	0.000378759	-0.0226724	-0.02267	-0.0388707	0.998987
1.63333	0.136881	0.957737	-1.9339	-0.000653166	0.999226	0.0393312	-0.99973	0.000260292	-0.0232151	-0.0232074	-0.0393358	0.998957
1.66667	0.136611	0.957533	-1.93361	-0.000754313	0.999219	0.0395108	-0.999704	0.000208111	-0.0243488	-0.024338	-0.0395174	0.998922
1.7	0.136356	0.957307	-1.93336	-0.00123997	0.9992	0.0399799	-0.999679	-0.000226947	-0.0253328	-0.0253035	-0.0399985	0.998879
1.73333	0.136174	0.957065	-1.93303	-0.000941522	0.999182	0.0404324	-0.999652	0.000125689	-0.0263843	-0.0263678	-0.0404431	0.998834
1.76667	0.13601	0.956778	-1.93272	-0.00118909	0.999148	0.0412485	-0.999608	-3.45213e-05	-0.02798	-0.0279548	-0.0412657	0.998757
1.8	0.135801	0.956507	-1.9323	-0.00146871	0.999117	0.0419861	-0.999556	-0.000217526	-0.0297889	-0.0297535	-0.0420113	0.998674
1.83333	0.135578	0.956292	-1.93176	-0.00134752	0.999077	0.0429297	-0.999509	-2.21407e-06	-0.0313219	-0.031293	-0.0429509	0.998587
1.86667	0.135299	0.956098	-1.93111	-0.000882878	0.999051	0.0435554	-0.99947	0.0005363	-0.0325608	-0.0325533	-0.043561	0.99852
1.9	0.135031	0.955918	-1.93053	-0.00073288	0.999003	0.044631	-0.99943	0.000774761	-0.0337535	-0.0337544	-0.0446303	0.998433
1.93333	0.134754	0.955677	-1.92985	-0.000725179	0.998948	0.0458494	-0.999398	0.000866733	-0.034691	-0.0346943	-0.0458469	0.998346
1.96667	0.134499	0.955398	-1.9292	-0.000513159	0.998886	0.0471956	-0.999365	0.00116977	-0.035624	-0.0356395	-0.0471839	0.99825
2	0.134192	0.955087	-1.92843	-0.000166446	0.998833	0.0483018	-0.999325	0.00160869	-0.0367098	-0.0367446	-0.0482753	0.998158
2.03333	0.133765	0.954742	-1.92766	-0.000639133	0.998775	0.0494875	-0.999272	0.00125037	-0.0381409	-0.0381561	-0.0494759	0.998046
2.06667	0.133123	0.954341	-1.92692	-0.00141344	0.998707	0.0508115	-0.999206	0.000613125	-0.0398463	-0.0398259	-0.0508275	0.997913
2.1	0.132468	0.953959	-1.92593	-0.00137095	0.998644	0.0520504	-0.999159	0.000765317	-0.0410002	-0.0409844	-0.0520628	0.997802
2.13333	0.13184	0.953459	-1.92493	-0.00166009	0.998543	0.0539407	-0.999083	0.000651803	-0.042814	-0.0427868	-0.0539623	0.997626
2.16667	0.131117	0.952904	-1.92365	-0.00127382	0.998453	0.055589	-0.998999	0.00121551	-0.0447244	-0.0447227	-0.0555903	0.997452
2.2	0.130259	0.952249	-1.92216	-0.00153381	0.99832	0.0579133	-0.998896	0.00118924	-0.0469556	-0.0469456	-0.0579214	0.997217
2.23333	0.129209	0.951563	-1.92049	-0.0018092	0.998159	0.0606308	-0.998787	0.00117961	-0.0492233	-0.0492042	-0.0606463	0.996946
2.26667	0.12854	0.950884	-1.91883	-0.0012409	0.997888	0.064951	-0.998676	0.00210344	-0.0513965	-0.0514245	-0.0649288	0.996564
2.3	0.127527	0.950124	-1.9168	-0.00170752	0.997641	0.0686243	-0.998559	0.00197943	-0.0536228	-0.0536321	-0.068617	0.9962
2.33333	0.126337	0.949307	-1.91463	-0.00232106	0.997429	0.0716282	-0.998442	0.00168175	-0.0557723	-0.0557493	-0.0716461	0.995871
2.36667	0.124729	0.948391	-1.91201	-0.00195652	0.997239	0.0742395	-0.998335	0.0023325	-0.0576422	-0.0576561	-0.0742286	0.995573
2.4	0.123112	0.947556	-1.90923	-0.000396931	0.997026	0.0770676	-0.998202	0.00422479	-0.0597974	-0.0599451	-0.0769527	0.995231
2.43333	0.121292	0.946778	-1.90621	0.00235682	0.996891	0.0787612	-0.998032	0.00728035	-0.0622836	-0.0626634	-0.0784594	0.994946
2.46667	0.119126	0.945936	-1.90313	0.00425598	0.996774	0.0801479	-0.997849	0.0094765	-0.0648688	-0.0654191	-0.0796994	0.99467
2.5	0.116883	0.944947	-1.89975	0.00576973	0.996678	0.0812396	-0.997712	0.01121	-0.0666694	-0.0673586	-0.080669	0.994462
2.53333	0.114358	0.943957	-1.89618	0.00899477	0.996613	0.0817441	-0.997552	0.0146119	-0.0683802	-0.069343	-0.080929	0.994305
2.56667	0.111223	0.943212	-1.8925	0.0175447	0.996716	0.0790587	-0.997278	0.0231086	-0.070021	-0.0716179	-0.077615	0.994408
2.6	0.108097	0.94264	-1.88935	0.0277766	0.9967	0.0762727	-0.996942	0.0331974	-0.0707489	-0.0730475	-0.0740742	0.994574
2.63333	0.1048	0.942129	-1.88627	0.0378417	0.996639	0.0726597	-0.996595	0.0429699	-0.0703635	-0.0732491	-0.0697497	0.994872
2.66667	0.101967	0.941293	-1.88326	0.0457147	0.996516	0.0697613	-0.996274	0.0505933	-0.0698471	-0.0731332	-0.0663083	0.995115
2.7	0.100381	0.940155	-1.87978	0.0524857	0.996347	0.0673701	-0.995922	0.0571815	-0.0697784	-0.0733758	-0.063433	0.995285
2.73333	0.10004	0.93924	-1.87543	0.0623679	0.995911	0.065354	-0.995225	0.0669839	-0.0709967	-0.0750841	-0.060614	0.995333
2.76667	0.100567	0.938553	-1.87025	0.0784462	0.994907	0.0632909	-0.99382	0.0830462	-0.0736565	-0.0785374	-0.0571217	0.995273
2.8	0.102139	0.938021	-1.8641	0.0987662	0.993022	0.0644348	-0.99176	0.103536	-0.075444	-0.0815889	-0.0564526	0.995066
2.83333	0.105006	0.93737	-1.85751	0.124951	0.989674	0.0702263	-0.988427	0.130305	-0.0776679	-0.0860168	-0.0597089	0.994503
2.86667	0.108766	0.93635	-1.8501	0.149273	0.985698	0.0782139	-0.984543	0.155494	-0.0805995	-0.0916085	-0.0649736	0.993673
2.9	0.11307	0.934973	-1.84179	0.170441	0.981635	0.0856896	-0.980443	0.17763	-0.084725	-0.0983901	-0.0695732	0.992713
2.93333	0.118204	0.93342	-1.83237	0.18759	0.977828	0.0930745	-0.976611	0.195811	-0.0888202	-0.105076	-0.0742357	0.99169
2.96667	0.123436	0.931455	-1.82105	0.198833	0.975083	0.0983811	-0.973715	0.207934	-0.0929664	-0.111107	-0.0773104	0.990797
3	0.128506	0.929048	-1.80696	0.206667	0.973431	0.0985917	-0.971491	0.216125	-0.0974482	-0.116167	-0.0756416	0.990345
3.03333	0.132765	0.925857	-1.78957	0.20975	0.97379	0.0879682	-0.970585	0.218243	-0.10166	-0.118194	-0.0640575	0.990922
3.06667	0.136655	0.922959	-1.76972	0.217118	0.97355	0.0711381	-0.969062	0.223733	-0.104223	-0.117383	-0.0463085	0.992006
3.1	0.141133	0.92244	-1.74994	0.238858	0.969048	0.0623977	-0.963723	0.244446	-0.10716	-0.119096	-0.0345379	0.992282
3.13333	0.145418	0.924174	-1.72951	0.258452	0.964569	0.0530047	-0.95841	0.262904	-0.11105	-0.121051	-0.0220991	0.9924
3.16667	0.150594	0.926917	-1.70888	0.269249	0.962184	0.0413163	-0.955238	0.272273	-0.115709	-0.122583	-0.00831236	0.992423
3.2	0.156562	0.92941	-1.68818	0.275207	0.960947	0.0290099	-0.953382	0.276677	-0.12047	-0.123792	0.00549672	0.992293
3.23333	0.163131	0.931654	-1.66768	0.28015	0.959733	0.0207114	-0.951954	0.28053	-0.122823	-0.123687	0.0146925	0.992212
3.26667	0.169886	0.933973	-1.64782	0.282894	0.958986	0.0178049	-0.950958	0.28285	-0.1252	-0.125102	0.0184867	0.991972
3.3	0.176726	0.936163	-1.62878	0.280444	0.959732	0.0162728	-0.951382	0.280174	-0.127966	-0.127372	0.0204057	0.991645
3.33333	0.183272	0.937784	-1.61062	0.271202	0.962444	0.0122736	-0.954207	0.27051	-0.127725	-0.126248	0.0229277	0.991734
3.36667	0.188805	0.938806	-1.59349	0.253225	0.967357	0.0098268	-0.960158	0.252556	-0.119633	-0.11821	0.0208588	0.99277
3.4	0.192825	0.939215	-1.57693	0.228672	0.973465	0.0086253	-0.967605	0.228251	-0.107898	-0.107004	0.0163274	0.994125
3.43333	0.195787	0.93952	-1.56094	0.199489	0.979844	0.0105013	-0.974911	0.199542	-0.0986464	-0.0987535	0.00944105	0.995067
3.46667	0.197915	0.940017	-1.54512	0.16575	0.986065	0.0142461	-0.981845	0.166358	-0.0911356	-0.0922356	0.00111832	0.995737
3.5	0.199482	0.940546	-1.52901	0.130278	0.991297	0.0189263	-0.987853	0.131409	-0.0829386	-0.0847038	-0.00789127	0.996375
3.53333	0.200397	0.940711	-1.51277	0.093376	0.995327	0.0245885	-0.992668	0.0949736	-0.0747674	-0.0767533	-0.0174267	0.996898
3.56667	0.200379	0.940588	-1.49656	0.0557299	0.997995	0.0299938	-0.996148	0.0576135	-0.0661041	-0.0676997	-0.0261942	0.997362
3.6	0.199661	0.940116	-1.48042	0.01962	0.999198	0.0349004	-0.998087	0.0216211	-0.0579167	-0.0586248	-0.0336973	0.997711
3.63333	0.197888	0.93942	-1.46439	-0.0159203	0.999223	0.0360598	-0.998594	-0.0140658	-0.05111	-0.0505631	-0.0368228	0.998042
3.66667	0.195235	0.938398	-1.44879	-0.0495235	0.99823	0.0329213	-0.99772	-0.0479316	-0.047504	-0.0458419	-0.0351989	0.998328
3.7	0.191828	0.936901	-1.43321	-0.080107	0.996434	0.0265143	-0.9958	-0.0788163	-0.0465916	-0.0443357	-0.0301352	0.998562
3.73333	0.1883	0.934805	-1.41725	-0.104656	0.994325	0.0191185	-0.993441	-0.103634	-0.0483168	-0.0460612	-0.0240497	0.998649
3.76667	0.184966	0.932054	-1.40046	-0.123116	0.992308	0.0129625	-0.991108	-0.122282	-0.052453	-0.0504644	-0.0193051	0.998539
3.8	0.182145	0.928724	-1.38175	-0.138472	0.99026	0.0145307	-0.988861	-0.137438	-0.0571434	-0.0545897	-0.0222816	0.99826
3.83333	0.18024	0.924645	-1.35985	-0.148453	0.988548	0.0270968	-0.98734	-0.146613	-0.060529	-0.0558631	-0.0357394	0.997799
3.86667	0.178529	0.920155	-1.3341	-0.15626	0.98657	0.0475595	-0.98632	-0.153299	-0.0605978	-0.0524931	-0.0563779	0.997029
3.9	0.174879	0.917069	-1.30744	-0.175399	0.98274	0.0588002	-0.98324	-0.171844	-0.0609062	-0.0497505	-0.0684976	0.99641
3.93333	0.170544	0.916912	-1.28091	-0.206805	0.976251	0.0645421	-0.977117	-0.202734	-0.064348	-0.0497349	-0.0763727	0.995838
3.96667	0.166276	0.92008	-1.2552	-0.233412	0.969588	0.0736137	-0.971188	-0.228712	-0.0669697	-0.0480966	-0.0871242	0.995036
4	0.161162	0.924668	-1.22993	-0.244207	0.965772	0.0874459	-0.968811	-0.239073	-0.0651874	-0.0420502	-0.100638	0.994034
4.03333	0.154668	0.928393	-1.20535	-0.238313	0.966202	0.098285	-0.970383	-0.232771	-0.0646157	-0.039554	-0.110773	0.993058
4.06667	0.148198	0.931449	-1.18154	-0.237176	0.965634	0.106297	-0.970815	-0.231585	-0.0623449	-0.0355855	-0.117981	0.992378
4.1	0.142609	0.9337	-1.16002	-0.235373	0.965733	0.109363	-0.971271	-0.22966	-0.0623673	-0.0351137	-0.120901	0.992043
4.13333	0.137868	0.935533	-1.13963	-0.221994	0.968684	0.111225	-0.974481	-0.216527	-0.0591868	-0.0332501	-0.121526	0.992031
4.16667	0.133641	0.937064	-1.12017	-0.195126	0.97466	0.109375	-0.980274	-0.190234	-0.0536083	-0.0314429	-0.117678	0.992554
4.2	0.13008	0.938514	-1.10152	-0.164181	0.980909	0.104225	-0.9859	-0.15971	-0.0499353	-0.0323362	-0.110954	0.993299
4.23333	0.127568	0.939627	-1.08319	-0.133736	0.986025	0.0993437	-0.990409	-0.129471	-0.0482345	-0.0346982	-0.104842	0.993883
4.26667	0.125732	0.940167	-1.06543	-0.103394	0.989938	0.0966076	-0.993972	-0.0992738	-0.0465328	-0.036474	-0.100836	0.994234
4.3	0.12456	0.940083	-1.04783	-0.0731897	0.992855	0.0942425	-0.996638	-0.0693226	-0.0436779	-0.0368327	-0.0971224	0.994591
4.33333	0.124228	0.939807	-1.02966	-0.0404141	0.995039	0.0909116	-0.998476	-0.0367963	-0.0411247	-0.0375755	-0.0924351	0.995009
4.36667	0.125142	0.939487	-1.01149	-0.00741687	0.996055	0.0884287	-0.99922	-0.00395312	-0.039281	-0.0387764	-0.0886511	0.995308
4.4	0.127304	0.938898	-0.993878	0.0247095	0.995648	0.0898559	-0.998836	0.0283133	-0.0390555	-0.0414297	-0.0887863	0.995189
4.43333	0.130491	0.937673	-0.976984	0.0543311	0.993747	0.0975417	-0.997411	0.0586192	-0.0416457	-0.0471031	-0.0950266	0.99436
4.46667	0.134049	0.935738	-0.960651	0.0802012	0.990922	0.107892	-0.99514	0.0858038	-0.0483209	-0.0571398	-0.103492	0.992988
4.5	0.137759	0.933233	-0.943741	0.102577	0.987682	0.118161	-0.992411	0.109713	-0.055536	-0.0678158	-0.111568	0.99144
4.53333	0.141391	0.929959	-0.925346	0.119268	0.985206	0.123064	-0.989868	0.127611	-0.0622717	-0.0770547	-0.11439	0.990443
4.56667	0.144336	0.925823	-0.904708	0.126415	0.984743	0.119582	-0.988388	0.135285	-0.0691898	-0.0843118	-0.109447	0.99041
4.6	0.145835	0.921015	-0.880051	0.125477	0.986598	0.10431	-0.988255	0.133542	-0.0742863	-0.0872205	-0.0937634	0.991767
4.63333	0.147286	0.916336	-0.853677	0.130134	0.987946	0.0838345	-0.987465	0.136758	-0.0788062	-0.0893212	-0.0725282	0.993359
4.66667	0.149591	0.913577	-0.82765	0.154797	0.985505	0.0694045	-0.983288	0.160501	-0.0859298	-0.0958237	-0.054943	0.993881
4.7	0.151506	0.913819	-0.801948	0.186874	0.981073	0.0507414	-0.976993	0.191004	-0.0948763	-0.102772	-0.0318441	0.994195
4.73333	0.15335	0.916925	-0.777694	0.207324	0.977748	0.0320203	-0.972305	0.209559	-0.103483	-0.10789	-0.00967903	0.994116
4.76667	0.15595	0.920439	-0.754573	0.213279	0.976927	0.0112102	-0.970575	0.213178	-0.111981	-0.111787	0.0130029	0.993647
4.8	0.159171	0.922425	-0.73223	0.217926	0.975926	-0.00878363	-0.969223	0.215356	-0.119285	-0.114522	0.0345086	0.992821
4.83333	0.163079	0.923032	-0.711034	0.224472	0.974285	-0.0195178	-0.967574	0.220456	-0.123287	-0.115814	0.0465595	0.992179
4.86667	0.166972	0.923372	-0.690892	0.229237	0.97299	-0.0272087	-0.966492	0.224211	-0.124987	-0.115511	0.0549487	0.991785
4.9	0.170934	0.923798	-0.671953	0.227986	0.973056	-0.034418	-0.96677	0.222031	-0.126722	-0.115666	0.0621652	0.991341
4.93333	0.174704	0.924336	-0.653875	0.217281	0.975325	-0.0391279	-0.969594	0.211033	-0.123904	-0.112589	0.0648601	0.991522
4.96667	0.178031	0.924831	-0.636472	0.196684	0.979716	-0.0383562	-0.974665	0.191121	-0.116189	-0.106501	0.060237	0.992486
5	0.180607	0.925248	-0.619389	0.170801	0.984695	-0.0346679	-0.980131	0.166197	-0.108267	-0.100848	0.0524712	0.993517
5.03333	0.183097	0.925515	-0.60324	0.142415	0.989441	-0.026936	-0.98491	0.138954	-0.103172	-0.0983399	0.0412228	0.994299
5.06667	0.184882	0.925652	-0.587128	0.111685	0.993531	-0.0205797	-0.989219	0.109178	-0.0975974	-0.0947192	0.0312579	0.995013
5.1	0.186286	0.925747	-0.571233	0.0774247	0.996907	-0.0134726	-0.993003	0.0758989	-0.0904632	-0.0891609	0.0203824	0.995809
5.13333	0.187156	0.925768	-0.555487	0.0413078	0.999129	-0.00588844	-0.995699	0.0406754	-0.0832445	-0.0829325	0.00930176	0.996512
5.16667	0.187462	0.925637	-0.539694	0.00416583	0.99999	0.00168111	-0.997013	0.00428307	-0.0771176	-0.077124	-0.00135483	0.997021
5.2	0.187209	0.925225	-0.524118	-0.0322897	0.999441	0.00861779	-0.996867	-0.0315812	-0.0725234	-0.0722107	-0.0109325	0.997329
5.23333	0.186058	0.924428	-0.508577	-0.0645391	0.99785	0.0114412	-0.995557	-0.0635947	-0.0694354	-0.0685585	-0.0158717	0.997521
5.26667	0.184149	0.923182	-0.493122	-0.0911203	0.99578	0.0109613	-0.99355	-0.0901592	-0.0687748	-0.0674962	-0.0171574	0.997572
5.3	0.18189	0.921491	-0.477339	-0.111065	0.99377	0.00924638	-0.991417	-0.110147	-0.0704247	-0.0689675	-0.0169888	0.997474
5.33333	0.179387	0.919399	-0.460815	-0.123614	0.992312	0.00608416	-0.989711	-0.12284	-0.0733683	-0.0720569	-0.0150909	0.997286
5.36667	0.176838	0.916884	-0.442902	-0.131036	0.991371	0.00371334	-0.988475	-0.130365	-0.076958	-0.0758098	-0.0137548	0.997027
5.4	0.174744	0.913819	-0.422697	-0.136358	0.990633	0.00729526	-0.987493	-0.13533	-0.0808893	-0.0791444	-0.0182339	0.996696
5.43333	0.173344	0.910037	-0.399238	-0.141425	0.989745	0.0200746	-0.98672	-0.139298	-0.0835423	-0.0798892	-0.0316229	0.996302
5.46667	0.172489	0.905866	-0.372314	-0.151161	0.987652	0.0411574	-0.985645	-0.147425	-0.0822831	-0.0751995	-0.0530046	0.995759
5.5	0.170827	0.903412	-0.345236	-0.177194	0.982659	0.0546239	-0.981621	-0.172465	-0.081711	-0.0708733	-0.0680987	0.995158
5.53333	0.169527	0.904651	-0.318235	-0.215146	0.974296	0.0667745	-0.974115	-0.209244	-0.0855398	-0.069369	-0.0834497	0.994095
5.56667	0.167445	0.909498	-0.292144	-0.243002	0.966873	0.0781498	-0.967837	-0.236257	-0.0864483	-0.065121	-0.0966434	0.993186
5.6	0.164196	0.914823	-0.267256	-0.248074	0.964334	0.092297	-0.966848	-0.240509	-0.085797	-0.0605387	-0.110521	0.992028
5.63333	0.160151	0.918621	-0.243302	-0.244097	0.964229	0.103335	-0.968158	-0.236203	-0.0829399	-0.055565	-0.12029	0.991183
5.66667	0.156511	0.920916	-0.220095	-0.242103	0.963944	0.110446	-0.968988	-0.234412	-0.0781849	-0.0494759	-0.12595	0.990802
5.7	0.153375	0.92253	-0.198166	-0.237538	0.964728	0.113469	-0.970272	-0.230071	-0.0750955	-0.0463408	-0.127934	0.990699
5.73333	0.150591	0.924081	-0.177484	-0.217843	0.969087	0.115823	-0.975081	-0.210999	-0.0685345	-0.0419775	-0.127866	0.990903
5.76667	0.14786	0.925601	-0.157902	-0.189946	0.974941	0.115802	-0.981049	-0.183881	-0.0610796	-0.0382552	-0.125209	0.991393
5.8	0.145552	0.926756	-0.13894	-0.160687	0.980647	0.111855	-0.986278	-0.155184	-0.056337	-0.0378885	-0.119373	0.992126
5.83333	0.143568	0.927237	-0.120703	-0.131927	0.98544	0.107253	-0.990512	-0.126852	-0.0528672	-0.0384922	-0.11321	0.992825
5.86667	0.142216	0.927288	-0.103176	-0.103369	0.989148	0.104404	-0.993911	-0.0986939	-0.0490033	-0.0381675	-0.108834	0.993327
5.9	0.141469	0.927093	-0.0859477	-0.0743996	0.992171	0.100309	-0.996544	-0.0702445	-0.0443414	-0.0369481	-0.103262	0.993968
5.93333	0.141002	0.926818	-0.0687573	-0.0437793	0.994663	0.09343	-0.998384	-0.0401674	-0.040196	-0.0362286	-0.0950387	0.994814
5.96667	0.141201	0.926421	-0.0516413	-0.012217	0.996164	0.0866531	-0.999239	-0.00895236	-0.0379641	-0.0370427	-0.087051	0.995515
6	0.142481	0.925765	-0.0349235	0.0190962	0.996349	0.083209	-0.999035	0.0223071	-0.0378308	-0.0395488	-0.0824063	0.995814
6.03333	0.144737	0.924628	-0.0188805	0.0479066	0.995365	0.0833854	-0.99785	0.0514291	-0.0406199	-0.0447201	-0.0812602	0.995689
6.06667	0.147625	0.92309	-0.00284215	0.0735756	0.993568	0.0860723	-0.995953	0.0776703	-0.0452283	-0.0516227	-0.0823963	0.995262
6.1	0.15057	0.921087	0.0136697	0.0962186	0.991373	0.0890011	-0.993576	0.101013	-0.051026	-0.0595761	-0.0835197	0.994724
6.13333	0.153379	0.918443	0.0314712	0.113825	0.989596	0.0880013	-0.991197	0.119144	-0.057742	-0.0676261	-0.0806541	0.994445
6.16667	0.15598	0.915011	0.0513827	0.124993	0.988821	0.0813056	-0.989366	0.130366	-0.0645012	-0.0743795	-0.0723788	0.9946
6.2	0.157579	0.910818	0.0750906	0.128998	0.989648	0.0629065	-0.988654	0.133273	-0.0692891	-0.0769555	-0.0532546	0.995611
6.23333	0.158647	0.906841	0.100864	0.13932	0.989593	0.0360055	-0.987152	0.141666	-0.0739078	-0.0782394	-0.0252461	0.996615
6.26667	0.159874	0.904879	0.126782	0.160985	0.986835	0.0154956	-0.983534	0.161713	-0.0806845	-0.0821282	-0.00225141	0.996619
6.3	0.161625	0.905239	0.152858	0.187781	0.982211	-0.000554158	-0.978455	0.187013	-0.0874779	-0.0858181	0.0169689	0.996166
6.33333	0.16442	0.90814	0.177595	0.214534	0.976632	-0.0128331	-0.972686	0.212437	-0.093554	-0.0886417	0.0325531	0.995531
6.36667	0.168427	0.911722	0.201338	0.223426	0.974415	-0.0244095	-0.970436	0.220029	-0.0992067	-0.0912977	0.0458533	0.994767
6.4	0.173365	0.914442	0.224257	0.223125	0.97418	-0.0344781	-0.970251	0.218538	-0.104184	-0.0939589	0.0566983	0.99396
6.43333	0.178469	0.915993	0.246425	0.224293	0.97374	-0.0390364	-0.969836	0.219112	-0.106812	-0.0954533	0.061816	0.993513
6.46667	0.183803	0.917091	0.26645	0.223797	0.973899	-0.0378996	-0.969914	0.218722	-0.106897	-0.095817	0.0606825	0.993548
6.5	0.188302	0.918154	0.28513	0.218274	0.975151	-0.0379023	-0.971334	0.213344	-0.104857	-0.0941654	0.0597034	0.993765
6.53333	0.191748	0.919262	0.303609	0.201516	0.978674	-0.0398604	-0.975472	0.196844	-0.0985214	-0.088574	0.0587363	0.994336
6.56667	0.194532	0.920356	0.32108	0.172657	0.984384	-0.0343098	-0.981331	0.168917	-0.0919545	-0.0847231	0.0495459	0.995172
6.6	0.19679	0.921488	0.338231	0.14029	0.989759	-0.0263881	-0.986841	0.137613	-0.0848969	-0.0803961	0.0379511	0.99604
6.63333	0.198379	0.922329	0.355044	0.108092	0.993976	-0.0180905	-0.991383	0.10642	-0.076388	-0.0740027	0.0261915	0.996914
6.66667	0.199339	0.922828	0.37172	0.0741335	0.997199	-0.00991918	-0.994962	0.0732867	-0.0684119	-0.0674934	0.0149408	0.997608
6.7	0.199467	0.923166	0.388779	0.0370528	0.999309	-0.00288849	-0.997464	0.0368084	-0.0609106	-0.0607622	0.00513807	0.998139
6.73333	0.199152	0.923344	0.406018	0.000631015	0.999988	0.00479839	-0.998538	0.000889428	-0.0540441	-0.0540478	-0.00475727	0.998527
6.76667	0.19823	0.92313	0.423025	-0.0334143	0.999382	0.0109238	-0.998268	-0.0328435	-0.0488156	-0.0484267	-0.012536	0.998748
6.8	0.196369	0.922267	0.439924	-0.0614405	0.998018	0.0135851	-0.997097	-0.0607591	-0.045891	-0.0449746	-0.0163652	0.998854
6.83333	0.193776	0.920527	0.456513	-0.0822859	0.996539	0.0117558	-0.995599	-0.081666	-0.0459655	-0.0448464	-0.0154864	0.998874
6.86667	0.190736	0.917846	0.47308	-0.0952098	0.995431	0.00723603	-0.994287	-0.094743	-0.049167	-0.0482568	-0.0118759	0.998764
6.9	0.187804	0.914449	0.490467	-0.104386	0.99452	0.0057729	-0.993164	-0.103936	-0.0531292	-0.052238	-0.0112794	0.998571
6.93333	0.185197	0.910485	0.51081	-0.111607	0.993676	0.0123423	-0.992275	-0.110755	-0.0558814	-0.054161	-0.0184837	0.998361
6.96667	0.18293	0.906027	0.534708	-0.11831	0.992579	0.0281159	-0.991585	-0.116598	-0.0562521	-0.0525564	-0.0345345	0.998021
7	0.180283	0.901417	0.561198	-0.127648	0.990605	0.0490716	-0.99067	-0.124963	-0.0543856	-0.0477425	-0.055556	0.997313
7.03333	0.176796	0.898719	0.587583	-0.153821	0.986061	0.0634212	-0.987051	-0.150387	-0.0558025	-0.045487	-0.0711836	0.996426
7.06667	0.172285	0.899138	0.613076	-0.191502	0.97883	0.0722437	-0.980371	-0.187246	-0.0617444	-0.0469098	-0.0826498	0.995474
7.1	0.167893	0.902403	0.637018	-0.219698	0.972082	0.082395	-0.974405	-0.21453	-0.0671615	-0.0476103	-0.0950414	0.994334
7.13333	0.162539	0.90613	0.659582	-0.22565	0.969656	0.0940685	-0.97287	-0.219228	-0.0739076	-0.0510425	-0.108194	0.992819
7.16667	0.156397	0.908944	0.681559	-0.223344	0.96923	0.103491	-0.973093	-0.215537	-0.0814536	-0.056641	-0.118899	0.991289
7.2	0.1499	0.910754	0.703334	-0.224474	0.968554	0.107305	-0.972676	-0.215997	-0.0851302	-0.0592756	-0.123482	0.990575
7.23333	0.1431	0.911937	0.724038	-0.227521	0.9681	0.104961	-0.971808	-0.218894	-0.0876115	-0.0618413	-0.121936	0.99061
7.26667	0.136443	0.912682	0.743046	-0.226496	0.968217	0.106093	-0.971906	-0.217503	-0.0899492	-0.0640148	-0.123486	0.990279
7.3	0.130543	0.913275	0.760804	-0.216021	0.970307	0.108808	-0.974323	-0.206976	-0.0886343	-0.0634819	-0.125161	0.990103
7.33333	0.125994	0.91392	0.777883	-0.196279	0.974265	0.110826	-0.978618	-0.187548	-0.0844597	-0.0615008	-0.125034	0.990244
7.36667	0.12227	0.914615	0.794457	-0.17125	0.978985	0.110736	-0.983266	-0.162737	-0.081886	-0.0621443	-0.122906	0.990471
7.4	0.119304	0.915234	0.810616	-0.144207	0.98346	0.109598	-0.987433	-0.135777	-0.0808789	-0.0646603	-0.119884	0.99068
7.43333	0.117062	0.915693	0.826321	-0.11398	0.987768	0.106412	-0.991228	-0.105854	-0.0791358	-0.0669038	-0.114498	0.991168
7.46667	0.115688	0.916024	0.842368	-0.0820115	0.991363	0.102338	-0.994307	-0.0743786	-0.0762998	-0.0680291	-0.108013	0.991819
7.5	0.114948	0.916291	0.85875	-0.0470031	0.994301	0.0956929	-0.996514	-0.0400649	-0.0731785	-0.0689275	-0.0987989	0.992717
7.53333	0.115163	0.91645	0.875198	-0.0101666	0.996025	0.0884892	-0.997504	-0.00391842	-0.0704988	-0.0698719	-0.088985	0.993579
7.56667	0.116427	0.916388	0.891252	0.0291741	0.996312	0.0806953	-0.996976	0.0348206	-0.069475	-0.0720286	-0.0784244	0.994315
7.6	0.119059	0.915982	0.907243	0.0644644	0.994771	0.079212	-0.995119	0.0700234	-0.0695288	-0.074712	-0.0743433	0.99443
7.63333	0.122543	0.914976	0.922882	0.0953559	0.992051	0.0821111	-0.992253	0.101325	-0.0718848	-0.0796333	-0.0746203	0.994027
7.66667	0.126158	0.913283	0.938909	0.122946	0.98875	0.0851941	-0.988789	0.129374	-0.0745524	-0.0847357	-0.0750731	0.993571
7.7	0.129488	0.910745	0.956457	0.145676	0.985771	0.0838658	-0.985306	0.152201	-0.0774991	-0.0891608	-0.0713437	0.993459
7.73333	0.132031	0.907145	0.976963	0.156966	0.984581	0.0772118	-0.983533	0.162932	-0.0782102	-0.0895846	-0.063664	0.993942
7.76667	0.132933	0.902575	1.00176	0.159972	0.985675	0.0534167	-0.983558	0.163755	-0.0761421	-0.0837986	-0.0403578	0.995665
7.8	0.133681	0.898051	1.02898	0.162562	0.986442	0.0224803	-0.983756	0.163793	-0.0734557	-0.076142	-0.010174	0.997045
7.83333	0.13516	0.895985	1.05541	0.179967	0.983672	-0.00117566	-0.980858	0.179362	-0.075811	-0.0743622	0.0147967	0.997122
7.86667	0.137352	0.897162	1.08111	0.205015	0.978569	-0.0192535	-0.975899	0.202874	-0.0803912	-0.0747624	0.0352709	0.996577
7.9	0.140854	0.901237	1.10518	0.227422	0.973199	-0.0341019	-0.970899	0.223907	-0.084973	-0.07506	0.0524342	0.995799
7.93333	0.14602	0.905778	1.12838	0.232609	0.971443	-0.0468067	-0.969705	0.227963	-0.0877821	-0.0746051	0.0658075	0.995039
7.96667	0.152362	0.90899	1.15078	0.228041	0.972128	-0.054444	-0.970756	0.222698	-0.0896617	-0.0750381	0.0732984	0.994483
8	0.158946	0.910688	1.17206	0.222655	0.973331	-0.0552354	-0.972004	0.217276	-0.0894394	-0.0750528	0.0736032	0.994459
8.03333	0.164965	0.911651	1.19197	0.216634	0.97484	-0.0525058	-0.973535	0.211707	-0.0860771	-0.0727955	0.0697634	0.994904
8.06667	0.17007	0.912665	1.21102	0.201696	0.978209	-0.0492517	-0.977023	0.197406	-0.0803536	-0.0688801	0.064327	0.995549
8.1	0.174634	0.913944	1.22947	0.175848	0.983417	-0.0443613	-0.982276	0.172316	-0.0737645	-0.0648971	0.0565464	0.996289
8.13333	0.178677	0.915253	1.24734	0.143963	0.988897	-0.0368341	-0.987665	0.141267	-0.0675403	-0.0615869	0.046103	0.997036
8.16667	0.182211	0.916278	1.26494	0.11206	0.993325	-0.0273459	-0.992041	0.110241	-0.0608438	-0.057423	0.0339464	0.997773
8.2	0.185052	0.916862	1.28249	0.0800285	0.996666	-0.015857	-0.995405	0.079068	-0.0540063	-0.0525725	0.0201062	0.998415
8.23333	0.187184	0.91714	1.30036	0.0463567	0.998913	-0.0047913	-0.997847	0.0460834	-0.046662	-0.0463905	0.00694408	0.998899
8.26667	0.188744	0.917134	1.31853	0.0137431	0.999891	0.00537579	-0.999138	0.013943	-0.0391091	-0.0391798	-0.00483367	0.99922
8.3	0.189671	0.916819	1.33646	-0.0180983	0.999731	0.0144901	-0.999276	-0.0176011	-0.0337359	-0.0334717	-0.0150902	0.999326
8.33333	0.189722	0.915959	1.35422	-0.0460271	0.998739	0.0200432	-0.99849	-0.0453945	-0.0309468	-0.029998	-0.0214373	0.99932
8.36667	0.188965	0.91445	1.37158	-0.0675523	0.997486	0.0214135	-0.997298	-0.0668875	-0.0303741	-0.0288654	-0.0234075	0.999309
8.4	0.187696	0.912223	1.38869	-0.084251	0.996233	0.0205362	-0.995995	-0.0835758	-0.031777	-0.029941	-0.0231312	0.999284
8.43333	0.186198	0.909339	1.40627	-0.0948078	0.995315	0.0189396	-0.994933	-0.0940977	-0.0354031	-0.0334551	-0.0222002	0.999194
8.46667	0.184645	0.905901	1.42493	-0.101685	0.994616	0.0199655	-0.994066	-0.100808	-0.040875	-0.0386423	-0.0240034	0.998965
8.5	0.183314	0.902079	1.4458	-0.105433	0.994039	0.027771	-0.9935	-0.104088	-0.0460775	-0.0429122	-0.0324486	0.998552
8.53333	0.182055	0.897801	1.4697	-0.106499	0.993361	0.0435025	-0.993264	-0.104276	-0.0505327	-0.045661	-0.0485912	0.997775
8.56667	0.180514	0.893343	1.49626	-0.105092	0.99262	0.0605123	-0.993297	-0.101829	-0.0547052	-0.0481395	-0.0658558	0.996667
8.6	0.177861	0.890368	1.52316	-0.119427	0.990031	0.0746722	-0.991608	-0.115191	-0.0586828	-0.0494962	-0.0810539	0.99548
8.63333	0.174695	0.89009	1.54941	-0.149317	0.985146	0.0848082	-0.987358	-0.143938	-0.0663735	-0.0531804	-0.0936468	0.994184
8.66667	0.171581	0.893023	1.57478	-0.184745	0.978533	0.0913384	-0.981144	-0.178268	-0.0746776	-0.0567918	-0.103412	0.993016
8.7	0.167105	0.897057	1.59888	-0.196843	0.975684	0.0964069	-0.978525	-0.189372	-0.0814087	-0.0611723	-0.110361	0.992007
8.73333	0.161914	0.900282	1.62209	-0.194713	0.975232	0.104926	-0.978636	-0.185957	-0.0877009	-0.0660171	-0.119761	0.990605
8.76667	0.156609	0.902341	1.64472	-0.192928	0.974709	0.112788	-0.978925	-0.183357	-0.0899283	-0.0669736	-0.12776	0.989541
8.8	0.151599	0.903522	1.6662	-0.195054	0.973842	0.116556	-0.97838	-0.184867	-0.092716	-0.0687434	-0.132121	0.988847
8.83333	0.146884	0.904252	1.68678	-0.193191	0.973795	0.12	-0.978579	-0.182367	-0.0955309	-0.0711436	-0.135885	0.988167
8.86667	0.142708	0.904968	1.70643	-0.177048	0.976523	0.122703	-0.981582	-0.166109	-0.0943623	-0.071765	-0.13715	0.987947
8.9	0.139104	0.905913	1.72535	-0.154386	0.980506	0.121546	-0.985351	-0.14378	-0.0917066	-0.072443	-0.133923	0.98834
8.93333	0.136105	0.907043	1.74337	-0.12921	0.984719	0.116758	-0.988862	-0.119184	-0.0891422	-0.0738644	-0.126976	0.989152
8.96667	0.133488	0.907921	1.76112	-0.10351	0.988196	0.112936	-0.991766	-0.093936	-0.0870446	-0.0754084	-0.121016	0.989782
9	0.131458	0.908422	1.77859	-0.0755764	0.991045	0.11008	-0.99424	-0.0664831	-0.0840605	-0.0759893	-0.115799	0.990362
9.03333	0.130057	0.908716	1.79602	-0.0465953	0.993263	0.106105	-0.99603	-0.0381319	-0.0804423	-0.0758544	-0.109432	0.991096
9.06667	0.129139	0.908848	1.81315	-0.0160092	0.994837	0.100216	-0.99693	-0.00819854	-0.0778699	-0.0766462	-0.101155	0.991914
9.1	0.128777	0.908625	1.83003	0.015915	0.995442	0.0940319	-0.996788	0.0231777	-0.0766572	-0.0784872	-0.0925099	0.992614
9.13333	0.129168	0.907991	1.84648	0.0470104	0.994941	0.0887863	-0.995594	0.053889	-0.0767353	-0.0811317	-0.0847877	0.99309
9.16667	0.130574	0.906795	1.86263	0.0737376	0.993459	0.0871916	-0.993651	0.0806378	-0.0784587	-0.0849765	-0.0808526	0.993097
9.2	0.132609	0.905072	1.87869	0.0969964	0.991339	0.0885354	-0.991218	0.104251	-0.0813607	-0.0898859	-0.0798662	0.992745
9.23333	0.134846	0.902905	1.89515	0.116181	0.989139	0.0900366	-0.988546	0.123949	-0.0861042	-0.096329	-0.0790017	0.992209
9.26667	0.137054	0.900217	1.9127	0.13076	0.987375	0.0893988	-0.98611	0.138846	-0.0911486	-0.10241	-0.0762384	0.991816
9.3	0.138932	0.896976	1.93267	0.139676	0.986742	0.0826438	-0.984475	0.147344	-0.0953851	-0.106298	-0.0680378	0.992004
9.33333	0.140018	0.893229	1.95603	0.141607	0.98776	0.0653976	-0.983973	0.147681	-0.0999399	-0.108375	-0.0501972	0.992842
9.36667	0.140833	0.889313	1.98195	0.145856	0.988561	0.0383918	-0.983523	0.149084	-0.102255	-0.106808	-0.0228449	0.994017
9.4	0.141947	0.886743	2.00817	0.161033	0.986861	0.0131931	-0.981148	0.161519	-0.106113	-0.106849	0.00414323	0.994267
9.43333	0.143407	0.886042	2.03451	0.181704	0.983309	-0.00935011	-0.977366	0.179541	-0.111899	-0.108353	0.029471	0.993676
9.46667	0.146127	0.887909	2.05979	0.207627	0.977874	-0.0255583	-0.972244	0.20341	-0.115611	-0.107854	0.048853	0.992966
9.5	0.150015	0.891247	2.08388	0.223016	0.974054	-0.0385163	-0.968862	0.217121	-0.119014	-0.107563	0.063859	0.992145
9.53333	0.155006	0.894269	2.10712	0.223057	0.973569	-0.0490779	-0.968798	0.21582	-0.121871	-0.108058	0.0747308	0.991332
9.56667	0.160275	0.896347	2.12962	0.220042	0.973863	-0.0563149	-0.969574	0.211995	-0.122408	-0.10727	0.0815364	0.990881
9.6	0.165443	0.897787	2.1503	0.216252	0.974659	-0.0572216	-0.970576	0.208248	-0.120891	-0.105911	0.0816808	0.991015
9.63333	0.169557	0.899213	2.16994	0.205183	0.977071	-0.0568518	-0.973293	0.197589	-0.116875	-0.102962	0.0793142	0.991518
9.66667	0.17324	0.900556	2.18904	0.184296	0.981393	-0.0538758	-0.977705	0.177439	-0.11229	-0.100641	0.0733692	0.992214
9.7	0.176265	0.901819	2.20771	0.155867	0.986555	-0.0491497	-0.982872	0.149947	-0.107137	-0.098327	0.0650071	0.993029
9.73333	0.178728	0.902797	2.22598	0.127589	0.990855	-0.0438922	-0.987346	0.122686	-0.10048	-0.0941759	0.0561569	0.99397
9.76667	0.180755	0.903301	2.24409	0.099341	0.994386	-0.0364389	-0.991147	0.095643	-0.0920835	-0.0880814	0.045264	0.995084
9.8	0.182293	0.903417	2.262	0.0682972	0.997322	-0.026154	-0.994307	0.0658947	-0.0837399	-0.0817922	0.0317243	0.996144
9.83333	0.183263	0.903458	2.27979	0.033732	0.999306	-0.0157985	-0.996622	0.0324487	-0.0754423	-0.0748773	0.0182899	0.997025
9.86667	0.183523	0.903337	2.29721	-0.000408817	0.999978	-0.00667942	-0.997692	-0.000861434	-0.0679014	-0.0679056	0.00663625	0.99767
9.9	0.183342	0.902808	2.31429	-0.033054	0.999449	0.00301081	-0.997517	-0.0328023	-0.0623244	-0.0621913	-0.0050634	0.998051
9.93333	0.182484	0.901791	2.33113	-0.06078	0.998077	0.0121513	-0.996505	-0.0599763	-0.0581461	-0.0573055	-0.0156429	0.998234
9.96667	0.180799	0.900214	2.34798	-0.0859906	0.996122	0.0186069	-0.994872	-0.0848546	-0.0550392	-0.0532469	-0.0232444	0.998311
10	0.178502	0.898193	2.36513	-0.106664	0.994058	0.021719	-0.993016	-0.105393	-0.0530274	-0.0504233	-0.0272234	0.998357
10.0333	0.175805	0.895673	2.38301	-0.12415	0.991966	0.0243115	-0.991047	-0.122748	-0.0525338	-0.0491276	-0.0306159	0.998323
10.0667	0.173096	0.892589	2.40207	-0.138804	0.989872	0.0297917	-0.989057	-0.137046	-0.0546287	-0.0499926	-0.0370484	0.998062
10.1	0.170888	0.888877	2.4234	-0.147452	0.988108	0.0435868	-0.98778	-0.144868	-0.0574877	-0.0504897	-0.0515309	0.997394
10.1333	0.168868	0.88472	2.44746	-0.150467	0.986501	0.0646178	-0.987391	-0.146708	-0.0594637	-0.0491811	-0.0727504	0.996137
10.1667	0.166802	0.880445	2.47451	-0.154897	0.983435	0.0941401	-0.986922	-0.14973	-0.0597085	-0.0446239	-0.102158	0.993767
10.2	0.163168	0.878039	2.50134	-0.177731	0.977206	0.1161	-0.983275	-0.171575	-0.061098	-0.0397853	-0.125018	0.991357
10.2333	0.158474	0.87891	2.52765	-0.211762	0.969413	0.124073	-0.976563	-0.204886	-0.0659286	-0.0384911	-0.135127	0.99008
10.2667	0.153365	0.88263	2.55352	-0.231262	0.963982	0.131361	-0.972148	-0.22369	-0.0699425	-0.0380393	-0.143877	0.988864
10.3	0.147131	0.887454	2.57798	-0.234802	0.961376	0.143613	-0.971367	-0.226552	-0.0715606	-0.0362606	-0.156304	0.987043
10.3333	0.139638	0.891317	2.60123	-0.225469	0.962218	0.152644	-0.973527	-0.216484	-0.0733456	-0.0375294	-0.16514	0.985556
10.3667	0.132425	0.894135	2.62276	-0.218544	0.962358	0.161571	-0.975109	-0.209018	-0.0739907	-0.0374344	-0.173719	0.984083
10.4	0.126404	0.896305	2.64276	-0.211816	0.962789	0.167842	-0.976632	-0.202128	-0.0730417	-0.0363983	-0.179391	0.983104
10.4333	0.12128	0.898278	2.6615	-0.193918	0.966383	0.168818	-0.980337	-0.184483	-0.0700369	-0.0365383	-0.17908	0.983156
10.4667	0.116863	0.900339	2.67963	-0.164636	0.972618	0.16404	-0.985595	-0.155695	-0.066038	-0.0386894	-0.17255	0.984241
10.5	0.113247	0.902242	2.69569	-0.137206	0.977887	0.157836	-0.989692	-0.128736	-0.0627369	-0.0410303	-0.164817	0.98547
10.5333	0.110997	0.903808	2.71093	-0.109224	0.982159	0.153084	-0.993067	-0.101088	-0.0599865	-0.0434413	-0.158575	0.986391
10.5667	0.109798	0.904874	2.7255	-0.0801841	0.985387	0.150278	-0.995748	-0.0723261	-0.057054	-0.0453512	-0.154214	0.986996
10.6	0.109479	0.905581	2.7393	-0.0532057	0.987699	0.14704	-0.997498	-0.0457058	-0.0539243	-0.0465404	-0.149541	0.98766
10.6333	0.109604	0.906189	2.752	-0.0288484	0.989044	0.144772	-0.998441	-0.0215873	-0.0514784	-0.0477892	-0.146031	0.988125
10.6667	0.110533	0.906875	2.76378	-0.00333947	0.989565	0.144048	-0.998729	0.00394541	-0.0502575	-0.0503014	-0.144032	0.988294
