0	1	0	0	0	1	0	0	0	1
0.0333333	0.992315	0.0053649	0.123621	0.000305513	0.99895	-0.0458049	-0.123737	0.0454907	0.991272
0.0666667	0.992389	0.00470846	0.123055	-0.00036872	0.999378	-0.0352656	-0.123145	0.0349518	0.991773
0.1	0.992472	0.00499284	0.12237	-0.000857718	0.999428	-0.0338214	-0.122469	0.0334618	0.991908
0.133333	0.992481	0.00540184	0.122279	-0.000847546	0.999305	-0.0372665	-0.122395	0.0368827	0.991796
0.166667	0.992463	0.00547841	0.122424	-0.000892673	0.999297	-0.0374813	-0.122543	0.0370895	0.99177
0.2	0.992452	0.00547479	0.122512	-0.000882256	0.999296	-0.0375095	-0.122631	0.0371183	0.991758
0.233333	0.992441	0.00559164	0.122594	-0.00101477	0.999301	-0.0373643	-0.122717	0.0369575	0.991753
0.266667	0.992447	0.00553966	0.12255	-0.000968649	0.999303	-0.0373273	-0.122671	0.0369267	0.99176
0.3	0.99247	0.00563456	0.122361	-0.00109573	0.99931	-0.0371295	-0.122485	0.0367158	0.991791
0.333333	0.992476	0.00596298	0.122295	-0.00139391	0.999299	-0.0374125	-0.122433	0.0369605	0.991788
0.366667	0.992465	0.0061641	0.122371	-0.0016178	0.999306	-0.0372163	-0.122516	0.0367379	0.991786
0.4	0.992482	0.00623703	0.12223	-0.00171773	0.999312	-0.0370443	-0.122377	0.0365559	0.99181
0.433333	0.992591	0.00651289	0.121328	-0.00243006	0.999427	-0.0337688	-0.121478	0.0332238	0.992038
0.466667	0.992581	0.00626202	0.121425	-0.00183105	0.999329	-0.0365687	-0.121572	0.0360751	0.991927
0.5	0.992606	0.00620922	0.121224	-0.0017638	0.999323	-0.0367439	-0.121371	0.0362584	0.991945
0.533333	0.992624	0.00634163	0.121069	-0.0017966	0.999291	-0.037613	-0.121222	0.0371181	0.991931
0.566667	0.992653	0.00648053	0.120822	-0.00195	0.999292	-0.0375782	-0.12098	0.0370665	0.991963
0.6	0.992642	0.00649722	0.120908	-0.00197349	0.999295	-0.0374969	-0.121066	0.0369824	0.991955
0.633333	0.992653	0.00650632	0.120822	-0.00199024	0.999296	-0.0374611	-0.12098	0.0369454	0.991967
0.666667	0.992663	0.00649331	0.120735	-0.00198966	0.999299	-0.0373851	-0.120893	0.0368706	0.991981
0.7	0.992718	0.00636877	0.120293	-0.00215065	0.999379	-0.0351627	-0.120443	0.0346479	0.992115
0.733333	0.992754	0.00643689	0.119992	-0.00215383	0.999357	-0.0357903	-0.120145	0.0352725	0.99213
0.766667	0.992792	0.00644551	0.119679	-0.00209871	0.999335	-0.0364112	-0.119834	0.0358975	0.992145
0.8	0.992843	0.00652942	0.119248	-0.00207733	0.999297	-0.0374208	-0.119409	0.0369052	0.992159
0.833333	0.992884	0.00672755	0.118898	-0.00215373	0.999254	-0.038555	-0.119069	0.0380246	0.992158
0.866667	0.99295	0.0067995	0.118337	-0.00221092	0.999242	-0.0388638	-0.118511	0.0383282	0.992213
0.9	0.993007	0.00694688	0.117847	-0.00227006	0.999206	-0.0397734	-0.11803	0.0392278	0.992235
0.933333	0.99308	0.00701287	0.117228	-0.00237847	0.999212	-0.0396264	-0.117414	0.0390734	0.992314
0.966667	0.993127	0.00713643	0.116824	-0.00248895	0.999201	-0.0398795	-0.117015	0.0393147	0.992352
1	0.99317	0.00728595	0.116445	-0.00265245	0.9992	-0.0398968	-0.116642	0.0393155	0.992396
1.03333	0.993208	0.00741478	0.116114	-0.00285652	0.99922	-0.0393741	-0.116315	0.038775	0.992455
1.06667	0.993257	0.00754811	0.11569	-0.0030146	0.999222	-0.0393116	-0.115897	0.0386977	0.992507
1.1	0.993271	0.00754025	0.115566	-0.0030796	0.999245	-0.0387285	-0.11577	0.038112	0.992545
1.13333	0.993304	0.00748654	0.115283	-0.00307097	0.999256	-0.0384321	-0.115485	0.0378207	0.992589
1.16667	0.993339	0.0075442	0.114985	-0.00317454	0.999267	-0.0381377	-0.115189	0.0375186	0.992635
1.2	0.993377	0.00749476	0.114654	-0.00313873	0.999268	-0.0381261	-0.114856	0.0375138	0.992674
1.23333	0.993403	0.00738757	0.114441	-0.00308578	0.999284	-0.0377211	-0.114638	0.0371191	0.992714
1.26667	0.993429	0.00737467	0.114215	-0.002949	0.99924	-0.038869	-0.114415	0.0382768	0.992695
1.3	0.993427	0.00729362	0.114234	-0.00290008	0.999251	-0.03858	-0.11443	0.0379951	0.992705
1.33333	0.993422	0.00738168	0.114274	-0.00298615	0.999251	-0.0385882	-0.114474	0.0379932	0.9927
1.36667	0.993433	0.00747958	0.114173	-0.00298715	0.999216	-0.039468	-0.114379	0.0388677	0.992677
1.4	0.99343	0.00760131	0.114191	-0.0027775	0.999099	-0.0423433	-0.11441	0.0417479	0.992556
1.43333	0.993447	0.00753469	0.114046	-0.00276456	0.999117	-0.0419268	-0.114261	0.0413368	0.99259
1.46667	0.993453	0.00738777	0.113999	-0.00255156	0.999093	-0.0425109	-0.11421	0.0419418	0.992571
1.5	0.993443	0.00726851	0.114095	-0.00238305	0.999077	-0.0428972	-0.114302	0.0423441	0.992543
1.53333	0.993409	0.00727362	0.114394	-0.00229287	0.999046	-0.0436118	-0.114602	0.0430621	0.992478
1.56667	0.993428	0.00741848	0.114218	-0.00234459	0.999007	-0.0444934	-0.114434	0.0439332	0.992459
1.6	0.993418	0.00753032	0.114302	-0.00241077	0.99899	-0.0448621	-0.114524	0.0442913	0.992433
1.63333	0.993411	0.00753602	0.114356	-0.00241946	0.998992	-0.0448154	-0.114578	0.0442435	0.992429
1.66667	0.993392	0.00747247	0.11453	-0.00235394	0.998995	-0.0447618	-0.114749	0.0441964	0.992411
1.7	0.993353	0.00743538	0.11487	-0.00232706	0.999005	-0.0445408	-0.115086	0.0439774	0.992382
1.73333	0.993322	0.00725333	0.115148	-0.00211135	0.998998	-0.0447146	-0.115357	0.0441729	0.992341
1.76667	0.993294	0.00730369	0.115385	-0.00209351	0.998975	-0.0452117	-0.115597	0.0446669	0.992291
1.8	0.993242	0.0072219	0.115834	-0.00186253	0.998925	-0.0463091	-0.116044	0.0457805	0.992188
1.83333	0.993205	0.00712105	0.116157	-0.00170184	0.998908	-0.0466869	-0.116362	0.046172	0.992133
1.86667	0.993168	0.00688485	0.116492	-0.00136729	0.998876	-0.0473779	-0.116688	0.0468949	0.992061
1.9	0.993151	0.00689779	0.116636	-0.00129346	0.998844	-0.0480575	-0.116832	0.0475775	0.992011
1.93333	0.993155	0.00660875	0.116619	-0.000972626	0.998831	-0.0483204	-0.116802	0.0478762	0.992001
1.96667	0.993146	0.00674709	0.11669	-0.000999754	0.998786	-0.0492418	-0.11688	0.0487876	0.991947
2	0.993137	0.00690293	0.116749	-0.000950566	0.9987	-0.0509631	-0.116949	0.0505024	0.991853
2.03333	0.993142	0.00701989	0.116704	-0.00105414	0.998693	-0.0511018	-0.116911	0.0506283	0.991851
2.06667	0.993136	0.00724561	0.116739	-0.00115644	0.998639	-0.0521442	-0.116958	0.0516513	0.991793
2.1	0.993109	0.00750979	0.116955	-0.00144545	0.998654	-0.0518508	-0.117187	0.0513244	0.991783
2.13333	0.993074	0.00783637	0.117233	-0.00177185	0.998659	-0.0517457	-0.117481	0.0511796	0.991755
2.16667	0.993055	0.00797392	0.117377	-0.00189092	0.998653	-0.0518447	-0.117633	0.0512627	0.991733
2.2	0.993038	0.00802235	0.117519	-0.00213771	0.998741	-0.0501149	-0.117773	0.0495147	0.991805
2.23333	0.993008	0.00815889	0.117761	-0.0021174	0.998679	-0.0513371	-0.118025	0.0507288	0.991714
2.26667	0.992994	0.00846725	0.117862	-0.00216717	0.998567	-0.0534789	-0.118146	0.0528488	0.991589
2.3	0.99303	0.00864902	0.117544	-0.0019759	0.998385	-0.0567696	-0.117845	0.0561417	0.991444
2.33333	0.993076	0.00879517	0.11714	-0.00152499	0.998074	-0.0620095	-0.11746	0.0614015	0.991178
2.36667	0.993161	0.00892546	0.116407	-0.00122552	0.997815	-0.0660511	-0.116742	0.0654568	0.991003
2.4	0.993182	0.00896405	0.116232	-0.000707823	0.997485	-0.0708797	-0.116575	0.0703141	0.99069
2.43333	0.993179	0.00919211	0.116233	-0.000301219	0.997086	-0.0762795	-0.116595	0.0757242	0.990289
2.46667	0.993179	0.00956385	0.116203	-0.000280332	0.996823	-0.0796453	-0.116596	0.0790695	0.990027
2.5	0.993213	0.0099264	0.115884	-0.000199972	0.996496	-0.0836438	-0.116308	0.0830529	0.989735
2.53333	0.993213	0.00997569	0.115881	0.000222834	0.99615	-0.0876643	-0.116309	0.0870951	0.989387
2.56667	0.993203	0.00957099	0.115997	0.00110894	0.99579	-0.0916585	-0.116386	0.0911642	0.989011
2.6	0.99325	0.00911194	0.115631	0.0020654	0.995362	-0.0961782	-0.115971	0.0957678	0.988625
2.63333	0.993281	0.0084321	0.115423	0.0033099	0.994864	-0.101162	-0.115683	0.100864	0.988152
2.66667	0.993299	0.00776468	0.115309	0.00456442	0.994326	-0.106275	-0.11548	0.106089	0.987628
2.7	0.993327	0.00745765	0.115088	0.00563104	0.993581	-0.112985	-0.115192	0.112879	0.986909
2.73333	0.993318	0.00743932	0.115172	0.0064245	0.992809	-0.119538	-0.115233	0.119479	0.986127
2.76667	0.993407	0.00785543	0.114373	0.0062995	0.992402	-0.122876	-0.114469	0.122786	0.985809
2.8	0.993484	0.00866572	0.113643	0.00562207	0.992165	-0.124805	-0.113834	0.124631	0.985652
2.83333	0.993631	0.0105487	0.11219	0.00370883	0.992008	-0.126122	-0.112623	0.125735	0.98565
2.86667	0.993815	0.0125904	0.110336	0.00170894	0.991701	-0.128555	-0.111039	0.127948	0.985545
2.9	0.994031	0.014463	0.108139	-0.000157282	0.991363	-0.131144	-0.109101	0.130344	0.985448
2.93333	0.99423	0.0164672	0.105997	-0.0021828	0.991048	-0.13349	-0.107246	0.132489	0.985365
2.96667	0.994508	0.0182328	0.103062	-0.00406822	0.990699	-0.136008	-0.104584	0.134842	0.985332
3	0.994666	0.0192543	0.101333	-0.00552066	0.990952	-0.134101	-0.102999	0.132826	0.985773
3.03333	0.994779	0.0196657	0.10014	-0.0065481	0.991535	-0.129672	-0.101842	0.128339	0.986487
3.06667	0.994666	0.018841	0.101416	-0.00668671	0.992887	-0.118876	-0.102934	0.117564	0.987716
3.1	0.994656	0.0189947	0.101479	-0.00705481	0.993137	-0.116746	-0.103	0.115406	0.987964
3.13333	0.994571	0.019247	0.102262	-0.00774081	0.993707	-0.111743	-0.103769	0.110345	0.988461
3.16667	0.994365	0.0196062	0.104186	-0.00824747	0.994078	-0.108355	-0.105694	0.106885	0.988638
3.2	0.994343	0.0203187	0.104257	-0.00939429	0.99451	-0.104223	-0.105802	0.102654	0.989074
3.23333	0.994418	0.0211511	0.103367	-0.0108528	0.995009	-0.0991932	-0.104949	0.0975177	0.989685
3.26667	0.994423	0.0222297	0.103094	-0.0127699	0.995721	-0.0915275	-0.104687	0.0897006	0.990452
3.3	0.994328	0.0237451	0.103673	-0.0154064	0.996635	-0.0805045	-0.105236	0.0784507	0.991348
3.33333	0.994249	0.0256846	0.103963	-0.0185845	0.997465	-0.0686952	-0.105464	0.0663681	0.992206
3.36667	0.99419	0.0277294	0.104008	-0.0216278	0.998003	-0.0593407	-0.105446	0.0567464	0.992805
3.4	0.994079	0.0295084	0.10458	-0.0244456	0.998482	-0.0493661	-0.105878	0.0465173	0.993291
3.43333	0.993875	0.030593	0.106193	-0.0267677	0.998947	-0.0372627	-0.107221	0.0341919	0.993647
3.46667	0.993535	0.0309515	0.109223	-0.0284212	0.999292	-0.0246484	-0.109909	0.0213848	0.993712
3.5	0.993103	0.0303923	0.113239	-0.0294118	0.999514	-0.0103197	-0.113497	0.00691793	0.993514
3.53333	0.992693	0.029279	0.117061	-0.0296504	0.999559	0.00143186	-0.116967	-0.00489229	0.993124
3.56667	0.992415	0.0275584	0.119806	-0.0289769	0.999529	0.0101135	-0.119471	-0.0135084	0.992746
3.6	0.992255	0.0257127	0.121528	-0.028055	0.999451	0.0176019	-0.121008	-0.0208751	0.992432
3.63333	0.99218	0.0236173	0.122562	-0.0267498	0.999355	0.0239756	-0.121916	-0.0270666	0.992171
3.66667	0.992236	0.0213571	0.122525	-0.0251529	0.999248	0.0295173	-0.121802	-0.03237	0.992026
3.7	0.992374	0.0188765	0.121805	-0.0232043	0.999145	0.0342096	-0.121056	-0.0367752	0.991964
3.73333	0.992626	0.0166772	0.120063	-0.0212617	0.999089	0.0370047	-0.119336	-0.0392846	0.992076
3.76667	0.992973	0.0145735	0.117437	-0.019146	0.999098	0.0379022	-0.116779	-0.0398843	0.992357
3.8	0.993297	0.013162	0.114839	-0.0173344	0.999223	0.03541	-0.114284	-0.0371633	0.992753
3.83333	0.993541	0.0128339	0.112742	-0.0162844	0.999425	0.0297377	-0.112295	-0.0313815	0.993179
3.86667	0.993592	0.0131445	0.11226	-0.015643	0.999649	0.0214047	-0.111939	-0.0230236	0.993448
3.9	0.993563	0.013133	0.112521	-0.0149011	0.999778	0.0148868	-0.112301	-0.0164677	0.993538
3.93333	0.993501	0.0123338	0.113152	-0.0135461	0.999859	0.00995066	-0.113013	-0.0114188	0.993528
3.96667	0.993407	0.0110366	0.114104	-0.01162	0.999923	0.00444895	-0.114046	-0.00574551	0.993459
4	0.993362	0.00950199	0.114636	-0.00919961	0.999953	-0.0031665	-0.114661	0.00209088	0.993402
4.03333	0.993353	0.00837471	0.114807	-0.00696954	0.999896	-0.0126354	-0.114901	0.0117513	0.993307
4.06667	0.993237	0.00740871	0.115864	-0.00465348	0.9997	-0.0240323	-0.116007	0.0233306	0.992974
4.1	0.993194	0.0058768	0.116327	-0.00151432	0.999293	-0.0375548	-0.116466	0.037123	0.992501
4.13333	0.993151	0.00431522	0.116762	0.00210644	0.998494	-0.0548189	-0.116822	0.0546893	0.991646
4.16667	0.993071	0.00260655	0.117488	0.00604574	0.997297	-0.0732273	-0.117362	0.0734302	0.990371
4.2	0.992975	0.00109146	0.118316	0.00941065	0.996061	-0.0881685	-0.117946	0.0886625	0.989054
4.23333	0.992901	0.000698269	0.11894	0.0113476	0.994865	-0.10057	-0.118399	0.101206	0.987795
4.26667	0.992986	0.00146005	0.118221	0.0118231	0.993685	-0.111579	-0.117637	0.112194	0.986698
4.3	0.993158	0.00289411	0.116744	0.0113717	0.992545	-0.121346	-0.116225	0.121843	0.985721
4.33333	0.993224	0.00412332	0.116143	0.0108426	0.991724	-0.127931	-0.11571	0.128323	0.984959
4.36667	0.993255	0.00544161	0.115821	0.00992904	0.991237	-0.13172	-0.115523	0.131982	0.984497
4.4	0.993353	0.00692212	0.114904	0.00873823	0.990776	-0.13523	-0.11478	0.135335	0.984129
4.43333	0.993649	0.00837872	0.112208	0.00726559	0.990365	-0.138292	-0.112286	0.138229	0.984015
4.46667	0.994108	0.00992257	0.107937	0.00549977	0.989901	-0.141654	-0.108252	0.141413	0.984014
4.5	0.994574	0.011372	0.103405	0.00372701	0.989474	-0.144665	-0.103962	0.144265	0.984063
4.53333	0.994955	0.0126847	0.0995195	0.00195899	0.989329	-0.145684	-0.100306	0.145144	0.984313
4.56667	0.995186	0.0134836	0.0970687	0.000601352	0.989631	-0.143632	-0.0979988	0.142999	0.984859
4.6	0.995164	0.013506	0.0972966	0.000107738	0.990352	-0.138575	-0.0982295	0.137916	0.985561
4.63333	0.995012	0.0133011	0.098863	-0.000195649	0.991329	-0.131405	-0.0997535	0.13073	0.986387
4.66667	0.994878	0.0137763	0.100143	-0.00125837	0.992281	-0.124003	-0.101078	0.123242	0.987216
4.7	0.99465	0.0148114	0.102232	-0.00294697	0.993333	-0.115243	-0.103257	0.114325	0.988063
4.73333	0.994442	0.0166387	0.103963	-0.00564427	0.994439	-0.105165	-0.105135	0.103993	0.989006
4.76667	0.994297	0.0191233	0.104918	-0.00962002	0.995864	-0.0903471	-0.106212	0.0888226	0.990368
4.8	0.994236	0.0217326	0.104986	-0.0140192	0.997185	-0.0736575	-0.106292	0.0717611	0.991742
4.83333	0.994161	0.0246156	0.105058	-0.018724	0.998216	-0.0567027	-0.106266	0.0544046	0.992848
4.86667	0.993993	0.0270673	0.106045	-0.0230747	0.998984	-0.0386983	-0.106985	0.0360189	0.993608
4.9	0.99372	0.0289386	0.108092	-0.0269582	0.999442	-0.0197385	-0.108603	0.0167005	0.993945
4.93333	0.993308	0.0307424	0.11133	-0.0305317	0.999527	-0.00359756	-0.111388	0.000174399	0.993777
4.96667	0.992878	0.0326324	0.114583	-0.033947	0.999378	0.00954029	-0.1142	-0.0133621	0.993368
5	0.992488	0.0335283	0.117655	-0.0363803	0.999092	0.0221766	-0.116804	-0.0262903	0.992807
5.03333	0.992241	0.0339796	0.119593	-0.0381573	0.998733	0.0328175	-0.118326	-0.0371262	0.992281
5.06667	0.992115	0.0338838	0.120667	-0.0391568	0.998367	0.0415984	-0.119061	-0.0459953	0.991821
5.1	0.992048	0.0331708	0.121413	-0.0395053	0.99796	0.0501432	-0.119502	-0.0545409	0.991335
5.13333	0.992087	0.0319695	0.121416	-0.0393127	0.997509	0.0585738	-0.119241	-0.0628835	0.990872
5.16667	0.992162	0.0302933	0.121229	-0.0383274	0.997182	0.0644981	-0.118933	-0.068639	0.990527
5.2	0.992292	0.0289713	0.12049	-0.0372435	0.997059	0.0669794	-0.118195	-0.0709506	0.990452
5.23333	0.992466	0.0275153	0.119388	-0.0357504	0.997086	0.0673936	-0.117186	-0.071154	0.990558
5.26667	0.992693	0.0259568	0.117838	-0.0339803	0.997201	0.0665987	-0.11578	-0.0701162	0.990797
5.3	0.99297	0.0241997	0.115863	-0.0317821	0.997441	0.0640494	-0.114017	-0.0672815	0.991198
5.33333	0.993298	0.0221988	0.113426	-0.0291496	0.997773	0.0599933	-0.111842	-0.0628976	0.991734
5.36667	0.993559	0.0203433	0.111478	-0.0265322	0.998171	0.0543176	-0.110169	-0.0569254	0.992281
5.4	0.99373	0.0184268	0.11028	-0.0237903	0.998587	0.0475191	-0.109248	-0.0498448	0.992764
5.43333	0.993783	0.0168113	0.110057	-0.0212443	0.999004	0.0392311	-0.109288	-0.0413253	0.993151
5.46667	0.993712	0.0157993	0.11085	-0.0191449	0.999391	0.0291822	-0.110321	-0.0311209	0.993409
5.5	0.99368	0.0152622	0.111211	-0.0173212	0.999696	0.0175714	-0.110909	-0.0193867	0.993641
5.53333	0.993653	0.015142	0.111468	-0.0157709	0.999864	0.00476208	-0.111381	-0.0064898	0.993757
5.56667	0.993638	0.0141347	0.111729	-0.0137253	0.999896	-0.00443284	-0.11178	0.00287114	0.993729
5.6	0.993924	0.0129715	0.109304	-0.0116688	0.999853	-0.0125492	-0.109451	0.0111975	0.993929
5.63333	0.994383	0.0123808	0.105119	-0.0103862	0.999756	-0.0195009	-0.105335	0.0182996	0.994268
5.66667	0.994723	0.0125646	0.101828	-0.00961953	0.999523	-0.0293613	-0.102148	0.0282269	0.994369
5.7	0.994875	0.0124558	0.100338	-0.00806766	0.998998	-0.0440217	-0.100785	0.0429866	0.993979
5.73333	0.994835	0.0117336	0.100826	-0.00576323	0.998223	-0.0593029	-0.101343	0.0584155	0.993135
5.76667	0.994727	0.0106345	0.102006	-0.00317175	0.997324	-0.0730445	-0.10251	0.0723358	0.992098
5.8	0.994596	0.0100294	0.103332	-0.00136819	0.996502	-0.083552	-0.103808	0.0829592	0.991131
5.83333	0.994526	0.00992217	0.104021	-0.000427804	0.99586	-0.0909011	-0.104492	0.090359	0.990412
5.86667	0.994492	0.0104112	0.104294	-0.000220556	0.99526	-0.0972489	-0.104813	0.0966902	0.98978
5.9	0.994472	0.011459	0.104378	-0.00056919	0.994601	-0.103768	-0.105003	0.103135	0.989109
5.93333	0.994435	0.0131106	0.104536	-0.00152304	0.993912	-0.110165	-0.105344	0.109393	0.988401
5.96667	0.994379	0.0146637	0.104861	-0.00269503	0.993548	-0.113381	-0.105847	0.112461	0.988003
6	0.994384	0.0167876	0.104488	-0.0047417	0.993414	-0.114481	-0.105722	0.113343	0.987915
6.03333	0.99451	0.0194222	0.10282	-0.00763283	0.99347	-0.113834	-0.10436	0.112424	0.988165
6.06667	0.994685	0.0220417	0.100579	-0.010799	0.993763	-0.110984	-0.102398	0.109308	0.98872
6.1	0.99488	0.0239408	0.0981848	-0.0134701	0.99428	-0.10595	-0.10016	0.104085	0.989512
6.13333	0.995043	0.0250685	0.0962289	-0.0154666	0.994941	-0.0992613	-0.0982304	0.0972809	0.990397
6.16667	0.995169	0.0253401	0.094852	-0.0165573	0.995597	-0.0922617	-0.0967723	0.0902455	0.991207
6.2	0.995158	0.0240241	0.0953071	-0.0160213	0.996349	-0.0838624	-0.0969738	0.0819293	0.991909
6.23333	0.995069	0.0217789	0.0967622	-0.0145767	0.997113	-0.0745254	-0.0981059	0.0727475	0.992513
6.26667	0.994987	0.0198202	0.0980251	-0.0134656	0.99779	-0.0650678	-0.0990982	0.0634216	0.993055
6.3	0.994749	0.0194691	0.100471	-0.013821	0.998301	-0.056609	-0.101403	0.0549231	0.993328
6.33333	0.994534	0.0210255	0.102276	-0.0161034	0.998683	-0.0487158	-0.103166	0.0468025	0.993562
6.36667	0.994349	0.0241269	0.103386	-0.0200158	0.998974	-0.0406191	-0.10426	0.0383202	0.993812
6.4	0.994161	0.0269702	0.104482	-0.0240234	0.99928	-0.0293606	-0.105199	0.0266791	0.994093
6.43333	0.993939	0.0287496	0.106106	-0.0273223	0.999516	-0.0148805	-0.106483	0.0118912	0.994243
6.46667	0.99369	0.0302708	0.107999	-0.0305745	0.999532	0.00115699	-0.107914	-0.00445171	0.99415
6.5	0.993341	0.0313729	0.110861	-0.0335947	0.999269	0.0182302	-0.110208	-0.0218331	0.993669
6.53333	0.992809	0.0318503	0.115392	-0.0361628	0.998716	0.035473	-0.114114	-0.0393908	0.992686
6.56667	0.992246	0.0324579	0.119976	-0.0387124	0.99799	0.0501731	-0.118106	-0.0544286	0.991508
6.6	0.991722	0.0329037	0.124114	-0.0406874	0.997326	0.0607096	-0.121784	-0.0652569	0.990409
6.63333	0.991423	0.0330628	0.126441	-0.0418387	0.996849	0.067393	-0.123815	-0.0721051	0.989682
6.66667	0.991332	0.0327492	0.127236	-0.0420518	0.99658	0.0711288	-0.124471	-0.0758627	0.989319
6.7	0.991314	0.0315913	0.127663	-0.0412053	0.996452	0.0733827	-0.124892	-0.0780057	0.989099
6.73333	0.991349	0.0302955	0.127707	-0.0398924	0.996514	0.0732725	-0.125042	-0.0777332	0.989102
6.76667	0.991522	0.0291188	0.126638	-0.0382687	0.996782	0.0704303	-0.124179	-0.0746795	0.989446
6.8	0.991802	0.0277495	0.124737	-0.0362298	0.997146	0.0662392	-0.122543	-0.0702153	0.989976
6.83333	0.992197	0.0263717	0.121859	-0.0339783	0.997573	0.060771	-0.11996	-0.0644374	0.990685
6.86667	0.992685	0.0249631	0.118124	-0.0315843	0.998013	0.0545171	-0.116528	-0.0578492	0.991501
6.9	0.993148	0.0239403	0.114381	-0.0294591	0.99847	0.0468049	-0.113085	-0.0498538	0.992334
6.93333	0.993362	0.022995	0.112704	-0.0275323	0.998865	0.0388688	-0.111682	-0.0417138	0.992868
6.96667	0.993303	0.0222956	0.11337	-0.025938	0.99919	0.0307552	-0.112593	-0.0334898	0.993077
7	0.993093	0.0214875	0.115348	-0.02432	0.999435	0.0232056	-0.114784	-0.0258506	0.993054
7.03333	0.992951	0.0198613	0.11685	-0.0218587	0.999636	0.0158373	-0.116493	-0.0182798	0.993023
7.06667	0.99291	0.0164187	0.117729	-0.0176154	0.999803	0.00913126	-0.117556	-0.0111404	0.993004
7.1	0.993045	0.0125658	0.117064	-0.0126398	0.99992	-0.000109808	-0.117056	-0.00137062	0.993124
7.13333	0.993381	0.00893026	0.114521	-0.00761839	0.9999	-0.0118879	-0.114615	0.0109367	0.99335
7.16667	0.993745	0.00633722	0.111489	-0.00366374	0.999701	-0.0241684	-0.111609	0.0236088	0.993472
7.2	0.993927	0.00494181	0.109934	-0.00079844	0.999289	-0.0377017	-0.110042	0.0373849	0.993224
7.23333	0.993929	0.00342706	0.10997	0.00234946	0.998626	-0.0523556	-0.109998	0.0522962	0.992555
7.26667	0.993833	0.00176859	0.110876	0.00586629	0.997634	-0.0684957	-0.110735	0.0687237	0.991471
7.3	0.993645	0.000159732	0.112559	0.00944094	0.996357	-0.0847562	-0.112163	0.0852802	0.990024
7.33333	0.993399	-0.00118855	0.114704	0.0126811	0.994955	-0.0995157	-0.114007	0.100313	0.988403
7.36667	0.9932	-0.00229347	0.116398	0.0153178	0.993688	-0.111125	-0.115409	0.112152	0.986966
7.4	0.993108	-0.00249189	0.117174	0.0165085	0.99278	-0.118804	-0.116032	0.11992	0.98598
7.43333	0.993157	-0.00164567	0.116778	0.0160015	0.992389	-0.122102	-0.115688	0.123135	0.985624
7.46667	0.99325	0.000275707	0.115995	0.0140066	0.992395	-0.122295	-0.115147	0.123094	0.985692
7.5	0.993318	0.00262185	0.115382	0.0113671	0.992659	-0.120415	-0.11485	0.120922	0.985996
7.53333	0.993371	0.00500189	0.114841	0.00853596	0.993085	-0.11709	-0.114632	0.117294	0.986459
7.56667	0.993495	0.00765813	0.113617	0.00536028	0.993485	-0.113836	-0.113748	0.113704	0.986982
7.6	0.993676	0.0109217	0.111751	0.00146093	0.993916	-0.110128	-0.112274	0.109594	0.987615
7.63333	0.99395	0.0140285	0.10893	-0.0024775	0.99442	-0.10546	-0.109801	0.104552	0.988439
7.66667	0.99425	0.0167115	0.105769	-0.00608353	0.994967	-0.100019	-0.106908	0.0988001	0.989348
7.7	0.994503	0.0189622	0.102978	-0.00918531	0.995473	-0.0945977	-0.104306	0.0931318	0.990175
7.73333	0.994648	0.0202443	0.101315	-0.0112799	0.996031	-0.088284	-0.1027	0.0866687	0.990929
7.76667	0.994574	0.0201759	0.102055	-0.0118908	0.996631	-0.0811492	-0.103348	0.0794954	0.991463
7.8	0.994379	0.0190802	0.104146	-0.0114139	0.997214	-0.0737173	-0.105262	0.0721142	0.991826
7.83333	0.994273	0.0177568	0.105385	-0.0107003	0.997685	-0.0671505	-0.106334	0.0656383	0.992162
7.86667	0.99406	0.0174053	0.107431	-0.0109244	0.998101	-0.0606219	-0.108282	0.0590882	0.992363
7.9	0.993858	0.0184654	0.109107	-0.0127321	0.998513	-0.0530118	-0.109924	0.0512971	0.992615
7.93333	0.993659	0.0204407	0.110559	-0.0158448	0.99898	-0.0422897	-0.111311	0.0402697	0.992969
7.96667	0.99348	0.0219591	0.111868	-0.0190543	0.999455	-0.0269699	-0.112399	0.0246625	0.993357
8	0.993293	0.0229899	0.113319	-0.0218925	0.999701	-0.0109195	-0.113536	0.00836546	0.993499
8.03333	0.993091	0.0236572	0.114942	-0.0244014	0.999689	0.00507208	-0.114786	-0.00784177	0.993359
8.06667	0.992786	0.023963	0.117477	-0.0263655	0.999473	0.01894	-0.116961	-0.0219007	0.992895
8.1	0.992333	0.0242463	0.12119	-0.0283535	0.999077	0.0322817	-0.120296	-0.0354703	0.992104
8.13333	0.991924	0.0244835	0.124445	-0.0298916	0.99868	0.0417774	-0.123258	-0.0451599	0.991347
8.16667	0.991642	0.0242469	0.126725	-0.030604	0.998356	0.0484603	-0.125341	-0.0519335	0.990753
8.2	0.991478	0.023768	0.128086	-0.0305438	0.998221	0.0511988	-0.126641	-0.0546747	0.990441
8.23333	0.991403	0.0232725	0.128759	-0.0300663	0.998242	0.051074	-0.127344	-0.0545063	0.99036
8.26667	0.991363	0.0225821	0.129189	-0.0292263	0.998333	0.0497673	-0.12785	-0.0531132	0.99037
8.3	0.991406	0.0218339	0.128985	-0.028099	0.998502	0.0469541	-0.127766	-0.050175	0.990534
8.33333	0.991484	0.0203233	0.128633	-0.0263105	0.99864	0.0450183	-0.127543	-0.0480193	0.99067
8.36667	0.991705	0.0188816	0.127138	-0.0243085	0.998852	0.0412694	-0.126213	-0.0440176	0.991026
8.4	0.992044	0.017495	0.124668	-0.0222623	0.999069	0.03695	-0.123905	-0.0394314	0.99151
8.43333	0.992358	0.0163338	0.122305	-0.0203449	0.999293	0.0316194	-0.121702	-0.033866	0.991989
8.46667	0.99264	0.0151403	0.120148	-0.0182893	0.999516	0.0251497	-0.119709	-0.0271621	0.992437
8.5	0.992799	0.0144935	0.118913	-0.0166107	0.99972	0.016833	-0.118635	-0.018687	0.992762
8.53333	0.992834	0.0141453	0.118663	-0.0151152	0.999859	0.00727823	-0.118544	-0.00901969	0.992908
8.56667	0.992759	0.0136762	0.119341	-0.0134959	0.999906	-0.00231924	-0.119362	0.000691828	0.992851
8.6	0.992649	0.0128707	0.120341	-0.0115389	0.999864	-0.0117575	-0.120476	0.0102824	0.992663
8.63333	0.992614	0.011467	0.120776	-0.00888966	0.999722	-0.0218572	-0.120993	0.0206221	0.992439
8.66667	0.992577	0.00918244	0.121269	-0.00542305	0.999496	-0.0312941	-0.121496	0.0304041	0.992126
8.7	0.992663	0.00603025	0.120767	-0.00110025	0.999165	-0.0408476	-0.120912	0.040415	0.99184
8.73333	0.992799	0.00349613	0.119744	0.00261372	0.998704	-0.0508292	-0.119767	0.0507761	0.991503
8.76667	0.992868	0.001828	0.119207	0.00545026	0.998141	-0.060701	-0.119096	0.0609178	0.991012
8.8	0.99288	0.000775541	0.11912	0.00794377	0.997322	-0.0727052	-0.118858	0.0731338	0.990214
8.83333	0.99282	-0.00039774	0.119617	0.0108594	0.996165	-0.0868207	-0.119124	0.0874963	0.989017
8.86667	0.992681	-0.00104341	0.120762	0.0135804	0.994585	-0.103039	-0.120001	0.103925	0.987319
8.9	0.992539	-0.00114849	0.121918	0.0156143	0.992919	-0.117763	-0.12092	0.118788	0.985529
8.93333	0.992485	-0.00045294	0.122365	0.0162105	0.991666	-0.12781	-0.121287	0.128834	0.984221
8.96667	0.992478	0.000799295	0.122422	0.0155097	0.991101	-0.132208	-0.121438	0.133112	0.983633
9	0.992508	0.00235092	0.122157	0.0140794	0.990954	-0.133464	-0.121366	0.134184	0.983496
9.03333	0.992539	0.00380857	0.121868	0.0124769	0.991093	-0.132589	-0.121288	0.13312	0.98365
9.06667	0.992558	0.00524528	0.121658	0.0107823	0.991362	-0.130711	-0.121293	0.13105	0.983928
9.1	0.992609	0.00630878	0.121196	0.00914677	0.991919	-0.126546	-0.121015	0.12672	0.984529
9.13333	0.992699	0.00757235	0.120382	0.00684016	0.992887	-0.118861	-0.120426	0.118816	0.985586
9.16667	0.992842	0.00945579	0.11906	0.00375418	0.993898	-0.110242	-0.119376	0.109899	0.986748
9.2	0.993001	0.0118773	0.117511	0.000136577	0.994815	-0.101704	-0.118109	0.101008	0.98785
9.23333	0.993177	0.0141873	0.115752	-0.00330022	0.995594	-0.0937103	-0.116571	0.0926889	0.988848
9.26667	0.99336	0.0166216	0.113845	-0.00682439	0.996279	-0.0859121	-0.114849	0.0845647	0.989777
9.3	0.993429	0.0180745	0.113013	-0.00940083	0.997001	-0.076816	-0.114063	0.0752489	0.99062
9.33333	0.993307	0.0180566	0.11408	-0.0104385	0.997697	-0.0670257	-0.115028	0.0653863	0.991208
9.36667	0.99306	0.0171123	0.116359	-0.0104537	0.998285	-0.0575958	-0.117145	0.0559797	0.991536
9.4	0.992897	0.0157064	0.117934	-0.0101491	0.998816	-0.047576	-0.118541	0.0460411	0.991881
9.43333	0.992652	0.0150885	0.120058	-0.0106467	0.999238	-0.0375525	-0.120533	0.0359983	0.992056
9.46667	0.992342	0.0156093	0.122528	-0.0122586	0.999531	-0.028053	-0.122908	0.0263361	0.992069
9.5	0.992012	0.0181539	0.124829	-0.0160218	0.999708	-0.0180631	-0.125121	0.0159188	0.992014
9.53333	0.991683	0.0213107	0.12693	-0.0209882	0.999772	-0.00387822	-0.126984	0.00118192	0.991904
9.56667	0.99137	0.022859	0.129087	-0.0250573	0.999567	0.0154308	-0.128679	-0.0185322	0.991513
9.6	0.991134	0.0236474	0.130744	-0.0287033	0.998906	0.0369219	-0.129728	-0.0403473	0.990728
9.63333	0.990785	0.0234215	0.133401	-0.0314591	0.997794	0.0584659	-0.131738	-0.0621239	0.989336
9.66667	0.990376	0.0230448	0.136474	-0.033619	0.996564	0.0756901	-0.134261	-0.0795498	0.987748
9.7	0.989955	0.0225496	0.139574	-0.0350913	0.995497	0.0880588	-0.13696	-0.0920721	0.986288
9.73333	0.989636	0.0222212	0.141866	-0.0359261	0.994849	0.0947872	-0.139029	-0.0989015	0.985337
9.76667	0.989496	0.0219787	0.142881	-0.0359452	0.99474	0.0959161	-0.140021	-0.100044	0.985081
9.8	0.989458	0.0220601	0.14313	-0.0356729	0.995003	0.0932508	-0.140357	-0.0973736	0.985301
9.83333	0.989444	0.0225246	0.143155	-0.035445	0.995458	0.0883555	-0.140514	-0.092497	0.985748
9.86667	0.989462	0.0220964	0.143093	-0.0345095	0.995795	0.0848556	-0.140617	-0.0888995	0.986065
9.9	0.989545	0.0212516	0.142648	-0.0330285	0.996191	0.0807054	-0.14039	-0.0845731	0.986478
9.93333	0.989647	0.0198786	0.142137	-0.0308888	0.996654	0.0756805	-0.140157	-0.0792875	0.98695
9.96667	0.989774	0.0177726	0.14153	-0.0279279	0.997149	0.0700944	-0.139881	-0.0733303	0.987449
10	0.989913	0.0154071	0.140838	-0.0245443	0.997688	0.0633722	-0.139536	-0.0661897	0.988002
10.0333	0.990101	0.0134839	0.13971	-0.0213914	0.998243	0.0552534	-0.13872	-0.057695	0.98865
10.0667	0.990343	0.0117976	0.138133	-0.0185187	0.998701	0.0474727	-0.137393	-0.0495723	0.989275
10.1	0.990569	0.0111809	0.136558	-0.016527	0.999138	0.0380785	-0.136015	-0.0399763	0.9899
10.1333	0.990663	0.0110112	0.135887	-0.0150527	0.999473	0.0287499	-0.135499	-0.0305269	0.990307
10.1667	0.990558	0.01154	0.136609	-0.0142687	0.999717	0.0190125	-0.136351	-0.0207822	0.990443
10.2	0.990459	0.0111686	0.137358	-0.0126563	0.99987	0.00996198	-0.137229	-0.0116054	0.990471
10.2333	0.990277	0.00935192	0.138794	-0.00942578	0.999956	-0.000125112	-0.138789	-0.00118434	0.990321
10.2667	0.989983	0.00712283	0.141006	-0.00551055	0.999915	-0.0118212	-0.141078	0.0109258	0.989938
10.3	0.989944	0.00619009	0.141325	-0.00270353	0.999688	-0.0248492	-0.141435	0.0242172	0.989651
10.3333	0.990197	0.00564238	0.139567	-0.000820436	0.999401	-0.0345828	-0.139678	0.0341293	0.989609
10.3667	0.990547	0.00550399	0.137062	0.000738554	0.998966	-0.045453	-0.13717	0.0451246	0.989519
10.4	0.990809	0.00558381	0.135157	0.00277081	0.9981	-0.0615475	-0.135243	0.0613563	0.988911
10.4333	0.990745	0.00546157	0.135623	0.00536615	0.996833	-0.0793429	-0.135627	0.0793364	0.987578
10.4667	0.990465	0.00457969	0.137688	0.00820766	0.99571	-0.0921611	-0.137519	0.0924125	0.986179
10.5	0.990345	0.00406245	0.138564	0.0100623	0.994827	-0.101083	-0.138258	0.101502	0.985181
10.5333	0.990391	0.00477782	0.138214	0.00971172	0.994533	-0.10397	-0.137955	0.104314	0.98493
10.5667	0.990495	0.00576888	0.13743	0.00842186	0.994702	-0.102453	-0.137293	0.102637	0.985199
10.6	0.990637	0.00736436	0.136324	0.00610968	0.995152	-0.0981566	-0.136386	0.0980705	0.98579
10.6333	0.990728	0.00816548	0.135615	0.00438168	0.995753	-0.091965	-0.13579	0.0917065	0.986484
10.6667	0.990828	0.00904361	0.134829	0.00301479	0.99603	-0.0889637	-0.135098	0.0885542	0.986867
