0	0.998	0.0111138	0.0622338	-0.010756	0.999924	-0.00608124	-0.0622966	0.00539969	0.998043
0.0333333	0.257525	0.594079	0.762071	-0.489111	0.760314	-0.427426	-0.833338	-0.262664	0.48637
0.0666667	0.239197	0.595824	0.766667	-0.476869	0.759889	-0.441775	-0.845802	-0.259929	0.465893
0.1	0.240806	0.591206	0.769732	-0.465925	0.766128	-0.442676	-0.851426	-0.252038	0.459945
0.133333	0.239345	0.587674	0.772887	-0.461831	0.769114	-0.441787	-0.854064	-0.251203	0.45549
0.166667	0.238249	0.584129	0.775906	-0.460545	0.771326	-0.439266	-0.855065	-0.252686	0.452785
0.2	0.237439	0.580652	0.778759	-0.45951	0.773456	-0.436597	-0.855847	-0.254183	0.450464
0.233333	0.236471	0.577141	0.781658	-0.458494	0.775556	-0.43393	-0.856659	-0.255774	0.448013
0.266667	0.235659	0.573334	0.784699	-0.457921	0.777695	-0.430695	-0.857189	-0.257832	0.445813
0.3	0.234942	0.569402	0.787772	-0.457465	0.77986	-0.427251	-0.857629	-0.259999	0.443704
0.333333	0.233723	0.565244	0.791121	-0.457454	0.781904	-0.423511	-0.857968	-0.262917	0.441322
0.366667	0.232692	0.560615	0.794711	-0.45728	0.784249	-0.419343	-0.858341	-0.265827	0.438846
0.4	0.231595	0.555703	0.798472	-0.45696	0.786742	-0.414999	-0.858808	-0.268758	0.43614
0.433333	0.230261	0.550373	0.80254	-0.455929	0.789599	-0.410685	-0.859714	-0.271336	0.432745
0.466667	0.228339	0.544454	0.807113	-0.455216	0.792518	-0.405825	-0.860604	-0.274745	0.428807
0.5	0.226664	0.537984	0.81191	-0.454892	0.795576	-0.400167	-0.861218	-0.278628	0.425052
0.533333	0.224374	0.531145	0.817032	-0.453655	0.798951	-0.394808	-0.862469	-0.282067	0.42022
0.566667	0.222622	0.523927	0.822156	-0.452826	0.802399	-0.388721	-0.863358	-0.285756	0.41588
0.6	0.220906	0.516726	0.82716	-0.452041	0.805761	-0.382633	-0.86421	-0.289385	0.411579
0.633333	0.219041	0.509467	0.832145	-0.450693	0.80925	-0.376816	-0.865388	-0.292504	0.406872
0.666667	0.216564	0.502247	0.837167	-0.449334	0.81257	-0.371253	-0.866717	-0.295767	0.40165
0.7	0.215071	0.494897	0.841915	-0.447838	0.816082	-0.365309	-0.867862	-0.298474	0.39715
0.733333	0.212858	0.487713	0.846657	-0.446955	0.819143	-0.359494	-0.868863	-0.301896	0.392347
0.766667	0.210769	0.480341	0.851381	-0.446058	0.822245	-0.353477	-0.869833	-0.305263	0.387563
0.8	0.208425	0.472907	0.856106	-0.444925	0.825357	-0.347601	-0.870977	-0.308455	0.382433
0.833333	0.206287	0.465278	0.860792	-0.443708	0.828547	-0.341515	-0.872106	-0.31149	0.377366
0.866667	0.203934	0.457352	0.865586	-0.443342	0.831453	-0.334865	-0.872845	-0.31546	0.372325
0.9	0.200987	0.449026	0.87062	-0.442291	0.834606	-0.328347	-0.874061	-0.319074	0.366345
0.933333	0.198205	0.440058	0.875822	-0.441215	0.837956	-0.321183	-0.875239	-0.322766	0.360248
0.966667	0.195051	0.430875	0.88108	-0.440118	0.84126	-0.31397	-0.876499	-0.326539	0.353725
1	0.191714	0.421254	0.886448	-0.439061	0.844595	-0.306408	-0.877765	-0.330462	0.346877
1.03333	0.188678	0.411437	0.891695	-0.43827	0.847842	-0.298468	-0.878817	-0.334488	0.34029
1.06667	0.185567	0.401262	0.896969	-0.437346	0.851153	-0.290287	-0.879939	-0.338418	0.333437
1.1	0.182294	0.390915	0.902194	-0.436114	0.854519	-0.282138	-0.881234	-0.342028	0.326257
1.13333	0.179064	0.380488	0.907284	-0.435039	0.857755	-0.273857	-0.882427	-0.345666	0.31912
1.16667	0.175709	0.369813	0.91234	-0.434005	0.860934	-0.26539	-0.88361	-0.349329	0.311774
1.2	0.172215	0.358963	0.917326	-0.433141	0.863978	-0.256771	-0.884721	-0.353112	0.304271
1.23333	0.168754	0.347806	0.922254	-0.432377	0.866964	-0.247838	-0.885761	-0.356938	0.296687
1.26667	0.165113	0.33624	0.92719	-0.431413	0.870009	-0.238678	-0.886916	-0.360593	0.288708
1.3	0.161482	0.324596	0.931966	-0.430481	0.872948	-0.229451	-0.888037	-0.364142	0.280698
1.33333	0.157817	0.312877	0.93659	-0.429591	0.875771	-0.220173	-0.889126	-0.367604	0.272621
1.36667	0.153762	0.300798	0.941211	-0.428798	0.878486	-0.210701	-0.890219	-0.371191	0.264059
1.4	0.149712	0.288368	0.945743	-0.428197	0.881079	-0.200867	-0.891198	-0.374892	0.255387
1.43333	0.145767	0.275633	0.950146	-0.427238	0.88377	-0.190833	-0.892311	-0.378122	0.246586
1.46667	0.141958	0.262735	0.954368	-0.426025	0.886486	-0.180678	-0.893505	-0.380936	0.237776
1.5	0.137665	0.249644	0.958502	-0.424725	0.889109	-0.170569	-0.894794	-0.383619	0.22843
1.53333	0.133504	0.236418	0.962436	-0.423426	0.891637	-0.160291	-0.896039	-0.386121	0.219143
1.56667	0.129371	0.222748	0.966254	-0.422309	0.894029	-0.149555	-0.897172	-0.38871	0.20973
1.6	0.125116	0.208798	0.969922	-0.421445	0.896205	-0.138564	-0.898181	-0.391433	0.200126
1.63333	0.120732	0.194413	0.973461	-0.420209	0.898451	-0.127317	-0.89936	-0.393686	0.190166
1.66667	0.116336	0.17971	0.976816	-0.419222	0.900476	-0.115738	-0.900399	-0.396039	0.180096
1.7	0.11215	0.164545	0.979973	-0.417781	0.902605	-0.103743	-0.901599	-0.397779	0.169971
1.73333	0.107562	0.149282	0.982927	-0.416937	0.904297	-0.0917142	-0.902549	-0.399954	0.159509
1.76667	0.103497	0.133981	0.985565	-0.41438	0.906605	-0.0797315	-0.9042	-0.400146	0.149349
1.8	0.0993705	0.118699	0.987945	-0.412476	0.908452	-0.0676603	-0.905533	-0.40078	0.139234
1.83333	0.0947372	0.103541	0.990103	-0.411238	0.909819	-0.0557965	-0.906591	-0.401882	0.128774
1.86667	0.0895259	0.0879596	0.992093	-0.411652	0.9103	-0.0435605	-0.906933	-0.404497	0.117704
1.9	0.0843309	0.0721417	0.993823	-0.411541	0.910857	-0.0311979	-0.907481	-0.406368	0.106503
1.93333	0.0793559	0.055844	0.995281	-0.41068	0.911594	-0.018404	-0.90832	-0.407281	0.0952743
1.96667	0.0744815	0.0393832	0.996444	-0.408982	0.912526	-0.00549614	-0.909498	-0.407119	0.0840734
2	0.0693935	0.0222669	0.997341	-0.408806	0.912586	0.00806941	-0.909979	-0.408279	0.0724303
2.03333	0.0641658	0.00457761	0.997929	-0.40811	0.912667	0.0220545	-0.910675	-0.408679	0.0604302
2.06667	0.0592797	-0.0135053	0.99815	-0.406701	0.912832	0.0365047	-0.911636	-0.408112	0.0486198
2.1	0.0537516	-0.0321382	0.998037	-0.406533	0.912196	0.0512688	-0.912054	-0.408491	0.0359667
2.13333	0.0482609	-0.051433	0.99751	-0.404756	0.911996	0.0666064	-0.91315	-0.406962	0.0231959
2.16667	0.0421128	-0.0721005	0.996508	-0.405183	0.91046	0.0829979	-0.913265	-0.407264	0.00912809
2.2	0.0362835	-0.0940374	0.994907	-0.405774	0.908413	0.10066	-0.913253	-0.40736	-0.00519759
2.23333	0.0292773	-0.117462	0.992646	-0.40655	0.905822	0.119179	-0.913159	-0.407049	-0.0212341
2.26667	0.020933	-0.142961	0.989507	-0.40728	0.902659	0.13903	-0.913063	-0.405917	-0.03933
2.3	0.0123711	-0.170603	0.985262	-0.408028	0.898708	0.160739	-0.912886	-0.404003	-0.0584926
2.33333	0.00228265	-0.201126	0.979563	-0.412155	0.892306	0.184171	-0.911111	-0.404152	-0.0808583
2.36667	-0.00932573	-0.235085	0.97193	-0.420539	0.882759	0.209482	-0.907226	-0.406781	-0.107095
2.4	-0.0227073	-0.271767	0.962095	-0.430679	0.871128	0.235907	-0.902219	-0.408997	-0.136825
2.43333	-0.0374735	-0.310505	0.949833	-0.442895	0.857208	0.262752	-0.89579	-0.41083	-0.169644
2.46667	-0.0526371	-0.350853	0.93495	-0.455801	0.841474	0.290114	-0.888524	-0.410881	-0.204212
2.5	-0.0701701	-0.394	0.916428	-0.475325	0.820897	0.316533	-0.877007	-0.41339	-0.244881
2.53333	-0.0926263	-0.439833	0.89329	-0.502127	0.795349	0.339543	-0.859819	-0.417094	-0.294522
2.56667	-0.122942	-0.48765	0.86434	-0.542782	0.762178	0.352807	-0.830827	-0.425773	-0.358391
2.6	-0.158905	-0.536486	0.828814	-0.59445	0.722248	0.353535	-0.788275	-0.43651	-0.433683
2.63333	-0.195421	-0.58522	0.786974	-0.659013	0.672635	0.336548	-0.726301	-0.452858	-0.517114
2.66667	-0.219646	-0.635398	0.740287	-0.725532	0.613676	0.311458	-0.652196	-0.468691	-0.595793
2.7	-0.206791	-0.693511	0.690131	-0.778641	0.543763	0.313114	-0.592415	-0.472615	-0.652441
2.73333	-0.193872	-0.743982	0.639456	-0.797626	0.499026	0.33877	-0.571145	-0.444369	-0.690167
2.76667	-0.191743	-0.785202	0.588806	-0.792169	0.477994	0.37946	-0.579398	-0.393675	-0.713665
2.8	-0.204672	-0.81562	0.541178	-0.771043	0.474936	0.424179	-0.602994	-0.330454	-0.726085
2.83333	-0.232106	-0.835823	0.497521	-0.738995	0.48411	0.468534	-0.632466	-0.258916	-0.730034
2.86667	-0.258341	-0.851725	0.455877	-0.707773	0.488051	0.510749	-0.657509	-0.19071	-0.728911
2.9	-0.27853	-0.868166	0.410741	-0.673449	0.481454	0.560953	-0.684753	-0.120371	-0.718765
2.93333	-0.304545	-0.88145	0.360969	-0.633157	0.470463	0.614635	-0.711592	-0.0413657	-0.701374
2.96667	-0.322389	-0.896466	0.303997	-0.596823	0.441767	0.669809	-0.734757	0.0345074	-0.677452
3	-0.329119	-0.91371	0.238357	-0.578916	0.394658	0.713513	-0.746014	0.0968423	-0.658851
3.03333	-0.355418	-0.918207	0.174855	-0.581358	0.363639	0.727866	-0.731916	0.157043	-0.663051
3.06667	-0.421558	-0.89733	0.130719	-0.591957	0.381519	0.709951	-0.686932	0.221905	-0.692013
3.1	-0.435921	-0.895517	0.0895636	-0.608195	0.36648	0.704124	-0.663379	0.252471	-0.704406
3.13333	-0.429595	-0.901232	0.0568254	-0.629935	0.344173	0.696223	-0.647016	0.263298	-0.715573
3.16667	-0.42138	-0.906262	0.0336011	-0.642807	0.324608	0.693851	-0.639718	0.270776	-0.719334
3.2	-0.412689	-0.910746	0.0151687	-0.646294	0.304511	0.699698	-0.641866	0.278954	-0.714278
3.23333	-0.403278	-0.915076	-0.00169037	-0.646741	0.283713	0.707978	-0.647374	0.286605	-0.706232
3.26667	-0.393332	-0.919244	-0.0167216	-0.649197	0.264812	0.713034	-0.651024	0.291315	-0.70093
3.3	-0.384937	-0.922444	-0.0303343	-0.650831	0.247995	0.717578	-0.654403	0.295965	-0.695818
3.33333	-0.375947	-0.925625	-0.0433801	-0.652977	0.231411	0.721159	-0.657484	0.299443	-0.69141
3.36667	-0.365476	-0.929076	-0.056961	-0.65708	0.214167	0.722758	-0.659298	0.301578	-0.68875
3.4	-0.352379	-0.933118	-0.0715562	-0.663007	0.194948	0.722784	-0.660493	0.302136	-0.687359
3.43333	-0.340303	-0.936317	-0.0866263	-0.667228	0.175531	0.723876	-0.662572	0.304137	-0.68447
3.46667	-0.328376	-0.939128	-0.101033	-0.671871	0.157057	0.723825	-0.663896	0.305568	-0.682547
3.5	-0.31721	-0.941392	-0.114711	-0.674717	0.139025	0.724865	-0.666434	0.307331	-0.679274
3.53333	-0.305772	-0.943268	-0.129416	-0.675831	0.119288	0.72734	-0.670639	0.309863	-0.673965
3.56667	-0.293152	-0.944948	-0.145378	-0.679232	0.0988353	0.727238	-0.672834	0.311937	-0.670813
3.6	-0.278957	-0.94636	-0.163054	-0.68698	0.07802	0.722476	-0.671	0.313554	-0.671895
3.63333	-0.264725	-0.946975	-0.182097	-0.695821	0.0568405	0.715962	-0.667648	0.31624	-0.673972
3.66667	-0.250702	-0.946924	-0.201203	-0.705338	0.0363179	0.70794	-0.663058	0.319398	-0.677007
3.7	-0.236476	-0.946479	-0.219676	-0.717175	0.0174879	0.696673	-0.655545	0.322293	-0.682926
3.73333	-0.222387	-0.945561	-0.23761	-0.729298	-0.000407555	0.684196	-0.647046	0.325445	-0.689505
3.76667	-0.209003	-0.94417	-0.254678	-0.740209	-0.0174505	0.672151	-0.639069	0.328997	-0.695236
3.8	-0.19731	-0.942169	-0.270899	-0.746964	-0.0344792	0.66397	-0.634913	0.33336	-0.696963
3.83333	-0.187414	-0.940507	-0.283412	-0.751418	-0.048558	0.658037	-0.632651	0.336286	-0.697614
3.86667	-0.181269	-0.939802	-0.289679	-0.754994	-0.0557632	0.653357	-0.630179	0.337139	-0.699436
3.9	-0.185867	-0.940183	-0.285498	-0.760861	-0.0461354	0.647273	-0.621726	0.337531	-0.706774
3.93333	-0.207277	-0.941761	-0.264807	-0.766324	-0.011952	0.642343	-0.608098	0.336071	-0.719217
3.96667	-0.24997	-0.943096	-0.219281	-0.764994	0.0535355	0.641808	-0.593547	0.328181	-0.734846
4	-0.310037	-0.940004	-0.142372	-0.757521	0.153757	0.634446	-0.574491	0.304551	-0.759743
4.03333	-0.3774	-0.925339	-0.0362954	-0.752035	0.283376	0.595098	-0.540382	0.251886	-0.802833
4.06667	-0.44512	-0.891443	0.0848348	-0.749585	0.422756	0.509314	-0.489889	0.163115	-0.856389
4.1	-0.505011	-0.839411	0.200882	-0.750101	0.541971	0.378967	-0.426981	0.0407007	-0.903344
4.13333	-0.497044	-0.816135	0.29474	-0.775043	0.570302	0.272148	-0.3902	-0.0931667	-0.916004
4.16667	-0.460105	-0.808713	0.366452	-0.806999	0.553014	0.20719	-0.37021	-0.200397	-0.907075
4.2	-0.411579	-0.809632	0.418448	-0.836167	0.518098	0.179998	-0.362529	-0.275809	-0.890226
4.23333	-0.366403	-0.812744	0.452986	-0.856341	0.484964	0.177456	-0.363908	-0.322889	-0.873678
4.26667	-0.322171	-0.820952	0.471428	-0.868048	0.454885	0.198925	-0.377753	-0.345135	-0.859177
4.3	-0.278945	-0.835714	0.473046	-0.869698	0.428728	0.244577	-0.407204	-0.343183	-0.84641
4.33333	-0.251445	-0.851118	0.46084	-0.854247	0.418996	0.307741	-0.455014	-0.316291	-0.832419
4.36667	-0.247247	-0.863964	0.438674	-0.822039	0.426702	0.377064	-0.512952	-0.267379	-0.815713
4.4	-0.2678	-0.870392	0.413161	-0.772023	0.450409	0.448456	-0.576423	-0.198874	-0.792581
4.43333	-0.313349	-0.865209	0.391442	-0.701834	0.48867	0.518296	-0.63972	-0.11232	-0.760357
4.46667	-0.343151	-0.865485	0.364942	-0.627936	0.50033	0.596126	-0.69853	-0.0245993	-0.715158
4.5	-0.332496	-0.888988	0.314876	-0.57835	0.455924	0.676494	-0.744955	0.042823	-0.665739
4.53333	-0.339063	-0.908927	0.242668	-0.565581	0.403071	0.71948	-0.751767	0.106701	-0.650739
4.56667	-0.339248	-0.927828	0.155069	-0.595652	0.339462	0.727986	-0.728086	0.1546	-0.667825
4.6	-0.345303	-0.935459	0.0753763	-0.627161	0.289758	0.722987	-0.698165	0.202377	-0.686738
4.63333	-0.443265	-0.896049	0.0247449	-0.593151	0.313899	0.741377	-0.672077	0.313949	-0.670633
4.66667	-0.483667	-0.875045	-0.0190576	-0.595365	0.312962	0.739996	-0.641565	0.369258	-0.672341
4.7	-0.466169	-0.882565	-0.0613611	-0.6324	0.283923	0.720734	-0.618673	0.374789	-0.690491
4.73333	-0.44498	-0.890625	-0.0936994	-0.655025	0.252337	0.712227	-0.610684	0.378303	-0.695667
4.76667	-0.431251	-0.894478	-0.118029	-0.662494	0.225133	0.714435	-0.612474	0.386294	-0.689675
4.8	-0.415335	-0.898792	-0.140249	-0.674019	0.200525	0.710977	-0.610897	0.389824	-0.689088
4.83333	-0.396878	-0.9033	-0.1629	-0.683519	0.172403	0.709281	-0.612609	0.392843	-0.685846
4.86667	-0.38013	-0.906319	-0.184627	-0.692975	0.146861	0.705845	-0.612606	0.396254	-0.683883
4.9	-0.365559	-0.907979	-0.204797	-0.702675	0.124912	0.700461	-0.610422	0.399965	-0.683676
4.93333	-0.352584	-0.908845	-0.222901	-0.710671	0.105094	0.69563	-0.608795	0.403677	-0.682945
4.96667	-0.339649	-0.909399	-0.240067	-0.716828	0.0850372	0.692045	-0.608931	0.407139	-0.680765
5	-0.326428	-0.909823	-0.256253	-0.721557	0.0647329	0.689322	-0.610573	0.409916	-0.67762
5.03333	-0.314178	-0.909785	-0.271263	-0.725465	0.0457684	0.686736	-0.612367	0.412549	-0.674396
5.06667	-0.301539	-0.909681	-0.285577	-0.728966	0.0269011	0.684021	-0.614558	0.414435	-0.671239
5.1	-0.28873	-0.909332	-0.299584	-0.731979	0.00796566	0.681281	-0.617124	0.415995	-0.667912
5.13333	-0.277556	-0.908078	-0.31362	-0.734943	-0.00954276	0.678061	-0.618725	0.418692	-0.664737
5.16667	-0.265367	-0.906484	-0.328431	-0.739932	-0.0269163	0.672143	-0.618127	0.421381	-0.663593
5.2	-0.253756	-0.903685	-0.344908	-0.743266	-0.0460194	0.667411	-0.619002	0.425718	-0.660001
5.23333	-0.242274	-0.899768	-0.362935	-0.748487	-0.0646763	0.659988	-0.617309	0.43155	-0.657795
5.26667	-0.230676	-0.895036	-0.381705	-0.755136	-0.0827239	0.650328	-0.613643	0.438254	-0.656792
5.3	-0.218951	-0.889632	-0.400769	-0.762084	-0.100581	0.639618	-0.609334	0.445465	-0.655952
5.33333	-0.208739	-0.883681	-0.418971	-0.769188	-0.116225	0.628364	-0.603968	0.453431	-0.655456
5.36667	-0.200753	-0.877353	-0.435833	-0.774877	-0.129991	0.618602	-0.599386	0.461903	-0.653745
5.4	-0.193932	-0.871607	-0.450213	-0.778335	-0.142645	0.611431	-0.597148	0.468993	-0.650738
5.43333	-0.188161	-0.868067	-0.459407	-0.780297	-0.151933	0.606673	-0.596433	0.472626	-0.648762
5.46667	-0.186043	-0.867705	-0.460951	-0.782035	-0.153242	0.604101	-0.594819	0.472869	-0.650066
5.5	-0.196215	-0.870827	-0.450733	-0.785747	-0.135351	0.603558	-0.586602	0.472589	-0.657692
5.53333	-0.228389	-0.877288	-0.422142	-0.790136	-0.0862975	0.606825	-0.568791	0.472142	-0.673468
5.56667	-0.285873	-0.885414	-0.366495	-0.789548	0.000899542	0.613689	-0.543039	0.464802	-0.699334
5.6	-0.357715	-0.891515	-0.277924	-0.780808	0.122294	0.612685	-0.512229	0.436171	-0.739849
5.63333	-0.438126	-0.88488	-0.158216	-0.764515	0.274225	0.583367	-0.472823	0.376547	-0.79665
5.66667	-0.513331	-0.857911	-0.0218994	-0.740938	0.430175	0.515714	-0.433016	0.280958	-0.856481
5.7	-0.546971	-0.829834	0.110445	-0.731263	0.537833	0.419511	-0.407526	0.148696	-0.901006
5.73333	-0.519532	-0.82489	0.222807	-0.754961	0.565275	0.332413	-0.400151	0.00448834	-0.916438
5.76667	-0.469755	-0.826375	0.31054	-0.793262	0.549494	0.262284	-0.387384	-0.12313	-0.913659
5.8	-0.419093	-0.826337	0.376202	-0.824438	0.519918	0.223579	-0.380345	-0.216455	-0.899158
5.83333	-0.370399	-0.82753	0.421898	-0.842862	0.490317	0.221751	-0.390369	-0.273466	-0.879107
5.86667	-0.321686	-0.834167	0.447976	-0.853594	0.460239	0.244046	-0.409751	-0.303883	-0.860092
5.9	-0.279003	-0.845262	0.45573	-0.853313	0.435905	0.286084	-0.44047	-0.309062	-0.842892
5.93333	-0.25529	-0.856836	0.44795	-0.835373	0.428738	0.344001	-0.486805	-0.286385	-0.82523
5.96667	-0.252262	-0.867281	0.429172	-0.794722	0.438722	0.419452	-0.552069	-0.23526	-0.79992
6	-0.264519	-0.875466	0.404461	-0.73866	0.453562	0.498661	-0.620009	-0.166854	-0.766648
6.03333	-0.301844	-0.873802	0.381262	-0.676515	0.478095	0.560136	-0.671728	-0.0888557	-0.73545
6.06667	-0.324262	-0.878554	0.35071	-0.630116	0.477121	0.612625	-0.705555	-0.0223366	-0.708303
6.1	-0.315104	-0.901369	0.297059	-0.608088	0.432066	0.665994	-0.728655	0.0292192	-0.684257
6.13333	-0.307753	-0.92539	0.221227	-0.61072	0.370417	0.699866	-0.729595	0.0802784	-0.679151
6.16667	-0.293894	-0.947084	0.129064	-0.631112	0.293682	0.717947	-0.71786	0.129547	-0.684028
6.2	-0.294061	-0.954758	0.0443421	-0.663906	0.237414	0.709129	-0.687573	0.179088	-0.703683
6.23333	-0.359218	-0.93301	-0.021301	-0.666281	0.240409	0.705885	-0.653477	0.267759	-0.708006
6.26667	-0.425697	-0.901945	-0.0726415	-0.652507	0.250364	0.715229	-0.626911	0.35187	-0.695105
6.3	-0.440331	-0.890398	-0.115328	-0.676474	0.244561	0.694674	-0.590332	0.383903	-0.710019
6.33333	-0.430864	-0.890288	-0.147457	-0.694692	0.222931	0.683889	-0.575986	0.3971	-0.714529
6.36667	-0.42312	-0.889403	-0.173006	-0.703543	0.202177	0.681287	-0.570961	0.409983	-0.711279
6.4	-0.416204	-0.887949	-0.195756	-0.701649	0.176706	0.690264	-0.578328	0.424642	-0.696574
6.43333	-0.401608	-0.890019	-0.215815	-0.705525	0.15043	0.692536	-0.583905	0.430391	-0.688345
6.46667	-0.38589	-0.891741	-0.236404	-0.714472	0.126765	0.688084	-0.583625	0.434429	-0.686041
6.5	-0.372567	-0.891903	-0.256326	-0.721952	0.10502	0.683927	-0.583077	0.439863	-0.683038
6.53333	-0.359158	-0.891571	-0.275874	-0.728574	0.0831173	0.679906	-0.583254	0.445189	-0.679427
6.56667	-0.34566	-0.891405	-0.293117	-0.73447	0.0626018	0.675748	-0.584015	0.448864	-0.676349
6.6	-0.332335	-0.891572	-0.307658	-0.738866	0.043367	0.672455	-0.5862	0.450799	-0.673165
6.63333	-0.319288	-0.892532	-0.3185	-0.741101	0.0257046	0.670901	-0.590614	0.450252	-0.669663
6.66667	-0.305293	-0.894381	-0.326922	-0.744702	0.0102764	0.667318	-0.593478	0.447187	-0.669185
6.7	-0.291583	-0.896345	-0.333983	-0.748824	-0.00335385	0.66276	-0.595182	0.443344	-0.670227
6.73333	-0.279936	-0.897322	-0.341245	-0.750806	-0.0168824	0.660307	-0.59827	0.441053	-0.668989
6.76667	-0.267551	-0.898089	-0.349074	-0.752537	-0.0314871	0.657797	-0.601752	0.438686	-0.66742
6.8	-0.254289	-0.898285	-0.358358	-0.756379	-0.0461888	0.652501	-0.602685	0.436978	-0.667699
6.83333	-0.239396	-0.897634	-0.370059	-0.761081	-0.0631668	0.645574	-0.602864	0.436192	-0.66805
6.86667	-0.223833	-0.895924	-0.383692	-0.767881	-0.0803333	0.635536	-0.600215	0.436883	-0.669982
6.9	-0.207754	-0.89308	-0.399057	-0.774427	-0.0990557	0.62486	-0.597579	0.438858	-0.671046
6.93333	-0.19194	-0.88979	-0.414045	-0.779192	-0.118334	0.615514	-0.596673	0.440762	-0.670604
6.96667	-0.177232	-0.887431	-0.425506	-0.783121	-0.134695	0.607106	-0.596078	0.440821	-0.671094
7	-0.166503	-0.886299	-0.432147	-0.786875	-0.144684	0.599912	-0.594226	0.439933	-0.673316
7.03333	-0.168207	-0.887072	-0.429894	-0.793721	-0.136736	0.592714	-0.584562	0.440915	-0.681088
7.06667	-0.186285	-0.890837	-0.414375	-0.799746	-0.107499	0.590636	-0.570705	0.441421	-0.692418
7.1	-0.224069	-0.897223	-0.380504	-0.799637	-0.0539323	0.598057	-0.557112	0.438271	-0.705369
7.13333	-0.274696	-0.90547	-0.323523	-0.791718	0.0220606	0.610488	-0.545641	0.423837	-0.722937
7.16667	-0.32907	-0.912929	-0.241398	-0.781086	0.119487	0.612885	-0.530677	0.390235	-0.752396
7.2	-0.382082	-0.914152	-0.135421	-0.772618	0.235592	0.58954	-0.507026	0.329881	-0.796306
7.23333	-0.434799	-0.900419	-0.0139693	-0.766702	0.362003	0.53021	-0.472354	0.241245	-0.847751
7.26667	-0.487543	-0.866101	0.110322	-0.760591	0.483359	0.433434	-0.428722	0.127408	-0.894407
7.3	-0.507334	-0.832943	0.220948	-0.76458	0.553358	0.330475	-0.39753	-0.00127148	-0.917588
7.33333	-0.475099	-0.824448	0.307517	-0.789629	0.553673	0.264447	-0.388287	-0.117186	-0.914057
7.36667	-0.426624	-0.825294	0.369975	-0.817418	0.526912	0.23279	-0.387064	-0.20311	-0.899404
7.4	-0.381697	-0.827112	0.412544	-0.835705	0.499503	0.228241	-0.394848	-0.257646	-0.881881
7.43333	-0.339564	-0.832973	0.436868	-0.842729	0.475711	0.252008	-0.417738	-0.282588	-0.863504
7.46667	-0.297113	-0.845445	0.443787	-0.836346	0.454676	0.30626	-0.460705	-0.280166	-0.842174
7.5	-0.268201	-0.860287	0.433561	-0.815523	0.442324	0.373191	-0.512826	-0.253489	-0.820215
7.53333	-0.249852	-0.877154	0.410092	-0.783275	0.432083	0.446973	-0.569258	-0.209538	-0.795009
7.56667	-0.252783	-0.89055	0.378182	-0.739063	0.429991	0.518549	-0.624409	-0.14842	-0.766867
7.6	-0.294265	-0.890313	0.347493	-0.684049	0.450123	0.573991	-0.667446	-0.0687967	-0.741473
7.63333	-0.336814	-0.887116	0.315566	-0.630842	0.461415	0.623807	-0.698996	0.0110347	-0.715041
7.66667	-0.322661	-0.909941	0.260572	-0.603773	0.409883	0.683706	-0.728936	0.0632793	-0.681651
7.7	-0.303115	-0.936059	0.178647	-0.59321	0.332058	0.733375	-0.745804	0.116322	-0.655931
7.73333	-0.287859	-0.954252	0.0808757	-0.604383	0.246526	0.757593	-0.742872	0.1692	-0.647698
7.76667	-0.291944	-0.956411	-0.00677187	-0.639277	0.189863	0.745169	-0.711403	0.221877	-0.666841
7.8	-0.364738	-0.928505	-0.0696071	-0.660929	0.20552	0.721758	-0.65585	0.309258	-0.688637
7.83333	-0.421758	-0.898662	-0.120525	-0.663253	0.215141	0.716805	-0.618236	0.382257	-0.686778
7.86667	-0.428902	-0.888463	-0.163332	-0.685603	0.202421	0.699267	-0.588211	0.411898	-0.695951
7.9	-0.419669	-0.886701	-0.194009	-0.705015	0.183811	0.684958	-0.571692	0.424235	-0.702277
7.93333	-0.413746	-0.883934	-0.217886	-0.713071	0.165859	0.68119	-0.565989	0.437208	-0.698931
7.96667	-0.408923	-0.880866	-0.238448	-0.712491	0.14491	0.686555	-0.57021	0.45064	-0.686866
8	-0.399454	-0.879774	-0.257747	-0.713922	0.122151	0.689489	-0.575111	0.45943	-0.676884
8.03333	-0.385357	-0.880282	-0.276775	-0.719924	0.0991753	0.68693	-0.577243	0.46397	-0.671954
8.06667	-0.371831	-0.880518	-0.293988	-0.725894	0.0783861	0.683325	-0.578636	0.467486	-0.668309
8.1	-0.359357	-0.8808	-0.308308	-0.729272	0.0589248	0.681682	-0.582259	0.469807	-0.663518
8.13333	-0.347462	-0.8816	-0.319456	-0.729995	0.0404895	0.682252	-0.588539	0.470258	-0.657632
8.16667	-0.33445	-0.883796	-0.327182	-0.730337	0.0236488	0.682678	-0.59561	0.467275	-0.653378
8.2	-0.320336	-0.887004	-0.332578	-0.731754	0.00873802	0.681513	-0.601599	0.461678	-0.651868
8.23333	-0.306217	-0.89062	-0.336194	-0.733508	-0.00436545	0.679667	-0.606793	0.454727	-0.65194
8.26667	-0.293865	-0.893348	-0.339961	-0.733626	-0.017194	0.679336	-0.612729	0.449037	-0.65033
8.3	-0.282202	-0.895277	-0.344734	-0.732791	-0.0307619	0.679759	-0.619177	0.444447	-0.647369
8.33333	-0.270832	-0.896802	-0.349851	-0.733833	-0.0428692	0.677975	-0.623008	0.44035	-0.646493
8.36667	-0.256704	-0.898333	-0.356511	-0.737925	-0.0560411	0.672552	-0.624155	0.435725	-0.648517
8.4	-0.241459	-0.899311	-0.364607	-0.74463	-0.0692278	0.663878	-0.622274	0.431796	-0.652938
8.43333	-0.227163	-0.899211	-0.37392	-0.74963	-0.0836401	0.656551	-0.621653	0.429446	-0.655075
8.46667	-0.214403	-0.897836	-0.384607	-0.752768	-0.0990212	0.650795	-0.622391	0.429053	-0.654632
8.5	-0.201864	-0.896773	-0.393763	-0.755762	-0.113093	0.645006	-0.622956	0.427795	-0.654918
8.53333	-0.192576	-0.896236	-0.399594	-0.758393	-0.122476	0.640187	-0.6227	0.426334	-0.656113
8.56667	-0.189604	-0.896465	-0.400501	-0.759219	-0.124793	0.638759	-0.622604	0.425179	-0.656952
8.6	-0.196257	-0.898935	-0.391663	-0.75995	-0.112971	0.640089	-0.619645	0.423266	-0.660974
8.63333	-0.217683	-0.904088	-0.367749	-0.761901	-0.0780873	0.642969	-0.610017	0.420152	-0.671827
8.66667	-0.260589	-0.909383	-0.324214	-0.761755	-0.0126482	0.647741	-0.593146	0.415766	-0.689432
8.7	-0.317568	-0.913394	-0.254681	-0.7588	0.0837164	0.645922	-0.56866	0.398376	-0.719668
8.73333	-0.381119	-0.910709	-0.159241	-0.751613	0.204911	0.626969	-0.538355	0.358637	-0.762596
8.76667	-0.445246	-0.894253	-0.0454809	-0.742791	0.340515	0.576465	-0.500018	0.290451	-0.815855
8.8	-0.502826	-0.861176	0.0744438	-0.734244	0.470978	0.488943	-0.456128	0.191193	-0.869133
8.83333	-0.518232	-0.835321	0.183507	-0.742124	0.545861	0.388958	-0.425074	0.0653854	-0.902794
8.86667	-0.487956	-0.828733	0.274046	-0.768155	0.556808	0.316074	-0.414531	-0.0562796	-0.908293
8.9	-0.437528	-0.831405	0.342541	-0.804063	0.532274	0.26489	-0.402557	-0.159528	-0.901387
8.93333	-0.386433	-0.834685	0.39239	-0.830791	0.499784	0.244954	-0.40057	-0.231336	-0.886582
8.96667	-0.341058	-0.838785	0.424404	-0.843714	0.472217	0.255261	-0.41452	-0.271017	-0.868748
9	-0.301976	-0.845828	0.439757	-0.841143	0.453497	0.294652	-0.448653	-0.280921	-0.848407
9.03333	-0.272397	-0.855154	0.441034	-0.826525	0.442629	0.347758	-0.492601	-0.269797	-0.827378
9.06667	-0.253031	-0.868448	0.426349	-0.798061	0.436475	0.415437	-0.546876	-0.235134	-0.803516
9.1	-0.244891	-0.882974	0.400482	-0.758853	0.431652	0.487666	-0.603465	-0.184482	-0.775755
9.13333	-0.260491	-0.891455	0.370747	-0.712943	0.436551	0.548758	-0.651043	-0.121375	-0.749274
9.16667	-0.299262	-0.891199	0.340891	-0.661259	0.451265	0.599247	-0.68788	-0.0460855	-0.72436
9.2	-0.310083	-0.902598	0.298607	-0.631347	0.430331	0.645148	-0.710809	0.0115251	-0.703291
9.23333	-0.305713	-0.922453	0.235838	-0.620876	0.380929	0.685132	-0.72184	0.0630274	-0.689184
9.26667	-0.297685	-0.942424	0.152381	-0.627416	0.313438	0.712815	-0.719536	0.116588	-0.684598
9.3	-0.274118	-0.960218	0.0532921	-0.649344	0.225678	0.726238	-0.709374	0.16447	-0.685374
9.33333	-0.27289	-0.96139	-0.0355029	-0.682066	0.167315	0.711893	-0.678467	0.218484	-0.70139
9.36667	-0.313505	-0.943705	-0.105527	-0.69379	0.151758	0.704006	-0.648359	0.293923	-0.70231
9.4	-0.389486	-0.90688	-0.16084	-0.671791	0.160257	0.723198	-0.630078	0.389726	-0.671651
9.43333	-0.42786	-0.880475	-0.204204	-0.68254	0.166638	0.711598	-0.592516	0.443842	-0.672257
9.46667	-0.423289	-0.873363	-0.240965	-0.701618	0.147725	0.697073	-0.573201	0.464128	-0.675297
9.5	-0.414136	-0.868997	-0.270805	-0.71955	0.130353	0.682097	-0.55744	0.477338	-0.67927
9.53333	-0.403167	-0.86653	-0.294249	-0.72372	0.105121	0.68204	-0.560077	0.48793	-0.669506
9.56667	-0.388489	-0.866972	-0.312147	-0.728484	0.0815343	0.680193	-0.564258	0.491642	-0.66325
9.6	-0.372103	-0.868012	-0.328777	-0.736091	0.0601829	0.674202	-0.565429	0.492882	-0.66133
9.63333	-0.356725	-0.869235	-0.342312	-0.740485	0.0396808	0.6709	-0.569587	0.492804	-0.657811
9.66667	-0.346398	-0.867626	-0.356697	-0.745054	0.0234133	0.666593	-0.570002	0.496665	-0.654539
9.7	-0.333945	-0.866998	-0.369859	-0.750947	0.00755504	0.660319	-0.569701	0.498255	-0.653592
9.73333	-0.321991	-0.867051	-0.380191	-0.754415	-0.00764014	0.656353	-0.571996	0.498162	-0.651656
9.76667	-0.309713	-0.867964	-0.388222	-0.756288	-0.0225886	0.653849	-0.576287	0.496113	-0.649435
9.8	-0.296597	-0.869513	-0.394939	-0.758248	-0.0370064	0.650915	-0.580594	0.492521	-0.648331
9.83333	-0.283509	-0.870606	-0.40208	-0.760854	-0.0510023	0.646916	-0.583716	0.48933	-0.647944
9.86667	-0.271898	-0.870781	-0.409648	-0.762493	-0.064758	0.643748	-0.587092	0.487388	-0.646356
9.9	-0.259671	-0.871061	-0.416923	-0.764918	-0.0780061	0.639387	-0.589467	0.484942	-0.646034
9.93333	-0.245927	-0.871806	-0.423645	-0.766529	-0.0925855	0.635501	-0.593256	0.481023	-0.645495
9.96667	-0.232533	-0.872828	-0.429069	-0.769396	-0.10478	0.63012	-0.594944	0.476647	-0.647185
10	-0.220296	-0.87363	-0.433867	-0.773411	-0.114601	0.62346	-0.594395	0.472903	-0.650429
10.0333	-0.208009	-0.874954	-0.43725	-0.777472	-0.123357	0.616702	-0.593523	0.468229	-0.654593
10.0667	-0.196	-0.876852	-0.438993	-0.780874	-0.131224	0.61075	-0.593143	0.462506	-0.658991
10.1	-0.187013	-0.87857	-0.439479	-0.78268	-0.137101	0.607137	-0.593665	0.457514	-0.661999
10.1333	-0.182152	-0.880672	-0.437308	-0.781825	-0.139993	0.607578	-0.596297	0.45257	-0.663031
10.1667	-0.181859	-0.885181	-0.428231	-0.781117	-0.134494	0.609728	-0.597314	0.445383	-0.666971
10.2	-0.1938	-0.892928	-0.406352	-0.783023	-0.108749	0.612412	-0.59103	0.436868	-0.678107
10.2333	-0.226794	-0.903081	-0.364703	-0.786856	-0.0507754	0.615044	-0.573953	0.426457	-0.69908
10.2667	-0.282973	-0.912542	-0.295286	-0.790752	0.0477312	0.610273	-0.542805	0.406189	-0.735101
10.3	-0.357025	-0.913753	-0.193879	-0.793057	0.186849	0.579783	-0.493552	0.360755	-0.791367
10.3333	-0.429046	-0.900528	-0.0704949	-0.793455	0.338433	0.505858	-0.431681	0.272971	-0.859732
10.3667	-0.483316	-0.873589	0.0569858	-0.789629	0.463121	0.402499	-0.37801	0.149537	-0.913645
10.4	-0.472135	-0.865702	0.166279	-0.812178	0.500518	0.299748	-0.342719	0.00647352	-0.939416
10.4333	-0.418293	-0.872273	0.253318	-0.846052	0.475638	0.240758	-0.330494	-0.113613	-0.936945
10.4667	-0.364229	-0.874895	0.31921	-0.868126	0.443048	0.223752	-0.337185	-0.195618	-0.920891
10.5	-0.310343	-0.878769	0.362564	-0.884516	0.406678	0.228572	-0.348309	-0.249758	-0.903494
10.5333	-0.263191	-0.884388	0.385473	-0.895707	0.372433	0.242905	-0.358385	-0.281341	-0.890173
10.5667	-0.23122	-0.889948	0.393102	-0.894875	0.353087	0.272999	-0.381754	-0.288654	-0.878033
10.6	-0.209503	-0.898246	0.386345	-0.880728	0.344989	0.324502	-0.424767	-0.272281	-0.863387
10.6333	-0.202006	-0.908625	0.365506	-0.849564	0.348247	0.396188	-0.487273	-0.230488	-0.842283
10.6667	-0.225699	-0.915048	0.334287	-0.792962	0.371893	0.482605	-0.565925	-0.156154	-0.809534
