0	0	1	0	0	0	-1	-1	0	0
0.0333333	0.999514	-0.0306255	-0.0058952	0.0275551	0.955709	-0.293022	0.014608	0.292717	0.956088
0.0666667	0.999773	0.0188189	-0.0100262	-0.0206173	0.973128	-0.22934	0.00544085	0.229495	0.973295
0.1	0.999247	0.0367114	-0.0125849	-0.0384492	0.980525	-0.192593	0.00526946	0.192932	0.981198
0.133333	0.998875	0.0448115	-0.0154843	-0.0468143	0.983879	-0.172602	0.0075001	0.173133	0.98487
0.166667	0.998665	0.0491068	-0.0160056	-0.0510464	0.985631	-0.161017	0.00786859	0.16162	0.986822
0.2	0.99852	0.0519418	-0.0161361	-0.0538119	0.986581	-0.154153	0.00791261	0.154793	0.987915
0.233333	0.998391	0.0544071	-0.0159962	-0.0561805	0.987359	-0.148207	0.0077305	0.148867	0.988827
0.266667	0.998325	0.0556259	-0.0158812	-0.057339	0.987869	-0.144317	0.00766084	0.144985	0.989404
0.3	0.998308	0.0560628	-0.0154298	-0.0576905	0.988156	-0.142197	0.00727512	0.142846	0.989718
0.333333	0.998304	0.056266	-0.014967	-0.0578168	0.988329	-0.140936	0.00686241	0.141562	0.989906
0.366667	0.998317	0.0561894	-0.014378	-0.0576527	0.988449	-0.140161	0.0063363	0.140754	0.990024
0.4	0.998322	0.0561708	-0.0140389	-0.0575839	0.988512	-0.139743	0.00602817	0.140317	0.990088
0.433333	0.998262	0.057634	-0.0123155	-0.0587735	0.98901	-0.135664	0.00436127	0.136152	0.990678
0.466667	0.998315	0.0564781	-0.0133235	-0.0577725	0.988898	-0.136905	0.00544343	0.137445	0.990495
0.5	0.998339	0.0561037	-0.0131102	-0.0573746	0.988861	-0.137338	0.00525902	0.137862	0.990437
0.533333	0.998336	0.0562019	-0.0129128	-0.0574444	0.988865	-0.137282	0.0050535	0.137796	0.990448
0.566667	0.998334	0.0562936	-0.0126748	-0.0575008	0.988905	-0.136967	0.00482381	0.137467	0.990495
0.6	0.998313	0.0566658	-0.0126933	-0.0578689	0.988975	-0.136306	0.0048295	0.136811	0.990585
0.633333	0.998301	0.056871	-0.0126941	-0.0580731	0.988941	-0.136468	0.00479259	0.136974	0.990563
0.666667	0.998301	0.0568847	-0.0126048	-0.058078	0.988836	-0.137224	0.00465816	0.137723	0.99046
0.7	0.998288	0.05743	-0.0110457	-0.0583984	0.98904	-0.135606	0.00313675	0.136019	0.990701
0.733333	0.998282	0.057492	-0.0112965	-0.0584941	0.989028	-0.135656	0.00337345	0.136084	0.990692
0.766667	0.998308	0.0568901	-0.0120509	-0.0579992	0.989097	-0.135361	0.00421885	0.13583	0.990723
0.8	0.998366	0.0558021	-0.0122872	-0.0569576	0.989029	-0.1363	0.00454656	0.136777	0.990591
0.833333	0.998393	0.0552316	-0.0126968	-0.0564547	0.98889	-0.137514	0.00496059	0.138009	0.990419
0.866667	0.998476	0.0537407	-0.0125758	-0.0549707	0.988712	-0.139382	0.00494337	0.13986	0.990159
0.9	0.998532	0.0526209	-0.0128622	-0.053912	0.988506	-0.141242	0.00528211	0.141728	0.989892
0.933333	0.998577	0.0516551	-0.0132778	-0.0530195	0.988438	-0.142054	0.00578645	0.142556	0.98977
0.966667	0.998614	0.0507492	-0.0139451	-0.0522228	0.988375	-0.142786	0.00653669	0.143317	0.989655
1	0.998648	0.0497738	-0.0149659	-0.0514069	0.988357	-0.143203	0.00766388	0.143779	0.98958
1.03333	0.998686	0.0487219	-0.0158949	-0.0505014	0.988373	-0.143417	0.00872256	0.144031	0.989535
1.06667	0.998712	0.0477572	-0.017136	-0.0497268	0.988393	-0.143552	0.0100815	0.144219	0.989494
1.1	0.998725	0.0470964	-0.0181764	-0.0492242	0.988402	-0.143661	0.0111997	0.144372	0.98946
1.13333	0.998738	0.0464162	-0.0191747	-0.0487004	0.988368	-0.144075	0.0122642	0.144828	0.989381
1.16667	0.998747	0.0458553	-0.0200205	-0.0482791	0.988264	-0.144922	0.0131401	0.145708	0.98924
1.2	0.998756	0.0453108	-0.0208325	-0.0478744	0.98812	-0.14604	0.0139679	0.146855	0.989059
1.23333	0.998746	0.0452084	-0.0215282	-0.0478811	0.988062	-0.146429	0.0146513	0.147276	0.988987
1.26667	0.998737	0.0450134	-0.0223396	-0.0478094	0.988049	-0.146537	0.0154765	0.147419	0.988953
1.3	0.99874	0.0446844	-0.0228225	-0.0475755	0.987872	-0.147799	0.0159414	0.148699	0.988754
1.33333	0.998738	0.0445767	-0.0231486	-0.0475307	0.987755	-0.148598	0.0162412	0.149511	0.988627
1.36667	0.998717	0.0447553	-0.0236716	-0.0477994	0.987618	-0.14942	0.0166911	0.15036	0.98849
1.4	0.998726	0.0436262	-0.0253767	-0.0469896	0.987247	-0.152102	0.0184175	0.153101	0.988039
1.43333	0.998723	0.0436309	-0.0254675	-0.0470258	0.9871	-0.153045	0.0184615	0.154047	0.987891
1.46667	0.998726	0.0435428	-0.025491	-0.0469524	0.98702	-0.153583	0.0184726	0.154584	0.987807
1.5	0.998701	0.0440329	-0.0256436	-0.0474353	0.987203	-0.152252	0.0186113	0.153271	0.988009
1.53333	0.998683	0.0446628	-0.0252605	-0.0479934	0.987224	-0.151936	0.0181519	0.152948	0.988067
1.56667	0.998672	0.0450686	-0.0249475	-0.0483393	0.98727	-0.151529	0.0178008	0.152534	0.988138
1.6	0.99866	0.0456631	-0.0243335	-0.0488351	0.987231	-0.151628	0.017099	0.152613	0.988138
1.63333	0.998657	0.0461064	-0.0236219	-0.0491676	0.987187	-0.151806	0.01632	0.152764	0.988128
1.66667	0.998643	0.0467392	-0.0229678	-0.049687	0.98722	-0.151419	0.015597	0.152355	0.988203
1.7	0.998606	0.047768	-0.0224681	-0.0506113	0.987341	-0.150319	0.0150032	0.151246	0.988382
1.73333	0.998551	0.0491715	-0.0218525	-0.0518832	0.987513	-0.148748	0.0142655	0.149666	0.988634
1.76667	0.998496	0.0505431	-0.0212418	-0.0531342	0.987601	-0.147718	0.0135123	0.148625	0.988801
1.8	0.998448	0.0517999	-0.0204693	-0.0542496	0.98769	-0.146715	0.0126175	0.147598	0.988967
1.83333	0.998403	0.053079	-0.0193216	-0.0553344	0.987773	-0.145751	0.011349	0.146587	0.989133
1.86667	0.998376	0.0540048	-0.0181601	-0.0560696	0.987884	-0.144715	0.0101248	0.145498	0.989307
1.9	0.998342	0.0549284	-0.0172289	-0.0568487	0.987827	-0.144797	0.00906573	0.145537	0.989311
1.93333	0.998347	0.0549523	-0.0168352	-0.0568158	0.987816	-0.144886	0.00866829	0.145603	0.989305
1.96667	0.998344	0.0550702	-0.0166333	-0.0569003	0.98786	-0.144552	0.00847081	0.14526	0.989357
2	0.99834	0.0550943	-0.016817	-0.0569353	0.988114	-0.142792	0.00875012	0.143512	0.98961
2.03333	0.998336	0.0550815	-0.0170619	-0.0569401	0.988392	-0.140851	0.00910554	0.141588	0.989884
2.06667	0.998383	0.0540909	-0.017483	-0.0560074	0.988612	-0.139678	0.00972857	0.140431	0.990043
2.1	0.998423	0.0533623	-0.017434	-0.05527	0.988782	-0.138766	0.00983351	0.139511	0.990172
2.13333	0.998459	0.0526706	-0.0174727	-0.0545784	0.988987	-0.137573	0.0100342	0.138315	0.990337
2.16667	0.99847	0.0524454	-0.0175311	-0.0543278	0.989474	-0.134122	0.0103125	0.134869	0.99081
2.2	0.998485	0.0524593	-0.016632	-0.0541816	0.990021	-0.130087	0.00964174	0.130791	0.991363
2.23333	0.998543	0.0514848	-0.0161824	-0.0531073	0.990744	-0.124927	0.00960073	0.125604	0.992034
2.26667	0.998566	0.0510505	-0.0161362	-0.052626	0.991331	-0.120387	0.00985045	0.121064	0.992596
2.3	0.998671	0.0492875	-0.0150773	-0.0506989	0.99206	-0.115095	0.00928488	0.115706	0.99324
2.33333	0.998814	0.0465859	-0.0141664	-0.0478758	0.992639	-0.111249	0.00887949	0.111795	0.993692
2.36667	0.999002	0.0431945	-0.0113796	-0.0441504	0.993521	-0.104724	0.0067824	0.105121	0.994436
2.4	0.99918	0.039556	-0.0086533	-0.0402179	0.994302	-0.0987247	0.00469883	0.0989918	0.995077
2.43333	0.999345	0.0357718	-0.00554741	-0.0361327	0.995019	-0.0929038	0.00219645	0.0930433	0.99566
2.46667	0.999514	0.0311319	-0.00181397	-0.0311723	0.995782	-0.0862953	-0.000880217	0.0863099	0.996268
2.5	0.999636	0.0269136	0.00198684	-0.0266744	0.996553	-0.0785537	-0.00409415	0.0784721	0.996908
2.53333	0.999754	0.021282	0.00622486	-0.0207706	0.997108	-0.0730988	-0.00776255	0.0729515	0.997305
2.56667	0.999837	0.0148304	0.0102646	-0.0140826	0.997486	-0.0694471	-0.0112688	0.0692912	0.997533
2.6	0.999891	0.00676202	0.0131518	-0.00582565	0.997532	-0.0699765	-0.0135925	0.0698923	0.997462
2.63333	0.999893	-0.00258411	0.0144303	0.00366813	0.997131	-0.0756072	-0.0141935	0.075652	0.997033
2.66667	0.999838	-0.0113595	0.0139703	0.0124429	0.996711	-0.0800831	-0.0130147	0.080244	0.99669
2.7	0.999799	-0.0154913	0.0127368	0.0164837	0.996503	-0.0819101	-0.0114234	0.0821035	0.996558
2.73333	0.999799	-0.015616	0.0125933	0.0166239	0.996296	-0.0843628	-0.0112293	0.0845552	0.996356
2.76667	0.999838	-0.0117651	0.0136385	0.0128773	0.996336	-0.0845528	-0.0125937	0.0847148	0.996326
2.8	0.999915	-0.00135902	0.0129575	0.00232084	0.997218	-0.0745051	-0.0128202	0.0745289	0.997136
2.83333	0.99988	0.00680192	0.0139182	-0.00564649	0.996663	-0.0814337	-0.0144257	0.0813453	0.996582
2.86667	0.999771	0.0177827	0.0119053	-0.0166665	0.995975	-0.0880627	-0.0134234	0.0878441	0.996044
2.9	0.999427	0.0335984	0.0040781	-0.0331757	0.996369	-0.0784144	-0.00669789	0.0782342	0.996913
2.93333	0.998952	0.0457002	-0.00248018	-0.0457579	0.99617	-0.0745069	-0.0009343	0.0745423	0.997217
2.96667	0.998552	0.0531645	-0.00826167	-0.0536282	0.995864	-0.0733444	0.00432818	0.0736812	0.997272
3	0.998287	0.0575566	-0.0105328	-0.0581728	0.995646	-0.0728322	0.00629495	0.0733202	0.997289
3.03333	0.998321	0.057344	-0.00818468	-0.0577679	0.996027	-0.0677744	0.0042657	0.0681335	0.997667
3.06667	0.998431	0.0559406	-0.00267713	-0.055999	0.996511	-0.0618911	-0.000794439	0.0619439	0.998079
3.1	0.998339	0.057606	-0.000515413	-0.0575272	0.996419	-0.0619584	-0.00305561	0.0618852	0.998079
3.13333	0.998217	0.0596953	5.90302e-05	-0.0595748	0.996264	-0.062524	-0.0037912	0.062409	0.998043
3.16667	0.998077	0.061882	-0.00369721	-0.0619923	0.996206	-0.0610712	-9.60235e-05	0.061183	0.998127
3.2	0.997783	0.0657767	-0.0100918	-0.0662167	0.996434	-0.0522995	0.00661569	0.0528518	0.99858
3.23333	0.997417	0.0696869	-0.0174231	-0.0703637	0.996644	-0.0418339	0.0144493	0.0429518	0.998973
3.26667	0.996998	0.072888	-0.0261306	-0.073809	0.996615	-0.0362108	0.0234028	0.0380307	0.999002
3.3	0.996245	0.0788024	-0.0358497	-0.079994	0.996245	-0.0331124	0.0331057	0.0358558	0.998808
3.33333	0.99548	0.0835943	-0.0450783	-0.0853351	0.99562	-0.0381829	0.041689	0.0418571	0.998253
3.36667	0.99441	0.0893561	-0.0562469	-0.0918318	0.994842	-0.0430824	0.0521071	0.0480068	0.997487
3.4	0.993072	0.0954803	-0.0685003	-0.0986084	0.994161	-0.0438312	0.0639153	0.0502822	0.996688
3.43333	0.99166	0.100296	-0.0809395	-0.104278	0.993457	-0.0465714	0.075739	0.0546233	0.99563
3.46667	0.99023	0.1042	-0.0926654	-0.109084	0.99281	-0.0492882	0.0868633	0.0589149	0.994477
3.5	0.988779	0.108147	-0.103054	-0.113649	0.992307	-0.04909	0.0969527	0.0602512	0.993464
3.53333	0.987308	0.111677	-0.112921	-0.117511	0.991988	-0.0463852	0.106836	0.059066	0.992521
3.56667	0.985892	0.113793	-0.122756	-0.11963	0.991961	-0.0412464	0.117075	0.0553497	0.991579
3.6	0.984593	0.114192	-0.132425	-0.11983	0.992163	-0.0353949	0.127345	0.0507181	0.990561
3.63333	0.983505	0.112991	-0.141251	-0.118068	0.992609	-0.0280641	0.137036	0.0442783	0.989576
3.66667	0.982556	0.110387	-0.149661	-0.114629	0.993207	-0.0199895	0.146438	0.0367963	0.988535
3.7	0.981919	0.106282	-0.156649	-0.109643	0.993887	-0.0129477	0.154315	0.0298891	0.98757
3.73333	0.981626	0.102026	-0.161251	-0.104568	0.994491	-0.00733533	0.159614	0.0240623	0.986886
3.76667	0.981721	0.0991986	-0.16243	-0.100911	0.994893	-0.00230332	0.161372	0.0186522	0.986717
3.8	0.982566	0.0973191	-0.158406	-0.0987595	0.995111	-0.00122769	0.157512	0.0168504	0.987373
3.83333	0.984293	0.0967851	-0.14765	-0.0987981	0.995087	-0.00634407	0.146311	0.020832	0.989019
3.86667	0.986944	0.0958913	-0.12941	-0.0988873	0.994955	-0.0169129	0.127135	0.029489	0.991447
3.9	0.989745	0.0928892	-0.108517	-0.0962013	0.99503	-0.0256839	0.105592	0.03586	0.993763
3.93333	0.992106	0.090817	-0.0864782	-0.093663	0.995169	-0.0294332	0.0833874	0.0373007	0.995819
3.96667	0.993711	0.0911809	-0.0649965	-0.0928573	0.995408	-0.0232501	0.062578	0.0291393	0.997615
4	0.995278	0.08597	-0.0450558	-0.0866346	0.996155	-0.0130087	0.0437642	0.0168507	0.9989
4.03333	0.997264	0.0680755	-0.0288164	-0.0684957	0.997555	-0.0138524	0.027803	0.0157883	0.999489
4.06667	0.999046	0.0401522	-0.0171821	-0.0407212	0.998587	-0.0341576	0.0157863	0.0348247	0.999269
4.1	0.999846	0.0110507	-0.0135985	-0.0117813	0.998424	-0.0548757	0.0129706	0.0550274	0.998401
4.13333	0.999825	-0.0109903	-0.0151403	0.0101465	0.99845	-0.0547228	0.0157183	0.0545596	0.998387
4.16667	0.999431	-0.026081	-0.0213653	0.0253624	0.999126	-0.0332413	0.0222136	0.0326805	0.999219
4.2	0.998931	-0.0360538	-0.0289373	0.0357938	0.999314	-0.00945291	0.0292583	0.00840703	0.999537
4.23333	0.998526	-0.0409373	-0.0356407	0.04121	0.999126	0.00695059	0.035325	-0.0084091	0.99934
4.26667	0.998205	-0.0439888	-0.0406411	0.0445345	0.998928	0.0126227	0.0400423	-0.01441	0.999094
4.3	0.998062	-0.0441724	-0.0438327	0.0446248	0.99896	0.00939606	0.0433721	-0.0113339	0.998995
4.33333	0.998224	-0.0402062	-0.043964	0.0404664	0.999168	0.00504496	0.0437246	-0.00681506	0.99902
4.36667	0.998604	-0.0328794	-0.0413326	0.0328209	0.999459	-0.0020935	0.041379	0.000734003	0.999143
4.4	0.999043	-0.0215933	-0.0380475	0.0211804	0.999713	-0.0112214	0.0382789	0.0104048	0.999213
4.43333	0.999327	-0.00697774	-0.0360033	0.00626088	0.999781	-0.0199854	0.0361348	0.0197466	0.999152
4.46667	0.999315	0.00913479	-0.0358623	-0.0102203	0.999492	-0.0302041	0.0355682	0.0305499	0.9989
4.5	0.999031	0.0255524	-0.0358352	-0.0270321	0.998775	-0.041435	0.0347326	0.0423636	0.998498
4.53333	0.998576	0.0410326	-0.0340988	-0.0426406	0.997944	-0.0478505	0.0320652	0.0492364	0.998272
4.56667	0.99821	0.0519965	-0.0295565	-0.0534575	0.997267	-0.0510028	0.0268238	0.0524915	0.998261
4.6	0.998387	0.0533772	-0.0193641	-0.0543035	0.997223	-0.0509701	0.0165897	0.0519394	0.998512
4.63333	0.998681	0.0507321	-0.00785056	-0.0510717	0.997351	-0.0517918	0.00520225	0.0521245	0.998627
4.66667	0.998655	0.0518451	0.000336802	-0.0517459	0.997106	-0.0556866	-0.0032229	0.0555943	0.998448
4.7	0.998512	0.0542944	0.00510869	-0.0538445	0.9964	-0.0654864	-0.00864585	0.0651139	0.99784
4.73333	0.998401	0.0564898	0.00218586	-0.0561423	0.995309	-0.0787917	-0.00662653	0.078543	0.996889
4.76667	0.99826	0.0584366	-0.00786568	-0.0588866	0.994863	-0.0823438	0.00301338	0.0826637	0.996573
4.8	0.997834	0.0617445	-0.0226722	-0.063168	0.995641	-0.0686267	0.018336	0.0699103	0.997385
4.83333	0.996948	0.0660074	-0.0416822	-0.0678919	0.996653	-0.0455405	0.0385367	0.0482314	0.998093
4.86667	0.995571	0.0688551	-0.0640037	-0.070739	0.997112	-0.0276473	0.0619152	0.0320525	0.997567
4.9	0.993579	0.0703045	-0.0886502	-0.0725762	0.997105	-0.0226647	0.0868002	0.0289531	0.995805
4.93333	0.99078	0.0735428	-0.113782	-0.075879	0.996983	-0.0163338	0.112237	0.0248169	0.993372
4.96667	0.986955	0.0818445	-0.138641	-0.0826025	0.996583	0.000287513	0.13819	0.0111683	0.990343
5	0.982306	0.0944755	-0.161705	-0.0916667	0.995482	0.02476	0.163313	-0.00949899	0.986528
5.03333	0.976906	0.109164	-0.183677	-0.101744	0.993584	0.0493783	0.187889	-0.0295499	0.981746
5.06667	0.971608	0.122904	-0.202171	-0.110197	0.991226	0.0729919	0.209368	-0.0486408	0.976626
5.1	0.966881	0.135032	-0.216583	-0.117134	0.988704	0.0935051	0.226762	-0.0650391	0.971776
5.13333	0.963211	0.143373	-0.227307	-0.121881	0.986869	0.105993	0.239519	-0.0743892	0.968038
5.16667	0.961059	0.145996	-0.23463	-0.123803	0.986547	0.106764	0.24706	-0.0735583	0.966204
5.2	0.96031	0.144293	-0.238715	-0.123739	0.98736	0.0990364	0.249988	-0.0655672	0.966026
5.23333	0.960977	0.139488	-0.238885	-0.12173	0.988689	0.0876153	0.248404	-0.0551168	0.967087
5.26667	0.962747	0.132819	-0.235538	-0.118373	0.99017	0.0745101	0.243119	-0.0438529	0.969005
5.3	0.965418	0.125342	-0.228597	-0.11483	0.991645	0.058777	0.234054	-0.0304947	0.971745
5.33333	0.968922	0.117695	-0.217572	-0.111499	0.992936	0.0405793	0.220811	-0.015059	0.9752
5.36667	0.973126	0.110939	-0.20179	-0.108943	0.993826	0.0210065	0.202874	0.00154164	0.979204
5.4	0.977887	0.105737	-0.180437	-0.107543	0.9942	-0.000224734	0.179367	0.0196245	0.983587
5.43333	0.983023	0.101954	-0.152549	-0.106592	0.994048	-0.0225189	0.149345	0.0383971	0.988039
5.46667	0.988022	0.0992092	-0.118193	-0.105014	0.9935	-0.0439285	0.113067	0.0558143	0.992018
5.5	0.991857	0.0960689	-0.0836112	-0.101435	0.992878	-0.0624844	0.0770129	0.0704567	0.994538
5.53333	0.994342	0.0941018	-0.0492874	-0.0978874	0.991892	-0.0810485	0.0412609	0.0854146	0.995491
5.56667	0.995884	0.0886776	-0.018769	-0.0900675	0.991402	-0.0949241	0.01019	0.0962238	0.995308
5.6	0.997246	0.0740304	0.00439157	-0.0731937	0.992049	-0.102376	-0.0119356	0.101773	0.994736
5.63333	0.998657	0.0480225	0.0194678	-0.0454876	0.992376	-0.114542	-0.02482	0.113503	0.993228
5.66667	0.999526	0.0160616	0.0262785	-0.012329	0.990564	-0.136494	-0.0282228	0.136105	0.990292
5.7	0.999572	-0.0159607	0.0245294	0.0195501	0.987899	-0.153863	-0.0217768	0.154277	0.987788
5.73333	0.999034	-0.0415012	0.0144551	0.043158	0.988546	-0.144617	-0.00828769	0.145101	0.989382
5.76667	0.998413	-0.0562292	-0.00300155	0.0555509	0.992286	-0.110829	0.00921019	0.110486	0.993835
5.8	0.997901	-0.0600947	-0.0241134	0.0581566	0.995538	-0.0743136	0.0284717	0.0727553	0.996943
5.83333	0.997214	-0.0584625	-0.0463239	0.0560838	0.997118	-0.0510861	0.049177	0.0483458	0.997619
5.86667	0.996288	-0.054442	-0.0666776	0.0517704	0.99781	-0.0411618	0.0687725	0.0375571	0.996925
5.9	0.995341	-0.045896	-0.0847907	0.0432252	0.998518	-0.0330707	0.0861828	0.0292515	0.99585
5.93333	0.994376	-0.0361915	-0.0995272	0.0337152	0.999081	-0.0264517	0.100393	0.0229474	0.994683
5.96667	0.993506	-0.0266106	-0.110625	0.0242962	0.999458	-0.0222177	0.111156	0.0193857	0.993614
6	0.992979	-0.0167617	-0.117096	0.0142511	0.999651	-0.0222444	0.117428	0.0204195	0.992871
6.03333	0.99269	-0.00435021	-0.120612	0.00138931	0.999696	-0.0246223	0.120682	0.0242747	0.992394
6.06667	0.992609	0.0101188	-0.120931	-0.0140495	0.999399	-0.0316947	0.120538	0.0331595	0.992155
6.1	0.992616	0.0250359	-0.118685	-0.0302177	0.998658	-0.0420629	0.117473	0.0453387	0.992041
6.13333	0.992886	0.0387987	-0.112572	-0.0449612	0.997596	-0.0527301	0.110255	0.0574163	0.992243
6.16667	0.993544	0.0500481	-0.10181	-0.0564406	0.996546	-0.0609071	0.0984104	0.0662601	0.992938
6.2	0.995039	0.0532847	-0.084007	-0.0590214	0.995982	-0.0673522	0.0800806	0.0719763	0.994186
6.23333	0.996732	0.0516285	-0.0621272	-0.0561447	0.995729	-0.0732889	0.058078	0.0765375	0.995374
6.26667	0.997922	0.0500142	-0.0406191	-0.0531966	0.995255	-0.0814684	0.0363517	0.0834599	0.995848
6.3	0.998589	0.0488186	-0.0208981	-0.0505122	0.994648	-0.0901347	0.016386	0.0910631	0.99571
6.33333	0.998639	0.05153	-0.0080916	-0.0520578	0.994363	-0.0923726	0.00328602	0.0926681	0.995692
6.36667	0.998491	0.0548447	-0.00295852	-0.0548917	0.994585	-0.0882425	-0.00189713	0.0882717	0.996095
6.4	0.998257	0.0589007	-0.003782	-0.0590177	0.995356	-0.0760429	-0.000714542	0.0761335	0.997097
6.43333	0.998064	0.061496	-0.00935046	-0.0619398	0.99636	-0.0585696	0.00571463	0.0590353	0.99824
6.46667	0.997766	0.0633141	-0.0213082	-0.0642095	0.99695	-0.0443525	0.0184351	0.0456216	0.998789
6.5	0.997269	0.0635163	-0.0376853	-0.0648474	0.997274	-0.0352149	0.0353459	0.0375625	0.998669
6.53333	0.996426	0.0636871	-0.0554949	-0.0652489	0.997509	-0.0267989	0.0536499	0.0303241	0.998099
6.56667	0.994729	0.0677849	-0.0769388	-0.0687794	0.997578	-0.0103477	0.076051	0.015585	0.996982
6.6	0.992204	0.0748918	-0.0996116	-0.07415	0.997185	0.0111345	0.100165	-0.00366147	0.994964
6.63333	0.988485	0.0863885	-0.124236	-0.0815688	0.995723	0.043381	0.127452	-0.0327477	0.991304
6.66667	0.983889	0.0998228	-0.148314	-0.0889472	0.992958	0.0782505	0.15508	-0.0637978	0.98584
6.7	0.979138	0.111493	-0.169879	-0.0943108	0.989875	0.106083	0.179987	-0.0878484	0.979738
6.73333	0.974804	0.119163	-0.188568	-0.0971033	0.987742	0.122216	0.20082	-0.100826	0.974426
6.76667	0.971134	0.123154	-0.204284	-0.0977011	0.986643	0.130348	0.217608	-0.106627	0.970195
6.8	0.968412	0.123516	-0.216615	-0.0958226	0.986334	0.134028	0.230209	-0.109037	0.967013
6.83333	0.966684	0.120507	-0.225833	-0.0918871	0.986814	0.13325	0.238912	-0.10806	0.96501
6.86667	0.965961	0.115686	-0.231379	-0.0879052	0.988	0.126999	0.243295	-0.102337	0.964539
6.9	0.966455	0.111406	-0.231414	-0.0865889	0.989609	0.11479	0.241798	-0.0909019	0.966059
6.93333	0.969004	0.108623	-0.221883	-0.0895484	0.991506	0.0943198	0.230243	-0.071527	0.970501
6.96667	0.97322	0.108744	-0.20253	-0.0963071	0.992865	0.0703108	0.208731	-0.0489228	0.976749
7	0.978516	0.108906	-0.175059	-0.102962	0.993768	0.0427167	0.17862	-0.0237747	0.983631
7.03333	0.983206	0.111534	-0.144449	-0.110646	0.993759	0.0141902	0.14513	0.0020308	0.989411
7.06667	0.987136	0.114021	-0.112078	-0.115991	0.993187	-0.0111868	0.110039	0.0240428	0.993636
7.1	0.990123	0.115054	-0.0801167	-0.117893	0.992522	-0.031643	0.0758769	0.0407757	0.996283
7.13333	0.992872	0.107269	-0.0519566	-0.109846	0.992711	-0.0495855	0.0462589	0.0549393	0.997418
7.16667	0.995788	0.0869752	-0.0290055	-0.0889947	0.992997	-0.077699	0.0220445	0.0799531	0.996555
7.2	0.998247	0.0579316	-0.0120924	-0.0589578	0.99121	-0.118432	0.00512516	0.118937	0.992889
7.23333	0.999636	0.0268624	-0.00251663	-0.0269191	0.986771	-0.159868	-0.00181111	0.159878	0.987135
7.26667	0.999994	0.00109881	-0.00337868	-0.00168189	0.984074	-0.177753	0.00312956	0.177757	0.984069
7.3	0.999783	-0.0142091	-0.0152142	0.0115327	0.986484	-0.163454	0.0173311	0.163243	0.986434
7.33333	0.999231	-0.0177328	-0.0349809	0.01306	0.991487	-0.129551	0.0369804	0.128995	0.990955
7.36667	0.998137	-0.0154388	-0.05903	0.00986433	0.995562	-0.0935852	0.0602129	0.0928285	0.99386
7.4	0.996423	-0.0130988	-0.0834815	0.00754855	0.997761	-0.0664573	0.084165	0.0655894	0.994291
7.43333	0.994262	-0.0129162	-0.10619	0.00753864	0.998676	-0.0508877	0.106706	0.0497952	0.993043
7.46667	0.992094	-0.0123453	-0.124888	0.00698659	0.99904	-0.0432555	0.125302	0.042041	0.991228
7.5	0.990194	-0.0113574	-0.139237	0.00553482	0.999097	-0.0421339	0.139589	0.04095	0.989362
7.53333	0.988712	-0.007784	-0.149626	0.00104918	0.998985	-0.0450373	0.149825	0.0443719	0.987716
7.56667	0.987588	0.000734787	-0.157067	-0.0086087	0.998739	-0.0494564	0.156833	0.0501947	0.986349
7.6	0.986874	0.0145678	-0.160836	-0.0235688	0.998252	-0.0541986	0.159765	0.0572779	0.985492
7.63333	0.986295	0.0311936	-0.162016	-0.0415727	0.997267	-0.061072	0.159668	0.0669704	0.984897
7.66667	0.985876	0.0483632	-0.160343	-0.0600525	0.995816	-0.0688739	0.156341	0.0775301	0.984656
7.7	0.98608	0.0623591	-0.154138	-0.0751139	0.994092	-0.0783559	0.148341	0.088843	0.984937
7.73333	0.987476	0.0694914	-0.141639	-0.0828048	0.99246	-0.0903729	0.134291	0.100969	0.985784
7.76667	0.990367	0.0677883	-0.120737	-0.0803017	0.99154	-0.101985	0.112802	0.110698	0.987432
7.8	0.993557	0.061933	-0.0949113	-0.0727412	0.990698	-0.115009	0.0869055	0.121172	0.98882
7.83333	0.995758	0.0587353	-0.0708238	-0.0676312	0.98913	-0.13057	0.0623849	0.134806	0.988906
7.86667	0.997081	0.0574304	-0.0503026	-0.0640632	0.987778	-0.142096	0.0415271	0.144904	0.988574
7.9	0.997422	0.0607815	-0.0381361	-0.0654163	0.988658	-0.135189	0.0294866	0.137336	0.990086
7.93333	0.997357	0.0645638	-0.033314	-0.0681434	0.990339	-0.120765	0.0251951	0.122716	0.992122
7.96667	0.997263	0.0661455	-0.0330248	-0.0693698	0.991664	-0.108581	0.0255674	0.110575	0.993539
8	0.997163	0.0653956	-0.0372637	-0.068735	0.992928	-0.096794	0.0306703	0.0990807	0.994607
8.03333	0.996998	0.0617993	-0.046656	-0.0657671	0.993863	-0.0889394	0.0408733	0.0917408	0.994944
8.06667	0.996632	0.0557022	-0.0601783	-0.0608352	0.994337	-0.0871342	0.0549839	0.0905017	0.994377
8.1	0.995779	0.0510175	-0.0762917	-0.0573625	0.994861	-0.0834305	0.0716432	0.0874547	0.993589
8.13333	0.994043	0.0520203	-0.0957723	-0.0583983	0.996172	-0.0650417	0.0920223	0.0702472	0.993276
8.16667	0.99144	0.0579404	-0.117001	-0.0623791	0.997451	-0.034636	0.114696	0.041638	0.992528
8.2	0.98799	0.067224	-0.139129	-0.0674903	0.997716	0.00280831	0.139	0.00661525	0.99027
8.23333	0.984334	0.0761847	-0.159005	-0.0712286	0.996787	0.036648	0.161286	-0.0247481	0.986597
8.26667	0.981033	0.0816795	-0.175791	-0.072477	0.995673	0.0581582	0.179781	-0.0443143	0.982708
8.3	0.978269	0.0825356	-0.190205	-0.071064	0.995261	0.0663745	0.194782	-0.0514154	0.979498
8.33333	0.975892	0.0812967	-0.202548	-0.0686017	0.995259	0.0689386	0.207193	-0.0533815	0.976843
8.36667	0.974019	0.0792906	-0.212132	-0.06588	0.9954	0.0695674	0.216672	-0.0537848	0.974762
8.4	0.972706	0.0768195	-0.218956	-0.0635745	0.995731	0.0669189	0.223161	-0.0511725	0.973437
8.43333	0.972249	0.0755203	-0.221425	-0.063573	0.996135	0.0606056	0.225147	-0.0448471	0.973292
8.46667	0.972891	0.0755543	-0.218574	-0.066188	0.99656	0.049872	0.22159	-0.0340531	0.974545
8.5	0.974956	0.0781579	-0.208211	-0.072196	0.996737	0.0360929	0.210352	-0.020157	0.977418
8.53333	0.978497	0.0814493	-0.1895	-0.0795146	0.996675	0.0178033	0.190319	-0.00235245	0.981719
8.56667	0.982864	0.0842825	-0.163937	-0.0862305	0.996264	-0.00478953	0.162921	0.0188438	0.986459
8.6	0.987093	0.0848934	-0.135796	-0.0905071	0.995256	-0.0357029	0.132121	0.0475326	0.990093
8.63333	0.990557	0.08547	-0.107202	-0.0931483	0.993274	-0.0687824	0.100602	0.0781185	0.991855
8.66667	0.992952	0.0883094	-0.079037	-0.095622	0.99096	-0.094095	0.070013	0.10099	0.992421
8.7	0.994953	0.0846405	-0.0538983	-0.0901441	0.989885	-0.109553	0.0440805	0.113858	0.992519
8.73333	0.996967	0.0700284	-0.0339578	-0.0738165	0.989094	-0.12745	0.0246623	0.12957	0.991263
8.76667	0.998747	0.0456988	-0.0203783	-0.0483623	0.986113	-0.158875	0.0128349	0.159662	0.987088
8.8	0.999725	0.0178664	-0.0151621	-0.0205264	0.979815	-0.198849	0.0113034	0.199105	0.979913
8.83333	0.999811	-0.00716896	-0.0180774	0.00277456	0.972647	-0.23227	0.0192481	0.232176	0.972483
8.86667	0.999277	-0.0221989	-0.030863	0.014261	0.971412	-0.23697	0.0352412	0.236359	0.971027
8.9	0.998278	-0.025729	-0.052723	0.0140218	0.977293	-0.211428	0.0569657	0.210325	0.975971
8.93333	0.996579	-0.0193744	-0.080342	0.00569466	0.985921	-0.167116	0.0824486	0.166087	0.982658
8.96667	0.99406	-0.0104409	-0.108327	-0.00305608	0.992317	-0.123686	0.108786	0.123283	0.986391
9	0.990995	-0.00265246	-0.133871	-0.0100437	0.995515	-0.0940742	0.13352	0.0945716	0.986523
9.03333	0.987791	0.00318665	-0.15575	-0.0156856	0.996744	-0.079087	0.154991	0.0805645	0.984625
9.06667	0.984762	0.00737487	-0.173753	-0.020719	0.99696	-0.0751115	0.172671	0.0775669	0.981921
9.1	0.98218	0.0120928	-0.187553	-0.0266378	0.996811	-0.0752263	0.186045	0.0788818	0.97937
9.13333	0.980149	0.0194411	-0.197306	-0.0352842	0.996399	-0.0771024	0.195096	0.0825336	0.977305
9.16667	0.978773	0.0291581	-0.202861	-0.0467767	0.995484	-0.0826053	0.199536	0.0903411	0.975717
9.2	0.977899	0.0432579	-0.204555	-0.0620152	0.994346	-0.0861928	0.19967	0.0969733	0.975053
9.23333	0.977655	0.0584528	-0.201923	-0.0777816	0.992977	-0.0891497	0.195294	0.102864	0.975335
9.26667	0.97829	0.071899	-0.194368	-0.0916311	0.991299	-0.094503	0.185882	0.110261	0.976366
9.3	0.980247	0.0814691	-0.180218	-0.101047	0.989613	-0.102254	0.170016	0.118445	0.978297
9.33333	0.983774	0.0842867	-0.158384	-0.103008	0.98813	-0.113965	0.146898	0.12843	0.980779
9.36667	0.987953	0.0822023	-0.131115	-0.0992276	0.986655	-0.1291	0.118753	0.140555	0.982925
9.4	0.991459	0.0795637	-0.103334	-0.0944445	0.98444	-0.148181	0.0899368	0.156675	0.983547
9.43333	0.993998	0.0770254	-0.0776861	-0.0890622	0.982134	-0.165775	0.0635293	0.171699	0.983099
9.46667	0.995012	0.0793078	-0.0605072	-0.0885835	0.981386	-0.170394	0.0458673	0.174904	0.983516
9.5	0.995143	0.0823229	-0.0539806	-0.0900869	0.982637	-0.162203	0.0396903	0.166278	0.98528
9.53333	0.994937	0.084454	-0.0544728	-0.0917358	0.984559	-0.149092	0.0410402	0.153334	0.987322
9.56667	0.994826	0.0830576	-0.0585066	-0.0906017	0.985853	-0.141016	0.0459664	0.145587	0.988277
9.6	0.994463	0.0804378	-0.0676248	-0.0888975	0.987099	-0.133164	0.056041	0.138438	0.988784
9.63333	0.994078	0.0741099	-0.0794811	-0.0839907	0.988056	-0.129195	0.0689571	0.135106	0.988429
9.66667	0.993009	0.069187	-0.0956323	-0.0804352	0.989599	-0.119265	0.0863861	0.126123	0.988246
9.7	0.991251	0.0663106	-0.114123	-0.0782062	0.991589	-0.103127	0.106324	0.11115	0.9881
9.73333	0.988618	0.0672073	-0.134605	-0.0783308	0.993783	-0.079118	0.128451	0.0887612	0.987736
9.76667	0.984991	0.0724004	-0.156684	-0.080807	0.995575	-0.0479573	0.152519	0.0598987	0.986484
9.8	0.980615	0.0805243	-0.178634	-0.0843146	0.996345	-0.0137162	0.176877	0.0285118	0.98382
9.83333	0.97588	0.0895817	-0.199082	-0.0878055	0.995979	0.0177509	0.199872	0.00015783	0.979822
9.86667	0.971486	0.0958454	-0.216861	-0.0892571	0.995205	0.0399972	0.219655	-0.0195004	0.975383
9.9	0.967416	0.101491	-0.231959	-0.0905769	0.994242	0.057258	0.236435	-0.0343822	0.971039
9.93333	0.964366	0.104181	-0.243195	-0.0905179	0.993657	0.0667291	0.248605	-0.0423377	0.967679
9.96667	0.962507	0.104422	-0.250351	-0.089676	0.993534	0.0696349	0.256004	-0.0445736	0.965648
10	0.962036	0.102174	-0.253075	-0.0886105	0.993979	0.0644581	0.258138	-0.0395858	0.965297
10.0333	0.96281	0.0991003	-0.251348	-0.0889027	0.994701	0.0516364	0.255133	-0.0273706	0.966519
10.0667	0.965732	0.0958625	-0.241189	-0.090592	0.995345	0.0328735	0.243218	-0.00989718	0.969921
10.1	0.969397	0.0967524	-0.225629	-0.0966864	0.99525	0.0113699	0.225657	0.0107933	0.974147
10.1333	0.974343	0.0992866	-0.201983	-0.104439	0.994418	-0.0149862	0.199368	0.0356966	0.979274
10.1667	0.980075	0.101359	-0.170821	-0.110728	0.992775	-0.0462219	0.164902	0.0642156	0.984217
10.2	0.985298	0.10084	-0.137908	-0.112725	0.990298	-0.0812636	0.128375	0.0956146	0.987106
10.2333	0.989562	0.0996068	-0.104146	-0.111124	0.987547	-0.111364	0.091756	0.121775	0.988307
10.2667	0.993243	0.0926437	-0.0698941	-0.101988	0.984193	-0.144786	0.0553758	0.150936	0.986991
10.3	0.995853	0.0818013	-0.0398124	-0.0873187	0.982264	-0.16593	0.025533	0.168719	0.985333
10.3333	0.998058	0.0599083	-0.0170838	-0.0620379	0.980773	-0.185028	0.0056706	0.185729	0.982585
10.3667	0.999505	0.0313519	-0.00252194	-0.0311605	0.976104	-0.215059	-0.00428082	0.215031	0.976598
10.4	0.999985	0.00534487	0.00090095	-0.00496853	0.970325	-0.241752	-0.00216635	0.241744	0.970338
10.4333	0.999903	-0.0124319	-0.00621306	0.0104565	0.967427	-0.252933	0.00915512	0.252844	0.967464
10.4667	0.999549	-0.0201114	-0.0222869	0.0141435	0.970346	-0.241306	0.026479	0.240882	0.970193
10.5	0.99864	-0.0184274	-0.0487789	0.00780007	0.97774	-0.209676	0.0515568	0.20901	0.976553
10.5333	0.996873	-0.00880531	-0.0785327	-0.004634	0.985549	-0.169325	0.0788888	0.16916	0.982426
10.5667	0.994135	0.00262055	-0.108117	-0.0174932	0.990438	-0.136843	0.106725	0.137932	0.984675
10.6	0.990458	0.0137561	-0.137129	-0.0292202	0.993346	-0.111404	0.134684	0.114348	0.984269
10.6333	0.986502	0.0211252	-0.162382	-0.0389116	0.993481	-0.107148	0.15906	0.11202	0.980893
10.6667	0.98215	0.02918	-0.18582	-0.0507922	0.992338	-0.112631	0.18111	0.120059	0.976107
