0	0.996713	-0.041522	-0.0695664	0.0423929	0.999039	0.0110891	0.0690391	-0.0140018	0.997516
0.0333333	0.198027	0.777149	0.597348	-0.979713	0.176066	0.0957229	-0.0307819	-0.604186	0.796249
0.0666667	0.24897	0.763761	0.595553	-0.869583	-0.0944604	0.484668	0.426427	-0.63855	0.640636
0.1	0.273306	0.769598	0.577081	-0.788282	-0.164629	0.592882	0.551285	-0.616941	0.561666
0.133333	0.281151	0.779761	0.559398	-0.759384	-0.175637	0.626488	0.586762	-0.600936	0.542758
0.166667	0.285737	0.789841	0.542684	-0.748497	-0.16968	0.641062	0.59842	-0.589372	0.54271
0.2	0.289098	0.799698	0.526218	-0.742473	-0.159676	0.650566	0.604281	-0.57878	0.547593
0.233333	0.292149	0.809173	0.509793	-0.737676	-0.148594	0.6586	0.608674	-0.568471	0.553495
0.266667	0.295122	0.818005	0.493732	-0.733346	-0.137313	0.665844	0.61246	-0.558581	0.559357
0.3	0.297675	0.826418	0.477936	-0.729473	-0.126048	0.672296	0.61584	-0.548767	0.565328
0.333333	0.300241	0.834355	0.462286	-0.725702	-0.114722	0.678377	0.619042	-0.539158	0.571048
0.366667	0.302624	0.841753	0.447069	-0.722224	-0.10356	0.683863	0.621942	-0.529837	0.576595
0.4	0.305048	0.84858	0.432271	-0.71905	-0.0923884	0.68879	0.62443	-0.520938	0.581988
0.433333	0.30778	0.85486	0.417715	-0.71545	-0.0814748	0.693897	0.627218	-0.512422	0.586534
0.466667	0.30957	0.860902	0.40375	-0.712505	-0.0711662	0.698049	0.629685	-0.503769	0.591366
0.5	0.311624	0.86652	0.389915	-0.709679	-0.0606255	0.701912	0.631859	-0.495447	0.596059
0.533333	0.313693	0.871696	0.376487	-0.706359	-0.0507433	0.706033	0.63455	-0.487412	0.599813
0.566667	0.315686	0.876599	0.363204	-0.7031	-0.040935	0.709912	0.637175	-0.479478	0.603414
0.6	0.31738	0.881194	0.35038	-0.700282	-0.031353	0.713178	0.639434	-0.471713	0.607133
0.633333	0.319181	0.885466	0.337748	-0.697393	-0.0218565	0.716355	0.64169	-0.46419	0.610542
0.666667	0.320723	0.889487	0.325499	-0.694303	-0.0129733	0.719566	0.644267	-0.456776	0.613413
0.7	0.322413	0.893186	0.313479	-0.691118	-0.00418167	0.72273	0.646843	-0.449669	0.615948
0.733333	0.323521	0.896865	0.301608	-0.688198	0.00426729	0.72551	0.649397	-0.442284	0.618601
0.766667	0.324948	0.900154	0.290054	-0.685222	0.0127065	0.728223	0.651827	-0.435386	0.620935
0.8	0.326044	0.903275	0.278909	-0.682761	0.0209357	0.730342	0.65386	-0.428552	0.623547
0.833333	0.32722	0.906103	0.268151	-0.68067	0.0291797	0.732009	0.65545	-0.422051	0.626305
0.866667	0.328309	0.908721	0.257759	-0.677761	0.0365614	0.734372	0.657915	-0.415801	0.627899
0.9	0.329378	0.911141	0.247653	-0.675659	0.0442335	0.735886	0.659541	-0.409713	0.63019
0.933333	0.330438	0.913366	0.23785	-0.67384	0.0518447	0.737056	0.660871	-0.403825	0.632594
0.966667	0.331332	0.91547	0.228328	-0.67198	0.0590902	0.738208	0.662315	-0.398024	0.634756
1	0.332177	0.917425	0.219064	-0.670113	0.066098	0.73931	0.663782	-0.39238	0.636735
1.03333	0.333024	0.919212	0.210105	-0.668047	0.0727591	0.740554	0.665439	-0.386982	0.638307
1.06667	0.333748	0.920847	0.201624	-0.666447	0.0792265	0.741331	0.666679	-0.381789	0.640138
1.1	0.334628	0.922343	0.193154	-0.664651	0.0857034	0.742222	0.668029	-0.376748	0.641715
1.13333	0.335282	0.923814	0.184807	-0.662494	0.0917191	0.743431	0.669842	-0.371692	0.642773
1.16667	0.335924	0.925156	0.176754	-0.660576	0.097638	0.744383	0.671413	-0.366815	0.643934
1.2	0.336237	0.926512	0.168879	-0.658839	0.103273	0.745161	0.672961	-0.361814	0.645147
1.23333	0.336936	0.92764	0.161115	-0.656957	0.109052	0.745999	0.674449	-0.3572	0.646163
1.26667	0.337296	0.928736	0.153888	-0.655365	0.114303	0.746614	0.675817	-0.352683	0.647214
1.3	0.337838	0.929683	0.146817	-0.653792	0.119588	0.747165	0.677069	-0.348408	0.64822
1.33333	0.338343	0.930588	0.139752	-0.651958	0.124718	0.747928	0.678583	-0.344169	0.648902
1.36667	0.33894	0.93137	0.132923	-0.650359	0.12986	0.748444	0.679818	-0.340126	0.64974
1.4	0.339253	0.932145	0.126544	-0.649068	0.134583	0.748731	0.680895	-0.336145	0.650683
1.43333	0.339799	0.932723	0.120681	-0.647683	0.139031	0.749118	0.681941	-0.332712	0.651352
1.46667	0.340728	0.933112	0.11492	-0.646248	0.143675	0.749481	0.682838	-0.329636	0.651975
1.5	0.341243	0.933564	0.109599	-0.645022	0.147754	0.749744	0.68374	-0.326538	0.652589
1.53333	0.342026	0.933833	0.104758	-0.643666	0.151598	0.750142	0.684626	-0.323997	0.652927
1.56667	0.342674	0.934056	0.100567	-0.642542	0.154931	0.750424	0.685357	-0.321769	0.653261
1.6	0.343477	0.934171	0.0966829	-0.641935	0.158382	0.750223	0.685524	-0.319749	0.654078
1.63333	0.344419	0.934179	0.0931916	-0.641212	0.161571	0.750162	0.685728	-0.318125	0.654655
1.66667	0.345119	0.934222	0.0901259	-0.640148	0.164079	0.750525	0.686369	-0.316715	0.654667
1.7	0.346015	0.934126	0.0876449	-0.638807	0.166141	0.751214	0.687167	-0.315919	0.654214
1.73333	0.346809	0.93401	0.0857215	-0.637962	0.167908	0.751539	0.687552	-0.315327	0.654095
1.76667	0.347807	0.933758	0.0844199	-0.636946	0.169254	0.752099	0.68799	-0.315356	0.653621
1.8	0.348505	0.93358	0.0835068	-0.635981	0.170081	0.752728	0.688529	-0.315438	0.653013
1.83333	0.349056	0.933427	0.0829078	-0.635425	0.170731	0.753051	0.688763	-0.315539	0.652718
1.86667	0.349898	0.933142	0.0825678	-0.634683	0.171309	0.753546	0.68902	-0.316069	0.65219
1.9	0.350613	0.932879	0.0825046	-0.634634	0.171884	0.753456	0.688702	-0.316531	0.652302
1.93333	0.351506	0.93251	0.082879	-0.634542	0.172223	0.753456	0.688331	-0.317434	0.652254
1.96667	0.352794	0.931962	0.0835622	-0.634756	0.172757	0.753153	0.687475	-0.318749	0.652516
2	0.353719	0.931494	0.0848682	-0.635113	0.172577	0.752893	0.686669	-0.320213	0.652648
2.03333	0.355116	0.930812	0.0864969	-0.635431	0.172484	0.752647	0.685653	-0.322239	0.652718
2.06667	0.35645	0.930092	0.0887238	-0.635891	0.171928	0.752385	0.684533	-0.324607	0.652721
2.1	0.357946	0.929256	0.0914193	-0.636163	0.171031	0.75236	0.6835	-0.327461	0.652378
2.13333	0.360016	0.928144	0.0945342	-0.636101	0.170078	0.752628	0.682469	-0.331091	0.651624
2.16667	0.362127	0.926923	0.0983781	-0.636011	0.168551	0.753048	0.681435	-0.335269	0.65057
2.2	0.364572	0.925456	0.103051	-0.63673	0.167008	0.752784	0.679458	-0.340059	0.650151
2.23333	0.366997	0.923845	0.108735	-0.637979	0.164906	0.75219	0.676976	-0.345422	0.649913
2.26667	0.369393	0.92209	0.115324	-0.639988	0.162454	0.751015	0.673769	-0.351226	0.650136
2.3	0.372148	0.920021	0.12275	-0.641791	0.159525	0.750104	0.67053	-0.35793	0.649828
2.33333	0.375063	0.917717	0.130854	-0.64341	0.156096	0.749438	0.667347	-0.365279	0.649015
2.36667	0.377752	0.915286	0.139837	-0.645037	0.151796	0.748923	0.664252	-0.373108	0.647735
2.4	0.380565	0.912536	0.149828	-0.647375	0.147198	0.747822	0.66036	-0.381589	0.646772
2.43333	0.383102	0.909658	0.160486	-0.649315	0.141632	0.747215	0.65698	-0.390466	0.644914
2.46667	0.384892	0.90676	0.172176	-0.651082	0.134526	0.746991	0.654179	-0.399611	0.642153
2.5	0.387741	0.903171	0.184227	-0.6509	0.12676	0.748506	0.652676	-0.41014	0.637024
2.53333	0.39016	0.89935	0.197347	-0.652492	0.118839	0.748419	0.649638	-0.42077	0.633185
2.56667	0.392072	0.895491	0.210654	-0.652177	0.109071	0.750179	0.648802	-0.431508	0.626783
2.6	0.393222	0.891758	0.22393	-0.649401	0.0969569	0.75424	0.650888	-0.442004	0.617234
2.63333	0.39334	0.887883	0.238636	-0.647521	0.0832687	0.757485	0.652687	-0.452471	0.607676
2.66667	0.394314	0.88274	0.255514	-0.648677	0.0704108	0.757799	0.650949	-0.464557	0.600377
2.7	0.394644	0.87709	0.273805	-0.649034	0.0551667	0.758756	0.650393	-0.477147	0.591033
2.73333	0.396376	0.87029	0.29237	-0.648761	0.0401848	0.759931	0.649612	-0.490897	0.580539
2.76667	0.3979	0.863165	0.310839	-0.649911	0.0260641	0.759563	0.647527	-0.504248	0.571352
2.8	0.400691	0.854921	0.329479	-0.653458	0.0145957	0.756822	0.642214	-0.518553	0.564503
2.83333	0.404416	0.845241	0.349305	-0.662316	0.0072826	0.749189	0.630702	-0.534335	0.562762
2.86667	0.409047	0.834244	0.369753	-0.671545	0.000863007	0.740963	0.617825	-0.551395	0.560585
2.9	0.41345	0.822726	0.390104	-0.679783	-0.00612774	0.733388	0.605768	-0.568406	0.556741
2.93333	0.417124	0.811143	0.409945	-0.688657	-0.0122645	0.724984	0.593093	-0.58472	0.553483
2.96667	0.420038	0.800295	0.427898	-0.697304	-0.0171498	0.716571	0.580806	-0.599361	0.550845
3	0.420063	0.79162	0.443717	-0.703665	-0.0246347	0.710104	0.573064	-0.610517	0.546688
3.03333	0.420504	0.783721	0.457119	-0.709455	-0.0300274	0.70411	0.565552	-0.620387	0.543389
3.06667	0.415575	0.779208	0.469183	-0.717648	-0.0360214	0.695474	0.55882	-0.625729	0.544227
3.1	0.399215	0.78121	0.479936	-0.730261	-0.0455901	0.681645	0.554388	-0.622602	0.552287
3.13333	0.370866	0.791026	0.486557	-0.743404	-0.0611413	0.666042	0.556605	-0.60872	0.565376
3.16667	0.33383	0.806684	0.487666	-0.75912	-0.0766363	0.646424	0.558833	-0.585993	0.586787
3.2	0.292684	0.825034	0.483378	-0.776015	-0.0904173	0.6242	0.558692	-0.557802	0.613775
3.23333	0.246497	0.845713	0.473295	-0.796823	-0.101126	0.595691	0.551646	-0.523968	0.648956
3.26667	0.191228	0.86873	0.45688	-0.828253	-0.106963	0.55005	0.526714	-0.483597	0.699075
3.3	0.126637	0.892667	0.432561	-0.872367	-0.107345	0.47692	0.472164	-0.437747	0.76514
3.33333	0.0748957	0.910467	0.406744	-0.918805	-0.0955121	0.382981	0.387541	-0.402402	0.829388
3.36667	0.0842775	0.911227	0.40319	-0.954563	-0.0422423	0.294999	0.285842	-0.409732	0.866264
3.4	0.14262	0.889792	0.433509	-0.972984	0.045699	0.226304	0.181552	-0.454073	0.872271
3.43333	0.194675	0.851577	0.486742	-0.977243	0.125766	0.170821	0.084252	-0.50892	0.856681
3.46667	0.232356	0.800257	0.55281	-0.972109	0.172466	0.158932	0.0318456	-0.57432	0.818011
3.5	0.251461	0.743136	0.620094	-0.967269	0.170428	0.188003	0.0340299	-0.647073	0.761668
3.53333	0.261309	0.682276	0.682801	-0.963051	0.136505	0.232161	0.065192	-0.718238	0.692737
3.56667	0.269448	0.617946	0.738607	-0.95687	0.0852854	0.277718	0.108622	-0.781581	0.614274
3.6	0.267971	0.557984	0.785395	-0.949406	0.0143711	0.313721	0.163764	-0.829727	0.533604
3.63333	0.248406	0.510829	0.823012	-0.940087	-0.0776932	0.331965	0.23352	-0.856165	0.460924
3.66667	0.196256	0.486731	0.851221	-0.925663	-0.194407	0.324582	0.323467	-0.851645	0.412395
3.7	0.122853	0.482164	0.867424	-0.899655	-0.314877	0.302445	0.41896	-0.817539	0.395098
3.73333	0.0508477	0.488528	0.871066	-0.864246	-0.415568	0.283517	0.500493	-0.767231	0.401078
3.76667	0.0463988	0.490987	0.86993	-0.81059	-0.490431	0.320033	0.583773	-0.720006	0.375234
3.8	0.107013	0.487144	0.866741	-0.755759	-0.526587	0.389274	0.646047	-0.696704	0.311812
3.83333	0.145217	0.489935	0.859579	-0.730514	-0.532842	0.427117	0.667279	-0.689959	0.280527
3.86667	0.12298	0.505177	0.854208	-0.750522	-0.515812	0.413103	0.649301	-0.691906	0.315712
3.9	0.0556891	0.527959	0.847442	-0.7752	-0.512054	0.369953	0.629256	-0.67754	0.380758
3.93333	0.0397408	0.535932	0.843325	-0.797507	-0.491472	0.349911	0.601999	-0.686464	0.407878
3.96667	0.0526113	0.533757	0.844	-0.819742	-0.459595	0.341753	0.570311	-0.709843	0.413363
4	0.0604587	0.529844	0.845938	-0.831988	-0.441488	0.335983	0.55149	-0.724123	0.414132
4.03333	0.0656323	0.525977	0.847963	-0.829675	-0.443358	0.339225	0.554376	-0.725797	0.407291
4.06667	0.0744173	0.523709	0.84864	-0.826183	-0.444198	0.346569	0.558466	-0.726923	0.399624
4.1	0.0904565	0.522612	0.847759	-0.830924	-0.429641	0.353518	0.548984	-0.736401	0.395386
4.13333	0.10683	0.52279	0.845741	-0.830335	-0.420991	0.365117	0.546929	-0.741254	0.389116
4.16667	0.123482	0.525878	0.841549	-0.823727	-0.418587	0.382438	0.553377	-0.740431	0.381492
4.2	0.140035	0.531349	0.835499	-0.814988	-0.417347	0.402015	0.562303	-0.737218	0.3746
4.23333	0.156149	0.536173	0.82954	-0.810356	-0.410649	0.417961	0.564749	-0.737486	0.370368
4.26667	0.172226	0.539827	0.823969	-0.809245	-0.399399	0.430817	0.561659	-0.74099	0.368066
4.3	0.188944	0.542473	0.81855	-0.806334	-0.390049	0.44462	0.560469	-0.744033	0.363717
4.33333	0.205667	0.543469	0.813844	-0.803124	-0.38146	0.457689	0.559189	-0.74775	0.35802
4.36667	0.222124	0.543298	0.809622	-0.802148	-0.370215	0.468507	0.554273	-0.753504	0.353572
4.4	0.237418	0.543284	0.80528	-0.802144	-0.357925	0.477969	0.547903	-0.759429	0.350814
4.43333	0.254271	0.54393	0.799679	-0.799534	-0.346994	0.490245	0.544143	-0.764026	0.346661
4.46667	0.270901	0.545283	0.793271	-0.795896	-0.336651	0.503206	0.541445	-0.76768	0.34279
4.5	0.288469	0.54502	0.787235	-0.794996	-0.321893	0.514166	0.533637	-0.774169	0.340432
4.53333	0.304677	0.5438	0.781955	-0.794837	-0.307188	0.523326	0.524792	-0.780972	0.338639
4.56667	0.318912	0.543378	0.776553	-0.790891	-0.298935	0.533975	0.522289	-0.78446	0.334419
4.6	0.3306	0.545319	0.77028	-0.78279	-0.297485	0.546573	0.527203	-0.783665	0.328522
4.63333	0.338539	0.5468	0.765768	-0.779163	-0.29336	0.553936	0.527538	-0.784187	0.326733
4.66667	0.338048	0.546655	0.766088	-0.787893	-0.280821	0.548055	0.514731	-0.788865	0.335775
4.7	0.319626	0.551082	0.77081	-0.80295	-0.274396	0.52913	0.503101	-0.788045	0.354787
4.73333	0.281133	0.562889	0.777252	-0.819374	-0.280841	0.499755	0.499591	-0.777357	0.382263
4.76667	0.23473	0.577266	0.78209	-0.835131	-0.291977	0.46616	0.497451	-0.76257	0.413557
4.8	0.190064	0.589824	0.784846	-0.853217	-0.296246	0.429255	0.485692	-0.75123	0.446942
4.83333	0.145815	0.600435	0.786267	-0.876764	-0.28973	0.383851	0.458283	-0.745342	0.484192
4.86667	0.0951034	0.608719	0.787666	-0.90501	-0.276695	0.323105	0.414623	-0.743573	0.524582
4.9	0.0437716	0.610293	0.790966	-0.941086	-0.24055	0.237683	0.335323	-0.754771	0.563808
4.93333	0.034508	0.588481	0.807774	-0.972142	-0.167733	0.163726	0.23184	-0.790921	0.566299
4.96667	0.0594305	0.537718	0.841027	-0.989381	-0.0802177	0.121202	0.132638	-0.8393	0.527241
5	0.0877682	0.464632	0.881144	-0.994754	-0.00578089	0.102133	0.0525479	-0.885485	0.461687
5.03333	0.112531	0.377723	0.919055	-0.993608	0.0344394	0.107505	0.00895549	-0.925278	0.379184
5.06667	0.119689	0.294426	0.94815	-0.992604	0.0159781	0.120339	0.0202812	-0.955541	0.294161
5.1	0.123175	0.219018	0.967915	-0.989634	-0.0454709	0.136227	0.0738482	-0.974661	0.211146
5.13333	0.121681	0.157637	0.979972	-0.980052	-0.137221	0.143764	0.157135	-0.977917	0.137796
5.16667	0.118142	0.112098	0.986649	-0.961626	-0.23486	0.141829	0.247623	-0.965544	0.0800493
5.2	0.100865	0.0830098	0.991431	-0.941492	-0.314147	0.122087	0.321589	-0.945738	0.0464666
5.23333	0.0631529	0.070789	0.99549	-0.926339	-0.367008	0.0848638	0.37136	-0.92752	0.0423969
5.26667	0.0348294	0.0655827	0.997239	-0.916341	-0.396167	0.0580576	0.398881	-0.915833	0.0462979
5.3	0.00454862	0.0740237	0.997246	-0.903194	-0.427732	0.0358694	0.429209	-0.900869	0.0649121
5.33333	-0.0317354	0.0963223	0.994844	-0.881169	-0.472472	0.0176363	0.471735	-0.876066	0.0998703
5.36667	-0.0382841	0.121654	0.991834	-0.846221	-0.531836	0.0325692	0.531456	-0.838063	0.123307
5.4	0.0145132	0.141251	0.989867	-0.803285	-0.587862	0.0956638	0.595419	-0.796534	0.104933
5.43333	0.0447102	0.168178	0.984742	-0.791799	-0.595085	0.137581	0.609144	-0.785869	0.106557
5.46667	0.0224116	0.201009	0.979333	-0.811672	-0.56825	0.135208	0.583684	-0.797927	0.150418
5.5	-0.0237713	0.233231	0.972131	-0.80341	-0.583154	0.120263	0.594951	-0.778161	0.201242
5.53333	-0.022835	0.248373	0.968395	-0.82951	-0.545378	0.120318	0.558025	-0.800546	0.218482
5.56667	-0.0103225	0.258047	0.966077	-0.85346	-0.505707	0.125959	0.521056	-0.823208	0.225453
5.6	-0.00170885	0.268681	0.963228	-0.855083	-0.499816	0.137901	0.518488	-0.823404	0.230599
5.63333	0.00739385	0.280993	0.959681	-0.847165	-0.508126	0.155305	0.531279	-0.814156	0.23429
5.66667	0.0265558	0.293248	0.955668	-0.847841	-0.499857	0.176941	0.529585	-0.814953	0.235353
5.7	0.0492218	0.307092	0.950406	-0.851509	-0.484438	0.20063	0.522024	-0.819155	0.237647
5.73333	0.0694036	0.323709	0.943608	-0.848334	-0.478538	0.226561	0.524892	-0.816219	0.241401
5.76667	0.088783	0.34203	0.935485	-0.84266	-0.474969	0.253631	0.531076	-0.810814	0.246046
5.8	0.108327	0.360135	0.92659	-0.837083	-0.469734	0.280433	0.536244	-0.806011	0.250578
5.83333	0.127753	0.376754	0.917461	-0.833319	-0.460848	0.305283	0.537827	-0.803539	0.255082
5.86667	0.147149	0.391341	0.908405	-0.832056	-0.447609	0.327611	0.534817	-0.804052	0.259752
5.9	0.166315	0.403864	0.899574	-0.829987	-0.435232	0.348847	0.532411	-0.804653	0.262816
5.93333	0.18349	0.415761	0.890771	-0.826581	-0.425207	0.368731	0.532067	-0.803953	0.265639
5.96667	0.199809	0.426327	0.882225	-0.822731	-0.416006	0.387365	0.532156	-0.803234	0.267631
6	0.216899	0.435772	0.873532	-0.819526	-0.404916	0.405487	0.530407	-0.803832	0.269301
6.03333	0.234221	0.444313	0.864712	-0.816738	-0.392529	0.422918	0.527332	-0.805299	0.270949
6.06667	0.250527	0.451308	0.85648	-0.815793	-0.377937	0.437773	0.521266	-0.808384	0.27349
6.1	0.266136	0.457681	0.848351	-0.814186	-0.364401	0.45201	0.516016	-0.811012	0.275657
6.13333	0.281243	0.465233	0.839321	-0.808365	-0.356487	0.468469	0.517155	-0.810231	0.275819
6.16667	0.295336	0.471106	0.831165	-0.804576	-0.346497	0.482284	0.515203	-0.811171	0.276707
6.2	0.306449	0.475534	0.824594	-0.801906	-0.337771	0.492806	0.512871	-0.812267	0.277824
6.23333	0.312885	0.479271	0.820001	-0.800808	-0.331098	0.49908	0.510696	-0.812818	0.280208
6.26667	0.308109	0.482986	0.81963	-0.807653	-0.322501	0.493649	0.502757	-0.814074	0.29072
6.3	0.290086	0.487049	0.823792	-0.823108	-0.312153	0.474399	0.488205	-0.815686	0.310343
6.33333	0.254431	0.493712	0.831573	-0.844166	-0.306162	0.440055	0.471856	-0.813949	0.338878
6.36667	0.205485	0.501101	0.840639	-0.868835	-0.301949	0.392368	0.450446	-0.811002	0.373329
6.4	0.149416	0.504904	0.850145	-0.89636	-0.293778	0.332014	0.41739	-0.811644	0.40868
6.43333	0.0891525	0.50527	0.858344	-0.927231	-0.272598	0.256774	0.363723	-0.818775	0.444199
6.46667	0.0259907	0.499755	0.865777	-0.958347	-0.233954	0.163816	0.28442	-0.833973	0.472858
6.5	-0.00056372	0.47368	0.880697	-0.985177	-0.151337	0.0807656	0.171539	-0.867597	0.466744
6.53333	0.0152987	0.41796	0.908337	-0.997734	-0.05315	0.0412607	0.0655234	-0.90691	0.416199
6.56667	0.0398089	0.340585	0.939371	-0.999028	0.031353	0.0309695	-0.0189044	-0.939691	0.341502
6.6	0.0622092	0.250841	0.966027	-0.996457	0.0704972	0.0458632	-0.0565978	-0.965458	0.254338
6.63333	0.0725423	0.164476	0.98371	-0.996402	0.0552883	0.064234	-0.0438227	-0.98483	0.167895
6.66667	0.084251	0.0883364	0.992521	-0.996398	-0.00219113	0.0847751	0.00966346	-0.996088	0.0878336
6.7	0.0837644	0.0300055	0.996034	-0.992718	-0.0843283	0.0860259	0.0865751	-0.995986	0.0227232
6.73333	0.0793514	-0.0103169	0.996793	-0.980603	-0.180587	0.0761935	0.179222	-0.983505	-0.0244467
6.76667	0.0537462	-0.0292357	0.998127	-0.960623	-0.274399	0.0436895	0.272608	-0.961171	-0.0428324
6.8	0.00117302	-0.0286669	0.999588	-0.934519	-0.355797	-0.00910714	0.355912	-0.934123	-0.0272071
6.83333	-0.0415732	-0.0189943	0.998955	-0.907084	-0.41846	-0.0457066	0.418891	-0.908037	0.00016726
6.86667	-0.0567275	0.000324467	0.99839	-0.878235	-0.475635	-0.0497458	0.474853	-0.879642	0.0272666
6.9	-0.0163235	0.0231696	0.999598	-0.832327	-0.554284	-0.000744253	0.554044	-0.832005	0.0283325
6.93333	0.0301107	0.0534728	0.998115	-0.796781	-0.601643	0.0562692	0.603518	-0.796973	0.0244902
6.96667	0.0495162	0.0841404	0.995223	-0.79875	-0.594888	0.0900353	0.599622	-0.799393	0.0377505
7	-0.00146782	0.122951	0.992412	-0.834068	-0.547625	0.0666124	0.551659	-0.827641	0.103354
7.03333	-0.0530064	0.15688	0.986194	-0.843748	-0.535262	0.0397973	0.534115	-0.82999	0.16074
7.06667	-0.05066	0.170651	0.984028	-0.856306	-0.514492	0.0451388	0.513978	-0.840343	0.172193
7.1	-0.0365505	0.179052	0.98316	-0.879119	-0.473583	0.0535657	0.475199	-0.862357	0.174718
7.13333	-0.0236925	0.187418	0.981994	-0.879194	-0.471474	0.0687709	0.475874	-0.861734	0.175947
7.16667	-0.0104281	0.198409	0.980064	-0.866073	-0.491689	0.0903246	0.499808	-0.847865	0.176964
7.2	0.00825499	0.210115	0.977642	-0.860798	-0.496044	0.113878	0.508881	-0.842492	0.176772
7.23333	0.0289751	0.222322	0.974543	-0.863026	-0.486338	0.136607	0.504328	-0.845014	0.177778
7.26667	0.0488302	0.235656	0.970609	-0.862149	-0.4807	0.160084	0.504296	-0.844626	0.179698
7.3	0.0676438	0.250977	0.965627	-0.856928	-0.481067	0.185064	0.510978	-0.839991	0.182528
7.33333	0.0863224	0.266466	0.959971	-0.853616	-0.477058	0.209179	0.513701	-0.837503	0.186279
7.36667	0.105103	0.280603	0.954052	-0.853764	-0.466485	0.231256	0.509942	-0.838841	0.19054
7.4	0.122902	0.2938	0.947933	-0.852833	-0.4572	0.252276	0.507514	-0.839434	0.194371
7.43333	0.138948	0.307197	0.941448	-0.850637	-0.449746	0.272298	0.507061	-0.838665	0.198822
7.46667	0.153674	0.320089	0.934841	-0.847867	-0.443144	0.291109	0.50745	-0.837357	0.203293
7.5	0.170072	0.331713	0.927924	-0.845198	-0.435054	0.310432	0.506671	-0.837075	0.206373
7.53333	0.186756	0.342582	0.920739	-0.84227	-0.426581	0.329559	0.505671	-0.837058	0.20888
7.56667	0.202447	0.353481	0.913272	-0.83959	-0.417393	0.347666	0.504087	-0.837158	0.212279
7.6	0.218677	0.362732	0.905873	-0.838994	-0.404142	0.36436	0.498266	-0.839699	0.215954
7.63333	0.235122	0.37009	0.89875	-0.839557	-0.388595	0.379654	0.489756	-0.843817	0.219344
7.66667	0.251041	0.37537	0.892231	-0.840154	-0.373294	0.393437	0.480749	-0.84838	0.221656
7.7	0.267651	0.378343	0.886126	-0.840263	-0.358404	0.406823	0.471509	-0.853466	0.22198
7.73333	0.282469	0.379975	0.880812	-0.838296	-0.348594	0.419216	0.466337	-0.856797	0.220065
7.76667	0.293795	0.380682	0.876793	-0.836163	-0.342103	0.428714	0.463158	-0.859096	0.217804
7.8	0.298946	0.380465	0.875144	-0.838649	-0.332811	0.431168	0.455302	-0.862834	0.219584
7.83333	0.29178	0.380567	0.877515	-0.847372	-0.322688	0.421702	0.443649	-0.866626	0.228328
7.86667	0.266757	0.381206	0.885168	-0.8631	-0.314179	0.395411	0.428834	-0.869467	0.245209
7.9	0.220119	0.378198	0.899174	-0.88851	-0.302719	0.344834	0.402613	-0.87483	0.269399
7.93333	0.15728	0.366971	0.91684	-0.921765	-0.278637	0.26965	0.354419	-0.887521	0.294437
7.96667	0.0879474	0.344465	0.93467	-0.955445	-0.236238	0.176966	0.281763	-0.90859	0.308341
8	0.014141	0.313394	0.949518	-0.982679	-0.171126	0.0711161	0.184775	-0.934077	0.305546
8.03333	-0.0487801	0.271613	0.96117	-0.996298	-0.0814389	-0.0275494	0.0707939	-0.958955	0.27458
8.06667	-0.0517352	0.201637	0.978093	-0.998131	0.0214686	-0.0572209	-0.0325361	-0.979225	0.200149
8.1	-0.0297403	0.112253	0.993234	-0.994943	0.0920512	-0.0401949	-0.0959405	-0.989407	0.108948
8.13333	-0.0140021	0.0214423	0.999672	-0.99421	0.10623	-0.0162041	-0.106543	-0.99411	0.0198307
8.16667	-0.00134833	-0.0614193	0.998111	-0.997067	0.0764569	0.0033579	-0.0765187	-0.995179	-0.0613422
8.2	0.00602633	-0.129053	0.991619	-0.999804	0.0179431	0.00841126	-0.0188782	-0.991475	-0.12892
8.23333	0.00998943	-0.181042	0.983425	-0.998814	-0.0486792	0.00118421	0.047658	-0.98227	-0.181314
8.26667	0.00951149	-0.217305	0.976057	-0.992669	-0.119667	-0.0169686	0.120489	-0.968741	-0.21685
8.3	0.00298147	-0.235806	0.971796	-0.978896	-0.199262	-0.0453477	0.204336	-0.951152	-0.231423
8.33333	-0.0273108	-0.235388	0.971518	-0.955305	-0.280041	-0.094706	0.294358	-0.930682	-0.21722
8.36667	-0.0765242	-0.220954	0.972277	-0.924889	-0.348534	-0.152	0.372456	-0.910881	-0.177687
8.4	-0.100615	-0.202303	0.974141	-0.897478	-0.404148	-0.176627	0.429429	-0.892042	-0.140899
8.43333	-0.102976	-0.175131	0.979145	-0.866938	-0.466808	-0.174669	0.487663	-0.866844	-0.103758
8.46667	-0.0878497	-0.139233	0.986355	-0.828251	-0.539913	-0.149982	0.553428	-0.830126	-0.0678888
8.5	-0.0459846	-0.103408	0.993575	-0.804256	-0.586109	-0.098223	0.592501	-0.803606	-0.0562147
8.53333	-0.018123	-0.068415	0.997492	-0.816116	-0.575333	-0.054288	0.577604	-0.815053	-0.0454078
8.56667	-0.0266526	-0.0339139	0.999069	-0.841321	-0.538999	-0.0407409	0.539879	-0.841624	-0.0141668
8.6	-0.102917	0.0136912	0.994596	-0.832343	-0.548663	-0.0785753	0.544622	-0.835932	0.0678627
8.63333	-0.113723	0.0402903	0.992695	-0.851529	-0.518697	-0.0764986	0.511826	-0.854008	0.0932961
8.66667	-0.0909751	0.0519683	0.994496	-0.871509	-0.487368	-0.0542565	0.481866	-0.871649	0.0896292
8.7	-0.0741083	0.0633935	0.995233	-0.873077	-0.486393	-0.0340303	0.481918	-0.871437	0.0913932
8.73333	-0.0574461	0.0764935	0.995414	-0.86509	-0.501487	-0.0113877	0.498316	-0.861777	0.0949823
8.76667	-0.0371495	0.0914807	0.995114	-0.861386	-0.507743	0.0145196	0.506591	-0.856638	0.0976626
8.8	-0.0118178	0.106309	0.994263	-0.863769	-0.502014	0.0434099	0.503749	-0.858301	0.0977593
8.83333	0.0122022	0.123181	0.992309	-0.863158	-0.499682	0.0726425	0.504787	-0.857406	0.100228
8.86667	0.0348775	0.142319	0.989206	-0.858518	-0.502424	0.102554	0.511596	-0.852828	0.10466
8.9	0.0562351	0.162032	0.985182	-0.856254	-0.499655	0.131053	0.513485	-0.850935	0.110642
8.93333	0.0745778	0.179829	0.980867	-0.856292	-0.492556	0.15541	0.511079	-0.851499	0.117253
8.96667	0.0923145	0.19652	0.976144	-0.857265	-0.483013	0.178314	0.506533	-0.853275	0.123881
9	0.108883	0.212169	0.971148	-0.856919	-0.47512	0.199877	0.50382	-0.853958	0.130079
9.03333	0.124008	0.226807	0.966013	-0.856019	-0.467913	0.219748	0.501851	-0.854175	0.136126
9.06667	0.141847	0.240701	0.960178	-0.855964	-0.457375	0.241108	0.497197	-0.856079	0.141154
9.1	0.158433	0.256563	0.953454	-0.852037	-0.45243	0.263324	0.49893	-0.854097	0.146921
9.13333	0.177181	0.272163	0.945798	-0.847111	-0.447038	0.287333	0.50101	-0.852106	0.151346
9.16667	0.195476	0.286255	0.938002	-0.844562	-0.437037	0.309376	0.498502	-0.852676	0.15633
9.2	0.213274	0.298235	0.93036	-0.844024	-0.42338	0.3292	0.492075	-0.855456	0.161422
9.23333	0.229545	0.308838	0.923	-0.842984	-0.410936	0.347146	0.486505	-0.857759	0.166017
9.26667	0.244267	0.317415	0.916287	-0.841865	-0.399523	0.362828	0.481244	-0.860017	0.169631
9.3	0.255903	0.325547	0.910238	-0.840503	-0.390232	0.375864	0.477566	-0.861242	0.173762
9.33333	0.263909	0.334224	0.904791	-0.83736	-0.386187	0.386896	0.478729	-0.85974	0.177948
9.36667	0.268279	0.342491	0.900403	-0.834845	-0.383722	0.394704	0.480687	-0.857588	0.182982
9.4	0.261954	0.348628	0.899911	-0.840615	-0.375631	0.390214	0.474074	-0.858697	0.194664
9.43333	0.241438	0.352521	0.904122	-0.855176	-0.363076	0.369932	0.458674	-0.862499	0.213808
9.46667	0.210598	0.351189	0.912313	-0.874738	-0.348954	0.336251	0.436443	-0.868849	0.233709
9.5	0.15998	0.347072	0.924093	-0.900654	-0.331832	0.280552	0.404015	-0.877171	0.259505
9.53333	0.0932538	0.3369	0.936911	-0.930382	-0.305593	0.202491	0.354532	-0.890568	0.284948
9.56667	0.0177183	0.320329	0.947141	-0.959339	-0.261446	0.106369	0.281699	-0.910514	0.302671
9.6	-0.0499147	0.2933	0.954716	-0.980387	-0.196866	0.00922286	0.190656	-0.935531	0.297374
9.63333	-0.0627402	0.239875	0.968774	-0.993141	-0.110966	-0.0368423	0.0986634	-0.964441	0.245192
9.66667	-0.0430689	0.16514	0.985329	-0.999055	-0.0128577	-0.0415139	0.00581349	-0.986186	0.165538
9.7	-0.0215411	0.0788369	0.996655	-0.998279	0.0526978	-0.0257447	-0.0545512	-0.995494	0.077566
9.73333	-0.00587039	-0.00750463	0.999955	-0.99821	0.0595689	-0.00541308	-0.0595256	-0.998196	-0.00784089
9.76667	0.00171584	-0.0824421	0.996594	-0.999786	0.0203881	0.00340792	-0.0205996	-0.996387	-0.0823895
9.8	0.013224	-0.14426	0.989451	-0.998964	-0.0449885	0.00679187	0.0435341	-0.988517	-0.144706
9.83333	0.0253225	-0.190213	0.981416	-0.992594	-0.121465	0.00206928	0.118814	-0.9742	-0.19188
9.86667	0.021624	-0.216679	0.976003	-0.980999	-0.192862	-0.021082	0.192802	-0.957003	-0.216732
9.9	-0.000267852	-0.227983	0.973665	-0.965491	-0.253517	-0.0596266	0.260434	-0.940081	-0.220048
9.93333	-0.0392437	-0.22717	0.973064	-0.947135	-0.30187	-0.108672	0.318426	-0.925888	-0.203315
9.96667	-0.0696154	-0.218725	0.9733	-0.92332	-0.355248	-0.145874	0.377669	-0.908822	-0.177223
10	-0.0939782	-0.200404	0.975196	-0.888161	-0.425696	-0.173072	0.449821	-0.882395	-0.137985
10.0333	-0.107057	-0.174535	0.978814	-0.843996	-0.504433	-0.182259	0.525556	-0.845627	-0.093304
10.0667	-0.0869941	-0.14634	0.985402	-0.796353	-0.584088	-0.157046	0.598543	-0.79839	-0.0657258
10.1	-0.0332198	-0.119419	0.992288	-0.769903	-0.630022	-0.101596	0.637296	-0.76734	-0.0710118
10.1333	-0.0144472	-0.086738	0.996126	-0.76912	-0.635635	-0.0665029	0.638941	-0.767101	-0.0575288
10.1667	-0.0458449	-0.0517395	0.997608	-0.811552	-0.580381	-0.0673953	0.582479	-0.8127	-0.0153818
10.2	-0.0981665	-0.0192889	0.994983	-0.834876	-0.542545	-0.0928879	0.541614	-0.839806	0.0371559
10.2333	-0.100999	-0.00691409	0.994863	-0.839003	-0.536815	-0.0889063	0.534672	-0.843672	0.0484166
10.2667	-0.0859638	-0.00319379	0.996293	-0.861444	-0.502142	-0.0759383	0.500523	-0.864779	0.0404148
10.3	-0.0765062	-0.0019107	0.997067	-0.866012	-0.49546	-0.0673997	0.494136	-0.868629	0.0362511
10.3333	-0.0689379	0.000923825	0.997621	-0.863846	-0.500261	-0.0592305	0.499016	-0.865874	0.035285
10.3667	-0.0564449	0.00404914	0.998398	-0.86194	-0.504856	-0.0466827	0.503858	-0.863194	0.0319867
10.4	-0.0412867	0.00656951	0.999126	-0.863838	-0.502727	-0.0323907	0.502075	-0.86442	0.0264309
10.4333	-0.0259848	0.0110788	0.999601	-0.8638	-0.503552	-0.0168737	0.503164	-0.863894	0.0226546
10.4667	-0.0122417	0.0188384	0.999748	-0.85569	-0.517489	-0.000726656	0.517344	-0.855483	0.0224548
10.5	-0.000392578	0.0298516	0.999554	-0.847521	-0.530534	0.0155115	0.530761	-0.847138	0.0255081
10.5333	0.0128523	0.0405088	0.999097	-0.84612	-0.532003	0.0324547	0.532837	-0.845773	0.0274379
10.5667	0.0280808	0.0507312	0.998317	-0.84624	-0.530379	0.0507553	0.532061	-0.846242	0.0280373
10.6	0.040987	0.0630835	0.997166	-0.844219	-0.531625	0.0683324	0.534429	-0.844628	0.0314666
10.6333	0.0550615	0.0756392	0.995614	-0.840658	-0.534516	0.0871003	0.538759	-0.841767	0.0341555
10.6667	0.0684415	0.0905701	0.993536	-0.838275	-0.534747	0.106493	0.540936	-0.840144	0.0393237
