0	0	1	0	0	0	-1	-1	0	0
0.0333333	0.998779	-0.0406979	-0.0280108	0.0384708	0.996372	-0.075914	0.0309987	0.0747437	0.996721
0.0666667	0.999725	-0.0161528	-0.016973	0.0164526	0.999708	0.0176751	0.0166825	-0.0179495	0.9997
0.1	0.999969	-0.000875645	-0.00784054	0.00143281	0.997451	0.0713417	0.00775808	-0.0713507	0.997421
0.133333	0.999969	0.0078039	-0.000536997	-0.00770565	0.99454	0.104069	0.00134621	-0.104062	0.99457
0.166667	0.999893	0.0138356	0.00466212	-0.0143244	0.991411	0.129995	-0.00282351	-0.130048	0.991504
0.2	0.999808	0.0177941	0.00821464	-0.0188191	0.988681	0.148849	-0.00547301	-0.148975	0.988826
0.233333	0.999724	0.0209844	0.0105761	-0.022423	0.986499	0.162228	-0.00702906	-0.16242	0.986697
0.266667	0.999671	0.022715	0.0119456	-0.0244237	0.984981	0.170924	-0.00788369	-0.171159	0.985212
0.3	0.999631	0.0239154	0.0128608	-0.025813	0.983926	0.176699	-0.00842821	-0.176966	0.984181
0.333333	0.999604	0.0246087	0.0136779	-0.0266727	0.98326	0.180247	-0.00901333	-0.18054	0.983526
0.366667	0.999584	0.0249681	0.0144506	-0.0271843	0.982898	0.182132	-0.00965593	-0.182449	0.983168
0.4	0.999566	0.0251313	0.0153815	-0.0275265	0.982684	0.183233	-0.0105103	-0.183577	0.982949
0.433333	0.99951	0.0270563	0.0157657	-0.0295284	0.981939	0.186877	-0.0104248	-0.187251	0.982257
0.466667	0.999514	0.025651	0.017693	-0.0285052	0.982023	0.186598	-0.0125885	-0.187012	0.982277
0.5	0.99949	0.025684	0.0189765	-0.0287941	0.981792	0.187763	-0.0138085	-0.188214	0.982031
0.533333	0.999461	0.0259886	0.0200459	-0.0293151	0.981516	0.189122	-0.0147604	-0.189607	0.981749
0.566667	0.999457	0.0258732	0.0204183	-0.0292752	0.981483	0.1893	-0.0151424	-0.189795	0.981707
0.6	0.999455	0.0258807	0.0204863	-0.0292922	0.981522	0.189093	-0.0152139	-0.18959	0.981745
0.633333	0.999454	0.0259548	0.0204221	-0.0293543	0.981502	0.189187	-0.015134	-0.189684	0.981729
0.666667	0.999456	0.0262698	0.0199262	-0.0295707	0.98148	0.189269	-0.0145851	-0.189755	0.981723
0.7	0.999426	0.0277574	0.0193992	-0.0309839	0.980708	0.193008	-0.0136676	-0.193499	0.981005
0.733333	0.999419	0.0281909	0.0191307	-0.0313777	0.980398	0.194514	-0.0132721	-0.195002	0.980713
0.766667	0.999412	0.0286882	0.0187613	-0.0318035	0.980231	0.195283	-0.0127881	-0.195765	0.980567
0.8	0.999404	0.0291845	0.0184552	-0.0322414	0.980042	0.196159	-0.012362	-0.196637	0.980398
0.833333	0.999375	0.0302575	0.018252	-0.0332607	0.979891	0.19674	-0.0119321	-0.197225	0.980286
0.866667	0.999357	0.0310293	0.0179782	-0.0339765	0.979644	0.197845	-0.0114732	-0.198329	0.980068
0.9	0.99932	0.032157	0.0180409	-0.035102	0.979469	0.198514	-0.0112869	-0.199012	0.979932
0.933333	0.999286	0.0332305	0.0179952	-0.0361516	0.979314	0.199092	-0.011007	-0.199601	0.979815
0.966667	0.999243	0.0344318	0.0181082	-0.0373645	0.979028	0.200268	-0.0108328	-0.200793	0.979574
1	0.999199	0.0356774	0.0181059	-0.0385914	0.978849	0.200913	-0.0105549	-0.20145	0.979442
1.03333	0.999165	0.0367356	0.0178933	-0.0395927	0.978658	0.201645	-0.0101039	-0.202185	0.979295
1.06667	0.999148	0.0374332	0.0173867	-0.0401704	0.978703	0.201313	-0.00948063	-0.20184	0.979373
1.1	0.999126	0.038143	0.017118	-0.0408164	0.978565	0.201855	-0.00905168	-0.202377	0.979266
1.13333	0.999114	0.0387187	0.0165232	-0.0412594	0.978558	0.201797	-0.00835562	-0.202299	0.979288
1.16667	0.999093	0.0394943	0.0159131	-0.0418958	0.978528	0.201809	-0.00760112	-0.202293	0.979296
1.2	0.999074	0.0401667	0.0153941	-0.0424517	0.978432	0.20216	-0.00694201	-0.202626	0.979232
1.23333	0.999048	0.040928	0.0150695	-0.0431366	0.978243	0.202929	-0.00643613	-0.203386	0.979077
1.26667	0.999037	0.0413715	0.0146093	-0.0434782	0.978194	0.203094	-0.00588844	-0.203533	0.97905
1.3	0.999026	0.0418545	0.0140015	-0.0438265	0.978213	0.202923	-0.00520322	-0.203339	0.979095
1.33333	0.998991	0.0427793	0.0136504	-0.0446628	0.978088	0.203346	-0.00465226	-0.203751	0.979012
1.36667	0.998962	0.0436135	0.0131087	-0.0453657	0.978226	0.202522	-0.00399052	-0.202907	0.97919
1.4	0.99901	0.0425931	0.0128697	-0.0443037	0.97899	0.199038	-0.00412167	-0.199411	0.979907
1.43333	0.999011	0.0427156	0.0123703	-0.044319	0.979266	0.197672	-0.00367019	-0.198025	0.98019
1.46667	0.999022	0.0424934	0.0121814	-0.044061	0.979436	0.196887	-0.00356451	-0.197232	0.98035
1.5	0.999047	0.0419699	0.0120015	-0.0435091	0.979638	0.195999	-0.00353114	-0.196334	0.980531
1.53333	0.999066	0.0415384	0.0119126	-0.0430679	0.979688	0.195847	-0.00353548	-0.196177	0.980562
1.56667	0.999095	0.0408271	0.0119503	-0.0423749	0.979873	0.195074	-0.0037455	-0.195404	0.980716
1.6	0.999135	0.0397873	0.0121053	-0.0413834	0.980007	0.194612	-0.00412024	-0.194945	0.980806
1.63333	0.999177	0.038599	0.0124644	-0.0402887	0.980022	0.194767	-0.00469763	-0.195108	0.98077
1.66667	0.999231	0.0370696	0.0127946	-0.0388517	0.980129	0.194521	-0.00532954	-0.194869	0.980815
1.7	0.999286	0.0354119	0.0131561	-0.0372946	0.98024	0.194265	-0.00601679	-0.194617	0.980861
1.73333	0.999316	0.0342425	0.0139386	-0.0362973	0.980343	0.193933	-0.00702387	-0.194306	0.980916
1.76667	0.999346	0.0330187	0.0147475	-0.035251	0.980453	0.193569	-0.00806788	-0.193962	0.980976
1.8	0.999368	0.0318691	0.0157234	-0.0343078	0.980585	0.193072	-0.00926513	-0.19349	0.981059
1.83333	0.999379	0.0311051	0.0165668	-0.0337199	0.980633	0.192931	-0.0102448	-0.19337	0.981072
1.86667	0.999389	0.0302183	0.0175499	-0.0330382	0.980683	0.192793	-0.011385	-0.193255	0.981083
1.9	0.99939	0.029962	0.0179431	-0.0328594	0.980744	0.192515	-0.0118294	-0.192988	0.98113
1.93333	0.999386	0.0300242	0.0180816	-0.0329349	0.980938	0.191509	-0.011987	-0.191986	0.981324
1.96667	0.999394	0.030077	0.0175492	-0.0328733	0.981126	0.190554	-0.0114867	-0.191016	0.98152
2	0.99941	0.0297644	0.0171258	-0.0324718	0.981374	0.189345	-0.011171	-0.189789	0.981761
2.03333	0.999436	0.0293009	0.0163958	-0.0318696	0.981545	0.188555	-0.0105684	-0.188971	0.981926
2.06667	0.999468	0.0287374	0.015436	-0.0311245	0.981769	0.187515	-0.00976586	-0.187895	0.982141
2.1	0.999494	0.0281323	0.0148718	-0.0304196	0.981882	0.187037	-0.00934061	-0.187394	0.98224
2.13333	0.999508	0.027769	0.0145784	-0.030006	0.98193	0.186849	-0.00912633	-0.187195	0.98228
2.16667	0.999516	0.0272813	0.0149624	-0.0296007	0.981903	0.187055	-0.00958853	-0.187408	0.982235
2.2	0.999504	0.0274849	0.0154025	-0.0298966	0.981642	0.188375	-0.00994231	-0.188742	0.981976
2.23333	0.999509	0.0263144	0.0169909	-0.0290701	0.981291	0.190324	-0.0116647	-0.190725	0.981574
2.26667	0.999497	0.0256331	0.0186693	-0.0287171	0.981363	0.190006	-0.0134509	-0.190446	0.981605
2.3	0.999487	0.0245497	0.0205659	-0.0280212	0.981303	0.190418	-0.0155067	-0.190897	0.981488
2.33333	0.999491	0.0226694	0.0224485	-0.0265156	0.981549	0.189364	-0.0177415	-0.189863	0.98165
2.36667	0.999507	0.0209728	0.023359	-0.0250312	0.9815	0.189821	-0.0189457	-0.190312	0.981541
2.4	0.999519	0.0190529	0.0244733	-0.0233819	0.981317	0.190973	-0.0203774	-0.191453	0.98129
2.43333	0.999542	0.0171104	0.0249605	-0.0215971	0.981096	0.192314	-0.021198	-0.192765	0.981016
2.46667	0.999589	0.0156594	0.0240195	-0.0200153	0.980905	0.193455	-0.0205314	-0.193856	0.980815
2.5	0.999649	0.0144176	0.0222131	-0.0184265	0.981138	0.192426	-0.0190198	-0.192768	0.98106
2.53333	0.999737	0.0122717	0.0193675	-0.0157574	0.981351	0.191578	-0.0166554	-0.191833	0.981286
2.56667	0.999845	0.00808872	0.0156089	-0.0109557	0.981062	0.193382	-0.0137491	-0.193523	0.980999
2.6	0.999949	0.00352481	0.00949046	-0.00529753	0.981025	0.193808	-0.00862725	-0.193848	0.980994
2.63333	0.999996	-0.00192886	0.00204404	0.00150065	0.981404	0.191946	-0.00237627	-0.191943	0.981403
2.66667	0.999968	-0.00527938	-0.00599002	0.00633212	0.981344	0.192158	0.00486379	-0.19219	0.981346
2.7	0.999891	-0.0051219	-0.0138346	0.00773061	0.980639	0.195671	0.0125646	-0.195757	0.980572
2.73333	0.999758	-0.00426582	-0.0215897	0.00843395	0.9804	0.196839	0.0203268	-0.196974	0.980198
2.76667	0.999547	-0.00297329	-0.0299577	0.00878409	0.980613	0.195758	0.0287949	-0.195933	0.980195
2.8	0.999263	-0.00227083	-0.0383208	0.00942002	0.982232	0.187433	0.0372143	-0.187656	0.98153
2.83333	0.998893	0.000342117	-0.0470352	0.00786095	0.984695	0.174107	0.0463749	-0.174284	0.983603
2.86667	0.998505	0.00566771	-0.0543701	0.00318174	0.986899	0.16131	0.0545721	-0.161242	0.985405
2.9	0.998157	0.0132006	-0.0592313	-0.00393191	0.988071	0.153946	0.0605569	-0.153429	0.986302
2.93333	0.997863	0.0225404	-0.0613273	-0.0130006	0.988338	0.151721	0.064032	-0.1506	0.986519
2.96667	0.997727	0.0303446	-0.06017	-0.0209576	0.988325	0.150911	0.0640469	-0.149307	0.986714
3	0.997872	0.0373459	-0.0534577	-0.0284296	0.986905	0.158777	0.0586873	-0.156919	0.985866
3.03333	0.998165	0.0405139	-0.0450001	-0.0327586	0.986348	0.161385	0.0509241	-0.159614	0.985865
3.06667	0.998546	0.0411319	-0.0348337	-0.034982	0.986215	0.161732	0.0410058	-0.160278	0.98622
3.1	0.998887	0.0398613	-0.0251997	-0.0354223	0.986951	0.157076	0.0311321	-0.156009	0.987265
3.13333	0.999134	0.0384364	-0.0159081	-0.0356509	0.988248	0.148643	0.0214345	-0.147947	0.988763
3.16667	0.999116	0.0417039	-0.00520825	-0.0406163	0.989964	0.135355	0.0108008	-0.135024	0.990783
3.2	0.998568	0.0533061	0.00459686	-0.0534644	0.990835	0.124047	0.00205773	-0.124115	0.992266
3.23333	0.997425	0.0704061	0.0136382	-0.071522	0.990528	0.117216	-0.00525623	-0.11789	0.993013
3.26667	0.995973	0.0874829	0.0196198	-0.0890916	0.990231	0.107264	-0.0100444	-0.10858	0.994037
3.3	0.994568	0.101961	0.0209581	-0.103452	0.990508	0.0905066	-0.0115311	-0.0921831	0.995675
3.33333	0.993254	0.114431	0.0187821	-0.11546	0.990954	0.0684055	-0.0107844	-0.0701126	0.997481
3.36667	0.992158	0.124059	0.0152183	-0.124669	0.990961	0.0495462	-0.00893407	-0.0510549	0.998656
3.4	0.991381	0.130386	0.0128115	-0.130803	0.990586	0.0403846	-0.00742534	-0.0417123	0.999102
3.43333	0.990947	0.13376	0.0115246	-0.134092	0.990321	0.0358411	-0.00661898	-0.0370619	0.999291
3.46667	0.990725	0.135285	0.012736	-0.135632	0.990234	0.0322678	-0.00824633	-0.0336959	0.999398
3.5	0.990506	0.136399	0.0171217	-0.136872	0.990121	0.0304431	-0.0128002	-0.0324976	0.99939
3.53333	0.990364	0.136429	0.0238091	-0.137184	0.989975	0.0336097	-0.018985	-0.036552	0.999151
3.56667	0.990435	0.134224	0.031976	-0.135477	0.989936	0.0408871	-0.0261662	-0.044828	0.998652
3.6	0.990794	0.129404	0.0397663	-0.131252	0.990186	0.0480112	-0.0331632	-0.0527886	0.998055
3.63333	0.991535	0.121417	0.046009	-0.123861	0.990795	0.054616	-0.0389542	-0.0598524	0.997447
3.66667	0.992514	0.111678	0.0494316	-0.114582	0.991573	0.0604458	-0.0422646	-0.0656573	0.996947
3.7	0.993571	0.101616	0.0499082	-0.104696	0.992471	0.0635661	-0.0430731	-0.0683826	0.996729
3.73333	0.994609	0.0922043	0.047448	-0.0951851	0.993338	0.0649522	-0.0411431	-0.0691183	0.99676
3.76667	0.995568	0.0840501	0.0421953	-0.0866113	0.994244	0.0630671	-0.0366517	-0.0664422	0.997117
3.8	0.996275	0.0778154	0.0371679	-0.0798797	0.995132	0.0577234	-0.0324951	-0.0604774	0.99764
3.83333	0.996439	0.0764696	0.0355292	-0.0781842	0.995701	0.0496744	-0.0315778	-0.0522753	0.998133
3.86667	0.996209	0.0779327	0.038662	-0.0793845	0.996136	0.0375555	-0.0355859	-0.0404823	0.998546
3.9	0.996391	0.074107	0.0413816	-0.0754291	0.996658	0.0313554	-0.0389197	-0.0343636	0.998651
3.93333	0.996954	0.0660404	0.0414864	-0.0673817	0.99722	0.0318081	-0.0392704	-0.0345066	0.998633
3.96667	0.997723	0.0564779	0.0368646	-0.0575517	0.997929	0.0287471	-0.0351646	-0.0308032	0.998907
4	0.998548	0.0454426	0.0289272	-0.0459672	0.998786	0.0177344	-0.0280862	-0.0190383	0.999424
4.03333	0.999137	0.0368142	0.0192381	-0.0369716	0.999285	0.00789046	-0.0189339	-0.00859491	0.999784
4.06667	0.999439	0.032037	0.00975473	-0.0320665	0.999482	0.00288683	-0.00965719	-0.00319801	0.999948
4.1	0.999538	0.0302776	-0.00281122	-0.0302699	0.999538	0.00275854	0.00289344	-0.00267216	0.999992
4.13333	0.999466	0.0279984	-0.0168662	-0.0279106	0.999596	0.00541799	0.0170111	-0.00494435	0.999843
4.16667	0.999231	0.0223603	-0.0322191	-0.0220376	0.999704	0.0103347	0.0324407	-0.00961671	0.999427
4.2	0.998681	0.0136795	-0.049491	-0.0131416	0.999851	0.0111774	0.0496365	-0.0105123	0.998712
4.23333	0.997747	0.00465547	-0.0669259	-0.00417253	0.999964	0.00735412	0.0669578	-0.0070583	0.997731
4.26667	0.996349	-0.00303728	-0.0853232	0.00277563	0.999991	-0.00318502	0.0853321	0.00293656	0.996348
4.3	0.99466	-0.0079419	-0.102904	0.00641879	0.999865	-0.015124	0.10301	0.0143827	0.994576
4.33333	0.993107	-0.00884508	-0.116873	0.00643058	0.999758	-0.0210201	0.117031	0.0201237	0.992924
4.36667	0.991736	-0.00370092	-0.128243	0.00180756	0.999888	-0.014877	0.128284	0.0145223	0.991631
4.4	0.990365	0.00432619	-0.138416	-0.00504206	0.999976	-0.00482165	0.138392	0.00547309	0.990362
4.43333	0.988874	0.0124146	-0.148236	-0.012429	0.999922	0.000829436	0.148235	0.00102222	0.988952
4.46667	0.987349	0.0178578	-0.157553	-0.0182341	0.999833	-0.000943444	0.15751	0.00380435	0.98751
4.5	0.986263	0.0204692	-0.163909	-0.0217433	0.999746	-0.00598256	0.163745	0.00946429	0.986457
4.53333	0.985947	0.0221138	-0.165588	-0.0235721	0.999699	-0.00684691	0.165387	0.010654	0.986171
4.56667	0.986688	0.0228741	-0.16101	-0.0230971	0.999733	0.000486747	0.160978	0.00323859	0.986953
4.6	0.988957	0.0204219	-0.146792	-0.0183472	0.999712	0.0154737	0.147066	-0.0126096	0.989046
4.63333	0.991669	0.0170129	-0.127684	-0.0125843	0.999294	0.0354114	0.128197	-0.0335096	0.991182
4.66667	0.994172	0.0134335	-0.106966	-0.00713779	0.998231	0.0590237	0.10757	-0.0579162	0.992509
4.7	0.996332	0.00627666	-0.0853376	0.000781596	0.996597	0.0824259	0.0855646	-0.0821903	0.992937
4.73333	0.99787	-0.000247317	-0.065228	0.00688418	0.994807	0.101544	0.0648642	-0.101776	0.99269
4.76667	0.998817	0.00459845	-0.0484063	0.00128622	0.992671	0.120841	0.0486072	-0.12076	0.991491
4.8	0.99911	0.024041	-0.0346618	-0.0186175	0.988651	0.149074	0.0378523	-0.148296	0.988218
4.83333	0.998288	0.0525312	-0.0257112	-0.0471024	0.982724	0.178984	0.0346692	-0.177467	0.983516
4.86667	0.996768	0.0768301	-0.0234707	-0.0710374	0.979384	0.189103	0.0375156	-0.186824	0.981677
4.9	0.99531	0.0922674	-0.0290584	-0.0861071	0.98193	0.168519	0.0440821	-0.165226	0.98527
4.93333	0.994259	0.0992105	-0.0400847	-0.0934996	0.987691	0.125397	0.0520321	-0.120929	0.991297
4.96667	0.993456	0.101407	-0.0525627	-0.0970014	0.992024	0.0804971	0.0603064	-0.0748716	0.995368
5	0.992675	0.103413	-0.0624659	-0.100625	0.993849	0.0462519	0.0668647	-0.0396275	0.996975
5.03333	0.991665	0.108063	-0.0701609	-0.106733	0.994034	0.0224504	0.0721684	-0.0147748	0.997283
5.06667	0.990893	0.112794	-0.0735361	-0.112644	0.993616	0.00620779	0.0737668	0.00213211	0.997273
5.1	0.99038	0.117409	-0.073234	-0.117666	0.993053	0.000814658	0.0728209	0.0078103	0.997314
5.13333	0.990273	0.120605	-0.0693749	-0.120578	0.992693	0.0045945	0.0694221	0.00381527	0.99758
5.16667	0.990638	0.121499	-0.0622364	-0.120986	0.992582	0.0119545	0.0632272	-0.00431283	0.99799
5.2	0.991436	0.118538	-0.0548003	-0.117816	0.992903	0.0162241	0.0563346	-0.00962878	0.998366
5.23333	0.992619	0.113166	-0.0436079	-0.111896	0.99325	0.0305433	0.04677	-0.0254383	0.998582
5.26667	0.993932	0.104833	-0.0333085	-0.103337	0.99368	0.0438361	0.0376935	-0.0401281	0.998483
5.3	0.995126	0.095952	-0.0227511	-0.0945452	0.993919	0.056444	0.0280287	-0.0540179	0.998147
5.33333	0.996113	0.0871795	-0.0125689	-0.0861814	0.994133	0.0653628	0.0181935	-0.0640255	0.997782
5.36667	0.996805	0.0798513	-0.00207296	-0.079492	0.9942	0.0724372	0.00784514	-0.072041	0.997371
5.4	0.99709	0.0756078	0.00971556	-0.076129	0.994196	0.076018	-0.00391162	-0.0765364	0.997059
5.43333	0.99686	0.0754647	0.0239696	-0.0770618	0.994222	0.0747234	-0.0181921	-0.0763359	0.996916
5.46667	0.996149	0.0779853	0.0400728	-0.0806218	0.994351	0.0690366	-0.0344625	-0.0720015	0.996809
5.5	0.995852	0.0747563	0.0518623	-0.078265	0.994522	0.069293	-0.0463981	-0.0730646	0.996247
5.53333	0.996001	0.0676646	0.0583405	-0.0719335	0.994625	0.0744743	-0.0529877	-0.0783732	0.995515
5.56667	0.996819	0.05701	0.0556889	-0.0609642	0.995533	0.0720964	-0.0513299	-0.0752621	0.995842
5.6	0.99792	0.0469054	0.0442183	-0.0492808	0.99731	0.0542536	-0.0415546	-0.0563199	0.997548
5.63333	0.998746	0.0413506	0.0282269	-0.0422319	0.998615	0.0313764	-0.0268904	-0.0325291	0.999109
5.66667	0.999086	0.0412739	0.0111348	-0.0414581	0.998998	0.0168497	-0.0104282	-0.0172959	0.999796
5.7	0.999046	0.0430696	-0.00725772	-0.0429325	0.998914	0.0180868	0.00802884	-0.017758	0.99981
5.73333	0.998675	0.0430276	-0.0282464	-0.0423189	0.998786	0.0252239	0.0292974	-0.0239951	0.999283
5.76667	0.997987	0.0376186	-0.0510552	-0.0360904	0.998882	0.0305301	0.0521466	-0.028626	0.998229
5.8	0.99673	0.0271308	-0.0761109	-0.0250893	0.999303	0.027652	0.076808	-0.025652	0.996716
5.83333	0.994571	0.0146665	-0.10302	-0.0131155	0.99979	0.0157168	0.103229	-0.0142803	0.994555
5.86667	0.991543	0.00333505	-0.129735	-0.00348121	0.999994	-0.00089984	0.129731	0.00134387	0.991548
5.9	0.988004	-0.00594733	-0.154313	0.00325663	0.999838	-0.0176836	0.154393	0.0169689	0.987864
5.93333	0.984503	-0.0111948	-0.175008	0.00688052	0.999658	-0.0252393	0.175231	0.023644	0.984243
5.96667	0.981365	-0.0112838	-0.19182	0.00661105	0.999666	-0.0249826	0.192037	0.0232489	0.981112
6	0.97859	-0.00786839	-0.205668	0.00354557	0.999765	-0.0213786	0.205788	0.0201916	0.978388
6.03333	0.976123	-0.00251078	-0.217205	-0.0014261	0.999838	-0.0179665	0.217215	0.0178473	0.975961
6.06667	0.974424	0.00466794	-0.224668	-0.00805821	0.999867	-0.0141756	0.224572	0.0156234	0.974332
6.1	0.973851	0.0114593	-0.226898	-0.0139004	0.999861	-0.00916354	0.226762	0.0120779	0.973875
6.13333	0.974739	0.0187021	-0.222564	-0.0189857	0.999819	0.000865542	0.22254	0.00338184	0.974918
6.16667	0.977233	0.0249448	-0.210698	-0.0223379	0.999642	0.0147439	0.21099	-0.00970171	0.97744
6.2	0.981672	0.028064	-0.1885	-0.02207	0.999184	0.0338228	0.189295	-0.0290427	0.981491
6.23333	0.98675	0.029477	-0.159547	-0.0197271	0.997859	0.0623525	0.161044	-0.058379	0.985219
6.26667	0.991468	0.0290019	-0.127085	-0.0166444	0.995122	0.0972416	0.129285	-0.0942966	0.987114
6.3	0.995359	0.0262368	-0.0925821	-0.014672	0.992242	0.123452	0.0951029	-0.12152	0.988022
6.33333	0.997809	0.0231226	-0.0619821	-0.0148213	0.991247	0.131189	0.064473	-0.129983	0.989418
6.36667	0.999043	0.0292987	-0.0324808	-0.0246628	0.990548	0.13493	0.036127	-0.134	0.990323
6.4	0.998902	0.0462462	-0.00749955	-0.044794	0.989646	0.136359	0.013728	-0.135873	0.990631
6.43333	0.997319	0.0713647	0.016203	-0.0729932	0.985921	0.150438	-0.00523891	-0.151218	0.988487
6.46667	0.995046	0.0956864	0.0269846	-0.0986538	0.983926	0.148853	-0.0123077	-0.150778	0.988491
6.5	0.993262	0.112559	0.0275809	-0.115179	0.985118	0.127576	-0.0128106	-0.129893	0.991445
6.53333	0.992437	0.120828	0.0216554	-0.122304	0.988369	0.0903767	-0.0104835	-0.0923418	0.995672
6.56667	0.992104	0.124824	0.0122288	-0.125312	0.990585	0.0551259	-0.00523262	-0.056223	0.998405
6.6	0.991947	0.126623	0.00284827	-0.126654	0.991603	0.0261374	0.000485242	-0.0262876	0.999654
6.63333	0.991799	0.127693	-0.00534989	-0.127666	0.991804	0.00519788	0.00596978	-0.00447225	0.999972
6.66667	0.991855	0.126886	-0.0111537	-0.126973	0.991878	-0.0075148	0.0101096	0.00886981	0.99991
6.7	0.99215	0.124305	-0.0136714	-0.124436	0.992185	-0.00916611	0.0124252	0.0107954	0.999865
6.73333	0.992664	0.12012	-0.0137463	-0.120175	0.992748	-0.0032338	0.0132582	0.00486204	0.9999
6.76667	0.993379	0.114083	-0.0135158	-0.114012	0.993462	0.00592122	0.0141029	-0.00434106	0.999891
6.8	0.994309	0.105686	-0.0134122	-0.105494	0.994317	0.0142939	0.0148467	-0.0127976	0.999808
6.83333	0.995311	0.0955872	-0.0147813	-0.0952665	0.995229	0.0210633	0.0167242	-0.0195564	0.999669
6.86667	0.996195	0.0853308	-0.0177247	-0.0848439	0.996039	0.0266124	0.0199254	-0.0250073	0.999489
6.9	0.996863	0.0763634	-0.0207824	-0.0757223	0.996676	0.0300644	0.0230091	-0.0283964	0.999332
6.93333	0.99731	0.0705538	-0.0198499	-0.069933	0.997088	0.0304018	0.0219371	-0.0289319	0.999341
6.96667	0.997532	0.0688663	-0.0136977	-0.0684602	0.997256	0.0281837	0.015601	-0.0271764	0.999509
7	0.997701	0.0675932	-0.00486555	-0.0674609	0.997444	0.0235431	0.00644447	-0.0231607	0.999711
7.03333	0.998198	0.0599768	0.00161896	-0.0599973	0.997992	0.0202925	-0.000398636	-0.020353	0.999793
7.06667	0.998868	0.0474081	0.00401944	-0.0474802	0.998666	0.0202827	-0.00305251	-0.0204506	0.999786
7.1	0.999373	0.035395	0.000400127	-0.0353969	0.999249	0.0157714	0.0001584	-0.0157756	0.999876
7.13333	0.999632	0.0257498	-0.0085461	-0.0257026	0.999654	0.00557687	0.00868675	-0.00535516	0.999948
7.16667	0.999596	0.0204753	-0.01969	-0.0205276	0.999786	-0.00245712	0.0196355	0.00286031	0.999803
7.2	0.999339	0.0195162	-0.0306778	-0.0195615	0.999808	-0.00117697	0.030649	0.00177629	0.999529
7.23333	0.99895	0.0196175	-0.0414043	-0.019173	0.999755	0.0111038	0.0416119	-0.0102983	0.999081
7.26667	0.998292	0.0189337	-0.0552665	-0.0175981	0.999544	0.0245554	0.0557062	-0.0235409	0.99817
7.3	0.997295	0.0147024	-0.0720128	-0.0125512	0.999464	0.0302348	0.0724187	-0.0292492	0.996945
7.33333	0.995906	0.00890032	-0.0899591	-0.00629231	0.999553	0.0292332	0.0901791	-0.0285475	0.995516
7.36667	0.994143	0.00177404	-0.10806	0.00101767	0.999667	0.0257743	0.10807	-0.0257333	0.99381
7.4	0.99202	-0.00521519	-0.125972	0.00788201	0.999755	0.0206808	0.125833	-0.0215087	0.991818
7.43333	0.989392	-0.013164	-0.144673	0.0144473	0.999865	0.00782384	0.144551	-0.00983099	0.989449
7.46667	0.986867	-0.0189188	-0.160424	0.0187139	0.999821	-0.00278843	0.160448	-0.00025033	0.987044
7.5	0.984757	-0.0205509	-0.172719	0.020015	0.999788	-0.004844	0.172782	0.00131319	0.984959
7.53333	0.983161	-0.0180234	-0.181853	0.0182053	0.999834	-0.00066901	0.181835	-0.00265295	0.983325
7.56667	0.982007	-0.0122586	-0.188447	0.0135554	0.999892	0.00559446	0.188358	-0.00804827	0.982067
7.6	0.98131	-0.00427784	-0.192386	0.00649188	0.99992	0.0108794	0.192324	-0.011925	0.981259
7.63333	0.980925	0.00571904	-0.194304	-0.00234781	0.999843	0.0175762	0.194374	-0.0167847	0.980784
7.66667	0.98111	0.0160683	-0.192783	-0.0108849	0.999551	0.0279162	0.193145	-0.0252904	0.980844
7.7	0.982128	0.0248215	-0.186568	-0.0176	0.999034	0.0402645	0.187388	-0.0362613	0.981617
7.73333	0.984851	0.0336478	-0.170105	-0.0228159	0.997609	0.0652365	0.171894	-0.0603671	0.983264
7.76667	0.988723	0.0363933	-0.145269	-0.0233932	0.995647	0.0902154	0.14792	-0.0857997	0.985271
7.8	0.99271	0.0376859	-0.114487	-0.0241343	0.992776	0.117527	0.118089	-0.113907	0.986448
7.83333	0.995776	0.0373499	-0.0838704	-0.0249957	0.989292	0.143791	0.0883429	-0.141088	0.986048
7.86667	0.997946	0.0351097	-0.0535903	-0.0261384	0.986809	0.159765	0.0584927	-0.158036	0.985699
7.9	0.999041	0.0344806	-0.0269981	-0.029764	0.986838	0.158948	0.0321233	-0.157992	0.986918
7.93333	0.999001	0.0445588	-0.00340074	-0.0435579	0.987914	0.14876	0.0099882	-0.148463	0.988868
7.96667	0.997542	0.0680017	0.016926	-0.0697213	0.987389	0.142137	-0.00704698	-0.142967	0.989702
8	0.994506	0.0994781	0.0325735	-0.103117	0.984557	0.141476	-0.0179967	-0.144057	0.989406
8.03333	0.991121	0.126567	0.0407507	-0.130927	0.982424	0.133047	-0.0231951	-0.137201	0.990272
8.06667	0.988621	0.144142	0.0430273	-0.148121	0.982686	0.111303	-0.0262389	-0.116409	0.992855
8.1	0.987382	0.153036	0.0406963	-0.155896	0.984515	0.0801697	-0.0277972	-0.0855025	0.99595
8.13333	0.987018	0.156369	0.0366728	-0.158156	0.986027	0.0523146	-0.02798	-0.0574354	0.997957
8.16667	0.986745	0.158956	0.0326712	-0.160042	0.98653	0.0338461	-0.0268511	-0.0386262	0.998893
8.2	0.986579	0.160495	0.0300683	-0.161248	0.986608	0.0245519	-0.0257252	-0.0290708	0.999246
8.23333	0.98667	0.160177	0.028722	-0.160798	0.986768	0.0207954	-0.025011	-0.0251366	0.999371
8.26667	0.987062	0.157972	0.0274318	-0.158515	0.987176	0.0188942	-0.0240953	-0.0229981	0.999445
8.3	0.987831	0.153389	0.0257443	-0.153889	0.987911	0.0187178	-0.022562	-0.0224518	0.999493
8.33333	0.988968	0.146208	0.0237843	-0.146714	0.988953	0.0211474	-0.0204296	-0.0244036	0.999493
8.36667	0.990433	0.136535	0.0200397	-0.137033	0.990223	0.0260661	-0.0162849	-0.0285628	0.999459
8.4	0.991921	0.126037	0.014373	-0.12644	0.991464	0.0318051	-0.0102417	-0.0333655	0.999391
8.43333	0.993277	0.11544	0.00865792	-0.115688	0.992562	0.037907	-0.00421752	-0.0386538	0.999244
8.46667	0.994383	0.105774	0.00366311	-0.105834	0.99347	0.042618	0.000868679	-0.0427663	0.999085
8.5	0.99512	0.0986649	0.00102781	-0.0986149	0.994158	0.0438762	0.00330723	-0.0437634	0.999036
8.53333	0.995527	0.0944541	0.0023079	-0.0944688	0.994674	0.0412334	0.00159905	-0.041267	0.999147
8.56667	0.995749	0.0918336	0.00714673	-0.092032	0.995111	0.0358353	-0.00382091	-0.0363406	0.999332
8.6	0.996383	0.0841673	0.0117251	-0.0845259	0.995825	0.0344749	-0.00877445	-0.0353413	0.999337
8.63333	0.997244	0.0729145	0.0136848	-0.0733948	0.996552	0.038686	-0.0108169	-0.0395838	0.999158
8.66667	0.998139	0.0600228	0.0107887	-0.0604408	0.997208	0.0438455	-0.00812689	-0.044416	0.99898
8.7	0.998949	0.0458266	0.000883057	-0.0458173	0.997838	0.0471101	0.00127775	-0.047101	0.998889
8.73333	0.999274	0.0352823	-0.0143805	-0.0345686	0.998288	0.0471732	0.0160202	-0.0466418	0.998783
8.76667	0.999073	0.0283697	-0.032377	-0.0269342	0.998671	0.0439446	0.0335807	-0.0430318	0.998509
8.8	0.998336	0.0246514	-0.0521306	-0.0223952	0.998805	0.0434306	0.0531389	-0.0421909	0.997695
8.83333	0.997112	0.0224887	-0.0725423	-0.0192491	0.998799	0.0450523	0.0734684	-0.0435258	0.996347
8.86667	0.995459	0.019019	-0.0932729	-0.0148676	0.998876	0.0450023	0.0940239	-0.0434112	0.994623
8.9	0.993311	0.0139107	-0.114631	-0.00910642	0.999062	0.042329	0.115112	-0.0410019	0.992506
8.93333	0.990508	0.00773411	-0.137236	-0.00290523	0.999371	0.0353521	0.137423	-0.0346178	0.989907
8.96667	0.987158	0.00126856	-0.159739	0.00261839	0.999706	0.0241203	0.159723	-0.0242288	0.986865
9	0.983497	-0.00374072	-0.180887	0.00587966	0.999919	0.01129	0.18083	-0.0121672	0.983439
9.03333	0.980005	-0.00578013	-0.198889	0.00650649	0.999974	0.00299873	0.198866	-0.00423284	0.980017
9.06667	0.976972	-0.00188367	-0.21336	0.0032975	0.999975	0.00627083	0.213343	-0.00682998	0.976953
9.1	0.974495	0.00403002	-0.224372	-0.000926891	0.999902	0.0139339	0.224407	-0.0133705	0.974404
9.13333	0.972502	0.00942208	-0.232704	-0.00475136	0.999776	0.0206238	0.232847	-0.0189511	0.972329
9.16667	0.971138	0.0159333	-0.237985	-0.00983873	0.999593	0.0267751	0.238315	-0.0236608	0.9709
9.2	0.970527	0.023037	-0.239888	-0.015477	0.999324	0.0333513	0.240494	-0.0286555	0.970227
9.23333	0.971028	0.0299195	-0.237085	-0.0205423	0.99891	0.0419247	0.238081	-0.0358398	0.970584
9.26667	0.972841	0.0350393	-0.228809	-0.0238534	0.99839	0.051472	0.230244	-0.0446162	0.97211
9.3	0.976348	0.038111	-0.212822	-0.0252269	0.997699	0.0629312	0.21473	-0.0560739	0.975062
9.33333	0.981442	0.0378977	-0.187979	-0.0240724	0.996871	0.0752932	0.190244	-0.0693708	0.979283
9.36667	0.987206	0.0359726	-0.155341	-0.0218471	0.995547	0.0917005	0.157948	-0.0871335	0.983596
9.4	0.992171	0.0342583	-0.120096	-0.0206339	0.993391	0.112905	0.123171	-0.109543	0.986321
9.43333	0.995939	0.0328903	-0.0838134	-0.0214998	0.990836	0.133349	0.0874312	-0.131005	0.987519
9.46667	0.998237	0.0319322	-0.0500332	-0.0244384	0.989303	0.143811	0.0540903	-0.142335	0.98834
9.5	0.999097	0.0375523	-0.019863	-0.0342781	0.988804	0.145232	0.0250944	-0.14442	0.989198
9.53333	0.998564	0.0530656	0.00731387	-0.0535646	0.987821	0.146083	0.000527172	-0.146265	0.989245
9.56667	0.996566	0.0775467	0.0290422	-0.081011	0.985668	0.147974	-0.0171511	-0.149818	0.988565
9.6	0.993647	0.104365	0.0421094	-0.109495	0.982991	0.147447	-0.0260048	-0.151121	0.988173
9.63333	0.991092	0.124555	0.0471446	-0.129879	0.982264	0.135234	-0.0294643	-0.140153	0.989691
9.66667	0.989513	0.136992	0.0458051	-0.141246	0.984036	0.108272	-0.0302415	-0.113606	0.993066
9.7	0.98883	0.143078	0.041753	-0.146068	0.98599	0.080552	-0.0296428	-0.0857511	0.995876
9.73333	0.988552	0.146289	0.0369357	-0.148319	0.987117	0.0600149	-0.0276803	-0.0648061	0.997514
9.76667	0.988414	0.147985	0.0337437	-0.149492	0.987615	0.0476383	-0.026276	-0.0521308	0.998295
9.8	0.988391	0.148624	0.0315453	-0.149904	0.987761	0.0431008	-0.0247535	-0.0473292	0.998573
9.83333	0.988646	0.147268	0.0298374	-0.148497	0.98792	0.0442961	-0.0229536	-0.0482239	0.998573
9.86667	0.989285	0.143414	0.0273418	-0.144584	0.988369	0.0471316	-0.0202645	-0.0505798	0.998514
9.9	0.990227	0.137552	0.0229988	-0.138497	0.989278	0.0463376	-0.0163784	-0.0490701	0.998661
9.93333	0.991375	0.129994	0.0166254	-0.13059	0.990544	0.0420492	-0.011002	-0.0438577	0.998977
9.96667	0.992537	0.121595	0.00923715	-0.121857	0.991848	0.0372572	-0.00463158	-0.0381048	0.999263
10	0.993654	0.112457	0.00215643	-0.112467	0.993125	0.0324594	0.00150868	-0.0324959	0.999471
10.0333	0.994589	0.103801	-0.00414431	-0.103656	0.994258	0.0265773	0.00687927	-0.0260039	0.999638
10.0667	0.995213	0.0973192	-0.00891094	-0.097101	0.995025	0.0223077	0.0110376	-0.0213356	0.999711
10.1	0.995451	0.0947895	-0.00958082	-0.0946233	0.995376	0.0165312	0.0111035	-0.0155494	0.999817
10.1333	0.995417	0.0954202	-0.00637116	-0.0953691	0.995411	0.00789129	0.00709491	-0.00724751	0.999949
10.1667	0.995188	0.0979794	0.000890365	-0.0979762	0.995184	-0.00312893	-0.00119265	0.00302664	0.999995
10.2	0.995655	0.0928691	0.00675082	-0.0928171	0.995654	-0.00765844	-0.00743271	0.00699858	0.999948
10.2333	0.996578	0.0819156	0.0110538	-0.081881	0.996636	-0.00354343	-0.0113069	0.00262621	0.999933
10.2667	0.997433	0.0707844	0.0108364	-0.0708106	0.997488	0.00205293	-0.0106638	-0.00281499	0.999939
10.3	0.998178	0.0602017	0.00397458	-0.0602207	0.998173	0.00486382	-0.00367451	-0.00509432	0.99998
10.3333	0.998643	0.0513541	-0.00865362	-0.0513218	0.998674	0.00391947	0.00884343	-0.00347003	0.999955
10.3667	0.998532	0.0476149	-0.0258197	-0.0475884	0.998866	0.00163929	0.0258684	-0.000408171	0.999665
10.4	0.997824	0.0482671	-0.0449153	-0.048237	0.998834	0.00175584	0.0449477	0.000414558	0.998989
10.4333	0.996596	0.0498049	-0.0656935	-0.0493452	0.998745	0.00860276	0.0660395	-0.00533182	0.997803
10.4667	0.994821	0.051413	-0.0876797	-0.0500906	0.998596	0.0172176	0.0884418	-0.0127365	0.996
10.5	0.992183	0.0498101	-0.114416	-0.0481808	0.998695	0.0169638	0.115112	-0.0113185	0.993288
10.5333	0.988519	0.0462396	-0.143845	-0.0457018	0.99893	0.00704239	0.144017	-0.000387558	0.989575
10.5667	0.983861	0.0414604	-0.174063	-0.0435401	0.999018	-0.00814477	0.173554	0.015592	0.984701
10.6	0.978356	0.0390213	-0.203218	-0.0438887	0.998846	-0.019499	0.202222	0.027996	0.978939
10.6333	0.972529	0.0390716	-0.229479	-0.0458879	0.998648	-0.0244407	0.228213	0.0342996	0.973007
10.6667	0.966581	0.0389661	-0.253382	-0.048731	0.998287	-0.0323744	0.251686	0.0436401	0.966825
