0	0.857478	-0.514521	0	0.514521	0.857478	0	0	0	1
0.0333333	0.814558	-0.561709	-0.144838	0.548432	0.827071	-0.123192	0.188989	0.0209126	0.981756
0.0666667	0.845692	-0.402894	-0.349974	0.33792	0.911839	-0.233153	0.413056	0.0789122	0.90728
0.1	0.82123	-0.279145	-0.497655	0.154527	0.948374	-0.276962	0.549275	0.150548	0.821968
0.133333	0.780394	-0.189887	-0.595758	0.0136712	0.957728	-0.287351	0.625138	0.216102	0.750001
0.166667	0.742338	-0.128637	-0.657562	-0.086505	0.954783	-0.284439	0.664418	0.268032	0.697644
0.2	0.712936	-0.0871933	-0.695787	-0.155486	0.947883	-0.278103	0.683774	0.306454	0.662223
0.233333	0.692133	-0.0591114	-0.719346	-0.202467	0.940725	-0.272111	0.692791	0.333981	0.639138
0.266667	0.678068	-0.0400427	-0.733908	-0.234305	0.934644	-0.267473	0.696653	0.353323	0.62437
0.3	0.668698	-0.0273601	-0.74303	-0.255468	0.930031	-0.264157	0.698268	0.366462	0.61492
0.333333	0.662054	-0.0188393	-0.749219	-0.269803	0.926667	-0.261715	0.699207	0.375411	0.608421
0.366667	0.657971	-0.0131453	-0.752928	-0.279254	0.924298	-0.260173	0.699351	0.381444	0.604491
0.4	0.655354	-0.00928077	-0.755265	-0.285613	0.922636	-0.259168	0.69924	0.38556	0.602003
0.433333	0.653681	-0.00674501	-0.75674	-0.289769	0.921521	-0.25852	0.699096	0.388269	0.600427
0.466667	0.653314	-0.00442097	-0.757074	-0.293176	0.920485	-0.25837	0.698018	0.390753	0.60007
0.5	0.653718	-0.00316246	-0.756732	-0.294813	0.919919	-0.258524	0.69695	0.392096	0.600435
0.533333	0.654155	-0.00195751	-0.756358	-0.296359	0.919374	-0.258693	0.695882	0.393379	0.600833
0.566667	0.654261	-0.000979665	-0.756268	-0.297698	0.91893	-0.258734	0.695211	0.394419	0.600929
0.6	0.65413	-0.0001266	-0.756382	-0.298941	0.918541	-0.258682	0.694801	0.395325	0.600808
0.633333	0.653655	0.0002144	-0.756793	-0.299582	0.918385	-0.258494	0.694972	0.395687	0.600371
0.666667	0.653457	0.000415258	-0.756964	-0.299932	0.918293	-0.258416	0.695007	0.395901	0.600189
0.7	0.653701	0.000255768	-0.756753	-0.299625	0.918366	-0.258512	0.69491	0.395731	0.600413
0.733333	0.653759	0.000309992	-0.756703	-0.299681	0.918341	-0.258535	0.694831	0.395789	0.600467
0.766667	0.653804	0.000525781	-0.756664	-0.299968	0.918242	-0.258553	0.694665	0.396018	0.600508
0.8	0.653698	0.000666884	-0.756755	-0.300203	0.918178	-0.258511	0.694663	0.396168	0.600411
0.833333	0.653677	0.000702909	-0.756774	-0.300261	0.918161	-0.258503	0.694658	0.396207	0.600392
0.866667	0.653477	0.000763197	-0.756946	-0.300414	0.918133	-0.258424	0.69478	0.396271	0.600208
0.9	0.653272	0.000714319	-0.757123	-0.300415	0.918156	-0.258342	0.694972	0.396219	0.60002
0.933333	0.653161	0.000728788	-0.757219	-0.300473	0.918149	-0.258298	0.695052	0.396234	0.599918
0.966667	0.653235	0.00102191	-0.757154	-0.30086	0.918014	-0.258328	0.694814	0.396546	0.599987
1	0.653386	0.00111354	-0.757024	-0.300937	0.917972	-0.258388	0.694639	0.396643	0.600125
1.03333	0.653356	0.00134677	-0.75705	-0.301275	0.917865	-0.258376	0.694521	0.396891	0.600098
1.06667	0.653339	0.00160803	-0.757064	-0.301647	0.917744	-0.258369	0.694376	0.397169	0.600083
1.1	0.653172	0.00150719	-0.757208	-0.301563	0.917791	-0.258303	0.694569	0.397062	0.59993
1.13333	0.653068	0.00159058	-0.757297	-0.301715	0.917752	-0.258262	0.694601	0.39715	0.599835
1.16667	0.652878	0.00169869	-0.757461	-0.301932	0.917702	-0.258186	0.694685	0.397266	0.59966
1.2	0.652707	0.00147369	-0.757609	-0.301674	0.917806	-0.258117	0.694958	0.397026	0.599503
1.23333	0.652428	0.00140626	-0.757849	-0.301674	0.917837	-0.258006	0.69522	0.396954	0.599247
1.26667	0.652286	0.00156829	-0.757971	-0.30195	0.917762	-0.25795	0.695233	0.397127	0.599117
1.3	0.652628	0.00179308	-0.757677	-0.30215	0.917658	-0.258086	0.694826	0.397366	0.599431
1.33333	0.652345	0.0018128	-0.75792	-0.302274	0.917649	-0.257974	0.695037	0.397387	0.599172
1.36667	0.651865	0.00179471	-0.758333	-0.302412	0.917658	-0.257782	0.695427	0.397368	0.598731
1.4	0.651054	0.00179857	-0.759029	-0.302692	0.917656	-0.257459	0.696064	0.397372	0.597988
1.43333	0.650716	0.00175128	-0.759319	-0.302741	0.917678	-0.257324	0.69636	0.397321	0.597678
1.46667	0.650565	0.00181217	-0.759448	-0.302877	0.917649	-0.257264	0.696441	0.397387	0.59754
1.5	0.650882	0.00179925	-0.759177	-0.302752	0.917655	-0.25739	0.6962	0.397373	0.59783
1.53333	0.651358	0.00174268	-0.758769	-0.302511	0.917682	-0.25758	0.695859	0.397312	0.598266
1.56667	0.651237	0.00169987	-0.758872	-0.302491	0.917702	-0.257532	0.695981	0.397267	0.598156
1.6	0.651472	0.0013875	-0.758672	-0.301972	0.917847	-0.257625	0.695987	0.396933	0.59837
1.63333	0.651911	0.00106719	-0.758295	-0.301372	0.917995	-0.257799	0.695836	0.396591	0.598773
1.66667	0.652495	0.00104123	-0.757792	-0.301137	0.918007	-0.258031	0.69539	0.396563	0.599308
1.7	0.65306	0.000921786	-0.757306	-0.300776	0.918062	-0.258256	0.695015	0.396436	0.599827
1.73333	0.653302	0.000657373	-0.757097	-0.300322	0.918184	-0.258352	0.694984	0.396155	0.600049
1.76667	0.653539	0.000335762	-0.756892	-0.299789	0.918331	-0.258446	0.694991	0.395813	0.600266
1.8	0.653968	3.07774e-05	-0.756523	-0.299214	0.918471	-0.258615	0.694836	0.395488	0.600659
1.83333	0.654851	-0.000136738	-0.755758	-0.298677	0.918547	-0.258965	0.694235	0.395311	0.601471
1.86667	0.655503	-0.000149188	-0.755193	-0.298436	0.918553	-0.259222	0.693723	0.395298	0.602069
1.9	0.655976	-0.00022007	-0.754781	-0.298174	0.918585	-0.259409	0.693388	0.395223	0.602505
1.93333	0.656061	-0.000370851	-0.754708	-0.297934	0.918654	-0.259443	0.693412	0.395063	0.602582
1.96667	0.656171	-0.00036011	-0.754612	-0.297911	0.918649	-0.259486	0.693317	0.395075	0.602683
2	0.656249	-0.000582623	-0.754544	-0.297573	0.91875	-0.259517	0.693389	0.39484	0.602755
2.03333	0.656263	-0.000908583	-0.754532	-0.297112	0.918898	-0.259523	0.693574	0.394495	0.602768
2.06667	0.655932	-0.00103392	-0.75482	-0.29705	0.918954	-0.259392	0.693913	0.394363	0.602464
2.1	0.655437	-0.00182076	-0.755247	-0.296116	0.91931	-0.259199	0.694779	0.393529	0.602011
2.13333	0.6554	-0.00246202	-0.755278	-0.295228	0.9196	-0.259185	0.695191	0.392849	0.601979
2.16667	0.655227	-0.00278725	-0.755427	-0.294831	0.919746	-0.259118	0.695523	0.392504	0.601821
2.2	0.655892	-0.00314548	-0.754848	-0.294099	0.919907	-0.259378	0.695206	0.392124	0.602434
2.23333	0.65684	-0.00377578	-0.75402	-0.292888	0.920189	-0.259748	0.694822	0.391457	0.603311
2.26667	0.658064	-0.00369091	-0.752953	-0.292585	0.920151	-0.260224	0.693791	0.391547	0.604438
2.3	0.659514	-0.00369712	-0.751683	-0.292074	0.920154	-0.260787	0.692628	0.39154	0.605775
2.33333	0.661038	-0.00363159	-0.750344	-0.291636	0.920125	-0.261379	0.691359	0.391609	0.607178
2.36667	0.662916	-0.00401587	-0.748683	-0.290446	0.920293	-0.262109	0.690061	0.391208	0.608911
2.4	0.664765	-0.00368074	-0.747044	-0.290262	0.920147	-0.262827	0.688357	0.391556	0.610613
2.43333	0.664551	-0.00369165	-0.747234	-0.290322	0.920152	-0.262743	0.688539	0.391545	0.610416
2.46667	0.664549	-0.00355632	-0.747237	-0.290511	0.920092	-0.262742	0.688461	0.391685	0.610413
2.5	0.664761	-0.00357107	-0.747048	-0.290416	0.920099	-0.262825	0.688296	0.39167	0.610608
2.53333	0.665011	-0.0041223	-0.746823	-0.289564	0.920339	-0.262923	0.688414	0.391099	0.610842
2.56667	0.66799	-0.00545513	-0.74415	-0.286667	0.920915	-0.264079	0.68674	0.389725	0.613598
2.6	0.671781	-0.00675101	-0.740719	-0.283529	0.921466	-0.26554	0.68434	0.3884	0.617109
2.63333	0.675999	-0.0081475	-0.736857	-0.280094	0.92205	-0.267156	0.681596	0.386986	0.621023
2.66667	0.680895	-0.0110757	-0.732297	-0.274311	0.923246	-0.269019	0.67907	0.384051	0.625595
2.7	0.685959	-0.0150417	-0.727484	-0.267048	0.924816	-0.270926	0.676864	0.380117	0.630369
2.73333	0.692025	-0.0185574	-0.721635	-0.260016	0.92616	-0.273165	0.673418	0.376674	0.636101
2.76667	0.696525	-0.0219773	-0.717196	-0.253701	0.927425	-0.274808	0.671185	0.373363	0.640398
2.8	0.697784	-0.0238321	-0.715911	-0.250726	0.928096	-0.275273	0.670994	0.371578	0.641635
2.83333	0.695579	-0.0253942	-0.718001	-0.249468	0.928657	-0.274522	0.673748	0.37007	0.639619
2.86667	0.690806	-0.0275812	-0.722514	-0.248318	0.929443	-0.272901	0.679062	0.367934	0.635215
2.9	0.684004	-0.0302693	-0.72885	-0.247187	0.930411	-0.270618	0.686321	0.365266	0.628923
2.93333	0.678658	-0.0329675	-0.733714	-0.245428	0.931386	-0.268861	0.692234	0.362538	0.624001
2.96667	0.674252	-0.0345966	-0.73769	-0.244761	0.931975	-0.267421	0.696761	0.360868	0.619919
3	0.669668	-0.0346712	-0.741851	-0.246311	0.932002	-0.265902	0.700626	0.360792	0.615591
3.03333	0.666299	-0.033197	-0.744946	-0.249597	0.931454	-0.264754	0.702672	0.362341	0.612341
3.06667	0.664443	-0.0306369	-0.74671	-0.253881	0.930485	-0.264087	0.702894	0.365046	0.610477
3.1	0.664025	-0.026538	-0.747239	-0.259827	0.9289	-0.263882	0.701114	0.369378	0.609918
3.13333	0.663885	-0.0217136	-0.747519	-0.266681	0.926988	-0.263771	0.698668	0.374463	0.609623
3.16667	0.660077	-0.0172835	-0.750999	-0.274261	0.925178	-0.262349	0.699342	0.37914	0.605948
3.2	0.651785	-0.0146065	-0.758263	-0.280926	0.924043	-0.259278	0.704455	0.382009	0.598174
3.23333	0.63749	-0.0140827	-0.77033	-0.286491	0.923807	-0.253975	0.715213	0.3826	0.584883
3.26667	0.621793	-0.0137776	-0.783061	-0.292024	0.923662	-0.248134	0.726702	0.38296	0.570303
3.3	0.606798	-0.0109124	-0.794781	-0.301011	0.922278	-0.242478	0.735655	0.386373	0.556352
3.33333	0.592999	-0.00660949	-0.805176	-0.311773	0.920081	-0.237169	0.742394	0.391673	0.543546
3.36667	0.58137	-0.00266564	-0.813635	-0.321329	0.917955	-0.232608	0.7475	0.396676	0.532815
3.4	0.573472	0.000448846	-0.819225	-0.328512	0.916203	-0.229462	0.750473	0.400715	0.525564
3.43333	0.569134	0.00269271	-0.82224	-0.333314	0.914903	-0.227715	0.751657	0.403665	0.5216
3.46667	0.566749	0.00406057	-0.82388	-0.336172	0.914097	-0.226748	0.752186	0.405475	0.519429
3.5	0.566465	0.00440433	-0.824074	-0.336804	0.913893	-0.226633	0.752117	0.405931	0.519172
3.53333	0.569157	0.00502038	-0.822213	-0.337051	0.913527	-0.227737	0.749971	0.406746	0.521633
3.56667	0.573904	0.00472453	-0.818909	-0.335256	0.913702	-0.229681	0.747154	0.406358	0.52596
3.6	0.579793	0.00473183	-0.81475	-0.333603	0.913697	-0.232092	0.743337	0.406368	0.531334
3.63333	0.586692	0.00487069	-0.809795	-0.331837	0.913618	-0.234919	0.738699	0.406545	0.537629
3.66667	0.594943	0.00446335	-0.803756	-0.328789	0.913845	-0.238296	0.733444	0.406039	0.545153
3.7	0.603613	0.00392929	-0.797268	-0.325377	0.914136	-0.241839	0.72786	0.40539	0.553063
3.73333	0.611604	0.0026211	-0.791159	-0.320962	0.91483	-0.245089	0.723134	0.40383	0.560356
3.76667	0.619199	0.000341035	-0.785234	-0.315199	0.916008	-0.248153	0.719195	0.401161	0.567299
3.8	0.626203	-0.00195167	-0.779657	-0.309592	0.917156	-0.250954	0.715557	0.398524	0.573722
3.83333	0.62995	-0.00341383	-0.776628	-0.306244	0.917872	-0.25244	0.713707	0.396862	0.577168
3.86667	0.62892	-0.00357929	-0.777462	-0.306337	0.917953	-0.252034	0.714575	0.396674	0.576222
3.9	0.628758	-0.00338115	-0.777593	-0.306678	0.917856	-0.25197	0.714571	0.396899	0.576073
3.93333	0.631876	-0.0031749	-0.775063	-0.305966	0.917755	-0.253201	0.712122	0.397135	0.578936
3.96667	0.636558	-0.00148772	-0.771227	-0.306874	0.916937	-0.255057	0.707546	0.399028	0.583228
4	0.638629	0.00048592	-0.769515	-0.309028	0.915982	-0.255887	0.704738	0.401218	0.585123
4.03333	0.636142	0.0015723	-0.77157	-0.311413	0.915453	-0.254887	0.705936	0.402421	0.582848
4.06667	0.629678	-0.00152774	-0.776855	-0.309042	0.916973	-0.252297	0.71274	0.398946	0.576926
4.1	0.620103	-0.00862799	-0.784473	-0.301657	0.920442	-0.248574	0.724207	0.390783	0.568166
4.13333	0.611064	-0.0176263	-0.791385	-0.290943	0.924774	-0.245247	0.736175	0.380109	0.559967
4.16667	0.605908	-0.0253573	-0.79513	-0.280673	0.928405	-0.243487	0.744377	0.370703	0.555411
4.2	0.605883	-0.0304742	-0.79497	-0.272758	0.930742	-0.24356	0.747334	0.364403	0.555609
4.23333	0.60759	-0.0338328	-0.79353	-0.267024	0.932236	-0.244201	0.748019	0.360266	0.557383
4.26667	0.607737	-0.0360703	-0.793319	-0.263504	0.933213	-0.244293	0.749147	0.357509	0.557643
4.3	0.606599	-0.0382432	-0.794088	-0.26047	0.934151	-0.24396	0.751128	0.354822	0.556694
4.33333	0.60622	-0.0411236	-0.794233	-0.256088	0.935379	-0.243898	0.752939	0.351249	0.556514
4.36667	0.606788	-0.0446037	-0.793611	-0.250466	0.936832	-0.244157	0.754371	0.346924	0.557287
4.4	0.606574	-0.048179	-0.793566	-0.244923	0.938292	-0.244176	0.75636	0.342473	0.557343
4.43333	0.604632	-0.0506266	-0.794894	-0.241665	0.939274	-0.243643	0.758959	0.339412	0.555681
4.46667	0.601191	-0.0521714	-0.797401	-0.240269	0.939891	-0.242642	0.762129	0.337465	0.552519
4.5	0.597128	-0.0530004	-0.800393	-0.240177	0.940224	-0.241442	0.765345	0.336408	0.548704
4.53333	0.594954	-0.0537275	-0.801962	-0.239665	0.940516	-0.240811	0.767196	0.335474	0.546687
4.56667	0.596331	-0.053865	-0.800929	-0.23903	0.940572	-0.241226	0.766325	0.335296	0.548017
4.6	0.601237	-0.0533866	-0.797285	-0.238306	0.940382	-0.242676	0.762708	0.335904	0.55267
4.63333	0.608936	-0.0515718	-0.791541	-0.238805	0.939669	-0.244937	0.756418	0.338175	0.559883
4.66667	0.621025	-0.0482126	-0.782307	-0.240222	0.938364	-0.248527	0.746071	0.342269	0.571166
4.7	0.638687	-0.0419097	-0.768324	-0.244015	0.935945	-0.253896	0.72975	0.349643	0.58755
4.73333	0.657506	-0.0327055	-0.752739	-0.251097	0.932434	-0.259842	0.710377	0.359858	0.604869
4.76667	0.671571	-0.0249358	-0.74052	-0.257145	0.929471	-0.2645	0.694888	0.368052	0.617794
4.8	0.676708	-0.0224853	-0.735908	-0.258695	0.928539	-0.266255	0.689307	0.370553	0.622533
4.83333	0.669536	-0.0248993	-0.742362	-0.257922	0.929456	-0.263794	0.696562	0.368091	0.615882
4.86667	0.649484	-0.0286621	-0.759835	-0.259545	0.930916	-0.256967	0.714708	0.364107	0.597176
4.9	0.621568	-0.0305906	-0.782762	-0.265828	0.931708	-0.247498	0.736877	0.361917	0.570989
4.93333	0.59312	-0.0306424	-0.804531	-0.274429	0.93174	-0.237803	0.7569	0.361832	0.544224
4.96667	0.567861	-0.0298408	-0.822583	-0.282953	0.931365	-0.229121	0.772962	0.362862	0.520443
5	0.544735	-0.0303334	-0.83806	-0.288375	0.931626	-0.221162	0.787467	0.36215	0.498742
5.03333	0.524014	-0.0327957	-0.851078	-0.289369	0.932963	-0.214117	0.801046	0.358476	0.479395
5.06667	0.508384	-0.0361359	-0.860372	-0.287126	0.934832	-0.208922	0.811853	0.353248	0.464877
5.1	0.499861	-0.038693	-0.865241	-0.284382	0.936282	-0.206161	0.818087	0.34911	0.457008
5.13333	0.498266	-0.0400517	-0.866099	-0.282186	0.937054	-0.205674	0.819818	0.346881	0.4556
5.16667	0.502171	-0.0401969	-0.863834	-0.280981	0.937135	-0.20695	0.817847	0.346645	0.459307
5.2	0.513058	-0.0395527	-0.857442	-0.279548	0.936777	-0.210482	0.811557	0.347686	0.469564
5.23333	0.525512	-0.0372482	-0.84997	-0.280648	0.935532	-0.214514	0.803165	0.351272	0.48118
5.26667	0.542613	-0.033805	-0.839302	-0.282339	0.933714	-0.220141	0.79111	0.35642	0.497101
5.3	0.56346	-0.0291025	-0.82563	-0.284747	0.9313	-0.227156	0.77552	0.363089	0.516464
5.33333	0.583833	-0.0246861	-0.811498	-0.286233	0.929098	-0.234194	0.759743	0.369008	0.535372
5.36667	0.602826	-0.0204582	-0.79761	-0.28729	0.927053	-0.24091	0.744355	0.374373	0.552974
5.4	0.618881	-0.0163805	-0.785314	-0.288565	0.925131	-0.246706	0.730559	0.379295	0.567819
5.43333	0.628908	-0.0126579	-0.777376	-0.290915	0.923403	-0.25039	0.721001	0.383623	0.577053
5.46667	0.633735	-0.0088869	-0.773499	-0.294882	0.921654	-0.252188	0.71514	0.387911	0.581463
5.5	0.640695	-0.0058352	-0.767773	-0.297014	0.920237	-0.254848	0.70802	0.391319	0.587858
5.53333	0.651527	-0.00219755	-0.758622	-0.298556	0.918557	-0.25907	0.697407	0.395282	0.597809
5.56667	0.662085	0.00367362	-0.749419	-0.303107	0.915861	-0.263295	0.685397	0.401478	0.607492
5.6	0.664092	0.00877837	-0.7476	-0.30943	0.9135	-0.26414	0.680614	0.406743	0.609364
5.63333	0.656458	0.0108776	-0.754284	-0.314991	0.912508	-0.260979	0.685451	0.408914	0.602449
5.66667	0.644273	0.00740458	-0.76476	-0.314276	0.914188	-0.255911	0.69724	0.405223	0.591314
5.7	0.63187	-0.00148675	-0.775073	-0.305605	0.918506	-0.250903	0.712283	0.395404	0.579922
5.73333	0.620742	-0.0113507	-0.783932	-0.294621	0.923233	-0.246658	0.726552	0.384073	0.569746
5.76667	0.612412	-0.0192761	-0.790304	-0.285258	0.926962	-0.243658	0.737278	0.374659	0.562184
5.8	0.610659	-0.023159	-0.791555	-0.279861	0.928758	-0.243077	0.740792	0.369963	0.560673
5.83333	0.612205	-0.0255484	-0.790286	-0.275725	0.929843	-0.243654	0.741067	0.367068	0.562211
5.86667	0.610761	-0.0276805	-0.791331	-0.272894	0.930801	-0.243183	0.743303	0.364477	0.560943
5.9	0.607089	-0.0307117	-0.79404	-0.269332	0.932153	-0.241973	0.747598	0.36076	0.557628
5.93333	0.602734	-0.034549	-0.797194	-0.264668	0.933848	-0.240579	0.75277	0.355997	0.553719
5.96667	0.597273	-0.0403174	-0.801024	-0.257207	0.936358	-0.238912	0.759677	0.348725	0.548892
6	0.589135	-0.0470297	-0.806665	-0.248858	0.93922	-0.236508	0.768759	0.34008	0.541623
6.03333	0.578897	-0.0534357	-0.813648	-0.241357	0.941906	-0.23358	0.778861	0.331598	0.53237
6.06667	0.567279	-0.0595798	-0.821368	-0.234378	0.944453	-0.230382	0.789469	0.323201	0.521804
6.1	0.555739	-0.0659761	-0.828735	-0.226617	0.947075	-0.227364	0.799874	0.314161	0.511375
6.13333	0.548113	-0.0715966	-0.833334	-0.218858	0.949339	-0.225514	0.807262	0.305989	0.504676
6.16667	0.54621	-0.0752716	-0.834259	-0.212863	0.950787	-0.225152	0.81015	0.300564	0.503307
6.2	0.550042	-0.0761153	-0.831661	-0.210328	0.951113	-0.226154	0.808218	0.299316	0.507143
6.23333	0.561868	-0.0743254	-0.823881	-0.210193	0.950441	-0.229089	0.800077	0.301891	0.518399
6.26667	0.580707	-0.0693017	-0.811157	-0.21337	0.948585	-0.233794	0.785654	0.308843	0.536063
6.3	0.602873	-0.0595791	-0.795609	-0.222693	0.945009	-0.239512	0.766128	0.321572	0.556453
6.33333	0.629681	-0.0458465	-0.7755	-0.235754	0.939902	-0.24699	0.740218	0.338352	0.58103
6.36667	0.651077	-0.0314043	-0.758361	-0.250179	0.934429	-0.253482	0.716595	0.354763	0.600529
6.4	0.662264	-0.0194979	-0.749016	-0.263431	0.92978	-0.257124	0.701434	0.367598	0.610624
6.43333	0.657815	-0.0141952	-0.753046	-0.27246	0.927626	-0.255491	0.702171	0.37324	0.606339
6.46667	0.645147	-0.0103083	-0.763989	-0.282254	0.925965	-0.250842	0.710013	0.377469	0.594474
6.5	0.626368	-0.00697459	-0.779497	-0.293143	0.924454	-0.243828	0.722309	0.38123	0.577003
6.53333	0.607414	-0.00312077	-0.794379	-0.3047	0.922591	-0.23661	0.733625	0.385768	0.559443
6.56667	0.58998	0.00016399	-0.807418	-0.314827	0.920896	-0.229857	0.74351	0.389808	0.543362
6.6	0.573796	0.00133694	-0.818997	-0.321184	0.92026	-0.223522	0.753392	0.391305	0.528471
6.63333	0.55919	-9.61341e-05	-0.829039	-0.322758	0.921079	-0.217808	0.763632	0.389375	0.515028
6.66667	0.547693	-0.00228777	-0.836677	-0.322077	0.922359	-0.213355	0.772204	0.386328	0.504432
6.7	0.543361	-0.00505681	-0.839484	-0.318483	0.923985	-0.211706	0.776741	0.382394	0.500447
6.73333	0.544347	-0.00751519	-0.838826	-0.314048	0.925415	-0.212089	0.777856	0.378881	0.501387
6.76667	0.548234	-0.00935645	-0.836273	-0.309933	0.926466	-0.213548	0.776776	0.376263	0.50502
6.8	0.554759	-0.0108038	-0.831941	-0.305816	0.927273	-0.215967	0.77377	0.37423	0.511109
6.83333	0.562932	-0.0121599	-0.826414	-0.301417	0.928008	-0.218972	0.769582	0.372361	0.51874
6.86667	0.572005	-0.0137246	-0.820136	-0.296419	0.928831	-0.222282	0.764818	0.37025	0.527227
6.9	0.581283	-0.0151277	-0.813561	-0.291609	0.929544	-0.225637	0.759654	0.3684	0.535917
6.93333	0.589599	-0.0156609	-0.807544	-0.288431	0.929807	-0.228619	0.754441	0.367714	0.543696
6.96667	0.596067	-0.0150317	-0.802794	-0.287577	0.929501	-0.230927	0.749669	0.368513	0.549722
7	0.601024	-0.0132554	-0.799121	-0.288912	0.928645	-0.232697	0.745184	0.370732	0.554308
7.03333	0.609024	-0.0103803	-0.793084	-0.29099	0.927265	-0.235593	0.737845	0.374261	0.561706
7.06667	0.621106	-0.00695258	-0.783696	-0.292534	0.925634	-0.240055	0.727084	0.378357	0.572883
7.1	0.632663	-0.00255202	-0.774423	-0.295454	0.923563	-0.244414	0.715852	0.383438	0.58355
7.13333	0.639809	0.00184807	-0.768532	-0.299566	0.921502	-0.247175	0.707747	0.38837	0.590138
7.16667	0.641738	0.00448803	-0.766911	-0.302735	0.92026	-0.247938	0.704645	0.391282	0.591924
7.2	0.640742	0.00327944	-0.767749	-0.301323	0.920829	-0.247543	0.706154	0.389952	0.591002
7.23333	0.635352	-0.00186126	-0.77222	-0.295624	0.923233	-0.245453	0.713396	0.384236	0.586028
7.26667	0.628865	-0.00780738	-0.777475	-0.288959	0.925982	-0.243025	0.721825	0.377488	0.580062
7.3	0.623898	-0.0130035	-0.781398	-0.282782	0.928354	-0.241233	0.72855	0.37147	0.575521
7.33333	0.622298	-0.0169976	-0.782596	-0.277288	0.93015	-0.240693	0.732023	0.366787	0.574117
7.36667	0.624559	-0.0196516	-0.78073	-0.272605	0.93132	-0.241517	0.731856	0.363673	0.576307
7.4	0.627798	-0.0220981	-0.778063	-0.267935	0.932374	-0.24267	0.730809	0.360818	0.579422
7.43333	0.631962	-0.0242482	-0.77462	-0.263423	0.93328	-0.244125	0.728857	0.35833	0.58341
7.46667	0.634841	-0.0259858	-0.772206	-0.259931	0.933997	-0.245123	0.727608	0.356334	0.586185
7.5	0.637011	-0.0290753	-0.770306	-0.254657	0.935247	-0.245891	0.727576	0.352799	0.588358
7.53333	0.636087	-0.0328525	-0.770917	-0.249338	0.936743	-0.245649	0.730221	0.348474	0.587659
7.56667	0.631879	-0.0373915	-0.774165	-0.243883	0.938507	-0.244388	0.735697	0.343229	0.583904
7.6	0.625222	-0.0415173	-0.779342	-0.239726	0.940092	-0.2424	0.742717	0.338382	0.577814
7.63333	0.617394	-0.0453849	-0.785344	-0.236207	0.941571	-0.240106	0.750354	0.333744	0.5706
7.66667	0.609877	-0.0489142	-0.790985	-0.232994	0.942916	-0.237955	0.757472	0.329418	0.563666
7.7	0.606338	-0.0513138	-0.79355	-0.230277	0.943828	-0.236982	0.761135	0.326427	0.560463
7.73333	0.603624	-0.0519277	-0.795576	-0.230115	0.94406	-0.236214	0.763338	0.325659	0.557908
7.76667	0.60708	-0.050386	-0.793042	-0.231523	0.943475	-0.237177	0.760165	0.327593	0.561099
7.8	0.614471	-0.047546	-0.787506	-0.233739	0.942397	-0.239278	0.75352	0.3311	0.567962
7.83333	0.626426	-0.0423718	-0.778328	-0.238012	0.940435	-0.242758	0.742253	0.337322	0.579029
7.86667	0.638266	-0.0349036	-0.769024	-0.245497	0.937584	-0.246309	0.729621	0.346004	0.589859
7.9	0.646318	-0.024766	-0.762666	-0.25781	0.933613	-0.248797	0.718197	0.357425	0.597026
7.93333	0.648365	-0.0144974	-0.761191	-0.272015	0.929413	-0.249398	0.711077	0.368757	0.598656
7.96667	0.643274	-0.00849475	-0.765589	-0.282337	0.926835	-0.247513	0.711677	0.375373	0.59381
8	0.62975	-0.00675096	-0.776769	-0.289199	0.926042	-0.24251	0.720957	0.377361	0.581222
8.03333	0.609298	-0.00718392	-0.792909	-0.29479	0.926235	-0.234919	0.736108	0.376877	0.562236
8.06667	0.587221	-0.00656513	-0.8094	-0.302112	0.925926	-0.226693	0.750933	0.377648	0.54174
8.1	0.569229	-0.00332487	-0.822172	-0.312217	0.92421	-0.219901	0.760591	0.38187	0.525049
8.13333	0.556987	0.00106584	-0.830521	-0.322631	0.921739	-0.215189	0.765294	0.387809	0.51374
8.16667	0.549385	0.00376297	-0.835561	-0.329064	0.920153	-0.212217	0.768045	0.391541	0.506757
8.2	0.546269	0.00510832	-0.837594	-0.332106	0.919342	-0.210989	0.768957	0.393427	0.503904
8.23333	0.548	0.00603021	-0.836456	-0.333216	0.918781	-0.211681	0.767243	0.394723	0.505501
8.26667	0.552615	0.0067704	-0.833409	-0.333277	0.918331	-0.213528	0.7639	0.395755	0.50974
8.3	0.558869	0.00699426	-0.829226	-0.332032	0.918196	-0.216033	0.759882	0.396064	0.515474
8.33333	0.56617	0.00668282	-0.824261	-0.329606	0.918378	-0.218955	0.75552	0.395647	0.522161
8.36667	0.573188	0.00583728	-0.819403	-0.326366	0.918864	-0.221753	0.751625	0.394531	0.528587
8.4	0.580777	0.00392157	-0.814053	-0.321245	0.919938	-0.224757	0.747997	0.392044	0.535539
8.43333	0.587363	0.000918762	-0.809323	-0.314682	0.921572	-0.227333	0.74564	0.388207	0.541586
8.46667	0.592434	-0.00223698	-0.805616	-0.308315	0.923237	-0.229292	0.744287	0.384224	0.546268
8.5	0.594951	-0.00475362	-0.803748	-0.303677	0.924534	-0.230256	0.744186	0.381071	0.548609
8.53333	0.594268	-0.00669896	-0.804239	-0.300842	0.925522	-0.230007	0.745882	0.378634	0.547993
8.56667	0.591392	-0.00772314	-0.806348	-0.300058	0.926041	-0.228938	0.748479	0.377343	0.545336
8.6	0.591715	-0.00806752	-0.806107	-0.299426	0.926216	-0.22906	0.748477	0.376908	0.54564
8.63333	0.597498	-0.00780365	-0.801832	-0.298185	0.926082	-0.23121	0.744367	0.377242	0.551005
8.66667	0.608662	-0.00614923	-0.793405	-0.297472	0.925261	-0.235377	0.735555	0.379281	0.561342
8.7	0.62264	-0.00383236	-0.782499	-0.296746	0.924137	-0.240649	0.724059	0.382041	0.574268
8.73333	0.632744	-0.00156384	-0.774359	-0.296944	0.923062	-0.244503	0.715164	0.384649	0.583598
8.76667	0.635974	-0.00128282	-0.771709	-0.296329	0.92293	-0.245742	0.712549	0.384966	0.586579
8.8	0.63515	-0.00371181	-0.77238	-0.293058	0.924057	-0.245431	0.714634	0.382237	0.585827
8.83333	0.632483	-0.00890414	-0.774523	-0.286305	0.926431	-0.24445	0.719719	0.37636	0.583402
8.86667	0.628286	-0.0153395	-0.777831	-0.278109	0.929313	-0.242967	0.726576	0.368975	0.579608
8.9	0.625712	-0.0202387	-0.779791	-0.271596	0.931462	-0.242106	0.731246	0.363277	0.57733
8.93333	0.623921	-0.0241679	-0.781114	-0.266242	0.933154	-0.241535	0.734737	0.358664	0.57578
8.96667	0.621145	-0.0272542	-0.783221	-0.262425	0.934466	-0.240637	0.738452	0.355008	0.573287
9	0.615533	-0.0303954	-0.787525	-0.259338	0.935794	-0.238818	0.74422	0.351236	0.568129
9.03333	0.608966	-0.0342967	-0.792455	-0.255282	0.937435	-0.236744	0.750994	0.346468	0.56211
9.06667	0.603179	-0.0388415	-0.796659	-0.249882	0.939328	-0.234992	0.757452	0.340813	0.556878
9.1	0.596222	-0.043871	-0.80162	-0.243935	0.941397	-0.232952	0.764863	0.334434	0.55058
9.13333	0.588641	-0.0486461	-0.80693	-0.238421	0.94334	-0.230793	0.772436	0.328243	0.54369
9.16667	0.581458	-0.0527735	-0.811863	-0.233702	0.945003	-0.228806	0.779288	0.322775	0.537147
9.2	0.575208	-0.056553	-0.81605	-0.229176	0.946514	-0.227133	0.785248	0.317668	0.531482
9.23333	0.570451	-0.0596753	-0.819161	-0.225248	0.947751	-0.225902	0.789841	0.31338	0.527203
9.26667	0.56873	-0.0613107	-0.820236	-0.222954	0.948394	-0.22548	0.791731	0.311112	0.52571
9.3	0.571357	-0.0612064	-0.818416	-0.222405	0.948353	-0.22619	0.789992	0.311255	0.528235
9.33333	0.578639	-0.0589677	-0.813449	-0.224129	0.947486	-0.228116	0.784183	0.314315	0.535036
9.36667	0.589445	-0.0552748	-0.805915	-0.227148	0.946061	-0.231023	0.775215	0.319237	0.545096
9.4	0.60667	-0.049059	-0.793439	-0.23209	0.943679	-0.235806	0.76032	0.327205	0.561115
9.43333	0.628032	-0.0397598	-0.777171	-0.239972	0.940128	-0.242018	0.740263	0.338495	0.580889
9.46667	0.650188	-0.0277785	-0.759266	-0.250673	0.935531	-0.248888	0.71723	0.352152	0.601307
9.5	0.667523	-0.0143739	-0.74445	-0.263984	0.930299	-0.254668	0.696222	0.36652	0.617202
9.53333	0.673684	-0.00340938	-0.739012	-0.277075	0.925881	-0.256853	0.685113	0.3778	0.622806
9.56667	0.671145	0.00384094	-0.741316	-0.28792	0.922835	-0.255885	0.68313	0.385176	0.620462
9.6	0.657037	0.00704764	-0.753825	-0.297158	0.921413	-0.25039	0.69282	0.388521	0.607497
9.63333	0.635203	0.00918095	-0.772291	-0.307246	0.920407	-0.241766	0.708602	0.390854	0.587466
9.66667	0.611788	0.0122008	-0.790928	-0.318786	0.918892	-0.232408	0.723941	0.394321	0.566056
9.7	0.593608	0.0158906	-0.804597	-0.329587	0.91691	-0.225051	0.734167	0.398777	0.549523
9.73333	0.580231	0.0186676	-0.814238	-0.337568	0.915335	-0.219567	0.741202	0.402261	0.537407
9.76667	0.570219	0.020072	-0.821248	-0.342449	0.914506	-0.215422	0.746712	0.404073	0.528342
9.8	0.564727	0.0201217	-0.825033	-0.343957	0.914477	-0.213132	0.750185	0.404137	0.52335
9.83333	0.563426	0.0193493	-0.82594	-0.343047	0.914947	-0.21258	0.751578	0.403109	0.522143
9.86667	0.564371	0.0178196	-0.825329	-0.340333	0.915874	-0.21295	0.752103	0.40107	0.522957
9.9	0.566572	0.0165754	-0.823846	-0.337758	0.91662	-0.213839	0.751609	0.399416	0.52493
9.93333	0.569253	0.0150237	-0.822025	-0.334565	0.917538	-0.214917	0.751011	0.397364	0.527338
9.96667	0.571052	0.012695	-0.820816	-0.330358	0.918896	-0.215623	0.751507	0.394295	0.528932
10	0.572759	0.00993587	-0.819663	-0.325486	0.920479	-0.216283	0.752334	0.390667	0.530447
10.0333	0.574351	0.00686041	-0.81858	-0.320136	0.92221	-0.216893	0.753414	0.38663	0.531868
10.0667	0.576599	0.0037447	-0.817019	-0.31455	0.923927	-0.217754	0.75405	0.38255	0.533913
10.1	0.578219	0.00128969	-0.815881	-0.31019	0.925255	-0.218371	0.754616	0.379345	0.5354
10.1333	0.579095	0.000191385	-0.81526	-0.3082	0.925841	-0.218703	0.75476	0.377913	0.536209
10.1667	0.578983	0.000577887	-0.81534	-0.308848	0.925635	-0.21866	0.754581	0.378416	0.536105
10.2	0.582698	0.00137168	-0.812687	-0.309112	0.925212	-0.220072	0.751606	0.379447	0.539544
10.2333	0.592943	0.00267351	-0.80524	-0.308355	0.924525	-0.223989	0.743866	0.381113	0.549015
10.2667	0.609055	0.00516569	-0.793111	-0.307616	0.923241	-0.230215	0.731043	0.384188	0.563893
10.3	0.625237	0.00862458	-0.780387	-0.307987	0.921509	-0.236571	0.717093	0.388262	0.578818
10.3333	0.636683	0.0112435	-0.771044	-0.308278	0.920226	-0.241139	0.706823	0.391225	0.589359
10.3667	0.642649	0.01094	-0.766083	-0.305962	0.920372	-0.243521	0.702417	0.39089	0.594823
10.4	0.644102	0.00751504	-0.764903	-0.300609	0.921988	-0.244076	0.703397	0.387147	0.596113
10.4333	0.644803	0.00124839	-0.764348	-0.291419	0.924866	-0.24433	0.706615	0.38029	0.59672
10.4667	0.646548	-0.00585094	-0.762851	-0.280664	0.928012	-0.244992	0.709368	0.372504	0.598362
10.5	0.645347	-0.0115115	-0.763803	-0.272879	0.930439	-0.244582	0.713487	0.366266	0.597315
10.5333	0.645056	-0.0153381	-0.763982	-0.267422	0.932042	-0.244505	0.715813	0.362025	0.597117
10.5667	0.642896	-0.0185447	-0.765729	-0.263436	0.933366	-0.243782	0.719226	0.358447	0.595172
10.6	0.638239	-0.0222121	-0.769518	-0.25952	0.934866	-0.242231	0.724776	0.354306	0.590903
10.6333	0.628683	-0.0252972	-0.77725	-0.257898	0.936127	-0.23907	0.733653	0.350751	0.582003
10.6667	0.608279	-0.0270598	-0.793262	-0.261329	0.936868	-0.232347	0.749469	0.348634	0.562805
