0	0	0	-1.27081	1	0	0	0	1	0	0	0	1
0.0333333	0.156976	0.976881	-2.01077	0.0606328	0.998121	0.00881164	-0.997875	0.060402	0.0244515	0.0238733	-0.0102755	0.999662
0.0666667	0.154284	0.977031	-2.0117	0.0057906	0.999977	0.00345585	-0.999974	0.00577606	0.00420154	0.00418148	-0.00348009	0.999985
0.1	0.154602	0.976939	-2.01168	0.00392946	0.999992	-0.000436266	-0.999988	0.00393071	0.00289779	0.00289948	0.000424874	0.999996
0.133333	0.155045	0.976803	-2.01137	0.00395141	0.999986	-0.00351328	-0.999988	0.00396126	0.00280319	0.00281707	0.00350216	0.99999
0.166667	0.155582	0.976637	-2.01108	0.00419864	0.99998	-0.00482339	-0.999988	0.00421047	0.00244454	0.0024648	0.00481306	0.999985
0.2	0.156101	0.97652	-2.01076	0.00447499	0.999976	-0.00527166	-0.999988	0.00448551	0.00198498	0.00200858	0.00526271	0.999984
0.233333	0.156568	0.976454	-2.01045	0.00437485	0.999982	-0.0041616	-0.99999	0.00438002	0.00123417	0.00125238	0.00415615	0.999991
0.266667	0.157067	0.976407	-2.00999	0.00446364	0.999988	-0.00179863	-0.99999	0.00446435	0.000390146	0.000398171	0.00179687	0.999998
0.3	0.157597	0.976286	-2.0095	0.0047999	0.999987	0.00141425	-0.999987	0.00480192	-0.00143138	-0.00143815	-0.00140736	0.999998
0.333333	0.158153	0.976119	-2.00873	0.00515528	0.999964	0.00674261	-0.999979	0.00518186	-0.00393098	-0.00396578	-0.0067222	0.99997
0.366667	0.158531	0.976046	-2.00771	0.00612942	0.999921	0.0109936	-0.999964	0.00619307	-0.00576458	-0.00583221	-0.0109578	0.999923
0.4	0.159009	0.976005	-2.00674	0.006797	0.999844	0.0163112	-0.999949	0.00691704	-0.00731473	-0.00742641	-0.0162606	0.99984
0.433333	0.159324	0.975942	-2.00575	0.00739675	0.999742	0.0214582	-0.999938	0.00757367	-0.00817566	-0.00833607	-0.0213964	0.999736
0.466667	0.159486	0.975894	-2.00446	0.00785444	0.999636	0.0258249	-0.999938	0.00805466	-0.00765827	-0.00786349	-0.0257632	0.999637
0.5	0.159693	0.975892	-2.00354	0.00867223	0.999507	0.0301757	-0.999937	0.00888497	-0.00692334	-0.00718804	-0.0301137	0.999521
0.533333	0.159929	0.975848	-2.00281	0.00862873	0.999335	0.0354249	-0.999941	0.00885585	-0.00625951	-0.00656907	-0.0353688	0.999353
0.566667	0.159962	0.97585	-2.00199	0.00944793	0.999189	0.0391413	-0.999943	0.00963759	-0.00465969	-0.00503314	-0.039095	0.999223
0.6	0.16015	0.975793	-2.00144	0.00985301	0.998999	0.0436431	-0.999944	0.0100128	-0.00344316	-0.0038767	-0.0436067	0.999041
0.633333	0.160173	0.975749	-2.001	0.0106436	0.998859	0.046546	-0.99994	0.0107549	-0.00214083	-0.00263898	-0.0465204	0.998914
0.666667	0.160144	0.975789	-2.00058	0.0116815	0.998755	0.0485025	-0.999931	0.0117188	-0.00048465	-0.00105244	-0.0484935	0.998823
0.7	0.160114	0.975801	-2.00055	0.0121156	0.998688	0.0497546	-0.999926	0.012132	-2.82784e-05	-0.000631864	-0.0497505	0.998761
0.733333	0.16001	0.975814	-2.00058	0.0126181	0.998644	0.0505028	-0.99992	0.0126345	-4.23938e-06	-0.00064231	-0.0504987	0.998724
0.766667	0.159962	0.97583	-2.00072	0.0131229	0.998615	0.0509529	-0.999913	0.0131511	-0.00021777	-0.000887555	-0.0509457	0.998701
0.8	0.159933	0.975832	-2.00102	0.0135273	0.998594	0.0512461	-0.999907	0.0135925	-0.000924581	-0.00161985	-0.0512288	0.998686
0.833333	0.159945	0.975833	-2.00132	0.0138995	0.99857	0.0516224	-0.999901	0.0140011	-0.00160787	-0.00232834	-0.0515949	0.998665
0.866667	0.15992	0.975864	-2.00161	0.0143214	0.998556	0.0517699	-0.999893	0.014459	-0.00228326	-0.00302851	-0.0517317	0.998656
0.9	0.160017	0.975882	-2.0019	0.0148278	0.998513	0.052451	-0.999882	0.0150132	-0.00314185	-0.00392463	-0.0523982	0.998619
0.933333	0.159981	0.975876	-2.0021	0.0149588	0.998507	0.0525402	-0.999877	0.0151837	-0.00388507	-0.00467702	-0.0524756	0.998611
0.966667	0.159921	0.975835	-2.00227	0.0150721	0.998498	0.0526744	-0.999872	0.0153315	-0.00452392	-0.0053247	-0.0525995	0.998601
1	0.159938	0.975833	-2.00235	0.0153121	0.998489	0.0527664	-0.999867	0.0155885	-0.00483192	-0.00564717	-0.0526854	0.998595
1.03333	0.159922	0.975792	-2.00237	0.0152572	0.998489	0.0527958	-0.999866	0.0155476	-0.00509289	-0.00590604	-0.052711	0.998592
1.06667	0.159862	0.975786	-2.00232	0.015123	0.998488	0.0528554	-0.999871	0.0153897	-0.00464239	-0.0054488	-0.0527783	0.998591
1.1	0.159781	0.975784	-2.00224	0.0149038	0.99851	0.0525007	-0.999877	0.0151405	-0.00411453	-0.00490328	-0.052433	0.998612
1.13333	0.159679	0.975773	-2.00217	0.0147947	0.998542	0.0519136	-0.999881	0.0150015	-0.0035966	-0.00437014	-0.0518542	0.998645
1.16667	0.159641	0.975775	-2.00212	0.0144433	0.998556	0.0517522	-0.999888	0.0146224	-0.00308514	-0.00383743	-0.0517018	0.998655
1.2	0.159588	0.97573	-2.00206	0.0141711	0.998572	0.0515004	-0.999893	0.0143369	-0.00285193	-0.00358622	-0.0514545	0.998669
1.23333	0.159589	0.975753	-2.00199	0.0139134	0.998592	0.0511809	-0.999899	0.0140504	-0.00231949	-0.00303534	-0.0511434	0.998687
1.26667	0.159531	0.975747	-2.00201	0.0137663	0.998641	0.0502628	-0.999901	0.0138927	-0.00216775	-0.00286309	-0.0502279	0.998734
1.3	0.159529	0.975745	-2.002	0.0135563	0.998672	0.049709	-0.999905	0.0136641	-0.00183006	-0.00250686	-0.0496795	0.998762
1.33333	0.159456	0.975757	-2.00204	0.0133499	0.998725	0.0486897	-0.999908	0.0134428	-0.00158106	-0.00223357	-0.0486641	0.998813
1.36667	0.159343	0.975756	-2.00214	0.0131245	0.998788	0.047434	-0.999912	0.0132119	-0.00152883	-0.00215367	-0.0474098	0.998873
1.4	0.159208	0.975782	-2.00226	0.0129327	0.998851	0.0461491	-0.999915	0.0130071	-0.00131181	-0.00191056	-0.0461281	0.998934
1.43333	0.159186	0.975761	-2.00242	0.012938	0.998878	0.0455475	-0.999914	0.0130152	-0.00139957	-0.00199081	-0.0455255	0.998961
1.46667	0.159118	0.975747	-2.00259	0.0129723	0.998912	0.0447847	-0.999914	0.0130493	-0.00142876	-0.00201162	-0.0447623	0.998996
1.5	0.159107	0.975741	-2.00274	0.0129857	0.998929	0.0444182	-0.999914	0.0130596	-0.00137388	-0.00195249	-0.0443966	0.999012
1.53333	0.15908	0.975771	-2.00291	0.0129439	0.998941	0.0441444	-0.999915	0.013006	-0.00111965	-0.00169261	-0.0441261	0.999025
1.56667	0.159049	0.97579	-2.00315	0.0130865	0.998964	0.0435824	-0.999913	0.0131417	-0.000980142	-0.00155187	-0.0435658	0.999049
1.6	0.158971	0.97583	-2.00332	0.0130594	0.99898	0.0432192	-0.999914	0.0130974	-0.000596353	-0.0011618	-0.0432077	0.999065
1.63333	0.158905	0.975895	-2.00346	0.0130412	0.998985	0.0431188	-0.999915	0.0130565	-7.33908e-05	-0.000636296	-0.0431142	0.99907
1.66667	0.158819	0.975975	-2.00356	0.0130482	0.999	0.0427723	-0.999915	0.0130316	0.000667856	0.000109797	-0.0427774	0.999085
1.7	0.158708	0.976033	-2.00364	0.0131044	0.99902	0.0422733	-0.999914	0.0130587	0.00135637	0.000803001	-0.0422874	0.999105
1.73333	0.158523	0.976114	-2.00363	0.0129727	0.999049	0.0416372	-0.999915	0.0129102	0.00176821	0.00122898	-0.0416566	0.999131
1.76667	0.158447	0.976092	-2.00348	0.013191	0.999055	0.0414223	-0.999912	0.0131361	0.00159788	0.00105224	-0.0414398	0.99914
1.8	0.158322	0.976102	-2.00329	0.0133894	0.999058	0.0412746	-0.99991	0.0133414	0.0014376	0.000885584	-0.0412901	0.999147
1.83333	0.158109	0.976074	-2.00304	0.0132836	0.999064	0.0411746	-0.999912	0.0132521	0.00103856	0.000491941	-0.0411848	0.999151
1.86667	0.158027	0.976122	-2.00273	0.0134817	0.999051	0.0414262	-0.999909	0.0134451	0.00116285	0.000604762	-0.0414382	0.999141
1.9	0.157849	0.976129	-2.00235	0.0132946	0.999049	0.0415144	-0.999911	0.0132534	0.00126667	0.000715258	-0.0415276	0.999137
1.93333	0.157651	0.976151	-2.00187	0.0132141	0.999059	0.041307	-0.999912	0.013154	0.0017258	0.00118082	-0.0413262	0.999145
1.96667	0.15742	0.976106	-2.00136	0.012989	0.99907	0.0411218	-0.999915	0.0129264	0.00178836	0.00125514	-0.0411415	0.999153
2	0.157368	0.976126	-2.00066	0.0130221	0.999052	0.0415356	-0.999914	0.012937	0.00231521	0.00177567	-0.0415621	0.999134
2.03333	0.157294	0.97605	-1.99996	0.013014	0.999035	0.0419527	-0.999914	0.0129464	0.00188239	0.00133744	-0.0419736	0.999118
2.06667	0.157308	0.975918	-1.99915	0.0129336	0.998988	0.0430713	-0.999916	0.0129077	0.000881582	0.000324741	-0.0430791	0.999072
2.1	0.157257	0.975794	-1.99817	0.0130909	0.998971	0.0434186	-0.999914	0.0131147	-0.000264086	-0.000833238	-0.0434114	0.999057
2.13333	0.157189	0.97564	-1.99707	0.0132572	0.998948	0.0438913	-0.999909	0.0133502	-0.00182556	-0.0024096	-0.0438631	0.999035
2.16667	0.157138	0.975471	-1.99583	0.0135359	0.99893	0.0442123	-0.999898	0.0137211	-0.00388792	-0.0044904	-0.0441552	0.999015
2.2	0.157035	0.975276	-1.99447	0.0137063	0.998918	0.0444468	-0.999882	0.0140024	-0.0063564	-0.00697188	-0.0443544	0.998992
2.23333	0.156862	0.975117	-1.99295	0.0138096	0.99892	0.0443584	-0.999861	0.0142081	-0.00868161	-0.00930248	-0.0442324	0.998978
2.26667	0.156772	0.974975	-1.99159	0.0136709	0.998895	0.0449702	-0.999835	0.0141923	-0.0112955	-0.0119212	-0.0448084	0.998924
2.3	0.156578	0.974939	-1.98952	0.0144689	0.998887	0.0448949	-0.999808	0.0150456	-0.0125346	-0.0131961	-0.044705	0.998913
2.33333	0.156372	0.974805	-1.98767	0.0146498	0.998845	0.0457653	-0.999781	0.0153174	-0.0142716	-0.0149561	-0.0455462	0.99885
2.36667	0.156325	0.974749	-1.98595	0.0148051	0.998755	0.0476295	-0.999762	0.0155499	-0.015306	-0.0160276	-0.0473916	0.998748
2.4	0.156213	0.97466	-1.98428	0.0150684	0.998668	0.04934	-0.99974	0.0158913	-0.0163294	-0.0170918	-0.0490811	0.998649
2.43333	0.156124	0.974557	-1.98274	0.0152635	0.998618	0.050282	-0.999726	0.0161333	-0.0169368	-0.0177246	-0.0500097	0.998591
2.46667	0.15607	0.974485	-1.98132	0.0151007	0.998574	0.0512067	-0.999725	0.0159964	-0.0171263	-0.017921	-0.050934	0.998541
2.5	0.156035	0.974379	-1.98006	0.0148563	0.998536	0.0520142	-0.999727	0.0157733	-0.0172656	-0.0180607	-0.0517435	0.998497
2.53333	0.156143	0.974249	-1.97895	0.0148427	0.998481	0.0530561	-0.99972	0.0157986	-0.0176424	-0.0184538	-0.0527793	0.998436
2.56667	0.156225	0.974144	-1.97803	0.0148022	0.99843	0.0540312	-0.999713	0.0157958	-0.018008	-0.0188332	-0.0537492	0.998377
2.6	0.156312	0.973976	-1.97728	0.0147435	0.998399	0.0546093	-0.999696	0.0157976	-0.018921	-0.0197534	-0.0543138	0.998329
2.63333	0.156366	0.973938	-1.9767	0.0146109	0.998376	0.0550597	-0.999694	0.0156845	-0.0191163	-0.0199489	-0.0547635	0.9983
2.66667	0.15656	0.973808	-1.9761	0.0145844	0.998356	0.0554271	-0.999686	0.0156876	-0.0195208	-0.0203583	-0.055125	0.998272
2.7	0.156677	0.97372	-1.97566	0.0145329	0.998361	0.0553546	-0.999679	0.0156573	-0.0199343	-0.0207683	-0.0550471	0.998268
2.73333	0.156732	0.973642	-1.97526	0.014626	0.998388	0.0548404	-0.999665	0.015772	-0.0205224	-0.0213543	-0.0545219	0.998284
2.76667	0.15673	0.973552	-1.97495	0.0143645	0.998424	0.0542549	-0.999653	0.0155371	-0.0212547	-0.0220642	-0.0539308	0.998301
2.8	0.156879	0.973513	-1.97463	0.0144898	0.998437	0.0539858	-0.999645	0.015672	-0.0215404	-0.0223528	-0.0536545	0.998309
2.83333	0.156846	0.973462	-1.97437	0.0142422	0.99847	0.0534217	-0.999643	0.0154262	-0.0218164	-0.0226072	-0.0530919	0.998334
2.86667	0.156787	0.973421	-1.97417	0.0141382	0.998506	0.0527822	-0.999636	0.015328	-0.0222054	-0.0229813	-0.052449	0.998359
2.9	0.156708	0.973407	-1.97405	0.0141482	0.998534	0.0522483	-0.999634	0.0153304	-0.0222962	-0.0230645	-0.0519137	0.998385
2.93333	0.156478	0.973412	-1.974	0.0140277	0.998587	0.0512661	-0.999638	0.0151821	-0.0221998	-0.0229467	-0.0509361	0.998438
2.96667	0.156284	0.973385	-1.97395	0.0139453	0.998609	0.050841	-0.999643	0.0150818	-0.0220387	-0.0227748	-0.0505156	0.998464
3	0.156145	0.973378	-1.97382	0.0141666	0.998595	0.0510531	-0.999644	0.0152996	-0.0218707	-0.0226211	-0.0507251	0.998456
3.03333	0.155794	0.973407	-1.97365	0.0140744	0.998577	0.0514404	-0.999638	0.0152309	-0.0221583	-0.0229102	-0.0511099	0.99843
3.06667	0.155382	0.973435	-1.97352	0.014349	0.998547	0.05195	-0.999598	0.0155956	-0.0236716	-0.0244474	-0.0515894	0.998369
3.1	0.154825	0.973417	-1.9734	0.0144586	0.99852	0.0524315	-0.999543	0.0158262	-0.0257621	-0.0265538	-0.052035	0.998292
3.13333	0.154424	0.973384	-1.97325	0.0148956	0.998457	0.0534897	-0.999495	0.0163699	-0.0272309	-0.0280645	-0.0530571	0.998197
3.16667	0.153822	0.973176	-1.97294	0.0152903	0.998355	0.0552662	-0.999464	0.0168614	-0.0280743	-0.02896	-0.0548073	0.998077
3.2	0.152921	0.972834	-1.97272	0.0160076	0.998324	0.0556222	-0.99939	0.0177015	-0.030096	-0.0310302	-0.0551066	0.997998
3.23333	0.151729	0.972525	-1.97227	0.0163123	0.998276	0.0563865	-0.999308	0.0181631	-0.0324677	-0.0334359	-0.0558179	0.997881
3.26667	0.150211	0.972413	-1.97151	0.0159741	0.998254	0.0568591	-0.999258	0.0179324	-0.0340994	-0.0350595	-0.0562721	0.9978
3.3	0.148233	0.972248	-1.97027	0.015832	0.998276	0.056512	-0.999216	0.0178478	-0.0353444	-0.0362921	-0.0559081	0.997776
3.33333	0.145778	0.971954	-1.96856	0.0149971	0.998343	0.0555603	-0.999189	0.0170395	-0.0364703	-0.0373566	-0.0549683	0.997789
3.36667	0.142931	0.971457	-1.96627	0.0146798	0.998464	0.0534275	-0.999184	0.0166595	-0.0368004	-0.0376339	-0.0528437	0.997893
3.4	0.139802	0.970832	-1.96327	0.0149595	0.998565	0.0514176	-0.999222	0.0168062	-0.0356714	-0.0364843	-0.0508439	0.99804
3.43333	0.136243	0.97007	-1.95932	0.0154754	0.998697	0.0486252	-0.99925	0.0171743	-0.0347167	-0.0355066	-0.0480515	0.998214
3.46667	0.13228	0.96918	-1.95458	0.0169039	0.998866	0.044518	-0.99926	0.018416	-0.0337771	-0.0345587	-0.043914	0.998437
3.5	0.127692	0.967973	-1.94909	0.0169211	0.999107	0.0387073	-0.999393	0.0180795	-0.0297764	-0.0304497	-0.0381799	0.998807
3.53333	0.122579	0.965829	-1.94282	0.0159102	0.99934	0.0326429	-0.999677	0.0165452	-0.0192764	-0.0198038	-0.0323257	0.999281
3.56667	0.117833	0.962318	-1.93663	0.0187225	0.99927	0.0332888	-0.999816	0.0188539	-0.0036379	-0.00426287	-0.0332145	0.999439
3.6	0.11446	0.958456	-1.93215	0.0296299	0.998314	0.0499124	-0.999558	0.0294787	0.00376321	0.00228551	-0.0500018	0.998747
3.63333	0.113773	0.955203	-1.92898	0.041116	0.99543	0.0861942	-0.999086	0.041968	-0.00809524	-0.0116756	-0.0857826	0.996245
3.66667	0.114097	0.954169	-1.92321	0.0542884	0.991921	0.114652	-0.998062	0.0574026	-0.0240346	-0.0304218	-0.113125	0.993115
3.7	0.112654	0.955166	-1.91328	0.0770751	0.989946	0.118603	-0.99625	0.0811596	-0.0299961	-0.0393203	-0.115846	0.992489
3.73333	0.110084	0.9567	-1.89961	0.107955	0.988607	0.104893	-0.993442	0.111273	-0.0263015	-0.0376736	-0.101366	0.994136
3.76667	0.108169	0.956925	-1.88358	0.134347	0.987038	0.0877884	-0.990354	0.136771	-0.0221791	-0.0338985	-0.083962	0.995892
3.8	0.107757	0.955151	-1.86583	0.154105	0.985196	0.0751029	-0.987471	0.156181	-0.0225637	-0.0339593	-0.0706848	0.99692
3.83333	0.109005	0.951521	-1.84741	0.168813	0.983255	0.068642	-0.984897	0.170993	-0.0271937	-0.0384756	-0.0630147	0.997271
3.86667	0.111167	0.946417	-1.82798	0.178941	0.981475	0.0684638	-0.982833	0.181498	-0.0331165	-0.0449291	-0.0613626	0.997104
3.9	0.113561	0.940358	-1.8069	0.188146	0.979462	0.0724887	-0.980801	0.191231	-0.0382208	-0.0512979	-0.0639059	0.996637
3.93333	0.115535	0.933988	-1.78379	0.194123	0.977896	0.0776898	-0.979376	0.197721	-0.0415914	-0.056033	-0.0680136	0.99611
3.96667	0.116569	0.92809	-1.75737	0.195061	0.977975	0.0742756	-0.979086	0.198627	-0.0440305	-0.0578138	-0.0641335	0.996265
4	0.116428	0.923815	-1.72551	0.195941	0.979035	0.0556625	-0.979225	0.19837	-0.0420446	-0.0522049	-0.0462678	0.997564
4.03333	0.117056	0.922203	-1.68876	0.20189	0.978593	0.0399425	-0.978599	0.203212	-0.0323762	-0.0397999	-0.0325513	0.998677
4.06667	0.119216	0.925045	-1.64915	0.220816	0.974384	0.0426198	-0.97488	0.221813	-0.02022	-0.0291557	-0.0370843	0.998887
4.1	0.121343	0.931727	-1.60625	0.240122	0.969669	0.0456414	-0.970634	0.240532	-0.0036409	-0.0145087	-0.0434268	0.998951
4.13333	0.123371	0.940059	-1.5617	0.242489	0.969075	0.0457468	-0.970133	0.241903	0.0180179	0.00639441	-0.0487497	0.998791
4.16667	0.122856	0.946969	-1.51886	0.217625	0.975202	0.040265	-0.975372	0.215775	0.0457174	0.0358955	-0.0492226	0.998143
4.2	0.117229	0.950505	-1.48501	0.187165	0.982329	0.000178256	-0.979907	0.186691	0.0702011	0.0689273	-0.0133138	0.997533
4.23333	0.116643	0.95085	-1.456	0.179963	0.983426	-0.0220555	-0.981167	0.181059	0.0672976	0.0701755	0.00952908	0.997489
4.26667	0.116881	0.951387	-1.42469	0.162483	0.986287	-0.0289272	-0.984576	0.163989	0.0609688	0.0648765	0.0185747	0.99772
4.3	0.116502	0.953309	-1.39283	0.122358	0.992025	-0.0302438	-0.991157	0.123714	0.0479932	0.0513521	0.024104	0.99839
4.33333	0.115889	0.955948	-1.36018	0.0709586	0.997225	-0.0225092	-0.996708	0.0717728	0.0377034	0.0392143	0.0197597	0.999035
4.36667	0.115683	0.957741	-1.32663	0.0150074	0.999883	-0.00294824	-0.99937	0.0150944	0.0321114	0.0321521	0.00246447	0.99948
4.4	0.115801	0.957588	-1.29088	-0.0404172	0.998798	0.0277206	-0.998762	-0.0411901	0.0279019	0.0290102	-0.0265586	0.999226
4.43333	0.117006	0.95561	-1.25071	-0.0926223	0.993384	0.0678897	-0.995182	-0.094561	0.0259157	0.032164	-0.0651622	0.997356
4.46667	0.125567	0.951416	-1.20781	-0.131112	0.982702	0.130788	-0.990365	-0.135765	0.0272784	0.044563	-0.125951	0.991035
4.5	0.134381	0.943203	-1.17304	-0.107057	0.98373	0.144273	-0.993186	-0.112531	0.0303075	0.0460496	-0.140045	0.989074
4.53333	0.135689	0.934085	-1.13814	-0.0713953	0.989744	0.123735	-0.996654	-0.0757374	0.0307443	0.0398004	-0.121126	0.991839
4.56667	0.133846	0.926488	-1.09649	-0.0694057	0.990433	0.119273	-0.99687	-0.0733962	0.0293909	0.037864	-0.11686	0.992426
4.6	0.130246	0.921626	-1.04748	-0.097425	0.986597	0.130899	-0.994402	-0.101902	0.0279337	0.0408982	-0.127445	0.991002
4.63333	0.125233	0.921191	-0.995226	-0.1469	0.978985	0.141452	-0.988189	-0.151554	0.022652	0.0436136	-0.136454	0.989686
4.66667	0.119031	0.926059	-0.944291	-0.204985	0.969823	0.131998	-0.97831	-0.207132	0.00259268	0.0298554	-0.128603	0.991247
4.7	0.111153	0.933625	-0.898074	-0.239276	0.96367	0.11869	-0.97075	-0.23992	-0.00904671	0.0197582	-0.117383	0.99289
4.73333	0.108415	0.939883	-0.859259	-0.223242	0.966594	0.125936	-0.974531	-0.224138	-0.00719546	0.021272	-0.124335	0.992012
4.76667	0.111204	0.944387	-0.819938	-0.178439	0.971064	0.158726	-0.983091	-0.182691	0.0124967	0.041133	-0.153812	0.987244
4.8	0.113105	0.946789	-0.78103	-0.130401	0.976798	0.169886	-0.990514	-0.135837	0.020731	0.0433268	-0.165571	0.985246
4.83333	0.113182	0.948137	-0.743269	-0.0840112	0.983607	0.159558	-0.996023	-0.0876596	0.0159537	0.029679	-0.157583	0.98706
4.86667	0.112425	0.949054	-0.706771	-0.0445174	0.988599	0.143841	-0.99867	-0.0477873	0.0193571	0.0260102	-0.142788	0.989412
4.9	0.111509	0.949195	-0.669932	-0.00727489	0.991907	0.126759	-0.99951	-0.0110721	0.0292776	0.0304441	-0.126484	0.991501
4.93333	0.109921	0.94785	-0.631797	0.0277755	0.994343	0.102517	-0.99918	0.0245949	0.0321603	0.029457	-0.103326	0.994211
4.96667	0.108529	0.945079	-0.590864	0.060171	0.995477	0.0735173	-0.997706	0.0576889	0.0354332	0.0310318	-0.0754807	0.996664
5	0.109186	0.940853	-0.547418	0.0841219	0.995372	0.0464496	-0.995861	0.0823709	0.038408	0.0344041	-0.0494883	0.998182
5.03333	0.114033	0.935128	-0.504052	0.0942699	0.994736	0.0401674	-0.994938	0.0927251	0.0387322	0.0348038	-0.0436153	0.998442
5.06667	0.119817	0.928727	-0.461532	0.0999001	0.993889	0.0469589	-0.994482	0.0982179	0.0368662	0.0320287	-0.0503828	0.998216
5.1	0.122555	0.922791	-0.414551	0.108982	0.993376	0.0364325	-0.993321	0.107433	0.0420846	0.0378918	-0.0407756	0.99845
5.13333	0.122216	0.918129	-0.360506	0.117858	0.993026	0.00287502	-0.991488	0.117513	0.0560513	0.0553225	-0.00945666	0.998424
5.16667	0.124111	0.917829	-0.30378	0.142988	0.989717	-0.00394703	-0.986563	0.142849	0.0792923	0.0790408	-0.00744387	0.996844
5.2	0.123828	0.92504	-0.246628	0.172961	0.984893	-0.00833621	-0.979793	0.172916	0.100527	0.10045	-0.0092195	0.994899
5.23333	0.118979	0.934089	-0.198067	0.157752	0.987202	-0.023378	-0.978946	0.15945	0.127439	0.129536	0.00278209	0.991571
5.26667	0.117299	0.939368	-0.160964	0.146895	0.987641	-0.0546447	-0.979469	0.152946	0.131331	0.138065	0.0342309	0.989831
5.3	0.118486	0.94249	-0.120504	0.140865	0.987777	-0.0667346	-0.980415	0.148551	0.129302	0.137635	0.0472135	0.989357
5.33333	0.119227	0.944128	-0.0801957	0.118592	0.99111	-0.0603117	-0.98514	0.125043	0.117747	0.124242	0.0454515	0.99121
5.36667	0.119535	0.945495	-0.0399587	0.0832206	0.995709	-0.0404652	-0.990914	0.0869886	0.102578	0.105658	0.031561	0.993902
5.4	0.119287	0.946264	-0.000712347	0.0438002	0.998891	-0.0172823	-0.994463	0.0452471	0.0948494	0.0955262	0.0130322	0.995342
5.43333	0.118289	0.945942	0.0388366	0.000256285	0.999974	0.00727361	-0.995914	-0.000401633	0.0903073	0.0903079	-0.00726703	0.995887
5.46667	0.117242	0.944016	0.0798427	-0.0416795	0.998399	0.0382423	-0.995646	-0.0446979	0.0818036	0.083382	-0.0346662	0.995915
5.5	0.118333	0.941212	0.124731	-0.0812929	0.992614	0.0900542	-0.993415	-0.0880137	0.0733561	0.0807402	-0.0834978	0.993232
5.53333	0.128443	0.936617	0.171311	-0.0947216	0.981965	0.163621	-0.991513	-0.107762	0.0727338	0.0890542	-0.155343	0.983838
5.56667	0.135117	0.92838	0.20978	-0.0484732	0.983157	0.17622	-0.995522	-0.0618906	0.0714564	0.0811592	-0.171967	0.981754
5.6	0.135054	0.920988	0.252113	-0.0307856	0.983653	0.177423	-0.996978	-0.0428866	0.0647776	0.0713278	-0.174893	0.982
5.63333	0.132792	0.915474	0.303045	-0.0509765	0.978976	0.197502	-0.996007	-0.0643469	0.0618782	0.0732859	-0.193559	0.978348
5.66667	0.128304	0.913117	0.357805	-0.10563	0.972933	0.205532	-0.991138	-0.119752	0.0574939	0.0805507	-0.197638	0.97696
5.7	0.122042	0.915656	0.409947	-0.168829	0.969699	0.176583	-0.9835	-0.17755	0.0346972	0.0649982	-0.167812	0.983674
5.73333	0.112823	0.922181	0.458044	-0.221341	0.964427	0.144532	-0.973314	-0.227678	0.0286757	0.0605623	-0.134328	0.989085
5.76667	0.109255	0.927865	0.497893	-0.214644	0.967047	0.136924	-0.97438	-0.221662	0.0380667	0.0671632	-0.125246	0.98985
5.8	0.112001	0.932082	0.538367	-0.184114	0.9682	0.169383	-0.978653	-0.196587	0.0599352	0.0913277	-0.154732	0.983726
5.83333	0.114925	0.934314	0.577586	-0.141883	0.97196	0.187516	-0.985446	-0.156607	0.0661161	0.0936286	-0.175406	0.980034
5.86667	0.115558	0.936065	0.615864	-0.0995742	0.978912	0.178369	-0.991885	-0.111893	0.060367	0.0790523	-0.170911	0.98211
5.9	0.114673	0.937136	0.652168	-0.0589993	0.986025	0.1558	-0.995591	-0.0695224	0.0629757	0.0729273	-0.151398	0.985779
5.93333	0.113076	0.9376	0.689017	-0.0270642	0.991293	0.128859	-0.996341	-0.0372037	0.0769417	0.0810658	-0.126306	0.988673
5.96667	0.111002	0.936948	0.727476	0.00120226	0.995167	0.0981866	-0.996315	-0.00722842	0.085463	0.0857597	-0.0979275	0.991492
6	0.109615	0.935322	0.768522	0.0335313	0.996981	0.0700358	-0.995574	0.0271637	0.0899706	0.0877966	-0.0727426	0.993479
6.03333	0.110661	0.932291	0.812198	0.0598606	0.997168	0.0455169	-0.993916	0.0553178	0.0952433	0.0924557	-0.0509413	0.994413
6.06667	0.116909	0.927203	0.854858	0.0723834	0.996126	0.0499393	-0.992883	0.067219	0.0983133	0.0945756	-0.0567001	0.993902
6.1	0.123301	0.920988	0.89564	0.0836822	0.994687	0.0599662	-0.992252	0.0776291	0.0970076	0.091837	-0.0676194	0.993476
6.13333	0.1259	0.915253	0.941034	0.0983304	0.994066	0.046508	-0.990745	0.0933934	0.0985022	0.0935742	-0.0557633	0.994049
6.16667	0.126108	0.910914	0.991922	0.10482	0.994329	0.0179848	-0.989068	0.102346	0.106158	0.103715	-0.0289157	0.994187
6.2	0.128529	0.910179	1.04446	0.123806	0.992218	0.0132222	-0.985254	0.12133	0.120641	0.118098	-0.0279633	0.992608
6.23333	0.129713	0.915488	1.09882	0.148947	0.98877	0.0122037	-0.980728	0.146135	0.129683	0.126443	-0.0312844	0.99148
6.26667	0.127446	0.923597	1.15083	0.159338	0.987155	0.0116871	-0.975984	0.155732	0.152323	0.148546	-0.0356773	0.988262
6.3	0.121892	0.927729	1.187	0.147047	0.988864	-0.0229116	-0.974525	0.148803	0.167804	0.169345	-0.00234728	0.985554
6.33333	0.122696	0.92947	1.22401	0.156295	0.986698	-0.0447102	-0.973298	0.161562	0.163064	0.168118	0.0180302	0.985602
6.36667	0.122688	0.930074	1.26075	0.14507	0.987665	-0.0589256	-0.976661	0.152479	0.151274	0.158393	0.0356049	0.986734
6.4	0.123171	0.931538	1.2983	0.115493	0.992046	-0.0500706	-0.983938	0.121165	0.131091	0.136115	0.0341263	0.990105
6.43333	0.124085	0.93351	1.33548	0.0783059	0.996629	-0.0244751	-0.989576	0.0806813	0.119292	0.120865	0.0148787	0.992557
6.46667	0.124045	0.935124	1.37263	0.0342642	0.999391	0.00663108	-0.992875	0.0332816	0.114415	0.114125	-0.0105042	0.993411
6.5	0.123682	0.935694	1.41114	-0.00755963	0.998996	0.0441577	-0.994273	-0.0122169	0.106171	0.106604	-0.0431021	0.993367
6.53333	0.124374	0.935436	1.45281	-0.0498377	0.994252	0.0947601	-0.993513	-0.0590624	0.0971766	0.102215	-0.0893023	0.990746
6.56667	0.132264	0.933432	1.49664	-0.0811012	0.982645	0.16683	-0.990651	-0.0978932	0.0950144	0.109697	-0.157565	0.981397
6.6	0.140293	0.926293	1.53291	-0.0517593	0.9815	0.184336	-0.992824	-0.0704973	0.0965911	0.107799	-0.178013	0.978106
6.63333	0.141727	0.917339	1.56906	-0.016049	0.984837	0.172739	-0.99567	-0.0315611	0.087432	0.0915581	-0.170588	0.981079
6.66667	0.140912	0.909501	1.61154	-0.00821776	0.98385	0.178804	-0.996836	-0.0221962	0.0763177	0.079054	-0.177611	0.98092
6.7	0.138227	0.903607	1.66031	-0.0260499	0.979991	0.19733	-0.996218	-0.0418173	0.0761626	0.0828905	-0.194599	0.977374
6.73333	0.134258	0.901793	1.71145	-0.0743137	0.976414	0.202715	-0.993009	-0.091148	0.0750022	0.0917103	-0.195724	0.976361
6.76667	0.128854	0.905048	1.76179	-0.13709	0.973371	0.183724	-0.98733	-0.149234	0.0539244	0.0799063	-0.174004	0.981498
6.8	0.121961	0.911816	1.80783	-0.192316	0.968084	0.160708	-0.978608	-0.201388	0.0420543	0.0730768	-0.149183	0.986106
6.83333	0.120218	0.916948	1.84618	-0.191816	0.968395	0.159431	-0.978552	-0.201147	0.0444561	0.0751202	-0.147485	0.986208
6.86667	0.123091	0.919837	1.88458	-0.160046	0.969202	0.187169	-0.982395	-0.174902	0.0656456	0.0963601	-0.173368	0.980132
6.9	0.125312	0.920819	1.92237	-0.128055	0.971021	0.201794	-0.98622	-0.146164	0.0774968	0.104746	-0.18909	0.976357
6.93333	0.124774	0.921517	1.95914	-0.10493	0.977465	0.18317	-0.989775	-0.120541	0.0762528	0.096614	-0.173296	0.980119
6.96667	0.122293	0.923042	1.99309	-0.0761266	0.986464	0.145235	-0.99278	-0.0885305	0.0809388	0.092701	-0.138025	0.986081
7	0.119719	0.925565	2.0266	-0.0428262	0.992555	0.114018	-0.994292	-0.0535044	0.0923043	0.0977176	-0.109414	0.989181
7.03333	0.117118	0.9279	2.06071	-0.00569766	0.996452	0.083968	-0.994677	-0.0142867	0.102047	0.102885	-0.0829396	0.991229
7.06667	0.11428	0.928758	2.09596	0.0264305	0.998402	0.0499502	-0.993994	0.02094	0.107411	0.106193	-0.0524891	0.992959
7.1	0.113078	0.927432	2.13299	0.0491887	0.998652	0.0165542	-0.99272	0.0470585	0.110875	0.109947	-0.0218874	0.993696
7.13333	0.115484	0.923434	2.1699	0.0600039	0.998196	-0.00212384	-0.991895	0.0598636	0.112078	0.112003	-0.00461849	0.993697
7.16667	0.119958	0.917132	2.20492	0.0672182	0.997737	0.0013139	-0.99177	0.0666722	0.1093	0.108965	-0.00865001	0.994008
7.2	0.124727	0.909769	2.24129	0.0790134	0.996794	0.012628	-0.991519	0.0772716	0.10449	0.10318	-0.0207771	0.994446
7.23333	0.12674	0.902389	2.28196	0.0860965	0.996252	0.00829453	-0.991111	0.0847988	0.102509	0.101421	-0.0170465	0.994698
7.26667	0.126986	0.896123	2.32842	0.0904545	0.995748	-0.0174298	-0.989829	0.0918189	0.108662	0.1098	0.0074236	0.993926
7.3	0.127406	0.891245	2.37833	0.0941419	0.994709	-0.0411204	-0.987649	0.0985105	0.121843	0.125249	0.029142	0.991697
7.33333	0.129092	0.890237	2.42817	0.122138	0.991189	-0.0512564	-0.982191	0.128135	0.137413	0.14277	0.0335603	0.989187
7.36667	0.127759	0.895221	2.47866	0.164203	0.984736	-0.0577303	-0.974381	0.171038	0.146041	0.153685	0.0322711	0.987593
7.4	0.122451	0.904118	2.51926	0.179211	0.982306	-0.0543875	-0.967108	0.186043	0.173464	0.180513	0.021512	0.983337
7.43333	0.115662	0.910631	2.5455	0.152802	0.983145	-0.100389	-0.969289	0.168901	0.178747	0.19269	0.0699926	0.97876
7.46667	0.113033	0.915356	2.5728	0.127513	0.981135	-0.14531	-0.973445	0.151881	0.17128	0.190119	0.11961	0.974448
7.5	0.111096	0.918052	2.59902	0.101503	0.980402	-0.168849	-0.978107	0.129342	0.163026	0.181671	0.148604	0.972066
7.53333	0.109308	0.920297	2.62293	0.0843773	0.98271	-0.16481	-0.982137	0.109939	0.152707	0.168186	0.148981	0.974432
7.56667	0.108339	0.923249	2.64374	0.0682862	0.987187	-0.144218	-0.984492	0.0900905	0.150529	0.161593	0.131702	0.97803
7.6	0.107049	0.926041	2.66263	0.052522	0.99112	-0.12216	-0.985348	0.0713118	0.15493	0.162265	0.112233	0.980344
7.63333	0.105415	0.928963	2.6818	0.0364136	0.994691	-0.0962532	-0.985867	0.0515166	0.159414	0.163527	0.0890879	0.982508
7.66667	0.103157	0.931992	2.70141	0.0171874	0.997487	-0.0687263	-0.986494	0.0281161	0.161367	0.162893	0.0650246	0.984499
7.7	0.101111	0.93473	2.721	0.000193054	0.999373	-0.0353998	-0.98677	0.00592958	0.162017	0.162125	0.0349002	0.986153
7.73333	0.0996756	0.936637	2.74069	-0.0063616	0.999975	0.00321962	-0.98657	-0.00680177	0.163196	0.163214	-0.0021382	0.986588
7.76667	0.0995441	0.937312	2.7605	0.00146783	0.999121	0.0418827	-0.98607	-0.00552009	0.166241	0.166326	-0.0415433	0.985195
7.8	0.0993497	0.936187	2.77774	0.0244912	0.997695	0.0632862	-0.985977	0.0136534	0.166321	0.165074	-0.0664721	0.984039
7.83333	0.0958926	0.934574	2.79286	0.0407789	0.996838	0.0681941	-0.986563	0.0293637	0.160719	0.158208	-0.0738317	0.984642
7.86667	0.0916465	0.935097	2.80549	0.0235625	0.997859	0.0610038	-0.989677	0.0146538	0.142562	0.141363	-0.0637332	0.987904
7.9	0.0861923	0.936426	2.81545	0.00757683	0.999164	0.0401617	-0.991866	0.00240614	0.127263	0.12706	-0.0407992	0.991056
7.93333	0.0810199	0.937837	2.82372	0.00312525	0.999638	0.0267133	-0.992915	-7.11617e-05	0.118826	0.118785	-0.0268954	0.992556
7.96667	0.076324	0.938789	2.83142	0.00284931	0.999799	0.0198392	-0.994054	0.00067225	0.108888	0.108853	-0.0200315	0.993856
8	0.0719996	0.938977	2.83865	0.0014748	0.999907	0.0135295	-0.995212	0.000145428	0.0977365	0.0977254	-0.0136089	0.99512
8.03333	0.0675764	0.938019	2.84542	-0.00212604	0.999958	0.00896317	-0.996515	-0.00286594	0.0833612	0.0833833	-0.00875471	0.996479
8.06667	0.0637412	0.936199	2.85163	-0.00456393	0.999988	0.00204091	-0.997658	-0.00469257	0.0682379	0.0682466	-0.0017247	0.997667
8.1	0.0609988	0.933948	2.85714	-0.00475656	0.999989	-0.000599349	-0.998398	-0.00471519	0.0563899	0.0563864	0.000866611	0.998409
8.13333	0.0593178	0.931503	2.86196	-4.55121e-05	0.999999	-0.00142032	-0.998976	1.88042e-05	0.04525	0.04525	0.00142093	0.998975
8.16667	0.0575063	0.929847	2.86644	0.000291342	0.99999	-0.00438877	-0.999506	0.000429096	0.0314196	0.0314212	0.00437745	0.999497
8.2	0.0561955	0.92936	2.87009	0.00121635	0.999912	-0.0132052	-0.999845	0.00144812	0.017556	0.0175736	0.0131818	0.999759
8.23333	0.055859	0.929814	2.87226	0.00571538	0.999902	-0.0127654	-0.999901	0.00587835	0.0127657	0.0128395	0.0126912	0.999837
8.26667	0.0564499	0.930354	2.87415	0.011073	0.99993	-0.00411916	-0.999867	0.0111215	0.011926	0.0119709	0.00398655	0.99992
8.3	0.0574659	0.930392	2.87601	0.0148919	0.99986	0.00757334	-0.999813	0.0147969	0.0124483	0.0123345	-0.0077573	0.999894
8.33333	0.0587653	0.929709	2.87805	0.0178201	0.999689	0.0174251	-0.999792	0.0176434	0.0102404	0.00992977	-0.0176039	0.999796
8.36667	0.0601441	0.928625	2.8799	0.0197856	0.999453	0.026503	-0.999795	0.0196662	0.00475544	0.00423163	-0.0265917	0.999637
8.4	0.0618392	0.927688	2.88148	0.0205846	0.999063	0.0380635	-0.999788	0.02059	0.000249871	-0.000534091	-0.0380605	0.999275
8.43333	0.0635208	0.927164	2.88237	0.0216146	0.998533	0.0496467	-0.999763	0.0217189	-0.00156267	-0.00263865	-0.0496012	0.998766
8.46667	0.0652824	0.927088	2.88274	0.0218021	0.997984	0.0596058	-0.999755	0.0219871	-0.00244964	-0.00375526	-0.0595379	0.998219
8.5	0.0669123	0.927155	2.88272	0.023402	0.997537	0.0661254	-0.999714	0.0236718	-0.00329889	-0.00485607	-0.0660293	0.997806
8.53333	0.0684285	0.927235	2.88257	0.0230841	0.997277	0.0700391	-0.999722	0.0233578	-0.00309161	-0.00471915	-0.0699483	0.997539
8.56667	0.0697925	0.926984	2.88242	0.022894	0.99725	0.0704827	-0.999729	0.0231316	-0.0025562	-0.00417955	-0.0704051	0.99751
8.6	0.0709828	0.926553	2.88234	0.0212654	0.997438	0.0683084	-0.999761	0.0215683	-0.0036997	-0.00516351	-0.0682134	0.997657
8.63333	0.0721628	0.9262	2.88242	0.0198031	0.99766	0.0654462	-0.999788	0.0201296	-0.00433336	-0.00564063	-0.0653465	0.997847
8.66667	0.0734153	0.926038	2.88252	0.0170399	0.997708	0.0654821	-0.999841	0.0173417	-0.00404318	-0.00516949	-0.0654028	0.997846
8.7	0.0746626	0.925996	2.88211	0.0167803	0.997824	0.0637702	-0.999843	0.0171064	-0.00457198	-0.00565291	-0.0636835	0.997954
8.73333	0.0758981	0.92606	2.88189	0.0148405	0.997998	0.0614802	-0.999879	0.0150962	-0.00369684	-0.00461756	-0.0614179	0.998101
8.76667	0.077285	0.926049	2.8814	0.0138735	0.998146	0.0592632	-0.999896	0.0140825	-0.00311107	-0.00393988	-0.0592139	0.998238
8.8	0.0785007	0.92601	2.88117	0.0115622	0.998381	0.0557009	-0.999926	0.0117615	-0.00325116	-0.00390102	-0.0556592	0.998442
8.83333	0.0798123	0.92604	2.88061	0.00962981	0.998483	0.0542184	-0.999948	0.00979616	-0.00280322	-0.0033301	-0.0541886	0.998525
8.86667	0.0810288	0.926099	2.88058	0.00811466	0.998819	0.0479026	-0.999955	0.00833914	-0.00448803	-0.0048822	-0.047864	0.998842
8.9	0.0822638	0.926205	2.87993	0.00723057	0.998905	0.0462245	-0.999962	0.00745156	-0.00461009	-0.00494949	-0.0461894	0.99892
8.93333	0.0834727	0.926261	2.8797	0.00567046	0.999059	0.0429941	-0.999967	0.00591719	-0.00561352	-0.00586264	-0.0429608	0.99906
8.96667	0.0846963	0.926257	2.87944	0.00455518	0.999178	0.0402831	-0.999965	0.00483527	-0.00685833	-0.00704747	-0.0402505	0.999165
9	0.0858303	0.926234	2.87929	0.00425165	0.999291	0.0374082	-0.999959	0.00454966	-0.00788482	-0.00804942	-0.0373732	0.999269
9.03333	0.0867761	0.926111	2.87894	0.00506563	0.99941	0.033962	-0.99994	0.00539364	-0.0095737	-0.00975124	-0.0339114	0.999377
9.06667	0.0876366	0.92613	2.87871	0.00367246	0.999482	0.0319838	-0.999934	0.00401864	-0.0107662	-0.0108891	-0.0319421	0.99943
9.1	0.0882812	0.926157	2.87838	0.00294071	0.999557	0.0296194	-0.999923	0.00329628	-0.0119631	-0.0120554	-0.0295819	0.99949
9.13333	0.0888657	0.926074	2.87763	0.00385433	0.999653	0.0260577	-0.999884	0.00423584	-0.0146018	-0.0147071	-0.0259984	0.999554
9.16667	0.0891812	0.926081	2.87698	0.00348384	0.99972	0.0234167	-0.99986	0.00386588	-0.0162894	-0.0163753	-0.0233566	0.999593
9.2	0.0893726	0.926063	2.8762	0.00386473	0.999768	0.0211803	-0.999835	0.00423907	-0.0176579	-0.0177435	-0.0211086	0.99962
9.23333	0.0896024	0.92606	2.87541	0.00431679	0.999808	0.0191303	-0.999803	0.00468615	-0.019305	-0.019391	-0.0190432	0.999631
9.26667	0.0896847	0.926089	2.87452	0.00454437	0.999839	0.0173724	-0.999771	0.00490589	-0.0208243	-0.0209062	-0.0172738	0.999632
9.3	0.0897828	0.926121	2.87366	0.0053532	0.999861	0.0158156	-0.999731	0.0057079	-0.0224676	-0.0225547	-0.0156911	0.999622
9.33333	0.0897034	0.926235	2.8728	0.00542748	0.999878	0.0146715	-0.999719	0.00576418	-0.0230047	-0.0230865	-0.0145426	0.999628
9.36667	0.0895789	0.926254	2.87183	0.00685268	0.999886	0.0134779	-0.999702	0.00716589	-0.0233295	-0.0234234	-0.013314	0.999637
9.4	0.0893683	0.92635	2.87108	0.00660726	0.999885	0.0136543	-0.999719	0.00691553	-0.0226538	-0.0227456	-0.0135008	0.99965
9.43333	0.0890979	0.926429	2.87034	0.006995	0.999872	0.0143819	-0.999739	0.00730531	-0.0216383	-0.0217406	-0.0142267	0.999662
9.46667	0.0888206	0.926504	2.86968	0.0073092	0.999857	0.0152232	-0.999752	0.00762719	-0.0209363	-0.0210495	-0.0150664	0.999665
9.5	0.0884238	0.926584	2.86925	0.00736252	0.999867	0.014547	-0.999748	0.00766886	-0.0211165	-0.0212253	-0.0143878	0.999671
9.53333	0.0880583	0.926558	2.86822	0.0103873	0.999791	0.0175962	-0.99973	0.0107496	-0.0206242	-0.0208091	-0.0173772	0.999632
9.56667	0.0877085	0.926677	2.86786	0.0110066	0.999769	0.0184584	-0.999689	0.0114152	-0.0221764	-0.022382	-0.0182085	0.999584
9.6	0.0876178	0.926921	2.86741	0.0112131	0.999668	0.0231808	-0.999654	0.011759	-0.0235468	-0.0238116	-0.0229087	0.999454
9.63333	0.0880019	0.927324	2.86703	0.0120273	0.999376	0.0332158	-0.99964	0.0128142	-0.0235787	-0.0239896	-0.0329203	0.99917
9.66667	0.0890643	0.927843	2.86674	0.0131536	0.998753	0.0481525	-0.999664	0.0142116	-0.0216958	-0.0223531	-0.047851	0.998604
9.7	0.0908132	0.928434	2.86665	0.0132863	0.997664	0.0670054	-0.99975	0.0144592	-0.0170504	-0.0179795	-0.0667621	0.997607
9.73333	0.0933036	0.928836	2.86641	0.0155156	0.995916	0.0889435	-0.999803	0.0165513	-0.010919	-0.0123466	-0.0887566	0.995977
