0	0.967255	0.241246	0.0788532	-0.240811	0.970454	-0.0151232	-0.0801718	-0.00436075	0.996772
0.0333333	0.152077	0.357179	0.921572	-0.303626	0.904214	-0.300347	-0.940576	-0.234138	0.245959
0.0666667	0.118877	0.342978	0.931791	-0.310549	0.904207	-0.293206	-0.943095	-0.254512	0.214001
0.1	0.118886	0.330966	0.936124	-0.310424	0.907938	-0.281578	-0.943135	-0.25712	0.210681
0.133333	0.1203	0.323802	0.938446	-0.311315	0.909932	-0.274056	-0.942662	-0.259183	0.210269
0.166667	0.121847	0.319481	0.939726	-0.312432	0.910997	-0.269203	-0.942093	-0.260799	0.210819
0.2	0.123247	0.316818	0.940445	-0.313492	0.911572	-0.266007	-0.941559	-0.262037	0.211669
0.233333	0.124045	0.315284	0.940856	-0.31399	0.911928	-0.264193	-0.941288	-0.262648	0.212116
0.266667	0.124859	0.314115	0.941139	-0.313625	0.912421	-0.262922	-0.941302	-0.262336	0.212438
0.3	0.125763	0.312899	0.941423	-0.312127	0.913246	-0.261838	-0.94168	-0.260914	0.212517
0.333333	0.127068	0.311873	0.941588	-0.309887	0.914248	-0.260998	-0.942244	-0.258621	0.212817
0.366667	0.1281	0.311381	0.941612	-0.308044	0.914966	-0.260663	-0.942708	-0.256667	0.213126
0.4	0.128845	0.310857	0.941683	-0.305697	0.915803	-0.260487	-0.943371	-0.254308	0.213025
0.433333	0.129718	0.310202	0.941779	-0.303032	0.916764	-0.260224	-0.944111	-0.251633	0.212922
0.466667	0.130328	0.309788	0.941831	-0.300849	0.917502	-0.260155	-0.944724	-0.249444	0.212776
0.5	0.130885	0.30884	0.942065	-0.297687	0.918633	-0.259799	-0.945649	-0.246437	0.212173
0.533333	0.13106	0.306923	0.942667	-0.29419	0.920078	-0.258666	-0.946718	-0.243422	0.210879
0.566667	0.131304	0.304678	0.943361	-0.290888	0.921553	-0.257146	-0.947704	-0.240648	0.209631
0.6	0.131449	0.301876	0.944241	-0.286817	0.923349	-0.255269	-0.948924	-0.23727	0.207956
0.633333	0.131746	0.298882	0.945152	-0.28348	0.925004	-0.252996	-0.949885	-0.234601	0.206593
0.666667	0.131844	0.296132	0.946004	-0.280896	0.926378	-0.25084	-0.950639	-0.232657	0.20532
0.7	0.131912	0.293745	0.946738	-0.279341	0.927392	-0.248821	-0.951088	-0.231641	0.204389
0.733333	0.131977	0.291735	0.94735	-0.278559	0.928113	-0.247005	-0.951308	-0.231294	0.203755
0.766667	0.13199	0.290479	0.947734	-0.278212	0.928525	-0.245845	-0.951408	-0.231223	0.20337
0.8	0.131947	0.289423	0.948063	-0.278044	0.928836	-0.244856	-0.951463	-0.231295	0.20303
0.833333	0.131965	0.288967	0.9482	-0.278221	0.928912	-0.244368	-0.951409	-0.231561	0.202981
0.866667	0.131843	0.288772	0.948276	-0.27871	0.928835	-0.244102	-0.951282	-0.232112	0.202944
0.9	0.131838	0.28871	0.948296	-0.27877	0.928836	-0.244029	-0.951265	-0.232184	0.202939
0.933333	0.131818	0.288712	0.948298	-0.278909	0.928801	-0.244007	-0.951228	-0.232324	0.202957
0.966667	0.132103	0.288982	0.948176	-0.279413	0.928626	-0.244095	-0.95104	-0.232687	0.203419
1	0.132169	0.289192	0.948103	-0.279696	0.928507	-0.244224	-0.950948	-0.232901	0.203605
1.03333	0.132307	0.289455	0.948003	-0.279742	0.928436	-0.244439	-0.950915	-0.232855	0.203811
1.06667	0.132371	0.289619	0.947944	-0.279877	0.928365	-0.244555	-0.950866	-0.232936	0.203946
1.1	0.132337	0.289615	0.94795	-0.279932	0.92835	-0.244548	-0.950855	-0.232999	0.203927
1.13333	0.132606	0.289378	0.947985	-0.279739	0.928476	-0.244292	-0.950874	-0.232794	0.204072
1.16667	0.132457	0.289254	0.948044	-0.279362	0.928591	-0.244287	-0.951006	-0.23249	0.203804
1.2	0.132704	0.289243	0.948013	-0.279374	0.928606	-0.244214	-0.950968	-0.232442	0.204037
1.23333	0.132713	0.289233	0.948015	-0.279498	0.928579	-0.244176	-0.95093	-0.232563	0.204074
1.26667	0.132798	0.289292	0.947985	-0.279712	0.928517	-0.244168	-0.950855	-0.232737	0.204224
1.3	0.132639	0.289363	0.947985	-0.280235	0.92836	-0.244163	-0.950723	-0.233273	0.204227
1.33333	0.132513	0.289897	0.94784	-0.280824	0.92807	-0.24459	-0.950567	-0.233765	0.204391
1.36667	0.132407	0.290465	0.947681	-0.28167	0.927708	-0.244989	-0.950332	-0.234495	0.204651
1.4	0.132263	0.29096	0.947549	-0.282179	0.927445	-0.245399	-0.950201	-0.234921	0.20477
1.43333	0.132344	0.29126	0.947445	-0.282535	0.927284	-0.245597	-0.950084	-0.235184	0.205011
1.46667	0.13229	0.29142	0.947404	-0.28315	0.927087	-0.245633	-0.949908	-0.235762	0.20516
1.5	0.132276	0.291724	0.947312	-0.283399	0.926945	-0.24588	-0.949836	-0.235943	0.205287
1.53333	0.132153	0.291951	0.947259	-0.283583	0.926833	-0.246093	-0.949798	-0.236105	0.205276
1.56667	0.131964	0.29207	0.947249	-0.283768	0.926744	-0.246215	-0.949769	-0.236307	0.205177
1.6	0.131507	0.292299	0.947242	-0.283463	0.926731	-0.246616	-0.949924	-0.236076	0.204728
1.63333	0.131043	0.292576	0.947221	-0.283007	0.926742	-0.247098	-0.950124	-0.235689	0.204244
1.66667	0.13054	0.292702	0.947251	-0.282696	0.926753	-0.24741	-0.950285	-0.235488	0.203724
1.7	0.130358	0.292636	0.947297	-0.28259	0.926785	-0.247412	-0.950342	-0.235445	0.20351
1.73333	0.129802	0.292515	0.94741	-0.282731	0.926745	-0.247399	-0.950376	-0.235749	0.202996
1.76667	0.130059	0.292436	0.9474	-0.282908	0.926739	-0.247221	-0.950288	-0.235874	0.203263
1.8	0.130101	0.292442	0.947392	-0.283184	0.926672	-0.247158	-0.9502	-0.23613	0.203376
1.83333	0.129928	0.292874	0.947282	-0.283158	0.926554	-0.247628	-0.950232	-0.236057	0.203315
1.86667	0.129688	0.293596	0.947091	-0.282585	0.926491	-0.248515	-0.950435	-0.235404	0.20312
1.9	0.129357	0.294474	0.946864	-0.282085	0.926363	-0.249561	-0.950629	-0.234813	0.202899
1.93333	0.129223	0.294976	0.946726	-0.281706	0.926315	-0.250165	-0.950759	-0.234371	0.202798
1.96667	0.129189	0.294913	0.94675	-0.28111	0.926476	-0.250239	-0.95094	-0.233813	0.202594
2	0.129189	0.295166	0.946672	-0.280621	0.926529	-0.25059	-0.951085	-0.233282	0.202527
2.03333	0.129589	0.295103	0.946637	-0.280059	0.926709	-0.250553	-0.951196	-0.232646	0.202738
2.06667	0.130267	0.295067	0.946555	-0.279531	0.926892	-0.250467	-0.951259	-0.231964	0.203223
2.1	0.131108	0.295366	0.946345	-0.279933	0.926769	-0.250474	-0.951025	-0.232074	0.20419
2.13333	0.132162	0.296093	0.945972	-0.281245	0.926324	-0.25065	-0.950492	-0.232924	0.2057
2.16667	0.133649	0.297136	0.945436	-0.282795	0.925763	-0.250976	-0.949824	-0.233822	0.207756
2.2	0.134859	0.299093	0.944646	-0.28488	0.924807	-0.252141	-0.949029	-0.235107	0.209924
2.23333	0.135776	0.301517	0.943744	-0.287356	0.923603	-0.25374	-0.948151	-0.236739	0.212046
2.26667	0.136302	0.303546	0.943017	-0.288748	0.922743	-0.255285	-0.947653	-0.237499	0.21342
2.3	0.137157	0.305956	0.942114	-0.290153	0.921793	-0.257115	-0.9471	-0.238092	0.215204
2.33333	0.137856	0.307981	0.941352	-0.291294	0.921	-0.258664	-0.946649	-0.238551	0.216678
2.36667	0.13835	0.309742	0.940701	-0.291343	0.920536	-0.260254	-0.946561	-0.238061	0.217598
2.4	0.138815	0.310968	0.940228	-0.290523	0.920434	-0.261528	-0.946745	-0.236854	0.218113
2.43333	0.139385	0.311886	0.93984	-0.28921	0.920545	-0.262591	-0.947063	-0.23521	0.218511
2.46667	0.13959	0.31259	0.939575	-0.28867	0.920496	-0.263356	-0.947198	-0.234465	0.218727
2.5	0.140227	0.3132	0.939277	-0.288428	0.920429	-0.263855	-0.947178	-0.233914	0.219404
2.53333	0.140589	0.313487	0.939128	-0.288023	0.920474	-0.264142	-0.947247	-0.233355	0.2197
2.56667	0.14116	0.313534	0.939026	-0.287116	0.920723	-0.264261	-0.947438	-0.232306	0.21999
2.6	0.142073	0.313382	0.938939	-0.286237	0.921043	-0.264098	-0.947567	-0.231238	0.220557
2.63333	0.14242	0.313319	0.938908	-0.285626	0.921234	-0.264095	-0.9477	-0.230564	0.220694
2.66667	0.143072	0.31316	0.938862	-0.285217	0.921422	-0.263879	-0.947724	-0.230025	0.221149
2.7	0.143476	0.312979	0.93886	-0.284907	0.921576	-0.263678	-0.947756	-0.229657	0.221394
2.73333	0.143855	0.313005	0.938794	-0.28483	0.921613	-0.263632	-0.947722	-0.229472	0.221732
2.76667	0.144214	0.313093	0.938709	-0.284988	0.921574	-0.263596	-0.94762	-0.229507	0.222132
2.8	0.144364	0.313275	0.938625	-0.284888	0.921558	-0.263762	-0.947628	-0.229325	0.222288
2.83333	0.144768	0.313413	0.938517	-0.285118	0.921491	-0.263747	-0.947497	-0.229406	0.222761
2.86667	0.144747	0.313587	0.938462	-0.285472	0.921355	-0.26384	-0.947393	-0.229715	0.222884
2.9	0.144634	0.313614	0.938471	-0.285546	0.921321	-0.263876	-0.947388	-0.229811	0.222805
2.93333	0.144698	0.313486	0.938504	-0.285544	0.921362	-0.263735	-0.947379	-0.229822	0.222833
2.96667	0.144779	0.313109	0.938617	-0.284623	0.921697	-0.263562	-0.947644	-0.228994	0.22256
3	0.144941	0.31218	0.938902	-0.283729	0.922184	-0.262821	-0.947887	-0.228301	0.222236
3.03333	0.144689	0.311008	0.939329	-0.282791	0.92272	-0.261949	-0.948206	-0.227733	0.221458
3.06667	0.144783	0.309542	0.939799	-0.280962	0.923572	-0.260913	-0.948735	-0.226272	0.220687
3.1	0.144981	0.308001	0.940274	-0.278934	0.924493	-0.259823	-0.949303	-0.224605	0.219946
3.13333	0.145005	0.306587	0.940733	-0.278172	0.925065	-0.258603	-0.949523	-0.224187	0.219422
3.16667	0.145624	0.305904	0.940859	-0.27738	0.925479	-0.257971	-0.94966	-0.223409	0.219624
3.2	0.146253	0.305411	0.940922	-0.27647	0.925868	-0.257551	-0.949828	-0.222469	0.219848
3.23333	0.146991	0.305281	0.940849	-0.276041	0.926051	-0.257353	-0.94984	-0.221884	0.220391
3.26667	0.146267	0.30515	0.941005	-0.276846	0.925852	-0.257204	-0.949717	-0.222893	0.219901
3.3	0.146553	0.304138	0.941288	-0.279236	0.925582	-0.255588	-0.948973	-0.225384	0.220574
3.33333	0.147432	0.302998	0.941518	-0.283003	0.925045	-0.253381	-0.94772	-0.229096	0.22213
3.36667	0.149652	0.302746	0.941249	-0.288987	0.923793	-0.251184	-0.945564	-0.234418	0.225737
3.4	0.152907	0.303111	0.940608	-0.294886	0.922433	-0.249317	-0.943219	-0.239249	0.23043
3.43333	0.15597	0.305317	0.939391	-0.30032	0.920665	-0.249368	-0.941	-0.243224	0.235289
3.46667	0.159703	0.308705	0.937655	-0.304546	0.918922	-0.250667	-0.939014	-0.245527	0.240769
3.5	0.165204	0.312838	0.935329	-0.305266	0.918008	-0.253126	-0.937827	-0.243707	0.247158
3.53333	0.172914	0.311668	0.934325	-0.306769	0.918471	-0.249607	-0.935945	-0.243462	0.254427
3.56667	0.187627	0.30581	0.933422	-0.295646	0.923813	-0.243234	-0.936691	-0.230325	0.263744
3.6	0.208384	0.296371	0.932062	-0.279315	0.931328	-0.233691	-0.937315	-0.211641	0.276855
3.63333	0.225596	0.285925	0.931318	-0.263052	0.938332	-0.224358	-0.938035	-0.194371	0.286897
3.66667	0.23058	0.278613	0.932313	-0.252192	0.942503	-0.219286	-0.939804	-0.184559	0.287586
3.7	0.228398	0.279225	0.932667	-0.262089	0.940257	-0.217315	-0.937627	-0.194807	0.287935
3.73333	0.225497	0.288096	0.930673	-0.280626	0.933997	-0.221131	-0.932952	-0.211307	0.29146
3.76667	0.226005	0.299473	0.926951	-0.298798	0.927013	-0.226642	-0.927168	-0.225749	0.298992
3.8	0.230147	0.308913	0.922825	-0.311092	0.921876	-0.231011	-0.922092	-0.233917	0.308267
3.83333	0.238778	0.3163	0.918118	-0.312907	0.920098	-0.235603	-0.919279	-0.231029	0.318671
3.86667	0.249417	0.32098	0.913653	-0.309055	0.920518	-0.239023	-0.917756	-0.222753	0.328794
3.9	0.261862	0.320698	0.910264	-0.301471	0.923161	-0.238516	-0.916812	-0.21196	0.338421
3.93333	0.269816	0.31554	0.909744	-0.290413	0.927457	-0.235552	-0.918074	-0.200646	0.34188
3.96667	0.267705	0.309156	0.912555	-0.283538	0.930463	-0.232044	-0.920837	-0.196625	0.336747
4	0.24854	0.303729	0.91977	-0.286199	0.930197	-0.229835	-0.925374	-0.206114	0.318118
4.03333	0.206867	0.293637	0.933265	-0.29351	0.928587	-0.227106	-0.933305	-0.226942	0.27828
4.06667	0.132088	0.266854	0.954642	-0.305415	0.927183	-0.21692	-0.943014	-0.262909	0.203971
4.1	0.0169908	0.216275	0.976185	-0.347124	0.916875	-0.197093	-0.937665	-0.335509	0.0906529
4.13333	-0.14894	0.105404	0.983213	-0.439883	0.883443	-0.161343	-0.885618	-0.456529	-0.0852146
4.16667	-0.327475	-0.110801	0.938341	-0.615407	0.778579	-0.122837	-0.716962	-0.617688	-0.323153
4.2	-0.368223	-0.365138	0.855036	-0.845733	0.513555	-0.144906	-0.386197	-0.77649	-0.497912
4.23333	-0.365345	-0.360709	0.858144	-0.901008	0.368662	-0.228632	-0.233895	-0.856725	-0.459691
4.26667	-0.26792	-0.262259	0.927059	-0.922538	0.347234	-0.168384	-0.277746	-0.90036	-0.334975
4.3	-0.162658	-0.178373	0.970425	-0.934412	0.343719	-0.0934428	-0.316886	-0.921976	-0.222583
4.33333	-0.0709715	-0.101409	0.99231	-0.934241	0.355336	-0.0305047	-0.34951	-0.929221	-0.119959
4.36667	0.0398595	-0.0674125	0.996929	-0.942217	0.329593	0.0599591	-0.332622	-0.941713	-0.0503798
4.4	0.12933	-0.0906709	0.987447	-0.925421	0.346664	0.153038	-0.356189	-0.933597	-0.0390747
4.43333	0.147245	-0.177802	0.972988	-0.859041	0.464612	0.214903	-0.490272	-0.86748	-0.084328
4.46667	0.0807315	-0.27488	0.958083	-0.654082	0.710694	0.259018	-0.752103	-0.647576	-0.122418
4.5	0.0616679	-0.223053	0.972854	-0.360395	0.903973	0.230105	-0.930759	-0.364801	-0.0246408
4.53333	0.138341	-0.118535	0.983266	-0.253428	0.955521	0.150846	-0.957411	-0.270055	0.102147
4.56667	0.197412	-0.0425546	0.979397	-0.261673	0.960521	0.0944786	-0.944752	-0.274933	0.178483
4.6	0.150695	-0.0152582	0.988463	-0.245888	0.967879	0.0524271	-0.957512	-0.250952	0.142103
4.63333	0.0422165	-0.0699319	0.996658	-0.192805	0.978226	0.0768055	-0.980328	-0.195404	0.027814
4.66667	-0.00373919	-0.117865	0.993023	-0.224003	0.967894	0.114039	-0.974581	-0.222014	-0.0300212
4.7	0.00300742	-0.119488	0.992831	-0.197799	0.973149	0.117718	-0.980238	-0.196735	-0.0207078
4.73333	0.0119706	-0.0869332	0.996142	-0.192972	0.977286	0.0876065	-0.981131	-0.193276	-0.00507697
4.76667	0.060646	-0.0573698	0.996509	-0.189475	0.979533	0.0679236	-0.980011	-0.192933	0.0485346
4.8	0.0829337	-0.014384	0.996451	-0.183821	0.982517	0.0294821	-0.979455	-0.185614	0.0788397
4.83333	0.126946	0.0300068	0.991456	-0.202381	0.9793	-0.00372608	-0.971044	-0.200178	0.130391
4.86667	0.142782	0.0819453	0.986356	-0.222577	0.973699	-0.0486743	-0.964403	-0.21259	0.157266
4.9	0.166764	0.134789	0.97674	-0.252838	0.963335	-0.0897702	-0.953028	-0.231987	0.19473
4.93333	0.180625	0.185894	0.965825	-0.274827	0.952402	-0.131913	-0.944375	-0.241608	0.223116
4.96667	0.194948	0.227168	0.954144	-0.29424	0.941547	-0.16405	-0.935638	-0.248766	0.250395
5	0.197877	0.255618	0.946311	-0.299184	0.935083	-0.190025	-0.933452	-0.24552	0.261508
5.03333	0.191986	0.270092	0.9435	-0.301238	0.931192	-0.205273	-0.934022	-0.244809	0.260137
5.06667	0.171216	0.271524	0.947079	-0.306392	0.928283	-0.210745	-0.936381	-0.254095	0.24213
5.1	0.13691	0.263034	0.955023	-0.322623	0.923376	-0.208067	-0.936574	-0.279626	0.21128
5.13333	0.0806588	0.242709	0.96674	-0.353849	0.913697	-0.199869	-0.931818	-0.325959	0.15958
5.16667	-0.0272756	0.184142	0.982521	-0.396854	0.900116	-0.179715	-0.917476	-0.394819	0.0485261
5.2	-0.228774	0.0211471	0.97325	-0.512495	0.847385	-0.13888	-0.827654	-0.530558	-0.183022
5.23333	-0.397396	-0.2609	0.879777	-0.75039	0.644236	-0.147902	-0.528197	-0.718951	-0.451794
5.26667	-0.415652	-0.357443	0.836342	-0.879465	0.392399	-0.269377	-0.231893	-0.847501	-0.47746
5.3	-0.358436	-0.251182	0.899128	-0.905332	0.328552	-0.269124	-0.227811	-0.910473	-0.345168
5.33333	-0.230574	-0.156121	0.960449	-0.93912	0.2941	-0.177648	-0.254733	-0.942938	-0.214428
5.36667	-0.138508	-0.064247	0.988275	-0.946947	0.300808	-0.113161	-0.29001	-0.951518	-0.102503
5.4	-0.0461232	0.0116891	0.998867	-0.952615	0.300446	-0.0475034	-0.300661	-0.953727	-0.00272233
5.43333	0.055516	0.0394983	0.997676	-0.958569	0.281718	0.0421865	-0.279398	-0.958684	0.0535017
5.46667	0.108253	0.01608	0.993993	-0.938597	0.331138	0.0968629	-0.327591	-0.943445	0.0509393
5.5	0.0992343	-0.0736625	0.992334	-0.856991	0.500474	0.122851	-0.505686	-0.862612	-0.0134639
5.53333	0.0311894	-0.133298	0.990585	-0.589386	0.797975	0.125937	-0.807249	-0.587765	-0.0536758
5.56667	0.0615333	-0.0364163	0.99744	-0.311643	0.948671	0.0538614	-0.948205	-0.31416	0.047026
5.6	0.167745	0.0655185	0.983651	-0.291618	0.956433	-0.013975	-0.941712	-0.284506	0.179543
5.63333	0.161952	0.11236	0.980381	-0.294122	0.953836	-0.060731	-0.941947	-0.278517	0.187524
5.66667	0.0482448	0.0474741	0.997707	-0.183443	0.982301	-0.0378705	-0.981846	-0.181195	0.0560996
5.7	-0.0365172	-0.00305262	0.999328	-0.246487	0.969127	-0.00604669	-0.968458	-0.246542	-0.0361422
5.73333	-0.0170406	-0.0389878	0.999094	-0.237897	0.970701	0.0338223	-0.971141	-0.237105	-0.0258165
5.76667	-0.0249886	-0.0339472	0.999111	-0.215899	0.976021	0.0277629	-0.976096	-0.215013	-0.0317186
5.8	0.0321113	-0.0322812	0.998963	-0.198084	0.979447	0.0380179	-0.979659	-0.199099	0.0250569
5.83333	0.0558441	-0.00231356	0.998437	-0.177771	0.983996	0.0122231	-0.982486	-0.178176	0.054539
5.86667	0.104772	0.0380134	0.993769	-0.198388	0.979983	-0.0165701	-0.974507	-0.195416	0.110217
5.9	0.123323	0.0947525	0.987833	-0.220325	0.973202	-0.0658434	-0.967599	-0.209524	0.140894
5.93333	0.145169	0.146122	0.978557	-0.243452	0.963902	-0.107817	-0.958987	-0.22258	0.175503
5.96667	0.161619	0.186874	0.968998	-0.26418	0.954263	-0.13997	-0.950836	-0.233368	0.203596
6	0.173221	0.221475	0.959658	-0.279267	0.945441	-0.167785	-0.94446	-0.238937	0.225621
6.03333	0.183824	0.248509	0.951027	-0.297989	0.936073	-0.187003	-0.936702	-0.24902	0.246126
6.06667	0.178508	0.260379	0.948861	-0.290347	0.935348	-0.202048	-0.940124	-0.239431	0.242567
6.1	0.171245	0.257039	0.951108	-0.281905	0.937789	-0.202683	-0.944036	-0.233413	0.233052
6.13333	0.146248	0.252313	0.95653	-0.302228	0.932092	-0.199658	-0.94195	-0.259891	0.212572
6.16667	0.0999497	0.240204	0.965563	-0.330102	0.923465	-0.195561	-0.938639	-0.299189	0.171592
6.2	0.0127998	0.19738	0.980244	-0.36539	0.913451	-0.179159	-0.930766	-0.355878	0.0838127
6.23333	-0.153349	0.0741302	0.985388	-0.440298	0.8876	-0.135294	-0.884659	-0.454611	-0.103473
6.26667	-0.364547	-0.183466	0.912933	-0.632486	0.768328	-0.0981552	-0.683423	-0.613199	-0.396131
6.3	-0.405952	-0.418252	0.812569	-0.865838	0.460544	-0.19551	-0.292451	-0.782921	-0.549097
6.33333	-0.399258	-0.333251	0.854129	-0.891786	0.357447	-0.277397	-0.212863	-0.872454	-0.439902
6.36667	-0.285648	-0.20295	0.936599	-0.919715	0.332704	-0.208406	-0.269314	-0.920934	-0.281692
6.4	-0.149064	-0.110152	0.982673	-0.941326	0.320119	-0.106909	-0.302796	-0.940952	-0.151407
6.43333	-0.0724889	-0.0156507	0.997246	-0.935845	0.346812	-0.0625828	-0.344877	-0.937804	-0.0397866
6.46667	0.0179109	0.0305212	0.999374	-0.948846	0.315654	0.00736512	-0.315231	-0.948383	0.0346136
6.5	0.10706	0.0231515	0.993983	-0.946421	0.308723	0.0947468	-0.304672	-0.95087	0.054963
6.53333	0.115671	-0.0518627	0.991933	-0.89941	0.418325	0.126753	-0.421524	-0.906816	0.00174208
6.56667	0.0232587	-0.132415	0.990921	-0.705092	0.700507	0.110157	-0.708734	-0.701253	-0.0770716
6.6	0.0314737	-0.0694674	0.997088	-0.385662	0.919485	0.0762345	-0.922103	-0.386939	0.00214859
6.63333	0.140888	0.0299131	0.989573	-0.248583	0.968591	0.00611262	-0.958309	-0.246852	0.143899
6.66667	0.206986	0.0957577	0.973646	-0.245041	0.968551	-0.0431638	-0.94716	-0.229649	0.223941
6.7	0.164296	0.116009	0.979566	-0.234795	0.969117	-0.0753912	-0.95806	-0.21761	0.18646
6.73333	0.0491632	0.0448876	0.997782	-0.144259	0.988834	-0.0373771	-0.988318	-0.142101	0.0550896
6.76667	-0.0369504	-0.0056995	0.999301	-0.174401	0.984674	-0.00083264	-0.983981	-0.17431	-0.0373781
6.8	-0.0110715	-0.0216386	0.999705	-0.145612	0.989144	0.0197974	-0.98928	-0.14535	-0.0141022
6.83333	-0.0148338	-0.00410116	0.999882	-0.125659	0.992071	0.00220489	-0.991963	-0.125612	-0.0152316
6.86667	0.0405864	0.00812244	0.999143	-0.128187	0.991746	-0.00285519	-0.990919	-0.127961	0.0412926
6.9	0.064665	0.0382892	0.997172	-0.139111	0.989852	-0.028987	-0.988163	-0.136843	0.0693352
6.93333	0.0955559	0.0680254	0.993097	-0.157269	0.986164	-0.052418	-0.982922	-0.151175	0.104932
6.96667	0.113993	0.0985347	0.988583	-0.175862	0.981357	-0.0775358	-0.977792	-0.165016	0.129196
7	0.122308	0.135789	0.983159	-0.206162	0.972466	-0.108665	-0.970844	-0.189399	0.146934
7.03333	0.132894	0.173368	0.97585	-0.235039	0.96201	-0.138901	-0.962858	-0.210904	0.168594
7.06667	0.143326	0.20625	0.967946	-0.24965	0.953949	-0.166301	-0.95767	-0.217812	0.188216
7.1	0.154637	0.23047	0.960714	-0.264162	0.946652	-0.184577	-0.952001	-0.225242	0.207269
7.13333	0.154569	0.246981	0.956613	-0.271788	0.941522	-0.199169	-0.949863	-0.22921	0.212656
7.16667	0.167014	0.253316	0.952858	-0.273472	0.940414	-0.202074	-0.947269	-0.226831	0.226337
7.2	0.166712	0.249948	0.953799	-0.27633	0.940416	-0.198142	-0.946493	-0.230531	0.225847
7.23333	0.159406	0.244199	0.956534	-0.28781	0.938328	-0.191588	-0.944328	-0.24476	0.219858
7.26667	0.131323	0.236853	0.962629	-0.305768	0.933372	-0.187941	-0.943006	-0.26966	0.194996
7.3	0.0763811	0.217109	0.973154	-0.339425	0.923374	-0.179362	-0.937527	-0.316613	0.144221
7.33333	-0.015656	0.158945	0.987163	-0.396557	0.905329	-0.152058	-0.917877	-0.393847	0.048857
7.36667	-0.16804	0.0230816	0.98551	-0.507779	0.854866	-0.106604	-0.844939	-0.518335	-0.131931
7.4	-0.297081	-0.208997	0.931699	-0.73874	0.668533	-0.0855905	-0.604984	-0.713711	-0.353003
7.43333	-0.303128	-0.319583	0.897764	-0.921201	0.339423	-0.190215	-0.243932	-0.88468	-0.397288
7.46667	-0.347129	-0.204385	0.915275	-0.921547	0.255347	-0.292488	-0.173933	-0.945	-0.276989
7.5	-0.28894	-0.0665424	0.955032	-0.926844	0.269255	-0.261652	-0.239736	-0.960767	-0.139473
7.53333	-0.127165	0.00972057	0.991834	-0.95181	0.280156	-0.124779	-0.279081	-0.959905	-0.0263738
7.56667	-0.0477601	0.0711562	0.996321	-0.955261	0.288219	-0.0663762	-0.291882	-0.954917	0.0542074
7.6	0.00105169	0.124303	0.992244	-0.951933	0.304055	-0.0370812	-0.306306	-0.94451	0.118647
7.63333	0.075651	0.146346	0.986337	-0.94537	0.325094	0.0242736	-0.3171	-0.934289	0.162945
7.66667	0.129737	0.124406	0.983713	-0.919772	0.385692	0.0725276	-0.370388	-0.914202	0.164464
7.7	0.140222	0.0837143	0.986575	-0.873659	0.479319	0.0835011	-0.465894	-0.873639	0.140349
7.73333	0.135187	0.0300457	0.990364	-0.80633	0.584212	0.0923419	-0.575809	-0.811044	0.103205
7.76667	0.119751	-0.0260609	0.992462	-0.717104	0.689069	0.10462	-0.686601	-0.724227	0.0638281
7.8	0.0811787	-0.0483623	0.995526	-0.594741	0.799161	0.0873203	-0.799808	-0.599169	0.0361117
7.83333	0.0692787	-0.0453046	0.996568	-0.476536	0.876122	0.0729566	-0.876421	-0.479955	0.0391073
7.86667	0.0815191	-0.0457434	0.995622	-0.415674	0.90636	0.0756767	-0.905853	-0.420023	0.0548713
7.9	0.0453478	-0.0175082	0.998818	-0.360676	0.932117	0.0327142	-0.931588	-0.361733	0.0359546
7.93333	0.0622125	0.0150649	0.997949	-0.344331	0.93882	0.00729335	-0.936785	-0.344078	0.0635937
7.96667	0.0573498	0.0688845	0.995975	-0.293113	0.954813	-0.0491598	-0.954356	-0.289114	0.0749493
8	0.0769437	0.116064	0.990257	-0.285811	0.954087	-0.089617	-0.955192	-0.276131	0.106583
8.03333	0.0797851	0.158995	0.98405	-0.265219	0.954999	-0.132798	-0.960882	-0.250393	0.118363
8.06667	0.103372	0.197661	0.974805	-0.269405	0.948985	-0.163857	-0.957463	-0.245679	0.15135
8.1	0.11334	0.234778	0.965419	-0.266963	0.943143	-0.19802	-0.957019	-0.235287	0.169573
8.13333	0.129809	0.264869	0.955507	-0.284505	0.933089	-0.220004	-0.949846	-0.243288	0.19648
8.16667	0.128989	0.284203	0.950048	-0.285266	0.928189	-0.238933	-0.949729	-0.240197	0.2008
8.2	0.131634	0.292146	0.947271	-0.287302	0.925816	-0.245606	-0.948752	-0.239823	0.205803
8.23333	0.127313	0.296657	0.94646	-0.290471	0.92354	-0.2504	-0.948377	-0.243039	0.203749
8.26667	0.126581	0.301416	0.945053	-0.298027	0.920257	-0.253589	-0.946127	-0.249552	0.206317
8.3	0.126545	0.304531	0.944059	-0.29306	0.920706	-0.257715	-0.947683	-0.244053	0.205756
8.33333	0.132087	0.303138	0.943748	-0.284603	0.9236	-0.256833	-0.949502	-0.234669	0.208269
8.36667	0.137279	0.300187	0.94395	-0.268338	0.928609	-0.256283	-0.953493	-0.218115	0.20803
8.4	0.140394	0.296624	0.944618	-0.259641	0.931708	-0.253981	-0.955446	-0.209604	0.207822
8.43333	0.142952	0.292156	0.945627	-0.251822	0.934732	-0.250722	-0.957157	-0.202289	0.207193
8.46667	0.143453	0.28912	0.946484	-0.248391	0.936281	-0.248356	-0.957979	-0.19947	0.206127
8.5	0.144905	0.286118	0.947174	-0.243342	0.938181	-0.246173	-0.959055	-0.194816	0.205571
8.53333	0.147564	0.284183	0.947346	-0.237673	0.939954	-0.244944	-0.960071	-0.189014	0.206246
8.56667	0.148967	0.281843	0.947826	-0.232025	0.941723	-0.243562	-0.961235	-0.183636	0.20568
8.6	0.152233	0.281076	0.947534	-0.23047	0.942374	-0.242517	-0.961098	-0.181459	0.20824
8.63333	0.156192	0.28153	0.946755	-0.23197	0.942166	-0.241895	-0.960101	-0.181837	0.212466
8.66667	0.160675	0.284084	0.945241	-0.230087	0.942079	-0.244023	-0.959814	-0.17828	0.216732
8.7	0.160391	0.284617	0.945129	-0.230068	0.941931	-0.244611	-0.959866	-0.17821	0.216558
8.73333	0.156885	0.286029	0.945291	-0.234559	0.940548	-0.245666	-0.959359	-0.183185	0.214649
8.76667	0.158101	0.285575	0.945225	-0.231192	0.941362	-0.245738	-0.959976	-0.179677	0.214853
8.8	0.153495	0.285738	0.945935	-0.236456	0.940089	-0.245604	-0.959442	-0.185973	0.211863
8.83333	0.154319	0.287171	0.945367	-0.239242	0.939215	-0.246249	-0.958618	-0.188171	0.213642
8.86667	0.154041	0.288452	0.945022	-0.243372	0.938047	-0.246653	-0.957623	-0.191998	0.214699
8.9	0.153184	0.289168	0.944943	-0.245288	0.937429	-0.247105	-0.957271	-0.193931	0.214529
8.93333	0.153584	0.290308	0.944528	-0.24503	0.937203	-0.248214	-0.957273	-0.193316	0.215073
8.96667	0.153261	0.290491	0.944524	-0.244331	0.937279	-0.248617	-0.957504	-0.192673	0.214625
9	0.152686	0.290165	0.944718	-0.24516	0.937167	-0.248223	-0.957384	-0.193707	0.214229
9.03333	0.15603	0.288883	0.944564	-0.241416	0.938427	-0.247128	-0.957796	-0.189474	0.216163
9.06667	0.152137	0.288705	0.945253	-0.245987	0.937352	-0.2467	-0.957259	-0.194988	0.213624
9.1	0.151943	0.290642	0.944691	-0.247045	0.936619	-0.248424	-0.957017	-0.195635	0.214115
9.13333	0.154109	0.289679	0.944636	-0.245565	0.937288	-0.247364	-0.957052	-0.193849	0.215579
9.16667	0.15178	0.289091	0.945193	-0.24731	0.936962	-0.246861	-0.956975	-0.196287	0.213707
9.2	0.153382	0.288543	0.945101	-0.246899	0.937275	-0.246084	-0.956825	-0.195599	0.215002
9.23333	0.151877	0.287768	0.945581	-0.247882	0.937194	-0.245401	-0.956811	-0.197122	0.213671
9.26667	0.153063	0.287306	0.94553	-0.246831	0.937593	-0.244937	-0.956894	-0.195896	0.214427
9.3	0.154802	0.286384	0.945527	-0.244418	0.938414	-0.244213	-0.957234	-0.193299	0.215266
9.33333	0.150831	0.286999	0.945982	-0.247875	0.937339	-0.244854	-0.956979	-0.197554	0.212519
9.36667	0.153316	0.28558	0.946012	-0.247178	0.93798	-0.243096	-0.956764	-0.196563	0.214396
9.4	0.152517	0.285531	0.946156	-0.25108	0.93714	-0.242337	-0.955875	-0.200601	0.214621
9.43333	0.153276	0.285308	0.9461	-0.251066	0.937241	-0.241962	-0.955757	-0.200447	0.215287
9.46667	0.152001	0.2848	0.946459	-0.251249	0.937264	-0.241682	-0.955913	-0.201061	0.214021
9.5	0.152279	0.284288	0.946568	-0.249415	0.937793	-0.241528	-0.956349	-0.199309	0.213711
9.53333	0.155585	0.281189	0.946956	-0.241231	0.940421	-0.239615	-0.957915	-0.191155	0.214147
9.56667	0.155256	0.279298	0.94757	-0.239232	0.941279	-0.238247	-0.958469	-0.1897	0.212956
9.6	0.149238	0.280045	0.948316	-0.239364	0.940763	-0.240146	-0.959392	-0.191154	0.20743
9.63333	0.144647	0.281403	0.948625	-0.238477	0.940361	-0.242588	-0.960315	-0.191136	0.203129
9.66667	0.141258	0.279363	0.949738	-0.230486	0.942275	-0.242887	-0.962768	-0.184591	0.197493
9.7	0.135235	0.273065	0.952443	-0.217798	0.945954	-0.240281	-0.966579	-0.174945	0.187399
9.73333	0.132546	0.26133	0.956106	-0.195694	0.952529	-0.233223	-0.971666	-0.156192	0.177394
