0	1	0	0	0	1	0	0	0	1
0.0333333	0.999956	-0.00913746	-0.00214229	0.00896955	0.997618	-0.0684019	0.0027622	0.0683797	0.997656
0.0666667	0.999927	-0.0115366	-0.00354234	0.0113463	0.998699	-0.0497224	0.00411136	0.0496786	0.998757
0.1	0.99992	-0.0119918	-0.00414348	0.0117968	0.998951	-0.0442551	0.00466983	0.0442027	0.999012
0.133333	0.999917	-0.0120526	-0.00464248	0.0118532	0.999096	-0.0408186	0.00513025	0.0407601	0.999156
0.166667	0.999915	-0.0119711	-0.00521084	0.0117622	0.999193	-0.0384132	0.00566648	0.0383486	0.999248
0.2	0.999914	-0.0118506	-0.00560822	0.0116347	0.999245	-0.0370796	0.0060434	0.0370112	0.999297
0.233333	0.999917	-0.0114729	-0.00594372	0.0112504	0.999281	-0.036201	0.00635478	0.0361311	0.999327
0.266667	0.999917	-0.0113624	-0.00601771	0.0111462	0.999332	-0.0348078	0.00640918	0.0347379	0.999376
0.3	0.999917	-0.0112411	-0.00628516	0.0110265	0.999388	-0.0331993	0.00665451	0.0331272	0.999429
0.333333	0.999916	-0.010867	-0.00701254	0.010648	0.999477	-0.0305441	0.00734079	0.0304669	0.999509
0.366667	0.999912	-0.0112107	-0.00711839	0.0110047	0.999537	-0.0283525	0.00743295	0.0282717	0.999573
0.4	0.999909	-0.0111638	-0.00751924	0.0109638	0.999598	-0.0261276	0.0078079	0.0260428	0.99963
0.433333	0.999908	-0.0112674	-0.00756257	0.0110825	0.999649	-0.024056	0.00783096	0.02397	0.999682
0.466667	0.999908	-0.0115299	-0.00719034	0.0113656	0.999683	-0.0224774	0.00744722	0.0223936	0.999721
0.5	0.999907	-0.0118547	-0.00673784	0.011708	0.999702	-0.0214043	0.00698958	0.0213234	0.999748
0.533333	0.999913	-0.0116389	-0.00622925	0.0115162	0.999746	-0.019379	0.00645322	0.0193056	0.999793
0.566667	0.999912	-0.0118657	-0.00589766	0.0117601	0.999776	-0.017616	0.00610536	0.0175451	0.999827
0.6	0.999909	-0.0121051	-0.00596654	0.0119982	0.999772	-0.0176454	0.00617878	0.0175722	0.999827
0.633333	0.999906	-0.012433	-0.00579945	0.012324	0.999754	-0.0184616	0.00602756	0.0183883	0.999813
0.666667	0.999905	-0.0123611	-0.00605844	0.0122388	0.999728	-0.0198285	0.0063019	0.0197524	0.999785
0.7	0.999904	-0.0123669	-0.00626639	0.0122296	0.999694	-0.0214941	0.00653029	0.0214154	0.999749
0.733333	0.999903	-0.0123574	-0.00637899	0.0122156	0.999687	-0.0218119	0.00664653	0.0217319	0.999742
0.766667	0.999901	-0.0123887	-0.00663387	0.0122423	0.99969	-0.0216825	0.00690043	0.0215991	0.999743
0.8	0.9999	-0.0123374	-0.00689555	0.0121872	0.999696	-0.0214135	0.00715764	0.0213273	0.999747
0.833333	0.999899	-0.0123372	-0.00700399	0.0121811	0.999686	-0.0219009	0.00727198	0.0218134	0.999736
0.866667	0.999899	-0.0123122	-0.00706419	0.0121504	0.999673	-0.0225108	0.00733904	0.0224227	0.999722
0.9	0.999902	-0.0122207	-0.00683429	0.0120529	0.999637	-0.0240815	0.0071261	0.0239968	0.999687
0.933333	0.999903	-0.0121067	-0.00682254	0.0119305	0.999609	-0.0252952	0.00712611	0.0252114	0.999657
0.966667	0.999906	-0.0120282	-0.00657277	0.0118584	0.99961	-0.0252923	0.00687442	0.0252119	0.999658
1	0.99991	-0.0119316	-0.00616258	0.0117696	0.999601	-0.0256829	0.00646656	0.025608	0.999651
1.03333	0.999912	-0.0119844	-0.00569447	0.0118409	0.999627	-0.0246035	0.00598721	0.0245339	0.999681
1.06667	0.999915	-0.011903	-0.00537487	0.0117686	0.999634	-0.0243698	0.00566298	0.0243045	0.999689
1.1	0.999916	-0.0117633	-0.00537958	0.0116302	0.999641	-0.0241382	0.00566159	0.0240736	0.999694
1.13333	0.999918	-0.0117798	-0.00501455	0.0116587	0.999655	-0.0235163	0.00528984	0.0234559	0.999711
1.16667	0.999919	-0.0116041	-0.00525547	0.0114786	0.999663	-0.023302	0.00552409	0.0232398	0.999715
1.2	0.999919	-0.0116236	-0.0051441	0.0115026	0.99967	-0.0229549	0.00540922	0.0228939	0.999723
1.23333	0.999918	-0.0116017	-0.00549536	0.0114744	0.999677	-0.0226573	0.00575645	0.0225924	0.999728
1.26667	0.999918	-0.0116334	-0.00537947	0.0115067	0.999669	-0.0230099	0.00564538	0.0229461	0.999721
1.3	0.999919	-0.0114853	-0.00555712	0.0113536	0.999667	-0.0231737	0.00582143	0.0231087	0.999716
1.33333	0.999919	-0.0114967	-0.00551652	0.011369	0.999679	-0.0226524	0.00577517	0.0225878	0.999728
1.36667	0.999918	-0.011647	-0.00535469	0.0115245	0.999683	-0.022369	0.00561352	0.0223054	0.999735
1.4	0.999917	-0.0116681	-0.00542108	0.0115497	0.999705	-0.0213872	0.00566903	0.0213229	0.999757
1.43333	0.999918	-0.0115898	-0.00548682	0.0114679	0.999698	-0.0217486	0.00573722	0.0216839	0.999748
1.46667	0.999917	-0.0115594	-0.00566531	0.011433	0.999696	-0.0218519	0.00591618	0.0217853	0.999745
1.5	0.999919	-0.0113841	-0.00570718	0.0112531	0.999684	-0.0224789	0.00596127	0.0224128	0.999731
1.53333	0.999919	-0.0113428	-0.00580532	0.0112097	0.999685	-0.022463	0.00605828	0.0223961	0.999731
1.56667	0.999919	-0.0112462	-0.00588966	0.0111101	0.999681	-0.0226616	0.00614265	0.0225944	0.999726
1.6	0.999921	-0.011132	-0.00581829	0.0109976	0.999683	-0.0226498	0.00606858	0.022584	0.999727
1.63333	0.999921	-0.0110723	-0.00596503	0.0109324	0.999676	-0.0229994	0.00621775	0.0229324	0.999718
1.66667	0.999917	-0.0111364	-0.00641307	0.0109917	0.999694	-0.022174	0.00665805	0.0221016	0.999734
1.7	0.999917	-0.0111991	-0.00638421	0.0110563	0.999697	-0.0219711	0.00662834	0.0218987	0.999738
1.73333	0.999915	-0.0112826	-0.006529	0.0111374	0.999699	-0.0218678	0.00677375	0.0217932	0.99974
1.76667	0.999913	-0.0112826	-0.00685362	0.0111348	0.999712	-0.0212409	0.0070913	0.0211628	0.999751
1.8	0.999913	-0.0110929	-0.00719246	0.0109346	0.999705	-0.0216818	0.00743086	0.0216012	0.999739
1.83333	0.999912	-0.0110148	-0.00735357	0.0108561	0.999714	-0.0212897	0.00758598	0.021208	0.999746
1.86667	0.999914	-0.0107841	-0.00748262	0.010623	0.999718	-0.0212401	0.00770956	0.0211587	0.999746
1.9	0.999912	-0.0108189	-0.00771953	0.010658	0.999731	-0.020579	0.0079401	0.0204949	0.999758
1.93333	0.999909	-0.0108414	-0.00797281	0.0106746	0.999729	-0.0206673	0.00819471	0.0205804	0.999755
1.96667	0.999905	-0.0107853	-0.00857639	0.0106091	0.999737	-0.0203347	0.00879345	0.0202418	0.999756
2	0.999898	-0.0106215	-0.00957331	0.0104147	0.999717	-0.0214016	0.00979792	0.0212997	0.999725
2.03333	0.999889	-0.0103402	-0.0107455	0.010096	0.999695	-0.0225323	0.0109752	0.0224213	0.999688
2.06667	0.999878	-0.0100543	-0.0119536	0.00978383	0.9997	-0.0224716	0.012176	0.0223519	0.999676
2.1	0.999867	-0.00992478	-0.0129564	0.00963737	0.99971	-0.0220599	0.0131716	0.0219321	0.999673
2.13333	0.999851	-0.00985698	-0.0142035	0.00955215	0.999726	-0.0213725	0.0144102	0.0212336	0.999671
2.16667	0.999833	-0.00978221	-0.015434	0.00945368	0.99973	-0.0212177	0.0156374	0.0210682	0.999656
2.2	0.999812	-0.00971309	-0.0167638	0.0093608	0.999736	-0.0209671	0.0169631	0.0208063	0.99964
2.23333	0.999787	-0.00963726	-0.0182696	0.00926015	0.999745	-0.0206148	0.0184636	0.0204412	0.999621
2.26667	0.999756	-0.00943861	-0.019948	0.00900535	0.999724	-0.0216986	0.0201473	0.0215137	0.999566
2.3	0.999722	-0.00919087	-0.0217046	0.00870292	0.99971	-0.0224701	0.0219048	0.0222749	0.999512
2.33333	0.99969	-0.00863519	-0.0233557	0.00810869	0.999713	-0.0225443	0.0235436	0.0223479	0.999473
2.36667	0.999605	-0.00859031	-0.0267732	0.00794163	0.999675	-0.0242415	0.0269727	0.0240193	0.999348
2.4	0.999528	-0.00840559	-0.0295535	0.00765764	0.99965	-0.025331	0.0297561	0.0250927	0.999242
2.43333	0.999449	-0.00784877	-0.0322351	0.00714561	0.999735	-0.0218709	0.0323982	0.0216285	0.999241
2.46667	0.999351	-0.00790411	-0.0351456	0.00723558	0.999791	-0.0191084	0.0352893	0.0188417	0.9992
2.5	0.999245	-0.00752242	-0.038118	0.00692698	0.999852	-0.015729	0.0382307	0.0154531	0.999149
2.53333	0.999184	-0.00587237	-0.0399693	0.00520388	0.999845	-0.0168087	0.0400618	0.016587	0.99906
2.56667	0.999101	-0.00426582	-0.0421689	0.00348323	0.999821	-0.0186145	0.0422407	0.0184509	0.998937
2.6	0.999011	-0.00284917	-0.0443808	0.00198922	0.99981	-0.0194088	0.0444277	0.0193013	0.998826
2.63333	0.998823	-0.00203012	-0.0484566	0.00119068	0.999849	-0.0173462	0.0484845	0.0172681	0.998675
2.66667	0.998484	0.000273483	-0.0550426	-0.00160122	0.999709	-0.0240793	0.05502	0.0241309	0.998194
2.7	0.99777	0.00471103	-0.0665827	-0.00743951	0.99914	-0.0407904	0.0663333	0.0411947	0.996947
2.73333	0.996897	0.00903918	-0.0782014	-0.0142453	0.9977	-0.0662741	0.0774224	0.0671824	0.994732
2.76667	0.995797	0.0128404	-0.0906845	-0.0214925	0.995237	-0.0950867	0.0890316	0.0966361	0.99133
2.8	0.994583	0.0169995	-0.102545	-0.0290965	0.992628	-0.117654	0.0997886	0.12	0.987746
2.83333	0.993033	0.0235704	-0.115457	-0.0401242	0.988876	-0.143227	0.110797	0.146861	0.982932
2.86667	0.991547	0.0329881	-0.125488	-0.0524255	0.986538	-0.154902	0.118689	0.160171	0.979928
2.9	0.990264	0.0436291	-0.132185	-0.0648652	0.98484	-0.160881	0.123162	0.167889	0.978082
2.93333	0.989258	0.0533522	-0.136099	-0.0751532	0.984178	-0.160456	0.125385	0.168961	0.977615
2.96667	0.9886	0.0601814	-0.138015	-0.0811598	0.985073	-0.151806	0.126819	0.161277	0.978727
3	0.988423	0.0620623	-0.138449	-0.08186	0.986443	-0.142229	0.127745	0.151916	0.980103
3.03333	0.988831	0.0598229	-0.13651	-0.077804	0.988399	-0.130439	0.127123	0.139603	0.982014
3.06667	0.989156	0.0560275	-0.13576	-0.0733645	0.98928	-0.126267	0.12723	0.134858	0.982663
3.1	0.989436	0.0490173	-0.136432	-0.06652	0.98969	-0.126842	0.128808	0.134578	0.982495
3.13333	0.990085	0.0401099	-0.134618	-0.056479	0.991157	-0.120071	0.128612	0.126484	0.983596
3.16667	0.990327	0.0288435	-0.13572	-0.0436218	0.993279	-0.107208	0.131716	0.112092	0.98493
3.2	0.990338	0.0237399	-0.136625	-0.0355266	0.995791	-0.0844892	0.134044	0.0885267	0.987013
3.23333	0.991467	0.0194263	-0.128906	-0.0264219	0.998256	-0.0527828	0.127656	0.0557383	0.990251
3.26667	0.992705	0.0141908	-0.119732	-0.0168579	0.999631	-0.0212921	0.119386	0.0231552	0.992578
3.3	0.99372	0.00889004	-0.11154	-0.00800686	0.999933	0.00836356	0.111607	-0.00741795	0.993725
3.33333	0.994501	0.00368073	-0.104658	0.000896486	0.999046	0.0436542	0.104719	-0.043508	0.99355
3.36667	0.994966	-0.00123957	-0.100209	0.00931658	0.996737	0.080174	0.0997827	-0.0807039	0.991731
3.4	0.995435	-0.00510357	-0.0953035	0.0154371	0.99403	0.108008	0.0941834	-0.108986	0.989571
3.43333	0.995461	-0.00374338	-0.0950981	0.0162475	0.991242	0.131055	0.0937746	-0.132006	0.986803
3.46667	0.994268	-0.000635466	-0.106913	0.017245	0.987842	0.154503	0.105515	-0.155461	0.982191
3.5	0.993092	0.00278596	-0.117305	0.0172815	0.985343	0.169705	0.116058	-0.17056	0.978488
3.53333	0.992876	0.00581862	-0.119011	0.0152867	0.984333	0.175658	0.118169	-0.176226	0.977231
3.56667	0.992484	0.00823749	-0.122095	0.0135348	0.984221	0.176424	0.121622	-0.176751	0.976712
3.6	0.990603	0.00674122	-0.136603	0.0172792	0.984613	0.173893	0.135673	-0.174619	0.975244
3.63333	0.988202	0.00294919	-0.153126	0.0234703	0.985089	0.170439	0.151345	-0.172022	0.973398
3.66667	0.986399	0.00374284	-0.164328	0.0219785	0.98776	0.154427	0.162894	-0.155938	0.974243
3.7	0.986097	0.0109475	-0.16581	0.00880364	0.992984	0.117918	0.165938	-0.117738	0.979082
3.73333	0.986262	0.022379	-0.163664	-0.0105687	0.997299	0.0726799	0.164848	-0.0699517	0.983835
3.76667	0.98661	0.0318117	-0.159962	-0.0259694	0.998922	0.0384824	0.161014	-0.0338131	0.986373
3.8	0.987531	0.038665	-0.152601	-0.0370224	0.999222	0.0135916	0.153007	-0.00777252	0.988194
3.83333	0.988667	0.0463043	-0.142807	-0.0476493	0.998846	-0.00601148	0.142364	0.012748	0.989732
3.86667	0.989758	0.0547823	-0.131826	-0.0579766	0.998107	-0.0205134	0.130452	0.0279461	0.991061
3.9	0.990446	0.0642987	-0.121996	-0.0685141	0.997178	-0.0306751	0.119679	0.0387405	0.992056
3.93333	0.990657	0.0722484	-0.115665	-0.0779805	0.995901	-0.0458189	0.11188	0.0544104	0.992231
3.96667	0.991186	0.0726697	-0.110766	-0.0803747	0.994527	-0.0667559	0.105309	0.0750703	0.991602
4	0.992485	0.0650653	-0.103632	-0.0739626	0.993678	-0.0844613	0.0974813	0.0914915	0.991023
4.03333	0.992923	0.0620422	-0.101269	-0.0726242	0.991881	-0.104394	0.0939699	0.111009	0.989367
4.06667	0.992515	0.0601898	-0.106256	-0.0726134	0.990448	-0.117218	0.0981853	0.124056	0.987406
4.1	0.99113	0.0573995	-0.119863	-0.0717143	0.990331	-0.118749	0.111888	0.126292	0.985663
4.13333	0.990505	0.0558136	-0.125635	-0.0685806	0.992651	-0.0997012	0.119147	0.107371	0.987054
4.16667	0.991242	0.0459804	-0.123796	-0.0530207	0.997122	-0.0541878	0.120948	0.0602769	0.990827
4.2	0.99219	0.0320079	-0.120559	-0.0333592	0.999401	-0.00920621	0.120192	0.0131561	0.992663
4.23333	0.993051	0.0197611	-0.116017	-0.0164419	0.99943	0.0294967	0.116534	-0.0273841	0.992809
4.26667	0.993581	0.01026	-0.112661	-0.00296103	0.997896	0.0647644	0.113088	-0.064015	0.991521
4.3	0.993882	0.00449029	-0.11036	0.00529915	0.996084	0.0882516	0.110324	-0.0882965	0.989966
4.33333	0.994245	0.00275491	-0.107092	0.00899386	0.993993	0.109069	0.106749	-0.109405	0.988249
4.36667	0.993558	0.0065451	-0.113132	0.00820231	0.991558	0.129401	0.113024	-0.129495	0.985118
4.4	0.992994	0.0102996	-0.117716	0.00689833	0.989442	0.144763	0.117964	-0.144561	0.982439
4.43333	0.993564	0.0146445	-0.112321	0.00225065	0.988859	0.148837	0.113249	-0.148131	0.982462
4.46667	0.994568	0.016986	-0.102694	-0.00167745	0.989082	0.147354	0.104075	-0.146381	0.983738
4.5	0.994124	0.0184174	-0.106673	-0.00275676	0.989408	0.145133	0.108216	-0.143986	0.983645
4.53333	0.992971	0.0174071	-0.117074	-0.00109264	0.990432	0.137995	0.118356	-0.136897	0.983489
4.56667	0.99191	0.0186106	-0.125568	-0.00283656	0.992197	0.124647	0.126908	-0.123283	0.984223
4.6	0.991829	0.0230493	-0.125476	-0.0112466	0.995511	0.0939715	0.127078	-0.0917924	0.987636
4.63333	0.992113	0.028471	-0.122067	-0.0217299	0.998183	0.0562048	0.123445	-0.053109	0.990929
4.66667	0.992751	0.0329993	-0.115568	-0.0302253	0.999213	0.0256747	0.116324	-0.0219956	0.992968
4.7	0.993666	0.0382241	-0.105671	-0.0385274	0.999257	-0.000829031	0.105561	0.00489501	0.994401
4.73333	0.994462	0.0467292	-0.0941393	-0.0491825	0.998504	-0.0239091	0.0928812	0.0284067	0.995272
4.76667	0.99478	0.0574725	-0.084322	-0.0612858	0.997178	-0.0433519	0.0815926	0.0482933	0.995495
4.8	0.994656	0.069865	-0.0760091	-0.0743869	0.995519	-0.0583813	0.0715897	0.0637234	0.995397
4.83333	0.994216	0.0794335	-0.0722814	-0.0850649	0.993279	-0.0784883	0.065561	0.0841829	0.994291
4.86667	0.994022	0.081548	-0.0725925	-0.0886878	0.990897	-0.101276	0.0636729	0.107109	0.992206
4.9	0.994129	0.0776076	-0.075399	-0.0860831	0.989445	-0.116571	0.0655563	0.122377	0.990316
4.93333	0.994285	0.0728563	-0.0780299	-0.0825526	0.988168	-0.129266	0.0676887	0.134969	0.988535
4.96667	0.994286	0.0620465	-0.0868617	-0.0740393	0.987027	-0.142464	0.0768954	0.148081	0.985981
5	0.993222	0.0489693	-0.105416	-0.0648243	0.986149	-0.15267	0.09648	0.158468	0.982639
5.03333	0.992386	0.0450022	-0.114654	-0.0617421	0.98722	-0.14692	0.106577	0.15288	0.982481
5.06667	0.992252	0.0417432	-0.117017	-0.0560307	0.990997	-0.1216	0.110887	0.127214	0.985657
5.1	0.992526	0.0359083	-0.116634	-0.0455792	0.995644	-0.0813363	0.113205	0.0860444	0.989839
5.13333	0.993077	0.0283753	-0.113989	-0.0322555	0.998956	-0.0323407	0.112952	0.0357936	0.992956
5.16667	0.993468	0.0224648	-0.111877	-0.0207552	0.99965	0.0164219	0.112207	-0.0139926	0.993586
5.2	0.993886	0.0178063	-0.108969	-0.0115093	0.998242	0.0581461	0.109813	-0.0565364	0.992343
5.23333	0.994547	0.0142034	-0.103314	-0.00492416	0.995973	0.0895223	0.104169	-0.0885254	0.990612
5.26667	0.994094	0.0122566	-0.107832	0.000564724	0.993005	0.118074	0.108525	-0.117438	0.987133
5.3	0.992995	0.00908016	-0.117803	0.00789365	0.989717	0.142824	0.117889	-0.142754	0.982712
5.33333	0.993277	0.00475579	-0.115665	0.0136413	0.987386	0.157744	0.114956	-0.158261	0.980683
5.36667	0.994794	0.000770182	-0.1019	0.0159901	0.986404	0.163557	0.100641	-0.164335	0.981257
5.4	0.995989	-9.81748e-05	-0.0894746	0.0151085	0.985824	0.167099	0.0881898	-0.167781	0.981872
5.43333	0.996355	-0.00113521	-0.0852967	0.0155738	0.985527	0.168802	0.0838706	-0.169515	0.981952
5.46667	0.995871	-0.000817685	-0.0907804	0.0160208	0.985849	0.16687	0.0893593	-0.167635	0.981791
5.5	0.995505	0.00138482	-0.0946937	0.0129763	0.988468	0.150874	0.0938106	-0.151424	0.984007
5.53333	0.995509	0.00548731	-0.0945031	0.00585095	0.992843	0.119284	0.0944812	-0.119301	0.988352
5.56667	0.995586	0.0130102	-0.0929448	-0.00540673	0.996651	0.0815938	0.0936951	-0.0807311	0.992322
5.6	0.99508	0.0213548	-0.0967428	-0.0169227	0.998779	0.0464041	0.0976157	-0.0445387	0.994227
5.63333	0.994519	0.0265213	-0.101137	-0.024465	0.999469	0.0215182	0.101654	-0.0189259	0.99464
5.66667	0.994443	0.0295973	-0.101033	-0.0292897	0.999561	0.00452691	0.101122	-0.00154253	0.994873
5.7	0.994713	0.033295	-0.0971419	-0.0337083	0.999428	-0.00261551	0.0969992	0.00587617	0.995267
5.73333	0.995145	0.0373522	-0.0910511	-0.0377918	0.999281	-0.00310744	0.0908695	0.00653334	0.995841
5.76667	0.995386	0.0423	-0.0861296	-0.0425396	0.999094	-0.000948348	0.0860115	0.00460789	0.996283
5.8	0.995431	0.0457422	-0.0838148	-0.0460759	0.998936	-0.00204967	0.0836319	0.00590215	0.996479
5.83333	0.995581	0.0455654	-0.0821126	-0.0457115	0.998955	0.000101475	0.0820313	0.00365246	0.996623
5.86667	0.996117	0.0394206	-0.0787184	-0.0385122	0.999173	0.0130256	0.0791668	-0.0099434	0.996812
5.9	0.996001	0.0356118	-0.0819422	-0.0339866	0.999199	0.0211448	0.0826296	-0.0182753	0.996413
5.93333	0.996162	0.0308555	-0.0819118	-0.0291135	0.999326	0.0223763	0.0825469	-0.0199057	0.996388
5.96667	0.996175	0.0292412	-0.082347	-0.0275483	0.999387	0.0216204	0.0829287	-0.0192692	0.996369
