0	0	1	0	0	0	-1	-1	0	0
0.0333333	0.991934	0.0891117	0.0901428	-0.0338815	0.87169	-0.488886	-0.122142	0.481888	0.867678
0.0666667	0.99616	0.0197822	0.0852848	0.0218123	0.88734	-0.460599	-0.0847883	0.46069	0.883502
0.1	0.996412	0.0121665	0.0837525	0.0268266	0.893175	-0.448908	-0.0802673	0.449544	0.889644
0.133333	0.996438	0.0090128	0.0838493	0.0291203	0.896344	-0.442402	-0.079145	0.443268	0.892888
0.166667	0.996441	0.00984517	0.0837191	0.0282523	0.89671	-0.441715	-0.0794206	0.442508	0.893241
0.2	0.996426	0.0091388	0.0839778	0.028915	0.897179	-0.44072	-0.0793707	0.441573	0.893708
0.233333	0.996435	0.0102606	0.0837367	0.0278438	0.896958	-0.441239	-0.0796357	0.441997	0.893474
0.266667	0.996421	0.00831411	0.0841145	0.0296172	0.897716	-0.439578	-0.0791656	0.440496	0.894257
0.3	0.996409	0.0100232	0.0840709	0.0281373	0.897328	-0.440466	-0.079854	0.44125	0.893824
0.333333	0.996426	0.00990121	0.083889	0.0281558	0.897386	-0.440348	-0.0796408	0.441136	0.8939
0.366667	0.996417	0.00987324	0.0839938	0.0281606	0.897754	-0.439597	-0.079746	0.440387	0.894259
0.4	0.996428	0.00958953	0.0839028	0.0283236	0.898036	-0.43901	-0.0795576	0.439818	0.894556
0.433333	0.996418	0.00918918	0.0840618	0.0287207	0.898211	-0.438625	-0.0795358	0.439469	0.89473
0.466667	0.996395	0.00898245	0.0843611	0.0290111	0.898358	-0.438306	-0.0797235	0.439173	0.894858
0.5	0.996362	0.00888718	0.0847599	0.0292566	0.898441	-0.438118	-0.0800454	0.439004	0.894913
0.533333	0.996377	0.00886579	0.0845887	0.0291635	0.898645	-0.437706	-0.0798958	0.438587	0.89513
0.566667	0.996377	0.00795658	0.0846766	0.0299247	0.899154	-0.436607	-0.0796113	0.437559	0.895659
0.6	0.996394	0.00897423	0.0843742	0.0289244	0.898907	-0.437184	-0.0797679	0.438048	0.895405
0.633333	0.996381	0.00842682	0.0845855	0.0295138	0.898875	-0.43721	-0.0797161	0.438124	0.895373
0.666667	0.996373	0.0083511	0.0846844	0.0295986	0.899021	-0.436905	-0.0797817	0.437827	0.895512
0.7	0.996362	0.0093527	0.0847123	0.0287583	0.89877	-0.437476	-0.0802285	0.43832	0.895231
0.733333	0.996374	0.0082131	0.0846849	0.0297481	0.89888	-0.437184	-0.0797122	0.438118	0.895376
0.766667	0.996415	0.00856159	0.0841645	0.0292268	0.898773	-0.43744	-0.07939	0.438331	0.8953
0.8	0.996451	0.00831392	0.0837674	0.0292508	0.898904	-0.437168	-0.0789334	0.438066	0.89547
0.833333	0.996477	0.00869944	0.0834193	0.0287781	0.898761	-0.437494	-0.0787799	0.438353	0.895344
0.866667	0.996496	0.00856447	0.0832013	0.0288321	0.898601	-0.437819	-0.0785144	0.438684	0.895205
0.9	0.996525	0.00708593	0.082992	0.0299234	0.899402	-0.436097	-0.0777334	0.437065	0.896065
0.933333	0.996556	0.00851579	0.0824828	0.0285056	0.898908	-0.43721	-0.0778676	0.438056	0.895569
0.966667	0.996572	0.00906434	0.0822292	0.0279775	0.898484	-0.438113	-0.0778529	0.438912	0.895151
1	0.996576	0.00828594	0.0822628	0.0286529	0.898694	-0.437638	-0.0775553	0.438497	0.89538
1.03333	0.99659	0.00737917	0.0821833	0.0293371	0.899228	-0.436496	-0.0771225	0.437418	0.895945
1.06667	0.996602	0.00696933	0.0820757	0.0296092	0.899503	-0.435909	-0.0768653	0.436858	0.89624
1.1	0.996628	0.00898816	0.0815556	0.0277115	0.898701	-0.437686	-0.0772281	0.43847	0.895422
1.13333	0.996627	0.00720787	0.0817459	0.0293085	0.899175	-0.436607	-0.0766509	0.43753	0.895931
1.16667	0.996655	0.00899149	0.0812227	0.0275735	0.898637	-0.437825	-0.0769265	0.4386	0.895384
1.2	0.99667	0.00782242	0.0811693	0.0285428	0.898956	-0.437108	-0.0763869	0.437969	0.895739
1.23333	0.996695	0.00916776	0.0807154	0.0272067	0.898556	-0.438014	-0.076543	0.438763	0.895337
1.26667	0.996674	0.00653478	0.0812316	0.0296642	0.899307	-0.436311	-0.0759033	0.43727	0.896122
1.3	0.996662	0.00869101	0.0811717	0.0278015	0.898746	-0.437587	-0.0767559	0.438383	0.895505
1.33333	0.99665	0.00772223	0.0814213	0.0287674	0.898817	-0.437378	-0.0765604	0.438255	0.895584
1.36667	0.996625	0.00743047	0.0817507	0.0291314	0.899059	-0.436858	-0.0767447	0.437765	0.895808
1.4	0.996613	0.00738832	0.0818993	0.0292365	0.899046	-0.436876	-0.0768591	0.437791	0.895785
1.43333	0.99661	0.00765636	0.0819168	0.0290257	0.898921	-0.437148	-0.0769837	0.438044	0.895651
1.46667	0.996597	0.0061503	0.0822013	0.0303881	0.899566	-0.435726	-0.0766253	0.436741	0.896318
1.5	0.996579	0.00664477	0.0823762	0.0300065	0.899648	-0.435584	-0.0770039	0.436566	0.896371
1.53333	0.996579	0.00687499	0.0823624	0.0298222	0.899487	-0.435928	-0.0770809	0.436893	0.896205
1.56667	0.996572	0.00645566	0.0824721	0.0302301	0.89958	-0.435709	-0.077003	0.436709	0.896301
1.6	0.996577	0.00516202	0.0825064	0.0313089	0.900132	-0.434491	-0.0765095	0.435587	0.896889
1.63333	0.996589	0.00499456	0.0823685	0.0313505	0.90041	-0.433912	-0.0763326	0.435014	0.897182
1.66667	0.996613	0.00709197	0.0819291	0.0294442	0.899452	-0.436027	-0.0767836	0.436963	0.896196
1.7	0.996652	0.00626511	0.0815202	0.0299776	0.899622	-0.435639	-0.0760667	0.436625	0.896422
1.73333	0.996651	0.00520718	0.0816031	0.030798	0.900572	-0.433615	-0.0757474	0.434676	0.897396
1.76667	0.996665	0.00461728	0.081466	0.0311993	0.900969	-0.432761	-0.0753965	0.433859	0.89782
1.8	0.9967	0.00417982	0.0810702	0.0314058	0.901054	-0.432568	-0.0748567	0.433687	0.897949
1.83333	0.9967	0.00399342	0.0810697	0.0315622	0.901117	-0.432425	-0.0747802	0.433557	0.898018
1.86667	0.996696	0.00397894	0.0811283	0.0315977	0.901134	-0.432387	-0.0748279	0.433522	0.898031
1.9	0.996663	0.00373424	0.0815428	0.0319882	0.901187	-0.432248	-0.0750994	0.433414	0.89806
1.93333	0.996631	0.00385865	0.0819273	0.032073	0.901016	-0.432599	-0.075487	0.433769	0.897856
1.96667	0.99657	0.00368984	0.0826763	0.0325992	0.900734	-0.433147	-0.0760676	0.434356	0.897524
2	0.996513	0.00585943	0.0832364	0.0310977	0.899588	-0.435631	-0.077431	0.4367	0.896269
2.03333	0.996434	0.00646887	0.0841265	0.0311113	0.898633	-0.437597	-0.0784296	0.438654	0.895227
2.06667	0.996335	0.00768356	0.0851913	0.0307007	0.897474	-0.439997	-0.0798377	0.441	0.893949
2.1	0.996203	0.00628924	0.0868307	0.0327301	0.897159	-0.440493	-0.0806713	0.441663	0.893547
2.13333	0.99607	0.00582161	0.0883829	0.0339659	0.89645	-0.441841	-0.0818031	0.443107	0.892729
2.16667	0.995952	0.00556608	0.0897194	0.0349224	0.895725	-0.443235	-0.082831	0.444574	0.891904
2.2	0.995825	0.00588215	0.0910945	0.0354109	0.894886	-0.444888	-0.0841361	0.446256	0.890941
2.23333	0.995697	0.00558028	0.0925057	0.0364804	0.893995	-0.44659	-0.0851917	0.448043	0.889944
2.26667	0.995616	0.00644461	0.0933127	0.0364006	0.892283	-0.450008	-0.0861614	0.451431	0.888136
2.3	0.995507	0.0063513	0.0944784	0.0374286	0.890104	-0.454217	-0.0869805	0.455712	0.885867
2.33333	0.995316	0.0064114	0.096459	0.0388386	0.88721	-0.459728	-0.0885269	0.461321	0.882806
2.36667	0.99513	0.00744092	0.09829	0.0394154	0.88392	-0.465974	-0.0903478	0.467579	0.879322
2.4	0.994872	0.00727821	0.10088	0.0413483	0.880984	-0.471336	-0.0923039	0.473091	0.876165
2.43333	0.994634	0.00731151	0.103195	0.0431131	0.877459	-0.477711	-0.0940421	0.479596	0.872435
2.46667	0.994309	0.00807169	0.106224	0.0448793	0.872584	-0.486398	-0.0966156	0.488397	0.867256
2.5	0.993914	0.00824371	0.109854	0.0478933	0.865691	-0.498282	-0.0992074	0.50051	0.860027
2.53333	0.993417	0.008144	0.114267	0.0524556	0.854416	-0.516935	-0.101842	0.519526	0.848364
2.56667	0.992868	0.0074372	0.118989	0.0595194	0.833859	-0.548759	-0.103301	0.551928	0.827469
2.6	0.992318	0.00618747	0.12356	0.0712426	0.787944	-0.611612	-0.101143	0.615716	0.78145
2.63333	0.993308	0.00828914	0.115193	0.0784327	0.683716	-0.725521	-0.0847735	0.729701	0.678491
2.66667	0.998016	-0.00699196	0.062578	0.0587398	0.461393	-0.885249	-0.0226835	0.887168	0.460888
2.7	0.996981	-0.0758637	-0.0165643	7.41245e-06	0.21341	-0.976963	0.077651	0.974013	0.212766
2.73333	0.983121	-0.161686	-0.0856201	-0.064617	0.130968	-0.989278	0.171166	0.978113	0.11831
2.76667	0.963392	-0.226201	-0.143903	-0.101533	0.188938	-0.976726	0.248125	0.955581	0.159055
2.8	0.946432	-0.251752	-0.202206	-0.120788	0.304731	-0.944748	0.299461	0.918564	0.257999
2.83333	0.931341	-0.248119	-0.266535	-0.139789	0.432259	-0.890849	0.336249	0.866942	0.367896
2.86667	0.914402	-0.221926	-0.338552	-0.167221	0.554556	-0.815171	0.368654	0.802008	0.469977
2.9	0.89601	-0.176249	-0.407556	-0.194108	0.670034	-0.716503	0.399359	0.721104	0.566146
2.93333	0.877006	-0.133408	-0.461587	-0.210298	0.757197	-0.618407	0.432013	0.639417	0.636011
2.96667	0.865581	-0.118328	-0.486588	-0.207899	0.799074	-0.564144	0.455574	0.589474	0.667063
3	0.871467	-0.123538	-0.47464	-0.191683	0.804996	-0.561462	0.451445	0.580276	0.677848
3.03333	0.88636	-0.130688	-0.444171	-0.186234	0.777673	-0.600452	0.423891	0.614936	0.664959
3.06667	0.89669	-0.108929	-0.429048	-0.214677	0.740627	-0.636699	0.387119	0.663028	0.640728
3.1	0.917575	-0.0795654	-0.38952	-0.225951	0.701779	-0.675612	0.327112	0.707937	0.625957
3.13333	0.945613	-0.032321	-0.323683	-0.215455	0.683264	-0.69766	0.24371	0.729456	0.63914
3.16667	0.973689	-0.0114285	-0.227596	-0.158528	0.683503	-0.712526	0.163706	0.729859	0.663707
3.2	0.981756	0.00463386	-0.190088	-0.142422	0.680271	-0.71899	0.12598	0.732946	0.66852
3.23333	0.990517	0.0190146	-0.136065	-0.11271	0.678774	-0.725646	0.0785593	0.734101	0.674481
3.26667	0.997774	0.0262452	-0.061305	-0.0619509	0.705048	-0.706449	0.024682	0.708674	0.705104
3.3	0.999364	0.0247764	0.0256277	-0.000873927	0.735761	-0.677241	-0.0356355	0.676788	0.735315
3.33333	0.993167	0.0125276	0.116025	0.0652404	0.764743	-0.641025	-0.0967599	0.644214	0.7587
3.36667	0.980087	0.00307531	0.198547	0.120833	0.784212	-0.608614	-0.157575	0.620485	0.768224
3.4	0.95905	-0.0055328	0.283182	0.174296	0.799614	-0.574663	-0.223257	0.600488	0.767835
3.43333	0.936935	0.00365772	0.349484	0.195788	0.822826	-0.533501	-0.289516	0.568281	0.770219
3.46667	0.93006	0.054603	0.363327	0.151004	0.844702	-0.513494	-0.334941	0.532444	0.777379
3.5	0.91855	0.0816711	0.386775	0.148185	0.835938	-0.52844	-0.366478	0.542713	0.755749
3.53333	0.89272	0.0795059	0.443543	0.199671	0.812609	-0.547539	-0.403959	0.577361	0.709557
3.56667	0.869778	0.0778421	0.487265	0.259648	0.767516	-0.58609	-0.419607	0.636286	0.647357
3.6	0.871833	0.113893	0.476378	0.309731	0.625248	-0.716332	-0.379439	0.772071	0.509836
3.63333	0.906288	0.20663	0.368708	0.304438	0.285989	-0.908585	-0.293187	0.935689	0.196283
3.66667	0.952133	0.181305	0.246113	0.239432	0.0582077	-0.969167	-0.190041	0.981703	0.0120111
3.7	0.984015	0.0736325	0.16215	0.163552	-0.0133816	-0.986444	-0.0704646	0.997196	-0.0252104
3.73333	0.994463	-0.06287	0.0842092	0.0830436	-0.0209326	-0.996326	0.0644018	0.997802	-0.0155957
3.76667	0.985062	-0.172041	0.00745043	0.00940459	0.0105464	-0.9999	0.171945	0.985033	0.0120068
3.8	0.968462	-0.240168	-0.0663405	-0.0519388	0.0658134	-0.996479	0.243688	0.968498	0.0512637
3.83333	0.953189	-0.270075	-0.13598	-0.0972088	0.152134	-0.983568	0.286325	0.950744	0.118758
3.86667	0.945539	-0.255204	-0.202058	-0.112786	0.325433	-0.938814	0.305345	0.910475	0.278926
3.9	0.941401	-0.179354	-0.28565	-0.125711	0.599303	-0.79059	0.312987	0.780172	0.541637
3.93333	0.927982	-0.0998416	-0.359001	-0.153976	0.774591	-0.613433	0.339325	0.624532	0.703433
3.96667	0.921879	-0.0688264	-0.381316	-0.152154	0.84075	-0.519604	0.356354	0.537031	0.764598
4	0.938789	-0.0526916	-0.340439	-0.127164	0.865437	-0.484612	0.320164	0.49824	0.805762
4.03333	0.951416	0.00519702	-0.307863	-0.164738	0.853308	-0.494699	0.260131	0.521382	0.812707
4.06667	0.966913	0.0494462	-0.250267	-0.189448	0.796182	-0.574633	0.170845	0.603033	0.779207
4.1	0.983432	0.0499007	-0.174275	-0.147681	0.778065	-0.610577	0.105129	0.626198	0.772544
4.13333	0.99048	0.0610756	-0.123367	-0.122923	0.795816	-0.592931	0.0619635	0.60245	0.795747
4.16667	0.997155	0.0551002	-0.0514385	-0.0746396	0.817077	-0.571676	0.0105297	0.573889	0.818865
4.2	0.998996	0.0362416	0.0263495	-0.0156486	0.833215	-0.552728	-0.0419865	0.55176	0.832945
4.23333	0.993491	0.0131297	0.113149	0.0499826	0.842347	-0.536613	-0.102356	0.538776	0.836208
4.26667	0.981396	0.00495545	0.191933	0.099373	0.842242	-0.529861	-0.16428	0.539076	0.82608
4.3	0.964387	-0.0056513	0.264434	0.149972	0.835205	-0.529095	-0.217866	0.54991	0.806308
4.33333	0.93971	-0.0154745	0.341623	0.203174	0.828814	-0.521332	-0.275075	0.55931	0.781989
4.36667	0.926285	0.0336213	0.375322	0.172393	0.84786	-0.501412	-0.335079	0.529153	0.779564
4.4	0.912923	0.0822429	0.39976	0.144959	0.850284	-0.505969	-0.381522	0.519859	0.764322
4.43333	0.890375	0.0997587	0.444163	0.180711	0.818067	-0.545994	-0.417823	0.566405	0.710359
4.46667	0.857572	0.106506	0.503217	0.25611	0.760015	-0.597315	-0.44607	0.641119	0.62449
4.5	0.853863	0.155468	0.496737	0.315089	0.605224	-0.731043	-0.414291	0.780727	0.467792
4.53333	0.894941	0.272182	0.353549	0.312371	0.183596	-0.93205	-0.318597	0.944568	0.0792856
4.56667	0.950101	0.234839	0.205324	0.226755	-0.0679288	-0.97158	-0.214218	0.969658	-0.11779
4.6	0.98778	0.107586	0.112769	0.128194	-0.149307	-0.980446	-0.0886448	0.98292	-0.161275
4.63333	0.998461	-0.0383704	0.0400401	0.0345382	-0.134644	-0.990292	0.0433891	0.990151	-0.133111
4.66667	0.989776	-0.141393	-0.0187251	-0.0246436	-0.0402242	-0.998887	0.140482	0.989136	-0.0432974
4.7	0.978238	-0.194525	-0.0721894	-0.0555676	0.0895969	-0.994427	0.199908	0.976797	0.0768378
4.73333	0.969805	-0.212434	-0.119789	-0.0696381	0.229517	-0.97081	0.233727	0.949839	0.207793
4.76667	0.964329	-0.203192	-0.169652	-0.0722924	0.414383	-0.907227	0.254642	0.88713	0.384913
4.8	0.959823	-0.146017	-0.239622	-0.0848145	0.663042	-0.743762	0.267481	0.734203	0.624018
4.83333	0.948139	-0.0733691	-0.309271	-0.116718	0.824658	-0.553459	0.29565	0.560854	0.773327
4.86667	0.942314	-0.0499543	-0.330983	-0.1209	0.871259	-0.4757	0.312135	0.488274	0.81496
4.9	0.956926	-0.0373422	-0.287921	-0.105282	0.879562	-0.46399	0.27057	0.474317	0.837744
4.93333	0.966646	0.0190438	-0.255405	-0.139495	0.875485	-0.462675	0.214792	0.482871	0.848941
4.96667	0.980052	0.0505753	-0.192197	-0.145721	0.840469	-0.521897	0.13514	0.539494	0.831074
5	0.988678	0.0489672	-0.141841	-0.122918	0.806462	-0.578368	0.0860682	0.589254	0.80335
5.03333	0.988663	0.0962493	-0.115248	-0.145899	0.797192	-0.585831	0.0354893	0.596004	0.802197
5.06667	0.992082	0.10836	-0.0634863	-0.124977	0.80204	-0.584048	-0.0123688	0.587358	0.809233
5.1	0.99595	0.0898957	-0.00182466	-0.074774	0.816807	-0.572045	-0.049934	0.569865	0.82022
5.13333	0.995019	0.0677799	0.0730924	-0.0147135	0.825084	-0.564818	-0.0985907	0.56093	0.821972
5.16667	0.987043	0.0473739	0.153304	0.0456431	0.833055	-0.551303	-0.153828	0.551157	0.820099
5.2	0.974341	0.0272115	0.223427	0.099775	0.837585	-0.537119	-0.201755	0.54563	0.813378
5.23333	0.95612	0.0109247	0.292772	0.155247	0.82858	-0.537915	-0.248462	0.559763	0.790526
5.26667	0.944992	0.0465779	0.323761	0.147582	0.822619	-0.549106	-0.291909	0.566682	0.770494
5.3	0.939232	0.110099	0.325148	0.0916255	0.832409	-0.546535	-0.330829	0.543115	0.771737
5.33333	0.919905	0.146484	0.363754	0.0963852	0.814692	-0.571827	-0.380111	0.561087	0.735321
5.36667	0.88837	0.158016	0.431081	0.16255	0.769851	-0.617176	-0.429392	0.618353	0.658227
5.4	0.86782	0.170243	0.466804	0.217929	0.713879	-0.665495	-0.446537	0.67926	0.582417
5.43333	0.867689	0.202826	0.453848	0.278271	0.558352	-0.781542	-0.411924	0.804428	0.428035
5.46667	0.911927	0.287585	0.292718	0.244686	0.19156	-0.950491	-0.32942	0.938403	0.104321
5.5	0.95423	0.253966	0.157944	0.174921	-0.0455651	-0.983528	-0.242586	0.966139	-0.0879034
5.53333	0.983733	0.150947	0.0973842	0.115566	-0.116762	-0.986413	-0.137526	0.981622	-0.132307
5.56667	0.996167	0.0158347	0.086026	0.0873333	-0.124847	-0.988325	-0.0049097	0.99205	-0.125752
5.6	0.989959	-0.119681	0.0752232	0.0658187	-0.0806856	-0.994564	0.125099	0.989528	-0.0719982
5.63333	0.973215	-0.225429	0.0451113	0.04112	-0.0223717	-0.998904	0.226191	0.974003	-0.0125028
5.66667	0.958726	-0.284289	-0.00491878	0.00871213	0.046663	-0.998873	0.284198	0.957602	0.0472138
5.7	0.958179	-0.278676	-0.065059	-0.00856623	0.199311	-0.979899	0.286042	0.939476	0.188588
5.73333	0.969758	-0.206708	-0.129771	-0.00934126	0.499878	-0.866045	0.243888	0.841067	0.48283
5.76667	0.970551	-0.136229	-0.198679	-0.0273985	0.756969	-0.652877	0.239335	0.639093	0.730944
5.8	0.965444	-0.101708	-0.239945	-0.0556183	0.81908	-0.570977	0.254607	0.564592	0.785119
5.83333	0.966538	-0.0951117	-0.238238	-0.0326915	0.875479	-0.482149	0.25443	0.473804	0.843075
5.86667	0.975001	-0.0680053	-0.211537	-0.0256138	0.911269	-0.411014	0.220718	0.406157	0.886747
5.9	0.979343	-0.0374286	-0.198713	-0.0338597	0.938489	-0.343645	0.199352	0.343275	0.917835
5.93333	0.988746	0.00427704	-0.149545	-0.0580715	0.932186	-0.35729	0.137876	0.361954	0.921944
5.96667	0.997207	-0.00795013	-0.0742573	-0.0211883	0.923342	-0.383394	0.0716129	0.383897	0.920595
