0	0.96308	-0.269216	0	0.269216	0.96308	0	0	0	1
0.0333333	0.963743	-0.225026	-0.143397	0.220447	0.974253	-0.0472713	0.150342	0.0139461	0.988536
0.0666667	0.965939	-0.0318592	-0.256801	0.0164299	0.997941	-0.0620063	0.258248	0.0556751	0.964473
0.1	0.938421	0.131772	-0.319378	-0.158076	0.985736	-0.0577657	0.307211	0.104694	0.945865
0.133333	0.900717	0.257552	-0.349823	-0.292651	0.954885	-0.050492	0.321037	0.147855	0.935454
0.166667	0.863905	0.349065	-0.363073	-0.390601	0.919438	-0.0454412	0.317961	0.181074	0.930652
0.2	0.832747	0.414147	-0.367444	-0.460126	0.886798	-0.0432838	0.307923	0.205115	0.929038
0.233333	0.808577	0.458896	-0.368264	-0.50781	0.860405	-0.0428139	0.297209	0.221626	0.928735
0.266667	0.79101	0.489307	-0.367264	-0.540094	0.840481	-0.0434743	0.287406	0.232746	0.9291
0.3	0.778742	0.509787	-0.36562	-0.561746	0.826105	-0.0446308	0.279288	0.240141	0.929694
0.333333	0.770147	0.523382	-0.364616	-0.576102	0.816118	-0.0453692	0.273824	0.244997	0.930052
0.366667	0.764444	0.532008	-0.364134	-0.585212	0.80959	-0.0457343	0.270468	0.248057	0.930223
0.4	0.760512	0.537366	-0.364499	-0.590909	0.805457	-0.0454531	0.269163	0.249953	0.930094
0.433333	0.757853	0.54077	-0.365004	-0.594544	0.8028	-0.0450587	0.268659	0.251159	0.929915
0.466667	0.75647	0.542487	-0.365322	-0.596382	0.801449	-0.0448081	0.268479	0.251768	0.929802
0.5	0.755086	0.543374	-0.366865	-0.597412	0.800749	-0.0435896	0.270081	0.252084	0.929252
0.533333	0.757452	0.543063	-0.362422	-0.596816	0.800995	-0.047098	0.264721	0.251974	0.930823
0.566667	0.759501	0.542736	-0.358602	-0.596227	0.801251	-0.0501027	0.260138	0.251861	0.932145
0.6	0.761198	0.542389	-0.355516	-0.595653	0.801523	-0.0525212	0.256468	0.251743	0.933193
0.633333	0.76247	0.542199	-0.353071	-0.595282	0.801671	-0.0544327	0.253533	0.25168	0.934012
0.666667	0.76327	0.542177	-0.351373	-0.595136	0.801689	-0.0557573	0.251462	0.251673	0.934574
0.7	0.763801	0.542358	-0.349936	-0.59522	0.801548	-0.0568774	0.249643	0.251732	0.935045
0.733333	0.763936	0.542639	-0.349205	-0.59546	0.801329	-0.0574471	0.248655	0.251824	0.935284
0.766667	0.763976	0.54279	-0.348884	-0.595593	0.801211	-0.0576981	0.248211	0.251873	0.935388
0.8	0.763724	0.543036	-0.349052	-0.595864	0.801019	-0.0575666	0.248337	0.251953	0.935333
0.833333	0.763254	0.543319	-0.34964	-0.596205	0.800798	-0.057108	0.248963	0.252045	0.935142
0.866667	0.762799	0.54365	-0.350116	-0.596589	0.800539	-0.0567353	0.249438	0.252153	0.934986
0.9	0.762533	0.543906	-0.350299	-0.59687	0.800339	-0.0565924	0.249577	0.252237	0.934927
0.933333	0.762176	0.544231	-0.350572	-0.597231	0.800085	-0.0563787	0.249804	0.252343	0.934837
0.966667	0.761876	0.544624	-0.350612	-0.597648	0.799776	-0.0563474	0.249723	0.252472	0.934824
1	0.761611	0.544972	-0.350648	-0.598015	0.799504	-0.0563189	0.249652	0.252586	0.934812
1.03333	0.761572	0.545045	-0.350621	-0.59809	0.799446	-0.0563404	0.249594	0.25261	0.934821
1.06667	0.761484	0.545229	-0.350525	-0.598276	0.799302	-0.0564152	0.249416	0.25267	0.934853
1.1	0.760961	0.545681	-0.350957	-0.598783	0.798946	-0.0560761	0.249796	0.252819	0.934711
1.13333	0.760869	0.545661	-0.351189	-0.598778	0.798962	-0.0558937	0.250087	0.252812	0.934635
1.16667	0.760538	0.546009	-0.351363	-0.599157	0.798688	-0.0557564	0.250186	0.252926	0.934578
1.2	0.760382	0.546257	-0.351316	-0.599413	0.798493	-0.0557934	0.250046	0.253008	0.934593
1.23333	0.760376	0.546163	-0.351474	-0.599327	0.798567	-0.055669	0.250271	0.252977	0.934541
1.26667	0.760269	0.546176	-0.351686	-0.599356	0.798556	-0.0555021	0.250527	0.252981	0.934471
1.3	0.760008	0.546463	-0.351805	-0.599666	0.79833	-0.0554081	0.250578	0.253076	0.934432
1.33333	0.759984	0.546531	-0.351751	-0.599733	0.798277	-0.0554501	0.25049	0.253098	0.93445
1.36667	0.759986	0.546563	-0.351697	-0.599763	0.798251	-0.0554929	0.250412	0.253109	0.934468
1.4	0.759955	0.54674	-0.351487	-0.599934	0.798111	-0.0556586	0.250095	0.253167	0.934537
1.43333	0.759852	0.546777	-0.351653	-0.599985	0.798082	-0.055528	0.250286	0.253179	0.934482
1.46667	0.760177	0.546604	-0.351218	-0.599772	0.798218	-0.055871	0.249809	0.253123	0.934625
1.5	0.760298	0.546554	-0.351034	-0.599705	0.798258	-0.0560164	0.249599	0.253106	0.934686
1.53333	0.760337	0.546512	-0.351016	-0.599659	0.798292	-0.0560303	0.249592	0.253092	0.934691
1.56667	0.760293	0.546402	-0.351284	-0.599563	0.798378	-0.0558191	0.249958	0.253056	0.934604
1.6	0.760372	0.546205	-0.351419	-0.599367	0.798534	-0.0557127	0.250189	0.252991	0.934559
1.63333	0.760482	0.545961	-0.351558	-0.599121	0.798726	-0.055603	0.250441	0.252911	0.934513
1.66667	0.76063	0.545699	-0.351646	-0.598852	0.798932	-0.0555341	0.250636	0.252825	0.934485
1.7	0.760929	0.545354	-0.351533	-0.598481	0.799203	-0.0556226	0.250613	0.252711	0.934522
1.73333	0.761208	0.544929	-0.351588	-0.598039	0.799537	-0.0555796	0.250821	0.252571	0.934504
1.76667	0.76134	0.544803	-0.351499	-0.5979	0.799637	-0.0556494	0.250754	0.252529	0.934533
1.8	0.76135	0.544809	-0.351469	-0.597904	0.799632	-0.0556734	0.250714	0.252531	0.934543
1.83333	0.761252	0.544717	-0.351822	-0.597833	0.799704	-0.0553962	0.251178	0.252501	0.934427
1.86667	0.761091	0.544929	-0.351842	-0.598057	0.799538	-0.0553798	0.251133	0.252571	0.93442
1.9	0.760755	0.545273	-0.352036	-0.598432	0.799267	-0.0552279	0.251256	0.252684	0.934356
1.93333	0.76035	0.545523	-0.352523	-0.598731	0.79907	-0.054844	0.251772	0.252767	0.934195
1.96667	0.759734	0.546025	-0.353073	-0.599298	0.798675	-0.0544109	0.252281	0.252934	0.934012
2	0.759127	0.546546	-0.353573	-0.599881	0.798263	-0.0540163	0.252722	0.253107	0.933846
2.03333	0.758537	0.547159	-0.353891	-0.600549	0.797779	-0.0537649	0.252909	0.253311	0.93374
2.06667	0.757987	0.547914	-0.353901	-0.601344	0.79718	-0.0537564	0.252669	0.253563	0.933737
2.1	0.757267	0.548667	-0.354274	-0.602163	0.796582	-0.0534603	0.252876	0.253814	0.933612
2.13333	0.756655	0.549115	-0.354889	-0.602676	0.796226	-0.0529709	0.253485	0.253964	0.933407
2.16667	0.756012	0.549634	-0.355456	-0.603262	0.795812	-0.0525191	0.25401	0.254138	0.933216
2.2	0.755054	0.550651	-0.355917	-0.604365	0.794999	-0.0521504	0.254237	0.25448	0.933061
2.23333	0.754156	0.551545	-0.356436	-0.605343	0.794282	-0.0517343	0.254577	0.254782	0.932886
2.26667	0.754617	0.550589	-0.356937	-0.60437	0.795049	-0.0513329	0.255519	0.254459	0.932717
2.3	0.75479	0.550103	-0.357322	-0.603883	0.795438	-0.0510251	0.256158	0.254294	0.932587
2.33333	0.755103	0.549327	-0.357855	-0.603101	0.796059	-0.050599	0.257078	0.25403	0.932405
2.36667	0.75526	0.548546	-0.358719	-0.602335	0.796682	-0.0499089	0.258408	0.253763	0.93211
2.4	0.751555	0.550535	-0.363422	-0.604736	0.795088	-0.0461417	0.26355	0.254453	0.930481
2.43333	0.748842	0.553302	-0.364818	-0.60775	0.792852	-0.0450137	0.264341	0.255426	0.92999
2.46667	0.74647	0.555946	-0.36566	-0.6106	0.790698	-0.0443283	0.264482	0.256361	0.929692
2.5	0.743878	0.55901	-0.366268	-0.613882	0.78818	-0.0438287	0.264185	0.257449	0.929477
2.53333	0.741992	0.561052	-0.366974	-0.616087	0.78649	-0.0432449	0.264359	0.258175	0.929226
2.56667	0.739864	0.563764	-0.367111	-0.61897	0.784229	-0.0431306	0.263584	0.259142	0.929177
2.6	0.739181	0.565256	-0.366193	-0.620497	0.782979	-0.0439004	0.261906	0.259672	0.929503
2.63333	0.743607	0.561408	-0.363138	-0.616239	0.786188	-0.0464506	0.259417	0.258321	0.930577
2.66667	0.753248	0.554375	-0.353957	-0.60821	0.791939	-0.0539664	0.250395	0.25593	0.933704
2.7	0.763933	0.544475	-0.346342	-0.597252	0.799805	-0.0600192	0.244327	0.252704	0.936186
2.73333	0.773049	0.535488	-0.34007	-0.587349	0.806731	-0.0648549	0.239616	0.249876	0.938161
2.76667	0.780223	0.529129	-0.333578	-0.580162	0.81151	-0.0697353	0.233803	0.247939	0.94014
2.8	0.784831	0.523322	-0.331926	-0.573975	0.815793	-0.0709544	0.233651	0.246204	0.940633
2.83333	0.78644	0.520209	-0.333009	-0.570836	0.818061	-0.0701646	0.235921	0.245274	0.940309
2.86667	0.783948	0.517533	-0.342907	-0.568883	0.820004	-0.0629789	0.248591	0.244446	0.937256
2.9	0.77494	0.518862	-0.360902	-0.571583	0.819031	-0.0498129	0.269744	0.244887	0.931272
2.93333	0.760905	0.523001	-0.384049	-0.577229	0.815935	-0.0324989	0.296362	0.246413	0.922741
2.96667	0.746457	0.52721	-0.40602	-0.582476	0.812699	-0.0155914	0.321752	0.248135	0.913731
3	0.735186	0.52942	-0.423339	-0.585099	0.810959	-0.00193388	0.342287	0.249117	0.905969
3.03333	0.726677	0.531032	-0.435829	-0.58683	0.80967	0.00808672	0.357172	0.249881	0.899993
3.06667	0.715714	0.536293	-0.447374	-0.592513	0.80537	0.0175354	0.369706	0.252524	0.894175
3.1	0.69739	0.548029	-0.461857	-0.605314	0.795427	0.0298293	0.383721	0.258766	0.886453
3.13333	0.679514	0.560405	-0.473504	-0.618917	0.784427	0.0401993	0.393957	0.265743	0.879874
3.16667	0.681905	0.561102	-0.469224	-0.619963	0.783791	0.0362957	0.388139	0.266151	0.882333
3.2	0.704477	0.550468	-0.447993	-0.608689	0.793216	0.0174828	0.364979	0.260372	0.893866
3.23333	0.732637	0.538097	-0.416767	-0.59514	0.803575	-0.00868827	0.330228	0.2544	0.908972
3.26667	0.755786	0.535982	-0.37618	-0.591498	0.805261	-0.0410434	0.280924	0.253529	0.925637
3.3	0.770293	0.538558	-0.341473	-0.59173	0.803268	-0.0679389	0.237705	0.254393	0.937433
3.33333	0.782561	0.536567	-0.315746	-0.587092	0.804782	-0.0874627	0.207177	0.253816	0.944804
3.36667	0.794029	0.532303	-0.29355	-0.580038	0.807936	-0.1039	0.181864	0.25277	0.950281
3.4	0.801427	0.532551	-0.272223	-0.577306	0.807753	-0.119386	0.156309	0.252835	0.954799
3.43333	0.799496	0.543747	-0.255236	-0.585881	0.799623	-0.131709	0.132477	0.254839	0.957866
3.46667	0.789744	0.564139	-0.240939	-0.603737	0.784364	-0.142389	0.108656	0.257915	0.960038
3.5	0.779342	0.586422	-0.220761	-0.621903	0.766957	-0.158156	0.0765682	0.260549	0.96242
3.53333	0.768568	0.609844	-0.193372	-0.638833	0.74788	-0.180466	0.0345626	0.262233	0.964386
3.56667	0.766407	0.620322	-0.166799	-0.642351	0.739132	-0.202655	-0.00242509	0.26246	0.96494
3.6	0.780714	0.608051	-0.144082	-0.624323	0.749179	-0.221251	-0.0265883	0.262687	0.964515
3.63333	0.807406	0.575684	-0.129165	-0.589019	0.773918	-0.232612	-0.0339479	0.263892	0.963955
3.66667	0.836858	0.53279	-0.125713	-0.546887	0.803562	-0.234951	-0.0241615	0.265372	0.963843
3.7	0.860043	0.490455	-0.140638	-0.510185	0.829941	-0.225632	0.00605907	0.265805	0.964008
3.73333	0.864258	0.469473	-0.180701	-0.499776	0.842231	-0.202164	0.0572814	0.265032	0.962537
3.76667	0.842888	0.481478	-0.240246	-0.52443	0.835025	-0.166451	0.120469	0.266292	0.956335
3.8	0.801456	0.510553	-0.311453	-0.565986	0.815751	-0.119211	0.193205	0.271821	0.942754
3.83333	0.749713	0.538198	-0.385062	-0.603347	0.794936	-0.0636371	0.27185	0.280035	0.920694
3.86667	0.693654	0.560196	-0.452797	-0.630501	0.776168	-0.00561646	0.3483	0.289384	0.891596
3.9	0.623682	0.586599	-0.516646	-0.658578	0.750356	0.0569339	0.421065	0.304743	0.854304
3.93333	0.53774	0.619865	-0.571491	-0.692112	0.711638	0.120638	0.481474	0.330664	0.811692
3.96667	0.458978	0.650759	-0.604857	-0.725334	0.667613	0.167878	0.513059	0.361671	0.778438
4	0.420164	0.669892	-0.612134	-0.750804	0.635495	0.180111	0.509663	0.383916	0.769969
4.03333	0.431124	0.671865	-0.60227	-0.75768	0.632024	0.162686	0.489952	0.38619	0.781539
4.06667	0.482775	0.65926	-0.576459	-0.748085	0.652678	0.119918	0.455299	0.373347	0.808279
4.1	0.57456	0.62714	-0.525905	-0.715295	0.697049	0.0497574	0.397786	0.347588	0.849087
4.13333	0.679084	0.571617	-0.460543	-0.652274	0.757682	-0.0213777	0.336725	0.314917	0.88738
4.16667	0.763059	0.509952	-0.397102	-0.580909	0.810461	-0.0754755	0.283347	0.288272	0.914666
4.2	0.81497	0.467811	-0.342019	-0.530198	0.840144	-0.114225	0.233909	0.274428	0.932725
4.23333	0.838918	0.455018	-0.298621	-0.510432	0.848188	-0.141552	0.188878	0.271176	0.943816
4.26667	0.84047	0.471025	-0.267854	-0.520978	0.83835	-0.160471	0.14897	0.274417	0.950002
4.3	0.825122	0.505092	-0.253093	-0.551893	0.816411	-0.169962	0.120781	0.279919	0.952395
4.33333	0.797016	0.551002	-0.24731	-0.595951	0.783949	-0.17397	0.0980212	0.286041	0.95319
4.36667	0.76045	0.601743	-0.244173	-0.645001	0.743551	-0.176369	0.0754259	0.291612	0.953558
4.4	0.733122	0.640035	-0.229972	-0.678782	0.709623	-0.18892	0.0422781	0.294602	0.954684
4.43333	0.727943	0.655798	-0.200072	-0.685631	0.694907	-0.216828	-0.00316414	0.295014	0.955488
4.46667	0.744062	0.647095	-0.166255	-0.666691	0.702909	-0.247873	-0.0435356	0.295273	0.95442
4.5	0.776089	0.615459	-0.137465	-0.627025	0.729849	-0.272325	-0.0672765	0.297542	0.952335
4.53333	0.812391	0.570315	-0.121497	-0.578975	0.764143	-0.284381	-0.0693457	0.301373	0.950981
4.56667	0.83914	0.529476	-0.124495	-0.541529	0.791867	-0.282299	-0.050887	0.304306	0.951214
4.6	0.85458	0.49819	-0.14663	-0.519111	0.811464	-0.268421	-0.0147396	0.305504	0.952077
4.63333	0.852753	0.487329	-0.187946	-0.521126	0.818084	-0.24324	0.035218	0.305367	0.951583
4.66667	0.833232	0.494873	-0.246627	-0.544063	0.813332	-0.206121	0.098586	0.305928	0.946937
4.7	0.79924	0.510491	-0.317198	-0.575234	0.802657	-0.157633	0.174131	0.308449	0.935167
4.73333	0.755444	0.5254	-0.391484	-0.602859	0.791402	-0.101214	0.256643	0.312471	0.914602
4.76667	0.702312	0.537339	-0.46693	-0.622881	0.781411	-0.0376368	0.344641	0.317274	0.883493
4.8	0.628466	0.55658	-0.543368	-0.645299	0.763114	0.0353076	0.434303	0.328446	0.838752
4.83333	0.53387	0.585563	-0.609999	-0.674172	0.730198	0.110913	0.510367	0.352031	0.784601
4.86667	0.449844	0.614773	-0.647838	-0.70602	0.689032	0.163619	0.54697	0.383783	0.743999
4.9	0.422361	0.634909	-0.646917	-0.737961	0.65528	0.161313	0.526331	0.409267	0.745303
4.93333	0.448862	0.645972	-0.617449	-0.763691	0.63609	0.110301	0.464004	0.42203	0.778839
4.96667	0.49008	0.651357	-0.579271	-0.777227	0.627394	0.047912	0.394639	0.426744	0.813726
5	0.531097	0.644865	-0.549622	-0.770625	0.637282	0.00306399	0.35224	0.421925	0.835408
5.03333	0.580649	0.616833	-0.531379	-0.737344	0.67516	-0.0219763	0.34521	0.40457	0.846849
5.06667	0.643612	0.5702	-0.510525	-0.682773	0.729158	-0.0463726	0.345812	0.378418	0.858612
5.1	0.70535	0.523738	-0.477683	-0.627954	0.774303	-0.0782854	0.32887	0.355181	0.875037
5.13333	0.755368	0.496314	-0.427893	-0.591683	0.797217	-0.119816	0.281657	0.343682	0.895853
5.16667	0.792014	0.492773	-0.360401	-0.575363	0.799876	-0.170751	0.204135	0.342598	0.917036
5.2	0.811254	0.504723	-0.295164	-0.571441	0.791296	-0.2175	0.123784	0.345116	0.930361
5.23333	0.815536	0.523437	-0.246808	-0.575553	0.778087	-0.251632	0.0603245	0.347266	0.935824
5.26667	0.803952	0.550902	-0.22398	-0.594281	0.758268	-0.268067	0.0221587	0.34862	0.937002
5.3	0.780385	0.58661	-0.216535	-0.625294	0.730802	-0.273743	-0.00233585	0.349023	0.937111
5.33333	0.755833	0.622262	-0.203729	-0.653875	0.701133	-0.284359	-0.034105	0.348141	0.936822
5.36667	0.737675	0.648771	-0.186899	-0.671771	0.677608	-0.299285	-0.0675233	0.346329	0.93568
5.4	0.734891	0.65723	-0.167286	-0.6713	0.669892	-0.317176	-0.096394	0.345389	0.933496
5.43333	0.745748	0.648789	-0.151432	-0.656675	0.677463	-0.331392	-0.112414	0.346577	0.931261
5.46667	0.75849	0.632724	-0.156055	-0.644084	0.691369	-0.327359	-0.0992365	0.348811	0.931924
5.5	0.772206	0.611953	-0.170916	-0.631323	0.70868	-0.314966	-0.0716198	0.351122	0.933587
5.53333	0.78692	0.58589	-0.193622	-0.61619	0.729529	-0.296812	-0.0326464	0.352875	0.935101
5.56667	0.802754	0.551633	-0.226469	-0.595934	0.755644	-0.27178	0.0212074	0.353133	0.935333
5.6	0.808652	0.521555	-0.272143	-0.581773	0.777636	-0.238376	0.0873016	0.351088	0.932264
5.63333	0.794859	0.507671	-0.33237	-0.584473	0.78775	-0.194529	0.163068	0.348885	0.92287
5.66667	0.758404	0.508409	-0.407853	-0.601311	0.78721	-0.136842	0.251494	0.349028	0.902735
5.7	0.701337	0.517695	-0.490019	-0.622774	0.779453	-0.0678662	0.346813	0.352768	0.869066
5.73333	0.614114	0.539129	-0.576371	-0.651248	0.758701	0.0157828	0.445802	0.365668	0.817036
5.76667	0.494507	0.570884	-0.655403	-0.684809	0.720267	0.11069	0.535257	0.394089	0.747124
5.8	0.403222	0.598467	-0.692278	-0.717151	0.676569	0.167177	0.568424	0.429058	0.702
5.83333	0.439171	0.605417	-0.663776	-0.73887	0.663702	0.116495	0.511078	0.439283	0.738803
5.86667	0.528915	0.600878	-0.599328	-0.741869	0.67032	0.0173444	0.412164	0.435449	0.800315
5.9	0.604374	0.597067	-0.527487	-0.733648	0.675235	-0.0762809	0.310633	0.433092	0.846131
5.93333	0.658318	0.595551	-0.460365	-0.719736	0.677121	-0.153258	0.22045	0.432234	0.8744
5.96667	0.697431	0.59033	-0.406326	-0.699973	0.682735	-0.209547	0.153711	0.430562	0.889376
