0	0.988408	0.148581	-0.0312048	-0.148518	0.9889	0.00434712	0.0315044	0.000337762	0.999504
0.0333333	0.198396	0.360169	0.911547	-0.279377	0.912232	-0.299634	-0.939461	-0.195219	0.281606
0.0666667	0.167988	0.35258	0.92058	-0.265498	0.915526	-0.302196	-0.949363	-0.193647	0.247407
0.1	0.167789	0.342406	0.924449	-0.258843	0.920143	-0.293831	-0.951234	-0.189986	0.243019
0.133333	0.168579	0.335324	0.926898	-0.256249	0.922932	-0.287284	-0.951797	-0.189086	0.241513
0.166667	0.168856	0.330423	0.928606	-0.255218	0.924659	-0.28261	-0.952025	-0.189277	0.240464
0.2	0.169277	0.327759	0.929472	-0.254664	0.925601	-0.280015	-0.952099	-0.189303	0.240151
0.233333	0.169603	0.325862	0.93008	-0.254294	0.926264	-0.278154	-0.952139	-0.189338	0.239962
0.266667	0.169651	0.324674	0.930487	-0.254134	0.926653	-0.277001	-0.952174	-0.189474	0.239718
0.3	0.169414	0.323757	0.930849	-0.253604	0.927017	-0.276269	-0.952357	-0.189263	0.239156
0.333333	0.16966	0.322868	0.931113	-0.252704	0.927474	-0.27556	-0.952553	-0.188545	0.238945
0.366667	0.169939	0.322343	0.931244	-0.25226	0.927733	-0.275093	-0.95262	-0.188167	0.238972
0.4	0.170476	0.322005	0.931263	-0.252747	0.927768	-0.274529	-0.952395	-0.188573	0.239548
0.433333	0.170971	0.32217	0.931115	-0.253604	0.927578	-0.27438	-0.952079	-0.189223	0.240293
0.466667	0.170995	0.322707	0.930925	-0.255192	0.927104	-0.274508	-0.95165	-0.190625	0.240882
0.5	0.171012	0.323569	0.930622	-0.25664	0.92656	-0.274996	-0.951257	-0.191808	0.241493
0.533333	0.171794	0.324356	0.930204	-0.257778	0.926144	-0.275333	-0.950809	-0.192485	0.242718
0.566667	0.172195	0.325315	0.929795	-0.258941	0.925648	-0.275909	-0.95042	-0.193252	0.243629
0.6	0.172418	0.32571	0.929616	-0.258979	0.925536	-0.276247	-0.950369	-0.193121	0.243931
0.633333	0.172551	0.325946	0.929508	-0.259283	0.925412	-0.276377	-0.950262	-0.193316	0.244193
0.666667	0.172754	0.325944	0.929471	-0.259173	0.925448	-0.276362	-0.950256	-0.193151	0.24435
0.7	0.173048	0.3259	0.929432	-0.258985	0.925516	-0.276308	-0.950253	-0.192894	0.244562
0.733333	0.173428	0.325764	0.929409	-0.25879	0.925619	-0.276146	-0.950237	-0.192631	0.244833
0.766667	0.173593	0.325623	0.929427	-0.258551	0.92572	-0.276033	-0.950272	-0.192387	0.244889
0.8	0.173853	0.325433	0.929445	-0.258306	0.925841	-0.275855	-0.950291	-0.192123	0.245022
0.833333	0.174066	0.325091	0.929525	-0.257956	0.926026	-0.275562	-0.950347	-0.191811	0.245049
0.866667	0.174485	0.324964	0.929491	-0.257734	0.926134	-0.275408	-0.950331	-0.191507	0.245351
0.9	0.17475	0.324659	0.929548	-0.257648	0.926257	-0.275074	-0.950305	-0.191427	0.245511
0.933333	0.174881	0.324044	0.929738	-0.25669	0.926639	-0.274681	-0.95054	-0.190618	0.24523
0.966667	0.175154	0.32334	0.929932	-0.256063	0.926989	-0.274087	-0.950659	-0.190113	0.245161
1	0.175289	0.322933	0.930047	-0.255842	0.927161	-0.273711	-0.950694	-0.189966	0.245141
1.03333	0.175439	0.32262	0.930128	-0.255669	0.927296	-0.273414	-0.950713	-0.189837	0.245168
1.06667	0.175606	0.322278	0.930215	-0.255179	0.927504	-0.273166	-0.950813	-0.189402	0.245114
1.1	0.175757	0.321793	0.930354	-0.254552	0.92778	-0.272814	-0.950954	-0.188874	0.244977
1.13333	0.175854	0.321842	0.930319	-0.254601	0.927762	-0.272831	-0.950923	-0.188882	0.245092
1.16667	0.175997	0.321574	0.930385	-0.254068	0.927954	-0.272673	-0.951039	-0.188392	0.245019
1.2	0.176386	0.321501	0.930336	-0.254118	0.927988	-0.272511	-0.950953	-0.188348	0.245383
1.23333	0.176569	0.321148	0.930423	-0.253845	0.928156	-0.272192	-0.950992	-0.188123	0.245406
1.26667	0.176654	0.321202	0.930388	-0.253931	0.928128	-0.272207	-0.950953	-0.188168	0.245521
1.3	0.176597	0.321156	0.930415	-0.253847	0.928155	-0.272195	-0.950986	-0.188114	0.245434
1.33333	0.176818	0.321371	0.930299	-0.254127	0.92805	-0.272293	-0.950871	-0.188267	0.245765
1.36667	0.177137	0.321824	0.930082	-0.254747	0.927812	-0.272522	-0.950645	-0.188662	0.246333
1.4	0.177234	0.322213	0.929929	-0.254739	0.927706	-0.272892	-0.950629	-0.188523	0.246501
1.43333	0.177256	0.322616	0.929784	-0.255162	0.927505	-0.273181	-0.950512	-0.188823	0.246725
1.46667	0.177706	0.323126	0.929521	-0.255816	0.927251	-0.27343	-0.950252	-0.189197	0.247439
1.5	0.177851	0.32351	0.92936	-0.256163	0.927077	-0.273694	-0.950131	-0.189391	0.247753
1.53333	0.178168	0.323929	0.929154	-0.256133	0.926978	-0.274056	-0.95008	-0.189159	0.248126
1.56667	0.178384	0.324247	0.929001	-0.256491	0.926826	-0.274237	-0.949943	-0.189361	0.248497
1.6	0.178828	0.324861	0.928701	-0.2567	0.926629	-0.274706	-0.949803	-0.189273	0.249099
1.63333	0.178997	0.325352	0.928497	-0.25686	0.926462	-0.275121	-0.949728	-0.189248	0.249404
1.66667	0.179516	0.325796	0.928241	-0.25677	0.926379	-0.275484	-0.949654	-0.188891	0.249954
1.7	0.180095	0.326625	0.927837	-0.257615	0.925998	-0.275974	-0.949316	-0.189323	0.250911
1.73333	0.180659	0.327505	0.927418	-0.257983	0.925696	-0.276642	-0.949109	-0.18928	0.251726
1.76667	0.180943	0.328606	0.926972	-0.258896	0.925202	-0.277443	-0.948806	-0.189788	0.252483
1.8	0.181269	0.329815	0.926479	-0.259463	0.924746	-0.278432	-0.948589	-0.189916	0.253203
1.83333	0.181621	0.330734	0.926082	-0.260093	0.924364	-0.279111	-0.948349	-0.190175	0.253906
1.86667	0.182181	0.331529	0.925688	-0.260333	0.92411	-0.279729	-0.948176	-0.190026	0.254663
1.9	0.182627	0.332337	0.92531	-0.260241	0.923911	-0.280471	-0.948115	-0.189582	0.255219
1.93333	0.182684	0.333023	0.925052	-0.260113	0.923731	-0.281179	-0.948139	-0.189251	0.255375
1.96667	0.18263	0.333622	0.924847	-0.260172	0.923534	-0.281772	-0.948133	-0.189159	0.255464
2	0.182649	0.333905	0.924741	-0.259567	0.923569	-0.282214	-0.948295	-0.188486	0.25536
2.03333	0.183151	0.333921	0.924636	-0.258723	0.923762	-0.282358	-0.948429	-0.187511	0.255581
2.06667	0.183439	0.333625	0.924686	-0.257282	0.924154	-0.282394	-0.948766	-0.186102	0.255362
2.1	0.183801	0.333487	0.924664	-0.256203	0.924428	-0.282475	-0.948988	-0.184982	0.255351
2.13333	0.183944	0.333206	0.924737	-0.25573	0.924615	-0.282294	-0.949087	-0.184557	0.255288
2.16667	0.18437	0.332743	0.924819	-0.255221	0.92488	-0.281885	-0.949142	-0.184062	0.255443
2.2	0.185079	0.332475	0.924774	-0.254686	0.925107	-0.281623	-0.949147	-0.183405	0.255894
2.23333	0.185758	0.332404	0.924663	-0.254125	0.925277	-0.281573	-0.949165	-0.182676	0.25635
2.26667	0.187094	0.33256	0.924338	-0.253512	0.925425	-0.281638	-0.949067	-0.181638	0.257449
2.3	0.188221	0.333186	0.923883	-0.252934	0.92541	-0.282206	-0.948998	-0.180564	0.258456
2.33333	0.188977	0.334127	0.923389	-0.253417	0.925074	-0.282874	-0.948719	-0.180545	0.259491
2.36667	0.190451	0.335422	0.922616	-0.254085	0.924636	-0.283707	-0.948245	-0.180391	0.261323
2.4	0.191921	0.337401	0.921589	-0.255215	0.923896	-0.285097	-0.947645	-0.180488	0.263425
2.43333	0.193672	0.340123	0.920221	-0.256484	0.922913	-0.287137	-0.946946	-0.180412	0.265979
2.46667	0.195215	0.343664	0.918578	-0.258834	0.921446	-0.289729	-0.945989	-0.1812	0.268832
2.5	0.197166	0.347764	0.916617	-0.260213	0.919998	-0.293074	-0.945206	-0.180731	0.271885
2.53333	0.199305	0.351594	0.914691	-0.263732	0.918223	-0.295487	-0.943781	-0.182342	0.275733
2.56667	0.203087	0.355633	0.912294	-0.26359	0.917172	-0.298857	-0.943015	-0.179777	0.280007
2.6	0.204468	0.355986	0.911848	-0.26364	0.917133	-0.298932	-0.942702	-0.179278	0.281377
2.63333	0.212935	0.350644	0.91198	-0.254745	0.921027	-0.294642	-0.943273	-0.169583	0.285444
2.66667	0.228578	0.339451	0.912428	-0.237467	0.928372	-0.285894	-0.944119	-0.151322	0.292814
2.7	0.245572	0.32606	0.912896	-0.217384	0.936272	-0.275933	-0.94469	-0.130688	0.300802
2.73333	0.259654	0.319746	0.911231	-0.204535	0.940397	-0.271698	-0.943793	-0.115832	0.309577
2.76667	0.264962	0.324011	0.908191	-0.207803	0.93891	-0.274345	-0.941601	-0.116034	0.316107
2.8	0.271955	0.331678	0.903344	-0.217046	0.935677	-0.278207	-0.937513	-0.120408	0.326452
2.83333	0.281789	0.336017	0.898714	-0.222397	0.934036	-0.279492	-0.933346	-0.121114	0.337931
2.86667	0.294512	0.336295	0.894521	-0.222853	0.934398	-0.277915	-0.9293	-0.117497	0.350136
2.9	0.305613	0.336677	0.890645	-0.220134	0.93504	-0.277923	-0.926359	-0.111125	0.359875
2.93333	0.311053	0.333218	0.890063	-0.215404	0.936868	-0.275463	-0.92566	-0.10604	0.363192
2.96667	0.299669	0.326663	0.896376	-0.205807	0.939567	-0.2736	-0.93158	-0.102491	0.348789
3	0.268326	0.31433	0.910603	-0.194374	0.943492	-0.268407	-0.943515	-0.104977	0.314261
3.03333	0.205561	0.299758	0.931606	-0.191216	0.94589	-0.262162	-0.959782	-0.124248	0.251757
3.06667	0.101538	0.273921	0.956377	-0.194261	0.948299	-0.250982	-0.975681	-0.160303	0.1495
3.1	-0.0648671	0.209843	0.975581	-0.238553	0.946033	-0.219349	-0.968961	-0.246956	-0.0113078
3.13333	-0.276352	0.0632459	0.958973	-0.370512	0.913686	-0.167031	-0.886764	-0.401471	-0.229065
3.16667	-0.345954	-0.199709	0.916751	-0.694531	0.711445	-0.107111	-0.630826	-0.673768	-0.384832
3.2	-0.225222	-0.227898	0.947279	-0.877278	0.470404	-0.0954079	-0.423861	-0.852515	-0.305876
3.23333	-0.143881	-0.132568	0.980675	-0.916187	0.392403	-0.0813738	-0.374033	-0.91019	-0.177917
3.26667	-0.0710357	-0.0397327	0.996682	-0.93252	0.357322	-0.0522181	-0.354062	-0.933136	-0.0624342
3.3	0.0164641	0.0271206	0.999497	-0.940612	0.339426	0.00628403	-0.339085	-0.940242	0.0310983
3.33333	0.0831228	0.0536328	0.995095	-0.928217	0.367534	0.0577272	-0.362635	-0.928462	0.0803333
3.36667	0.127245	0.00917515	0.991829	-0.895764	0.430465	0.110938	-0.42593	-0.902561	0.0629932
3.4	0.13643	-0.1183	0.983561	-0.793591	0.581221	0.179987	-0.592959	-0.805101	-0.0145857
3.43333	0.0764249	-0.206835	0.975386	-0.509738	0.832642	0.216506	-0.856928	-0.513738	-0.0417973
3.46667	0.0933357	-0.173294	0.980437	-0.276328	0.941541	0.192725	-0.95652	-0.288911	0.0399934
3.5	0.150514	-0.147281	0.977576	-0.229278	0.956679	0.179434	-0.961653	-0.251143	0.110225
3.53333	0.115296	-0.147777	0.982277	-0.209197	0.963081	0.169444	-0.971053	-0.225026	0.0801251
3.56667	0.044809	-0.249113	0.967437	-0.154971	0.954954	0.253077	-0.986902	-0.161265	0.00418519
3.6	0.0384856	-0.279261	0.959444	-0.181789	0.942176	0.281527	-0.982584	-0.185251	-0.0145066
3.63333	0.0424024	-0.267791	0.962543	-0.150263	0.950742	0.271127	-0.987736	-0.156131	7.46748e-05
3.66667	0.0872083	-0.251433	0.963938	-0.13512	0.955697	0.261508	-0.986984	-0.153053	0.0493711
3.7	0.137243	-0.209775	0.96807	-0.124152	0.965968	0.22692	-0.982726	-0.151331	0.106528
3.73333	0.170039	-0.126249	0.977317	-0.143762	0.977971	0.151346	-0.974895	-0.166235	0.148143
3.76667	0.191991	-0.0132095	0.981308	-0.168331	0.984648	0.046188	-0.966853	-0.174052	0.18682
3.8	0.21067	0.0884195	0.97355	-0.183886	0.981707	-0.0493685	-0.960106	-0.168622	0.223075
3.83333	0.22648	0.168913	0.959258	-0.200052	0.971918	-0.12391	-0.95325	-0.163838	0.253911
3.86667	0.241645	0.221772	0.944682	-0.202758	0.963584	-0.174344	-0.948945	-0.149413	0.277811
3.9	0.24731	0.247229	0.936865	-0.195758	0.95971	-0.201582	-0.948956	-0.133546	0.285743
3.93333	0.235816	0.253341	0.938195	-0.181348	0.959935	-0.213629	-0.954727	-0.119763	0.27231
3.96667	0.205192	0.257176	0.944329	-0.192001	0.956688	-0.218823	-0.959704	-0.136411	0.245683
4	0.124915	0.242256	0.962137	-0.220251	0.952308	-0.211185	-0.967412	-0.185531	0.172315
4.03333	-0.0539771	0.161238	0.985438	-0.294415	0.940436	-0.170001	-0.954152	-0.299304	-0.00329109
4.06667	-0.329738	-0.0960728	0.939171	-0.544534	0.832004	-0.106073	-0.771204	-0.546387	-0.326658
4.1	-0.333296	-0.351704	0.874767	-0.851842	0.509981	-0.119521	-0.404079	-0.784999	-0.469571
4.13333	-0.210304	-0.283801	0.935537	-0.922218	0.375199	-0.0934911	-0.32448	-0.88243	-0.340632
4.16667	-0.13356	-0.149163	0.979751	-0.918859	0.389022	-0.0660317	-0.371295	-0.909072	-0.189018
4.2	-0.052374	-0.0337856	0.998056	-0.921963	0.385664	-0.0353257	-0.38372	-0.922021	-0.0513478
4.23333	0.0399517	0.0415877	0.998336	-0.923159	0.383847	0.0209533	-0.382337	-0.92246	0.0537274
4.26667	0.103	0.0622471	0.992732	-0.909325	0.410389	0.0686137	-0.403135	-0.909783	0.0988729
4.3	0.136833	-0.00755465	0.990565	-0.850646	0.511529	0.121406	-0.50762	-0.859233	0.0635675
4.33333	0.0873337	-0.134811	0.987015	-0.639882	0.751781	0.1593	-0.763495	-0.645485	-0.020607
4.36667	0.0724954	-0.112787	0.990971	-0.311687	0.941259	0.12993	-0.947415	-0.318292	0.0330828
4.4	0.156203	-0.0272405	0.987349	-0.256316	0.964258	0.0671537	-0.953888	-0.263563	0.143638
4.43333	0.150597	0.00748479	0.988567	-0.242577	0.96968	0.029612	-0.958372	-0.244263	0.147846
4.46667	0.0415877	-0.0861028	0.995418	-0.156932	0.983351	0.0916155	-0.986733	-0.160023	0.027383
4.5	0.0131891	-0.155536	0.987742	-0.19185	0.969081	0.155159	-0.981336	-0.191545	-0.0170583
4.53333	0.0126564	-0.19241	0.981233	-0.160959	0.968122	0.191915	-0.98688	-0.160367	-0.0187171
4.56667	0.0566574	-0.21102	0.975838	-0.110006	0.970138	0.216175	-0.992315	-0.119596	0.0317519
4.6	0.100266	-0.18946	0.976756	-0.0831557	0.976672	0.19798	-0.99148	-0.101074	0.0821727
4.63333	0.133486	-0.1147	0.984391	-0.10135	0.986493	0.128689	-0.985855	-0.116946	0.120058
4.66667	0.156599	-0.0192368	0.987475	-0.125003	0.991384	0.0391366	-0.97972	-0.129566	0.152845
4.7	0.174512	0.0689747	0.982236	-0.148497	0.987978	-0.0429947	-0.973393	-0.138356	0.182657
4.73333	0.193784	0.136357	0.971522	-0.158676	0.981611	-0.106123	-0.968127	-0.133593	0.211857
4.76667	0.211817	0.183568	0.959915	-0.165736	0.974722	-0.149828	-0.963154	-0.127357	0.236886
4.8	0.219048	0.215857	0.951538	-0.169525	0.968809	-0.18075	-0.960874	-0.121717	0.248809
4.83333	0.211939	0.232601	0.949199	-0.172717	0.96489	-0.197881	-0.9619	-0.122004	0.244672
4.86667	0.184215	0.237833	0.953677	-0.182827	0.961641	-0.204503	-0.965732	-0.136685	0.220631
4.9	0.113488	0.234386	0.965497	-0.225668	0.952457	-0.204695	-0.967571	-0.194651	0.160986
4.93333	-0.0494047	0.167174	0.984689	-0.314138	0.933258	-0.174204	-0.948091	-0.317934	0.0064083
4.96667	-0.30241	-0.0840517	0.949465	-0.588651	0.799923	-0.116675	-0.749692	-0.594187	-0.291382
5	-0.309487	-0.27036	0.91166	-0.874947	0.456434	-0.161664	-0.372405	-0.847687	-0.377811
5.03333	-0.215525	-0.138053	0.96669	-0.913338	0.378749	-0.149541	-0.345489	-0.915145	-0.207719
5.06667	-0.129816	0.0212751	0.99131	-0.902212	0.412172	-0.126994	-0.411292	-0.910858	-0.0343118
5.1	-0.0470283	0.140563	0.988954	-0.903117	0.417049	-0.102223	-0.426811	-0.897949	0.107332
5.13333	0.0158014	0.218002	0.97582	-0.914895	0.396879	-0.0738492	-0.403382	-0.891607	0.20572
5.16667	0.0590191	0.243038	0.96822	-0.919918	0.389877	-0.0417901	-0.387643	-0.888217	0.246585
5.2	0.0867219	0.194782	0.977005	-0.90272	0.430191	-0.00563747	-0.421397	-0.881474	0.213141
5.23333	0.0814941	0.059342	0.994906	-0.782717	0.621791	0.0270261	-0.61702	-0.780932	0.0971203
5.26667	0.0295393	0.0202103	0.999359	-0.449127	0.893455	-0.0047932	-0.892979	-0.448698	0.035469
5.3	0.115121	0.0925118	0.989034	-0.295177	0.953866	-0.0548644	-0.948482	-0.285625	0.137117
5.33333	0.15916	0.145564	0.976463	-0.295593	0.950723	-0.0935461	-0.941962	-0.273747	0.194345
5.36667	0.0572576	0.128225	0.990091	-0.271602	0.956314	-0.108144	-0.960705	-0.262719	0.0895825
5.4	-0.0279728	0.0131838	0.999522	-0.204285	0.978734	-0.0186268	-0.978512	-0.204708	-0.0246847
5.43333	-0.0185937	-0.0240918	0.999537	-0.190438	0.981493	0.0201143	-0.981523	-0.189975	-0.0228375
5.46667	-0.00464383	-0.0201281	0.999787	-0.155213	0.987695	0.0191637	-0.98787	-0.155091	-0.00771084
5.5	0.0345903	-0.0104575	0.999347	-0.11586	0.993161	0.0144031	-0.992663	-0.116282	0.0331422
5.53333	0.0869926	0.00985431	0.99616	-0.115594	0.993297	0.000268608	-0.98948	-0.115174	0.0875486
5.56667	0.122408	0.0409147	0.991636	-0.122694	0.992109	-0.0257889	-0.984867	-0.118511	0.126462
5.6	0.148679	0.0619089	0.986946	-0.108293	0.993055	-0.0459783	-0.982938	-0.100043	0.154351
5.63333	0.165133	0.0876774	0.982366	-0.135951	0.988556	-0.0653768	-0.976856	-0.122758	0.175163
5.66667	0.175754	0.123761	0.976624	-0.144896	0.984513	-0.0986856	-0.973712	-0.124164	0.190964
5.7	0.184047	0.166373	0.968735	-0.161506	0.977294	-0.137159	-0.969558	-0.131213	0.206738
5.73333	0.184015	0.205227	0.96126	-0.174379	0.969263	-0.173554	-0.967332	-0.135687	0.214146
5.76667	0.179409	0.237883	0.95458	-0.187367	0.960826	-0.204225	-0.965767	-0.142217	0.216952
5.8	0.188583	0.255044	0.948361	-0.194066	0.956324	-0.218595	-0.962692	-0.142821	0.229841
5.83333	0.202063	0.265626	0.942663	-0.197575	0.953784	-0.226409	-0.959237	-0.140497	0.245206
5.86667	0.199957	0.267574	0.942561	-0.197659	0.953227	-0.22867	-0.95966	-0.140582	0.243493
5.9	0.14357	0.243811	0.959137	-0.205553	0.955388	-0.212089	-0.968058	-0.166704	0.187281
5.93333	0.017938	0.168852	0.985478	-0.2736	0.948845	-0.157595	-0.961676	-0.2668	0.0632181
5.96667	-0.1381	-0.0222998	0.990167	-0.522324	0.851056	-0.0536821	-0.841491	-0.524601	-0.129178
