0	1	0	0	0	1	0	0	0	1
0.0333333	0.996317	0.081934	0.0252951	-0.0829747	0.995612	0.0432767	-0.0216383	-0.0452162	0.998743
0.0666667	0.99907	0.0428167	-0.00503972	-0.0425895	0.998338	0.0388231	0.00669362	-0.0385724	0.999233
0.1	0.999115	0.0413502	-0.0076793	-0.0410527	0.998525	0.0355241	0.0091369	-0.0351774	0.999339
0.133333	0.999138	0.0406822	-0.0083028	-0.0403823	0.99862	0.0335647	0.00965683	-0.0332005	0.999402
0.166667	0.99919	0.0392745	-0.00875787	-0.0389858	0.998759	0.0310009	0.00996455	-0.0306344	0.999481
0.2	0.99921	0.0387463	-0.00884262	-0.0384677	0.998816	0.0297647	0.00998543	-0.029401	0.999518
0.233333	0.999236	0.0379726	-0.00923293	-0.0377063	0.998911	0.0274806	0.0102664	-0.0271114	0.99958
0.266667	0.999232	0.038082	-0.0092059	-0.0378338	0.998951	0.0257839	0.0101782	-0.0254158	0.999625
0.3	0.999273	0.0369227	-0.00945388	-0.0367024	0.999073	0.0225099	0.0102762	-0.0221466	0.999702
0.333333	0.999326	0.0353672	-0.00981979	-0.0351901	0.999225	0.0176568	0.0104367	-0.0172993	0.999796
0.366667	0.99935	0.0344526	-0.0106358	-0.0343037	0.999315	0.0138768	0.0111066	-0.0135029	0.999847
0.4	0.999387	0.0331528	-0.011211	-0.0330302	0.999394	0.0109505	0.0115672	-0.0105735	0.999877
0.433333	0.999411	0.0321981	-0.0119038	-0.0320877	0.999441	0.00934623	0.0121981	-0.00895875	0.999885
0.466667	0.999425	0.0314787	-0.0126349	-0.0313591	0.999463	0.0095497	0.0129287	-0.00914798	0.999875
0.5	0.999436	0.0307642	-0.0134712	-0.0306268	0.999478	0.0102896	0.0137807	-0.00987117	0.999856
0.533333	0.999443	0.0298656	-0.0148722	-0.0297122	0.999504	0.0104354	0.0151765	-0.00998768	0.999835
0.566667	0.999432	0.0297914	-0.0157227	-0.0296132	0.999496	0.0114518	0.0160559	-0.0109797	0.999811
0.6	0.99944	0.0290057	-0.016711	-0.0288192	0.999521	0.0112911	0.0170305	-0.0108032	0.999797
0.633333	0.999422	0.02938	-0.0170982	-0.0291757	0.999501	0.0120743	0.0174444	-0.0115685	0.999781
0.666667	0.999421	0.0292605	-0.0173687	-0.0290476	0.999501	0.0123899	0.0177226	-0.0118782	0.999772
0.7	0.999412	0.0293734	-0.017716	-0.0291497	0.999494	0.012753	0.0180816	-0.012229	0.999762
0.733333	0.999401	0.0296073	-0.0179338	-0.0293683	0.999478	0.0134481	0.0183226	-0.0129134	0.999749
0.766667	0.999386	0.0298675	-0.0183219	-0.0296103	0.999461	0.0141552	0.0187348	-0.013604	0.999732
0.8	0.999373	0.03024	-0.0184184	-0.0299594	0.999434	0.0153262	0.0188714	-0.0147648	0.999713
0.833333	0.999358	0.0306933	-0.0184654	-0.0303926	0.999404	0.0163463	0.0189561	-0.0157746	0.999696
0.866667	0.999343	0.03113	-0.0185839	-0.0308125	0.999378	0.0171301	0.0191056	-0.0165462	0.999681
0.9	0.999304	0.0324015	-0.0184942	-0.0320428	0.999299	0.0193721	0.0191089	-0.018766	0.999641
0.933333	0.999302	0.0322221	-0.0188799	-0.0318485	0.999297	0.0197652	0.0195036	-0.0191501	0.999626
0.966667	0.999285	0.0327294	-0.0189227	-0.0323361	0.999262	0.0207277	0.0195871	-0.020101	0.999606
1	0.999263	0.0335194	-0.0186803	-0.0331099	0.999214	0.0218196	0.019397	-0.021185	0.999587
1.03333	0.99924	0.0342335	-0.0186613	-0.0338039	0.999167	0.0228694	0.0194286	-0.0222211	0.999564
1.06667	0.999223	0.0347352	-0.0186171	-0.0342872	0.999127	0.0238689	0.01943	-0.023212	0.999542
1.1	0.999238	0.0341987	-0.0188288	-0.0337536	0.999155	0.0234686	0.0196155	-0.0228152	0.999547
1.13333	0.999207	0.0352265	-0.0185521	-0.0347615	0.999088	0.0248138	0.0194092	-0.0241493	0.99952
1.16667	0.999224	0.0345985	-0.0188387	-0.0341378	0.999123	0.0242468	0.0196611	-0.0235849	0.999528
1.2	0.999192	0.0356584	-0.0185593	-0.0351856	0.999063	0.0252055	0.0194407	-0.0245321	0.99951
1.23333	0.999198	0.0354362	-0.0186476	-0.0349726	0.999085	0.0246257	0.0195032	-0.0239538	0.999523
1.26667	0.999182	0.0360906	-0.0182178	-0.0356254	0.999046	0.0252466	0.0191116	-0.024577	0.999515
1.3	0.999206	0.0353464	-0.0183694	-0.0348952	0.999095	0.0243289	0.0192127	-0.0236686	0.999535
1.33333	0.999197	0.0356579	-0.0182454	-0.0352071	0.999081	0.0244594	0.0191008	-0.0237974	0.999534
1.36667	0.999181	0.036164	-0.0181791	-0.0357043	0.99905	0.0250046	0.0190661	-0.024335	0.999522
1.4	0.99919	0.0358437	-0.0182645	-0.0353981	0.999081	0.0241622	0.0191138	-0.0234961	0.999541
1.43333	0.999192	0.035699	-0.0184544	-0.0352496	0.999087	0.0241282	0.0192989	-0.0234582	0.999539
1.46667	0.999183	0.0360723	-0.0181982	-0.0356269	0.999071	0.0242338	0.0190555	-0.0235657	0.999541
1.5	0.999196	0.0356499	-0.0183453	-0.0352082	0.999095	0.0238633	0.0191794	-0.0231982	0.999547
1.53333	0.999203	0.0354792	-0.0182833	-0.035051	0.999115	0.0232337	0.0190914	-0.0225743	0.999563
1.56667	0.999203	0.0356203	-0.0180127	-0.035204	0.999117	0.0229209	0.0188132	-0.0222685	0.999575
1.6	0.99919	0.0361999	-0.0175818	-0.0357906	0.999093	0.0230611	0.0184007	-0.0224132	0.999579
1.63333	0.999198	0.0361717	-0.0171807	-0.0357716	0.999094	0.0230484	0.0179988	-0.0224153	0.999587
1.66667	0.999224	0.0354955	-0.0170596	-0.0351161	0.99914	0.0220433	0.0178274	-0.0214271	0.999611
1.7	0.999188	0.0366913	-0.0166256	-0.0362919	0.99906	0.0237198	0.0174802	-0.0230972	0.99958
1.73333	0.999183	0.0368478	-0.0166126	-0.0364377	0.999039	0.024347	0.0174938	-0.0237218	0.999566
1.76667	0.999179	0.0370016	-0.016486	-0.0365812	0.999015	0.0251072	0.0173987	-0.0244836	0.999549
1.8	0.999168	0.03725	-0.0165802	-0.0368219	0.998998	0.0254199	0.0175105	-0.0247882	0.999539
1.83333	0.999163	0.0374374	-0.0164869	-0.0370017	0.998977	0.025984	0.0174428	-0.0253522	0.999526
1.86667	0.999165	0.0373715	-0.0164875	-0.036937	0.998981	0.0259167	0.0174393	-0.025286	0.999528
1.9	0.999171	0.037379	-0.0161245	-0.036951	0.998977	0.026074	0.0170826	-0.0254566	0.99953
1.93333	0.999174	0.0374474	-0.01578	-0.0370245	0.998968	0.0262908	0.0167482	-0.0256848	0.99953
1.96667	0.999202	0.0369912	-0.0150781	-0.0365881	0.998987	0.0261858	0.0160314	-0.0256132	0.999543
2	0.99924	0.0362734	-0.0142848	-0.0359084	0.999042	0.025025	0.0151789	-0.024493	0.999585
2.03333	0.999271	0.0358716	-0.0130629	-0.0355589	0.999093	0.0234342	0.0138917	-0.0229527	0.99964
2.06667	0.999314	0.0351283	-0.011746	-0.0348798	0.999177	0.0207252	0.0124644	-0.0203013	0.999716
2.1	0.999333	0.0351416	-0.00990577	-0.034948	0.999207	0.0190816	0.0105685	-0.0187227	0.999769
2.13333	0.999374	0.0343943	-0.00833168	-0.0342524	0.999275	0.0166194	0.00889725	-0.0163236	0.999827
2.16667	0.999401	0.0339114	-0.0068968	-0.0338032	0.999312	0.0152439	0.007409	-0.0150016	0.99986
2.2	0.99944	0.0330287	-0.00539054	-0.0329507	0.99936	0.0139569	0.00584807	-0.0137714	0.999888
2.23333	0.999475	0.0321782	-0.0037692	-0.0321301	0.999409	0.0122119	0.00415993	-0.0120844	0.999918
2.26667	0.999485	0.0320048	-0.00229	-0.0319783	0.99943	0.0107886	0.00263398	-0.0107098	0.999939
2.3	0.999513	0.0311909	-0.000549095	-0.0311845	0.999471	0.00922755	0.000836621	-0.00920594	0.999957
2.33333	0.999545	0.0301264	0.00142982	-0.0301366	0.999516	0.00774454	-0.00119582	-0.00778411	0.999969
2.36667	0.999532	0.0301689	0.00512213	-0.0302125	0.999506	0.00866971	-0.00485804	-0.0088204	0.999949
2.4	0.999528	0.0296498	0.00800047	-0.0297325	0.999504	0.0104234	-0.00768744	-0.0106564	0.999914
2.43333	0.999547	0.0284397	0.00986966	-0.0285533	0.999525	0.011571	-0.0095359	-0.0118475	0.999884
2.46667	0.999539	0.0276034	0.0126688	-0.0277787	0.999518	0.0138724	-0.0122798	-0.0142179	0.999824
2.5	0.99953	0.0260917	0.0161	-0.0263776	0.999493	0.0178087	-0.0156272	-0.018225	0.999712
2.53333	0.999543	0.0231012	0.0194862	-0.0235672	0.999433	0.0240327	-0.01892	-0.024481	0.999521
2.56667	0.99949	0.0188307	0.0257752	-0.0196462	0.999302	0.0317614	-0.0251591	-0.0322516	0.999163
2.6	0.999193	0.0130207	0.0380102	-0.0146628	0.998957	0.0432477	-0.0374074	-0.0437701	0.998341
2.63333	0.998155	0.0142369	0.0590276	-0.017358	0.998459	0.0527036	-0.0581863	-0.0536309	0.996864
2.66667	0.99591	0.0277598	0.085976	-0.0320193	0.998307	0.0485668	-0.0844822	-0.0511211	0.995113
2.7	0.993249	0.0412219	0.108435	-0.0441639	0.998715	0.0248703	-0.10727	-0.0294913	0.993792
2.73333	0.990601	0.0665686	0.11949	-0.0690439	0.997474	0.016692	-0.118077	-0.0247852	0.992695
2.76667	0.986154	0.0995973	0.132594	-0.105343	0.993746	0.0370287	-0.128077	-0.0504838	0.990479
2.8	0.978281	0.134255	0.157931	-0.145594	0.987368	0.0625077	-0.147544	-0.0841439	0.98547
2.83333	0.969392	0.161872	0.184601	-0.17941	0.980307	0.0825271	-0.167607	-0.11312	0.979342
2.86667	0.961712	0.182849	0.20415	-0.205201	0.974184	0.0941214	-0.181669	-0.132409	0.974404
2.9	0.956985	0.193357	0.216316	-0.219753	0.969859	0.105267	-0.189442	-0.148275	0.970632
2.93333	0.955383	0.192951	0.223636	-0.223058	0.967631	0.118048	-0.19362	-0.162665	0.967498
2.96667	0.954975	0.184293	0.232507	-0.219357	0.966248	0.135084	-0.199764	-0.180004	0.963168
3	0.95077	0.189741	0.245019	-0.232026	0.959961	0.156967	-0.205425	-0.206091	0.956727
3.03333	0.94363	0.215973	0.250833	-0.263415	0.948867	0.173967	-0.200435	-0.230233	0.95227
3.06667	0.933515	0.256263	0.250758	-0.302526	0.938345	0.16729	-0.192428	-0.232029	0.953485
3.1	0.926278	0.281455	0.250582	-0.327748	0.929873	0.167084	-0.185983	-0.236894	0.953568
3.13333	0.92549	0.28481	0.249702	-0.329884	0.93004	0.161873	-0.18613	-0.232185	0.954697
3.16667	0.926939	0.261481	0.269095	-0.31471	0.932325	0.178123	-0.204308	-0.249796	0.946499
3.2	0.930593	0.253879	0.263708	-0.305462	0.935562	0.177246	-0.201716	-0.245497	0.948178
3.23333	0.94821	0.222667	0.226533	-0.260882	0.952769	0.155474	-0.181214	-0.20652	0.961515
3.26667	0.96772	0.171019	0.185125	-0.197748	0.970627	0.137037	-0.156252	-0.169222	0.973113
3.3	0.981892	0.107926	0.155693	-0.126155	0.985625	0.112373	-0.141327	-0.129979	0.981393
3.33333	0.98926	0.0426205	0.139812	-0.0526145	0.996257	0.0685811	-0.136366	-0.0752007	0.9878
3.36667	0.990214	-0.0109049	0.139132	0.00984895	0.999917	0.00827608	-0.13921	-0.00682479	0.990239
3.4	0.98749	-0.0613828	0.145247	0.0720156	0.995006	-0.069113	-0.140279	0.0787084	0.986979
3.43333	0.9825	-0.0964764	0.159332	0.120314	0.981723	-0.14746	-0.142194	0.164049	0.97615
3.46667	0.983021	-0.0697469	0.169723	0.0992262	0.980097	-0.171943	-0.154352	0.185864	0.970376
3.5	0.983485	-0.0706709	0.166622	0.103039	0.975487	-0.194441	-0.148797	0.208399	0.966659
3.53333	0.98031	-0.121295	0.155823	0.154057	0.963428	-0.219256	-0.12353	0.238944	0.963144
3.56667	0.972869	-0.183004	0.141548	0.211753	0.950805	-0.226122	-0.0932035	0.249961	0.96376
3.6	0.963763	-0.23649	0.123423	0.258315	0.942851	-0.21049	-0.0665909	0.234745	0.969773
3.63333	0.957178	-0.256838	0.133586	0.279692	0.93951	-0.197723	-0.074723	0.226619	0.971113
3.66667	0.959387	-0.236038	0.154477	0.263605	0.945128	-0.19299	-0.100448	0.225873	0.968964
3.7	0.969396	-0.193596	0.150972	0.218143	0.961361	-0.167923	-0.11263	0.195718	0.974171
3.73333	0.981561	-0.140493	0.129612	0.156322	0.980228	-0.121314	-0.110005	0.139338	0.984116
3.76667	0.988035	-0.0795496	0.132131	0.0898107	0.993236	-0.0735979	-0.125383	0.0845841	0.988496
3.8	0.988308	-0.0177273	0.151438	0.0231855	0.999141	-0.0343536	-0.150699	0.0374631	0.98787
3.83333	0.984722	0.0342839	0.170728	-0.0345892	0.999401	-0.00118697	-0.170666	-0.0047365	0.985318
3.86667	0.981763	0.0642956	0.178906	-0.0720463	0.996709	0.0371614	-0.175928	-0.0493732	0.983164
3.9	0.981215	0.0707307	0.179485	-0.0856809	0.993347	0.0769495	-0.172848	-0.0908824	0.980747
3.93333	0.981211	0.0587514	0.183777	-0.0775704	0.992262	0.0969436	-0.176659	-0.109378	0.978176
3.96667	0.978173	0.0754525	0.193608	-0.102282	0.985886	0.132545	-0.180875	-0.149454	0.972084
4	0.972617	0.126413	0.19503	-0.162412	0.96993	0.181267	-0.166251	-0.207979	0.963901
4.03333	0.960389	0.192632	0.201361	-0.229368	0.956806	0.178642	-0.158251	-0.217751	0.963089
4.06667	0.946264	0.238295	0.218633	-0.27829	0.944395	0.175137	-0.164742	-0.226569	0.959962
4.1	0.941807	0.226631	0.248271	-0.278796	0.939246	0.200225	-0.187811	-0.25779	0.947772
4.13333	0.948479	0.216064	0.231741	-0.262206	0.945862	0.191294	-0.177863	-0.242203	0.953783
4.16667	0.962386	0.182991	0.200818	-0.214273	0.96566	0.146929	-0.167035	-0.184432	0.968547
4.2	0.974349	0.139193	0.17683	-0.15779	0.982814	0.0958077	-0.160456	-0.121252	0.979567
4.23333	0.981428	0.0884069	0.170247	-0.0969752	0.994372	0.0426728	-0.165516	-0.05839	0.984477
4.26667	0.982871	0.0521795	0.176753	-0.0524404	0.998619	-0.00319791	-0.176675	-0.00612585	0.98425
4.3	0.984683	0.0137183	0.173816	-0.00612704	0.999007	-0.0441356	-0.174248	0.0423946	0.983789
4.33333	0.984905	-0.0460634	0.166857	0.0642729	0.992347	-0.10543	-0.160724	0.114563	0.980328
4.36667	0.982955	-0.0460305	0.177989	0.068605	0.990053	-0.122833	-0.170565	0.132951	0.976336
4.4	0.982941	-0.0328465	0.180964	0.056856	0.989996	-0.129132	-0.174912	0.137218	0.974975
4.43333	0.984476	-0.0634025	0.163668	0.0908473	0.98192	-0.166073	-0.150179	0.178364	0.972436
4.46667	0.979947	-0.136446	0.145209	0.162761	0.968528	-0.188313	-0.114945	0.208171	0.971315
4.5	0.970846	-0.208655	0.117989	0.226156	0.960465	-0.162357	-0.0794478	0.184307	0.979652
4.53333	0.959443	-0.253616	0.12308	0.269486	0.9533	-0.13637	-0.0827466	0.164008	0.982982
4.56667	0.959964	-0.236339	0.150379	0.257607	0.955686	-0.142488	-0.11004	0.175522	0.978306
4.6	0.970278	-0.188811	0.151366	0.211075	0.966239	-0.14775	-0.118358	0.175308	0.977373
4.63333	0.98275	-0.125595	0.135752	0.142574	0.98204	-0.123574	-0.117794	0.140797	0.983006
4.66667	0.988321	-0.0607285	0.139764	0.0717153	0.994604	-0.0749613	-0.134458	0.0841091	0.987343
4.7	0.987233	-0.00565591	0.159183	0.00780809	0.999886	-0.012898	-0.159092	0.0139763	0.987165
4.73333	0.98412	0.0288524	0.175143	-0.0377489	0.998149	0.0476783	-0.173443	-0.0535326	0.983388
4.76667	0.983766	0.0443292	0.173892	-0.0637103	0.992161	0.107506	-0.167763	-0.116839	0.978879
4.8	0.986044	0.0423394	0.161014	-0.0674668	0.985773	0.15395	-0.152205	-0.162665	0.974871
4.83333	0.987113	0.0360859	0.155903	-0.0647225	0.981032	0.182723	-0.146352	-0.190458	0.970725
4.86667	0.984329	0.0561929	0.16715	-0.0921368	0.972084	0.215786	-0.150359	-0.227805	0.962028
4.9	0.979965	0.0954344	0.174819	-0.138868	0.956588	0.256233	-0.142776	-0.275376	0.950675
4.93333	0.971273	0.145798	0.188073	-0.189738	0.951475	0.24227	-0.143624	-0.270994	0.951806
4.96667	0.957308	0.19293	0.215266	-0.244233	0.93818	0.245291	-0.154634	-0.287394	0.945248
5	0.940475	0.216823	0.261713	-0.284661	0.923242	0.258056	-0.185672	-0.317195	0.930007
5.03333	0.929962	0.245941	0.273284	-0.313083	0.919434	0.237951	-0.192745	-0.306846	0.932038
5.06667	0.939992	0.231068	0.251044	-0.286187	0.934568	0.211376	-0.185775	-0.270537	0.944615
5.1	0.95864	0.189778	0.212115	-0.228392	0.957636	0.175414	-0.16984	-0.216605	0.961372
5.13333	0.972879	0.134921	0.187888	-0.159359	0.979697	0.121646	-0.167661	-0.148288	0.974628
5.16667	0.980237	0.0786932	0.181502	-0.0903074	0.994303	0.0566262	-0.176012	-0.0718981	0.981759
5.2	0.984319	0.0300375	0.173823	-0.03012	0.999544	-0.00216352	-0.173809	-0.00310597	0.984775
5.23333	0.986967	-0.0242443	0.159086	0.0366711	0.99646	-0.0756487	-0.156688	0.0804966	0.984362
5.26667	0.987104	-0.0362033	0.155936	0.0585662	0.988233	-0.1413	-0.148985	0.14861	0.977609
5.3	0.987518	0.00776862	0.157314	0.0152437	0.98938	-0.144549	-0.156766	0.145143	0.976912
5.33333	0.987809	0.00989431	0.155354	0.0154267	0.986844	-0.16094	-0.154903	0.161375	0.974661
5.36667	0.988981	-0.0471266	0.140338	0.0723336	0.980942	-0.180337	-0.129165	0.188501	0.973542
5.4	0.98722	-0.120989	0.103726	0.137844	0.97491	-0.174781	-0.0799773	0.186846	0.979128
5.43333	0.975735	-0.208407	0.0671457	0.216335	0.964919	-0.148766	-0.0337862	0.159682	0.98659
5.46667	0.971	-0.227762	0.0726854	0.235765	0.962658	-0.133058	-0.0396656	0.146336	0.988439
5.5	0.969687	-0.21822	0.109943	0.233228	0.960775	-0.150053	-0.0728863	0.171146	0.982546
5.53333	0.972421	-0.194714	0.128386	0.213592	0.964564	-0.154901	-0.093675	0.178052	0.979552
5.56667	0.973239	-0.195806	0.120272	0.211717	0.967533	-0.138042	-0.0893374	0.159811	0.983097
5.6	0.976587	-0.184373	0.110835	0.194352	0.977053	-0.0871493	-0.0922238	0.10665	0.99001
5.63333	0.981599	-0.150966	0.116931	0.156693	0.98678	-0.041381	-0.109138	0.0589417	0.992278
5.66667	0.986947	-0.100885	0.12553	0.103337	0.994559	-0.013164	-0.123519	0.0259641	0.992002
5.7	0.990514	-0.0423949	0.130705	0.0392774	0.998881	0.0263393	-0.131675	-0.0209557	0.991071
5.73333	0.991716	-0.00441268	0.128374	-0.00537126	0.997111	0.0757682	-0.128338	-0.0758301	0.988827
5.76667	0.992467	-0.00851294	0.122213	-0.00475889	0.994151	0.107895	-0.122416	-0.107664	0.986622
5.8	0.992677	-0.00393996	0.120733	-0.0127915	0.99042	0.137494	-0.120118	-0.138032	0.983117
5.83333	0.993484	0.0115498	0.113382	-0.0306196	0.985324	0.167926	-0.109778	-0.170303	0.979258
5.86667	0.993009	0.046462	0.108508	-0.0648469	0.982856	0.172597	-0.0986283	-0.178427	0.978998
5.9	0.991445	0.0877361	0.0966424	-0.101021	0.984629	0.142476	-0.0826567	-0.15102	0.985069
5.93333	0.982194	0.154811	0.106437	-0.167873	0.977558	0.127278	-0.084344	-0.142879	0.98614
5.96667	0.977776	0.166923	0.12685	-0.181607	0.976666	0.114644	-0.104754	-0.135133	0.985274
