0	1	0	0	0	1	0	0	0	1
0.0333333	0.999961	-0.0051837	-0.00716808	0.00466739	0.997518	-0.0702592	0.00751449	0.070223	0.997503
0.0666667	0.999938	-0.0081964	-0.00752818	0.0077876	0.998574	-0.0528141	0.00795033	0.0527522	0.998576
0.1	0.999928	-0.0087246	-0.00822015	0.00833595	0.998898	-0.0461827	0.00861402	0.0461109	0.998899
0.133333	0.999921	-0.00874759	-0.00899769	0.00835748	0.999061	-0.0425176	0.00936117	0.0424391	0.999055
0.166667	0.999916	-0.00845194	-0.00986861	0.00804054	0.999126	-0.041009	0.0102066	0.0409262	0.99911
0.2	0.999909	-0.00823395	-0.0106589	0.00779094	0.999131	-0.0409573	0.0109869	0.0408706	0.999104
0.233333	0.999901	-0.00784475	-0.0116709	0.00738488	0.999214	-0.0389375	0.0119672	0.0388475	0.999173
0.266667	0.999903	-0.00794933	-0.0114792	0.00749396	0.999204	-0.0391816	0.0117816	0.0390918	0.999166
0.3	0.999905	-0.00796489	-0.0112429	0.00752925	0.999239	-0.0382722	0.0115392	0.0381839	0.999204
0.333333	0.999911	-0.00820482	-0.0104767	0.00781239	0.999286	-0.0369636	0.0107725	0.0368785	0.999262
0.366667	0.99992	-0.00854737	-0.00932831	0.00820889	0.999327	-0.0357392	0.00962751	0.0356598	0.999318
0.4	0.999929	-0.00879116	-0.00799923	0.00850514	0.999347	-0.0351135	0.0083027	0.035043	0.999351
0.433333	0.999937	-0.00897198	-0.00675931	0.00873164	0.999357	-0.0347848	0.00706705	0.0347235	0.999372
0.466667	0.999942	-0.0090105	-0.00588358	0.00880679	0.999391	-0.0337773	0.00618434	0.0337235	0.999412
0.5	0.999945	-0.00896216	-0.00552947	0.00877192	0.9994	-0.033519	0.00582655	0.0334687	0.999423
0.533333	0.999944	-0.00892496	-0.00565246	0.00873286	0.999412	-0.0331427	0.00594494	0.0330915	0.999435
0.566667	0.999941	-0.00891599	-0.00620724	0.00871076	0.999439	-0.0323405	0.00649211	0.0322845	0.999458
0.6	0.999938	-0.00889757	-0.00675346	0.00867346	0.999433	-0.0325194	0.00703897	0.0324588	0.999448
0.633333	0.999934	-0.00888804	-0.00721305	0.00864238	0.999405	-0.0334027	0.00750564	0.0333381	0.999416
0.666667	0.99993	-0.00892774	-0.00774561	0.00865936	0.999384	-0.0340169	0.00804453	0.0339474	0.999391
0.7	0.999929	-0.00876168	-0.00810183	0.0084741	0.999356	-0.0348729	0.00840216	0.0348018	0.999359
0.733333	0.999934	-0.00821549	-0.00799	0.00792697	0.999338	-0.0354955	0.00827633	0.0354298	0.999338
0.766667	0.99994	-0.00744902	-0.00799396	0.00716113	0.999346	-0.0354567	0.00825284	0.0353973	0.999339
0.8	0.999946	-0.00670054	-0.00799584	0.00642982	0.999421	-0.033416	0.00821511	0.0333628	0.99941
0.833333	0.999944	-0.00608025	-0.00868838	0.00581586	0.999529	-0.0301379	0.00886753	0.0300857	0.999508
0.866667	0.999939	-0.00554328	-0.00953265	0.0052773	0.999602	-0.0277045	0.00968243	0.0276525	0.999571
0.9	0.999923	-0.00522365	-0.0112198	0.00492812	0.999644	-0.0262079	0.0113527	0.0261506	0.999594
0.933333	0.999908	-0.00453828	-0.0128005	0.00420459	0.999654	-0.0259762	0.012914	0.0259199	0.999581
0.966667	0.999873	-0.00396062	-0.0154396	0.00358515	0.999699	-0.0242707	0.0155311	0.0242123	0.999586
1	0.999808	-0.00344604	-0.0192851	0.00303388	0.999767	-0.0213604	0.0193542	0.0212977	0.999586
1.03333	0.999748	-0.0029016	-0.0222523	0.00248148	0.999819	-0.0188842	0.022303	0.0188242	0.999574
1.06667	0.99968	-0.00258661	-0.0251506	0.00215171	0.999848	-0.0173033	0.0251915	0.0172437	0.999534
1.1	0.999595	-0.0022409	-0.0283654	0.00180389	0.999879	-0.0154224	0.0283966	0.015365	0.999479
1.13333	0.999502	-0.00201017	-0.031476	0.00163133	0.999926	-0.0120566	0.0314979	0.0119993	0.999432
1.16667	0.99939	-0.00192087	-0.0348649	0.00165048	0.999968	-0.00778274	0.0348787	0.00772045	0.999362
1.2	0.999233	-0.00196631	-0.0391104	0.00185348	0.999994	-0.00292087	0.0391159	0.00284614	0.999231
1.23333	0.999081	-0.000813451	-0.0428429	0.000829474	1	0.000356213	0.0428426	-0.000391423	0.999082
1.26667	0.998912	0.00130184	-0.0466181	-0.00113309	0.999993	0.00364614	0.0466225	-0.00358935	0.998906
1.3	0.998727	0.00442999	-0.0502555	-0.00436492	0.999989	0.00140437	0.0502612	-0.00118322	0.998735
1.33333	0.998484	0.00786634	-0.0544741	-0.00757869	0.999956	0.00548498	0.0545149	-0.00506382	0.9985
1.36667	0.998194	0.0114964	-0.0589703	-0.0114151	0.999933	0.00171531	0.058986	-0.00103906	0.998258
1.4	0.997561	0.0148363	-0.0682122	-0.0151295	0.999878	-0.0037839	0.0681478	0.00480669	0.997664
1.43333	0.996238	0.0215798	-0.0839309	-0.0234455	0.999498	-0.0213071	0.083429	0.0231948	0.996244
1.46667	0.99438	0.0294355	-0.101692	-0.0352696	0.997804	-0.056057	0.0998187	0.0593286	0.993235
1.5	0.992434	0.0363452	-0.11728	-0.0475659	0.994403	-0.0943399	0.113195	0.0992046	0.988608
1.53333	0.990334	0.0430379	-0.131858	-0.0603328	0.989662	-0.130115	0.124895	0.136813	0.982692
1.56667	0.987968	0.0506827	-0.146116	-0.0740136	0.984508	-0.158952	0.135797	0.167855	0.976414
1.6	0.985434	0.0594885	-0.159315	-0.0888849	0.978844	-0.184291	0.144981	0.195767	0.969874
1.63333	0.983287	0.0679126	-0.168921	-0.101789	0.974331	-0.200795	0.150949	0.214633	0.96496
1.66667	0.98173	0.074884	-0.174926	-0.111794	0.970902	-0.211782	0.153977	0.227468	0.961535
1.7	0.980635	0.0787147	-0.179327	-0.117531	0.968985	-0.21738	0.156654	0.234247	0.959473
1.73333	0.9802	0.0760186	-0.182838	-0.115914	0.968912	-0.218573	0.160538	0.235439	0.958538
1.76667	0.980548	0.0700334	-0.183359	-0.108324	0.972115	-0.207986	0.16368	0.223802	0.960792
1.8	0.980315	0.0644203	-0.186636	-0.10199	0.974616	-0.199305	0.16906	0.214417	0.962
1.83333	0.980323	0.0576509	-0.188794	-0.0945697	0.976666	-0.19282	0.173273	0.20688	0.962901
1.86667	0.981464	0.0506648	-0.184831	-0.0854914	0.978892	-0.185636	0.171524	0.197997	0.965079
1.9	0.983798	0.041854	-0.174329	-0.0703093	0.984544	-0.160403	0.164921	0.170062	0.971535
1.93333	0.986069	0.0317869	-0.163271	-0.0517452	0.991487	-0.119483	0.158083	0.126267	0.979319
1.96667	0.988966	0.0217782	-0.146536	-0.0320984	0.997139	-0.0684359	0.144626	0.0723843	0.986835
2	0.991401	0.0107882	-0.130412	-0.0119649	0.999894	-0.00824353	0.130309	0.00973302	0.991426
2.03333	0.992682	-0.000323311	-0.120755	0.00578365	0.998976	0.0448706	0.120617	-0.0452407	0.991668
2.06667	0.99299	-0.00952663	-0.117811	0.0199113	0.995984	0.0872868	0.116506	-0.0890207	0.989192
2.1	0.992991	-0.0157516	-0.117139	0.0296791	0.992555	0.118122	0.114406	-0.120771	0.986066
2.13333	0.993029	-0.0142056	-0.117009	0.0308483	0.989432	0.14168	0.113759	-0.144302	0.982973
2.16667	0.992599	-0.00800022	-0.121176	0.0289213	0.984691	0.171895	0.117946	-0.174127	0.977634
2.2	0.992645	-0.00574447	-0.120927	0.0308504	0.9779	0.206785	0.117067	-0.208995	0.970884
2.23333	0.993521	-0.00373048	-0.11359	0.0295252	0.973618	0.226268	0.109749	-0.228156	0.967419
2.26667	0.994193	-0.00467145	-0.107507	0.0297987	0.971939	0.233336	0.1034	-0.235185	0.966435
2.3	0.993345	-0.0053935	-0.115054	0.0322918	0.971883	0.233238	0.110561	-0.235401	0.965589
2.33333	0.991738	-0.00456954	-0.128197	0.0322419	0.976163	0.214631	0.12416	-0.216991	0.968245
2.36667	0.990278	0.00102863	-0.139099	0.023764	0.984021	0.176458	0.137058	-0.178048	0.97443
2.4	0.98985	0.00702001	-0.141945	0.0118319	0.991241	0.131532	0.141626	-0.131876	0.981097
2.43333	0.989746	0.0105509	-0.14245	0.00281681	0.995633	0.0933156	0.142812	-0.09276	0.985393
2.46667	0.990296	0.0138569	-0.138279	-0.0044324	0.99766	0.0682326	0.1389	-0.0669576	0.98804
2.5	0.991186	0.0187963	-0.131136	-0.0125081	0.998739	0.0486115	0.131884	-0.0465428	0.990172
2.53333	0.992199	0.0272788	-0.121642	-0.0239164	0.999293	0.0290176	0.122348	-0.025882	0.99215
2.56667	0.992964	0.0393971	-0.111673	-0.0389054	0.999221	0.00658006	0.111845	-0.0021891	0.993723
2.6	0.993216	0.0545423	-0.102696	-0.0567209	0.99822	-0.0184123	0.101509	0.0241124	0.994542
2.63333	0.992959	0.065397	-0.098773	-0.0703824	0.996371	-0.0478584	0.0952848	0.0544733	0.993958
2.66667	0.993754	0.0618201	-0.0928995	-0.0683078	0.99532	-0.0683582	0.0882388	0.074277	0.993326
2.7	0.994699	0.0538355	-0.0876131	-0.0602275	0.995583	-0.072028	0.0833484	0.0769229	0.993547
2.73333	0.994416	0.0507397	-0.0925281	-0.057697	0.995578	-0.0741353	0.0883574	0.0790599	0.992946
2.76667	0.993021	0.0470077	-0.108169	-0.0547487	0.996062	-0.0697427	0.104465	0.075178	0.991683
2.8	0.991323	0.0496372	-0.121712	-0.0560182	0.997198	-0.0495766	0.118911	0.0559645	0.991327
2.83333	0.991148	0.0474419	-0.123992	-0.0494299	0.998693	-0.0130051	0.123213	0.0190189	0.992198
2.86667	0.991935	0.035774	-0.121593	-0.0327136	0.999098	0.0270734	0.122452	-0.0228773	0.992211
2.9	0.993047	0.0197338	-0.11605	-0.0130518	0.998228	0.0580592	0.11699	-0.0561408	0.991545
2.93333	0.99397	0.00579134	-0.109498	0.00292688	0.996847	0.079292	0.109612	-0.0791344	0.990819
2.96667	0.994801	-0.00508596	-0.101714	0.0140877	0.996023	0.0879791	0.100862	-0.0889546	0.990916
3	0.995441	-0.0121819	-0.0946029	0.0206198	0.995842	0.0887347	0.0931285	-0.0902808	0.991553
3.03333	0.994967	-0.0114924	-0.0995466	0.0208164	0.995435	0.0931389	0.0980218	-0.0947423	0.990664
3.06667	0.994222	-0.00438727	-0.107251	0.0150507	0.994992	0.0988199	0.10628	-0.0998631	0.989309
3.1	0.994344	0.00602381	-0.106033	0.00498233	0.994645	0.103229	0.106087	-0.103173	0.98899
3.13333	0.994895	0.0157145	-0.0996827	-0.00527216	0.994546	0.104166	0.100776	-0.103108	0.989552
3.16667	0.994256	0.0230697	-0.104513	-0.0117932	0.994162	0.107255	0.106377	-0.105406	0.988723
3.2	0.992931	0.0237834	-0.116289	-0.0108325	0.993789	0.110756	0.118201	-0.108713	0.987021
3.23333	0.991743	0.020135	-0.126647	-0.00676955	0.99444	0.10509	0.128059	-0.103365	0.986365
3.26667	0.991875	0.0183201	-0.12589	-0.00827712	0.996773	0.0798406	0.126946	-0.0781499	0.988826
3.3	0.992041	0.0206905	-0.1242	-0.015456	0.998957	0.042962	0.124959	-0.0407004	0.991327
3.33333	0.992541	0.027258	-0.118824	-0.026156	0.999599	0.0108241	0.119071	-0.00763546	0.992856
3.36667	0.993146	0.0375791	-0.110677	-0.0407875	0.998807	-0.0268675	0.109535	0.0311976	0.993493
3.4	0.993534	0.051147	-0.101363	-0.0576441	0.996395	-0.062239	0.0978147	0.0676796	0.992901
3.43333	0.993853	0.0638853	-0.0904153	-0.0720492	0.993322	-0.0901146	0.0840545	0.096075	0.991819
3.46667	0.993289	0.0778765	-0.0855071	-0.0885604	0.98765	-0.129246	0.0743859	0.135951	0.987919
3.5	0.992284	0.087726	-0.0876186	-0.10147	0.980674	-0.16728	0.0712504	0.17488	0.982008
3.53333	0.992713	0.0828968	-0.0874544	-0.0974868	0.979094	-0.178523	0.0708271	0.185748	0.980041
3.56667	0.993359	0.0765577	-0.0858862	-0.0912224	0.978978	-0.182431	0.0701142	0.189054	0.97946
3.6	0.992904	0.0720525	-0.094605	-0.0882049	0.979794	-0.179508	0.0797594	0.186579	0.979197
3.63333	0.991538	0.0650137	-0.112364	-0.0827464	0.983454	-0.161156	0.100028	0.16909	0.980512
3.66667	0.990776	0.0710736	-0.115378	-0.0858115	0.988022	-0.128254	0.10488	0.136972	0.985007
3.7	0.991676	0.0719913	-0.106756	-0.0804836	0.993739	-0.0774944	0.100509	0.0854414	0.991261
3.73333	0.993513	0.0628216	-0.094791	-0.066398	0.997177	-0.0350567	0.0923211	0.0411232	0.99488
3.76667	0.995547	0.0478154	-0.0812431	-0.0484778	0.998805	-0.0061991	0.0808496	0.01011	0.996675
3.8	0.997196	0.0304898	-0.0683386	-0.0294729	0.99944	0.0158392	0.0687833	-0.0137807	0.997536
3.83333	0.99823	0.0152323	-0.0574898	-0.0138176	0.999594	0.024925	0.0578461	-0.0240865	0.998035
3.86667	0.998664	0.00415028	-0.051499	-0.00276178	0.999632	0.0270036	0.0515921	-0.0268253	0.998308
3.9	0.99811	0.00233015	-0.0614034	-0.000181388	0.999388	0.0349766	0.0614473	-0.0348993	0.9975
3.93333	0.997696	0.00436403	-0.0676965	-0.00140663	0.999045	0.0436724	0.0678224	-0.0434766	0.99675
3.96667	0.997813	0.00833818	-0.0655697	-0.00487016	0.998589	0.0528736	0.065918	-0.0524387	0.996446
4	0.998029	0.0132948	-0.0613285	-0.00961317	0.998156	0.0599399	0.0620123	-0.0592322	0.996316
4.03333	0.997571	0.0188041	-0.0670734	-0.0144194	0.997764	0.065267	0.0681507	-0.0641413	0.995611
4.06667	0.996697	0.0228425	-0.0779331	-0.0175738	0.997555	0.0676336	0.0792875	-0.0660407	0.994662
4.1	0.995606	0.0278841	-0.0893928	-0.0232242	0.998338	0.0527506	0.0907151	-0.0504427	0.994599
4.13333	0.995429	0.0303226	-0.0905618	-0.0284791	0.999361	0.0215799	0.0911584	-0.0189021	0.995657
4.16667	0.995493	0.0323631	-0.0891459	-0.033505	0.999374	-0.011343	0.088723	0.0142787	0.995954
4.2	0.995768	0.031021	-0.0865135	-0.0338594	0.998929	-0.0315372	0.0854425	0.034333	0.995751
4.23333	0.996266	0.0275574	-0.0818195	-0.030754	0.998802	-0.038068	0.0806724	0.0404422	0.99592
4.26667	0.996694	0.0252348	-0.0772293	-0.0284457	0.998764	-0.0407632	0.0761051	0.0428252	0.99618
4.3	0.996986	0.0249324	-0.0734702	-0.0279388	0.998802	-0.0401804	0.0723804	0.042112	0.996488
4.33333	0.997085	0.0285955	-0.0707403	-0.0318486	0.998466	-0.0452945	0.0693366	0.0474155	0.996466
4.36667	0.996666	0.0376165	-0.0723941	-0.0424846	0.996853	-0.0669223	0.0696489	0.0697748	0.995128
4.4	0.996417	0.0444901	-0.0719316	-0.0512522	0.99415	-0.0950713	0.0672811	0.0984172	0.992868
4.43333	0.996734	0.0439976	-0.0677188	-0.051232	0.99271	-0.109096	0.0624252	0.112209	0.991722
4.46667	0.996703	0.0452654	-0.0673436	-0.0531696	0.991272	-0.120634	0.0612953	0.123817	0.99041
4.5	0.996756	0.0458082	-0.0661749	-0.0539878	0.99035	-0.12764	0.0596894	0.130798	0.98961
4.53333	0.996906	0.0491162	-0.0613615	-0.0564204	0.990725	-0.123615	0.0547209	0.126694	0.990431
