0	0.999535	0.00423112	-0.0301946	-0.00418055	0.99999	0.00173751	0.0302016	-0.00161047	0.999543
0.0333333	0.249573	0.353636	0.901474	-0.425038	0.876468	-0.226155	-0.87009	-0.326718	0.369052
0.0666667	0.200299	0.327434	0.9234	-0.433514	0.874833	-0.216177	-0.878605	-0.357007	0.317176
0.1	0.198435	0.299683	0.933174	-0.429185	0.882539	-0.192157	-0.881149	-0.362374	0.303746
0.133333	0.198522	0.276864	0.940178	-0.428414	0.887287	-0.170828	-0.881504	-0.368873	0.294759
0.166667	0.199754	0.258556	0.945118	-0.429165	0.890203	-0.152827	-0.880861	-0.375084	0.288784
0.2	0.201339	0.244505	0.948515	-0.429766	0.892213	-0.138766	-0.880207	-0.3797	0.284717
0.233333	0.203004	0.233965	0.950815	-0.429814	0.893775	-0.128162	-0.879801	-0.382657	0.282001
0.266667	0.203686	0.225359	0.952746	-0.429398	0.895117	-0.119927	-0.879846	-0.38468	0.279092
0.3	0.204264	0.218569	0.954203	-0.428978	0.896163	-0.113444	-0.879917	-0.38616	0.276815
0.333333	0.205012	0.213305	0.955233	-0.428929	0.896834	-0.108208	-0.879767	-0.387543	0.275355
0.366667	0.205809	0.209229	0.955963	-0.428625	0.89746	-0.104146	-0.879729	-0.388316	0.274386
0.4	0.206503	0.205913	0.956533	-0.428419	0.897939	-0.100809	-0.879667	-0.38898	0.273644
0.433333	0.207059	0.203505	0.956929	-0.428273	0.89828	-0.0983631	-0.879607	-0.38946	0.273153
0.466667	0.208228	0.201665	0.957064	-0.42818	0.898561	-0.0961789	-0.879377	-0.389768	0.273454
0.5	0.209042	0.200402	0.957152	-0.427726	0.898924	-0.0947956	-0.879404	-0.389583	0.27363
0.533333	0.209891	0.199363	0.957183	-0.427094	0.899343	-0.0936631	-0.879509	-0.389148	0.273911
0.566667	0.210704	0.199875	0.956898	-0.427612	0.899099	-0.0936434	-0.879063	-0.38945	0.274913
0.6	0.211684	0.202028	0.956229	-0.428413	0.898574	-0.0950076	-0.878437	-0.38955	0.276765
0.633333	0.212778	0.201669	0.956062	-0.427981	0.89885	-0.0943508	-0.878384	-0.3891	0.277566
0.666667	0.213965	0.202506	0.95562	-0.427974	0.898821	-0.0946454	-0.878098	-0.38873	0.278984
0.7	0.215227	0.204547	0.954902	-0.428589	0.898402	-0.0958441	-0.87749	-0.388632	0.281027
0.733333	0.217057	0.204081	0.954587	-0.427772	0.89889	-0.0949054	-0.877438	-0.387746	0.282411
0.766667	0.21844	0.203624	0.95437	-0.427912	0.898934	-0.0938536	-0.877026	-0.387885	0.283496
0.8	0.219474	0.20329	0.954204	-0.429484	0.898314	-0.0925988	-0.875999	-0.389493	0.284466
0.833333	0.22034	0.201975	0.954283	-0.431988	0.897359	-0.0901826	-0.874549	-0.392368	0.284975
0.866667	0.221814	0.200467	0.95426	-0.43423	0.896551	-0.0874088	-0.873065	-0.394979	0.285916
0.9	0.223952	0.199366	0.953991	-0.435102	0.896343	-0.0851774	-0.872085	-0.396007	0.287483
0.933333	0.225886	0.198686	0.953677	-0.435458	0.896319	-0.083595	-0.871408	-0.396403	0.288985
0.966667	0.226709	0.197428	0.953743	-0.436048	0.896192	-0.0818648	-0.870899	-0.397318	0.289263
1	0.227975	0.195555	0.953827	-0.437623	0.895678	-0.0790365	-0.869778	-0.399398	0.289771
1.03333	0.228938	0.191998	0.954319	-0.440903	0.894484	-0.0741891	-0.867867	-0.403777	0.289434
1.06667	0.230794	0.185587	0.95514	-0.446814	0.892233	-0.0653989	-0.864344	-0.411676	0.288845
1.1	0.233727	0.176159	0.956211	-0.452052	0.890383	-0.0535367	-0.860825	-0.419745	0.28774
1.13333	0.237943	0.163827	0.957363	-0.4565	0.888884	-0.0386505	-0.857316	-0.427839	0.286291
1.16667	0.243394	0.149466	0.958342	-0.461534	0.886871	-0.0211018	-0.85308	-0.437171	0.284843
1.2	0.24919	0.131584	0.959474	-0.466084	0.884741	-0.000286382	-0.848923	-0.447124	0.281797
1.23333	0.253091	0.10895	0.961288	-0.472415	0.881035	0.0245241	-0.844256	-0.460334	0.274451
1.26667	0.253747	0.0765191	0.964239	-0.485321	0.872377	0.0584868	-0.836705	-0.482807	0.258499
1.3	0.248458	0.0262323	0.968288	-0.509775	0.853542	0.107682	-0.823649	-0.520363	0.225442
1.33333	0.231596	-0.0649189	0.970643	-0.558374	0.808173	0.187281	-0.796606	-0.585356	0.150921
1.36667	0.186273	-0.227772	0.955731	-0.646731	0.703864	0.293795	-0.739623	-0.672827	-0.0161968
1.4	0.141898	-0.458013	0.877547	-0.787088	0.48541	0.380618	-0.600298	-0.744716	-0.291618
1.43333	0.180381	-0.663484	0.726121	-0.886916	0.209456	0.411714	-0.425256	-0.718274	-0.550673
1.46667	0.220557	-0.768976	0.600025	-0.916939	0.0462629	0.396337	-0.332532	-0.637601	-0.694901
1.5	0.212953	-0.818002	0.534344	-0.925891	0.00571616	0.377748	-0.312053	-0.575187	-0.756163
1.53333	0.18271	-0.84185	0.507844	-0.92514	0.0276145	0.37862	-0.332765	-0.539005	-0.773784
1.56667	0.166561	-0.858865	0.484365	-0.901914	0.0658273	0.42687	-0.398508	-0.507955	-0.763658
1.6	0.119544	-0.870636	0.477182	-0.847079	0.161248	0.506414	-0.517847	-0.46475	-0.718221
1.63333	0.065031	-0.872331	0.484571	-0.768261	0.26613	0.582194	-0.636825	-0.410137	-0.652871
1.66667	0.0434175	-0.879622	0.473687	-0.68672	0.318092	0.653631	-0.725624	-0.353669	-0.590243
1.7	0.00763587	-0.889463	0.456943	-0.665203	0.336666	0.666454	-0.746624	-0.309049	-0.589103
1.73333	0.00605438	-0.902224	0.431225	-0.727305	0.291982	0.621107	-0.686287	-0.317392	-0.654425
1.76667	0.0201921	-0.90983	0.41449	-0.793953	0.237373	0.559726	-0.607644	-0.340388	-0.717569
1.8	0.0351343	-0.918383	0.39413	-0.808644	0.205613	0.551197	-0.587248	-0.338077	-0.735421
1.83333	0.0598782	-0.921666	0.383336	-0.800639	0.185002	0.569869	-0.596147	-0.341036	-0.726845
1.86667	0.0710628	-0.916828	0.392907	-0.757936	0.20644	0.618801	-0.648446	-0.341772	-0.680227
1.9	0.0921257	-0.88686	0.45276	-0.696133	0.267752	0.666114	-0.711977	-0.376548	-0.592706
1.93333	0.12585	-0.814886	0.565794	-0.649067	0.363683	0.668167	-0.750249	-0.451327	-0.483146
1.96667	0.171794	-0.698878	0.694303	-0.603432	0.482434	0.634923	-0.778689	-0.528041	-0.338846
2	0.206588	-0.556099	0.805031	-0.55617	0.610183	0.564227	-0.804982	-0.564297	-0.183229
2.03333	0.246535	-0.422188	0.87234	-0.514754	0.70561	0.486972	-0.821126	-0.569097	-0.0433658
2.06667	0.297047	-0.315665	0.901176	-0.479715	0.766692	0.426682	-0.825613	-0.559052	0.0763146
2.1	0.345138	-0.239357	0.907518	-0.436321	0.815175	0.380938	-0.830966	-0.527446	0.176911
2.13333	0.374047	-0.191286	0.907468	-0.406602	0.845616	0.345845	-0.833525	-0.49834	0.238522
2.16667	0.363935	-0.16205	0.917219	-0.413647	0.854192	0.315042	-0.834534	-0.49406	0.243839
2.2	0.305382	-0.150272	0.940298	-0.455029	0.844402	0.282727	-0.836475	-0.514203	0.189487
2.23333	0.191005	-0.14642	0.970607	-0.490759	0.842113	0.223612	-0.850102	-0.519045	0.0889906
2.26667	0.00460673	-0.151552	0.988439	-0.53856	0.832475	0.130149	-0.842575	-0.532933	-0.0777847
2.3	-0.250261	-0.222422	0.942283	-0.674603	0.738164	-0.00492705	-0.694464	-0.636901	-0.33478
2.33333	-0.252108	-0.463235	0.84962	-0.912939	0.405012	-0.0500738	-0.320911	-0.788276	-0.525012
2.36667	-0.164134	-0.604117	0.77981	-0.984618	0.148339	-0.0923234	-0.0599024	-0.782968	-0.619171
2.4	-0.0994744	-0.668493	0.737036	-0.995	0.0601974	-0.0796915	0.00890553	-0.741278	-0.671139
2.43333	-0.0526118	-0.704713	0.707539	-0.998602	0.04081	-0.033608	-0.00519066	-0.708318	-0.705875
2.46667	-0.0027995	-0.732419	0.680849	-0.999001	0.032417	0.0307647	-0.0446037	-0.680082	-0.731778
2.5	0.0311941	-0.749827	0.660898	-0.99474	0.0412541	0.0937564	-0.0975658	-0.660346	-0.744596
2.53333	0.0523089	-0.762729	0.644599	-0.979414	0.0868365	0.182229	-0.194966	-0.640862	-0.742485
2.56667	0.0437848	-0.771479	0.634746	-0.931665	0.197843	0.304728	-0.360671	-0.604713	-0.710098
2.6	-0.00270929	-0.759095	0.650974	-0.802897	0.389707	0.451093	-0.596112	-0.521442	-0.610531
2.63333	-0.0036388	-0.744869	0.667201	-0.58836	0.541094	0.600874	-0.808591	-0.390368	-0.44022
2.66667	0.0276633	-0.724188	0.689047	-0.52615	0.57555	0.626026	-0.849942	-0.37986	-0.36511
2.7	-0.0458673	-0.709938	0.702769	-0.577219	0.593012	0.561387	-0.815301	-0.379902	-0.436989
2.73333	-0.130552	-0.673493	0.727573	-0.557226	0.656824	0.508017	-0.820034	-0.3391	-0.461038
2.76667	-0.0699421	-0.686513	0.723746	-0.651095	0.581088	0.488274	-0.755766	-0.437076	-0.487628
2.8	-0.00754499	-0.676075	0.736794	-0.664885	0.55374	0.501298	-0.746907	-0.486101	-0.453691
2.83333	0.0441257	-0.639712	0.767347	-0.633213	0.576191	0.516764	-0.772718	-0.508697	-0.379649
2.86667	0.0879816	-0.571994	0.815526	-0.599123	0.623679	0.502072	-0.795808	-0.532773	-0.287823
2.9	0.135814	-0.474711	0.8696	-0.563534	0.684896	0.461895	-0.814852	-0.552781	-0.174498
2.93333	0.183772	-0.371201	0.910185	-0.528609	0.743346	0.409889	-0.828734	-0.556458	-0.0596143
2.96667	0.236549	-0.274002	0.932184	-0.491849	0.793636	0.358088	-0.837932	-0.543199	0.052966
3	0.282447	-0.203219	0.937511	-0.447458	0.836561	0.316144	-0.848531	-0.50879	0.145352
3.03333	0.297902	-0.161954	0.940758	-0.429882	0.857159	0.28369	-0.852324	-0.488927	0.185728
3.06667	0.277432	-0.147218	0.949399	-0.442465	0.857576	0.262276	-0.852793	-0.49284	0.17278
3.1	0.203999	-0.152322	0.967048	-0.48147	0.844486	0.234583	-0.852391	-0.51346	0.0989357
3.13333	0.0550578	-0.182778	0.981611	-0.562431	0.806624	0.181742	-0.825009	-0.562095	-0.0583893
3.16667	-0.162566	-0.259251	0.95203	-0.718608	0.692294	0.0658134	-0.676147	-0.673438	-0.298844
3.2	-0.186236	-0.454214	0.87121	-0.921231	0.388973	0.00586626	-0.341541	-0.801492	-0.490876
3.23333	-0.121252	-0.58661	0.800742	-0.989594	0.134397	-0.0513925	-0.0774696	-0.798641	-0.596801
3.26667	-0.047993	-0.6575	0.751924	-0.998847	0.0310863	-0.0365708	0.00067079	-0.752813	-0.658234
3.3	0.01105	-0.702112	0.711981	-0.999926	-0.0113347	0.00434132	0.00502198	-0.711977	-0.702185
3.33333	0.0631275	-0.729422	0.681145	-0.997823	-0.0330948	0.0570363	-0.0190611	-0.683263	-0.729923
3.36667	0.086728	-0.739229	0.667846	-0.991583	0.000630636	0.129467	-0.0961271	-0.673454	-0.732953
3.4	0.080041	-0.735633	0.672635	-0.969494	0.0993868	0.224061	-0.231678	-0.67005	-0.705236
3.43333	0.0279009	-0.704103	0.709549	-0.902923	0.286808	0.320112	-0.428896	-0.6496	-0.627749
3.46667	0.024075	-0.665109	0.746358	-0.736741	0.492837	0.462952	-0.675747	-0.561018	-0.478148
3.5	0.0470832	-0.638919	0.767832	-0.549707	0.625244	0.553979	-0.83403	-0.448165	-0.32178
3.53333	0.031394	-0.593493	0.804227	-0.518057	0.678445	0.520893	-0.85477	-0.432988	-0.286164
3.56667	-0.112976	-0.579708	0.806954	-0.546243	0.714647	0.43692	-0.829973	-0.391431	-0.397399
3.6	-0.145759	-0.546786	0.824487	-0.571812	0.726646	0.38081	-0.807332	-0.415945	-0.418575
3.63333	-0.0890924	-0.529578	0.843569	-0.612833	0.696794	0.372712	-0.785174	-0.483761	-0.386622
3.66667	-0.024242	-0.519545	0.854099	-0.635222	0.667714	0.388138	-0.771949	-0.533133	-0.346213
3.7	0.0282951	-0.482773	0.875288	-0.613603	0.682862	0.396474	-0.789108	-0.548297	-0.276909
3.73333	0.0728949	-0.413235	0.907702	-0.575884	0.725628	0.376592	-0.814275	-0.550183	-0.185081
3.76667	0.12331	-0.313377	0.941589	-0.529494	0.781704	0.329507	-0.839304	-0.539197	-0.0695389
3.8	0.175493	-0.203764	0.963163	-0.48074	0.836032	0.264462	-0.859123	-0.509442	0.0487602
3.83333	0.222163	-0.115949	0.968091	-0.445253	0.87126	0.206531	-0.867406	-0.476929	0.141935
3.86667	0.254682	-0.0610987	0.965093	-0.430116	0.886692	0.16964	-0.866105	-0.458306	0.199545
3.9	0.274144	-0.030197	0.961214	-0.430625	0.889848	0.150772	-0.859888	-0.455257	0.230943
3.93333	0.26469	-0.0263151	0.963974	-0.453869	0.878589	0.148609	-0.850848	-0.476854	0.22061
3.96667	0.220312	-0.0457883	0.974354	-0.492124	0.85723	0.151559	-0.842186	-0.512893	0.166325
4	0.112167	-0.104195	0.988211	-0.565582	0.81099	0.149706	-0.817028	-0.575707	0.0320355
4.03333	-0.0531282	-0.219166	0.97424	-0.729216	0.675041	0.112092	-0.682218	-0.704476	-0.195683
4.06667	-0.111782	-0.405971	0.907024	-0.915232	0.397621	0.0651765	-0.387111	-0.822852	-0.416005
4.1	-0.0636027	-0.540309	0.839059	-0.99409	0.108417	-0.00554	-0.0879746	-0.834453	-0.544012
4.13333	-0.0327857	-0.605128	0.795453	-0.998987	-0.00471229	-0.0447594	0.0308336	-0.796114	-0.60436
4.16667	-0.00111308	-0.644691	0.764442	-0.998566	-0.0401953	-0.0353527	0.0535186	-0.763385	-0.643722
4.2	0.0477548	-0.678924	0.732654	-0.998241	-0.0582485	0.0110891	0.0351474	-0.731895	-0.680511
4.23333	0.107585	-0.713217	0.692637	-0.99395	-0.0616582	0.0908959	-0.0221217	-0.698226	-0.715536
4.26667	0.152918	-0.746185	0.647939	-0.983801	-0.0528803	0.171285	-0.0935467	-0.663636	-0.742184
4.3	0.113135	-0.772071	0.625385	-0.969435	0.0521398	0.239745	-0.217708	-0.633394	-0.742574
4.33333	0.0287652	-0.748117	0.662943	-0.863386	0.315621	0.393634	-0.503723	-0.583699	-0.636835
4.36667	0.0495973	-0.663967	0.746115	-0.658828	0.539708	0.524081	-0.750657	-0.517554	-0.410672
4.4	0.112418	-0.579763	0.806993	-0.484752	0.676945	0.553861	-0.867397	-0.453455	-0.20494
4.43333	0.0466611	-0.497508	0.866204	-0.464999	0.756647	0.459632	-0.884081	-0.42423	-0.196034
4.46667	-0.143779	-0.341385	0.928862	-0.398982	0.878946	0.26128	-0.905616	-0.333033	-0.262581
4.5	-0.127369	-0.245694	0.960943	-0.410019	0.89522	0.174544	-0.90314	-0.371774	-0.214763
4.53333	-0.0586781	-0.138177	0.988668	-0.426392	0.898957	0.100332	-0.902633	-0.415673	-0.111667
