0	0.965573	-0.260132	0	0.260132	0.965573	0	0	0	1
0.0333333	0.875807	-0.479324	-0.0566663	0.478292	0.877638	-0.0314341	0.0647996	0.000427172	0.997898
0.0666667	0.819478	-0.551478	-0.155972	0.543844	0.834135	-0.0919336	0.180801	-0.00948685	0.983474
0.1	0.77125	-0.589472	-0.2402	0.570145	0.807531	-0.151091	0.283033	-0.0204198	0.958893
0.133333	0.728691	-0.613143	-0.305066	0.580114	0.789379	-0.200871	0.363975	-0.0306005	0.930906
0.166667	0.692609	-0.629062	-0.35295	0.582794	0.776354	-0.240052	0.425022	-0.0394344	0.904324
0.2	0.662612	-0.639879	-0.38923	0.581428	0.767062	-0.271215	0.472108	-0.0465991	0.880308
0.233333	0.639461	-0.647825	-0.41402	0.58	0.759974	-0.293326	0.504668	-0.0525612	0.861712
0.266667	0.620809	-0.654121	-0.432114	0.578903	0.754184	-0.309963	0.528647	-0.0577242	0.846877
0.3	0.606208	-0.658842	-0.445465	0.577807	0.749734	-0.32255	0.54649	-0.0618607	0.835178
0.333333	0.594707	-0.662339	-0.455665	0.576602	0.746372	-0.332354	0.560227	-0.0650839	0.825778
0.366667	0.58529	-0.665129	-0.463723	0.575531	0.743648	-0.340222	0.571138	-0.0677586	0.818053
0.4	0.577612	-0.667097	-0.470475	0.574056	0.741703	-0.346896	0.580365	-0.0697079	0.811367
0.433333	0.571981	-0.668466	-0.475384	0.572838	0.740336	-0.351793	0.587106	-0.071099	0.806382
0.466667	0.567791	-0.669458	-0.478998	0.571883	0.73934	-0.355423	0.592083	-0.072125	0.802643
0.5	0.565201	-0.669872	-0.481477	0.570862	0.738923	-0.357924	0.595538	-0.0725583	0.800044
0.533333	0.563923	-0.66958	-0.483378	0.569272	0.739218	-0.359843	0.598265	-0.0722496	0.798035
0.566667	0.562752	-0.669627	-0.484675	0.568504	0.73917	-0.361153	0.600095	-0.0723002	0.796655
0.6	0.562446	-0.669323	-0.485449	0.567607	0.739477	-0.361935	0.60123	-0.0719756	0.795828
0.633333	0.562303	-0.668894	-0.486206	0.566554	0.73991	-0.362698	0.602355	-0.071516	0.795018
0.666667	0.561992	-0.668734	-0.486785	0.56597	0.740071	-0.363281	0.603194	-0.0713444	0.794397
0.7	0.561962	-0.668514	-0.487122	0.565462	0.740292	-0.36362	0.603698	-0.0711084	0.794036
0.733333	0.562688	-0.668168	-0.486758	0.565243	0.74064	-0.363254	0.603227	-0.0707375	0.794426
0.766667	0.563849	-0.667687	-0.486074	0.56505	0.741123	-0.362568	0.602323	-0.0702225	0.795158
0.8	0.565616	-0.667017	-0.484939	0.564898	0.741793	-0.361433	0.600806	-0.0695093	0.796367
0.833333	0.568947	-0.665672	-0.482888	0.564441	0.743132	-0.35939	0.598085	-0.0680878	0.798535
0.866667	0.573559	-0.663811	-0.479985	0.563837	0.74497	-0.356523	0.594238	-0.0661462	0.801565
0.9	0.577925	-0.662357	-0.476745	0.563951	0.746394	-0.353349	0.589883	-0.0646515	0.804896
0.933333	0.582415	-0.660747	-0.473504	0.563844	0.747958	-0.350199	0.585554	-0.063021	0.80818
0.966667	0.585777	-0.659407	-0.47122	0.56349	0.749252	-0.347995	0.582532	-0.0616803	0.810464
1	0.58834	-0.657814	-0.470252	0.562028	0.750779	-0.347067	0.581361	-0.0601009	0.811423
1.03333	0.58877	-0.656981	-0.470877	0.560596	0.751573	-0.347664	0.582307	-0.059278	0.810805
1.06667	0.587436	-0.657812	-0.471383	0.561358	0.750781	-0.348147	0.58292	-0.0601008	0.810303
1.1	0.585755	-0.658018	-0.473184	0.56055	0.750584	-0.349868	0.585384	-0.0603061	0.80851
1.13333	0.58226	-0.65962	-0.475263	0.561358	0.749045	-0.351865	0.58809	-0.0619158	0.806422
1.16667	0.576868	-0.662417	-0.47794	0.563336	0.74633	-0.354462	0.591503	-0.0647631	0.803697
1.2	0.570599	-0.665748	-0.480828	0.565868	0.743053	-0.357304	0.595156	-0.0682076	0.800711
1.23333	0.560306	-0.672421	-0.48364	0.572814	0.736334	-0.360134	0.598282	-0.0752509	0.797744
1.26667	0.550351	-0.677147	-0.488452	0.57592	0.731445	-0.365108	0.604508	-0.0803718	0.792534
1.3	0.536192	-0.684757	-0.493565	0.582651	0.723331	-0.370554	0.61075	-0.0888879	0.786818
1.33333	0.517366	-0.693372	-0.501566	0.588713	0.713751	-0.379442	0.621088	-0.0989686	0.777467
1.36667	0.489805	-0.705433	-0.512304	0.597425	0.699545	-0.392072	0.63496	-0.114024	0.764084
1.4	0.459763	-0.717369	-0.523451	0.605457	0.684424	-0.406185	0.649646	-0.130178	0.749008
1.43333	0.438538	-0.725605	-0.530266	0.611662	0.673266	-0.41543	0.658448	-0.142161	0.739078
1.46667	0.435529	-0.727247	-0.530495	0.613968	0.670963	-0.415754	0.658299	-0.144634	0.738731
1.5	0.441046	-0.726555	-0.526875	0.616319	0.671936	-0.410673	0.652402	-0.143598	0.744144
1.53333	0.456628	-0.725105	-0.515475	0.624371	0.673941	-0.394923	0.63376	-0.141514	0.760475
1.56667	0.475349	-0.724583	-0.499023	0.637164	0.674648	-0.372655	0.606684	-0.140818	0.782371
1.6	0.48832	-0.731055	-0.476552	0.662857	0.665912	-0.342318	0.567595	-0.148725	0.809764
1.63333	0.496055	-0.740951	-0.452682	0.691935	0.652286	-0.309432	0.524553	-0.159732	0.83626
1.66667	0.498361	-0.753139	-0.429439	0.721419	0.634959	-0.276372	0.480823	-0.172073	0.859768
1.7	0.494069	-0.76844	-0.406688	0.752547	0.612232	-0.242579	0.435395	-0.186201	0.880773
1.73333	0.478592	-0.789985	-0.383241	0.789688	0.578084	-0.205457	0.383853	-0.204311	0.900508
1.76667	0.450603	-0.817449	-0.358796	0.832093	0.530175	-0.162899	0.323386	-0.225149	0.919092
1.8	0.41649	-0.845105	-0.335161	0.871761	0.47586	-0.116578	0.25801	-0.243627	0.934921
1.83333	0.374451	-0.870057	-0.320604	0.903684	0.419879	-0.0840092	0.207708	-0.258268	0.94348
1.86667	0.336687	-0.886251	-0.31812	0.922421	0.378299	-0.0776444	0.189157	-0.267298	0.944866
1.9	0.323372	-0.88916	-0.323768	0.924248	0.370172	-0.0934812	0.202969	-0.269012	0.941507
1.93333	0.350207	-0.874694	-0.335061	0.903796	0.409496	-0.124359	0.245982	-0.259275	0.933953
1.96667	0.408249	-0.842403	-0.351695	0.859315	0.484651	-0.163372	0.308074	-0.23552	0.921748
2	0.461407	-0.80244	-0.37841	0.799554	0.560946	-0.214597	0.384469	-0.203543	0.900419
2.03333	0.485347	-0.767627	-0.418555	0.735204	0.617407	-0.279794	0.473195	-0.171926	0.864018
2.06667	0.471033	-0.746629	-0.469758	0.673414	0.648334	-0.355214	0.569773	-0.149024	0.808177
2.1	0.415285	-0.741928	-0.526386	0.615744	0.655194	-0.437698	0.669625	-0.142349	0.72893
2.13333	0.330286	-0.746436	-0.577706	0.557089	0.648241	-0.519072	0.761947	-0.150392	0.629936
2.16667	0.230739	-0.752611	-0.616714	0.492216	0.637021	-0.593234	0.839335	-0.166675	0.517433
2.2	0.143796	-0.754464	-0.640395	0.416714	0.633114	-0.652316	0.897593	-0.173061	0.405435
2.23333	0.093703	-0.752521	-0.651868	0.33849	0.639825	-0.689962	0.936293	-0.155999	0.314675
2.26667	0.0651899	-0.751473	-0.656535	0.287964	0.644111	-0.708659	0.95542	-0.142861	0.258386
2.3	0.0725955	-0.750108	-0.657318	0.267583	0.649543	-0.711683	0.960796	-0.124222	0.24787
2.33333	0.122392	-0.747346	-0.653065	0.279783	0.657306	-0.699765	0.95223	-0.0970709	0.289544
2.36667	0.215836	-0.740072	-0.636953	0.316235	0.670151	-0.671486	0.923802	-0.0564964	0.378679
2.4	0.344594	-0.719836	-0.602571	0.346878	0.694094	-0.6308	0.872313	0.00835133	0.488876
2.43333	0.461915	-0.693638	-0.552721	0.376221	0.717582	-0.586118	0.803176	0.0627912	0.592423
2.46667	0.554989	-0.673808	-0.487821	0.419542	0.733103	-0.535298	0.718311	0.0924231	0.689556
2.5	0.630226	-0.663209	-0.403694	0.477922	0.741144	-0.471482	0.611887	0.104206	0.784051
2.53333	0.669604	-0.671305	-0.317773	0.545022	0.734782	-0.40379	0.50456	0.0971862	0.85789
2.56667	0.665654	-0.703233	-0.249736	0.617633	0.706982	-0.344537	0.418849	0.0750971	0.904945
2.6	0.634907	-0.745518	-0.202722	0.685449	0.664618	-0.297394	0.356446	0.0498618	0.932985
2.63333	0.622795	-0.764887	-0.164545	0.722505	0.642959	-0.254145	0.300188	0.0393954	0.953066
2.66667	0.652943	-0.745815	-0.132009	0.715283	0.664505	-0.21634	0.24907	0.046834	0.967352
2.7	0.684746	-0.721034	-0.105988	0.698196	0.690723	-0.188211	0.208915	0.0548764	0.976393
2.73333	0.687744	-0.720032	-0.0925325	0.700745	0.691745	-0.174483	0.189642	0.0551578	0.980303
2.76667	0.674598	-0.731593	-0.0984337	0.710843	0.679766	-0.180613	0.199047	0.0518703	0.978616
2.8	0.670396	-0.731742	-0.12298	0.703967	0.679618	-0.206276	0.23452	0.0517127	0.970735
2.83333	0.681802	-0.713277	-0.162424	0.672045	0.698426	-0.246082	0.288966	0.0586237	0.955543
2.86667	0.700393	-0.681317	-0.212737	0.619539	0.728312	-0.292802	0.35443	0.0732775	0.932207
2.9	0.700249	-0.657751	-0.277515	0.565259	0.748279	-0.347219	0.436042	0.0862719	0.895781
2.93333	0.658912	-0.661546	-0.358038	0.52488	0.7453	-0.411131	0.538828	0.0829721	0.83832
2.96667	0.556658	-0.69626	-0.45316	0.496738	0.716197	-0.490217	0.665871	0.0477816	0.744536
3	0.411816	-0.734233	-0.539732	0.456107	0.678836	-0.575455	0.788907	-0.00919367	0.614444
3.03333	0.282928	-0.749633	-0.598333	0.380715	0.660346	-0.647302	0.880345	-0.0446547	0.472227
3.06667	0.186673	-0.750862	-0.633529	0.279637	0.6588	-0.698417	0.941784	-0.0467826	0.332949
3.1	0.11452	-0.750365	-0.651028	0.191443	0.659725	-0.726713	0.9748	-0.0414115	0.219204
3.13333	0.0712247	-0.750715	-0.656775	0.147689	0.659127	-0.737387	0.986466	-0.0444786	0.157819
3.16667	0.086942	-0.750239	-0.655426	0.156636	0.660028	-0.73473	0.983822	-0.0387846	0.174899
3.2	0.142242	-0.74966	-0.646357	0.210675	0.660963	-0.720239	0.967152	-0.033723	0.251951
3.23333	0.235364	-0.746809	-0.621997	0.291457	0.664756	-0.687861	0.927177	-0.0193874	0.374122
3.26667	0.363228	-0.731768	-0.576699	0.358415	0.681088	-0.638481	0.860002	0.025216	0.509667
3.3	0.486904	-0.706934	-0.512999	0.409664	0.703545	-0.580688	0.771427	0.0725822	0.632165
3.33333	0.581013	-0.689262	-0.432831	0.468662	0.718117	-0.514455	0.665417	0.0960534	0.740266
3.36667	0.636715	-0.687866	-0.348474	0.533685	0.719301	-0.444732	0.556574	0.0971922	0.825093
3.4	0.647992	-0.707053	-0.283163	0.597419	0.702447	-0.386858	0.472436	0.0815137	0.877587
3.43333	0.65907	-0.711522	-0.243646	0.624803	0.698329	-0.349224	0.418625	0.0779324	0.904809
3.46667	0.716213	-0.664251	-0.214034	0.590239	0.740191	-0.322079	0.372367	0.104346	0.922201
3.5	0.778045	-0.601581	-0.18096	0.540129	0.787696	-0.296304	0.320792	0.132796	0.937794
3.53333	0.801937	-0.580209	-0.142318	0.532564	0.802252	-0.269753	0.270688	0.140532	0.952354
3.56667	0.790335	-0.600524	-0.121412	0.559745	0.788311	-0.255444	0.249111	0.133927	0.95917
3.6	0.76904	-0.62755	-0.121483	0.5867	0.768441	-0.255501	0.253692	0.125217	0.959146
3.63333	0.756833	-0.63881	-0.138297	0.592218	0.759748	-0.26844	0.276553	0.121262	0.953317
3.66667	0.759715	-0.629125	-0.16442	0.572918	0.767206	-0.288374	0.307567	0.124883	0.943295
3.7	0.770531	-0.60482	-0.201183	0.533846	0.784813	-0.314767	0.348268	0.135137	0.927603
3.73333	0.771073	-0.586107	-0.248847	0.494303	0.797331	-0.346306	0.401386	0.144022	0.904515
3.76667	0.743336	-0.591785	-0.311838	0.470024	0.793785	-0.385983	0.475951	0.140343	0.868202
3.8	0.679978	-0.623401	-0.386007	0.462491	0.773167	-0.433953	0.568975	0.116554	0.814053
3.83333	0.561131	-0.678299	-0.474386	0.463249	0.732306	-0.499127	0.685953	0.0603166	0.725141
3.86667	0.408674	-0.724265	-0.555361	0.440926	0.689449	-0.574669	0.799106	-0.0100202	0.601107
3.9	0.295472	-0.737394	-0.60741	0.375364	0.674273	-0.63597	0.87852	-0.0400884	0.47602
3.93333	0.22214	-0.736195	-0.639273	0.289283	0.675897	-0.677849	0.931112	-0.0343536	0.363112
3.96667	0.181596	-0.731241	-0.657502	0.20866	0.682047	-0.700908	0.960981	-0.00991237	0.276438
4	0.16616	-0.726374	-0.666912	0.150687	0.687074	-0.71079	0.974517	0.0176102	0.22362
4.03333	0.162789	-0.723572	-0.670778	0.122212	0.689398	-0.713999	0.979063	0.0342537	0.200656
4.06667	0.168727	-0.724158	-0.668675	0.133685	0.688945	-0.712378	0.976555	0.030806	0.213053
4.1	0.192541	-0.727861	-0.658138	0.188508	0.685631	-0.703118	0.963012	0.0113148	0.26922
4.13333	0.243993	-0.72994	-0.638478	0.256642	0.683505	-0.683342	0.935202	0.0028706	0.354104
4.16667	0.325474	-0.723926	-0.608274	0.312709	0.689513	-0.653288	0.892345	0.0224155	0.450796
4.2	0.41906	-0.709469	-0.566607	0.35668	0.702511	-0.615839	0.834966	0.0559762	0.547447
4.23333	0.506512	-0.695259	-0.509961	0.407593	0.714257	-0.56895	0.759811	0.0803234	0.645163
4.26667	0.594237	-0.679669	-0.430037	0.46544	0.726654	-0.505311	0.655933	0.100118	0.74815
4.3	0.648864	-0.676131	-0.349031	0.52316	0.729506	-0.440596	0.552521	0.103289	0.827075
4.33333	0.668448	-0.6894	-0.279116	0.5816	0.718419	-0.381596	0.463594	0.0927436	0.88118
4.36667	0.677462	-0.701013	-0.222771	0.624024	0.708081	-0.330478	0.389409	0.0848716	0.917146
4.4	0.70942	-0.681468	-0.179788	0.623428	0.725748	-0.290908	0.328726	0.0942911	0.939707
4.43333	0.765311	-0.62659	-0.147256	0.58023	0.770628	-0.263564	0.278626	0.116266	0.953336
4.46667	0.814697	-0.56584	-0.126858	0.526019	0.813195	-0.249034	0.244074	0.136157	0.960151
4.5	0.842989	-0.522996	-0.125875	0.483606	0.839291	-0.248426	0.235571	0.148546	0.960438
4.53333	0.854836	-0.497845	-0.146307	0.452409	0.85315	-0.259734	0.25413	0.155839	0.954532
