0	0.96308	-0.269216	0	0.269216	0.96308	0	0	0	1
0.0333333	0.964594	-0.211237	-0.157916	0.205808	0.977306	-0.0501684	0.164929	0.0158919	0.986177
0.0666667	0.959038	-0.0135468	-0.282952	-0.0048088	0.997933	-0.0640768	0.283235	0.0628128	0.956991
0.1	0.921951	0.152732	-0.355921	-0.18461	0.981148	-0.0571703	0.340479	0.118415	0.932766
0.133333	0.875431	0.280463	-0.393652	-0.323751	0.944988	-0.0467098	0.358896	0.168337	0.918072
0.166667	0.832204	0.372875	-0.410366	-0.424718	0.904465	-0.0394764	0.356442	0.207142	0.911066
0.2	0.797642	0.437419	-0.415249	-0.495154	0.868027	-0.0367587	0.344369	0.234933	0.908965
0.233333	0.771373	0.482008	-0.415514	-0.54367	0.838501	-0.0366005	0.330767	0.254135	0.90885
0.266667	0.752545	0.512495	-0.41355	-0.576678	0.816085	-0.0380514	0.317991	0.267121	0.909686
0.3	0.738974	0.533019	-0.412078	-0.598839	0.799909	-0.0392155	0.308723	0.275748	0.910304
0.333333	0.72941	0.546729	-0.411154	-0.613622	0.788587	-0.0399808	0.302372	0.281456	0.910689
0.366667	0.722577	0.556116	-0.410631	-0.623737	0.780588	-0.0404278	0.298051	0.285338	0.910905
0.4	0.718075	0.561895	-0.410661	-0.629982	0.775558	-0.0404022	0.29579	0.287721	0.910892
0.433333	0.714923	0.566324	-0.410075	-0.634731	0.771649	-0.0409196	0.293261	0.289542	0.911133
0.466667	0.712896	0.569045	-0.409839	-0.637653	0.769225	-0.0411307	0.291853	0.290657	0.91123
0.5	0.711733	0.570985	-0.409161	-0.639707	0.767485	-0.0417384	0.290193	0.29145	0.911507
0.533333	0.711321	0.572038	-0.408405	-0.640797	0.766537	-0.0424189	0.288792	0.291878	0.911815
0.566667	0.711446	0.572541	-0.407482	-0.641284	0.766084	-0.0432507	0.287402	0.292082	0.912189
0.6	0.711783	0.572603	-0.406805	-0.641309	0.766028	-0.0438608	0.286509	0.292107	0.912462
0.633333	0.712588	0.572332	-0.405776	-0.640953	0.766272	-0.0447868	0.285302	0.291998	0.912875
0.666667	0.713632	0.572007	-0.404397	-0.640516	0.766564	-0.0460257	0.283669	0.291868	0.913425
0.7	0.714771	0.571752	-0.402743	-0.640134	0.766793	-0.047509	0.281657	0.291767	0.914079
0.733333	0.715394	0.571981	-0.40131	-0.640283	0.766588	-0.0487916	0.279732	0.291857	0.914642
0.766667	0.716513	0.571515	-0.399974	-0.639692	0.767004	-0.0499857	0.278214	0.291676	0.915162
0.8	0.71821	0.570235	-0.398756	-0.638236	0.768145	-0.051071	0.27718	0.29118	0.915634
0.833333	0.71947	0.569204	-0.397957	-0.637077	0.769059	-0.0517792	0.27658	0.290783	0.915942
0.866667	0.720307	0.568558	-0.397365	-0.636344	0.76963	-0.0523036	0.276086	0.290535	0.916169
0.9	0.720804	0.568178	-0.397009	-0.635911	0.769966	-0.0526174	0.275788	0.290389	0.916305
0.933333	0.720498	0.568458	-0.397162	-0.636222	0.769718	-0.0524826	0.275869	0.290497	0.916247
0.966667	0.720335	0.568664	-0.397163	-0.636442	0.769537	-0.0524815	0.275787	0.290576	0.916246
1	0.720756	0.568087	-0.397225	-0.63583	0.770047	-0.0524267	0.276099	0.290355	0.916222
1.03333	0.721649	0.567765	-0.396063	-0.635402	0.77033	-0.0534513	0.274751	0.290232	0.916666
1.06667	0.722669	0.567093	-0.395165	-0.634617	0.770921	-0.0542408	0.273881	0.289976	0.917007
1.1	0.724505	0.565972	-0.393406	-0.633288	0.771903	-0.055782	0.2721	0.289553	0.917671
1.13333	0.725704	0.565558	-0.391788	-0.632721	0.772265	-0.0571941	0.270218	0.289399	0.918276
1.16667	0.727153	0.564822	-0.390159	-0.631809	0.772905	-0.0586123	0.26845	0.289126	0.91888
1.2	0.727721	0.564806	-0.389123	-0.631708	0.772919	-0.0595119	0.267148	0.28912	0.919261
1.23333	0.727891	0.565543	-0.387731	-0.632375	0.772279	-0.0607205	0.265097	0.28939	0.91977
1.26667	0.726414	0.567798	-0.387205	-0.634723	0.770314	-0.061179	0.263532	0.290209	0.919962
1.3	0.725843	0.569467	-0.385823	-0.636375	0.768853	-0.0623882	0.261113	0.290812	0.920461
1.33333	0.725968	0.571962	-0.381876	-0.638665	0.766662	-0.0658547	0.255104	0.291699	0.921864
1.36667	0.729868	0.572504	-0.373539	-0.63844	0.766186	-0.0731711	0.244309	0.291887	0.924724
1.4	0.742797	0.566027	-0.357585	-0.629942	0.771763	-0.0869191	0.226772	0.289821	0.929827
1.43333	0.764584	0.551949	-0.332812	-0.612225	0.783365	-0.107326	0.201475	0.285816	0.936866
1.46667	0.786159	0.538177	-0.303842	-0.593778	0.794087	-0.129819	0.171412	0.282473	0.943836
1.5	0.803891	0.526445	-0.276793	-0.577237	0.802736	-0.149711	0.143377	0.280127	0.949195
1.53333	0.821077	0.511096	-0.254193	-0.557584	0.813459	-0.165481	0.122199	0.277606	0.952891
1.56667	0.83751	0.490089	-0.241641	-0.534235	0.827289	-0.173739	0.11476	0.274601	0.954686
1.6	0.849691	0.469306	-0.240367	-0.513433	0.840194	-0.174529	0.120048	0.271708	0.954863
1.63333	0.853216	0.455647	-0.253786	-0.502576	0.848345	-0.166519	0.139424	0.269624	0.952819
1.66667	0.843043	0.455224	-0.286442	-0.508187	0.8486	-0.147048	0.176135	0.269534	0.946746
1.7	0.816638	0.471466	-0.3329	-0.532109	0.838427	-0.117904	0.223525	0.273424	0.935562
1.73333	0.775855	0.499906	-0.384894	-0.568216	0.818791	-0.081931	0.27419	0.282269	0.919317
1.76667	0.72237	0.535658	-0.437323	-0.61088	0.790682	-0.0405794	0.324047	0.296466	0.898388
1.8	0.658462	0.573921	-0.48687	-0.654956	0.75565	0.00496998	0.370756	0.315606	0.87346
1.83333	0.591658	0.609034	-0.528222	-0.694456	0.717812	0.0497725	0.409477	0.337379	0.847646
1.86667	0.545709	0.625014	-0.558176	-0.710734	0.698083	0.0868145	0.443913	0.349339	0.825168
1.9	0.542566	0.619475	-0.567338	-0.702026	0.705276	0.0987161	0.461282	0.344726	0.817547
1.93333	0.582447	0.597995	-0.550597	-0.677197	0.73163	0.0782408	0.449621	0.327292	0.831096
1.96667	0.642329	0.570454	-0.511855	-0.647215	0.761437	0.0364156	0.410519	0.30789	0.858299
2	0.707006	0.541748	-0.454589	-0.615053	0.7883	-0.0171277	0.349074	0.291706	0.890536
2.03333	0.758728	0.526911	-0.383009	-0.594436	0.800517	-0.0762752	0.266415	0.285547	0.92059
2.06667	0.791699	0.516301	-0.326567	-0.576338	0.808504	-0.118979	0.202602	0.282409	0.937655
2.1	0.810318	0.511742	-0.28549	-0.564883	0.811738	-0.148285	0.15586	0.281426	0.946841
2.13333	0.813453	0.521272	-0.25801	-0.569028	0.805082	-0.16748	0.120416	0.283052	0.951515
2.16667	0.800668	0.549003	-0.239845	-0.592432	0.785131	-0.180539	0.0891936	0.286644	0.953876
2.2	0.785597	0.577765	-0.221415	-0.616148	0.763215	-0.194589	0.05656	0.289293	0.955568
2.23333	0.772557	0.602576	-0.200145	-0.634591	0.7433	-0.211659	0.0212276	0.290529	0.956631
2.26667	0.76264	0.621728	-0.178422	-0.646691	0.727319	-0.22978	-0.0130909	0.290623	0.956748
2.3	0.767738	0.621396	-0.15635	-0.639478	0.727592	-0.24835	-0.0405647	0.29065	0.955969
2.33333	0.790708	0.595605	-0.141549	-0.610224	0.748278	-0.260205	-0.0490616	0.292123	0.955122
2.36667	0.821619	0.55407	-0.133974	-0.568422	0.778659	-0.26568	-0.0428858	0.294442	0.954707
2.4	0.851555	0.504539	-0.142459	-0.524031	0.811017	-0.260083	-0.0156851	0.296128	0.95502
2.43333	0.864535	0.471106	-0.175037	-0.501545	0.831008	-0.240581	0.0321181	0.29578	0.954716
2.46667	0.852043	0.46787	-0.234777	-0.51392	0.832933	-0.205205	0.0995437	0.2955	0.950143
2.5	0.816095	0.484637	-0.314826	-0.547788	0.822291	-0.154162	0.184166	0.298269	0.936546
2.53333	0.758224	0.512365	-0.403211	-0.590074	0.802305	-0.0901138	0.277327	0.30625	0.910659
2.56667	0.678052	0.546153	-0.491897	-0.633536	0.77358	-0.0143873	0.372664	0.32139	0.870534
2.6	0.580414	0.588098	-0.563258	-0.681116	0.729711	0.0600298	0.446319	0.348802	0.824097
2.63333	0.511805	0.627495	-0.586776	-0.729138	0.678479	0.0895834	0.454328	0.381991	0.804779
2.66667	0.509788	0.651251	-0.562129	-0.76367	0.643437	0.0528869	0.396137	0.40232	0.825357
2.7	0.528937	0.668128	-0.523289	-0.785899	0.618335	-0.00490175	0.320293	0.413845	0.852141
2.73333	0.554445	0.6697	-0.494057	-0.786208	0.616166	-0.0470836	0.272889	0.414537	0.868153
2.76667	0.585042	0.658111	-0.473937	-0.771399	0.631951	-0.0747085	0.250338	0.409302	0.877384
2.8	0.627118	0.627062	-0.462077	-0.736518	0.670435	-0.0897681	0.253502	0.396623	0.882285
2.83333	0.684786	0.573106	-0.450131	-0.677276	0.728511	-0.102803	0.269009	0.375261	0.887025
2.86667	0.744039	0.514418	-0.426357	-0.61148	0.781444	-0.124252	0.269256	0.353157	0.895981
2.9	0.792742	0.476033	-0.380726	-0.563289	0.810796	-0.15911	0.232949	0.340592	0.910896
2.93333	0.823993	0.470366	-0.315898	-0.54306	0.814659	-0.203513	0.161623	0.339244	0.92671
2.96667	0.832262	0.495351	-0.248934	-0.549154	0.798153	-0.247753	0.0759625	0.342899	0.936296
3	0.819582	0.53653	-0.201051	-0.572945	0.770189	-0.280257	0.00448089	0.344884	0.938634
3.03333	0.794324	0.58144	-0.176004	-0.605916	0.737413	-0.298476	-0.0437581	0.34373	0.938048
3.06667	0.766578	0.622004	-0.159587	-0.636992	0.705127	-0.311509	-0.081231	0.340451	0.936747
3.1	0.740909	0.655989	-0.143989	-0.661541	0.675859	-0.324927	-0.115832	0.335996	0.934714
3.13333	0.71934	0.683257	-0.125344	-0.677801	0.650852	-0.34202	-0.152107	0.330987	0.931295
3.16667	0.718194	0.687604	-0.106761	-0.672656	0.646766	-0.359483	-0.178132	0.329991	0.927025
3.2	0.746795	0.657938	-0.0970305	-0.641104	0.673395	-0.368137	-0.176871	0.337129	0.924695
3.23333	0.791694	0.603038	-0.0978046	-0.591863	0.717434	-0.367404	-0.15139	0.348758	0.924905
3.26667	0.835057	0.537371	-0.117952	-0.541033	0.763207	-0.353267	-0.0998131	0.358814	0.928057
3.3	0.851288	0.494785	-0.174631	-0.524352	0.790145	-0.317372	-0.0190467	0.361743	0.932083
3.33333	0.833849	0.485987	-0.261747	-0.546018	0.79577	-0.261942	0.0809898	0.361339	0.928911
3.36667	0.780114	0.505338	-0.368856	-0.59465	0.782149	-0.186102	0.194456	0.364521	0.910665
3.4	0.695112	0.538293	-0.476507	-0.649431	0.754452	-0.0950896	0.308316	0.375557	0.874013
3.43333	0.590128	0.577428	-0.564204	-0.700809	0.713343	-0.00294621	0.40077	0.397137	0.82563
3.46667	0.526128	0.609378	-0.593168	-0.740046	0.671713	0.0336627	0.418952	0.421261	0.804375
3.5	0.551726	0.6227	-0.554836	-0.757381	0.652646	-0.0206626	0.349245	0.431622	0.831703
3.53333	0.605613	0.626597	-0.49052	-0.754876	0.64741	-0.104986	0.251784	0.433863	0.865083
3.56667	0.655186	0.623303	-0.426876	-0.737066	0.651353	-0.180205	0.165725	0.432704	0.886173
3.6	0.694321	0.610393	-0.381233	-0.710612	0.665253	-0.229063	0.113798	0.429952	0.895651
3.63333	0.719137	0.595792	-0.357595	-0.688664	0.679715	-0.252448	0.0926556	0.427807	0.899108
3.66667	0.733509	0.571145	-0.368453	-0.668949	0.702595	-0.242625	0.120299	0.424444	0.897427
3.7	0.749429	0.530491	-0.396151	-0.638146	0.738202	-0.218693	0.176425	0.416698	0.891761
3.73333	0.77238	0.489045	-0.405295	-0.599661	0.771797	-0.211508	0.209369	0.406404	0.889382
3.76667	0.800124	0.468055	-0.375135	-0.570319	0.787385	-0.234012	0.185845	0.401185	0.896946
3.8	0.820387	0.472618	-0.321865	-0.558145	0.784191	-0.271143	0.124257	0.40209	0.90713
3.83333	0.824282	0.497004	-0.271195	-0.563384	0.767542	-0.305742	0.0561982	0.404804	0.912675
3.86667	0.811998	0.530688	-0.24296	-0.583605	0.743948	-0.325495	0.00801317	0.406094	0.913796
3.9	0.787136	0.570996	-0.233194	-0.616329	0.713731	-0.332756	-0.0235648	0.405648	0.913725
3.93333	0.75976	0.611334	-0.22144	-0.647566	0.680801	-0.342297	-0.0585014	0.40346	0.913125
3.96667	0.733981	0.64663	-0.207706	-0.672602	0.649626	-0.354392	-0.0942291	0.399821	0.911737
4	0.7169	0.670363	-0.191489	-0.685401	0.627417	-0.369558	-0.127595	0.396183	0.909263
4.03333	0.711268	0.680453	-0.176297	-0.686179	0.617723	-0.384157	-0.152498	0.39421	0.90628
4.06667	0.720704	0.671467	-0.172389	-0.676267	0.626277	-0.387867	-0.152476	0.396118	0.905451
4.1	0.736927	0.651358	-0.180752	-0.663141	0.644759	-0.380172	-0.131086	0.400023	0.907082
4.13333	0.76522	0.614615	-0.191538	-0.636214	0.676545	-0.370835	-0.0983363	0.40563	0.908732
4.16667	0.799964	0.560392	-0.214519	-0.598481	0.719325	-0.352692	-0.0433363	0.410527	0.910818
4.2	0.81276	0.519725	-0.263264	-0.581695	0.749093	-0.317003	0.0324546	0.410786	0.911154
4.23333	0.796999	0.500545	-0.338006	-0.59058	0.763083	-0.262524	0.126522	0.408851	0.903788
4.26667	0.749497	0.499557	-0.434393	-0.617605	0.763908	-0.187107	0.238365	0.408519	0.881075
4.3	0.66709	0.518424	-0.535001	-0.657834	0.746964	-0.0964311	0.349634	0.416271	0.83933
4.33333	0.547984	0.553789	-0.626922	-0.707043	0.70714	0.00663239	0.446995	0.439626	0.779053
4.36667	0.452479	0.587565	-0.670843	-0.750398	0.657314	0.0695765	0.481835	0.471917	0.738329
4.4	0.484206	0.595705	-0.640844	-0.765292	0.643378	0.0198252	0.424115	0.480833	0.767415
4.43333	0.568853	0.58753	-0.575512	-0.752027	0.654877	-0.0747742	0.332958	0.475337	0.814368
4.46667	0.638844	0.580328	-0.505073	-0.730414	0.663686	-0.161294	0.241607	0.471954	0.847871
4.5	0.687348	0.577826	-0.440079	-0.708608	0.666493	-0.231649	0.159457	0.471067	0.867565
4.53333	0.719443	0.575974	-0.388144	-0.687818	0.668462	-0.282958	0.0964831	0.470545	0.877085
