0	1	0	0	0	1	0	0	0	1
0.0333333	0.997495	-0.00737495	-0.0703569	0.00877655	0.999769	0.0196331	0.0701958	-0.0202014	0.997329
0.0666667	0.997919	-0.00765188	-0.0640166	0.00926471	0.999646	0.0249352	0.0638031	-0.0254764	0.997637
0.1	0.998331	-0.00733836	-0.057278	0.00855992	0.999741	0.0211107	0.0571082	-0.0215657	0.998135
0.133333	0.998613	-0.00678905	-0.052214	0.00745087	0.999894	0.0124911	0.0521237	-0.0128628	0.998558
0.166667	0.998812	-0.00639475	-0.0483073	0.0065276	0.999975	0.00259275	0.0482895	-0.002905	0.998829
0.2	0.998969	-0.0059627	-0.0449969	0.00569481	0.999965	-0.00607939	0.0450316	0.00581688	0.998969
0.233333	0.999102	-0.00516065	-0.042066	0.00470629	0.99993	-0.0108931	0.0421192	0.0106854	0.999055
0.266667	0.999258	-0.00418374	-0.0382953	0.00366764	0.999902	-0.0135371	0.0383482	0.0133866	0.999175
0.3	0.999446	-0.00298244	-0.0331411	0.00250256	0.999892	-0.0145118	0.0331808	0.0144208	0.999345
0.333333	0.99968	-0.00173375	-0.0252556	0.00127321	0.999833	-0.0182401	0.025283	0.0182021	0.999515
0.366667	0.999909	-4.21702e-05	-0.0135068	-0.000299544	0.99968	-0.0252964	0.0135035	0.0252981	0.999589
0.4	0.999991	0.000481706	0.00415833	-0.000296736	0.999015	-0.0443685	-0.00417561	0.0443669	0.999007
0.433333	0.999681	0.0022085	0.0251528	-0.00085064	0.998548	-0.0538677	-0.0252353	0.0538291	0.998231
0.466667	0.998822	0.00453617	0.0483028	-0.0013834	0.997877	-0.0651053	-0.0484956	0.0649618	0.996709
0.5	0.997555	0.00681265	0.0695588	-0.00169189	0.9973	-0.0734129	-0.0698711	0.0731156	0.994873
0.533333	0.996324	0.00883329	0.0852133	-0.0021501	0.996935	-0.078204	-0.0856429	0.0777333	0.993289
0.566667	0.995323	0.00975403	0.0961138	-0.00225107	0.996961	-0.0778645	-0.0965812	0.0772839	0.99232
0.6	0.994388	0.0103497	0.105284	-0.0021137	0.996948	-0.0780391	-0.10577	0.0773787	0.991375
0.633333	0.993649	0.0108855	0.111995	-0.00232245	0.997082	-0.0763078	-0.112499	0.0755631	0.990775
0.666667	0.993325	0.0115864	0.114765	-0.00268506	0.996995	-0.0774145	-0.115317	0.0765897	0.990372
0.7	0.993514	0.0108857	0.113183	-0.00258228	0.99731	-0.0732514	-0.113676	0.0724841	0.99087
0.733333	0.994077	0.00939085	0.108267	-0.00219809	0.997793	-0.0663639	-0.108652	0.0657329	0.991904
0.766667	0.995003	0.00763761	0.0995569	-0.00168107	0.99821	-0.0597776	-0.0998353	0.0593115	0.993235
0.8	0.995933	0.00576955	0.0899099	-0.00102427	0.998608	-0.0527351	-0.090089	0.0524286	0.994553
0.833333	0.996913	0.0037787	0.0784186	-0.000289714	0.999011	-0.0444556	-0.0785091	0.0442956	0.995929
0.866667	0.997738	0.00147668	0.067207	0.000793515	0.99943	-0.0337399	-0.0672185	0.0337169	0.997168
0.9	0.998376	0.000197914	0.0569709	0.00143442	0.99959	-0.0286097	-0.0569532	0.0286449	0.997966
0.933333	0.998914	-0.00125761	0.0465808	0.00215256	0.999814	-0.0191676	-0.0465481	0.0192471	0.998731
0.966667	0.999277	-0.00145808	0.0380012	0.0020804	0.999864	-0.0163418	-0.0379722	0.0164091	0.999144
1	0.999543	-0.00102146	0.0302099	0.00129985	0.999957	-0.00919674	-0.0301992	0.00923181	0.999501
1.03333	0.999718	-0.000977583	0.0237397	0.00112836	0.999979	-0.00633882	-0.023733	0.00636381	0.999698
1.06667	0.99984	-0.000696062	0.0178956	0.000753954	0.999995	-0.00322845	-0.0178932	0.00324143	0.999835
1.1	0.999928	-0.00018771	0.0120352	0.00020831	0.999999	-0.0017104	-0.0120349	0.00171278	0.999926
1.13333	0.999976	0.000463173	0.00697419	-0.000406669	0.999967	-0.00810105	-0.00697772	0.00809802	0.999943
1.16667	0.999999	0.00147046	-3.05468e-06	-0.00147044	0.999976	-0.00675327	-6.87578e-06	0.00675327	0.999977
1.2	0.999973	0.0023207	-0.00692085	-0.0023391	0.999994	-0.00265136	0.00691465	0.00266747	0.999973
1.23333	0.999922	0.00275072	-0.0121775	-0.00278643	0.999992	-0.00291636	0.0121694	0.00295006	0.999922
1.26667	0.999857	0.00294363	-0.0166393	-0.00302342	0.999984	-0.00477236	0.016625	0.00482198	0.99985
1.3	0.999782	0.00299221	-0.0206401	-0.00313322	0.999972	-0.00680303	0.0206192	0.00686622	0.999764
1.33333	0.999703	0.00313541	-0.0241719	-0.00336166	0.999951	-0.00932514	0.0241415	0.00940362	0.999664
1.36667	0.999632	0.00312613	-0.0269429	-0.00339636	0.999944	-0.00998976	0.0269102	0.0100776	0.999587
1.4	0.999554	0.00307533	-0.0296933	-0.00341578	0.999929	-0.0114216	0.0296561	0.0115179	0.999494
1.43333	0.999484	0.00288083	-0.0320068	-0.00324685	0.99993	-0.0113894	0.0319717	0.0114875	0.999423
1.46667	0.999412	0.00259877	-0.0341904	-0.0029769	0.999935	-0.0110133	0.0341595	0.0111086	0.999355
1.5	0.99933	0.00182521	-0.0365457	-0.00221636	0.999941	-0.0106653	0.0365241	0.0107391	0.999275
1.53333	0.999217	0.000983649	-0.0395432	-0.00135581	0.999955	-0.00938578	0.0395322	0.00943205	0.999174
1.56667	0.999054	7.34936e-05	-0.0434793	-0.000389029	0.999974	-0.00724872	0.0434776	0.00725878	0.999028
1.6	0.998821	-0.00126024	-0.0485305	0.000988874	0.999984	-0.00561527	0.0485368	0.00556066	0.998806
1.63333	0.998543	-0.00261918	-0.0539058	0.00234148	0.999984	-0.00521408	0.0539186	0.00508026	0.998532
1.66667	0.998237	-0.00427146	-0.0592003	0.00399359	0.99998	-0.00481131	0.0592197	0.00456641	0.998235
1.7	0.997852	-0.00573692	-0.0652604	0.00547655	0.999976	-0.00416787	0.0652828	0.00380151	0.99786
1.73333	0.997463	-0.00699175	-0.0708465	0.00711803	0.999973	0.0015301	0.0708339	-0.00203051	0.997486
1.76667	0.997178	-0.00707623	-0.0747433	0.00792342	0.999908	0.0110443	0.0746582	-0.0116054	0.997142
1.8	0.996651	-0.00630007	-0.0815255	0.00850334	0.999607	0.0267066	0.0813252	-0.0273104	0.996313
1.83333	0.995932	-0.00566361	-0.0899244	0.0102182	0.998683	0.0502701	0.0895213	-0.0509845	0.994679
1.86667	0.995479	-0.00550032	-0.0948189	0.0122953	0.997384	0.0712278	0.0941792	-0.0720716	0.992943
1.9	0.995235	-0.00491348	-0.0973846	0.0132789	0.996255	0.0854398	0.0966	-0.0863258	0.991573
1.93333	0.995128	-0.00442535	-0.0984892	0.014097	0.995114	0.0977224	0.0975755	-0.0986347	0.990328
1.96667	0.994959	-0.00563474	-0.10012	0.0162344	0.9943	0.105373	0.098956	-0.106467	0.98938
2	0.994595	-0.00746952	-0.103564	0.0188039	0.993874	0.108904	0.102116	-0.110263	0.988643
2.03333	0.994042	-0.0100683	-0.108534	0.0219696	0.993796	0.109025	0.106763	-0.110759	0.988096
2.06667	0.993214	-0.0117157	-0.11571	0.024438	0.993725	0.109152	0.113705	-0.111239	0.987267
2.1	0.99229	-0.0117587	-0.123378	0.0248395	0.994159	0.105027	0.121422	-0.107282	0.986786
2.13333	0.991625	-0.0104782	-0.128728	0.0233742	0.994805	0.0990829	0.127021	-0.101262	0.986718
2.16667	0.99087	-0.00956999	-0.134479	0.0224244	0.995282	0.0944	0.132941	-0.0965538	0.98641
2.2	0.989905	-0.0093809	-0.14142	0.0224698	0.995575	0.0912424	0.139939	-0.093499	0.985736
2.23333	0.988341	-0.00901657	-0.151988	0.0225895	0.995881	0.0878142	0.15057	-0.0902238	0.984474
2.26667	0.987127	-0.00771753	-0.159754	0.0219217	0.995937	0.0873421	0.158431	-0.0897198	0.983285
2.3	0.986242	-0.00630697	-0.165187	0.0207755	0.996078	0.0860082	0.163997	-0.0882568	0.982505
2.33333	0.986507	-0.00454276	-0.163657	0.0179915	0.996569	0.0807885	0.162728	-0.0826428	0.983204
2.36667	0.987891	-0.00178522	-0.155142	0.0123394	0.99767	0.067093	0.15466	-0.0681949	0.985611
2.4	0.989805	0.00166991	-0.142421	0.00520289	0.99884	0.0478709	0.142336	-0.0481239	0.988648
2.43333	0.9915	0.00479352	-0.130016	-0.00137319	0.999651	0.0263839	0.130097	-0.0259811	0.991161
2.46667	0.992917	0.00710841	-0.118596	-0.00684961	0.999973	0.00258959	0.118612	-0.00175891	0.992939
2.5	0.994154	0.00859998	-0.107627	-0.0109123	0.999722	-0.0209144	0.107417	0.0219665	0.993971
2.53333	0.995032	0.00958356	-0.099095	-0.0141033	0.998887	-0.0450107	0.0985534	0.0461847	0.994059
2.56667	0.995598	0.0110176	-0.0930796	-0.017233	0.997655	-0.0662373	0.0921316	0.0675497	0.993453
2.6	0.995886	0.0133669	-0.0896193	-0.0209397	0.996237	-0.0840991	0.0881579	0.0856298	0.992419
2.63333	0.995911	0.016863	-0.0887495	-0.0256478	0.994777	-0.0987959	0.0866199	0.100668	0.991142
2.66667	0.995632	0.0210491	-0.0909566	-0.0310764	0.993415	-0.110274	0.0880365	0.112619	0.989731
2.7	0.99522	0.02475	-0.094474	-0.0357642	0.992519	-0.116735	0.090878	0.119556	0.988659
2.73333	0.995038	0.0263867	-0.0959298	-0.03754	0.992494	-0.116388	0.0921387	0.119412	0.98856
2.76667	0.995142	0.024833	-0.0952697	-0.0351584	0.993498	-0.108282	0.0919614	0.111106	0.989545
2.8	0.995313	0.0215347	-0.0942818	-0.0307694	0.994748	-0.0976181	0.0916845	0.100061	0.990748
2.83333	0.995467	0.0187688	-0.0932374	-0.0271963	0.995574	-0.0899566	0.0911364	0.0920845	0.991572
2.86667	0.99529	0.015771	-0.095649	-0.0241104	0.995945	-0.0866691	0.0938943	0.088567	0.991635
2.9	0.995118	0.0140912	-0.0976803	-0.0221878	0.99636	-0.0823047	0.096165	0.0840702	0.991809
2.93333	0.995027	0.0141913	-0.0985857	-0.0214981	0.997067	-0.0734542	0.0972541	0.0752083	0.992414
2.96667	0.995287	0.0141382	-0.0959389	-0.0201226	0.997892	-0.0616986	0.0948644	0.0633384	0.993473
3	0.995543	0.0111886	-0.0936408	-0.0156024	0.998795	-0.0465374	0.0930073	0.047791	0.994518
3.03333	0.995763	0.00578545	-0.0917764	-0.00873091	0.999459	-0.0317249	0.0915432	0.0323918	0.995274
3.06667	0.995885	0.000191124	-0.0906302	-0.00184178	0.999834	-0.0181298	0.0906117	0.0182221	0.99572
3.1	0.995982	-0.00396578	-0.0894637	0.00371763	0.999989	-0.00294028	0.0894744	0.00259588	0.995986
3.13333	0.996204	-0.00648847	-0.0868038	0.00769963	0.999878	0.0136254	0.0867047	-0.014242	0.996132
3.16667	0.996498	-0.00870842	-0.0831588	0.0112936	0.999466	0.0306677	0.0828473	-0.0314995	0.996064
3.2	0.996437	-0.0108467	-0.0836441	0.0149258	0.998721	0.0482976	0.0830133	-0.0493739	0.995325
3.23333	0.99598	-0.012478	-0.0887047	0.0181099	0.997851	0.0629716	0.0877283	-0.0643249	0.994065
3.26667	0.995385	-0.0135678	-0.0949945	0.0205189	0.997151	0.0725836	0.0937391	-0.0741979	0.992828
3.3	0.995042	-0.0138571	-0.0984875	0.0212338	0.997014	0.0742508	0.0971644	-0.0759739	0.992364
3.33333	0.994948	-0.013378	-0.0994918	0.020441	0.997315	0.0703136	0.098284	-0.0719921	0.992551
3.36667	0.994673	-0.0123185	-0.102342	0.0190145	0.997723	0.0647124	0.101312	-0.0663136	0.992642
3.4	0.994528	-0.0119404	-0.103786	0.0184691	0.997894	0.0621736	0.102825	-0.0637502	0.992654
3.43333	0.994528	-0.0116328	-0.103825	0.0178621	0.998082	0.0592714	0.102936	-0.0608015	0.992828
3.46667	0.994581	-0.0101317	-0.103468	0.0154906	0.998572	0.051121	0.102802	-0.0524467	0.993318
3.5	0.994721	-0.00754951	-0.102335	0.0113132	0.999279	0.0362476	0.101988	-0.037214	0.994089
3.53333	0.994946	-0.00498943	-0.100286	0.00644894	0.999878	0.0142346	0.100203	-0.0148094	0.994857
3.56667	0.995341	-0.00245344	-0.0963902	0.00147935	0.999947	-0.0101758	0.09641	0.00998579	0.995292
3.6	0.995785	0.000506904	-0.091712	-0.00343172	0.99949	-0.0317365	0.0916492	0.0319174	0.99528
3.63333	0.996194	0.00399162	-0.0870746	-0.00852528	0.998623	-0.0517568	0.0867481	0.0523022	0.994856
3.66667	0.996546	0.00799372	-0.0826534	-0.0135757	0.997647	-0.0671955	0.0819218	0.0680855	0.99431
3.7	0.996816	0.0126927	-0.078714	-0.0189915	0.99663	-0.0797959	0.077436	0.0810368	0.993699
3.73333	0.996907	0.0178059	-0.0765457	-0.0246759	0.995657	-0.0897634	0.0746149	0.0913746	0.993017
3.76667	0.996744	0.0222182	-0.0775037	-0.0297095	0.994852	-0.0968853	0.0749521	0.0988725	0.992273
3.8	0.996476	0.0249804	-0.0800712	-0.0329843	0.994415	-0.10025	0.0771197	0.102538	0.991735
3.83333	0.996385	0.025163	-0.0811362	-0.0332577	0.99443	-0.100013	0.0781676	0.10235	0.991672
3.86667	0.996408	0.0235943	-0.0813306	-0.0315462	0.994694	-0.0979183	0.0785888	0.100132	0.991866
3.9	0.996527	0.0220586	-0.0803015	-0.0299002	0.994757	-0.0977979	0.0777232	0.0998592	0.991961
3.93333	0.996556	0.0194724	-0.0806035	-0.0274021	0.994762	-0.0984743	0.0782638	0.100344	0.99187
3.96667	0.996527	0.0169914	-0.0815206	-0.0249817	0.994871	-0.0980201	0.079437	0.0997161	0.99184
4	0.996439	0.0153121	-0.0829188	-0.0226558	0.995831	-0.0883625	0.0812201	0.0899264	0.992631
4.03333	0.996646	0.0136785	-0.0806865	-0.0194127	0.997307	-0.0707171	0.079502	0.0720463	0.994228
4.06667	0.996902	0.0112543	-0.0778384	-0.0148654	0.998832	-0.0459684	0.0772302	0.0469831	0.995906
4.1	0.997215	0.00735509	-0.0742179	-0.00871384	0.9998	-0.0180003	0.0740706	0.0185969	0.99708
4.13333	0.997557	0.00217787	-0.0698183	-0.00163064	0.999968	0.00789397	0.0698332	-0.00776083	0.997528
4.16667	0.997851	-0.00318551	-0.0654474	0.00514641	0.999542	0.0298147	0.0653224	-0.0300875	0.997411
4.2	0.998109	-0.00787003	-0.0609631	0.0107552	0.99883	0.047143	0.0605208	-0.0477096	0.997026
4.23333	0.998283	-0.0118672	-0.057367	0.015428	0.997955	0.0620324	0.0565135	-0.062811	0.996424
4.26667	0.998163	-0.0154762	-0.0585809	0.0199858	0.996816	0.0771954	0.0571997	-0.0782244	0.995293
4.3	0.997723	-0.0182817	-0.0649222	0.0241019	0.995648	0.0900284	0.0629938	-0.0913882	0.993821
4.33333	0.997171	-0.0199108	-0.0724833	0.0271476	0.99459	0.100268	0.0700947	-0.101952	0.992317
4.36667	0.996787	-0.0204827	-0.0774325	0.0286421	0.993977	0.105779	0.0747995	-0.107657	0.99137
4.4	0.996649	-0.0199705	-0.0793245	0.0282546	0.9941	0.104725	0.0767651	-0.106615	0.991333
4.43333	0.99664	-0.0197967	-0.0794835	0.0277749	0.994543	0.10056	0.077059	-0.10243	0.991751
4.46667	0.996734	-0.0202267	-0.0781859	0.0273856	0.995419	0.0916027	0.0759749	-0.0934447	0.992721
4.5	0.996655	-0.0214002	-0.0788664	0.0281404	0.995952	0.0853675	0.0767202	-0.0873013	0.993223
4.53333	0.996562	-0.0214213	-0.0800337	0.0275854	0.996671	0.0767259	0.0781237	-0.0786698	0.993835
4.56667	0.996627	-0.0205998	-0.0794356	0.0258673	0.997493	0.0658641	0.0778797	-0.0676968	0.994662
4.6	0.996722	-0.019573	-0.0785005	0.0237093	0.99836	0.0521107	0.0773518	-0.053801	0.995551
4.63333	0.996906	-0.0183783	-0.0764287	0.0211039	0.999164	0.0350091	0.0757214	-0.0365137	0.99646
4.66667	0.997204	-0.0159183	-0.0730134	0.0173153	0.999678	0.0185408	0.0726948	-0.0197532	0.997159
4.7	0.99751	-0.0117221	-0.0695456	0.0120374	0.999919	0.00411535	0.0694917	-0.00494225	0.99757
4.73333	0.99784	-0.00670612	-0.0653437	0.00617914	0.999947	-0.00826357	0.0653956	0.00784195	0.997829
4.76667	0.998172	-0.0014276	-0.0604136	0.000299284	0.999825	-0.0186815	0.0604297	0.0186292	0.997999
4.8	0.998417	0.00361621	-0.0561338	-0.00533548	0.99952	-0.0305085	0.0559966	0.0307597	0.997957
4.83333	0.99844	0.00872037	-0.0551483	-0.0110946	0.999018	-0.0428934	0.0547201	0.0434383	0.997556
4.86667	0.998308	0.0123474	-0.0568157	-0.0156247	0.998217	-0.0576048	0.0560032	0.058395	0.996721
4.9	0.998067	0.0147165	-0.0603722	-0.0188487	0.997476	-0.0684574	0.0592124	0.069463	0.995826
4.93333	0.997794	0.0150151	-0.0646594	-0.0197947	0.997067	-0.0739255	0.0633598	0.0750423	0.995165
4.96667	0.997542	0.0133659	-0.0687779	-0.0184076	0.997147	-0.0732004	0.0676033	0.0742865	0.994943
5	0.997581	0.0118698	-0.0684874	-0.0166873	0.997393	-0.0702047	0.0674755	0.0711777	0.995179
5.03333	0.997644	0.00906033	-0.0680032	-0.013349	0.997932	-0.0628787	0.0672929	0.0636383	0.995702
5.06667	0.997689	0.00746168	-0.067534	-0.0112156	0.998402	-0.0553783	0.0670129	0.0560078	0.996179
5.1	0.997771	0.00593404	-0.0664725	-0.00876864	0.999061	-0.0424328	0.0661583	0.0429211	0.996886
5.13333	0.998147	0.00492469	-0.0606486	-0.00644908	0.999668	-0.0249647	0.0605055	0.0253095	0.997847
5.16667	0.998533	0.00389367	-0.0540136	-0.00411605	0.999984	-0.00400657	0.0539971	0.00422301	0.998532
5.2	0.998832	0.00139105	-0.0482948	-0.000404994	0.999791	0.0204212	0.0483131	-0.0203778	0.998624
5.23333	0.999072	-0.00217108	-0.0430206	0.00400284	0.999087	0.0425383	0.0428889	-0.042671	0.998168
5.26667	0.999223	-0.0059889	-0.0389608	0.00832121	0.998165	0.0599789	0.0385301	-0.0602565	0.997439
5.3	0.999329	-0.00889592	-0.0355445	0.0114602	0.997295	0.0726036	0.0348025	-0.0729622	0.996727
5.33333	0.999364	-0.0116015	-0.0337136	0.0143231	0.996559	0.0816403	0.0326505	-0.0820713	0.996091
5.36667	0.999289	-0.014552	-0.0347782	0.0175792	0.995931	0.0883868	0.0333505	-0.0889353	0.995479
5.4	0.999064	-0.0173406	-0.0396301	0.0210078	0.995343	0.0940759	0.0378142	-0.0948204	0.994776
5.43333	0.998736	-0.0193219	-0.0464041	0.0238516	0.994788	0.0991346	0.0442468	-0.100116	0.993991
5.46667	0.998378	-0.0204229	-0.0531504	0.0258255	0.994343	0.103033	0.0507455	-0.104239	0.993257
5.5	0.998076	-0.0211804	-0.0582642	0.0272645	0.994025	0.105696	0.0556773	-0.107081	0.99269
5.53333	0.997911	-0.0212218	-0.0610248	0.0275332	0.994142	0.104518	0.0584492	-0.10598	0.992649
5.56667	0.997805	-0.0208852	-0.0628428	0.0271598	0.994545	0.10071	0.0603966	-0.102195	0.992929
5.6	0.997621	-0.0200566	-0.0659498	0.0261678	0.995308	0.0931474	0.0637722	-0.0946515	0.993466
5.63333	0.997549	-0.0200431	-0.0670352	0.0257208	0.996054	0.0849365	0.0650683	-0.0864526	0.994129
5.66667	0.997462	-0.0193845	-0.0685114	0.0245595	0.996842	0.0755194	0.0668311	-0.0770103	0.994788
5.7	0.997426	-0.0175618	-0.0695223	0.0219401	0.99779	0.0627225	0.0682671	-0.0640863	0.995607
5.73333	0.997428	-0.0144808	-0.070199	0.0176693	0.99883	0.0450151	0.069465	-0.0461397	0.996517
5.76667	0.997581	-0.0128871	-0.0683027	0.0145304	0.999615	0.0236172	0.0679721	-0.0245526	0.997385
5.8	0.997882	-0.0115317	-0.0640139	0.0116601	0.999931	0.00163345	0.0639906	-0.0023764	0.997948
5.83333	0.998277	-0.00956652	-0.0578953	0.008608	0.999822	-0.0167829	0.0580456	0.0162556	0.998182
5.86667	0.998634	-0.00732747	-0.0517371	0.00580904	0.99955	-0.0294385	0.0519295	0.0290978	0.998227
5.9	0.998921	-0.00481812	-0.0461809	0.00315412	0.999345	-0.0360376	0.0463243	0.0358531	0.998283
5.93333	0.99911	-0.00232531	-0.0421277	0.000717955	0.999273	-0.0381294	0.0421857	0.0380652	0.998384
5.96667	0.999213	0.000533358	-0.0396584	-0.00205781	0.99926	-0.0384088	0.0396086	0.0384601	0.998475
6	0.99924	0.00363599	-0.0388144	-0.0051155	0.999261	-0.0380866	0.0386472	0.0382562	0.99852
6.03333	0.999213	0.00669749	-0.0390884	-0.0082096	0.999219	-0.0386528	0.038799	0.0389433	0.998488
6.06667	0.999086	0.00948309	-0.0416857	-0.0111968	0.999094	-0.0410703	0.0412584	0.0414995	0.998286
6.1	0.998897	0.011501	-0.0455264	-0.0134979	0.998949	-0.0437997	0.0449749	0.0443659	0.998002
6.13333	0.998644	0.0133727	-0.0503187	-0.0156512	0.998857	-0.0451635	0.0496572	0.0458898	0.997712
6.16667	0.998283	0.0135666	-0.0569741	-0.0160937	0.998896	-0.0441336	0.0563124	0.0449748	0.9974
6.2	0.997986	0.0131574	-0.0620505	-0.0156025	0.999114	-0.0390856	0.0614813	0.039975	0.997307
6.23333	0.997728	0.0115364	-0.0663687	-0.0135863	0.999442	-0.030518	0.0659796	0.0313504	0.997328
6.26667	0.99758	0.0103168	-0.0687608	-0.011749	0.999722	-0.0204581	0.0685306	0.0212165	0.997423
6.3	0.997443	0.00846383	-0.070968	-0.00908367	0.999923	-0.00841592	0.0708914	0.00903905	0.997443
6.33333	0.997339	0.00747209	-0.0725246	-0.00747799	0.999972	0.000190239	0.072524	0.000352606	0.997367
6.36667	0.997227	0.00704807	-0.0740801	-0.00647143	0.999947	0.00802115	0.0741327	-0.00751951	0.99722
6.4	0.99715	0.00579194	-0.0752214	-0.00463714	0.999869	0.0155176	0.0753014	-0.0151245	0.997046
6.43333	0.996976	0.00328255	-0.0776373	-0.00132187	0.999679	0.0252922	0.0776954	-0.0251131	0.996661
6.46667	0.99684	-0.000291184	-0.0794346	0.0032626	0.9993	0.0372798	0.0793681	-0.0374212	0.996143
6.5	0.996832	-0.00368607	-0.0794467	0.00753033	0.998812	0.0481429	0.0791748	-0.0485886	0.995676
6.53333	0.99693	-0.0066796	-0.0780158	0.0113573	0.998154	0.0596696	0.0774732	-0.0603724	0.995165
6.56667	0.997073	-0.00862366	-0.0759643	0.0140685	0.997346	0.0714357	0.0751467	-0.0722953	0.994548
