0	0	1	0	0	0	-1	-1	0	0
0.0333333	0.997504	-0.0673606	-0.0211897	0.0542916	0.923459	-0.379838	0.0451539	0.377739	0.92481
0.0666667	0.99914	-0.0395303	-0.0124868	0.0333913	0.945911	-0.322705	0.024568	0.32201	0.946417
0.1	0.999459	-0.0318354	-0.00828343	0.0286337	0.965898	-0.257334	0.0161933	0.256958	0.966287
0.133333	0.999667	-0.0244579	-0.00826992	0.0223405	0.979994	-0.197771	0.0129415	0.197521	0.980213
0.166667	0.999795	-0.0175001	-0.0101913	0.0158267	0.98917	-0.145918	0.0126345	0.145727	0.989244
0.2	0.999865	-0.00972575	-0.0132059	0.00835559	0.994941	-0.100113	0.0141127	0.0999895	0.994888
0.233333	0.999877	-0.00552597	-0.0146836	0.00455826	0.997866	-0.065139	0.0150123	0.065064	0.997768
0.266667	0.99988	-0.00255487	-0.015302	0.00192478	0.999155	-0.0410511	0.0153939	0.0410167	0.99904
0.3	0.999879	-0.00251615	-0.0153251	0.00204434	0.999526	-0.0307252	0.0153951	0.0306902	0.99941
0.333333	0.999851	-0.00110485	-0.0172231	0.000639783	0.999636	-0.0269847	0.0172467	0.0269697	0.999487
0.366667	0.999773	0.00340045	-0.0210138	-0.00385271	0.999761	-0.0215194	0.0209356	0.0215955	0.999548
0.4	0.999541	0.0123271	-0.0276801	-0.0126114	0.999869	-0.0101187	0.0275518	0.0104632	0.999566
0.433333	0.999134	0.0230768	-0.0346311	-0.0229544	0.999729	0.0039287	0.0347124	-0.00313036	0.999392
0.466667	0.998648	0.0317333	-0.0411703	-0.031158	0.999409	0.0145413	0.0416074	-0.0132389	0.999046
0.5	0.998291	0.0356107	-0.0463345	-0.0349968	0.999289	0.0139952	0.0467999	-0.0123497	0.998828
0.533333	0.998182	0.0341583	-0.0496535	-0.0338418	0.999401	0.00720122	0.0498698	-0.00550776	0.998741
0.566667	0.99814	0.0307548	-0.0526429	-0.0307589	0.999527	0.000732583	0.0526405	0.000888015	0.998613
0.6	0.998352	0.0249301	-0.0516897	-0.025365	0.999648	-0.00777465	0.0514776	0.00907295	0.998633
0.633333	0.998725	0.0190319	-0.0467469	-0.0202066	0.999489	-0.0247864	0.0462513	0.0256994	0.998599
0.666667	0.998906	0.0170832	-0.0435356	-0.0182717	0.999467	-0.0270509	0.0430503	0.0278168	0.998686
0.7	0.999357	0.0121618	-0.033744	-0.0137738	0.998754	-0.0479573	0.0331187	0.0483913	0.998279
0.733333	0.999606	0.0100915	-0.0262061	-0.0116003	0.998245	-0.0580735	0.025574	0.0583546	0.997968
0.766667	0.99984	0.00797491	-0.0160101	-0.00912561	0.99728	-0.0731369	0.0153833	0.0732713	0.997193
0.8	0.999959	0.00648483	-0.0063035	-0.00697743	0.996645	-0.0815527	0.00575349	0.0815933	0.996649
0.833333	0.999982	0.00495173	0.0035185	-0.00461364	0.9959	-0.0903444	-0.00395143	0.0903265	0.995904
0.866667	0.999926	0.00327161	0.0117037	-0.00215533	0.995556	-0.09415	-0.0119597	0.0941179	0.995489
0.9	0.999879	0.0020965	0.0154135	-0.000804053	0.996517	-0.0833846	-0.0155346	0.0833621	0.996398
0.933333	0.99985	0.00159357	0.0172685	-0.000433354	0.997754	-0.0669834	-0.0173365	0.0669658	0.997605
0.966667	0.99982	0.000858029	0.0189599	0.000202565	0.998438	-0.0558663	-0.0189782	0.05586	0.998258
1	0.999796	0.000288813	0.020217	0.000723437	0.998747	-0.0500441	-0.0202061	0.0500485	0.998542
1.03333	0.999789	-0.000218872	0.0205345	0.00120974	0.998834	-0.0482536	-0.0205	0.0482683	0.998624
1.06667	0.999818	4.31021e-05	0.0190762	0.00082987	0.998952	-0.0457522	-0.0190581	0.0457597	0.998771
1.1	0.999869	0.000410036	0.0161521	0.000288274	0.999066	-0.0432074	-0.0161547	0.0432064	0.998936
1.13333	0.999924	-0.000458661	0.0123204	0.000978178	0.999109	-0.0421944	-0.0122901	0.0422032	0.999033
1.16667	0.999963	-0.00248619	0.00829303	0.00283565	0.999097	-0.042397	-0.00818013	0.0424189	0.999066
1.2	0.999979	-0.00455165	0.0045712	0.00474534	0.999051	-0.0432951	-0.0043698	0.0433159	0.999052
1.23333	0.999984	-0.00557564	0.00131339	0.00562788	0.999022	-0.0438601	-0.00106756	0.0438668	0.999037
1.26667	0.999979	-0.00632701	-0.00150686	0.00625174	0.99894	-0.0455949	0.00179374	0.0455846	0.998959
1.3	0.999975	-0.00575234	-0.00418564	0.00554894	0.998876	-0.0470831	0.00445177	0.0470587	0.998882
1.33333	0.999973	-0.00419446	-0.00602954	0.00389794	0.998822	-0.048376	0.00622535	0.0483512	0.998811
1.36667	0.999973	-0.00166788	-0.00716822	0.00130093	0.998703	-0.050894	0.00724381	0.0508833	0.998678
1.4	0.999972	-0.000569676	-0.00752166	0.000140737	0.99838	-0.0569051	0.00754189	0.0569024	0.998351
1.43333	0.999978	-0.000145878	-0.00670497	-0.000280001	0.997984	-0.0634721	0.00670071	0.0634726	0.997961
1.46667	0.999992	0.000274464	-0.00400452	-0.000556354	0.997507	-0.0705627	0.00397517	0.0705643	0.997499
1.5	0.999995	0.00305103	0.000841679	-0.00297472	0.99685	-0.0792598	-0.00108085	0.0792569	0.996854
1.53333	0.99996	0.00479269	0.00749303	-0.00414645	0.996457	-0.0840003	-0.00786907	0.0839659	0.996438
1.56667	0.999862	0.00531676	0.0157497	-0.00394126	0.996278	-0.0861128	-0.016149	0.0860388	0.996161
1.6	0.999651	0.00441034	0.0260383	-0.00205136	0.995945	-0.0899371	-0.0263293	0.0898523	0.995607
1.63333	0.999318	0.00397126	0.0366993	-0.00057006	0.995738	-0.0922267	-0.0369092	0.0921429	0.995062
1.66667	0.998795	0.00415926	0.0488984	0.000551957	0.995387	-0.0959411	-0.0490718	0.0958525	0.994185
1.7	0.998274	0.00593597	0.0584236	2.29409e-05	0.994839	-0.10147	-0.0587244	0.101296	0.993122
1.73333	0.997774	0.0100608	0.0659261	-0.00276327	0.993943	-0.109861	-0.0666321	0.109435	0.991758
1.76667	0.997137	0.0206876	0.0727343	-0.0112779	0.991777	-0.127477	-0.0747735	0.126291	0.989171
1.8	0.996792	0.0334656	0.0727045	-0.0220983	0.988153	-0.151871	-0.0769257	0.149777	0.985723
1.83333	0.997025	0.0392669	0.0663265	-0.0278823	0.985968	-0.164588	-0.0718587	0.162249	0.98413
1.86667	0.997352	0.0432971	0.0584246	-0.0341104	0.988102	-0.149969	-0.0642227	0.147579	0.986963
1.9	0.997621	0.0504301	0.0469977	-0.0448936	0.99267	-0.112212	-0.052312	0.109835	0.992572
1.93333	0.997956	0.0541026	0.0340192	-0.0516225	0.996212	-0.0699787	-0.0376764	0.0680795	0.996968
1.96667	0.998738	0.0470193	0.0176462	-0.0462937	0.998147	-0.0394892	-0.0194703	0.0386225	0.999064
2	0.999525	0.030726	-0.00237621	-0.030777	0.999196	-0.0256995	0.00158465	0.0257605	0.999667
2.03333	0.999612	0.0115175	-0.025377	-0.0120932	0.99967	-0.0226503	0.0251077	0.0229484	0.999421
2.06667	0.998808	-0.0031958	-0.0487099	0.00211716	0.999752	-0.0221798	0.0487687	0.0220502	0.998567
2.1	0.997696	-0.0101639	-0.0670843	0.00878073	0.999743	-0.0208813	0.0672793	0.0202442	0.997529
2.13333	0.997215	-0.00878796	-0.0740661	0.00759989	0.999838	-0.0163073	0.0741974	0.015699	0.99712
2.16667	0.997603	-0.00507249	-0.0690114	0.00479373	0.99998	-0.00420446	0.0690313	0.00386356	0.997607
2.2	0.99855	-0.0035406	-0.0537214	0.00439945	0.999864	0.0158772	0.0536579	-0.0160905	0.99843
2.23333	0.999408	-0.00560554	-0.0339441	0.00697377	0.999162	0.0403249	0.0336896	-0.0405377	0.99861
2.26667	0.999883	-0.0145417	-0.00475641	0.0147983	0.99813	0.0593053	0.00388512	-0.0593688	0.998229
2.3	0.999194	-0.0319065	0.0243512	0.0303709	0.997674	0.0610189	-0.0262414	-0.0602302	0.99784
2.33333	0.997236	-0.0512339	0.0538088	0.0488193	0.997781	0.0452683	-0.0560086	-0.0425162	0.997525
2.36667	0.994815	-0.0620613	0.0805714	0.060239	0.997874	0.0248567	-0.0819428	-0.0198743	0.996439
2.4	0.992798	-0.0602918	0.103527	0.0592295	0.998156	0.0133081	-0.104138	-0.00708041	0.994538
2.43333	0.991169	-0.0542725	0.120989	0.0533941	0.998518	0.0104925	-0.121379	-0.00393977	0.992598
2.46667	0.989601	-0.0530183	0.13371	0.0524975	0.998593	0.00742013	-0.133915	-0.000323526	0.990993
2.5	0.988043	-0.0561339	0.143599	0.0551686	0.99842	0.0106983	-0.143973	-0.00264825	0.989578
2.53333	0.986689	-0.060971	0.150759	0.0599003	0.998137	0.0116372	-0.151187	-0.00245183	0.988502
2.56667	0.985578	-0.0641707	0.15658	0.0626747	0.997929	0.0144781	-0.157185	-0.00445568	0.987559
2.6	0.984902	-0.0630216	0.161234	0.060288	0.997943	0.0217955	-0.162276	-0.011746	0.986676
2.63333	0.984939	-0.0542636	0.164169	0.0490756	0.998164	0.0354971	-0.165794	-0.0269058	0.985793
2.66667	0.98583	-0.0376288	0.163472	0.0302361	0.998415	0.0474788	-0.164999	-0.0418633	0.985405
2.7	0.986479	-0.0188513	0.162802	0.0114982	0.998876	0.0459904	-0.163486	-0.0434966	0.985586
2.73333	0.985923	-0.006677	0.167068	0.000828695	0.999385	0.0350508	-0.167199	-0.034419	0.985322
2.76667	0.984082	-0.00743464	0.17756	0.0017411	0.99948	0.0321997	-0.177708	-0.0313779	0.983583
2.8	0.981876	-0.0149977	0.188928	0.00745123	0.999148	0.0405908	-0.189376	-0.0384474	0.981152
2.83333	0.980589	-0.00918566	0.195859	0.00108597	0.999141	0.041422	-0.196072	-0.0404052	0.979757
2.86667	0.982376	-0.00379482	0.186877	-0.00346645	0.999252	0.0385138	-0.186883	-0.0384828	0.981628
2.9	0.987023	0.00627487	0.160457	-0.0135344	0.998931	0.04419	-0.160009	-0.0457882	0.986053
2.93333	0.991574	0.0198037	0.128017	-0.0267128	0.998265	0.0524807	-0.126755	-0.0554582	0.990383
2.96667	0.995222	0.0286782	0.093329	-0.0331053	0.998382	0.0462377	-0.091852	-0.0491065	0.994561
3	0.998114	0.0317047	0.0525574	-0.0333697	0.998959	0.0311099	-0.0515163	-0.032805	0.998133
3.03333	0.999519	0.0298853	0.00828044	-0.0299815	0.999481	0.0117466	-0.00792509	-0.0119892	0.999897
3.06667	0.999013	0.0250689	-0.0366631	-0.0252456	0.999672	-0.00436555	0.0365416	0.00528683	0.999318
3.1	0.996532	0.0232073	-0.0799116	-0.0238693	0.999688	-0.00733973	0.0797164	0.00922171	0.996775
3.13333	0.992674	0.0257828	-0.118039	-0.0257024	0.999667	0.00220361	0.118057	0.000846418	0.993007
3.16667	0.988308	0.02663	-0.150128	-0.0237378	0.999497	0.0210243	0.150613	-0.0172148	0.988443
3.2	0.982914	0.0269778	-0.182077	-0.0189057	0.998766	0.0459246	0.183091	-0.0416976	0.982211
3.23333	0.976775	0.0322644	-0.211824	-0.0164275	0.996965	0.0761033	0.213637	-0.0708561	0.97434
3.26667	0.972254	0.0392115	-0.230616	-0.015917	0.994655	0.102016	0.233384	-0.0955145	0.967682
3.3	0.972303	0.0441057	-0.229523	-0.0171813	0.992864	0.118008	0.23309	-0.110796	0.966123
3.33333	0.976425	0.0437761	-0.211374	-0.0179543	0.992298	0.122569	0.215111	-0.115885	0.96969
3.36667	0.982554	0.042393	-0.181081	-0.0207703	0.992596	0.119677	0.184813	-0.113828	0.976159
3.4	0.989172	0.0361438	-0.142237	-0.0188949	0.992497	0.120801	0.145536	-0.116805	0.982434
3.43333	0.994365	0.0264553	-0.102653	-0.012973	0.991449	0.129847	0.10521	-0.127783	0.986206
3.46667	0.997553	0.0183047	-0.0674747	-0.00969052	0.992002	0.125848	0.0692387	-0.124886	0.989752
3.5	0.999296	0.00935184	-0.0363439	-0.00552183	0.994553	0.104088	0.0371193	-0.103814	0.993904
3.53333	0.999944	0.000154941	-0.0106026	0.000672268	0.996955	0.0779713	0.0105824	-0.077974	0.996899
3.56667	0.99989	-0.00596514	0.0135858	0.00509336	0.99798	0.063323	-0.0139361	-0.0632469	0.997901
3.6	0.999184	-0.00967179	0.0392169	0.00752501	0.998484	0.0545239	-0.0396848	-0.0541843	0.997742
3.63333	0.998088	-0.0100953	0.0609717	0.00539957	0.99704	0.076694	-0.0615655	-0.0762181	0.995189
3.66667	0.996374	-0.0131591	0.0840573	0.00439672	0.994611	0.103589	-0.0849674	-0.102843	0.991062
3.7	0.993791	-0.0198654	0.109471	0.00704219	0.993189	0.116301	-0.111036	-0.114808	0.987163
3.73333	0.990863	-0.0202871	0.133339	0.00409263	0.99269	0.120621	-0.134811	-0.118974	0.983703
3.76667	0.988348	-0.012844	0.151667	-0.0061893	0.992218	0.12436	-0.152084	-0.123849	0.980577
3.8	0.985771	-0.00192638	0.168082	-0.0193697	0.991972	0.124969	-0.166973	-0.126446	0.97782
3.83333	0.982378	0.0044287	0.186852	-0.0286865	0.991447	0.127321	-0.18469	-0.130438	0.974103
3.86667	0.978739	0.00386067	0.205074	-0.0317788	0.990604	0.133019	-0.202634	-0.136708	0.969665
3.9	0.976506	0.0107416	0.215224	-0.0411439	0.989677	0.137283	-0.211527	-0.142913	0.966867
3.93333	0.977103	0.0208926	0.211738	-0.0500988	0.989778	0.133527	-0.206784	-0.141077	0.968162
3.96667	0.982142	0.033452	0.185141	-0.0581673	0.989843	0.129719	-0.178921	-0.138172	0.974113
4	0.987763	0.0455888	0.149152	-0.0645229	0.990097	0.124679	-0.141991	-0.132777	0.980923
4.03333	0.992154	0.0548908	0.112324	-0.0673719	0.991588	0.110522	-0.105312	-0.117223	0.987506
4.06667	0.995592	0.0604355	0.071717	-0.0665717	0.994025	0.0865057	-0.0660604	-0.0908987	0.993667
4.1	0.997819	0.0606023	0.0261603	-0.0621614	0.996038	0.0635947	-0.0222026	-0.0650822	0.997633
4.13333	0.998226	0.0559111	-0.0204759	-0.0551083	0.997762	0.0378688	0.0225473	-0.0366733	0.999073
4.16667	0.996302	0.0513043	-0.0689244	-0.0495163	0.998397	0.0274047	0.07022	-0.0238905	0.997245
4.2	0.992258	0.0479444	-0.114563	-0.0448552	0.998561	0.0293936	0.115808	-0.0240273	0.992981
4.23333	0.986752	0.0444929	-0.156013	-0.038636	0.998437	0.0403764	0.157566	-0.0338138	0.986929
4.26667	0.979485	0.0410735	-0.197285	-0.0298258	0.997774	0.0596503	0.199296	-0.0525424	0.97853
4.3	0.970957	0.0416096	-0.235609	-0.0218425	0.996065	0.0858953	0.238256	-0.0782544	0.968045
4.33333	0.964059	0.0468015	-0.261534	-0.017137	0.993267	0.114575	0.265135	-0.105975	0.95837
4.36667	0.962469	0.0517815	-0.266407	-0.0146254	0.990099	0.139607	0.270998	-0.130471	0.953697
4.4	0.966804	0.0521971	-0.25013	-0.0115298	0.986827	0.161366	0.255258	-0.153125	0.954671
4.43333	0.973618	0.0470216	-0.223287	-0.00727111	0.984434	0.175605	0.228068	-0.169349	0.958804
4.46667	0.981796	0.0440514	-0.184758	-0.00945193	0.98286	0.184114	0.189702	-0.179016	0.965384
4.5	0.988699	0.036603	-0.145379	-0.00773926	0.980905	0.194335	0.149716	-0.191014	0.970102
4.53333	0.993883	0.0277039	-0.10691	-0.00666418	0.981306	0.192336	0.11024	-0.190447	0.975488
4.56667	0.997482	0.0120913	-0.0698811	-0.00132089	0.988355	0.152158	0.0709072	-0.151682	0.985883
4.6	0.999338	-0.00888838	-0.0352747	0.0117592	0.99656	0.0820313	0.0344242	-0.0823919	0.996005
4.63333	0.999574	-0.0289962	-0.00336985	0.0290334	0.999512	0.0115637	0.0030329	-0.0116566	0.999927
4.66667	0.998914	-0.0387982	0.0257968	0.0395197	0.998824	-0.0280723	-0.0246773	0.0290613	0.999273
4.7	0.997794	-0.040837	0.0523398	0.0428971	0.998323	-0.0388597	-0.0506651	0.0410192	0.997873
4.73333	0.9962	-0.0406295	0.0770327	0.0431463	0.998579	-0.0312928	-0.0756518	0.0344976	0.996537
4.76667	0.993776	-0.0414946	0.103377	0.0443027	0.998705	-0.0250172	-0.102205	0.0294413	0.994328
4.8	0.991689	-0.0365629	0.123353	0.0379314	0.999242	-0.00876283	-0.122939	0.013369	0.992324
4.83333	0.98934	-0.0314437	0.142186	0.0339467	0.999308	-0.0152116	-0.141609	0.0198762	0.989723
4.86667	0.988536	-0.0193671	0.149739	0.0200414	0.999795	-0.00299585	-0.14965	0.00596248	0.988721
4.9	0.98745	-0.00854384	0.1577	0.00644153	0.999884	0.0138374	-0.157799	-0.0126479	0.98739
4.93333	0.985685	-0.00526332	0.168518	8.84381e-05	0.999529	0.030701	-0.1686	-0.0302466	0.98522
4.96667	0.98398	-0.0103001	0.177982	-0.000546583	0.998151	0.0607864	-0.178279	-0.0599099	0.982154
5	0.982318	-0.00470001	0.187163	-0.0103391	0.996798	0.0792958	-0.186937	-0.0798287	0.979123
5.03333	0.981721	0.00456942	0.190269	-0.0198917	0.9967	0.0786982	-0.189281	-0.0810445	0.978573
5.06667	0.984778	0.0188778	0.172788	-0.032946	0.996337	0.0789164	-0.170666	-0.0834078	0.981792
5.1	0.989058	0.0324296	0.143917	-0.0450251	0.995351	0.0851435	-0.140487	-0.0906917	0.98592
5.13333	0.992528	0.0415524	0.114728	-0.0508989	0.995512	0.079777	-0.110898	-0.0850204	0.990188
5.16667	0.995518	0.046773	0.0821994	-0.0515072	0.997076	0.0564486	-0.0793188	-0.0604295	0.995016
5.2	0.997919	0.0472405	0.0438805	-0.0485738	0.998374	0.0298315	-0.0423999	-0.0319008	0.998591
5.23333	0.999008	0.0445138	0.00117086	-0.0445206	0.998987	0.00659023	-0.00087632	-0.00663582	0.999978
5.26667	0.998112	0.0421905	-0.044644	-0.0423092	0.999103	-0.00171656	0.0445315	0.00360217	0.999001
5.3	0.995026	0.0426114	-0.0900464	-0.0425174	0.999091	0.00296274	0.0900908	0.000880527	0.995933
5.33333	0.989995	0.0440703	-0.134043	-0.0424702	0.998988	0.0147744	0.134559	-0.00893373	0.990865
5.36667	0.983491	0.043569	-0.175636	-0.0387768	0.998778	0.0306268	0.176756	-0.0233105	0.983979
5.4	0.975362	0.0426284	-0.216451	-0.0329574	0.998299	0.0480962	0.218133	-0.0397775	0.975108
5.43333	0.967491	0.0412398	-0.24952	-0.0269262	0.997804	0.0605098	0.251468	-0.051824	0.966477
5.46667	0.959734	0.0496324	-0.27649	-0.0249801	0.995447	0.0919825	0.279796	-0.081372	0.956605
5.5	0.957459	0.0522926	-0.283792	-0.0203902	0.993245	0.114226	0.287849	-0.10358	0.952058
5.53333	0.960725	0.0523799	-0.272512	-0.0170764	0.991322	0.130341	0.276975	-0.120569	0.953283
5.56667	0.967624	0.0487934	-0.247634	-0.013363	0.989663	0.142786	0.252041	-0.134854	0.958274
5.6	0.976354	0.0457719	-0.211276	-0.0146364	0.989081	0.146641	0.215681	-0.140082	0.966364
5.63333	0.985436	0.0411493	-0.164996	-0.0162581	0.988634	0.14946	0.169271	-0.144601	0.974904
5.66667	0.992138	0.0369899	-0.11956	-0.0181738	0.98778	0.154792	0.123825	-0.151402	0.980686
5.7	0.996826	0.0280998	-0.0744907	-0.0179057	0.9908	0.134144	0.0775748	-0.132384	0.988158
5.73333	0.999116	0.0194653	-0.0372589	-0.0157749	0.995169	0.0968987	0.038965	-0.0962253	0.994597
5.76667	0.999941	0.00869071	-0.00647875	-0.00831107	0.998369	0.0564851	0.00695908	-0.0564279	0.998382
5.8	0.999817	0.00023572	0.0191309	-0.000706785	0.999697	0.0246202	-0.0191193	-0.0246292	0.999514
5.83333	0.999084	-0.00676803	0.0422471	0.00648789	0.999956	0.00676458	-0.042291	-0.00648429	0.999084
5.86667	0.998259	-0.0135812	0.0573898	0.0119996	0.999541	0.0278142	-0.0577412	-0.0270771	0.997964
5.9	0.996789	-0.0236238	0.0765068	0.0198822	0.998586	0.0493032	-0.0775634	-0.0476237	0.995849
5.93333	0.994823	-0.033207	0.0960456	0.0261819	0.996951	0.0735002	-0.0981936	-0.0706051	0.99266
5.96667	0.992374	-0.0395769	0.116735	0.0297465	0.995955	0.084783	-0.119618	-0.080664	0.989538
6	0.989922	-0.0407052	0.135636	0.0290749	0.995814	0.0866509	-0.138595	-0.081834	0.986962
6.03333	0.988121	-0.0348384	0.149679	0.0225504	0.996293	0.0830223	-0.152017	-0.0786607	0.985243
6.06667	0.987285	-0.0252364	0.156947	0.0134976	0.997061	0.0754162	-0.158389	-0.0723389	0.984723
6.1	0.987199	-0.0135032	0.15892	0.00235282	0.997534	0.0701439	-0.159475	-0.0688721	0.984797
6.13333	0.987809	-0.00156132	0.155666	-0.00968229	0.997398	0.0714447	-0.155372	-0.0720809	0.985223
6.16667	0.98899	0.0084088	0.14774	-0.0205883	0.996493	0.0811038	-0.14654	-0.0832526	0.985695
6.2	0.989539	0.0111083	0.143836	-0.0239301	0.995858	0.0877216	-0.142265	-0.0902459	0.985706
6.23333	0.990417	0.00486706	0.138026	-0.0209338	0.993123	0.115193	-0.136516	-0.116978	0.983707
6.26667	0.990922	0.00846808	0.134174	-0.0248523	0.992352	0.120913	-0.132124	-0.12315	0.983553
6.3	0.991656	0.0096273	0.128555	-0.0246252	0.992992	0.115592	-0.126542	-0.117793	0.984943
6.33333	0.993495	0.0135446	0.113063	-0.0264748	0.993167	0.113658	-0.110751	-0.115912	0.987066
6.36667	0.995463	0.0181564	0.0934054	-0.0296763	0.991905	0.123464	-0.0904076	-0.125675	0.987943
6.4	0.997075	0.0238778	0.0726003	-0.0330568	0.991225	0.127986	-0.0689072	-0.130011	0.989115
6.43333	0.998314	0.0302669	0.0495209	-0.0359816	0.992253	0.11891	-0.0455382	-0.120492	0.991669
6.46667	0.998972	0.034424	0.0294846	-0.036491	0.996686	0.0727047	-0.026884	-0.0737059	0.996918
6.5	0.999155	0.0408854	-0.00408532	-0.0404378	0.996079	0.0786855	0.00728639	-0.0784539	0.996891
6.53333	0.998507	0.0449951	-0.0309713	-0.0426689	0.996487	0.0720624	0.034105	-0.0706333	0.996919
6.56667	0.997269	0.0482173	-0.0559468	-0.0449168	0.997257	0.0588224	0.0586296	-0.0561488	0.996699
