0	0.911305	-0.411733	0	0.411733	0.911305	0	0	0	1
0.0333333	0.916608	-0.379697	-0.125139	0.374806	0.925063	-0.0614764	0.139103	0.00944705	0.990233
0.0666667	0.923742	-0.259042	-0.282132	0.235875	0.965095	-0.113822	0.301769	0.0385939	0.9526
0.1	0.901477	-0.154117	-0.404458	0.106913	0.984791	-0.136957	0.419414	0.0802213	0.904243
0.133333	0.867976	-0.0694047	-0.491732	-0.00143459	0.989831	-0.14224	0.496604	0.124167	0.85905
0.166667	0.834658	-0.0043982	-0.550751	-0.0866719	0.98646	-0.139228	0.543906	0.163943	0.822976
0.2	0.805552	0.0450271	-0.590812	-0.152582	0.979245	-0.133409	0.572543	0.197615	0.795703
0.233333	0.781391	0.0823484	-0.618584	-0.203016	0.970878	-0.127201	0.590095	0.224976	0.775354
0.266667	0.761067	0.110134	-0.639256	-0.241187	0.962873	-0.121258	0.602168	0.246466	0.759374
0.3	0.742122	0.130299	-0.657478	-0.2698	0.956016	-0.115071	0.613566	0.262784	0.744635
0.333333	0.722916	0.144162	-0.675729	-0.290628	0.950711	-0.108095	0.62684	0.27453	0.729181
0.366667	0.703362	0.152622	-0.694254	-0.304596	0.947179	-0.100369	0.642264	0.282063	0.712698
0.4	0.68551	0.156482	-0.711048	-0.312197	0.945463	-0.0929147	0.65773	0.285681	0.696978
0.433333	0.669675	0.156667	-0.725941	-0.314424	0.945376	-0.08603	0.672809	0.285866	0.682355
0.466667	0.655337	0.154558	-0.739355	-0.313089	0.946376	-0.0796762	0.687393	0.283698	0.668585
0.5	0.641601	0.151175	-0.751994	-0.309638	0.948002	-0.073604	0.701764	0.28007	0.655048
0.533333	0.629094	0.145109	-0.763664	-0.301866	0.950924	-0.0679803	0.716322	0.27329	0.642024
0.566667	0.617569	0.14023	-0.773915	-0.295484	0.953264	-0.0630629	0.728902	0.267625	0.630142
0.6	0.610668	0.136873	-0.779968	-0.290873	0.954868	-0.0601716	0.73653	0.263617	0.62292
0.633333	0.61164	0.134981	-0.779536	-0.287875	0.955763	-0.0603769	0.736902	0.261338	0.62344
0.666667	0.622596	0.13599	-0.770636	-0.288536	0.955292	-0.0645326	0.727407	0.262534	0.633999
0.7	0.637793	0.139126	-0.757538	-0.291879	0.953849	-0.0705608	0.71276	0.266112	0.648966
0.733333	0.656325	0.144821	-0.740449	-0.298289	0.951255	-0.0783485	0.693009	0.27229	0.667531
0.766667	0.674326	0.152105	-0.722599	-0.306467	0.947947	-0.0864536	0.671836	0.279751	0.68584
0.8	0.692242	0.158998	-0.703933	-0.313532	0.944822	-0.0949173	0.649999	0.286411	0.703896
0.833333	0.708493	0.16581	-0.685963	-0.320165	0.941741	-0.103044	0.628914	0.292627	0.720304
0.866667	0.721514	0.171626	-0.670793	-0.325554	0.939116	-0.109892	0.611092	0.297668	0.733458
0.9	0.730142	0.176862	-0.66001	-0.33065	0.93675	-0.114765	0.597966	0.302027	0.742439
0.933333	0.734603	0.180979	-0.653916	-0.334943	0.934879	-0.117533	0.590061	0.305365	0.747382
0.966667	0.735074	0.183087	-0.652798	-0.337445	0.933914	-0.118044	0.588045	0.307055	0.748278
1	0.732701	0.183349	-0.655388	-0.338192	0.933794	-0.116853	0.590572	0.307265	0.746198
1.03333	0.727605	0.182921	-0.661159	-0.338558	0.933992	-0.114179	0.596631	0.306918	0.741507
1.06667	0.720273	0.181682	-0.669477	-0.338249	0.934571	-0.11029	0.605636	0.305889	0.7346
1.1	0.710611	0.179686	-0.680253	-0.337262	0.935514	-0.105202	0.617483	0.304181	0.725388
1.13333	0.699238	0.17713	-0.692598	-0.335657	0.936735	-0.0993074	0.631191	0.301914	0.714455
1.16667	0.687466	0.174038	-0.705054	-0.333204	0.938228	-0.0932965	0.645264	0.299065	0.70299
1.2	0.676203	0.170114	-0.716805	-0.329356	0.940135	-0.0875848	0.658994	0.295309	0.691751
1.23333	0.667436	0.166287	-0.725864	-0.325146	0.941999	-0.0831715	0.669933	0.291523	0.682791
1.26667	0.662057	0.163357	-0.731433	-0.321675	0.943425	-0.0804616	0.676909	0.288554	0.677149
1.3	0.660234	0.160722	-0.733661	-0.318182	0.9447	-0.0793839	0.680331	0.28585	0.674862
1.33333	0.661499	0.159346	-0.732822	-0.316114	0.94536	-0.079787	0.680067	0.284434	0.675727
1.36667	0.665336	0.159158	-0.729381	-0.315428	0.94545	-0.0814244	0.676634	0.284242	0.679244
1.4	0.671198	0.159968	-0.723811	-0.315884	0.945067	-0.0840553	0.670604	0.285058	0.684859
1.43333	0.678655	0.161741	-0.716427	-0.317426	0.944236	-0.0875195	0.66232	0.286808	0.692151
1.46667	0.686878	0.162267	-0.708427	-0.317105	0.943992	-0.091235	0.653945	0.287313	0.699863
1.5	0.693242	0.161273	-0.702429	-0.314937	0.944448	-0.0939796	0.648251	0.286372	0.705522
1.53333	0.697828	0.159488	-0.698284	-0.311947	0.945253	-0.0958465	0.644768	0.284712	0.709375
1.56667	0.700383	0.15677	-0.696338	-0.308	0.946458	-0.0967087	0.643894	0.282205	0.711168
1.6	0.699871	0.154254	-0.697414	-0.304746	0.947559	-0.0962381	0.645996	0.279888	0.710177
1.63333	0.695944	0.152347	-0.701749	-0.302748	0.948389	-0.0943515	0.651157	0.278116	0.706149
1.66667	0.688916	0.152409	-0.708637	-0.303755	0.948362	-0.0913345	0.658124	0.278174	0.699637
1.7	0.678093	0.15385	-0.718693	-0.307062	0.947719	-0.0868377	0.66776	0.279567	0.689884
1.73333	0.665092	0.155605	-0.73037	-0.310993	0.946915	-0.0814577	0.678923	0.281317	0.678177
1.76667	0.651724	0.158304	-0.741751	-0.316224	0.945633	-0.0760276	0.689389	0.284109	0.666352
1.8	0.638366	0.160931	-0.752722	-0.321308	0.944339	-0.0705961	0.699464	0.286922	0.654543
1.83333	0.627003	0.165079	-0.761325	-0.328414	0.942213	-0.0661702	0.706408	0.291519	0.644985
1.86667	0.621517	0.169175	-0.764916	-0.33496	0.940039	-0.0642586	0.708179	0.296154	0.640917
1.9	0.623382	0.174411	-0.762217	-0.342574	0.937189	-0.0657279	0.702878	0.30209	0.643976
1.93333	0.637058	0.17568	-0.750529	-0.34319	0.936495	-0.0720941	0.690201	0.303502	0.656893
1.96667	0.652762	0.176968	-0.736603	-0.343425	0.935809	-0.0795087	0.675249	0.304868	0.671635
2	0.674473	0.175355	-0.717172	-0.338677	0.936637	-0.0894963	0.656036	0.303252	0.691125
2.03333	0.698377	0.176096	-0.693729	-0.336437	0.936271	-0.101028	0.631728	0.303952	0.713115
2.06667	0.720054	0.178057	-0.670685	-0.335566	0.935341	-0.111947	0.607386	0.305667	0.733246
2.1	0.738659	0.180018	-0.649597	-0.334697	0.934443	-0.121631	0.585116	0.307262	0.750486
2.13333	0.751163	0.181652	-0.634631	-0.334228	0.933713	-0.128341	0.56925	0.308517	0.762084
2.16667	0.76152	0.185135	-0.621138	-0.336177	0.932172	-0.134314	0.554141	0.311094	0.772106
2.2	0.769766	0.189788	-0.60946	-0.339745	0.93012	-0.139465	0.540402	0.314416	0.780454
2.23333	0.774845	0.193943	-0.601665	-0.34332	0.928282	-0.142914	0.530798	0.3173	0.785859
2.26667	0.776978	0.201965	-0.596252	-0.351897	0.924686	-0.145345	0.521991	0.322749	0.789531
2.3	0.773023	0.209663	-0.59873	-0.36153	0.92114	-0.144209	0.521279	0.327936	0.787862
2.33333	0.7629	0.21177	-0.61085	-0.366292	0.920139	-0.138473	0.532742	0.329391	0.779543
2.36667	0.745852	0.20499	-0.633785	-0.362059	0.923406	-0.127414	0.559122	0.324499	0.762943
2.4	0.723317	0.191447	-0.663446	-0.34984	0.929963	-0.113055	0.595336	0.313875	0.739633
2.43333	0.695906	0.175303	-0.696407	-0.333481	0.937734	-0.0971904	0.636007	0.299874	0.711035
2.46667	0.66589	0.161441	-0.728373	-0.318507	0.944379	-0.0818656	0.674644	0.286505	0.680273
2.5	0.637145	0.152128	-0.755581	-0.308075	0.948876	-0.0687392	0.706495	0.276572	0.651438
2.53333	0.613847	0.145117	-0.775972	-0.299449	0.952299	-0.0587923	0.730426	0.268453	0.628021
2.56667	0.596653	0.13936	-0.790306	-0.29165	0.955123	-0.0517625	0.747627	0.261377	0.610521
2.6	0.580297	0.133825	-0.803335	-0.283701	0.957839	-0.0453714	0.763393	0.254236	0.593797
2.63333	0.564088	0.128223	-0.815698	-0.27521	0.96058	-0.0393216	0.778501	0.246669	0.57714
2.66667	0.548007	0.121936	-0.827538	-0.265107	0.963634	-0.0335679	0.793351	0.237782	0.560405
2.7	0.535889	0.114484	-0.836491	-0.252359	0.96719	-0.0292994	0.805691	0.226797	0.547197
2.73333	0.528637	0.10589	-0.842217	-0.237023	0.971138	-0.0266749	0.815084	0.213727	0.538478
2.76667	0.522785	0.0994503	-0.846644	-0.225334	0.973968	-0.0247326	0.822144	0.203707	0.531585
2.8	0.517049	0.0993006	-0.850176	-0.225218	0.974032	-0.0232029	0.825795	0.203472	0.525987
2.83333	0.516261	0.103638	-0.850138	-0.23338	0.972108	-0.0232172	0.82402	0.210391	0.526049
2.86667	0.510829	0.114285	-0.852052	-0.253558	0.967063	-0.0223033	0.821439	0.227438	0.522981
2.9	0.512384	0.131412	-0.848642	-0.285633	0.958036	-0.0241055	0.809862	0.254752	0.528418
2.93333	0.529504	0.148368	-0.835232	-0.315899	0.948259	-0.0318222	0.787295	0.280699	0.548976
2.96667	0.566682	0.160268	-0.808199	-0.334358	0.941234	-0.0477922	0.753044	0.297311	0.586967
3	0.606995	0.169068	-0.776513	-0.345292	0.936166	-0.066084	0.715772	0.308237	0.626626
3.03333	0.643049	0.180644	-0.744215	-0.358653	0.929662	-0.0842411	0.676651	0.321086	0.662607
3.06667	0.67165	0.194913	-0.714769	-0.374602	0.921706	-0.10066	0.639186	0.335362	0.692079
3.1	0.692273	0.209089	-0.690681	-0.389888	0.913758	-0.114166	0.607245	0.348322	0.714091
3.13333	0.709513	0.22198	-0.668817	-0.40288	0.906463	-0.126541	0.578168	0.359235	0.732579
3.16667	0.721966	0.230637	-0.652358	-0.410803	0.901538	-0.135904	0.556781	0.366109	0.745626
3.2	0.730197	0.233387	-0.642139	-0.412265	0.899977	-0.141701	0.544839	0.368201	0.753378
3.23333	0.7356	0.230425	-0.637022	-0.407626	0.901633	-0.144564	0.541049	0.366008	0.757169
3.26667	0.738206	0.225001	-0.635945	-0.400765	0.904609	-0.145153	0.542622	0.362018	0.757961
3.3	0.734367	0.221995	-0.641422	-0.398136	0.906241	-0.142181	0.54972	0.359786	0.753898
3.33333	0.728666	0.221323	-0.648122	-0.398589	0.906607	-0.138532	0.556932	0.359278	0.74883
3.36667	0.729279	0.219126	-0.648179	-0.395866	0.907804	-0.138501	0.55807	0.357598	0.748787
3.4	0.738806	0.217614	-0.637817	-0.392004	0.908613	-0.144066	0.548177	0.356464	0.756594
3.43333	0.75135	0.215219	-0.623822	-0.386313	0.90986	-0.151386	0.535009	0.354734	0.766765
3.46667	0.758523	0.210797	-0.61661	-0.379516	0.912101	-0.155047	0.529727	0.35162	0.77185
3.5	0.759221	0.203128	-0.618322	-0.370627	0.915892	-0.154199	0.534994	0.346238	0.770649
3.53333	0.750853	0.193071	-0.631619	-0.361051	0.920767	-0.147751	0.553048	0.338986	0.761069
3.56667	0.73406	0.183362	-0.653861	-0.353241	0.92544	-0.137047	0.57998	0.331571	0.7441
3.6	0.710701	0.17344	-0.681779	-0.345524	0.930243	-0.123533	0.612794	0.323366	0.721053
3.63333	0.68552	0.16309	-0.709552	-0.336325	0.935305	-0.109955	0.645715	0.314016	0.696022
3.66667	0.65929	0.150204	-0.736733	-0.322501	0.941625	-0.0966232	0.679212	0.3013	0.669245
3.7	0.631001	0.136049	-0.763759	-0.305526	0.948519	-0.0834581	0.713086	0.286011	0.640083
3.73333	0.600496	0.122232	-0.79023	-0.287471	0.955176	-0.0707035	0.746167	0.269626	0.608717
3.76667	0.57054	0.10909	-0.813992	-0.26859	0.961421	-0.0594113	0.776108	0.252526	0.577829
3.8	0.545127	0.0988087	-0.83251	-0.252638	0.966229	-0.0507477	0.799381	0.237988	0.551681
3.83333	0.526062	0.0905643	-0.84561	-0.238888	0.970016	-0.0447265	0.816205	0.225535	0.531924
3.86667	0.510765	0.0864399	-0.855364	-0.231951	0.971893	-0.0402895	0.827839	0.218981	0.516459
3.9	0.505104	0.0871069	-0.858651	-0.233477	0.971589	-0.0387795	0.830878	0.220063	0.511091
3.93333	0.503071	0.0932369	-0.859201	-0.245305	0.968681	-0.038511	0.828701	0.23014	0.510186
3.96667	0.507119	0.107151	-0.855189	-0.271574	0.961562	-0.0405618	0.817972	0.252817	0.516726
4	0.526524	0.124281	-0.841027	-0.30206	0.952059	-0.0484166	0.79469	0.279533	0.538822
4.03333	0.565996	0.138369	-0.812713	-0.32352	0.944015	-0.0645849	0.758276	0.299484	0.579074
4.06667	0.610524	0.145689	-0.778483	-0.33086	0.939973	-0.0835651	0.719578	0.308587	0.622079
4.1	0.646778	0.151693	-0.747441	-0.335253	0.936809	-0.0999762	0.685043	0.315244	0.656763
4.13333	0.67049	0.161313	-0.724169	-0.345147	0.931843	-0.111989	0.656747	0.325032	0.680469
4.16667	0.682331	0.173954	-0.710046	-0.360089	0.925251	-0.119357	0.636208	0.33712	0.693966
4.2	0.688002	0.186018	-0.701463	-0.374801	0.918781	-0.123961	0.621432	0.348194	0.701843
4.23333	0.693528	0.196473	-0.693122	-0.387141	0.913014	-0.128563	0.60757	0.357498	0.709263
4.26667	0.703796	0.201361	-0.681267	-0.39128	0.910291	-0.135167	0.592934	0.361696	0.719448
4.3	0.720151	0.200357	-0.664258	-0.386654	0.910841	-0.144455	0.576091	0.360867	0.733412
4.33333	0.738053	0.197065	-0.645324	-0.378653	0.912571	-0.154388	0.55848	0.3583	0.748145
4.36667	0.752002	0.196701	-0.629128	-0.374761	0.912756	-0.162576	0.542261	0.35803	0.76011
4.4	0.758034	0.203768	-0.619566	-0.381199	0.909218	-0.167363	0.529218	0.363045	0.766894
4.43333	0.762454	0.213613	-0.610765	-0.390979	0.904216	-0.171837	0.515557	0.369814	0.772941
4.46667	0.76988	0.223805	-0.597659	-0.399983	0.89895	-0.178612	0.497291	0.376563	0.781602
4.5	0.779436	0.232243	-0.581844	-0.406031	0.894552	-0.186858	0.477093	0.381891	0.791544
4.53333	0.787959	0.23511	-0.569073	-0.406209	0.89306	-0.193487	0.462726	0.383623	0.799199
4.56667	0.794844	0.228923	-0.561976	-0.397464	0.896202	-0.197091	0.458525	0.380022	0.803329
4.6	0.793676	0.2159	-0.56874	-0.384379	0.902613	-0.193759	0.47152	0.372394	0.79937
4.63333	0.782377	0.20128	-0.589384	-0.372514	0.909634	-0.183844	0.49912	0.363389	0.786656
4.66667	0.762659	0.186914	-0.619204	-0.362354	0.91647	-0.169655	0.535771	0.35376	0.766683
4.7	0.739167	0.172142	-0.651152	-0.351136	0.923496	-0.154459	0.574748	0.342814	0.743064
4.73333	0.714207	0.155331	-0.682481	-0.336001	0.931455	-0.139623	0.614012	0.329034	0.717444
4.76667	0.686902	0.138525	-0.713425	-0.319386	0.939328	-0.125124	0.652807	0.313806	0.689469
4.8	0.655576	0.123908	-0.744894	-0.304356	0.94613	-0.110479	0.691077	0.29914	0.657973
4.83333	0.618697	0.111194	-0.777721	-0.290684	0.952079	-0.095124	0.729875	0.284924	0.621371
4.86667	0.579786	0.100036	-0.808605	-0.277391	0.957383	-0.0804532	0.766096	0.270945	0.582826
4.9	0.544451	0.0897644	-0.833975	-0.263179	0.962331	-0.0682333	0.796436	0.256634	0.547567
4.93333	0.516346	0.0808213	-0.852558	-0.249138	0.966654	-0.0592509	0.81934	0.242998	0.519263
4.96667	0.496154	0.0749168	-0.864996	-0.239228	0.969502	-0.053251	0.834626	0.233352	0.498944
5	0.48873	0.0728608	-0.869387	-0.235647	0.970492	-0.0511359	0.840008	0.22986	0.491478
5.03333	0.489406	0.078051	-0.868556	-0.245833	0.967941	-0.0515377	0.836689	0.238743	0.492904
5.06667	0.494404	0.0905472	-0.864503	-0.26989	0.961395	-0.0536526	0.826271	0.259846	0.499756
5.1	0.516903	0.108226	-0.849175	-0.301564	0.951408	-0.0623105	0.801168	0.288289	0.524423
5.13333	0.558862	0.123937	-0.819947	-0.325336	0.942266	-0.0793171	0.762778	0.311085	0.566918
5.16667	0.609004	0.134996	-0.781595	-0.337158	0.93601	-0.101041	0.717941	0.325055	0.615549
5.2	0.648858	0.144914	-0.746983	-0.345779	0.930635	-0.119815	0.677805	0.336034	0.653958
5.23333	0.67256	0.158529	-0.722863	-0.360271	0.923361	-0.132701	0.646427	0.349676	0.678129
5.26667	0.682893	0.174052	-0.709481	-0.378631	0.914899	-0.139995	0.624737	0.364233	0.690679
5.3	0.687172	0.187333	-0.701926	-0.394726	0.907404	-0.144257	0.609906	0.376198	0.697488
5.33333	0.690281	0.196219	-0.696427	-0.405232	0.902245	-0.147448	0.599415	0.383995	0.702317
5.36667	0.693865	0.201367	-0.691378	-0.410844	0.899211	-0.150423	0.591404	0.388421	0.706661
5.4	0.700497	0.20381	-0.683934	-0.412363	0.897769	-0.154817	0.582462	0.390478	0.712927
5.43333	0.708322	0.203774	-0.675837	-0.410512	0.897789	-0.159548	0.574247	0.39045	0.719576
5.46667	0.716976	0.202516	-0.667033	-0.406926	0.898509	-0.1646	0.566	0.389447	0.726618
5.5	0.724104	0.202897	-0.659171	-0.405584	0.898292	-0.169036	0.557831	0.389749	0.732748
5.53333	0.727013	0.206939	-0.654697	-0.409534	0.89602	-0.171552	0.55112	0.392841	0.736167
5.56667	0.726941	0.212538	-0.652981	-0.416017	0.89284	-0.172528	0.546339	0.397069	0.737462
5.6	0.727621	0.217415	-0.650614	-0.421432	0.890032	-0.173893	0.54126	0.400718	0.739231
5.63333	0.728319	0.222392	-0.648146	-0.426918	0.88713	-0.175334	0.535997	0.404404	0.741057
5.66667	0.726364	0.227333	-0.648625	-0.433051	0.884208	-0.175052	0.533725	0.40804	0.740704
5.7	0.723162	0.227039	-0.652296	-0.433573	0.884384	-0.172857	0.537635	0.407822	0.737991
5.73333	0.71312	0.218986	-0.665962	-0.426847	0.889203	-0.164679	0.556113	0.4017	0.727582
5.76667	0.699453	0.205406	-0.684525	-0.413865	0.897279	-0.153643	0.582651	0.390767	0.712614
5.8	0.680554	0.18903	-0.707895	-0.39743	0.906904	-0.139909	0.615545	0.376554	0.692323
5.83333	0.657626	0.173093	-0.733189	-0.380717	0.916179	-0.125187	0.650063	0.361463	0.668402
5.86667	0.629567	0.154795	-0.761369	-0.359615	0.926719	-0.108949	0.68871	0.34239	0.639098
5.9	0.603511	0.139298	-0.785093	-0.340104	0.935531	-0.0954518	0.721182	0.324619	0.611979
5.93333	0.578851	0.12525	-0.805757	-0.320868	0.943404	-0.0838637	0.74965	0.307086	0.586278
5.96667	0.554753	0.111311	-0.824536	-0.300141	0.951055	-0.0735455	0.775993	0.288277	0.56101
6	0.534398	0.0999894	-0.839298	-0.282167	0.957117	-0.0656359	0.796744	0.271898	0.539695
6.03333	0.519622	0.0903206	-0.849609	-0.265788	0.962146	-0.0602717	0.812004	0.257134	0.523958
6.06667	0.510393	0.0823993	-0.855984	-0.251686	0.966125	-0.0570701	0.822285	0.244568	0.513842
6.1	0.510554	0.0772775	-0.856366	-0.242027	0.968601	-0.0568876	0.82508	0.236307	0.513226
6.13333	0.514291	0.0747836	-0.854349	-0.237086	0.969766	-0.057832	0.824193	0.232297	0.516472
6.16667	0.522429	0.0752563	-0.849355	-0.237403	0.969549	-0.0601177	0.818968	0.233046	0.524387
6.2	0.532837	0.0779379	-0.842621	-0.241538	0.968333	-0.0631724	0.811015	0.237186	0.534788
6.23333	0.544944	0.0835274	-0.834302	-0.250557	0.965783	-0.0669664	0.800161	0.245533	0.547226
6.26667	0.563238	0.0922379	-0.821131	-0.264028	0.961743	-0.0730718	0.782977	0.257958	0.566043
6.3	0.584739	0.106676	-0.804177	-0.285834	0.954835	-0.0811768	0.759197	0.277329	0.58882
6.33333	0.60256	0.127329	-0.787851	-0.316512	0.944362	-0.0894491	0.732627	0.303263	0.609336
6.36667	0.620717	0.150309	-0.769492	-0.348911	0.931867	-0.0994257	0.702119	0.330199	0.63087
6.4	0.637869	0.170604	-0.751011	-0.375682	0.920192	-0.110049	0.672299	0.352338	0.651054
6.43333	0.650454	0.186517	-0.736289	-0.395667	0.910671	-0.118849	0.64835	0.368631	0.666148
6.46667	0.655312	0.199205	-0.728617	-0.411861	0.902827	-0.12359	0.633195	0.381078	0.673679
6.5	0.656416	0.211366	-0.724184	-0.427686	0.895042	-0.12643	0.621452	0.392714	0.677918
6.53333	0.654798	0.221609	-0.722586	-0.441312	0.88825	-0.127495	0.613583	0.402369	0.679423
6.56667	0.65114	0.22807	-0.723879	-0.450334	0.883837	-0.126615	0.610914	0.408431	0.678209
