0	1	0	0	0	1	0	0	0	1
0.0333333	0.989151	0.0357188	0.14249	-0.0370303	0.999293	0.00656208	-0.142155	-0.0117674	0.989774
0.0666667	0.997799	0.00384855	0.0661988	-0.00139258	0.99931	-0.0371062	-0.0662959	0.0369323	0.997116
0.1	0.998364	-0.00664981	0.0567949	0.00982418	0.998394	-0.0557968	-0.0563326	0.0562635	0.996825
0.133333	0.998629	-0.0109489	0.0511914	0.0136136	0.998554	-0.0519984	-0.0505481	0.052624	0.997334
0.166667	0.998868	-0.011463	0.0461689	0.0132147	0.999197	-0.0378163	-0.0456984	0.0383836	0.998218
0.2	0.999031	-0.00964772	0.0429452	0.0106792	0.999658	-0.0238539	-0.0427004	0.0242894	0.998793
0.233333	0.999153	-0.00668786	0.0405917	0.00728986	0.999865	-0.0147008	-0.0404879	0.0149842	0.999068
0.266667	0.999275	-0.00248316	0.0379934	0.00279985	0.999962	-0.0082845	-0.0379713	0.00838487	0.999244
0.3	0.999404	0.000635863	0.0345103	-0.000440983	0.999984	-0.00565433	-0.0345133	0.00563574	0.999388
0.333333	0.999509	0.00390308	0.0310735	-0.00377786	0.999985	-0.00408735	-0.031089	0.00396795	0.999509
0.366667	0.999526	0.00648635	0.0300788	-0.00649297	0.999979	0.000122658	-0.0300774	-0.000317901	0.999548
0.4	0.999491	0.0078361	0.0309406	-0.00799576	0.999955	0.00504006	-0.0308997	-0.00528489	0.999509
0.433333	0.99946	0.00756024	0.0319863	-0.00780087	0.999942	0.0074047	-0.0319285	-0.00765022	0.999461
0.466667	0.99946	0.00757517	0.0319733	-0.00781896	0.999941	0.00750672	-0.0319146	-0.00775266	0.999461
0.5	0.99945	0.00689152	0.0324402	-0.0070238	0.999967	0.00396533	-0.0324118	-0.004191	0.999466
0.533333	0.99933	0.00715846	0.0358967	-0.00732247	0.999963	0.00443954	-0.0358636	-0.00469941	0.999346
0.566667	0.999211	0.00656377	0.0391675	-0.00671313	0.999971	0.00368303	-0.0391422	-0.00394306	0.999226
0.6	0.999168	0.00694335	0.0401952	-0.0071144	0.999966	0.00411404	-0.0401652	-0.00439658	0.999183
0.633333	0.999141	0.00699251	0.0408409	-0.00712905	0.999969	0.00319863	-0.0408173	-0.00348704	0.999161
0.666667	0.99913	0.00656395	0.0411875	-0.00671177	0.999972	0.00345154	-0.0411637	-0.00372497	0.999145
0.7	0.999103	0.00594672	0.0419316	-0.00615717	0.999969	0.00489151	-0.0419012	-0.0051453	0.999109
0.733333	0.999084	0.00568223	0.0424073	-0.00594654	0.999964	0.00610914	-0.042371	-0.00635572	0.999082
0.766667	0.999105	0.00488939	0.042023	-0.00507363	0.999978	0.00427867	-0.0420011	-0.00448805	0.999107
0.8	0.999139	0.00404076	0.0412798	-0.00419843	0.999984	0.00373349	-0.041264	-0.00390358	0.999141
0.833333	0.999179	0.00420548	0.0402846	-0.0043509	0.999984	0.00352274	-0.0402692	-0.00369512	0.999182
0.866667	0.999282	0.00516153	0.0375356	-0.00533309	0.999976	0.00447182	-0.0375116	-0.00466879	0.999285
0.9	0.999361	0.0050705	0.03539	-0.00528672	0.999968	0.00601876	-0.0353584	-0.00620201	0.999355
0.933333	0.999441	0.00524682	0.0330075	-0.00546496	0.999964	0.00652214	-0.0329721	-0.00669888	0.999434
0.966667	0.99951	0.00470435	0.0309381	-0.00488917	0.999971	0.00590099	-0.0309094	-0.00604936	0.999504
1	0.999564	0.00395581	0.0292597	-0.00408208	0.999983	0.00425694	-0.0292424	-0.00437453	0.999563
1.03333	0.999622	0.00307562	0.0273242	-0.00314111	0.999992	0.00235424	-0.0273168	-0.00243918	0.999624
1.06667	0.99965	0.00199183	0.0263856	-0.00201083	0.999998	0.000693723	-0.0263842	-0.000746537	0.999652
1.1	0.999657	0.000527786	0.0261734	-0.000507909	1	-0.000766094	-0.0261738	0.000752537	0.999657
1.13333	0.999649	-0.00145798	0.0264393	0.00148878	0.999998	-0.00114523	-0.0264376	0.00118419	0.99965
1.16667	0.999618	-0.00307908	0.0274718	0.00308083	0.999995	-2.14987e-05	-0.0274716	0.000106126	0.999623
1.2	0.999603	-0.00397148	0.0278763	0.00392576	0.999991	0.00169479	-0.0278827	-0.00158468	0.99961
1.23333	0.999604	-0.00447309	0.02777	0.00439912	0.999987	0.00272401	-0.0277818	-0.00260077	0.999611
1.26667	0.999621	-0.00483939	0.027112	0.00473622	0.999981	0.00386841	-0.0271302	-0.00373854	0.999625
1.3	0.999638	-0.00497064	0.0264308	0.00484625	0.999977	0.00476849	-0.0264538	-0.00463868	0.999639
1.33333	0.999656	-0.00512331	0.0257205	0.00498068	0.999972	0.00560626	-0.0257485	-0.00547622	0.999653
1.36667	0.999673	-0.00523632	0.0250207	0.00508494	0.999968	0.00611006	-0.0250519	-0.00598084	0.999668
1.4	0.999684	-0.00585068	0.0244497	0.00570891	0.999967	0.00586391	-0.0244832	-0.00572247	0.999684
1.43333	0.999689	-0.00644847	0.0240796	0.006294	0.999959	0.00648554	-0.0241205	-0.00633197	0.999689
1.46667	0.999685	-0.00814824	0.0237437	0.00796819	0.999939	0.00766796	-0.0238047	-0.00747635	0.999689
1.5	0.999708	-0.00939606	0.0222836	0.00917848	0.999909	0.00984646	-0.0223741	-0.00963905	0.999703
1.53333	0.99975	-0.0100825	0.0199705	0.00982288	0.999867	0.0130547	-0.0200995	-0.0128552	0.999715
1.56667	0.999789	-0.010291	0.0177544	0.00998951	0.999806	0.0169872	-0.0179257	-0.0168062	0.999698
1.6	0.99981	-0.00973565	0.0168661	0.00939344	0.999751	0.0202514	-0.0170591	-0.0200891	0.999653
1.63333	0.999815	-0.00906821	0.0169459	0.00872418	0.999757	0.0202661	-0.0171255	-0.0201145	0.999651
1.66667	0.999788	-0.0100947	0.0179472	0.00990574	0.999895	0.0105859	-0.0180522	-0.0104059	0.999783
1.7	0.999649	-0.0113003	0.0239675	0.0113858	0.999929	-0.00343644	-0.023927	0.00370812	0.999707
1.73333	0.999173	-0.0125318	0.0386712	0.0135721	0.99955	-0.0267549	-0.0383185	0.0272576	0.998894
1.76667	0.997885	-0.0256993	0.0597108	0.0291952	0.997864	-0.0584323	-0.0580816	0.060052	0.996504
1.8	0.996031	-0.0472131	0.0754558	0.0530154	0.995633	-0.0768416	-0.0714983	0.0805369	0.994184
1.83333	0.994574	-0.064449	0.0816644	0.0705281	0.99477	-0.0738812	-0.0764757	0.07924	0.993918
1.86667	0.993088	-0.0839394	0.0820436	0.0899625	0.993288	-0.0727002	-0.0753906	0.0795785	0.993974
1.9	0.98983	-0.111802	0.0879546	0.118861	0.989717	-0.0795759	-0.0781534	0.089221	0.992941
1.93333	0.98598	-0.135756	0.0970237	0.143815	0.986241	-0.0815254	-0.0846211	0.0943359	0.991938
1.96667	0.984024	-0.145761	0.102228	0.15391	0.985086	-0.0769292	-0.0894899	0.091434	0.991782
2	0.984955	-0.140537	0.100567	0.147683	0.986728	-0.0675111	-0.0897448	0.0813475	0.992637
2.03333	0.987432	-0.126476	0.0947754	0.131576	0.990063	-0.049623	-0.0875575	0.0614695	0.994261
2.06667	0.990201	-0.107254	0.089438	0.1102	0.993496	-0.0286571	-0.0857828	0.0382324	0.99558
2.1	0.992137	-0.0930548	0.0836902	0.0945174	0.995429	-0.0136789	-0.0820348	0.0214815	0.996398
2.13333	0.99209	-0.0966267	0.0801316	0.0983208	0.995002	-0.0174628	-0.0780437	0.0252032	0.996631
2.16667	0.990541	-0.112413	0.0786913	0.114841	0.993016	-0.027022	-0.0751041	0.0358034	0.996533
2.2	0.988783	-0.128686	0.0758165	0.131792	0.990568	-0.0374845	-0.0702777	0.0470561	0.996417
2.23333	0.986883	-0.146347	0.0681536	0.149093	0.988128	-0.0370854	-0.0619171	0.0467602	0.996985
2.26667	0.984292	-0.165724	0.0608716	0.168375	0.984856	-0.0413325	-0.0531	0.0509325	0.997289
2.3	0.984556	-0.165118	0.058181	0.167249	0.985333	-0.0338629	-0.0517363	0.0430706	0.997732
2.33333	0.986512	-0.152104	0.0604902	0.153551	0.987938	-0.0200141	-0.0567164	0.0290324	0.997968
2.36667	0.98864	-0.134655	0.0667759	0.135073	0.990834	-0.00176946	-0.0659256	0.010769	0.997766
2.4	0.991289	-0.109006	0.0739122	0.108145	0.994013	0.0155591	-0.0751657	-0.00743038	0.997143
2.43333	0.994094	-0.0779199	0.0755324	0.0760421	0.996727	0.027431	-0.0774226	-0.0215253	0.996766
2.46667	0.996121	-0.0419655	0.077347	0.0387491	0.998339	0.0426271	-0.0790074	-0.0394646	0.996093
2.5	0.996688	-0.00719958	0.0810001	0.00237018	0.998222	0.0595611	-0.0812849	-0.0591719	0.994933
2.53333	0.99595	0.0310224	0.0843928	-0.0380616	0.995812	0.0831228	-0.0814607	-0.0859982	0.992959
2.56667	0.994179	0.0655725	0.08549	-0.0739808	0.992312	0.0992134	-0.0783271	-0.10496	0.991387
2.6	0.99163	0.0962853	0.0860138	-0.105953	0.987584	0.115984	-0.0737782	-0.124127	0.98952
2.63333	0.989234	0.117211	0.0876233	-0.127638	0.983937	0.124803	-0.0715876	-0.134643	0.988305
2.66667	0.988394	0.124614	0.0868875	-0.134703	0.983347	0.121998	-0.070238	-0.132286	0.98872
2.7	0.988719	0.12568	0.0814756	-0.134441	0.984472	0.112871	-0.0660249	-0.122551	0.990264
2.73333	0.988204	0.134885	0.0725228	-0.142519	0.983306	0.113129	-0.0560527	-0.12213	0.99093
2.76667	0.986714	0.148592	0.0656914	-0.155281	0.98146	0.112361	-0.0477776	-0.121069	0.991494
2.8	0.985145	0.162903	0.0543396	-0.167888	0.980164	0.105321	-0.0361046	-0.11288	0.992952
2.83333	0.979047	0.202219	0.0239795	-0.203562	0.975063	0.0883991	-0.00550553	-0.0914281	0.995796
2.86667	0.97659	0.21511	-0.000138117	-0.214553	0.974106	0.0713054	0.015473	-0.0696065	0.997455
2.9	0.979419	0.201536	0.0110287	-0.201838	0.977991	0.0528605	-0.00013268	-0.0539986	0.998541
2.93333	0.985268	0.170192	0.0168127	-0.170653	0.98483	0.031436	-0.0112075	-0.033842	0.999364
2.96667	0.99117	0.131563	0.0165134	-0.131674	0.991276	0.00582986	-0.0156023	-0.00795277	0.999847
3	0.995476	0.0935059	0.016856	-0.0931337	0.995418	-0.0216574	-0.0188038	0.0199895	0.999623
3.03333	0.997937	0.0593518	0.0244631	-0.0582062	0.997283	-0.0451472	-0.0270762	0.0436302	0.998681
3.06667	0.999001	0.0274829	0.0352295	-0.0252638	0.997759	-0.0619588	-0.0368534	0.0610069	0.997457
3.1	0.998837	-0.00160533	0.0481858	0.00533388	0.99699	-0.0773501	-0.0479166	0.0775171	0.995839
3.13333	0.997877	-0.0286434	0.0584845	0.0341223	0.994898	-0.0949407	-0.0554667	0.0967348	0.993763
3.16667	0.996828	-0.050497	0.0615095	0.0567777	0.992844	-0.105056	-0.0557643	0.108215	0.992562
3.2	0.996641	-0.0568677	0.058937	0.0630597	0.992021	-0.109166	-0.0522587	0.112516	0.992275
3.23333	0.99714	-0.0523555	0.0544999	0.057951	0.992597	-0.10674	-0.048508	0.109593	0.992792
3.26667	0.99732	-0.0545003	0.0488024	0.0593594	0.992764	-0.104388	-0.0427601	0.107005	0.993339
3.3	0.996456	-0.0699633	0.0467017	0.0749006	0.990648	-0.114047	-0.0382859	0.117141	0.992377
3.33333	0.994437	-0.0946809	0.0461634	0.0998722	0.986798	-0.127498	-0.0334823	0.131399	0.990764
3.36667	0.989287	-0.141562	0.0356585	0.144845	0.98229	-0.118855	-0.0182016	0.122746	0.992271
3.4	0.985866	-0.165205	0.0278431	0.167278	0.979856	-0.109089	-0.00926018	0.112205	0.993642
3.43333	0.987145	-0.15662	0.031844	0.159075	0.982095	-0.100921	-0.0154676	0.104689	0.994385
3.46667	0.989329	-0.138923	0.0439144	0.142516	0.98537	-0.0934658	-0.0302873	0.098727	0.994654
3.5	0.993239	-0.104154	0.0512597	0.107916	0.991164	-0.077119	-0.0427746	0.0821294	0.995703
3.53333	0.996841	-0.060751	0.051162	0.0632423	0.996816	-0.0485717	-0.0480483	0.0516539	0.997509
3.56667	0.998498	-0.0173025	0.0519832	0.0179479	0.999767	-0.0119756	-0.0517639	0.0128906	0.998576
3.6	0.998157	0.0250744	0.0552582	-0.0264768	0.999342	0.0247948	-0.0546001	-0.0262122	0.998164
3.63333	0.996005	0.0650363	0.0611869	-0.0684213	0.996142	0.054957	-0.0573767	-0.058924	0.996612
3.66667	0.993049	0.0967163	0.0670834	-0.101923	0.991643	0.0790972	-0.0588728	-0.0853847	0.994607
3.7	0.990808	0.116468	0.0688067	-0.122818	0.987708	0.0966858	-0.0567002	-0.104248	0.992934
3.73333	0.990216	0.123205	0.065524	-0.129439	0.986388	0.101411	-0.0521378	-0.1089	0.992684
3.76667	0.990665	0.122232	0.0603531	-0.127603	0.987259	0.0950605	-0.0479647	-0.101874	0.99364
3.8	0.990476	0.126578	0.0541722	-0.130953	0.987586	0.086743	-0.04252	-0.0930109	0.994757
3.83333	0.989227	0.13883	0.0464287	-0.142364	0.986219	0.0842909	-0.0340867	-0.0899926	0.995359
3.86667	0.987896	0.150326	0.0382593	-0.153095	0.984598	0.0844308	-0.0249778	-0.0892662	0.995695
3.9	0.983629	0.179075	0.0201436	-0.180106	0.980631	0.0769749	-0.00596913	-0.0793427	0.99683
3.93333	0.978191	0.207521	-0.00884198	-0.206333	0.975721	0.0734576	0.0238713	-0.0700312	0.997259
3.96667	0.977751	0.209672	-0.00642324	-0.208771	0.975619	0.0676966	0.0204607	-0.0648494	0.997685
4	0.982239	0.187546	0.00575889	-0.18753	0.980214	0.0633547	0.00623696	-0.0633094	0.997974
4.03333	0.988808	0.148465	0.0147417	-0.149005	0.987697	0.0474529	-0.00751528	-0.0491184	0.998765
4.06667	0.99432	0.10486	0.0182285	-0.105123	0.994359	0.0140871	-0.0166485	-0.0159233	0.999735
4.1	0.997858	0.0610082	0.0236244	-0.0604547	0.997895	-0.0234769	-0.0250069	0.0219984	0.999445
4.13333	0.999122	0.0256668	0.0331031	-0.023688	0.997986	-0.0588424	-0.0345468	0.0580066	0.997718
4.16667	0.998964	-0.00483553	0.0452548	0.00899595	0.995701	-0.0921866	-0.0446145	0.0924982	0.994713
4.2	0.997984	-0.0305874	0.0556051	0.0368318	0.992684	-0.114989	-0.0516811	0.116805	0.991809
4.23333	0.996708	-0.0534856	0.0609375	0.0608998	0.990013	-0.127144	-0.0535285	0.130436	0.990011
4.26667	0.996034	-0.0629135	0.0629177	0.0705169	0.989392	-0.127009	-0.0542597	0.130942	0.989904
4.3	0.996293	-0.0600626	0.0615933	0.0669369	0.990943	-0.116411	-0.0540435	0.120102	0.991289
4.33333	0.996548	-0.0611746	0.0561179	0.0670902	0.991617	-0.110426	-0.0488922	0.113809	0.992299
4.36667	0.996094	-0.0715745	0.0517154	0.0773486	0.989758	-0.119983	-0.042598	0.123514	0.991428
4.4	0.99521	-0.0838294	0.0502965	0.0902319	0.985658	-0.142607	-0.0376204	0.146463	0.988501
4.43333	0.993538	-0.106674	0.0387788	0.11122	0.983157	-0.145024	-0.0226553	0.148399	0.988668
4.46667	0.990955	-0.13328	0.0156466	0.134151	0.980909	-0.140787	0.00341609	0.141612	0.989916
4.5	0.991319	-0.130702	0.0142568	0.13146	0.983624	-0.123295	0.00209157	0.124099	0.992268
4.53333	0.993281	-0.111382	0.0314182	0.114269	0.986903	-0.113865	-0.0183242	0.11669	0.992999
4.56667	0.995885	-0.0809289	0.0407932	0.084818	0.990857	-0.104919	-0.0319293	0.107947	0.993644
4.6	0.99821	-0.0438535	0.0406689	0.0468847	0.99594	-0.0768479	-0.0371338	0.078617	0.996213
4.63333	0.998931	-0.00835393	0.0454574	0.00989452	0.999381	-0.033772	-0.0451472	0.0341857	0.998395
4.66667	0.998319	0.0242588	0.0526465	-0.0247007	0.999665	0.00776005	-0.0524406	-0.00904741	0.998583
4.7	0.996901	0.0529377	0.0581888	-0.0555835	0.997447	0.0448319	-0.055667	-0.0479273	0.997298
4.73333	0.994953	0.0774452	0.0638009	-0.0821364	0.993831	0.0745187	-0.0576362	-0.079383	0.995177
4.76667	0.993252	0.0950704	0.0664277	-0.101037	0.990513	0.0931381	-0.0569429	-0.0992213	0.993435
4.8	0.992654	0.102896	0.0636493	-0.108687	0.989485	0.0954293	-0.0531608	-0.101646	0.993399
4.83333	0.992834	0.104741	0.0575305	-0.109609	0.989959	0.0892586	-0.0476038	-0.0949249	0.994346
4.86667	0.992729	0.10964	0.0496783	-0.113586	0.989871	0.0851692	-0.0398371	-0.0901927	0.995127
4.9	0.992136	0.118149	0.0413101	-0.121365	0.988809	0.0867605	-0.0305971	-0.0910918	0.995372
4.93333	0.990999	0.128588	0.0372435	-0.131425	0.987429	0.0878127	-0.0254837	-0.0919169	0.995441
4.96667	0.990424	0.134126	0.0327189	-0.136474	0.986969	0.0852478	-0.0208586	-0.0888967	0.995822
5	0.986435	0.163407	0.0156283	-0.164136	0.983212	0.0797081	-0.00234112	-0.081192	0.996696
5.03333	0.982252	0.187175	-0.0121317	-0.185811	0.979844	0.0733557	0.0256175	-0.0697995	0.997232
5.06667	0.982755	0.184469	-0.0127832	-0.18341	0.981237	0.0594555	0.0235111	-0.0560856	0.998149
5.1	0.986466	0.163846	0.00623439	-0.16395	0.985149	0.0510101	0.00221603	-0.0513419	0.998679
5.13333	0.990727	0.134908	0.0161361	-0.135459	0.989969	0.0401601	-0.0105563	-0.0419735	0.999063
5.16667	0.994355	0.105128	0.0143651	-0.105331	0.994336	0.0141834	-0.0127927	-0.0156164	0.999796
5.2	0.997197	0.0728041	0.017258	-0.0724539	0.997169	-0.0201193	-0.0186739	0.0188125	0.999649
5.23333	0.99859	0.0451601	0.0278884	-0.0435706	0.997525	-0.0551867	-0.0303117	0.0538938	0.998086
5.26667	0.999014	0.0193625	0.0399425	-0.0158023	0.99603	-0.0875991	-0.0414801	0.0868816	0.995355
5.3	0.998894	-0.00679379	0.0465167	0.0121024	0.993314	-0.114811	-0.0454257	0.115247	0.992298
5.33333	0.998181	-0.0294674	0.0526045	0.0363971	0.990032	-0.136057	-0.048071	0.137724	0.989303
5.36667	0.997319	-0.0450455	0.0576664	0.0529051	0.988313	-0.142964	-0.0505525	0.145632	0.988046
5.4	0.996927	-0.0496014	0.0606336	0.0575378	0.98889	-0.137064	-0.0531614	0.140132	0.988705
5.43333	0.997024	-0.0495485	0.0590638	0.0566018	0.990611	-0.124443	-0.0523433	0.127415	0.990467
5.46667	0.997442	-0.0485237	0.0524861	0.0544135	0.991601	-0.117328	-0.0463521	0.119884	0.991705
5.5	0.997763	-0.0515987	0.0425068	0.0562386	0.991611	-0.116382	-0.036145	0.118512	0.992294
5.53333	0.997814	-0.0574863	0.0325918	0.061156	0.990163	-0.125846	-0.0250367	0.127564	0.991514
5.56667	0.997356	-0.0692235	0.0221112	0.0715624	0.988498	-0.133231	-0.0126342	0.134461	0.990838
5.6	0.996066	-0.0885203	0.00415378	0.0883034	0.987498	-0.130579	0.00745707	0.130432	0.991429
5.63333	0.994795	-0.101698	-0.00633145	0.100063	0.986753	-0.127697	0.0192341	0.126399	0.991793
5.66667	0.99559	-0.0936412	-0.0056244	0.0922266	0.987994	-0.123944	0.0171632	0.122879	0.992273
5.7	0.997086	-0.0761623	0.00444792	0.076149	0.989954	-0.119135	0.00467038	0.119127	0.992868
5.73333	0.998272	-0.0579551	0.00975599	0.0586399	0.993296	-0.0996213	-0.00391702	0.100021	0.994978
5.76667	0.999388	-0.032152	0.0138059	0.0329717	0.997408	-0.0639494	-0.011714	0.0643655	0.997858
5.8	0.999762	-0.00514693	0.021211	0.00568033	0.999667	-0.025164	-0.0210744	0.0252785	0.999458
5.83333	0.999491	0.0175725	0.0266432	-0.0179104	0.999761	0.0124977	-0.0264172	-0.0129686	0.999567
5.86667	0.998764	0.0380232	0.032019	-0.039459	0.998186	0.0454727	-0.030232	-0.0466799	0.998452
5.9	0.99766	0.0571544	0.0375296	-0.0597487	0.995607	0.0720899	-0.0332445	-0.0741635	0.996692
5.93333	0.996542	0.0722033	0.0411277	-0.0757228	0.992907	0.0916591	-0.0342179	-0.0944564	0.994941
5.96667	0.995646	0.0821931	0.0439789	-0.0863383	0.990971	0.102581	-0.0351504	-0.105931	0.993752
6	0.995122	0.0883122	0.0439688	-0.0925222	0.990125	0.105317	-0.0342338	-0.108871	0.993466
6.03333	0.994959	0.0916318	0.0407565	-0.0953893	0.990143	0.102556	-0.0309574	-0.105927	0.993892
6.06667	0.994913	0.0931697	0.0382972	-0.0965164	0.990535	0.0975945	-0.0288419	-0.100794	0.994489
6.1	0.994902	0.0954715	0.0324953	-0.0979938	0.991308	0.0877794	-0.0238324	-0.0905162	0.99561
6.13333	0.995007	0.0963297	0.0261175	-0.0981146	0.992039	0.0789478	-0.0183045	-0.0811161	0.996537
6.16667	0.995657	0.0906115	0.0213824	-0.0919179	0.993222	0.0711488	-0.0147906	-0.0728052	0.997237
6.2	0.99604	0.0873796	0.016418	-0.0883277	0.993589	0.0705594	-0.0101473	-0.0717301	0.997372
6.23333	0.996611	0.0812595	0.0127931	-0.0819758	0.994005	0.0723523	-0.00683713	-0.0731558	0.997297
6.26667	0.995071	0.099106	0.00327578	-0.0990986	0.992748	0.068053	0.00349243	-0.0680422	0.997676
6.3	0.993361	0.114519	-0.0109248	-0.113662	0.991687	0.0603212	0.0177418	-0.058679	0.998119
6.33333	0.992173	0.12415	-0.0134312	-0.123288	0.990975	0.052623	0.0198432	-0.0505552	0.998524
6.36667	0.992271	0.123677	-0.010118	-0.122929	0.99084	0.0559035	0.0169393	-0.0542277	0.998385
6.4	0.991775	0.127525	-0.0109614	-0.126609	0.989996	0.0622708	0.0187928	-0.0603708	0.997999
6.43333	0.99146	0.129714	-0.0134654	-0.128845	0.990271	0.0525506	0.020151	-0.0503669	0.998527
6.46667	0.992011	0.125448	-0.0133142	-0.124886	0.991485	0.0368855	0.017828	-0.0349281	0.999231
6.5	0.992446	0.122232	-0.0105273	-0.122016	0.992344	0.0191222	0.012784	-0.0176933	0.999762
6.53333	0.994003	0.109209	-0.00566518	-0.109222	0.994015	-0.00201474	0.00541125	0.00262142	0.999982
6.56667	0.996176	0.0873092	0.00313765	-0.0872237	0.995963	-0.0211982	-0.00497578	0.0208435	0.99977
