0	0	1	0	0	0	-1	-1	0	0
0.0333333	0.994134	-0.097381	0.0470586	0.108155	0.89621	-0.430245	-0.000276658	0.432811	0.901485
0.0666667	0.997475	-0.0658882	0.0264845	0.0707193	0.955513	-0.286346	-0.00643951	0.287496	0.95776
0.1	0.99823	-0.056827	0.0175596	0.0591665	0.978919	-0.195492	-0.0060802	0.196185	0.980548
0.133333	0.998133	-0.0595929	0.0133633	0.0608432	0.989241	-0.133041	-0.00529118	0.133606	0.99102
0.166667	0.997713	-0.0671776	0.00746924	0.0675729	0.993926	-0.0868648	-0.0015885	0.0871708	0.996192
0.2	0.997585	-0.0692645	-0.00514175	0.0689174	0.99634	-0.0505666	0.0086254	0.0500902	0.998707
0.233333	0.997947	-0.0620071	-0.0160186	0.0615826	0.99777	-0.0257592	0.0175802	0.0247198	0.99954
0.266667	0.998435	-0.0540175	-0.0145114	0.0539065	0.998515	-0.00792948	0.0149181	0.00713481	0.999863
0.3	0.998621	-0.0523525	-0.00393203	0.0523421	0.998626	-0.00270702	0.00406834	0.00249747	0.999989
0.333333	0.99852	-0.0527833	0.0130965	0.0527375	0.998601	0.00381757	-0.0132796	-0.00312125	0.999907
0.366667	0.998025	-0.0522728	0.0348291	0.0521092	0.998626	0.00558857	-0.0350734	-0.00376262	0.999378
0.4	0.997037	-0.0481753	0.0599633	0.0483801	0.998827	-0.00196667	-0.0597982	0.00486187	0.998199
0.433333	0.995745	-0.0394063	0.0833049	0.040083	0.999175	-0.00646541	-0.0829814	0.009777	0.996503
0.466667	0.994368	-0.0273426	0.102396	0.0281986	0.999578	-0.00692138	-0.102164	0.00976983	0.99472
0.5	0.992759	-0.016152	0.119031	0.0168119	0.999848	-0.00454176	-0.11894	0.00651001	0.99288
0.533333	0.990509	-0.00904609	0.137148	0.00890775	0.999959	0.00162244	-0.137157	-0.000385362	0.990549
0.566667	0.987298	-0.00852457	0.158652	0.00694593	0.999921	0.0105022	-0.158729	-0.00926679	0.987279
0.6	0.983428	-0.010564	0.180989	0.00783659	0.999845	0.0157779	-0.181128	-0.0140981	0.983359
0.633333	0.981373	-0.0113557	0.191774	0.00865324	0.999851	0.0149238	-0.191915	-0.0129863	0.981326
0.666667	0.980681	-0.0160665	0.194953	0.0146743	0.999855	0.00858339	-0.195063	-0.00555676	0.980775
0.7	0.982463	-0.0236685	0.184949	0.0238318	0.999715	0.00133988	-0.184928	0.0030913	0.982747
0.733333	0.986945	-0.0383398	0.156427	0.0383584	0.99926	0.00290139	-0.156422	0.00313677	0.987685
0.766667	0.992685	-0.0484479	0.110589	0.0475706	0.998812	0.0105592	-0.110969	-0.0052212	0.99381
0.8	0.996257	-0.0553629	0.0663889	0.0541353	0.99833	0.0201514	-0.0673937	-0.016482	0.99759
0.833333	0.997816	-0.0620658	0.0226251	0.0618238	0.998024	0.011244	-0.0232783	-0.00982071	0.999681
0.866667	0.997517	-0.0665963	-0.022903	0.0665707	0.99778	-0.00187636	0.0229771	0.000347029	0.999736
0.9	0.995101	-0.0697224	-0.070097	0.0691547	0.997551	-0.0104963	0.0706571	0.00559731	0.997485
0.933333	0.990605	-0.0684465	-0.118393	0.0685984	0.99764	-0.00279577	0.118305	-0.00535205	0.992963
0.966667	0.984607	-0.0637042	-0.162758	0.068266	0.997411	0.0225853	0.160898	-0.0333485	0.986407
1	0.977972	-0.0543616	-0.201531	0.0666438	0.996278	0.0546638	0.197809	-0.0668905	0.977956
1.03333	0.970497	-0.0276606	-0.239521	0.0486118	0.995445	0.0820097	0.236161	-0.0912337	0.967421
1.06667	0.955561	-0.00448747	-0.294759	0.0387936	0.993103	0.110644	0.292229	-0.117161	0.949144
1.1	0.940387	0.00884073	-0.339991	0.0431817	0.988468	0.14514	0.337353	-0.151169	0.929161
1.13333	0.933253	0.0156144	-0.35888	0.051814	0.982756	0.177499	0.355463	-0.184246	0.916351
1.16667	0.936191	0.0207844	-0.350876	0.0570859	0.976006	0.210129	0.346824	-0.216751	0.912542
1.2	0.946897	0.0205824	-0.320877	0.0579407	0.97069	0.233245	0.316273	-0.239451	0.917951
1.23333	0.961314	0.0132192	-0.275136	0.055898	0.968703	0.241848	0.269722	-0.247871	0.930489
1.26667	0.974273	-0.00557024	-0.225303	0.0606384	0.969308	0.238253	0.217061	-0.245785	0.944709
1.3	0.983744	-0.0194291	-0.178521	0.0585802	0.974467	0.216752	0.169752	-0.223687	0.959765
1.33333	0.991722	-0.0159402	-0.127414	0.0366707	0.986099	0.162059	0.123059	-0.16539	0.978521
1.36667	0.996887	-0.0187849	-0.0765786	0.0247386	0.996681	0.0775556	0.0748676	-0.0792086	0.994043
1.4	0.999132	-0.033479	-0.0247677	0.0328461	0.999134	-0.025534	0.0256012	0.0246984	0.999367
1.43333	0.998647	-0.0479055	0.0202078	0.0498127	0.992922	-0.107822	-0.0148996	0.108682	0.993965
1.46667	0.996482	-0.0567499	0.0616741	0.0659869	0.98493	-0.159873	-0.0516718	0.16338	0.985209
1.5	0.993356	-0.0610716	0.0975417	0.0774224	0.981734	-0.173792	-0.0851463	0.180189	0.97994
1.53333	0.989276	-0.0651685	0.130712	0.0856212	0.983796	-0.157527	-0.118328	0.167029	0.978826
1.56667	0.984148	-0.0687004	0.163504	0.0895448	0.988267	-0.123734	-0.153085	0.136413	0.978752
1.6	0.979574	-0.0649951	0.190288	0.0809153	0.993733	-0.0771188	-0.184083	0.0909409	0.978695
1.63333	0.976557	-0.0519877	0.208886	0.0646377	0.996436	-0.054192	-0.205324	0.0664234	0.976437
1.66667	0.973544	-0.0409315	0.224805	0.0454073	0.998859	-0.0147734	-0.223943	0.0245904	0.974292
1.7	0.968121	-0.0390502	0.247421	0.0317632	0.998938	0.0333767	-0.248461	-0.0244538	0.968333
1.73333	0.962769	-0.0382508	0.267604	0.0150032	0.995973	0.0883848	-0.269908	-0.0810792	0.959467
1.76667	0.959803	-0.0351346	0.278467	-0.00146263	0.991495	0.13014	-0.280671	-0.125316	0.951588
1.8	0.965193	-0.0395017	0.258537	0.00129394	0.989237	0.146314	-0.261534	-0.140887	0.954856
1.83333	0.978767	-0.0339257	0.202151	0.00531691	0.990078	0.140415	-0.204909	-0.136359	0.969236
1.86667	0.98735	-0.0301438	0.155664	0.00950712	0.991251	0.13165	-0.158271	-0.128505	0.978998
1.9	0.993441	-0.0299078	0.110362	0.0161798	0.992244	0.123251	-0.113192	-0.120657	0.98622
1.93333	0.997586	-0.0316411	0.0618179	0.0250672	0.994223	0.104365	-0.064763	-0.102563	0.992616
1.96667	0.99925	-0.0381908	0.0063822	0.0375077	0.995643	0.0853697	-0.00961474	-0.0850663	0.996329
2	0.997537	-0.0463964	-0.0525981	0.0503095	0.995861	0.0756914	0.0488686	-0.0781512	0.995743
2.03333	0.99257	-0.051318	-0.110319	0.0604919	0.994837	0.081486	0.105568	-0.087554	0.99055
2.06667	0.986031	-0.0452463	-0.160302	0.0616017	0.993221	0.0985739	0.154755	-0.107072	0.982134
2.1	0.976029	-0.0159726	-0.217056	0.042551	0.992062	0.118334	0.213443	-0.124734	0.96896
2.13333	0.957934	0.00312883	-0.286971	0.0399721	0.988739	0.14421	0.284191	-0.149615	0.947022
2.16667	0.940683	0.0119552	-0.339075	0.0486529	0.984297	0.169681	0.335779	-0.176113	0.925331
2.2	0.929796	0.0173777	-0.367666	0.0604521	0.978111	0.199109	0.363078	-0.207356	0.908393
2.23333	0.928159	0.0134518	-0.371942	0.0815048	0.967743	0.23839	0.363151	-0.251579	0.897123
2.26667	0.935988	0.00554937	-0.351989	0.102801	0.951984	0.288372	0.336688	-0.306097	0.890475
2.3	0.949083	-0.00808765	-0.314923	0.118299	0.935659	0.332488	0.291971	-0.352814	0.888974
2.33333	0.96161	-0.0199419	-0.273693	0.121083	0.925852	0.357962	0.246261	-0.377359	0.892724
2.36667	0.971924	-0.0171217	-0.23467	0.101149	0.930894	0.351005	0.212443	-0.364887	0.906491
2.4	0.981177	-0.00597237	-0.193017	0.0655648	0.950451	0.303881	0.181639	-0.310816	0.932953
2.43333	0.988626	-0.00603451	-0.150273	0.0401378	0.973539	0.224966	0.14494	-0.228439	0.962709
2.46667	0.994666	-0.0152332	-0.102013	0.0290461	0.990376	0.135323	0.0989693	-0.137564	0.985536
2.5	0.998594	-0.0230254	-0.0477389	0.0258969	0.997836	0.060433	0.0462441	-0.0615844	0.99703
2.53333	0.99962	-0.0263665	0.00807887	0.0263015	0.999622	0.00803928	-0.00828778	-0.00782373	0.999935
2.56667	0.997795	-0.0258938	0.0611119	0.0268949	0.999516	-0.0156175	-0.0606779	0.0172266	0.998009
2.6	0.993596	-0.0253128	0.110117	0.0274303	0.999466	-0.0177571	-0.109609	0.0206639	0.99376
2.63333	0.987545	-0.0215138	0.155861	0.0249866	0.999481	-0.0203559	-0.155342	0.0239968	0.987569
2.66667	0.980935	-0.0089129	0.194131	0.0117517	0.99984	-0.0134765	-0.19398	0.0155009	0.980883
2.7	0.974122	0.00459359	0.225976	-0.00712266	0.999921	0.0103777	-0.22591	-0.0117187	0.974078
2.73333	0.965817	0.00883941	0.259074	-0.0219374	0.99862	0.0477096	-0.258295	-0.0517622	0.964678
2.76667	0.956567	0.0060667	0.29145	-0.0336525	0.995397	0.0897311	-0.289564	-0.0956418	0.952368
2.8	0.950282	0.00328409	0.311373	-0.0424819	0.991962	0.119189	-0.308479	-0.12649	0.942784
2.83333	0.953465	-0.0107212	0.301312	-0.0300474	0.991013	0.130344	-0.300001	-0.133332	0.944575
2.86667	0.967835	-0.0165114	0.251042	-0.0166109	0.991473	0.129251	-0.251035	-0.129263	0.959308
2.9	0.978627	-0.0230949	0.204344	-0.00452762	0.991013	0.133687	-0.205595	-0.131755	0.969727
2.93333	0.987187	-0.0324315	0.156239	0.012007	0.99145	0.129936	-0.159117	-0.126395	0.979135
2.96667	0.994211	-0.0380587	0.100477	0.0261004	0.9927	0.117755	-0.104225	-0.114451	0.987946
3	0.998378	-0.0429134	0.0374041	0.0388444	0.993876	0.103446	-0.0416143	-0.101825	0.993932
3.03333	0.998366	-0.0493453	-0.02882	0.0519491	0.993834	0.0979587	0.0238084	-0.0992958	0.994773
3.06667	0.993954	-0.055873	-0.0945206	0.0660618	0.991916	0.108347	0.0877027	-0.113937	0.989609
3.1	0.986531	-0.0578412	-0.153008	0.0781456	0.988403	0.130206	0.143703	-0.140409	0.97961
3.13333	0.978342	-0.0400133	-0.203089	0.072612	0.985132	0.1557	0.19384	-0.167074	0.966702
3.16667	0.96375	-0.0127855	-0.2665	0.0632007	0.981363	0.181473	0.259213	-0.191737	0.946597
3.2	0.946109	0.0032774	-0.323831	0.0690959	0.974881	0.211738	0.316391	-0.222703	0.922117
3.23333	0.934176	0.0109237	-0.356645	0.0823905	0.965916	0.245394	0.34717	-0.258625	0.901435
3.26667	0.931074	0.0087316	-0.364726	0.103288	0.952503	0.286478	0.349904	-0.304404	0.885949
3.3	0.935858	0.00172727	-0.352374	0.123258	0.935212	0.331942	0.330118	-0.354083	0.875013
3.33333	0.945746	-0.00762013	-0.324817	0.133977	0.919919	0.368511	0.295997	-0.392035	0.871031
3.36667	0.956655	-0.0144819	-0.290863	0.132388	0.911223	0.390058	0.259392	-0.411658	0.873644
3.4	0.967676	-0.00631676	-0.252119	0.108533	0.91281	0.393699	0.22765	-0.408336	0.883989
3.43333	0.977779	0.00570886	-0.209559	0.0704071	0.932622	0.353919	0.19746	-0.360809	0.911497
3.46667	0.985924	0.00594881	-0.167085	0.0422817	0.95801	0.283601	0.161756	-0.286674	0.944274
3.5	0.992267	-0.01717	-0.122931	0.0394797	0.982612	0.181427	0.117678	-0.184877	0.975691
3.53333	0.996658	-0.0438768	-0.0689017	0.0488223	0.996222	0.0718145	0.0654905	-0.0749385	0.995035
3.56667	0.998167	-0.0595085	-0.0110534	0.0594187	0.998199	-0.00828641	0.0115266	0.00761444	0.999905
3.6	0.996886	-0.0641243	0.0459007	0.0664344	0.996501	-0.0507083	-0.0424885	0.0535998	0.997658
3.63333	0.99315	-0.0597149	0.100432	0.0644301	0.996935	-0.0443776	-0.0974743	0.0505444	0.993954
3.66667	0.986902	-0.0477243	0.1541	0.0495466	0.99874	-0.0080046	-0.153524	0.0155349	0.988023
3.7	0.979646	-0.0267382	0.198944	0.0189282	0.998978	0.0410567	-0.199838	-0.0364553	0.97915
3.73333	0.972809	-0.0096382	0.231406	-0.0154592	0.994203	0.106398	-0.231091	-0.107083	0.967021
3.76667	0.965645	0.00377001	0.259838	-0.0486409	0.984845	0.166477	-0.255272	-0.173396	0.951194
3.8	0.958945	0.010751	0.283389	-0.0710633	0.976509	0.203422	-0.274545	-0.215209	0.937182
3.83333	0.954359	0.0235664	0.297731	-0.0908356	0.97256	0.214186	-0.284514	-0.231455	0.930312
3.86667	0.951667	0.0399602	0.30452	-0.108782	0.97108	0.212532	-0.28722	-0.235386	0.928492
3.9	0.951894	0.0517153	0.302032	-0.119023	0.970664	0.208914	-0.282368	-0.234813	0.930124
3.93333	0.960836	0.058501	0.270871	-0.117321	0.971417	0.206361	-0.251056	-0.230058	0.940236
3.96667	0.978118	0.0555477	0.2005	-0.0967648	0.974583	0.202053	-0.18418	-0.217033	0.958632
4	0.990464	0.0355473	0.133109	-0.0616545	0.978363	0.197495	-0.123209	-0.203818	0.971225
4.03333	0.997678	0.0111529	0.0671951	-0.0241625	0.980297	0.196045	-0.0636848	-0.197213	0.97829
4.06667	0.99999	-0.00416833	0.00163785	0.00376128	0.980175	0.198096	-0.00243111	-0.198088	0.980181
4.1	0.997708	-0.0104953	-0.06685	0.0236904	0.979554	0.199781	0.0633865	-0.200907	0.977557
4.13333	0.990695	-0.0152249	-0.135247	0.0428767	0.978036	0.203977	0.129171	-0.207878	0.969588
4.16667	0.979882	-0.0178343	-0.19878	0.0621774	0.97371	0.219142	0.189646	-0.227093	0.955229
4.2	0.967397	-0.0247545	-0.252052	0.0826228	0.971611	0.221689	0.239409	-0.235287	0.941979
4.23333	0.953979	-0.0353476	-0.297783	0.0996052	0.973999	0.203479	0.282848	-0.223776	0.932696
4.26667	0.942708	-0.0364098	-0.331625	0.102458	0.977586	0.183926	0.317495	-0.207366	0.925309
4.3	0.934183	-0.0268876	-0.355779	0.0918543	0.981669	0.166997	0.344767	-0.188686	0.919529
4.33333	0.926188	-0.0113192	-0.376892	0.0760311	0.984624	0.15727	0.369317	-0.174317	0.912808
4.36667	0.92365	-0.00116504	-0.383236	0.0666742	0.985234	0.157699	0.377393	-0.17121	0.910089
4.4	0.924845	0.0108801	-0.380188	0.0565833	0.984531	0.16582	0.376111	-0.17487	0.909924
4.43333	0.931111	0.020917	-0.364136	0.0473571	0.98297	0.177559	0.361649	-0.182571	0.914264
4.46667	0.940835	0.0281973	-0.33769	0.0374996	0.981748	0.186453	0.336784	-0.188085	0.922605
4.5	0.952683	0.0303841	-0.302444	0.0264627	0.982923	0.182102	0.302812	-0.181489	0.93561
4.53333	0.965003	0.0300664	-0.260508	0.01292	0.986748	0.161745	0.261919	-0.15945	0.951827
4.56667	0.977173	0.02972	-0.210358	-0.00159543	0.991165	0.132624	0.212441	-0.129261	0.968587
4.6	0.987199	0.029216	-0.156796	-0.0149704	0.995713	0.0912777	0.15879	-0.0877619	0.983404
4.63333	0.99481	0.0248927	-0.0986629	-0.02136	0.999098	0.036702	0.0994875	-0.0344041	0.994444
4.66667	0.999065	0.0142684	-0.040816	-0.0155305	0.999406	-0.0307728	0.0403527	0.0313779	0.998693
