0	1	0	0	0	1	0	0	0	1
0.0333333	0.999501	-0.0117479	-0.0293288	0.00895369	0.995565	-0.0936464	0.0302988	0.093337	0.995173
0.0666667	0.999658	-0.0122744	-0.0230763	0.0104384	0.996894	-0.0780664	0.0239629	0.0777988	0.996681
0.1	0.999745	-0.0116266	-0.0193667	0.0101618	0.9972	-0.0740848	0.0201739	0.0738691	0.997064
0.133333	0.999787	-0.0109233	-0.0175235	0.00960215	0.997228	-0.0737846	0.0182809	0.0736006	0.99712
0.166667	0.999817	-0.0100852	-0.0162476	0.00883785	0.997137	-0.0750952	0.0169585	0.0749378	0.997044
0.2	0.99984	-0.00925293	-0.0153298	0.00807082	0.997116	-0.0754558	0.0159837	0.07532	0.997031
0.233333	0.999856	-0.0087989	-0.014486	0.00767023	0.997063	-0.0762065	0.015114	0.0760845	0.996987
0.266667	0.999881	-0.00809318	-0.0130968	0.00707311	0.997072	-0.0761414	0.0136747	0.0760397	0.997011
0.3	0.999897	-0.00776451	-0.0120537	0.00681428	0.99701	-0.0769652	0.0126153	0.0768751	0.996961
0.333333	0.999912	-0.00747423	-0.0109886	0.00659319	0.996921	-0.0781366	0.0115388	0.0780573	0.996882
0.366667	0.99992	-0.00734769	-0.0103015	0.00651139	0.996854	-0.078989	0.0108495	0.0789156	0.996822
0.4	0.999927	-0.0071857	-0.0097078	0.00638426	0.996758	-0.0802044	0.0102526	0.0801366	0.996731
0.433333	0.999934	-0.0068121	-0.00930395	0.00603963	0.996723	-0.08067	0.00982299	0.0806085	0.996697
0.466667	0.999942	-0.00636107	-0.0087202	0.00563488	0.996705	-0.0809116	0.00920616	0.0808578	0.996683
0.5	0.999949	-0.00594653	-0.00821804	0.00526753	0.996756	-0.0803091	0.00866895	0.0802617	0.996736
0.533333	0.999947	-0.00526065	-0.0088699	0.00454526	0.996878	-0.0788284	0.0092569	0.0787839	0.996849
0.566667	0.999949	-0.00486463	-0.0088134	0.00416546	0.996969	-0.0776826	0.00916458	0.077642	0.996939
0.6	0.999948	-0.00515536	-0.00882149	0.00446122	0.997023	-0.076974	0.00919206	0.0769307	0.996994
0.633333	0.99995	-0.00501152	-0.00867818	0.00433343	0.997063	-0.0764663	0.0090359	0.0764248	0.997034
0.666667	0.999951	-0.00491661	-0.00863808	0.00423142	0.996974	-0.077623	0.00899358	0.0775827	0.996945
0.7	0.999951	-0.00463209	-0.00870458	0.00393035	0.996869	-0.0789729	0.00904313	0.0789348	0.996839
0.733333	0.999953	-0.00430232	-0.00867214	0.00359065	0.99675	-0.0804717	0.00899017	0.0804368	0.996719
0.766667	0.999957	-0.00347492	-0.00856065	0.00274082	0.996435	-0.0843196	0.00882313	0.0842925	0.996402
0.8	0.999956	-0.00331241	-0.0087312	0.00255391	0.996335	-0.085495	0.0089824	0.085469	0.9963
0.833333	0.999955	-0.0032577	-0.00891408	0.00247337	0.996238	-0.0866253	0.00916274	0.0865993	0.996201
0.866667	0.999953	-0.00325836	-0.00914588	0.00245135	0.996214	-0.086901	0.00939441	0.0868745	0.996175
0.9	0.999951	-0.00294709	-0.00947413	0.0021052	0.996147	-0.0876745	0.00969602	0.0876503	0.996104
0.933333	0.999949	-0.00282871	-0.00967839	0.0019684	0.996139	-0.0877708	0.0098893	0.0877473	0.996094
0.966667	0.999948	-0.00269378	-0.00980717	0.00181401	0.996063	-0.088635	0.0100073	0.0886126	0.996016
1	0.999951	-0.00263337	-0.00954705	0.00177133	0.996012	-0.0892025	0.00974388	0.0891812	0.995968
1.03333	0.999957	-0.00234624	-0.00897457	0.00153056	0.995955	-0.0898379	0.00914905	0.0898203	0.995916
1.06667	0.999963	-0.00201134	-0.00833853	0.00123195	0.995717	-0.092441	0.00848875	0.0924274	0.995683
1.1	0.999968	-0.00133935	-0.00786299	0.000583164	0.995439	-0.0953958	0.00795489	0.0953882	0.995408
1.13333	0.999971	-0.000970708	-0.00757962	0.000220264	0.995148	-0.0983876	0.00763835	0.098383	0.995119
1.16667	0.999976	-0.000869863	-0.00688421	0.000179465	0.995022	-0.0996587	0.00693663	0.0996551	0.994998
1.2	0.999978	-0.000999912	-0.00661738	0.0003298	0.994937	-0.100502	0.00668437	0.100497	0.994915
1.23333	0.999978	-0.000797637	-0.00657701	0.00013336	0.994948	-0.100388	0.00662386	0.100384	0.994927
1.26667	0.999969	-0.000842369	-0.00784499	6.92241e-05	0.995183	-0.0980357	0.00788978	0.0980321	0.995152
1.3	0.999952	-0.000790312	-0.00977881	-0.000145649	0.995444	-0.0953442	0.00980962	0.0953411	0.995396
1.33333	0.999917	-0.000655389	-0.0128574	-0.000512376	0.995886	-0.0906111	0.0128639	0.0906101	0.995803
1.36667	0.999871	-0.00113127	-0.0160255	-0.000216508	0.996478	-0.0838522	0.0160639	0.0838448	0.996349
1.4	0.999791	-0.00247424	-0.0203103	0.000987177	0.997339	-0.0729034	0.0204366	0.0728681	0.997132
1.43333	0.999713	-0.00373344	-0.0236716	0.0024467	0.998529	-0.0541558	0.023839	0.0540824	0.998252
1.46667	0.999688	-0.00605134	-0.0242425	0.00531293	0.999523	-0.0304086	0.0244149	0.0302703	0.999244
1.5	0.999686	-0.00712583	-0.0240107	0.00723413	0.999964	0.00442649	0.0239783	-0.0045988	0.999702
1.53333	0.999678	-0.00729686	-0.0243125	0.00830718	0.999095	0.0417171	0.0239861	-0.0419056	0.998834
1.56667	0.999628	-0.00888699	-0.0257928	0.0108498	0.996973	0.0769859	0.0250305	-0.077237	0.996699
1.6	0.999559	-0.0117838	-0.0272484	0.0146324	0.99417	0.106824	0.0258308	-0.107176	0.993904
1.63333	0.999488	-0.0154779	-0.0279867	0.0190678	0.990942	0.132933	0.0256757	-0.133398	0.99073
1.66667	0.999363	-0.0191215	-0.0301245	0.023396	0.988617	0.148623	0.0269397	-0.149233	0.988435
1.7	0.999203	-0.022942	-0.0326546	0.027892	0.98668	0.160266	0.0285428	-0.161049	0.986534
1.73333	0.998976	-0.0266458	-0.0365672	0.0322883	0.985998	0.163603	0.0316958	-0.164616	0.985848
1.76667	0.998722	-0.0287064	-0.0416067	0.035335	0.985062	0.168538	0.0361471	-0.169793	0.984817
1.8	0.998395	-0.0301752	-0.047923	0.0380026	0.984382	0.171893	0.0419877	-0.173438	0.983949
1.83333	0.997979	-0.0301355	-0.055936	0.0393291	0.984429	0.171326	0.0499021	-0.17318	0.983625
1.86667	0.997461	-0.0284881	-0.0652744	0.0391788	0.98486	0.168864	0.0594756	-0.170992	0.983476
1.9	0.996925	-0.0265523	-0.0737253	0.0388773	0.984479	0.171143	0.0680368	-0.173483	0.982484
1.93333	0.996521	-0.0232484	-0.0800395	0.0368961	0.98414	0.173515	0.0747361	-0.175864	0.981573
1.96667	0.99604	-0.0192635	-0.0867929	0.0337662	0.98506	0.168871	0.0822432	-0.171133	0.981809
2	0.995819	-0.0180524	-0.0895463	0.03264	0.985882	0.164228	0.0853174	-0.166464	0.98235
2.03333	0.995859	-0.0165603	-0.0893885	0.0302966	0.987516	0.15458	0.0857127	-0.156648	0.983928
2.06667	0.9962	-0.0159368	-0.0856303	0.0264947	0.991977	0.123614	0.0829733	-0.125413	0.988629
2.1	0.996713	-0.0147487	-0.0796547	0.0215697	0.996108	0.0854619	0.0780842	-0.0868992	0.993152
2.13333	0.997154	-0.0119332	-0.074436	0.015228	0.998922	0.0438534	0.0738325	-0.0448622	0.996261
2.16667	0.997567	-0.00793941	-0.0692535	0.00817102	0.999962	0.00306173	0.0692266	-0.00362015	0.997594
2.2	0.997881	-0.00246742	-0.0650206	0.000558829	0.999569	-0.0293555	0.065065	0.029257	0.997452
2.23333	0.998114	0.00285515	-0.0613255	-0.0059701	0.998698	-0.0506708	0.0611009	0.0509414	0.996831
2.26667	0.998247	0.00727189	-0.058731	-0.0111264	0.997786	-0.0655729	0.0581241	0.0661114	0.996118
2.3	0.998269	0.0121531	-0.0575457	-0.0164826	0.997019	-0.0753689	0.0564582	0.076187	0.995494
2.33333	0.997988	0.0172366	-0.0610148	-0.0222517	0.996343	-0.082493	0.0593698	0.0836847	0.994722
2.36667	0.99744	0.0196831	-0.0687515	-0.0253076	0.996317	-0.0819212	0.0668858	0.0834514	0.994265
2.4	0.9969	0.020889	-0.0758495	-0.0272097	0.996155	-0.0832788	0.0738183	0.0850845	0.993635
2.43333	0.996373	0.0197518	-0.0827638	-0.0271686	0.995619	-0.0894694	0.080634	0.0913935	0.992545
2.46667	0.996046	0.0151282	-0.0875429	-0.0231889	0.995507	-0.0918063	0.0857607	0.0934734	0.991921
2.5	0.995557	0.00984004	-0.0936439	-0.0189825	0.995079	-0.0972464	0.0922262	0.0985919	0.990845
2.53333	0.995705	0.0077864	-0.0922571	-0.0167033	0.995214	-0.0962785	0.0910659	0.0974059	0.99107
2.56667	0.996305	0.0056159	-0.0857054	-0.0133827	0.995823	-0.0903192	0.0848401	0.0911324	0.992218
2.6	0.997097	0.00184662	-0.0761191	-0.0078546	0.996867	-0.0787052	0.0757353	0.0790746	0.993988
2.63333	0.997868	-0.00423006	-0.0651212	0.000238848	0.998127	-0.0611752	0.065258	0.0610293	0.996
2.66667	0.998485	-0.0108661	-0.0539384	0.00855665	0.999044	-0.0428636	0.0543526	0.0423371	0.997624
2.7	0.998888	-0.0167236	-0.0440713	0.0156059	0.999551	-0.0255849	0.0444794	0.0248686	0.998701
2.73333	0.999064	-0.022153	-0.0371641	0.0218419	0.999723	-0.0087562	0.0373478	0.00793627	0.999271
2.76667	0.999023	-0.0269997	-0.0349934	0.0272796	0.999599	0.00754564	0.0347756	-0.00849288	0.999359
2.8	0.998858	-0.0305845	-0.0367044	0.031485	0.999211	0.0242127	0.0359349	-0.0253406	0.999033
2.83333	0.998626	-0.0314829	-0.0418834	0.033064	0.998745	0.0376104	0.0406468	-0.0389436	0.998414
2.86667	0.998399	-0.0296825	-0.0481479	0.0317853	0.998547	0.0435127	0.0467864	-0.0449735	0.997892
2.9	0.998186	-0.0258911	-0.0543606	0.0287172	0.998241	0.0518683	0.052922	-0.0533353	0.997173
2.93333	0.997922	-0.022675	-0.0603146	0.0264378	0.997705	0.0623367	0.0587627	-0.0638018	0.996231
2.96667	0.997524	-0.0197682	-0.0674888	0.0243916	0.997361	0.068384	0.0659588	-0.0698608	0.995374
3	0.997313	-0.0228001	-0.0696131	0.0282622	0.996512	0.0785157	0.0675801	-0.0802721	0.994479
3.03333	0.997608	-0.0265674	-0.063822	0.0317233	0.996195	0.0811794	0.0614224	-0.0830099	0.994654
3.06667	0.998048	-0.0289083	-0.0553595	0.0325481	0.997287	0.0660172	0.0533009	-0.0676902	0.996282
3.1	0.998256	-0.0291157	-0.0513623	0.0315857	0.99835	0.047953	0.0498813	-0.0494917	0.997528
3.13333	0.998372	-0.0263848	-0.0505647	0.0281454	0.999011	0.0344293	0.0496063	-0.0357964	0.998127
3.16667	0.998531	-0.0232927	-0.0489118	0.0243176	0.999495	0.020465	0.0484104	-0.0216244	0.998593
3.2	0.99869	-0.0193863	-0.0473575	0.0200584	0.999704	0.0137577	0.0470768	-0.0146896	0.998783
3.23333	0.998795	-0.0147923	-0.046791	0.0153837	0.999806	0.0123037	0.0466	-0.0130087	0.998829
3.26667	0.998868	-0.00898043	-0.0467131	0.00953995	0.999885	0.0117686	0.0466021	-0.012201	0.998839
3.3	0.998767	-0.00322449	-0.0495317	0.00360614	0.999964	0.00761774	0.0495054	-0.00778697	0.998744
3.33333	0.998628	0.000450598	-0.0523573	-0.000310915	0.999996	0.002676	0.0523583	-0.00265605	0.998625
3.36667	0.998622	0.00165764	-0.0524443	-0.00203881	0.999972	-0.00721548	0.0524308	0.00731246	0.998598
3.4	0.998581	0.00111871	-0.0532368	-0.00204805	0.999846	-0.0174052	0.0532091	0.0174896	0.99843
3.43333	0.998327	0.000826113	-0.0578082	-0.00258246	0.999537	-0.0303141	0.0577564	0.0304127	0.997867
3.46667	0.998275	0.00452218	-0.05854	-0.00718523	0.998945	-0.045361	0.0582731	0.0457033	0.997254
3.5	0.998578	0.00581567	-0.052992	-0.00866326	0.998521	-0.0536659	0.0526015	0.0540487	0.997152
3.53333	0.999104	0.00535636	-0.0419928	-0.00742476	0.998759	-0.049256	0.0416768	0.0495237	0.997903
3.56667	0.999469	0.0023723	-0.0324829	-0.00398016	0.998765	-0.0495236	0.0323253	0.0496266	0.998245
3.6	0.999678	-0.0018227	-0.0252952	0.000643595	0.998916	-0.0465438	0.0253526	0.0465126	0.998596
3.63333	0.999777	-0.00628651	-0.0201598	0.00548366	0.999199	-0.039635	0.0203928	0.0395156	0.999011
3.66667	0.999761	-0.0115744	-0.0185198	0.0109442	0.99937	-0.0337751	0.0188991	0.0335644	0.999258
3.7	0.999639	-0.0159385	-0.02165	0.0153133	0.99947	-0.0287419	0.0220966	0.0284	0.999352
3.73333	0.99944	-0.0195712	-0.0271554	0.0187677	0.999387	-0.0295376	0.0277168	0.0290114	0.999195
3.76667	0.999192	-0.0225397	-0.033274	0.0213442	0.999129	-0.0358583	0.0340532	0.0351191	0.998803
3.8	0.999039	-0.0240012	-0.0366689	0.0225929	0.999009	-0.0383492	0.037553	0.0374839	0.998591
3.83333	0.998935	-0.0244046	-0.0391637	0.0229205	0.999018	-0.0379075	0.0400503	0.0369695	0.998514
3.86667	0.998835	-0.024068	-0.0418179	0.0225021	0.999042	-0.0375228	0.042681	0.0365381	0.99842
3.9	0.998539	-0.023851	-0.048492	0.0221171	0.999108	-0.0359834	0.049307	0.0348583	0.998175
3.93333	0.99825	-0.0267342	-0.0527421	0.0254482	0.999366	-0.0249046	0.0533745	0.0235189	0.998298
3.96667	0.99836	-0.0283073	-0.0497526	0.0275827	0.999504	-0.0151904	0.050158	0.0137932	0.998646
4	0.998676	-0.0272563	-0.0436299	0.0259911	0.999232	-0.0293079	0.0443953	0.0281351	0.998618
4.03333	0.998854	-0.0256017	-0.0404406	0.023817	0.998747	-0.044012	0.0415167	0.0429984	0.998212
4.06667	0.999014	-0.0220705	-0.0385181	0.0201877	0.998614	-0.0486037	0.0395374	0.0477782	0.998075
4.1	0.999167	-0.0191018	-0.0360613	0.0172105	0.998496	-0.0520478	0.0370012	0.0513838	0.997993
4.13333	0.999313	-0.0171225	-0.0328794	0.0154336	0.998582	-0.0509515	0.0337052	0.050409	0.99816
4.16667	0.999422	-0.0152773	-0.0303849	0.0138858	0.998868	-0.0454918	0.0310455	0.0450436	0.998503
4.2	0.999514	-0.0129383	-0.0283613	0.0118395	0.999186	-0.0385762	0.0288373	0.0382217	0.998853
4.23333	0.99957	-0.00968221	-0.0276938	0.00899158	0.999648	-0.0249548	0.0279256	0.024695	0.999305
4.26667	0.999566	-0.00632515	-0.0287571	0.00611296	0.999953	-0.0074608	0.0288029	0.00728178	0.999559
4.3	0.999582	-0.00524253	-0.0284158	0.0054578	0.999957	0.00750356	0.0283752	-0.00765552	0.999568
