0	0	1	0	0	0	-1	-1	0	0
0.0333333	0.964213	0.206261	0.166583	-0.115065	0.891603	-0.437954	-0.238859	0.403113	0.883429
0.0666667	0.981194	0.0639196	0.182134	0.0102007	0.92509	-0.379611	-0.192755	0.37433	0.907041
0.1	0.980155	0.00487398	0.198173	0.0669817	0.932757	-0.35423	-0.186573	0.360474	0.91392
0.133333	0.978543	-0.0204967	0.205021	0.0904445	0.93678	-0.338029	-0.185131	0.349319	0.918533
0.166667	0.977727	-0.0308313	0.207604	0.0994583	0.939098	-0.328941	-0.184819	0.342263	0.921248
0.2	0.97729	-0.035546	0.208902	0.103797	0.939767	-0.325676	-0.184743	0.339963	0.922114
0.233333	0.97713	-0.0371777	0.20937	0.1053	0.94	-0.324518	-0.184743	0.339143	0.922417
0.266667	0.976948	-0.0375955	0.210139	0.105598	0.940609	-0.32265	-0.185528	0.337403	0.922897
0.3	0.976814	-0.0377172	0.210742	0.105609	0.94115	-0.321067	-0.18623	0.335879	0.923311
0.333333	0.976714	-0.0378332	0.211186	0.105701	0.941434	-0.320202	-0.186703	0.335068	0.92351
0.366667	0.976703	-0.0377162	0.211257	0.105548	0.94156	-0.319881	-0.186846	0.334726	0.923605
0.4	0.976759	-0.0368564	0.21115	0.105074	0.940953	-0.321818	-0.186821	0.336525	0.922957
0.433333	0.976706	-0.0368666	0.211389	0.104813	0.94158	-0.320066	-0.18724	0.334767	0.923511
0.466667	0.976745	-0.0378106	0.211042	0.105071	0.942439	-0.31744	-0.186891	0.332233	0.924496
0.5	0.976883	-0.0381508	0.210342	0.105106	0.942519	-0.31719	-0.186151	0.331966	0.924741
0.533333	0.977086	-0.037262	0.209558	0.104293	0.942078	-0.318766	-0.185542	0.333317	0.924378
0.566667	0.977046	-0.0369677	0.209798	0.103758	0.9427	-0.317098	-0.186054	0.331587	0.924897
0.6	0.977039	-0.0370716	0.209808	0.103237	0.943795	-0.313995	-0.186376	0.328446	0.925952
0.633333	0.977101	-0.0370341	0.209527	0.103271	0.943516	-0.314822	-0.186033	0.329251	0.925735
0.666667	0.977095	-0.0368942	0.20958	0.103218	0.943415	-0.315143	-0.186094	0.329557	0.925614
0.7	0.977078	-0.0366093	0.209708	0.10302	0.943382	-0.315304	-0.186292	0.329681	0.92553
0.733333	0.977007	-0.0365805	0.210044	0.102979	0.943599	-0.314669	-0.186687	0.329064	0.92567
0.766667	0.977026	-0.0361842	0.210026	0.102807	0.943259	-0.315742	-0.186684	0.330081	0.925309
0.8	0.977077	-0.0355696	0.209893	0.102154	0.943353	-0.315673	-0.186775	0.329878	0.925362
0.833333	0.977147	-0.0345372	0.20974	0.101006	0.94364	-0.315185	-0.187034	0.329167	0.925563
0.866667	0.977257	-0.0343648	0.209258	0.100474	0.944028	-0.314193	-0.186748	0.328072	0.92601
0.9	0.977394	-0.0334101	0.208768	0.0995996	0.943764	-0.315262	-0.186495	0.328929	0.925757
0.933333	0.977498	-0.0325612	0.208417	0.0988274	0.943566	-0.316096	-0.186363	0.329581	0.925551
0.966667	0.977596	-0.0310645	0.208184	0.0975492	0.943288	-0.317321	-0.18652	0.33052	0.925185
1	0.977687	-0.0299385	0.207922	0.0967186	0.942795	-0.319035	-0.186477	0.332027	0.924654
1.03333	0.977801	-0.028433	0.207597	0.0957553	0.94188	-0.322014	-0.186375	0.334745	0.923694
1.06667	0.978015	-0.0254623	0.206972	0.0939388	0.939903	-0.328265	-0.186175	0.340491	0.921632
1.1	0.97811	-0.0213806	0.206987	0.0916372	0.937319	-0.336208	-0.186825	0.347817	0.91876
1.13333	0.97816	-0.0166603	0.207187	0.0892016	0.933973	-0.346032	-0.187742	0.356956	0.91506
1.16667	0.97863	-0.012904	0.205225	0.087179	0.929932	-0.357247	-0.186235	0.367504	0.911184
1.2	0.979494	-0.00902095	0.201273	0.0842704	0.925757	-0.368609	-0.183005	0.378011	0.907533
1.23333	0.980173	-0.00527093	0.198071	0.0815878	0.921704	-0.379217	-0.180564	0.387859	0.90386
1.26667	0.980538	-0.00135227	0.196326	0.079093	0.917962	-0.388703	-0.179694	0.396666	0.900203
1.3	0.980858	0.00310981	0.194698	0.0749894	0.916721	-0.392428	-0.179704	0.399517	0.89894
1.33333	0.981186	0.00667525	0.19295	0.0710115	0.916867	-0.392825	-0.179532	0.399136	0.899143
1.36667	0.981013	0.0102244	0.193674	0.0679463	0.917201	-0.392588	-0.181652	0.398293	0.899091
1.4	0.980355	0.0154328	0.196636	0.0643725	0.917312	-0.392931	-0.186441	0.39787	0.898298
1.43333	0.978884	0.0188274	0.203546	0.0631831	0.919122	-0.388874	-0.194405	0.393523	0.898524
1.46667	0.974813	0.0200001	0.222124	0.0705714	0.917131	-0.392288	-0.211563	0.398084	0.89262
1.5	0.968621	0.0066749	0.248451	0.0960068	0.912	-0.398797	-0.22925	0.410136	0.882742
1.53333	0.962181	-0.0115721	0.272164	0.123683	0.908739	-0.398618	-0.242713	0.417204	0.875803
1.56667	0.9545	-0.0317118	0.296521	0.150471	0.909686	-0.387078	-0.257466	0.414084	0.873067
1.6	0.946278	-0.0523861	0.319081	0.175414	0.912133	-0.370463	-0.271637	0.406533	0.872321
1.63333	0.939681	-0.0760715	0.333485	0.203214	0.9084	-0.365395	-0.275141	0.411124	0.869065
1.66667	0.93334	-0.102155	0.344154	0.233974	0.900178	-0.367336	-0.272274	0.423373	0.864073
1.7	0.923106	-0.131567	0.361337	0.269087	0.892273	-0.362549	-0.274712	0.431902	0.859066
1.73333	0.91265	-0.148161	0.380945	0.295021	0.883831	-0.363049	-0.282901	0.443724	0.850339
1.76667	0.900503	-0.158119	0.405083	0.317687	0.875315	-0.364553	-0.296933	0.456971	0.838456
1.8	0.887039	-0.165822	0.430889	0.335303	0.872942	-0.354322	-0.317386	0.458776	0.829934
1.83333	0.873674	-0.173463	0.454537	0.3486	0.874914	-0.336161	-0.339369	0.452147	0.824859
1.86667	0.861121	-0.171533	0.478589	0.361128	0.86898	-0.338319	-0.357852	0.464166	0.810242
1.9	0.840507	-0.17162	0.513902	0.387553	0.853269	-0.348905	-0.378618	0.492421	0.78369
1.93333	0.811928	-0.187763	0.552738	0.428937	0.834146	-0.346718	-0.395963	0.518599	0.757805
1.96667	0.775289	-0.222462	0.591132	0.49156	0.800213	-0.343552	-0.396604	0.556929	0.72975
2	0.760306	-0.193841	0.619968	0.529637	0.737557	-0.418921	-0.376058	0.646866	0.663434
2.03333	0.7761	-0.114566	0.620116	0.532935	0.644855	-0.547853	-0.33712	0.75567	0.561528
2.06667	0.818965	-0.0524527	0.571441	0.503602	0.543091	-0.671891	-0.275102	0.838034	0.471188
2.1	0.882253	-0.0317919	0.4697	0.429748	0.461745	-0.775957	-0.192212	0.886443	0.421038
2.13333	0.934789	-0.0593321	0.350214	0.338824	0.444898	-0.829014	-0.106622	0.893614	0.435989
2.16667	0.967184	-0.100289	0.233444	0.252509	0.481281	-0.839409	-0.0281688	0.87081	0.490811
2.2	0.98	-0.145925	0.1353	0.194357	0.555889	-0.808216	0.0427271	0.818348	0.573132
2.23333	0.980982	-0.187441	0.0504008	0.162195	0.648991	-0.743305	0.106616	0.737344	0.667051
2.26667	0.977697	-0.206935	-0.0358785	0.137421	0.759506	-0.635819	0.158824	0.616708	0.771003
2.3	0.971347	-0.206954	-0.116858	0.12527	0.86366	-0.488262	0.201973	0.459633	0.864838
2.33333	0.959447	-0.206985	-0.191362	0.142087	0.941409	-0.305876	0.243462	0.266281	0.932642
2.36667	0.942372	-0.202279	-0.266492	0.172808	0.976339	-0.129998	0.286482	0.0764548	0.95503
2.4	0.933208	-0.188931	-0.30566	0.193743	0.980941	-0.0148126	0.302633	-0.0453962	0.952026
2.43333	0.941829	-0.157092	-0.29712	0.158388	0.987177	-0.0198687	0.296431	-0.0283473	0.954633
2.46667	0.959398	-0.0999687	-0.263745	0.0763197	0.99221	-0.0984627	0.271533	0.074336	0.959554
2.5	0.968063	-0.0332282	-0.248497	-0.0283311	0.97033	-0.240118	0.249103	0.239489	0.938399
2.53333	0.976035	0.0364955	-0.214529	-0.0984685	0.953205	-0.28584	0.194058	0.300115	0.933955
2.56667	0.986209	0.0587866	-0.154712	-0.109166	0.933663	-0.341111	0.124396	0.353296	0.927204
2.6	0.995714	0.0513918	-0.0768915	-0.0774795	0.917509	-0.390095	0.050501	0.394381	0.917558
2.63333	0.999136	0.037799	0.0172968	-0.0274259	0.912113	-0.409021	-0.0312372	0.408193	0.912361
2.66667	0.99363	0.0255368	0.109758	0.0216824	0.912461	-0.408588	-0.110584	0.408366	0.906095
2.7	0.981327	0.0135331	0.191868	0.0670891	0.910793	-0.407376	-0.180265	0.412641	0.892878
2.73333	0.96455	-0.00699574	0.263809	0.117704	0.906115	-0.406327	-0.236199	0.422974	0.874816
2.76667	0.94406	-0.0246134	0.328855	0.166144	0.896904	-0.409828	-0.284864	0.441539	0.85082
2.8	0.919862	-0.0301882	0.391079	0.203516	0.889061	-0.410063	-0.335315	0.456792	0.823957
2.83333	0.892482	-0.0321009	0.449938	0.232221	0.887828	-0.397283	-0.386715	0.459054	0.799826
2.86667	0.866034	-0.0287951	0.499156	0.257841	0.881071	-0.396526	-0.428373	0.472107	0.770461
2.9	0.837662	-0.0203022	0.545812	0.299254	0.853029	-0.427537	-0.456914	0.521468	0.720626
2.93333	0.800379	-0.0234039	0.599037	0.365053	0.811642	-0.456041	-0.475531	0.583686	0.658165
2.96667	0.761401	-0.0408669	0.646992	0.447713	0.754933	-0.479197	-0.468852	0.654528	0.593103
3	0.754803	0.00513402	0.655932	0.490573	0.659396	-0.569679	-0.435444	0.751778	0.495196
3.03333	0.789394	0.0540529	0.611503	0.493398	0.536822	-0.684383	-0.365261	0.841962	0.397094
3.06667	0.85691	0.0579576	0.512197	0.438251	0.4412	-0.783121	-0.271369	0.895535	0.352669
3.1	0.918824	0.00506913	0.394634	0.357615	0.412294	-0.837929	-0.166953	0.911037	0.377013
3.13333	0.960183	-0.060195	0.272808	0.269447	0.457488	-0.847409	-0.0737968	0.887176	0.455492
3.16667	0.977082	-0.123843	0.173127	0.212802	0.549099	-0.808211	0.00502766	0.826531	0.562869
3.2	0.980935	-0.174458	0.0856162	0.180565	0.65533	-0.733444	0.0718485	0.73492	0.674337
3.23333	0.978555	-0.205914	-0.00552332	0.158011	0.767569	-0.621185	0.13215	0.606991	0.783644
3.26667	0.970586	-0.223817	-0.0887036	0.162319	0.880454	-0.44548	0.177806	0.417979	0.890887
3.3	0.957741	-0.233009	-0.16864	0.191883	0.954355	-0.228882	0.214275	0.186851	0.958735
3.33333	0.946705	-0.224804	-0.23068	0.221458	0.974322	-0.0406496	0.233895	-0.0126028	0.97218
3.36667	0.95191	-0.191762	-0.238946	0.20288	0.978943	0.0225968	0.229582	-0.0699876	0.97077
3.4	0.969184	-0.11853	-0.215946	0.109098	0.992501	-0.0551287	0.220861	0.0298706	0.974848
3.43333	0.977847	-0.0273439	-0.20753	-0.012166	0.982331	-0.186755	0.208969	0.185143	0.960236
3.46667	0.97887	0.0445431	-0.199572	-0.103641	0.949411	-0.296441	0.176272	0.310861	0.933967
3.5	0.984895	0.0935661	-0.145694	-0.139598	0.926879	-0.348436	0.102439	0.363512	0.92594
3.53333	0.994328	0.0877037	-0.0601712	-0.104347	0.91395	-0.392182	0.0205977	0.396236	0.917917
3.56667	0.997153	0.0666261	0.0353021	-0.0454915	0.90498	-0.423015	-0.0601315	0.420205	0.905435
3.6	0.990546	0.051998	0.126946	0.00756721	0.90326	-0.429028	-0.136974	0.425932	0.894326
3.63333	0.977506	0.0461828	0.205787	0.0476494	0.902143	-0.428798	-0.205452	0.428959	0.87965
3.66667	0.961492	0.0337012	0.272759	0.0915467	0.896503	-0.433477	-0.259138	0.441755	0.858895
3.7	0.943608	0.0203723	0.330438	0.137169	0.884345	-0.446226	-0.301312	0.466389	0.831681
3.73333	0.918768	0.0144627	0.394532	0.178264	0.876459	-0.447261	-0.35226	0.48126	0.802684
3.76667	0.888782	0.0143958	0.458103	0.210535	0.874992	-0.435963	-0.407113	0.483923	0.774647
3.8	0.85811	0.0167745	0.513192	0.247623	0.862042	-0.442229	-0.449811	0.506559	0.735573
3.83333	0.828846	0.0289218	0.558729	0.294868	0.826121	-0.480184	-0.475466	0.56275	0.676199
3.86667	0.792036	0.034008	0.609527	0.35873	0.78195	-0.509772	-0.493955	0.622413	0.607132
3.9	0.7517	0.0207636	0.659179	0.445654	0.720783	-0.530909	-0.486148	0.69285	0.532559
3.93333	0.744202	0.062985	0.664978	0.49913	0.609141	-0.616292	-0.443883	0.790557	0.421886
3.96667	0.783999	0.118922	0.609264	0.499746	0.461301	-0.733113	-0.368237	0.879238	0.302229
4	0.858394	0.122713	0.498098	0.434876	0.340965	-0.833442	-0.272108	0.932032	0.239318
4.03333	0.925436	0.0660932	0.373094	0.338181	0.300004	-0.891981	-0.170884	0.951645	0.255283
4.06667	0.963785	-0.0104284	0.266478	0.253479	0.346334	-0.903217	-0.082871	0.938053	0.336434
4.1	0.978801	-0.0915595	0.183211	0.204814	0.440474	-0.87409	-0.000668238	0.893085	0.449888
4.13333	0.980915	-0.155375	0.116894	0.184706	0.556815	-0.80984	0.0607403	0.815975	0.574887
4.16667	0.981279	-0.188525	0.0393797	0.160091	0.684773	-0.710955	0.107067	0.703949	0.702134
4.2	0.980933	-0.190291	-0.039485	0.138444	0.826796	-0.545198	0.136392	0.529337	0.837377
4.23333	0.977729	-0.181547	-0.10529	0.13677	0.931713	-0.33646	0.159183	0.314566	0.935793
4.26667	0.970895	-0.181783	-0.15594	0.159804	0.976654	-0.143561	0.178397	0.114463	0.977278
4.3	0.970352	-0.170979	-0.170832	0.172622	0.984974	-0.00529934	0.169171	-0.0243472	0.985286
