0	0.931037	-0.364924	0	0.364924	0.931037	0	0	0	1
0.0333333	0.9539	-0.28468	-0.0950364	0.282476	0.958592	-0.0361684	0.101398	0.00765551	0.994817
0.0666667	0.967575	-0.0999227	-0.231977	0.0875737	0.994166	-0.0629613	0.236915	0.0406047	0.970681
0.1	0.940742	0.06341	-0.333143	-0.0893213	0.994006	-0.0630309	0.32715	0.0890525	0.940767
0.133333	0.895399	0.19168	-0.401894	-0.230936	0.971626	-0.0511061	0.380695	0.138572	0.914259
0.166667	0.84799	0.28633	-0.446013	-0.336999	0.940787	-0.0367619	0.409077	0.181479	0.894271
0.2	0.807149	0.353266	-0.472983	-0.412871	0.910458	-0.024555	0.421957	0.215101	0.880729
0.233333	0.774858	0.399933	-0.48954	-0.466241	0.884525	-0.0153597	0.426867	0.240145	0.871846
0.266667	0.750398	0.432479	-0.499864	-0.503712	0.863827	-0.00879724	0.427992	0.258389	0.866059
0.3	0.731941	0.454753	-0.507407	-0.529502	0.848301	-0.00354113	0.428824	0.271265	0.861699
0.333333	0.717856	0.46988	-0.513707	-0.547098	0.837068	0.00113629	0.430541	0.280232	0.857965
0.366667	0.707088	0.480125	-0.51914	-0.559053	0.829115	0.00535351	0.432997	0.286442	0.854672
0.4	0.698695	0.486891	-0.524178	-0.566955	0.823696	0.00938831	0.436334	0.290626	0.851557
0.433333	0.692255	0.491014	-0.528856	-0.571752	0.82032	0.013218	0.440322	0.293224	0.848608
0.466667	0.687708	0.493049	-0.532879	-0.574083	0.81863	0.0165581	0.444395	0.294529	0.846029
0.5	0.684717	0.493775	-0.53605	-0.574865	0.818022	0.0192121	0.447987	0.295001	0.843968
0.533333	0.68228	0.493968	-0.53897	-0.57501	0.817859	0.021669	0.451506	0.295129	0.842046
0.566667	0.679753	0.494204	-0.54194	-0.575192	0.817661	0.024177	0.455072	0.295286	0.840069
0.6	0.678472	0.493141	-0.544507	-0.573816	0.81856	0.0263486	0.458705	0.29457	0.838342
0.633333	0.677899	0.491339	-0.546845	-0.571545	0.820082	0.0283224	0.462373	0.293347	0.836755
0.666667	0.677135	0.490018	-0.548972	-0.569854	0.821194	0.0301147	0.46557	0.292442	0.835298
0.7	0.675703	0.489002	-0.551635	-0.568497	0.822049	0.0323556	0.469293	0.29174	0.833458
0.733333	0.674512	0.48793	-0.554038	-0.567071	0.822951	0.0343764	0.47272	0.290992	0.831781
0.766667	0.673581	0.486518	-0.556407	-0.565223	0.824137	0.0363657	0.476248	0.289998	0.830114
0.8	0.672831	0.485326	-0.558352	-0.563655	0.825136	0.037997	0.479157	0.289152	0.828733
0.833333	0.672588	0.484475	-0.559383	-0.562552	0.825848	0.0388598	0.480792	0.288545	0.827998
0.866667	0.673073	0.483398	-0.559731	-0.561208	0.826748	0.0391504	0.481682	0.287775	0.827749
0.9	0.673619	0.482777	-0.559611	-0.560453	0.827265	0.0390505	0.481799	0.28733	0.827835
0.933333	0.674254	0.482592	-0.559005	-0.560261	0.827419	0.0385463	0.481133	0.287199	0.828268
0.966667	0.674894	0.483094	-0.557798	-0.560945	0.827002	0.0375431	0.479436	0.287556	0.829128
1	0.676511	0.482645	-0.556226	-0.56048	0.827375	0.0362391	0.477698	0.287238	0.83024
1.03333	0.678517	0.482676	-0.55375	-0.560647	0.827349	0.0341901	0.474647	0.28726	0.831981
1.06667	0.680858	0.482367	-0.55114	-0.560398	0.827603	0.0320377	0.471579	0.287045	0.833798
1.1	0.683069	0.48203	-0.548693	-0.5601	0.82788	0.0300279	0.468727	0.286812	0.835484
1.13333	0.685095	0.481072	-0.547005	-0.559013	0.828664	0.0286467	0.467064	0.286157	0.836639
1.16667	0.686914	0.479367	-0.54622	-0.556984	0.830051	0.0280086	0.466817	0.284997	0.837173
1.2	0.686902	0.478414	-0.54707	-0.555796	0.830823	0.028697	0.468247	0.284347	0.836595
1.23333	0.684855	0.478288	-0.54974	-0.555528	0.830925	0.0308602	0.471552	0.284261	0.834766
1.26667	0.681478	0.478276	-0.553932	-0.555313	0.830935	0.0342687	0.476671	0.284252	0.831857
1.3	0.67713	0.477852	-0.5596	-0.554489	0.831282	0.0388998	0.483774	0.283952	0.827849
1.33333	0.671985	0.47655	-0.566865	-0.552432	0.83235	0.0448609	0.493208	0.283009	0.822588
1.36667	0.663714	0.474034	-0.578598	-0.548418	0.834424	0.0545333	0.508647	0.281119	0.813787
1.4	0.650561	0.471479	-0.59538	-0.543596	0.836549	0.068482	0.530353	0.279094	0.80052
1.43333	0.634412	0.472314	-0.611916	-0.542737	0.835845	0.082465	0.550416	0.279793	0.786612
1.46667	0.620929	0.478174	-0.621125	-0.549247	0.830748	0.0904793	0.559263	0.28497	0.778471
1.5	0.614294	0.490529	-0.618081	-0.566188	0.819593	0.0877362	0.549613	0.296054	0.781203
1.53333	0.610582	0.509697	-0.606135	-0.593155	0.801452	0.0764316	0.524745	0.312864	0.791681
1.56667	0.604908	0.529687	-0.594574	-0.620534	0.78149	0.0648858	0.499023	0.329704	0.801418
1.6	0.59851	0.548861	-0.583556	-0.646195	0.761309	0.0532911	0.473516	0.345196	0.810323
1.63333	0.589687	0.568373	-0.573779	-0.671625	0.739674	0.0424586	0.448541	0.360327	0.817909
1.66667	0.57852	0.59025	-0.562957	-0.699511	0.714001	0.0297676	0.419522	0.376574	0.82595
1.7	0.565286	0.616047	-0.548578	-0.731513	0.681726	0.0117783	0.381236	0.394634	0.836016
1.73333	0.55543	0.641128	-0.529578	-0.761256	0.64831	-0.0135475	0.334645	0.410669	0.848153
1.76667	0.550534	0.661657	-0.50904	-0.783765	0.619618	-0.0422643	0.287446	0.422235	0.859705
1.8	0.552762	0.674342	-0.489609	-0.79583	0.601449	-0.0700993	0.247204	0.428394	0.86912
1.83333	0.56498	0.678185	-0.469961	-0.79699	0.595972	-0.0981015	0.213553	0.42998	0.877219
1.86667	0.581746	0.67858	-0.448442	-0.793158	0.595426	-0.127939	0.180197	0.430113	0.884608
1.9	0.593598	0.682165	-0.426956	-0.79157	0.590589	-0.156914	0.145114	0.43111	0.890554
1.93333	0.595151	0.691085	-0.410119	-0.795582	0.578673	-0.17941	0.113337	0.433059	0.894212
1.96667	0.598661	0.694014	-0.399938	-0.795235	0.574771	-0.192973	0.0959469	0.43357	0.895997
2	0.610817	0.682834	-0.4008	-0.784748	0.589379	-0.191841	0.105228	0.431706	0.895855
2.03333	0.630325	0.655695	-0.415638	-0.762594	0.623228	-0.173312	0.145397	0.426206	0.892865
2.06667	0.647957	0.617227	-0.446299	-0.731176	0.668201	-0.137438	0.213387	0.415377	0.884267
2.1	0.654087	0.579808	-0.485791	-0.698591	0.709319	-0.0940122	0.290071	0.400861	0.869005
2.13333	0.647695	0.545863	-0.531531	-0.66555	0.744935	-0.0459822	0.370856	0.383543	0.84579
2.16667	0.636763	0.510365	-0.57798	-0.624958	0.780658	0.000813007	0.45162	0.360696	0.816051
2.2	0.626199	0.471708	-0.620779	-0.574518	0.817434	0.0416049	0.527071	0.330596	0.782881
2.23333	0.614595	0.435026	-0.658046	-0.521639	0.849894	0.0746596	0.591748	0.297377	0.749267
2.26667	0.596878	0.403234	-0.693642	-0.470999	0.875989	0.103943	0.649536	0.264663	0.712781
2.3	0.574818	0.377598	-0.725951	-0.425722	0.895644	0.128771	0.698817	0.235033	0.675584
2.33333	0.551901	0.355582	-0.754299	-0.383322	0.911482	0.149213	0.740587	0.206789	0.63935
2.36667	0.527351	0.339014	-0.779083	-0.347851	0.922726	0.166063	0.775178	0.183431	0.604527
2.4	0.495594	0.330955	-0.803028	-0.325047	0.928044	0.181874	0.805438	0.170887	0.56751
2.43333	0.464548	0.329975	-0.821773	-0.315733	0.928714	0.194432	0.82735	0.169138	0.535616
2.46667	0.451523	0.334457	-0.827204	-0.322457	0.925596	0.198228	0.831955	0.177233	0.525775
2.5	0.458532	0.34468	-0.819112	-0.346587	0.918092	0.192314	0.818306	0.195711	0.540437
2.53333	0.482766	0.364156	-0.796447	-0.392908	0.902842	0.174642	0.782663	0.228619	0.578941
2.56667	0.523857	0.380314	-0.762191	-0.432457	0.889644	0.14668	0.733863	0.252776	0.630515
2.6	0.55645	0.395936	-0.730478	-0.46575	0.876688	0.120395	0.68807	0.273226	0.672241
2.63333	0.570952	0.42194	-0.704259	-0.510685	0.854193	0.0977496	0.642817	0.303844	0.703182
2.66667	0.573371	0.459875	-0.678057	-0.570001	0.81839	0.0730542	0.588511	0.344606	0.73137
2.7	0.569987	0.502142	-0.65036	-0.631667	0.77399	0.0439924	0.525463	0.385736	0.758351
2.73333	0.560909	0.545317	-0.622906	-0.690178	0.723542	0.0119323	0.457205	0.423223	0.782206
2.76667	0.54463	0.588121	-0.597906	-0.743865	0.668015	-0.0204999	0.387354	0.455927	0.801304
2.8	0.526793	0.626702	-0.574224	-0.788349	0.612818	-0.0544085	0.317797	0.481351	0.816888
2.83333	0.517717	0.65825	-0.546513	-0.819898	0.564211	-0.0971307	0.244412	0.498371	0.831799
2.86667	0.51485	0.687072	-0.5127	-0.841964	0.517801	-0.151586	0.161326	0.509719	0.84508
2.9	0.5066	0.715374	-0.481245	-0.858408	0.470663	-0.20399	0.0805752	0.516445	0.852521
2.93333	0.495138	0.737477	-0.459309	-0.868576	0.432544	-0.241828	0.0203292	0.518683	0.854725
2.96667	0.498769	0.742577	-0.446999	-0.866713	0.423638	-0.263324	-0.00617203	0.518758	0.854899
3	0.517958	0.730487	-0.445093	-0.855401	0.444125	-0.266537	0.00297494	0.518788	0.854898
3.03333	0.547906	0.70055	-0.457196	-0.834951	0.491636	-0.247289	0.0515355	0.517227	0.854295
3.06667	0.579562	0.653863	-0.486385	-0.803122	0.559504	-0.204818	0.138211	0.509332	0.849399
3.1	0.595613	0.603974	-0.529584	-0.7657	0.626164	-0.147047	0.242794	0.493086	0.835415
3.13333	0.594704	0.557276	-0.579457	-0.723924	0.684686	-0.0844949	0.349659	0.469733	0.810611
3.16667	0.586078	0.511034	-0.628774	-0.672671	0.739486	-0.0259795	0.451693	0.438184	0.777154
3.2	0.573683	0.465463	-0.673968	-0.612487	0.790107	0.0243217	0.543827	0.398843	0.73836
3.23333	0.560109	0.421041	-0.713444	-0.545527	0.835581	0.0648406	0.623441	0.352885	0.697705
3.26667	0.542885	0.379803	-0.749016	-0.476195	0.873866	0.0979649	0.691747	0.303494	0.655269
3.3	0.517867	0.343899	-0.783293	-0.408561	0.90389	0.12673	0.751593	0.254393	0.608598
3.33333	0.47863	0.32005	-0.817607	-0.354997	0.922231	0.153189	0.803051	0.216927	0.555025
3.36667	0.433534	0.309587	-0.846288	-0.323254	0.930059	0.174636	0.841163	0.197856	0.503287
3.4	0.399499	0.30781	-0.863512	-0.311709	0.931432	0.187811	0.862112	0.194134	0.468054
3.43333	0.383596	0.308552	-0.870431	-0.31007	0.930851	0.193323	0.869891	0.195736	0.452743
3.46667	0.373411	0.316586	-0.871973	-0.328915	0.924081	0.194651	0.867398	0.21412	0.449192
3.5	0.379756	0.333303	-0.862957	-0.373974	0.908528	0.186332	0.846126	0.251962	0.469666
3.53333	0.410074	0.352605	-0.841135	-0.427392	0.88901	0.16431	0.805714	0.292116	0.515261
3.56667	0.445831	0.37491	-0.812821	-0.482786	0.865373	0.134342	0.753759	0.332524	0.566811
3.6	0.478333	0.401513	-0.781015	-0.539598	0.836043	0.099325	0.692843	0.373924	0.616563
3.63333	0.506103	0.430495	-0.747352	-0.593165	0.802786	0.0607387	0.626111	0.412563	0.661647
3.66667	0.524503	0.461665	-0.715375	-0.6431	0.765453	0.0224707	0.55796	0.448272	0.698379
3.7	0.534188	0.497039	-0.68381	-0.692884	0.720841	-0.0173211	0.484309	0.483054	0.729455
3.73333	0.543958	0.533271	-0.647867	-0.736977	0.672786	-0.0649927	0.401217	0.512816	0.758976
3.76667	0.555529	0.567984	-0.607274	-0.771113	0.625152	-0.120704	0.311081	0.535332	0.78527
3.8	0.56249	0.603116	-0.565559	-0.797668	0.575841	-0.179258	0.217558	0.551959	0.804991
3.83333	0.553849	0.63929	-0.533442	-0.821638	0.523342	-0.225884	0.134767	0.563402	0.815117
3.86667	0.53167	0.671606	-0.516015	-0.843642	0.473756	-0.252632	0.0747962	0.569649	0.818477
3.9	0.526019	0.686521	-0.50199	-0.84967	0.449864	-0.275107	0.0369604	0.571237	0.819952
3.93333	0.535681	0.682953	-0.496609	-0.843795	0.455551	-0.283694	0.0324811	0.571006	0.820303
3.96667	0.555785	0.660118	-0.505318	-0.828417	0.490582	-0.270285	0.0694803	0.568835	0.819512
4	0.576717	0.624415	-0.526786	-0.805509	0.542141	-0.239245	0.136204	0.562307	0.815634
4.03333	0.585137	0.588464	-0.557965	-0.782115	0.591321	-0.196559	0.214269	0.551407	0.80625
4.06667	0.582389	0.554445	-0.594486	-0.7571	0.636242	-0.148306	0.29601	0.536458	0.790311
4.1	0.577036	0.516576	-0.632597	-0.722054	0.684635	-0.0995661	0.381664	0.514222	0.768055
4.13333	0.574339	0.472714	-0.668338	-0.672616	0.73786	-0.0561279	0.466608	0.481771	0.741737
4.16667	0.571615	0.425178	-0.701769	-0.611264	0.79121	-0.0185272	0.547369	0.439556	0.712164
4.2	0.562339	0.37853	-0.735181	-0.544174	0.838826	0.0156572	0.622615	0.391261	0.677691
4.23333	0.542561	0.339359	-0.768416	-0.48138	0.875269	0.0466579	0.688405	0.344585	0.638248
4.26667	0.512977	0.310839	-0.800146	-0.429603	0.899965	0.0741963	0.743167	0.305684	0.595198
4.3	0.479592	0.291802	-0.827553	-0.389856	0.915756	0.0969705	0.786133	0.27612	0.55295
