0	0	1	0	0	0	-1	-1	0	0
0.0333333	0.996705	-0.0679569	-0.0442821	0.0502926	0.946104	-0.319935	0.0636373	0.316654	0.946404
0.0666667	0.999126	-0.0316574	-0.0273107	0.0274417	0.989357	-0.1429	0.0315438	0.142025	0.98936
0.1	0.999787	-0.0163746	-0.0125376	0.0155013	0.997643	-0.0668369	0.0136025	0.0666283	0.997685
0.133333	0.99997	-0.00760281	-0.0016128	0.00755321	0.999556	-0.0288097	0.00183112	0.0287967	0.999584
0.166667	0.999974	-0.00190694	0.00693935	0.00195436	0.999975	-0.00683311	-0.00692615	0.00684649	0.999953
0.2	0.999916	0.00184518	0.0128263	-0.00192278	0.99998	0.00603987	-0.0128149	-0.00606402	0.999899
0.233333	0.999841	0.00423253	0.0173325	-0.00446346	0.999901	0.0133068	-0.0172745	-0.0133821	0.999761
0.266667	0.999774	0.00635989	0.0202783	-0.00672129	0.999819	0.0178039	-0.0201614	-0.0179362	0.999636
0.3	0.999723	0.00777829	0.022199	-0.0081787	0.999804	0.0180039	-0.0220546	-0.0181805	0.999591
0.333333	0.999701	0.00881903	0.0228272	-0.0091945	0.999823	0.0163958	-0.0226786	-0.0166007	0.999605
0.366667	0.999713	0.00934935	0.0220715	-0.00965065	0.999861	0.0135844	-0.0219414	-0.0137935	0.999664
0.4	0.999747	0.00966382	0.0203247	-0.00987032	0.9999	0.0100847	-0.0202252	-0.0102827	0.999743
0.433333	0.999796	0.00937328	0.0178786	-0.00947678	0.999939	0.00571325	-0.017824	-0.00588152	0.999824
0.466667	0.999845	0.00936702	0.0149061	-0.00941611	0.99995	0.00322611	-0.0148751	-0.00336597	0.999884
0.5	0.999899	0.00927341	0.0107844	-0.00930024	0.999954	0.00244014	-0.0107613	-0.00254019	0.999939
0.533333	0.999936	0.00941231	0.00621792	-0.00941342	0.999956	0.000149586	-0.00621624	-0.000208108	0.999981
0.566667	0.999961	0.00874215	0.00123144	-0.00873972	0.99996	-0.00196996	-0.00124861	0.00195912	0.999997
0.6	0.999958	0.00860435	-0.00315372	-0.00861578	0.999956	-0.00362853	0.00312236	0.00365555	0.999988
0.633333	0.999929	0.00912131	-0.00773198	-0.00914743	0.999953	-0.00335047	0.00770105	0.00342095	0.999964
0.666667	0.999882	0.00953385	-0.0120599	-0.00957276	0.999949	-0.0031728	0.0120291	0.00328787	0.999922
0.7	0.999832	0.00950237	-0.0156899	-0.00958764	0.99994	-0.00536821	0.015638	0.00551774	0.999862
0.733333	0.999777	0.00937443	-0.0189308	-0.00954341	0.999915	-0.00885524	0.0188462	0.00903393	0.999782
0.766667	0.999727	0.00930086	-0.0214296	-0.00952299	0.999902	-0.0102871	0.0213318	0.0104884	0.999717
0.8	0.99969	0.00899581	-0.0232158	-0.00926991	0.999888	-0.0117258	0.0231078	0.0119374	0.999662
0.833333	0.999676	0.00863521	-0.0239583	-0.00888381	0.999908	-0.0102893	0.0238672	0.0104989	0.99966
0.866667	0.999671	0.00869336	-0.0241256	-0.00890112	0.999924	-0.00851738	0.0240497	0.00872933	0.999673
0.9	0.999673	0.00857413	-0.0241106	-0.00875591	0.999934	-0.00744386	0.0240452	0.00765253	0.999682
0.933333	0.999688	0.00816822	-0.0236013	-0.00830291	0.99995	-0.00561488	0.0235543	0.00580909	0.999706
0.966667	0.99971	0.00823737	-0.0226356	-0.00831777	0.999959	-0.00346037	0.0226062	0.00364765	0.999738
1	0.999736	0.00759737	-0.0216619	-0.00763856	0.999969	-0.00181901	0.0216474	0.00198399	0.999764
1.03333	0.999763	0.00702932	-0.0205882	-0.00701612	0.999975	0.000712985	0.0205927	-0.000568367	0.999788
1.06667	0.999788	0.00631712	-0.0195885	-0.00627933	0.999978	0.00198994	0.0196007	-0.00186652	0.999806
1.1	0.999795	0.00664569	-0.0191279	-0.00655648	0.999967	0.00472264	0.0191587	-0.00459626	0.999806
1.13333	0.999788	0.00727153	-0.0192825	-0.00712646	0.999946	0.00758106	0.0193366	-0.00744203	0.999785
1.16667	0.999749	0.00830786	-0.0208037	-0.00812892	0.999929	0.00867103	0.0208742	-0.00849974	0.999746
1.2	0.99968	0.00908316	-0.0236027	-0.00895321	0.999944	0.00560566	0.0236523	-0.00539254	0.999706
1.23333	0.999574	0.00975282	-0.0274985	-0.00984066	0.999947	-0.00306092	0.0274672	0.00333022	0.999617
1.26667	0.999419	0.0111326	-0.0322046	-0.0115697	0.999843	-0.0134199	0.0320501	0.0137847	0.999391
1.3	0.999243	0.0129013	-0.0366935	-0.0137993	0.999609	-0.0243277	0.0363653	0.0248156	0.99903
1.33333	0.999075	0.0147093	-0.0403978	-0.0162345	0.999158	-0.0376897	0.0398093	0.0383107	0.998473
1.36667	0.99901	0.016776	-0.0411996	-0.0189738	0.998385	-0.0535456	0.0402348	0.0542743	0.997715
1.4	0.99904	0.0194395	-0.0392514	-0.0224411	0.996737	-0.0775397	0.0376159	0.0783461	0.996216
1.43333	0.999198	0.0225818	-0.033081	-0.0255333	0.995459	-0.0917002	0.03086	0.0924713	0.995237
1.46667	0.999365	0.0304259	-0.0185256	-0.0322168	0.993886	-0.105608	0.0151991	0.106137	0.994235
1.5	0.998999	0.0447287	0.00080891	-0.0443773	0.993113	-0.108433	-0.00565339	0.108288	0.994103
1.53333	0.997645	0.0656605	0.0198076	-0.0632128	0.992375	-0.10581	-0.0266041	0.104308	0.994189
1.56667	0.995116	0.0878561	0.0450153	-0.0832284	0.991894	-0.0960141	-0.0530858	0.0917986	0.994362
1.6	0.99129	0.108117	0.075199	-0.100794	0.990345	-0.0951744	-0.0847629	0.0867658	0.992616
1.63333	0.985595	0.126083	0.112723	-0.116303	0.989172	-0.0895096	-0.122788	0.0751101	0.989587
1.66667	0.979219	0.137385	0.149179	-0.126361	0.988666	-0.0810671	-0.158626	0.0605321	0.985481
1.7	0.97344	0.139957	0.181181	-0.128469	0.98897	-0.0737178	-0.1895	0.0484836	0.980683
1.73333	0.969174	0.139442	0.203121	-0.129042	0.989595	-0.063639	-0.209881	0.0354662	0.977083
1.76667	0.966569	0.141649	0.21373	-0.13351	0.989676	-0.0521184	-0.218906	0.0218408	0.975501
1.8	0.965976	0.143329	0.215283	-0.138465	0.989654	-0.0375893	-0.218443	0.00650121	0.975828
1.83333	0.967371	0.141177	0.210386	-0.140128	0.989932	-0.0199602	-0.211085	-0.0101721	0.977415
1.86667	0.969815	0.135248	0.202898	-0.140258	0.99006	0.0104545	-0.199467	-0.0385971	0.979144
1.9	0.973601	0.1283	0.188788	-0.137705	0.989763	0.0375149	-0.182042	-0.0625214	0.981301
1.93333	0.978366	0.120816	0.167939	-0.128594	0.991036	0.0361979	-0.16206	-0.0570108	0.985133
1.96667	0.984072	0.113997	0.136409	-0.116664	0.993103	0.0116942	-0.134135	-0.027422	0.990584
2	0.990025	0.101175	0.0980481	-0.101201	0.994855	-0.00471307	-0.0980204	-0.00525655	0.995171
2.03333	0.994818	0.0850546	0.0557036	-0.0844401	0.99634	-0.0132992	-0.0566308	0.00852668	0.998359
2.06667	0.998221	0.0580127	0.0137542	-0.0574818	0.997687	-0.0362776	-0.0158269	0.0354225	0.999247
2.1	0.99907	0.02529	-0.0349306	-0.0285025	0.995092	-0.0947631	0.0323626	0.0956705	0.994887
2.13333	0.996637	-0.011177	-0.0811758	-0.00292783	0.985164	-0.171592	0.0818893	0.171253	0.981818
2.16667	0.991275	-0.0436128	-0.124383	0.0126158	0.970733	-0.23983	0.131202	0.236168	0.962814
2.2	0.982542	-0.0711192	-0.171913	0.0172104	0.954833	-0.296645	0.185245	0.288507	0.939387
2.23333	0.969965	-0.0936075	-0.224512	0.0133005	0.942017	-0.3353	0.242881	0.322244	0.914969
2.26667	0.95336	-0.112554	-0.280065	0.00307865	0.93145	-0.363856	0.30182	0.346024	0.888354
2.3	0.932468	-0.132334	-0.336142	-0.0104585	0.92021	-0.391285	0.361101	0.368376	0.856683
2.33333	0.908328	-0.157804	-0.387347	-0.0228739	0.905968	-0.422728	0.417632	0.392836	0.819307
2.36667	0.885555	-0.183566	-0.426726	-0.0335791	0.890913	-0.452931	0.463319	0.415424	0.782789
2.4	0.8762	-0.208376	-0.434571	-0.041237	0.865979	-0.498378	0.48018	0.454599	0.750178
2.43333	0.886713	-0.223615	-0.404643	-0.0403612	0.834461	-0.549587	0.460554	0.503658	0.730902
2.46667	0.910874	-0.210337	-0.355058	-0.0289729	0.825647	-0.563443	0.411665	0.523513	0.745967
2.5	0.940084	-0.16686	-0.297322	-0.0196344	0.844113	-0.535805	0.340378	0.50954	0.790261
2.53333	0.967157	-0.0864146	-0.239039	-0.0304402	0.894288	-0.446455	0.25235	0.439068	0.862287
2.56667	0.985661	-0.0101102	-0.168434	-0.0442927	0.947697	-0.316082	0.16282	0.31901	0.933661
2.6	0.995615	0.0435926	-0.0827651	-0.0593504	0.978262	-0.198697	0.0723042	0.202738	0.97656
2.63333	0.996838	0.0794278	0.00240479	-0.0785849	0.989845	-0.118456	-0.0117891	0.117892	0.992956
2.66667	0.991795	0.103057	0.0756429	-0.0962761	0.991422	-0.0883972	-0.084104	0.0803893	0.993209
2.7	0.983227	0.124645	0.133145	-0.112295	0.98897	-0.09658	-0.143715	0.0800086	0.98638
2.73333	0.972792	0.148402	0.177912	-0.129753	0.985167	-0.112292	-0.191937	0.0861517	0.977618
2.76667	0.961762	0.169244	0.215339	-0.14655	0.982209	-0.117427	-0.231381	0.0813789	0.969453
2.8	0.951686	0.182771	0.246755	-0.162248	0.98154	-0.101268	-0.260709	0.0563397	0.963772
2.83333	0.943901	0.186109	0.272789	-0.17466	0.982421	-0.0658967	-0.280258	0.0145546	0.959814
2.86667	0.939408	0.1813	0.290935	-0.179422	0.983207	-0.033356	-0.292097	-0.0208653	0.956161
2.9	0.94051	0.175334	0.29103	-0.173883	0.984276	-0.0310551	-0.291899	-0.0213977	0.95621
2.93333	0.948021	0.16888	0.269697	-0.155661	0.985339	-0.0698342	-0.277536	0.0242229	0.96041
2.96667	0.960204	0.156575	0.231284	-0.132741	0.984417	-0.115341	-0.24574	0.0800505	0.966025
3	0.974479	0.131486	0.181939	-0.108895	0.985639	-0.129064	-0.196297	0.105958	0.974803
3.03333	0.986787	0.0994654	0.127896	-0.0813082	0.986794	-0.140098	-0.140142	0.127848	0.981843
3.06667	0.995703	0.0582628	0.071976	-0.0446406	0.982989	-0.178155	-0.0811315	0.174177	0.981366
3.1	0.999828	0.0150509	0.0108671	-0.0121634	0.973351	-0.228999	-0.0140242	0.228827	0.973366
3.13333	0.998297	-0.0218016	-0.0541135	0.00592621	0.960648	-0.277704	0.0580384	0.276911	0.959141
3.16667	0.99152	-0.0533647	-0.118495	0.0112657	0.943663	-0.330716	0.129468	0.326576	0.936262
3.2	0.979874	-0.076546	-0.18436	0.00144743	0.926258	-0.376888	0.199614	0.369036	0.907726
3.23333	0.962912	-0.0900132	-0.254356	-0.0212057	0.914547	-0.403923	0.268979	0.394337	0.87872
3.26667	0.940984	-0.104171	-0.322021	-0.0455789	0.903785	-0.425552	0.335368	0.415115	0.845699
3.3	0.917757	-0.122187	-0.377879	-0.0717753	0.884795	-0.460419	0.390603	0.449675	0.803257
3.33333	0.901484	-0.14515	-0.407746	-0.0943563	0.853518	-0.512448	0.422401	0.500438	0.755738
3.36667	0.902798	-0.163433	-0.397801	-0.106496	0.811215	-0.574969	0.416671	0.561445	0.714958
3.4	0.918551	-0.164525	-0.359439	-0.107844	0.770485	-0.628269	0.380308	0.615861	0.689987
3.43333	0.937867	-0.156085	-0.309907	-0.095243	0.743022	-0.662456	0.333667	0.650812	0.68199
3.46667	0.957736	-0.118708	-0.26201	-0.0884533	0.745197	-0.660952	0.27371	0.656194	0.703202
3.5	0.97353	-0.0810892	-0.213692	-0.0681022	0.789569	-0.609872	0.218179	0.608281	0.763146
3.53333	0.987086	-0.0447217	-0.153821	-0.0418412	0.854926	-0.517059	0.15463	0.516818	0.842015
3.56667	0.996994	0.00346514	-0.0774063	-0.034691	0.913242	-0.405938	0.0692841	0.407403	0.910617
3.6	0.998676	0.0512598	0.00434373	-0.0479836	0.958625	-0.2806	-0.0185475	0.28002	0.959815
3.63333	0.992598	0.0867408	0.0849994	-0.0719945	0.983936	-0.163363	-0.0978043	0.156035	0.982897
3.66667	0.981244	0.105911	0.16107	-0.0927672	0.991874	-0.0870625	-0.168982	0.0704875	0.983095
3.7	0.96783	0.113972	0.224311	-0.107616	0.993371	-0.0404015	-0.227429	0.0149624	0.97368
3.73333	0.954217	0.112527	0.277143	-0.117185	0.99311	0.000244736	-0.275206	-0.0327104	0.960829
3.76667	0.941318	0.0977505	0.323057	-0.127976	0.98904	0.0736308	-0.312319	-0.110653	0.943511
3.8	0.929853	0.0806191	0.35899	-0.148017	0.975228	0.164383	-0.336845	-0.205989	0.918751
3.83333	0.922532	0.0719269	0.379159	-0.159863	0.965444	0.205818	-0.351253	-0.250487	0.902151
3.86667	0.922895	0.0781773	0.377033	-0.154504	0.972074	0.176635	-0.352695	-0.221268	0.909201
3.9	0.936032	0.0861744	0.341201	-0.13215	0.984671	0.113843	-0.326161	-0.151651	0.933071
3.93333	0.956856	0.0877765	0.276986	-0.108703	0.992195	0.0610928	-0.269461	-0.0885663	0.95893
3.96667	0.976701	0.0793488	0.199396	-0.0822919	0.996587	0.00650298	-0.1982	-0.0227602	0.979897
4	0.99094	0.054628	0.122692	-0.0452489	0.995928	-0.0779728	-0.126452	0.0717147	0.989377
4.03333	0.99879	0.0236512	0.0431216	-0.0157894	0.984567	-0.174294	-0.0465784	0.173402	0.983749
4.06667	0.999364	-0.00545748	-0.0352436	-0.00359064	0.967804	-0.25168	0.0354825	0.251647	0.967168
4.1	0.993505	-0.0335578	-0.10873	-0.00211661	0.94991	-0.312516	0.113771	0.310716	0.943669
4.13333	0.981967	-0.0559124	-0.180596	-0.0110671	0.936627	-0.350155	0.188729	0.345839	0.919117
4.16667	0.965135	-0.068781	-0.252555	-0.0293716	0.930307	-0.365603	0.2601	0.360274	0.895852
4.2	0.943869	-0.0758897	-0.321485	-0.0522151	0.926736	-0.372067	0.326168	0.367969	0.870755
4.23333	0.919187	-0.0895922	-0.383495	-0.0741963	0.916944	-0.392056	0.386768	0.388827	0.836196
4.26667	0.895564	-0.114852	-0.429854	-0.0914774	0.897941	-0.430504	0.435428	0.424866	0.793657
4.3	0.882725	-0.1529	-0.444318	-0.0970691	0.865845	-0.490805	0.459755	0.476375	0.749461
