0	0.0110242	-0.0319839	0.788389	0.999995	-0.000247574	0.00307081	0.000167084	0.999657	0.0261838	-0.00307624	-0.0261831	0.999652
0.0333333	0.17569	0.979268	-2.01664	0.248563	0.968193	-0.0286256	-0.96746	0.249601	0.0414873	0.0473126	0.0173819	0.998729
0.0666667	0.173339	0.98113	-2.01324	0.158021	0.987327	0.0146274	-0.987436	0.158003	0.00235966	1.85766e-05	-0.0148165	0.99989
0.1	0.172766	0.982834	-2.01133	0.109586	0.99343	0.0329678	-0.993969	0.109662	-0.000521843	-0.00413374	-0.0327118	0.999456
0.133333	0.172989	0.983539	-2.01058	0.0861208	0.995486	0.0398823	-0.996276	0.0862182	-0.000725533	-0.00416084	-0.0396713	0.999204
0.166667	0.17335	0.983802	-2.01024	0.076466	0.996182	0.0421247	-0.997062	0.0765878	-0.0012828	-0.00450414	-0.0419029	0.999112
0.2	0.1738	0.983927	-2.00999	0.0717195	0.996464	0.043769	-0.997414	0.0718504	-0.00142172	-0.00456151	-0.0435539	0.999041
0.233333	0.174189	0.983961	-2.00988	0.0690728	0.996612	0.0446467	-0.997602	0.0691986	-0.00127675	-0.00436192	-0.0444514	0.999002
0.266667	0.174388	0.984011	-2.0098	0.0678749	0.99672	0.0440603	-0.997684	0.0680078	-0.0015234	-0.00451485	-0.0438549	0.999028
0.3	0.174654	0.984065	-2.00969	0.0667377	0.996796	0.0440873	-0.997759	0.0668817	-0.00179913	-0.004742	-0.0438685	0.999026
0.333333	0.174954	0.984073	-2.00967	0.0661881	0.996818	0.0444229	-0.997796	0.0663342	-0.00182097	-0.00476194	-0.0442045	0.999011
0.366667	0.17526	0.984082	-2.00959	0.0655333	0.996839	0.0449105	-0.99784	0.065676	-0.00170809	-0.00465223	-0.0447015	0.99899
0.4	0.17535	0.98404	-2.00962	0.0651959	0.996899	0.0440573	-0.997861	0.0653416	-0.0018743	-0.00474727	-0.0438409	0.999027
0.433333	0.175646	0.984062	-2.00957	0.064839	0.996907	0.0444015	-0.997885	0.064977	-0.00167052	-0.00455043	-0.0441993	0.999012
0.466667	0.175859	0.984066	-2.00954	0.0647291	0.996911	0.0444747	-0.997892	0.0648708	-0.00174745	-0.00462716	-0.0442678	0.999009
0.5	0.176161	0.984062	-2.00952	0.0644791	0.996914	0.0447782	-0.997907	0.0646312	-0.00195612	-0.00484415	-0.0445584	0.998995
0.533333	0.176458	0.984043	-2.00947	0.0641867	0.996928	0.0448801	-0.997926	0.0643376	-0.00192386	-0.00480543	-0.0446635	0.998991
0.566667	0.176557	0.984022	-2.0094	0.0638071	0.996998	0.0438557	-0.997951	0.0639494	-0.00184989	-0.00464889	-0.0436478	0.999036
0.6	0.176755	0.984009	-2.00918	0.0638881	0.997037	0.0428487	-0.997946	0.0640299	-0.00194393	-0.00468177	-0.0426365	0.99908
0.633333	0.176998	0.983988	-2.00887	0.0637546	0.997089	0.0418222	-0.997954	0.0639021	-0.00219784	-0.00486397	-0.0415965	0.999123
0.666667	0.177361	0.983862	-2.00838	0.0638043	0.997082	0.041901	-0.997946	0.0639891	-0.00308268	-0.00575489	-0.0416182	0.999117
0.7	0.17773	0.983804	-2.00791	0.063784	0.997058	0.042507	-0.997942	0.0640038	-0.00382817	-0.00653751	-0.0421753	0.999089
0.733333	0.178144	0.983735	-2.00734	0.0637968	0.997034	0.0430441	-0.997935	0.0640556	-0.00465716	-0.00740056	-0.0426581	0.999062
0.766667	0.17843	0.98365	-2.0068	0.0634492	0.997071	0.0426949	-0.997952	0.0637364	-0.00539651	-0.00810192	-0.0422651	0.999074
0.8	0.178855	0.983509	-2.00612	0.0637433	0.997048	0.0427974	-0.997922	0.0640841	-0.00663677	-0.00935981	-0.0422854	0.999062
0.833333	0.179313	0.98339	-2.00546	0.0637713	0.99702	0.0434109	-0.99791	0.0641604	-0.00762828	-0.0103908	-0.0428338	0.999028
0.866667	0.179756	0.983271	-2.00471	0.0643383	0.996972	0.0436801	-0.997862	0.0647756	-0.00866973	-0.0114729	-0.043029	0.999008
0.9	0.180288	0.983142	-2.00386	0.0642842	0.996963	0.0439672	-0.997853	0.0647705	-0.00972671	-0.012545	-0.0432475	0.998986
0.933333	0.180937	0.982948	-2.00301	0.0646213	0.996923	0.0443781	-0.997812	0.0651723	-0.0110823	-0.0139404	-0.0435648	0.998953
0.966667	0.18152	0.982738	-2.00219	0.0650872	0.996873	0.0448	-0.997753	0.0657279	-0.0129797	-0.0158837	-0.0438545	0.998912
1	0.182141	0.982583	-2.00136	0.0648744	0.996831	0.0460279	-0.997738	0.0656105	-0.0146641	-0.0176375	-0.0449725	0.998833
1.03333	0.182734	0.982379	-2.00062	0.0650767	0.996782	0.0467948	-0.997694	0.0659002	-0.0162738	-0.0193053	-0.0456278	0.998772
1.06667	0.183266	0.982144	-1.9999	0.06512	0.99674	0.0476405	-0.997663	0.0660216	-0.0176006	-0.0206886	-0.046383	0.998709
1.1	0.183815	0.981911	-1.99914	0.0652396	0.996713	0.0480292	-0.997623	0.0662179	-0.0190661	-0.0221838	-0.0466712	0.998664
1.13333	0.184174	0.981688	-1.99859	0.0652596	0.996755	0.0471143	-0.997582	0.0662985	-0.0208337	-0.0238897	-0.0456408	0.998672
1.16667	0.184577	0.981517	-1.99805	0.0656486	0.996751	0.0466665	-0.997535	0.0667177	-0.0217308	-0.0247737	-0.0451249	0.998674
1.2	0.185066	0.981318	-1.99749	0.0658212	0.996744	0.0465713	-0.997494	0.0669402	-0.0228887	-0.0259316	-0.044948	0.998653
1.23333	0.185426	0.981168	-1.99701	0.065223	0.996786	0.0465085	-0.997508	0.0663854	-0.0239005	-0.0269112	-0.0448338	0.998632
1.26667	0.185706	0.981031	-1.99656	0.0655894	0.996762	0.0465237	-0.99746	0.06679	-0.0247372	-0.0277644	-0.0447831	0.998611
1.3	0.185969	0.980897	-1.99612	0.0654629	0.99675	0.046956	-0.997436	0.0667265	-0.0258672	-0.0289164	-0.0451422	0.998562
1.33333	0.186256	0.980725	-1.99576	0.0660781	0.996708	0.0469864	-0.997365	0.067388	-0.0268631	-0.0299409	-0.0450875	0.998534
1.36667	0.186453	0.980648	-1.99548	0.0660015	0.99671	0.0470396	-0.997351	0.0673415	-0.027494	-0.0305713	-0.0451003	0.998515
1.4	0.186477	0.980588	-1.99532	0.0658698	0.996727	0.04687	-0.997345	0.0672262	-0.0279759	-0.0310353	-0.0449028	0.998509
1.43333	0.18663	0.980486	-1.99513	0.0660892	0.996708	0.0469576	-0.997321	0.0674627	-0.0282911	-0.0313658	-0.044962	0.998496
1.46667	0.186726	0.980373	-1.99505	0.0662985	0.996704	0.0467432	-0.997296	0.0676802	-0.0286204	-0.0316897	-0.0447193	0.998497
1.5	0.186802	0.980338	-1.99502	0.0662524	0.996713	0.0466224	-0.997289	0.0676459	-0.0289739	-0.0320325	-0.0445764	0.998492
1.53333	0.186886	0.98027	-1.99504	0.0663875	0.996682	0.0470996	-0.997267	0.0678123	-0.0293259	-0.0324225	-0.045024	0.99846
1.56667	0.186905	0.980198	-1.99512	0.0665137	0.996675	0.0470583	-0.99725	0.0679485	-0.0295765	-0.0326757	-0.0449617	0.998454
1.6	0.187009	0.980129	-1.99511	0.0664765	0.996677	0.0470713	-0.997246	0.0679205	-0.0297715	-0.0328697	-0.0449625	0.998448
1.63333	0.187106	0.980094	-1.99506	0.0666645	0.996672	0.046913	-0.997242	0.0680918	-0.0295123	-0.0326085	-0.0448162	0.998463
1.66667	0.187145	0.980069	-1.99499	0.06663	0.996696	0.0464572	-0.997273	0.0680047	-0.0286659	-0.0317304	-0.0444205	0.998509
1.7	0.187229	0.980006	-1.99496	0.0669035	0.996716	0.0456108	-0.997265	0.0682397	-0.0283953	-0.0314145	-0.0435863	0.998556
1.73333	0.187294	0.980032	-1.99495	0.0666721	0.99675	0.0452164	-0.997298	0.0679729	-0.0278669	-0.0308499	-0.0432363	0.998588
1.76667	0.187496	0.980043	-1.99493	0.0665972	0.996723	0.0459051	-0.997304	0.0679162	-0.0277964	-0.030823	-0.0439302	0.998559
1.8	0.187657	0.980042	-1.99502	0.0665416	0.996682	0.0468774	-0.997307	0.0678888	-0.0277561	-0.0308465	-0.0449042	0.998515
1.83333	0.187834	0.980014	-1.99516	0.0664762	0.996666	0.0473006	-0.997308	0.0678393	-0.0278186	-0.0309347	-0.045324	0.998493
1.86667	0.188024	0.980007	-1.99532	0.0662394	0.996653	0.0479166	-0.997322	0.0676226	-0.0278445	-0.0309915	-0.0459439	0.998463
1.9	0.188135	0.97999	-1.99545	0.0664472	0.996632	0.0480495	-0.997301	0.0678451	-0.0280716	-0.031237	-0.0460545	0.99845
1.93333	0.188345	0.979984	-1.99553	0.0662158	0.996608	0.0488611	-0.997304	0.067655	-0.0284125	-0.0316219	-0.0468481	0.998401
1.96667	0.18836	0.979989	-1.99552	0.0664539	0.996602	0.0486747	-0.997293	0.0678804	-0.0282631	-0.0314711	-0.0466647	0.998415
2	0.18845	0.979929	-1.99552	0.0663395	0.996604	0.0487896	-0.997293	0.0677813	-0.0285154	-0.0317256	-0.0467658	0.998402
2.03333	0.18834	0.979902	-1.99545	0.0660479	0.996642	0.0484077	-0.997308	0.0674858	-0.0286948	-0.0318652	-0.0463821	0.998415
2.06667	0.188244	0.97988	-1.99536	0.0660831	0.996653	0.0481141	-0.997302	0.0675168	-0.0288071	-0.0319592	-0.0460806	0.998426
2.1	0.188162	0.979878	-1.99525	0.0662289	0.996637	0.048254	-0.99729	0.0676694	-0.0288545	-0.0320228	-0.0462123	0.998418
2.13333	0.188126	0.979832	-1.99515	0.0663078	0.996602	0.0488587	-0.997285	0.0677654	-0.0288054	-0.0320184	-0.046816	0.99839
2.16667	0.187941	0.979767	-1.99505	0.0662886	0.996596	0.0490205	-0.997289	0.067748	-0.0287345	-0.0319577	-0.0469828	0.998384
2.2	0.187739	0.979712	-1.99495	0.0666378	0.996604	0.0483813	-0.997269	0.0680727	-0.0286407	-0.0318368	-0.0463406	0.998418
2.23333	0.187613	0.979672	-1.99487	0.0667115	0.996618	0.0479882	-0.997255	0.0681482	-0.0289509	-0.0321233	-0.0459251	0.998428
2.26667	0.187447	0.979652	-1.99477	0.0666952	0.996602	0.0483261	-0.997237	0.0681696	-0.0295306	-0.0327246	-0.0462231	0.998395
2.3	0.187317	0.979615	-1.9947	0.0668798	0.996575	0.0486286	-0.997209	0.0683837	-0.0299485	-0.0331713	-0.04649	0.998368
2.33333	0.187074	0.979569	-1.99461	0.067039	0.99659	0.0481027	-0.997199	0.0685268	-0.0299758	-0.0331699	-0.0459584	0.998393
2.36667	0.18687	0.979533	-1.99449	0.0668038	0.996621	0.0477815	-0.997217	0.0682792	-0.0299415	-0.0331028	-0.0456483	0.998409
2.4	0.186592	0.979523	-1.99436	0.0669633	0.996628	0.0474283	-0.997206	0.0684287	-0.0299768	-0.0331212	-0.0452884	0.998425
2.43333	0.186328	0.979527	-1.99424	0.0671743	0.996618	0.0473317	-0.997199	0.0686257	-0.0297347	-0.0328823	-0.0452017	0.998437
2.46667	0.186099	0.979543	-1.99412	0.06721	0.996611	0.0474212	-0.997203	0.0686553	-0.0295354	-0.0326911	-0.0453034	0.998438
2.5	0.18584	0.979537	-1.99395	0.0667451	0.996609	0.0481204	-0.99724	0.0682039	-0.0293365	-0.032519	-0.0460295	0.998411
2.53333	0.185484	0.979445	-1.99385	0.0664671	0.996642	0.0478152	-0.997269	0.0679019	-0.0290341	-0.0321834	-0.0457548	0.998434
2.56667	0.185162	0.979253	-1.9936	0.0652678	0.99674	0.0474273	-0.997373	0.0666584	-0.0283538	-0.0314228	-0.0454521	0.998472
2.6	0.184736	0.978931	-1.99293	0.0665542	0.99673	0.0458256	-0.99733	0.0678366	-0.0270198	-0.0300401	-0.0439049	0.998584
2.63333	0.184399	0.978553	-1.99138	0.0677545	0.996781	0.0428512	-0.997323	0.0688501	-0.0246298	-0.0275009	-0.0410677	0.998778
2.66667	0.184571	0.97804	-1.98892	0.0687142	0.996805	0.0407165	-0.997311	0.069677	-0.0227176	-0.0254821	-0.039046	0.998912
2.7	0.185665	0.977303	-1.98565	0.0686212	0.996861	0.0394804	-0.997322	0.0695482	-0.0226055	-0.0252803	-0.0378235	0.998965
2.73333	0.187274	0.976451	-1.98119	0.0697371	0.996907	0.0362271	-0.99721	0.070635	-0.0241235	-0.0266078	-0.0344438	0.999052
2.76667	0.1895	0.975368	-1.97569	0.0713343	0.996827	0.0353087	-0.996895	0.0724333	-0.0308902	-0.0333497	-0.0329956	0.998899
2.8	0.192455	0.9741	-1.96929	0.0728044	0.996574	0.0392306	-0.996405	0.0743879	-0.0405396	-0.043319	-0.0361381	0.998407
2.83333	0.195876	0.972287	-1.96193	0.0735904	0.996305	0.04427	-0.995851	0.0757943	-0.0503534	-0.0535228	-0.0403808	0.99775
2.86667	0.199664	0.969981	-1.95361	0.0734522	0.996002	0.0508337	-0.995348	0.0763998	-0.0586998	-0.0623488	-0.0462856	0.996981
2.9	0.204006	0.967351	-1.94415	0.0753667	0.99533	0.0603091	-0.994668	0.0793107	-0.0659198	-0.0703951	-0.0550194	0.996001
2.93333	0.208047	0.964673	-1.9336	0.0732211	0.994655	0.0727974	-0.99448	0.0783187	-0.0698259	-0.0751541	-0.0672829	0.994899
2.96667	0.212256	0.962315	-1.92077	0.0555815	0.993991	0.0942957	-0.9956	0.0623104	-0.0699818	-0.0754369	-0.0899912	0.993081
3	0.215923	0.959782	-1.90757	0.0246852	0.992902	0.116342	-0.996311	0.0340024	-0.078793	-0.0821896	-0.113967	0.990079
3.03333	0.217136	0.956454	-1.89398	-0.0100233	0.992287	0.123559	-0.994835	0.00258689	-0.101477	-0.101014	-0.123938	0.987135
3.06667	0.21631	0.952406	-1.87858	-0.0455692	0.992003	0.117697	-0.991793	-0.0308378	-0.124081	-0.11946	-0.122385	0.985267
3.1	0.214274	0.947037	-1.86078	-0.0828293	0.991159	0.10365	-0.987119	-0.067314	-0.145137	-0.136877	-0.114337	0.983967
3.13333	0.211863	0.939825	-1.84092	-0.115045	0.989703	0.0851615	-0.981482	-0.100033	-0.16336	-0.153159	-0.102378	0.982884
3.16667	0.209581	0.93033	-1.81861	-0.139351	0.9881	0.0651073	-0.975647	-0.125753	-0.179719	-0.169393	-0.0885657	0.981561
3.2	0.208121	0.918677	-1.79434	-0.156535	0.986478	0.0485654	-0.96987	-0.144234	-0.196338	-0.186678	-0.0778359	0.979333
3.23333	0.207221	0.905594	-1.76755	-0.165335	0.985382	0.0410587	-0.965389	-0.153185	-0.211088	-0.201713	-0.0745378	0.976604
3.26667	0.207095	0.892554	-1.73631	-0.166618	0.985022	0.0443888	-0.961472	-0.152322	-0.228843	-0.218654	-0.080808	0.972451
3.3	0.207392	0.882836	-1.69764	-0.172798	0.983152	0.0596097	-0.957382	-0.153433	-0.244701	-0.231432	-0.0993532	0.967764
3.33333	0.206962	0.87787	-1.64872	-0.204861	0.975809	0.0763421	-0.951587	-0.180299	-0.248947	-0.22916	-0.123646	0.965504
3.36667	0.204354	0.877627	-1.58807	-0.255623	0.962392	0.0919702	-0.940694	-0.225651	-0.253329	-0.223049	-0.151273	0.962998
3.4	0.201197	0.885528	-1.52528	-0.313292	0.944628	0.0976036	-0.927761	-0.282505	-0.243823	-0.202748	-0.166941	0.964896
3.43333	0.193587	0.898481	-1.46148	-0.335486	0.937602	0.091385	-0.921931	-0.306836	-0.236422	-0.19363	-0.163567	0.967343
3.46667	0.188816	0.913727	-1.40135	-0.313823	0.945286	0.0891643	-0.931125	-0.288019	-0.223724	-0.185802	-0.153233	0.970566
3.5	0.185864	0.928952	-1.34241	-0.24362	0.96692	0.0756002	-0.954931	-0.225509	-0.193007	-0.169574	-0.119213	0.978281
3.53333	0.182272	0.941419	-1.28588	-0.148698	0.98768	0.0487554	-0.973835	-0.137689	-0.180798	-0.171858	-0.0743641	0.982311
3.56667	0.178374	0.949603	-1.22969	-0.0615776	0.997784	0.0252036	-0.983389	-0.0563308	-0.172547	-0.170745	-0.03541	0.984679
3.6	0.174847	0.951011	-1.17382	0.0111346	0.999922	0.00567957	-0.988187	0.0118718	-0.152792	-0.152847	-0.0039112	0.988242
3.63333	0.171005	0.944472	-1.11843	0.0671126	0.997402	-0.0261704	-0.988776	0.0629772	-0.135486	-0.133486	0.0349695	0.990434
3.66667	0.167199	0.930998	-1.06267	0.0922585	0.993003	-0.0737146	-0.987594	0.0818055	-0.134041	-0.127073	0.0851665	0.98823
3.7	0.164121	0.914109	-1.00571	0.0818246	0.988362	-0.128236	-0.986978	0.0624787	-0.148223	-0.138486	0.138694	0.980605
3.73333	0.162282	0.899454	-0.944253	0.0775088	0.981697	-0.173964	-0.987297	0.0513036	-0.150374	-0.138697	0.183409	0.973203
3.76667	0.160376	0.889305	-0.872665	0.116161	0.973923	-0.194888	-0.988465	0.0941582	-0.118624	-0.0971802	0.20642	0.973626
3.8	0.158599	0.883709	-0.789071	0.194605	0.957764	-0.211701	-0.979558	0.178556	-0.0926436	-0.0509303	0.225402	0.972934
3.83333	0.161215	0.88652	-0.703308	0.283992	0.936027	-0.207853	-0.958766	0.274784	-0.0725329	-0.0107779	0.219882	0.975467
3.86667	0.172143	0.898131	-0.621654	0.363321	0.919738	-0.148592	-0.931664	0.358634	-0.0581695	-0.000210593	0.159572	0.987186
3.9	0.178861	0.916063	-0.556364	0.372925	0.918937	-0.128383	-0.927822	0.368042	-0.0607644	-0.00858849	0.141777	0.989861
3.93333	0.180793	0.93564	-0.488525	0.30996	0.943567	-0.116645	-0.950265	0.303546	-0.0696849	-0.0303451	0.132444	0.990726
3.96667	0.18528	0.951241	-0.419171	0.227544	0.970615	-0.0782961	-0.972098	0.221712	-0.076616	-0.0570055	0.093545	0.993982
4	0.19159	0.958565	-0.349756	0.132011	0.991026	-0.0209857	-0.988913	0.130218	-0.0713802	-0.0680069	0.030176	0.997228
4.03333	0.196633	0.954787	-0.280682	0.0520619	0.998049	0.0344733	-0.996894	0.0539825	-0.0573467	-0.0590958	-0.0313806	0.997759
4.06667	0.198846	0.941847	-0.21138	0.0065407	0.995917	0.0900329	-0.998458	0.0114683	-0.0543227	-0.0551334	-0.0895387	0.994456
4.1	0.19889	0.924603	-0.142252	-0.00184769	0.988865	0.148803	-0.997821	0.00799033	-0.0654896	-0.0659493	-0.148599	0.986696
4.13333	0.195591	0.90736	-0.0732105	0.000290826	0.983454	0.181159	-0.997555	0.0129455	-0.0686757	-0.0698846	-0.180696	0.981053
4.16667	0.192746	0.895613	0.00271035	-0.0412157	0.978104	0.203995	-0.997694	-0.0292689	-0.0612398	-0.0539282	-0.206049	0.977055
4.2	0.188912	0.888622	0.0876347	-0.119582	0.967997	0.22064	-0.991756	-0.106159	-0.0717653	-0.0460456	-0.227403	0.972712
4.23333	0.183555	0.885133	0.178195	-0.202287	0.950939	0.234084	-0.978322	-0.185399	-0.0922699	-0.0443442	-0.247674	0.967828
4.26667	0.177169	0.889847	0.26172	-0.271169	0.940707	0.203808	-0.962085	-0.258449	-0.0871587	-0.0293169	-0.219715	0.975123
4.3	0.170349	0.900858	0.339546	-0.292072	0.943485	0.15662	-0.95608	-0.28382	-0.0731985	-0.0246097	-0.171121	0.984943
4.33333	0.168022	0.917656	0.413862	-0.234306	0.958768	0.160827	-0.971666	-0.225674	-0.0702558	-0.0310647	-0.172731	0.984479
4.36667	0.16429	0.934606	0.48782	-0.149747	0.975304	0.162351	-0.987728	-0.140194	-0.068846	-0.0443851	-0.170668	0.984328
4.4	0.160107	0.947628	0.560899	-0.0584352	0.98908	0.135302	-0.99741	-0.0521523	-0.0495272	-0.04193	-0.137846	0.989566
4.43333	0.156513	0.952857	0.635057	0.0354664	0.995079	0.0925153	-0.9989	0.0381402	-0.0272948	-0.0306891	-0.0914454	0.995337
4.46667	0.155418	0.94828	0.707168	0.104096	0.993594	0.0439974	-0.994432	0.10471	-0.011875	-0.0164058	-0.0425163	0.998961
4.5	0.156693	0.935495	0.779064	0.139516	0.990219	0.00152316	-0.990153	0.139525	-0.0113924	-0.0114935	8.12619e-05	0.999934
4.53333	0.157925	0.918892	0.849512	0.140421	0.988754	-0.0514585	-0.990086	0.140048	-0.0108008	-0.00347261	0.052465	0.998617
4.56667	0.157999	0.903813	0.923501	0.147695	0.983589	-0.103629	-0.988739	0.149394	0.00878658	0.024124	0.101164	0.994577
4.6	0.158093	0.892866	1.00566	0.199604	0.972036	-0.123711	-0.978495	0.20443	0.0274973	0.0520186	0.115562	0.991937
4.63333	0.16	0.88524	1.09559	0.26767	0.954422	-0.132029	-0.961473	0.273492	0.0277916	0.0626336	0.119503	0.990856
4.66667	0.164008	0.887363	1.18089	0.364759	0.922957	-0.122884	-0.927566	0.371686	0.0383431	0.0810634	0.0999973	0.99168
4.7	0.169615	0.89548	1.2558	0.413402	0.905039	-0.100013	-0.906806	0.419161	0.0448072	0.0824737	0.0721688	0.993977
4.73333	0.170454	0.911373	1.32729	0.373229	0.923113	-0.0925357	-0.924667	0.378248	0.0438025	0.0754361	0.0692163	0.994745
4.76667	0.172084	0.930452	1.3989	0.291303	0.954218	-0.0679074	-0.955562	0.293598	0.0264821	0.0452072	0.0571754	0.99734
4.8	0.173742	0.946212	1.47015	0.191391	0.981134	-0.0272858	-0.98123	0.19193	0.0187119	0.0235958	0.0231924	0.999453
4.83333	0.176723	0.953272	1.54149	0.101246	0.994369	0.0312872	-0.994788	0.100805	0.015364	0.0121236	-0.0326797	0.999392
4.86667	0.177795	0.949302	1.61315	0.0443113	0.994307	0.0969027	-0.998921	0.0427447	0.0181844	0.0139388	-0.0976039	0.995128
4.9	0.175917	0.936455	1.68482	0.00301323	0.986343	0.164676	-0.999939	0.0012279	0.0109421	0.0105905	-0.164699	0.986287
4.93333	0.171346	0.919757	1.7553	-0.0181405	0.976312	0.215606	-0.999822	-0.0188169	0.00108508	0.00511643	-0.215548	0.97648
4.96667	0.165435	0.90332	1.82701	-0.0336444	0.970635	0.238191	-0.999388	-0.0349522	0.00126832	0.0095564	-0.238003	0.971217
5	0.159887	0.889552	1.90655	-0.0766351	0.96099	0.265754	-0.996833	-0.0795208	9.90628e-05	0.0212282	-0.264905	0.964041
5.03333	0.153617	0.878737	1.99151	-0.148149	0.947083	0.284755	-0.988248	-0.152737	-0.00615863	0.03766	-0.282321	0.95858
5.06667	0.147154	0.875073	2.07327	-0.234102	0.931016	0.280011	-0.970271	-0.241925	-0.00680665	0.0614046	-0.27328	0.959973
5.1	0.139912	0.881184	2.14817	-0.29904	0.925504	0.232417	-0.951785	-0.306751	-0.00310627	0.0684194	-0.22214	0.972611
5.13333	0.137489	0.895083	2.2176	-0.270246	0.934232	0.232762	-0.960228	-0.279161	0.00559756	0.0702075	-0.221992	0.972518
5.16667	0.136095	0.913964	2.28456	-0.196697	0.954328	0.224873	-0.9788	-0.204487	0.0116507	0.0571022	-0.217814	0.974318
5.2	0.134555	0.931388	2.34952	-0.116525	0.975501	0.1866	-0.992183	-0.122783	0.0223001	0.0446652	-0.182543	0.982183
5.23333	0.132514	0.94359	2.41329	-0.0307666	0.991602	0.125615	-0.998818	-0.035231	0.0334747	0.0376191	-0.124437	0.991514
5.26667	0.130974	0.948022	2.47612	0.0358897	0.997498	0.0609066	-0.99853	0.033317	0.042744	0.0406079	-0.0623512	0.997228
5.3	0.132003	0.944015	2.53814	0.0695482	0.997577	-0.00183748	-0.996255	0.0695507	0.0513609	0.0513642	-0.00174146	0.998678
5.33333	0.133082	0.934211	2.59978	0.0935549	0.992859	-0.0740226	-0.994026	0.0973451	0.0493623	0.0562155	0.0689623	0.996034
5.36667	0.136521	0.921687	2.6627	0.10808	0.987937	-0.110901	-0.991486	0.115267	0.060565	0.0726176	0.103411	0.991984
