0	0	1	0	0	0	-1	-1	0	0
0.0333333	0.99555	-0.082498	-0.0455447	0.0620452	0.937607	-0.342116	0.070927	0.337768	0.938553
0.0666667	0.998311	-0.0470343	-0.0341043	0.0406315	0.984811	-0.168807	0.041526	0.167136	0.985059
0.1	0.99917	-0.0325447	-0.0245037	0.030054	0.994934	-0.0959349	0.0275017	0.0951188	0.995086
0.133333	0.999523	-0.0241341	-0.01927	0.0229409	0.99794	-0.0599102	0.0206761	0.0594395	0.998018
0.166667	0.999693	-0.0188225	-0.0160963	0.0181724	0.999049	-0.0396227	0.0168268	0.0393181	0.999085
0.2	0.999789	-0.0149595	-0.0140902	0.0145677	0.999515	-0.0275103	0.014495	0.0272992	0.999522
0.233333	0.999834	-0.0126661	-0.0131241	0.0124071	0.99973	-0.0196326	0.0133693	0.0194665	0.999721
0.266667	0.999866	-0.0105653	-0.0124992	0.0104141	0.999873	-0.0120998	0.0126254	0.011968	0.999849
0.3	0.999883	-0.00974635	-0.0118264	0.00965178	0.999921	-0.00802746	0.0119037	0.00791237	0.999898
0.333333	0.999891	-0.00900089	-0.0117183	0.00893539	0.999944	-0.00562963	0.0117683	0.00552431	0.999915
0.366667	0.999898	-0.00801008	-0.0118028	0.00796435	0.999961	-0.00391577	0.0118337	0.00382137	0.999923
0.4	0.999895	-0.00755025	-0.012337	0.0075258	0.99997	-0.00202696	0.012352	0.00193391	0.999922
0.433333	0.999901	-0.00675554	-0.012321	0.00675252	0.999977	-0.000287054	0.0123227	0.000203827	0.999924
0.466667	0.9999	-0.00618931	-0.0126878	0.00620172	0.99998	0.000938983	0.0126817	-0.00101758	0.999919
0.5	0.9999	-0.00544023	-0.0130199	0.00546686	0.999983	0.00201047	0.0130087	-0.00208145	0.999913
0.533333	0.999901	-0.00476134	-0.013214	0.00480228	0.999984	0.00306858	0.0131992	-0.00313173	0.999908
0.566667	0.999902	-0.00369107	-0.0135024	0.00378198	0.99997	0.00671363	0.0134772	-0.00676404	0.999886
0.6	0.999901	-0.00338041	-0.0136407	0.00349557	0.999958	0.00842738	0.0136116	-0.00847423	0.999871
0.633333	0.999902	-0.0031393	-0.0136306	0.00327551	0.999945	0.00998205	0.0135986	-0.0100257	0.999857
0.666667	0.999898	-0.00369766	-0.0138301	0.0038128	0.999958	0.00830811	0.0137988	-0.00835999	0.99987
0.7	0.999902	-0.00247081	-0.0137724	0.00262228	0.999936	0.0109915	0.0137444	-0.0110265	0.999845
0.733333	0.999903	-0.00208808	-0.0137906	0.00225783	0.999922	0.0123049	0.0137638	-0.0123349	0.999829
0.766667	0.999897	-0.00204987	-0.0142248	0.00224582	0.999903	0.0137724	0.0141952	-0.013803	0.999804
0.8	0.99989	-0.00242114	-0.0146634	0.00260751	0.999916	0.0127041	0.0146314	-0.012741	0.999812
0.833333	0.999884	-0.00229376	-0.015077	0.0024972	0.999906	0.0134882	0.0150446	-0.0135243	0.999795
0.866667	0.999874	-0.00241723	-0.0156586	0.00265292	0.999883	0.0150487	0.0156204	-0.0150884	0.999764
0.9	0.999868	-0.00251498	-0.0160693	0.00276397	0.999876	0.0154914	0.0160284	-0.0155337	0.999751
0.933333	0.999855	-0.00200673	-0.0169158	0.00228502	0.999862	0.0164487	0.0168804	-0.016485	0.999722
0.966667	0.999827	-0.00248173	-0.018428	0.00276971	0.999874	0.0156181	0.0183869	-0.0156665	0.999708
1	0.999798	-0.00211157	-0.019976	0.00244846	0.999855	0.0168557	0.0199375	-0.0169012	0.999658
1.03333	0.999756	-0.0025779	-0.0219384	0.00295772	0.999846	0.0172984	0.0218905	-0.017359	0.99961
1.06667	0.999706	-0.00269319	-0.0240977	0.00310638	0.999849	0.0171257	0.0240479	-0.0171955	0.999563
1.1	0.999666	-0.00300373	-0.0256793	0.00342446	0.99986	0.0163557	0.0256266	-0.0164381	0.999536
1.13333	0.999611	-0.00371707	-0.027656	0.0041446	0.999873	0.0154176	0.0275952	-0.0155263	0.999499
1.16667	0.999564	-0.00438832	-0.0291887	0.00482884	0.999875	0.015039	0.0291191	-0.0151734	0.999461
1.2	0.99952	-0.00584843	-0.0304258	0.00623264	0.999902	0.0125482	0.0303494	-0.0127318	0.999458
1.23333	0.999488	-0.00629188	-0.0313736	0.00665043	0.999914	0.0113372	0.0312995	-0.01154	0.999443
1.26667	0.999479	-0.00640718	-0.0316196	0.00678921	0.999905	0.0119893	0.0315398	-0.0121978	0.999428
1.3	0.999481	-0.00653684	-0.031537	0.00694273	0.999894	0.0127779	0.0314501	-0.0129902	0.999421
1.33333	0.99948	-0.00752998	-0.0313452	0.00786557	0.999913	0.0105965	0.0312627	-0.0108376	0.999452
1.36667	0.999503	-0.00767145	-0.0305815	0.00800999	0.999908	0.0109631	0.0304946	-0.0112026	0.999472
1.4	0.999529	-0.00765835	-0.0297318	0.00803676	0.999888	0.0126288	0.0296317	-0.0128618	0.999478
1.43333	0.99956	-0.00754792	-0.0286809	0.00791592	0.999888	0.012739	0.0285815	-0.0129604	0.999507
1.46667	0.999586	-0.00783765	-0.0276842	0.00821145	0.999876	0.0134143	0.0275757	-0.0136361	0.999527
1.5	0.999615	-0.00741941	-0.0267371	0.00778767	0.999876	0.0136957	0.0266322	-0.0138987	0.999549
1.53333	0.999638	-0.00707025	-0.0259713	0.00745402	0.999864	0.0147098	0.0258638	-0.014898	0.999554
1.56667	0.999654	-0.00658979	-0.0254575	0.00697844	0.99986	0.0152081	0.0253537	-0.0153805	0.99956
1.6	0.999675	-0.00599691	-0.0247776	0.00640547	0.999844	0.016443	0.0246751	-0.0165964	0.999558
1.63333	0.9997	-0.00529352	-0.0238945	0.00571642	0.999828	0.0176651	0.0237969	-0.0177964	0.999558
1.66667	0.999724	-0.00472763	-0.023004	0.00518397	0.99979	0.0198185	0.0229055	-0.0199322	0.999539
1.7	0.99974	-0.00462952	-0.022318	0.00508171	0.999782	0.0202477	0.0222194	-0.0203558	0.999546
1.73333	0.999742	-0.00456982	-0.0222496	0.00502664	0.999777	0.0205188	0.0221509	-0.0206254	0.999542
1.76667	0.999745	-0.00437054	-0.0221756	0.00478191	0.999817	0.0185318	0.0220905	-0.0186331	0.999582
1.8	0.999737	-0.00412977	-0.0225394	0.00451611	0.999843	0.0171166	0.0224652	-0.0172139	0.999599
1.83333	0.999728	-0.00422121	-0.0229342	0.0045842	0.999865	0.0157982	0.0228644	-0.015899	0.999612
1.86667	0.999718	-0.00422564	-0.0233665	0.00459679	0.999864	0.0158533	0.0232964	-0.0159562	0.999601
1.9	0.999714	-0.00500242	-0.0234024	0.00537914	0.999857	0.0160625	0.0233187	-0.0161838	0.999597
1.93333	0.999702	-0.00596461	-0.02369	0.00631397	0.999872	0.0146998	0.0235993	-0.014845	0.999611
1.96667	0.999697	-0.00644409	-0.0237509	0.00680744	0.999861	0.0152492	0.0236493	-0.0154063	0.999602
2	0.99969	-0.00697148	-0.0239226	0.00731923	0.999868	0.01448	0.0238185	-0.0146506	0.999609
2.03333	0.999679	-0.00773055	-0.0241352	0.0080793	0.999864	0.0143857	0.0240207	-0.0145761	0.999605
2.06667	0.999666	-0.00855494	-0.0244013	0.00888916	0.999868	0.0136213	0.0242815	-0.0138337	0.999609
2.1	0.999655	-0.00915137	-0.0246083	0.00946681	0.999874	0.0127326	0.0244887	-0.0129611	0.999616
2.13333	0.999647	-0.00942273	-0.0248595	0.00972465	0.99988	0.0120519	0.024743	-0.0122894	0.999618
2.16667	0.999638	-0.00982037	-0.0250484	0.0101171	0.99988	0.0117467	0.02493	-0.0119959	0.999617
2.2	0.999636	-0.0100605	-0.0250278	0.0103498	0.999881	0.0114599	0.0249095	-0.0117148	0.999621
2.23333	0.999642	-0.0101235	-0.0247708	0.0103966	0.999886	0.0109207	0.0246574	-0.0111744	0.999634
2.26667	0.999647	-0.0101681	-0.0245488	0.0104201	0.999894	0.010162	0.0244428	-0.0104142	0.999647
2.3	0.999656	-0.00992999	-0.0242737	0.0101768	0.999898	0.0100669	0.0241713	-0.0103105	0.999655
2.33333	0.999673	-0.00955678	-0.0237389	0.00982835	0.999887	0.0113497	0.0236277	-0.0115793	0.999654
2.36667	0.999687	-0.00951536	-0.0231225	0.00980724	0.999873	0.0125425	0.0230003	-0.0127654	0.999654
2.4	0.9997	-0.00933495	-0.0226484	0.00965558	0.999854	0.014089	0.0225135	-0.0143035	0.999644
2.43333	0.999701	-0.00955654	-0.0224997	0.00986234	0.99986	0.0135197	0.0223674	-0.0137375	0.999655
2.46667	0.999704	-0.00967138	-0.0223355	0.00995518	0.999871	0.0126305	0.0222105	-0.0128491	0.999671
2.5	0.999705	-0.00986163	-0.0222128	0.0101198	0.999882	0.0115426	0.0220964	-0.0117639	0.999687
2.53333	0.999698	-0.0106472	-0.0221669	0.0108676	0.999892	0.00984866	0.0220597	-0.0100866	0.999706
2.56667	0.999705	-0.0107517	-0.0217986	0.0109591	0.999896	0.00941349	0.0216951	-0.0096496	0.999718
2.6	0.999714	-0.0115719	-0.0209114	0.0117743	0.999885	0.00958228	0.0207981	-0.00982576	0.999735
2.63333	0.999744	-0.0119607	-0.0192256	0.012267	0.999798	0.0158936	0.0190316	-0.0161254	0.999689
2.66667	0.999757	-0.0120464	-0.0184426	0.0124926	0.999627	0.024275	0.0181433	-0.0244995	0.999535
2.7	0.999728	-0.0131365	-0.0192833	0.0136266	0.999582	0.0255107	0.0189401	-0.0257665	0.999489
2.73333	0.999649	-0.0151984	-0.0217004	0.0157258	0.99958	0.0243423	0.0213214	-0.024675	0.999468
2.76667	0.999518	-0.0170761	-0.0259345	0.0176119	0.999633	0.0205737	0.0255737	-0.0210206	0.999452
2.8	0.99936	-0.017112	-0.0314159	0.0175339	0.999759	0.0132041	0.0311823	-0.0137464	0.999419
2.83333	0.999135	-0.0170887	-0.0379217	0.016975	0.99985	-0.00331979	0.0379727	0.00267319	0.999275
2.86667	0.998948	-0.0149529	-0.0433573	0.0139693	0.99964	-0.0228993	0.0436841	0.0222696	0.998797
2.9	0.998911	-0.00826997	-0.0459194	0.00656902	0.999291	-0.0370703	0.0461934	0.0367282	0.998257
2.93333	0.999002	0.00271047	-0.0445878	-0.0043582	0.999309	-0.0368992	0.044457	0.0370567	0.998324
2.96667	0.999137	0.0169304	-0.0379295	-0.0179507	0.999482	-0.026723	0.0374574	0.0273808	0.998923
3	0.998986	0.0337766	-0.029754	-0.0341822	0.999328	-0.0132305	0.0292871	0.0142342	0.99947
3.03333	0.998818	0.0454819	-0.0171544	-0.0454057	0.998957	0.00480502	0.0173551	-0.00402044	0.999841
3.06667	0.998735	0.0502833	-0.00093692	-0.050263	0.998618	0.0153748	0.00170872	-0.0153082	0.999881
3.1	0.99851	0.0521286	0.0161202	-0.0524257	0.998452	0.0185925	-0.0151261	-0.0194099	0.999697
3.13333	0.997826	0.057082	0.0329348	-0.0581502	0.997781	0.0324424	-0.0310099	-0.034287	0.998931
3.16667	0.996354	0.0666387	0.0532813	-0.0701592	0.995271	0.067186	-0.0485521	-0.0706792	0.996317
3.2	0.99468	0.0773892	0.0679935	-0.0834568	0.992305	0.0914679	-0.0603916	-0.0966558	0.993484
3.23333	0.992825	0.0909863	0.0775841	-0.0993705	0.988715	0.112112	-0.066508	-0.119017	0.990662
3.26667	0.990289	0.108385	0.0870595	-0.119427	0.983803	0.133676	-0.0711609	-0.142776	0.987194
3.3	0.987236	0.125876	0.0975717	-0.138909	0.98023	0.140901	-0.0779066	-0.152656	0.985204
3.33333	0.984247	0.137427	0.111225	-0.150546	0.981329	0.119703	-0.0926978	-0.134562	0.98656
3.36667	0.981058	0.140871	0.132965	-0.152683	0.984764	0.0832317	-0.119214	-0.101957	0.98762
3.4	0.98054	0.133472	0.143967	-0.143887	0.98749	0.064497	-0.133557	-0.0839568	0.987478
3.43333	0.983199	0.10745	0.147563	-0.119636	0.989879	0.0763289	-0.137868	-0.0927004	0.986103
3.46667	0.988103	0.0827456	0.129634	-0.0944294	0.991746	0.0867317	-0.121387	-0.0979411	0.987761
3.5	0.993088	0.0628358	0.0991328	-0.07228	0.992874	0.0947451	-0.092473	-0.101256	0.990553
3.53333	0.99764	0.0464301	0.0505814	-0.051317	0.993659	0.100042	-0.0456157	-0.102401	0.993697
3.56667	0.999356	0.0345645	-0.00961866	-0.0334967	0.994915	0.0949884	0.012853	-0.0946051	0.995432
3.6	0.996649	0.0241515	-0.0781473	-0.0186846	0.997376	0.0699466	0.0796315	-0.068252	0.994485
3.63333	0.988126	0.0118296	-0.15319	-0.00775175	0.9996	0.0271891	0.153451	-0.0256788	0.987823
3.66667	0.973609	-0.00241034	-0.228209	-0.00208105	0.999809	-0.0194384	0.228212	0.0194003	0.973418
3.7	0.953632	-0.0238719	-0.300028	4.98443e-05	0.996862	-0.0791574	0.300976	0.0754721	0.95064
3.73333	0.933799	-0.0560117	-0.353388	-0.000170151	0.987601	-0.156984	0.357799	0.146651	0.922211
3.76667	0.927327	-0.0839903	-0.364706	6.55136e-05	0.974529	-0.224263	0.374252	0.207941	0.903712
3.8	0.939342	-0.0847517	-0.332345	8.74464e-05	0.969048	-0.246871	0.342981	0.231868	0.910275
3.83333	0.9591	-0.0615654	-0.276292	-0.0073562	0.970311	-0.241747	0.282973	0.233892	0.930172
3.86667	0.977889	-0.0178737	-0.208362	-0.0319954	0.971824	-0.233527	0.206665	0.23503	0.949764
3.9	0.987575	0.0202697	-0.155834	-0.0501948	0.980387	-0.190581	0.148914	0.196035	0.969224
3.93333	0.994641	0.0537532	-0.0883161	-0.0641303	0.990796	-0.11921	0.0810953	0.124235	0.988933
3.96667	0.995125	0.0974473	-0.0151816	-0.0980589	0.99408	-0.0467941	0.0105317	0.0480547	0.998789
4	0.98848	0.141435	0.0538823	-0.141742	0.989902	0.00188362	-0.0530718	-0.00949929	0.998546
4.03333	0.977508	0.177697	0.11359	-0.180798	0.983364	0.0175243	-0.108587	-0.037667	0.993373
4.06667	0.965238	0.203346	0.164214	-0.208174	0.978011	0.0125614	-0.158049	-0.0463099	0.986345
4.1	0.954915	0.216665	0.20296	-0.22241	0.974937	0.00565919	-0.196647	-0.0505444	0.979171
4.13333	0.949555	0.215893	0.227455	-0.224157	0.974493	0.0108284	-0.219315	-0.0612677	0.973728
4.16667	0.946015	0.217285	0.240504	-0.224232	0.974535	0.00155868	-0.23404	-0.0554031	0.970647
4.2	0.944894	0.218546	0.243748	-0.214636	0.975755	-0.0428254	-0.247197	-0.0118517	0.968893
4.23333	0.944562	0.219711	0.243988	-0.207879	0.975385	-0.073559	-0.254143	0.0187611	0.966985
4.26667	0.955408	0.191061	0.225145	-0.18315	0.981505	-0.0557165	-0.231626	0.0119966	0.972731
4.3	0.971196	0.146717	0.187758	-0.149927	0.988693	0.00293313	-0.185204	-0.0309985	0.982211
4.33333	0.985346	0.107042	0.132797	-0.115095	0.991858	0.0545013	-0.125881	-0.0689869	0.989644
4.36667	0.995901	0.0641815	0.063728	-0.0683564	0.995499	0.0656473	-0.0592278	-0.0697344	0.995806
4.4	0.999545	0.0237009	-0.0186424	-0.0231017	0.99923	0.031726	0.01938	-0.0312809	0.999323
4.43333	0.994757	-0.00881074	-0.101887	0.00589803	0.999566	-0.0288538	0.102097	0.0281015	0.994377
4.46667	0.981927	-0.0238749	-0.187749	0.00823627	0.996462	-0.0836386	0.189081	0.0805806	0.97865
4.5	0.962022	-0.0262234	-0.271709	-0.00886708	0.991848	-0.127121	0.272827	0.124702	0.953947
4.53333	0.936378	-0.0365493	-0.349085	-0.0285862	0.983318	-0.179633	0.349827	0.178184	0.919713
4.56667	0.914406	-0.0727788	-0.398201	-0.0376855	0.964127	-0.262751	0.403039	0.255268	0.878862
4.6	0.908487	-0.122147	-0.399665	-0.0320289	0.93317	-0.358005	0.416685	0.338044	0.84386
4.63333	0.922152	-0.133562	-0.363037	-0.0261158	0.914864	-0.402917	0.385944	0.381032	0.840156
4.66667	0.942379	-0.11598	-0.3138	-0.022984	0.913323	-0.406586	0.333757	0.39037	0.858031
4.7	0.961946	-0.0749425	-0.262763	-0.031577	0.924719	-0.379339	0.27141	0.3732	0.887163
4.73333	0.980512	-0.0348055	-0.193353	-0.0309022	0.944606	-0.326747	0.194015	0.326355	0.925122
4.76667	0.994358	0.0143285	-0.105104	-0.0422723	0.962284	-0.268741	0.0972891	0.271668	0.957461
4.8	0.997408	0.0715545	-0.00757539	-0.071682	0.978958	-0.191058	-0.0062551	0.191106	0.981549
4.83333	0.986467	0.132337	0.0967934	-0.123386	0.987965	-0.0932774	-0.107973	0.0800722	0.990924
4.86667	0.962006	0.177605	0.207368	-0.185893	0.982345	0.0210265	-0.199972	-0.0587758	0.978037
4.9	0.930784	0.19166	0.3113	-0.238512	0.963721	0.119806	-0.277045	-0.185762	0.942729
4.93333	0.903434	0.183875	0.387295	-0.269712	0.945961	0.180039	-0.333262	-0.267111	0.904206
4.96667	0.886427	0.184214	0.424632	-0.279366	0.944381	0.17349	-0.369055	-0.272414	0.888588
5	0.876241	0.199431	0.438667	-0.276841	0.953453	0.119523	-0.394412	-0.226172	0.890666
5.03333	0.874919	0.221591	0.430597	-0.266126	0.962877	0.0452264	-0.40459	-0.154163	0.901411
5.06667	0.891018	0.217269	0.398598	-0.238132	0.971229	0.00291395	-0.386496	-0.0975151	0.917121
5.1	0.921351	0.172693	0.348266	-0.203788	0.977501	0.0544209	-0.331032	-0.121113	0.935815
5.13333	0.951427	0.130255	0.278964	-0.168459	0.978671	0.117576	-0.257699	-0.158859	0.953077
5.16667	0.979334	0.088808	0.181709	-0.107323	0.989702	0.0947198	-0.171426	-0.112264	0.97878
5.2	0.996631	0.0394234	0.0719179	-0.0406402	0.999053	0.0155344	-0.0712373	-0.0184048	0.99729
5.23333	0.999286	-0.00704201	-0.0371164	0.00458458	0.997817	-0.0658827	0.0374993	0.0656655	0.997137
5.26667	0.989677	-0.0333678	-0.139376	0.0180758	0.993814	-0.109576	0.14217	0.105925	0.984158
5.3	0.970576	-0.0423534	-0.23704	0.0081851	0.989644	-0.143311	0.240655	0.137154	0.960871
5.33333	0.943649	-0.0660156	-0.324297	-0.00234331	0.978546	-0.206016	0.33094	0.195167	0.923249
5.36667	0.916245	-0.0899702	-0.390385	-0.0190795	0.963551	-0.266845	0.400164	0.251944	0.881132
