0	-0.00316224	0.999995	-0.000515835	0.0889399	-0.000232542	-0.996037	-0.996032	-0.00319559	-0.0889387
0.0333333	0.926022	0.0302465	-0.376256	-0.302536	-0.536621	-0.787724	-0.225733	0.843281	-0.487772
0.0666667	0.955023	-0.155059	-0.252759	-0.250947	-0.876728	-0.410333	-0.157975	0.455306	-0.876208
0.1	0.960862	-0.189312	-0.202251	-0.231761	-0.949276	-0.212514	-0.151761	0.251071	-0.955998
0.133333	0.962511	-0.197978	-0.185413	-0.225085	-0.964419	-0.138679	-0.151361	0.175214	-0.972826
0.166667	0.962853	-0.201887	-0.179318	-0.223948	-0.968078	-0.112572	-0.150867	0.148548	-0.977329
0.2	0.962958	-0.203197	-0.177263	-0.223553	-0.969187	-0.103443	-0.150781	0.139239	-0.978712
0.233333	0.963003	-0.203551	-0.176614	-0.22337	-0.969535	-0.100539	-0.150769	0.136269	-0.979132
0.266667	0.963049	-0.203818	-0.176053	-0.223568	-0.969484	-0.100589	-0.150179	0.136232	-0.979228
0.3	0.963186	-0.203494	-0.175678	-0.22323	-0.969534	-0.100855	-0.149802	0.136359	-0.979268
0.333333	0.963168	-0.203599	-0.175656	-0.223355	-0.96949	-0.101001	-0.149733	0.136515	-0.979257
0.366667	0.963199	-0.203272	-0.175863	-0.223123	-0.969498	-0.101442	-0.149878	0.136948	-0.979174
0.4	0.963259	-0.203233	-0.175582	-0.223174	-0.969397	-0.102292	-0.149419	0.137719	-0.979136
0.433333	0.963222	-0.203201	-0.175819	-0.223137	-0.969431	-0.102047	-0.149709	0.137525	-0.979119
0.466667	0.963224	-0.203246	-0.175756	-0.223185	-0.969412	-0.102119	-0.149625	0.13759	-0.979123
0.5	0.963224	-0.203307	-0.175685	-0.223296	-0.969346	-0.102506	-0.14946	0.137966	-0.979095
0.533333	0.963223	-0.203194	-0.175824	-0.223243	-0.969329	-0.102783	-0.149546	0.138255	-0.979041
0.566667	0.963281	-0.202943	-0.175793	-0.222968	-0.969405	-0.102659	-0.14958	0.138086	-0.97906
0.6	0.963203	-0.203245	-0.175874	-0.223325	-0.969294	-0.102931	-0.149553	0.138421	-0.979017
0.633333	0.963172	-0.20336	-0.175909	-0.223547	-0.969173	-0.103592	-0.14942	0.139101	-0.97894
0.666667	0.963115	-0.203865	-0.175637	-0.223976	-0.969101	-0.103332	-0.149145	0.138859	-0.979017
0.7	0.963109	-0.204011	-0.175503	-0.224052	-0.96912	-0.102991	-0.149072	0.138513	-0.979077
0.733333	0.963059	-0.204322	-0.175414	-0.224283	-0.969114	-0.102539	-0.149045	0.138094	-0.97914
0.766667	0.963137	-0.204089	-0.175259	-0.224085	-0.96912	-0.102919	-0.148842	0.138398	-0.979128
0.8	0.963053	-0.204829	-0.174854	-0.224648	-0.969076	-0.102104	-0.148533	0.137612	-0.979286
0.833333	0.962975	-0.205354	-0.174667	-0.22495	-0.969143	-0.100789	-0.14858	0.136349	-0.979455
0.866667	0.96277	-0.206389	-0.174577	-0.22589	-0.968986	-0.100197	-0.148483	0.135902	-0.979532
0.9	0.962672	-0.206907	-0.174505	-0.226274	-0.968983	-0.0993576	-0.148535	0.135135	-0.979631
0.933333	0.962467	-0.208033	-0.174298	-0.227274	-0.968819	-0.0986686	-0.148337	0.134579	-0.979737
0.966667	0.962321	-0.209404	-0.173458	-0.22847	-0.968584	-0.098216	-0.147441	0.134145	-0.979932
1	0.962348	-0.209769	-0.172867	-0.228767	-0.968507	-0.0982878	-0.146805	0.134133	-0.980029
1.03333	0.962274	-0.210583	-0.17229	-0.229509	-0.96833	-0.0983025	-0.146133	0.134136	-0.980129
1.06667	0.9622	-0.211253	-0.171884	-0.22998	-0.968317	-0.097317	-0.14588	0.133168	-0.980299
1.1	0.962035	-0.212417	-0.17137	-0.230889	-0.96823	-0.0960198	-0.145529	0.131942	-0.980517
1.13333	0.962028	-0.213395	-0.170189	-0.231637	-0.968103	-0.0955006	-0.144382	0.131296	-0.980773
1.16667	0.961864	-0.21433	-0.169941	-0.232505	-0.967921	-0.0952339	-0.144078	0.131114	-0.980842
1.2	0.961702	-0.215462	-0.169424	-0.23346	-0.967769	-0.0944437	-0.143615	0.130381	-0.981008
1.23333	0.961765	-0.21561	-0.168878	-0.233404	-0.96787	-0.0935411	-0.143284	0.129381	-0.981188
1.26667	0.961652	-0.216312	-0.168625	-0.233983	-0.967792	-0.0929002	-0.143099	0.128793	-0.981293
1.3	0.961703	-0.216576	-0.167994	-0.234048	-0.967853	-0.0920932	-0.142648	0.127885	-0.981477
1.33333	0.961478	-0.21789	-0.167583	-0.235254	-0.967602	-0.0916598	-0.142182	0.127554	-0.981588
1.36667	0.961477	-0.218117	-0.167291	-0.235402	-0.967594	-0.0913678	-0.141941	0.127229	-0.981665
1.4	0.961523	-0.218242	-0.166864	-0.2354	-0.967642	-0.0908649	-0.141634	0.126648	-0.981784
1.43333	0.96142	-0.218711	-0.166844	-0.235856	-0.967539	-0.0907766	-0.141575	0.126626	-0.981796
1.46667	0.961329	-0.219266	-0.166643	-0.23634	-0.967453	-0.0904387	-0.141389	0.126326	-0.981861
1.5	0.961347	-0.219447	-0.166297	-0.23639	-0.967497	-0.0898259	-0.141179	0.125665	-0.981976
1.53333	0.961331	-0.219785	-0.165943	-0.236581	-0.967516	-0.0891145	-0.140966	0.124928	-0.982101
1.56667	0.96132	-0.220042	-0.165667	-0.236822	-0.967447	-0.0892303	-0.140639	0.125012	-0.982137
1.6	0.961326	-0.220131	-0.165514	-0.236855	-0.967462	-0.0889784	-0.140542	0.12474	-0.982185
1.63333	0.961204	-0.220507	-0.165722	-0.237097	-0.967507	-0.0878328	-0.140969	0.123717	-0.982253
1.66667	0.961082	-0.220515	-0.166417	-0.237137	-0.967532	-0.0874483	-0.14173	0.123509	-0.98217
1.7	0.960916	-0.221055	-0.166662	-0.237789	-0.967323	-0.0879865	-0.141766	0.124178	-0.982081
1.73333	0.960915	-0.220756	-0.167063	-0.237601	-0.96733	-0.0884172	-0.142086	0.124656	-0.981974
1.76667	0.960918	-0.220648	-0.167186	-0.237463	-0.967394	-0.0880956	-0.142297	0.124353	-0.981982
1.8	0.960918	-0.220646	-0.167186	-0.237395	-0.967451	-0.0876433	-0.142406	0.123907	-0.982022
1.83333	0.960901	-0.220808	-0.167073	-0.237558	-0.967403	-0.0877385	-0.142254	0.123998	-0.982033
1.86667	0.960918	-0.220854	-0.166915	-0.237596	-0.967385	-0.0878278	-0.142074	0.124054	-0.982052
1.9	0.960863	-0.22136	-0.166562	-0.238103	-0.967235	-0.0881162	-0.141599	0.124326	-0.982086
1.93333	0.960903	-0.221477	-0.166173	-0.238088	-0.967291	-0.0875396	-0.14135	0.123681	-0.982203
1.96667	0.960793	-0.221781	-0.166401	-0.238413	-0.967216	-0.0874737	-0.141546	0.123716	-0.982171
2	0.960785	-0.221922	-0.166262	-0.238597	-0.967134	-0.0878866	-0.141293	0.12411	-0.982157
2.03333	0.960886	-0.221587	-0.166123	-0.23833	-0.967144	-0.0884971	-0.141055	0.124628	-0.982126
2.06667	0.960914	-0.221536	-0.166031	-0.238279	-0.967149	-0.0885777	-0.140953	0.124677	-0.982134
2.1	0.960891	-0.221677	-0.165975	-0.238332	-0.967188	-0.0880089	-0.14102	0.124124	-0.982195
2.13333	0.960843	-0.221768	-0.166133	-0.238422	-0.967179	-0.0878622	-0.141195	0.124031	-0.982181
2.16667	0.960865	-0.221506	-0.166351	-0.238203	-0.967222	-0.08798	-0.141411	0.124162	-0.982134
2.2	0.960793	-0.221739	-0.16646	-0.238411	-0.967197	-0.0876934	-0.141555	0.123941	-0.982141
2.23333	0.960808	-0.221895	-0.166163	-0.238471	-0.967219	-0.0872875	-0.141347	0.123492	-0.982228
2.26667	0.960886	-0.221884	-0.165728	-0.238307	-0.967321	-0.0866014	-0.141097	0.122708	-0.982362
2.3	0.960925	-0.22187	-0.165519	-0.238313	-0.96729	-0.086931	-0.140817	0.122979	-0.982368
2.33333	0.960927	-0.221813	-0.165586	-0.238274	-0.967294	-0.086994	-0.140874	0.12305	-0.982351
2.36667	0.960994	-0.221439	-0.165694	-0.237909	-0.967385	-0.0869773	-0.14103	0.123005	-0.982334
2.4	0.961034	-0.221223	-0.165751	-0.237726	-0.967413	-0.0871706	-0.141066	0.123177	-0.982307
2.43333	0.961018	-0.221039	-0.166088	-0.237596	-0.967437	-0.0872554	-0.141392	0.123316	-0.982243
2.46667	0.961042	-0.220733	-0.16636	-0.237326	-0.9675	-0.0872894	-0.141685	0.12337	-0.982194
2.5	0.961206	-0.219719	-0.166756	-0.236362	-0.967733	-0.087331	-0.142187	0.123358	-0.982123
2.53333	0.961285	-0.219081	-0.167136	-0.235848	-0.967807	-0.0878885	-0.142501	0.123905	-0.982009
2.56667	0.961632	-0.216773	-0.168145	-0.234147	-0.967907	-0.0912719	-0.142963	0.12714	-0.981528
2.6	0.961217	-0.216515	-0.17083	-0.23505	-0.967154	-0.0967665	-0.144268	0.133167	-0.980537
2.63333	0.960543	-0.216037	-0.175173	-0.236141	-0.966219	-0.103238	-0.146952	0.14053	-0.97911
2.66667	0.959678	-0.215602	-0.180371	-0.237497	-0.965145	-0.109957	-0.150377	0.148361	-0.977433
2.7	0.958735	-0.215924	-0.184945	-0.239782	-0.963634	-0.117955	-0.15275	0.157434	-0.975644
2.73333	0.957597	-0.216639	-0.189933	-0.243146	-0.96132	-0.129397	-0.154554	0.170092	-0.973233
2.76667	0.956737	-0.218837	-0.19174	-0.246868	-0.959328	-0.136912	-0.15398	0.178324	-0.971849
2.8	0.956124	-0.221845	-0.191343	-0.250134	-0.958187	-0.138964	-0.152514	0.180729	-0.971636
2.83333	0.955258	-0.225222	-0.191723	-0.253891	-0.956916	-0.140893	-0.15173	0.183265	-0.971284
2.86667	0.95427	-0.22764	-0.193775	-0.257946	-0.954628	-0.148825	-0.151104	0.192002	-0.969692
2.9	0.952502	-0.232964	-0.196129	-0.267546	-0.947788	-0.173545	-0.145459	0.217775	-0.965099
2.93333	0.951009	-0.236816	-0.198744	-0.27883	-0.934686	-0.220491	-0.133548	0.265105	-0.954926
2.96667	0.952955	-0.228277	-0.199416	-0.280888	-0.91233	-0.29792	-0.113925	0.339918	-0.933529
3	0.960044	-0.220792	-0.17195	-0.274025	-0.866386	-0.417474	-0.0567997	0.447912	-0.892272
3.03333	0.965922	-0.238276	-0.101091	-0.25569	-0.81772	-0.515709	0.0402171	0.523983	-0.850779
3.06667	0.964002	-0.265705	-0.0100362	-0.226628	-0.801312	-0.553659	0.139068	0.536003	-0.832683
3.1	0.95357	-0.28712	0.0909212	-0.194132	-0.816786	-0.543298	0.230255	0.500422	-0.834602
3.13333	0.933485	-0.302167	0.193132	-0.166699	-0.842449	-0.51234	0.317516	0.446067	-0.836784
3.16667	0.904683	-0.309611	0.292729	-0.150297	-0.874741	-0.460694	0.398697	0.372785	-0.837897
3.2	0.867439	-0.311126	0.388265	-0.142624	-0.903107	-0.40504	0.476663	0.295971	-0.827764
3.23333	0.82316	-0.318471	0.470089	-0.146203	-0.918864	-0.366489	0.548663	0.23295	-0.802934
3.26667	0.7758	-0.333081	0.535903	-0.163087	-0.926309	-0.339638	0.609539	0.176093	-0.772951
3.3	0.741833	-0.345474	0.574744	-0.177311	-0.927629	-0.328732	0.646718	0.141956	-0.749402
3.33333	0.747348	-0.332523	0.575239	-0.157711	-0.929795	-0.33258	0.645444	0.157831	-0.747322
3.36667	0.792752	-0.261822	0.550449	-0.0995302	-0.946531	-0.306876	0.601364	0.18849	-0.776423
3.4	0.830436	-0.211652	0.515344	-0.0282252	-0.93982	-0.340502	0.556398	0.26822	-0.786434
3.43333	0.872661	-0.135434	0.46917	0.0406202	-0.937309	-0.346124	0.486634	0.321106	-0.812452
3.46667	0.91711	-0.0736016	0.391781	0.0670922	-0.940289	-0.3337	0.392949	0.332325	-0.85741
3.5	0.958712	-0.0605325	0.277862	0.0417138	-0.936581	-0.347961	0.281303	0.345185	-0.895386
3.53333	0.982977	-0.0755198	0.167488	-0.0157784	-0.942947	-0.332569	0.183048	0.324265	-0.928087
3.56667	0.992965	-0.100155	0.0631612	-0.0764577	-0.949644	-0.30386	0.0904138	0.296893	-0.950621
3.6	0.991665	-0.121561	-0.0426972	-0.12872	-0.949134	-0.287361	-0.00559339	0.290462	-0.95687
3.63333	0.979278	-0.148084	-0.138148	-0.177809	-0.955227	-0.236487	-0.0969429	0.256151	-0.961763
3.66667	0.961105	-0.182163	-0.207592	-0.218577	-0.961154	-0.168546	-0.168825	0.207365	-0.963586
3.7	0.946645	-0.198538	-0.253862	-0.236252	-0.963274	-0.127625	-0.219201	0.180791	-0.958783
3.73333	0.926939	-0.207163	-0.312839	-0.253539	-0.960438	-0.115227	-0.276591	0.186125	-0.942791
3.76667	0.883507	-0.223157	-0.411846	-0.294443	-0.948385	-0.11777	-0.364307	0.225316	-0.903611
3.8	0.822368	-0.273043	-0.499158	-0.359937	-0.929118	-0.0847673	-0.440631	0.249375	-0.862355
3.83333	0.762801	-0.318881	-0.562539	-0.440414	-0.893182	-0.0908906	-0.473466	0.317081	-0.82176
3.86667	0.747522	-0.228821	-0.62358	-0.508225	-0.801498	-0.315132	-0.427689	0.552487	-0.71543
3.9	0.833889	-0.0749105	-0.546824	-0.504853	-0.503915	-0.700852	-0.223052	0.860499	-0.458028
3.93333	0.907034	-0.134806	-0.398894	-0.419388	-0.373513	-0.827407	-0.0374527	0.917777	-0.395325
3.96667	0.934949	-0.251686	-0.250048	-0.334763	-0.39244	-0.856694	0.117489	0.884672	-0.451167
4	0.936136	-0.337182	-0.0997889	-0.268554	-0.502359	-0.821897	0.226999	0.796206	-0.560828
4.03333	0.925741	-0.376344	0.0369948	-0.231846	-0.642128	-0.730698	0.298749	0.66786	-0.681698
4.06667	0.906997	-0.385353	0.169881	-0.224563	-0.783796	-0.578995	0.356269	0.486998	-0.797437
4.1	0.875666	-0.365569	0.315545	-0.251489	-0.903026	-0.348279	0.412265	0.22562	-0.882685
4.13333	0.84267	-0.292675	0.451939	-0.295399	-0.953063	-0.0664105	0.450163	-0.0775401	-0.889573
4.16667	0.840418	-0.222081	0.494345	-0.299072	-0.950759	0.0813184	0.451944	-0.216186	-0.865454
4.2	0.868437	-0.169199	0.466036	-0.222545	-0.972984	0.0614511	0.443048	-0.15708	-0.882629
4.23333	0.894288	-0.112094	0.433225	-0.118039	-0.992921	-0.0132488	0.431644	-0.0392894	-0.901188
4.26667	0.914558	-0.0806765	0.396326	-0.0219883	-0.988372	-0.150454	0.403856	0.128884	-0.905698
4.3	0.937983	-0.0510772	0.342898	0.0456828	-0.962252	-0.268298	0.343658	0.267323	-0.900243
4.33333	0.967397	-0.0450514	0.249227	0.0298391	-0.956924	-0.288801	0.251502	0.286822	-0.924381
4.36667	0.988729	-0.0570041	0.138437	-0.0127774	-0.953432	-0.301337	0.149168	0.296172	-0.943415
4.4	0.99794	-0.0632173	0.0109689	-0.0576534	-0.958533	-0.279087	0.0281572	0.27788	-0.960203
4.43333	0.98922	-0.0864777	-0.118173	-0.117419	-0.950632	-0.287248	-0.0874987	0.298028	-0.950539
4.46667	0.965398	-0.122018	-0.230474	-0.178746	-0.95313	-0.244116	-0.189885	0.276865	-0.94196
4.5	0.935697	-0.153245	-0.317784	-0.22495	-0.953038	-0.202769	-0.271787	0.261216	-0.926228
4.53333	0.904054	-0.173845	-0.390468	-0.252132	-0.95458	-0.158764	-0.345132	0.241981	-0.906823
4.56667	0.861926	-0.174675	-0.475996	-0.280254	-0.946471	-0.160157	-0.422541	0.271443	-0.864741
4.6	0.805252	-0.183007	-0.563983	-0.331491	-0.92759	-0.172307	-0.491612	0.325706	-0.807609
4.63333	0.752716	-0.19314	-0.629377	-0.400523	-0.893071	-0.204953	-0.522494	0.406352	-0.749586
4.66667	0.706644	-0.14116	-0.693346	-0.502904	-0.789503	-0.351813	-0.497737	0.597293	-0.628887
4.7	0.745924	0.00510306	-0.666012	-0.553136	-0.552263	-0.623736	-0.370997	0.833654	-0.409123
4.73333	0.834919	0.00430456	-0.550356	-0.510959	-0.365542	-0.77801	-0.204527	0.930785	-0.302999
4.76667	0.904281	-0.102098	-0.414549	-0.424894	-0.310089	-0.850476	-0.0417154	0.94521	-0.323788
4.8	0.937853	-0.219017	-0.269192	-0.336124	-0.380312	-0.861617	0.0863316	0.898551	-0.430293
4.83333	0.944138	-0.303617	-0.128145	-0.282025	-0.543229	-0.7908	0.170488	0.782764	-0.59851
4.86667	0.93975	-0.34185	-0.00277878	-0.264554	-0.722065	-0.639244	0.216519	0.601465	-0.768999
4.9	0.932666	-0.335421	0.132766	-0.248042	-0.863511	-0.439117	0.261934	0.376618	-0.888566
4.93333	0.916124	-0.29099	0.275757	-0.251085	-0.952709	-0.17118	0.312528	0.0875834	-0.945862
4.96667	0.895162	-0.234241	0.379231	-0.285206	-0.954827	0.0834472	0.342553	-0.182858	-0.921532
5	0.89925	-0.209336	0.384093	-0.266666	-0.958377	0.101998	0.346754	-0.194146	-0.917643
5.03333	0.921935	-0.173431	0.346348	-0.170571	-0.984574	-0.0389766	0.347765	-0.0231431	-0.937296
5.06667	0.937403	-0.126415	0.324491	-0.0697417	-0.981057	-0.180728	0.341191	0.146784	-0.928463
5.1	0.949348	-0.0779541	0.304405	0.0252369	-0.946694	-0.321143	0.313213	0.312558	-0.896775
5.13333	0.971532	-0.0487831	0.23183	0.0388894	-0.932455	-0.359186	0.233694	0.357977	-0.904013
5.16667	0.990789	-0.0444002	0.127928	0.00485972	-0.93245	-0.361266	0.135327	0.35856	-0.923646
5.2	0.99909	-0.0386045	0.0181439	-0.0298878	-0.937036	-0.347951	0.0304339	0.347092	-0.937337
5.23333	0.994022	-0.0564528	-0.0934475	-0.0819451	-0.951377	-0.29693	-0.0721413	0.302813	-0.950316
5.26667	0.976378	-0.0995337	-0.19178	-0.145428	-0.959168	-0.242586	-0.159804	0.264746	-0.950985
5.3	0.954197	-0.123626	-0.272444	-0.191285	-0.952284	-0.237836	-0.230041	0.279057	-0.932314
5.33333	0.929672	-0.147829	-0.337427	-0.237321	-0.940896	-0.241649	-0.281761	0.304732	-0.909807
5.36667	0.894582	-0.173355	-0.411911	-0.271958	-0.942561	-0.193952	-0.354628	0.285529	-0.890344
