0	0.931037	-0.364924	0	0.364924	0.931037	0	0	0	1
0.0333333	0.955303	-0.280436	-0.0935558	0.278323	0.959843	-0.0351776	0.0996639	0.00756643	0.994992
0.0666667	0.969057	-0.0933883	-0.228488	0.0815184	0.994811	-0.0608685	0.232987	0.0403591	0.971642
0.1	0.940707	0.0729795	-0.331277	-0.0982475	0.993342	-0.0601566	0.324682	0.0891369	0.941614
0.133333	0.892295	0.202941	-0.403268	-0.241633	0.969234	-0.0468914	0.381344	0.139284	0.91388
0.166667	0.841206	0.297181	-0.451725	-0.347453	0.937202	-0.0304636	0.414305	0.18258	0.891637
0.2	0.796464	0.36337	-0.483329	-0.422851	0.906065	-0.0156182	0.432252	0.216815	0.8753
0.233333	0.760997	0.408764	-0.503781	-0.475165	0.879889	-0.00383511	0.441703	0.242297	0.863823
0.266667	0.735676	0.438418	-0.516304	-0.509642	0.860375	0.00440025	0.446145	0.259893	0.856394
0.3	0.716764	0.459557	-0.524458	-0.534384	0.845179	0.0102591	0.447976	0.272909	0.851374
0.333333	0.703059	0.474562	-0.529621	-0.552039	0.833697	0.014208	0.448286	0.282382	0.848116
0.366667	0.693251	0.484976	-0.533106	-0.564335	0.825371	0.0169937	0.448252	0.289069	0.845878
0.4	0.686457	0.492139	-0.535328	-0.572817	0.819467	0.018825	0.447948	0.293722	0.844434
0.433333	0.681868	0.496719	-0.536961	-0.578244	0.815614	0.0201981	0.447985	0.296722	0.843366
0.466667	0.678933	0.499864	-0.53776	-0.581983	0.812933	0.0208793	0.447599	0.298791	0.84284
0.5	0.676984	0.502124	-0.538112	-0.584679	0.810988	0.0211822	0.447038	0.300283	0.842607
0.533333	0.675988	0.503305	-0.538261	-0.586089	0.809967	0.0213116	0.4467	0.301063	0.842509
0.566667	0.676646	0.503008	-0.537711	-0.585751	0.810223	0.0208346	0.446146	0.300867	0.842872
0.6	0.677142	0.503187	-0.536918	-0.585989	0.810069	0.0201486	0.445079	0.300985	0.843394
0.633333	0.67747	0.503364	-0.536338	-0.586218	0.809915	0.0196467	0.444278	0.301101	0.843775
0.666667	0.676366	0.504827	-0.536357	-0.587966	0.808646	0.019663	0.443649	0.30206	0.843762
0.7	0.676943	0.504434	-0.535998	-0.587506	0.808988	0.0193515	0.443378	0.301802	0.843997
0.733333	0.677421	0.504029	-0.535775	-0.587029	0.809339	0.0191583	0.44328	0.301538	0.844143
0.766667	0.678383	0.503348	-0.535199	-0.586231	0.809929	0.0186594	0.442865	0.301092	0.84452
0.8	0.678834	0.503475	-0.534507	-0.586402	0.809819	0.0180616	0.441947	0.301175	0.844971
0.833333	0.679394	0.50309	-0.534157	-0.585952	0.810151	0.0177598	0.441683	0.300925	0.845199
0.866667	0.679632	0.503236	-0.533716	-0.586138	0.810025	0.0173797	0.44107	0.30102	0.845485
0.9	0.679828	0.503161	-0.533537	-0.586053	0.810089	0.0172252	0.44088	0.300971	0.845601
0.933333	0.679838	0.502776	-0.533888	-0.585585	0.810422	0.0175273	0.441487	0.300721	0.845374
0.966667	0.679949	0.502208	-0.534281	-0.584897	0.810911	0.0178657	0.442227	0.300352	0.845118
1	0.6799	0.502051	-0.534491	-0.584705	0.811046	0.0180466	0.442557	0.30025	0.844981
1.03333	0.680023	0.501711	-0.534654	-0.584294	0.811338	0.0181867	0.44291	0.300028	0.844875
1.06667	0.680212	0.501053	-0.535031	-0.583499	0.811903	0.0185098	0.443667	0.299599	0.84463
1.1	0.680394	0.499959	-0.535821	-0.582171	0.81284	0.0191869	0.445129	0.298885	0.844114
1.13333	0.680806	0.498803	-0.536376	-0.580773	0.813828	0.0196608	0.446324	0.298127	0.84375
1.16667	0.681291	0.497558	-0.536916	-0.579269	0.814888	0.0201206	0.447537	0.29731	0.843396
1.2	0.680569	0.497647	-0.537749	-0.57935	0.814813	0.0208297	0.448531	0.297369	0.842848
1.23333	0.680449	0.497138	-0.53837	-0.578721	0.815246	0.0213584	0.449522	0.297033	0.842438
1.26667	0.681454	0.49535	-0.538748	-0.576567	0.816762	0.0216784	0.450767	0.295851	0.842188
1.3	0.682269	0.493964	-0.538989	-0.574898	0.817932	0.0218818	0.451665	0.294934	0.842029
1.33333	0.682166	0.494058	-0.539032	-0.575009	0.817853	0.0219186	0.451678	0.294996	0.842
1.36667	0.68229	0.493603	-0.539292	-0.574456	0.818236	0.0221376	0.452196	0.294695	0.841828
1.4	0.683095	0.492673	-0.539124	-0.573345	0.819019	0.0219961	0.452389	0.294079	0.841939
1.43333	0.683883	0.491886	-0.538844	-0.572411	0.819678	0.0217613	0.452383	0.293558	0.842125
1.46667	0.684743	0.491303	-0.538283	-0.571731	0.820165	0.0212925	0.451942	0.293173	0.842495
1.5	0.685576	0.490835	-0.53765	-0.571189	0.820556	0.0207641	0.451363	0.292864	0.842913
1.53333	0.686063	0.490967	-0.536908	-0.571369	0.820446	0.020146	0.450395	0.292951	0.843401
1.56667	0.686288	0.491516	-0.536117	-0.572049	0.819988	0.0194872	0.449188	0.293311	0.843919
1.6	0.686508	0.491745	-0.535625	-0.572336	0.819798	0.0190775	0.448486	0.293461	0.84424
1.63333	0.686651	0.49195	-0.535253	-0.572591	0.819626	0.0187671	0.44794	0.293595	0.844483
1.66667	0.687115	0.492076	-0.534542	-0.57276	0.819522	0.018174	0.447011	0.293676	0.844947
1.7	0.687596	0.492101	-0.533899	-0.572807	0.8195	0.0176385	0.44621	0.293693	0.845364
1.73333	0.687757	0.492416	-0.533402	-0.573194	0.819238	0.0172244	0.445465	0.293897	0.845687
1.76667	0.687215	0.49288	-0.533671	-0.573741	0.818851	0.0174488	0.445597	0.294198	0.845512
1.8	0.686581	0.49315	-0.534236	-0.574049	0.818625	0.0179213	0.446177	0.294373	0.845145
1.83333	0.686067	0.492933	-0.535097	-0.573767	0.818807	0.018641	0.44733	0.294232	0.844585
1.86667	0.685923	0.49274	-0.535459	-0.573525	0.818969	0.0189439	0.447859	0.294106	0.844348
1.9	0.68594	0.492449	-0.535705	-0.573172	0.819211	0.0191489	0.448285	0.293916	0.844188
1.93333	0.68602	0.492733	-0.535342	-0.57352	0.818974	0.0188458	0.447717	0.294101	0.844425
1.96667	0.686459	0.492322	-0.535158	-0.573035	0.819318	0.0186917	0.447666	0.293833	0.844545
2	0.686736	0.491679	-0.535393	-0.572261	0.819854	0.0188879	0.448231	0.293414	0.844392
2.03333	0.68701	0.491028	-0.535639	-0.571477	0.820396	0.0190932	0.448812	0.292988	0.844231
2.06667	0.687343	0.490413	-0.535775	-0.570739	0.820907	0.0192055	0.44924	0.292587	0.844143
2.1	0.687366	0.490099	-0.536032	-0.570357	0.821168	0.0194195	0.44969	0.292381	0.843974
2.13333	0.687411	0.489783	-0.536264	-0.569972	0.82143	0.0196112	0.450108	0.292174	0.843823
2.16667	0.687525	0.48928	-0.536576	-0.569363	0.821846	0.01987	0.450705	0.291845	0.843618
2.2	0.687666	0.488982	-0.536667	-0.569004	0.822093	0.0199457	0.450944	0.29165	0.843558
2.23333	0.687561	0.489012	-0.536775	-0.569036	0.822068	0.0200351	0.451063	0.291669	0.843487
2.26667	0.687805	0.488615	-0.536824	-0.56856	0.822397	0.0200754	0.451291	0.291409	0.843455
2.3	0.687985	0.488281	-0.536896	-0.568159	0.822672	0.0201349	0.451521	0.29119	0.843408
2.33333	0.688214	0.488159	-0.536715	-0.568018	0.822773	0.0199851	0.45135	0.29111	0.843527
2.36667	0.68866	0.48845	-0.535877	-0.56839	0.822533	0.0192934	0.4502	0.2913	0.844076
2.4	0.689323	0.488426	-0.535045	-0.568384	0.822553	0.0186076	0.449191	0.291285	0.844618
2.43333	0.689699	0.488357	-0.534624	-0.568313	0.82261	0.0182603	0.448704	0.29124	0.844893
2.46667	0.689661	0.488449	-0.534589	-0.568424	0.822534	0.0182318	0.448623	0.2913	0.844915
2.5	0.689609	0.488526	-0.534586	-0.568515	0.822471	0.0182293	0.448587	0.291349	0.844917
2.53333	0.689575	0.488296	-0.53484	-0.568234	0.82266	0.0184384	0.448995	0.2912	0.844752
2.56667	0.689616	0.488072	-0.534992	-0.567963	0.822845	0.0185636	0.449276	0.291054	0.844653
2.6	0.690384	0.488078	-0.533995	-0.567996	0.82284	0.0177428	0.448052	0.291058	0.845302
2.63333	0.692468	0.487096	-0.532189	-0.566871	0.823646	0.0162611	0.446256	0.290423	0.846469
2.66667	0.695352	0.485947	-0.529473	-0.565566	0.824584	0.0140445	0.443419	0.289686	0.848211
2.7	0.697685	0.484819	-0.527434	-0.564269	0.825498	0.0123906	0.441403	0.28897	0.849506
2.73333	0.699255	0.483752	-0.526333	-0.563026	0.826359	0.0115018	0.440504	0.288296	0.850201
2.76667	0.70038	0.482383	-0.526094	-0.561412	0.827459	0.0113098	0.440777	0.287434	0.850351
2.8	0.700111	0.481168	-0.527563	-0.559951	0.828432	0.0124864	0.443058	0.286667	0.849424
2.83333	0.69658	0.480453	-0.532861	-0.558991	0.829005	0.0167324	0.449784	0.286209	0.846037
2.86667	0.690569	0.480574	-0.540522	-0.558916	0.828908	0.0229074	0.459051	0.286287	0.841018
2.9	0.681874	0.481238	-0.55087	-0.559308	0.828367	0.0313395	0.471404	0.286736	0.834003
2.93333	0.673309	0.482991	-0.559799	-0.560989	0.826917	0.0387189	0.481608	0.287971	0.827724
2.96667	0.66698	0.488845	-0.562288	-0.568044	0.821986	0.0408162	0.482146	0.292181	0.825933
3	0.665101	0.497112	-0.557244	-0.578492	0.814872	0.0364775	0.472216	0.2981	0.829547
3.03333	0.667436	0.502351	-0.549702	-0.585257	0.810297	0.0298929	0.460438	0.301765	0.834826
3.06667	0.672626	0.510132	-0.536041	-0.595113	0.803444	0.0178606	0.43979	0.306991	0.844003
3.1	0.677388	0.524378	-0.51592	-0.612199	0.790704	-0.000133195	0.40787	0.315936	0.856637
3.13333	0.690259	0.531343	-0.491139	-0.619816	0.784426	-0.0224666	0.373324	0.319923	0.870792
3.16667	0.705515	0.532603	-0.467527	-0.620117	0.783306	-0.043443	0.343079	0.320571	0.882911
3.2	0.721452	0.532963	-0.442106	-0.61857	0.782994	-0.0655095	0.311252	0.320736	0.894567
3.23333	0.736123	0.533747	-0.416217	-0.616694	0.782331	-0.087446	0.278946	0.32105	0.905051
3.26667	0.7468	0.533505	-0.397066	-0.613973	0.782535	-0.103329	0.255591	0.320954	0.911955
3.3	0.748719	0.538368	-0.386756	-0.617563	0.778533	-0.111813	0.240905	0.322563	0.915379
3.33333	0.738337	0.554309	-0.384187	-0.633719	0.765123	-0.113966	0.230778	0.327612	0.916194
3.36667	0.71978	0.577675	-0.384978	-0.658028	0.744429	-0.113247	0.221169	0.334839	0.915952
3.4	0.706271	0.596114	-0.381876	-0.676557	0.727173	-0.11615	0.208451	0.340394	0.916886
3.43333	0.701854	0.608082	-0.370995	-0.686949	0.715571	-0.12672	0.188417	0.343794	0.919948
3.46667	0.711801	0.607141	-0.353156	-0.682586	0.71647	-0.144038	0.165574	0.343585	0.92441
3.5	0.737027	0.584683	-0.339024	-0.657116	0.737236	-0.157106	0.158084	0.338569	0.927567
3.53333	0.767646	0.54533	-0.336651	-0.617178	0.770572	-0.159091	0.172656	0.329899	0.928093
3.56667	0.790508	0.504347	-0.347464	-0.577959	0.802018	-0.150765	0.202635	0.32	0.925494
3.6	0.801147	0.467541	-0.37359	-0.544904	0.827995	-0.132302	0.247474	0.309564	0.918111
3.63333	0.800448	0.431738	-0.415795	-0.513581	0.851669	-0.104371	0.309059	0.297088	0.90345
3.66667	0.792076	0.393251	-0.466872	-0.477492	0.875637	-0.0725351	0.380285	0.280381	0.881345
3.7	0.770414	0.361675	-0.525026	-0.445812	0.894315	-0.0381081	0.455756	0.263422	0.850232
3.73333	0.730248	0.345357	-0.589462	-0.427859	0.903845	-0.000498583	0.532611	0.252571	0.807796
3.76667	0.685894	0.338481	-0.64419	-0.417772	0.907979	0.0322665	0.595832	0.246993	0.764185
3.8	0.651528	0.335061	-0.680621	-0.410735	0.910103	0.0548527	0.637815	0.243817	0.730579
3.83333	0.629933	0.335516	-0.700438	-0.409496	0.909809	0.06753	0.659922	0.244287	0.710511
3.86667	0.613714	0.352185	-0.706626	-0.433018	0.898525	0.0717455	0.660189	0.261951	0.70394
3.9	0.611442	0.377365	-0.69551	-0.47077	0.879962	0.0635764	0.636014	0.288552	0.715698
3.93333	0.62394	0.397642	-0.672741	-0.501378	0.864021	0.0456955	0.599432	0.308786	0.738466
3.96667	0.6372	0.417247	-0.647982	-0.529343	0.848024	0.0255221	0.560153	0.326742	0.761228
4	0.643271	0.443058	-0.624421	-0.563618	0.826018	0.00546928	0.518206	0.348417	0.781069
4.03333	0.641282	0.474545	-0.602963	-0.603245	0.797433	-0.0139848	0.474186	0.372703	0.797647
4.06667	0.633014	0.509295	-0.58302	-0.645058	0.763399	-0.0335075	0.428011	0.397292	0.811767
4.1	0.627933	0.541809	-0.558698	-0.681765	0.729179	-0.059113	0.375363	0.418019	0.827262
4.13333	0.620659	0.572831	-0.535394	-0.714452	0.694478	-0.0851935	0.323018	0.435389	0.840295
4.16667	0.600091	0.607249	-0.520711	-0.750185	0.653188	-0.102803	0.277695	0.45232	0.847521
4.2	0.571236	0.639729	-0.514234	-0.78404	0.610656	-0.111267	0.242839	0.46674	0.850402
4.23333	0.543308	0.663575	-0.51428	-0.809449	0.576565	-0.111195	0.22273	0.476697	0.850383
4.26667	0.539351	0.66617	-0.51509	-0.81237	0.572676	-0.109986	0.22171	0.477765	0.85005
4.3	0.576254	0.642586	-0.50499	-0.785305	0.606483	-0.124394	0.226334	0.468254	0.854114
4.33333	0.640192	0.59628	-0.48436	-0.732249	0.664306	-0.15003	0.232303	0.45072	0.861909
4.36667	0.69732	0.544674	-0.465914	-0.674469	0.718614	-0.169367	0.242563	0.432347	0.86847
4.4	0.730085	0.502512	-0.463096	-0.630195	0.757167	-0.171909	0.264255	0.417349	0.869477
4.43333	0.7442	0.465003	-0.479519	-0.594538	0.788346	-0.158225	0.304451	0.402843	0.863149
4.46667	0.746339	0.420764	-0.515691	-0.553709	0.822452	-0.130304	0.369303	0.382794	0.846808
4.5	0.728491	0.376952	-0.572021	-0.512268	0.854147	-0.0895246	0.454843	0.358246	0.815339
4.53333	0.689203	0.34102	-0.639301	-0.474544	0.8792	-0.0425974	0.547547	0.332735	0.767776
4.56667	0.633003	0.318915	-0.705408	-0.446691	0.894681	0.00364428	0.632277	0.312793	0.708792
4.6	0.576205	0.30421	-0.75858	-0.422586	0.905345	0.0420776	0.699577	0.29632	0.65022
4.63333	0.535063	0.29738	-0.790742	-0.408228	0.910478	0.0661784	0.739633	0.287394	0.608562
4.66667	0.512806	0.292761	-0.807045	-0.397928	0.914033	0.0787236	0.760713	0.280776	0.585219
4.7	0.500659	0.298027	-0.812724	-0.406488	0.909857	0.0832388	0.76427	0.288688	0.576672
4.73333	0.510782	0.308962	-0.802274	-0.427665	0.90085	0.074644	0.745791	0.304978	0.592271
4.76667	0.527221	0.326494	-0.784499	-0.460079	0.885882	0.0594922	0.714398	0.329566	0.617269
4.8	0.543358	0.352368	-0.761971	-0.504324	0.862621	0.0392814	0.671133	0.362936	0.646419
4.83333	0.563362	0.382909	-0.732123	-0.552371	0.833527	0.0108996	0.614418	0.398263	0.681085
4.86667	0.579728	0.416453	-0.700345	-0.599927	0.799778	-0.0210248	0.551365	0.432344	0.713495
4.9	0.586859	0.453052	-0.671074	-0.647008	0.76069	-0.0522595	0.486803	0.464859	0.739546
4.93333	0.586308	0.494296	-0.641806	-0.695391	0.713497	-0.0857497	0.415541	0.496582	0.762058
4.96667	0.57817	0.541826	-0.610036	-0.74548	0.654693	-0.125049	0.331631	0.527069	0.782444
5	0.546141	0.589509	-0.595155	-0.794653	0.589392	-0.145409	0.26506	0.552355	0.790346
5.03333	0.496909	0.629797	-0.597024	-0.838257	0.526337	-0.142461	0.224514	0.57125	0.789473
5.06667	0.470247	0.64928	-0.597748	-0.858992	0.492131	-0.14121	0.202485	0.579864	0.78915
5.1	0.489226	0.646191	-0.585743	-0.852002	0.497645	-0.16261	0.186415	0.578607	0.794017
5.13333	0.538665	0.623364	-0.566796	-0.822483	0.534915	-0.193359	0.182654	0.570336	0.800846
5.16667	0.597872	0.587609	-0.54522	-0.779307	0.585353	-0.223702	0.187697	0.558639	0.807894
5.2	0.649292	0.543355	-0.532151	-0.731006	0.638955	-0.239512	0.209881	0.544519	0.812065
5.23333	0.681134	0.49265	-0.54162	-0.683565	0.692908	-0.229383	0.262288	0.526473	0.808722
5.26667	0.69403	0.436085	-0.572846	-0.634032	0.747164	-0.199372	0.341067	0.501573	0.795046
5.3	0.685034	0.37696	-0.623402	-0.580655	0.799311	-0.154732	0.439964	0.467978	0.766439
5.33333	0.659345	0.3181	-0.681232	-0.519669	0.847618	-0.10718	0.543331	0.424683	0.72418
5.36667	0.625207	0.267585	-0.733154	-0.458358	0.886206	-0.0674253	0.631684	0.378202	0.676712
