0	0	1	0	0	0	-1	-1	0	0
0.0333333	0.988654	0.145502	0.0373203	-0.11154	0.877517	-0.466393	-0.10061	0.456939	0.88379
0.0666667	0.997011	0.0363858	0.068149	0.000277649	0.880446	-0.474145	-0.0772537	0.472747	0.877805
0.1	0.996046	0.01532	0.0875068	0.0272983	0.884581	-0.465588	-0.0845396	0.466136	0.880665
0.133333	0.995269	0.00616057	0.0969644	0.0392063	0.887663	-0.458821	-0.0888983	0.460452	0.883222
0.166667	0.994865	0.00106846	0.101206	0.0453658	0.889163	-0.455336	-0.0904754	0.457589	0.884549
0.2	0.994719	-0.00188422	0.102621	0.0485488	0.889546	-0.454258	-0.0904298	0.456842	0.88494
0.233333	0.994721	-0.00309571	0.102567	0.0496216	0.889416	-0.454398	-0.089818	0.457089	0.884874
0.266667	0.994784	-0.0034398	0.101946	0.0495917	0.889674	-0.453895	-0.0891372	0.456583	0.885204
0.3	0.994882	-0.00350623	0.100984	0.0491264	0.890115	-0.453081	-0.0882989	0.455723	0.885731
0.333333	0.995014	-0.00412155	0.0996527	0.0490113	0.890394	-0.452543	-0.086865	0.455171	0.886157
0.366667	0.995106	-0.00457825	0.0987022	0.0488508	0.891097	-0.451176	-0.0858876	0.45379	0.88696
0.4	0.995235	-0.00522857	0.0973652	0.0487795	0.89132	-0.450743	-0.0844269	0.453345	0.887328
0.433333	0.995345	-0.00556132	0.0962146	0.0485091	0.89156	-0.450296	-0.0832769	0.452867	0.88768
0.466667	0.995366	-0.00637069	0.0959425	0.0490288	0.891971	-0.449427	-0.0827147	0.452048	0.88815
0.5	0.995364	-0.00659427	0.0959526	0.0493289	0.891438	-0.45045	-0.0825654	0.453095	0.88763
0.533333	0.995374	-0.00686336	0.0958283	0.0497385	0.890183	-0.45288	-0.0821964	0.455552	0.886406
0.566667	0.995388	-0.0070356	0.0956749	0.0500395	0.888966	-0.455232	-0.0818488	0.45792	0.885217
0.6	0.995405	-0.00672753	0.095518	0.0498518	0.888088	-0.456962	-0.0817541	0.459624	0.884343
0.633333	0.995433	-0.00664194	0.0952342	0.0497896	0.887276	-0.458543	-0.0814534	0.46119	0.883555
0.666667	0.995386	-0.00630028	0.0957433	0.0498199	0.886729	-0.459598	-0.0820027	0.462248	0.882951
0.7	0.995364	-0.00691743	0.0959319	0.0506982	0.88533	-0.462192	-0.0817342	0.464912	0.881576
0.733333	0.995276	-0.00656009	0.0968629	0.0509711	0.884455	-0.463833	-0.0826281	0.466579	0.880612
0.766667	0.995158	-0.00655962	0.098066	0.0516271	0.883921	-0.464778	-0.0836339	0.46759	0.87998
0.8	0.99503	-0.00657334	0.0993571	0.0522957	0.883625	-0.465265	-0.0847361	0.468149	0.879577
0.833333	0.994877	-0.00684721	0.100864	0.0532546	0.88355	-0.4653	-0.0859323	0.468287	0.879388
0.866667	0.994771	-0.00669232	0.101912	0.0536352	0.883407	-0.465528	-0.0869141	0.468559	0.879146
0.9	0.994705	-0.00666196	0.102553	0.0538762	0.883582	-0.465168	-0.0875154	0.46823	0.879262
0.933333	0.994636	-0.00698604	0.103205	0.0544904	0.883448	-0.465351	-0.0879248	0.468478	0.879089
0.966667	0.994552	-0.00676722	0.104024	0.0546302	0.883718	-0.46482	-0.0887821	0.46797	0.879273
1	0.994499	-0.0063724	0.104555	0.0544041	0.884386	-0.463575	-0.0895131	0.466713	0.879867
1.03333	0.994397	-0.00707227	0.105476	0.0553103	0.8851	-0.462102	-0.0900887	0.465347	0.880532
1.06667	0.994337	-0.00788597	0.105982	0.056181	0.885511	-0.461209	-0.0902108	0.464551	0.880939
1.1	0.994286	-0.00828035	0.106427	0.0566636	0.885876	-0.460449	-0.0904688	0.463849	0.881283
1.13333	0.994272	-0.0084793	0.106546	0.056829	0.886206	-0.459793	-0.090523	0.463214	0.881611
1.16667	0.994269	-0.00894593	0.106531	0.0571444	0.886658	-0.45888	-0.0903513	0.462338	0.882088
1.2	0.99435	-0.00976527	0.105705	0.0573885	0.887157	-0.457886	-0.0893057	0.461365	0.882704
1.23333	0.994455	-0.00909851	0.104766	0.0563719	0.887139	-0.458047	-0.0887743	0.461413	0.882733
1.26667	0.994556	-0.00976624	0.103747	0.0565032	0.887075	-0.458154	-0.0875572	0.461522	0.882798
1.3	0.9946	-0.00884751	0.103403	0.0556328	0.886559	-0.459258	-0.0876093	0.462531	0.882264
1.33333	0.994621	-0.0107584	0.103017	0.0572495	0.885959	-0.460216	-0.0863176	0.463638	0.88181
1.36667	0.994523	-0.011771	0.103857	0.0585315	0.885948	-0.460076	-0.0865967	0.463635	0.881784
1.4	0.9944	-0.0127228	0.104909	0.0596812	0.886873	-0.458143	-0.0872124	0.461839	0.882666
1.43333	0.994343	-0.0143208	0.105247	0.0611265	0.887494	-0.456747	-0.086865	0.460596	0.883349
1.46667	0.994394	-0.0161831	0.104496	0.0623488	0.88789	-0.455812	-0.0854044	0.459772	0.883921
1.5	0.99455	-0.017909	0.102714	0.0630033	0.888165	-0.455186	-0.0830749	0.459176	0.884452
1.53333	0.994767	-0.0194145	0.100306	0.063187	0.888405	-0.454692	-0.0802849	0.458651	0.884982
1.56667	0.994969	-0.0211605	0.0979229	0.0635264	0.889064	-0.453354	-0.0774665	0.457294	0.885935
1.6	0.995192	-0.0216562	0.0955155	0.0628626	0.889091	-0.453393	-0.0751032	0.457217	0.886178
1.63333	0.995305	-0.0214743	0.0943807	0.0621876	0.889074	-0.453519	-0.0741725	0.457259	0.886235
1.66667	0.99536	-0.0215307	0.0937798	0.0620281	0.888674	-0.454324	-0.0735577	0.458033	0.885886
1.7	0.995371	-0.0213561	0.0937049	0.0618456	0.888638	-0.45442	-0.0735651	0.458112	0.885845
1.73333	0.995376	-0.0212701	0.0936682	0.0617243	0.888816	-0.454089	-0.0735953	0.457771	0.886019
1.76667	0.995344	-0.0213167	0.0939949	0.061883	0.88901	-0.453686	-0.0738913	0.45739	0.886191
1.8	0.99532	-0.0213243	0.0942538	0.0619507	0.889362	-0.452987	-0.0741662	0.456706	0.886521
1.83333	0.995326	-0.0215402	0.094141	0.0620382	0.889682	-0.452346	-0.074012	0.456072	0.88686
1.86667	0.995297	-0.0214829	0.0944587	0.0621063	0.88984	-0.452026	-0.0743423	0.455767	0.886989
1.9	0.995353	-0.020947	0.0939926	0.0612808	0.890699	-0.450445	-0.0742836	0.454111	0.887843
1.93333	0.995393	-0.0206187	0.0936324	0.0608192	0.890748	-0.45041	-0.074116	0.45403	0.887899
1.96667	0.995416	-0.0199367	0.0935373	0.0601806	0.8907	-0.450591	-0.0743303	0.454155	0.887817
2	0.995379	-0.0192967	0.0940692	0.0599246	0.890278	-0.451458	-0.075036	0.455009	0.88732
2.03333	0.995355	-0.018427	0.0944894	0.0593942	0.889989	-0.452098	-0.0757637	0.45561	0.886949
2.06667	0.995278	-0.0177853	0.0954218	0.0593444	0.88943	-0.453202	-0.0768107	0.456725	0.886286
2.1	0.995205	-0.01554	0.0965725	0.0581288	0.888008	-0.456139	-0.0786687	0.459565	0.884653
2.13333	0.995107	-0.0158044	0.0975286	0.0588349	0.887808	-0.456438	-0.079373	0.459943	0.884394
2.16667	0.995056	-0.0146007	0.0982361	0.058257	0.886897	-0.45828	-0.080434	0.461737	0.883362
2.2	0.994973	-0.0134931	0.0992295	0.0577653	0.886746	-0.458634	-0.0818029	0.46206	0.883068
2.23333	0.994863	-0.0144627	0.100191	0.0591621	0.886187	-0.459535	-0.0821422	0.463102	0.88249
2.26667	0.994626	-0.0166399	0.102185	0.0621874	0.885129	-0.461171	-0.082773	0.465047	0.881408
2.3	0.994035	-0.020472	0.107125	0.0681659	0.883359	-0.463713	-0.0851364	0.468249	0.879485
2.33333	0.99294	-0.0234806	0.116273	0.0755312	0.880966	-0.467112	-0.0914641	0.472596	0.87652
2.36667	0.991744	-0.0232173	0.126111	0.0806072	0.877742	-0.472305	-0.0997275	0.478571	0.872367
2.4	0.990798	-0.020758	0.13375	0.0827561	0.874853	-0.477267	-0.107104	0.483943	0.86852
2.43333	0.990176	-0.0215003	0.138166	0.0861988	0.87188	-0.482073	-0.1101	0.489247	0.865168
2.46667	0.990174	-0.0240029	0.137768	0.0885873	0.869943	-0.485131	-0.108206	0.492568	0.863521
2.5	0.990468	-0.0264127	0.135186	0.0900246	0.866948	-0.490201	-0.104251	0.497699	0.861062
2.53333	0.990352	-0.0304418	0.135192	0.0936523	0.866095	-0.491028	-0.102142	0.498951	0.86059
2.56667	0.989828	-0.0325343	0.138501	0.0969497	0.866724	-0.489275	-0.104124	0.497726	0.861062
2.6	0.989296	-0.0341491	0.14187	0.0996437	0.86836	-0.485822	-0.106604	0.494758	0.862468
2.63333	0.988923	-0.0338441	0.144522	0.100396	0.869664	-0.483327	-0.109328	0.492483	0.863428
2.66667	0.988835	-0.0292021	0.146123	0.0974268	0.86868	-0.485699	-0.112751	0.494512	0.861826
2.7	0.988705	-0.0217305	0.148293	0.0935765	0.862387	-0.497526	-0.117074	0.505783	0.854679
2.73333	0.988821	-0.0144972	0.148402	0.0924504	0.840475	-0.533906	-0.116988	0.541657	0.832419
2.76667	0.990053	-0.00396178	0.140639	0.0926101	0.770866	-0.630229	-0.105917	0.636985	0.763565
2.8	0.994059	0.00901968	0.108465	0.0805901	0.608805	-0.789216	-0.0731528	0.793268	0.604462
2.83333	0.999472	-0.0111501	0.0305238	0.0324427	0.396467	-0.917476	-0.00187174	0.917981	0.396619
2.86667	0.996694	-0.0636743	-0.0504569	-0.028358	0.309333	-0.950531	0.0761324	0.94882	0.306505
2.9	0.988097	-0.101862	-0.115278	-0.0728506	0.350167	-0.93385	0.13549	0.931132	0.338578
2.93333	0.978259	-0.116529	-0.171552	-0.102698	0.44646	-0.88889	0.180173	0.887183	0.424787
2.96667	0.967197	-0.120014	-0.223888	-0.125422	0.540825	-0.831732	0.220904	0.832529	0.508032
3	0.954432	-0.115922	-0.274993	-0.144552	0.626577	-0.765836	0.261082	0.77069	0.581269
3.03333	0.940772	-0.104762	-0.322447	-0.159506	0.702475	-0.693605	0.299174	0.703956	0.644159
3.06667	0.92864	-0.0860168	-0.360873	-0.171507	0.763015	-0.623212	0.328959	0.640631	0.693814
3.1	0.92039	-0.0790756	-0.382923	-0.174196	0.79385	-0.582631	0.350055	0.602951	0.716876
3.13333	0.920204	-0.0775557	-0.383679	-0.171176	0.80176	-0.572607	0.352028	0.592592	0.724507
3.16667	0.92727	-0.0719738	-0.36741	-0.174507	0.785139	-0.594226	0.331237	0.615124	0.715476
3.2	0.928821	-0.0655696	-0.36468	-0.203026	0.733255	-0.648936	0.309954	0.676785	0.667751
3.23333	0.932822	-0.0482733	-0.357089	-0.224624	0.696975	-0.681006	0.281757	0.715468	0.639311
3.26667	0.940842	-0.0107345	-0.338677	-0.243128	0.674807	-0.696796	0.236021	0.737916	0.632277
3.3	0.95315	0.0425108	-0.299498	-0.25323	0.653713	-0.713115	0.16547	0.755547	0.633852
3.33333	0.971945	0.087267	-0.21842	-0.222546	0.641782	-0.733886	0.0761342	0.761905	0.643198
3.36667	0.990462	0.0879418	-0.106068	-0.137701	0.658443	-0.739926	0.0047696	0.747475	0.664273
3.4	0.998072	0.0620308	0.00202827	-0.0415665	0.692357	-0.720356	-0.0460886	0.718883	0.693601
3.43333	0.993707	0.0295551	0.10804	0.0522546	0.73084	-0.680545	-0.0990733	0.681908	0.724697
3.46667	0.97811	-0.004843	0.208032	0.139033	0.759043	-0.636022	-0.154825	0.651023	0.7431
3.5	0.954015	-0.027454	0.298499	0.206456	0.782138	-0.587908	-0.217327	0.6225	0.75184
3.53333	0.9266	-0.0230688	0.37534	0.241859	0.800848	-0.547856	-0.287952	0.598423	0.747645
3.56667	0.910772	0.0351375	0.411412	0.210285	0.818011	-0.535386	-0.355352	0.574128	0.737633
3.6	0.897983	0.0916413	0.430382	0.174226	0.824094	-0.538994	-0.404069	0.558991	0.724056
3.63333	0.882445	0.107059	0.458071	0.189972	0.809721	-0.555214	-0.43035	0.576967	0.694196
3.66667	0.865203	0.106585	0.489963	0.237789	0.773066	-0.58807	-0.441453	0.625307	0.643514
3.7	0.860536	0.148574	0.487241	0.285733	0.651077	-0.703176	-0.421705	0.744329	0.517823
3.73333	0.886166	0.241152	0.39567	0.300052	0.352052	-0.886582	-0.353098	0.904381	0.239618
3.76667	0.932005	0.263459	0.248911	0.249233	0.0327644	-0.967889	-0.263155	0.964114	-0.0351261
3.8	0.97262	0.170221	0.158223	0.175003	-0.088475	-0.980585	-0.152918	0.981426	-0.115842
3.83333	0.996667	0.0328961	0.0746525	0.0782678	-0.127515	-0.988744	-0.0230065	0.991291	-0.129664
3.86667	0.996668	-0.0815589	-0.00021556	-0.00802002	-0.0953756	-0.995409	0.0811639	0.992095	-0.0957119
3.9	0.985069	-0.15777	-0.0689014	-0.0690107	0.0047921	-0.997604	0.157722	0.987464	-0.00616725
3.93333	0.971756	-0.201287	-0.123183	-0.0935702	0.150556	-0.984163	0.216645	0.967893	0.127469
3.96667	0.96335	-0.217769	-0.156629	-0.0798306	0.324698	-0.942443	0.256092	0.920406	0.295414
4	0.956189	-0.213242	-0.200574	-0.0495772	0.55729	-0.828836	0.28852	0.802468	0.522303
4.03333	0.945604	-0.174614	-0.274487	-0.0486906	0.758276	-0.650112	0.321656	0.628114	0.708527
4.06667	0.939045	-0.122573	-0.321202	-0.0688072	0.848374	-0.524907	0.336838	0.515012	0.788228
4.1	0.948828	-0.0890701	-0.302971	-0.0644789	0.884545	-0.461978	0.30914	0.457873	0.833538
4.13333	0.963159	-0.0326186	-0.266947	-0.0994551	0.879044	-0.466252	0.249866	0.475624	0.843415
4.16667	0.966094	0.0381244	-0.255361	-0.173475	0.828382	-0.532626	0.191231	0.558865	0.806908
4.2	0.975814	0.0755092	-0.205149	-0.190048	0.756778	-0.625436	0.108026	0.649297	0.752824
4.23333	0.99003	0.0933506	-0.105478	-0.139719	0.745716	-0.651449	0.0178433	0.659692	0.751325
4.26667	0.997151	0.0715125	-0.0239854	-0.0702211	0.764038	-0.641339	-0.027538	0.641196	0.766883
4.3	0.996845	0.0411112	0.067901	0.00975534	0.78549	-0.618797	-0.0787751	0.617507	0.78261
4.33333	0.985898	0.0127836	0.166858	0.0910659	0.795538	-0.599021	-0.1404	0.605769	0.783155
4.36667	0.963797	-0.00286694	0.266622	0.160652	0.804308	-0.572084	-0.212806	0.594206	0.77565
4.4	0.9412	0.0247752	0.336939	0.175623	0.816093	-0.550589	-0.288615	0.577389	0.763756
4.43333	0.928151	0.0821338	0.363028	0.133382	0.837173	-0.530425	-0.347483	0.540736	0.766068
4.46667	0.91439	0.122984	0.385703	0.118083	0.830288	-0.544682	-0.387231	0.543597	0.744684
4.5	0.893252	0.13999	0.427204	0.150562	0.802242	-0.577701	-0.423593	0.580354	0.695528
4.53333	0.865984	0.163488	0.472592	0.219464	0.724927	-0.652929	-0.449341	0.669143	0.591896
4.56667	0.871501	0.256964	0.417678	0.252263	0.495477	-0.831183	-0.420534	0.829742	0.366986
4.6	0.913044	0.322445	0.249758	0.2423	0.0637647	-0.968104	-0.328086	0.944438	-0.0199086
4.63333	0.957006	0.253434	0.141105	0.174211	-0.113227	-0.978177	-0.231926	0.960703	-0.15251
4.66667	0.990225	0.113754	0.0807156	0.0966963	-0.142808	-0.985016	-0.100522	0.983192	-0.152411
4.7	0.999571	-0.0208342	0.0205782	0.0178032	-0.125583	-0.991923	0.0232502	0.991864	-0.125158
4.73333	0.993454	-0.106133	-0.0422591	-0.0474606	-0.0469704	-0.997768	0.103911	0.993242	-0.0517001
4.76667	0.985406	-0.145437	-0.0884441	-0.074142	0.100987	-0.992121	0.153223	0.9842	0.0887304
4.8	0.98271	-0.144928	-0.115222	-0.061324	0.332413	-0.941138	0.174699	0.931932	0.317778
4.83333	0.979947	-0.13029	-0.15076	-0.0365438	0.626255	-0.778761	0.195879	0.768654	0.608936
4.86667	0.968953	-0.115775	-0.218464	-0.0408915	0.796384	-0.603407	0.243841	0.593607	0.766924
4.9	0.95786	-0.0978556	-0.270053	-0.0581154	0.854711	-0.515841	0.281296	0.509797	0.813006
4.93333	0.965454	-0.0801393	-0.247943	-0.0486121	0.879432	-0.473535	0.255998	0.46923	0.845156
4.96667	0.975862	-0.0254903	-0.216894	-0.0810834	0.879882	-0.468223	0.202776	0.474507	0.856577
5	0.981418	0.0271033	-0.189959	-0.131339	0.816611	-0.562047	0.139889	0.576552	0.804996
5.03333	0.99009	0.0522149	-0.130365	-0.124634	0.754492	-0.644367	0.0647138	0.654229	0.753523
5.06667	0.992422	0.0830337	-0.0905734	-0.122205	0.743831	-0.657101	0.0128098	0.66319	0.748342
5.1	0.995457	0.0880811	-0.0361583	-0.0902039	0.750862	-0.65427	-0.0304789	0.65456	0.755396
5.13333	0.996032	0.0801946	0.0385785	-0.0370676	0.767978	-0.639402	-0.0809041	0.635436	0.767904
5.16667	0.988963	0.0684135	0.131423	0.0286873	0.781813	-0.622852	-0.14536	0.619748	0.771222
5.2	0.973922	0.0637676	0.217736	0.0841446	0.789727	-0.60766	-0.210701	0.610135	0.763767
5.23333	0.959438	0.089983	0.267174	0.0880421	0.804661	-0.58717	-0.26782	0.586876	0.7641
5.26667	0.947332	0.134289	0.290739	0.0591188	0.818907	-0.570874	-0.31475	0.557995	0.767837
5.3	0.936387	0.174585	0.304467	0.0408607	0.807374	-0.588623	-0.348584	0.56362	0.748881
5.33333	0.924834	0.198825	0.324271	0.0586931	0.767706	-0.638109	-0.375816	0.609177	0.69833
5.36667	0.905409	0.229259	0.357315	0.106532	0.692032	-0.713962	-0.410956	0.684494	0.602149
5.4	0.901161	0.283195	0.328192	0.140467	0.525478	-0.839132	-0.410096	0.802293	0.43376
5.43333	0.921992	0.30236	0.241885	0.178407	0.222708	-0.958422	-0.343659	0.926811	0.151392
5.46667	0.95305	0.268906	0.139234	0.156187	-0.0426035	-0.986808	-0.259426	0.962224	-0.0826028
5.5	0.979646	0.181831	0.0850405	0.113294	-0.151117	-0.982002	-0.165708	0.971649	-0.168641
5.53333	0.996741	0.0644195	0.0485447	0.0605963	-0.200773	-0.977762	-0.0532405	0.977517	-0.204023
5.56667	0.998029	-0.057272	0.0256573	0.0153586	-0.173502	-0.984714	0.0608481	0.983167	-0.172281
5.6	0.989796	-0.141954	0.0123277	-0.00163207	-0.0978066	-0.995204	0.142479	0.985029	-0.0970403
5.63333	0.981455	-0.191619	-0.0053372	-0.0049951	0.00226836	-0.999985	0.191628	0.981467	0.00126914
5.66667	0.978989	-0.202505	-0.0239026	0.00944113	0.16211	-0.986728	0.203692	0.96577	0.160616
5.7	0.983473	-0.174655	-0.047718	0.0410501	0.471784	-0.880758	0.176342	0.864243	0.471156
5.73333	0.982103	-0.153086	-0.109719	0.0449346	0.756167	-0.652835	0.182906	0.636221	0.749512
5.76667	0.980613	-0.124329	-0.151458	0.0255011	0.847332	-0.530451	0.194286	0.516305	0.834075
5.8	0.983857	-0.111444	-0.140023	0.0375066	0.893463	-0.447569	0.174984	0.435091	0.883219
5.83333	0.989916	-0.0607467	-0.127971	0.00382517	0.91452	-0.404524	0.141606	0.399955	0.90553
