0	0	1	0	0	0	-1	-1	0	0
0.0333333	0.997325	-0.0689159	-0.0243714	0.0558837	0.933751	-0.353535	0.0471209	0.351227	0.935104
0.0666667	0.99879	-0.0485833	-0.00760819	0.0464685	0.983069	-0.177245	0.0160905	0.176677	0.984137
0.1	0.999278	-0.0379684	0.00118825	0.0379563	0.996723	-0.0714273	0.00152762	0.0714208	0.997445
0.133333	0.999502	-0.0311816	0.00485773	0.0312472	0.999413	-0.0140684	-0.0044162	0.0142132	0.999889
0.166667	0.999635	-0.0263748	0.00592383	0.0262605	0.999482	0.0186032	-0.00641141	-0.0184408	0.999809
0.2	0.999723	-0.02278	0.00588309	0.0225436	0.999041	0.0375218	-0.00673219	-0.0373788	0.999278
0.233333	0.999782	-0.0201717	0.00531249	0.0198893	0.998614	0.0487214	-0.00628792	-0.0486052	0.998798
0.266667	0.999817	-0.0185113	0.00473264	0.0182243	0.99833	0.0548179	-0.00573948	-0.0547216	0.998485
0.3	0.999835	-0.0175995	0.00456332	0.0173041	0.998152	0.0582426	-0.00557993	-0.058154	0.998292
0.333333	0.999846	-0.0167797	0.00506254	0.0164396	0.997999	0.0610514	-0.00607684	-0.0609588	0.998122
0.366667	0.999845	-0.0163136	0.00658051	0.0158627	0.997851	0.0635732	-0.00760348	-0.063459	0.997955
0.4	0.99984	-0.0159829	0.00800791	0.0154232	0.997723	0.0656556	-0.00903905	-0.0655216	0.99781
0.433333	0.99983	-0.0154273	0.0100783	0.0147102	0.997596	0.0677214	-0.0110989	-0.0675616	0.997653
0.466667	0.999814	-0.0150671	0.0120625	0.0142004	0.997518	0.06897	-0.0130718	-0.0687859	0.997546
0.5	0.999776	-0.0146724	0.0152862	0.0135514	0.997383	0.0710189	-0.0162882	-0.0707958	0.997358
0.533333	0.999744	-0.0137012	0.0180013	0.0123202	0.997129	0.0747085	-0.0189732	-0.0744676	0.997043
0.566667	0.999712	-0.0132868	0.0199858	0.0117598	0.997139	0.0746742	-0.0209208	-0.0744177	0.997008
0.6	0.99968	-0.0133429	0.0214937	0.011771	0.997359	0.0716697	-0.0223932	-0.0713937	0.997197
0.633333	0.999656	-0.0133491	0.0225803	0.0117767	0.997589	0.0683915	-0.0234388	-0.0681021	0.997403
0.666667	0.999621	-0.0132929	0.0241112	0.0116989	0.997811	0.0650864	-0.0249236	-0.0647797	0.997588
0.7	0.999605	-0.012716	0.0250468	0.0110908	0.997889	0.0639874	-0.0258076	-0.0636843	0.997636
0.733333	0.999604	-0.0115851	0.0256444	0.00990867	0.997865	0.0645596	-0.0263376	-0.0642799	0.997584
0.766667	0.99961	-0.0108582	0.0257237	0.0091242	0.997739	0.0665921	-0.0263886	-0.0663314	0.997449
0.8	0.999632	-0.0105551	0.02499	0.00883778	0.997656	0.0678611	-0.0256477	-0.0676153	0.997382
0.833333	0.999665	-0.0103948	0.0237072	0.00871035	0.997503	0.0700822	-0.0243765	-0.0698522	0.997259
0.866667	0.999694	-0.0104018	0.0224232	0.0087491	0.997324	0.0725824	-0.0231182	-0.072364	0.99711
0.9	0.999724	-0.0107344	0.020895	0.00913792	0.997138	0.0750543	-0.0216409	-0.0748427	0.996961
0.933333	0.999742	-0.011195	0.0197564	0.00962647	0.996924	0.0777784	-0.0205664	-0.0775681	0.996775
0.966667	0.999754	-0.0117411	0.0188151	0.010235	0.996882	0.0782348	-0.019675	-0.078023	0.996757
1	0.999764	-0.0123159	0.0179201	0.0108896	0.996924	0.0776174	-0.0188209	-0.0774039	0.996822
1.03333	0.99978	-0.0124883	0.0168492	0.0111637	0.997004	0.0765357	-0.0177545	-0.0763308	0.996924
1.06667	0.999803	-0.0122666	0.0156154	0.0110512	0.997072	0.0756713	-0.0164979	-0.0754838	0.997011
1.1	0.999839	-0.0108471	0.0143252	0.00971071	0.996973	0.077144	-0.0151186	-0.0769924	0.996917
1.13333	0.999875	-0.00877047	0.0131665	0.00769106	0.996773	0.0799045	-0.0138248	-0.0797932	0.996716
1.16667	0.999914	-0.00647916	0.0114127	0.00549635	0.996439	0.0841361	-0.0119172	-0.0840662	0.996389
1.2	0.999945	-0.00422	0.00963806	0.00334699	0.996038	0.0888635	-0.00997487	-0.0888263	0.995997
1.23333	0.999961	-0.00217279	0.0085247	0.00138186	0.995785	0.0917124	-0.00868803	-0.0916971	0.995749
1.26667	0.99996	-0.000977765	0.00885321	0.000162993	0.995799	0.091568	-0.00890554	-0.0915629	0.995759
1.3	0.999963	0.000957108	0.00855983	-0.00173317	0.995838	0.0911211	-0.008437	-0.0911325	0.995803
1.33333	0.999954	0.00277348	0.00915996	-0.00358309	0.995972	0.0895878	-0.0088746	-0.0896165	0.995937
1.36667	0.999932	0.00521089	0.010405	-0.00612622	0.995926	0.0899706	-0.0098938	-0.0900282	0.99589
1.4	0.999894	0.00772837	0.0123794	-0.00885077	0.995595	0.0933406	-0.0116035	-0.0934402	0.995557
1.43333	0.999851	0.00954938	0.0144081	-0.0108958	0.995277	0.0964667	-0.0134189	-0.0966093	0.995232
1.46667	0.999816	0.0103243	0.0161952	-0.0118758	0.995033	0.0988326	-0.0150943	-0.0990067	0.994972
1.5	0.999791	0.0100492	0.0178043	-0.0117839	0.9949	0.100171	-0.0167068	-0.10036	0.994811
1.53333	0.999773	0.00898903	0.0192987	-0.0109201	0.994682	0.102412	-0.0182755	-0.102599	0.994555
1.56667	0.999766	0.00676849	0.0205289	-0.00886492	0.994557	0.103815	-0.0197145	-0.103972	0.994385
1.6	0.999764	0.004624	0.0212351	-0.00683735	0.994409	0.105372	-0.0206291	-0.105493	0.994206
1.63333	0.999764	0.00220828	0.0216246	-0.00450147	0.994294	0.106579	-0.0212658	-0.106651	0.994069
1.66667	0.999773	0.000198207	0.0213075	-0.0024913	0.994186	0.107646	-0.0211623	-0.107675	0.993961
1.7	0.999786	-0.00152948	0.0206271	-0.000754924	0.993899	0.110288	-0.0206699	-0.11028	0.993686
1.73333	0.999805	-0.00272989	0.0195621	0.000498208	0.993573	0.11319	-0.0197454	-0.113158	0.993381
1.76667	0.99983	-0.00356968	0.0181081	0.00144608	0.993253	0.115957	-0.0183999	-0.115911	0.993089
1.8	0.999849	-0.00412538	0.0168863	0.00211538	0.993087	0.117361	-0.0172537	-0.117308	0.992946
1.83333	0.999881	-0.00431154	0.014818	0.00255329	0.993165	0.116689	-0.0152198	-0.116637	0.993058
1.86667	0.999894	-0.00450484	0.0138353	0.00288678	0.993382	0.114819	-0.014261	-0.114767	0.99329
1.9	0.999903	-0.00511368	0.0129538	0.00363047	0.993697	0.112039	-0.0134451	-0.111981	0.993619
1.93333	0.9999	-0.0059294	0.012871	0.00451509	0.994221	0.107256	-0.0134326	-0.107187	0.994148
1.96667	0.99989	-0.00661394	0.0132768	0.00521431	0.994687	0.102816	-0.0138863	-0.102735	0.994612
2	0.999869	-0.00717703	0.0144819	0.0056948	0.99498	0.0999141	-0.0151262	-0.0998186	0.994891
2.03333	0.99985	-0.00745337	0.0156624	0.00588851	0.9952	0.0976842	-0.0163153	-0.0975773	0.995094
2.06667	0.999826	-0.0078613	0.0169151	0.00620527	0.995379	0.0958186	-0.0175902	-0.095697	0.995255
2.1	0.999807	-0.00823132	0.0178463	0.00653708	0.995645	0.0929975	-0.018534	-0.0928628	0.995506
2.13333	0.999781	-0.00915288	0.0188061	0.00738102	0.995712	0.0922163	-0.0195695	-0.0920573	0.995561
2.16667	0.999761	-0.00983843	0.0195441	0.00801636	0.995799	0.0912125	-0.0203593	-0.091034	0.99564
2.2	0.999733	-0.0109314	0.0203382	0.00902785	0.99577	0.091439	-0.0212517	-0.091231	0.995603
2.23333	0.999711	-0.0127899	0.0203516	0.0108677	0.995708	0.0919069	-0.0214398	-0.0916592	0.99556
2.26667	0.99968	-0.0156422	0.01988	0.0137745	0.99577	0.0908403	-0.0212169	-0.0905373	0.995667
2.3	0.999645	-0.0185286	0.0191676	0.0167124	0.995718	0.090924	-0.0207702	-0.0905714	0.995673
2.33333	0.999635	-0.0205753	0.0174893	0.0188338	0.995347	0.0944924	-0.0193522	-0.0941286	0.995372
2.36667	0.999661	-0.0215214	0.0146203	0.0199548	0.994792	0.0999534	-0.0166953	-0.0996278	0.994885
2.4	0.999717	-0.0207363	0.0116669	0.0193835	0.99417	0.106066	-0.0137983	-0.10581	0.994291
2.43333	0.99977	-0.0194894	0.00895696	0.0183701	0.993595	0.1115	-0.0110727	-0.11131	0.993724
2.46667	0.999804	-0.0188011	0.0061463	0.0179856	0.993419	0.113115	-0.00823255	-0.112983	0.993563
2.5	0.99981	-0.0189925	0.00449654	0.0183755	0.993638	0.111115	-0.00657828	-0.111011	0.993797
2.53333	0.999802	-0.0197208	0.00257996	0.0193351	0.994151	0.106253	-0.00466027	-0.106182	0.994336
2.56667	0.999794	-0.0202669	0.000462037	0.0201099	0.994415	0.103608	-0.00255927	-0.103578	0.994618
2.6	0.999819	-0.0189432	-0.00161629	0.0190074	0.994057	0.107193	-0.000423896	-0.107204	0.994237
2.63333	0.999858	-0.0164465	-0.00367008	0.0167608	0.993137	0.115746	0.00174128	-0.115791	0.993272
2.66667	0.999891	-0.0139834	-0.00480829	0.0144655	0.992432	0.121938	0.00306679	-0.121995	0.992526
2.7	0.999906	-0.0131105	-0.00399231	0.0135046	0.992178	0.124097	0.00233412	-0.124139	0.992262
2.73333	0.999898	-0.0141917	-0.00127354	0.01424	0.992148	0.12426	-0.000499918	-0.124265	0.992249
2.76667	0.999854	-0.0168943	0.00263856	0.0164273	0.991893	0.126009	-0.004746	-0.125947	0.992026
2.8	0.999814	-0.0188218	0.00412273	0.0181253	0.991327	0.130159	-0.00653679	-0.13006	0.991485
2.83333	0.999908	-0.0133715	0.00220089	0.0129644	0.991177	0.131911	-0.00394531	-0.13187	0.991259
2.86667	0.999988	-0.00498032	0.000390594	0.0048841	0.9911	0.133031	-0.00104965	-0.133027	0.991112
2.9	0.999998	0.000720816	-0.0019435	-0.000444535	0.990351	0.138578	0.00202464	-0.138577	0.99035
2.93333	0.999947	0.00578275	-0.00857071	-0.00450174	0.989772	0.14259	0.0093076	-0.142544	0.989745
2.96667	0.999695	0.0136444	-0.0205755	-0.010559	0.989632	0.143234	0.0223165	-0.142973	0.989475
3	0.999085	0.0238503	-0.0355139	-0.0186876	0.990089	0.139195	0.0384818	-0.138404	0.989628
3.03333	0.997948	0.035232	-0.0534636	-0.0277125	0.990405	0.135388	0.0577206	-0.133629	0.989349
3.06667	0.996383	0.0479107	-0.0701877	-0.0378464	0.989669	0.138289	0.0760881	-0.135133	0.987902
3.1	0.994801	0.0564561	-0.0847582	-0.0439675	0.988806	0.142585	0.0918592	-0.138117	0.986147
3.13333	0.994058	0.0556143	-0.0935692	-0.0415491	0.988402	0.146063	0.100607	-0.141308	0.98484
3.16667	0.994479	0.0458827	-0.0943701	-0.0321516	0.989317	0.14219	0.099886	-0.138371	0.98533
3.2	0.995456	0.0320622	-0.0896597	-0.0202546	0.991356	0.129629	0.0930408	-0.127224	0.987501
3.23333	0.996734	0.0155387	-0.0792447	-0.00710443	0.994381	0.105625	0.0804406	-0.104717	0.991244
3.26667	0.997968	0.00517505	-0.0635066	-0.000422928	0.997212	0.0746152	0.0637158	-0.0744367	0.995188
3.3	0.999148	0.00209502	-0.0412071	0.000172428	0.998489	0.0549452	0.0412599	-0.0549055	0.997639
3.33333	0.999799	-0.0102374	-0.0172365	0.0111051	0.998636	0.0510179	0.0166907	-0.0511991	0.998549
3.36667	0.999589	-0.028665	0.00062721	0.02857	0.997641	0.0624137	-0.00241482	-0.0623701	0.99805
3.4	0.999166	-0.0360554	0.0191556	0.0344199	0.996219	0.0797633	-0.0219591	-0.0790375	0.99663
3.43333	0.998291	-0.0362687	0.0458214	0.0311332	0.993641	0.108203	-0.0494544	-0.106591	0.993072
3.46667	0.996697	-0.0340293	0.0737317	0.0237615	0.990436	0.13591	-0.0776514	-0.133709	0.987974
3.5	0.994323	-0.0269505	0.102932	0.0116796	0.98919	0.146173	-0.105758	-0.144141	0.98389
3.53333	0.991452	-0.00989164	0.130097	-0.00635571	0.992277	0.123881	-0.130318	-0.123649	0.983732
3.56667	0.989932	0.00661174	0.141389	-0.0166109	0.997433	0.0696585	-0.140565	-0.0713058	0.9875
3.6	0.989708	0.0125473	0.14255	-0.0121475	0.999919	-0.00367418	-0.142585	0.00190473	0.989781
3.63333	0.988416	0.0171121	0.150802	-0.00882185	0.998421	-0.0554725	-0.151513	0.0534996	0.987006
3.66667	0.983689	0.0253914	0.178075	-0.0155573	0.998287	-0.0564052	-0.179202	0.0527149	0.982399
3.7	0.978855	0.0162373	0.203911	-0.0120656	0.999692	-0.021685	-0.204201	0.0187662	0.978749
3.73333	0.980449	-0.00667714	0.196659	0.00247936	0.999764	0.021584	-0.196757	-0.0206744	0.980234
3.76667	0.986055	-0.0103304	0.166097	-0.00156403	0.997452	0.0713217	-0.166411	-0.0705869	0.983527
3.8	0.992088	-0.0100847	0.125141	-0.00474414	0.993045	0.117636	-0.125457	-0.117299	0.98514
3.83333	0.997307	-0.0108752	0.0725332	-0.000226992	0.988483	0.151329	-0.0733436	-0.150938	0.985819
3.86667	0.99985	-0.00726591	0.015732	0.00444587	0.985021	0.172379	-0.0167488	-0.172283	0.984905
3.9	0.999096	-0.00231077	-0.0424439	0.00970032	0.984568	0.174735	0.0413852	-0.174989	0.9837
3.93333	0.995115	0.00562156	-0.0985636	0.0105928	0.986534	0.163213	0.0981538	-0.16346	0.981655
3.96667	0.989993	0.0198923	-0.139705	0.001831	0.98812	0.153671	0.141102	-0.152389	0.978196
4	0.985597	0.0384376	-0.164687	-0.0142275	0.989221	0.145735	0.168514	-0.141292	0.97552
4.03333	0.981632	0.0628271	-0.180143	-0.0373279	0.98922	0.141597	0.187097	-0.132271	0.973396
4.06667	0.977808	0.0761842	-0.195161	-0.0494784	0.989163	0.138236	0.203577	-0.125512	0.97098
4.1	0.978288	0.0648135	-0.196852	-0.0400715	0.991071	0.127168	0.203337	-0.116519	0.972151
4.13333	0.983045	0.036127	-0.17977	-0.0211433	0.996192	0.0845785	0.182141	-0.0793436	0.980066
4.16667	0.988397	-0.000762428	-0.151892	0.00221398	0.999953	0.00938756	0.151878	-0.00961492	0.988352
4.2	0.992604	-0.0393082	-0.114858	0.0316258	0.997187	-0.0679592	0.117206	0.0638241	0.991055
4.23333	0.994818	-0.0614716	-0.0809807	0.0543259	0.994667	-0.0876672	0.0859379	0.0828136	0.992853
4.26667	0.996893	-0.0668683	-0.0416378	0.0646523	0.996527	-0.05247	0.0450018	0.049615	0.997754
4.3	0.997476	-0.0708271	0.00504541	0.0708874	0.9974	-0.0129866	-0.00411248	0.0133115	0.999903
4.33333	0.995823	-0.071478	0.0568097	0.0715258	0.997438	0.00119537	-0.0567496	0.00287298	0.998384
4.36667	0.992143	-0.0569345	0.111408	0.0587621	0.998185	-0.0131879	-0.110455	0.0196308	0.993687
4.4	0.98774	-0.0195798	0.154872	0.0275333	0.998401	-0.0493777	-0.153658	0.0530365	0.9867
4.43333	0.98474	0.00828598	0.173835	0.00808758	0.995608	-0.0932708	-0.173845	0.0932534	0.980348
4.46667	0.983096	0.0252847	0.181338	0.000193127	0.990275	-0.139125	-0.183092	0.136808	0.97353
4.5	0.979957	0.0351133	0.196088	0.000684302	0.983743	-0.179578	-0.199206	0.176113	0.964003
4.53333	0.974364	0.0390046	0.221571	0.00764124	0.978551	-0.205863	-0.224848	0.202279	0.953167
4.56667	0.974762	0.0265222	0.221665	0.0215495	0.977103	-0.211673	-0.222204	0.211107	0.951871
4.6	0.981842	0.0158712	0.189034	0.0229678	0.979217	-0.201509	-0.188304	0.202192	0.961072
4.63333	0.990897	0.0129713	0.133998	0.00947545	0.986159	-0.165533	-0.13429	0.165295	0.977059
4.66667	0.997486	0.00269647	0.070806	0.00544431	0.993405	-0.114529	-0.0706479	0.114626	0.990893
4.7	0.999997	-0.00243849	-0.000212922	0.00242049	0.998056	-0.0622787	0.000364374	0.062278	0.998059
4.73333	0.997444	-0.000727446	-0.0714421	-0.000340706	0.999888	-0.014938	0.071445	0.0149241	0.997333
4.76667	0.990467	0.006139	-0.137614	-0.0015034	0.999429	0.0337641	0.137743	-0.0332354	0.98991
4.8	0.981511	0.0280454	-0.189342	-0.00690544	0.993752	0.111398	0.191283	-0.108031	0.975572
4.83333	0.976881	0.0658459	-0.203389	-0.0127466	0.967632	0.252043	0.213402	-0.243623	0.946101
4.86667	0.985733	0.0986306	-0.136389	-0.0231791	0.882146	0.470406	0.166711	-0.460533	0.871847
4.9	0.994151	0.0976936	-0.0460334	-0.0490809	0.7884	0.613202	0.0961986	-0.607356	0.788584
4.93333	0.997423	0.071357	-0.00745004	-0.0487115	0.749782	0.659889	0.0526736	-0.657826	0.751326
4.96667	0.999074	0.0421413	0.0086704	-0.0370631	0.740655	0.670863	0.0218492	-0.670563	0.741531
5	0.99996	0.00776924	0.00432401	-0.00869118	0.751431	0.659754	0.00187659	-0.659766	0.751469
5.03333	0.999678	-0.0150297	-0.0204683	0.0246543	0.767538	0.640529	0.00608322	-0.640828	0.767661
5.06667	0.998953	-0.0120172	-0.0441391	0.0362602	0.796274	0.603848	0.0278903	-0.604816	0.795876
5.1	0.998433	-0.00281043	-0.0558967	0.0326908	0.839939	0.541695	0.0454274	-0.542673	0.838714
5.13333	0.998772	-0.00379155	-0.0493905	0.0255203	0.893948	0.447444	0.042456	-0.448155	0.892947
5.16667	0.99968	-0.0205271	-0.0147986	0.0242928	0.942238	0.334062	0.00708647	-0.334315	0.942435
5.2	0.998822	-0.0270714	0.0402642	0.0167421	0.971203	0.237666	-0.0455387	-0.236712	0.970512
5.23333	0.995572	-0.020384	0.0917676	0.00539032	0.98698	0.160756	-0.0938496	-0.159549	0.982719
5.26667	0.991334	-0.0229905	0.129335	0.0118813	0.996223	0.0860191	-0.130825	-0.083737	0.987863
5.3	0.985209	-0.027404	0.169149	0.0200137	0.998776	0.0452426	-0.170181	-0.0411882	0.984552
5.33333	0.976545	-0.0317099	0.212965	0.0257534	0.999197	0.0306858	-0.213767	-0.0244815	0.976578
5.36667	0.966072	-0.0337923	0.256053	0.0361178	0.999338	-0.00438366	-0.255735	0.013483	0.966653
5.4	0.957988	-0.0413058	0.283818	0.0505325	0.998403	-0.0252614	-0.282321	0.0385421	0.958545
5.43333	0.956714	-0.0537277	0.286028	0.060016	0.998109	-0.0132577	-0.284775	0.0298501	0.95813
5.46667	0.964072	-0.0544365	0.260003	0.0531798	0.998514	0.011871	-0.260263	0.00238242	0.965535
5.5	0.973883	-0.0532059	0.22073	0.0428803	0.997762	0.0513137	-0.222966	-0.0405085	0.973984
5.53333	0.98393	-0.0484763	0.171848	0.0345478	0.995939	0.0831365	-0.17518	-0.0758636	0.981609
5.56667	0.99277	-0.04264	0.112203	0.0301745	0.993414	0.110539	-0.116177	-0.106354	0.987518
5.6	0.998403	-0.0331727	0.0457217	0.0271419	0.991566	0.126731	-0.0495401	-0.125288	0.990883
5.63333	0.99959	-0.0194172	-0.0210534	0.0222687	0.989184	0.144983	0.0180106	-0.145392	0.98921
5.66667	0.996632	-0.00611019	-0.0817706	0.0200547	0.985098	0.170819	0.0795083	-0.171884	0.981903
5.7	0.99189	0.0081398	-0.126842	0.0206144	0.974432	0.223734	0.12542	-0.224535	0.966361
5.73333	0.990022	0.0316789	-0.137307	0.0195665	0.934059	0.356583	0.139549	-0.355712	0.924119
5.76667	0.995752	0.0404052	-0.0827328	0.0131655	0.826847	0.562273	0.0911261	-0.560974	0.822803
5.8	0.999305	0.0338967	-0.0154831	-0.0132818	0.712163	0.701889	0.0348182	-0.701196	0.712118
5.83333	0.999647	0.0220939	0.0147415	-0.0256421	0.658115	0.75248	0.00692359	-0.752593	0.65845
