0	0.96308	-0.269216	0	0.269216	0.96308	0	0	0	1
0.0333333	0.973362	-0.188167	-0.130995	0.18454	0.982035	-0.0394074	0.136057	0.0141838	0.990599
0.0666667	0.973501	0.0145154	-0.228221	-0.0261571	0.998501	-0.048069	0.227181	0.0527648	0.972422
0.1	0.941849	0.182177	-0.28237	-0.201858	0.978514	-0.041993	0.268653	0.0965498	0.958386
0.133333	0.898463	0.309292	-0.311614	-0.335718	0.941362	-0.0336147	0.282945	0.134816	0.949614
0.166667	0.855641	0.400461	-0.327888	-0.432079	0.901445	-0.026566	0.284934	0.164404	0.944343
0.2	0.819005	0.463501	-0.338228	-0.498929	0.866392	-0.0208514	0.283373	0.185829	0.940833
0.233333	0.790355	0.506315	-0.344941	-0.544449	0.838631	-0.0165145	0.280917	0.200855	0.938479
0.266667	0.768993	0.535507	-0.349116	-0.575539	0.817663	-0.0135218	0.278218	0.211328	0.936982
0.3	0.753685	0.55503	-0.351996	-0.596361	0.802637	-0.0113081	0.276248	0.218439	0.935933
0.333333	0.743074	0.568005	-0.353852	-0.610212	0.792177	-0.00981226	0.27474	0.223216	0.93525
0.366667	0.735991	0.576748	-0.354513	-0.619543	0.784908	-0.00926385	0.272917	0.226454	0.935005
0.4	0.732191	0.582215	-0.353444	-0.625357	0.780272	-0.01017	0.269861	0.228475	0.9354
0.433333	0.730275	0.5856	-0.351813	-0.628938	0.777369	-0.011569	0.266714	0.229717	0.935999
0.466667	0.729137	0.588345	-0.349584	-0.63182	0.774998	-0.0134938	0.262988	0.230713	0.936808
0.5	0.72847	0.590324	-0.347633	-0.633884	0.773279	-0.0151882	0.259851	0.231423	0.937508
0.533333	0.727857	0.592451	-0.345292	-0.636087	0.771425	-0.0172292	0.25616	0.232176	0.938337
0.566667	0.727935	0.593828	-0.342753	-0.637482	0.77022	-0.0194507	0.252445	0.232658	0.939224
0.6	0.727355	0.595602	-0.340899	-0.639306	0.768663	-0.0210774	0.249483	0.23327	0.939864
0.633333	0.725624	0.598035	-0.340328	-0.64186	0.766518	-0.0215808	0.247962	0.234103	0.940059
0.666667	0.724178	0.600044	-0.339872	-0.643968	0.764736	-0.0219853	0.24672	0.234788	0.940215
0.7	0.723536	0.601196	-0.339202	-0.645164	0.76371	-0.0225815	0.245477	0.23518	0.940442
0.733333	0.724541	0.601018	-0.337368	-0.644917	0.763869	-0.0242155	0.243151	0.235119	0.941061
0.766667	0.726103	0.600308	-0.335267	-0.644096	0.7645	-0.0260825	0.240654	0.234883	0.941762
0.8	0.726969	0.600254	-0.333483	-0.643973	0.764548	-0.0276638	0.238359	0.234865	0.94235
0.833333	0.727514	0.599994	-0.332761	-0.643672	0.764778	-0.0283034	0.237506	0.23478	0.942586
0.866667	0.727809	0.599239	-0.333476	-0.642905	0.765446	-0.027671	0.238676	0.234533	0.942352
0.9	0.72778	0.598606	-0.334674	-0.642284	0.766004	-0.0266135	0.24043	0.234324	0.941958
0.933333	0.727241	0.598105	-0.336735	-0.641829	0.766447	-0.0247939	0.24326	0.234158	0.941273
0.966667	0.727379	0.596752	-0.338832	-0.640471	0.76764	-0.022946	0.246407	0.233702	0.940567
1	0.727365	0.595795	-0.340542	-0.639513	0.768481	-0.021441	0.248926	0.233376	0.939985
1.03333	0.727517	0.59486	-0.341847	-0.638562	0.769302	-0.0202942	0.250912	0.233055	0.939536
1.06667	0.72782	0.593746	-0.343138	-0.637418	0.77028	-0.0191626	0.252934	0.232669	0.93909
1.1	0.728615	0.592473	-0.34365	-0.636084	0.771393	-0.0187146	0.254001	0.232226	0.938911
1.13333	0.729142	0.591491	-0.344223	-0.635059	0.772249	-0.0182146	0.255052	0.231883	0.938711
1.16667	0.730163	0.59038	-0.343967	-0.633875	0.773215	-0.0184377	0.255075	0.231494	0.938801
1.2	0.730235	0.58998	-0.344501	-0.633465	0.773562	-0.0179741	0.255888	0.231355	0.938614
1.23333	0.729772	0.589323	-0.346599	-0.632818	0.774132	-0.016154	0.258794	0.231123	0.937874
1.26667	0.728265	0.589094	-0.350141	-0.632645	0.774331	-0.0130794	0.26342	0.231041	0.936606
1.3	0.725693	0.589777	-0.354307	-0.633437	0.773736	-0.00945227	0.268565	0.23129	0.935082
1.33333	0.723736	0.590272	-0.35747	-0.634001	0.773303	-0.00668582	0.272486	0.231475	0.933901
1.36667	0.723424	0.589972	-0.358596	-0.63369	0.773567	-0.00569909	0.274036	0.231362	0.933475
1.4	0.724887	0.588597	-0.3579	-0.632214	0.774768	-0.00630764	0.273577	0.230842	0.933739
1.43333	0.727985	0.586637	-0.354818	-0.630088	0.776471	-0.00898531	0.270235	0.230108	0.934892
1.46667	0.731188	0.585422	-0.350206	-0.628726	0.777519	-0.0129634	0.264703	0.229662	0.936583
1.5	0.733841	0.584954	-0.345407	-0.628129	0.777921	-0.0170796	0.258709	0.229494	0.938297
1.53333	0.736041	0.584324	-0.341773	-0.627371	0.778459	-0.0201839	0.254262	0.229274	0.939566
1.56667	0.737554	0.583969	-0.339108	-0.626918	0.778761	-0.0224516	0.250973	0.229152	0.940479
1.6	0.738397	0.584121	-0.337004	-0.627012	0.778632	-0.024239	0.248244	0.229204	0.941191
1.63333	0.739285	0.583724	-0.335745	-0.626551	0.778969	-0.0253073	0.246762	0.229071	0.941613
1.66667	0.740495	0.582475	-0.335246	-0.625218	0.780026	-0.025729	0.246514	0.228654	0.941779
1.7	0.741701	0.581114	-0.334941	-0.623774	0.781173	-0.025986	0.246546	0.228202	0.941881
1.73333	0.742835	0.579865	-0.334594	-0.622446	0.782221	-0.0262776	0.246489	0.227787	0.941996
1.76667	0.743827	0.578394	-0.334936	-0.620909	0.783452	-0.0259913	0.247373	0.227298	0.941882
1.8	0.744282	0.576865	-0.336559	-0.619353	0.784726	-0.0246385	0.249894	0.226787	0.94134
1.83333	0.744044	0.576559	-0.337605	-0.619065	0.78498	-0.0237678	0.25131	0.226684	0.940988
1.86667	0.74349	0.576495	-0.338934	-0.619039	0.785033	-0.0226616	0.25301	0.226662	0.940537
1.9	0.742711	0.576902	-0.339949	-0.619498	0.784695	-0.021816	0.25417	0.226801	0.940191
1.93333	0.742022	0.577078	-0.341152	-0.619719	0.784548	-0.0208111	0.255641	0.226861	0.939778
1.96667	0.741568	0.577106	-0.34209	-0.619775	0.784524	-0.0200276	0.25682	0.226871	0.939454
2	0.741119	0.577256	-0.342808	-0.619952	0.784399	-0.019427	0.257684	0.226922	0.939205
2.03333	0.741116	0.577141	-0.343009	-0.619836	0.784495	-0.0192592	0.257974	0.226882	0.939135
2.06667	0.741427	0.576905	-0.342733	-0.619579	0.784692	-0.0194902	0.257696	0.226801	0.939231
2.1	0.741987	0.576461	-0.342268	-0.619097	0.785063	-0.0198782	0.257243	0.226646	0.939392
2.13333	0.742328	0.57643	-0.34158	-0.619045	0.785089	-0.020452	0.256382	0.226636	0.93963
2.16667	0.742932	0.575831	-0.341278	-0.618404	0.785588	-0.0207039	0.256182	0.226429	0.939734
2.2	0.743866	0.574957	-0.340716	-0.617464	0.786314	-0.0211713	0.255737	0.226128	0.939928
2.23333	0.745038	0.573901	-0.339935	-0.616325	0.787189	-0.0218178	0.255072	0.225766	0.940196
2.26667	0.746547	0.572553	-0.338895	-0.614871	0.788302	-0.022677	0.254168	0.225306	0.940551
2.3	0.748471	0.570668	-0.33783	-0.612847	0.78985	-0.0235513	0.253395	0.224666	0.940912
2.33333	0.750801	0.568325	-0.336608	-0.610336	0.791762	-0.0245482	0.252562	0.223875	0.941325
2.36667	0.753124	0.566195	-0.335003	-0.608037	0.793487	-0.0258482	0.251185	0.223161	0.941863
2.4	0.755954	0.563252	-0.333588	-0.604888	0.795853	-0.0269848	0.250287	0.222182	0.942333
2.43333	0.757662	0.561841	-0.332088	-0.603349	0.796979	-0.0281812	0.248834	0.221717	0.942827
2.46667	0.757554	0.56222	-0.331693	-0.603732	0.796678	-0.0284957	0.248232	0.221841	0.942957
2.5	0.755782	0.564381	-0.332067	-0.606019	0.79495	-0.0281971	0.248063	0.22255	0.942834
2.53333	0.753757	0.565451	-0.334835	-0.607245	0.79409	-0.0259712	0.251204	0.222903	0.941919
2.56667	0.751936	0.565833	-0.338267	-0.60776	0.793782	-0.0232017	0.255382	0.223031	0.940764
2.6	0.750276	0.565781	-0.342019	-0.607813	0.793824	-0.0201663	0.260093	0.223014	0.939477
2.63333	0.748025	0.566474	-0.345784	-0.608641	0.793261	-0.0171107	0.264604	0.223257	0.938158
2.66667	0.744693	0.568254	-0.350029	-0.610619	0.791807	-0.013644	0.269402	0.223895	0.93664
2.7	0.738966	0.572758	-0.354792	-0.61549	0.788085	-0.00970842	0.274045	0.225545	0.934895
2.73333	0.733133	0.577992	-0.358387	-0.621118	0.783688	-0.00668752	0.276998	0.227504	0.933549
2.76667	0.732495	0.579214	-0.357719	-0.622418	0.782652	-0.00725475	0.275767	0.227964	0.933801
2.8	0.742928	0.572048	-0.347592	-0.61463	0.788658	-0.0157523	0.26512	0.225343	0.937514
2.83333	0.762719	0.558378	-0.326303	-0.599523	0.79968	-0.0329265	0.242552	0.22074	0.944692
2.86667	0.781537	0.54687	-0.300222	-0.586087	0.808517	-0.0529447	0.213781	0.217334	0.952399
2.9	0.792227	0.542526	-0.279358	-0.580005	0.811737	-0.0683964	0.189658	0.216214	0.957748
2.93333	0.795873	0.542595	-0.268657	-0.5791	0.811687	-0.0762042	0.176717	0.216228	0.960217
2.96667	0.796718	0.542176	-0.266991	-0.578513	0.811991	-0.0774145	0.174822	0.216135	0.960584
3	0.79525	0.541467	-0.272747	-0.578333	0.812507	-0.0732324	0.181956	0.215977	0.959295
3.03333	0.789869	0.541723	-0.287479	-0.579856	0.81232	-0.0624673	0.199685	0.216037	0.955748
3.06667	0.77916	0.543915	-0.311555	-0.583768	0.810694	-0.0446134	0.22831	0.216637	0.94918
3.1	0.760238	0.551447	-0.343432	-0.593015	0.804937	-0.0202445	0.265277	0.219051	0.938959
3.13333	0.734588	0.562181	-0.379912	-0.604784	0.796339	0.00900112	0.307599	0.223153	0.924979
3.16667	0.70769	0.573536	-0.412592	-0.616206	0.78673	0.0366835	0.345638	0.228281	0.910177
3.2	0.678668	0.586848	-0.44161	-0.629112	0.774777	0.0627644	0.378982	0.235226	0.895009
3.23333	0.640261	0.607099	-0.470634	-0.649209	0.755156	0.0909228	0.410601	0.247326	0.877631
3.26667	0.599451	0.629097	-0.494869	-0.671524	0.731726	0.116761	0.435563	0.262323	0.861088
3.3	0.569757	0.644216	-0.510257	-0.686913	0.714159	0.134637	0.45114	0.273791	0.849418
3.33333	0.559776	0.650113	-0.513812	-0.69347	0.706953	0.138983	0.453596	0.278514	0.84657
3.36667	0.569387	0.647208	-0.506872	-0.691481	0.710515	0.130468	0.444581	0.276206	0.852091
3.4	0.589209	0.642336	-0.490139	-0.688957	0.716323	0.110541	0.422103	0.272553	0.864606
3.43333	0.613975	0.635956	-0.467541	-0.684978	0.723616	0.0847588	0.392223	0.268216	0.879898
3.46667	0.641223	0.628178	-0.44071	-0.678954	0.732071	0.0556144	0.357567	0.263561	0.895925
3.5	0.666491	0.6223	-0.410527	-0.674195	0.738151	0.0243745	0.318199	0.26053	0.911523
3.53333	0.679983	0.626915	-0.380264	-0.679653	0.733508	-0.00606384	0.275125	0.262571	0.924858
3.56667	0.672013	0.651955	-0.351217	-0.705448	0.707856	-0.0358189	0.225258	0.271836	0.935609
3.6	0.646117	0.690889	-0.324354	-0.743934	0.665051	-0.0653374	0.170571	0.283513	0.943677
3.63333	0.622288	0.722416	-0.301451	-0.773203	0.627343	-0.0927261	0.122126	0.290785	0.948962
3.66667	0.61389	0.738401	-0.279111	-0.785305	0.607194	-0.120876	0.0802196	0.293392	0.95262
3.7	0.618263	0.742259	-0.258461	-0.784599	0.602282	-0.147174	0.0464255	0.29378	0.954745
3.73333	0.65115	0.721735	-0.23474	-0.75868	0.627241	-0.175993	0.0202178	0.29269	0.955994
3.76667	0.702496	0.680992	-0.206756	-0.711685	0.67153	-0.206281	-0.00163316	0.292057	0.956399
3.8	0.747766	0.635719	-0.191592	-0.663954	0.714504	-0.220564	-0.00332377	0.292138	0.95637
3.83333	0.773843	0.601422	-0.198641	-0.6331	0.74376	-0.214489	0.0187429	0.29174	0.956314
3.86667	0.777801	0.584905	-0.230027	-0.625282	0.757169	-0.18899	0.0636283	0.290828	0.954657
3.9	0.767596	0.57987	-0.273032	-0.629874	0.761277	-0.154001	0.118552	0.290187	0.949598
3.93333	0.749321	0.579174	-0.321054	-0.63764	0.761884	-0.113794	0.178699	0.289985	0.9402
3.96667	0.720658	0.581321	-0.377781	-0.646709	0.760035	-0.064142	0.24984	0.290539	0.92367
4	0.677217	0.591186	-0.438038	-0.660447	0.750833	-0.00772456	0.324326	0.294532	0.898924
4.03333	0.622991	0.606699	-0.49376	-0.676364	0.734896	0.0496034	0.392956	0.303059	0.868182
4.06667	0.566109	0.624591	-0.537965	-0.692559	0.714319	0.100551	0.447082	0.31565	0.836949
4.1	0.508548	0.643968	-0.571563	-0.710157	0.689058	0.144485	0.486884	0.332422	0.807737
4.13333	0.457828	0.661668	-0.593792	-0.727428	0.662781	0.177679	0.511119	0.350594	0.784755
4.16667	0.4313	0.670646	-0.603502	-0.736537	0.648047	0.193772	0.52105	0.360927	0.773458
4.2	0.42209	0.675094	-0.605053	-0.742513	0.64036	0.196505	0.520111	0.366316	0.771555
4.23333	0.442642	0.670104	-0.595843	-0.739112	0.648894	0.180694	0.507722	0.360412	0.78251
4.26667	0.482213	0.658484	-0.577814	-0.729031	0.667362	0.152125	0.485783	0.347888	0.801866
4.3	0.523572	0.6495	-0.551382	-0.723957	0.680363	0.113989	0.449176	0.339495	0.826429
4.33333	0.565468	0.643672	-0.515687	-0.722551	0.688104	0.066578	0.397701	0.334963	0.854186
4.36667	0.605951	0.640114	-0.472312	-0.721309	0.692489	0.013113	0.335464	0.332737	0.881334
4.4	0.63641	0.643056	-0.425982	-0.72353	0.689093	-0.0406959	0.267372	0.33411	0.903816
4.43333	0.658682	0.651291	-0.376773	-0.727054	0.679857	-0.095846	0.193728	0.337067	0.921333
4.46667	0.672593	0.663823	-0.327045	-0.73054	0.666109	-0.150369	0.118029	0.340056	0.932969
4.5	0.676978	0.679108	-0.283748	-0.734288	0.649494	-0.19743	0.0502163	0.342008	0.938354
4.53333	0.67866	0.692708	-0.244082	-0.734361	0.634752	-0.240426	-0.0116135	0.342412	0.939478
4.56667	0.689386	0.692406	-0.212887	-0.722356	0.635062	-0.273674	-0.0542965	0.342447	0.937967
4.6	0.726179	0.660588	-0.19049	-0.684086	0.666681	-0.295909	-0.0684783	0.345195	0.93603
4.63333	0.770784	0.609149	-0.186625	-0.635179	0.712047	-0.299226	-0.049387	0.349179	0.935754
4.66667	0.796982	0.565479	-0.212257	-0.604002	0.746593	-0.278891	0.000762673	0.350475	0.936572
4.7	0.792884	0.546924	-0.26872	-0.604694	0.760706	-0.235947	0.0753721	0.349572	0.933873
4.73333	0.762145	0.549231	-0.342754	-0.626623	0.758882	-0.177318	0.162722	0.34992	0.922539
4.76667	0.713595	0.558492	-0.422929	-0.651581	0.750876	-0.107834	0.257343	0.352522	0.899724
4.8	0.647751	0.571242	-0.504085	-0.673668	0.738473	-0.0288101	0.355795	0.358247	0.863174
4.83333	0.558339	0.596239	-0.576851	-0.702271	0.70986	0.053983	0.44167	0.374965	0.815064
4.86667	0.487101	0.625561	-0.609431	-0.736699	0.669086	0.0979726	0.469049	0.401245	0.786763
4.9	0.501932	0.638834	-0.583056	-0.759157	0.648415	0.0569143	0.414421	0.414064	0.810436
4.93333	0.552109	0.644122	-0.529417	-0.767685	0.640472	-0.0213512	0.325324	0.418214	0.848093
4.96667	0.6001	0.644684	-0.473563	-0.762655	0.639705	-0.0955768	0.241324	0.418521	0.875559
5	0.64249	0.637435	-0.425305	-0.745411	0.648574	-0.153997	0.177679	0.415968	0.891853
5.03333	0.677617	0.623499	-0.389979	-0.722249	0.664104	-0.193189	0.138534	0.41257	0.90033
5.06667	0.7033	0.602332	-0.377578	-0.697981	0.685846	-0.206006	0.134876	0.408426	0.902772
5.1	0.722608	0.573921	-0.385296	-0.672354	0.713003	-0.198915	0.160555	0.402793	0.901099
5.13333	0.738546	0.542698	-0.400037	-0.645231	0.741012	-0.185951	0.195517	0.39545	0.897437
5.16667	0.76053	0.514181	-0.3965	-0.615735	0.76493	-0.189086	0.20607	0.387945	0.898351
5.2	0.78436	0.497552	-0.370433	-0.592411	0.777917	-0.209511	0.183924	0.383781	0.904922
5.23333	0.798484	0.500431	-0.334652	-0.58516	0.775782	-0.236113	0.141459	0.384358	0.912282
5.26667	0.803423	0.517664	-0.294168	-0.589033	0.763147	-0.265796	0.0868997	0.386821	0.918051
5.3	0.795488	0.544738	-0.265442	-0.604598	0.742939	-0.287233	0.04074	0.388976	0.920347
5.33333	0.779589	0.576715	-0.244213	-0.626291	0.717953	-0.303813	0.000119871	0.389798	0.9209
5.36667	0.767801	0.604627	-0.211913	-0.638547	0.695146	-0.330196	-0.0523354	0.388841	0.919817
5.4	0.761714	0.623563	-0.175956	-0.639333	0.67933	-0.360228	-0.105093	0.386885	0.91612
5.43333	0.772464	0.618466	-0.144219	-0.619361	0.683508	-0.386276	-0.140324	0.387708	0.911039
5.46667	0.794484	0.594005	-0.126307	-0.588743	0.702379	-0.400057	-0.148921	0.392202	0.907745
5.5	0.816601	0.562689	-0.128622	-0.562155	0.724766	-0.398368	-0.130936	0.397613	0.908163
5.53333	0.83333	0.532371	-0.148801	-0.544727	0.745117	-0.384803	-0.0939842	0.401723	0.910926
5.56667	0.836484	0.512678	-0.193534	-0.546835	0.757998	-0.355542	-0.0355806	0.403236	0.914404
5.6	0.822053	0.506438	-0.260288	-0.567928	0.762212	-0.31063	0.0410797	0.403179	0.914199
5.63333	0.791687	0.505593	-0.342941	-0.595883	0.762859	-0.250938	0.134743	0.403017	0.905219
5.66667	0.744777	0.508541	-0.43208	-0.623781	0.760581	-0.18004	0.237074	0.403613	0.883681
5.7	0.67496	0.521239	-0.522243	-0.654951	0.749195	-0.0987206	0.339805	0.408676	0.847063
5.73333	0.5817	0.545918	-0.602992	-0.691059	0.722692	-0.0123687	0.429025	0.423898	0.797651
5.76667	0.520155	0.57108	-0.635065	-0.7232	0.690063	0.0281938	0.454335	0.444614	0.771944
5.8	0.546416	0.582033	-0.602218	-0.738039	0.674525	-0.0177354	0.395889	0.454152	0.798134
5.83333	0.601926	0.583946	-0.544695	-0.734977	0.671827	-0.0919611	0.312241	0.455692	0.833577
