0	0	1	0	0	0	-1	-1	0	0
0.0333333	0.988524	-0.141893	0.0518266	0.148297	0.97687	-0.154057	-0.0287681	0.159975	0.986702
0.0666667	0.99409	-0.101304	0.0390131	0.101423	0.994843	-0.00108307	-0.0387022	0.00503352	0.999238
0.1	0.99529	-0.0894349	0.037396	0.0870934	0.994383	0.0601487	-0.0425653	-0.0566085	0.997489
0.133333	0.995831	-0.083126	0.0375623	0.0795802	0.992966	0.0876645	-0.0445853	-0.0843098	0.995442
0.166667	0.996158	-0.0784879	0.0388468	0.0742721	0.9922	0.100111	-0.0464013	-0.0968415	0.994218
0.2	0.996405	-0.0749103	0.0395612	0.0704074	0.991974	0.105023	-0.047111	-0.10186	0.993683
0.233333	0.996514	-0.0726	0.0411023	0.0677576	0.991734	0.10896	-0.0486731	-0.105795	0.993196
0.266667	0.996598	-0.070702	0.0423497	0.0656442	0.991672	0.1108	-0.0498309	-0.107643	0.99294
0.3	0.996631	-0.0694756	0.0435814	0.0642973	0.991774	0.110677	-0.0509122	-0.107502	0.9929
0.333333	0.996662	-0.0681465	0.0449477	0.0627887	0.991789	0.111413	-0.0521711	-0.108219	0.992757
0.366667	0.996764	-0.0658235	0.0461468	0.060291	0.991826	0.112458	-0.0531719	-0.109312	0.992584
0.4	0.996845	-0.0634777	0.0476556	0.0577009	0.991791	0.114107	-0.0545077	-0.110998	0.992325
0.433333	0.996856	-0.0621851	0.0491066	0.056305	0.991977	0.113187	-0.0557511	-0.110066	0.992359
0.466667	0.996906	-0.0608157	0.0498068	0.0549711	0.992264	0.111314	-0.0561912	-0.108232	0.992536
0.5	0.996916	-0.0597535	0.0508717	0.0537533	0.992242	0.112096	-0.0571752	-0.109016	0.992394
0.533333	0.996921	-0.0585204	0.052187	0.0522226	0.992014	0.114805	-0.0584886	-0.111726	0.992016
0.566667	0.996963	-0.0574573	0.0525776	0.0510855	0.992004	0.115401	-0.0587878	-0.112365	0.991927
0.6	0.996909	-0.0573341	0.0537226	0.0509812	0.992291	0.11296	-0.0597849	-0.109872	0.992146
0.633333	0.996904	-0.0568631	0.0542999	0.0505458	0.992494	0.111361	-0.0602247	-0.108272	0.992295
0.666667	0.996884	-0.0566786	0.0548695	0.0502561	0.992427	0.112083	-0.0608067	-0.108976	0.992183
0.7	0.996752	-0.0578346	0.0560481	0.051203	0.992242	0.113283	-0.062165	-0.110046	0.991981
0.733333	0.996414	-0.061126	0.0585069	0.0543961	0.992396	0.110417	-0.0648114	-0.106838	0.992162
0.766667	0.996001	-0.0641936	0.0621403	0.0573155	0.992631	0.106763	-0.0685359	-0.102774	0.992341
0.8	0.995622	-0.0671252	0.0650394	0.060189	0.992828	0.103295	-0.0715066	-0.0989281	0.992522
0.833333	0.995267	-0.0715415	0.0657747	0.0646695	0.992757	0.101253	-0.0725421	-0.0965205	0.992684
0.866667	0.995085	-0.0748903	0.0647798	0.0678884	0.992231	0.104256	-0.0720843	-0.0993456	0.992439
0.9	0.995189	-0.0744755	0.0636578	0.0670163	0.991422	0.112207	-0.0714685	-0.107401	0.991644
0.933333	0.995322	-0.0739305	0.0622036	0.0664251	0.991129	0.115112	-0.0701621	-0.110442	0.991403
0.966667	0.995399	-0.0752867	0.0592616	0.0684996	0.991652	0.109241	-0.0669913	-0.104679	0.992247
1	0.995421	-0.0781873	0.0549883	0.0723299	0.992206	0.101464	-0.0624929	-0.0970217	0.993318
1.03333	0.995446	-0.0812526	0.0498554	0.076123	0.992335	0.0973503	-0.0573832	-0.0931118	0.994001
1.06667	0.995364	-0.0855682	0.0439184	0.0811819	0.992308	0.0934586	-0.0515776	-0.0894599	0.994654
1.1	0.995141	-0.0915962	0.0361179	0.0881247	0.992198	0.0881852	-0.0439136	-0.0845739	0.995449
1.13333	0.994572	-0.100753	0.0259777	0.098117	0.991268	0.0880907	-0.0346263	-0.0850638	0.995774
1.16667	0.99396	-0.108986	0.0128475	0.107541	0.990659	0.0838395	-0.0218648	-0.0819515	0.996396
1.2	0.993372	-0.114807	-0.00557559	0.11491	0.990778	0.0718012	-0.0027191	-0.071966	0.997403
1.23333	0.991242	-0.129408	-0.026325	0.130938	0.98902	0.0685159	0.0171694	-0.0713628	0.997303
1.26667	0.988131	-0.146789	-0.0452781	0.150371	0.984544	0.0897868	0.0313985	-0.0955296	0.994931
1.3	0.983546	-0.168565	-0.0649787	0.174384	0.979814	0.0977505	0.0471897	-0.107473	0.993087
1.33333	0.979422	-0.184088	-0.0827313	0.192503	0.975229	0.108954	0.0606247	-0.122638	0.990598
1.36667	0.974576	-0.197273	-0.106227	0.210194	0.969165	0.128597	0.0775832	-0.147656	0.985991
1.4	0.968017	-0.209842	-0.137513	0.228911	0.963065	0.141793	0.102679	-0.168736	0.980298
1.43333	0.960048	-0.218401	-0.174956	0.246019	0.956667	0.155767	0.133355	-0.192586	0.972176
1.46667	0.949713	-0.229296	-0.213234	0.26829	0.947018	0.176572	0.161449	-0.224901	0.960913
1.5	0.938464	-0.239084	-0.249246	0.291429	0.935457	0.199973	0.185349	-0.260305	0.947569
1.53333	0.930022	-0.242285	-0.276328	0.308438	0.923405	0.228449	0.199813	-0.297692	0.933517
1.56667	0.921834	-0.249251	-0.29681	0.323094	0.91717	0.233259	0.214085	-0.310923	0.92601
1.6	0.9211	-0.246953	-0.30098	0.32593	0.911961	0.249194	0.212942	-0.327631	0.920496
1.63333	0.924326	-0.257007	-0.28208	0.328389	0.912237	0.244918	0.194378	-0.319016	0.927602
1.66667	0.925915	-0.288244	-0.244126	0.339573	0.918251	0.203728	0.165446	-0.271534	0.948102
1.7	0.92764	-0.320826	-0.191191	0.351727	0.922609	0.158371	0.125585	-0.214158	0.968692
1.73333	0.929292	-0.345534	-0.130471	0.36184	0.922567	0.133946	0.074085	-0.171684	0.982362
1.76667	0.930309	-0.360025	-0.0700537	0.366046	0.923412	0.115414	0.0231364	-0.133014	0.990844
1.8	0.929486	-0.368768	-0.00810744	0.367857	0.925127	0.0939209	-0.0271346	-0.0902806	0.995547
1.83333	0.920891	-0.384671	0.0631538	0.381259	0.922534	0.0597688	-0.0812528	-0.0309626	0.996212
1.86667	0.906498	-0.402974	0.125985	0.399482	0.915208	0.052988	-0.136656	0.0022953	0.990616
1.9	0.887029	-0.427259	0.17501	0.423564	0.903885	0.059878	-0.183772	0.0210144	0.982744
1.93333	0.858291	-0.460051	0.227354	0.459568	0.886224	0.0583464	-0.228329	0.0544065	0.972063
1.96667	0.81343	-0.506388	0.286186	0.512076	0.856801	0.060574	-0.275879	0.0972765	0.956257
2	0.754577	-0.569055	0.326787	0.574379	0.813577	0.0904467	-0.317336	0.119451	0.94076
2.03333	0.690122	-0.633569	0.349747	0.64431	0.75797	0.101712	-0.329539	0.155151	0.931307
2.06667	0.639836	-0.68475	0.348894	0.695853	0.70889	0.115166	-0.326188	0.169092	0.930059
2.1	0.62234	-0.700387	0.349501	0.71011	0.693025	0.124339	-0.329298	0.170803	0.928649
2.13333	0.666669	-0.66876	0.32911	0.685525	0.723476	0.0814749	-0.29259	0.171296	0.94077
2.16667	0.762415	-0.58073	0.28544	0.604583	0.796522	0.00567922	-0.230657	0.168242	0.95838
2.2	0.86943	-0.443258	0.218207	0.464751	0.883616	-0.0568208	-0.167625	0.150813	0.974247
2.23333	0.941405	-0.310248	0.132295	0.323863	0.941042	-0.0977339	-0.0941736	0.134853	0.98638
2.26667	0.981338	-0.186201	0.0480039	0.190485	0.975467	-0.110365	-0.0262762	0.117449	0.992731
2.3	0.995376	-0.0889075	-0.0363625	0.084331	0.990085	-0.112339	0.0459897	0.108753	0.993004
2.33333	0.991448	-0.0521863	-0.119615	0.0388368	0.993024	-0.111337	0.124591	0.105739	0.986558
2.36667	0.976219	-0.0725393	-0.20429	0.0563079	0.994858	-0.0841817	0.209346	0.0706766	0.975284
2.4	0.954832	-0.104992	-0.27798	0.10481	0.994371	-0.015559	0.278049	-0.014279	0.960461
2.43333	0.935045	-0.140251	-0.325609	0.167494	0.984221	0.0570514	0.31247	-0.107883	0.943782
2.46667	0.921703	-0.176774	-0.345275	0.22752	0.967297	0.112123	0.314163	-0.181901	0.93178
2.5	0.926026	-0.182364	-0.330482	0.248722	0.953389	0.170841	0.283923	-0.240402	0.928221
2.53333	0.936973	-0.194758	-0.290088	0.254019	0.949762	0.182827	0.239907	-0.244992	0.939374
2.56667	0.952573	-0.185583	-0.241171	0.23634	0.950411	0.202143	0.191698	-0.249554	0.949197
2.6	0.965931	-0.172115	-0.193269	0.209886	0.957893	0.195932	0.151408	-0.229822	0.961383
2.63333	0.979174	-0.148824	-0.138095	0.168073	0.975759	0.140162	0.113888	-0.160453	0.980451
2.66667	0.990862	-0.125987	-0.0481644	0.129746	0.987889	0.0850988	0.0368597	-0.0905703	0.995208
2.7	0.988015	-0.140329	0.0643043	0.136235	0.988596	0.0641726	-0.0725763	-0.054643	0.995865
2.73333	0.965399	-0.199833	0.167547	0.195129	0.979779	0.0442525	-0.173002	-0.0100279	0.98487
2.76667	0.919983	-0.297213	0.25553	0.300756	0.953345	0.0260481	-0.25135	0.0528883	0.96645
2.8	0.850783	-0.416406	0.320585	0.42468	0.904107	0.0473055	-0.309541	0.0958991	0.946038
2.83333	0.761253	-0.539763	0.359375	0.546818	0.832221	0.0916462	-0.348546	0.126747	0.928682
2.86667	0.667314	-0.648726	0.36585	0.640798	0.750449	0.161875	-0.379564	0.126415	0.916488
2.9	0.584109	-0.724132	0.366674	0.701639	0.677581	0.220424	-0.408067	0.128521	0.903861
2.93333	0.536846	-0.745837	0.394365	0.731179	0.64451	0.223573	-0.420921	0.168327	0.891343
2.96667	0.583791	-0.706283	0.40044	0.710453	0.683122	0.169118	-0.392994	0.185764	0.900582
3	0.700669	-0.608826	0.372013	0.638217	0.767912	0.0546905	-0.31897	0.199105	0.926615
3.03333	0.819604	-0.475626	0.31942	0.519956	0.851636	-0.0660499	-0.240615	0.220219	0.945308
3.06667	0.912384	-0.336234	0.233457	0.375343	0.914763	-0.14942	-0.163317	0.223955	0.960818
3.1	0.970181	-0.209723	0.12151	0.229456	0.956215	-0.181667	-0.07809	0.204131	0.975824
3.13333	0.994147	-0.107773	0.00749804	0.107566	0.981008	-0.16141	0.0100401	0.161272	0.986859
3.16667	0.992357	-0.0691348	-0.102219	0.0560159	0.990439	-0.126064	0.109957	0.119375	0.986742
3.2	0.975608	-0.0914995	-0.199542	0.0839375	0.995406	-0.0460509	0.202839	0.0281786	0.978807
3.23333	0.953653	-0.125342	-0.273561	0.142749	0.988754	0.044601	0.264894	-0.0815844	0.96082
3.26667	0.932155	-0.159627	-0.324972	0.20598	0.971963	0.113406	0.297758	-0.17265	0.9389
3.3	0.91514	-0.194697	-0.353005	0.257144	0.956296	0.139192	0.310477	-0.218153	0.92521
3.33333	0.912001	-0.222951	-0.344306	0.282456	0.950015	0.133002	0.297443	-0.218549	0.929389
3.36667	0.920688	-0.23788	-0.309428	0.29064	0.94701	0.136748	0.260502	-0.215835	0.941039
3.4	0.937876	-0.232949	-0.257143	0.280186	0.94561	0.165282	0.204655	-0.227062	0.952134
3.43333	0.95107	-0.226555	-0.210095	0.263149	0.950277	0.166513	0.161924	-0.213652	0.963397
3.46667	0.967178	-0.208953	-0.144589	0.229404	0.962737	0.143219	0.109275	-0.171688	0.979072
3.5	0.977794	-0.205499	-0.0410937	0.208544	0.973482	0.0940282	0.0206813	-0.10051	0.994721
3.53333	0.972162	-0.216097	0.0905736	0.212061	0.975864	0.0521482	-0.0996566	-0.0314893	0.994523
3.56667	0.943249	-0.251229	0.217177	0.244422	0.967926	0.0581117	-0.224811	-0.00173107	0.974401
3.6	0.888558	-0.33189	0.316723	0.325253	0.942626	0.0752762	-0.323535	0.0361279	0.945526
3.63333	0.809474	-0.431774	0.397898	0.437004	0.895635	0.0828571	-0.392147	0.106813	0.91368
3.66667	0.707726	-0.537188	0.45886	0.551587	0.825979	0.116231	-0.441447	0.170841	0.880873
