0	0	1	0	0	0	-1	-1	0	0
0.0333333	0.992579	0.120096	-0.0190604	-0.121246	0.965522	-0.23036	-0.00926218	0.230962	0.972919
0.0666667	0.988932	0.146939	-0.0205555	-0.145589	0.934342	-0.325282	-0.0285908	0.324674	0.945394
0.1	0.987219	0.158822	-0.0132097	-0.15463	0.934498	-0.32063	-0.0385785	0.318574	0.947113
0.133333	0.985808	0.167797	-0.00510207	-0.161794	0.941557	-0.295453	-0.0447722	0.292086	0.955344
0.166667	0.984869	0.173291	0.00159877	-0.166349	0.947919	-0.27162	-0.0485849	0.267244	0.962403
0.2	0.984265	0.176544	0.00742313	-0.169008	0.952845	-0.252036	-0.0515686	0.246816	0.967689
0.233333	0.983829	0.178673	0.01251	-0.170767	0.95678	-0.235395	-0.0540281	0.229453	0.971819
0.266667	0.983479	0.180281	0.0163834	-0.172153	0.959431	-0.223284	-0.0559726	0.216775	0.974616
0.3	0.983282	0.181078	0.0191381	-0.172857	0.96131	-0.214483	-0.0572359	0.20759	0.97654
0.333333	0.9833	0.180741	0.0213049	-0.172422	0.962652	-0.20874	-0.058237	0.201581	0.977739
0.366667	0.983306	0.180515	0.0228851	-0.17218	0.963746	-0.203833	-0.0588502	0.19649	0.978738
0.4	0.983278	0.180539	0.0238752	-0.172264	0.96461	-0.199631	-0.0590714	0.19218	0.97958
0.433333	0.983351	0.17999	0.0250069	-0.17164	0.965166	-0.19747	-0.0596784	0.18989	0.97999
0.466667	0.983542	0.178761	0.0262715	-0.170213	0.965485	-0.197145	-0.0606066	0.189429	0.980022
0.5	0.983699	0.177816	0.0267763	-0.169241	0.965824	-0.196322	-0.0607705	0.18859	0.980174
0.533333	0.983774	0.177393	0.0268431	-0.168769	0.965763	-0.197025	-0.0608749	0.189298	0.980031
0.566667	0.983988	0.176148	0.0272062	-0.167363	0.96563	-0.198869	-0.0613014	0.191131	0.979648
0.6	0.984121	0.175335	0.0276423	-0.166568	0.966048	-0.197502	-0.0613328	0.189762	0.979913
0.633333	0.984182	0.17489	0.0282685	-0.166047	0.966251	-0.196943	-0.0617578	0.189134	0.980007
0.666667	0.984215	0.174619	0.0287875	-0.165588	0.966027	-0.198424	-0.0624582	0.190525	0.979693
0.7	0.984116	0.175166	0.0288631	-0.166033	0.965701	-0.199635	-0.0628425	0.191672	0.979445
0.733333	0.983728	0.177319	0.0289288	-0.168239	0.965656	-0.198002	-0.0630448	0.189913	0.979775
0.766667	0.9832	0.180268	0.0286548	-0.171232	0.965277	-0.197281	-0.0632232	0.18906	0.979928
0.8	0.982471	0.184237	0.0284035	-0.174867	0.963647	-0.202006	-0.0645878	0.193498	0.978972
0.833333	0.981697	0.188611	0.0263861	-0.178464	0.959421	-0.218317	-0.0664925	0.209612	0.975521
0.866667	0.980054	0.197116	0.0252931	-0.186255	0.955439	-0.229008	-0.0693073	0.219729	0.973096
0.9	0.977366	0.210145	0.0243934	-0.198682	0.951377	-0.235389	-0.0726731	0.225215	0.971595
0.933333	0.974297	0.223891	0.0248503	-0.211811	0.948065	-0.237295	-0.076688	0.225933	0.97112
0.966667	0.97148	0.235666	0.0262214	-0.222239	0.943486	-0.245852	-0.0826784	0.233013	0.968953
1	0.968862	0.245816	0.0296942	-0.230352	0.938833	-0.255988	-0.0908039	0.241177	0.966224
1.03333	0.965995	0.25595	0.0366623	-0.238116	0.935882	-0.259664	-0.100773	0.242104	0.965003
1.06667	0.962554	0.267173	0.0459078	-0.24661	0.933314	-0.260977	-0.112572	0.239883	0.964253
1.1	0.958868	0.278744	0.0536035	-0.254544	0.927963	-0.272197	-0.125616	0.247357	0.960747
1.13333	0.954323	0.292296	0.0618989	-0.263701	0.921407	-0.285429	-0.140464	0.256069	0.956399
1.16667	0.948743	0.308078	0.0705285	-0.274657	0.914107	-0.298283	-0.156365	0.263623	0.951868
1.2	0.942587	0.325591	0.0743028	-0.287754	0.904729	-0.314107	-0.169494	0.274692	0.946476
1.23333	0.93517	0.345552	0.0777855	-0.303218	0.894532	-0.328437	-0.183074	0.283558	0.941317
1.26667	0.926717	0.367714	0.0773425	-0.322516	0.883994	-0.338436	-0.192818	0.28869	0.937806
1.3	0.919325	0.385942	0.0767493	-0.335212	0.870263	-0.360938	-0.206093	0.306092	0.929426
1.33333	0.912716	0.402224	0.0718746	-0.347433	0.856568	-0.381552	-0.215034	0.323277	0.921549
1.36667	0.904615	0.420586	0.0691368	-0.36218	0.844016	-0.395554	-0.224717	0.332784	0.915837
1.4	0.899223	0.433129	0.0616192	-0.373899	0.833986	-0.405792	-0.22715	0.341858	0.911886
1.43333	0.893339	0.445527	0.0587535	-0.387042	0.829239	-0.403189	-0.228352	0.337444	0.913229
1.46667	0.889835	0.453415	0.0510744	-0.397792	0.825724	-0.399926	-0.223506	0.335551	0.915123
1.5	0.884426	0.464733	0.042591	-0.410902	0.818735	-0.40104	-0.221247	0.33719	0.91507
1.53333	0.870713	0.490723	0.0323827	-0.440833	0.807988	-0.390923	-0.218	0.326107	0.919853
1.56667	0.85268	0.521939	0.0227517	-0.47211	0.788461	-0.39426	-0.223718	0.325436	0.918717
1.6	0.849748	0.527189	-0.000850877	-0.486713	0.783884	-0.385534	-0.202582	0.328021	0.922693
1.63333	0.856219	0.515822	-0.0285834	-0.488517	0.790413	-0.369592	-0.168051	0.330415	0.928754
1.66667	0.870721	0.48981	-0.0439523	-0.474481	0.813239	-0.336912	-0.129279	0.314211	0.94051
1.7	0.888551	0.455691	-0.0531237	-0.45151	0.848065	-0.277354	-0.0813355	0.270429	0.959298
1.73333	0.906722	0.413976	-0.0804895	-0.420945	0.876776	-0.232528	-0.0256899	0.24472	0.969253
1.76667	0.918252	0.377258	-0.120373	-0.395251	0.891794	-0.220182	0.024283	0.24976	0.968003
1.8	0.926115	0.341315	-0.160673	-0.370344	0.90367	-0.215001	0.071812	0.25862	0.963306
1.83333	0.928995	0.311295	-0.200157	-0.349696	0.915405	-0.199365	0.121164	0.255203	0.959266
1.86667	0.923886	0.28985	-0.249843	-0.339413	0.922224	-0.185207	0.176729	0.25591	0.950409
1.9	0.914107	0.265406	-0.306543	-0.333835	0.921717	-0.197464	0.230138	0.282838	0.931149
1.93333	0.899405	0.243573	-0.362965	-0.336938	0.915298	-0.220688	0.278467	0.320784	0.905292
1.96667	0.874702	0.245491	-0.417887	-0.359834	0.906557	-0.220623	0.324677	0.343349	0.881304
2	0.839517	0.275401	-0.468365	-0.403062	0.893729	-0.196949	0.364352	0.354122	0.861305
2.03333	0.805891	0.313878	-0.502017	-0.454553	0.871313	-0.184921	0.379371	0.377219	0.844857
2.06667	0.790461	0.340089	-0.509423	-0.490117	0.850012	-0.193039	0.367365	0.402266	0.838585
2.1	0.802676	0.344963	-0.48653	-0.488791	0.847923	-0.205207	0.341751	0.402526	0.849222
2.13333	0.836675	0.33306	-0.434793	-0.458434	0.860243	-0.223205	0.299687	0.386074	0.87243
2.16667	0.873099	0.335149	-0.354082	-0.42519	0.878797	-0.216632	0.238562	0.339694	0.909778
2.2	0.910657	0.327374	-0.252052	-0.378526	0.905585	-0.1914	0.165595	0.269708	0.948597
2.23333	0.942536	0.305594	-0.135051	-0.32491	0.932556	-0.157392	0.0778448	0.192227	0.978258
2.26667	0.956127	0.292744	-0.0110296	-0.291862	0.948651	-0.121974	-0.0252441	0.119842	0.992472
2.3	0.949187	0.298186	0.100643	-0.28853	0.952226	-0.100076	-0.125676	0.0659519	0.989877
2.33333	0.927328	0.328576	0.179164	-0.314117	0.943596	-0.104674	-0.203452	0.0407889	0.978235
2.36667	0.890602	0.395116	0.225192	-0.375694	0.918235	-0.125295	-0.256285	0.0269851	0.966225
2.4	0.843244	0.480802	0.240352	-0.452503	0.876291	-0.165392	-0.290139	0.0307061	0.956492
2.43333	0.793991	0.563247	0.22876	-0.526215	0.825186	-0.205341	-0.304428	0.0426621	0.95158
2.46667	0.760032	0.617367	0.203	-0.575365	0.784448	-0.231509	-0.302169	0.0591551	0.951417
2.5	0.740156	0.651356	0.167046	-0.600047	0.751897	-0.273122	-0.303501	0.101917	0.947365
2.53333	0.723615	0.672851	0.153794	-0.612944	0.728897	-0.304975	-0.317302	0.126418	0.93986
2.56667	0.75135	0.642644	0.149938	-0.588346	0.75526	-0.288846	-0.298867	0.128809	0.945561
2.6	0.81381	0.562754	0.144985	-0.525835	0.819304	-0.228557	-0.247408	0.109764	0.962674
2.63333	0.873357	0.468887	0.131883	-0.455178	0.882047	-0.121677	-0.17338	0.046237	0.983769
2.66667	0.915946	0.390057	0.0943312	-0.391171	0.92029	-0.00715662	-0.0896036	-0.0303445	0.995515
2.7	0.943047	0.331388	0.0290634	-0.3326	0.940931	0.0634572	-0.00631773	-0.0695096	0.997561
2.73333	0.952842	0.295695	-0.0682374	-0.293134	0.955005	0.0451334	0.0785128	-0.0230023	0.996648
2.76667	0.945351	0.275659	-0.174136	-0.282766	0.95904	-0.0169123	0.162341	0.0652278	0.984576
2.8	0.923143	0.266683	-0.276924	-0.298848	0.9509	-0.0804963	0.24186	0.157068	0.957514
2.83333	0.888419	0.273486	-0.368668	-0.338418	0.932855	-0.123511	0.310136	0.234493	0.921319
2.86667	0.851292	0.279993	-0.443741	-0.381053	0.911294	-0.156019	0.360694	0.301907	0.882469
2.9	0.831115	0.268968	-0.486728	-0.3984	0.898627	-0.183705	0.387976	0.346592	0.854019
2.93333	0.830783	0.275727	-0.483501	-0.40958	0.891053	-0.195625	0.376886	0.360555	0.853204
2.96667	0.850867	0.279641	-0.444777	-0.405192	0.888171	-0.216728	0.334432	0.364627	0.869024
3	0.88506	0.275321	-0.375323	-0.381139	0.89152	-0.244795	0.267211	0.359708	0.893985
3.03333	0.920671	0.263727	-0.287773	-0.331778	0.917111	-0.220979	0.205642	0.298926	0.931856
3.06667	0.954462	0.243934	-0.171754	-0.273338	0.94571	-0.175837	0.119537	0.214776	0.96932
3.1	0.971088	0.236394	-0.0332454	-0.238712	0.960414	-0.143605	-0.00201812	0.14739	0.989076
3.13333	0.961101	0.25727	0.100486	-0.247363	0.963623	-0.101207	-0.122868	0.0724139	0.989778
3.16667	0.925588	0.312686	0.21334	-0.304678	0.949857	-0.0703124	-0.224628	8.04033e-05	0.974445
3.2	0.869513	0.40785	0.278578	-0.39404	0.912889	-0.106609	-0.297791	-0.0170732	0.954478
3.23333	0.800441	0.531321	0.277474	-0.491749	0.846773	-0.202874	-0.342749	0.0259409	0.939069
3.26667	0.729839	0.64286	0.23252	-0.576627	0.761608	-0.295729	-0.367201	0.0817573	0.926541
3.3	0.665552	0.725943	0.173342	-0.63309	0.672116	-0.384	-0.395268	0.145831	0.906916
3.33333	0.620721	0.772812	0.132164	-0.660761	0.606376	-0.442384	-0.42202	0.187268	0.887034
3.36667	0.650608	0.750018	0.119091	-0.63943	0.625636	-0.446888	-0.409682	0.214598	0.886628
3.4	0.73189	0.668059	0.134291	-0.581633	0.715134	-0.387667	-0.355021	0.205622	0.911965
3.43333	0.816156	0.556667	0.154954	-0.500117	0.814839	-0.293121	-0.289433	0.161737	0.943435
3.46667	0.8817	0.448237	0.14727	-0.420184	0.88796	-0.187008	-0.214594	0.103004	0.971257
3.5	0.928493	0.357214	0.101484	-0.347428	0.932113	-0.102271	-0.131127	0.0596997	0.989566
3.53333	0.954957	0.295654	0.0254264	-0.293713	0.95394	-0.0610841	-0.042315	0.0508646	0.997809
3.56667	0.966217	0.249503	-0.064594	-0.253028	0.965967	-0.0537034	0.0489965	0.0682333	0.996466
3.6	0.962954	0.222817	-0.151898	-0.237117	0.967894	-0.0834069	0.128437	0.116335	0.984871
3.63333	0.948943	0.219464	-0.22659	-0.25164	0.959816	-0.124219	0.190223	0.174896	0.966037
3.66667	0.931326	0.22389	-0.287238	-0.277455	0.947086	-0.161392	0.235905	0.230004	0.944165
