0	-0.185501	0.176351	0.713241	0.998621	0.00935498	-0.0516493	-0.00353664	0.993746	0.111612	0.0523704	-0.111276	0.992409
0.0333333	0.160516	0.949418	-1.97519	0.09205	0.99568	-0.0121873	-0.993413	0.0926655	0.0674099	0.068248	0.0059019	0.997651
0.0666667	0.158395	0.949769	-1.97451	0.0510489	0.998419	0.0235259	-0.998695	0.0510055	0.00244339	0.00123958	-0.02362	0.99972
0.1	0.157067	0.949929	-1.97367	0.0367928	0.998665	0.0362563	-0.999314	0.0369248	-0.00297789	-0.00431268	-0.0361219	0.999338
0.133333	0.156483	0.949956	-1.97303	0.0291883	0.998588	0.04439	-0.999565	0.0293439	-0.00285799	-0.00415653	-0.0442873	0.99901
0.166667	0.156371	0.949925	-1.9726	0.0249545	0.998475	0.0492453	-0.99968	0.0251297	-0.00294206	-0.00417509	-0.0491561	0.998782
0.2	0.156565	0.949841	-1.97236	0.0226964	0.998416	0.0514742	-0.999731	0.0229067	-0.00349826	-0.00467182	-0.0513809	0.998668
0.233333	0.156991	0.949847	-1.97202	0.0209899	0.998335	0.0537321	-0.999769	0.021211	-0.00354872	-0.00468252	-0.0536451	0.998549
0.266667	0.157466	0.949791	-1.97171	0.0201361	0.998274	0.055173	-0.999783	0.020399	-0.00420647	-0.00532468	-0.0550763	0.998468
0.3	0.15796	0.949778	-1.97104	0.0187126	0.998136	0.058084	-0.99981	0.0189932	-0.00428234	-0.00537756	-0.0579929	0.998303
0.333333	0.158564	0.949752	-1.97078	0.0182597	0.998142	0.0581365	-0.999812	0.018608	-0.00545531	-0.00652697	-0.058026	0.998294
0.366667	0.159126	0.949647	-1.97051	0.0181215	0.998198	0.0572031	-0.999801	0.0185698	-0.00731617	-0.00836524	-0.0570591	0.998336
0.4	0.159769	0.949676	-1.97009	0.0178603	0.998196	0.05732	-0.999799	0.0183509	-0.00804326	-0.00908062	-0.0571648	0.998323
0.433333	0.160191	0.949562	-1.96963	0.0172971	0.998221	0.0570605	-0.9998	0.0178385	-0.00899264	-0.00999451	-0.0568936	0.99833
0.466667	0.160632	0.949459	-1.96929	0.0171624	0.998324	0.0552772	-0.999788	0.0177641	-0.010412	-0.0113765	-0.0550868	0.998417
0.5	0.161049	0.949384	-1.96879	0.016562	0.998359	0.0548166	-0.999788	0.0172077	-0.0113282	-0.0122529	-0.0546173	0.998432
0.533333	0.161339	0.949233	-1.96834	0.0158585	0.998435	0.0536264	-0.999788	0.0165393	-0.0122757	-0.0131434	-0.0534203	0.998486
0.566667	0.161832	0.949238	-1.96799	0.0157861	0.998533	0.0517961	-0.999778	0.016487	-0.0131331	-0.0139678	-0.0515773	0.998571
0.6	0.162315	0.949122	-1.96763	0.0157224	0.998623	0.0500413	-0.999756	0.0164779	-0.0147218	-0.0155261	-0.0497977	0.998639
0.633333	0.162812	0.949006	-1.96724	0.0154857	0.998693	0.0487078	-0.99974	0.0162801	-0.015955	-0.0167272	-0.0484481	0.998686
0.666667	0.163332	0.948848	-1.96677	0.0155292	0.998748	0.0475609	-0.999716	0.0163688	-0.0173147	-0.0180715	-0.0472785	0.998718
0.7	0.163949	0.948774	-1.96626	0.0151542	0.998745	0.0477405	-0.999705	0.0160393	-0.018212	-0.0189548	-0.0474504	0.998694
0.733333	0.164568	0.948651	-1.96592	0.0152119	0.998797	0.0466205	-0.999677	0.0161424	-0.0196498	-0.0203788	-0.0463065	0.998719
0.766667	0.165053	0.948503	-1.9652	0.0151065	0.998836	0.045798	-0.99966	0.0160609	-0.0205433	-0.0212549	-0.0454721	0.998739
0.8	0.165724	0.948478	-1.96451	0.0146026	0.998789	0.0469778	-0.999664	0.0155899	-0.02072	-0.0214273	-0.0466594	0.998681
0.833333	0.1664	0.948394	-1.96388	0.0144721	0.998793	0.0469432	-0.999653	0.0154862	-0.0213119	-0.0220132	-0.0466184	0.99867
0.866667	0.167172	0.948325	-1.96339	0.0143954	0.998763	0.0475968	-0.999635	0.0154629	-0.0221374	-0.022846	-0.0472607	0.998621
0.9	0.167727	0.948204	-1.9628	0.0146303	0.998847	0.045732	-0.999604	0.0157099	-0.0233383	-0.0240298	-0.0453725	0.998681
0.933333	0.168416	0.948189	-1.96229	0.0144245	0.998816	0.0464506	-0.999584	0.0155646	-0.0242773	-0.0249715	-0.0460811	0.998626
0.966667	0.16908	0.948106	-1.96134	0.0140298	0.998771	0.0475284	-0.999587	0.0152023	-0.0243981	-0.0250907	-0.0471664	0.998572
1	0.169766	0.948028	-1.96077	0.0138792	0.998767	0.0476567	-0.999573	0.0150848	-0.0250322	-0.0257202	-0.0472889	0.99855
1.03333	0.17045	0.947942	-1.96011	0.0142302	0.998779	0.0473147	-0.999555	0.0154507	-0.0255302	-0.0262301	-0.0469303	0.998554
1.06667	0.171089	0.947902	-1.95944	0.0143329	0.99875	0.0478923	-0.999546	0.0155805	-0.0257794	-0.0264934	-0.0475011	0.99852
1.1	0.171652	0.947867	-1.95873	0.014115	0.998741	0.0481309	-0.999541	0.0153844	-0.0261059	-0.0268135	-0.0477403	0.9985
1.13333	0.172111	0.947803	-1.95807	0.013982	0.998767	0.0476285	-0.999534	0.0152544	-0.0264586	-0.0271525	-0.0472363	0.998515
1.16667	0.172501	0.947675	-1.95745	0.0139967	0.998793	0.0470825	-0.999507	0.0152995	-0.0274255	-0.0281128	-0.0466754	0.998514
1.2	0.172937	0.947702	-1.95678	0.0140625	0.998806	0.0467928	-0.999498	0.0153699	-0.0276999	-0.028386	-0.0463798	0.99852
1.23333	0.173187	0.947559	-1.95621	0.0141077	0.998852	0.0457682	-0.999466	0.0154358	-0.028796	-0.0294695	-0.0453375	0.998537
1.26667	0.173456	0.947464	-1.95559	0.0143604	0.998878	0.0451183	-0.999444	0.015697	-0.0294116	-0.0300869	-0.0446709	0.998549
1.3	0.173772	0.947447	-1.95492	0.0139934	0.998909	0.0445552	-0.999447	0.0153173	-0.0295127	-0.030163	-0.0441176	0.998571
1.33333	0.173983	0.947291	-1.95444	0.0137701	0.998955	0.0435822	-0.999411	0.0151206	-0.03081	-0.0314368	-0.0431323	0.998575
1.36667	0.174192	0.947256	-1.95378	0.0138383	0.998985	0.0428767	-0.999398	0.0151833	-0.0312026	-0.0318219	-0.0424191	0.998593
1.4	0.174408	0.947194	-1.9532	0.0134609	0.999012	0.0423498	-0.999384	0.0148146	-0.0318148	-0.0324107	-0.0418955	0.998596
1.43333	0.174645	0.947071	-1.95274	0.013478	0.999068	0.0410074	-0.999353	0.0148271	-0.0327739	-0.0333513	-0.0405391	0.998621
1.46667	0.174991	0.947036	-1.95206	0.0130862	0.999053	0.0414954	-0.999348	0.0144642	-0.0330837	-0.0336526	-0.0410354	0.998591
1.5	0.175341	0.946934	-1.95152	0.0129741	0.999067	0.041194	-0.999323	0.0143737	-0.0338651	-0.0344256	-0.0407268	0.998577
1.53333	0.17551	0.946748	-1.95106	0.0125691	0.999112	0.0402104	-0.999281	0.0139897	-0.0352442	-0.0357755	-0.0397385	0.998569
1.56667	0.175997	0.946667	-1.95039	0.0121675	0.999108	0.0404474	-0.999273	0.0136113	-0.0356142	-0.036133	-0.0399847	0.998547
1.6	0.176431	0.946561	-1.94972	0.0117602	0.999124	0.0401494	-0.999263	0.0132104	-0.0360493	-0.0365481	-0.0396958	0.998543
1.63333	0.176941	0.946405	-1.94914	0.0109508	0.999142	0.0399415	-0.999231	0.012438	-0.037177	-0.0376419	-0.0395037	0.99851
1.66667	0.177523	0.946278	-1.9485	0.0104501	0.999168	0.0394207	-0.999196	0.0119601	-0.0382654	-0.038705	-0.0389892	0.99849
1.7	0.178139	0.946112	-1.94776	0.00989773	0.999226	0.0380766	-0.999154	0.0114024	-0.0395035	-0.0399071	-0.0376534	0.998494
1.73333	0.178882	0.945942	-1.947	0.0093042	0.999256	0.0374372	-0.999097	0.010842	-0.0410852	-0.0414605	-0.0370211	0.998454
1.76667	0.179667	0.94575	-1.9461	0.0085195	0.999318	0.0359344	-0.999038	0.0100517	-0.042677	-0.0430091	-0.0355362	0.998442
1.8	0.180694	0.945542	-1.94517	0.00765518	0.999337	0.0355838	-0.998985	0.00922242	-0.0440904	-0.0443893	-0.0352101	0.998394
1.83333	0.181854	0.945306	-1.94406	0.00675707	0.999378	0.0346207	-0.998923	0.00833553	-0.0456534	-0.0459136	-0.0342749	0.998357
1.86667	0.183158	0.945063	-1.94275	0.00609488	0.999429	0.0332448	-0.99887	0.00765153	-0.0468995	-0.0471271	-0.0329214	0.998346
1.9	0.18466	0.944788	-1.9414	0.00506397	0.999456	0.032582	-0.998796	0.00664519	-0.0486067	-0.0487967	-0.0322966	0.998286
1.93333	0.186391	0.944413	-1.9399	0.00431801	0.999482	0.0318899	-0.998713	0.0059218	-0.0503697	-0.0505324	-0.0316314	0.998221
1.96667	0.188236	0.94407	-1.93826	0.00302136	0.99952	0.0308467	-0.99863	0.00462739	-0.0521273	-0.052245	-0.0306469	0.998164
2	0.190469	0.943652	-1.93658	0.00154247	0.999498	0.0316548	-0.998547	0.00324461	-0.0537912	-0.0538669	-0.0315258	0.99805
2.03333	0.192935	0.943098	-1.93458	0.000589817	0.999508	0.0313535	-0.998478	0.00231795	-0.05511	-0.0551556	-0.0312733	0.997988
2.06667	0.195732	0.942421	-1.93242	-2.90766e-05	0.999494	0.031808	-0.998431	0.00175233	-0.0559757	-0.0560031	-0.0317597	0.997925
2.1	0.198955	0.941666	-1.9301	0.000497999	0.999455	0.032998	-0.998418	0.00235224	-0.0561776	-0.0562246	-0.0329179	0.997875
2.13333	0.202499	0.940751	-1.92767	0.000915416	0.99938	0.0351845	-0.998456	0.00286779	-0.0554795	-0.055546	-0.0350793	0.99784
2.16667	0.206313	0.939633	-1.92511	0.00195548	0.999311	0.0370507	-0.99849	0.0039851	-0.0547851	-0.054895	-0.0368877	0.997811
2.2	0.210299	0.938454	-1.92266	0.00348622	0.999236	0.0389361	-0.998505	0.0056024	-0.0543737	-0.0545503	-0.0386884	0.997761
2.23333	0.214585	0.937519	-1.92032	0.00502422	0.999095	0.0422468	-0.998574	0.00725841	-0.0528983	-0.0531571	-0.0419208	0.997706
2.26667	0.218751	0.936684	-1.91804	0.00449429	0.999012	0.0442185	-0.998647	0.00677445	-0.0515518	-0.0518004	-0.043927	0.997691
2.3	0.222831	0.936029	-1.91622	0.00309157	0.99902	0.0441507	-0.998672	0.00535522	-0.0512451	-0.0514313	-0.0439337	0.99771
2.33333	0.226229	0.93522	-1.91451	0.00155752	0.999103	0.0423126	-0.998636	0.00376259	-0.0520843	-0.0521968	-0.0421738	0.997746
2.36667	0.228895	0.934515	-1.91228	-0.000285536	0.999262	0.0384073	-0.998614	0.0017365	-0.0526035	-0.0526314	-0.0383691	0.997877
2.4	0.230606	0.933891	-1.90936	-0.00456926	0.999438	0.0332228	-0.998507	-0.00275128	-0.0545619	-0.0544398	-0.0334225	0.997958
2.43333	0.231664	0.933688	-1.90547	-0.0121006	0.999523	0.0284007	-0.998386	-0.010501	-0.0558128	-0.0554879	-0.0290303	0.998037
2.46667	0.232017	0.933694	-1.90097	-0.0218806	0.999483	0.0235534	-0.998243	-0.0205436	-0.0555854	-0.0550728	-0.0247283	0.998176
2.5	0.23198	0.933685	-1.89598	-0.0311506	0.999329	0.0192507	-0.998017	-0.0300443	-0.0553076	-0.0546921	-0.0209354	0.998284
2.53333	0.231463	0.933533	-1.89085	-0.0394755	0.999107	0.0150931	-0.997677	-0.0385707	-0.0561518	-0.0555195	-0.0172747	0.998308
2.56667	0.230436	0.933234	-1.88561	-0.0478145	0.998801	0.0104812	-0.997242	-0.0471382	-0.0573318	-0.056769	-0.0131936	0.9983
2.6	0.228966	0.932571	-1.88024	-0.0554076	0.998454	0.00433052	-0.996733	-0.0550558	-0.0590955	-0.0587658	-0.00759072	0.998243
2.63333	0.227067	0.931603	-1.87493	-0.0612269	0.998119	-0.00324141	-0.996181	-0.06131	-0.0621652	-0.062247	-0.000577155	0.998061
2.66667	0.225026	0.930498	-1.86931	-0.0636075	0.997906	-0.0117571	-0.995674	-0.064256	-0.0671174	-0.0677323	0.0074371	0.997676
2.7	0.222612	0.929375	-1.86332	-0.0651848	0.997671	-0.0201118	-0.995085	-0.066495	-0.0733756	-0.074542	0.01523	0.997102
2.73333	0.220084	0.928202	-1.85644	-0.066526	0.997421	-0.0269532	-0.994513	-0.0684694	-0.0790911	-0.0807326	0.0215437	0.996503
2.76667	0.217341	0.926904	-1.84829	-0.0684367	0.997163	-0.0313319	-0.993973	-0.0708463	-0.0836575	-0.0856399	0.0254179	0.996002
2.8	0.214386	0.925493	-1.83864	-0.0717069	0.996935	-0.0312946	-0.99341	-0.0741957	-0.0873605	-0.0894146	0.024824	0.995685
2.83333	0.211092	0.923865	-1.82745	-0.074735	0.996855	-0.0263674	-0.992954	-0.076829	-0.0902209	-0.0919629	0.019439	0.995573
2.86667	0.207427	0.921919	-1.81463	-0.0762168	0.996934	-0.0177147	-0.992725	-0.0775319	-0.0921217	-0.0932127	0.0105646	0.99559
2.9	0.203134	0.91974	-1.80037	-0.0785935	0.996877	-0.00769615	-0.992473	-0.0789689	-0.0936034	-0.0939189	0.000281594	0.99558
2.93333	0.198079	0.91896	-1.78613	-0.0909422	0.995846	-0.00441069	-0.991153	-0.0909418	-0.0966716	-0.0966712	-0.00441986	0.995307
2.96667	0.192282	0.919493	-1.77168	-0.102201	0.994752	-0.00483419	-0.989652	-0.102166	-0.100752	-0.100717	-0.00551278	0.9949
3	0.186153	0.920697	-1.75683	-0.107829	0.994166	-0.00278237	-0.988906	-0.107545	-0.102468	-0.102169	-0.00829749	0.994732
3.03333	0.180149	0.922018	-1.74114	-0.111461	0.993755	0.00523967	-0.988265	-0.110288	-0.105683	-0.104445	-0.0169577	0.994386
3.06667	0.173704	0.923578	-1.72503	-0.117706	0.992953	0.013804	-0.987078	-0.115465	-0.111106	-0.108729	-0.0267035	0.993713
3.1	0.166798	0.925282	-1.70872	-0.122948	0.992167	0.0220795	-0.986188	-0.119659	-0.114517	-0.110978	-0.0358542	0.993176
3.13333	0.159839	0.926855	-1.69241	-0.124478	0.991809	0.0286536	-0.986066	-0.120442	-0.114747	-0.110356	-0.0425379	0.992981
3.16667	0.153293	0.928103	-1.67614	-0.125638	0.991474	0.0345685	-0.986012	-0.120947	-0.114683	-0.109524	-0.0484935	0.992801
3.2	0.146995	0.928826	-1.65992	-0.126347	0.991244	0.0383663	-0.986221	-0.121356	-0.11243	-0.10679	-0.0520429	0.992919
3.23333	0.141236	0.929101	-1.64525	-0.123256	0.991772	0.0345937	-0.986843	-0.118818	-0.109649	-0.104637	-0.0476535	0.993368
3.26667	0.136305	0.929416	-1.6309	-0.12047	0.992012	0.0374118	-0.987492	-0.115889	-0.106909	-0.101719	-0.0498231	0.993565
3.3	0.132331	0.929876	-1.61782	-0.114913	0.992438	0.0431517	-0.988387	-0.10988	-0.104966	-0.0994307	-0.0547125	0.993539
3.33333	0.129002	0.930397	-1.60568	-0.106877	0.992955	0.0511553	-0.989694	-0.101312	-0.101197	-0.0953011	-0.0614437	0.99355
3.36667	0.126284	0.930956	-1.59409	-0.0959622	0.993736	0.0572672	-0.991205	-0.0901342	-0.0968898	-0.0911212	-0.0660613	0.993646
3.4	0.124023	0.931685	-1.58299	-0.0812358	0.994823	0.0610648	-0.992705	-0.0752821	-0.0941755	-0.0890908	-0.0682698	0.993681
3.43333	0.122167	0.932537	-1.57222	-0.0651084	0.995874	0.0632094	-0.994116	-0.0592373	-0.0906896	-0.0865711	-0.0687421	0.993871
3.46667	0.120632	0.933243	-1.56174	-0.0496959	0.99665	0.0649484	-0.995317	-0.0440212	-0.0860586	-0.0829112	-0.068921	0.994171
3.5	0.119487	0.933668	-1.5513	-0.0361822	0.997021	0.0681113	-0.996223	-0.0306017	-0.0812645	-0.0789381	-0.0707944	0.994363
3.53333	0.118639	0.933888	-1.54109	-0.0240212	0.997151	0.0715006	-0.996863	-0.0184965	-0.0769506	-0.0754089	-0.0731248	0.994468
3.56667	0.11814	0.933934	-1.53081	-0.0120892	0.997175	0.0741288	-0.997361	-0.00671764	-0.0722883	-0.0715861	-0.0748071	0.994625
3.6	0.118075	0.933881	-1.52046	0.000746256	0.99717	0.0751808	-0.997718	0.00581856	-0.0672717	-0.0675187	-0.074959	0.994898
3.63333	0.118601	0.933654	-1.51018	0.0143444	0.996934	0.0769209	-0.997851	0.0191912	-0.0626463	-0.0639304	-0.075857	0.995067
3.66667	0.119709	0.933234	-1.50004	0.0272625	0.996381	0.080514	-0.997775	0.0320256	-0.0584723	-0.0608392	-0.0787408	0.995037
3.7	0.121192	0.932603	-1.49005	0.0392394	0.995653	0.084468	-0.997495	0.0440109	-0.055387	-0.0588638	-0.082083	0.994886
3.73333	0.122978	0.931716	-1.48024	0.0504337	0.994792	0.088576	-0.996988	0.0553793	-0.0542935	-0.058916	-0.085571	0.994589
3.76667	0.125014	0.930669	-1.47048	0.060975	0.993763	0.0933704	-0.99632	0.0662426	-0.0543938	-0.0602396	-0.0897102	0.994144
3.8	0.127227	0.929467	-1.46068	0.0708225	0.99264	0.0982354	-0.995546	0.0764854	-0.0551268	-0.0622347	-0.0938936	0.993635
3.83333	0.129469	0.92814	-1.45042	0.079281	0.99167	0.101513	-0.994789	0.0852546	-0.0559206	-0.0641092	-0.0965502	0.993261
3.86667	0.131804	0.926737	-1.43938	0.0857973	0.991013	0.102628	-0.994138	0.0919571	-0.0568692	-0.0657955	-0.0971472	0.993093
3.9	0.13425	0.925285	-1.42748	0.0904926	0.990843	0.100206	-0.993611	0.0966402	-0.0582877	-0.0674378	-0.0942909	0.993258
3.93333	0.136903	0.923908	-1.41471	0.0917661	0.991187	0.0955347	-0.993356	0.0978107	-0.0606298	-0.0694397	-0.0893362	0.993578
3.96667	0.139885	0.922648	-1.40079	0.0911804	0.991822	0.089303	-0.993216	0.0970733	-0.0640242	-0.0721696	-0.0828594	0.993945
4	0.143201	0.921434	-1.38555	0.0884961	0.992817	0.080511	-0.993246	0.0940447	-0.0679514	-0.075035	-0.0739538	0.994435
4.03333	0.14704	0.92042	-1.36929	0.0879245	0.99372	0.0692077	-0.99299	0.0929452	-0.0730167	-0.0789907	-0.0623026	0.994927
4.06667	0.151438	0.920402	-1.35275	0.0940206	0.993839	0.0586905	-0.99181	0.0986212	-0.081153	-0.0864411	-0.0505798	0.994972
4.1	0.155836	0.921302	-1.33593	0.102291	0.993549	0.0489563	-0.990465	0.106292	-0.0876459	-0.0922842	-0.0395242	0.994948
4.13333	0.160618	0.922674	-1.31908	0.107753	0.993346	0.0406479	-0.989623	0.111079	-0.0911516	-0.0950602	-0.0304042	0.995007
4.16667	0.165478	0.924092	-1.30183	0.111373	0.993339	0.0295645	-0.989208	0.113661	-0.0924607	-0.0952052	-0.0189478	0.995277
4.2	0.17083	0.925388	-1.28435	0.114762	0.993214	0.0188494	-0.988784	0.116034	-0.0940307	-0.0955798	-0.0078469	0.995391
4.23333	0.176613	0.926371	-1.26702	0.11722	0.993039	0.011542	-0.988479	0.117787	-0.0950603	-0.0957581	-0.000265981	0.995405
4.26667	0.182502	0.926986	-1.25022	0.119371	0.992821	0.00749958	-0.988279	0.119542	-0.0949467	-0.0951616	0.00392215	0.995454
4.3	0.188156	0.927177	-1.23403	0.120357	0.992711	0.00623087	-0.98837	0.120413	-0.092869	-0.0929424	0.00501901	0.995659
4.33333	0.19337	0.927062	-1.21877	0.120411	0.992702	0.00659946	-0.988526	0.12051	-0.0910715	-0.0912022	0.00444225	0.995822
4.36667	0.197793	0.926802	-1.20469	0.119719	0.992797	0.00466649	-0.988688	0.119649	-0.0904483	-0.0903551	0.00621468	0.99589
4.4	0.201245	0.926529	-1.19168	0.11565	0.993289	-0.00129858	-0.989281	0.115065	-0.0899065	-0.0891537	0.0116823	0.995949
4.43333	0.20429	0.926418	-1.17902	0.107375	0.994192	-0.00729112	-0.990482	0.106333	-0.0874014	-0.0861185	0.0166064	0.996146
4.46667	0.206937	0.926492	-1.16645	0.0953159	0.995409	-0.00875196	-0.99202	0.0942551	-0.0837435	-0.082534	0.0166642	0.996449
4.5	0.209176	0.926727	-1.15406	0.0801767	0.996759	-0.0066156	-0.993622	0.079393	-0.0800714	-0.0792866	0.0129933	0.996767
4.53333	0.210921	0.927024	-1.14156	0.0633249	0.997987	-0.00345183	-0.995254	0.0628947	-0.0742569	-0.0738903	0.00813775	0.997233
4.56667	0.212236	0.927139	-1.12908	0.0472536	0.998882	-0.00092465	-0.996583	0.047082	-0.0678622	-0.0677429	0.00412823	0.997694
4.6	0.213087	0.927044	-1.11668	0.0315543	0.999501	0.00115103	-0.997558	0.0315647	-0.0622974	-0.0623027	0.000817535	0.998057
4.63333	0.213347	0.926775	-1.10426	0.0161192	0.999866	0.00272667	-0.998247	0.0162483	-0.0569089	-0.0569456	-0.00180457	0.998376
4.66667	0.212754	0.926325	-1.09178	0.00120461	0.999992	0.00378986	-0.998664	0.00139877	-0.0516542	-0.0516591	-0.00372258	0.998658
4.7	0.211235	0.925631	-1.07945	-0.0136639	0.999899	0.00397985	-0.998735	-0.0134551	-0.0484423	-0.0483839	-0.00463672	0.998818
4.73333	0.208922	0.924766	-1.06728	-0.0264305	0.999645	0.00334133	-0.998574	-0.0262468	-0.0464799	-0.0463757	-0.00456506	0.998914
4.76667	0.20597	0.923611	-1.05558	-0.0343251	0.999411	-0.000617477	-0.998278	-0.0343156	-0.0475797	-0.0475729	-0.00101677	0.998867
4.8	0.202636	0.922119	-1.04394	-0.040608	0.999155	-0.00634572	-0.997848	-0.0408805	-0.0512626	-0.0514787	0.00425039	0.998665
4.83333	0.199359	0.920189	-1.0321	-0.045428	0.998883	-0.0130107	-0.997334	-0.0460943	-0.0565621	-0.0570986	0.0104065	0.998314
4.86667	0.196142	0.917959	-1.01959	-0.0488887	0.998599	-0.0202548	-0.996744	-0.0500797	-0.063197	-0.0641228	0.0170992	0.997796
4.9	0.192897	0.915666	-1.00573	-0.0510335	0.998385	-0.0249768	-0.99621	-0.0526545	-0.0692355	-0.0704388	0.0213488	0.997288
4.93333	0.189827	0.913543	-0.989925	-0.0524539	0.998388	-0.0216646	-0.995884	-0.0539034	-0.0728599	-0.0739103	0.0177537	0.997107
4.96667	0.186862	0.911601	-0.972013	-0.0534079	0.998525	-0.00979273	-0.995723	-0.0539933	-0.0749753	-0.0753935	0.00574656	0.997137
5	0.18375	0.909704	-0.952276	-0.0549618	0.998464	0.00697286	-0.995593	-0.0542696	-0.0764825	-0.0759866	-0.0111457	0.997047
5.03333	0.179812	0.909171	-0.932687	-0.0669205	0.997618	0.0167159	-0.994611	-0.0653704	-0.0804715	-0.0791871	-0.022011	0.996617
5.06667	0.175444	0.910102	-0.913114	-0.0788371	0.996649	0.0218152	-0.993127	-0.076622	-0.0884719	-0.0865039	-0.0286401	0.99584
5.1	0.170516	0.911964	-0.893438	-0.0871119	0.995854	0.0261979	-0.99218	-0.084371	-0.0919756	-0.089384	-0.0340052	0.995417
5.13333	0.165456	0.913679	-0.873463	-0.0919549	0.995222	0.0328328	-0.991591	-0.0885047	-0.0944115	-0.0910546	-0.0412384	0.994992
5.16667	0.160342	0.915072	-0.853268	-0.0978724	0.994367	0.0406817	-0.990866	-0.0935543	-0.0971204	-0.0927674	-0.0498155	0.994441
5.2	0.155189	0.916082	-0.833838	-0.104169	0.993517	0.0455327	-0.990176	-0.0993079	-0.0984338	-0.0932739	-0.0553392	0.994101
5.23333	0.15068	0.916888	-0.815757	-0.106632	0.993224	0.0462204	-0.989948	-0.101706	-0.0982825	-0.0929156	-0.0562359	0.994085
5.26667	0.146899	0.917632	-0.798666	-0.107461	0.993082	0.0473327	-0.98989	-0.10244	-0.0981048	-0.0925774	-0.0573966	0.99405
5.3	0.144204	0.918237	-0.782917	-0.105343	0.993201	0.0495377	-0.990144	-0.100135	-0.0979222	-0.092296	-0.0593649	0.99396
5.33333	0.142128	0.918641	-0.768303	-0.101892	0.993324	0.0540843	-0.990584	-0.0963134	-0.097299	-0.0914404	-0.0634891	0.993785
5.36667	0.140533	0.918789	-0.754646	-0.0955509	0.99354	0.0612185	-0.991353	-0.0894232	-0.0960362	-0.0899414	-0.0698655	0.993494
5.4	0.139346	0.918883	-0.741799	-0.08538	0.993962	0.0689169	-0.992511	-0.0787825	-0.0933551	-0.087362	-0.0763714	0.993245
5.43333	0.138099	0.919116	-0.729519	-0.0736224	0.994622	0.0728494	-0.993648	-0.0669242	-0.0904664	-0.0851044	-0.079047	0.993231
5.46667	0.136963	0.919531	-0.7173	-0.0606273	0.995388	0.0743447	-0.994829	-0.0541771	-0.0859041	-0.0814801	-0.0791685	0.993526
5.5	0.13621	0.919918	-0.705238	-0.0471643	0.996104	0.0745186	-0.995921	-0.0411489	-0.0802942	-0.076915	-0.0780017	0.993982
5.53333	0.135854	0.920151	-0.693426	-0.0339869	0.9966	0.0750565	-0.996783	-0.0283473	-0.0749661	-0.0725835	-0.0773629	0.994357
5.56667	0.135757	0.920174	-0.682094	-0.0198148	0.997072	0.0738566	-0.997475	-0.0146759	-0.0694837	-0.0681963	-0.075047	0.994845
5.6	0.13605	0.920018	-0.670876	-0.00629792	0.997243	0.0739425	-0.998002	-0.00161923	-0.0631649	-0.062871	-0.0741925	0.99526
5.63333	0.136713	0.919619	-0.659994	0.00669926	0.997247	0.0738464	-0.998302	0.0109426	-0.0572073	-0.0578579	-0.0733378	0.995627
5.66667	0.137913	0.919014	-0.649476	0.0194821	0.997024	0.0745906	-0.998349	0.0234319	-0.0524507	-0.0540425	-0.0734456	0.995834
5.7	0.13974	0.918283	-0.639161	0.0308095	0.996413	0.078817	-0.998247	0.0346615	-0.0479797	-0.0505395	-0.0772006	0.995734
5.73333	0.142139	0.917378	-0.629395	0.0418588	0.995612	0.083692	-0.997897	0.0458101	-0.045863	-0.0494957	-0.0815962	0.995436
5.76667	0.144769	0.916324	-0.619698	0.0518172	0.99472	0.0885809	-0.997388	0.0560176	-0.0456076	-0.0503289	-0.0859862	0.995024
5.8	0.147544	0.915056	-0.609923	0.0602818	0.993864	0.0927416	-0.996801	0.0648232	-0.0467591	-0.052484	-0.0896261	0.994592
5.83333	0.150408	0.913583	-0.599725	0.0676983	0.993155	0.0951824	-0.996182	0.0725575	-0.0485498	-0.0551237	-0.0915322	0.994275
5.86667	0.15332	0.911902	-0.588937	0.0750689	0.992647	0.0949564	-0.995492	0.0801375	-0.0507369	-0.0579734	-0.0907196	0.994188
5.9	0.156164	0.91	-0.577338	0.0803764	0.992555	0.0915106	-0.994915	0.0854781	-0.0532615	-0.0606871	-0.0867643	0.994379
5.93333	0.158993	0.907914	-0.564741	0.0832299	0.992827	0.0858279	-0.994478	0.0882748	-0.0567577	-0.063927	-0.08063	0.994692
5.96667	0.162021	0.905634	-0.550811	0.0840309	0.993407	0.0779805	-0.994243	0.0888078	-0.059954	-0.066484	-0.0724935	0.995151
6	0.16547	0.90321	-0.53554	0.0837728	0.994203	0.0673962	-0.994033	0.0881168	-0.0642923	-0.0698584	-0.0616081	0.995653
6.03333	0.170295	0.901795	-0.520507	0.0942852	0.993586	0.0624289	-0.992608	0.0986356	-0.0707162	-0.0764203	-0.0552999	0.995541
6.06667	0.175249	0.901624	-0.505051	0.102398	0.992983	0.0591518	-0.99116	0.106892	-0.0785912	-0.0843625	-0.0505813	0.99515
6.1	0.180875	0.902544	-0.489764	0.110519	0.992141	0.0586623	-0.989957	0.115127	-0.0820406	-0.0881495	-0.049006	0.994901
6.13333	0.186683	0.903842	-0.473842	0.116648	0.991577	0.0562952	-0.988989	0.121167	-0.0849674	-0.0910728	-0.0457641	0.994792
6.16667	0.193181	0.905218	-0.457589	0.122397	0.991064	0.0530172	-0.987932	0.126771	-0.0889945	-0.0949203	-0.0414847	0.99462
6.2	0.200157	0.906479	-0.44117	0.12746	0.990689	0.0478368	-0.987031	0.13144	-0.0921601	-0.0975897	-0.0354697	0.994594
6.23333	0.207176	0.90764	-0.425178	0.130979	0.99044	0.0432856	-0.986476	0.134546	-0.0936115	-0.0985405	-0.030439	0.994667
6.26667	0.213658	0.9086	-0.409967	0.1332	0.990288	0.0398351	-0.985999	0.136477	-0.0958118	-0.100318	-0.0265152	0.994602
6.3	0.219374	0.9092	-0.395669	0.134093	0.990272	0.0371547	-0.985809	0.137123	-0.0968449	-0.100998	-0.0236412	0.994606
6.33333	0.224475	0.909305	-0.382379	0.134397	0.990327	0.0345072	-0.985907	0.137136	-0.0958179	-0.0996232	-0.0211432	0.994801
6.36667	0.22873	0.909012	-0.370109	0.13403	0.990543	0.029343	-0.985995	0.136263	-0.0961533	-0.0992423	-0.0160447	0.994934
6.4	0.232365	0.90873	-0.359037	0.130891	0.991169	0.0212539	-0.986331	0.132356	-0.0981435	-0.10009	-0.00811733	0.994945
6.43333	0.235669	0.908592	-0.348267	0.122872	0.992336	0.0131377	-0.987452	0.12357	-0.0983352	-0.099205	-0.000890201	0.995067
6.46667	0.238901	0.908665	-0.337459	0.112988	0.99357	0.0072698	-0.988738	0.113155	-0.0979438	-0.0981367	0.00387854	0.995165
6.5	0.241869	0.909016	-0.32663	0.100517	0.994922	0.00514487	-0.990083	0.100535	-0.0981222	-0.0981412	0.00476907	0.995161
6.53333	0.244507	0.909481	-0.315534	0.0866153	0.996225	0.00571803	-0.991579	0.0867631	-0.0961438	-0.096277	0.00265764	0.995351
6.56667	0.24692	0.909915	-0.304189	0.0721631	0.997356	0.00860563	-0.993052	0.0726504	-0.0925719	-0.0929523	-0.00186557	0.995669
6.6	0.248898	0.910221	-0.292714	0.0572667	0.998291	0.01166	-0.994309	0.0580814	-0.0893056	-0.0898302	-0.00647945	0.995936
6.63333	0.250311	0.910526	-0.281024	0.0420371	0.999013	0.0143565	-0.995417	0.0431124	-0.0853572	-0.0858919	-0.0107025	0.996247
6.66667	0.250946	0.910744	-0.269038	0.0253721	0.999543	0.0164565	-0.996375	0.026622	-0.0808	-0.0812012	-0.0143468	0.996594
6.7	0.250609	0.910761	-0.2569	0.00968666	0.999818	0.0164578	-0.997051	0.0109104	-0.0759685	-0.0761342	-0.0156733	0.996974
6.73333	0.249269	0.910475	-0.245158	-0.00355563	0.999906	0.0132639	-0.997347	-0.00258157	-0.0727444	-0.0727033	-0.0134874	0.997262
6.76667	0.247399	0.909845	-0.233586	-0.0140906	0.999867	0.00824216	-0.997309	-0.0134606	-0.0720596	-0.071939	-0.00923534	0.997366
6.8	0.245175	0.90891	-0.222154	-0.0224096	0.999745	0.00266123	-0.997072	-0.0221548	-0.0731919	-0.0731143	-0.00429364	0.997314
6.83333	0.242861	0.907766	-0.210515	-0.0282574	0.999595	-0.00348272	-0.996683	-0.0284407	-0.0762506	-0.0763188	0.00131652	0.997083
6.86667	0.240447	0.906559	-0.198203	-0.0326568	0.999433	-0.0081757	-0.996251	-0.0332063	-0.0798808	-0.080107	0.0055364	0.996771
6.9	0.238113	0.905451	-0.184785	-0.0371406	0.999275	-0.00835622	-0.995914	-0.0377019	-0.082064	-0.0823195	0.00527416	0.996592
6.93333	0.235805	0.904462	-0.169855	-0.0418802	0.999119	-0.00267288	-0.995768	-0.0419585	-0.0817654	-0.0818055	-0.000762782	0.996648
6.96667	0.233478	0.903538	-0.153392	-0.0445091	0.998988	0.00647176	-0.995791	-0.0438453	-0.0804798	-0.0801146	-0.0100266	0.996735
7	0.230864	0.902657	-0.135486	-0.0450069	0.998847	0.0166848	-0.995923	-0.0435555	-0.0789995	-0.0781817	-0.0201723	0.996735
7.03333	0.227808	0.901721	-0.115956	-0.0458198	0.998515	0.0294615	-0.995966	-0.0433854	-0.0785441	-0.0771493	-0.0329415	0.996475
7.06667	0.224102	0.901583	-0.0963571	-0.0549566	0.997686	0.0400391	-0.995572	-0.0516895	-0.0785092	-0.0762579	-0.0441764	0.996109
7.1	0.219797	0.902596	-0.0767713	-0.0662191	0.996674	0.0474931	-0.994698	-0.0621846	-0.0819119	-0.0786862	-0.0526655	0.995507
7.13333	0.215003	0.904228	-0.0571195	-0.0739066	0.995823	0.0536172	-0.994083	-0.0692726	-0.0836678	-0.0796041	-0.0594836	0.99505
7.16667	0.210078	0.905948	-0.0369471	-0.0809697	0.994807	0.0616668	-0.993684	-0.0757464	-0.082788	-0.077687	-0.0679807	0.994657
7.2	0.204897	0.907623	-0.0164747	-0.0889211	0.993591	0.0697883	-0.99315	-0.0831133	-0.0821256	-0.0757989	-0.076613	0.994176
7.23333	0.199751	0.909166	0.00356077	-0.0951233	0.992553	0.0760923	-0.992651	-0.0888324	-0.0821808	-0.0748093	-0.0833504	0.993708
7.26667	0.19481	0.910445	0.0230781	-0.0995043	0.991876	0.0792468	-0.992446	-0.0931863	-0.0797933	-0.0717604	-0.086588	0.993656
7.3	0.190066	0.911196	0.041701	-0.103772	0.991454	0.0790543	-0.992381	-0.0979052	-0.0747992	-0.0664201	-0.086214	0.99406
7.33333	0.18584	0.91147	0.0589613	-0.105905	0.991169	0.0798025	-0.992416	-0.100318	-0.0710426	-0.0624095	-0.086721	0.994276
7.36667	0.182473	0.911411	0.0740958	-0.105933	0.990926	0.0827281	-0.992549	-0.100334	-0.069138	-0.0602102	-0.0894356	0.994171
7.4	0.18001	0.91134	0.0878779	-0.10303	0.990539	0.0906549	-0.992949	-0.097051	-0.0680676	-0.0586254	-0.0970287	0.993553
7.43333	0.178059	0.911399	0.100534	-0.0936281	0.99085	0.0972115	-0.994035	-0.0875492	-0.0650295	-0.0559236	-0.10272	0.993137
7.46667	0.17628	0.911644	0.112753	-0.0798153	0.991862	0.0991925	-0.995414	-0.0740436	-0.060572	-0.0527345	-0.103572	0.993223
7.5	0.174532	0.912009	0.124674	-0.0647748	0.993489	0.093721	-0.996554	-0.0595246	-0.0577727	-0.0518178	-0.0971402	0.993921
7.53333	0.172977	0.912471	0.13681	-0.0488136	0.995284	0.0838215	-0.997563	-0.0443918	-0.0538308	-0.049856	-0.0862449	0.995026
7.56667	0.171791	0.912928	0.14909	-0.0324148	0.996779	0.07335	-0.998411	-0.0289081	-0.048374	-0.0460978	-0.0748015	0.996132
7.6	0.17106	0.913214	0.160671	-0.0180408	0.997452	0.069015	-0.998903	-0.0149971	-0.0443683	-0.0432202	-0.0697397	0.996629
7.63333	0.170985	0.913357	0.171852	-0.00411765	0.997574	0.0694906	-0.999167	-0.00128269	-0.0407916	-0.0406035	-0.0696007	0.996748
7.66667	0.171283	0.913355	0.183363	0.0109277	0.997463	0.0703389	-0.999258	0.0134912	-0.0360741	-0.0369315	-0.0698925	0.996871
7.7	0.17212	0.913119	0.194836	0.0254554	0.997084	0.0719373	-0.999119	0.0277771	-0.0314597	-0.0333662	-0.0710731	0.996913
7.73333	0.173597	0.912678	0.20619	0.0389353	0.996458	0.0745395	-0.99877	0.0410994	-0.0277226	-0.030688	-0.0733684	0.996833
7.76667	0.175548	0.912019	0.21737	0.05198	0.995624	0.0776562	-0.998216	0.054087	-0.0252778	-0.0293673	-0.0762037	0.99666
7.8	0.177813	0.911098	0.228521	0.0650018	0.994504	0.0820709	-0.997464	0.0671444	-0.0236198	-0.0290006	-0.0803274	0.996347
7.83333	0.179995	0.90987	0.239774	0.0766219	0.993326	0.0862126	-0.996611	0.0788959	-0.0232815	-0.0299279	-0.0841365	0.996005
7.86667	0.182197	0.908433	0.251542	0.0873984	0.992181	0.0890956	-0.995699	0.0897662	-0.0229167	-0.0307353	-0.0867095	0.995759
7.9	0.184472	0.906889	0.263961	0.0951853	0.991422	0.0895704	-0.994961	0.0976003	-0.02297	-0.0315151	-0.0869326	0.995716
7.93333	0.1869	0.905445	0.277274	0.100032	0.991123	0.087575	-0.994472	0.102416	-0.023152	-0.0319156	-0.084775	0.995889
7.96667	0.189398	0.904052	0.291171	0.1031	0.991389	0.080734	-0.994119	0.105407	-0.0248381	-0.0331342	-0.0776983	0.996426
8	0.192095	0.902731	0.306158	0.102895	0.992056	0.0723766	-0.994092	0.105087	-0.0271483	-0.0345384	-0.0691556	0.997008
8.03333	0.195121	0.901425	0.322306	0.101209	0.992986	0.0611194	-0.994185	0.103219	-0.0306835	-0.036777	-0.0576586	0.997659
8.06667	0.19907	0.901071	0.338996	0.108643	0.992721	0.0519751	-0.993224	0.110572	-0.0357897	-0.0412762	-0.0477346	0.998007
8.1	0.203357	0.902094	0.355775	0.117364	0.992068	0.0450264	-0.991865	0.119349	-0.0442626	-0.0492854	-0.0394653	0.998005
8.13333	0.207889	0.9038	0.372468	0.120719	0.99191	0.0392539	-0.99125	0.122576	-0.0489667	-0.0533821	-0.0329992	0.998029
8.16667	0.212914	0.905288	0.389792	0.1235	0.991837	0.0317326	-0.990759	0.125047	-0.0525393	-0.0560785	-0.0249508	0.998115
8.2	0.218606	0.906401	0.407996	0.129355	0.99136	0.0217543	-0.989852	0.130397	-0.056473	-0.0588217	-0.0142285	0.998167
8.23333	0.224649	0.907265	0.426426	0.133255	0.991012	0.0117854	-0.989139	0.133729	-0.0609998	-0.0620275	-0.00352886	0.998068
8.26667	0.230627	0.908092	0.444392	0.136227	0.990672	0.00335418	-0.988655	0.136164	-0.0634062	-0.0632715	0.00532148	0.997982
8.3	0.2365	0.908615	0.46179	0.139096	0.990278	-0.00156284	-0.988295	0.138717	-0.0634925	-0.0626584	0.0103761	0.997981
8.33333	0.242136	0.908582	0.478387	0.140551	0.990069	-0.00303964	-0.988167	0.140089	-0.0624646	-0.0614184	0.0117831	0.998043
8.36667	0.247225	0.908089	0.493873	0.139949	0.990151	-0.00393209	-0.98832	0.139446	-0.0614676	-0.0603139	0.0124885	0.998101
8.4	0.251451	0.907428	0.507682	0.136287	0.990651	-0.00600578	-0.988818	0.135659	-0.0619378	-0.0605441	0.01438	0.998062
8.43333	0.254862	0.90689	0.520556	0.129993	0.991431	-0.0129287	-0.989664	0.128943	-0.0627604	-0.0605556	0.0209535	0.997945
8.46667	0.257892	0.906624	0.53303	0.118539	0.992792	-0.0176798	-0.991234	0.11727	-0.0608463	-0.0583344	0.0247375	0.997991
8.5	0.260382	0.906624	0.545338	0.103309	0.994421	-0.0212966	-0.993028	0.101895	-0.0592724	-0.0567717	0.0272715	0.998015
8.53333	0.262503	0.90679	0.557377	0.0859438	0.996054	-0.0221571	-0.994727	0.0845378	-0.0580595	-0.0559572	0.0270301	0.998067
8.56667	0.264327	0.906914	0.569333	0.0689426	0.997411	-0.0204657	-0.996191	0.0677315	-0.0549183	-0.0533899	0.024174	0.998281
8.6	0.265897	0.906898	0.58118	0.052005	0.998513	-0.0163446	-0.997421	0.0511235	-0.0503794	-0.0494689	0.0189224	0.998596
8.63333	0.26706	0.906607	0.59327	0.0350592	0.999304	-0.0127811	-0.998351	0.0344384	-0.0459265	-0.0454544	0.0143701	0.998863
8.66667	0.267629	0.9061	0.605429	0.0187322	0.999776	-0.00982055	-0.998975	0.0183106	-0.0413969	-0.0412078	0.0105859	0.999095
8.7	0.267363	0.905452	0.617541	0.00301067	0.999958	-0.00862946	-0.999293	0.00268498	-0.0375083	-0.0374836	0.00873628	0.999259
8.73333	0.266085	0.904615	0.629126	-0.0124714	0.999874	-0.00980248	-0.999314	-0.0128051	-0.034757	-0.0348782	0.00936228	0.999348
8.76667	0.26427	0.903376	0.639948	-0.0246895	0.99959	-0.0144872	-0.999103	-0.025171	-0.03405	-0.0344007	0.0136335	0.999315
8.8	0.262325	0.901592	0.64992	-0.032542	0.999246	-0.0211866	-0.998757	-0.0333122	-0.0370789	-0.0377567	0.0199536	0.999088
8.83333	0.260416	0.899496	0.659672	-0.0369379	0.998919	-0.0282235	-0.998335	-0.038139	-0.0432741	-0.0443037	0.0265781	0.998665
8.86667	0.258562	0.897359	0.669857	-0.0379293	0.998702	-0.0340079	-0.99791	-0.0396371	-0.0510342	-0.0523159	0.0320011	0.998118
8.9	0.256729	0.895392	0.681049	-0.0387298	0.99856	-0.0371096	-0.997435	-0.04087	-0.0587655	-0.0601975	0.0347384	0.997582
8.93333	0.254666	0.893544	0.693356	-0.0420509	0.998512	-0.0347161	-0.996921	-0.0442348	-0.0647432	-0.0661826	0.0318867	0.997298
8.96667	0.252425	0.891816	0.707392	-0.0451162	0.998597	-0.02772	-0.996504	-0.0469401	-0.0691135	-0.0703177	0.0245049	0.997224
9	0.249749	0.890235	0.722881	-0.0459214	0.998798	-0.0171586	-0.996111	-0.0470773	-0.0744764	-0.0751946	0.0136719	0.997075
9.03333	0.24601	0.889244	0.738848	-0.0486106	0.998762	-0.0105758	-0.995477	-0.0493106	-0.0812073	-0.0816283	0.00658047	0.996641
9.06667	0.241407	0.889717	0.754841	-0.0573102	0.998313	-0.0093022	-0.994178	-0.0579194	-0.0908614	-0.0912469	0.00404076	0.99582
9.1	0.236408	0.891229	0.771568	-0.0652441	0.997835	-0.00823187	-0.992891	-0.0657394	-0.0992309	-0.0995573	0.00169911	0.99503
9.13333	0.231023	0.893062	0.788703	-0.0708137	0.997471	-0.00613511	-0.991837	-0.0710649	-0.10587	-0.106038	-0.00141199	0.994361
9.16667	0.225404	0.894788	0.806802	-0.0760029	0.997108	5.34621e-05	-0.990957	-0.0755281	-0.110906	-0.110581	-0.00848215	0.993831
9.2	0.219635	0.896251	0.825484	-0.0840531	0.996418	0.00933909	-0.990176	-0.0824683	-0.112918	-0.111743	-0.0187385	0.99356
9.23333	0.214025	0.897369	0.844249	-0.0940662	0.99539	0.0187402	-0.989569	-0.0914199	-0.111338	-0.109112	-0.0290179	0.993606
9.26667	0.208635	0.898149	0.862938	-0.10377	0.994267	0.0257966	-0.988912	-0.100371	-0.109447	-0.106231	-0.0368679	0.993658
9.3	0.203761	0.898699	0.881163	-0.109901	0.993457	0.0310671	-0.988442	-0.105956	-0.108423	-0.104422	-0.0426238	0.993619
9.33333	0.199177	0.899081	0.898085	-0.111303	0.993163	0.0352011	-0.98853	-0.107007	-0.106572	-0.102077	-0.0466592	0.993682
9.36667	0.195126	0.899361	0.913733	-0.111072	0.992876	0.0431264	-0.988946	-0.106135	-0.103545	-0.0982301	-0.0541506	0.993689
9.4	0.191938	0.899588	0.927678	-0.107648	0.992663	0.0550617	-0.989604	-0.101674	-0.101714	-0.0953692	-0.0654386	0.993289
9.43333	0.188985	0.899848	0.939899	-0.0982243	0.993131	0.0635824	-0.990658	-0.0915064	-0.10111	-0.0945971	-0.0729199	0.992841
9.46667	0.186327	0.900313	0.951934	-0.0872051	0.993794	0.069054	-0.991834	-0.080139	-0.0992166	-0.093067	-0.0771423	0.992667
9.5	0.183998	0.90106	0.963824	-0.074118	0.994743	0.0706576	-0.992968	-0.0670561	-0.0975576	-0.0923067	-0.0773915	0.992719
9.53333	0.182134	0.901928	0.975485	-0.0595157	0.99582	0.0692851	-0.993993	-0.052734	-0.095903	-0.0918484	-0.0745766	0.992976
9.56667	0.180798	0.902708	0.987044	-0.0458073	0.996607	0.0683765	-0.994919	-0.0393726	-0.0926559	-0.0896494	-0.0722735	0.993348
9.6	0.180035	0.903161	0.998342	-0.0324591	0.997069	0.0692742	-0.995723	-0.0262609	-0.0885793	-0.0865006	-0.0718531	0.993657
9.63333	0.179951	0.903188	1.00957	-0.0199754	0.997187	0.0722451	-0.996365	-0.0138697	-0.0840489	-0.0828104	-0.0736614	0.993839
9.66667	0.180361	0.902947	1.02081	-0.00844571	0.99718	0.0745748	-0.996852	-0.00251613	-0.0792504	-0.0788393	-0.0750094	0.994061
9.7	0.181402	0.902598	1.0319	0.00351524	0.996995	0.0773815	-0.997159	0.00931745	-0.0747491	-0.0752455	-0.0768988	0.994195
9.73333	0.182991	0.902133	1.04258	0.0161269	0.99663	0.0804269	-0.997228	0.0218756	-0.0711167	-0.0726365	-0.079057	0.99422
9.76667	0.185082	0.901384	1.05293	0.0286769	0.995903	0.08576	-0.997024	0.0346402	-0.0688748	-0.0715634	-0.0835296	0.993932
9.8	0.187437	0.900306	1.06298	0.0403331	0.994992	0.091456	-0.99657	0.0466783	-0.0683359	-0.0722627	-0.088386	0.993462
9.83333	0.189965	0.898878	1.07306	0.0495198	0.994072	0.0967965	-0.995993	0.0563752	-0.06942	-0.0744654	-0.092971	0.99288
9.86667	0.192528	0.897245	1.08335	0.0577594	0.993137	0.101701	-0.995273	0.0652503	-0.0719373	-0.0780796	-0.0970653	0.992211
9.9	0.19488	0.895447	1.0942	0.0654077	0.99252	0.103087	-0.994491	0.0733187	-0.0749163	-0.0819141	-0.0976186	0.991847
9.93333	0.197234	0.893665	1.10617	0.0714687	0.992176	0.102368	-0.99385	0.079538	-0.0770407	-0.0845801	-0.0962324	0.991759
9.96667	0.199741	0.891917	1.11907	0.0752104	0.992194	0.0994685	-0.993369	0.0832487	-0.0792933	-0.086955	-0.0928452	0.991876
10	0.20258	0.890383	1.13329	0.0760058	0.992521	0.0955215	-0.993126	0.0839062	-0.0816082	-0.0890127	-0.0886622	0.992076
10.0333	0.20568	0.888871	1.14857	0.0766205	0.993249	0.0871012	-0.992853	0.0840225	-0.0847564	-0.0915026	-0.0799846	0.992587
10.0667	0.20921	0.88726	1.16556	0.0773776	0.994169	0.0751023	-0.992603	0.0838853	-0.0877596	-0.0935479	-0.0677562	0.993307
10.1	0.213666	0.88596	1.18335	0.0839983	0.994438	0.0635328	-0.991773	0.0896132	-0.0914116	-0.0965966	-0.0553316	0.993784
10.1333	0.218817	0.886077	1.20091	0.0948626	0.993935	0.0556247	-0.989943	0.100077	-0.0999833	-0.104944	-0.0455806	0.993433
10.1667	0.224352	0.887126	1.21846	0.101568	0.993631	0.0487982	-0.988699	0.106258	-0.105756	-0.110267	-0.0375052	0.993194
10.2	0.230142	0.888486	1.23644	0.110556	0.993074	0.0397771	-0.987643	0.114249	-0.10728	-0.111081	-0.0274251	0.993433
10.2333	0.23605	0.889903	1.25473	0.118252	0.992544	0.0295342	-0.986507	0.12082	-0.110482	-0.113227	-0.016071	0.993439
10.2667	0.241962	0.891366	1.27258	0.121767	0.992391	0.0182419	-0.98567	0.123063	-0.115373	-0.11674	-0.00393192	0.993155
10.3	0.247614	0.892419	1.29005	0.124341	0.992216	0.00689957	-0.985429	0.124298	-0.116106	-0.11606	0.0076377	0.993213
10.3333	0.252903	0.892857	1.30667	0.12704	0.991894	-0.00272245	-0.985359	0.125887	-0.114978	-0.113703	0.0172894	0.993364
10.3667	0.257099	0.892851	1.32198	0.128988	0.991549	-0.0138979	-0.98514	0.126527	-0.116145	-0.113405	0.0286728	0.993135
10.4	0.26051	0.892694	1.33625	0.129273	0.991262	-0.0262482	-0.985143	0.125367	-0.117373	-0.113057	0.0410314	0.992741
10.4333	0.263664	0.892685	1.35002	0.125702	0.991402	-0.0363595	-0.985865	0.12074	-0.116158	-0.110769	0.0504468	0.992565
10.4667	0.266771	0.892856	1.36365	0.117067	0.992213	-0.042539	-0.987255	0.111618	-0.113445	-0.107814	0.0552775	0.992633
10.5	0.269828	0.893171	1.37716	0.105267	0.993466	-0.0440981	-0.988852	0.0998763	-0.110434	-0.105308	0.0552316	0.992905
10.5333	0.272663	0.89372	1.39057	0.0913483	0.994959	-0.0413724	-0.990559	0.0865227	-0.106334	-0.102218	0.0506952	0.993469
10.5667	0.275308	0.894267	1.40401	0.0769947	0.996363	-0.0364952	-0.992224	0.072982	-0.10082	-0.0977897	0.043974	0.994235
10.6	0.277655	0.894746	1.41763	0.0619529	0.997617	-0.0303613	-0.993741	0.058822	-0.0949665	-0.0929543	0.0360547	0.995017
10.6333	0.279571	0.895102	1.43135	0.0455643	0.998684	-0.0235594	-0.995121	0.0433105	-0.0886483	-0.0875113	0.0274836	0.995784
10.6667	0.280794	0.895362	1.44495	0.0279968	0.999475	-0.0163346	-0.996321	0.026577	-0.0814694	-0.0809925	0.0185553	0.996542
10.7	0.281231	0.895423	1.45851	0.0096949	0.999906	-0.00973244	-0.997179	0.00894301	-0.0745315	-0.0744375	0.0104276	0.997171
