0	0.998949	0.0102712	0.0446594	-0.0101683	0.999945	-0.00252984	-0.0446829	0.00207307	0.998999
0.0333333	0.202791	0.615087	0.761934	-0.625324	0.680128	-0.382616	-0.753555	-0.398865	0.522553
0.0666667	0.110052	0.623714	0.773866	-0.650463	0.633904	-0.418406	-0.751523	-0.457325	0.475465
0.1	0.103779	0.616401	0.780564	-0.655902	0.632379	-0.412176	-0.747678	-0.469199	0.469926
0.133333	0.103542	0.610015	0.785596	-0.659065	0.633631	-0.405148	-0.744924	-0.475809	0.467647
0.166667	0.103411	0.605392	0.789181	-0.660503	0.63503	-0.400591	-0.743668	-0.479831	0.465533
0.2	0.103286	0.601699	0.792017	-0.661098	0.636467	-0.397314	-0.743156	-0.482564	0.463521
0.233333	0.102771	0.599139	0.794022	-0.660888	0.637716	-0.395658	-0.743415	-0.484097	0.461502
0.266667	0.103047	0.597359	0.795326	-0.660447	0.638978	-0.394357	-0.743768	-0.484633	0.460369
0.3	0.103831	0.596971	0.795516	-0.659234	0.640212	-0.394385	-0.744735	-0.483481	0.460017
0.333333	0.103833	0.597285	0.795279	-0.659034	0.640187	-0.39476	-0.744911	-0.483127	0.460104
0.366667	0.104701	0.598418	0.794313	-0.658453	0.640278	-0.395579	-0.745303	-0.481601	0.461069
0.4	0.105898	0.59962	0.793248	-0.657513	0.64067	-0.396508	-0.745964	-0.479581	0.462103
0.433333	0.107411	0.600467	0.792403	-0.656843	0.641162	-0.396824	-0.746338	-0.477861	0.463281
0.466667	0.107856	0.600842	0.792058	-0.656997	0.641018	-0.396801	-0.746138	-0.477583	0.463889
0.5	0.108675	0.601287	0.791608	-0.65666	0.641273	-0.396947	-0.746316	-0.476679	0.464531
0.533333	0.109353	0.601091	0.791664	-0.65722	0.64123	-0.396089	-0.745724	-0.476984	0.465169
0.566667	0.10965	0.600504	0.792068	-0.657874	0.6412	-0.39505	-0.745103	-0.477764	0.465363
0.6	0.110095	0.600154	0.792272	-0.658379	0.641192	-0.39422	-0.744591	-0.478214	0.465721
0.633333	0.110982	0.599748	0.792455	-0.658779	0.64142	-0.39318	-0.744106	-0.478417	0.466287
0.666667	0.111259	0.598936	0.793031	-0.659106	0.6417	-0.392174	-0.743775	-0.479059	0.466157
0.7	0.112141	0.59807	0.793559	-0.658651	0.642701	-0.391298	-0.744045	-0.478798	0.465993
0.733333	0.112697	0.597344	0.794028	-0.658833	0.643118	-0.390306	-0.7438	-0.479145	0.466027
0.766667	0.113457	0.596967	0.794203	-0.658979	0.643449	-0.389513	-0.743555	-0.47917	0.466392
0.8	0.11371	0.596856	0.79425	-0.658943	0.643606	-0.389313	-0.743548	-0.479097	0.466479
0.833333	0.11424	0.596768	0.79424	-0.659023	0.643765	-0.388915	-0.743396	-0.478993	0.466828
0.866667	0.115206	0.59632	0.794437	-0.658342	0.644727	-0.388475	-0.74385	-0.478257	0.466859
0.9	0.115662	0.596338	0.794357	-0.658734	0.64461	-0.388005	-0.743432	-0.478393	0.467385
0.933333	0.115867	0.596731	0.794032	-0.658714	0.644495	-0.388229	-0.743418	-0.478058	0.467751
0.966667	0.117047	0.597178	0.793523	-0.6582	0.644977	-0.388301	-0.743689	-0.476847	0.468555
1	0.117743	0.597654	0.793061	-0.658233	0.644941	-0.388304	-0.743549	-0.476299	0.469333
1.03333	0.118361	0.598036	0.792681	-0.658326	0.644888	-0.388235	-0.743369	-0.475891	0.470032
1.06667	0.1189	0.598213	0.792467	-0.658009	0.645173	-0.388299	-0.743564	-0.475282	0.47034
1.1	0.119745	0.598358	0.79223	-0.657797	0.645502	-0.388111	-0.743615	-0.474652	0.470894
1.13333	0.120237	0.59822	0.79226	-0.658082	0.645542	-0.387562	-0.743284	-0.474773	0.471296
1.16667	0.120711	0.597929	0.792408	-0.658429	0.645609	-0.386858	-0.742899	-0.475047	0.471626
1.2	0.121012	0.597718	0.792521	-0.658771	0.645588	-0.386312	-0.742548	-0.475341	0.471883
1.23333	0.121488	0.597454	0.792647	-0.659264	0.64555	-0.385535	-0.742032	-0.475726	0.472306
1.26667	0.122263	0.596624	0.793153	-0.65944	0.646081	-0.384342	-0.741748	-0.476046	0.47243
1.3	0.12231	0.595884	0.793702	-0.659891	0.646163	-0.383428	-0.741339	-0.47686	0.47225
1.33333	0.122754	0.594957	0.794329	-0.660363	0.646444	-0.382139	-0.740846	-0.477636	0.472241
1.36667	0.123598	0.594274	0.794709	-0.660641	0.646855	-0.380963	-0.740457	-0.477931	0.472551
1.4	0.123919	0.593525	0.795218	-0.661255	0.646916	-0.379793	-0.739856	-0.478778	0.472636
1.43333	0.124478	0.592485	0.795906	-0.661818	0.647218	-0.378293	-0.739258	-0.479656	0.472682
1.46667	0.124797	0.591468	0.796612	-0.66188	0.647759	-0.377258	-0.739148	-0.480181	0.472319
1.5	0.125145	0.590205	0.797494	-0.661944	0.648421	-0.376006	-0.739033	-0.480841	0.471829
1.53333	0.125891	0.588763	0.798442	-0.66241	0.649024	-0.374141	-0.738488	-0.481794	0.471709
1.56667	0.126622	0.587172	0.799497	-0.662332	0.650041	-0.372509	-0.738433	-0.482365	0.471212
1.6	0.127099	0.585461	0.800676	-0.662381	0.650949	-0.370834	-0.738307	-0.483219	0.470533
1.63333	0.12771	0.582917	0.802432	-0.662509	0.652222	-0.368358	-0.738086	-0.484576	0.469484
1.66667	0.127846	0.580156	0.804409	-0.663012	0.653194	-0.365722	-0.737611	-0.486577	0.468159
1.7	0.128357	0.577032	0.806572	-0.66362	0.654357	-0.362527	-0.736976	-0.488724	0.466921
1.73333	0.128921	0.574241	0.808472	-0.663999	0.65552	-0.35972	-0.736535	-0.49045	0.465806
1.76667	0.129913	0.571335	0.810369	-0.664421	0.656817	-0.356561	-0.73598	-0.492105	0.464936
1.8	0.130822	0.567576	0.812861	-0.664738	0.658514	-0.352821	-0.735533	-0.494183	0.463437
1.83333	0.131489	0.563629	0.815495	-0.665481	0.659907	-0.348793	-0.734742	-0.496835	0.461855
1.86667	0.132513	0.559679	0.818046	-0.666188	0.6614	-0.344593	-0.733917	-0.499309	0.460495
1.9	0.133673	0.555404	0.820767	-0.666758	0.663128	-0.34014	-0.733188	-0.501785	0.458963
1.93333	0.13473	0.549905	0.824289	-0.667634	0.665079	-0.334567	-0.732198	-0.505247	0.456741
1.96667	0.135679	0.54401	0.828037	-0.668496	0.667112	-0.328747	-0.731235	-0.508936	0.454181
2	0.13647	0.536681	0.832676	-0.66916	0.669736	-0.321991	-0.73048	-0.513252	0.450524
2.03333	0.136967	0.527736	0.838293	-0.670537	0.672299	-0.313679	-0.729123	-0.519143	0.445949
2.06667	0.137596	0.517872	0.84432	-0.671114	0.675678	-0.305064	-0.728473	-0.52466	0.440522
2.1	0.138237	0.507049	0.85076	-0.671238	0.679591	-0.295966	-0.728238	-0.530149	0.434295
2.13333	0.139003	0.494481	0.858002	-0.672403	0.683199	-0.284804	-0.727016	-0.537334	0.427457
2.16667	0.141213	0.482084	0.86467	-0.673164	0.687181	-0.27319	-0.725885	-0.543487	0.421561
2.2	0.143455	0.470831	0.870482	-0.673319	0.691062	-0.262823	-0.725302	-0.548409	0.416155
2.23333	0.144089	0.460532	0.87587	-0.674205	0.693576	-0.253769	-0.724352	-0.553951	0.41043
2.26667	0.143364	0.4484	0.882261	-0.675399	0.695934	-0.243952	-0.723383	-0.560904	0.402621
2.3	0.14119	0.434112	0.889726	-0.676384	0.698557	-0.233503	-0.72289	-0.568828	0.392255
2.33333	0.136808	0.416155	0.898943	-0.678378	0.70065	-0.221117	-0.721864	-0.579572	0.378165
2.36667	0.131921	0.39253	0.910229	-0.683872	0.700767	-0.203086	-0.717576	-0.595689	0.360886
2.4	0.12652	0.365027	0.92236	-0.689968	0.70044	-0.182558	-0.712696	-0.613302	0.340477
2.43333	0.12254	0.341675	0.931795	-0.693438	0.701155	-0.165909	-0.71002	-0.625812	0.32285
2.46667	0.119608	0.321778	0.93923	-0.696897	0.701005	-0.151415	-0.707127	-0.636436	0.308092
2.5	0.119495	0.308315	0.943749	-0.698556	0.701576	-0.14075	-0.705507	-0.642443	0.29921
2.53333	0.122512	0.302959	0.945096	-0.697208	0.703987	-0.135291	-0.706323	-0.642354	0.297472
2.56667	0.127173	0.300949	0.945123	-0.695024	0.706849	-0.131556	-0.70765	-0.640152	0.299059
2.6	0.13335	0.298287	0.945115	-0.694828	0.708147	-0.125462	-0.706704	-0.639962	0.30169
2.63333	0.13947	0.293812	0.945633	-0.694848	0.70942	-0.117937	-0.705503	-0.640623	0.303098
2.66667	0.14482	0.289683	0.946103	-0.694435	0.710885	-0.111365	-0.704831	-0.640879	0.304116
2.7	0.150252	0.285776	0.946444	-0.69399	0.712301	-0.104903	-0.704132	-0.641061	0.305351
2.73333	0.154389	0.28149	0.947063	-0.694174	0.713	-0.0987579	-0.703055	-0.642179	0.305482
2.76667	0.157155	0.276016	0.948218	-0.694704	0.713323	-0.0925021	-0.701918	-0.644194	0.303852
2.8	0.15853	0.269866	0.949758	-0.694876	0.713865	-0.0868534	-0.701438	-0.646195	0.300693
2.83333	0.157658	0.261786	0.952162	-0.696136	0.713342	-0.0808604	-0.700385	-0.650085	0.294703
2.86667	0.15554	0.252513	0.95501	-0.69839	0.711833	-0.0744702	-0.698612	-0.655386	0.287071
2.9	0.150506	0.240316	0.958956	-0.70256	0.708438	-0.0672704	-0.695526	-0.6636	0.275461
2.93333	0.13589	0.222587	0.965396	-0.712807	0.698723	-0.0607662	-0.68807	-0.679883	0.253611
2.96667	0.112757	0.209339	0.97132	-0.72598	0.684796	-0.0633113	-0.678409	-0.69802	0.229191
3	0.0840249	0.205755	0.97499	-0.736858	0.671509	-0.0782077	-0.670806	-0.711857	0.208035
3.03333	0.0521606	0.21116	0.976059	-0.744479	0.659664	-0.102927	-0.665605	-0.721287	0.191613
3.06667	0.0163156	0.221672	0.974985	-0.751235	0.646216	-0.134352	-0.659833	-0.730251	0.177071
3.1	-0.0237268	0.232057	0.972413	-0.761903	0.625557	-0.167873	-0.647256	-0.744868	0.161962
3.13333	-0.0662995	0.243001	0.967758	-0.777639	0.595135	-0.202711	-0.625206	-0.766005	0.14951
3.16667	-0.109532	0.254543	0.960838	-0.796586	0.555695	-0.238021	-0.59452	-0.791461	0.141899
3.2	-0.152963	0.267455	0.951352	-0.814769	0.510653	-0.274563	-0.559244	-0.81713	0.139803
3.23333	-0.193468	0.266681	0.944167	-0.837606	0.456204	-0.300488	-0.510868	-0.848975	0.135113
3.26667	-0.224346	0.249391	0.942058	-0.862422	0.399312	-0.311091	-0.453759	-0.882244	0.125496
3.3	-0.253294	0.23285	0.938948	-0.882009	0.343102	-0.32302	-0.39737	-0.909979	0.11847
3.33333	-0.261534	0.20567	0.943027	-0.902494	0.294293	-0.314477	-0.342204	-0.933323	0.108648
3.36667	-0.226927	0.139645	0.963848	-0.93991	0.227821	-0.254298	-0.255096	-0.963637	0.079555
3.4	-0.165493	0.0668951	0.98394	-0.968324	0.178135	-0.174977	-0.186979	-0.98173	0.0352961
3.43333	-0.101415	0.00105187	0.994844	-0.98261	0.156237	-0.100334	-0.155537	-0.987719	-0.0148113
3.46667	-0.0589138	-0.0485302	0.997083	-0.984685	0.167002	-0.050053	-0.164085	-0.984762	-0.0576257
3.5	-0.0403649	-0.0812315	0.995878	-0.98002	0.197495	-0.0236129	-0.194762	-0.976933	-0.0875803
3.53333	-0.0288341	-0.107858	0.993748	-0.97194	0.235212	-0.00267241	-0.233453	-0.965941	-0.111613
3.56667	-0.0237106	-0.129479	0.991299	-0.961605	0.27414	0.0128064	-0.273413	-0.952934	-0.131007
3.6	-0.0302298	-0.137588	0.990028	-0.944405	0.328354	0.0167959	-0.327391	-0.93448	-0.139865
3.63333	-0.0449248	-0.136762	0.989585	-0.918043	0.396265	0.0130873	-0.393928	-0.907893	-0.143355
3.66667	-0.0599176	-0.121672	0.99076	-0.879877	0.475174	0.00514297	-0.471409	-0.871439	-0.135528
3.7	-0.0667744	-0.0915069	0.993563	-0.833224	0.552913	-0.00507534	-0.548889	-0.828199	-0.113166
3.73333	-0.0713362	-0.0453947	0.996419	-0.780946	0.623994	-0.0274821	-0.620512	-0.78011	-0.0799642
3.76667	-0.0682236	0.010422	0.997616	-0.724014	0.687452	-0.0566946	-0.686403	-0.726155	-0.0393548
3.8	-0.0542988	0.0667275	0.996293	-0.671569	0.735947	-0.0858917	-0.73895	-0.673743	0.00485104
3.83333	-0.0399811	0.119204	0.992065	-0.633506	0.764775	-0.117424	-0.772704	-0.633174	0.0449396
3.86667	-0.0273189	0.163908	0.986097	-0.617334	0.773109	-0.145608	-0.786227	-0.612729	0.0800654
3.9	-0.0125772	0.199499	0.979817	-0.619413	0.767689	-0.164259	-0.784964	-0.608978	0.113917
3.93333	-0.00505198	0.231779	0.972755	-0.6263	0.757613	-0.183769	-0.779566	-0.610165	0.141336
3.96667	-0.00156124	0.264731	0.964321	-0.632236	0.746872	-0.206059	-0.774774	-0.61	0.166206
4	4.59199e-05	0.299583	0.95407	-0.636035	0.736227	-0.231148	-0.77166	-0.606811	0.190579
4.03333	-0.012725	0.342799	0.939323	-0.632887	0.724524	-0.272983	-0.77414	-0.597959	0.207733
4.06667	-0.0513934	0.398524	0.915717	-0.63269	0.696453	-0.338609	-0.772698	-0.596767	0.216349
4.1	-0.0507218	0.438214	0.897439	-0.636969	0.677913	-0.367021	-0.769219	-0.590257	0.244744
4.13333	-0.0405521	0.478701	0.877041	-0.63251	0.667201	-0.393413	-0.77349	-0.570691	0.275727
4.16667	-0.0224846	0.512569	0.858352	-0.628513	0.660436	-0.410847	-0.777474	-0.548723	0.307307
4.2	-0.00402661	0.538555	0.842581	-0.623893	0.657134	-0.423004	-0.781499	-0.527383	0.333355
4.23333	0.0154489	0.553886	0.832449	-0.625936	0.654591	-0.423928	-0.779721	-0.514511	0.35681
4.26667	0.0315123	0.562379	0.826279	-0.628932	0.653666	-0.42091	-0.776822	-0.506409	0.374297
4.3	0.0419865	0.565579	0.823624	-0.628478	0.655784	-0.418286	-0.776694	-0.500067	0.382988
4.33333	0.0534061	0.564802	0.823496	-0.629536	0.659189	-0.411284	-0.775134	-0.496455	0.390768
4.36667	0.0647419	0.559517	0.826286	-0.633388	0.662889	-0.399246	-0.771121	-0.497512	0.397308
4.4	0.0751828	0.551661	0.830673	-0.638584	0.666441	-0.384795	-0.765871	-0.501524	0.402387
4.43333	0.0832363	0.543447	0.835307	-0.642737	0.669844	-0.371751	-0.761552	-0.505939	0.405049
4.46667	0.0894026	0.534433	0.840469	-0.644268	0.674558	-0.360402	-0.759556	-0.509267	0.404626
4.5	0.093805	0.521298	0.848203	-0.646028	0.680113	-0.346545	-0.757527	-0.515456	0.400571
4.53333	0.0962189	0.505845	0.857242	-0.647168	0.686141	-0.332241	-0.756251	-0.522812	0.393386
4.56667	0.0981999	0.489467	0.866475	-0.647312	0.692739	-0.317963	-0.755873	-0.529655	0.384865
4.6	0.103646	0.474402	0.874185	-0.647926	0.699045	-0.302537	-0.754619	-0.53505	0.379831
4.63333	0.108979	0.462222	0.880042	-0.649423	0.703367	-0.289007	-0.752578	-0.540024	0.37683
4.66667	0.116092	0.453767	0.883526	-0.649247	0.707857	-0.278237	-0.751665	-0.541326	0.376784
4.7	0.126618	0.447875	0.885085	-0.648657	0.71244	-0.267717	-0.750474	-0.540219	0.380725
4.73333	0.135267	0.443501	0.886008	-0.648379	0.715796	-0.259311	-0.749205	-0.539392	0.38438
4.76667	0.143932	0.440459	0.88616	-0.647871	0.718837	-0.252063	-0.748028	-0.537838	0.388825
4.8	0.150034	0.435557	0.88757	-0.647589	0.721642	-0.244664	-0.747073	-0.538073	0.390333
4.83333	0.157211	0.424522	0.891665	-0.650934	0.723545	-0.229713	-0.742678	-0.544301	0.390085
4.86667	0.163409	0.413734	0.895612	-0.653093	0.725784	-0.21612	-0.739437	-0.549602	0.388806
4.9	0.166575	0.403617	0.899637	-0.654388	0.727746	-0.205334	-0.737584	-0.554507	0.385346
4.93333	0.164702	0.395717	0.903483	-0.654971	0.728763	-0.199793	-0.737487	-0.558849	0.379212
4.96667	0.157667	0.39099	0.90679	-0.657411	0.726764	-0.19906	-0.736853	-0.564748	0.371628
5	0.145788	0.388224	0.90996	-0.663861	0.720347	-0.200968	-0.733508	-0.574788	0.362745
5.03333	0.122792	0.380324	0.916665	-0.679102	0.705747	-0.201845	-0.723701	-0.597724	0.344939
5.06667	0.088391	0.370237	0.924722	-0.702209	0.681587	-0.20577	-0.706462	-0.63116	0.32023
5.1	0.0459408	0.367461	0.928904	-0.72346	0.653454	-0.222717	-0.688836	-0.661793	0.295864
5.13333	0.000536969	0.373743	0.927532	-0.739382	0.624643	-0.251268	-0.673286	-0.685666	0.276674
5.16667	-0.0504613	0.386139	0.921059	-0.752812	0.591327	-0.289148	-0.656299	-0.707975	0.260851
5.2	-0.0979122	0.394226	0.913783	-0.769044	0.552808	-0.320897	-0.631652	-0.734159	0.249051
5.23333	-0.141398	0.386054	0.911575	-0.791519	0.508957	-0.33832	-0.594563	-0.769366	0.233604
5.26667	-0.183899	0.363638	0.913208	-0.817218	0.459693	-0.347618	-0.546202	-0.810216	0.212634
5.3	-0.225597	0.33985	0.913021	-0.838598	0.409248	-0.359541	-0.495842	-0.846769	0.192673
5.33333	-0.259941	0.319486	0.91124	-0.854603	0.363205	-0.371127	-0.449537	-0.87522	0.178622
5.36667	-0.253835	0.273504	0.927773	-0.885848	0.31941	-0.336526	-0.388381	-0.907289	0.161205
5.4	-0.201885	0.194662	0.959869	-0.924228	0.286453	-0.252482	-0.324106	-0.938111	0.122082
5.43333	-0.142911	0.112957	0.983269	-0.953798	0.24956	-0.167297	-0.264282	-0.961749	0.0720734
5.46667	-0.0847253	0.0384567	0.995662	-0.970245	0.224284	-0.0912252	-0.22682	-0.973765	0.0183098
5.5	-0.0462492	-0.0230778	0.998663	-0.974923	0.218903	-0.0400912	-0.217685	-0.975474	-0.0326232
5.53333	-0.0297566	-0.0658838	0.997384	-0.966745	0.255464	-0.0119674	-0.254007	-0.964571	-0.0712945
5.56667	-0.0273066	-0.093074	0.995285	-0.95046	0.310832	0.00299069	-0.309645	-0.945897	-0.0969509
5.6	-0.0332849	-0.109074	0.993476	-0.929003	0.369952	0.00949218	-0.368574	-0.922626	-0.113643
5.63333	-0.0414974	-0.11772	0.992179	-0.90304	0.429354	0.0131726	-0.427547	-0.895431	-0.124123
5.66667	-0.0506688	-0.113123	0.992288	-0.869293	0.494153	0.0119462	-0.491694	-0.861984	-0.123375
5.7	-0.0578252	-0.0959598	0.993704	-0.822257	0.569072	0.00710556	-0.566171	-0.816669	-0.11181
5.73333	-0.0624633	-0.0618248	0.996131	-0.763824	0.645377	-0.00784095	-0.642395	-0.761358	-0.0875357
5.76667	-0.0542792	-0.0196898	0.998332	-0.700381	0.713365	-0.0240101	-0.711703	-0.700516	-0.0525112
5.8	-0.0392528	0.0259142	0.998893	-0.645829	0.762146	-0.0451509	-0.762473	-0.646886	-0.0131803
5.83333	-0.0247159	0.0692917	0.99729	-0.610104	0.789227	-0.0699557	-0.791936	-0.61018	0.0227687
5.86667	-0.00550186	0.10267	0.9947	-0.590602	0.802358	-0.0860835	-0.806944	-0.587945	0.0562224
5.9	0.0107782	0.127809	0.99174	-0.584091	0.805811	-0.0974997	-0.811617	-0.578215	0.0833371
5.93333	0.0228202	0.150642	0.988325	-0.585042	0.803647	-0.108984	-0.810682	-0.575725	0.106471
5.96667	0.0307908	0.173759	0.984307	-0.591084	0.797292	-0.122255	-0.806022	-0.578043	0.127255
6	0.0309195	0.20281	0.97873	-0.600694	0.786407	-0.14398	-0.798881	-0.583465	0.146142
6.03333	0.00406589	0.242587	0.970121	-0.608846	0.770189	-0.19004	-0.793278	-0.589881	0.150829
6.06667	-0.0203139	0.290524	0.956652	-0.612511	0.752643	-0.241575	-0.790201	-0.590867	0.16266
6.1	-0.0266094	0.332673	0.942667	-0.606752	0.744053	-0.279708	-0.794446	-0.579408	0.182051
6.13333	-0.0292562	0.367177	0.929691	-0.613629	0.727606	-0.306675	-0.789052	-0.579457	0.204023
6.16667	-0.0145325	0.40268	0.915225	-0.609653	0.721933	-0.327316	-0.792535	-0.562727	0.235004
6.2	0.00154379	0.432552	0.901608	-0.607673	0.716451	-0.342681	-0.794185	-0.547354	0.263956
6.23333	0.0178323	0.455527	0.890043	-0.609385	0.71069	-0.351524	-0.792674	-0.536111	0.290265
6.26667	0.0336465	0.472621	0.880623	-0.612442	0.706054	-0.355532	-0.789799	-0.527369	0.313209
6.3	0.0481569	0.486073	0.87259	-0.614895	0.702872	-0.357597	-0.787138	-0.51933	0.332732
6.33333	0.0595019	0.491118	0.869058	-0.617196	0.702348	-0.35465	-0.784556	-0.515277	0.344907
6.36667	0.0685168	0.484927	0.871866	-0.624099	0.702639	-0.341758	-0.778336	-0.520714	0.350785
6.4	0.0764128	0.470441	0.879117	-0.633143	0.704014	-0.321705	-0.770254	-0.532025	0.351652
6.43333	0.0807128	0.447182	0.890794	-0.642541	0.706569	-0.296481	-0.761988	-0.548442	0.344362
6.46667	0.0817717	0.418274	0.904633	-0.647964	0.711973	-0.270623	-0.757269	-0.56404	0.329245
6.5	0.0854872	0.393908	0.915166	-0.649498	0.718569	-0.248618	-0.755543	-0.573144	0.317271
6.53333	0.0878727	0.373335	0.923526	-0.649231	0.724615	-0.231152	-0.755498	-0.57927	0.306055
6.56667	0.0922152	0.35907	0.928744	-0.64637	0.731079	-0.21847	-0.757431	-0.580166	0.299508
6.6	0.0981474	0.350602	0.931368	-0.642029	0.737382	-0.209921	-0.760372	-0.577362	0.297468
6.63333	0.105497	0.348117	0.931496	-0.636973	0.742984	-0.205526	-0.763633	-0.571656	0.300124
6.66667	0.113742	0.347215	0.930862	-0.63365	0.746997	-0.201207	-0.765213	-0.566955	0.304978
6.7	0.123378	0.347722	0.929445	-0.630363	0.75083	-0.197222	-0.766434	-0.561555	0.311827
6.73333	0.133068	0.348013	0.927998	-0.629294	0.753035	-0.192163	-0.76569	-0.558413	0.319207
6.76667	0.142306	0.345596	0.92753	-0.62981	0.754518	-0.184503	-0.763602	-0.557912	0.325032
6.8	0.15067	0.340641	0.928042	-0.631204	0.755643	-0.174884	-0.760842	-0.559434	0.328867
6.83333	0.157671	0.334727	0.92903	-0.632761	0.756523	-0.165184	-0.758125	-0.56181	0.331084
6.86667	0.162513	0.328143	0.930544	-0.635109	0.756533	-0.155863	-0.755133	-0.565667	0.331353
6.9	0.164688	0.323372	0.931831	-0.638473	0.755048	-0.149182	-0.751818	-0.57038	0.330811
6.93333	0.163043	0.319547	0.933438	-0.642208	0.752601	-0.145466	-0.74899	-0.575744	0.327922
6.96667	0.158389	0.319906	0.934116	-0.646361	0.74877	-0.146834	-0.746411	-0.58052	0.325371
7	0.152093	0.326215	0.93298	-0.650908	0.74341	-0.153822	-0.743765	-0.583889	0.325403
7.03333	0.142211	0.336288	0.93096	-0.65721	0.735371	-0.165242	-0.74017	-0.588337	0.325589
7.06667	0.125006	0.344648	0.930371	-0.669248	0.721558	-0.177374	-0.732448	-0.600477	0.320855
7.1	0.0986058	0.349871	0.931594	-0.68969	0.698877	-0.18947	-0.717359	-0.623828	0.310216
7.13333	0.0658138	0.357505	0.931589	-0.710705	0.672123	-0.207724	-0.700405	-0.648414	0.298316
7.16667	0.0261574	0.370644	0.928407	-0.726021	0.645458	-0.237229	-0.687175	-0.667837	0.285979
7.2	-0.0181479	0.387148	0.921839	-0.737663	0.617193	-0.273727	-0.674925	-0.684974	0.274384
7.23333	-0.0646624	0.404056	0.912446	-0.75014	0.58333	-0.311474	-0.65811	-0.704603	0.265379
7.26667	-0.112582	0.416294	0.902233	-0.765581	0.542481	-0.345833	-0.633412	-0.729667	0.257633
7.3	-0.160016	0.414179	0.896019	-0.786721	0.494742	-0.369189	-0.596209	-0.763993	0.246677
7.33333	-0.203788	0.392403	0.896934	-0.814097	0.440964	-0.377886	-0.543799	-0.807199	0.229591
7.36667	-0.243019	0.36133	0.900213	-0.839859	0.385979	-0.381651	-0.485365	-0.8488	0.209666
7.4	-0.274366	0.330311	0.903116	-0.860035	0.335851	-0.384114	-0.430189	-0.882099	0.191933
7.43333	-0.261554	0.271318	0.92627	-0.893962	0.293723	-0.338466	-0.363899	-0.916577	0.165723
7.46667	-0.202471	0.186721	0.961322	-0.9331	0.261137	-0.247249	-0.297204	-0.94707	0.121357
7.5	-0.140243	0.101527	0.984898	-0.961653	0.222831	-0.159904	-0.2357	-0.969556	0.0663835
7.53333	-0.0821011	0.0292114	0.996196	-0.975607	0.20184	-0.0863228	-0.203594	-0.978983	0.0119275
7.56667	-0.0456037	-0.0246963	0.998654	-0.97506	0.218466	-0.0391237	-0.217206	-0.975532	-0.0340433
7.6	-0.0323947	-0.0608606	0.99762	-0.962302	0.271587	-0.0146794	-0.270047	-0.960488	-0.0673643
7.63333	-0.0317809	-0.0834818	0.996002	-0.940973	0.338478	-0.00165482	-0.336986	-0.937264	-0.0893113
7.66667	-0.0339301	-0.0944235	0.994954	-0.914279	0.405021	0.00725859	-0.403662	-0.909419	-0.100072
7.7	-0.0407156	-0.0898866	0.995119	-0.880258	0.474447	0.00683959	-0.472746	-0.875683	-0.0984407
7.73333	-0.0440892	-0.0668028	0.996792	-0.83428	0.551341	4.86247e-05	-0.549576	-0.831601	-0.0800404
7.76667	-0.0400963	-0.0250328	0.998882	-0.772682	0.634613	-0.0151124	-0.633526	-0.772424	-0.044788
7.8	-0.0297749	0.0279709	0.999165	-0.700606	0.71238	-0.0408205	-0.712927	-0.701236	-0.00161452
7.83333	-0.00944138	0.0872602	0.996141	-0.63823	0.76636	-0.0731809	-0.769788	-0.636457	0.0484565
7.86667	0.00696223	0.141985	0.989844	-0.599135	0.793118	-0.109552	-0.800618	-0.592288	0.0905899
7.9	0.0214712	0.190847	0.981385	-0.586673	0.797241	-0.142202	-0.809539	-0.572699	0.129083
7.93333	0.0359523	0.230415	0.972428	-0.590309	0.790054	-0.165377	-0.806376	-0.568087	0.16442
7.96667	0.0453828	0.269998	0.961791	-0.599941	0.777188	-0.189867	-0.798756	-0.5684	0.197254
8	0.0505891	0.314029	0.948065	-0.610824	0.760763	-0.219395	-0.790149	-0.568002	0.230303
8.03333	0.0429571	0.359869	0.932013	-0.624288	0.737995	-0.256181	-0.780012	-0.57084	0.256364
8.06667	0.0162097	0.406913	0.913323	-0.636985	0.708291	-0.304259	-0.770705	-0.576842	0.270679
8.1	-0.00529203	0.454235	0.890866	-0.641761	0.68167	-0.351382	-0.766887	-0.573583	0.287903
8.13333	-0.0129751	0.507261	0.861695	-0.640718	0.657388	-0.396638	-0.767667	-0.557249	0.316481
8.16667	-0.012054	0.559682	0.82862	-0.636447	0.634852	-0.438062	-0.771226	-0.532653	0.348556
8.2	0.00818449	0.596548	0.802536	-0.632378	0.624787	-0.457973	-0.774617	-0.503758	0.382357
8.23333	0.0193155	0.613631	0.789357	-0.638139	0.615344	-0.462742	-0.769679	-0.494781	0.403468
8.26667	0.0320665	0.616769	0.786491	-0.641991	0.615815	-0.456749	-0.766042	-0.490273	0.415707
8.3	0.0447398	0.611174	0.790231	-0.648984	0.619154	-0.442118	-0.759486	-0.493067	0.424343
8.33333	0.0539164	0.59907	0.798879	-0.65154	0.627377	-0.42649	-0.756695	-0.497507	0.424144
8.36667	0.0610093	0.576059	0.815128	-0.657022	0.637952	-0.401671	-0.751399	-0.511051	0.417404
8.4	0.0701748	0.548208	0.833393	-0.664239	0.648976	-0.370967	-0.744219	-0.52754	0.409683
8.43333	0.0744993	0.515946	0.853375	-0.669288	0.660255	-0.340758	-0.739258	-0.545768	0.394505
8.46667	0.0797937	0.484267	0.871274	-0.670417	0.672913	-0.312616	-0.737681	-0.559172	0.378355
8.5	0.0827221	0.453367	0.887477	-0.671305	0.683525	-0.286605	-0.73655	-0.57206	0.36089
8.53333	0.0848967	0.424927	0.901238	-0.670797	0.693196	-0.263648	-0.736766	-0.582165	0.34389
8.56667	0.0867714	0.400037	0.912382	-0.669426	0.70167	-0.243984	-0.737794	-0.589601	0.32868
8.6	0.0882423	0.377964	0.921606	-0.666759	0.709782	-0.227251	-0.740031	-0.594435	0.314643
8.63333	0.0919831	0.356887	0.929608	-0.665135	0.716772	-0.209363	-0.741036	-0.599057	0.303309
8.66667	0.0972321	0.339141	0.935697	-0.66281	0.723402	-0.193319	-0.742447	-0.601393	0.295124
8.7	0.104253	0.326021	0.939597	-0.660389	0.729103	-0.17971	-0.743652	-0.601763	0.291312
8.73333	0.113494	0.313802	0.942681	-0.657853	0.734763	-0.165388	-0.744546	-0.601375	0.289826
8.76667	0.123027	0.299784	0.946041	-0.658145	0.738138	-0.148315	-0.742772	-0.604386	0.288112
8.8	0.13117	0.282133	0.950366	-0.661021	0.739326	-0.128248	-0.738813	-0.61139	0.283474
8.83333	0.137354	0.263057	0.954953	-0.662892	0.740781	-0.108714	-0.736008	-0.618098	0.276128
8.86667	0.142051	0.244557	0.959173	-0.664297	0.741935	-0.0907877	-0.733847	-0.624279	0.267851
8.9	0.144052	0.228188	0.962902	-0.665818	0.742204	-0.0762796	-0.732076	-0.630129	0.258847
8.93333	0.143645	0.212954	0.966445	-0.668353	0.741089	-0.0639585	-0.729843	-0.636739	0.248783
8.96667	0.139985	0.200861	0.969566	-0.671167	0.73917	-0.0562278	-0.727969	-0.64287	0.238284
9	0.13316	0.19541	0.971639	-0.673049	0.737469	-0.0560759	-0.727512	-0.646494	0.229722
9.03333	0.121865	0.19461	0.973281	-0.678395	0.732123	-0.0614477	-0.724519	-0.652781	0.221243
9.06667	0.101692	0.196288	0.975259	-0.690806	0.719371	-0.0727541	-0.715853	-0.666316	0.208751
9.1	0.0750489	0.20518	0.975843	-0.705254	0.702759	-0.0935224	-0.704971	-0.681199	0.197445
9.13333	0.042551	0.223462	0.973783	-0.715954	0.686631	-0.126282	-0.69685	-0.691811	0.189205
9.16667	0.0062251	0.246915	0.969017	-0.724473	0.669059	-0.165829	-0.689275	-0.700994	0.183049
9.2	-0.0311347	0.272876	0.961545	-0.735271	0.6454	-0.206966	-0.677057	-0.71344	0.180544
9.23333	-0.0687263	0.300106	0.951427	-0.747514	0.616082	-0.248326	-0.660681	-0.728272	0.181992
9.26667	-0.10848	0.329168	0.938019	-0.760273	0.580467	-0.291621	-0.640482	-0.744786	0.187289
9.3	-0.153449	0.35304	0.922939	-0.776103	0.535072	-0.33371	-0.611652	-0.767503	0.19189
9.33333	-0.196749	0.356211	0.913457	-0.800376	0.479762	-0.35948	-0.566293	-0.801837	0.19071
9.36667	-0.235334	0.337863	0.911299	-0.826399	0.423946	-0.370586	-0.511549	-0.840309	0.179441
9.4	-0.263169	0.307959	0.914278	-0.848485	0.377142	-0.371265	-0.459147	-0.873456	0.162047
9.43333	-0.260796	0.256712	0.930637	-0.880164	0.332806	-0.338455	-0.396607	-0.90738	0.139154
9.46667	-0.22468	0.184655	0.956776	-0.91874	0.287047	-0.271147	-0.324708	-0.93995	0.105156
9.5	-0.163702	0.102676	0.981152	-0.948172	0.258193	-0.185219	-0.272344	-0.960622	0.0550878
9.53333	-0.103279	0.0192868	0.994465	-0.96713	0.231621	-0.104932	-0.232362	-0.972615	-0.00526865
9.56667	-0.0511938	-0.0568642	0.997069	-0.973631	0.225082	-0.0371537	-0.22231	-0.972679	-0.0668876
9.6	-0.0287266	-0.109732	0.993546	-0.965973	0.258642	0.000636352	-0.257043	-0.95972	-0.113428
9.63333	-0.0293402	-0.144299	0.989099	-0.948488	0.3163	0.0180092	-0.315451	-0.937621	-0.146146
9.66667	-0.0288563	-0.161897	0.986386	-0.92489	0.378613	0.0350852	-0.379139	-0.911286	-0.160663
9.7	-0.0354509	-0.163532	0.985901	-0.894712	0.444703	0.041591	-0.445235	-0.880623	-0.162079
9.73333	-0.0496698	-0.1522	0.987101	-0.856106	0.515517	0.0364087	-0.514408	-0.843254	-0.155905
9.76667	-0.0562367	-0.12952	0.989981	-0.806021	0.591046	0.0315404	-0.589209	-0.796172	-0.137635
9.8	-0.0602188	-0.09887	0.993277	-0.744509	0.667274	0.021283	-0.664891	-0.738221	-0.113792
9.83333	-0.0595642	-0.0569399	0.996599	-0.683878	0.729596	0.000811267	-0.727161	-0.681504	-0.0823978
9.86667	-0.0462926	-0.0205205	0.998717	-0.631587	0.77519	-0.0133476	-0.773922	-0.631394	-0.048846
9.9	-0.0323704	0.0084782	0.99944	-0.597326	0.801573	-0.0261462	-0.801345	-0.597837	-0.020883
9.93333	-0.0236001	0.0344514	0.999128	-0.577079	0.81562	-0.0417548	-0.816347	-0.577561	0.000632455
9.96667	-0.0125833	0.057093	0.99829	-0.568725	0.820746	-0.0541078	-0.822431	-0.568433	0.0221426
10	0.0018894	0.0788151	0.996887	-0.564439	0.822991	-0.0639968	-0.825473	-0.562561	0.0460412
10.0333	0.00971293	0.104686	0.994458	-0.568332	0.818838	-0.0806478	-0.822742	-0.564399	0.0674498
10.0667	0.0127153	0.134525	0.990829	-0.577826	0.809696	-0.102517	-0.816061	-0.571223	0.0880276
10.1	-0.0079416	0.171621	0.985131	-0.58953	0.794944	-0.143241	-0.807707	-0.581902	0.0948628
10.1333	-0.03873	0.227486	0.973011	-0.587848	0.782229	-0.206281	-0.808044	-0.579972	0.103432
10.1667	-0.0449947	0.284958	0.957483	-0.580112	0.772842	-0.257267	-0.813293	-0.567023	0.130533
10.2	-0.031044	0.329099	0.943785	-0.575973	0.765812	-0.285985	-0.816879	-0.552472	0.165778
10.2333	-0.00840946	0.362283	0.93203	-0.577852	0.758922	-0.300209	-0.816099	-0.5411	0.202964
10.2667	0.00747692	0.382533	0.923911	-0.582165	0.752881	-0.307009	-0.813037	-0.535573	0.228327
10.3	0.0233699	0.387522	0.921564	-0.593873	0.746926	-0.299026	-0.804219	-0.540304	0.247595
10.3333	0.0370467	0.386078	0.921722	-0.602319	0.744614	-0.287684	-0.797395	-0.544513	0.260127
10.3667	0.0489368	0.377903	0.924551	-0.611319	0.743361	-0.271485	-0.78987	-0.55191	0.267397
10.4	0.0606514	0.364005	0.92942	-0.621057	0.742706	-0.250351	-0.781415	-0.562039	0.271114
10.4333	0.0702182	0.345574	0.935761	-0.630575	0.742253	-0.226795	-0.772946	-0.574142	0.27003
10.4667	0.0766662	0.323631	0.943072	-0.639661	0.741514	-0.202463	-0.764825	-0.587724	0.263863
10.5	0.0819049	0.304488	0.948988	-0.645396	0.741775	-0.1823	-0.759444	-0.597542	0.257271
10.5333	0.0866591	0.291039	0.952778	-0.649359	0.741799	-0.16753	-0.755528	-0.604178	0.253272
10.5667	0.0918135	0.284013	0.954414	-0.648586	0.744327	-0.159102	-0.755584	-0.604412	0.252546
10.6	0.0992526	0.284898	0.953405	-0.645244	0.747819	-0.156293	-0.757502	-0.599667	0.258052
10.6333	0.107064	0.28752	0.951772	-0.640031	0.752486	-0.155322	-0.760854	-0.592534	0.264585
10.6667	0.110465	0.287236	0.951469	-0.638454	0.754186	-0.153554	-0.761691	-0.590507	0.266698
10.7	0.1148	0.288578	0.950549	-0.636856	0.755746	-0.152523	-0.762388	-0.587853	0.270542
10.7333	0.122236	0.28897	0.949502	-0.637684	0.755952	-0.147972	-0.760538	-0.587395	0.276676
10.7667	0.130872	0.286296	0.949161	-0.639574	0.755907	-0.139819	-0.757507	-0.588761	0.282034
10.8	0.137395	0.280875	0.949859	-0.642024	0.755491	-0.130532	-0.754273	-0.591898	0.284129
10.8333	0.140744	0.273558	0.951502	-0.647514	0.752458	-0.120554	-0.748944	-0.599144	0.283037
10.8667	0.141578	0.265989	0.953523	-0.65379	0.748387	-0.111692	-0.743313	-0.60759	0.279856
10.9	0.139836	0.25815	0.955931	-0.660292	0.743737	-0.104258	-0.737875	-0.616615	0.274456
10.9333	0.137367	0.251061	0.958175	-0.665178	0.74015	-0.098572	-0.73394	-0.623817	0.268672
10.9667	0.131861	0.247117	0.959972	-0.672614	0.733678	-0.0964745	-0.72815	-0.632969	0.262958
11	0.123754	0.245973	0.961344	-0.678112	0.728255	-0.0990398	-0.724464	-0.639643	0.256922
11.0333	0.114013	0.250046	0.961498	-0.684926	0.720826	-0.10624	-0.719637	-0.646442	0.253447
11.0667	0.0958001	0.255175	0.962137	-0.698298	0.706059	-0.117729	-0.709367	-0.66058	0.245829
11.1	0.0639483	0.260727	0.963292	-0.718644	0.681784	-0.136826	-0.692431	-0.683514	0.230969
11.1333	0.0216308	0.274497	0.961345	-0.742479	0.648351	-0.16842	-0.66952	-0.710135	0.217832
11.1667	-0.0277778	0.295003	0.955092	-0.763952	0.609935	-0.210612	-0.644675	-0.735495	0.208426
11.2	-0.0819681	0.316473	0.945053	-0.78087	0.56883	-0.258214	-0.619293	-0.759129	0.200498
11.2333	-0.141089	0.337772	0.930594	-0.797325	0.518421	-0.309052	-0.586828	-0.785589	0.19617
11.2667	-0.197064	0.343503	0.918244	-0.816807	0.460471	-0.347551	-0.54221	-0.818518	0.189833
11.3	-0.242959	0.332372	0.911318	-0.836434	0.40401	-0.370343	-0.491273	-0.852235	0.179849
11.3333	-0.276168	0.316865	0.907374	-0.850288	0.359558	-0.384354	-0.448042	-0.877676	0.170128
