0	0	1	0	0	0	-1	-1	0	0
0.0333333	0.989514	0.121812	0.0776112	-0.0428165	0.760574	-0.647838	-0.137944	0.637722	0.757814
0.0666667	0.997829	0.041513	0.051122	0.00318998	0.74491	-0.667158	-0.065777	0.665873	0.74316
0.1	0.998094	0.0256895	0.0561062	0.0194859	0.731491	-0.681573	-0.0585504	0.681367	0.729596
0.133333	0.997947	0.0192318	0.0610827	0.0283022	0.723176	-0.690083	-0.0574451	0.690396	0.721148
0.166667	0.997842	0.0159861	0.0636785	0.0328093	0.718699	-0.694547	-0.0568688	0.695138	0.716624
0.2	0.997817	0.0141852	0.0644977	0.0348329	0.716699	-0.696512	-0.0561056	0.697238	0.71464
0.233333	0.997775	0.0134624	0.0652912	0.0360268	0.71517	-0.698021	-0.0560914	0.69882	0.713094
0.266667	0.997785	0.0129612	0.0652512	0.0364151	0.714437	-0.698752	-0.0556745	0.69958	0.712382
0.3	0.997708	0.0128105	0.0664414	0.0374515	0.713251	-0.699907	-0.0563555	0.700791	0.711137
0.333333	0.997756	0.012583	0.0657691	0.0371161	0.713575	-0.699595	-0.0557342	0.700466	0.711506
0.366667	0.997833	0.0120894	0.0646744	0.036607	0.714768	-0.698403	-0.0546705	0.699257	0.712777
0.4	0.997838	0.0124169	0.064541	0.0362222	0.715504	-0.697669	-0.0548422	0.698499	0.713507
0.433333	0.997841	0.0121271	0.0645514	0.0363967	0.716012	-0.697139	-0.0546738	0.697983	0.714024
0.466667	0.997902	0.0119405	0.0636328	0.0358239	0.716846	-0.696311	-0.0539292	0.697129	0.714914
0.5	0.997905	0.0115161	0.0636589	0.0361208	0.71717	-0.695962	-0.053669	0.696803	0.715251
0.533333	0.997915	0.0109344	0.0636082	0.0365126	0.717029	-0.696086	-0.0532202	0.696958	0.715135
0.566667	0.997953	0.0112896	0.0629501	0.0357594	0.717554	-0.695585	-0.0530229	0.696412	0.715681
0.6	0.998022	0.011312	0.0618408	0.0349465	0.71787	-0.6953	-0.0522589	0.696086	0.716054
0.633333	0.998068	0.0111228	0.061124	0.0345601	0.718174	-0.695005	-0.0516281	0.695775	0.716402
0.666667	0.998131	0.0111096	0.060093	0.0338342	0.718414	-0.694793	-0.0508905	0.695528	0.716695
0.7	0.998158	0.0110331	0.0596611	0.0335935	0.718343	-0.694877	-0.0505238	0.695601	0.716649
0.733333	0.998235	0.0109259	0.0583811	0.032758	0.718642	-0.694608	-0.0495443	0.695294	0.717016
0.766667	0.998245	0.0112795	0.0581317	0.0323086	0.718952	-0.694308	-0.0496254	0.694968	0.717326
0.8	0.998228	0.0117627	0.0583306	0.0321667	0.718026	-0.695273	-0.0500611	0.695917	0.716375
0.833333	0.99824	0.0123373	0.0580077	0.0315485	0.717768	-0.695567	-0.0502175	0.696173	0.716115
0.866667	0.998276	0.0125485	0.0573348	0.0309256	0.717804	-0.695558	-0.0498834	0.696132	0.716179
0.9	0.998317	0.0132254	0.0564653	0.0297964	0.718338	-0.695056	-0.0497536	0.695568	0.716735
0.933333	0.998351	0.0133236	0.0558307	0.0293177	0.717864	-0.695566	-0.0493463	0.696056	0.71629
0.966667	0.998303	0.0144157	0.0564265	0.0289883	0.717334	-0.696126	-0.0505118	0.69658	0.715698
1	0.998316	0.0149041	0.0560577	0.0283941	0.717156	-0.696334	-0.0505804	0.696753	0.715526
1.03333	0.998329	0.0159554	0.0555448	0.0272697	0.717342	-0.696188	-0.0509526	0.696539	0.715708
1.06667	0.998324	0.0167617	0.0554	0.0266172	0.716986	-0.696579	-0.0513969	0.696886	0.715338
1.1	0.998306	0.0173686	0.0555323	0.026293	0.716742	-0.696842	-0.0519055	0.697122	0.715071
1.13333	0.998292	0.0181028	0.0555498	0.0257872	0.716641	-0.696966	-0.0524263	0.697208	0.71495
1.16667	0.998315	0.0183309	0.0550637	0.0252839	0.716648	-0.696976	-0.0522375	0.697194	0.714977
1.2	0.9983	0.0193456	0.0549849	0.0245301	0.716282	-0.69738	-0.0528759	0.697543	0.71459
1.23333	0.99833	0.0192908	0.0544494	0.0241766	0.716531	-0.697136	-0.052463	0.697288	0.714868
1.26667	0.998341	0.0197083	0.0540952	0.0236261	0.716587	-0.697098	-0.0525026	0.69722	0.714932
1.3	0.998308	0.0202945	0.0544839	0.0234819	0.716535	-0.697156	-0.053188	0.697256	0.714846
1.33333	0.998355	0.0196057	0.0538744	0.0235264	0.716841	-0.69684	-0.0522813	0.696961	0.715201
1.36667	0.998344	0.0199332	0.0539639	0.0233298	0.717165	-0.696513	-0.0525848	0.696618	0.715512
1.4	0.998346	0.0197336	0.0539939	0.0234919	0.71719	-0.696482	-0.052468	0.696598	0.71554
1.43333	0.998381	0.0195968	0.0534032	0.0231505	0.717556	-0.696116	-0.0519615	0.696225	0.715941
1.46667	0.998363	0.019877	0.053622	0.0231319	0.71716	-0.696525	-0.0523004	0.696625	0.715527
1.5	0.998386	0.0199909	0.0531588	0.0227512	0.716837	-0.696869	-0.0520372	0.696954	0.715226
1.53333	0.99843	0.0191327	0.0526387	0.0230055	0.716803	-0.696896	-0.0510651	0.697013	0.715238
1.56667	0.998416	0.019631	0.0527323	0.0227395	0.716455	-0.697262	-0.0514683	0.697357	0.714874
1.6	0.998407	0.0198912	0.0528063	0.0226187	0.71627	-0.697457	-0.0516968	0.69754	0.714679
1.63333	0.998439	0.0192896	0.0524238	0.022815	0.715818	-0.697914	-0.0509884	0.69802	0.714261
1.66667	0.998476	0.0191335	0.0517559	0.0225015	0.715242	-0.698515	-0.050383	0.698615	0.713721
1.7	0.998507	0.019118	0.0511658	0.0221064	0.715149	-0.698622	-0.0499474	0.698711	0.713659
1.73333	0.998555	0.0188203	0.0503272	0.0217606	0.714748	-0.699044	-0.0491274	0.699129	0.713306
1.76667	0.998591	0.0185754	0.0497131	0.0215216	0.714517	-0.699287	-0.0485104	0.699371	0.713111
1.8	0.998631	0.0184283	0.0489465	0.0211551	0.713563	-0.700272	-0.0478312	0.700349	0.712196
1.83333	0.99867	0.0185639	0.0481031	0.0205212	0.712758	-0.701109	-0.0473012	0.701164	0.711429
1.86667	0.99868	0.019495	0.0475147	0.0194835	0.712188	-0.701718	-0.0475194	0.701718	0.710869
1.9	0.998718	0.0197441	0.0466064	0.0187493	0.710973	-0.702969	-0.0470154	0.702942	0.709692
1.93333	0.998768	0.0204966	0.0451991	0.0173372	0.709262	-0.704732	-0.0465026	0.704647	0.708032
1.96667	0.998803	0.0208756	0.0442319	0.0164816	0.707797	-0.706223	-0.04605	0.706107	0.706606
2	0.998857	0.0211641	0.0428505	0.0154816	0.704968	-0.70907	-0.045215	0.708923	0.703835
2.03333	0.998892	0.0229047	0.0411183	0.0132051	0.70214	-0.711916	-0.0451771	0.71167	0.70106
2.06667	0.998905	0.0250435	0.0395299	0.0107407	0.69949	-0.714562	-0.0455459	0.714203	0.698455
2.1	0.998893	0.0287354	0.0372355	0.00677213	0.695552	-0.718444	-0.0465441	0.717901	0.694588
2.13333	0.998832	0.0332708	0.0350451	0.00246709	0.689171	-0.724595	-0.0482599	0.723835	0.688284
2.16667	0.998714	0.0386815	0.0327779	-0.00254013	0.683848	-0.72962	-0.0506379	0.728599	0.683067
2.2	0.998586	0.0439787	0.0298684	-0.00792346	0.678678	-0.734393	-0.0525687	0.733118	0.678067
2.23333	0.99838	0.0501144	0.0269493	-0.0137501	0.672065	-0.740365	-0.0552146	0.738795	0.671665
2.26667	0.998174	0.0548835	0.0252335	-0.0178426	0.666971	-0.74487	-0.0577111	0.74306	0.666732
2.3	0.998077	0.0576212	0.0228331	-0.0212294	0.663927	-0.747496	-0.0582311	0.745575	0.663873
2.33333	0.998107	0.058297	0.0195776	-0.0239081	0.661156	-0.749867	-0.0566588	0.74798	0.661299
2.36667	0.998128	0.0585214	0.0177796	-0.0253337	0.660159	-0.750698	-0.0556693	0.748842	0.660406
2.4	0.998248	0.0563084	0.0181783	-0.0235103	0.659385	-0.751438	-0.0542988	0.749694	0.659554
2.43333	0.998282	0.0538342	0.0231383	-0.0181059	0.65895	-0.751969	-0.0557286	0.750258	0.658792
2.46667	0.998185	0.0508572	0.0322451	-0.00929351	0.659162	-0.751943	-0.0594965	0.750279	0.658439
2.5	0.997911	0.0482648	0.0429361	0.000195155	0.662403	-0.749148	-0.0645984	0.747591	0.66101
2.53333	0.99751	0.0456022	0.0537974	0.00956301	0.66831	-0.743821	-0.0698733	0.742483	0.66621
2.56667	0.997007	0.0418238	0.0650163	0.0198994	0.673833	-0.738616	-0.0747019	0.737699	0.670984
2.6	0.996467	0.037543	0.0751263	0.0297411	0.678814	-0.733708	-0.0785423	0.73335	0.675299
2.63333	0.996003	0.0324747	0.0832027	0.0384861	0.684591	-0.727911	-0.0805985	0.728204	0.680605
2.66667	0.99573	0.0273863	0.0881576	0.0448199	0.691448	-0.721035	-0.0807029	0.721907	0.687268
2.7	0.995522	0.0211293	0.0921358	0.0514374	0.69667	-0.715545	-0.0793072	0.71708	0.692464
2.73333	0.995163	0.0164714	0.0968451	0.0574976	0.701673	-0.710175	-0.0796512	0.712309	0.697332
2.76667	0.994523	0.0135174	0.103641	0.0639268	0.705832	-0.705489	-0.0826897	0.70825	0.701102
2.8	0.993507	0.0119293	0.113141	0.0716826	0.706612	-0.703961	-0.0883443	0.7075	0.701169
2.83333	0.99221	0.0129735	0.123903	0.079198	0.702038	-0.707722	-0.0961663	0.712021	0.695541
2.86667	0.990619	0.018269	0.135429	0.0848479	0.694639	-0.714337	-0.107125	0.719127	0.686572
2.9	0.988556	0.0254627	0.14869	0.0911966	0.68428	-0.723494	-0.120168	0.728774	0.674127
2.93333	0.985719	0.0243504	0.166626	0.107182	0.672459	-0.732332	-0.129882	0.739733	0.660246
2.96667	0.982889	0.0194643	0.183168	0.124675	0.661701	-0.739329	-0.135593	0.749515	0.647952
3	0.97993	0.017853	0.198541	0.139353	0.65083	-0.746325	-0.14254	0.759014	0.63528
3.03333	0.976988	0.0152536	0.212748	0.154577	0.636651	-0.755501	-0.14697	0.771001	0.619643
3.06667	0.973681	0.00773824	0.227784	0.173912	0.620736	-0.764488	-0.147309	0.783982	0.603053
3.1	0.970396	0.000171144	0.241521	0.192979	0.600758	-0.775789	-0.145229	0.799431	0.58294
3.13333	0.967859	-0.00524983	0.251437	0.208882	0.573572	-0.792075	-0.140059	0.819138	0.556234
3.16667	0.966051	-0.0110111	0.258115	0.223538	0.536509	-0.81375	-0.129521	0.843823	0.520756
3.2	0.964527	-0.0179321	0.263373	0.23745	0.494862	-0.8359	-0.115344	0.868786	0.481566
3.23333	0.965202	-0.0232757	0.260468	0.243151	0.446455	-0.861136	-0.0962441	0.894503	0.436579
3.26667	0.96688	-0.0342251	0.252927	0.246384	0.383823	-0.88993	-0.0666214	0.922772	0.379543
3.3	0.969984	-0.0511982	0.237719	0.241485	0.317698	-0.916926	-0.0285778	0.946809	0.320525
3.33333	0.972678	-0.0748965	0.219743	0.231782	0.259519	-0.937511	0.0131886	0.962829	0.269789
3.36667	0.974533	-0.102634	0.199377	0.21781	0.221813	-0.950451	0.0533242	0.969673	0.238519
3.4	0.975107	-0.135722	0.175343	0.201249	0.209755	-0.956818	0.0930818	0.968288	0.231848
3.43333	0.974474	-0.166722	0.150345	0.184876	0.216034	-0.958723	0.12736	0.962046	0.241342
3.46667	0.973123	-0.193694	0.124557	0.16896	0.23301	-0.957684	0.156475	0.952989	0.259474
3.5	0.971117	-0.216954	0.0993094	0.155013	0.257247	-0.953832	0.181391	0.941677	0.283448
3.53333	0.968491	-0.237677	0.0743976	0.144344	0.292249	-0.945386	0.202954	0.926337	0.317348
3.56667	0.966367	-0.25271	0.0476691	0.134971	0.340616	-0.930464	0.218901	0.905604	0.363269
3.6	0.965509	-0.259801	0.0172103	0.124021	0.40077	-0.907746	0.228936	0.878571	0.419168
3.63333	0.965412	-0.260111	-0.0179307	0.109179	0.465756	-0.878152	0.236768	0.845821	0.478045
3.66667	0.965457	-0.254556	-0.0556217	0.0905492	0.527942	-0.84444	0.244322	0.810234	0.532755
3.7	0.965046	-0.245066	-0.0928929	0.0697829	0.581923	-0.810244	0.25262	0.775441	0.578684
3.73333	0.963575	-0.233471	-0.130437	0.0464762	0.626495	-0.778038	0.263368	0.743636	0.614526
3.76667	0.961117	-0.22177	-0.164534	0.0228141	0.657569	-0.753049	0.275196	0.720015	0.63706
3.8	0.958086	-0.210732	-0.194069	-0.000742916	0.675597	-0.737271	0.286479	0.706513	0.647123
3.83333	0.955123	-0.200888	-0.217678	-0.0216654	0.685533	-0.727719	0.295415	0.699777	0.650416
3.86667	0.953104	-0.191002	-0.234756	-0.0378742	0.694313	-0.718676	0.300263	0.693864	0.654519
3.9	0.95235	-0.180747	-0.245684	-0.0487017	0.705052	-0.707482	0.301096	0.685735	0.662653
3.93333	0.95291	-0.171826	-0.249876	-0.0542052	0.714205	-0.697834	0.298369	0.678518	0.67126
3.96667	0.955096	-0.161514	-0.248403	-0.0582435	0.719663	-0.691876	0.290514	0.675276	0.677941
4	0.959082	-0.150031	-0.240108	-0.0601816	0.720647	-0.690685	0.276657	0.676874	0.682131
4.03333	0.963334	-0.133958	-0.232471	-0.0654778	0.722868	-0.687877	0.260192	0.677877	0.687592
4.06667	0.965082	-0.11743	-0.234151	-0.0784511	0.723282	-0.686082	0.249924	0.680494	0.688814
4.1	0.966445	-0.107586	-0.233256	-0.0852828	0.722168	-0.68644	0.242302	0.6833	0.688761
4.13333	0.968886	-0.0944423	-0.228779	-0.0914941	0.722195	-0.685611	0.229973	0.685212	0.691084
4.16667	0.972537	-0.0755981	-0.22013	-0.0960412	0.731161	-0.675411	0.21201	0.678004	0.70382
4.2	0.97575	-0.0571713	-0.211291	-0.101761	0.736151	-0.669124	0.193797	0.674398	0.712481
4.23333	0.978412	-0.0423741	-0.202274	-0.10632	0.73609	-0.668482	0.177218	0.675556	0.715694
4.26667	0.980659	-0.0255913	-0.194042	-0.113279	0.734271	-0.669338	0.159608	0.678374	0.717171
4.3	0.98284	-0.00684128	-0.184334	-0.120667	0.731994	-0.670541	0.139519	0.681277	0.718607
4.33333	0.984521	0.00716332	-0.175119	-0.125286	0.727469	-0.674606	0.122561	0.686104	0.717106
4.36667	0.985827	0.0172997	-0.166871	-0.128168	0.719471	-0.682594	0.10825	0.694307	0.711491
4.4	0.987356	0.0261726	-0.156341	-0.127866	0.714428	-0.687926	0.0936896	0.699219	0.708742
4.43333	0.98934	0.0348022	-0.141404	-0.123699	0.713233	-0.689926	0.0768429	0.700063	0.709934
4.46667	0.991569	0.0403612	-0.123134	-0.114892	0.713288	-0.69139	0.059925	0.699708	0.711911
4.5	0.993721	0.0422466	-0.103606	-0.10272	0.711567	-0.69507	0.0443586	0.701347	0.711438
4.53333	0.9957	0.0453408	-0.0807806	-0.0890101	0.709841	-0.698715	0.0256611	0.702901	0.710825
4.56667	0.997126	0.0491678	-0.0576404	-0.0754998	0.708124	-0.70204	0.00629878	0.704374	0.709801
4.6	0.998019	0.0528302	-0.0341502	-0.061507	0.705614	-0.705922	-0.0131971	0.706624	0.707466
4.63333	0.998397	0.0556989	-0.0100911	-0.0464464	0.704187	-0.708494	-0.0323563	0.707827	0.705645
4.66667	0.998321	0.0558735	0.0152653	-0.0287714	0.707103	-0.706525	-0.0502702	0.704899	0.707524
4.7	0.997757	0.0534753	0.0402767	-0.00965401	0.710267	-0.703866	-0.0662466	0.701898	0.70919
4.73333	0.99681	0.0489709	0.0630247	0.00916475	0.714194	-0.699888	-0.079286	0.698233	0.711467
4.76667	0.995798	0.0437803	0.080437	0.0243381	0.72023	-0.693309	-0.0882864	0.692353	0.716137
4.8	0.994855	0.0377156	0.0940253	0.0377272	0.723431	-0.689365	-0.0940207	0.689365	0.718286
4.83333	0.993997	0.031237	0.104849	0.0495346	0.726011	-0.685897	-0.0975468	0.686974	0.720105
4.86667	0.993052	0.026229	0.114719	0.0594462	0.72951	-0.681382	-0.101561	0.683467	0.722882
4.9	0.991813	0.0235377	0.125511	0.0683481	0.732387	-0.67745	-0.107868	0.680482	0.724782
4.93333	0.990022	0.0249794	0.138679	0.0768127	0.729412	-0.679748	-0.118134	0.683618	0.720216
4.96667	0.987676	0.0303943	0.153532	0.0848297	0.720419	-0.688332	-0.131529	0.692873	0.708962
5	0.984796	0.0375082	0.169617	0.0938936	0.706566	-0.701391	-0.146154	0.706653	0.692301
5.03333	0.981447	0.0359546	0.188331	0.112571	0.687076	-0.717812	-0.155206	0.725695	0.670282
5.06667	0.97893	0.0287604	0.202162	0.132227	0.665149	-0.73491	-0.155604	0.746157	0.647331
5.1	0.97587	0.0238366	0.217047	0.151097	0.643873	-0.750065	-0.15763	0.764761	0.624735
5.13333	0.972864	0.0194723	0.230557	0.169193	0.619828	-0.766281	-0.157827	0.784496	0.599714
5.16667	0.96964	0.0125143	0.244217	0.189762	0.591394	-0.783737	-0.154236	0.806286	0.571064
5.2	0.966909	0.00517286	0.255071	0.209769	0.552921	-0.806396	-0.145205	0.833217	0.533539
5.23333	0.966549	0.000592555	0.256482	0.22154	0.501971	-0.836029	-0.129242	0.864884	0.485048
5.26667	0.968379	-0.00643378	0.2494	0.226738	0.439717	-0.869045	-0.104074	0.898113	0.427271
5.3	0.971887	-0.0183464	0.234732	0.224437	0.373513	-0.900065	-0.0711626	0.927444	0.36713
5.33333	0.975257	-0.0376232	0.217848	0.218642	0.309875	-0.925296	-0.0326932	0.950032	0.310434
5.36667	0.977543	-0.0665233	0.199963	0.210459	0.259366	-0.942569	0.0108391	0.963485	0.267542
5.4	0.978209	-0.102985	0.18028	0.200086	0.235778	-0.950986	0.0554315	0.966335	0.251246
5.43333	0.976689	-0.141205	0.161681	0.191997	0.237782	-0.952154	0.0960038	0.961	0.25935
5.46667	0.974422	-0.174205	0.141964	0.184449	0.259116	-0.948071	0.128373	0.950006	0.28462
5.5	0.972266	-0.201081	0.119435	0.175899	0.292141	-0.94006	0.154137	0.934997	0.319409
5.53333	0.970347	-0.222917	0.0934625	0.165752	0.332208	-0.928528	0.175936	0.916486	0.359305
5.56667	0.968465	-0.240859	0.0637405	0.155105	0.382628	-0.91079	0.194983	0.891954	0.40792
5.6	0.966931	-0.253049	0.0317971	0.144197	0.439596	-0.886545	0.210361	0.861813	0.461548
5.63333	0.965703	-0.259626	-0.00342035	0.132003	0.502256	-0.854584	0.22359	0.824823	0.519302
5.66667	0.964715	-0.259961	-0.0417887	0.115594	0.560764	-0.819867	0.236567	0.786107	0.571027
5.7	0.963652	-0.254719	-0.0805761	0.0955736	0.610326	-0.786364	0.24948	0.75008	0.612487
5.73333	0.961662	-0.246053	-0.121096	0.0719946	0.652599	-0.754276	0.264619	0.71664	0.645294
5.76667	0.958631	-0.236808	-0.157948	0.0483431	0.682268	-0.729502	0.280515	0.691688	0.665492
5.8	0.954679	-0.229033	-0.190082	0.0271998	0.703103	-0.710568	0.296391	0.673194	0.677467
5.83333	0.95111	-0.220835	-0.215923	0.00894717	0.718518	-0.695451	0.308724	0.659518	0.685365
5.86667	0.948708	-0.210733	-0.23568	-0.00655678	0.732183	-0.681076	0.316086	0.647687	0.693246
5.9	0.947788	-0.200713	-0.247815	-0.0173511	0.743482	-0.66853	0.318428	0.637925	0.701181
5.93333	0.948346	-0.192503	-0.252157	-0.0228834	0.751269	-0.659599	0.316413	0.631298	0.708057
5.96667	0.951122	-0.184176	-0.247884	-0.0244601	0.755241	-0.654991	0.307846	0.629039	0.713821
6	0.955795	-0.172678	-0.237987	-0.0243734	0.760073	-0.64938	0.293021	0.626475	0.722266
6.03333	0.958109	-0.149704	-0.244164	-0.0406284	0.772851	-0.633285	0.283507	0.616676	0.734394
6.06667	0.959241	-0.13698	-0.247172	-0.0509336	0.776534	-0.628013	0.277962	0.615005	0.737906
6.1	0.960715	-0.125438	-0.24757	-0.0634946	0.769033	-0.636048	0.270174	0.62678	0.730857
6.13333	0.96327	-0.112208	-0.243968	-0.0730631	0.764727	-0.640199	0.258405	0.634509	0.72844
6.16667	0.965954	-0.0935645	-0.241203	-0.0861425	0.762798	-0.640873	0.243952	0.639832	0.728768
6.2	0.968955	-0.0709969	-0.236826	-0.0993125	0.76544	-0.635797	0.226416	0.639578	0.734626
6.23333	0.971908	-0.0523968	-0.229453	-0.108543	0.765252	-0.634513	0.208836	0.641594	0.738068
6.26667	0.974191	-0.0382169	-0.222465	-0.115263	0.763157	-0.63585	0.194076	0.645082	0.739056
6.3	0.97639	-0.0250346	-0.214559	-0.120033	0.762921	-0.635251	0.179595	0.646007	0.741904
6.33333	0.978417	-0.0133112	-0.206212	-0.124003	0.76045	-0.637448	0.165299	0.649261	0.742386
6.36667	0.979793	-0.00660774	-0.199904	-0.126392	0.754155	-0.644418	0.155017	0.656663	0.738081
6.4	0.981019	-0.00358426	-0.193879	-0.125849	0.748889	-0.650636	0.147526	0.662686	0.734223
6.43333	0.982875	-0.00162016	-0.184267	-0.121935	0.744018	-0.656939	0.138162	0.668157	0.73108
6.46667	0.984966	0.000330838	-0.172746	-0.116272	0.74084	-0.661542	0.127758	0.671682	0.729741
6.5	0.987257	0.000761878	-0.159134	-0.107643	0.739703	-0.664269	0.117206	0.672933	0.730358
6.53333	0.989859	0.00298754	-0.142025	-0.0979045	0.738763	-0.666816	0.102931	0.673959	0.731563
6.56667	0.992486	0.00669049	-0.122176	-0.0872006	0.739135	-0.667889	0.0858362	0.673524	0.734164
6.6	0.994881	0.00943064	-0.100609	-0.0745583	0.740539	-0.667864	0.0682063	0.671947	0.737452
6.63333	0.996946	0.0110608	-0.0773086	-0.0599128	0.7433	-0.66627	0.050094	0.668867	0.741693
6.66667	0.998584	0.0113672	-0.0519766	-0.0431372	0.744822	-0.665867	0.0311443	0.667166	0.744258
6.7	0.999594	0.0112182	-0.0261872	-0.0257856	0.747087	-0.664226	0.0121127	0.664632	0.747073
6.73333	0.999959	0.00848284	-0.0031521	-0.00844259	0.749057	-0.662452	-0.00325837	0.662451	0.749098
6.76667	0.999861	0.00512191	0.0158794	0.00664493	0.750745	-0.660559	-0.0153047	0.660572	0.750606
6.8	0.999489	0.000161875	0.0319568	0.0209076	0.752967	-0.657726	-0.0241689	0.658058	0.752579
6.83333	0.998965	-0.0051788	0.0451969	0.033442	0.75714	-0.652396	-0.0308417	0.653232	0.756529
6.86667	0.998334	-0.00792269	0.057154	0.0432437	0.758523	-0.650209	-0.0382012	0.651598	0.757602
6.9	0.997433	-0.00964069	0.0709496	0.0535877	0.757702	-0.650396	-0.0474884	0.652529	0.756274
6.93333	0.996135	-0.00741185	0.0875237	0.0632593	0.751839	-0.656305	-0.0609393	0.659305	0.749402
6.96667	0.994459	-0.000375604	0.105127	0.0704354	0.744737	-0.663631	-0.0780424	0.667358	0.740636
7	0.992356	0.0100385	0.122996	0.075867	0.736457	-0.672217	-0.0973294	0.67641	0.730066
7.03333	0.989714	0.0212484	0.141472	0.0821479	0.725205	-0.683615	-0.117122	0.688205	0.716
7.06667	0.986153	0.0256751	0.163837	0.0973295	0.71029	-0.697148	-0.134271	0.703441	0.697956
7.1	0.982852	0.0243034	0.182785	0.115361	0.692276	-0.712352	-0.14385	0.721224	0.677601
7.13333	0.979484	0.0237439	0.200118	0.132372	0.672954	-0.727744	-0.15195	0.739303	0.656004
7.16667	0.975172	0.0228111	0.220272	0.152357	0.652745	-0.7421	-0.16071	0.757234	0.633063
7.2	0.97051	0.0202316	0.240212	0.174717	0.627517	-0.758747	-0.166088	0.77834	0.605476
7.23333	0.966663	0.016398	0.255525	0.195653	0.596445	-0.778443	-0.165171	0.802487	0.573353
7.26667	0.963706	0.0153688	0.266522	0.212888	0.558158	-0.801959	-0.161086	0.829593	0.534628
7.3	0.961847	0.0147068	0.273194	0.227633	0.510915	-0.828944	-0.15177	0.859505	0.488074
7.33333	0.962931	0.0104373	0.269546	0.236446	0.448303	-0.862043	-0.129836	0.893821	0.429217
7.36667	0.96663	-0.00363165	0.25615	0.238501	0.37772	-0.894676	-0.0935037	0.925913	0.365982
7.4	0.970795	-0.0283481	0.238231	0.235147	0.309353	-0.921416	-0.0475771	0.950525	0.306984
7.43333	0.974563	-0.0598702	0.215967	0.224112	0.260471	-0.939111	-2.82867e-05	0.963624	0.267263
7.46667	0.976668	-0.0968921	0.191655	0.210024	0.244648	-0.946593	0.0448295	0.964759	0.259289
7.5	0.976785	-0.134116	0.167043	0.197127	0.257501	-0.945957	0.0838546	0.956925	0.277961
7.53333	0.976146	-0.163978	0.142305	0.185862	0.292321	-0.938085	0.112227	0.942157	0.315825
7.56667	0.975943	-0.185013	0.115349	0.173676	0.339876	-0.924295	0.131802	0.922093	0.363832
7.6	0.975156	-0.204206	0.0858521	0.161192	0.38829	-0.90733	0.151947	0.898627	0.41156
7.63333	0.974076	-0.220031	0.0525658	0.147219	0.44012	-0.885788	0.171766	0.870563	0.461103
7.66667	0.973786	-0.226825	0.0170879	0.131426	0.49973	-0.856153	0.185657	0.835955	0.516441
7.7	0.973775	-0.226575	-0.0206323	0.113584	0.562723	-0.818805	0.197131	0.794989	0.573701
7.73333	0.973741	-0.219624	-0.0599416	0.0922993	0.621544	-0.777923	0.208107	0.751963	0.625494
7.76667	0.973322	-0.206881	-0.0992164	0.06664	0.668681	-0.740557	0.219552	0.714189	0.664629
7.8	0.971876	-0.19209	-0.136233	0.0385869	0.700574	-0.712536	0.232312	0.687239	0.688283
7.83333	0.969286	-0.179852	-0.167744	0.0127152	0.717797	-0.696137	0.245608	0.672623	0.698037
7.86667	0.966732	-0.169174	-0.19186	-0.00978293	0.725057	-0.688619	0.255606	0.667587	0.699281
7.9	0.964834	-0.160417	-0.208236	-0.025677	0.730884	-0.682018	0.261604	0.663381	0.701063
7.93333	0.964312	-0.151505	-0.217136	-0.036548	0.73608	-0.675907	0.262233	0.659721	0.704274
7.96667	0.965057	-0.141491	-0.220557	-0.0439449	0.742382	-0.668534	0.258329	0.654866	0.710223
8	0.967387	-0.131224	-0.216664	-0.0474347	0.746372	-0.663836	0.248823	0.652464	0.715806
8.03333	0.970832	-0.120472	-0.207294	-0.0485598	0.747875	-0.662061	0.23479	0.652816	0.720212
8.06667	0.973075	-0.102458	-0.206465	-0.0607594	0.750056	-0.658578	0.222337	0.65339	0.723635
8.1	0.974126	-0.0898709	-0.20737	-0.0719905	0.74636	-0.661638	0.214235	0.659447	0.720579
8.13333	0.975973	-0.08141	-0.202111	-0.0761157	0.741758	-0.666334	0.204164	0.665708	0.71774
8.16667	0.978042	-0.0689984	-0.196657	-0.0822162	0.739341	-0.668292	0.191508	0.669786	0.717434
8.2	0.979978	-0.0488396	-0.193022	-0.0934863	0.743073	-0.662648	0.175793	0.667426	0.72363
8.23333	0.981905	-0.0314583	-0.186744	-0.100332	0.749919	-0.653877	0.160612	0.660782	0.733192
8.26667	0.983431	-0.018887	-0.180299	-0.106607	0.744162	-0.659437	0.146626	0.667732	0.729818
8.3	0.984934	-0.00324493	-0.172898	-0.113794	0.740688	-0.662142	0.130212	0.671842	0.72916
8.33333	0.986096	0.0139842	-0.165586	-0.122215	0.736199	-0.665639	0.112595	0.676621	0.727672
8.36667	0.986947	0.0250846	-0.159078	-0.127552	0.724782	-0.677069	0.0983127	0.688522	0.718521
8.4	0.987935	0.0295108	-0.152034	-0.127252	0.714211	-0.688266	0.0882729	0.699308	0.709349
8.43333	0.989139	0.0344401	-0.14289	-0.125025	0.708299	-0.694753	0.0772814	0.705072	0.704912
8.46667	0.990999	0.0394928	-0.127913	-0.118234	0.706334	-0.697935	0.0627861	0.706776	0.704646
8.5	0.993079	0.0407086	-0.110166	-0.106611	0.705986	-0.700156	0.0492734	0.707055	0.70544
8.53333	0.995122	0.0389836	-0.090627	-0.0915567	0.707087	-0.701174	0.0367469	0.706051	0.707207
8.56667	0.996799	0.0395252	-0.069494	-0.0769764	0.70927	-0.700721	0.0215938	0.703828	0.710042
8.6	0.998063	0.0406245	-0.0471235	-0.0620189	0.710036	-0.701429	0.00496414	0.702993	0.71118
8.63333	0.998819	0.0420567	-0.0243382	-0.0469939	0.708705	-0.703938	-0.0123567	0.70425	0.709845
8.66667	0.999087	0.0427028	-0.000938176	-0.0309252	0.708036	-0.705499	-0.0294625	0.704884	0.708711
8.7	0.998823	0.0426233	0.0231529	-0.0139225	0.709161	-0.704909	-0.0464646	0.703757	0.70892
8.73333	0.998159	0.0386953	0.0467114	0.00534422	0.710993	-0.703179	-0.0604212	0.702134	0.709477
8.76667	0.997258	0.0345284	0.0654543	0.0214351	0.711788	-0.702067	-0.0708309	0.701545	0.709097
8.8	0.996579	0.0290992	0.0773587	0.0335466	0.712995	-0.700366	-0.0755365	0.700565	0.70958
8.83333	0.996146	0.023511	0.0845009	0.042344	0.714792	-0.698054	-0.0768125	0.698942	0.711041
8.86667	0.995861	0.018906	0.0888961	0.0484151	0.717425	-0.694951	-0.076915	0.696379	0.713541
8.9	0.995462	0.0165231	0.0937172	0.0534607	0.71762	-0.69438	-0.0787267	0.696239	0.71348
8.93333	0.994657	0.0150887	0.102122	0.0607501	0.714264	-0.697235	-0.0834624	0.699713	0.709532
8.96667	0.993416	0.0168892	0.113315	0.0677974	0.710635	-0.700286	-0.092353	0.703358	0.704811
9	0.99204	0.0199056	0.12434	0.0742713	0.704892	-0.705415	-0.101688	0.709035	0.697803
9.03333	0.990505	0.0195999	0.136071	0.0840662	0.69681	-0.712313	-0.108777	0.716988	0.688546
9.06667	0.988837	0.0114661	0.14856	0.100266	0.686317	-0.720358	-0.110219	0.727212	0.677506
9.1	0.986778	0.00373068	0.162033	0.117017	0.675325	-0.728178	-0.112142	0.737511	0.665959
9.13333	0.984314	-0.00365567	0.176389	0.134053	0.665487	-0.734273	-0.1147	0.7464	0.655538
9.16667	0.981349	-0.0101237	0.19197	0.152082	0.651701	-0.743073	-0.117584	0.758408	0.641086
9.2	0.977461	-0.0169084	0.210436	0.173678	0.631096	-0.756012	-0.120022	0.775521	0.619808
9.23333	0.972692	-0.0236703	0.23089	0.197587	0.606392	-0.770226	-0.121779	0.794814	0.594509
9.26667	0.967801	-0.0329784	0.249548	0.221827	0.580312	-0.783601	-0.118974	0.813726	0.568942
9.3	0.964224	-0.0440222	0.261409	0.241953	0.54906	-0.799995	-0.108312	0.834623	0.540068
9.33333	0.963118	-0.054079	0.26359	0.254362	0.502527	-0.826297	-0.0877761	0.862868	0.497749
9.36667	0.964132	-0.0652343	0.25728	0.259528	0.43483	-0.862304	-0.0556214	0.898147	0.436164
9.4	0.966862	-0.0828084	0.241499	0.255022	0.357515	-0.898413	-0.0119433	0.930229	0.366786
9.43333	0.96995	-0.107358	0.218336	0.240665	0.29155	-0.925786	0.0357344	0.950512	0.308626
9.46667	0.970961	-0.136751	0.196303	0.225993	0.255027	-0.940153	0.0785043	0.957215	0.278526
9.5	0.970492	-0.167463	0.1735	0.21156	0.246064	-0.945883	0.115709	0.954677	0.274232
9.53333	0.969449	-0.195201	0.148542	0.197078	0.259289	-0.945479	0.146043	0.945868	0.289837
9.56667	0.968064	-0.218571	0.122792	0.184131	0.287487	-0.939919	0.170138	0.932512	0.318551
9.6	0.966645	-0.237906	0.0948614	0.171472	0.326015	-0.929684	0.190251	0.91494	0.355935
9.63333	0.965107	-0.253895	0.0640735	0.159556	0.376174	-0.912708	0.207629	0.891084	0.403559
9.66667	0.963909	-0.264442	0.0308108	0.148264	0.437071	-0.887123	0.221126	0.859674	0.460504
9.7	0.963233	-0.268583	-0.0067166	0.13482	0.504833	-0.852624	0.232391	0.82037	0.522482
9.73333	0.962738	-0.265986	-0.0488559	0.116026	0.569434	-0.813808	0.244282	0.777815	0.579077
9.76667	0.961579	-0.258323	-0.0929218	0.0922236	0.62277	-0.77695	0.258573	0.73853	0.622667
9.8	0.958928	-0.249323	-0.135262	0.0668038	0.661956	-0.746559	0.275672	0.70686	0.651424
9.83333	0.954422	-0.242725	-0.173677	0.0436089	0.689073	-0.723379	0.295259	0.682834	0.668251
9.86667	0.948717	-0.238831	-0.207115	0.0223578	0.704212	-0.709638	0.315337	0.668614	0.673437
9.9	0.943298	-0.235209	-0.234235	0.00489684	0.715421	-0.698676	0.331911	0.657913	0.676007
9.93333	0.939604	-0.229129	-0.254252	-0.00759081	0.728722	-0.684768	0.342179	0.645341	0.682971
9.96667	0.937567	-0.22257	-0.267266	-0.015013	0.741821	-0.67043	0.347481	0.632585	0.692165
10	0.937474	-0.216663	-0.272396	-0.018184	0.751065	-0.659977	0.347579	0.623665	0.700165
10.0333	0.939412	-0.208662	-0.271964	-0.0190834	0.76032	-0.649268	0.342257	0.615121	0.710272
10.0667	0.944222	-0.196561	-0.264214	-0.0191453	0.768202	-0.639921	0.328754	0.609285	0.72159
10.1	0.949063	-0.176528	-0.260994	-0.0253937	0.782777	-0.621784	0.314063	0.596739	0.738422
10.1333	0.95103	-0.160018	-0.264454	-0.0388753	0.786852	-0.615916	0.306644	0.596036	0.742099
10.1667	0.953515	-0.147737	-0.262646	-0.0491031	0.783756	-0.619125	0.297318	0.603242	0.740069
10.2	0.957766	-0.128054	-0.257463	-0.0621012	0.782123	-0.620022	0.280764	0.609824	0.741138
10.2333	0.962302	-0.107587	-0.249799	-0.0698117	0.789963	-0.609168	0.26287	0.603642	0.752672
10.2667	0.965603	-0.0939491	-0.242456	-0.075346	0.791345	-0.606709	0.248866	0.604108	0.757046
10.3	0.969246	-0.0804904	-0.232559	-0.0808281	0.788454	-0.60976	0.232442	0.609805	0.7577
10.3333	0.972902	-0.0642233	-0.222121	-0.0872261	0.787728	-0.609816	0.214135	0.612666	0.76078
10.3667	0.975442	-0.0537115	-0.213606	-0.0910532	0.784725	-0.61312	0.200553	0.617513	0.760563
10.4	0.977746	-0.0451397	-0.20488	-0.0933758	0.780881	-0.617661	0.187868	0.623046	0.759288
10.4333	0.980479	-0.0364105	-0.193222	-0.0941181	0.775897	-0.6238	0.172633	0.629808	0.757324
10.4667	0.983484	-0.0288132	-0.178684	-0.0924468	0.768779	-0.632797	0.155602	0.638865	0.753419
10.5	0.986604	-0.0220994	-0.161632	-0.0878591	0.762837	-0.640594	0.137456	0.646213	0.750676
10.5333	0.989689	-0.016234	-0.142309	-0.0805966	0.758217	-0.647002	0.118405	0.6518	0.749091
10.5667	0.992726	-0.00799045	-0.120134	-0.0725161	0.756832	-0.649574	0.0961118	0.65356	0.750747
10.6	0.995416	-0.000655506	-0.0956419	-0.0620196	0.756823	-0.650671	0.0728105	0.653619	0.753313
10.6333	0.997534	0.00415114	-0.0700559	-0.0490902	0.754654	-0.654284	0.0501519	0.65611	0.752997
10.6667	0.999067	0.00688206	-0.042628	-0.0332544	0.752359	-0.657914	0.0275438	0.658718	0.751886
10.7	0.999875	0.00694237	-0.0142085	-0.014595	0.751015	-0.660124	0.00608793	0.660249	0.751022
10.7333	0.999909	0.00644101	0.0118324	0.00300252	0.749665	-0.661811	-0.0131331	0.661787	0.749577
10.7667	0.999525	0.0061204	0.0302145	0.0153652	0.750778	-0.660375	-0.0267262	0.660526	0.750328
10.8	0.998874	0.00380033	0.0472975	0.0283723	0.751127	-0.659547	-0.0380329	0.660146	0.750174
10.8333	0.998266	0.00169274	0.0588422	0.0376983	0.749338	-0.661114	-0.0452118	0.662185	0.747975
10.8667	0.997706	-0.00143155	0.0676785	0.0460706	0.746874	-0.663368	-0.0495976	0.664965	0.745226
10.9	0.997073	-0.00459991	0.0763106	0.0544226	0.743737	-0.666253	-0.0536903	0.668457	0.741811
10.9333	0.996144	-0.00693275	0.0874545	0.0638759	0.740638	-0.668861	-0.0601351	0.671869	0.738225
10.9667	0.994918	-0.0055989	0.100537	0.0725526	0.73221	-0.677204	-0.0698229	0.681056	0.728895
11	0.993245	0.000159331	0.116032	0.0801987	0.721745	-0.687497	-0.0838554	0.692159	0.716857
11.0333	0.991173	0.0084397	0.132304	0.0873201	0.709355	-0.699421	-0.0997533	0.7048	0.702357
11.0667	0.988646	0.00963029	0.149955	0.101372	0.693897	-0.712903	-0.110919	0.72001	0.685042
11.1	0.985777	0.00447355	0.168	0.121165	0.673808	-0.728904	-0.116461	0.738893	0.663683
11.1333	0.983213	-0.000416067	0.182459	0.139029	0.649317	-0.747702	-0.118163	0.760517	0.638475
11.1667	0.980185	-0.00895565	0.19788	0.161132	0.617075	-0.770231	-0.115209	0.786854	0.606291
11.2	0.976436	-0.0193733	0.214936	0.187155	0.571911	-0.798681	-0.107451	0.820087	0.562061
11.2333	0.973811	-0.0314232	0.225177	0.209029	0.513331	-0.832345	-0.0894351	0.857615	0.506455
11.2667	0.972945	-0.0446759	0.226674	0.223094	0.4367	-0.871506	-0.0600533	0.898497	0.434852
11.3	0.973335	-0.0616279	0.220953	0.228391	0.350022	-0.908472	-0.0213513	0.934712	0.354764
11.3333	0.974812	-0.0849145	0.206229	0.221724	0.269186	-0.937218	0.0240694	0.959337	0.281234
