0	0.955863	-0.293814	0	0.293814	0.955863	0	0	0	1
0.0333333	0.859996	-0.469291	-0.200433	0.457958	0.883036	-0.102573	0.225126	-0.00357774	0.974323
0.0666667	0.807962	-0.468765	-0.357012	0.430049	0.883319	-0.186564	0.40281	-0.00279619	0.915279
0.1	0.769154	-0.454761	-0.448993	0.389663	0.890597	-0.23452	0.506523	0.00542618	0.862209
0.133333	0.742109	-0.439337	-0.506219	0.35254	0.898171	-0.262685	0.570079	0.0164784	0.821424
0.166667	0.724303	-0.425818	-0.542278	0.322574	0.904395	-0.279314	0.60937	0.0273832	0.792413
0.2	0.713426	-0.414348	-0.5651	0.29907	0.909353	-0.289196	0.633704	0.0373157	0.772675
0.233333	0.707132	-0.405377	-0.579339	0.281701	0.91302	-0.295023	0.648544	0.0454202	0.759821
0.266667	0.70384	-0.398837	-0.587825	0.269653	0.915576	-0.298342	0.657189	0.0514765	0.751966
0.3	0.700829	-0.39438	-0.594393	0.261035	0.917259	-0.300825	0.663852	0.0556696	0.745789
0.333333	0.698571	-0.391067	-0.59922	0.254606	0.91848	-0.302605	0.668711	0.058826	0.741192
0.366667	0.696808	-0.389475	-0.602302	0.25117	0.919057	-0.303723	0.671842	0.0603559	0.738231
0.4	0.69705	-0.387707	-0.603163	0.248462	0.919691	-0.304031	0.672598	0.062062	0.737401
0.433333	0.697871	-0.385922	-0.603358	0.246023	0.920324	-0.3041	0.672643	0.0637829	0.737213
0.466667	0.698917	-0.384441	-0.603092	0.244186	0.920844	-0.304007	0.672226	0.065209	0.737468
0.5	0.697316	-0.383096	-0.605795	0.241233	0.921311	-0.304947	0.67495	0.0665066	0.73486
0.533333	0.69461	-0.382239	-0.609434	0.238501	0.921606	-0.306201	0.6787	0.0673397	0.731322
0.566667	0.694649	-0.381259	-0.610004	0.236948	0.921942	-0.306396	0.679204	0.0682984	0.730765
0.6	0.694991	-0.380969	-0.609796	0.236655	0.922041	-0.306325	0.678957	0.0685816	0.730968
0.633333	0.695994	-0.380374	-0.609022	0.236208	0.922243	-0.306062	0.678085	0.0691614	0.731723
0.666667	0.696361	-0.380545	-0.608496	0.236665	0.922185	-0.305883	0.677548	0.0689954	0.732235
0.7	0.697321	-0.380187	-0.607619	0.236576	0.922307	-0.305585	0.67659	0.069343	0.733087
0.733333	0.69841	-0.379859	-0.606573	0.236599	0.922418	-0.305231	0.675459	0.0696613	0.7341
0.766667	0.695282	-0.378525	-0.610984	0.232897	0.922867	-0.306716	0.679957	0.070958	0.72981
0.8	0.694341	-0.377993	-0.612382	0.231574	0.923045	-0.307183	0.681369	0.0714785	0.728441
0.833333	0.693627	-0.377775	-0.613325	0.230866	0.923118	-0.307498	0.682336	0.0716924	0.727515
0.866667	0.696361	-0.379227	-0.609318	0.234563	0.922631	-0.306156	0.678279	0.0702714	0.731437
0.9	0.695217	-0.379231	-0.610621	0.233995	0.92263	-0.306594	0.679647	0.0702676	0.730166
0.933333	0.693456	-0.378398	-0.613134	0.231777	0.922909	-0.307437	0.682201	0.0710838	0.727701
0.966667	0.691601	-0.378906	-0.614913	0.231662	0.92274	-0.308033	0.68412	0.0705834	0.725946
1	0.6918	-0.3801	-0.613951	0.233684	0.922338	-0.307709	0.683231	0.0694026	0.726897
1.03333	0.692414	-0.38101	-0.612694	0.235455	0.92203	-0.307283	0.682	0.0685054	0.728137
1.06667	0.694026	-0.381142	-0.610785	0.236476	0.921984	-0.306633	0.680005	0.0683752	0.730013
1.1	0.695933	-0.380956	-0.608728	0.237135	0.922048	-0.305932	0.677823	0.0685574	0.732022
1.13333	0.694976	-0.380144	-0.610327	0.235354	0.922324	-0.306475	0.679424	0.0693495	0.730461
1.16667	0.691896	-0.379978	-0.613919	0.233543	0.92238	-0.307689	0.683182	0.0695127	0.726932
1.2	0.691859	-0.379905	-0.614006	0.233407	0.922405	-0.307719	0.683266	0.0695851	0.726846
1.23333	0.69104	-0.380911	-0.614305	0.234615	0.922064	-0.30782	0.683681	0.0685906	0.72655
1.26667	0.691594	-0.381132	-0.613544	0.235249	0.921989	-0.307562	0.682903	0.068372	0.727303
1.3	0.692816	-0.380787	-0.612378	0.235308	0.922106	-0.307165	0.681642	0.0687117	0.728452
1.33333	0.692536	-0.380828	-0.612669	0.235233	0.922092	-0.307264	0.681952	0.0686713	0.728166
1.36667	0.690782	-0.379571	-0.615424	0.232331	0.922517	-0.308195	0.684721	0.0699135	0.725444
1.4	0.690513	-0.378929	-0.61612	0.231163	0.922733	-0.308428	0.685386	0.0705496	0.724754
1.43333	0.689607	-0.378815	-0.617204	0.230526	0.922771	-0.308791	0.686513	0.0706631	0.723676
1.46667	0.689394	-0.378656	-0.617539	0.230163	0.922824	-0.308903	0.686848	0.0708214	0.723342
1.5	0.689768	-0.378704	-0.617093	0.230427	0.922808	-0.308754	0.686385	0.0707738	0.723786
1.53333	0.689061	-0.378805	-0.617821	0.230236	0.922774	-0.308997	0.687159	0.0706733	0.723062
1.56667	0.688882	-0.378679	-0.618097	0.229943	0.922816	-0.30909	0.687436	0.0707988	0.722786
1.6	0.689405	-0.378898	-0.617379	0.230559	0.922743	-0.30885	0.686705	0.0705802	0.723502
1.63333	0.69017	-0.379256	-0.616304	0.231518	0.922623	-0.308489	0.685612	0.0702245	0.724572
1.66667	0.690816	-0.379549	-0.615399	0.232314	0.922525	-0.308186	0.684693	0.0699337	0.725469
1.7	0.69139	-0.379569	-0.614741	0.232634	0.922518	-0.307964	0.684003	0.0699136	0.726121
1.73333	0.689514	-0.379005	-0.617192	0.230786	0.922707	-0.308787	0.68652	0.0704735	0.723688
1.76667	0.688511	-0.379046	-0.618285	0.23035	0.922694	-0.309152	0.687671	0.070433	0.722598
1.8	0.690636	-0.379938	-0.615361	0.232852	0.922394	-0.30817	0.684691	0.0695454	0.725508
1.83333	0.690546	-0.379372	-0.615811	0.231897	0.922584	-0.308322	0.685106	0.0701058	0.725062
1.86667	0.692505	-0.379333	-0.613631	0.232815	0.922597	-0.307589	0.682813	0.0701444	0.727218
1.9	0.695487	-0.380155	-0.609738	0.235629	0.92232	-0.306275	0.678806	0.069338	0.731037
1.93333	0.692332	-0.378787	-0.614163	0.231853	0.922781	-0.307765	0.683316	0.0706798	0.726694
1.96667	0.691571	-0.378472	-0.615214	0.230965	0.922886	-0.308116	0.684386	0.0709915	0.725655
2	0.693984	-0.379973	-0.611561	0.234586	0.922382	-0.306889	0.680703	0.0695123	0.729254
2.03333	0.691719	-0.379085	-0.61467	0.232025	0.922681	-0.307935	0.683878	0.070386	0.726193
2.06667	0.690383	-0.378016	-0.616827	0.229635	0.923038	-0.308656	0.686031	0.0714453	0.724056
2.1	0.690556	-0.377257	-0.617098	0.228499	0.92329	-0.308746	0.686237	0.0721997	0.723786
2.13333	0.693437	-0.377946	-0.613434	0.23105	0.923061	-0.307529	0.682466	0.0715179	0.72741
2.16667	0.694541	-0.375877	-0.613457	0.228287	0.923746	-0.307536	0.682274	0.0735522	0.727387
2.2	0.695303	-0.373146	-0.61426	0.224299	0.924635	-0.307798	0.68282	0.0762345	0.726598
2.23333	0.702758	-0.37079	-0.607162	0.224297	0.925391	-0.305519	0.675146	0.0785213	0.733493
2.26667	0.706552	-0.366045	-0.605636	0.218722	0.926883	-0.305039	0.673012	0.0830599	0.734953
2.3	0.711311	-0.362155	-0.602396	0.215024	0.928073	-0.304047	0.66918	0.0867423	0.73802
2.33333	0.713335	-0.35867	-0.602087	0.210615	0.929114	-0.303954	0.668427	0.0900131	0.738311
2.36667	0.715752	-0.356411	-0.600559	0.208326	0.929777	-0.303506	0.666558	0.0921233	0.739739
2.4	0.716101	-0.353919	-0.601615	0.204641	0.930495	-0.30381	0.667324	0.0944438	0.738755
2.43333	0.717667	-0.35279	-0.600411	0.203684	0.930817	-0.303467	0.665933	0.0954939	0.739874
2.46667	0.719319	-0.353074	-0.598263	0.20496	0.930736	-0.302856	0.663755	0.0952301	0.741863
2.5	0.724062	-0.351145	-0.593659	0.204401	0.931283	-0.301549	0.658752	0.0969956	0.746082
2.53333	0.727187	-0.349024	-0.591085	0.202746	0.931879	-0.300826	0.655815	0.0989169	0.748413
2.56667	0.729118	-0.348048	-0.589279	0.202241	0.93215	-0.300324	0.653824	0.0997949	0.750037
2.6	0.729205	-0.348238	-0.589059	0.202576	0.932097	-0.300263	0.653623	0.0996241	0.750234
2.63333	0.727989	-0.34862	-0.590336	0.202537	0.931991	-0.300618	0.654989	0.0992816	0.749088
2.66667	0.726592	-0.349452	-0.591564	0.203096	0.931759	-0.30096	0.656366	0.0985313	0.747981
2.7	0.725254	-0.349795	-0.593001	0.202939	0.931663	-0.301362	0.657892	0.098221	0.74668
2.73333	0.724062	-0.350002	-0.594334	0.202651	0.931605	-0.301735	0.659293	0.0980328	0.745468
2.76667	0.723762	-0.349954	-0.594727	0.202426	0.931619	-0.301845	0.659691	0.0980763	0.74511
2.8	0.724368	-0.349432	-0.594296	0.201933	0.931764	-0.301725	0.659176	0.0985519	0.745503
2.83333	0.724589	-0.348989	-0.594288	0.201367	0.931888	-0.301723	0.659107	0.0989545	0.74551
2.86667	0.72449	-0.349185	-0.594293	0.201618	0.931833	-0.301724	0.659139	0.098776	0.745506
2.9	0.724594	-0.350173	-0.593585	0.203183	0.931557	-0.301526	0.658544	0.0978779	0.74615
2.93333	0.726449	-0.35041	-0.591172	0.204489	0.931491	-0.300848	0.656091	0.0976629	0.748336
2.96667	0.726761	-0.353516	-0.588936	0.209393	0.930606	-0.300212	0.654197	0.0948629	0.750351
3	0.724307	-0.358077	-0.589203	0.215128	0.929272	-0.30029	0.655056	0.0907477	0.750111
3.03333	0.721119	-0.360084	-0.591884	0.216595	0.928672	-0.301089	0.658084	0.0889219	0.747676
3.06667	0.717191	-0.360562	-0.596349	0.21534	0.928529	-0.302427	0.662771	0.08848	0.743576
3.1	0.710117	-0.364262	-0.602534	0.217525	0.927407	-0.304301	0.66964	0.0850227	0.737803
3.13333	0.702619	-0.370417	-0.607551	0.223429	0.925486	-0.305868	0.675578	0.0791642	0.733026
3.16667	0.696343	-0.375633	-0.611561	0.228567	0.923801	-0.307163	0.680341	0.0741083	0.729139
3.2	0.691534	-0.37891	-0.614986	0.231408	0.922715	-0.308298	0.684274	0.0708859	0.725771
3.23333	0.688529	-0.381819	-0.616556	0.234594	0.921732	-0.308829	0.686217	0.067997	0.724212
3.26667	0.687746	-0.383282	-0.616523	0.236567	0.921232	-0.308818	0.686325	0.0665387	0.724245
3.3	0.688106	-0.384646	-0.615271	0.238955	0.92076	-0.308384	0.685136	0.0651787	0.725494
3.33333	0.690803	-0.384999	-0.612019	0.240881	0.920637	-0.307251	0.681738	0.0648263	0.728718
3.36667	0.696656	-0.382351	-0.607024	0.239572	0.921554	-0.30552	0.676222	0.0674167	0.733607
3.4	0.704037	-0.379146	-0.600483	0.238195	0.922648	-0.303289	0.669025	0.0704944	0.739889
3.43333	0.709174	-0.376049	-0.596372	0.23591	0.923687	-0.30191	0.664394	0.0734166	0.743768
3.46667	0.712879	-0.37434	-0.59302	0.23511	0.924253	-0.300799	0.660702	0.0750086	0.746891
3.5	0.713554	-0.373898	-0.592487	0.234761	0.924398	-0.300624	0.660097	0.0754183	0.747385
3.53333	0.71297	-0.373853	-0.593218	0.234395	0.924413	-0.300864	0.660858	0.07546	0.746708
3.56667	0.712601	-0.37402	-0.593556	0.234469	0.924358	-0.300975	0.661229	0.075305	0.746395
3.6	0.712182	-0.374454	-0.593786	0.234934	0.924215	-0.301051	0.661516	0.0749026	0.746181
3.63333	0.713045	-0.374109	-0.592967	0.234833	0.924329	-0.300781	0.660621	0.0752223	0.746941
3.66667	0.71618	-0.371492	-0.59083	0.232345	0.925185	-0.300082	0.658105	0.0776364	0.748913
3.7	0.72103	-0.366847	-0.587826	0.227613	0.926671	-0.29912	0.654452	0.0818777	0.751657
3.73333	0.726691	-0.360876	-0.584541	0.221317	0.928523	-0.298101	0.650338	0.0872587	0.754617
3.76667	0.731788	-0.354423	-0.582126	0.214079	0.930449	-0.29738	0.647037	0.0929985	0.756766
3.8	0.736861	-0.347054	-0.580163	0.205524	0.932554	-0.29682	0.644046	0.0994777	0.758491
3.83333	0.740362	-0.34094	-0.579331	0.198131	0.934225	-0.296593	0.642346	0.104803	0.759215
3.86667	0.742228	-0.336464	-0.57956	0.192394	0.935404	-0.296654	0.641936	0.108681	0.759017
3.9	0.742351	-0.334124	-0.580755	0.188967	0.936005	-0.296962	0.642811	0.110706	0.757983
3.93333	0.740466	-0.333468	-0.583531	0.187026	0.936171	-0.297665	0.645547	0.111276	0.755571
3.96667	0.737382	-0.333606	-0.587346	0.185662	0.936137	-0.298627	0.64946	0.111154	0.752228
4	0.733034	-0.33566	-0.591602	0.186546	0.935617	-0.299703	0.654111	0.109331	0.748455
4.03333	0.728932	-0.338688	-0.594936	0.189052	0.934839	-0.300558	0.657965	0.106613	0.745464
4.06667	0.727686	-0.33959	-0.595945	0.189793	0.934605	-0.30082	0.659129	0.105796	0.744551
4.1	0.729258	-0.338743	-0.594504	0.189301	0.934825	-0.300446	0.657531	0.106562	0.745853
4.13333	0.73131	-0.337659	-0.592598	0.188696	0.935105	-0.299953	0.655423	0.107537	0.747567
4.16667	0.732928	-0.337325	-0.590786	0.18901	0.935192	-0.299486	0.653522	0.107837	0.749186
4.2	0.733103	-0.338524	-0.589883	0.190909	0.934881	-0.299252	0.652774	0.106769	0.749991
4.23333	0.730049	-0.341396	-0.592011	0.193708	0.934126	-0.29981	0.655367	0.104199	0.748088
4.26667	0.725711	-0.344684	-0.59543	0.196517	0.933245	-0.300725	0.659337	0.101227	0.745002
4.3	0.722657	-0.347445	-0.597536	0.199199	0.932491	-0.301299	0.661881	0.0987067	0.743082
4.33333	0.719637	-0.348693	-0.600446	0.199596	0.932146	-0.302103	0.665044	0.0975575	0.740404
4.36667	0.716761	-0.349152	-0.603611	0.198858	0.932018	-0.302981	0.668363	0.0971322	0.737466
4.4	0.711603	-0.351102	-0.608562	0.199296	0.931474	-0.304362	0.673723	0.0953015	0.732813
4.43333	0.706911	-0.352772	-0.613049	0.199557	0.931005	-0.305625	0.678568	0.0937117	0.728535
4.46667	0.704994	-0.352626	-0.615336	0.198374	0.931046	-0.30627	0.680904	0.0938521	0.726334
4.5	0.7053	-0.351182	-0.615811	0.19626	0.93145	-0.306403	0.681201	0.0952469	0.725875
4.53333	0.708441	-0.347127	-0.614503	0.19148	0.932562	-0.306044	0.679299	0.0991494	0.727133
4.56667	0.712473	-0.342696	-0.612324	0.186597	0.933741	-0.305466	0.676434	0.103378	0.729212
4.6	0.71651	-0.338733	-0.609814	0.182486	0.934764	-0.304818	0.673284	0.107123	0.731582
4.63333	0.7217	-0.33464	-0.605941	0.178801	0.935792	-0.303846	0.668714	0.110943	0.735196
4.66667	0.729152	-0.329218	-0.59996	0.174301	0.937112	-0.302391	0.661783	0.115916	0.74068
4.7	0.740373	-0.322236	-0.589926	0.1695	0.938745	-0.300045	0.650475	0.122153	0.74964
4.73333	0.753269	-0.314522	-0.577634	0.164708	0.940471	-0.297298	0.636755	0.128804	0.760232
4.76667	0.764774	-0.308252	-0.565775	0.161556	0.941818	-0.294752	0.623715	0.134014	0.770078
4.8	0.776636	-0.303212	-0.552177	0.160568	0.942871	-0.291911	0.609143	0.138047	0.780953
4.83333	0.784751	-0.300217	-0.542251	0.160648	0.943487	-0.28987	0.598631	0.140364	0.788631
4.86667	0.786277	-0.299919	-0.540201	0.161046	0.943548	-0.28945	0.596517	0.140591	0.790191
4.9	0.784942	-0.301369	-0.541334	0.16237	0.94325	-0.289683	0.597915	0.139488	0.789329
4.93333	0.785113	-0.302393	-0.540515	0.163902	0.943037	-0.289513	0.597272	0.138709	0.789953
4.96667	0.78468	-0.303171	-0.540708	0.164766	0.942874	-0.289553	0.597604	0.138117	0.789806
5	0.783599	-0.304666	-0.541434	0.166295	0.942558	-0.289706	0.598597	0.136976	0.789253
5.03333	0.783583	-0.306232	-0.540573	0.168497	0.942224	-0.289523	0.598002	0.13578	0.78991
5.06667	0.78021	-0.311861	-0.542231	0.174661	0.940988	-0.289887	0.600638	0.131466	0.788639
5.1	0.772569	-0.322045	-0.547197	0.185128	0.938628	-0.29104	0.607343	0.123547	0.784774
5.13333	0.762405	-0.332019	-0.555429	0.19418	0.936164	-0.293072	0.617279	0.115586	0.778208
5.16667	0.752311	-0.337278	-0.565926	0.196604	0.934809	-0.295769	0.628789	0.111247	0.769577
5.2	0.742861	-0.340566	-0.576345	0.196581	0.933946	-0.298498	0.639933	0.108444	0.76074
5.23333	0.73507	-0.345788	-0.583184	0.200408	0.932544	-0.300331	0.647695	0.10389	0.754783
5.26667	0.729631	-0.35214	-0.586205	0.207248	0.930776	-0.301173	0.65168	0.0982555	0.752103
5.3	0.725405	-0.357001	-0.588504	0.21251	0.929373	-0.301836	0.654696	0.0938904	0.750039
5.33333	0.720544	-0.359647	-0.59285	0.214092	0.928593	-0.303117	0.659531	0.0914847	0.74609
5.36667	0.714235	-0.360775	-0.599757	0.212625	0.928257	-0.30517	0.666827	0.0904398	0.739704
5.4	0.705933	-0.361276	-0.609211	0.209199	0.928109	-0.307977	0.676679	0.0899647	0.730761
5.43333	0.693234	-0.365028	-0.621435	0.208762	0.926988	-0.311627	0.689815	0.0862987	0.718824
5.46667	0.678084	-0.371459	-0.634209	0.211604	0.925017	-0.315544	0.703865	0.0797644	0.705841
5.5	0.667549	-0.375599	-0.642887	0.2132	0.923709	-0.318287	0.713389	0.0754087	0.696699
5.53333	0.664155	-0.375996	-0.646162	0.212182	0.923582	-0.319335	0.716852	0.0749835	0.693181
5.56667	0.666316	-0.373292	-0.645504	0.208742	0.924438	-0.319126	0.715856	0.077895	0.69389
5.6	0.673553	-0.368528	-0.640713	0.20444	0.925907	-0.317648	0.710303	0.0829649	0.69899
5.63333	0.684586	-0.361963	-0.632712	0.19921	0.927858	-0.315269	0.701183	0.0897861	0.707306
5.66667	0.698423	-0.354239	-0.621868	0.193753	0.930053	-0.312187	0.688959	0.0975496	0.718205
5.7	0.712942	-0.346467	-0.609651	0.188876	0.93216	-0.308873	0.675307	0.105061	0.730016
5.73333	0.726702	-0.33914	-0.597401	0.184609	0.934062	-0.305693	0.661682	0.111862	0.741393
5.76667	0.73863	-0.33293	-0.58616	0.181358	0.935613	-0.302882	0.649257	0.117413	0.751452
5.8	0.746964	-0.328894	-0.577818	0.179664	0.936594	-0.300851	0.64013	0.120912	0.758693
5.83333	0.751946	-0.326187	-0.572869	0.178265	0.937241	-0.299668	0.634664	0.123212	0.762902
5.86667	0.755717	-0.322726	-0.569859	0.175155	0.938053	-0.298961	0.631041	0.126116	0.76543
5.9	0.758598	-0.318576	-0.568365	0.170603	0.939	-0.298619	0.628828	0.129567	0.766673
5.93333	0.761076	-0.315093	-0.566992	0.166836	0.939774	-0.298314	0.62684	0.132445	0.767808
5.96667	0.763081	-0.31321	-0.565338	0.16516	0.940184	-0.297953	0.624844	0.133991	0.769166
6	0.765141	-0.312165	-0.563127	0.164736	0.940409	-0.297476	0.622432	0.134843	0.770971
6.03333	0.769933	-0.309464	-0.558064	0.163386	0.940987	-0.296391	0.616853	0.137022	0.775059
6.06667	0.777589	-0.304198	-0.550291	0.159949	0.942088	-0.294765	0.608089	0.141188	0.781213
6.1	0.784602	-0.299135	-0.543063	0.156561	0.943114	-0.2933	0.599906	0.145102	0.786802
6.13333	0.789095	-0.295962	-0.538272	0.154539	0.943741	-0.292353	0.594514	0.14751	0.790439
6.16667	0.790285	-0.295209	-0.536937	0.154133	0.943888	-0.292092	0.593037	0.148076	0.791442
6.2	0.788055	-0.296428	-0.539537	0.154628	0.94365	-0.292601	0.595869	0.147158	0.789484
6.23333	0.783465	-0.299986	-0.544234	0.157149	0.942944	-0.293531	0.601238	0.144446	0.785906
6.26667	0.779814	-0.302794	-0.547911	0.159153	0.942376	-0.294274	0.605442	0.142277	0.783069
6.3	0.778972	-0.302859	-0.549071	0.158794	0.942363	-0.29451	0.606619	0.142226	0.782167
6.33333	0.780002	-0.301275	-0.54848	0.157102	0.942684	-0.294391	0.605736	0.143458	0.782626
6.36667	0.780953	-0.301019	-0.547266	0.15725	0.942736	-0.294146	0.604471	0.143657	0.783567
6.4	0.780527	-0.302488	-0.547064	0.1591	0.942438	-0.294106	0.604537	0.14252	0.783724
6.43333	0.779535	-0.304577	-0.547319	0.161526	0.942008	-0.294159	0.605173	0.1409	0.783526
6.46667	0.778875	-0.305939	-0.5475	0.163104	0.941725	-0.294196	0.6056	0.139842	0.783385
6.5	0.778743	-0.305533	-0.547914	0.162457	0.94181	-0.294283	0.605944	0.140158	0.783063
6.53333	0.779098	-0.303788	-0.548379	0.160171	0.942171	-0.294379	0.606095	0.141516	0.782701
6.56667	0.779597	-0.301624	-0.548864	0.15737	0.942612	-0.294479	0.606188	0.1432	0.782324
6.6	0.780029	-0.299753	-0.549274	0.154953	0.942986	-0.294561	0.606254	0.144655	0.782005
6.63333	0.779402	-0.29899	-0.550579	0.153537	0.943137	-0.29482	0.60742	0.145249	0.780989
6.66667	0.779066	-0.298443	-0.551352	0.152582	0.943245	-0.294972	0.608092	0.145676	0.780386
6.7	0.778797	-0.297949	-0.551997	0.15174	0.943341	-0.295098	0.608646	0.146061	0.779882
6.73333	0.778771	-0.298041	-0.551985	0.151855	0.943323	-0.295095	0.608651	0.14599	0.779892
6.76667	0.778815	-0.298776	-0.551525	0.152919	0.943179	-0.295005	0.608328	0.145416	0.780251
6.8	0.779661	-0.29987	-0.549733	0.154922	0.942963	-0.294652	0.606735	0.144563	0.781648
6.83333	0.781643	-0.300506	-0.546562	0.156886	0.942836	-0.294019	0.603673	0.14407	0.784106
6.86667	0.785012	-0.300605	-0.541657	0.158843	0.942816	-0.29303	0.59877	0.143993	0.787871
6.9	0.789411	-0.299912	-0.535615	0.160257	0.942957	-0.291805	0.592578	0.144517	0.792443
6.93333	0.794665	-0.298915	-0.528353	0.16174	0.94316	-0.290328	0.585105	0.145258	0.797842
6.96667	0.799014	-0.298218	-0.522152	0.163169	0.943302	-0.289063	0.578751	0.145766	0.802371
7	0.803042	-0.298963	-0.515505	0.16644	0.943148	-0.287696	0.572208	0.145231	0.807147
7.03333	0.804604	-0.301235	-0.511732	0.170453	0.942672	-0.286906	0.568822	0.143619	0.809824
7.06667	0.804978	-0.304163	-0.509407	0.174709	0.942044	-0.286407	0.566998	0.141554	0.811465
7.1	0.801583	-0.308481	-0.512156	0.178789	0.941094	-0.287013	0.570525	0.138497	0.809518
7.13333	0.795002	-0.317512	-0.516873	0.187724	0.939021	-0.288097	0.576829	0.132009	0.806128
7.16667	0.786475	-0.327669	-0.523536	0.197334	0.936547	-0.289721	0.585249	0.124547	0.801231
7.2	0.777376	-0.335473	-0.532112	0.203485	0.934548	-0.291915	0.595214	0.118651	0.794759
7.23333	0.76941	-0.341085	-0.540063	0.207253	0.933058	-0.294021	0.604197	0.114294	0.788596
7.26667	0.763852	-0.345583	-0.545071	0.2108	0.931832	-0.295385	0.609995	0.11073	0.78463
7.3	0.751726	-0.354174	-0.556298	0.216955	0.929408	-0.298548	0.622766	0.103734	0.775501
7.33333	0.743276	-0.362304	-0.562385	0.224615	0.927008	-0.300342	0.63015	0.0969167	0.770402
7.36667	0.740888	-0.364671	-0.564004	0.226916	0.926287	-0.300833	0.632135	0.0949021	0.769025
7.4	0.736603	-0.365758	-0.568891	0.226285	0.925954	-0.302331	0.637347	0.093967	0.764826
7.43333	0.731374	-0.36553	-0.575743	0.223165	0.926024	-0.304428	0.644429	0.0941652	0.758844
7.46667	0.722903	-0.366016	-0.586041	0.219453	0.925877	-0.307559	0.655173	0.0937271	0.749642
7.5	0.709788	-0.369788	-0.599547	0.218492	0.924724	-0.311684	0.669673	0.0902334	0.737154
7.53333	0.698513	-0.372579	-0.610954	0.217078	0.923861	-0.315212	0.681878	0.0875545	0.726207
7.56667	0.691174	-0.372929	-0.619034	0.213861	0.923752	-0.317719	0.69032	0.0872118	0.718228
7.6	0.687206	-0.371401	-0.624347	0.209356	0.924221	-0.319352	0.695642	0.0887496	0.712886
7.63333	0.686807	-0.368473	-0.626517	0.204405	0.925103	-0.320006	0.697507	0.0917192	0.710684
7.66667	0.690509	-0.363718	-0.625225	0.198611	0.926494	-0.319628	0.695522	0.0965297	0.711991
7.7	0.700981	-0.356201	-0.617856	0.191963	0.928604	-0.317561	0.686859	0.103999	0.719311
7.73333	0.716621	-0.34617	-0.605492	0.18431	0.931266	-0.314283	0.672669	0.113623	0.731168
7.76667	0.732704	-0.336808	-0.591359	0.178357	0.933608	-0.310749	0.65676	0.122215	0.74413
7.8	0.745598	-0.330569	-0.578626	0.175796	0.935103	-0.307699	0.64279	0.1277	0.755323
7.83333	0.755136	-0.326807	-0.568301	0.175324	0.935983	-0.305282	0.631689	0.130893	0.764092
7.86667	0.761682	-0.325661	-0.560165	0.177177	0.93625	-0.303388	0.623257	0.131837	0.770824
7.9	0.766262	-0.324751	-0.554418	0.17834	0.936462	-0.30205	0.617282	0.132574	0.775491
7.93333	0.768806	-0.324569	-0.550992	0.179465	0.936504	-0.301251	0.613783	0.13272	0.778239
7.96667	0.768888	-0.327063	-0.5494	0.183125	0.935916	-0.300876	0.612598	0.130731	0.779508
8	0.768559	-0.32916	-0.548608	0.185987	0.935413	-0.300686	0.612149	0.129061	0.780139
8.03333	0.769078	-0.330383	-0.547144	0.188046	0.935115	-0.30033	0.610866	0.128089	0.781304
8.06667	0.771796	-0.329111	-0.544074	0.187698	0.935426	-0.299581	0.607536	0.129094	0.783731
8.1	0.777091	-0.325781	-0.538514	0.185821	0.936229	-0.298238	0.601332	0.131691	0.788072
8.13333	0.781147	-0.323155	-0.53421	0.184309	0.936853	-0.297216	0.596523	0.133709	0.79138
8.16667	0.782125	-0.32377	-0.532403	0.185734	0.936707	-0.296788	0.594796	0.13324	0.792757
8.2	0.782312	-0.324567	-0.531642	0.186977	0.936517	-0.296607	0.594161	0.132634	0.793335
8.23333	0.782934	-0.32385	-0.531165	0.186299	0.936688	-0.296493	0.593555	0.133179	0.793698
8.26667	0.784465	-0.321926	-0.530075	0.18441	0.937143	-0.296235	0.592122	0.134635	0.794522
8.3	0.787606	-0.318242	-0.527635	0.180934	0.937999	-0.29567	0.589016	0.137404	0.796355
8.33333	0.792776	-0.312627	-0.52323	0.175908	0.939267	-0.294677	0.583577	0.141573	0.799622
8.36667	0.797734	-0.306793	-0.519133	0.170529	0.940537	-0.293786	0.578395	0.145836	0.802615
8.4	0.799874	-0.304084	-0.517431	0.167963	0.941111	-0.293425	0.576186	0.147794	0.803845
8.43333	0.798886	-0.305169	-0.518317	0.168915	0.940882	-0.293613	0.577277	0.147012	0.803206
8.46667	0.796603	-0.307467	-0.520469	0.170831	0.940393	-0.294072	0.579862	0.145346	0.801645
8.5	0.793609	-0.308463	-0.524438	0.170538	0.940179	-0.294925	0.584039	0.144618	0.798739
8.53333	0.791891	-0.307357	-0.527675	0.168021	0.940415	-0.295615	0.587093	0.145435	0.796348
8.56667	0.790943	-0.30538	-0.530238	0.164713	0.940831	-0.296154	0.589304	0.146904	0.794443
8.6	0.790642	-0.302397	-0.532392	0.160356	0.941443	-0.296598	0.590907	0.149131	0.792836
8.63333	0.790282	-0.299267	-0.53469	0.155763	0.942069	-0.297058	0.592614	0.151475	0.791115
8.66667	0.789398	-0.2966	-0.537475	0.151531	0.942588	-0.297601	0.594886	0.153481	0.789021
8.7	0.787934	-0.295148	-0.540415	0.148684	0.942864	-0.298161	0.59754	0.15458	0.786798
8.73333	0.785358	-0.295322	-0.544057	0.147511	0.942831	-0.298847	0.60121	0.154447	0.784023
8.76667	0.781236	-0.297213	-0.54894	0.147922	0.942475	-0.299767	0.606457	0.152988	0.780259
8.8	0.776371	-0.299926	-0.55434	0.149123	0.941958	-0.300795	0.612381	0.150864	0.776034
8.83333	0.772506	-0.301429	-0.558906	0.149176	0.941669	-0.301673	0.617237	0.149669	0.77241
8.86667	0.770929	-0.30148	-0.561051	0.1484	0.941659	-0.302086	0.619392	0.149627	0.770692
8.9	0.772765	-0.299512	-0.559577	0.146575	0.942035	-0.301805	0.617536	0.151204	0.771872
8.93333	0.776017	-0.297097	-0.556355	0.14489	0.942489	-0.301199	0.613844	0.153126	0.774434
8.96667	0.780838	-0.294936	-0.550731	0.144445	0.942891	-0.300155	0.607806	0.154822	0.778847
9	0.786743	-0.293449	-0.543068	0.145583	0.943166	-0.298737	0.599868	0.155968	0.78475
9.03333	0.793808	-0.292219	-0.533364	0.147773	0.943394	-0.296935	0.589943	0.156892	0.792056
9.06667	0.800311	-0.29171	-0.523839	0.150709	0.94349	-0.29515	0.580335	0.157264	0.799049
9.1	0.807801	-0.292671	-0.511664	0.156291	0.943307	-0.292822	0.568357	0.156574	0.807747
9.13333	0.813507	-0.295561	-0.500849	0.163546	0.942737	-0.290688	0.558085	0.154565	0.815261
9.16667	0.81559	-0.299518	-0.495078	0.170179	0.941926	-0.289506	0.55304	0.151867	0.819197
9.2	0.811961	-0.306136	-0.496991	0.177151	0.940514	-0.289916	0.556181	0.147358	0.817893
9.23333	0.800967	-0.317006	-0.507897	0.185872	0.938067	-0.292373	0.569125	0.139777	0.810283
9.26667	0.785497	-0.330948	-0.522942	0.196746	0.934703	-0.296008	0.586759	0.129626	0.799319
9.3	0.767051	-0.345952	-0.540323	0.20809	0.93079	-0.300548	0.606903	0.1181	0.785953
9.33333	0.748593	-0.359491	-0.557112	0.21797	0.926983	-0.305273	0.626177	0.107092	0.772292
9.36667	0.732994	-0.36913	-0.571369	0.224093	0.924107	-0.309531	0.642263	0.0988446	0.760084
9.4	0.722693	-0.373103	-0.581815	0.224665	0.922881	-0.312755	0.653636	0.095313	0.750783
9.43333	0.716046	-0.373265	-0.589875	0.221352	0.922831	-0.315257	0.662029	0.095169	0.743412
9.46667	0.710546	-0.370794	-0.598026	0.214534	0.923585	-0.317751	0.670148	0.0974796	0.735798
9.5	0.707546	-0.369097	-0.602616	0.210261	0.924093	-0.319127	0.674662	0.0990906	0.731445
9.53333	0.706046	-0.365713	-0.606427	0.204108	0.925085	-0.320245	0.678115	0.102331	0.727797
9.56667	0.70207	-0.362195	-0.613116	0.196434	0.926086	-0.322147	0.684479	0.105733	0.721325
9.6	0.699579	-0.358376	-0.618187	0.189049	0.927136	-0.323541	0.689093	0.109475	0.716356
9.63333	0.700319	-0.352922	-0.620483	0.180755	0.928577	-0.324149	0.690566	0.114852	0.714092
9.66667	0.702407	-0.34727	-0.621311	0.172882	0.930001	-0.32436	0.690461	0.12042	0.713276
9.7	0.701934	-0.345403	-0.622885	0.169681	0.930457	-0.324744	0.691735	0.122257	0.711728
9.73333	0.702687	-0.345016	-0.62225	0.169461	0.93055	-0.324591	0.691024	0.122639	0.712352
9.76667	0.707276	-0.343384	-0.617938	0.169287	0.930942	-0.323557	0.686369	0.124235	0.716563
9.8	0.713729	-0.340269	-0.612215	0.167803	0.931681	-0.3222	0.680024	0.127231	0.722066
9.83333	0.721312	-0.337028	-0.60508	0.166792	0.932437	-0.320533	0.672227	0.130281	0.728792
9.86667	0.729144	-0.3345	-0.597041	0.16709	0.93302	-0.318676	0.663649	0.132601	0.736198
9.9	0.735637	-0.332512	-0.590147	0.167554	0.933475	-0.317095	0.656326	0.134386	0.742413
9.93333	0.74209	-0.329703	-0.583608	0.166809	0.934112	-0.31561	0.649212	0.13686	0.748193
9.96667	0.749749	-0.325647	-0.576047	0.164923	0.935015	-0.313922	0.64084	0.140359	0.754734
10	0.757249	-0.321349	-0.568603	0.162685	0.935951	-0.312298	0.632541	0.143984	0.761026
10.0333	0.763591	-0.318038	-0.561944	0.16134	0.936657	-0.310875	0.625218	0.146717	0.766535
10.0667	0.76893	-0.315321	-0.556165	0.16036	0.937228	-0.30966	0.618896	0.14892	0.771227
10.1	0.771746	-0.314392	-0.55278	0.16059	0.937421	-0.308954	0.615321	0.149663	0.773939
10.1333	0.778035	-0.311057	-0.545807	0.15933	0.93811	-0.307511	0.607681	0.152291	0.779443
10.1667	0.784359	-0.307235	-0.538877	0.157461	0.938886	-0.306104	0.599989	0.155243	0.784801
10.2	0.789861	-0.304326	-0.532451	0.156485	0.939466	-0.304821	0.592985	0.157446	0.789671
10.2333	0.79586	-0.30032	-0.525751	0.154307	0.940251	-0.303507	0.585487	0.160422	0.79465
10.2667	0.800891	-0.296088	-0.520486	0.151319	0.941061	-0.3025	0.579376	0.16351	0.798491
10.3	0.802904	-0.293925	-0.518608	0.149488	0.941467	-0.302149	0.577061	0.165071	0.799845
10.3333	0.80288	-0.293467	-0.518904	0.148839	0.941552	-0.302204	0.577262	0.1654	0.799632
10.3667	0.800952	-0.293041	-0.522114	0.147128	0.941631	-0.302795	0.58037	0.165707	0.797316
10.4	0.796938	-0.29322	-0.528121	0.14506	0.941598	-0.303891	0.586385	0.165573	0.79293
10.4333	0.797175	-0.295436	-0.526526	0.148285	0.941191	-0.303598	0.585255	0.163945	0.794102
10.4667	0.794083	-0.298536	-0.529441	0.150837	0.940608	-0.304147	0.588795	0.161659	0.791951
10.5	0.791828	-0.301606	-0.531077	0.15385	0.940018	-0.304462	0.591049	0.159375	0.790734
10.5333	0.790125	-0.303576	-0.532488	0.155647	0.939632	-0.304738	0.592854	0.157901	0.789678
10.5667	0.788815	-0.303263	-0.534605	0.154456	0.939694	-0.305154	0.594907	0.158137	0.788086
10.6	0.782757	-0.303066	-0.543546	0.15074	0.939732	-0.306889	0.603795	0.158285	0.781266
10.6333	0.781417	-0.30254	-0.545762	0.149238	0.939833	-0.307314	0.6059	0.158692	0.779552
10.6667	0.777904	-0.30207	-0.551017	0.146596	0.939922	-0.308311	0.611044	0.15906	0.775451
10.7	0.776111	-0.301919	-0.553621	0.14538	0.939951	-0.3088	0.613609	0.159178	0.773399
10.7333	0.77504	-0.301629	-0.555278	0.144368	0.940005	-0.30911	0.6152	0.159408	0.772087
10.7667	0.774762	-0.301813	-0.555565	0.144477	0.93997	-0.309163	0.615524	0.159261	0.771859
10.8	0.776276	-0.301307	-0.553723	0.144597	0.940065	-0.30882	0.613585	0.159663	0.773318
10.8333	0.775116	-0.301332	-0.555332	0.143987	0.94006	-0.309119	0.615193	0.159643	0.772044
10.8667	0.77729	-0.301126	-0.552398	0.144905	0.940098	-0.308574	0.612228	0.159806	0.774364
10.9	0.780734	-0.300761	-0.54772	0.146314	0.940166	-0.3077	0.607492	0.160093	0.778026
10.9333	0.78703	-0.300042	-0.539034	0.148851	0.940302	-0.306066	0.598687	0.160648	0.784708
10.9667	0.792362	-0.299312	-0.531578	0.150864	0.94044	-0.304652	0.591103	0.161199	0.790324
11	0.797023	-0.299257	-0.524595	0.153469	0.94045	-0.303316	0.584125	0.161241	0.795487
11.0333	0.8017	-0.300726	-0.516567	0.158235	0.940164	-0.301752	0.576402	0.160175	0.801314
11.0667	0.805988	-0.302882	-0.508572	0.163748	0.939732	-0.300151	0.568831	0.158641	0.807009
11.1	0.809696	-0.306093	-0.500699	0.170399	0.939068	-0.298523	0.561566	0.156394	0.812517
11.1333	0.811167	-0.311073	-0.495219	0.178181	0.937996	-0.297345	0.55701	0.152958	0.816299
11.1667	0.810247	-0.317878	-0.492395	0.187081	0.936463	-0.296711	0.555428	0.148292	0.818236
11.2	0.807276	-0.324104	-0.493215	0.193984	0.934996	-0.296904	0.557382	0.144008	0.817671
11.2333	0.800788	-0.330708	-0.499371	0.199379	0.933381	-0.298407	0.564789	0.139397	0.813377
11.2667	0.790704	-0.339954	-0.509135	0.206535	0.931023	-0.300897	0.576308	0.132766	0.806376
11.3	0.77875	-0.350617	-0.520207	0.214897	0.92816	-0.303873	0.589378	0.12485	0.798151
11.3333	0.76812	-0.35764	-0.531117	0.219007	0.926189	-0.306936	0.601687	0.119445	0.78975
