0	0.0520866	0.998621	0.00659298	0.0299328	0.00503779	-0.999539	-0.998194	0.05226	-0.0296291
0.0333333	0.990707	0.121807	-0.0605262	-0.0257593	-0.268917	-0.962819	-0.133554	0.95543	-0.26328
0.0666667	0.999525	-0.0286454	-0.0113807	-0.0281845	-0.699902	-0.713683	0.0124783	0.713665	-0.700376
0.1	0.9976	-0.0685356	0.00988057	-0.0531962	-0.849901	-0.524251	0.0443274	0.522467	-0.851506
0.133333	0.996275	-0.0841844	0.0186665	-0.0682343	-0.902028	-0.42625	0.0527213	0.423389	-0.904413
0.166667	0.995585	-0.0910036	0.0230111	-0.0753574	-0.921036	-0.382117	0.055968	0.378696	-0.923827
0.2	0.995084	-0.0955827	0.0259272	-0.0795989	-0.927652	-0.364865	0.0589262	0.361007	-0.930699
0.233333	0.994891	-0.0971931	0.0272938	-0.0810141	-0.929976	-0.358582	0.0602343	0.354539	-0.933099
0.266667	0.994698	-0.0987674	0.0286513	-0.0820749	-0.930295	-0.357511	0.0619646	0.353264	-0.933469
0.3	0.994746	-0.0982131	0.0288764	-0.081573	-0.930896	-0.356059	0.0618506	0.351833	-0.934017
0.333333	0.994539	-0.0998891	0.0302358	-0.0825004	-0.929904	-0.35843	0.0639197	0.353978	-0.933067
0.366667	0.994316	-0.101551	0.0319756	-0.0832107	-0.928604	-0.361622	0.0664159	0.356906	-0.931776
0.4	0.994193	-0.102589	0.0324895	-0.0839064	-0.928057	-0.362864	0.0673779	0.35803	-0.931276
0.433333	0.994111	-0.10311	0.0333558	-0.0840269	-0.927754	-0.363609	0.0684376	0.358665	-0.930954
0.466667	0.99391	-0.104604	0.0346424	-0.0848241	-0.92698	-0.365395	0.0703346	0.360232	-0.930208
0.5	0.993843	-0.105029	0.0352989	-0.0849829	-0.926964	-0.365398	0.071098	0.360148	-0.930182
0.533333	0.993792	-0.105205	0.036192	-0.084815	-0.926927	-0.36553	0.072003	0.360191	-0.930096
0.566667	0.993629	-0.10653	0.0367798	-0.0857804	-0.926549	-0.366262	0.0730961	0.360774	-0.929785
0.6	0.993454	-0.107779	0.0378431	-0.0865165	-0.926262	-0.366817	0.0745878	0.361142	-0.929523
0.633333	0.993298	-0.108898	0.0387381	-0.0871948	-0.926002	-0.367312	0.0758709	0.361472	-0.929291
0.666667	0.993134	-0.11006	0.0396327	-0.0879385	-0.925857	-0.367499	0.0771411	0.361491	-0.929179
0.7	0.993071	-0.110534	0.039905	-0.088331	-0.926052	-0.366913	0.0775106	0.360846	-0.929399
0.733333	0.992792	-0.112634	0.0409541	-0.0898106	-0.92545	-0.368071	0.0793583	0.36174	-0.928895
0.766667	0.992781	-0.11272	0.0409813	-0.0898308	-0.925217	-0.368652	0.0794709	0.36231	-0.928664
0.8	0.99286	-0.112267	0.0403161	-0.0896902	-0.925415	-0.368189	0.0786446	0.361944	-0.928877
0.833333	0.992816	-0.112718	0.0401391	-0.0901417	-0.925214	-0.368582	0.0786833	0.362316	-0.928728
0.866667	0.992677	-0.113934	0.0401543	-0.0912411	-0.924976	-0.368909	0.079173	0.362543	-0.928598
0.9	0.992468	-0.115565	0.0406342	-0.0923875	-0.923944	-0.371204	0.0804417	0.364654	-0.927662
0.933333	0.992466	-0.115539	0.0407666	-0.0922421	-0.92362	-0.372046	0.0806387	0.365482	-0.927319
0.966667	0.992548	-0.115188	0.0397539	-0.0923365	-0.923843	-0.371467	0.0795149	0.365028	-0.927595
1	0.992476	-0.115831	0.039675	-0.0928832	-0.92341	-0.372407	0.0797726	0.36592	-0.927221
1.03333	0.992362	-0.116954	0.0392281	-0.0940151	-0.922935	-0.373299	0.0798638	0.36676	-0.926881
1.06667	0.992368	-0.117175	0.0384218	-0.0945243	-0.922916	-0.373218	0.0791918	0.366737	-0.926948
1.1	0.992349	-0.117492	0.0379249	-0.0949913	-0.922817	-0.373345	0.0788628	0.366886	-0.926917
1.13333	0.992352	-0.117584	0.0375723	-0.0951503	-0.922532	-0.374006	0.0786387	0.367571	-0.926665
1.16667	0.992269	-0.118228	0.0377514	-0.0956408	-0.92228	-0.374503	0.0790942	0.367997	-0.926457
1.2	0.99226	-0.118481	0.0371854	-0.0960778	-0.922199	-0.37459	0.0786743	0.368118	-0.926444
1.23333	0.992157	-0.119194	0.0376383	-0.0965274	-0.921937	-0.375119	0.0794121	0.368544	-0.926212
1.26667	0.992121	-0.119645	0.0371663	-0.0971448	-0.921985	-0.374843	0.0791148	0.368279	-0.926343
1.3	0.992151	-0.119488	0.036856	-0.0970659	-0.921765	-0.375402	0.0788286	0.368878	-0.926129
1.33333	0.992044	-0.120109	0.0377293	-0.0972661	-0.921491	-0.376023	0.0799309	0.369362	-0.925842
1.36667	0.991988	-0.120667	0.0374198	-0.0979283	-0.92156	-0.375682	0.0798169	0.369007	-0.925993
1.4	0.992054	-0.120127	0.0373946	-0.0974601	-0.921722	-0.375406	0.0795639	0.368778	-0.926106
1.43333	0.991942	-0.120931	0.037778	-0.0979929	-0.921326	-0.37624	0.0803049	0.369506	-0.925752
1.46667	0.992001	-0.120592	0.0372896	-0.0979161	-0.921602	-0.375583	0.0796587	0.368928	-0.926038
1.5	0.991908	-0.121329	0.0373942	-0.0985803	-0.921621	-0.375363	0.0800055	0.368639	-0.926123
1.53333	0.991907	-0.121061	0.0382691	-0.0979668	-0.921493	-0.375836	0.0807638	0.369045	-0.925896
1.56667	0.991903	-0.121233	0.0378249	-0.0983361	-0.921664	-0.37532	0.080363	0.368561	-0.926123
1.6	0.991868	-0.121591	0.0376009	-0.098768	-0.921695	-0.375131	0.0802692	0.368366	-0.926209
1.63333	0.991867	-0.121506	0.0379042	-0.0986115	-0.921873	-0.374735	0.0804756	0.36795	-0.926357
1.66667	0.991806	-0.121929	0.0381285	-0.0989714	-0.922069	-0.374157	0.0807776	0.367318	-0.926581
1.7	0.99171	-0.122635	0.0383717	-0.0995897	-0.922238	-0.373576	0.0812013	0.366657	-0.926806
1.73333	0.991618	-0.123265	0.0387348	-0.100146	-0.922657	-0.37239	0.0816415	0.365389	-0.927268
1.76667	0.991491	-0.124117	0.0392441	-0.100781	-0.922717	-0.372072	0.0823917	0.364951	-0.927374
1.8	0.991342	-0.12523	0.0394701	-0.101847	-0.923107	-0.370811	0.0828719	0.363581	-0.927869
1.83333	0.991346	-0.12522	0.0393994	-0.101865	-0.923115	-0.370787	0.0828	0.363565	-0.927882
1.86667	0.991259	-0.126056	0.0389217	-0.102823	-0.923029	-0.370735	0.0826593	0.363492	-0.927923
1.9	0.991152	-0.126926	0.0388275	-0.103694	-0.923052	-0.370437	0.0828578	0.363133	-0.928046
1.93333	0.990932	-0.128712	0.0385614	-0.105467	-0.922913	-0.370282	0.0832484	0.362857	-0.928119
1.96667	0.990863	-0.129344	0.0382257	-0.106165	-0.922775	-0.370426	0.0831859	0.362983	-0.928075
2	0.990757	-0.130309	0.0376736	-0.107224	-0.922465	-0.370893	0.0830833	0.363426	-0.927911
2.03333	0.990486	-0.132691	0.0364775	-0.109663	-0.921207	-0.373299	0.0831369	0.365747	-0.926994
2.06667	0.990121	-0.135795	0.0349237	-0.112574	-0.918373	-0.379366	0.0835891	0.371687	-0.924587
2.1	0.989575	-0.140255	0.0326953	-0.116413	-0.912682	-0.39174	0.0847837	0.38385	-0.919495
2.13333	0.989033	-0.144552	0.0302959	-0.119458	-0.903573	-0.411444	0.0868495	0.403313	-0.910931
2.16667	0.988012	-0.151778	0.0282173	-0.124253	-0.890289	-0.438117	0.0916181	0.429359	-0.898475
2.2	0.986397	-0.162158	0.026958	-0.130457	-0.871998	-0.471806	0.100014	0.461871	-0.88129
2.23333	0.983982	-0.176518	0.0249229	-0.13899	-0.847185	-0.512796	0.111632	0.501118	-0.858149
2.26667	0.981106	-0.19179	0.0254546	-0.144397	-0.813448	-0.563429	0.128766	0.549107	-0.825773
2.3	0.97712	-0.210709	0.028939	-0.146851	-0.766812	-0.624847	0.153851	0.606301	-0.780211
2.33333	0.971906	-0.232775	0.0348423	-0.145754	-0.711466	-0.687439	0.184808	0.663048	-0.725406
2.36667	0.966263	-0.25422	0.0413345	-0.141304	-0.657425	-0.740153	0.215336	0.709341	-0.671167
2.4	0.960236	-0.273795	0.0546221	-0.13397	-0.623514	-0.770249	0.244948	0.732302	-0.6354
2.43333	0.95538	-0.285707	0.0749679	-0.122854	-0.61516	-0.778771	0.268618	0.734813	-0.622812
2.46667	0.951349	-0.290887	0.101586	-0.110319	-0.629424	-0.769191	0.287688	0.720563	-0.630893
2.5	0.947206	-0.292477	0.131368	-0.100474	-0.659854	-0.744646	0.304475	0.692135	-0.654404
2.53333	0.94206	-0.291711	0.165613	-0.0932134	-0.701919	-0.706131	0.322233	0.649781	-0.688441
2.56667	0.936222	-0.286363	0.203679	-0.0864688	-0.749511	-0.65632	0.340605	0.59685	-0.72647
2.6	0.929322	-0.277523	0.2436	-0.079525	-0.794613	-0.601886	0.360605	0.539973	-0.760521
2.63333	0.920799	-0.26841	0.282992	-0.0729775	-0.831301	-0.551011	0.383148	0.486719	-0.785049
2.66667	0.910635	-0.261586	0.31987	-0.0694306	-0.859965	-0.505608	0.407337	0.438215	-0.801276
2.7	0.899726	-0.254634	0.354477	-0.0657945	-0.882022	-0.466592	0.431467	0.396482	-0.810332
2.73333	0.889893	-0.247642	0.383099	-0.0637882	-0.899118	-0.433033	0.451688	0.360916	-0.815915
2.76667	0.882961	-0.23944	0.403792	-0.0617923	-0.911941	-0.405643	0.465362	0.333215	-0.820004
2.8	0.879884	-0.229881	0.415884	-0.0598947	-0.921868	-0.382846	0.471399	0.311951	-0.824906
2.83333	0.880786	-0.221599	0.418462	-0.0598646	-0.928757	-0.365824	0.469716	0.297161	-0.831301
2.86667	0.885983	-0.213432	0.411679	-0.0597835	-0.932946	-0.355018	0.459847	0.289928	-0.839334
2.9	0.893538	-0.199768	0.402098	-0.058868	-0.93996	-0.336169	0.445111	0.276709	-0.85165
2.93333	0.898053	-0.178783	0.401916	-0.0450541	-0.946261	-0.320251	0.437573	0.269495	-0.857848
2.96667	0.90159	-0.165046	0.399868	-0.0252209	-0.942839	-0.332292	0.431855	0.289506	-0.854217
3	0.906673	-0.153084	0.393077	-0.0107744	-0.939928	-0.341203	0.421696	0.305124	-0.853857
3.03333	0.912638	-0.141175	0.383617	-0.00410757	-0.941588	-0.336743	0.408749	0.305748	-0.859908
3.06667	0.917997	-0.125283	0.37628	0.00852335	-0.942341	-0.334547	0.396497	0.31032	-0.863998
3.1	0.923828	-0.107626	0.367368	0.0238595	-0.94161	-0.335858	0.382065	0.31904	-0.867318
3.13333	0.930519	-0.09302	0.354233	0.033551	-0.941491	-0.335365	0.364703	0.323948	-0.872954
3.16667	0.936872	-0.0792603	0.34057	0.0405671	-0.942758	-0.331002	0.34731	0.323923	-0.880028
3.2	0.942892	-0.0649941	0.326695	0.0501883	-0.941863	-0.332229	0.329295	0.329652	-0.884813
3.23333	0.947547	-0.05721	0.314454	0.058893	-0.935751	-0.347709	0.314143	0.347989	-0.883299
3.26667	0.952493	-0.049958	0.300436	0.0640878	-0.931491	-0.358075	0.297742	0.360318	-0.884037
3.3	0.956967	-0.0463296	0.286475	0.0649132	-0.927986	-0.366918	0.282844	0.369724	-0.885044
3.33333	0.961916	-0.04357	0.269851	0.0622999	-0.926287	-0.371634	0.266151	0.374292	-0.888296
3.36667	0.966696	-0.0445159	0.252025	0.0554301	-0.924963	-0.375992	0.249852	0.37744	-0.891691
3.4	0.970904	-0.0510004	0.233977	0.0422386	-0.925268	-0.376955	0.235716	0.37587	-0.896192
3.43333	0.974865	-0.0583562	0.215018	0.0276543	-0.92593	-0.376681	0.221073	0.373159	-0.901043
3.46667	0.978457	-0.064747	0.196036	0.0147005	-0.925289	-0.378979	0.205928	0.373696	-0.904403
3.5	0.981732	-0.0691459	0.177258	0.00397417	-0.923972	-0.38244	0.190225	0.376158	-0.906818
3.53333	0.984611	-0.0729086	0.158826	-0.00644744	-0.923355	-0.383893	0.174642	0.376961	-0.909615
3.56667	0.987147	-0.0767793	0.140161	-0.0169732	-0.922441	-0.385765	0.158909	0.378428	-0.911888
3.6	0.989341	-0.0812491	0.120843	-0.0280946	-0.920777	-0.389076	0.142882	0.381534	-0.913245
3.63333	0.99104	-0.0870687	0.101289	-0.0404019	-0.918219	-0.394006	0.127311	0.386383	-0.91351
3.66667	0.992211	-0.093539	0.0822697	-0.0532005	-0.915355	-0.399118	0.112639	0.391632	-0.913201
3.7	0.992878	-0.100039	0.0646932	-0.0655184	-0.912049	-0.404813	0.0995004	0.397691	-0.912108
3.73333	0.992932	-0.108134	0.0489128	-0.0788931	-0.909277	-0.408647	0.0886638	0.401899	-0.911381
3.76667	0.992529	-0.117029	0.034503	-0.0924852	-0.906092	-0.412849	0.079578	0.406573	-0.910146
3.8	0.991813	-0.12597	0.0209459	-0.105723	-0.902004	-0.418582	0.071622	0.41294	-0.907938
3.83333	0.991096	-0.132936	0.00749874	-0.117152	-0.897415	-0.425349	0.0632737	0.420683	-0.904998
3.86667	0.990461	-0.137668	-0.00588024	-0.126649	-0.892705	-0.432478	0.0542893	0.429098	-0.901625
3.9	0.99001	-0.139713	-0.019011	-0.133663	-0.886999	-0.442004	0.044891	0.440129	-0.896812
3.93333	0.989921	-0.13825	-0.0307085	-0.137074	-0.880864	-0.453088	0.0355892	0.45273	-0.890937
3.96667	0.989907	-0.135259	-0.0423069	-0.139358	-0.874725	-0.46415	0.0257739	0.465361	-0.884745
4	0.990075	-0.129711	-0.0540979	-0.139744	-0.867683	-0.477072	0.0149417	0.479897	-0.877198
4.03333	0.989739	-0.126216	-0.0669823	-0.142821	-0.859541	-0.490705	0.00436055	0.495236	-0.868747
4.06667	0.988201	-0.130277	-0.0805432	-0.153139	-0.85004	-0.503965	-0.00280982	0.510353	-0.859961
4.1	0.986214	-0.134827	-0.0959376	-0.165124	-0.839669	-0.517387	-0.010798	0.526096	-0.850357
4.13333	0.984292	-0.136486	-0.111982	-0.175411	-0.827874	-0.532781	-0.01999	0.544055	-0.838811
4.16667	0.98221	-0.136952	-0.128482	-0.185596	-0.81216	-0.553128	-0.028596	0.567133	-0.82313
4.2	0.979836	-0.138476	-0.144033	-0.197024	-0.789455	-0.581328	-0.0332081	0.597984	-0.80082
4.23333	0.977352	-0.140733	-0.158043	-0.208922	-0.76057	-0.614724	-0.0336903	0.63382	-0.772746
4.26667	0.97487	-0.143596	-0.170322	-0.220759	-0.725347	-0.652026	-0.0299148	0.67324	-0.738818
4.3	0.97299	-0.14513	-0.179521	-0.229829	-0.681998	-0.694303	-0.0216689	0.716809	-0.696932
4.33333	0.972022	-0.147881	-0.182496	-0.234857	-0.62504	-0.744424	-0.00398065	0.766456	-0.642284
4.36667	0.971744	-0.155524	-0.177557	-0.2346	-0.553443	-0.799164	0.026021	0.818238	-0.574291
4.4	0.97175	-0.169717	-0.164007	-0.226562	-0.476126	-0.849691	0.0661193	0.862844	-0.501127
4.43333	0.970734	-0.190182	-0.146652	-0.21407	-0.408429	-0.887333	0.108858	0.892758	-0.437188
4.46667	0.968006	-0.217685	-0.12481	-0.20082	-0.37385	-0.905487	0.150451	0.901581	-0.405605
4.5	0.964126	-0.246677	-0.0980406	-0.186665	-0.36745	-0.911118	0.188727	0.896733	-0.400314
4.53333	0.959988	-0.271733	-0.0677153	-0.17247	-0.383178	-0.90743	0.220631	0.8828	-0.414712
4.56667	0.955463	-0.293199	-0.0335487	-0.158812	-0.415025	-0.895842	0.248736	0.861271	-0.443105
4.6	0.950583	-0.310436	0.00454568	-0.146337	-0.460914	-0.875297	0.273819	0.831377	-0.483565
4.63333	0.94581	-0.321273	0.0471952	-0.136002	-0.523903	-0.84085	0.294868	0.788866	-0.539207
4.66667	0.941679	-0.322628	0.0956674	-0.124416	-0.597939	-0.791827	0.312669	0.733744	-0.603206
4.7	0.937204	-0.314016	0.1518	-0.1105	-0.680132	-0.724713	0.330816	0.66243	-0.672121
4.73333	0.93199	-0.296733	0.208192	-0.0950928	-0.75438	-0.649514	0.349788	0.585543	-0.731292
4.76667	0.924513	-0.27754	0.26124	-0.0804247	-0.812018	-0.578065	0.372568	0.513419	-0.773042
4.8	0.914839	-0.256444	0.31194	-0.0657016	-0.856704	-0.511606	0.398439	0.447542	-0.800595
4.83333	0.903597	-0.238848	0.355619	-0.0532796	-0.886354	-0.459932	0.425058	0.396646	-0.813632
4.86667	0.892411	-0.226026	0.390532	-0.0436764	-0.904701	-0.423803	0.449105	0.361149	-0.817237
4.9	0.884898	-0.214418	0.413499	-0.036678	-0.917065	-0.397048	0.464339	0.336181	-0.819373
4.93333	0.883969	-0.203482	0.420943	-0.0358566	-0.92718	-0.372897	0.466168	0.314536	-0.826895
4.96667	0.889546	-0.193841	0.413684	-0.0392773	-0.934618	-0.353478	0.455155	0.298186	-0.838999
5	0.899847	-0.18043	0.39714	-0.0428221	-0.942585	-0.33121	0.434098	0.281032	-0.855909
5.03333	0.90571	-0.159818	0.392617	-0.0334999	-0.950294	-0.309546	0.422573	0.267207	-0.866044
5.06667	0.909535	-0.147568	0.388548	-0.0170328	-0.947296	-0.319906	0.415278	0.284348	-0.864113
5.1	0.91569	-0.134908	0.378565	-0.00163191	-0.943214	-0.332182	0.401882	0.303558	-0.863911
5.13333	0.923185	-0.119788	0.365213	0.00818008	-0.943856	-0.330256	0.38427	0.307875	-0.870373
5.16667	0.930798	-0.0986986	0.351956	0.0208174	-0.946981	-0.320615	0.36494	0.305755	-0.879393
5.2	0.937383	-0.0821271	0.338479	0.0347761	-0.944878	-0.325571	0.346559	0.316955	-0.882857
5.23333	0.943365	-0.0719422	0.323862	0.0435252	-0.940928	-0.335799	0.328889	0.330877	-0.884507
5.26667	0.949343	-0.0609105	0.308282	0.0486763	-0.940689	-0.335759	0.310448	0.333757	-0.890072
5.3	0.95468	-0.0545571	0.292591	0.0497676	-0.939955	-0.33765	0.293444	0.336909	-0.894641
5.33333	0.959362	-0.0506814	0.277589	0.0505613	-0.936943	-0.345807	0.277611	0.345789	-0.896305
5.36667	0.963943	-0.048733	0.261608	0.0479786	-0.93515	-0.350988	0.261747	0.350884	-0.899093
5.4	0.968584	-0.0508451	0.243433	0.0395107	-0.93498	-0.352494	0.245527	0.351038	-0.903598
5.43333	0.972589	-0.053916	0.226195	0.0309703	-0.934047	-0.355805	0.23046	0.353057	-0.906774
5.46667	0.976662	-0.0562684	0.207281	0.0229428	-0.932221	-0.361163	0.213553	0.357489	-0.909173
5.5	0.980564	-0.0593593	0.187004	0.0136712	-0.930146	-0.366935	0.195722	0.362359	-0.911257
5.53333	0.983995	-0.0635299	0.166488	0.00320271	-0.927834	-0.372979	0.178169	0.367543	-0.91278
5.56667	0.986915	-0.0688756	0.14579	-0.00870503	-0.925617	-0.378362	0.161005	0.372142	-0.914105
5.6	0.989527	-0.0737716	0.124074	-0.0209229	-0.923766	-0.382384	0.142825	0.375784	-0.915635
5.63333	0.991504	-0.0791721	0.103211	-0.0332132	-0.921229	-0.3876	0.125768	0.380879	-0.916031
5.66667	0.992868	-0.0851949	0.0834008	-0.0457763	-0.918339	-0.393138	0.110084	0.386516	-0.915689
5.7	0.993839	-0.0904145	0.0641039	-0.0578262	-0.916414	-0.396032	0.0945527	0.389885	-0.915996
5.73333	0.994045	-0.0981738	0.0472941	-0.0711179	-0.913293	-0.401046	0.0825656	0.395295	-0.914836
5.76667	0.993833	-0.105976	0.0326332	-0.0836072	-0.90947	-0.407277	0.0728406	0.402037	-0.912722
5.8	0.993369	-0.113315	0.0194604	-0.0951881	-0.905487	-0.413561	0.0644836	0.408966	-0.910268
5.83333	0.992781	-0.119738	0.00702873	-0.105626	-0.900533	-0.421763	0.0568306	0.417976	-0.906679
5.86667	0.992025	-0.125926	-0.0054423	-0.115926	-0.894595	-0.431579	0.0494785	0.428768	-0.902059
5.9	0.991469	-0.129174	-0.0174426	-0.123585	-0.889051	-0.440811	0.0414339	0.439206	-0.89743
5.93333	0.991238	-0.128988	-0.0284579	-0.12785	-0.882747	-0.45212	0.0331967	0.451796	-0.891503
5.96667	0.991267	-0.125643	-0.0400472	-0.129748	-0.874982	-0.466446	0.0235651	0.467568	-0.883643
6	0.99137	-0.120592	-0.0514191	-0.130323	-0.864014	-0.486309	0.0142181	0.488813	-0.872273
6.03333	0.989661	-0.127315	-0.0660396	-0.14317	-0.849597	-0.507629	0.00852165	0.511836	-0.859041
6.06667	0.988306	-0.13126	-0.0776068	-0.152413	-0.834611	-0.529335	0.00470878	0.534973	-0.844856
6.1	0.986557	-0.134481	-0.0928403	-0.163407	-0.817385	-0.552431	-0.00159476	0.560176	-0.828372
6.13333	0.984547	-0.137357	-0.108626	-0.174957	-0.798212	-0.576409	-0.0075333	0.586507	-0.809909
6.16667	0.981946	-0.142876	-0.123968	-0.188916	-0.774044	-0.60429	-0.00961822	0.6168	-0.787061
6.2	0.978952	-0.149615	-0.138812	-0.20394	-0.743322	-0.637088	-0.00786402	0.651988	-0.758189
6.23333	0.975949	-0.157121	-0.151116	-0.217998	-0.703646	-0.676284	-7.3717e-05	0.692962	-0.720974
6.26667	0.973297	-0.166828	-0.157672	-0.228905	-0.654027	-0.721007	0.0171629	0.737846	-0.674751
6.3	0.97109	-0.177255	-0.159892	-0.235243	-0.596765	-0.767159	0.0405653	0.782594	-0.62121
6.33333	0.968975	-0.189023	-0.15924	-0.237519	-0.533987	-0.811445	0.0683494	0.824092	-0.562317
6.36667	0.966287	-0.206891	-0.15325	-0.235283	-0.467862	-0.851908	0.104552	0.859244	-0.500767
6.4	0.962375	-0.231904	-0.141617	-0.22736	-0.401828	-0.887041	0.148802	0.885864	-0.439435
6.43333	0.956944	-0.261758	-0.125464	-0.215479	-0.350981	-0.911253	0.194492	0.899053	-0.392272
6.46667	0.949663	-0.294809	-0.105957	-0.204406	-0.326817	-0.922718	0.237397	0.89793	-0.370627
6.5	0.941662	-0.326693	-0.0808945	-0.193334	-0.328329	-0.924566	0.275489	0.886268	-0.372336
6.53333	0.934273	-0.352878	-0.0510977	-0.182877	-0.351214	-0.918262	0.306089	0.867252	-0.392663
6.56667	0.927895	-0.372451	-0.0170725	-0.173459	-0.390702	-0.904027	0.330035	0.841803	-0.427135
6.6	0.921808	-0.387015	0.0221333	-0.165801	-0.445236	-0.879929	0.3504	0.807456	-0.474589
6.63333	0.916826	-0.393565	0.0673506	-0.159454	-0.51553	-0.841904	0.366065	0.761141	-0.535407
6.66667	0.913616	-0.388656	0.119385	-0.150716	-0.596456	-0.788368	0.377612	0.702272	-0.603509
6.7	0.911007	-0.373959	0.173842	-0.139745	-0.676546	-0.723019	0.387992	0.634382	-0.668597
6.73333	0.907137	-0.353442	0.228432	-0.126204	-0.746299	-0.653537	0.401466	0.564019	-0.721601
6.76667	0.901311	-0.331103	0.2793	-0.111945	-0.800918	-0.588216	0.418457	0.4989	-0.758942
6.8	0.893926	-0.309835	0.323881	-0.0981511	-0.840381	-0.533034	0.437336	0.444704	-0.781649
6.83333	0.884961	-0.292594	0.36226	-0.086665	-0.867838	-0.489231	0.457529	0.401555	-0.79336
6.86667	0.876651	-0.278042	0.392653	-0.0778741	-0.887349	-0.454476	0.474784	0.367839	-0.799547
6.9	0.871988	-0.262732	0.413048	-0.0720174	-0.903439	-0.422625	0.484201	0.338777	-0.806709
6.93333	0.872445	-0.246635	0.421914	-0.0697862	-0.917341	-0.391938	0.483704	0.312501	-0.817541
6.96667	0.876749	-0.234276	0.420031	-0.0717525	-0.92728	-0.367427	0.475566	0.292003	-0.829802
7	0.884589	-0.223902	0.409109	-0.0747004	-0.933915	-0.349604	0.46035	0.278695	-0.842856
7.03333	0.895559	-0.210136	0.392195	-0.0747468	-0.939976	-0.332952	0.438619	0.268863	-0.857511
7.06667	0.904418	-0.186755	0.383602	-0.06657	-0.949867	-0.305486	0.421422	0.25075	-0.871509
7.1	0.911552	-0.168974	0.374862	-0.0489791	-0.949791	-0.309028	0.408258	0.263334	-0.87406
7.13333	0.918419	-0.156498	0.363338	-0.0310464	-0.944108	-0.328171	0.394389	0.290118	-0.871946
7.16667	0.927005	-0.138716	0.348453	-0.014623	-0.941749	-0.335999	0.374764	0.306377	-0.875034
7.2	0.935954	-0.11636	0.332341	-0.000632342	-0.944376	-0.328867	0.352122	0.307594	-0.883966
7.23333	0.943393	-0.100179	0.316185	0.00951533	-0.944729	-0.327715	0.331539	0.312173	-0.890298
7.26667	0.950394	-0.0854142	0.299091	0.0212393	-0.941494	-0.336361	0.310323	0.326028	-0.892976
7.3	0.957421	-0.0654991	0.281166	0.0363354	-0.938838	-0.342436	0.286399	0.338072	-0.896484
7.33333	0.96301	-0.0477893	0.265194	0.0503032	-0.934966	-0.351154	0.264729	0.351505	-0.897977
7.36667	0.96708	-0.0372892	0.251727	0.0590565	-0.929311	-0.364544	0.247526	0.367409	-0.896516
7.4	0.971075	-0.0318623	0.236641	0.059161	-0.92805	-0.367728	0.231331	0.371091	-0.89932
7.43333	0.975393	-0.0316322	0.218192	0.0514594	-0.929656	-0.364816	0.214384	0.367067	-0.905153
7.46667	0.979535	-0.0339976	0.198382	0.041498	-0.930342	-0.364338	0.19695	0.365114	-0.909891
7.5	0.982775	-0.0380198	0.180852	0.0319235	-0.928972	-0.368771	0.182027	0.368192	-0.911757
7.53333	0.985922	-0.0418818	0.161875	0.0225254	-0.926027	-0.376785	0.165681	0.375127	-0.912047
7.56667	0.989047	-0.0456894	0.140355	0.0118952	-0.923122	-0.384324	0.147124	0.381784	-0.912467
7.6	0.991472	-0.0492947	0.120639	0.00139415	-0.921637	-0.38805	0.130314	0.384909	-0.913709
7.63333	0.993392	-0.0546459	0.100924	-0.0110081	-0.920683	-0.390156	0.11424	0.386467	-0.915201
7.66667	0.995001	-0.0606191	0.0793601	-0.0247355	-0.919526	-0.39225	0.0967515	0.388326	-0.916429
7.7	0.996103	-0.0670359	0.057323	-0.0391775	-0.918538	-0.393387	0.0790244	0.389608	-0.917584
7.73333	0.996606	-0.073837	0.0363874	-0.0535007	-0.916962	-0.395371	0.0625588	0.392083	-0.9178
7.76667	0.99643	-0.0827187	0.0168931	-0.0692377	-0.915142	-0.39714	0.0483105	0.394553	-0.917602
7.8	0.995697	-0.0926583	-0.0016223	-0.0855247	-0.912016	-0.401138	0.0356892	0.399551	-0.916016
7.83333	0.99462	-0.101999	-0.0181138	-0.100523	-0.907988	-0.40676	0.025042	0.406392	-0.913356
7.86667	0.993288	-0.110307	-0.0347967	-0.114794	-0.903277	-0.413416	0.0141716	0.414636	-0.909877
7.9	0.992069	-0.114895	-0.050967	-0.125667	-0.898572	-0.420448	0.00250996	0.423519	-0.905884
7.93333	0.991051	-0.115851	-0.066305	-0.133136	-0.893712	-0.428432	-0.00962319	0.433425	-0.901138
7.96667	0.990108	-0.115078	-0.0802711	-0.1388	-0.886995	-0.440425	-0.0205168	0.44721	-0.894194
8	0.989454	-0.110784	-0.0933161	-0.141302	-0.879911	-0.453642	-0.0318538	0.462043	-0.886285
8.03333	0.988897	-0.104374	-0.10578	-0.142232	-0.870996	-0.470251	-0.0430522	0.480075	-0.87617
8.06667	0.986904	-0.106022	-0.121577	-0.152465	-0.859228	-0.488346	-0.0526868	0.500486	-0.86414
8.1	0.984819	-0.109862	-0.134397	-0.163401	-0.848018	-0.504148	-0.0585846	0.518455	-0.853096
8.13333	0.9832	-0.107729	-0.147352	-0.169706	-0.836768	-0.520595	-0.0672162	0.536856	-0.840992
8.16667	0.98098	-0.106609	-0.162211	-0.178686	-0.822402	-0.540116	-0.0758216	0.558828	-0.82581
8.2	0.977498	-0.110913	-0.179434	-0.194378	-0.804038	-0.561908	-0.0819485	0.584142	-0.807504
8.23333	0.974098	-0.116272	-0.193942	-0.210124	-0.782321	-0.586363	-0.0835473	0.611927	-0.786489
8.26667	0.971359	-0.119132	-0.205597	-0.223791	-0.749508	-0.623022	-0.079875	0.651188	-0.754701
8.3	0.96936	-0.120611	-0.213998	-0.235352	-0.705559	-0.668428	-0.0703684	0.698312	-0.712327
8.33333	0.96865	-0.120924	-0.217011	-0.242471	-0.650334	-0.719912	-0.0540753	0.749962	-0.659267
8.36667	0.96938	-0.12403	-0.211941	-0.244092	-0.581078	-0.776381	-0.02686	0.804341	-0.59356
8.4	0.971103	-0.136086	-0.196062	-0.23821	-0.502139	-0.831331	0.0146817	0.854012	-0.520046
8.43333	0.971853	-0.158399	-0.174389	-0.226335	-0.422355	-0.877718	0.0653753	0.892483	-0.446318
8.46667	0.97077	-0.187785	-0.149476	-0.209496	-0.359047	-0.909503	0.117122	0.914233	-0.387893
8.5	0.967142	-0.224561	-0.119204	-0.190005	-0.326893	-0.925764	0.168924	0.917994	-0.35882
8.53333	0.961318	-0.261839	-0.0854848	-0.170458	-0.321756	-0.931352	0.216359	0.909898	-0.353942
8.56667	0.954348	-0.294296	-0.0510806	-0.155479	-0.343428	-0.92622	0.255041	0.891878	-0.373507
8.6	0.947665	-0.31899	-0.0132833	-0.143387	-0.388067	-0.910409	0.285257	0.864667	-0.413497
8.63333	0.941787	-0.334885	0.0298218	-0.132954	-0.452429	-0.881834	0.308805	0.826535	-0.470616
8.66667	0.936932	-0.340536	0.0787004	-0.124735	-0.536134	-0.834866	0.326496	0.772396	-0.544798
8.7	0.933002	-0.333922	0.134179	-0.115711	-0.631412	-0.766766	0.340762	0.699868	-0.627747
8.73333	0.928811	-0.315536	0.194288	-0.103354	-0.724106	-0.681901	0.355849	0.613276	-0.705169
8.76667	0.922461	-0.292671	0.251814	-0.0900046	-0.797253	-0.596898	0.375454	0.527951	-0.761776
8.8	0.912661	-0.273481	0.303739	-0.079249	-0.847459	-0.524912	0.40096	0.454996	-0.795116
8.83333	0.90074	-0.25988	0.348037	-0.0716308	-0.87917	-0.471094	0.428412	0.399403	-0.810519
8.86667	0.889158	-0.251165	0.382511	-0.0675706	-0.898807	-0.433105	0.452585	0.359252	-0.816153
8.9	0.880385	-0.243913	0.40673	-0.0647422	-0.911391	-0.406418	0.469821	0.331471	-0.818166
8.93333	0.877157	-0.233709	0.419495	-0.0617793	-0.921238	-0.384062	0.476213	0.310966	-0.822509
8.96667	0.879585	-0.224319	0.419538	-0.0618898	-0.928318	-0.366599	0.4717	0.29649	-0.830417
9	0.88595	-0.216969	0.409898	-0.0642606	-0.932723	-0.354822	0.459307	0.288014	-0.840289
9.03333	0.891448	-0.203105	0.405053	-0.0654932	-0.942283	-0.328349	0.448364	0.266178	-0.853299
9.06667	0.894762	-0.186	0.405962	-0.0557982	-0.948566	-0.311622	0.443044	0.256176	-0.859119
9.1	0.898841	-0.173939	0.40228	-0.044316	-0.94924	-0.311416	0.436028	0.262087	-0.860924
9.13333	0.903701	-0.164116	0.395463	-0.0350346	-0.948869	-0.313719	0.426729	0.269653	-0.863244
9.16667	0.910338	-0.149084	0.386082	-0.0234349	-0.949938	-0.311558	0.413202	0.274576	-0.868258
9.2	0.918232	-0.126317	0.375359	-0.00530173	-0.951608	-0.30727	0.396008	0.280155	-0.874466
9.23333	0.92656	-0.10535	0.361093	0.0140325	-0.949628	-0.313064	0.375886	0.29514	-0.878409
9.26667	0.933866	-0.0863828	0.347033	0.0339336	-0.944607	-0.326445	0.356009	0.316632	-0.879205
9.3	0.940177	-0.071726	0.33305	0.0475808	-0.940361	-0.336835	0.337347	0.332531	-0.880693
9.33333	0.946259	-0.0627229	0.31727	0.0525605	-0.938145	-0.342229	0.319111	0.340513	-0.884431
9.36667	0.952329	-0.0558836	0.299912	0.0533345	-0.937442	-0.344032	0.300376	0.343627	-0.889772
9.4	0.957854	-0.0540502	0.282125	0.0465974	-0.939894	-0.338272	0.283451	0.337161	-0.897762
9.43333	0.962173	-0.0578543	0.266225	0.0360878	-0.941516	-0.33503	0.270038	0.331965	-0.903814
9.46667	0.966688	-0.0592609	0.249005	0.0275327	-0.94311	-0.331339	0.254474	0.327157	-0.910061
9.5	0.970922	-0.0615375	0.231353	0.0182091	-0.944615	-0.327676	0.238704	0.32236	-0.916026
9.53333	0.974621	-0.066354	0.213803	0.00772277	-0.944528	-0.32834	0.22373	0.321658	-0.920044
9.56667	0.978339	-0.0700296	0.194803	-0.00201516	-0.944218	-0.329316	0.206998	0.32179	-0.923906
9.6	0.981768	-0.0744141	0.174912	-0.0132776	-0.944785	-0.327421	0.189619	0.319129	-0.928548
9.63333	0.984712	-0.0798623	0.154802	-0.0250523	-0.944397	-0.327853	0.172378	0.318963	-0.93196
9.66667	0.987211	-0.085434	0.134597	-0.0367181	-0.943433	-0.329523	0.155136	0.320367	-0.934504
9.7	0.989132	-0.0918951	0.114773	-0.0487653	-0.941473	-0.333541	0.138706	0.324319	-0.935723
9.73333	0.99036	-0.100129	0.0957172	-0.0621657	-0.938786	-0.338845	0.123786	0.329628	-0.935961
9.76667	0.990919	-0.109256	0.0783743	-0.0758038	-0.935355	-0.345493	0.111055	0.336414	-0.935143
9.8	0.990951	-0.118395	0.0632369	-0.0886628	-0.931091	-0.353847	0.100773	0.345039	-0.933163
9.83333	0.990592	-0.127439	0.0498718	-0.101192	-0.927451	-0.359993	0.0921309	0.351559	-0.931621
9.86667	0.989919	-0.13636	0.0382946	-0.11286	-0.922782	-0.368423	0.085576	0.360387	-0.928869
9.9	0.989259	-0.143586	0.0273966	-0.122486	-0.916536	-0.380736	0.0797782	0.37329	-0.924278
9.93333	0.989072	-0.146627	0.0154035	-0.128804	-0.910199	-0.393633	0.0717376	0.387347	-0.919139
9.96667	0.989044	-0.147574	0.00368912	-0.133084	-0.902185	-0.410306	0.0638788	0.40532	-0.91194
10	0.989401	-0.144987	-0.00807799	-0.134342	-0.892804	-0.429946	0.0551244	0.426474	-0.902819
10.0333	0.989608	-0.142396	-0.0199945	-0.135899	-0.880761	-0.453642	0.0469863	0.451645	-0.89096
10.0667	0.989701	-0.139083	-0.0338752	-0.138273	-0.867601	-0.47765	0.037043	0.477414	-0.877897
10.1	0.988677	-0.141256	-0.0506442	-0.14738	-0.850552	-0.504817	0.0282329	0.506565	-0.861739
10.1333	0.986726	-0.149256	-0.0639848	-0.160055	-0.827223	-0.538594	0.0274588	0.541686	-0.840132
10.1667	0.985254	-0.152945	-0.0766965	-0.168896	-0.797686	-0.57894	0.0273666	0.583357	-0.811755
10.2	0.982671	-0.158821	-0.0955673	-0.183629	-0.763893	-0.618666	0.0252541	0.625494	-0.77982
10.2333	0.979159	-0.168704	-0.11308	-0.201126	-0.72809	-0.655311	0.0282207	0.664397	-0.746847
10.2667	0.975969	-0.179383	-0.123715	-0.21396	-0.681289	-0.700047	0.0412909	0.709695	-0.703298
10.3	0.973169	-0.187832	-0.132893	-0.222642	-0.622959	-0.749902	0.0580689	0.759369	-0.648064
10.3333	0.970029	-0.19882	-0.139693	-0.229134	-0.557099	-0.79821	0.0808774	0.806295	-0.585958
10.3667	0.966592	-0.215299	-0.139093	-0.229417	-0.484664	-0.844079	0.114316	0.84779	-0.517865
10.4	0.962496	-0.2363	-0.133281	-0.223564	-0.412527	-0.883086	0.153691	0.879763	-0.449884
10.4333	0.957563	-0.259951	-0.124496	-0.213599	-0.350007	-0.912069	0.193519	0.899956	-0.390679
10.4667	0.951607	-0.287204	-0.109354	-0.200942	-0.312259	-0.928502	0.232523	0.905543	-0.35486
10.5	0.944675	-0.315869	-0.0884133	-0.188491	-0.30217	-0.934433	0.268442	0.8994	-0.34499
10.5333	0.937393	-0.342463	-0.063353	-0.178882	-0.317358	-0.931282	0.298824	0.884309	-0.358749
10.5667	0.930881	-0.36375	-0.0338744	-0.170752	-0.351245	-0.920582	0.322963	0.862736	-0.389078
10.6	0.925493	-0.378759	0.00219991	-0.161903	-0.400846	-0.901726	0.342419	0.834185	-0.432302
10.6333	0.921235	-0.386429	0.0447173	-0.152993	-0.4656	-0.87167	0.357659	0.796172	-0.488048
10.6667	0.91853	-0.384377	0.0925056	-0.142715	-0.540575	-0.829103	0.368694	0.748354	-0.55139
10.7	0.916969	-0.371257	0.146066	-0.130356	-0.624832	-0.7698	0.37706	0.686843	-0.621347
10.7333	0.914388	-0.351726	0.200456	-0.11803	-0.705254	-0.699061	0.387251	0.615553	-0.68639
10.7667	0.907768	-0.335158	0.252241	-0.107229	-0.76676	-0.632915	0.405535	0.547493	-0.731979
10.8	0.900399	-0.315042	0.300051	-0.0957475	-0.816249	-0.56971	0.424399	0.484237	-0.765114
10.8333	0.890788	-0.298674	0.342477	-0.0889981	-0.85373	-0.513053	0.445619	0.426542	-0.787074
10.8667	0.880871	-0.284239	0.378515	-0.0828053	-0.879842	-0.467998	0.466057	0.380903	-0.798564
10.9	0.872368	-0.271123	0.406775	-0.0768009	-0.897786	-0.433683	0.482778	0.347091	-0.804023
10.9333	0.867491	-0.255538	0.426801	-0.0723273	-0.913649	-0.400019	0.492166	0.316143	-0.811065
10.9667	0.86843	-0.24104	0.433277	-0.0714289	-0.925581	-0.37175	0.490639	0.291891	-0.82102
11	0.874422	-0.231066	0.426607	-0.0716648	-0.931173	-0.357465	0.479843	0.282002	-0.830798
11.0333	0.884136	-0.22152	0.411379	-0.0710857	-0.933989	-0.350159	0.461791	0.280345	-0.84152
11.0667	0.890883	-0.20069	0.407493	-0.0638391	-0.943518	-0.325114	0.449724	0.263624	-0.853376
11.1	0.897741	-0.182411	0.400984	-0.0483667	-0.945553	-0.321855	0.437861	0.269548	-0.857684
11.1333	0.905346	-0.171612	0.388457	-0.0381551	-0.943885	-0.328062	0.422958	0.282188	-0.86109
11.1667	0.914279	-0.152687	0.375207	-0.0220479	-0.943627	-0.330276	0.404484	0.293692	-0.866105
11.2	0.92497	-0.125993	0.358547	-0.00382696	-0.946486	-0.322721	0.380021	0.297135	-0.875954
11.2333	0.933469	-0.108194	0.341949	0.00933685	-0.945761	-0.324731	0.358536	0.306319	-0.881828
11.2667	0.939304	-0.0970199	0.329082	0.0212931	-0.940848	-0.338158	0.342424	0.32464	-0.881677
11.3	0.944935	-0.0857118	0.315834	0.0304803	-0.937847	-0.345708	0.325836	0.336298	-0.883592
11.3333	0.949992	-0.0824477	0.301195	0.0299547	-0.936009	-0.350698	0.310836	0.342183	-0.886731
