0	0.911305	-0.411733	0	0.411733	0.911305	0	0	0	1
0.0333333	0.916371	-0.381432	-0.121551	0.376703	0.924345	-0.0606725	0.135497	0.0098099	0.990729
0.0666667	0.925917	-0.254145	-0.279444	0.231146	0.966338	-0.112969	0.298748	0.0400075	0.953493
0.1	0.905335	-0.146633	-0.398581	0.10037	0.985793	-0.13468	0.412666	0.0819248	0.907191
0.133333	0.872193	-0.0612409	-0.485314	-0.00796345	0.990223	-0.139266	0.489098	0.125332	0.863178
0.166667	0.837589	0.00344212	-0.54629	-0.0925736	0.986413	-0.135721	0.5384	0.164251	0.826527
0.2	0.806537	0.0507097	-0.589005	-0.155985	0.979262	-0.129285	0.570234	0.196149	0.797721
0.233333	0.780669	0.0851665	-0.619115	-0.203116	0.971464	-0.122482	0.591016	0.22137	0.77569
0.266667	0.759899	0.110179	-0.640636	-0.237885	0.964302	-0.116326	0.60495	0.240794	0.758982
0.3	0.743588	0.12816	-0.656241	-0.263241	0.958309	-0.111127	0.614639	0.255382	0.746323
0.333333	0.731187	0.140792	-0.66749	-0.281282	0.953644	-0.106974	0.621487	0.265972	0.736894
0.366667	0.721715	0.14918	-0.675924	-0.293498	0.950325	-0.103639	0.626886	0.27318	0.729648
0.4	0.714899	0.155201	-0.681786	-0.302289	0.947828	-0.101209	0.630509	0.278451	0.724516
0.433333	0.710094	0.159017	-0.685916	-0.307944	0.946193	-0.0994409	0.633196	0.281836	0.720854
0.466667	0.707009	0.161485	-0.688521	-0.311601	0.945115	-0.0983022	0.634857	0.284044	0.718524
0.5	0.705366	0.163258	-0.689787	-0.314148	0.944329	-0.0977413	0.635429	0.285639	0.717385
0.533333	0.704444	0.164249	-0.690493	-0.315574	0.943886	-0.0974258	0.635745	0.286533	0.716748
0.566667	0.703778	0.16536	-0.690907	-0.317121	0.943387	-0.0972398	0.635713	0.287536	0.716374
0.6	0.703296	0.166142	-0.69121	-0.31821	0.943034	-0.097103	0.635702	0.288242	0.7161
0.633333	0.703087	0.166913	-0.691237	-0.319248	0.942685	-0.0970909	0.635413	0.288939	0.716076
0.666667	0.703328	0.167392	-0.690876	-0.31984	0.942467	-0.0972548	0.634848	0.289372	0.716402
0.7	0.704015	0.167963	-0.690037	-0.320489	0.942207	-0.0976365	0.633759	0.289887	0.717158
0.733333	0.704666	0.168786	-0.689171	-0.321469	0.941832	-0.0980314	0.632537	0.290626	0.717937
0.766667	0.705549	0.168882	-0.688244	-0.321469	0.941788	-0.0984541	0.631553	0.290713	0.718768
0.8	0.705693	0.169061	-0.688052	-0.32168	0.941707	-0.0985415	0.631284	0.290873	0.71894
0.833333	0.705445	0.168894	-0.688347	-0.321498	0.941783	-0.0984069	0.631653	0.290723	0.718675
0.866667	0.704765	0.16936	-0.68893	-0.322202	0.94157	-0.0981411	0.632054	0.291141	0.718153
0.9	0.704314	0.16904	-0.689468	-0.32185	0.941716	-0.0978949	0.632735	0.290854	0.71767
0.933333	0.703924	0.168676	-0.689956	-0.321431	0.941882	-0.0976721	0.633383	0.290527	0.717231
0.966667	0.703384	0.168054	-0.690658	-0.320695	0.942166	-0.0973519	0.634354	0.289966	0.716599
1	0.702862	0.168513	-0.691077	-0.321368	0.941957	-0.0971605	0.634592	0.290381	0.716221
1.03333	0.70254	0.168831	-0.691328	-0.321828	0.941811	-0.0970457	0.634716	0.290667	0.715994
1.06667	0.702224	0.169159	-0.691568	-0.322301	0.941661	-0.0969354	0.634826	0.290964	0.715777
1.1	0.70166	0.169105	-0.692154	-0.32231	0.941686	-0.0966668	0.635444	0.290915	0.715248
1.13333	0.701479	0.169026	-0.692356	-0.322231	0.941722	-0.0965737	0.635684	0.290843	0.715064
1.16667	0.701699	0.168805	-0.692188	-0.321912	0.941823	-0.096651	0.635603	0.290644	0.715217
1.2	0.70164	0.169029	-0.692193	-0.322213	0.941721	-0.0966486	0.635516	0.290846	0.715212
1.23333	0.701712	0.169107	-0.692101	-0.322305	0.941685	-0.0966909	0.63539	0.290917	0.715295
1.26667	0.701725	0.169267	-0.692048	-0.322512	0.941611	-0.0967152	0.63527	0.291061	0.715343
1.3	0.701506	0.16952	-0.692208	-0.322875	0.941495	-0.0966417	0.635327	0.291291	0.715198
1.33333	0.701513	0.169426	-0.692224	-0.32275	0.941538	-0.096634	0.635384	0.291205	0.715183
1.36667	0.70128	0.169781	-0.692373	-0.323247	0.941375	-0.0965655	0.635388	0.291527	0.715049
1.4	0.70118	0.169854	-0.692456	-0.323356	0.941341	-0.0965272	0.635442	0.291593	0.714973
1.43333	0.701038	0.169752	-0.692625	-0.323243	0.941388	-0.0964494	0.635656	0.291501	0.71482
1.46667	0.7009	0.169896	-0.69273	-0.323451	0.941322	-0.0964009	0.635704	0.291632	0.714725
1.5	0.700514	0.169824	-0.693138	-0.32341	0.941355	-0.0962129	0.636149	0.291566	0.714355
1.53333	0.700879	0.169355	-0.692884	-0.322745	0.941571	-0.09633	0.636085	0.29114	0.714586
1.56667	0.70073	0.169637	-0.692965	-0.323135	0.941441	-0.0962922	0.636051	0.291396	0.714511
1.6	0.701034	0.169816	-0.692614	-0.323327	0.941359	-0.0964544	0.635619	0.291558	0.714831
1.63333	0.701297	0.16996	-0.692312	-0.323479	0.941292	-0.0965934	0.635251	0.291689	0.715104
1.66667	0.701217	0.169797	-0.692433	-0.323276	0.941368	-0.0965375	0.635443	0.291541	0.714994
1.7	0.701393	0.16961	-0.692301	-0.323008	0.941453	-0.0965988	0.635385	0.291372	0.715114
1.73333	0.701751	0.169495	-0.691966	-0.322807	0.941507	-0.096753	0.635091	0.291268	0.715418
1.76667	0.701916	0.169498	-0.691798	-0.322788	0.941505	-0.0968301	0.634919	0.29127	0.715569
1.8	0.701951	0.169364	-0.691795	-0.322608	0.941567	-0.0968314	0.634971	0.29115	0.715572
1.83333	0.701712	0.169446	-0.692018	-0.322749	0.941529	-0.0967289	0.635165	0.291224	0.71537
1.86667	0.701429	0.169499	-0.692292	-0.322857	0.941505	-0.0966029	0.635422	0.291272	0.715122
1.9	0.701383	0.169684	-0.692293	-0.323105	0.94142	-0.0966024	0.635346	0.291439	0.715121
1.93333	0.701396	0.169774	-0.692258	-0.323222	0.941378	-0.0966185	0.635273	0.291521	0.715153
1.96667	0.701467	0.170043	-0.69212	-0.323563	0.941254	-0.0966821	0.635021	0.291764	0.715278
2	0.701087	0.169994	-0.692517	-0.323552	0.941277	-0.0964989	0.635446	0.291719	0.714918
2.03333	0.700845	0.169936	-0.692776	-0.32351	0.941303	-0.0963794	0.635734	0.291667	0.714684
2.06667	0.700183	0.16991	-0.693451	-0.323569	0.941315	-0.0960678	0.636433	0.291644	0.714071
2.1	0.698704	0.170037	-0.694911	-0.32394	0.941256	-0.0953922	0.637869	0.29176	0.712741
2.13333	0.696503	0.170518	-0.696999	-0.324872	0.941033	-0.0944213	0.639798	0.2922	0.710829
2.16667	0.693621	0.171022	-0.699743	-0.325926	0.940796	-0.0931368	0.642388	0.292666	0.708297
2.2	0.690468	0.171379	-0.702768	-0.326815	0.940628	-0.091711	0.645326	0.292998	0.705483
2.23333	0.686257	0.172322	-0.706652	-0.328616	0.940179	-0.0898625	0.648894	0.293886	0.701832
2.26667	0.681485	0.173368	-0.711001	-0.33062	0.939674	-0.0877672	0.652893	0.294883	0.697693
2.3	0.676416	0.174301	-0.715598	-0.332497	0.939219	-0.0855224	0.657196	0.295783	0.693257
2.33333	0.672379	0.174462	-0.719354	-0.333192	0.939139	-0.0836689	0.660976	0.29594	0.689587
2.36667	0.668107	0.173309	-0.7236	-0.332099	0.939712	-0.0815609	0.66584	0.294798	0.685384
2.4	0.666093	0.171966	-0.725774	-0.330471	0.940379	-0.0804807	0.668662	0.293455	0.683209
2.43333	0.665541	0.169709	-0.726811	-0.327404	0.941494	-0.0799678	0.670717	0.291183	0.682166
2.46667	0.665038	0.167609	-0.727758	-0.324545	0.942523	-0.0795032	0.672604	0.289063	0.68121
2.5	0.664624	0.165853	-0.728538	-0.322146	0.943378	-0.0791235	0.674164	0.287283	0.68042
2.53333	0.66516	0.163597	-0.728559	-0.318946	0.944465	-0.0791136	0.675155	0.284994	0.680399
2.56667	0.667054	0.161801	-0.727228	-0.316239	0.945322	-0.0797481	0.674561	0.283174	0.681748
2.6	0.67012	0.158828	-0.72506	-0.311773	0.946718	-0.0807658	0.673599	0.280177	0.683933
2.63333	0.674796	0.155153	-0.721511	-0.306164	0.948406	-0.0823967	0.671501	0.276502	0.687483
2.66667	0.681826	0.150908	-0.715779	-0.299517	0.950301	-0.0849565	0.667385	0.272313	0.69314
2.7	0.69008	0.147832	-0.708474	-0.294332	0.951632	-0.0881202	0.661179	0.269337	0.700214
2.73333	0.697758	0.145695	-0.70136	-0.290483	0.952532	-0.0911201	0.654792	0.267313	0.706959
2.76667	0.704465	0.14323	-0.695136	-0.286314	0.953545	-0.0936828	0.649425	0.265024	0.712748
2.8	0.711278	0.14143	-0.688535	-0.283005	0.954268	-0.0963385	0.643422	0.263382	0.718775
2.83333	0.716961	0.139542	-0.683004	-0.279726	0.955012	-0.0985181	0.63853	0.261688	0.72374
2.86667	0.720601	0.138432	-0.67939	-0.277751	0.955442	-0.0999197	0.635285	0.260704	0.726943
2.9	0.721974	0.137793	-0.678061	-0.27672	0.955688	-0.10043	0.634177	0.260141	0.728112
2.93333	0.726562	0.136508	-0.673404	-0.274374	0.956177	-0.102202	0.629942	0.259021	0.732176
2.96667	0.731316	0.135856	-0.668371	-0.272805	0.956422	-0.104091	0.625103	0.258458	0.736509
3	0.732149	0.136432	-0.667342	-0.273411	0.956207	-0.104475	0.623863	0.258949	0.737387
3.03333	0.729769	0.137629	-0.669698	-0.275313	0.955757	-0.103591	0.625811	0.259974	0.735373
3.06667	0.726431	0.138278	-0.673184	-0.276657	0.955511	-0.10227	0.629093	0.260533	0.732369
3.1	0.719984	0.138685	-0.679993	-0.278145	0.955355	-0.0996578	0.635814	0.260889	0.726415
3.13333	0.711992	0.139464	-0.688198	-0.280308	0.955051	-0.0964575	0.643812	0.261585	0.719082
3.16667	0.706622	0.140449	-0.693513	-0.282349	0.954661	-0.0943499	0.648818	0.262482	0.71424
3.2	0.703621	0.140149	-0.696617	-0.282357	0.95478	-0.0931072	0.652068	0.262207	0.711376
3.23333	0.702613	0.138977	-0.697869	-0.280929	0.95525	-0.0926062	0.653769	0.261118	0.710213
3.26667	0.703377	0.137719	-0.697348	-0.279151	0.955751	-0.0928138	0.653709	0.259948	0.710698
3.3	0.702617	0.136877	-0.698279	-0.278129	0.956085	-0.0924446	0.654961	0.259165	0.709831
3.33333	0.699598	0.136488	-0.70138	-0.278004	0.956239	-0.0912148	0.658238	0.2588	0.706927
3.36667	0.696013	0.135629	-0.705104	-0.27731	0.956581	-0.0897333	0.662318	0.257988	0.703404
3.4	0.692908	0.134446	-0.708381	-0.276101	0.957052	-0.0884281	0.666068	0.256857	0.700269
3.43333	0.689781	0.133695	-0.711568	-0.275467	0.957351	-0.0871572	0.669568	0.256132	0.697191
3.46667	0.687693	0.133122	-0.713692	-0.274937	0.95758	-0.0863085	0.671928	0.255574	0.695122
3.5	0.686022	0.132484	-0.715417	-0.274264	0.957835	-0.0856189	0.673909	0.25495	0.693432
3.53333	0.684888	0.131866	-0.716617	-0.273549	0.958082	-0.0851395	0.675351	0.254341	0.692251
3.56667	0.684962	0.131943	-0.716532	-0.273647	0.958052	-0.0851735	0.675237	0.254417	0.692335
3.6	0.686942	0.132832	-0.714469	-0.274632	0.957696	-0.0859981	0.672821	0.255292	0.694361
3.63333	0.69113	0.134691	-0.710069	-0.276661	0.956952	-0.0877595	0.667681	0.257101	0.698642
3.66667	0.696867	0.137573	-0.703883	-0.279839	0.955796	-0.0902405	0.660354	0.259859	0.704561
3.7	0.703273	0.140483	-0.696901	-0.282896	0.954627	-0.0930467	0.652209	0.262587	0.711106
3.73333	0.709334	0.143504	-0.69011	-0.286068	0.95341	-0.0957816	0.644213	0.26536	0.717338
3.76667	0.715202	0.146989	-0.683286	-0.289799	0.952001	-0.0985396	0.636005	0.268491	0.723471
3.8	0.719753	0.149417	-0.67796	-0.292278	0.951017	-0.100699	0.629705	0.270632	0.728169
3.83333	0.722745	0.152023	-0.674187	-0.295181	0.949956	-0.102235	0.624906	0.272898	0.73145
3.86667	0.724936	0.154454	-0.671276	-0.297956	0.94896	-0.103428	0.621039	0.27499	0.733956
3.9	0.725944	0.156424	-0.669729	-0.30031	0.948148	-0.104065	0.618724	0.276672	0.735278
3.93333	0.726551	0.157774	-0.668753	-0.301933	0.947588	-0.10447	0.617219	0.277821	0.736108
3.96667	0.726544	0.159224	-0.668417	-0.303775	0.946983	-0.10461	0.616323	0.279052	0.736394
4	0.725562	0.160977	-0.669063	-0.306154	0.946247	-0.104339	0.616303	0.28054	0.735845
4.03333	0.724505	0.162322	-0.669883	-0.308025	0.945678	-0.103991	0.616614	0.281683	0.735148
4.06667	0.723731	0.164011	-0.670309	-0.310292	0.944956	-0.10381	0.616387	0.283122	0.734785
4.1	0.721518	0.16702	-0.671949	-0.314459	0.943655	-0.103101	0.616869	0.28569	0.733386
4.13333	0.717842	0.170263	-0.675065	-0.319152	0.942228	-0.10173	0.618744	0.288474	0.730711
4.16667	0.713585	0.172594	-0.678975	-0.322771	0.941182	-0.0999776	0.621784	0.290496	0.727322
4.2	0.707987	0.173726	-0.684525	-0.325043	0.940665	-0.097452	0.626978	0.291495	0.722447
4.23333	0.699875	0.174762	-0.692555	-0.327521	0.940183	-0.0937336	0.634748	0.292428	0.715249
4.26667	0.688633	0.176129	-0.703394	-0.330798	0.939534	-0.0885976	0.645257	0.293692	0.705257
4.3	0.675348	0.177652	-0.715783	-0.334451	0.93879	-0.0825571	0.657303	0.295149	0.693426
4.33333	0.662251	0.178084	-0.727811	-0.336488	0.938573	-0.0765237	0.669477	0.295578	0.681494
4.36667	0.650819	0.177962	-0.738081	-0.337468	0.938636	-0.0712512	0.68011	0.295451	0.670939
4.4	0.642194	0.176875	-0.745857	-0.336721	0.939204	-0.0671958	0.688626	0.294299	0.662709
4.43333	0.636492	0.17533	-0.751091	-0.334989	0.940015	-0.064446	0.694738	0.292627	0.657046
4.46667	0.633553	0.173322	-0.754035	-0.33231	0.941071	-0.0628988	0.698699	0.290423	0.653815
4.5	0.632345	0.171149	-0.755544	-0.329226	0.942206	-0.0621103	0.701249	0.28802	0.652146
4.53333	0.630773	0.169727	-0.757178	-0.327264	0.942945	-0.0612613	0.703579	0.286439	0.65033
4.56667	0.629808	0.168268	-0.758306	-0.325188	0.943701	-0.0606769	0.705404	0.284807	0.649068
4.6	0.630016	0.166429	-0.758539	-0.322455	0.944646	-0.0605574	0.706472	0.282747	0.648808
4.63333	0.634519	0.166048	-0.75486	-0.321528	0.94484	-0.0624312	0.702855	0.282322	0.652908
4.66667	0.640451	0.165117	-0.750039	-0.319666	0.945308	-0.064856	0.698309	0.281299	0.658206
4.7	0.648866	0.164052	-0.743007	-0.317379	0.945834	-0.0683312	0.691551	0.280153	0.665786
4.73333	0.659101	0.163013	-0.734175	-0.314924	0.946336	-0.0726015	0.682941	0.279061	0.675067
4.76667	0.672319	0.161527	-0.722424	-0.311483	0.947034	-0.0781324	0.67154	0.277553	0.687022
4.8	0.686336	0.160165	-0.709429	-0.308037	0.947653	-0.0840622	0.658829	0.276226	0.699745
4.83333	0.699297	0.158058	-0.697138	-0.303619	0.948581	-0.089493	0.647147	0.274246	0.711329
4.86667	0.711586	0.155662	-0.685138	-0.298834	0.949603	-0.0946213	0.63588	0.272074	0.722241
4.9	0.722537	0.152972	-0.674195	-0.293792	0.950714	-0.0991454	0.6258	0.269709	0.731868
4.93333	0.732837	0.150684	-0.663509	-0.289315	0.95163	-0.103427	0.615831	0.267758	0.740985
4.96667	0.738044	0.149694	-0.657938	-0.287242	0.952018	-0.10561	0.61056	0.266932	0.74563
5	0.741125	0.150395	-0.654305	-0.287621	0.951746	-0.107022	0.606637	0.267508	0.74862
5.03333	0.745027	0.150147	-0.649916	-0.286667	0.951842	-0.108719	0.602294	0.267308	0.752189
5.06667	0.750291	0.149143	-0.644065	-0.284529	0.952225	-0.110955	0.596746	0.266503	0.756882
5.1	0.753124	0.148662	-0.640861	-0.283443	0.952407	-0.112164	0.593686	0.266121	0.759418
5.13333	0.7538	0.148875	-0.640017	-0.283587	0.952327	-0.112482	0.592759	0.266289	0.760083
5.16667	0.754219	0.148785	-0.639544	-0.283402	0.952361	-0.112659	0.592315	0.266218	0.760454
5.2	0.751705	0.147958	-0.642688	-0.282825	0.952671	-0.111478	0.595776	0.265567	0.757974
5.23333	0.743844	0.147473	-0.65188	-0.283556	0.952855	-0.107997	0.605221	0.265178	0.750592
5.26667	0.735586	0.14652	-0.661397	-0.283695	0.95322	-0.104348	0.615167	0.264392	0.742742
5.3	0.727621	0.144923	-0.670497	-0.282889	0.953839	-0.100825	0.624934	0.263038	0.73503
5.33333	0.720264	0.142782	-0.678847	-0.281211	0.954673	-0.0975718	0.634145	0.261177	0.727768
5.36667	0.713645	0.140057	-0.686363	-0.278588	0.955737	-0.0946369	0.642728	0.25875	0.721075
5.4	0.708852	0.137797	-0.691767	-0.27626	0.956618	-0.0925285	0.649007	0.256697	0.716169
5.43333	0.706848	0.135773	-0.694213	-0.273842	0.957405	-0.0915779	0.652209	0.254836	0.71392
5.46667	0.707318	0.134596	-0.693964	-0.272215	0.95786	-0.0916741	0.652381	0.25375	0.71415
5.5	0.709651	0.134179	-0.691659	-0.271351	0.95802	-0.0925585	0.650203	0.253367	0.716269
5.53333	0.71327	0.134211	-0.68792	-0.270904	0.958007	-0.0939829	0.646419	0.253395	0.719676
5.56667	0.716481	0.133953	-0.684625	-0.270121	0.958105	-0.0952291	0.643186	0.253162	0.722648
5.6	0.719082	0.133834	-0.681916	-0.269601	0.95815	-0.096247	0.640497	0.253055	0.725071
5.63333	0.720897	0.134163	-0.679932	-0.269772	0.958027	-0.0969897	0.638381	0.253346	0.726832
5.66667	0.723083	0.13481	-0.677479	-0.2703	0.957785	-0.0979073	0.63568	0.253918	0.728997
5.7	0.725533	0.136362	-0.674542	-0.271952	0.957204	-0.0990064	0.632174	0.255276	0.731567
5.73333	0.72836	0.138842	-0.67098	-0.274728	0.956272	-0.100346	0.627707	0.257425	0.734654
5.76667	0.73158	0.141574	-0.666894	-0.277739	0.955238	-0.101891	0.622617	0.259764	0.738153
5.8	0.735407	0.143955	-0.662159	-0.280174	0.954333	-0.103692	0.616993	0.261775	0.742155
5.83333	0.739651	0.145795	-0.657009	-0.281822	0.953632	-0.105652	0.611141	0.263305	0.746443
5.86667	0.745095	0.146249	-0.650727	-0.281498	0.953461	-0.108034	0.604643	0.263674	0.751587
5.9	0.752122	0.146719	-0.642484	-0.280889	0.953285	-0.111127	0.596166	0.264048	0.758198
5.93333	0.756004	0.147412	-0.637753	-0.28106	0.953028	-0.112888	0.591155	0.264591	0.761924
5.96667	0.759062	0.149355	-0.633654	-0.282887	0.952305	-0.114413	0.586344	0.266099	0.765109
6	0.760862	0.152922	-0.630637	-0.286899	0.950967	-0.115544	0.582046	0.268842	0.767428
6.03333	0.76304	0.156769	-0.627051	-0.291149	0.949508	-0.116905	0.577063	0.271768	0.770156
6.06667	0.763694	0.163085	-0.624639	-0.298625	0.947068	-0.117837	0.572358	0.276524	0.771972
6.1	0.763385	0.17092	-0.622921	-0.308062	0.943955	-0.11852	0.567752	0.282374	0.773255
6.13333	0.761491	0.179056	-0.622953	-0.318122	0.940614	-0.118507	0.564739	0.288416	0.773231
6.16667	0.758168	0.185086	-0.625239	-0.325931	0.938059	-0.117537	0.564757	0.292898	0.771531
6.2	0.753128	0.189618	-0.629955	-0.332279	0.936084	-0.115485	0.567793	0.296296	0.767997
6.23333	0.746014	0.19312	-0.637313	-0.337767	0.934518	-0.112198	0.573913	0.298965	0.762393
6.26667	0.736043	0.196804	-0.647695	-0.34395	0.932823	-0.107425	0.583043	0.301844	0.754288
6.3	0.723737	0.200183	-0.660403	-0.350086	0.931215	-0.101387	0.594681	0.304575	0.744035
6.33333	0.71021	0.201617	-0.674501	-0.353877	0.930509	-0.0944706	0.608582	0.305785	0.732204
6.36667	0.696936	0.199637	-0.688785	-0.353106	0.931502	-0.0872987	0.624176	0.304055	0.71969
6.4	0.683736	0.194803	-0.703247	-0.348329	0.933956	-0.0799551	0.641227	0.29963	0.706435
6.43333	0.671828	0.187807	-0.716502	-0.340172	0.937508	-0.0732261	0.657974	0.292929	0.693731
6.46667	0.661533	0.180377	-0.7279	-0.330908	0.941247	-0.0674915	0.672959	0.285515	0.682354
6.5	0.650353	0.174193	-0.739391	-0.323154	0.944329	-0.0617647	0.687469	0.279106	0.670438
6.53333	0.637448	0.170108	-0.75148	-0.318261	0.946363	-0.0557448	0.70169	0.274701	0.657396
6.56667	0.626722	0.167984	-0.760922	-0.315875	0.947429	-0.0510078	0.71235	0.272324	0.646836
6.6	0.620104	0.166581	-0.76663	-0.314194	0.948139	-0.048121	0.718855	0.27071	0.640283
6.63333	0.618491	0.165638	-0.768136	-0.312865	0.948616	-0.0473579	0.720822	0.269613	0.638533
6.66667	0.622649	0.165315	-0.76484	-0.312118	0.948778	-0.0490196	0.717559	0.269242	0.642353
6.7	0.631543	0.165863	-0.757392	-0.312347	0.948503	-0.052732	0.709643	0.269872	0.650827
6.73333	0.644867	0.166762	-0.74588	-0.312688	0.948061	-0.058376	0.697405	0.270872	0.663517
6.76667	0.660818	0.16705	-0.73172	-0.311773	0.94792	-0.0651556	0.682727	0.271187	0.678484
6.8	0.677232	0.166893	-0.716592	-0.310005	0.94799	-0.072193	0.667273	0.271038	0.693747
6.83333	0.691194	0.16691	-0.70313	-0.308556	0.947979	-0.0782852	0.653486	0.271065	0.706738
6.86667	0.702819	0.166447	-0.691622	-0.306598	0.948181	-0.0833703	0.641906	0.270644	0.717432
6.9	0.712864	0.16484	-0.681654	-0.303243	0.948872	-0.0876673	0.632351	0.269201	0.726404
6.93333	0.722783	0.162559	-0.671684	-0.29898	0.949829	-0.0918506	0.623054	0.267208	0.735122
6.96667	0.732283	0.161164	-0.661655	-0.295864	0.950399	-0.0959507	0.613372	0.266023	0.743644
7	0.73972	0.16112	-0.653341	-0.294704	0.950417	-0.0992856	0.60495	0.265986	0.750525
7.03333	0.744648	0.162849	-0.647286	-0.296099	0.949728	-0.101696	0.598185	0.267388	0.755432
7.06667	0.749771	0.163681	-0.641134	-0.29631	0.949398	-0.104137	0.591646	0.268053	0.760331
7.1	0.755757	0.163906	-0.634009	-0.295594	0.949309	-0.106939	0.584343	0.268229	0.765896
7.13333	0.75804	0.164783	-0.631049	-0.296274	0.948966	-0.108096	0.581032	0.268904	0.768175
7.16667	0.757252	0.165727	-0.631747	-0.297555	0.948596	-0.107823	0.581404	0.269628	0.76764
7.2	0.755371	0.165805	-0.633974	-0.29797	0.948566	-0.106946	0.583633	0.269689	0.765924
7.23333	0.752121	0.16593	-0.637795	-0.298666	0.948516	-0.105435	0.587464	0.269787	0.762956
7.26667	0.748227	0.166185	-0.642292	-0.299616	0.948414	-0.103642	0.591934	0.269988	0.759421
7.3	0.743378	0.166191	-0.647896	-0.300394	0.948411	-0.101387	0.597623	0.269993	0.754951
7.33333	0.739004	0.164848	-0.653222	-0.299395	0.948955	-0.099232	0.60352	0.268904	0.750636
7.36667	0.735121	0.162446	-0.658186	-0.296962	0.949927	-0.0972234	0.609435	0.266927	0.746551
7.4	0.731614	0.159743	-0.662739	-0.294056	0.951016	-0.0953887	0.615038	0.26467	0.74275
7.43333	0.730108	0.1563	-0.665216	-0.289895	0.952391	-0.0943992	0.618791	0.261765	0.740659
7.46667	0.730032	0.152839	-0.666103	-0.285492	0.953755	-0.0940505	0.620924	0.258827	0.739906
7.5	0.731205	0.149742	-0.66552	-0.281372	0.954956	-0.0942771	0.621425	0.256194	0.740402
7.53333	0.734298	0.148143	-0.662465	-0.278891	0.955568	-0.0954444	0.618891	0.25484	0.742987
7.56667	0.737537	0.146867	-0.659143	-0.2768	0.95605	-0.0966977	0.615972	0.253769	0.745775
7.6	0.73875	0.145702	-0.658042	-0.275146	0.956486	-0.0971091	0.615258	0.252797	0.746693
7.63333	0.737277	0.144051	-0.660054	-0.273269	0.957099	-0.0963619	0.617856	0.251418	0.745012
7.66667	0.733304	0.142132	-0.664878	-0.271398	0.957809	-0.0945768	0.623384	0.2498	0.74094
7.7	0.728662	0.140916	-0.670219	-0.270489	0.958259	-0.0925987	0.629195	0.24876	0.736364
7.73333	0.72461	0.14069	-0.674646	-0.270752	0.958343	-0.0909513	0.633746	0.248566	0.732517
7.76667	0.723194	0.141719	-0.675948	-0.272277	0.957957	-0.0904632	0.634709	0.249467	0.731376
7.8	0.726134	0.143592	-0.672391	-0.274304	0.957251	-0.091803	0.630465	0.251101	0.734481
7.83333	0.732774	0.144518	-0.664949	-0.274564	0.956904	-0.0946	0.622621	0.251892	0.740874
7.86667	0.740738	0.146653	-0.655592	-0.276108	0.956108	-0.0980919	0.612431	0.253675	0.748717
7.9	0.74809	0.149744	-0.646481	-0.278852	0.954957	-0.101483	0.602165	0.256191	0.75615
7.93333	0.754337	0.154531	-0.63804	-0.28377	0.953166	-0.10464	0.591988	0.259991	0.76286
7.96667	0.760849	0.160213	-0.628841	-0.289618	0.951016	-0.108119	0.580716	0.264386	0.76998
8	0.764663	0.166592	-0.622525	-0.296655	0.948565	-0.110546	0.572089	0.269206	0.774753
8.03333	0.769753	0.174353	-0.61407	-0.305	0.945521	-0.113863	0.560764	0.274937	0.780995
8.06667	0.77144	0.18075	-0.61009	-0.312246	0.942959	-0.115457	0.554421	0.279566	0.783875
8.1	0.772131	0.18812	-0.606979	-0.320768	0.939937	-0.116733	0.548562	0.284833	0.786098
8.13333	0.771414	0.197084	-0.605044	-0.33137	0.936149	-0.117552	0.543244	0.291175	0.787467
8.16667	0.769588	0.205836	-0.604454	-0.341892	0.932325	-0.117809	0.539299	0.297323	0.787881
8.2	0.767052	0.211128	-0.605851	-0.348519	0.929948	-0.117182	0.53867	0.301035	0.786901
8.23333	0.762327	0.214112	-0.610749	-0.352889	0.928579	-0.114936	0.542519	0.303146	0.783438
8.26667	0.755249	0.217076	-0.618447	-0.357661	0.927191	-0.111331	0.549252	0.305278	0.7779
8.3	0.745104	0.222142	-0.628867	-0.365425	0.92475	-0.106308	0.557929	0.309014	0.770211
8.33333	0.733093	0.22645	-0.641323	-0.372546	0.922601	-0.100087	0.569021	0.312296	0.760715
8.36667	0.719692	0.22818	-0.655726	-0.376653	0.921709	-0.092659	0.583245	0.313667	0.749291
8.4	0.70569	0.226568	-0.671319	-0.376504	0.922561	-0.0844192	0.600205	0.312328	0.736345
8.43333	0.69221	0.221867	-0.686746	-0.372061	0.925079	-0.0761566	0.618397	0.308228	0.722897
8.46667	0.681217	0.21565	-0.699598	-0.365031	0.928416	-0.0692574	0.634583	0.302555	0.711172
8.5	0.6727	0.207509	-0.710221	-0.354881	0.932745	-0.0636084	0.649256	0.294834	0.701099
8.53333	0.667628	0.198748	-0.717476	-0.343327	0.937308	-0.0598295	0.660605	0.286273	0.694009
8.56667	0.664443	0.190558	-0.722636	-0.332229	0.941462	-0.0572132	0.669432	0.278096	0.688856
8.6	0.663732	0.182993	-0.72524	-0.321705	0.945186	-0.0559316	0.675252	0.270437	0.68622
8.63333	0.665068	0.176348	-0.725662	-0.312273	0.948356	-0.0557311	0.678358	0.26367	0.685791
8.66667	0.668299	0.170952	-0.723983	-0.304447	0.950852	-0.0565084	0.67874	0.258179	0.687499
8.7	0.674308	0.166799	-0.719366	-0.298164	0.952715	-0.0585827	0.675579	0.253991	0.692157
8.73333	0.682028	0.164269	-0.712638	-0.294014	0.953819	-0.0615226	0.669622	0.251486	0.698829
8.76667	0.691392	0.162819	-0.703894	-0.291197	0.954435	-0.0652524	0.661197	0.250087	0.707301
8.8	0.702887	0.161396	-0.692749	-0.288172	0.955025	-0.0698888	0.650312	0.248755	0.717785
8.83333	0.713945	0.15962	-0.681765	-0.284664	0.955741	-0.074334	0.639726	0.247144	0.727785
8.86667	0.723826	0.158353	-0.671565	-0.281898	0.956239	-0.0783571	0.629769	0.24603	0.736791
8.9	0.732721	0.157737	-0.661996	-0.280038	0.956476	-0.0820517	0.62024	0.245505	0.745003
8.93333	0.739857	0.158153	-0.653911	-0.279662	0.956317	-0.0851265	0.611883	0.245856	0.751767
8.96667	0.745697	0.158649	-0.647121	-0.279511	0.95613	-0.0876829	0.604822	0.246262	0.757328
9	0.749287	0.161487	-0.642254	-0.282562	0.955063	-0.0895131	0.598938	0.248548	0.761247
9.03333	0.749629	0.166035	-0.640694	-0.288167	0.953331	-0.0901071	0.595833	0.252174	0.76249
9.06667	0.750867	0.168758	-0.63853	-0.291364	0.95228	-0.0909441	0.592711	0.254331	0.764205
9.1	0.752897	0.170258	-0.635734	-0.292923	0.951697	-0.0920306	0.589357	0.255511	0.766402
9.13333	0.754318	0.170459	-0.633994	-0.292963	0.951619	-0.0927071	0.587518	0.255668	0.767761
9.16667	0.756111	0.170107	-0.631949	-0.292269	0.951755	-0.0934998	0.585555	0.255395	0.76935
9.2	0.758271	0.168651	-0.629747	-0.290164	0.952315	-0.0943463	0.583806	0.25427	0.771049
9.23333	0.760167	0.16565	-0.628256	-0.286212	0.953454	-0.0949119	0.583291	0.251963	0.772195
9.26667	0.76097	0.163279	-0.627905	-0.283194	0.954342	-0.0950431	0.583718	0.250144	0.772465
9.3	0.76183	0.161443	-0.627336	-0.280821	0.955022	-0.0952537	0.583742	0.248736	0.772901
9.33333	0.762844	0.159708	-0.626548	-0.278548	0.955658	-0.0955431	0.583506	0.247408	0.773505
9.36667	0.763544	0.15756	-0.62624	-0.275818	0.956438	-0.0956549	0.583888	0.245765	0.77374
9.4	0.763602	0.155883	-0.626588	-0.27376	0.957042	-0.0955296	0.58478	0.244481	0.773474
9.43333	0.762132	0.153603	-0.628936	-0.271192	0.957856	-0.0946908	0.587886	0.24273	0.771669
9.46667	0.758939	0.15079	-0.633462	-0.268207	0.958854	-0.0930861	0.593361	0.240545	0.768154
9.5	0.755259	0.148455	-0.638393	-0.265848	0.959677	-0.091347	0.59909	0.238706	0.764271
9.53333	0.750918	0.145573	-0.644152	-0.262865	0.960689	-0.0893252	0.605826	0.236401	0.759664
9.56667	0.745441	0.14239	-0.651185	-0.259603	0.9618	-0.0868697	0.613941	0.233806	0.753931
9.6	0.739298	0.139316	-0.65881	-0.256497	0.962869	-0.0842202	0.622614	0.231247	0.747581
9.63333	0.73331	0.136438	-0.666064	-0.25355	0.963865	-0.0817085	0.630848	0.228798	0.741406
9.66667	0.726913	0.132557	-0.673814	-0.249279	0.965201	-0.0790421	0.639888	0.225424	0.734661
9.7	0.722083	0.130503	-0.679386	-0.247143	0.965904	-0.0771346	0.646156	0.223603	0.729715
9.73333	0.721147	0.130799	-0.680322	-0.247639	0.965803	-0.0768137	0.64701	0.223868	0.728877
9.76667	0.721941	0.131805	-0.679286	-0.248874	0.965457	-0.0771701	0.645649	0.224769	0.729805
9.8	0.725686	0.133159	-0.675017	-0.25022	0.96499	-0.0786404	0.640913	0.225971	0.733599
9.83333	0.730765	0.133331	-0.669482	-0.24984	0.964932	-0.0805387	0.635266	0.226118	0.73845
9.86667	0.738356	0.13467	-0.660828	-0.250629	0.964477	-0.0834814	0.626111	0.227261	0.74588
9.9	0.747482	0.136641	-0.650078	-0.251947	0.963812	-0.0871125	0.61465	0.2289	0.754858
9.93333	0.757531	0.138649	-0.637906	-0.253071	0.96314	-0.0911899	0.60175	0.230515	0.764696
9.96667	0.766426	0.141344	-0.626588	-0.255089	0.962243	-0.0949577	0.589509	0.232614	0.773544
10	0.773237	0.145873	-0.617111	-0.259554	0.960731	-0.0981213	0.578565	0.236044	0.780734
10.0333	0.776405	0.151976	-0.611636	-0.266412	0.95866	-0.0999784	0.571157	0.240571	0.784797
10.0667	0.776932	0.159456	-0.609057	-0.275299	0.956051	-0.100877	0.566205	0.246048	0.786685
10.1	0.777376	0.168211	-0.606129	-0.285669	0.952891	-0.101935	0.560428	0.252395	0.788807
10.1333	0.780057	0.177434	-0.600023	-0.29613	0.949445	-0.10422	0.551197	0.258982	0.793165
10.1667	0.778809	0.188302	-0.59833	-0.309113	0.945225	-0.104879	0.545807	0.266632	0.794356
10.2	0.776474	0.200127	-0.597525	-0.323341	0.940416	-0.105206	0.540868	0.274894	0.794918
10.2333	0.773044	0.209066	-0.598911	-0.334357	0.936622	-0.104617	0.539082	0.281124	0.793952
10.2667	0.768197	0.214434	-0.603234	-0.341455	0.934268	-0.102723	0.541555	0.284889	0.790922
10.3	0.761476	0.217825	-0.610498	-0.346556	0.932741	-0.0994596	0.547772	0.287308	0.785748
10.3333	0.753344	0.220331	-0.619619	-0.350816	0.931586	-0.0952639	0.556239	0.289139	0.7791
10.3667	0.743327	0.220639	-0.631493	-0.352669	0.93144	-0.0896861	0.56841	0.289374	0.770177
10.4	0.731201	0.219187	-0.64599	-0.352532	0.932133	-0.0827567	0.584009	0.288244	0.758847
10.4333	0.71575	0.215685	-0.664216	-0.349993	0.933832	-0.0739129	0.604324	0.285374	0.743878
10.4667	0.700523	0.209885	-0.682067	-0.34409	0.936672	-0.0651689	0.625196	0.280345	0.72838
10.5	0.685211	0.201927	-0.699793	-0.33487	0.94057	-0.0564879	0.646798	0.273046	0.712108
10.5333	0.66327	0.193465	-0.722941	-0.324794	0.944705	-0.0451746	0.674227	0.26477	0.689431
10.5667	0.638767	0.186046	-0.746567	-0.315445	0.94835	-0.0335652	0.701763	0.256941	0.664462
10.6	0.621402	0.181799	-0.762108	-0.309775	0.950458	-0.0258518	0.719652	0.252146	0.646933
10.6333	0.611887	0.179447	-0.77032	-0.306459	0.951635	-0.0217441	0.729162	0.249377	0.637287
10.6667	0.613437	0.179665	-0.769035	-0.306752	0.951526	-0.022388	0.727735	0.249637	0.638814
10.7	0.621615	0.17998	-0.762366	-0.306983	0.951368	-0.0257071	0.720664	0.250013	0.646635
10.7333	0.632571	0.179462	-0.753424	-0.305806	0.951619	-0.0300817	0.711574	0.24943	0.656847
10.7667	0.646687	0.178478	-0.74158	-0.303738	0.952085	-0.0357309	0.699671	0.248353	0.669912
10.8	0.660718	0.177591	-0.729323	-0.301729	0.952494	-0.041413	0.687322	0.24742	0.682915
10.8333	0.674219	0.177706	-0.716832	-0.301072	0.952439	-0.0470602	0.674376	0.247547	0.695656
10.8667	0.687919	0.179146	-0.703331	-0.302101	0.951799	-0.0530478	0.659926	0.24897	0.70888
10.9	0.699544	0.179284	-0.691734	-0.301367	0.951736	-0.0580984	0.647932	0.249108	0.719812
10.9333	0.711004	0.177903	-0.680312	-0.298527	0.952322	-0.0629603	0.636675	0.247856	0.730213
10.9667	0.721975	0.175829	-0.669205	-0.29476	0.95318	-0.067561	0.625994	0.246032	0.74
11	0.730672	0.174862	-0.659956	-0.292606	0.953571	-0.0713023	0.616847	0.245206	0.747913
11.0333	0.739061	0.175341	-0.650419	-0.29228	0.95338	-0.0750991	0.606928	0.245607	0.755854
11.0667	0.748616	0.17595	-0.639231	-0.291902	0.953138	-0.0794987	0.595288	0.246107	0.764895
11.1	0.761326	0.175087	-0.624281	-0.289186	0.953469	-0.0852575	0.580305	0.245442	0.776534
11.1333	0.770809	0.174121	-0.61281	-0.286674	0.953832	-0.0895692	0.568921	0.244718	0.785138
11.1667	0.774702	0.173522	-0.608051	-0.285378	0.954054	-0.0913301	0.564266	0.244278	0.788627
11.2	0.774638	0.172775	-0.608346	-0.284492	0.954328	-0.0912218	0.564801	0.243734	0.788412
11.2333	0.771358	0.171487	-0.612861	-0.283431	0.954801	-0.0895639	0.569801	0.24279	0.785098
11.2667	0.766895	0.170152	-0.618805	-0.282458	0.955292	-0.0873786	0.576272	0.241797	0.780669
11.3	0.764353	0.169455	-0.622133	-0.281966	0.955549	-0.0861526	0.579879	0.241271	0.778157
11.3333	0.763092	0.168712	-0.62388	-0.281232	0.955823	-0.0855085	0.581893	0.240706	0.776828
