0	0	1	0	0	0	-1	-1	0	0
0.0333333	0.97657	-0.203227	0.0707849	0.212494	0.962637	-0.167855	-0.0340276	0.178963	0.983267
0.0666667	0.988213	-0.146572	0.0441802	0.145958	0.989147	0.0168428	-0.0461695	-0.0101959	0.998882
0.1	0.991221	-0.126774	0.0375431	0.122873	0.988103	0.092487	-0.0488215	-0.0870621	0.995006
0.133333	0.992525	-0.11685	0.0352213	0.111622	0.98584	0.125143	-0.0493455	-0.120276	0.991513
0.166667	0.993368	-0.110459	0.0319346	0.104932	0.984432	0.141006	-0.0470128	-0.13672	0.989494
0.2	0.994014	-0.105724	0.0275431	0.100451	0.983548	0.150141	-0.0429635	-0.146476	0.988281
0.233333	0.994494	-0.102387	0.0223089	0.0977227	0.983026	0.155275	-0.0378283	-0.15224	0.987619
0.266667	0.994935	-0.0992885	0.0156625	0.0955467	0.982582	0.159383	-0.0312145	-0.157079	0.987093
0.3	0.995351	-0.0958547	0.00944445	0.0930996	0.982586	0.160804	-0.0246938	-0.159177	0.986941
0.333333	0.995717	-0.0923904	0.00329041	0.0906324	0.982554	0.162398	-0.018237	-0.161404	0.98672
0.366667	0.99607	-0.0885399	-0.00210712	0.0876789	0.982469	0.164519	-0.0124963	-0.164058	0.986372
0.4	0.996376	-0.084808	-0.00651792	0.0847009	0.982258	0.167318	-0.00778762	-0.167264	0.985881
0.433333	0.996554	-0.0823379	-0.010015	0.0828491	0.982326	0.167843	-0.00398179	-0.168094	0.985763
0.466667	0.996729	-0.0800502	-0.0111262	0.0807861	0.982862	0.1657	-0.00232878	-0.166056	0.986113
0.5	0.996945	-0.0772506	-0.011536	0.0780931	0.983025	0.166021	-0.001485	-0.166414	0.986055
0.533333	0.997106	-0.0751787	-0.0113061	0.0760135	0.983406	0.164728	-0.00126557	-0.165111	0.986274
0.566667	0.997238	-0.0736772	-0.00937436	0.0742137	0.983536	0.164773	-0.00291997	-0.165013	0.986287
0.6	0.997333	-0.0727021	-0.00644924	0.0727808	0.983972	0.162793	-0.00548953	-0.162828	0.986639
0.633333	0.997443	-0.0713275	-0.00452574	0.0711565	0.98513	0.156383	-0.00669595	-0.156305	0.987686
0.666667	0.997444	-0.0714582	0.000379572	0.0705165	0.985131	0.156668	-0.0115691	-0.156241	0.987651
0.7	0.997444	-0.0713902	0.00302	0.0700439	0.985241	0.156186	-0.0141256	-0.155575	0.987723
0.733333	0.997425	-0.0714783	0.00588391	0.0696798	0.985213	0.156522	-0.0169848	-0.155709	0.987657
0.766667	0.997359	-0.0721779	0.00813277	0.0700293	0.985257	0.156091	-0.0192792	-0.155109	0.987709
0.8	0.997325	-0.0724434	0.00968617	0.0700552	0.985289	0.155876	-0.0208359	-0.154781	0.987729
0.833333	0.997201	-0.0735981	0.0131628	0.0706503	0.985196	0.156197	-0.0244637	-0.15483	0.987638
0.866667	0.997355	-0.071534	0.0129029	0.0687438	0.985933	0.152349	-0.0236196	-0.151059	0.988243
0.9	0.997475	-0.0694754	0.0147301	0.0664361	0.986112	0.152215	-0.0251007	-0.150852	0.988238
0.933333	0.99747	-0.0692962	0.0158764	0.0660747	0.98607	0.152642	-0.0262328	-0.151207	0.988154
0.966667	0.997409	-0.0706033	0.0138041	0.0677197	0.986204	0.151048	-0.0242781	-0.149721	0.98843
1	0.996663	-0.0804775	0.0136616	0.0776941	0.986576	0.143637	-0.0250377	-0.142097	0.989536
1.03333	0.994098	-0.107381	0.0154657	0.104479	0.985977	0.130132	-0.0292225	-0.127748	0.991376
1.06667	0.989461	-0.143849	0.0165353	0.141042	0.983337	0.114699	-0.0327591	-0.111158	0.993263
1.1	0.983939	-0.177248	0.0211439	0.173538	0.977576	0.119287	-0.0418131	-0.113702	0.992635
1.13333	0.979525	-0.199981	0.0231953	0.19461	0.970064	0.145268	-0.0515518	-0.13778	0.98912
1.16667	0.975992	-0.216767	0.0212423	0.210193	0.96295	0.168955	-0.0570793	-0.160434	0.985395
1.2	0.97225	-0.232879	0.022308	0.22474	0.956224	0.187422	-0.0649781	-0.177207	0.982026
1.23333	0.970597	-0.239862	0.020173	0.23196	0.954418	0.187833	-0.0643075	-0.177631	0.981994
1.26667	0.973551	-0.228254	0.0099164	0.221802	0.954659	0.198571	-0.0547914	-0.19112	0.980036
1.3	0.97673	-0.214461	0.00214228	0.211348	0.964158	0.160409	-0.0364669	-0.156223	0.987048
1.33333	0.984728	-0.173761	-0.0108843	0.173749	0.976839	0.124888	-0.0110685	-0.124872	0.992111
1.36667	0.99217	-0.119493	-0.0363339	0.122682	0.98696	0.104209	0.0234078	-0.10785	0.993892
1.4	0.994788	-0.073421	-0.0707515	0.0799294	0.992355	0.0940352	0.0633064	-0.0992003	0.993052
1.43333	0.993147	-0.041567	-0.109234	0.050961	0.995106	0.0846638	0.10518	-0.0896502	0.990404
1.46667	0.988023	-0.014755	-0.153602	0.0305235	0.994437	0.100812	0.15126	-0.104293	0.982977
1.5	0.980595	-0.00718423	-0.195914	0.0319914	0.991797	0.123755	0.193418	-0.127621	0.972781
1.53333	0.972973	-0.0183299	-0.230192	0.0522111	0.988493	0.141973	0.224941	-0.150154	0.962733
1.56667	0.965848	-0.0362123	-0.256568	0.0768557	0.985663	0.150205	0.24745	-0.164794	0.954783
1.6	0.961125	-0.0519234	-0.271188	0.0977489	0.982539	0.158311	0.258233	-0.178665	0.949418
1.63333	0.961082	-0.0602471	-0.269613	0.109675	0.978936	0.172206	0.253559	-0.195074	0.947446
1.66667	0.967599	-0.0597195	-0.245328	0.107879	0.976258	0.187838	0.228286	-0.208218	0.951068
1.7	0.977361	-0.0484176	-0.205965	0.0902011	0.975918	0.198613	0.191389	-0.212695	0.958192
1.73333	0.98697	-0.0397713	-0.15591	0.0716636	0.976212	0.204634	0.144063	-0.213141	0.966342
1.76667	0.993687	-0.0496381	-0.100611	0.0681525	0.979437	0.189889	0.0891161	-0.195547	0.976637
1.8	0.995548	-0.0774874	-0.053673	0.0846023	0.985615	0.146309	0.0415638	-0.150198	0.987782
1.83333	0.992421	-0.122452	-0.0103231	0.122876	0.9877	0.0966917	-0.00164402	-0.0972273	0.995261
1.86667	0.985125	-0.169378	0.0289746	0.166363	0.982305	0.0860229	-0.0430324	-0.079923	0.995872
1.9	0.976884	-0.208046	0.0491377	0.199528	0.969883	0.139699	-0.0767216	-0.126665	0.988974
1.93333	0.969064	-0.243235	0.0418591	0.227357	0.945747	0.232102	-0.0960433	-0.215404	0.97179
1.96667	0.961285	-0.275257	0.0128588	0.256955	0.912269	0.318965	-0.0995282	-0.303312	0.947679
2	0.953128	-0.301423	-0.0262935	0.288838	0.880558	0.375752	-0.0901072	-0.365734	0.926347
2.03333	0.946732	-0.315025	-0.0667672	0.314214	0.85832	0.405655	-0.0704839	-0.405026	0.911584
2.06667	0.944799	-0.310686	-0.104063	0.324676	0.845051	0.424823	-0.0440474	-0.435159	0.899275
2.1	0.944879	-0.299084	-0.133235	0.326646	0.833146	0.446285	-0.0224727	-0.465207	0.884917
2.13333	0.947146	-0.283682	-0.149798	0.320604	0.82056	0.473174	-0.0113124	-0.496191	0.86814
2.16667	0.95151	-0.269475	-0.148364	0.307425	0.815942	0.489621	-0.0108838	-0.51149	0.85922
2.2	0.96436	-0.228969	-0.1326	0.264589	0.837171	0.478682	0.0014056	-0.496707	0.867917
2.23333	0.980217	-0.164385	-0.110234	0.196308	0.878504	0.435538	0.0252446	-0.448562	0.893395
2.26667	0.991403	-0.100644	-0.0836099	0.125111	0.916239	0.380595	0.0383022	-0.387784	0.920954
2.3	0.997195	-0.0435711	-0.060856	0.0601597	0.950329	0.305378	0.0445275	-0.308183	0.950285
2.33333	0.998365	0.000183897	-0.0571591	0.0128421	0.973708	0.227439	0.055698	-0.227801	0.972113
2.36667	0.997118	0.0220711	-0.0725909	-0.00941476	0.985352	0.170272	0.0752857	-0.169097	0.98272
2.4	0.994772	0.0203214	-0.100083	-0.00594682	0.989866	0.14188	0.101952	-0.140543	0.984811
2.43333	0.991211	0.00396582	-0.132232	0.013905	0.990891	0.13395	0.131559	-0.134611	0.982126
2.46667	0.986159	-0.0188704	-0.164723	0.0415367	0.989938	0.135266	0.160513	-0.140235	0.977021
2.5	0.980052	-0.0504915	-0.192221	0.0789299	0.986528	0.143294	0.182396	-0.155608	0.970834
2.53333	0.973239	-0.0859157	-0.21313	0.121957	0.979196	0.16218	0.194762	-0.183833	0.963469
2.56667	0.967331	-0.110356	-0.228236	0.155615	0.969192	0.190919	0.200135	-0.220199	0.954703
2.6	0.965457	-0.123185	-0.229605	0.17467	0.959849	0.219498	0.193348	-0.252021	0.94821
2.63333	0.96796	-0.128835	-0.215532	0.180031	0.954433	0.238005	0.175048	-0.269182	0.947048
2.66667	0.974438	-0.120671	-0.189496	0.167617	0.952139	0.255608	0.149582	-0.280837	0.948027
2.7	0.981717	-0.115054	-0.151641	0.153425	0.949808	0.272628	0.112663	-0.290909	0.950094
2.73333	0.987095	-0.116195	-0.110193	0.142322	0.951981	0.271066	0.0734047	-0.28325	0.956233
2.76667	0.990441	-0.11815	-0.0711892	0.131697	0.963458	0.233249	0.0410294	-0.240394	0.969808
2.8	0.989943	-0.139327	-0.0244996	0.141463	0.974241	0.17562	-0.000600131	-0.17732	0.984153
2.83333	0.984305	-0.173659	0.0314146	0.167716	0.975887	0.139697	-0.0549168	-0.132236	0.989696
2.86667	0.973488	-0.214238	0.0801496	0.202448	0.970072	0.13407	-0.106474	-0.11429	0.987725
2.9	0.959122	-0.259133	0.11373	0.239923	0.957716	0.158801	-0.150072	-0.125023	0.980738
2.93333	0.944801	-0.300455	0.130682	0.271139	0.940896	0.202973	-0.183943	-0.156336	0.970425
2.96667	0.932016	-0.335875	0.136138	0.296247	0.92244	0.247671	-0.208766	-0.190503	0.959232
3	0.923855	-0.359123	0.132376	0.311523	0.906475	0.285056	-0.222366	-0.222112	0.949326
3.03333	0.923323	-0.36348	0.123927	0.312233	0.898423	0.308783	-0.223575	-0.246412	0.943024
3.06667	0.928157	-0.353964	0.115037	0.302763	0.897822	0.319766	-0.216469	-0.261964	0.940487
3.1	0.931678	-0.345669	0.111758	0.294158	0.898334	0.326293	-0.213185	-0.271125	0.938639
3.13333	0.93537	-0.334512	0.114824	0.282427	0.901906	0.326803	-0.21288	-0.273253	0.938091
3.16667	0.950678	-0.288008	0.115162	0.239968	0.918164	0.315263	-0.196536	-0.272078	0.941991
3.2	0.970296	-0.216382	0.10819	0.177787	0.941075	0.287698	-0.164068	-0.259917	0.951591
3.23333	0.986912	-0.127933	0.0981748	0.099639	0.962443	0.252539	-0.126796	-0.239452	0.962593
3.26667	0.995947	-0.0407208	0.0802012	0.0248043	0.981417	0.190276	-0.0864591	-0.187515	0.978449
3.3	0.998785	0.02717	0.0411109	-0.0319471	0.992211	0.120404	-0.0375193	-0.121571	0.991873
3.33333	0.997767	0.0639619	-0.0192481	-0.0624941	0.995653	0.0690614	0.0235818	-0.0677043	0.997427
3.36667	0.994003	0.0614967	-0.090426	-0.0560181	0.996507	0.0619256	0.0939184	-0.0564887	0.993976
3.4	0.987077	0.021205	-0.158835	-0.00565556	0.995198	0.0977158	0.160145	-0.0955548	0.982458
3.43333	0.975147	-0.0165321	-0.220941	0.0482307	0.989137	0.138858	0.216246	-0.146063	0.965351
3.46667	0.959114	-0.0582678	-0.276956	0.105744	0.981484	0.159707	0.262522	-0.182464	0.947517
3.5	0.938435	-0.107274	-0.328378	0.170436	0.970593	0.17	0.300485	-0.215502	0.929122
3.53333	0.917814	-0.148176	-0.368322	0.227076	0.956933	0.180873	0.325659	-0.249645	0.911934
3.56667	0.908307	-0.167594	-0.383262	0.260028	0.943915	0.203493	0.327663	-0.284494	0.900944
3.6	0.912713	-0.175188	-0.36914	0.273336	0.933296	0.232907	0.303714	-0.313477	0.899717
3.63333	0.926594	-0.176298	-0.33218	0.271713	0.924526	0.267252	0.259993	-0.337891	0.904562
3.66667	0.94328	-0.174851	-0.282222	0.25944	0.918636	0.297992	0.207155	-0.354309	0.911894
3.7	0.955428	-0.173611	-0.238781	0.241629	0.924571	0.294592	0.169626	-0.339158	0.92531
3.73333	0.966493	-0.169452	-0.192814	0.215677	0.943384	0.252014	0.139194	-0.285155	0.948321
3.76667	0.977776	-0.166079	-0.12795	0.188851	0.962746	0.193535	0.0910416	-0.213397	0.972714
3.8	0.984704	-0.170107	-0.037712	0.173611	0.976241	0.129666	0.0147589	-0.13423	0.99084
3.83333	0.981247	-0.182054	0.0633362	0.176737	0.980891	0.0813486	-0.0769357	-0.0686292	0.994671
3.86667	0.966556	-0.209973	0.147244	0.204585	0.977519	0.0510019	-0.154643	-0.0191723	0.987784
3.9	0.94737	-0.245732	0.205199	0.239554	0.969334	0.0548242	-0.212378	-0.00278266	0.977184
3.93333	0.928638	-0.282279	0.240729	0.268734	0.95918	0.0880648	-0.255761	-0.0170884	0.966589
3.96667	0.914122	-0.316178	0.253798	0.287078	0.946791	0.145511	-0.286301	-0.0601547	0.95625
4	0.906018	-0.339801	0.252323	0.293161	0.93384	0.204938	-0.305267	-0.111706	0.945692
4.03333	0.899189	-0.358398	0.251017	0.2987	0.921989	0.246403	-0.319746	-0.146584	0.936096
4.06667	0.891192	-0.370832	0.261267	0.308359	0.917652	0.250657	-0.332704	-0.14282	0.932154
4.1	0.896718	-0.347453	0.274176	0.293586	0.930509	0.219001	-0.331216	-0.115888	0.936411
4.13333	0.917832	-0.286768	0.274498	0.248131	0.954192	0.167176	-0.309865	-0.0853285	0.946944
4.16667	0.945957	-0.206973	0.249654	0.184315	0.976554	0.111218	-0.26682	-0.0591927	0.961927
4.2	0.971682	-0.121485	0.20267	0.108751	0.991395	0.072865	-0.209778	-0.048761	0.976532
4.23333	0.98925	-0.0485495	0.137936	0.0433875	0.99825	0.0401881	-0.139646	-0.0337714	0.989625
4.26667	0.998257	-0.00148713	0.0589955	0.00109994	0.999978	0.00659483	-0.059004	-0.00651845	0.998236
4.3	0.999288	0.0109763	-0.0360879	-0.0110098	0.999939	-0.000729448	0.0360777	0.00112625	0.999348
4.33333	0.991223	-0.010897	-0.13175	0.0159896	0.999163	0.037658	0.13123	-0.0394341	0.990567
4.36667	0.976009	-0.0365344	-0.214644	0.0594963	0.993054	0.101509	0.209445	-0.111844	0.971403
4.4	0.958241	-0.0500809	-0.281543	0.0989682	0.981782	0.162202	0.268291	-0.183292	0.94574
