0	0.857478	-0.514521	0	0.514521	0.857478	0	0	0	1
0.0333333	0.788939	-0.596481	-0.147597	0.582865	0.802494	-0.127561	0.194534	0.0146086	0.980787
0.0666667	0.793569	-0.491887	-0.358183	0.420246	0.868766	-0.261991	0.440047	0.0573829	0.89614
0.1	0.754981	-0.398428	-0.520825	0.250271	0.909201	-0.332744	0.606109	0.120868	0.786144
0.133333	0.697298	-0.326833	-0.637931	0.10365	0.926616	-0.36144	0.709247	0.18591	0.680004
0.166667	0.637775	-0.275268	-0.719355	-0.0125923	0.930105	-0.367077	0.77012	0.243171	0.589731
0.2	0.584318	-0.239626	-0.77534	-0.100209	0.926794	-0.361954	0.805314	0.289193	0.51753
0.233333	0.541302	-0.214349	-0.813047	-0.165681	0.920812	-0.353066	0.824343	0.325822	0.462924
0.266667	0.509984	-0.196295	-0.837487	-0.213412	0.9143	-0.344255	0.83329	0.354294	0.424386
0.3	0.488248	-0.183335	-0.853231	-0.247816	0.908313	-0.336979	0.83678	0.375974	0.398048
0.333333	0.474051	-0.173617	-0.863211	-0.273034	0.903057	-0.331574	0.837095	0.392868	0.380692
0.366667	0.46489	-0.166706	-0.869533	-0.290731	0.89891	-0.327775	0.836273	0.40518	0.369427
0.4	0.458618	-0.160622	-0.873997	-0.305699	0.894983	-0.32489	0.834396	0.416181	0.361353
0.433333	0.454581	-0.156018	-0.876935	-0.316788	0.891846	-0.322886	0.832467	0.42458	0.355991
0.466667	0.452007	-0.152642	-0.878857	-0.324786	0.889458	-0.321525	0.830785	0.430772	0.352466
0.5	0.451693	-0.15006	-0.879463	-0.330293	0.887587	-0.321085	0.828782	0.435512	0.351353
0.533333	0.452096	-0.147954	-0.879613	-0.334531	0.886039	-0.320974	0.82686	0.439369	0.351079
0.566667	0.452789	-0.146062	-0.879573	-0.338205	0.884632	-0.321004	0.824985	0.442822	0.351153
0.6	0.453956	-0.144647	-0.879205	-0.340701	0.883574	-0.321279	0.823314	0.445393	0.351822
0.633333	0.454992	-0.143274	-0.878894	-0.343149	0.882541	-0.321513	0.821724	0.447878	0.352385
0.666667	0.456716	-0.142287	-0.87816	-0.344541	0.881796	-0.322066	0.820184	0.449655	0.353707
0.7	0.4573	-0.141445	-0.877992	-0.346046	0.88116	-0.322193	0.819224	0.451165	0.354008
0.733333	0.45767	-0.14081	-0.877901	-0.347205	0.880679	-0.322262	0.818527	0.452301	0.35417
0.766667	0.458608	-0.140185	-0.877512	-0.348133	0.880205	-0.322557	0.817608	0.453418	0.354866
0.8	0.45912	-0.139823	-0.877302	-0.34868	0.87993	-0.322717	0.817087	0.454063	0.35524
0.833333	0.460329	-0.139381	-0.876738	-0.34913	0.879594	-0.323144	0.816214	0.454848	0.356241
0.866667	0.460873	-0.139208	-0.87648	-0.349279	0.879463	-0.32334	0.815844	0.455154	0.356698
0.9	0.461893	-0.138592	-0.876041	-0.350144	0.878996	-0.323673	0.814895	0.456243	0.357475
0.933333	0.464961	-0.137962	-0.874515	-0.35027	0.878521	-0.324826	0.813094	0.457348	0.360154
0.966667	0.476874	-0.137114	-0.868211	-0.347466	0.877896	-0.329493	0.807377	0.458801	0.371003
1	0.495527	-0.135837	-0.857905	-0.342696	0.876997	-0.336802	0.798131	0.460895	0.388025
1.03333	0.509624	-0.136188	-0.849551	-0.336433	0.877237	-0.342444	0.791894	0.460334	0.401243
1.06667	0.511445	-0.138799	-0.848032	-0.33092	0.878945	-0.343435	0.793042	0.456279	0.403601
1.1	0.503249	-0.143385	-0.852162	-0.325739	0.881917	-0.340759	0.800396	0.449069	0.397118
1.13333	0.487832	-0.1501	-0.859936	-0.31904	0.886299	-0.33569	0.812547	0.438114	0.384477
1.16667	0.465579	-0.158087	-0.870773	-0.311649	0.891607	-0.3285	0.828318	0.424318	0.365846
1.2	0.442224	-0.16568	-0.881469	-0.304307	0.896778	-0.321226	0.843703	0.410291	0.346159
1.23333	0.418129	-0.171968	-0.891961	-0.298888	0.901198	-0.31386	0.857808	0.397831	0.325418
1.26667	0.397753	-0.175145	-0.90062	-0.298446	0.903528	-0.307517	0.867596	0.391102	0.30711
1.3	0.38377	-0.173986	-0.90689	-0.306005	0.902638	-0.302663	0.871253	0.393666	0.293165
1.33333	0.379898	-0.169189	-0.909424	-0.319292	0.898724	-0.300578	0.868176	0.404561	0.287403
1.36667	0.389438	-0.160382	-0.906982	-0.33781	0.89123	-0.302645	0.856868	0.424249	0.2929
1.4	0.416265	-0.14937	-0.89689	-0.354253	0.881823	-0.311277	0.837394	0.447299	0.314157
1.43333	0.454739	-0.138451	-0.879798	-0.363672	0.872871	-0.32533	0.812992	0.467898	0.346577
1.46667	0.493299	-0.129603	-0.860151	-0.36607	0.86608	-0.340438	0.789081	0.482813	0.379792
1.5	0.527055	-0.117569	-0.841659	-0.373808	0.857358	-0.353844	0.763204	0.501114	0.407927
1.53333	0.546809	-0.10633	-0.830478	-0.384228	0.849419	-0.361741	0.743887	0.516897	0.423615
1.56667	0.553535	-0.0965481	-0.827211	-0.397125	0.842464	-0.364068	0.732046	0.530031	0.427991
1.6	0.560902	-0.0867466	-0.823325	-0.409359	0.835352	-0.366895	0.719593	0.542828	0.43304
1.63333	0.557364	-0.0811316	-0.826294	-0.419677	0.831184	-0.364699	0.716391	0.550047	0.429223
1.66667	0.538675	-0.0748234	-0.839184	-0.437678	0.826247	-0.354617	0.719907	0.558316	0.41233
1.7	0.521631	-0.0722239	-0.850109	-0.448931	0.824078	-0.345479	0.725508	0.561853	0.397441
1.73333	0.526725	-0.070297	-0.847124	-0.449988	0.822422	-0.348041	0.72116	0.564518	0.401558
1.76667	0.551416	-0.0730618	-0.831025	-0.435172	0.824693	-0.361258	0.711734	0.560842	0.422955
1.8	0.575476	-0.0840743	-0.813486	-0.407501	0.832946	-0.37436	0.709063	0.546931	0.44508
1.83333	0.579258	-0.102766	-0.808641	-0.377145	0.845668	-0.377634	0.722649	0.523722	0.451102
1.86667	0.556379	-0.124692	-0.821519	-0.352626	0.859801	-0.369321	0.752395	0.495171	0.434405
1.9	0.513383	-0.147668	-0.845359	-0.331333	0.87459	-0.353991	0.791616	0.461829	0.400073
1.93333	0.455591	-0.171778	-0.873458	-0.307083	0.890648	-0.335331	0.835546	0.420998	0.353021
1.96667	0.395032	-0.196299	-0.89745	-0.273196	0.907606	-0.318773	0.877105	0.371105	0.304905
2	0.343409	-0.218669	-0.913375	-0.230683	0.923087	-0.307726	0.910415	0.316376	0.266553
2.03333	0.300062	-0.239046	-0.923483	-0.180768	0.936302	-0.3011	0.936635	0.257285	0.237737
2.06667	0.265916	-0.25538	-0.929554	-0.132413	0.945455	-0.297628	0.954859	0.202229	0.217596
2.1	0.238218	-0.267835	-0.933551	-0.089958	0.951005	-0.295798	0.967037	0.154445	0.202453
2.13333	0.218697	-0.276778	-0.935717	-0.0552148	0.953883	-0.295057	0.97423	0.116193	0.193329
2.16667	0.206727	-0.281616	-0.936993	-0.0351638	0.954923	-0.294763	0.977767	0.0938837	0.187506
2.2	0.197851	-0.283071	-0.93847	-0.0304031	0.955163	-0.294516	0.979761	0.0868025	0.180373
2.23333	0.193511	-0.280386	-0.940179	-0.0459926	0.954647	-0.294167	0.98002	0.100166	0.171839
2.26667	0.212878	-0.271587	-0.938575	-0.0843756	0.951895	-0.294579	0.973429	0.141902	0.179722
2.3	0.261079	-0.258229	-0.930137	-0.126574	0.946079	-0.298182	0.956983	0.19558	0.214317
2.33333	0.319473	-0.242573	-0.916022	-0.162272	0.938396	-0.305092	0.933598	0.246113	0.260429
2.36667	0.371047	-0.222718	-0.90151	-0.202681	0.927983	-0.312678	0.906225	0.298738	0.299184
2.4	0.420187	-0.195001	-0.886238	-0.254766	0.912007	-0.321462	0.870941	0.360857	0.333533
2.43333	0.468752	-0.160042	-0.868711	-0.312734	0.889684	-0.332655	0.826117	0.427608	0.366991
2.46667	0.508111	-0.123376	-0.85241	-0.367355	0.864109	-0.344044	0.779021	0.487949	0.39374
2.5	0.538225	-0.0904796	-0.83793	-0.411335	0.839567	-0.354868	0.735607	0.535668	0.414659
2.53333	0.558138	-0.064521	-0.827236	-0.443676	0.819269	-0.363249	0.701166	0.569768	0.428639
2.56667	0.573609	-0.0470423	-0.817777	-0.462676	0.805232	-0.370853	0.675946	0.591091	0.440123
2.6	0.581121	-0.035573	-0.81304	-0.475536	0.795899	-0.374713	0.660427	0.604383	0.445597
2.63333	0.577212	-0.0271941	-0.816141	-0.489002	0.78892	-0.372132	0.65399	0.613894	0.442076
2.66667	0.571726	-0.0219982	-0.82015	-0.498702	0.784453	-0.368686	0.65148	0.619798	0.437522
2.7	0.570005	-0.0193539	-0.821414	-0.503149	0.78213	-0.367579	0.649566	0.622815	0.43608
2.73333	0.575095	-0.0224849	-0.817777	-0.496513	0.784869	-0.370749	0.650184	0.619253	0.440211
2.76667	0.589329	-0.0351744	-0.807127	-0.472404	0.795451	-0.379594	0.655382	0.604996	0.452166
2.8	0.601064	-0.056438	-0.797205	-0.437282	0.811722	-0.38716	0.668959	0.581311	0.463217
2.83333	0.591916	-0.082869	-0.801729	-0.403835	0.830348	-0.383978	0.697534	0.551048	0.458031
2.86667	0.547522	-0.117084	-0.828559	-0.370964	0.853585	-0.365758	0.75007	0.507626	0.423923
2.9	0.477835	-0.154963	-0.864674	-0.331648	0.879649	-0.340922	0.813439	0.449672	0.368934
2.93333	0.407815	-0.193036	-0.892426	-0.274978	0.906054	-0.321642	0.870675	0.376567	0.316422
2.96667	0.35168	-0.227765	-0.907989	-0.203124	0.928273	-0.311527	0.913817	0.293992	0.280191
3	0.310966	-0.256478	-0.915161	-0.127864	0.942857	-0.307687	0.941781	0.212696	0.260402
3.03333	0.281035	-0.279385	-0.91813	-0.0569869	0.950141	-0.306569	0.958004	0.138478	0.251102
3.06667	0.25844	-0.296337	-0.919452	0.00172741	0.951928	-0.306319	0.966026	0.0775767	0.246528
3.1	0.240828	-0.307683	-0.920507	0.0439059	0.950904	-0.306356	0.969574	0.0333634	0.242513
3.13333	0.229593	-0.31369	-0.92135	0.0671502	0.949487	-0.306537	0.970967	0.00851001	0.23906
3.16667	0.220202	-0.3155	-0.923023	0.0725614	0.948925	-0.307044	0.972752	0.000635727	0.231848
3.2	0.217259	-0.310264	-0.925492	0.046584	0.950354	-0.307664	0.975002	0.0237296	0.220926
3.23333	0.236326	-0.295494	-0.925653	-0.0146543	0.951445	-0.307469	0.971563	0.0862277	0.220521
3.26667	0.28738	-0.271017	-0.918674	-0.0939709	0.946529	-0.308631	0.953196	0.175023	0.246546
3.3	0.356807	-0.239588	-0.902932	-0.169798	0.933819	-0.314882	0.918617	0.265668	0.292512
3.33333	0.429335	-0.202605	-0.880127	-0.237758	0.914783	-0.326564	0.871288	0.349462	0.344577
3.36667	0.506506	-0.160179	-0.847228	-0.295813	0.890675	-0.345242	0.809905	0.425488	0.403749
3.4	0.567983	-0.119204	-0.814362	-0.341073	0.866406	-0.364706	0.749043	0.484904	0.451446
3.43333	0.600656	-0.0825364	-0.795236	-0.382611	0.84369	-0.376558	0.702012	0.530448	0.475188
3.46667	0.606352	-0.0497005	-0.793641	-0.426931	0.821658	-0.377636	0.67087	0.56781	0.476995
3.5	0.60306	-0.0203823	-0.797435	-0.468619	0.799932	-0.374839	0.645534	0.599744	0.472856
3.53333	0.606389	0.00421102	-0.795157	-0.499351	0.780234	-0.376675	0.618822	0.625474	0.475228
3.56667	0.614174	0.0251955	-0.788768	-0.521912	0.76267	-0.382024	0.591945	0.646297	0.481562
3.6	0.621266	0.0447109	-0.782323	-0.54173	0.745865	-0.387576	0.566179	0.664595	0.487601
3.63333	0.635322	0.0588161	-0.770004	-0.550645	0.733587	-0.398297	0.541438	0.677046	0.498451
3.66667	0.654366	0.0650292	-0.753376	-0.547246	0.728284	-0.412462	0.52185	0.682183	0.512151
3.7	0.677167	0.0570195	-0.733617	-0.525957	0.734753	-0.428378	0.514601	0.675934	0.52754
3.73333	0.706176	0.0323423	-0.707297	-0.482723	0.752788	-0.447536	0.517971	0.657468	0.547214
3.76667	0.718622	-0.00220595	-0.695397	-0.438092	0.775168	-0.455182	0.540054	0.631752	0.556086
3.8	0.690611	-0.0405866	-0.722087	-0.412121	0.798378	-0.439031	0.594317	0.600787	0.534642
3.83333	0.617708	-0.0774294	-0.782587	-0.405209	0.821528	-0.40112	0.673975	0.564886	0.476089
3.86667	0.510814	-0.119277	-0.851376	-0.38854	0.851383	-0.352396	0.76688	0.510803	0.388555
3.9	0.410541	-0.165881	-0.896627	-0.332035	0.888609	-0.316428	0.84924	0.427618	0.309732
3.93333	0.342183	-0.20819	-0.916279	-0.244779	0.921726	-0.30084	0.90719	0.327228	0.264438
3.96667	0.294297	-0.244424	-0.92393	-0.144155	0.94433	-0.295738	0.94478	0.220224	0.242679
4	0.261339	-0.273121	-0.9258	-0.0468159	0.954418	-0.294779	0.964111	0.12038	0.236641
4.03333	0.240052	-0.294793	-0.924917	0.0377131	0.954889	-0.294558	0.970027	0.0358279	0.240341
4.06667	0.227499	-0.309634	-0.923239	0.100925	0.950491	-0.293905	0.968534	-0.0263149	0.247485
4.1	0.217456	-0.318974	-0.92248	0.142014	0.945378	-0.293415	0.965684	-0.0672005	0.250877
4.13333	0.207214	-0.323443	-0.92328	0.160867	0.942183	-0.293961	0.964979	-0.0876124	0.247265
4.16667	0.19943	-0.321033	-0.925832	0.146135	0.94399	-0.29585	0.968954	-0.0762952	0.235174
4.2	0.200059	-0.311295	-0.929016	0.0960646	0.949849	-0.297589	0.975063	-0.0297102	0.219931
4.23333	0.226123	-0.295006	-0.928353	0.0254688	0.954503	-0.297112	0.973766	0.0435399	0.223348
4.26667	0.274793	-0.271948	-0.922244	-0.0538756	0.953306	-0.29716	0.959993	0.131344	0.24731
4.3	0.338906	-0.241	-0.909429	-0.136017	0.943928	-0.30083	0.930936	0.225651	0.287123
4.33333	0.422364	-0.199806	-0.88413	-0.216204	0.925041	-0.312336	0.880264	0.323072	0.347505
4.36667	0.523675	-0.152016	-0.838246	-0.276887	0.90016	-0.336223	0.805666	0.408171	0.429299
4.4	0.621835	-0.105616	-0.775994	-0.310637	0.87632	-0.368197	0.718906	0.47001	0.512118
