0	-0.185501	0.176351	0.713241	0.998621	0.00935498	-0.0516493	-0.00353664	0.993746	0.111612	0.0523704	-0.111276	0.992409
0.0333333	0.168653	0.947252	-1.95087	0.0826123	0.99536	-0.0493302	-0.995648	0.0845765	0.0391506	0.0431411	0.0458812	0.998015
0.0666667	0.167759	0.947894	-1.95021	0.0389467	0.99914	-0.0141994	-0.99908	0.0386812	-0.0185207	-0.0179555	0.0149077	0.999728
0.1	0.168065	0.948142	-1.95048	0.0248398	0.999688	-0.00258554	-0.999439	0.0247752	-0.0225491	-0.022478	0.0031442	0.999742
0.133333	0.168783	0.948185	-1.95089	0.0178909	0.999839	0.00116018	-0.999592	0.0179123	-0.0222573	-0.0222745	-0.000761507	0.999752
0.166667	0.169612	0.948156	-1.95149	0.0133632	0.999909	0.00183394	-0.999678	0.0133996	-0.0215603	-0.021583	-0.00154524	0.999766
0.2	0.170541	0.948011	-1.95221	0.0104368	0.999945	0.00117161	-0.99972	0.0104593	-0.021203	-0.0212141	-0.000949992	0.999775
0.233333	0.171409	0.947778	-1.95304	0.00741696	0.999972	0.00120853	-0.999749	0.00744083	-0.0211119	-0.0211203	-0.00105164	0.999776
0.266667	0.172214	0.947579	-1.95366	0.00537345	0.999986	-0.000342329	-0.99976	0.00536497	-0.0212304	-0.0212282	0.000456327	0.999775
0.3	0.172956	0.947436	-1.95424	0.00405379	0.99999	-0.00186591	-0.999767	0.0040133	-0.0212154	-0.0212077	0.00195148	0.999773
0.333333	0.173698	0.947357	-1.95482	0.00302018	0.999994	-0.00192654	-0.999772	0.00297878	-0.0211454	-0.0211395	0.00198997	0.999775
0.366667	0.174456	0.947302	-1.95534	0.00248076	0.999997	-0.000852286	-0.999772	0.00246213	-0.0212052	-0.021203	0.000904697	0.999775
0.4	0.175063	0.947262	-1.95579	0.00179815	0.999998	0.000192523	-0.999774	0.00180183	-0.0211996	-0.0211999	-0.000154359	0.999775
0.433333	0.175618	0.947248	-1.95626	0.00159667	0.999999	0.000649026	-0.999779	0.00160992	-0.020946	-0.020947	-0.000615439	0.99978
0.466667	0.175949	0.947296	-1.95641	0.00185387	0.999997	-0.00139261	-0.999798	0.00182566	-0.0199952	-0.0199926	0.0014294	0.999799
0.5	0.176246	0.947325	-1.95685	0.00142477	0.999999	-0.000853693	-0.999801	0.0014075	-0.0198972	-0.0198959	0.000881872	0.999802
0.533333	0.1764	0.947346	-1.95722	0.00106544	0.999999	-0.000619523	-0.999803	0.00105295	-0.0198217	-0.019821	0.000640519	0.999803
0.566667	0.176485	0.947379	-1.9577	0.000944238	1	-4.58494e-05	-0.999803	0.000943143	-0.0198332	-0.0198332	6.45677e-05	0.999803
0.6	0.176473	0.947414	-1.95811	0.000663187	0.999999	-0.000905728	-0.999808	0.000645324	-0.0195823	-0.0195817	0.000918541	0.999808
0.633333	0.176352	0.947397	-1.95866	0.000927564	0.999998	-0.00170774	-0.999806	0.000893764	-0.019688	-0.0196864	0.00172567	0.999805
0.666667	0.176214	0.947456	-1.95894	0.000973316	0.999998	-0.00147316	-0.999814	0.00094476	-0.0192626	-0.0192612	0.00149164	0.999813
0.7	0.176027	0.947446	-1.95931	0.000834912	0.999999	-0.00116925	-0.999811	0.000812055	-0.0194145	-0.0194135	0.00118524	0.999811
0.733333	0.175877	0.947436	-1.95962	0.0010075	0.999999	-0.000733439	-0.999807	0.000992917	-0.0196239	-0.0196231	0.000753068	0.999807
0.766667	0.175674	0.947452	-1.95999	0.00130577	0.999999	-0.000422615	-0.999799	0.00129704	-0.0200248	-0.0200242	0.000448678	0.999799
0.8	0.175377	0.947475	-1.96015	0.00124578	0.999999	0.000243798	-0.999797	0.00125043	-0.0201122	-0.0201125	-0.000218693	0.999798
0.833333	0.175063	0.947472	-1.96026	0.00127709	0.999999	0.000844158	-0.999797	0.00129383	-0.0201305	-0.0201316	-0.000818278	0.999797
0.866667	0.174697	0.94746	-1.96036	0.00157137	0.999998	0.000930163	-0.999791	0.00159001	-0.0203872	-0.0203886	-0.000897933	0.999792
0.9	0.174358	0.94746	-1.96038	0.00169929	0.999998	0.00104828	-0.999788	0.00172044	-0.0205226	-0.0205243	-0.00101318	0.999789
0.933333	0.173954	0.947439	-1.96026	0.00203652	0.999998	0.00075511	-0.999784	0.00205172	-0.0207028	-0.0207043	-0.000712785	0.999785
0.966667	0.173668	0.947445	-1.96009	0.00243941	0.999996	0.00137051	-0.999786	0.00246703	-0.0205291	-0.0205324	-0.00132014	0.999788
1	0.173325	0.947428	-1.95993	0.00296308	0.999994	0.00174834	-0.999775	0.00299913	-0.0209945	-0.0209996	-0.00168573	0.999778
1.03333	0.172966	0.947462	-1.95962	0.00309038	0.999992	0.00250943	-0.999774	0.00314249	-0.0210347	-0.0210424	-0.00244386	0.999776
1.06667	0.172575	0.947434	-1.95949	0.0035611	0.999991	0.00231349	-0.999763	0.00360991	-0.0214483	-0.0214565	-0.00223656	0.999767
1.1	0.172248	0.947414	-1.9592	0.0041128	0.999988	0.00260336	-0.999757	0.00416823	-0.0216566	-0.0216672	-0.00251366	0.999762
1.13333	0.171874	0.947426	-1.95891	0.00408417	0.999985	0.00356324	-0.999757	0.00416036	-0.0216437	-0.0216582	-0.00347398	0.999759
1.16667	0.171522	0.947395	-1.95865	0.00427967	0.999984	0.00372104	-0.999747	0.00436081	-0.0220759	-0.0220917	-0.00362562	0.999749
1.2	0.171114	0.947407	-1.9582	0.00432631	0.999984	0.00367487	-0.999747	0.00440628	-0.0220379	-0.0220537	-0.0035786	0.99975
1.23333	0.17071	0.947391	-1.95793	0.00429778	0.999981	0.0044878	-0.999741	0.004397	-0.0223375	-0.0223568	-0.00439064	0.99974
1.26667	0.170304	0.947381	-1.95749	0.00458932	0.99998	0.00428081	-0.999736	0.00468458	-0.0225159	-0.0225355	-0.00417635	0.999737
1.3	0.169885	0.947356	-1.95712	0.00449118	0.999977	0.00503855	-0.999726	0.00460578	-0.0229691	-0.0229918	-0.00493401	0.999723
1.33333	0.169478	0.947323	-1.95671	0.00462423	0.999975	0.00538872	-0.99971	0.00475016	-0.0235957	-0.0236207	-0.00527805	0.999707
1.36667	0.169075	0.947277	-1.95622	0.00458279	0.999967	0.00671212	-0.999705	0.00474139	-0.0238073	-0.0238384	-0.00660103	0.999694
1.4	0.168642	0.947213	-1.95584	0.00486362	0.999967	0.00645047	-0.999683	0.00502143	-0.0246784	-0.02471	-0.0063284	0.999675
1.43333	0.168242	0.947139	-1.95534	0.00480065	0.999967	0.00661609	-0.999663	0.00496776	-0.0254773	-0.0255094	-0.00649156	0.999654
1.46667	0.167916	0.947064	-1.95479	0.00494877	0.999968	0.00635247	-0.999642	0.0051141	-0.0262794	-0.026311	-0.00622015	0.999634
1.5	0.167549	0.94698	-1.95413	0.00459752	0.999968	0.00658326	-0.999619	0.00477484	-0.0271763	-0.0272068	-0.00645581	0.999609
1.53333	0.167293	0.946914	-1.95338	0.00441544	0.999969	0.00654506	-0.999596	0.00459735	-0.0280432	-0.0280724	-0.00641859	0.999585
1.56667	0.167102	0.946832	-1.95258	0.0043902	0.999971	0.00621195	-0.999568	0.00456885	-0.0290441	-0.0290716	-0.00608175	0.999559
1.6	0.167093	0.946698	-1.95166	0.00400145	0.999973	0.0062228	-0.999539	0.00418674	-0.0300544	-0.0300796	-0.00609968	0.999529
1.63333	0.167234	0.946542	-1.95057	0.00360258	0.999973	0.00639893	-0.999511	0.00379955	-0.0310404	-0.0310639	-0.00628398	0.999498
1.66667	0.167495	0.946376	-1.94945	0.00289543	0.999971	0.00701917	-0.999473	0.00312069	-0.0322967	-0.0323176	-0.00692196	0.999454
1.7	0.168002	0.946193	-1.94813	0.00274126	0.99997	0.00725833	-0.999438	0.00298207	-0.0333769	-0.0333975	-0.00716276	0.999416
1.73333	0.168739	0.945953	-1.94669	0.00215477	0.999971	0.00726966	-0.999397	0.00240539	-0.034643	-0.0346595	-0.00719062	0.999373
1.76667	0.169766	0.945582	-1.9452	0.00154337	0.999965	0.00817921	-0.999352	0.00183655	-0.0359588	-0.0359726	-0.00811841	0.99932
1.8	0.171126	0.945174	-1.94336	0.00080099	0.999958	0.00909291	-0.999304	0.00113962	-0.0372973	-0.0373061	-0.0090567	0.999263
1.83333	0.173077	0.944684	-1.94157	0.000390193	0.999929	0.0119404	-0.999249	0.00085238	-0.0387272	-0.0387346	-0.0119163	0.999178
1.86667	0.175617	0.944056	-1.93956	0.000212526	0.999872	0.0160196	-0.999235	0.000838864	-0.0391017	-0.0391102	-0.015999	0.999107
1.9	0.17879	0.943215	-1.93726	0.000606868	0.999784	0.0207865	-0.999271	0.00139975	-0.038151	-0.0381718	-0.0207482	0.999056
1.93333	0.182513	0.942143	-1.93488	0.00146166	0.999665	0.0258483	-0.999358	0.00238531	-0.0357388	-0.0357885	-0.0257794	0.999027
1.96667	0.186934	0.940995	-1.93246	0.00196544	0.999469	0.0325385	-0.999501	0.00298944	-0.0314519	-0.0315324	-0.0324605	0.998975
2	0.192046	0.940069	-1.93026	-0.00154868	0.9992	0.0399722	-0.999653	-0.000495194	-0.0263519	-0.026311	-0.0399991	0.998853
2.03333	0.197701	0.939394	-1.92887	-0.00772685	0.998982	0.0444353	-0.999741	-0.00676546	-0.0217456	-0.0214229	-0.0445918	0.998776
2.06667	0.203011	0.938536	-1.92905	-0.0111894	0.999037	0.0424277	-0.999739	-0.010331	-0.0203971	-0.0199391	-0.0426449	0.998891
2.1	0.207052	0.937202	-1.93012	-0.00696901	0.999456	0.0322466	-0.999673	-0.00617039	-0.0247996	-0.0245871	-0.0324089	0.999172
2.13333	0.210075	0.935975	-1.93003	-0.00129678	0.999756	0.0220535	-0.999492	-0.000593848	-0.0318506	-0.0318298	-0.0220836	0.999249
2.16667	0.212296	0.935307	-1.92812	-0.00189605	0.99985	0.0172384	-0.999237	-0.00122179	-0.0390404	-0.0390134	-0.0172993	0.999089
2.2	0.213682	0.935344	-1.92403	-0.0111373	0.999857	0.0126944	-0.999037	-0.0105876	-0.0425703	-0.0424298	-0.0131563	0.999013
2.23333	0.214154	0.935664	-1.91821	-0.0240989	0.999694	0.00557597	-0.998814	-0.023841	-0.0424435	-0.0422975	-0.0065922	0.999083
2.26667	0.213541	0.9357	-1.91183	-0.0383076	0.999264	-0.00174624	-0.998345	-0.0383473	-0.0428514	-0.0428868	0.000101813	0.99908
2.3	0.211953	0.935206	-1.9053	-0.0492497	0.998722	-0.0113071	-0.997753	-0.0497105	-0.0449179	-0.0454226	0.00906947	0.998927
2.33333	0.209697	0.934203	-1.89905	-0.0556582	0.998191	-0.0227561	-0.997176	-0.0567238	-0.0492242	-0.050426	0.0199521	0.998528
2.36667	0.207108	0.932793	-1.89337	-0.0585395	0.997569	-0.0378044	-0.996587	-0.0606061	-0.0560531	-0.058208	0.034394	0.997712
2.4	0.204844	0.931235	-1.88709	-0.0618626	0.996735	-0.0518805	-0.995918	-0.0650682	-0.0625619	-0.0657334	0.0477985	0.996692
2.43333	0.203071	0.929563	-1.87984	-0.0644922	0.995883	-0.0637026	-0.995331	-0.0687875	-0.0677083	-0.0718115	0.0590385	0.995669
2.46667	0.201558	0.927933	-1.87114	-0.0687332	0.995199	-0.06967	-0.994755	-0.0736701	-0.0709589	-0.0757509	0.0644274	0.995043
2.5	0.200178	0.926494	-1.86097	-0.0725921	0.995034	-0.0680969	-0.994321	-0.0775291	-0.0728993	-0.0778168	0.0624183	0.995012
2.53333	0.198462	0.925009	-1.84971	-0.075738	0.995224	-0.0615911	-0.993841	-0.0803549	-0.0763032	-0.0808879	0.0554327	0.995181
2.56667	0.196266	0.923356	-1.8373	-0.0791502	0.995544	-0.0512491	-0.993314	-0.0830981	-0.0801351	-0.0840368	0.0445638	0.995466
2.6	0.193314	0.921534	-1.82348	-0.0796347	0.995962	-0.0414593	-0.992999	-0.0829004	-0.0841415	-0.0872387	0.0344685	0.995591
2.63333	0.189293	0.920186	-1.80896	-0.0783178	0.996364	-0.0335304	-0.992632	-0.0810554	-0.0900673	-0.0924577	0.0262295	0.995371
2.66667	0.184302	0.920633	-1.79413	-0.0845196	0.996019	-0.0283396	-0.991328	-0.0869258	-0.0985557	-0.100627	0.019764	0.994728
2.7	0.178464	0.922315	-1.77858	-0.0911326	0.995556	-0.0237147	-0.990155	-0.0931275	-0.104501	-0.106245	0.0139578	0.994242
2.73333	0.172415	0.924054	-1.76259	-0.0922593	0.995599	-0.016481	-0.989566	-0.0935148	-0.109608	-0.110667	0.00619668	0.993838
2.76667	0.166037	0.925517	-1.74565	-0.0940101	0.995555	-0.00570507	-0.988793	-0.094036	-0.115954	-0.115975	-0.0052597	0.993238
2.8	0.159085	0.926856	-1.72851	-0.0990499	0.995069	0.00509196	-0.987513	-0.0976652	-0.123608	-0.122501	-0.0172717	0.992318
2.83333	0.151689	0.928337	-1.71109	-0.100831	0.994827	0.0123339	-0.987015	-0.0984658	-0.126908	-0.125037	-0.02497	0.991838
2.86667	0.144403	0.929619	-1.69387	-0.103914	0.994426	0.0178669	-0.98673	-0.100823	-0.127271	-0.12476	-0.030855	0.991707
2.9	0.137239	0.930438	-1.67721	-0.105577	0.994287	0.0156857	-0.986472	-0.102732	-0.127745	-0.125404	-0.0289605	0.991683
2.93333	0.130368	0.930943	-1.66066	-0.106674	0.994197	0.0138641	-0.986492	-0.104083	-0.126489	-0.124312	-0.0271699	0.991871
2.96667	0.124238	0.931318	-1.64507	-0.10569	0.994293	0.0145339	-0.986837	-0.103076	-0.124615	-0.122406	-0.0275132	0.992099
3	0.119093	0.931777	-1.63082	-0.101865	0.994599	0.0198825	-0.98757	-0.0987002	-0.122324	-0.119701	-0.0320959	0.992291
3.03333	0.115082	0.932256	-1.61788	-0.0935074	0.995188	0.029294	-0.988802	-0.0893899	-0.119501	-0.116307	-0.0401401	0.992402
3.06667	0.111967	0.932747	-1.60522	-0.0802946	0.996088	0.0368912	-0.990504	-0.0755913	-0.114838	-0.1116	-0.0457618	0.992699
3.1	0.109612	0.933438	-1.5931	-0.0637349	0.997079	0.0420948	-0.992188	-0.0587768	-0.110035	-0.107239	-0.048779	0.993036
3.13333	0.107409	0.934204	-1.58131	-0.0476792	0.997883	0.0442204	-0.993477	-0.0427846	-0.105701	-0.103586	-0.0489717	0.993414
3.16667	0.105622	0.934959	-1.56979	-0.0317539	0.99848	0.0450441	-0.99459	-0.0271062	-0.100282	-0.0989082	-0.0479848	0.993939
3.2	0.104039	0.935511	-1.55834	-0.0183773	0.998776	0.0459155	-0.995403	-0.0139593	-0.0947524	-0.0939955	-0.0474457	0.994441
3.23333	0.102839	0.935889	-1.547	-0.00587183	0.998891	0.0467114	-0.995945	-0.0016483	-0.089947	-0.0897702	-0.0470501	0.994851
3.26667	0.10206	0.936071	-1.53572	0.0064868	0.998931	0.0457674	-0.996374	0.0103392	-0.0844469	-0.0848299	-0.0450536	0.995376
3.3	0.101778	0.936015	-1.52456	0.0190797	0.998815	0.0447714	-0.996621	0.0225778	-0.0789767	-0.079894	-0.0431133	0.995871
3.33333	0.102267	0.935801	-1.51364	0.031256	0.998442	0.0462331	-0.996654	0.0346287	-0.0740432	-0.0755288	-0.0437641	0.996183
3.36667	0.1035	0.935492	-1.50322	0.0424391	0.997825	0.050434	-0.996499	0.0459145	-0.0698755	-0.0720392	-0.047292	0.99628
3.4	0.105267	0.935187	-1.49321	0.0527508	0.99705	0.0557631	-0.996212	0.0564075	-0.0661749	-0.0691251	-0.0520611	0.996249
3.43333	0.107364	0.934759	-1.48353	0.0611261	0.996235	0.0614812	-0.995867	0.0650172	-0.0634165	-0.0671751	-0.0573507	0.996092
3.46667	0.109462	0.934224	-1.47403	0.0697609	0.995381	0.0659521	-0.995351	0.0738545	-0.0618141	-0.0663995	-0.0613333	0.995906
3.5	0.111555	0.933495	-1.46458	0.0790473	0.994412	0.0699745	-0.994647	0.0833628	-0.0610623	-0.0665544	-0.0647731	0.995678
3.53333	0.113471	0.932473	-1.45466	0.0874389	0.993509	0.0727625	-0.993996	0.0918381	-0.0594821	-0.0657784	-0.0671246	0.995574
3.56667	0.115222	0.931146	-1.4443	0.0932489	0.992978	0.0728022	-0.993498	0.0975954	-0.0586169	-0.0653104	-0.0668629	0.995622
3.6	0.117071	0.929755	-1.43341	0.0971803	0.992847	0.0693599	-0.993026	0.1014	-0.0601497	-0.0667525	-0.0630308	0.995777
3.63333	0.119124	0.92842	-1.42183	0.0995285	0.99299	0.0637545	-0.992653	0.103517	-0.0626439	-0.0688044	-0.0570512	0.995998
3.66667	0.121322	0.927142	-1.40938	0.100458	0.993277	0.0575272	-0.992402	0.104162	-0.0654882	-0.0710401	-0.0505113	0.996194
3.7	0.123735	0.925887	-1.396	0.0999969	0.993661	0.0513668	-0.992274	0.103401	-0.0685571	-0.0734339	-0.0441145	0.996324
3.73333	0.126501	0.924566	-1.38142	0.0983123	0.994204	0.0434999	-0.992208	0.101289	-0.0725471	-0.0765327	-0.0360287	0.996416
3.76667	0.129765	0.923109	-1.3654	0.09607	0.994821	0.0332024	-0.992102	0.0984036	-0.0777901	-0.0806545	-0.0254668	0.996417
3.8	0.134015	0.92255	-1.34871	0.104419	0.994195	0.0259542	-0.990846	0.106241	-0.0832938	-0.0855676	-0.0170192	0.996187
3.83333	0.138506	0.922917	-1.33167	0.110184	0.993646	0.0229745	-0.989614	0.111825	-0.0903265	-0.0923217	-0.0127834	0.995647
3.86667	0.143529	0.923529	-1.31472	0.111406	0.993515	0.0227402	-0.989367	0.113036	-0.0915184	-0.0934953	-0.0123027	0.995544
3.9	0.148665	0.923863	-1.29743	0.116594	0.992969	0.0204633	-0.989036	0.117963	-0.0888381	-0.0906274	-0.00988097	0.995836
3.93333	0.154075	0.924045	-1.27995	0.122176	0.992315	0.0195989	-0.988335	0.123447	-0.0891916	-0.0909256	-0.00847319	0.995822
3.96667	0.159204	0.92433	-1.26254	0.125203	0.991909	0.0209913	-0.98789	0.126594	-0.0897018	-0.0916334	-0.00950616	0.995747
4	0.163971	0.924617	-1.24615	0.12819	0.991547	0.020038	-0.987577	0.129476	-0.0890415	-0.0908833	-0.00837479	0.995826
4.03333	0.168438	0.924669	-1.23047	0.129625	0.991354	0.0203768	-0.987469	0.130928	-0.088105	-0.0900111	-0.00870084	0.995903
4.06667	0.172596	0.924434	-1.21554	0.127944	0.991548	0.0215328	-0.987683	0.129357	-0.0880278	-0.0900691	-0.010005	0.995885
4.1	0.176479	0.923952	-1.20229	0.127523	0.991666	0.0183267	-0.987516	0.128668	-0.0908686	-0.0924694	-0.00651006	0.995694
4.13333	0.179727	0.923312	-1.19002	0.125639	0.991983	0.0135652	-0.98763	0.126357	-0.0928454	-0.0938151	-0.00173243	0.995588
4.16667	0.182552	0.922689	-1.17899	0.119639	0.99277	0.00975147	-0.988282	0.120025	-0.0943042	-0.0947927	0.00164528	0.995496
4.2	0.185233	0.922446	-1.16825	0.108067	0.994113	0.00775383	-0.989638	0.108316	-0.0942605	-0.0945455	0.00251301	0.995517
4.23333	0.187521	0.922523	-1.1578	0.0941235	0.995532	0.00759419	-0.991082	0.0944201	-0.0940253	-0.0943222	0.00132353	0.995541
4.26667	0.189452	0.922777	-1.14745	0.0791965	0.996822	0.0085583	-0.992517	0.079649	-0.0925498	-0.0929373	-0.00116464	0.995671
4.3	0.191134	0.923071	-1.13682	0.0640717	0.997889	0.0106154	-0.99392	0.0647641	-0.0890409	-0.0895404	-0.00484584	0.995971
4.33333	0.192593	0.923143	-1.12602	0.0484942	0.998747	0.0123596	-0.995139	0.0493735	-0.0852112	-0.0857147	-0.00816726	0.996286
4.36667	0.193731	0.92297	-1.11507	0.0311837	0.999417	0.0139	-0.996215	0.0322067	-0.0807365	-0.0811371	-0.0113297	0.996639
4.4	0.194266	0.922624	-1.10392	0.0145551	0.999781	0.0150529	-0.997072	0.0156427	-0.0748563	-0.0750754	-0.0139193	0.997081
4.43333	0.194009	0.92222	-1.09262	-0.00180556	0.999877	0.0155871	-0.997619	-0.000726364	-0.0689667	-0.0689469	-0.0156745	0.997497
4.46667	0.193026	0.921718	-1.08147	-0.0159226	0.999773	0.0141293	-0.997851	-0.0149905	-0.0637868	-0.0635606	-0.0151146	0.997864
4.5	0.191534	0.920886	-1.07107	-0.0262998	0.999605	0.00987952	-0.997746	-0.0256379	-0.0620175	-0.0617397	-0.0114883	0.998026
4.53333	0.189739	0.919764	-1.06144	-0.0311258	0.999512	0.00265547	-0.997429	-0.0308892	-0.0646594	-0.0645459	-0.00466123	0.997904
4.56667	0.187948	0.918466	-1.05227	-0.0315424	0.999483	-0.00628536	-0.996935	-0.0319113	-0.0714342	-0.0715979	0.00401288	0.997426
4.6	0.186131	0.917309	-1.04274	-0.0306699	0.999425	-0.0144633	-0.996374	-0.0317188	-0.0789537	-0.079367	0.0119893	0.996773
4.63333	0.184263	0.916458	-1.0322	-0.0318206	0.999333	-0.0179106	-0.995808	-0.0332356	-0.0852124	-0.0857509	0.015124	0.996202
4.66667	0.182195	0.915758	-1.02044	-0.0358438	0.999226	-0.0161931	-0.995312	-0.0371505	-0.0892945	-0.089827	0.0129165	0.995874
4.7	0.180097	0.914999	-1.00722	-0.0381916	0.999236	-0.00830011	-0.995062	-0.0387909	-0.0913562	-0.0916083	0.00477009	0.995784
4.73333	0.177851	0.914064	-0.992568	-0.0374714	0.999286	0.00488592	-0.99493	-0.0368505	-0.0935744	-0.0933276	-0.00836751	0.9956
4.76667	0.175239	0.912952	-0.97665	-0.0354229	0.99914	0.021566	-0.994752	-0.0331783	-0.0967827	-0.0959839	-0.0248811	0.995072
4.8	0.171976	0.912908	-0.960483	-0.0438567	0.998426	0.034948	-0.994049	-0.0401195	-0.101275	-0.0997132	-0.0391816	0.994244
4.83333	0.168322	0.913999	-0.943795	-0.0558564	0.997426	0.0449672	-0.992937	-0.0507708	-0.10723	-0.104671	-0.0506391	0.993217
4.86667	0.16425	0.915471	-0.927206	-0.0623619	0.996584	0.0541432	-0.992184	-0.0560289	-0.111499	-0.108084	-0.0606733	0.992289
4.9	0.160151	0.916689	-0.909746	-0.0656304	0.995586	0.0670928	-0.991796	-0.0576932	-0.114072	-0.109697	-0.0740289	0.991204
4.93333	0.155413	0.917617	-0.891676	-0.0698775	0.994368	0.079677	-0.991207	-0.0602142	-0.117825	-0.112364	-0.0872097	0.989833
4.96667	0.150296	0.918455	-0.87344	-0.0763666	0.992893	0.0912805	-0.990607	-0.0651377	-0.120228	-0.113428	-0.0996046	0.988541
5	0.14523	0.919525	-0.855573	-0.0813962	0.991639	0.100131	-0.990333	-0.0691469	-0.120248	-0.112319	-0.108951	0.987681
5.03333	0.140446	0.920673	-0.838153	-0.0858096	0.990764	0.104994	-0.989982	-0.0729303	-0.120896	-0.112122	-0.114316	0.987097
5.06667	0.135964	0.92144	-0.82144	-0.088281	0.990235	0.107894	-0.989973	-0.075231	-0.119556	-0.110272	-0.117367	0.986947
5.1	0.132033	0.921694	-0.805793	-0.0891926	0.989767	0.11138	-0.990329	-0.0761957	-0.115945	-0.106272	-0.120644	0.986991
5.13333	0.128934	0.921556	-0.791468	-0.0883849	0.989294	0.116127	-0.990572	-0.0750453	-0.114613	-0.104672	-0.125162	0.986599
5.16667	0.126646	0.921268	-0.778263	-0.0850295	0.989101	0.120209	-0.991027	-0.0714678	-0.112951	-0.103129	-0.128734	0.986302
5.2	0.125065	0.92098	-0.766153	-0.0781473	0.989507	0.121526	-0.991856	-0.0648716	-0.109605	-0.100571	-0.129102	0.986518
5.23333	0.124046	0.92077	-0.754513	-0.0688469	0.990045	0.122761	-0.992834	-0.0559471	-0.105598	-0.097679	-0.129151	0.986802
5.26667	0.123166	0.920682	-0.743404	-0.0577702	0.990766	0.122663	-0.993778	-0.0453512	-0.101729	-0.0952262	-0.127777	0.987221
5.3	0.122183	0.92072	-0.732482	-0.0449887	0.991726	0.120233	-0.994702	-0.0333334	-0.0972511	-0.0924386	-0.123971	0.987971
5.33333	0.121366	0.920891	-0.721642	-0.031777	0.992824	0.115281	-0.995457	-0.0210798	-0.0928521	-0.0897557	-0.117708	0.988984
5.36667	0.120958	0.921173	-0.710999	-0.0188226	0.993816	0.109433	-0.996006	-0.00908294	-0.0888273	-0.087284	-0.110668	0.990017
5.4	0.120924	0.921494	-0.700525	-0.00552675	0.994605	0.103588	-0.996479	0.00318903	-0.0837849	-0.0836632	-0.103686	0.991085
5.43333	0.121199	0.921654	-0.690287	0.00745902	0.995119	0.0983961	-0.996818	0.0152092	-0.0782519	-0.0793665	-0.0974993	0.992066
5.46667	0.121881	0.921641	-0.680505	0.019917	0.995301	0.0947544	-0.996925	0.0269541	-0.0735766	-0.0757849	-0.0929977	0.992778
5.5	0.123057	0.921529	-0.671212	0.0310652	0.995238	0.0923915	-0.996873	0.03757	-0.0695202	-0.0726603	-0.0899429	0.993293
5.53333	0.124659	0.921367	-0.662414	0.0425783	0.994914	0.0912863	-0.996632	0.0487053	-0.0659756	-0.0700862	-0.0881697	0.993637
5.56667	0.126414	0.921101	-0.653814	0.0525731	0.994241	0.0933882	-0.996327	0.0585525	-0.0624838	-0.0675921	-0.0897603	0.993667
5.6	0.128398	0.920643	-0.645635	0.0628667	0.993374	0.0962083	-0.995815	0.0688432	-0.0601136	-0.0663386	-0.0920265	0.993544
5.63333	0.130543	0.920106	-0.637471	0.0712598	0.992451	0.0998157	-0.995278	0.0773589	-0.0586232	-0.0659023	-0.0951669	0.993277
5.66667	0.132612	0.919419	-0.629491	0.0791893	0.99178	0.100502	-0.994628	0.0853522	-0.0585727	-0.0666694	-0.0953242	0.993211
5.7	0.134706	0.91862	-0.621268	0.0867756	0.991195	0.100016	-0.993964	0.0929056	-0.0583487	-0.067127	-0.0943488	0.993274
5.73333	0.136704	0.917565	-0.612712	0.0929289	0.990818	0.0982011	-0.993398	0.098927	-0.0580768	-0.0672583	-0.0921558	0.99347
5.76667	0.138683	0.916304	-0.603771	0.0966794	0.990798	0.0947191	-0.992988	0.10252	-0.0588556	-0.0680246	-0.0883648	0.993763
5.8	0.140743	0.915013	-0.594353	0.098233	0.991119	0.0896324	-0.992694	0.103932	-0.0612922	-0.0700635	-0.0829566	0.994087
5.83333	0.143043	0.913715	-0.584305	0.0989274	0.991544	0.0839861	-0.992465	0.104446	-0.0640712	-0.0723014	-0.0770149	0.994405
5.86667	0.145675	0.912344	-0.573621	0.0989427	0.991987	0.0785612	-0.99225	0.104315	-0.0675101	-0.0751643	-0.0712728	0.994621
5.9	0.148657	0.910872	-0.562048	0.0983199	0.992499	0.0726571	-0.99199	0.103564	-0.0723163	-0.0792985	-0.064965	0.994732
5.93333	0.152	0.909385	-0.549371	0.0968743	0.99315	0.0653401	-0.991752	0.101857	-0.0778063	-0.0839286	-0.0572637	0.994825
5.96667	0.155656	0.907795	-0.535446	0.0936408	0.994034	0.0559239	-0.991692	0.0981014	-0.0832082	-0.088198	-0.0476676	0.994962
6	0.159976	0.906351	-0.52046	0.0939531	0.994501	0.0462704	-0.991187	0.0977972	-0.0893511	-0.0933849	-0.0374678	0.994925
6.03333	0.16509	0.90626	-0.505169	0.102896	0.993875	0.0403127	-0.989442	0.106427	-0.098372	-0.10206	-0.029765	0.994333
6.06667	0.170561	0.907081	-0.489492	0.106712	0.993566	0.0379243	-0.988358	0.110159	-0.104942	-0.108445	-0.0262842	0.993755
6.1	0.176499	0.908236	-0.473479	0.108162	0.993488	0.0358106	-0.98788	0.111445	-0.108045	-0.111332	-0.0236902	0.993501
6.13333	0.182905	0.90933	-0.457085	0.112945	0.993084	0.0320605	-0.98712	0.115829	-0.110356	-0.113306	-0.0191834	0.993375
6.16667	0.189658	0.910276	-0.440893	0.115182	0.992979	0.02694	-0.986489	0.117526	-0.114139	-0.116504	-0.0134292	0.993099
6.2	0.196319	0.911025	-0.425309	0.115565	0.993062	0.0217561	-0.986281	0.11732	-0.116126	-0.117873	-0.00803755	0.992996
6.23333	0.20245	0.911587	-0.410326	0.117529	0.992912	0.0176565	-0.985876	0.118796	-0.118052	-0.119313	-0.00353252	0.99285
6.26667	0.207478	0.912095	-0.39621	0.11977	0.99272	0.0127235	-0.985212	0.120426	-0.121885	-0.12253	0.00206275	0.992463
6.3	0.211592	0.912445	-0.383038	0.119736	0.992786	0.00623772	-0.985051	0.119582	-0.123991	-0.123843	0.0087017	0.992264
6.33333	0.215237	0.912642	-0.370508	0.1181	0.993002	-0.000323612	-0.985265	0.117139	-0.124628	-0.123718	0.0150374	0.992203
6.36667	0.21848	0.912907	-0.358472	0.113224	0.993555	-0.00542949	-0.985869	0.111666	-0.124875	-0.123464	0.0194917	0.992158
6.4	0.221221	0.913366	-0.34699	0.105042	0.994416	-0.0101932	-0.986919	0.102979	-0.12404	-0.122297	0.0230892	0.992225
6.43333	0.223818	0.913953	-0.335773	0.095004	0.995406	-0.0119084	-0.988135	0.0928465	-0.122343	-0.120675	0.0233902	0.992416
6.46667	0.226265	0.914489	-0.324727	0.0832093	0.996477	-0.0104492	-0.989536	0.0813804	-0.119143	-0.117873	0.0202537	0.992822
6.5	0.228166	0.914941	-0.313827	0.07189	0.997381	-0.00798813	-0.990839	0.0704959	-0.115187	-0.114323	0.0161958	0.993312
6.53333	0.229368	0.915341	-0.303159	0.0599694	0.998186	-0.00534505	-0.992098	0.0590108	-0.110717	-0.110201	0.0119425	0.993838
6.56667	0.229915	0.915566	-0.292719	0.0456089	0.998953	-0.0036365	-0.993499	0.0449792	-0.104581	-0.104308	0.00838271	0.99451
6.6	0.229855	0.915462	-0.282469	0.03039	0.99953	-0.00391484	-0.994771	0.0298628	-0.0976684	-0.0975056	0.00686251	0.995211
6.63333	0.229139	0.915293	-0.272569	0.0171192	0.999841	-0.00507436	-0.995599	0.0165785	-0.0922333	-0.0921345	0.00663099	0.995724
6.66667	0.227807	0.915191	-0.263109	0.00319478	0.999975	-0.00635735	-0.99613	0.002624	-0.0878481	-0.0878292	0.0066134	0.996114
6.7	0.226171	0.914909	-0.254146	-0.0116361	0.999909	-0.00688899	-0.996442	-0.0121703	-0.0834008	-0.0834771	0.00589402	0.996492
6.73333	0.224458	0.914174	-0.245621	-0.0241623	0.999672	-0.00845248	-0.996392	-0.0247694	-0.0811752	-0.0813579	0.0064606	0.996664
6.76667	0.222667	0.913031	-0.237535	-0.0324203	0.999406	-0.0116872	-0.996098	-0.0332689	-0.0817434	-0.0820837	0.00899145	0.996585
6.8	0.220802	0.911675	-0.229501	-0.0370816	0.99918	-0.0162685	-0.995735	-0.0383202	-0.0839276	-0.0844822	0.013087	0.996339
6.83333	0.21894	0.910203	-0.221194	-0.0393609	0.99901	-0.0207272	-0.995459	-0.0410034	-0.0859062	-0.086671	0.0172517	0.996088
6.86667	0.217051	0.90854	-0.212267	-0.0432678	0.998771	-0.0241583	-0.995139	-0.0452264	-0.0874771	-0.0884622	0.0202559	0.995874
6.9	0.215269	0.906732	-0.202406	-0.0472426	0.998558	-0.0254786	-0.994865	-0.0493229	-0.0883835	-0.0895128	0.0211723	0.995761
6.93333	0.213439	0.904793	-0.191543	-0.050681	0.998409	-0.0246983	-0.994621	-0.0526946	-0.0891706	-0.0903303	0.0200462	0.99571
6.96667	0.211647	0.902944	-0.179645	-0.0523745	0.998391	-0.0217235	-0.994462	-0.0541284	-0.0900824	-0.0911133	0.0168852	0.995697
7	0.20973	0.901346	-0.166766	-0.0539811	0.998405	-0.0165454	-0.994304	-0.0552695	-0.0911269	-0.091896	0.011532	0.995702
7.03333	0.207604	0.900151	-0.152571	-0.0548852	0.998452	-0.00902201	-0.994189	-0.0554844	-0.092246	-0.0926038	0.00390665	0.995695
7.06667	0.204977	0.899378	-0.136786	-0.0550232	0.998484	0.00134461	-0.994167	-0.0546602	-0.09297	-0.0927556	-0.00645228	0.995668
7.1	0.201437	0.899291	-0.120142	-0.056937	0.998313	0.0113613	-0.99396	-0.0556121	-0.0946103	-0.0938189	-0.0166795	0.99545
7.13333	0.197201	0.900648	-0.103399	-0.0650415	0.997704	0.018886	-0.993181	-0.0628886	-0.0981615	-0.0967484	-0.0251418	0.994991
7.16667	0.192373	0.902736	-0.0863802	-0.0708452	0.997131	0.0266737	-0.992583	-0.0678232	-0.100892	-0.0987935	-0.0336235	0.99454
7.2	0.187418	0.90477	-0.0688806	-0.0729096	0.996682	0.0361897	-0.992442	-0.0689125	-0.101541	-0.0987099	-0.0433195	0.994173
7.23333	0.182498	0.906832	-0.0508198	-0.0765594	0.995846	0.0492837	-0.99212	-0.07117	-0.103112	-0.0991765	-0.0567896	0.993448
7.26667	0.177295	0.908915	-0.033136	-0.0813196	0.994756	0.0620263	-0.991625	-0.0744848	-0.105508	-0.100335	-0.0700867	0.992482
7.3	0.172454	0.910775	-0.0159322	-0.0839114	0.993792	0.0730496	-0.991653	-0.0760787	-0.104101	-0.0978974	-0.0811751	0.99188
7.33333	0.16813	0.912168	0.000543255	-0.0854318	0.992997	0.0815944	-0.991789	-0.0769339	-0.102154	-0.0951611	-0.0896516	0.991417
7.36667	0.164237	0.913013	0.0162706	-0.0853913	0.992502	0.0874512	-0.991916	-0.0764147	-0.101305	-0.0938631	-0.0953949	0.991004
7.4	0.160699	0.913409	0.03114	-0.084034	0.992217	0.0918945	-0.992279	-0.0748827	-0.0988676	-0.0912168	-0.0994933	0.990848
7.43333	0.157725	0.913549	0.0449363	-0.0833995	0.991803	0.0968052	-0.992536	-0.0740002	-0.0969311	-0.0889729	-0.104167	0.990572
7.46667	0.155253	0.913596	0.0575453	-0.0811089	0.991483	0.101894	-0.992853	-0.0713923	-0.095638	-0.087549	-0.108923	0.990187
7.5	0.153168	0.913564	0.0688997	-0.075343	0.991542	0.105683	-0.99342	-0.0654694	-0.0939749	-0.086261	-0.112068	0.989949
7.53333	0.151299	0.913334	0.0796062	-0.068455	0.991751	0.108374	-0.994091	-0.0586336	-0.0913566	-0.0842486	-0.113987	0.989904
7.56667	0.149737	0.913077	0.0898683	-0.0608269	0.992213	0.108691	-0.99466	-0.0511581	-0.0896333	-0.0833749	-0.113563	0.990026
7.6	0.148388	0.913188	0.099746	-0.0504877	0.993265	0.104291	-0.995142	-0.0411946	-0.0894154	-0.0845169	-0.108299	0.990519
7.63333	0.146911	0.913633	0.1095	-0.0376369	0.99465	0.0961994	-0.995706	-0.0291801	-0.0878513	-0.0845742	-0.0990928	0.991478
7.66667	0.145589	0.914123	0.119209	-0.0248511	0.995809	0.0880152	-0.996275	-0.0173982	-0.084454	-0.0825688	-0.0897861	0.992533
7.7	0.144821	0.914435	0.128585	-0.0135996	0.996572	0.081608	-0.996627	-0.00690397	-0.081774	-0.0809303	-0.0824448	0.993304
7.73333	0.144646	0.914465	0.137721	-0.0039164	0.997004	0.0772457	-0.996888	0.00218953	-0.0788028	-0.0787359	-0.0773139	0.993893
7.76667	0.144971	0.914344	0.146603	0.00571669	0.997143	0.0753187	-0.997095	0.0114049	-0.0753095	-0.0759534	-0.0746694	0.994312
7.8	0.145779	0.914148	0.155228	0.0156143	0.996978	0.0760925	-0.997204	0.0210891	-0.0716854	-0.0730735	-0.0747605	0.994521
7.83333	0.147056	0.913864	0.163687	0.0262346	0.99656	0.0786143	-0.99722	0.0315767	-0.0674991	-0.0697493	-0.0766249	0.994617
7.86667	0.148645	0.913303	0.172173	0.0362964	0.995928	0.0825229	-0.9972	0.0414978	-0.0622143	-0.0653855	-0.0800337	0.994645
7.9	0.15058	0.912518	0.180597	0.0454026	0.995167	0.0870746	-0.997055	0.0505353	-0.0576761	-0.0617976	-0.0841995	0.994531
7.93333	0.152758	0.911687	0.189089	0.0539318	0.994258	0.0924283	-0.996773	0.0591167	-0.0543072	-0.0594594	-0.0892011	0.994237
7.96667	0.155015	0.91081	0.197469	0.0618775	0.993319	0.0974062	-0.996426	0.0671023	-0.0513073	-0.0575007	-0.0938833	0.993921
8	0.157177	0.909901	0.205879	0.068775	0.992367	0.102364	-0.996068	0.074049	-0.048643	-0.0558516	-0.0986156	0.993557
8.03333	0.159152	0.908816	0.214295	0.0748105	0.991768	0.103919	-0.995633	0.0801228	-0.0479171	-0.0558489	-0.0998803	0.993431
8.06667	0.161073	0.907617	0.223042	0.0796408	0.991458	0.103291	-0.995227	0.0849475	-0.048031	-0.056395	-0.0989727	0.993491
8.1	0.163059	0.906294	0.232198	0.0835392	0.991442	0.100324	-0.994825	0.088817	-0.0493398	-0.057828	-0.0956833	0.993731
8.13333	0.165325	0.90488	0.241872	0.0871892	0.991583	0.0957151	-0.994323	0.0925051	-0.0525751	-0.0609867	-0.0905877	0.994019
8.16667	0.168029	0.903342	0.251965	0.0901317	0.991644	0.0922998	-0.993732	0.0956999	-0.0577846	-0.0661348	-0.086513	0.994053
8.2	0.171161	0.901707	0.262729	0.0918314	0.991724	0.0897277	-0.993189	0.0977096	-0.0634701	-0.0717121	-0.083288	0.993942
8.23333	0.174803	0.899975	0.274334	0.0923267	0.991963	0.086518	-0.992675	0.0984956	-0.069969	-0.0779283	-0.0794243	0.99379
8.26667	0.178919	0.898078	0.287019	0.0916194	0.992507	0.080849	-0.992238	0.0978461	-0.076743	-0.0840787	-0.0731904	0.993768
8.3	0.183902	0.896247	0.300469	0.0929235	0.992794	0.0756592	-0.991488	0.099225	-0.0842922	-0.0911921	-0.0671824	0.993565
8.33333	0.189866	0.895733	0.314009	0.104472	0.991674	0.0752889	-0.989267	0.111397	-0.094554	-0.102154	-0.0646026	0.992669
8.36667	0.196067	0.896211	0.327653	0.11119	0.990767	0.0775727	-0.987493	0.118927	-0.103506	-0.111776	-0.0650936	0.991599
8.4	0.202647	0.896915	0.341442	0.112157	0.99053	0.0791933	-0.986733	0.120432	-0.108877	-0.117383	-0.0659313	0.990896
8.43333	0.209605	0.897382	0.35627	0.115971	0.990126	0.0787423	-0.985729	0.124469	-0.113337	-0.122019	-0.0644749	0.990431
8.46667	0.217221	0.898021	0.371803	0.121334	0.989407	0.0797001	-0.984045	0.130425	-0.121014	-0.130127	-0.0637454	0.989446
8.5	0.224948	0.89917	0.387558	0.122913	0.989221	0.0795833	-0.983049	0.132353	-0.126873	-0.136038	-0.06264	0.988721
8.53333	0.232518	0.900755	0.403367	0.123077	0.989352	0.0776815	-0.982689	0.132422	-0.129566	-0.138473	-0.0603901	0.988523
8.56667	0.23998	0.902243	0.419133	0.124079	0.989391	0.0755633	-0.98227	0.133257	-0.131863	-0.140533	-0.0578621	0.988384
8.6	0.247335	0.903396	0.434546	0.124457	0.989488	0.0736468	-0.982144	0.133406	-0.132651	-0.141082	-0.0558224	0.988423
8.63333	0.254308	0.904025	0.44935	0.125364	0.989554	0.0711766	-0.982168	0.133919	-0.131954	-0.140108	-0.0533651	0.988697
8.66667	0.260503	0.90424	0.463177	0.126463	0.989634	0.0680568	-0.982081	0.134571	-0.131938	-0.139728	-0.0501521	0.988919
8.7	0.265844	0.904154	0.475935	0.126697	0.989943	0.062935	-0.982246	0.134055	-0.131234	-0.138351	-0.0451907	0.989352
8.73333	0.270279	0.903857	0.487693	0.125019	0.990653	0.0545555	-0.982812	0.131182	-0.129889	-0.135832	-0.0373792	0.990027
8.76667	0.274134	0.90368	0.498806	0.119392	0.991787	0.0458729	-0.983955	0.124366	-0.127928	-0.132583	-0.0298633	0.990722
8.8	0.277383	0.903793	0.509429	0.110651	0.993173	0.0369248	-0.98541	0.114469	-0.12595	-0.129317	-0.0224495	0.991349
8.83333	0.28029	0.904269	0.519863	0.100325	0.994507	0.029828	-0.987034	0.103257	-0.122893	-0.125298	-0.017112	0.991972
8.86667	0.282764	0.904881	0.529684	0.0857448	0.995859	0.0302251	-0.988858	0.088769	-0.119498	-0.121686	-0.019642	0.992374
8.9	0.284879	0.905455	0.53969	0.0710839	0.996976	0.031414	-0.990576	0.074254	-0.115092	-0.117077	-0.0229367	0.992858
8.93333	0.286608	0.905884	0.549542	0.0556568	0.997869	0.034045	-0.992114	0.0591067	-0.110525	-0.112302	-0.0276251	0.99329
8.96667	0.287866	0.906147	0.559301	0.0390646	0.998568	0.0365495	-0.993526	0.0427202	-0.105264	-0.106675	-0.0322008	0.993772
9	0.288436	0.906104	0.568778	0.0222542	0.99909	0.0363742	-0.994663	0.0257928	-0.0999027	-0.10075	-0.0339568	0.994332
9.03333	0.288264	0.905781	0.578119	0.00747112	0.999438	0.0326819	-0.99543	0.0105446	-0.0949059	-0.0951972	-0.0318235	0.99495
9.06667	0.287525	0.905171	0.587173	-0.00540744	0.999635	0.0264541	-0.995827	-0.00297307	-0.0912106	-0.0910987	-0.0268369	0.99548
9.1	0.286387	0.904389	0.595973	-0.016435	0.999687	0.0188522	-0.99596	-0.0147031	-0.0885861	-0.0882812	-0.0202319	0.99589
9.13333	0.285112	0.903513	0.604593	-0.0239316	0.999659	0.0104618	-0.995859	-0.0229199	-0.0879793	-0.0877095	-0.0125239	0.996067
9.16667	0.283838	0.902545	0.613093	-0.0298732	0.99955	0.00257919	-0.995614	-0.0295265	-0.0887799	-0.0886638	-0.00522001	0.996048
9.2	0.282829	0.901428	0.621792	-0.0353148	0.999368	-0.00402113	-0.995344	-0.0355332	-0.0895987	-0.0896849	0.000838248	0.99597
9.23333	0.281972	0.900201	0.630971	-0.0395051	0.999175	-0.00943271	-0.995012	-0.0402024	-0.091298	-0.0916018	0.00577892	0.995779
9.26667	0.281102	0.899027	0.640998	-0.0422652	0.999004	-0.014276	-0.994751	-0.0434093	-0.0926581	-0.0931855	0.0102849	0.995596
9.3	0.280137	0.898043	0.651481	-0.0452886	0.998895	-0.0125624	-0.994412	-0.0462786	-0.0948838	-0.0953604	0.00819504	0.995409
9.33333	0.278862	0.897294	0.662928	-0.0482246	0.998804	-0.00804035	-0.994091	-0.0487777	-0.0969687	-0.0972449	0.00331657	0.995255
9.36667	0.277261	0.896636	0.675263	-0.0499461	0.998748	-0.00292815	-0.993797	-0.0499898	-0.0993372	-0.0993592	-0.00205152	0.99505
9.4	0.275336	0.895876	0.688743	-0.0499396	0.998749	0.00234265	-0.993553	-0.0494405	-0.102019	-0.101776	-0.00742236	0.99478
9.43333	0.273128	0.894874	0.703518	-0.0491102	0.998755	0.00872151	-0.99331	-0.047925	-0.105068	-0.104519	-0.0138231	0.994427
9.46667	0.270641	0.893704	0.719609	-0.0493044	0.998638	0.0170898	-0.992946	-0.0471617	-0.108784	-0.10783	-0.0223328	0.993918
9.5	0.267371	0.893545	0.736051	-0.0586021	0.998054	0.0213109	-0.991787	-0.0557764	-0.115102	-0.113689	-0.0278811	0.993125
9.53333	0.263699	0.894403	0.752999	-0.068711	0.997364	0.0233281	-0.990175	-0.0653239	-0.123639	-0.121789	-0.0315943	0.992053
9.56667	0.259829	0.895434	0.770785	-0.0718998	0.997034	0.0274526	-0.989198	-0.0677557	-0.129986	-0.12774	-0.036502	0.991136
9.6	0.255602	0.896196	0.789695	-0.0770983	0.996423	0.0345941	-0.988256	-0.0717829	-0.134899	-0.131933	-0.0445883	0.990255
9.63333	0.251094	0.897026	0.809383	-0.0883445	0.995117	0.0440209	-0.986978	-0.081487	-0.138685	-0.134421	-0.0556997	0.989358
9.66667	0.246696	0.897944	0.828801	-0.0972279	0.993922	0.0516304	-0.985836	-0.0890546	-0.142114	-0.136653	-0.0647166	0.988503
9.7	0.242389	0.898801	0.84768	-0.104179	0.993008	0.0555076	-0.985083	-0.0953401	-0.143251	-0.136958	-0.0696034	0.988129
9.73333	0.23795	0.899185	0.866162	-0.110263	0.99233	0.0558896	-0.984598	-0.101382	-0.14244	-0.135681	-0.0707347	0.988224
9.76667	0.233782	0.899175	0.883708	-0.112893	0.992136	0.0540583	-0.984402	-0.104293	-0.141689	-0.134937	-0.0692108	0.988434
9.8	0.230205	0.89906	0.899718	-0.114072	0.992048	0.0531899	-0.984161	-0.105527	-0.142448	-0.135702	-0.0685966	0.988372
9.83333	0.227321	0.898961	0.914297	-0.114156	0.991931	0.055143	-0.984213	-0.105363	-0.142209	-0.135251	-0.0705065	0.9883
9.86667	0.225115	0.898717	0.927054	-0.11302	0.991667	0.0618301	-0.984506	-0.103372	-0.141643	-0.134072	-0.0768806	0.987985
9.9	0.223542	0.898454	0.938983	-0.106293	0.992122	0.0662948	-0.985418	-0.096196	-0.140351	-0.132868	-0.0802464	0.98788
9.93333	0.222257	0.898422	0.950346	-0.0968106	0.99289	0.0692677	-0.986518	-0.0864973	-0.138928	-0.131948	-0.0817834	0.987877
9.96667	0.221197	0.898768	0.961389	-0.085404	0.993808	0.0710768	-0.987791	-0.0751267	-0.13647	-0.130285	-0.0818641	0.988091
10	0.220461	0.899342	0.97235	-0.0732628	0.994669	0.0725745	-0.989117	-0.0631582	-0.132884	-0.127592	-0.0815202	0.988471
10.0333	0.219711	0.899849	0.98222	-0.0582892	0.99598	0.0680206	-0.99017	-0.0490022	-0.131005	-0.127145	-0.0749882	0.989045
10.0667	0.219412	0.900208	0.992378	-0.0439138	0.99675	0.0675406	-0.991209	-0.0350243	-0.127588	-0.124808	-0.0725497	0.989525
10.1	0.219406	0.900368	1.00241	-0.0296148	0.997363	0.0662611	-0.992133	-0.0212634	-0.123368	-0.121634	-0.0693933	0.990146
10.1333	0.21972	0.900316	1.01238	-0.0153799	0.997781	0.0647755	-0.992976	-0.00764062	-0.118073	-0.117316	-0.0661365	0.99089
10.1667	0.220425	0.9001	1.02225	-0.0017722	0.997931	0.0642703	-0.993646	0.0054757	-0.112421	-0.11254	-0.0640611	0.99158
10.2	0.221524	0.899715	1.0318	0.0110738	0.997818	0.0650939	-0.994074	0.0180256	-0.107201	-0.108141	-0.063521	0.992104
10.2333	0.223123	0.899273	1.04093	0.0223288	0.997403	0.0684778	-0.994304	0.029295	-0.102476	-0.104216	-0.0657996	0.992376
10.2667	0.224906	0.898764	1.0495	0.0333877	0.99676	0.0731758	-0.994183	0.0406241	-0.099747	-0.102396	-0.0694198	0.992318
10.3	0.226727	0.898189	1.05776	0.0440745	0.995974	0.078055	-0.993728	0.0517441	-0.0991324	-0.102772	-0.0731963	0.992008
10.3333	0.228553	0.897537	1.06594	0.0532583	0.995172	0.0824369	-0.993164	0.0613753	-0.0992848	-0.103865	-0.0765856	0.991638
10.3667	0.230196	0.896749	1.0743	0.0615095	0.994542	0.0842822	-0.992545	0.0698503	-0.0998812	-0.105223	-0.0775102	0.991423
10.4	0.231925	0.895898	1.08337	0.0666708	0.994009	0.0866086	-0.992186	0.0752217	-0.0995414	-0.10546	-0.0792954	0.991257
10.4333	0.233595	0.894884	1.09256	0.0714077	0.993903	0.084008	-0.991653	0.0798057	-0.10127	-0.107357	-0.0760753	0.991306
10.4667	0.235324	0.893842	1.10252	0.0743811	0.994069	0.079334	-0.991181	0.0824448	-0.103747	-0.109673	-0.0709175	0.991435
10.5	0.237221	0.892731	1.11346	0.0764989	0.994452	0.0721995	-0.990775	0.0839401	-0.106388	-0.111858	-0.0633949	0.9917
10.5333	0.239157	0.891487	1.12541	0.0764895	0.995102	0.0626137	-0.990555	0.083007	-0.109136	-0.113799	-0.0536746	0.992053
10.5667	0.241317	0.890078	1.13865	0.0745744	0.995911	0.0509853	-0.990473	0.0799086	-0.112148	-0.115763	-0.0421363	0.992383
10.6	0.244203	0.888935	1.15263	0.0760837	0.996262	0.040902	-0.990091	0.080341	-0.115175	-0.118031	-0.0317338	0.992503
10.6333	0.247725	0.889159	1.16665	0.0848685	0.995778	0.0349924	-0.988723	0.0885122	-0.120797	-0.123384	-0.024346	0.99206
10.6667	0.251253	0.890217	1.18111	0.0890555	0.995576	0.029958	-0.987931	0.0921187	-0.124523	-0.126732	-0.018507	0.991764
