0	0.998949	0.0102712	0.0446594	-0.0101683	0.999945	-0.00252984	-0.0446829	0.00207307	0.998999
0.0333333	0.237779	0.629124	0.740043	-0.635832	0.676785	-0.371051	-0.734288	-0.382315	0.560943
0.0666667	0.152138	0.653865	0.741158	-0.662585	0.623898	-0.414406	-0.733372	-0.428033	0.52816
0.1	0.149313	0.657033	0.738927	-0.66842	0.617761	-0.414229	-0.728643	-0.432064	0.531414
0.133333	0.151303	0.658496	0.737218	-0.672641	0.615091	-0.41136	-0.724335	-0.433643	0.535997
0.166667	0.152585	0.659847	0.735744	-0.675681	0.612941	-0.409584	-0.72123	-0.434632	0.539372
0.2	0.153654	0.660804	0.734662	-0.677295	0.611793	-0.408632	-0.719487	-0.434796	0.541564
0.233333	0.154625	0.661314	0.733999	-0.677797	0.611533	-0.408189	-0.718806	-0.434386	0.542795
0.266667	0.156311	0.661826	0.73318	-0.677561	0.611956	-0.407946	-0.718664	-0.433008	0.544083
0.3	0.157501	0.662639	0.732191	-0.677182	0.61213	-0.408315	-0.718761	-0.431517	0.545138
0.333333	0.158555	0.663766	0.730941	-0.676606	0.612198	-0.409167	-0.719072	-0.429684	0.546175
0.366667	0.158983	0.665279	0.729471	-0.675865	0.611934	-0.410784	-0.719674	-0.427716	0.546926
0.4	0.159395	0.66658	0.728193	-0.675022	0.611837	-0.412312	-0.720374	-0.425826	0.547479
0.433333	0.159412	0.666958	0.727842	-0.674468	0.611955	-0.413043	-0.720889	-0.425062	0.547395
0.466667	0.159529	0.667185	0.727609	-0.674607	0.611783	-0.41307	-0.720733	-0.424953	0.547685
0.5	0.15938	0.667162	0.727662	-0.674463	0.611831	-0.413233	-0.7209	-0.424921	0.54749
0.533333	0.159099	0.666909	0.727956	-0.674415	0.61191	-0.413197	-0.721008	-0.425205	0.547127
0.566667	0.15931	0.666382	0.728392	-0.674071	0.612482	-0.41291	-0.721283	-0.425207	0.546763
0.6	0.159234	0.665614	0.729111	-0.674132	0.612855	-0.412256	-0.721243	-0.425872	0.546299
0.633333	0.158796	0.664634	0.730099	-0.674226	0.613206	-0.411579	-0.721251	-0.426895	0.545489
0.666667	0.158585	0.663912	0.730802	-0.674181	0.613569	-0.411112	-0.72134	-0.427497	0.544899
0.7	0.158221	0.663347	0.731394	-0.674042	0.613848	-0.410924	-0.72155	-0.427973	0.544247
0.733333	0.158224	0.662656	0.732019	-0.673767	0.6144	-0.410549	-0.721805	-0.428252	0.543689
0.766667	0.157636	0.661901	0.732829	-0.673685	0.614676	-0.41027	-0.722011	-0.429023	0.542808
0.8	0.157343	0.661158	0.733562	-0.673428	0.615147	-0.409986	-0.722314	-0.429493	0.542031
0.833333	0.157173	0.660802	0.733919	-0.673009	0.615539	-0.410087	-0.722742	-0.429479	0.541472
0.866667	0.156804	0.660128	0.734605	-0.672924	0.615843	-0.409768	-0.722901	-0.43008	0.540783
0.9	0.156578	0.659398	0.735308	-0.672852	0.616218	-0.409323	-0.723017	-0.430662	0.540163
0.933333	0.156316	0.658707	0.735982	-0.672876	0.616501	-0.408858	-0.723051	-0.431314	0.539597
0.966667	0.155868	0.657933	0.736769	-0.672644	0.61692	-0.408606	-0.723363	-0.431895	0.538713
1	0.155313	0.657255	0.737492	-0.672432	0.617239	-0.408474	-0.72368	-0.432472	0.537825
1.03333	0.155047	0.65672	0.738024	-0.672241	0.617562	-0.408301	-0.723915	-0.432824	0.537225
1.06667	0.154717	0.656244	0.738516	-0.672304	0.617678	-0.408022	-0.723927	-0.433379	0.536761
1.1	0.154198	0.655852	0.738973	-0.672049	0.617876	-0.408142	-0.724274	-0.433692	0.53604
1.13333	0.154033	0.655484	0.739334	-0.671905	0.61811	-0.408024	-0.724443	-0.433913	0.535632
1.16667	0.154245	0.654946	0.739766	-0.671954	0.618447	-0.407432	-0.724352	-0.434245	0.535486
1.2	0.154361	0.65479	0.73988	-0.671765	0.618685	-0.407383	-0.724503	-0.434141	0.535366
1.23333	0.154251	0.654678	0.740002	-0.671782	0.6187	-0.407332	-0.72451	-0.434289	0.535236
1.26667	0.154854	0.654194	0.740304	-0.671415	0.619385	-0.406896	-0.724722	-0.434041	0.53515
1.3	0.15476	0.653764	0.740704	-0.671218	0.619709	-0.406728	-0.724925	-0.434229	0.534724
1.33333	0.1541	0.653477	0.741094	-0.671621	0.619407	-0.406522	-0.724692	-0.435089	0.53434
1.36667	0.15386	0.653095	0.741481	-0.67162	0.619538	-0.406324	-0.724744	-0.435477	0.533954
1.4	0.154632	0.651749	0.742504	-0.671697	0.620481	-0.404755	-0.724508	-0.43615	0.533724
1.43333	0.153507	0.650372	0.743944	-0.672173	0.620574	-0.403821	-0.724306	-0.438069	0.532425
1.46667	0.153223	0.648806	0.745368	-0.672646	0.621041	-0.402312	-0.723926	-0.439726	0.531575
1.5	0.154494	0.646481	0.747123	-0.672036	0.623077	-0.400178	-0.724223	-0.440268	0.530721
1.53333	0.15453	0.644322	0.748979	-0.671867	0.624344	-0.398483	-0.724372	-0.441637	0.529379
1.56667	0.153828	0.642227	0.750921	-0.672519	0.624829	-0.396619	-0.723916	-0.443997	0.528026
1.6	0.154397	0.639369	0.753239	-0.672665	0.626425	-0.393845	-0.72366	-0.445869	0.526799
1.63333	0.154085	0.63608	0.756082	-0.673127	0.627749	-0.390936	-0.723296	-0.448702	0.524889
1.66667	0.154912	0.63235	0.759036	-0.672984	0.630019	-0.387516	-0.723253	-0.450788	0.523159
1.7	0.155078	0.627973	0.762627	-0.673196	0.632156	-0.383647	-0.72302	-0.453903	0.520783
1.73333	0.154325	0.621434	0.768117	-0.674603	0.634282	-0.37762	-0.721868	-0.459898	0.517107
1.76667	0.153595	0.611654	0.776072	-0.676251	0.637722	-0.368776	-0.720482	-0.468177	0.511582
1.8	0.152323	0.59931	0.785891	-0.67772	0.642113	-0.35831	-0.71937	-0.478036	0.503973
1.83333	0.150468	0.58394	0.79773	-0.679515	0.647181	-0.345567	-0.718066	-0.490073	0.494176
1.86667	0.149982	0.568975	0.808562	-0.680403	0.652749	-0.333122	-0.717326	-0.500186	0.485033
1.9	0.150798	0.554941	0.818108	-0.68032	0.658685	-0.321401	-0.717234	-0.508109	0.476866
1.93333	0.153118	0.542078	0.82626	-0.679993	0.664492	-0.309936	-0.717053	-0.514394	0.470355
1.96667	0.155819	0.52948	0.833889	-0.680051	0.66978	-0.298205	-0.716416	-0.520621	0.464438
2	0.158263	0.51748	0.840932	-0.680183	0.674501	-0.287054	-0.715754	-0.526558	0.45873
2.03333	0.159196	0.504802	0.848429	-0.680142	0.678989	-0.276369	-0.715586	-0.533056	0.451429
2.06667	0.157785	0.490011	0.857318	-0.681613	0.682237	-0.264493	-0.714498	-0.542626	0.441645
2.1	0.155015	0.468642	0.869681	-0.685657	0.684808	-0.246806	-0.711228	-0.558044	0.427483
2.13333	0.153165	0.446784	0.881433	-0.687191	0.68914	-0.229901	-0.710147	-0.5705	0.412579
2.16667	0.149764	0.424869	0.892781	-0.687219	0.69392	-0.214951	-0.710845	-0.581344	0.395903
2.2	0.14612	0.402816	0.903542	-0.688805	0.697001	-0.199343	-0.710069	-0.593236	0.379307
2.23333	0.143977	0.384384	0.911877	-0.691316	0.698403	-0.185245	-0.708063	-0.603724	0.366285
2.26667	0.146893	0.37187	0.916589	-0.692277	0.700523	-0.173265	-0.706524	-0.609081	0.360339
2.3	0.152683	0.362179	0.919519	-0.693449	0.702188	-0.161432	-0.704142	-0.612991	0.358365
2.33333	0.161993	0.355729	0.920443	-0.693554	0.704565	-0.150236	-0.701955	-0.614039	0.360852
2.36667	0.171809	0.348984	0.921245	-0.693951	0.706623	-0.138262	-0.699224	-0.615544	0.363582
2.4	0.181538	0.340029	0.922726	-0.694751	0.708416	-0.124369	-0.695963	-0.618487	0.36484
2.43333	0.19011	0.329637	0.924769	-0.694709	0.710747	-0.110533	-0.693713	-0.621432	0.364122
2.46667	0.194894	0.318555	0.927652	-0.694514	0.712662	-0.0988146	-0.69258	-0.625009	0.360134
2.5	0.197097	0.31068	0.929855	-0.693064	0.714983	-0.0919825	-0.693408	-0.62632	0.356243
2.53333	0.197626	0.304947	0.931639	-0.690458	0.717934	-0.0885319	-0.695853	-0.625762	0.352436
2.56667	0.198469	0.301417	0.932608	-0.689034	0.719615	-0.0859442	-0.697024	-0.625542	0.350508
2.6	0.196408	0.302611	0.932658	-0.687503	0.7207	-0.0890576	-0.699116	-0.623713	0.349597
2.63333	0.189555	0.30998	0.931655	-0.686106	0.720575	-0.100154	-0.702373	-0.620229	0.349268
2.66667	0.172002	0.322619	0.93077	-0.687412	0.716087	-0.121176	-0.705606	-0.61898	0.344941
2.7	0.147523	0.339484	0.928971	-0.690632	0.707701	-0.148949	-0.708	-0.619604	0.33886
2.73333	0.121375	0.362575	0.924017	-0.69564	0.695116	-0.18138	-0.708063	-0.620769	0.336591
2.76667	0.0904179	0.387177	0.917561	-0.700035	0.680031	-0.217965	-0.708361	-0.622617	0.332525
2.8	0.0546939	0.40307	0.913533	-0.705028	0.663456	-0.25052	-0.707067	-0.630365	0.320463
2.83333	0.0124216	0.414004	0.91019	-0.717661	0.637538	-0.280193	-0.696282	-0.649728	0.305034
2.86667	-0.0306119	0.419538	0.907222	-0.735974	0.604685	-0.304465	-0.676318	-0.677012	0.290258
2.9	-0.077658	0.418266	0.904999	-0.756724	0.566275	-0.326652	-0.649105	-0.710202	0.272536
2.93333	-0.127917	0.407137	0.904366	-0.778858	0.523297	-0.345748	-0.614018	-0.748599	0.250163
2.96667	-0.17642	0.372684	0.911034	-0.810059	0.470824	-0.34947	-0.559179	-0.799644	0.218833
3	-0.215878	0.323704	0.921202	-0.842553	0.41504	-0.343289	-0.493459	-0.850269	0.18314
3.03333	-0.236084	0.266583	0.93445	-0.872913	0.364334	-0.324475	-0.426951	-0.892297	0.146691
3.06667	-0.222372	0.197688	0.954709	-0.906564	0.318379	-0.277084	-0.358736	-0.927121	0.108418
3.1	-0.183204	0.1293	0.974535	-0.931954	0.292666	-0.21403	-0.312887	-0.947432	0.0668841
3.13333	-0.143953	0.0639899	0.987513	-0.952963	0.259997	-0.155764	-0.266718	-0.963487	0.0235526
3.16667	-0.104337	0.00192214	0.99454	-0.965071	0.24144	-0.101712	-0.240318	-0.970414	-0.0233362
3.2	-0.080385	-0.0428053	0.995844	-0.966886	0.246129	-0.0674679	-0.242218	-0.968291	-0.061173
3.23333	-0.0693231	-0.070815	0.995078	-0.958406	0.281558	-0.0467311	-0.276863	-0.956928	-0.0873879
3.26667	-0.0614744	-0.0896568	0.994074	-0.944703	0.326645	-0.0289608	-0.322112	-0.940885	-0.104779
3.3	-0.0591122	-0.0955612	0.993667	-0.925072	0.379339	-0.0185504	-0.375164	-0.92031	-0.110825
3.33333	-0.0636932	-0.0865502	0.994209	-0.894865	0.445953	-0.0185066	-0.441769	-0.890862	-0.105855
3.36667	-0.0660376	-0.0619514	0.995892	-0.852838	0.521618	-0.0241034	-0.517982	-0.850927	-0.087281
3.4	-0.0608902	-0.0204753	0.997934	-0.800751	0.597879	-0.0365917	-0.595895	-0.801325	-0.0528006
3.43333	-0.0521834	0.0314577	0.998142	-0.747693	0.661335	-0.0599325	-0.661991	-0.749431	-0.01099
3.46667	-0.0366748	0.0884723	0.995403	-0.695227	0.713258	-0.0890101	-0.717854	-0.695295	0.0353497
3.5	-0.01729	0.14191	0.989728	-0.648434	0.751891	-0.119136	-0.761074	-0.643834	0.0790194
3.53333	-0.000467011	0.187867	0.982194	-0.618668	0.771609	-0.147882	-0.785652	-0.607722	0.115867
3.56667	0.0136789	0.224605	0.974354	-0.606246	0.776775	-0.170548	-0.79516	-0.588365	0.146791
3.6	0.0268862	0.254818	0.966615	-0.603752	0.774817	-0.187463	-0.796719	-0.578556	0.174679
3.63333	0.0363928	0.284182	0.958079	-0.609039	0.766405	-0.204194	-0.792305	-0.576077	0.20097
3.66667	0.0436623	0.311567	0.949221	-0.620799	0.752886	-0.218567	-0.782753	-0.579732	0.226293
3.7	0.0478909	0.338182	0.939861	-0.634109	0.737308	-0.232988	-0.771759	-0.584816	0.249754
3.73333	0.0501318	0.367155	0.928808	-0.645794	0.721325	-0.250281	-0.761864	-0.587272	0.273268
3.76667	0.0502754	0.397113	0.916391	-0.654513	0.706157	-0.270101	-0.754377	-0.586211	0.295418
3.8	0.0319558	0.428698	0.902883	-0.665894	0.682793	-0.300629	-0.745361	-0.591617	0.307287
3.83333	0.0118585	0.471564	0.881752	-0.669307	0.658882	-0.34337	-0.742892	-0.586091	0.323434
3.86667	-0.00426685	0.52519	0.850974	-0.661286	0.636864	-0.396365	-0.750122	-0.564428	0.344583
3.9	0.00501402	0.566491	0.824053	-0.653064	0.625915	-0.426308	-0.757286	-0.536021	0.373093
3.93333	0.0204464	0.590087	0.807081	-0.649565	0.621503	-0.437948	-0.760031	-0.515297	0.396008
3.96667	0.0319687	0.596811	0.801745	-0.647567	0.623391	-0.438225	-0.761337	-0.505174	0.406404
4	0.042599	0.588445	0.807414	-0.650313	0.629845	-0.424722	-0.758471	-0.506979	0.409504
4.03333	0.0513455	0.573014	0.817935	-0.649276	0.641458	-0.408623	-0.758818	-0.510084	0.40498
4.06667	0.0577447	0.551077	0.832454	-0.647674	0.655232	-0.38883	-0.759726	-0.516706	0.394754
4.1	0.0644337	0.524858	0.848747	-0.649344	0.66788	-0.363716	-0.75776	-0.527693	0.383847
4.13333	0.0722336	0.499046	0.86356	-0.651591	0.679126	-0.33796	-0.755124	-0.538275	0.37423
4.16667	0.0791119	0.475114	0.876361	-0.653156	0.688831	-0.314483	-0.753079	-0.547521	0.364818
4.2	0.083926	0.45204	0.888041	-0.653576	0.697688	-0.293378	-0.752194	-0.55578	0.353997
4.23333	0.0864139	0.430043	0.898663	-0.653132	0.705603	-0.274853	-0.752298	-0.563194	0.341849
4.26667	0.0902896	0.412348	0.906541	-0.652532	0.712147	-0.258936	-0.752362	-0.568168	0.33337
4.3	0.094725	0.398851	0.91211	-0.650852	0.7181	-0.246421	-0.753272	-0.570307	0.327615
4.33333	0.0981678	0.385358	0.917531	-0.650695	0.722448	-0.233805	-0.752967	-0.57408	0.321671
4.36667	0.101006	0.371146	0.923065	-0.651368	0.725978	-0.220626	-0.752009	-0.57897	0.315081
4.4	0.106676	0.354584	0.928919	-0.653953	0.728768	-0.203083	-0.748976	-0.585805	0.309623
4.43333	0.112	0.339761	0.933819	-0.655876	0.731239	-0.18739	-0.746513	-0.591482	0.30474
4.46667	0.118781	0.328263	0.937088	-0.657157	0.73348	-0.17364	-0.744336	-0.595189	0.302844
4.5	0.127181	0.321027	0.938492	-0.658986	0.734513	-0.161949	-0.741324	-0.597856	0.304969
4.53333	0.136115	0.317982	0.938275	-0.660292	0.735183	-0.153366	-0.738571	-0.59866	0.31003
4.56667	0.142919	0.31894	0.936937	-0.659807	0.736312	-0.15	-0.737719	-0.596759	0.315672
4.6	0.147655	0.31903	0.936172	-0.659846	0.736873	-0.14704	-0.73675	-0.596018	0.319314
4.63333	0.148445	0.321896	0.935065	-0.658716	0.737433	-0.149287	-0.737603	-0.593781	0.321506
4.66667	0.147504	0.32544	0.933987	-0.658379	0.737008	-0.152827	-0.738092	-0.592375	0.322974
4.7	0.145058	0.330296	0.932664	-0.65823	0.735991	-0.158271	-0.738709	-0.590949	0.324172
4.73333	0.140829	0.340152	0.929765	-0.657442	0.734295	-0.169059	-0.740228	-0.587458	0.32704
4.76667	0.135115	0.353821	0.925502	-0.656884	0.731279	-0.183669	-0.741786	-0.583132	0.331226
4.8	0.121348	0.366047	0.922651	-0.66094	0.72329	-0.200026	-0.740562	-0.585544	0.329705
4.83333	0.10041	0.375712	0.921281	-0.671709	0.708686	-0.215803	-0.733979	-0.597164	0.323529
4.86667	0.0721723	0.386754	0.919354	-0.684304	0.689793	-0.236462	-0.725617	-0.612051	0.314441
4.9	0.0406495	0.399206	0.91596	-0.693163	0.671514	-0.261906	-0.719634	-0.624263	0.304011
4.93333	0.00500916	0.411599	0.911351	-0.700503	0.65183	-0.290539	-0.713632	-0.636949	0.291591
4.96667	-0.034028	0.423779	0.905126	-0.711302	0.625922	-0.319798	-0.702062	-0.6547	0.280136
5	-0.0753153	0.4406	0.894539	-0.720722	0.595909	-0.354193	-0.689121	-0.67139	0.272669
5.03333	-0.120934	0.455203	0.882137	-0.73387	0.557407	-0.388243	-0.668438	-0.694325	0.266651
5.06667	-0.170257	0.458358	0.872307	-0.750724	0.51308	-0.416127	-0.638299	-0.725711	0.256745
5.1	-0.214784	0.443909	0.86995	-0.771804	0.468688	-0.429709	-0.598487	-0.763725	0.241944
5.13333	-0.251265	0.417551	0.873223	-0.792995	0.428494	-0.433073	-0.555	-0.801277	0.22345
5.16667	-0.279042	0.38765	0.878557	-0.811283	0.39432	-0.431662	-0.513767	-0.83321	0.204462
5.2	-0.286157	0.341273	0.895347	-0.838697	0.362659	-0.406283	-0.463359	-0.867186	0.182447
5.23333	-0.250333	0.267817	0.93038	-0.880396	0.336827	-0.333842	-0.402786	-0.902675	0.151466
5.26667	-0.198528	0.181396	0.963163	-0.918547	0.308327	-0.2474	-0.341846	-0.933826	0.105409
5.3	-0.142891	0.0935341	0.985309	-0.945427	0.281642	-0.163844	-0.29283	-0.95495	0.0481854
5.33333	-0.094671	0.0137358	0.995414	-0.959266	0.266086	-0.0949048	-0.266169	-0.963851	-0.0120143
5.36667	-0.0638876	-0.0417211	0.997085	-0.957951	0.28262	-0.0495544	-0.279729	-0.958324	-0.0580227
5.4	-0.0514515	-0.0743668	0.995903	-0.945724	0.324032	-0.0246628	-0.320871	-0.943119	-0.0870024
5.43333	-0.042608	-0.0959787	0.994471	-0.928135	0.372223	-0.00384174	-0.369797	-0.923167	-0.104941
5.46667	-0.0407171	-0.105315	0.993605	-0.904619	0.426145	0.00809791	-0.424272	-0.898504	-0.112621
5.5	-0.046593	-0.0978646	0.994108	-0.874273	0.485386	0.0068072	-0.483193	-0.868805	-0.108176
5.53333	-0.0496439	-0.0804149	0.995524	-0.837608	0.546266	0.00235641	-0.544011	-0.833742	-0.094475
5.56667	-0.0496485	-0.0511214	0.997458	-0.796967	0.60396	-0.00871506	-0.601979	-0.795373	-0.0707278
5.6	-0.0481667	-0.014458	0.998735	-0.750443	0.660398	-0.026632	-0.659178	-0.750776	-0.0426591
5.63333	-0.0425276	0.0270738	0.998728	-0.704695	0.707803	-0.0491945	-0.708235	-0.705891	-0.0110224
5.66667	-0.0302023	0.0667807	0.99731	-0.664272	0.744211	-0.0699497	-0.74688	-0.664598	0.0218837
5.7	-0.0210616	0.103411	0.994416	-0.632989	0.768515	-0.0933261	-0.773874	-0.63142	0.0492721
5.73333	-0.00927678	0.132776	0.991103	-0.613519	0.781912	-0.110493	-0.789626	-0.609085	0.0742067
5.76667	0.00161457	0.158634	0.987336	-0.601631	0.788813	-0.125753	-0.798772	-0.593809	0.0967126
5.8	0.0124637	0.182633	0.983102	-0.59411	0.792172	-0.139631	-0.804287	-0.582331	0.118378
5.83333	0.0240565	0.203841	0.978708	-0.590788	0.792653	-0.150568	-0.806468	-0.574587	0.139495
5.86667	0.0335052	0.224056	0.974	-0.591535	0.789966	-0.161373	-0.805583	-0.570748	0.159005
5.9	0.0431782	0.243644	0.968903	-0.596447	0.784303	-0.170644	-0.80149	-0.570531	0.179186
5.93333	0.04917	0.261921	0.963836	-0.603129	0.776981	-0.180375	-0.796127	-0.572449	0.196176
5.96667	0.0506015	0.281612	0.958193	-0.611633	0.767194	-0.193178	-0.789522	-0.576288	0.211064
6	0.037	0.305611	0.951437	-0.622952	0.751511	-0.217167	-0.781384	-0.584665	0.218187
6.03333	0.0190243	0.332337	0.942969	-0.63033	0.736084	-0.246706	-0.776094	-0.589688	0.223485
6.06667	0.00346117	0.373439	0.927648	-0.627908	0.72279	-0.288628	-0.77828	-0.581478	0.236987
6.1	-0.00621429	0.422488	0.906347	-0.62584	0.705268	-0.333048	-0.779926	-0.569298	0.260028
6.13333	0.00786488	0.470407	0.882415	-0.617795	0.696171	-0.365616	-0.7863	-0.542276	0.29609
6.16667	0.0207072	0.512366	0.858517	-0.610829	0.686284	-0.394844	-0.791491	-0.516232	0.32718
6.2	0.0334396	0.545391	0.837515	-0.603379	0.679056	-0.418111	-0.796753	-0.491357	0.351785
6.23333	0.0498109	0.570782	0.819589	-0.600737	0.672694	-0.43197	-0.797894	-0.470841	0.376397
6.26667	0.0666648	0.592921	0.802496	-0.59733	0.66795	-0.443891	-0.79922	-0.449763	0.398698
6.3	0.0799653	0.6094	0.78882	-0.596064	0.663513	-0.45217	-0.798945	-0.43403	0.4163
6.33333	0.092348	0.621519	0.777937	-0.596314	0.6602	-0.456668	-0.797422	-0.421722	0.431589
6.36667	0.104508	0.631065	0.768658	-0.596289	0.658321	-0.459406	-0.795938	-0.41033	0.445097
6.4	0.114354	0.639829	0.759962	-0.596223	0.656094	-0.462665	-0.794632	-0.400199	0.456508
6.43333	0.122648	0.647807	0.751867	-0.595571	0.654054	-0.466378	-0.793884	-0.39059	0.466034
6.46667	0.129682	0.654284	0.745047	-0.594819	0.652511	-0.469489	-0.793331	-0.382283	0.4738
6.5	0.135063	0.657813	0.740972	-0.594567	0.65203	-0.470476	-0.792621	-0.377013	0.479179
6.53333	0.138674	0.658513	0.739683	-0.595851	0.652064	-0.4688	-0.791031	-0.37573	0.4828
6.56667	0.140853	0.654073	0.743202	-0.598122	0.654422	-0.462582	-0.78893	-0.37937	0.483393
6.6	0.146168	0.642785	0.751973	-0.603731	0.660128	-0.446923	-0.783674	-0.388663	0.484558
6.63333	0.152788	0.630693	0.760843	-0.607581	0.667141	-0.431009	-0.779424	-0.396421	0.485128
6.66667	0.159684	0.615715	0.771619	-0.610475	0.675856	-0.412964	-0.775771	-0.405111	0.483802
6.7	0.164084	0.596516	0.785649	-0.614734	0.684716	-0.391493	-0.771478	-0.418728	0.47905
6.73333	0.167083	0.572352	0.802805	-0.618823	0.694772	-0.366538	-0.767555	-0.435552	0.47027
6.76667	0.172471	0.542934	0.821874	-0.621231	0.707467	-0.336991	-0.764412	-0.452452	0.459305
6.8	0.1767	0.510966	0.841244	-0.623143	0.719664	-0.30623	-0.761886	-0.470105	0.445569
6.83333	0.179509	0.477155	0.86029	-0.624668	0.730858	-0.275022	-0.759978	-0.488027	0.429259
6.86667	0.181165	0.440307	0.87938	-0.627018	0.740581	-0.241636	-0.757646	-0.507611	0.410248
6.9	0.182898	0.402964	0.896754	-0.629769	0.748451	-0.207878	-0.754944	-0.526727	0.390665
6.93333	0.18292	0.366164	0.912395	-0.632606	0.754241	-0.175867	-0.752562	-0.545017	0.369603
6.96667	0.181105	0.333407	0.925225	-0.635379	0.75775	-0.148687	-0.750662	-0.560941	0.349072
7	0.177065	0.306853	0.935141	-0.638971	0.758521	-0.127911	-0.748574	-0.57488	0.330378
7.03333	0.171282	0.29097	0.941275	-0.642415	0.75734	-0.117213	-0.746971	-0.584613	0.316642
7.06667	0.164032	0.287862	0.943519	-0.644893	0.755069	-0.118252	-0.746463	-0.589072	0.309495
7.1	0.150638	0.293868	0.943901	-0.650409	0.748509	-0.129237	-0.744498	-0.594454	0.303889
7.13333	0.129129	0.305996	0.943235	-0.660837	0.735748	-0.148217	-0.739337	-0.604186	0.29722
7.16667	0.100747	0.321471	0.941545	-0.673754	0.718376	-0.173182	-0.732056	-0.616922	0.288966
7.2	0.0686809	0.34323	0.936737	-0.683849	0.699853	-0.206294	-0.726384	-0.626418	0.282784
7.23333	0.0308022	0.365324	0.930371	-0.69242	0.679082	-0.243727	-0.720837	-0.6367	0.273875
7.26667	-0.0126857	0.382553	0.923847	-0.706284	0.650589	-0.279099	-0.707815	-0.656039	0.261938
7.3	-0.0583548	0.392532	0.917885	-0.726048	0.614362	-0.30889	-0.685163	-0.684454	0.249146
7.33333	-0.103462	0.400912	0.910256	-0.747897	0.571957	-0.33692	-0.655703	-0.715636	0.240665
7.36667	-0.145844	0.405842	0.902232	-0.771066	0.524751	-0.360685	-0.619828	-0.748284	0.236399
7.4	-0.183141	0.400699	0.897719	-0.795413	0.476247	-0.374843	-0.577735	-0.782706	0.231501
7.43333	-0.214275	0.383589	0.898301	-0.818504	0.431366	-0.379441	-0.533046	-0.816568	0.221538
7.46667	-0.242719	0.363151	0.89956	-0.836335	0.391536	-0.383723	-0.49156	-0.845471	0.208683
7.5	-0.266067	0.339444	0.902212	-0.850287	0.358277	-0.385551	-0.454115	-0.869721	0.193299
7.53333	-0.265361	0.302959	0.915314	-0.871631	0.330413	-0.36206	-0.412121	-0.893892	0.176389
7.56667	-0.230034	0.240245	0.943062	-0.902959	0.308742	-0.298904	-0.362973	-0.920305	0.14591
7.6	-0.179173	0.162862	0.970244	-0.931215	0.290084	-0.220658	-0.317389	-0.943042	0.0996842
7.63333	-0.129348	0.0845973	0.987984	-0.951328	0.270477	-0.147709	-0.279723	-0.959002	0.0454941
7.66667	-0.084357	0.0158159	0.99631	-0.958581	0.271693	-0.0854754	-0.272042	-0.962254	-0.00775839
7.7	-0.0591126	-0.0306746	0.99778	-0.95306	0.299068	-0.0472691	-0.296954	-0.953739	-0.0469135
7.73333	-0.0438671	-0.0640364	0.996983	-0.939722	0.341389	-0.0194202	-0.339115	-0.937738	-0.0751521
7.76667	-0.0378146	-0.0879968	0.995403	-0.922507	0.38598	-0.000923524	-0.384124	-0.918301	-0.0957734
7.8	-0.0397568	-0.103972	0.993785	-0.902831	0.429904	0.00885958	-0.428154	-0.896868	-0.110961
7.83333	-0.0453017	-0.106145	0.993318	-0.876242	0.481734	0.0115151	-0.479738	-0.869865	-0.114832
7.86667	-0.053413	-0.0949264	0.99405	-0.84254	0.538598	0.00616117	-0.535978	-0.837198	-0.108747
7.9	-0.0546062	-0.0750867	0.995681	-0.802274	0.596956	0.00101873	-0.594454	-0.798753	-0.0928375
7.93333	-0.0523366	-0.0477766	0.997486	-0.757083	0.653264	-0.00843363	-0.651219	-0.755621	-0.0703604
7.96667	-0.0473686	-0.0122816	0.998802	-0.707637	0.706138	-0.0248771	-0.704987	-0.707967	-0.0421397
8	-0.0356217	0.0280716	0.998971	-0.66396	0.746434	-0.0446509	-0.746919	-0.664867	-0.00795087
8.03333	-0.0218725	0.0625794	0.9978	-0.632157	0.772332	-0.0622959	-0.774532	-0.632129	0.0226672
8.06667	-0.00758967	0.0942838	0.995516	-0.613486	0.785735	-0.0790928	-0.789669	-0.611336	0.0518784
8.1	0.0038246	0.119209	0.992862	-0.599873	0.79466	-0.0931007	-0.800086	-0.595235	0.0745493
8.13333	0.0158762	0.141172	0.989858	-0.591549	0.799465	-0.104531	-0.806113	-0.583889	0.0962028
8.16667	0.0252039	0.164117	0.986119	-0.588335	0.799947	-0.118096	-0.808224	-0.577192	0.116718
8.2	0.0302154	0.188519	0.981605	-0.589319	0.796568	-0.134842	-0.807335	-0.574404	0.135167
8.23333	0.035893	0.210649	0.976903	-0.595231	0.789729	-0.148419	-0.802753	-0.576155	0.153731
8.26667	0.0377711	0.234214	0.971451	-0.602356	0.781014	-0.16488	-0.797334	-0.578932	0.17058
8.3	0.0290259	0.260847	0.964944	-0.611121	0.768549	-0.189374	-0.791004	-0.584201	0.181717
8.33333	0.0131556	0.286258	0.958062	-0.614209	0.758388	-0.218163	-0.789033	-0.585581	0.185799
8.36667	-0.00356936	0.322531	0.946552	-0.607952	0.75084	-0.258136	-0.793966	-0.576379	0.193403
8.4	-0.0293395	0.373344	0.927229	-0.602981	0.733228	-0.314311	-0.797216	-0.568323	0.203607
8.43333	-0.0264154	0.413426	0.910154	-0.602369	0.720027	-0.344546	-0.79778	-0.55735	0.230016
8.46667	-0.0127399	0.443041	0.896411	-0.597065	0.71575	-0.362237	-0.802091	-0.539831	0.255406
8.5	0.000378681	0.46664	0.884447	-0.590501	0.713886	-0.376398	-0.807037	-0.522124	0.275822
8.53333	0.0142253	0.486818	0.873387	-0.585692	0.712001	-0.387323	-0.810409	-0.506026	0.295254
8.56667	0.0319965	0.508335	0.860565	-0.582035	0.709431	-0.39742	-0.812534	-0.488163	0.318568
8.6	0.0454474	0.528138	0.847941	-0.579759	0.705189	-0.408152	-0.813519	-0.473052	0.338242
8.63333	0.0582421	0.543571	0.83734	-0.582719	0.699556	-0.413594	-0.810584	-0.463846	0.357493
8.66667	0.0709779	0.554887	0.828893	-0.589222	0.693834	-0.414019	-0.804847	-0.459016	0.376198
8.7	0.0797396	0.55932	0.825108	-0.596745	0.689815	-0.409938	-0.798459	-0.459691	0.388777
8.73333	0.0847942	0.553503	0.82852	-0.603488	0.690179	-0.399319	-0.792851	-0.466142	0.392555
8.76667	0.0915558	0.542122	0.835297	-0.610064	0.69351	-0.383231	-0.787045	-0.474497	0.394224
8.8	0.0979768	0.530741	0.841852	-0.6142	0.697845	-0.36847	-0.783044	-0.480964	0.394354
8.83333	0.102789	0.52123	0.847203	-0.615687	0.702291	-0.357376	-0.781258	-0.484877	0.393102
8.86667	0.106478	0.514654	0.85076	-0.614475	0.70674	-0.350626	-0.781718	-0.485437	0.391495
8.9	0.110768	0.509081	0.853561	-0.61357	0.71066	-0.344228	-0.781832	-0.48559	0.391076
8.93333	0.117529	0.503748	0.855818	-0.611277	0.715878	-0.337431	-0.782642	-0.483484	0.392066
8.96667	0.121319	0.496451	0.859545	-0.609956	0.720445	-0.330019	-0.783094	-0.484247	0.390217
9	0.127093	0.486159	0.864579	-0.610006	0.725631	-0.318358	-0.782138	-0.486938	0.388783
9.03333	0.131738	0.471248	0.872107	-0.610792	0.731516	-0.303015	-0.780755	-0.492757	0.384203
9.06667	0.13782	0.451832	0.881393	-0.614475	0.736933	-0.281693	-0.776805	-0.502771	0.379203
9.1	0.143663	0.430107	0.891274	-0.618193	0.742282	-0.258562	-0.772786	-0.513833	0.372528
9.13333	0.148578	0.410097	0.899858	-0.620319	0.747319	-0.238157	-0.770149	-0.522815	0.365426
9.16667	0.153848	0.389023	0.908291	-0.624054	0.750953	-0.215931	-0.766086	-0.533602	0.358304
9.2	0.156743	0.367963	0.916534	-0.627315	0.75386	-0.195372	-0.762828	-0.544333	0.348991
9.23333	0.158747	0.347296	0.924221	-0.631237	0.755481	-0.175465	-0.75917	-0.555548	0.339156
9.26667	0.159336	0.329832	0.930496	-0.635835	0.755301	-0.158852	-0.755199	-0.566331	0.330066
9.3	0.156898	0.315976	0.935704	-0.639413	0.754565	-0.147592	-0.752685	-0.575144	0.320429
9.33333	0.151476	0.30502	0.940222	-0.644101	0.751985	-0.140184	-0.749792	-0.584364	0.310372
9.36667	0.14505	0.297692	0.943578	-0.650068	0.747618	-0.135937	-0.745903	-0.593673	0.301962
9.4	0.138682	0.296302	0.944972	-0.654884	0.74322	-0.136932	-0.742896	-0.599857	0.297115
9.43333	0.133417	0.301089	0.944217	-0.658203	0.739191	-0.142708	-0.740925	-0.602446	0.296798
9.46667	0.127707	0.310595	0.941924	-0.661131	0.734589	-0.152591	-0.739322	-0.603249	0.299156
9.5	0.115587	0.321059	0.939979	-0.668282	0.725255	-0.165541	-0.734873	-0.609037	0.298388
9.53333	0.0975614	0.335341	0.937032	-0.678138	0.711521	-0.18403	-0.72843	-0.617483	0.296825
9.56667	0.0751265	0.357648	0.93083	-0.685938	0.696067	-0.212085	-0.723772	-0.622558	0.297618
9.6	0.0477058	0.384554	0.921869	-0.691547	0.678672	-0.247318	-0.720754	-0.625718	0.298314
9.63333	0.0138549	0.408131	0.912818	-0.699543	0.656251	-0.282799	-0.714457	-0.634637	0.294597
9.66667	-0.024835	0.42873	0.903091	-0.711419	0.627079	-0.317261	-0.702329	-0.650356	0.289433
9.7	-0.0659565	0.446569	0.892315	-0.72542	0.592571	-0.350179	-0.685139	-0.670399	0.284866
9.73333	-0.108341	0.454267	0.884253	-0.741671	0.555354	-0.376173	-0.661957	-0.69658	0.276748
9.76667	-0.150938	0.443626	0.88341	-0.763327	0.515531	-0.389307	-0.628132	-0.733092	0.260818
9.8	-0.193319	0.415667	0.888734	-0.790571	0.470459	-0.392003	-0.581056	-0.778389	0.237666
9.83333	-0.23398	0.383597	0.893368	-0.816319	0.421589	-0.394824	-0.528088	-0.821654	0.214494
9.86667	-0.26469	0.344663	0.900637	-0.840153	0.376036	-0.390819	-0.473373	-0.860119	0.190037
9.9	-0.247494	0.278811	0.927907	-0.881863	0.331871	-0.334932	-0.401328	-0.90118	0.163737
9.93333	-0.198156	0.188318	0.96191	-0.926482	0.284352	-0.246527	-0.319947	-0.940043	0.118127
9.96667	-0.1402	0.0993666	0.985124	-0.954738	0.250047	-0.161097	-0.262335	-0.963121	0.0598124
10	-0.0873291	0.0209521	0.995959	-0.968563	0.23199	-0.0898074	-0.232934	-0.972492	3.39756e-05
10.0333	-0.0511939	-0.0425856	0.99778	-0.969999	0.239875	-0.0395305	-0.237659	-0.969869	-0.0535881
10.0667	-0.0315151	-0.0919504	0.995265	-0.961318	0.275396	-0.00499694	-0.273632	-0.956923	-0.0970727
10.1	-0.0270132	-0.128194	0.991381	-0.946108	0.323454	0.0160457	-0.322723	-0.93752	-0.130023
10.1333	-0.0296979	-0.154486	0.987549	-0.925948	0.376375	0.0310323	-0.376482	-0.913497	-0.154223
10.1667	-0.0386488	-0.165341	0.985479	-0.897959	0.438407	0.0383381	-0.438379	-0.883438	-0.165413
10.2	-0.0500089	-0.162039	0.985516	-0.856869	0.5139	0.0410149	-0.513103	-0.842407	-0.164546
10.2333	-0.0573576	-0.1415	0.988275	-0.805135	0.591871	0.0380147	-0.590311	-0.793515	-0.147875
10.2667	-0.0598979	-0.113439	0.991738	-0.74363	0.667849	0.0314786	-0.665902	-0.735601	-0.12436
10.3	-0.0519564	-0.0764634	0.995718	-0.681662	0.731377	0.020595	-0.72982	-0.677673	-0.0901219
10.3333	-0.0408261	-0.0366619	0.998493	-0.624981	0.780634	0.00310863	-0.779572	-0.623913	-0.0547833
10.3667	-0.0277385	-0.0019289	0.999613	-0.585102	0.810827	-0.0146715	-0.810485	-0.585282	-0.0236198
10.4	-0.0161357	0.0261005	0.999529	-0.559336	0.828374	-0.0306607	-0.828784	-0.559567	0.00123251
10.4333	-0.0061026	0.0514143	0.998659	-0.541266	0.839563	-0.046531	-0.840829	-0.540824	0.0227053
10.4667	0.0056648	0.0754594	0.997133	-0.530092	0.845744	-0.0609913	-0.847921	-0.528226	0.0447914
10.5	0.0200012	0.0983485	0.994951	-0.528614	0.84572	-0.0729708	-0.848626	-0.524486	0.0689038
10.5333	0.030763	0.122152	0.992035	-0.538059	0.838451	-0.0865558	-0.842346	-0.53111	0.0915183
10.5667	0.0379356	0.151558	0.98772	-0.550658	0.827986	-0.105899	-0.833868	-0.539879	0.114867
10.6	0.0365226	0.188381	0.981417	-0.558442	0.818272	-0.136284	-0.828739	-0.543087	0.135085
10.6333	0.0166379	0.234613	0.971947	-0.56063	0.807086	-0.185221	-0.8279	-0.54182	0.144959
10.6667	-0.00163537	0.292891	0.956144	-0.55997	0.791911	-0.24354	-0.828512	-0.53581	0.162715
10.7	-0.0121429	0.354471	0.934988	-0.55939	0.772639	-0.300187	-0.828816	-0.526668	0.188906
10.7333	-0.00184711	0.412416	0.910994	-0.552802	0.758722	-0.344602	-0.833311	-0.504235	0.226583
10.7667	0.0154047	0.455149	0.890282	-0.554791	0.744645	-0.371094	-0.831847	-0.488204	0.263984
10.8	0.0309441	0.486077	0.873368	-0.561025	0.731607	-0.387302	-0.82722	-0.477996	0.29534
10.8333	0.0438747	0.505401	0.861769	-0.571884	0.719994	-0.393138	-0.81916	-0.475583	0.32062
10.8667	0.0578679	0.51764	0.853639	-0.581675	0.712419	-0.392573	-0.81136	-0.473823	0.342324
10.9	0.0693037	0.521103	0.850675	-0.585808	0.711478	-0.388109	-0.807481	-0.471435	0.354575
10.9333	0.0775996	0.516436	0.852802	-0.592053	0.712094	-0.377353	-0.802154	-0.475622	0.361016
10.9667	0.0850608	0.505624	0.85855	-0.598543	0.714803	-0.361667	-0.796562	-0.483115	0.36344
11	0.0886296	0.492194	0.865962	-0.605759	0.716768	-0.345397	-0.790696	-0.493952	0.361678
11.0333	0.0934913	0.477942	0.873402	-0.612738	0.719054	-0.327891	-0.784736	-0.504512	0.360079
11.0667	0.100537	0.464805	0.879687	-0.617854	0.722186	-0.310972	-0.779839	-0.512254	0.359788
11.1	0.107115	0.455921	0.883551	-0.62284	0.723454	-0.2978	-0.774982	-0.518412	0.361459
11.1333	0.114009	0.447661	0.886906	-0.625149	0.726155	-0.286162	-0.772134	-0.521823	0.362643
11.1667	0.118457	0.438514	0.890883	-0.627256	0.728565	-0.275214	-0.769752	-0.52621	0.361365
11.2	0.124777	0.430182	0.894077	-0.629356	0.73095	-0.263861	-0.767034	-0.529769	0.361944
11.2333	0.127565	0.418585	0.899174	-0.629943	0.73444	-0.252528	-0.766094	-0.534214	0.357374
11.2667	0.135	0.40948	0.902275	-0.631679	0.737137	-0.240022	-0.763385	-0.537546	0.358174
11.3	0.138608	0.398944	0.906439	-0.633102	0.739522	-0.228669	-0.761558	-0.542173	0.355075
11.3333	0.140771	0.383171	0.912888	-0.631299	0.745036	-0.215368	-0.762657	-0.545987	0.346775
11.3667	0.14568	0.368049	0.918323	-0.629511	0.750557	-0.200947	-0.763213	-0.54882	0.341032
11.4	0.1494	0.355786	0.922549	-0.62798	0.754829	-0.189407	-0.763755	-0.551045	0.336197
11.4333	0.155561	0.342447	0.926569	-0.627729	0.758517	-0.174949	-0.76273	-0.55442	0.33296
11.4667	0.162169	0.329267	0.930207	-0.630815	0.759496	-0.158866	-0.758797	-0.561025	0.330874
11.5	0.167041	0.316394	0.933805	-0.632176	0.761171	-0.144817	-0.756605	-0.566139	0.327164
11.5333	0.171851	0.30477	0.936794	-0.633007	0.762802	-0.132043	-0.754831	-0.570305	0.32401
11.5667	0.172843	0.294863	0.939777	-0.634261	0.763298	-0.122839	-0.75355	-0.574833	0.318951
11.6	0.171326	0.287587	0.942306	-0.636317	0.762501	-0.117019	-0.752162	-0.579557	0.313633
11.6333	0.167847	0.284639	0.943826	-0.637563	0.761571	-0.116292	-0.751892	-0.582229	0.309303
11.6667	0.163109	0.283251	0.945074	-0.638881	0.760264	-0.117598	-0.751815	-0.584609	0.304969
11.7	0.156906	0.287169	0.944942	-0.64094	0.757543	-0.123791	-0.751383	-0.586228	0.302921
11.7333	0.149188	0.297018	0.943145	-0.642512	0.754135	-0.135862	-0.751612	-0.585713	0.303346
11.7667	0.129354	0.309474	0.942069	-0.650502	0.743533	-0.154935	-0.748408	-0.592777	0.297492
11.8	0.101815	0.323118	0.940866	-0.665592	0.725031	-0.176968	-0.739338	-0.608215	0.288884
11.8333	0.0679614	0.340399	0.937822	-0.68244	0.701552	-0.205186	-0.727775	-0.626062	0.27998
11.8667	0.0248902	0.361147	0.932176	-0.694962	0.676543	-0.243552	-0.718615	-0.641765	0.267823
11.9	-0.0278384	0.380534	0.924348	-0.707884	0.645387	-0.287011	-0.70578	-0.662321	0.251408
11.9333	-0.0806159	0.397438	0.914081	-0.72432	0.606638	-0.327643	-0.684734	-0.688501	0.238968
11.9667	-0.134357	0.40811	0.902992	-0.743704	0.560683	-0.364059	-0.654869	-0.720473	0.228181
12	-0.185711	0.396911	0.898873	-0.766251	0.514165	-0.385348	-0.615118	-0.760326	0.208648
12.0333	-0.232495	0.369296	0.899759	-0.790037	0.467858	-0.39617	-0.567263	-0.80295	0.182983
12.0667	-0.266743	0.338772	0.902265	-0.80957	0.429193	-0.400487	-0.52292	-0.837273	0.159776
12.1	-0.271849	0.280984	0.920405	-0.845062	0.387869	-0.368005	-0.4604	-0.877841	0.132007
12.1333	-0.235693	0.192533	0.952565	-0.894851	0.339328	-0.289998	-0.379066	-0.920754	0.0923115
12.1667	-0.166643	0.0857995	0.982277	-0.936302	0.298567	-0.184922	-0.309141	-0.950524	0.0305803
12.2	-0.106414	-0.00591518	0.994304	-0.960204	0.260314	-0.101216	-0.258233	-0.965506	-0.0333809
12.2333	-0.0588296	-0.0810749	0.99497	-0.968464	0.246362	-0.0371876	-0.242108	-0.965781	-0.0930115
12.2667	-0.0350066	-0.134539	0.99029	-0.961836	0.273607	0.00317116	-0.271377	-0.952386	-0.138983
12.3	-0.0285474	-0.169171	0.985173	-0.94307	0.331279	0.0295589	-0.331368	-0.928243	-0.168997
12.3333	-0.0268886	-0.191875	0.981051	-0.920947	0.386424	0.050336	-0.38876	-0.902142	-0.187097
12.3667	-0.0302627	-0.210263	0.977176	-0.896164	0.43869	0.0666408	-0.442689	-0.873694	-0.201706
