0	0.955863	-0.293814	0	0.293814	0.955863	0	0	0	1
0.0333333	0.873982	-0.443016	-0.199732	0.432234	0.896513	-0.0971565	0.222104	-0.00141782	0.975022
0.0666667	0.825678	-0.437562	-0.356083	0.401326	0.899188	-0.174354	0.396476	0.00105494	0.918044
0.1	0.785862	-0.422315	-0.451743	0.360765	0.906397	-0.219757	0.502265	0.00972519	0.864659
0.133333	0.758188	-0.406381	-0.509906	0.324409	0.913466	-0.245638	0.565605	0.0208217	0.824413
0.166667	0.741641	-0.391052	-0.54502	0.293808	0.919784	-0.260143	0.60303	0.0328019	0.797044
0.2	0.733918	-0.376021	-0.565662	0.267614	0.925502	-0.268009	0.624298	0.0453174	0.779871
0.233333	0.732586	-0.361542	-0.576719	0.245214	0.930565	-0.271878	0.63497	0.0577545	0.770375
0.266667	0.734894	-0.347261	-0.58253	0.224898	0.93514	-0.273739	0.639806	0.0701592	0.765327
0.3	0.736334	-0.338803	-0.585683	0.212957	0.937658	-0.274677	0.642232	0.0775286	0.76258
0.333333	0.738247	-0.33482	-0.585566	0.207931	0.938795	-0.274644	0.641683	0.0809971	0.762681
0.366667	0.739635	-0.332473	-0.585151	0.205103	0.93945	-0.274528	0.640994	0.0830339	0.763042
0.4	0.741204	-0.331064	-0.583963	0.203755	0.93984	-0.2742	0.63961	0.084253	0.764069
0.433333	0.742728	-0.329279	-0.583036	0.201836	0.940327	-0.273947	0.638449	0.08579	0.764868
0.466667	0.743348	-0.327825	-0.583064	0.199985	0.94072	-0.273955	0.63831	0.0870396	0.764843
0.5	0.744879	-0.327541	-0.581268	0.200286	0.940797	-0.273472	0.636429	0.0872832	0.766381
0.533333	0.743745	-0.327494	-0.582745	0.199684	0.940809	-0.273868	0.637942	0.0873236	0.765117
0.566667	0.744693	-0.327847	-0.581333	0.20065	0.940714	-0.273489	0.636531	0.0870206	0.766326
0.6	0.745673	-0.327978	-0.580002	0.201303	0.940679	-0.27313	0.635177	0.0869093	0.767462
0.633333	0.745974	-0.327409	-0.579937	0.200609	0.940832	-0.273112	0.635043	0.0873938	0.767517
0.666667	0.746915	-0.326876	-0.579024	0.200272	0.940975	-0.272867	0.634042	0.0878465	0.768293
0.7	0.747821	-0.326673	-0.57797	0.2004	0.94103	-0.272584	0.632933	0.0880192	0.769187
0.733333	0.748648	-0.326914	-0.576761	0.201144	0.940965	-0.27226	0.631717	0.087815	0.770209
0.766667	0.749409	-0.327303	-0.575551	0.202071	0.940861	-0.271934	0.630518	0.0874877	0.771228
0.8	0.749948	-0.327754	-0.574592	0.202986	0.940739	-0.271675	0.629583	0.087108	0.772034
0.833333	0.750093	-0.328304	-0.574088	0.203857	0.94059	-0.271539	0.629128	0.0866472	0.772457
0.866667	0.750216	-0.328852	-0.573613	0.204717	0.94044	-0.271409	0.628702	0.0861874	0.772855
0.9	0.750497	-0.329301	-0.572988	0.205506	0.940318	-0.271238	0.62811	0.0858112	0.773379
0.933333	0.750813	-0.329796	-0.572289	0.206378	0.940182	-0.271047	0.627446	0.0853978	0.773963
0.966667	0.749718	-0.330229	-0.573473	0.206492	0.940063	-0.271372	0.628715	0.0850351	0.772972
1	0.749027	-0.330324	-0.574321	0.206305	0.940036	-0.271606	0.629601	0.0849549	0.77226
1.03333	0.748127	-0.330498	-0.575393	0.206134	0.939989	-0.271901	0.630725	0.0848088	0.771358
1.06667	0.747619	-0.330592	-0.575999	0.206031	0.939963	-0.272068	0.631361	0.0847297	0.770846
1.1	0.747524	-0.33072	-0.576048	0.206174	0.939928	-0.272082	0.631426	0.0846214	0.770805
1.13333	0.747361	-0.330884	-0.576166	0.206338	0.939882	-0.272114	0.631567	0.0844829	0.770705
1.16667	0.747315	-0.331206	-0.57604	0.206789	0.939793	-0.272079	0.631473	0.0842103	0.770812
1.2	0.747235	-0.331316	-0.576081	0.206912	0.939763	-0.272091	0.631527	0.0841178	0.770777
1.23333	0.747172	-0.331305	-0.576169	0.206866	0.939766	-0.272115	0.631618	0.0841267	0.770702
1.26667	0.746627	-0.331263	-0.576899	0.206547	0.939777	-0.272317	0.632365	0.0841624	0.770085
1.3	0.746482	-0.331341	-0.577042	0.206594	0.939756	-0.272357	0.632521	0.084096	0.769964
1.33333	0.746212	-0.331509	-0.577295	0.206713	0.939709	-0.272427	0.632802	0.0839535	0.769749
1.36667	0.745426	-0.331909	-0.57808	0.20693	0.939598	-0.272644	0.633657	0.0836143	0.769083
1.4	0.744439	-0.332153	-0.57921	0.206824	0.939531	-0.272958	0.634849	0.0834063	0.768121
1.43333	0.742865	-0.332662	-0.580936	0.206833	0.939389	-0.273438	0.636688	0.0829707	0.766645
1.46667	0.742926	-0.332898	-0.580723	0.20721	0.939323	-0.273379	0.636494	0.0827684	0.766828
1.5	0.743334	-0.332973	-0.580158	0.207513	0.939302	-0.273221	0.635919	0.0827045	0.767312
1.53333	0.743418	-0.332729	-0.58019	0.207193	0.93937	-0.27323	0.635925	0.082913	0.767284
1.56667	0.742937	-0.332799	-0.580767	0.207068	0.939351	-0.273391	0.636528	0.0828536	0.76679
1.6	0.742974	-0.333027	-0.580588	0.207423	0.939287	-0.273341	0.636369	0.0826581	0.766943
1.63333	0.742735	-0.333675	-0.580521	0.208267	0.939106	-0.273322	0.636372	0.0821026	0.767001
1.66667	0.742115	-0.334113	-0.581063	0.208621	0.938983	-0.273474	0.63698	0.0817275	0.766536
1.7	0.741713	-0.334724	-0.581224	0.209335	0.938811	-0.27352	0.637213	0.0812028	0.766398
1.73333	0.741269	-0.335169	-0.581534	0.209784	0.938685	-0.273607	0.637582	0.0808202	0.766132
1.76667	0.740536	-0.335541	-0.582253	0.209989	0.93858	-0.273811	0.638366	0.0804998	0.765512
1.8	0.740077	-0.335634	-0.582783	0.209911	0.938554	-0.273961	0.638924	0.0804198	0.765055
1.83333	0.739829	-0.335757	-0.583027	0.209977	0.938519	-0.27403	0.639189	0.0803135	0.764844
1.86667	0.739721	-0.335506	-0.583308	0.209555	0.93859	-0.27411	0.639452	0.0805302	0.764602
1.9	0.73994	-0.334554	-0.583578	0.208246	0.938859	-0.274186	0.639627	0.0813535	0.764368
1.93333	0.741425	-0.33287	-0.582654	0.206454	0.93933	-0.273928	0.638487	0.0828058	0.765165
1.96667	0.744306	-0.328772	-0.581308	0.201764	0.940456	-0.273557	0.636632	0.0863232	0.766321
2	0.74956	-0.322588	-0.57801	0.195179	0.942099	-0.27268	0.632507	0.0915748	0.769123
2.03333	0.757359	-0.315111	-0.571937	0.188014	0.944001	-0.271133	0.625346	0.0978127	0.774193
2.06667	0.765541	-0.306144	-0.565882	0.179038	0.946163	-0.269669	0.617974	0.105129	0.779138
2.1	0.772892	-0.297468	-0.560492	0.170242	0.948133	-0.268443	0.611274	0.112058	0.783446
2.13333	0.778414	-0.290881	-0.556291	0.163638	0.949551	-0.267537	0.606048	0.117224	0.786743
2.16667	0.781212	-0.28721	-0.554273	0.159858	0.950312	-0.267118	0.603451	0.120071	0.788308
2.2	0.782402	-0.286393	-0.553016	0.159294	0.950479	-0.266861	0.602058	0.120701	0.789277
2.23333	0.781925	-0.288352	-0.552673	0.161791	0.950077	-0.266791	0.602011	0.119193	0.789541
2.26667	0.779565	-0.290917	-0.554658	0.164233	0.949541	-0.267206	0.604405	0.117211	0.788008
2.3	0.77766	-0.292791	-0.556343	0.165939	0.949144	-0.267563	0.60639	0.115754	0.786697
2.33333	0.778228	-0.295017	-0.55437	0.169332	0.948664	-0.267138	0.604721	0.114022	0.788233
2.36667	0.779578	-0.296771	-0.55153	0.17244	0.94828	-0.266515	0.602098	0.112663	0.790433
2.4	0.782248	-0.298306	-0.546901	0.175882	0.947937	-0.265482	0.597623	0.111482	0.793989
2.43333	0.785137	-0.299691	-0.541982	0.179221	0.947624	-0.264366	0.592823	0.110429	0.797726
2.46667	0.786715	-0.300867	-0.539035	0.181628	0.947354	-0.263688	0.589992	0.109544	0.799944
2.5	0.78846	-0.299065	-0.537486	0.17998	0.947768	-0.263332	0.588165	0.11089	0.801102
2.53333	0.787523	-0.297863	-0.539523	0.177853	0.94804	-0.263795	0.590065	0.111789	0.799579
2.56667	0.785152	-0.297456	-0.543191	0.17613	0.948132	-0.26462	0.59373	0.112095	0.796818
2.6	0.7816	-0.297145	-0.548459	0.17397	0.948202	-0.265796	0.59903	0.112331	0.792808
2.63333	0.777771	-0.298419	-0.553189	0.173903	0.947918	-0.266851	0.604011	0.111348	0.789159
2.66667	0.775241	-0.300209	-0.555765	0.175202	0.947515	-0.267431	0.606881	0.109952	0.78715
2.7	0.772515	-0.303976	-0.557511	0.179208	0.946653	-0.267831	0.609184	0.106993	0.785778
2.73333	0.767996	-0.30706	-0.562047	0.181417	0.945931	-0.268892	0.614223	0.104543	0.782177
2.76667	0.76141	-0.313207	-0.567588	0.187065	0.94445	-0.270224	0.620695	0.0995754	0.777704
2.8	0.754732	-0.318652	-0.573447	0.191753	0.94309	-0.271682	0.627384	0.0950871	0.772883
2.83333	0.746092	-0.32477	-0.581268	0.196597	0.941508	-0.273701	0.636158	0.0899304	0.7663
2.86667	0.738381	-0.332838	-0.586525	0.204877	0.939326	-0.275122	0.64251	0.0829792	0.761772
2.9	0.733773	-0.341882	-0.587106	0.216186	0.936739	-0.275287	0.644081	0.0750746	0.761265
2.93333	0.72905	-0.347131	-0.589903	0.221849	0.935168	-0.276124	0.64751	0.0704389	0.758795
2.96667	0.727551	-0.349169	-0.590551	0.22422	0.934543	-0.276322	0.648379	0.0686248	0.758218
3	0.725479	-0.350294	-0.59243	0.224952	0.934196	-0.276902	0.650443	0.0676184	0.756539
3.03333	0.723914	-0.351949	-0.593364	0.226728	0.93368	-0.277193	0.65157	0.0661315	0.755701
3.06667	0.719691	-0.352845	-0.597951	0.22612	0.933399	-0.278632	0.656441	0.06532	0.751544
3.1	0.714092	-0.355284	-0.603197	0.22725	0.932628	-0.280291	0.662141	0.0630772	0.74672
3.13333	0.701504	-0.361246	-0.614324	0.230661	0.930699	-0.283891	0.674305	0.0574501	0.736214
3.16667	0.68821	-0.3682	-0.625137	0.235516	0.928366	-0.287521	0.686221	0.0506447	0.725628
3.2	0.673257	-0.372416	-0.638774	0.235453	0.926908	-0.292239	0.700919	0.046351	0.711733
3.23333	0.661477	-0.374466	-0.649787	0.233445	0.926187	-0.296109	0.712707	0.0441798	0.700069
3.26667	0.653995	-0.375085	-0.656964	0.231071	0.925969	-0.298643	0.720345	0.0435062	0.692251
3.3	0.651144	-0.374893	-0.659899	0.229452	0.926037	-0.29968	0.723438	0.0437195	0.689003
3.33333	0.653108	-0.373051	-0.659002	0.227247	0.926682	-0.299365	0.722363	0.0457613	0.689998
3.36667	0.656862	-0.369546	-0.657243	0.223089	0.927887	-0.29876	0.720253	0.0496204	0.691935
3.4	0.661825	-0.365913	-0.65429	0.219309	0.929106	-0.297769	0.716862	0.0535793	0.695153
3.43333	0.668296	-0.362917	-0.649362	0.217323	0.930089	-0.29615	0.711443	0.0567951	0.700445
3.46667	0.675464	-0.358903	-0.644156	0.214053	0.931378	-0.294478	0.705642	0.0610254	0.705936
3.5	0.682526	-0.355303	-0.638685	0.211478	0.932506	-0.292762	0.699596	0.0647497	0.711598
3.53333	0.68929	-0.351156	-0.633695	0.207963	0.933774	-0.291235	0.693997	0.0689603	0.716668
3.56667	0.69802	-0.346324	-0.62676	0.204356	0.93521	-0.289171	0.686299	0.073765	0.723569
3.6	0.707851	-0.340539	-0.618854	0.199895	0.936874	-0.286895	0.677487	0.0793732	0.73124
3.63333	0.716187	-0.336101	-0.611647	0.196948	0.938111	-0.284885	0.669543	0.0835682	0.738058
3.66667	0.722634	-0.333196	-0.605625	0.195536	0.938904	-0.283241	0.662998	0.0862575	0.743635
3.7	0.726372	-0.332356	-0.6016	0.196019	0.939131	-0.282153	0.658757	0.0870231	0.747306
3.73333	0.732468	-0.331442	-0.594673	0.197513	0.939377	-0.280283	0.65152	0.0878427	0.753528
3.76667	0.7372	-0.33161	-0.588703	0.2	0.939332	-0.278668	0.645396	0.0876936	0.758797
3.8	0.741206	-0.331384	-0.58378	0.201564	0.939393	-0.27733	0.640302	0.0878895	0.763079
3.83333	0.747516	-0.329542	-0.576734	0.201856	0.939893	-0.275419	0.63283	0.0894629	0.769105
3.86667	0.753768	-0.3278	-0.569544	0.202304	0.940362	-0.273482	0.625225	0.0909209	0.77513
3.9	0.757469	-0.326481	-0.565376	0.202168	0.940715	-0.272367	0.62078	0.0920085	0.778567
3.93333	0.760269	-0.324015	-0.563033	0.19995	0.941368	-0.271746	0.618071	0.0940214	0.78048
3.96667	0.762265	-0.321927	-0.561529	0.197903	0.941914	-0.271353	0.616268	0.095715	0.781698
4	0.761528	-0.321781	-0.562611	0.197338	0.941952	-0.271634	0.617359	0.0958324	0.780822
4.03333	0.759645	-0.322671	-0.564644	0.197713	0.941721	-0.272161	0.619555	0.095109	0.77917
4.06667	0.753711	-0.324265	-0.57164	0.197172	0.941305	-0.273986	0.626931	0.0937951	0.773408
4.1	0.745484	-0.327034	-0.580778	0.197294	0.940576	-0.27639	0.636655	0.0914605	0.765706
4.13333	0.735118	-0.330536	-0.591901	0.197566	0.939642	-0.279356	0.648513	0.0884205	0.756051
4.16667	0.725018	-0.333545	-0.602575	0.197332	0.938829	-0.282243	0.659856	0.0857235	0.746486
4.2	0.717284	-0.334369	-0.61131	0.194973	0.938605	-0.284617	0.668946	0.0849625	0.738439
4.23333	0.714708	-0.33165	-0.615792	0.189623	0.939335	-0.28582	0.673228	0.0875092	0.734239
4.26667	0.714433	-0.328745	-0.617667	0.185052	0.940097	-0.286311	0.67479	0.090249	0.732471
4.3	0.716477	-0.325072	-0.617243	0.180394	0.941035	-0.286202	0.673883	0.0937108	0.732871
4.33333	0.719792	-0.321068	-0.615479	0.175846	0.942028	-0.285765	0.671549	0.097462	0.734523
4.36667	0.723116	-0.3171	-0.613637	0.17139	0.942983	-0.285322	0.669125	0.10115	0.736234
4.4	0.728471	-0.313567	-0.609102	0.168579	0.94381	-0.28426	0.664011	0.104394	0.740399
4.43333	0.734132	-0.309975	-0.604124	0.165871	0.944632	-0.283122	0.658435	0.107642	0.7449
4.46667	0.740117	-0.307509	-0.598051	0.165037	0.945185	-0.281759	0.651912	0.109834	0.750298
4.5	0.744971	-0.306553	-0.592489	0.165926	0.945398	-0.28052	0.646132	0.110671	0.755159
4.53333	0.748415	-0.306688	-0.588063	0.167755	0.945368	-0.279532	0.641665	0.110555	0.758976
4.56667	0.751286	-0.307415	-0.584009	0.17018	0.945204	-0.278618	0.637659	0.109935	0.762434
4.6	0.754184	-0.308155	-0.579868	0.17264	0.945035	-0.277675	0.633562	0.10931	0.765931
4.63333	0.757703	-0.309115	-0.574747	0.175717	0.944814	-0.276495	0.628498	0.108508	0.770205
4.66667	0.762125	-0.30985	-0.568471	0.178909	0.944643	-0.275029	0.62222	0.107902	0.775371
4.7	0.766525	-0.310939	-0.561922	0.182607	0.944386	-0.273479	0.615706	0.107018	0.780675
4.73333	0.770836	-0.312053	-0.555369	0.186301	0.944118	-0.271905	0.609183	0.106129	0.785896
4.76667	0.773847	-0.311953	-0.551222	0.187636	0.944143	-0.270901	0.60494	0.106207	0.789156
4.8	0.778615	-0.312283	-0.544278	0.190454	0.944063	-0.269208	0.597901	0.10595	0.794537
4.83333	0.78112	-0.315473	-0.538821	0.196194	0.943272	-0.267855	0.592756	0.103514	0.798702
4.86667	0.778917	-0.322469	-0.537868	0.204973	0.941473	-0.267611	0.592684	0.0981985	0.799427
4.9	0.773814	-0.329907	-0.540715	0.213	0.939471	-0.268376	0.596525	0.0925006	0.797246
4.93333	0.767255	-0.33424	-0.54736	0.215963	0.938265	-0.270219	0.603887	0.0891172	0.792072
4.96667	0.758897	-0.337407	-0.556984	0.216438	0.937369	-0.272936	0.61419	0.0865778	0.784394
5	0.74992	-0.342511	-0.565956	0.219517	0.935895	-0.275523	0.624045	0.0823827	0.777033
5.03333	0.740763	-0.349065	-0.573954	0.224772	0.933942	-0.277903	0.633046	0.0768514	0.77029
5.06667	0.732437	-0.353998	-0.581568	0.228141	0.932426	-0.280239	0.641473	0.0725783	0.763705
5.1	0.726413	-0.358193	-0.586533	0.231591	0.931104	-0.281799	0.647062	0.068867	0.759321
5.13333	0.720646	-0.358149	-0.593631	0.228762	0.931118	-0.284053	0.654474	0.0689015	0.752938
5.16667	0.711877	-0.357202	-0.60468	0.223131	0.931418	-0.287529	0.665916	0.0697624	0.742758
5.2	0.693906	-0.357612	-0.624986	0.215302	0.931293	-0.293833	0.687124	0.0693319	0.723225
5.23333	0.6724	-0.36177	-0.645756	0.211957	0.929995	-0.300306	0.709191	0.0650533	0.702008
5.26667	0.658275	-0.366868	-0.65733	0.213817	0.928364	-0.304013	0.721773	0.0595757	0.689561
5.3	0.652176	-0.369702	-0.661806	0.215745	0.927434	-0.305484	0.726719	0.056448	0.684611
5.33333	0.649532	-0.370139	-0.664158	0.21526	0.927289	-0.306265	0.729227	0.0559621	0.68198
5.36667	0.649799	-0.369747	-0.664114	0.214721	0.927419	-0.30625	0.729147	0.0564019	0.682029
5.4	0.652896	-0.369164	-0.661396	0.215169	0.927611	-0.305351	0.726243	0.0570508	0.685067
5.43333	0.659776	-0.366754	-0.655886	0.214319	0.9284	-0.303546	0.720252	0.0597033	0.691139
5.46667	0.668109	-0.363602	-0.649172	0.21297	0.929415	-0.301384	0.712933	0.0631032	0.698387
5.5	0.673018	-0.362546	-0.644676	0.213524	0.92975	-0.299953	0.708134	0.0642206	0.703151
5.53333	0.675136	-0.36409	-0.641584	0.217026	0.929258	-0.298965	0.705047	0.0626015	0.706392
5.56667	0.677814	-0.365547	-0.637922	0.220645	0.928786	-0.297778	0.701345	0.0610837	0.7102
5.6	0.682587	-0.365182	-0.633022	0.222289	0.928906	-0.296179	0.696177	0.0614536	0.715235
5.63333	0.688459	-0.362458	-0.62821	0.220674	0.929786	-0.29462	0.690888	0.0642045	0.720105
5.66667	0.694633	-0.357905	-0.624011	0.216333	0.931225	-0.293292	0.686065	0.0687358	0.724286
5.7	0.701363	-0.352929	-0.619299	0.211667	0.93275	-0.291846	0.680652	0.0736046	0.7289
5.73333	0.709576	-0.347952	-0.612725	0.207795	0.93423	-0.289888	0.673293	0.0783761	0.73521
5.76667	0.718653	-0.342518	-0.60516	0.203744	0.935797	-0.287702	0.66485	0.0834604	0.742299
5.8	0.724061	-0.339228	-0.60055	0.201312	0.936721	-0.286405	0.659704	0.0864769	0.746533
5.83333	0.7299	-0.33752	-0.594413	0.201523	0.937195	-0.2847	0.653173	0.0880146	0.752076
5.86667	0.735762	-0.335726	-0.588168	0.201651	0.937688	-0.282979	0.646522	0.0896004	0.757616
5.9	0.740472	-0.33351	-0.5835	0.200622	0.938292	-0.281705	0.641445	0.0915317	0.761689
5.93333	0.744156	-0.331636	-0.57987	0.199628	0.938798	-0.280726	0.637479	0.0931456	0.764816
5.96667	0.745742	-0.331481	-0.577918	0.200168	0.938839	-0.280202	0.635454	0.0932779	0.766484
6	0.746831	-0.33206	-0.576176	0.20155	0.938684	-0.279733	0.633735	0.0927855	0.767965
6.03333	0.749923	-0.330671	-0.572951	0.201012	0.939057	-0.278865	0.630246	0.0939573	0.770689
6.06667	0.753006	-0.32841	-0.5702	0.199205	0.939659	-0.278132	0.627135	0.0958488	0.77299
6.1	0.75482	-0.327284	-0.568447	0.198448	0.939956	-0.27767	0.625192	0.0967839	0.774447
6.13333	0.755083	-0.3265	-0.568548	0.197434	0.940162	-0.277697	0.625195	0.0974331	0.774363
6.16667	0.756261	-0.325387	-0.567619	0.19639	0.940452	-0.277455	0.624099	0.0983534	0.77513
6.2	0.756065	-0.324699	-0.568275	0.195293	0.94063	-0.277625	0.624681	0.098922	0.774589
6.23333	0.760532	-0.321311	-0.564226	0.192569	0.941497	-0.276589	0.620088	0.101703	0.777913
6.26667	0.760984	-0.318844	-0.565015	0.189227	0.942116	-0.276787	0.620561	0.103714	0.777269
6.3	0.759833	-0.317262	-0.567449	0.18638	0.942506	-0.277388	0.622829	0.105007	0.775279
6.33333	0.757429	-0.317945	-0.570274	0.186195	0.942339	-0.278082	0.625806	0.104445	0.772954
6.36667	0.754296	-0.321027	-0.572695	0.189142	0.941573	-0.278684	0.628699	0.101889	0.770945
6.4	0.749992	-0.324866	-0.576171	0.192655	0.940599	-0.279568	0.632768	0.0986721	0.768029
6.43333	0.745115	-0.32739	-0.58105	0.193999	0.939946	-0.280831	0.638097	0.0965287	0.763881
6.46667	0.740626	-0.328341	-0.58623	0.193238	0.939698	-0.282183	0.643531	0.0957095	0.759412
6.5	0.736975	-0.328275	-0.59085	0.191386	0.939715	-0.283385	0.648259	0.095767	0.755373
6.53333	0.734435	-0.326984	-0.594715	0.188245	0.940048	-0.284383	0.652049	0.0969083	0.751958
6.56667	0.732819	-0.325217	-0.59767	0.184834	0.940497	-0.285134	0.654838	0.0984821	0.749326
6.6	0.73163	-0.32385	-0.599865	0.182222	0.94084	-0.285684	0.656896	0.0997068	0.747359
6.63333	0.732492	-0.322533	-0.599523	0.180662	0.941166	-0.2856	0.656366	0.100888	0.747666
6.66667	0.734709	-0.321278	-0.597481	0.179846	0.941475	-0.285098	0.654108	0.102009	0.749491
6.7	0.73762	-0.320224	-0.594452	0.17967	0.941732	-0.284358	0.650873	0.102944	0.752175
6.73333	0.740788	-0.319249	-0.591028	0.179742	0.941969	-0.283526	0.647245	0.1038	0.755181
6.76667	0.744608	-0.318285	-0.586731	0.180156	0.942202	-0.282486	0.642731	0.104638	0.758912
6.8	0.748816	-0.316517	-0.582316	0.17959	0.942628	-0.281424	0.637983	0.106157	0.762698
6.83333	0.754133	-0.314292	-0.576631	0.178921	0.943158	-0.28007	0.631878	0.108039	0.767501
6.86667	0.760011	-0.31102	-0.570657	0.177045	0.943927	-0.278668	0.625331	0.110759	0.77246
6.9	0.767063	-0.307827	-0.562901	0.175916	0.944665	-0.276878	0.616983	0.11336	0.778769
6.93333	0.774623	-0.304779	-0.554137	0.175314	0.945359	-0.274884	0.607638	0.115784	0.785729
6.96667	0.781676	-0.303172	-0.54504	0.176561	0.945722	-0.272829	0.598171	0.117031	0.792777
7	0.787784	-0.302745	-0.536416	0.179034	0.945819	-0.270877	0.589359	0.117356	0.799302
7.03333	0.79398	-0.302471	-0.527359	0.181795	0.945881	-0.268811	0.580126	0.11756	0.805998
7.06667	0.798911	-0.302356	-0.519925	0.184159	0.945907	-0.267104	0.572561	0.117644	0.811377
7.1	0.796629	-0.305664	-0.521489	0.187556	0.945137	-0.267468	0.574634	0.115265	0.810253
7.13333	0.794871	-0.310968	-0.521036	0.194004	0.943865	-0.26736	0.574928	0.111434	0.81058
7.16667	0.790961	-0.319074	-0.522085	0.203288	0.941835	-0.267622	0.577109	0.105545	0.809818
7.2	0.784919	-0.328863	-0.52512	0.213942	0.939243	-0.268425	0.58149	0.0983469	0.807587
7.23333	0.779263	-0.336349	-0.52879	0.221661	0.937158	-0.269445	0.586188	0.092756	0.804848
7.26667	0.772479	-0.342183	-0.534964	0.226554	0.935474	-0.271224	0.593253	0.0883163	0.800157
7.3	0.763704	-0.349191	-0.542974	0.232242	0.933381	-0.273611	0.602345	0.0828566	0.793924
7.33333	0.752985	-0.356981	-0.552791	0.23826	0.930965	-0.276652	0.613389	0.0766062	0.786057
7.36667	0.740842	-0.363235	-0.564991	0.241502	0.928957	-0.280562	0.626762	0.0714061	0.775932
7.4	0.729481	-0.367926	-0.576618	0.242963	0.927412	-0.284386	0.639395	0.0673572	0.765922
7.43333	0.71502	-0.371255	-0.592382	0.240981	0.926298	-0.289655	0.656258	0.0643567	0.751787
7.46667	0.700133	-0.372949	-0.608871	0.236391	0.925727	-0.295208	0.673746	0.0627532	0.736294
7.5	0.68541	-0.373162	-0.625271	0.229629	0.925656	-0.300717	0.691002	0.0625343	0.720143
7.53333	0.671392	-0.371897	-0.641034	0.22086	0.926077	-0.305945	0.707427	0.0638304	0.703898
7.56667	0.658145	-0.369166	-0.656173	0.210037	0.926963	-0.310846	0.723001	0.0667611	0.687614
7.6	0.645382	-0.366586	-0.670147	0.199658	0.927774	-0.315233	0.737305	0.0696456	0.67196
7.63333	0.63574	-0.364985	-0.680162	0.192389	0.928264	-0.318296	0.747543	0.0714978	0.660354
7.66667	0.629758	-0.363402	-0.686545	0.186846	0.928738	-0.320208	0.753985	0.0733754	0.652781
7.7	0.627392	-0.362104	-0.689391	0.183477	0.929121	-0.321046	0.75678	0.0749343	0.649361
7.73333	0.6276	-0.361821	-0.68935	0.183078	0.929204	-0.321035	0.756704	0.0752763	0.64941
7.76667	0.630026	-0.363155	-0.68643	0.18654	0.928812	-0.320175	0.753837	0.0736721	0.652918
7.8	0.633661	-0.365945	-0.681585	0.193093	0.927974	-0.318716	0.749126	0.0703484	0.658682
7.83333	0.637931	-0.369103	-0.675875	0.200559	0.926996	-0.316944	0.743519	0.0666353	0.665387
7.86667	0.643779	-0.369845	-0.669898	0.204583	0.926763	-0.315051	0.737357	0.065773	0.672294
7.9	0.65385	-0.367885	-0.661167	0.206011	0.927383	-0.312281	0.728038	0.0679774	0.682158
7.93333	0.667138	-0.364027	-0.649932	0.205881	0.928587	-0.30877	0.715919	0.0721838	0.694442
7.96667	0.682991	-0.359044	-0.636091	0.205319	0.930106	-0.304544	0.700976	0.0773991	0.708972
8	0.702634	-0.352183	-0.618282	0.203874	0.932134	-0.299268	0.681719	0.0842241	0.72675
8.03333	0.717812	-0.34735	-0.603402	0.20376	0.933522	-0.29499	0.665753	0.0887981	0.740869
8.06667	0.734458	-0.342567	-0.58585	0.204686	0.934868	-0.290043	0.647051	0.0931087	0.75674
8.1	0.751111	-0.336905	-0.567738	0.204576	0.93643	-0.285041	0.627679	0.0979519	0.772286
8.13333	0.765884	-0.331674	-0.550831	0.204426	0.937842	-0.28047	0.609616	0.102203	0.78608
8.16667	0.778011	-0.326867	-0.536523	0.203752	0.939114	-0.276677	0.594293	0.10594	0.797241
8.2	0.78695	-0.321402	-0.526697	0.200651	0.940527	-0.274132	0.583479	0.110046	0.804638
8.23333	0.792743	-0.316526	-0.520932	0.196838	0.941754	-0.27268	0.5769	0.113626	0.808873
8.26667	0.794627	-0.314595	-0.519228	0.195132	0.942231	-0.272259	0.574884	0.115026	0.81011
8.3	0.793579	-0.315022	-0.52057	0.195178	0.942126	-0.272589	0.576314	0.114717	0.809137
8.33333	0.792326	-0.313459	-0.523415	0.192341	0.942508	-0.273284	0.578986	0.115856	0.807065
8.36667	0.790484	-0.309952	-0.528265	0.186484	0.943347	-0.274445	0.583402	0.118431	0.803502
8.4	0.788045	-0.308993	-0.532454	0.18388	0.943572	-0.275426	0.587514	0.119141	0.800395
8.43333	0.78414	-0.309445	-0.537929	0.182501	0.943467	-0.2767	0.593142	0.118799	0.796285
8.46667	0.78143	-0.311458	-0.540704	0.183946	0.942996	-0.277348	0.596264	0.117268	0.794177
8.5	0.777277	-0.314067	-0.545163	0.185511	0.942378	-0.278405	0.601187	0.115264	0.790751
8.53333	0.771542	-0.318664	-0.550615	0.189138	0.941266	-0.279723	0.607413	0.111675	0.786497
8.56667	0.765794	-0.324259	-0.555352	0.194259	0.939871	-0.280902	0.613044	0.107231	0.782738
8.6	0.760105	-0.328037	-0.560921	0.196858	0.938903	-0.282326	0.619264	0.104176	0.778241
8.63333	0.754968	-0.329972	-0.566693	0.1971	0.9384	-0.283825	0.625439	0.102584	0.7735
8.66667	0.750273	-0.330459	-0.572614	0.19547	0.938273	-0.285367	0.631571	0.102174	0.768556
8.7	0.746474	-0.330088	-0.577771	0.193035	0.93837	-0.286704	0.636801	0.102488	0.764187
8.73333	0.745567	-0.328262	-0.579977	0.189888	0.938839	-0.287271	0.638805	0.104049	0.7623
8.76667	0.740856	-0.328499	-0.585851	0.187911	0.938778	-0.288764	0.644843	0.103844	0.757228
8.8	0.73672	-0.329163	-0.590673	0.186866	0.93861	-0.289987	0.649865	0.103263	0.753002
8.83333	0.733889	-0.329859	-0.593802	0.186519	0.938433	-0.290782	0.65316	0.102647	0.75023
8.86667	0.731941	-0.329508	-0.596395	0.185039	0.938522	-0.291439	0.655761	0.10296	0.747915
8.9	0.730998	-0.328054	-0.59835	0.182393	0.938887	-0.29193	0.657552	0.104265	0.746159
8.93333	0.730852	-0.325928	-0.599689	0.179126	0.939413	-0.292261	0.658611	0.10618	0.744954
8.96667	0.731801	-0.323393	-0.599903	0.175783	0.940028	-0.292314	0.658458	0.108463	0.744761
9	0.732705	-0.321319	-0.599915	0.173116	0.940522	-0.292317	0.65816	0.110327	0.74475
9.03333	0.733557	-0.320822	-0.599139	0.172787	0.94064	-0.292134	0.657296	0.110774	0.745447
9.06667	0.735039	-0.32077	-0.597348	0.173432	0.940652	-0.291712	0.655469	0.11082	0.747047
9.1	0.738126	-0.320285	-0.59379	0.17422	0.940766	-0.290872	0.65178	0.11125	0.750204
9.13333	0.742792	-0.319501	-0.588369	0.175349	0.940951	-0.289593	0.646152	0.111938	0.754955
9.16667	0.748137	-0.319327	-0.581654	0.177728	0.940992	-0.288004	0.6393	0.11209	0.760744
9.2	0.754819	-0.318066	-0.573657	0.179204	0.941291	-0.286105	0.630979	0.113156	0.767504
9.23333	0.763302	-0.315471	-0.56378	0.179692	0.941905	-0.283771	0.620549	0.115296	0.775645
9.26667	0.768964	-0.314396	-0.556642	0.181005	0.942158	-0.282092	0.613133	0.116164	0.781392
9.3	0.775774	-0.312972	-0.547925	0.18244	0.942493	-0.280042	0.604061	0.117286	0.78826
9.33333	0.782072	-0.312107	-0.5394	0.184447	0.942696	-0.278034	0.595266	0.117952	0.794824
9.36667	0.786265	-0.311282	-0.533751	0.185453	0.942891	-0.276701	0.589402	0.118575	0.799091
9.4	0.788363	-0.312935	-0.529675	0.188862	0.942498	-0.275732	0.585504	0.117341	0.802132
9.43333	0.788074	-0.316468	-0.528003	0.193669	0.941641	-0.275327	0.584322	0.11472	0.803373
9.46667	0.785511	-0.320902	-0.529145	0.198572	0.940535	-0.275612	0.586124	0.111423	0.802523
9.5	0.781985	-0.326197	-0.531127	0.204223	0.939175	-0.276123	0.588891	0.107456	0.801037
9.53333	0.776391	-0.334241	-0.534322	0.212772	0.937022	-0.276981	0.593249	0.101357	0.798613
9.56667	0.768542	-0.344354	-0.539224	0.223257	0.934167	-0.278367	0.599582	0.0935512	0.794826
9.6	0.761273	-0.351722	-0.544753	0.230228	0.931983	-0.280004	0.606184	0.087742	0.790469
9.63333	0.756773	-0.353476	-0.549863	0.230494	0.931451	-0.281551	0.611693	0.08633	0.786371
9.66667	0.752241	-0.354825	-0.555187	0.23017	0.93104	-0.283172	0.617378	0.0852264	0.782036
9.7	0.74492	-0.360348	-0.561465	0.234652	0.929326	-0.285117	0.624526	0.0806409	0.77683
9.73333	0.736523	-0.368543	-0.567195	0.242708	0.926686	-0.286961	0.631369	0.0736901	0.771973
9.76667	0.729131	-0.37482	-0.572607	0.248514	0.924582	-0.288772	0.637659	0.0682516	0.767289
9.8	0.723498	-0.378981	-0.576996	0.252059	0.923148	-0.290282	0.642664	0.0645811	0.763421
9.83333	0.71921	-0.381952	-0.580387	0.254493	0.922105	-0.291471	0.646506	0.0619247	0.760391
9.86667	0.715852	-0.383355	-0.583605	0.254985	0.921607	-0.292614	0.65003	0.0606577	0.757484
9.9	0.711305	-0.38333	-0.589154	0.252669	0.921616	-0.294589	0.655899	0.0606813	0.752406
9.93333	0.700025	-0.387599	-0.599777	0.253774	0.920084	-0.298403	0.667506	0.0566818	0.742444
9.96667	0.684485	-0.394735	-0.612915	0.257532	0.917448	-0.30326	0.682025	0.0497323	0.729636
10	0.669216	-0.398903	-0.626918	0.256842	0.915864	-0.308587	0.697268	0.0454924	0.715365
10.0333	0.65787	-0.399167	-0.638649	0.251705	0.915762	-0.313088	0.709825	0.0452199	0.702925
10.0667	0.651353	-0.39643	-0.64698	0.243866	0.916798	-0.316244	0.718518	0.04821	0.693835
10.1	0.650119	-0.392508	-0.650602	0.236571	0.918246	-0.317583	0.722066	0.052553	0.689825
10.1333	0.653579	-0.387578	-0.650091	0.229868	0.92001	-0.3174	0.721107	0.0580107	0.69039
10.1667	0.663336	-0.380807	-0.644182	0.223236	0.92234	-0.315365	0.714248	0.0653885	0.696831
10.2	0.677882	-0.371789	-0.634231	0.215471	0.925289	-0.312109	0.702886	0.0749149	0.707347
10.2333	0.697028	-0.361421	-0.619296	0.208226	0.928485	-0.307501	0.686144	0.085383	0.722438
10.2667	0.713329	-0.351703	-0.60619	0.201097	0.931306	-0.303693	0.671358	0.0947303	0.735054
10.3	0.720914	-0.346513	-0.600177	0.19689	0.932746	-0.302025	0.664468	0.0995653	0.740654
10.3333	0.728571	-0.342214	-0.593359	0.194186	0.933906	-0.300184	0.656869	0.103483	0.74687
10.3667	0.734802	-0.338575	-0.587736	0.191842	0.934866	-0.2987	0.650587	0.106733	0.751894
10.4	0.739823	-0.335065	-0.583432	0.18913	0.935773	-0.297588	0.645671	0.109818	0.755678
10.4333	0.743615	-0.331355	-0.580724	0.185532	0.93671	-0.296904	0.642351	0.113039	0.758029
10.4667	0.746616	-0.328766	-0.57834	0.183226	0.937351	-0.296313	0.639525	0.115265	0.76008
10.5	0.748306	-0.327987	-0.576595	0.18294	0.937542	-0.295886	0.637629	0.115931	0.76157
10.5333	0.749606	-0.328181	-0.574795	0.183893	0.937494	-0.295445	0.635826	0.115767	0.763101
10.5667	0.751212	-0.32914	-0.572143	0.186134	0.937258	-0.294792	0.633273	0.114956	0.765343
10.6	0.753955	-0.330317	-0.567841	0.189282	0.936964	-0.293719	0.629067	0.113969	0.768951
10.6333	0.760745	-0.329204	-0.559367	0.191181	0.937244	-0.291587	0.620256	0.114883	0.775941
10.6667	0.768958	-0.325967	-0.549954	0.190788	0.938053	-0.289235	0.610167	0.117485	0.783514
10.7	0.775476	-0.323374	-0.542279	0.190503	0.938693	-0.28734	0.601952	0.119519	0.789537
10.7333	0.780311	-0.320879	-0.536797	0.189512	0.939302	-0.286001	0.595987	0.12144	0.793758
10.7667	0.78305	-0.318821	-0.534028	0.188049	0.939799	-0.285332	0.592849	0.123006	0.795864
10.8	0.782552	-0.31809	-0.535192	0.186747	0.939974	-0.285611	0.593917	0.12356	0.794982
10.8333	0.77891	-0.319941	-0.539385	0.187441	0.939531	-0.286614	0.598468	0.122144	0.791781
10.8667	0.77612	-0.320736	-0.542923	0.187096	0.93934	-0.287464	0.602189	0.121528	0.789049
10.9	0.775483	-0.319111	-0.544788	0.184437	0.939729	-0.287911	0.603829	0.122791	0.7876
10.9333	0.775478	-0.316976	-0.54604	0.181384	0.940232	-0.288206	0.604759	0.124455	0.786624
10.9667	0.775527	-0.316856	-0.54604	0.181238	0.940261	-0.288206	0.60474	0.124549	0.786624
11	0.774044	-0.318415	-0.547237	0.182684	0.939895	-0.288487	0.606203	0.123331	0.785689
11.0333	0.771711	-0.31953	-0.549875	0.183054	0.939631	-0.289111	0.609059	0.122454	0.783615
11.0667	0.765558	-0.320592	-0.557801	0.181363	0.939379	-0.290988	0.617275	0.121604	0.777292
11.1	0.760092	-0.32102	-0.564984	0.179143	0.939278	-0.292685	0.624635	0.121254	0.771446
11.1333	0.756375	-0.320957	-0.569986	0.17713	0.939293	-0.293859	0.6297	0.121306	0.767309
11.1667	0.754365	-0.319888	-0.573241	0.174533	0.939542	-0.294617	0.632828	0.122199	0.764589
11.2	0.755181	-0.318544	-0.572915	0.172987	0.939851	-0.294542	0.632279	0.123325	0.764862
11.2333	0.760023	-0.315169	-0.568361	0.170567	0.940617	-0.293508	0.627114	0.126129	0.768648
11.2667	0.767076	-0.309535	-0.561945	0.166083	0.941859	-0.292093	0.619685	0.130728	0.773886
11.3	0.775589	-0.302436	-0.554071	0.160381	0.943361	-0.290426	0.610524	0.136389	0.780165
11.3333	0.782438	-0.294996	-0.548423	0.153464	0.944859	-0.289291	0.603522	0.142189	0.784566
11.3667	0.787417	-0.289595	-0.544159	0.148526	0.945898	-0.288473	0.59826	0.146327	0.787829
11.4	0.791706	-0.28606	-0.539788	0.145884	0.946557	-0.28766	0.593228	0.148995	0.791126
11.4333	0.794146	-0.284863	-0.536828	0.145527	0.946777	-0.287116	0.590045	0.149889	0.793335
11.4667	0.794429	-0.285572	-0.536033	0.14666	0.946646	-0.28697	0.589384	0.149363	0.793925
11.5	0.793243	-0.287648	-0.536679	0.148901	0.94626	-0.28709	0.590419	0.14782	0.793445
11.5333	0.791421	-0.289422	-0.538412	0.150391	0.945925	-0.287417	0.592482	0.146496	0.792152
11.5667	0.790564	-0.290873	-0.538889	0.151953	0.945648	-0.287508	0.593228	0.145408	0.791794
11.6	0.791986	-0.29105	-0.536701	0.152958	0.945613	-0.287087	0.591069	0.145277	0.793431
11.6333	0.794652	-0.290722	-0.532924	0.153931	0.945677	-0.286357	0.587225	0.145521	0.796236
11.6667	0.797574	-0.290601	-0.528608	0.155337	0.9457	-0.285519	0.582877	0.14561	0.799407
11.7	0.802771	-0.291531	-0.520162	0.159442	0.945517	-0.283858	0.574575	0.144937	0.805516
11.7333	0.803673	-0.293511	-0.517649	0.162659	0.94512	-0.283355	0.572408	0.143524	0.80731
11.7667	0.805064	-0.295474	-0.514361	0.166123	0.944719	-0.282682	0.569452	0.14213	0.809644
11.8	0.808122	-0.301094	-0.506242	0.175537	0.943529	-0.280964	0.562251	0.138189	0.815339
11.8333	0.807394	-0.308001	-0.50324	0.18464	0.941989	-0.280296	0.560378	0.133391	0.817425
11.8667	0.804635	-0.314046	-0.503922	0.191462	0.940578	-0.280456	0.562054	0.129182	0.81695
11.9	0.802375	-0.316763	-0.505823	0.193978	0.939927	-0.28091	0.564418	0.127276	0.815618
11.9333	0.797224	-0.317727	-0.513306	0.192478	0.939694	-0.282713	0.572176	0.126586	0.810303
11.9667	0.796198	-0.321014	-0.512854	0.196515	0.938892	-0.282602	0.572233	0.124223	0.810628
12	0.792765	-0.326293	-0.514837	0.202043	0.937568	-0.283098	0.575068	0.120411	0.809196
12.0333	0.787837	-0.331052	-0.519344	0.206068	0.936339	-0.284261	0.580387	0.116932	0.805902
12.0667	0.780996	-0.334228	-0.527576	0.206862	0.935504	-0.286428	0.589281	0.114564	0.799764
12.1	0.773185	-0.33505	-0.538448	0.203825	0.935286	-0.289301	0.600534	0.113934	0.791441
12.1333	0.762878	-0.334108	-0.553524	0.196963	0.935533	-0.29323	0.615811	0.114675	0.779504
12.1667	0.749981	-0.332932	-0.571563	0.188467	0.935833	-0.297818	0.634041	0.115637	0.764604
12.2	0.731048	-0.331554	-0.596356	0.176667	0.936176	-0.303913	0.659058	0.116819	0.742965
12.2333	0.713506	-0.332047	-0.616972	0.168572	0.93606	-0.308829	0.680068	0.116348	0.723858
12.2667	0.699988	-0.331744	-0.632427	0.161383	0.936132	-0.312431	0.695682	0.116634	0.708818
12.3	0.686185	-0.332173	-0.647156	0.155296	0.936035	-0.315786	0.710656	0.116187	0.693879
12.3333	0.679454	-0.331183	-0.654721	0.150436	0.936257	-0.317476	0.71813	0.117217	0.685966
12.3667	0.680542	-0.328125	-0.655131	0.146032	0.936924	-0.317566	0.71801	0.120447	0.685532
