0	0.954871	0.0513619	0.292546	-0.0408896	0.998289	-0.0418043	-0.294192	0.0279556	0.955337
0.0333333	0.318534	0.806022	0.498863	-0.921361	0.386952	-0.0368991	-0.222778	-0.447879	0.865895
0.0666667	0.383925	0.913947	0.131538	-0.790476	0.251693	0.558388	0.47723	-0.318357	0.819085
0.1	0.40445	0.904652	-0.134258	-0.540345	0.354809	0.76298	0.737867	-0.236041	0.632326
0.133333	0.398119	0.865847	-0.303002	-0.393625	0.459597	0.796134	0.828589	-0.197687	0.523793
0.166667	0.385536	0.825827	-0.411548	-0.318913	0.537805	0.780423	0.865827	-0.169634	0.47071
0.2	0.373841	0.791326	-0.483783	-0.280612	0.593657	0.754207	0.884025	-0.146199	0.443989
0.233333	0.363931	0.763265	-0.533835	-0.259586	0.633544	0.72886	0.894522	-0.126678	0.4287
0.266667	0.356067	0.740822	-0.56956	-0.246801	0.662419	0.707312	0.90128	-0.111283	0.418701
0.3	0.349917	0.722684	-0.596059	-0.238859	0.684083	0.689186	0.905817	-0.098784	0.411992
0.333333	0.344041	0.70825	-0.616455	-0.234307	0.700522	0.674069	0.90925	-0.0874676	0.406956
0.366667	0.339989	0.696125	-0.632311	-0.231327	0.713611	0.661247	0.911534	-0.0785462	0.403653
0.4	0.33661	0.686216	-0.644826	-0.229373	0.723913	0.650644	0.913281	-0.0711079	0.401076
0.433333	0.333561	0.678054	-0.654965	-0.22792	0.732147	0.641882	0.914762	-0.0648271	0.398758
0.466667	0.331371	0.67101	-0.663279	-0.226478	0.739014	0.634481	0.915916	-0.0600307	0.396856
0.5	0.329013	0.665269	-0.6702	-0.226023	0.744562	0.628125	0.916877	-0.0551814	0.395337
0.533333	0.327008	0.660458	-0.675915	-0.225815	0.749128	0.622748	0.917645	-0.0510117	0.394113
0.566667	0.326012	0.656159	-0.680567	-0.225525	0.753094	0.618052	0.918071	-0.0480071	0.393498
0.6	0.324243	0.652597	-0.684823	-0.224982	0.756362	0.614247	0.91883	-0.0450921	0.392068
0.633333	0.322788	0.649574	-0.688376	-0.224592	0.759103	0.611	0.919438	-0.04262	0.390918
0.666667	0.322188	0.647025	-0.691052	-0.224675	0.761383	0.608126	0.919628	-0.0406689	0.390679
0.7	0.321345	0.645106	-0.693236	-0.224653	0.763098	0.605981	0.919929	-0.0389915	0.390142
0.733333	0.321285	0.64322	-0.695014	-0.224366	0.764732	0.604024	0.92002	-0.0381261	0.390013
0.766667	0.320558	0.64197	-0.696504	-0.223921	0.765824	0.602805	0.920382	-0.0372723	0.389241
0.8	0.320393	0.640806	-0.697651	-0.223689	0.766825	0.601616	0.920495	-0.0366967	0.389026
0.833333	0.320071	0.640018	-0.69852	-0.223225	0.767496	0.600933	0.92072	-0.0364142	0.388522
0.866667	0.320039	0.639248	-0.69924	-0.222941	0.768148	0.600205	0.9208	-0.0361998	0.388352
0.9	0.319869	0.638815	-0.699714	-0.222783	0.768519	0.599788	0.920897	-0.0359692	0.388143
0.933333	0.31945	0.638611	-0.700091	-0.222227	0.768686	0.599781	0.921177	-0.0360208	0.387473
0.966667	0.319895	0.638139	-0.700319	-0.222541	0.769088	0.599149	0.920947	-0.0358153	0.388039
1	0.319844	0.638068	-0.700406	-0.222915	0.769164	0.598911	0.920874	-0.0354272	0.388248
1.03333	0.32007	0.637605	-0.700724	-0.223131	0.769561	0.598322	0.920743	-0.0351516	0.388583
1.06667	0.319973	0.637438	-0.70092	-0.223144	0.769707	0.598129	0.920774	-0.0349794	0.388526
1.1	0.320334	0.637092	-0.70107	-0.223627	0.770009	0.59756	0.920531	-0.0346402	0.389131
1.13333	0.320397	0.636751	-0.701352	-0.224014	0.770312	0.597023	0.920415	-0.0341715	0.389447
1.16667	0.320788	0.636382	-0.701508	-0.224098	0.770617	0.596598	0.920258	-0.0341754	0.389816
1.2	0.320953	0.635861	-0.701905	-0.223921	0.771048	0.596107	0.920244	-0.0341511	0.389853
1.23333	0.320928	0.635635	-0.70212	-0.223915	0.77124	0.595862	0.920254	-0.0340135	0.389841
1.26667	0.321467	0.635444	-0.702047	-0.223529	0.771371	0.595837	0.92016	-0.0346146	0.39001
1.3	0.322004	0.635122	-0.702092	-0.223693	0.771633	0.595436	0.919932	-0.0346801	0.390541
1.33333	0.322619	0.634924	-0.701989	-0.223769	0.771784	0.595212	0.919698	-0.0349437	0.391068
1.36667	0.323521	0.634903	-0.701592	-0.223734	0.771771	0.595242	0.91939	-0.0356037	0.391733
1.4	0.324781	0.634902	-0.701011	-0.222792	0.771692	0.595697	0.919174	-0.0372913	0.392082
1.43333	0.32594	0.635419	-0.700004	-0.221387	0.771152	0.596919	0.919104	-0.0395882	0.392022
1.46667	0.327345	0.636082	-0.698745	-0.220144	0.770477	0.598249	0.918902	-0.0420094	0.392242
1.5	0.32852	0.636862	-0.697483	-0.218857	0.7697	0.599719	0.918791	-0.0443706	0.392243
1.53333	0.330027	0.63763	-0.696068	-0.217721	0.768917	0.601135	0.91852	-0.0468418	0.392589
1.56667	0.331581	0.638688	-0.694357	-0.216703	0.767877	0.60283	0.918201	-0.0494178	0.39302
1.6	0.333065	0.639488	-0.692909	-0.215872	0.767064	0.604162	0.91786	-0.0516462	0.39353
1.63333	0.333958	0.640486	-0.691557	-0.214624	0.766076	0.605858	0.917828	-0.0539064	0.3933
1.66667	0.335767	0.6414	-0.689831	-0.2138	0.765128	0.607346	0.917361	-0.0564409	0.394036
1.7	0.337589	0.642202	-0.688193	-0.212356	0.764227	0.608985	0.917027	-0.0594449	0.39437
1.73333	0.33964	0.642641	-0.686773	-0.210865	0.763617	0.610266	0.916614	-0.0624544	0.394866
1.76667	0.340736	0.643683	-0.685253	-0.209074	0.762497	0.61228	0.916617	-0.0653578	0.394387
1.8	0.342004	0.64383	-0.684483	-0.207718	0.762185	0.61313	0.916453	-0.0675135	0.394405
1.83333	0.34023	0.643294	-0.68587	-0.208431	0.76283	0.612084	0.916952	-0.065293	0.39362
1.86667	0.334323	0.641058	-0.690849	-0.212735	0.765441	0.607325	0.918135	-0.0560747	0.39228
1.9	0.320825	0.636253	-0.701608	-0.222065	0.770648	0.597318	0.920738	-0.0358321	0.388533
1.93333	0.295797	0.626571	-0.72105	-0.240378	0.779361	0.578632	0.924512	0.00216711	0.381146
1.96667	0.253012	0.60696	-0.753382	-0.272212	0.791921	0.546591	0.928378	0.0667854	0.365588
2	0.184602	0.564027	-0.804858	-0.320882	0.808643	0.493082	0.928955	0.16724	0.330264
2.03333	0.087958	0.473642	-0.876315	-0.39268	0.824972	0.406477	0.915459	0.308358	0.258552
2.06667	-0.0225	0.315198	-0.948759	-0.486407	0.825655	0.285836	0.873443	0.467914	0.134737
2.1	-0.118285	0.114211	-0.98639	-0.574663	0.802237	0.1618	0.809797	0.58598	-0.0292596
2.13333	-0.160843	-0.0928307	-0.982605	-0.648116	0.760772	0.0342172	0.744362	0.642346	-0.18253
2.16667	-0.169329	-0.262705	-0.949902	-0.685818	0.723596	-0.0778639	0.7078	0.638275	-0.302694
2.2	-0.170817	-0.380607	-0.908823	-0.691743	0.703167	-0.164465	0.701651	0.600579	-0.383395
2.23333	-0.168937	-0.451408	-0.87618	-0.666744	0.707032	-0.235708	0.725887	0.544368	-0.420417
2.26667	-0.161743	-0.478304	-0.863171	-0.60914	0.736554	-0.294	0.776394	0.47824	-0.410487
2.3	-0.146169	-0.466497	-0.872362	-0.525012	0.78398	-0.331266	0.838449	0.40958	-0.35951
2.33333	-0.109492	-0.429704	-0.896307	-0.421068	0.836875	-0.349774	0.900396	0.339109	-0.272566
2.36667	-0.0613196	-0.379537	-0.923142	-0.307549	0.887067	-0.344276	0.949554	0.2628	-0.171121
2.4	-0.00685506	-0.323371	-0.946247	-0.19947	0.927695	-0.315586	0.97988	0.186585	-0.0708623
2.43333	0.0389633	-0.262205	-0.964225	-0.109427	0.958035	-0.264943	0.993231	0.115835	0.00863596
2.46667	0.0675642	-0.196115	-0.97825	-0.0552515	0.978251	-0.199932	0.996184	0.067558	0.0552591
2.5	0.0913543	-0.129428	-0.987372	-0.0356024	0.990459	-0.133126	0.995182	0.0473145	0.0858748
2.53333	0.116828	-0.0617169	-0.991233	-0.0244288	0.997587	-0.0649917	0.992852	0.0318075	0.115039
2.56667	0.139151	0.0101991	-0.990219	-0.0260504	0.999639	0.00663533	0.989929	0.0248723	0.139366
2.6	0.153669	0.086325	-0.984344	-0.0323248	0.996083	0.0823081	0.987593	0.0191706	0.155858
2.63333	0.149849	0.17092	-0.973823	-0.0424839	0.985148	0.16637	0.987796	0.0164413	0.154885
2.66667	0.144728	0.255756	-0.955846	-0.0490194	0.966684	0.251234	0.988256	0.0104944	0.152444
2.7	0.147273	0.339853	-0.928876	-0.0588871	0.940463	0.334755	0.987341	0.00539831	0.158518
2.73333	0.152777	0.420445	-0.894363	-0.0738305	0.907314	0.413921	0.985499	0.00279346	0.169659
2.76667	0.164434	0.487677	-0.857399	-0.0935971	0.873023	0.478613	0.981937	0.00154964	0.1892
2.8	0.180083	0.54575	-0.818368	-0.102758	0.837855	0.536134	0.978269	-0.0124549	0.206963
2.83333	0.196026	0.593374	-0.780692	-0.113491	0.804517	0.582986	0.974009	-0.0256783	0.225049
2.86667	0.213137	0.62984	-0.746909	-0.126248	0.775821	0.618194	0.968831	-0.0374642	0.244873
2.9	0.232414	0.658045	-0.716212	-0.137424	0.751207	0.645603	0.962859	-0.0516229	0.265022
2.93333	0.250202	0.681049	-0.688165	-0.144718	0.729094	0.668938	0.957317	-0.0677796	0.280981
2.96667	0.267387	0.699055	-0.663194	-0.15334	0.710352	0.68694	0.95131	-0.081984	0.297132
3	0.28044	0.71395	-0.641583	-0.16437	0.694252	0.700712	0.945693	-0.0910505	0.312048
3.03333	0.292808	0.723721	-0.624892	-0.173211	0.682871	0.709708	0.940352	-0.0995701	0.325307
3.06667	0.303409	0.731254	-0.610909	-0.178008	0.673344	0.71758	0.936086	-0.108974	0.334468
3.1	0.310829	0.737216	-0.599915	-0.181084	0.665551	0.724051	0.933056	-0.116421	0.340371
3.13333	0.317311	0.740316	-0.59266	-0.180893	0.660733	0.728498	0.930909	-0.123953	0.343576
3.16667	0.323294	0.741733	-0.587633	-0.180347	0.657893	0.731199	0.928954	-0.130414	0.346463
3.2	0.329346	0.742632	-0.58312	-0.178902	0.655468	0.733727	0.927106	-0.137328	0.348734
3.23333	0.339611	0.741681	-0.578423	-0.177929	0.65453	0.734801	0.923583	-0.146628	0.354252
3.26667	0.348929	0.741692	-0.572837	-0.175722	0.652193	0.737405	0.920527	-0.156642	0.3579
3.3	0.357943	0.741316	-0.567739	-0.174557	0.650431	0.739236	0.917282	-0.165502	0.362219
3.33333	0.36601	0.740671	-0.563421	-0.1773	0.649842	0.739101	0.913565	-0.170624	0.36917
3.36667	0.371837	0.740403	-0.559947	-0.182435	0.649719	0.737959	0.910195	-0.172246	0.376665
3.4	0.375681	0.739361	-0.558757	-0.188509	0.651282	0.735049	0.907374	-0.170813	0.38405
3.43333	0.377609	0.737579	-0.559812	-0.195868	0.654515	0.730237	0.905013	-0.166095	0.391618
3.46667	0.379054	0.734845	-0.562425	-0.203292	0.65906	0.724094	0.902768	-0.160134	0.399207
3.5	0.380048	0.731706	-0.565835	-0.209453	0.663924	0.717868	0.90094	-0.154309	0.405581
3.53333	0.382174	0.727939	-0.569252	-0.217075	0.669495	0.71039	0.898232	-0.147922	0.413882
3.56667	0.38325	0.724613	-0.572762	-0.224006	0.674516	0.703455	0.89607	-0.141297	0.420826
3.6	0.38314	0.721118	-0.577228	-0.227912	0.679398	0.697478	0.895131	-0.135674	0.424656
3.63333	0.383126	0.717365	-0.581895	-0.230057	0.68422	0.692039	0.894588	-0.131269	0.427177
3.66667	0.380028	0.713114	-0.589107	-0.2317	0.689975	0.685747	0.895485	-0.124107	0.427439
3.7	0.374702	0.708055	-0.598545	-0.234088	0.696913	0.677876	0.897107	-0.113889	0.426882
3.73333	0.367385	0.701283	-0.610926	-0.236093	0.705663	0.668057	0.899605	-0.101199	0.424818
3.76667	0.357158	0.692382	-0.626934	-0.238535	0.716559	0.655472	0.903072	-0.0845611	0.421082
3.8	0.338445	0.681879	-0.648457	-0.246275	0.729292	0.638343	0.908187	-0.0563455	0.414755
3.83333	0.306854	0.665891	-0.680022	-0.264611	0.746011	0.611105	0.914233	-0.00757805	0.405118
3.86667	0.262768	0.637931	-0.723876	-0.29406	0.767497	0.569628	0.918957	0.063183	0.389264
3.9	0.205997	0.594689	-0.777117	-0.326386	0.790429	0.518357	0.922517	0.14686	0.356924
3.93333	0.140702	0.536229	-0.832263	-0.361999	0.810282	0.460868	0.921499	0.236433	0.308123
3.96667	0.0745154	0.464722	-0.882316	-0.405768	0.822348	0.398868	0.910933	0.328294	0.249847
4	0.0113436	0.384281	-0.923146	-0.458269	0.822541	0.336771	0.888741	0.419229	0.185435
4.03333	-0.0507982	0.302098	-0.951922	-0.516131	0.80806	0.283985	0.855002	0.505742	0.114874
4.06667	-0.115619	0.224251	-0.967649	-0.574242	0.779795	0.249329	0.81048	0.584492	0.0386146
4.1	-0.182984	0.154021	-0.970976	-0.629411	0.740352	0.236053	0.755221	0.654337	-0.0385298
4.13333	-0.247364	0.0981069	-0.963943	-0.676144	0.695104	0.244255	0.694004	0.712184	-0.105609
4.16667	-0.299568	0.0471247	-0.95291	-0.716242	0.648707	0.257247	0.630283	0.759577	-0.160579
4.2	-0.286435	-0.0300891	-0.957627	-0.757353	0.619304	0.207073	0.586831	0.784575	-0.200179
4.23333	-0.248635	-0.113844	-0.961884	-0.778503	0.614341	0.128522	0.576293	0.780785	-0.241374
4.26667	-0.201658	-0.210853	-0.956491	-0.791927	0.609748	0.0325476	0.576356	0.764034	-0.289941
4.3	-0.167424	-0.312861	-0.934926	-0.804804	0.591108	-0.0536844	0.569438	0.743444	-0.350758
4.33333	-0.142652	-0.407905	-0.901812	-0.804519	0.578518	-0.134412	0.576542	0.70635	-0.410693
4.36667	-0.133505	-0.484788	-0.864383	-0.779957	0.589494	-0.210152	0.611428	0.646125	-0.456814
4.4	-0.136363	-0.539438	-0.83091	-0.733585	0.618666	-0.281256	0.665777	0.57119	-0.480087
4.43333	-0.145932	-0.56794	-0.81003	-0.667502	0.660854	-0.343093	0.730168	0.490628	-0.475541
4.46667	-0.147311	-0.565482	-0.811499	-0.591237	0.708078	-0.386088	0.79293	0.422913	-0.438641
4.5	-0.13272	-0.543188	-0.829055	-0.503595	0.757398	-0.41562	0.853684	0.362347	-0.374069
4.53333	-0.100723	-0.504536	-0.857496	-0.406136	0.807649	-0.427501	0.908245	0.305201	-0.286259
4.56667	-0.0540823	-0.455516	-0.888583	-0.299406	0.856338	-0.420763	0.952592	0.243291	-0.182697
4.6	-0.00707861	-0.400473	-0.916281	-0.196965	0.898912	-0.39136	0.980385	0.177705	-0.0852424
4.63333	0.0365414	-0.341178	-0.939288	-0.111733	0.932628	-0.343106	0.993066	0.117487	-0.00404128
4.66667	0.0678023	-0.280155	-0.957557	-0.0627296	0.95667	-0.284337	0.995725	0.0793459	0.0472905
4.7	0.089732	-0.215599	-0.97235	-0.0494665	0.974119	-0.220556	0.994737	0.0678897	0.0767447
4.73333	0.107107	-0.142736	-0.983948	-0.0439385	0.987995	-0.148106	0.993276	0.0590964	0.0995497
4.76667	0.116325	-0.0557238	-0.991647	-0.0413937	0.997285	-0.0608963	0.992348	0.0481316	0.113702
4.8	0.101101	0.0397734	-0.994081	-0.0528049	0.998007	0.03456	0.993474	0.0489983	0.103
4.83333	0.102847	0.130692	-0.986074	-0.0731306	0.989642	0.123537	0.992005	0.0594069	0.111339
4.86667	0.109727	0.224668	-0.968238	-0.0849334	0.972676	0.216073	0.990326	0.0585267	0.12581
4.9	0.118517	0.31333	-0.94222	-0.0981675	0.947956	0.30289	0.988087	0.0565978	0.143108
4.93333	0.127409	0.394092	-0.910197	-0.102002	0.918016	0.383199	0.986591	0.044019	0.157161
4.96667	0.145183	0.456809	-0.877638	-0.119767	0.888627	0.442716	0.982129	0.040837	0.183724
5	0.171275	0.507008	-0.844753	-0.133632	0.861454	0.489938	0.976119	0.0289718	0.215298
5.03333	0.197549	0.548438	-0.812521	-0.138658	0.836154	0.530678	0.970437	0.00782777	0.241227
5.06667	0.220103	0.582391	-0.782544	-0.142623	0.81281	0.5648	0.964994	-0.0127057	0.261964
5.1	0.239858	0.610346	-0.754947	-0.148403	0.791561	0.592797	0.959398	-0.0301512	0.28044
5.13333	0.257396	0.634585	-0.728731	-0.154003	0.771442	0.617382	0.953955	-0.0466846	0.296294
5.16667	0.272357	0.655131	-0.704716	-0.157203	0.752859	0.639132	0.949268	-0.0632887	0.308035
5.2	0.285922	0.672685	-0.682454	-0.160114	0.735711	0.658098	0.944782	-0.0788938	0.318062
5.23333	0.29964	0.686537	-0.662483	-0.16444	0.72116	0.672969	0.939774	-0.0927098	0.328983
5.26667	0.307817	0.699198	-0.645268	-0.16888	0.70758	0.686156	0.936338	-0.102238	0.335886
5.3	0.315798	0.709471	-0.630018	-0.172859	0.695904	0.69702	0.932948	-0.111213	0.342403
5.33333	0.322707	0.718256	-0.616416	-0.174179	0.685202	0.70722	0.930334	-0.120858	0.346224
5.36667	0.33053	0.72551	-0.603643	-0.174508	0.675543	0.716372	0.927522	-0.131442	0.349895
5.4	0.338815	0.731126	-0.592165	-0.17507	0.667391	0.723837	0.924421	-0.141577	0.35412
5.43333	0.346417	0.736213	-0.581365	-0.175949	0.659733	0.730613	0.921432	-0.150806	0.358078
5.46667	0.354005	0.740838	-0.570823	-0.177733	0.652515	0.736637	0.9182	-0.159319	0.362665
5.5	0.361582	0.744161	-0.561678	-0.179193	0.646676	0.741418	0.914958	-0.167435	0.367175
5.53333	0.367768	0.747104	-0.553699	-0.181841	0.64171	0.745079	0.911965	-0.173331	0.371855
5.56667	0.37319	0.748731	-0.547843	-0.186447	0.638983	0.746283	0.908827	-0.176362	0.378061
5.6	0.378514	0.749663	-0.542892	-0.191746	0.637318	0.746364	0.905517	-0.178412	0.384979
5.63333	0.382243	0.750135	-0.539618	-0.197119	0.636714	0.74548	0.902793	-0.178585	0.391245
5.66667	0.385174	0.750076	-0.537612	-0.202106	0.636981	0.743915	0.900441	-0.177882	0.396943
5.7	0.387075	0.749782	-0.536656	-0.206384	0.637712	0.742112	0.898654	-0.176496	0.401585
5.73333	0.388497	0.749636	-0.535832	-0.211525	0.638534	0.739954	0.896843	-0.174127	0.406635
5.76667	0.388579	0.749725	-0.535648	-0.216143	0.639278	0.737974	0.895706	-0.170985	0.410458
5.8	0.388357	0.74907	-0.536724	-0.219152	0.640806	0.735758	0.895071	-0.168113	0.413022
5.83333	0.387835	0.74803	-0.538549	-0.223216	0.643112	0.732517	0.894292	-0.163883	0.416394
5.86667	0.386487	0.747361	-0.540444	-0.22838	0.645279	0.729012	0.893572	-0.158327	0.420074
5.9	0.38382	0.744865	-0.545764	-0.231202	0.649726	0.724156	0.893995	-0.151764	0.421592
5.93333	0.380241	0.741024	-0.553444	-0.232553	0.655767	0.718254	0.895174	-0.144405	0.421677
5.96667	0.374686	0.735966	-0.563883	-0.233368	0.66347	0.710877	0.897301	-0.134764	0.420344
6	0.365938	0.729726	-0.577572	-0.237203	0.673255	0.70033	0.899902	-0.119276	0.419463
6.03333	0.347294	0.72215	-0.598236	-0.245804	0.685741	0.685084	0.904968	-0.0908761	0.415661
6.06667	0.317987	0.708869	-0.629594	-0.260129	0.70381	0.661048	0.911711	-0.0464292	0.4082
6.1	0.277289	0.685367	-0.673337	-0.278637	0.728064	0.626326	0.919496	0.0139437	0.392853
6.13333	0.221324	0.648179	-0.728615	-0.303266	0.755845	0.580283	0.926847	0.0925336	0.363857
6.16667	0.152604	0.592148	-0.791248	-0.342929	0.782608	0.519543	0.926883	0.192057	0.322493
6.2	0.0778561	0.512238	-0.855307	-0.400022	0.801874	0.443824	0.913192	0.307588	0.267338
6.23333	0.00194311	0.414182	-0.910192	-0.468786	0.804362	0.365023	0.88331	0.425976	0.195726
6.26667	-0.0718025	0.307395	-0.948869	-0.536788	0.789897	0.296514	0.840656	0.530632	0.108289
6.3	-0.139966	0.204713	-0.968763	-0.595423	0.764327	0.247539	0.791126	0.611471	0.0149108
6.33333	-0.195384	0.115766	-0.97387	-0.643196	0.7345	0.216353	0.740354	0.668662	-0.0690495
6.36667	-0.212722	0.015298	-0.976993	-0.696756	0.698626	0.162645	0.685041	0.715324	-0.137954
6.4	-0.193047	-0.0949113	-0.976588	-0.739948	0.667723	0.0813758	0.644367	0.738334	-0.199132
6.43333	-0.17468	-0.193909	-0.965343	-0.764419	0.644659	0.00882996	0.620605	0.739469	-0.260837
6.46667	-0.157399	-0.278976	-0.947311	-0.772187	0.63274	-0.0580352	0.615592	0.722366	-0.315014
6.5	-0.139603	-0.352379	-0.925386	-0.768471	0.627917	-0.123175	0.62447	0.693937	-0.358452
6.53333	-0.123733	-0.415112	-0.901317	-0.755121	0.628681	-0.185883	0.643804	0.657603	-0.391248
6.56667	-0.114518	-0.466245	-0.877212	-0.737128	0.631849	-0.239603	0.665979	0.619179	-0.41604
6.6	-0.112765	-0.505934	-0.855169	-0.703754	0.648241	-0.290713	0.701437	0.569047	-0.429152
6.63333	-0.113849	-0.530688	-0.839886	-0.653926	0.676464	-0.338788	0.747944	0.510652	-0.424045
6.66667	-0.115636	-0.538581	-0.834601	-0.597984	0.708659	-0.374457	0.793122	0.455777	-0.404009
6.7	-0.109832	-0.53326	-0.838791	-0.54027	0.740372	-0.399947	0.834293	0.409246	-0.369421
6.73333	-0.0960959	-0.516727	-0.85074	-0.47849	0.773444	-0.41573	0.872819	0.367121	-0.321574
6.76667	-0.0766578	-0.489072	-0.868868	-0.410279	0.809709	-0.419575	0.908733	0.324314	-0.262726
6.8	-0.053269	-0.452791	-0.890024	-0.332508	0.848469	-0.41175	0.941595	0.274007	-0.195754
6.83333	-0.0283496	-0.408769	-0.912198	-0.248274	0.886848	-0.389693	0.968275	0.215427	-0.126628
6.86667	0.00325103	-0.358794	-0.933411	-0.168943	0.919802	-0.354151	0.98562	0.158845	-0.0576255
6.9	0.029161	-0.310193	-0.950226	-0.107452	0.944149	-0.311506	0.993783	0.111187	-0.00579837
6.93333	0.0545802	-0.261706	-0.963603	-0.0722788	0.961474	-0.265222	0.99589	0.0841239	0.0335617
6.96667	0.0772792	-0.211008	-0.974425	-0.0514278	0.975203	-0.215255	0.995682	0.0667472	0.0645112
7	0.0955167	-0.155292	-0.98324	-0.0402648	0.986345	-0.159694	0.994613	0.0548434	0.0879596
7.03333	0.110234	-0.0930589	-0.98954	-0.0384556	0.994462	-0.0978057	0.993161	0.0488348	0.106045
7.06667	0.122355	-0.0226973	-0.992227	-0.0471543	0.998477	-0.0286551	0.991366	0.0502939	0.121099
7.1	0.119774	0.0603525	-0.990965	-0.0613664	0.996692	0.0532842	0.990903	0.0544299	0.123081
7.13333	0.115373	0.147734	-0.982275	-0.0727968	0.987477	0.139966	0.990651	0.0553581	0.124683
7.16667	0.116894	0.236908	-0.964474	-0.0842696	0.969996	0.228051	0.989563	0.0546181	0.133351
7.2	0.123891	0.319081	-0.939595	-0.101985	0.94597	0.307799	0.987041	0.0576914	0.149739
7.23333	0.144128	0.392771	-0.908272	-0.108508	0.918594	0.380016	0.983592	0.0437835	0.175014
7.26667	0.163118	0.456762	-0.874506	-0.116015	0.889108	0.442749	0.979762	0.0292352	0.198021
7.3	0.183587	0.510941	-0.839783	-0.126776	0.859475	0.495207	0.974794	0.0155509	0.222564
7.33333	0.204549	0.555435	-0.80601	-0.13695	0.83156	0.538287	0.969229	0.000277117	0.246162
7.36667	0.221654	0.592247	-0.77467	-0.143576	0.805594	0.574808	0.964497	-0.0161843	0.263596
7.4	0.238077	0.622329	-0.745672	-0.149732	0.782087	0.604914	0.959635	-0.0323653	0.27938
7.43333	0.253795	0.646946	-0.719062	-0.156964	0.761095	0.629362	0.954437	-0.0468623	0.294709
7.46667	0.266566	0.667343	-0.695411	-0.164851	0.742454	0.649297	0.949614	-0.0584412	0.307925
7.5	0.27881	0.682844	-0.67527	-0.174899	0.727497	0.663444	0.944286	-0.0668704	0.322262
7.53333	0.287036	0.695811	-0.658375	-0.184078	0.714553	0.674929	0.940067	-0.072537	0.333186
7.56667	0.297812	0.707269	-0.641154	-0.187991	0.701929	0.68699	0.935931	-0.0840628	0.342003
7.6	0.309213	0.717117	-0.624604	-0.185618	0.689671	0.699929	0.932702	-0.100489	0.346365
7.63333	0.319229	0.72595	-0.609171	-0.180478	0.677611	0.712932	0.930334	-0.117647	0.347331
7.66667	0.32771	0.734044	-0.594799	-0.175695	0.665932	0.725028	0.928298	-0.133095	0.347201
7.7	0.335601	0.741107	-0.581491	-0.170749	0.654925	0.736151	0.9264	-0.147764	0.346337
7.73333	0.344106	0.746981	-0.568867	-0.168145	0.645098	0.74537	0.923752	-0.160834	0.347583
7.76667	0.350643	0.75236	-0.557678	-0.167884	0.636337	0.752921	0.921338	-0.170382	0.349436
7.8	0.355616	0.757147	-0.547965	-0.171152	0.62913	0.758223	0.918828	-0.175851	0.353316
7.83333	0.360576	0.760538	-0.539969	-0.178361	0.624451	0.760426	0.915518	-0.177882	0.360812
7.86667	0.363886	0.763151	-0.53403	-0.189746	0.622048	0.75964	0.911912	-0.175093	0.371159
7.9	0.365313	0.765228	-0.530068	-0.200088	0.620663	0.758117	0.909126	-0.17089	0.37985
7.93333	0.368733	0.765208	-0.527724	-0.209302	0.621498	0.754938	0.905665	-0.167917	0.389327
7.96667	0.372548	0.763884	-0.526963	-0.217023	0.623809	0.750842	0.90228	-0.165362	0.398179
8	0.375639	0.761679	-0.527958	-0.223353	0.62729	0.74607	0.899449	-0.162333	0.405758
8.03333	0.379547	0.758834	-0.529259	-0.228969	0.631313	0.740957	0.896391	-0.160045	0.413362
8.06667	0.384304	0.755473	-0.530632	-0.232102	0.635373	0.736498	0.893554	-0.159878	0.419523
8.1	0.388612	0.752782	-0.531319	-0.234311	0.638424	0.733153	0.891111	-0.160418	0.424484
8.13333	0.393488	0.750898	-0.530396	-0.235557	0.640028	0.731353	0.88864	-0.16284	0.428722
8.16667	0.398678	0.749773	-0.528107	-0.235976	0.640328	0.730955	0.886212	-0.166795	0.432213
8.2	0.405065	0.749475	-0.523651	-0.236919	0.639222	0.731618	0.883058	-0.17229	0.436491
8.23333	0.410562	0.750531	-0.517825	-0.238279	0.63647	0.733573	0.880149	-0.17779	0.440146
8.26667	0.41602	0.751584	-0.511907	-0.238251	0.633356	0.736272	0.87759	-0.184342	0.442555
8.3	0.419311	0.752981	-0.507147	-0.23819	0.630307	0.738904	0.876039	-0.189033	0.443647
8.33333	0.413595	0.756669	-0.506352	-0.243415	0.627802	0.739333	0.877319	-0.182531	0.44384
8.36667	0.398425	0.75881	-0.515232	-0.253105	0.630893	0.733425	0.881587	-0.161807	0.443422
8.4	0.37795	0.754865	-0.536034	-0.263036	0.642671	0.719573	0.887675	-0.130967	0.441454
8.43333	0.354196	0.744782	-0.565548	-0.263027	0.65968	0.704016	0.89742	-0.100605	0.429554
8.46667	0.324973	0.730208	-0.60099	-0.26329	0.680213	0.684097	0.908334	-0.0640785	0.413307
8.5	0.287757	0.707455	-0.645526	-0.270924	0.706635	0.653656	0.918584	-0.0132058	0.395005
8.53333	0.241277	0.673495	-0.698706	-0.288673	0.737195	0.610911	0.926528	0.0542985	0.372288
8.56667	0.182869	0.625754	-0.758282	-0.315949	0.767779	0.557397	0.930986	0.137648	0.338109
8.6	0.114673	0.561026	-0.819817	-0.354618	0.794007	0.49376	0.927953	0.234101	0.290001
8.63333	0.0410504	0.479413	-0.876629	-0.40723	0.809217	0.423476	0.912403	0.339606	0.22845
8.66667	-0.0349849	0.383585	-0.922843	-0.470123	0.808542	0.353898	0.881907	0.446231	0.152045
8.7	-0.110544	0.280805	-0.953378	-0.536491	0.790637	0.295077	0.836635	0.544097	0.063249
8.73333	-0.179117	0.178478	-0.967503	-0.598707	0.760576	0.251146	0.780684	0.624236	-0.0293756
8.76667	-0.20438	0.0504906	-0.977589	-0.674789	0.716206	0.178066	0.709146	0.69606	-0.112308
8.8	-0.190572	-0.0885064	-0.977675	-0.734145	0.674012	0.0820856	0.6517	0.733399	-0.193424
8.83333	-0.173203	-0.209169	-0.962418	-0.765266	0.64371	-0.00218033	0.619975	0.736128	-0.271563
8.86667	-0.1559	-0.306473	-0.939026	-0.775389	0.626909	-0.0758737	0.611937	0.716282	-0.33537
8.9	-0.143806	-0.383499	-0.912276	-0.770856	0.621491	-0.139747	0.620565	0.683137	-0.384997
8.93333	-0.13209	-0.444132	-0.886171	-0.754669	0.62469	-0.200593	0.642672	0.642269	-0.417688
8.96667	-0.124071	-0.493355	-0.860934	-0.72924	0.633729	-0.258064	0.672916	0.595809	-0.438402
9	-0.121983	-0.528368	-0.840207	-0.689849	0.653764	-0.310969	0.713603	0.541683	-0.444242
9.03333	-0.121734	-0.544547	-0.829849	-0.634347	0.685722	-0.356916	0.763404	0.482963	-0.428907
9.06667	-0.118631	-0.543702	-0.830852	-0.571489	0.72166	-0.390649	0.811989	0.42848	-0.396331
9.1	-0.106666	-0.530293	-0.841078	-0.508429	0.756038	-0.412197	0.854472	0.383661	-0.35026
9.13333	-0.0888428	-0.505003	-0.858533	-0.440416	0.793021	-0.420893	0.893387	0.340719	-0.292866
9.16667	-0.0631812	-0.470842	-0.879952	-0.363182	0.832106	-0.419164	0.929573	0.2931	-0.223575
9.2	-0.0351191	-0.430343	-0.901982	-0.27897	0.870884	-0.404644	0.959657	0.237415	-0.150637
9.23333	-0.008732	-0.383534	-0.923486	-0.192843	0.906831	-0.374793	0.981191	0.174815	-0.0818803
9.26667	0.0153296	-0.332844	-0.942857	-0.12229	0.935265	-0.332152	0.992376	0.120393	-0.0263661
9.3	0.0399147	-0.281258	-0.958802	-0.0800911	0.955578	-0.283646	0.995988	0.0881132	0.0156153
9.33333	0.0669156	-0.229206	-0.971075	-0.0637531	0.970286	-0.233413	0.99572	0.077528	0.0503147
9.36667	0.0906075	-0.173134	-0.980722	-0.0583771	0.982156	-0.178781	0.994174	0.0734505	0.0788836
9.4	0.112027	-0.110031	-0.987595	-0.0543379	0.991685	-0.116651	0.992218	0.0667319	0.105117
9.43333	0.126732	-0.0402978	-0.991118	-0.0528506	0.997481	-0.0473144	0.990528	0.0583774	0.124283
9.46667	0.119415	0.0415427	-0.991975	-0.0597021	0.997617	0.034592	0.991048	0.0550922	0.12161
9.5	0.0999196	0.126488	-0.986923	-0.0726445	0.990167	0.119549	0.99234	0.0597493	0.108126
9.53333	0.0903689	0.213678	-0.972715	-0.0814971	0.975023	0.206614	0.992568	0.060602	0.105526
9.56667	0.0782322	0.301713	-0.950184	-0.0930175	0.951156	0.294363	0.992586	0.0653551	0.102476
9.6	0.0880351	0.376893	-0.922064	-0.098404	0.92442	0.368461	0.991245	0.0582973	0.118469
9.63333	0.108799	0.433173	-0.89472	-0.113667	0.899581	0.421704	0.987544	0.0558196	0.147111
9.66667	0.131737	0.478491	-0.868154	-0.128649	0.876633	0.463642	0.982901	0.0506087	0.177042
9.7	0.153574	0.513676	-0.844128	-0.144407	0.856758	0.495089	0.977528	0.045865	0.205754
9.73333	0.173573	0.543636	-0.821178	-0.154613	0.838537	0.522447	0.972608	0.0362825	0.2296
9.76667	0.19213	0.568796	-0.799723	-0.16304	0.822081	0.545528	0.967731	0.0255747	0.250683
9.8	0.206507	0.591871	-0.77913	-0.168706	0.805907	0.567497	0.963791	0.0142522	0.266277
9.83333	0.221792	0.61148	-0.75954	-0.173834	0.791257	0.586254	0.959474	0.00200749	0.281791
9.86667	0.233496	0.629528	-0.741062	-0.178119	0.776925	0.603872	0.955904	-0.00900477	0.29354
9.9	0.247666	0.645071	-0.722872	-0.182499	0.763822	0.619087	0.951502	-0.0214031	0.306898
9.93333	0.258817	0.659707	-0.70555	-0.182366	0.750675	0.635003	0.948555	-0.0356814	0.314596
9.96667	0.270255	0.673241	-0.688265	-0.18019	0.737603	0.650749	0.945777	-0.0518497	0.320652
10	0.283176	0.685836	-0.670403	-0.178398	0.724483	0.665807	0.94233	-0.068942	0.327508
10.0333	0.292337	0.698798	-0.652856	-0.174928	0.710235	0.681885	0.940181	-0.0851372	0.329867
10.0667	0.304618	0.711251	-0.633507	-0.174023	0.695481	0.697153	0.936442	-0.102121	0.335629
10.1	0.31503	0.723952	-0.613718	-0.17323	0.679642	0.712796	0.933138	-0.118238	0.339518
10.1333	0.325818	0.735538	-0.593991	-0.172817	0.664024	0.727466	0.929504	-0.134369	0.343465
10.1667	0.337745	0.746222	-0.573656	-0.173685	0.648414	0.74121	0.925074	-0.150705	0.348606
10.2	0.347484	0.756366	-0.554225	-0.176108	0.63318	0.753704	0.921	-0.164296	0.353222
10.2333	0.358621	0.765011	-0.534929	-0.179985	0.618961	0.764521	0.915967	-0.177895	0.359663
10.2667	0.368905	0.772431	-0.51697	-0.185081	0.60611	0.773547	0.910853	-0.189684	0.366559
10.3	0.378095	0.779601	-0.499267	-0.19137	0.59347	0.781774	0.905771	-0.20004	0.37358
10.3333	0.386551	0.785159	-0.483843	-0.19658	0.58271	0.788546	0.901074	-0.2097	0.379593
10.3667	0.39225	0.790779	-0.469902	-0.199862	0.571904	0.795601	0.897884	-0.218159	0.382376
10.4	0.397859	0.794994	-0.457922	-0.203269	0.563106	0.800995	0.894645	-0.225602	0.385634
10.4333	0.401403	0.799553	-0.446756	-0.206729	0.554281	0.806248	0.892266	-0.231273	0.387781
10.4667	0.40513	0.802881	-0.437325	-0.208658	0.546911	0.810772	0.89013	-0.237216	0.389097
10.5	0.408692	0.804856	-0.430322	-0.209255	0.541571	0.814195	0.88836	-0.242708	0.389756
10.5333	0.411606	0.806204	-0.424989	-0.210567	0.537833	0.816332	0.886703	-0.246519	0.391135
10.5667	0.414009	0.80629	-0.422484	-0.210507	0.536354	0.81732	0.885598	-0.249441	0.391785
10.6	0.412151	0.806273	-0.424329	-0.210509	0.537392	0.816637	0.886463	-0.247253	0.391215
10.6333	0.398946	0.807763	-0.434006	-0.215351	0.542598	0.811918	0.891328	-0.230448	0.39042
10.6667	0.380241	0.805774	-0.454031	-0.223341	0.556372	0.800356	0.897516	-0.202925	0.391518
10.7	0.359756	0.797432	-0.484435	-0.223686	0.577768	0.784952	0.905837	-0.17403	0.38623
10.7333	0.334562	0.784336	-0.522384	-0.215097	0.603253	0.767997	0.917497	-0.144579	0.370534
10.7667	0.302339	0.766923	-0.566057	-0.211332	0.633001	0.744747	0.929478	-0.10554	0.353456
10.8	0.261952	0.741906	-0.617217	-0.219871	0.668609	0.710365	0.939701	-0.0503736	0.338267
10.8333	0.2176	0.70629	-0.67365	-0.237529	0.707758	0.665326	0.946694	0.0152363	0.321773
10.8667	0.168905	0.660981	-0.731146	-0.258101	0.74558	0.614405	0.951239	0.0849334	0.296532
10.9	0.116032	0.607693	-0.78565	-0.283562	0.77834	0.56016	0.951908	0.157784	0.262631
10.9333	0.0582822	0.547048	-0.83507	-0.318985	0.802845	0.503675	0.945966	0.237019	0.221292
10.9667	-0.00117994	0.476115	-0.879382	-0.367932	0.81749	0.443099	0.929852	0.324075	0.174213
11	-0.0636466	0.396233	-0.915941	-0.428137	0.818211	0.383705	0.90147	0.41657	0.117566
11.0333	-0.12784	0.310077	-0.942077	-0.49364	0.803964	0.331605	0.860219	0.507439	0.0502877
11.0667	-0.186432	0.222778	-0.956877	-0.556892	0.778414	0.289729	0.809391	0.586892	-0.0210578
11.1	-0.216832	0.112024	-0.96976	-0.631511	0.741439	0.226851	0.744431	0.661603	-0.0900235
11.1333	-0.202053	-0.0220724	-0.979126	-0.703502	0.698809	0.129422	0.681366	0.714967	-0.156725
11.1667	-0.181248	-0.149234	-0.972049	-0.74907	0.661393	0.0381313	0.637216	0.735043	-0.231663
11.2	-0.157658	-0.259786	-0.952709	-0.766233	0.640773	-0.0479283	0.622921	0.722441	-0.30008
11.2333	-0.135422	-0.35618	-0.924552	-0.768156	0.627117	-0.12908	0.625778	0.69272	-0.358527
11.2667	-0.118806	-0.437676	-0.891249	-0.756777	0.620998	-0.204081	0.642785	0.650231	-0.405002
11.3	-0.107623	-0.505053	-0.856352	-0.736074	0.619477	-0.272844	0.668291	0.600974	-0.438426
11.3333	-0.103656	-0.557905	-0.823406	-0.711514	0.620064	-0.330559	0.694985	0.5516	-0.46123
11.3667	-0.109105	-0.592189	-0.798379	-0.665773	0.639945	-0.383689	0.738135	0.489676	-0.464085
11.4	-0.118111	-0.602558	-0.789286	-0.597346	0.678064	-0.42826	0.793238	0.420895	-0.440023
11.4333	-0.110781	-0.599693	-0.792525	-0.521959	0.71371	-0.467094	0.845746	0.36192	-0.392081
11.4667	-0.0935994	-0.584245	-0.806162	-0.449566	0.747269	-0.489367	0.88833	0.316618	-0.3326
11.5	-0.0728324	-0.558144	-0.826541	-0.373015	0.783841	-0.49644	0.924962	0.272156	-0.265285
11.5333	-0.0426249	-0.526566	-0.849065	-0.286906	0.820494	-0.494444	0.95701	0.222527	-0.186049
11.5667	-0.0129294	-0.488788	-0.872307	-0.194176	0.857	-0.477333	0.980881	0.163209	-0.105991
11.6	0.00629533	-0.447831	-0.894096	-0.11034	0.888343	-0.445726	0.993874	0.101461	-0.0438212
11.6333	0.0265369	-0.406533	-0.913251	-0.0634815	0.911043	-0.407395	0.99763	0.0687855	-0.00163104
11.6667	0.0416727	-0.361241	-0.931541	-0.0551193	0.9301	-0.363148	0.99761	0.0664793	0.0188484
11.7	0.0515994	-0.306501	-0.950471	-0.0563692	0.949327	-0.309193	0.997076	0.0695314	0.0317074
11.7333	0.0505513	-0.235808	-0.970484	-0.0513816	0.969825	-0.238325	0.997399	0.0619126	0.0369097
11.7667	0.0293914	-0.153498	-0.987712	-0.055953	0.986337	-0.154949	0.998001	0.0598197	0.0204012
11.8	0.0258165	-0.0683826	-0.997325	-0.0691555	0.995145	-0.0700233	0.997272	0.0707783	0.0209621
11.8333	0.0368141	0.0202382	-0.999117	-0.0733936	0.99715	0.0174941	0.996623	0.0726848	0.0381945
11.8667	0.057375	0.108381	-0.992452	-0.0726192	0.99191	0.104124	0.995708	0.066097	0.0647814
11.9	0.0778611	0.195148	-0.977678	-0.0662744	0.979499	0.190233	0.994759	0.0499832	0.0891982
11.9333	0.0987996	0.27645	-0.955936	-0.0698819	0.960192	0.270459	0.992651	0.0400814	0.114185
11.9667	0.128298	0.345091	-0.929759	-0.0870167	0.937808	0.336071	0.987911	0.0377873	0.150347
12	0.15856	0.405099	-0.900419	-0.103059	0.913764	0.392955	0.981956	0.0304898	0.186635
12.0333	0.182601	0.456928	-0.870559	-0.116262	0.889269	0.442362	0.976289	0.0204367	0.215505
12.0667	0.203907	0.502265	-0.840328	-0.130807	0.864644	0.485058	0.970212	0.0110138	0.242006
12.1	0.221573	0.540034	-0.811954	-0.144241	0.841641	0.520418	0.964417	0.00180661	0.26438
12.1333	0.238655	0.572945	-0.784078	-0.152744	0.819505	0.55234	0.959017	-0.0120552	0.283093
12.1667	0.251326	0.603161	-0.756989	-0.157163	0.797143	0.582977	0.955058	-0.0275467	0.295137
12.2	0.263985	0.628908	-0.731291	-0.152737	0.775877	0.612117	0.952357	-0.0498951	0.300878
12.2333	0.28322	0.651357	-0.703932	-0.154976	0.755421	0.636648	0.946451	-0.071219	0.314895
12.2667	0.296126	0.673755	-0.677025	-0.157459	0.733554	0.66114	0.942081	-0.0891766	0.323313
12.3	0.307027	0.696874	-0.648152	-0.159181	0.709055	0.686952	0.938294	-0.107739	0.328628
12.3333	0.319549	0.718305	-0.618002	-0.163061	0.684152	0.710878	0.933434	-0.126388	0.335748
12.3667	0.329813	0.73807	-0.588622	-0.168037	0.65945	0.732727	0.928971	-0.142753	0.341518
