0	0	1	0	0	0	-1	-1	0	0
0.0333333	0.995863	-0.0642595	-0.0642496	0.0457356	0.965417	-0.256668	0.078521	0.252668	0.964362
0.0666667	0.998122	-0.0329769	-0.0516254	0.0265619	0.992375	-0.120356	0.0552007	0.118759	0.991387
0.1	0.998995	-0.015151	-0.0421858	0.0131204	0.998761	-0.0480008	0.0428608	0.0473991	0.997956
0.133333	0.999359	-0.00357403	-0.0356248	0.00337778	0.999979	-0.00556764	0.0356439	0.00544373	0.99935
0.166667	0.999476	0.00353994	-0.0321842	-0.0028959	0.999795	0.0200359	0.0322486	-0.0199322	0.999281
0.2	0.999501	0.00790868	-0.0305857	-0.00678553	0.999305	0.0366526	0.0308543	-0.0364268	0.99886
0.233333	0.99949	0.0111971	-0.0298969	-0.00975568	0.998803	0.0479299	0.0303977	-0.0476139	0.998403
0.266667	0.999502	0.0126557	-0.0289146	-0.011009	0.998347	0.0564175	0.0295808	-0.0560711	0.997988
0.3	0.999524	0.0133784	-0.0277892	-0.0116308	0.998	0.062127	0.0285648	-0.0617743	0.997681
0.333333	0.999567	0.013103	-0.02635	-0.0113475	0.997775	0.0657024	0.0271523	-0.0653749	0.997491
0.366667	0.999626	0.0123154	-0.0244288	-0.0106757	0.997752	0.0661515	0.0251886	-0.0658659	0.997511
0.4	0.99971	0.0102327	-0.0217851	-0.00876171	0.997743	0.0665797	0.0224172	-0.0663695	0.997543
0.433333	0.999793	0.00828253	-0.0185941	-0.0070144	0.997711	0.0672589	0.0191086	-0.0671145	0.997562
0.466667	0.999879	0.00667485	-0.0140514	-0.00567588	0.997533	0.0699711	0.0144838	-0.0698828	0.99745
0.5	0.999935	0.00488656	-0.0103324	-0.00412297	0.997347	0.0726743	0.0106601	-0.072627	0.997302
0.533333	0.999968	0.00342392	-0.00724722	-0.00287656	0.997237	0.0742337	0.00748136	-0.0742105	0.997215
0.566667	0.999985	0.00266592	-0.0046812	-0.00230191	0.997097	0.0761129	0.00487052	-0.0761011	0.997088
0.6	0.999994	0.00168344	-0.00311405	-0.00144153	0.997098	0.0761174	0.00323315	-0.0761125	0.997094
0.633333	0.999995	0.00137926	-0.0027063	-0.00116913	0.997095	0.0761639	0.00280349	-0.0761604	0.997092
0.666667	0.999997	0.000935794	-0.00214255	-0.000771733	0.997158	0.0753327	0.00220696	-0.0753308	0.997156
0.7	0.999997	0.000392723	-0.00260212	-0.000199163	0.99726	0.073972	0.00262405	-0.0739712	0.997257
0.733333	0.999994	-0.000240749	-0.00332138	0.000480277	0.997382	0.0723059	0.00329528	-0.0723071	0.997377
0.766667	0.999991	-0.000637262	-0.0042735	0.000935573	0.997535	0.0701705	0.00421825	-0.0701738	0.997526
0.8	0.999988	-0.000739583	-0.00478652	0.00107038	0.997583	0.0694809	0.00472356	-0.0694852	0.997572
0.833333	0.999985	-0.000469748	-0.00536864	0.000837795	0.997633	0.0687598	0.00532364	-0.0687633	0.997619
0.866667	0.999982	-0.000769344	-0.00594914	0.00117525	0.997648	0.0685306	0.00588243	-0.0685364	0.997631
0.9	0.99998	-0.00107404	-0.00629286	0.00149429	0.997741	0.0671635	0.00620651	-0.0671716	0.997722
0.933333	0.999978	-0.00164514	-0.00643208	0.00207026	0.997774	0.0666559	0.0063081	-0.0666678	0.997755
0.966667	0.99998	-0.00160432	-0.00606795	0.00199929	0.99784	0.0656567	0.00594951	-0.0656675	0.997824
1	0.999981	-0.00196695	-0.005781	0.00234059	0.997859	0.0653527	0.00564008	-0.065365	0.997845
1.03333	0.999986	-0.00196018	-0.00490477	0.00227722	0.997851	0.0654918	0.00476586	-0.0655021	0.997841
1.06667	0.999985	-0.00212513	-0.00496783	0.00244691	0.997837	0.0656915	0.00481748	-0.0657027	0.997828
1.1	0.999987	-0.00191562	-0.0047945	0.00222895	0.997802	0.0662251	0.0046571	-0.0662349	0.997793
1.13333	0.999987	-0.00161319	-0.00482434	0.00193079	0.99778	0.0665698	0.00470624	-0.0665783	0.99777
1.16667	0.999985	-0.00131434	-0.00526953	0.00167097	0.997666	0.0682557	0.00516753	-0.0682635	0.997654
1.2	0.999986	-0.000531082	-0.00534383	0.000899091	0.997609	0.0691013	0.00529436	-0.0691051	0.997595
1.23333	0.999981	-0.000121482	-0.00621118	0.000548311	0.997633	0.068764	0.00618813	-0.0687661	0.997614
1.26667	0.99998	0.00065566	-0.006262	-0.0002166	0.997557	0.0698599	0.00629251	-0.0698572	0.997537
1.3	0.999978	0.000918576	-0.00660461	-0.000448121	0.997485	0.070883	0.0066531	-0.0708785	0.997463
1.33333	0.999977	0.0011877	-0.00672857	-0.000699595	0.997398	0.0720851	0.00679668	-0.0720787	0.997376
1.36667	0.999976	0.0012205	-0.00675097	-0.00072472	0.997335	0.0729596	0.00682202	-0.072953	0.997312
1.4	0.999975	0.00109882	-0.00696799	-0.000577631	0.997231	0.0743637	0.00703041	-0.0743578	0.997207
1.43333	0.999975	0.00125005	-0.00701073	-0.000712354	0.997094	0.0761808	0.00708558	-0.0761739	0.997069
1.46667	0.999974	0.00170753	-0.0069695	-0.00116042	0.996971	0.0777623	0.00708117	-0.0777522	0.996948
1.5	0.999973	0.00196916	-0.00706857	-0.00140613	0.99689	0.0787914	0.00720174	-0.0787793	0.996866
1.53333	0.999972	0.00208313	-0.00713262	-0.00151183	0.996859	0.0791851	0.00727517	-0.0791721	0.996834
1.56667	0.999969	0.00239685	-0.00754088	-0.00180329	0.996971	0.0777571	0.00770441	-0.0777411	0.996944
1.6	0.999966	0.00258048	-0.00783985	-0.00197145	0.997051	0.0767218	0.00801471	-0.0767038	0.997022
1.63333	0.999964	0.00291487	-0.00798956	-0.00230193	0.997129	0.0756813	0.00818723	-0.0756602	0.9971
1.66667	0.999962	0.00319526	-0.00815746	-0.00256903	0.997131	0.075656	0.0083758	-0.0756322	0.997101
1.7	0.99996	0.00398637	-0.00802753	-0.0033642	0.997096	0.07608	0.0083075	-0.07605	0.997069
1.73333	0.999957	0.00488454	-0.00789956	-0.00427065	0.997103	0.0759442	0.00824763	-0.0759072	0.997081
1.76667	0.999951	0.00580324	-0.00804839	-0.00518646	0.997197	0.074645	0.00845902	-0.0745996	0.997178
1.8	0.999948	0.00621792	-0.00811373	-0.00561028	0.997325	0.0728756	0.00854516	-0.0728263	0.997308
1.83333	0.999937	0.00735848	-0.00843101	-0.00675245	0.997539	0.0697835	0.00892376	-0.0697222	0.997527
1.86667	0.999923	0.00897561	-0.00860813	-0.00838659	0.997773	0.0661783	0.00918294	-0.066101	0.997771
1.9	0.99989	0.0124121	-0.00812269	-0.0118741	0.997929	0.0632266	0.00889064	-0.0631232	0.997966
1.93333	0.999833	0.0161977	-0.00847908	-0.0156764	0.998176	0.0583033	0.00940799	-0.0581606	0.998263
1.96667	0.999734	0.0215139	-0.00831657	-0.0210276	0.998281	0.0547032	0.00947915	-0.0545137	0.998468
2	0.999556	0.0284039	-0.00895113	-0.0279154	0.998326	0.0506486	0.0103748	-0.0503763	0.998676
2.03333	0.999241	0.0371923	-0.011605	-0.0366314	0.998302	0.045293	0.0132699	-0.0448335	0.998906
2.06667	0.998809	0.0452437	-0.0182889	-0.0444756	0.998192	0.0404239	0.0200847	-0.0395624	0.999015
2.1	0.99841	0.049657	-0.0266825	-0.0486446	0.998118	0.0373401	0.0284865	-0.0359828	0.998946
2.13333	0.998144	0.0520972	-0.0315234	-0.0509888	0.998086	0.0349979	0.0332864	-0.0333256	0.99889
2.16667	0.998239	0.0505434	-0.0310674	-0.0495627	0.998272	0.0315667	0.0326092	-0.0299713	0.999019
2.2	0.998619	0.0451709	-0.0268138	-0.0445405	0.998727	0.0236601	0.0278484	-0.0224331	0.99936
2.23333	0.999076	0.0374541	-0.0210982	-0.0371373	0.999194	0.0152102	0.0216509	-0.0144126	0.999662
2.26667	0.999464	0.0287751	-0.0156167	-0.0285897	0.99952	0.0119666	0.0159535	-0.0115137	0.999806
2.3	0.999694	0.0211267	-0.0129041	-0.0209491	0.999686	0.0137533	0.0131907	-0.0134787	0.999822
2.33333	0.999782	0.0154632	-0.0140464	-0.0151957	0.999705	0.018956	0.0143354	-0.0187384	0.999722
2.36667	0.999776	0.0120617	-0.0173649	-0.0115792	0.999551	0.0276279	0.0176903	-0.0274207	0.999467
2.4	0.999732	0.011409	-0.0201352	-0.0106234	0.999194	0.0387012	0.0205605	-0.0384769	0.999048
2.43333	0.999652	0.0128668	-0.0230301	-0.0117713	0.998821	0.0470894	0.0236088	-0.0468019	0.998625
2.46667	0.999571	0.0146742	-0.025339	-0.0133405	0.998557	0.0520216	0.0260658	-0.0516613	0.998324
2.5	0.999519	0.016016	-0.0265704	-0.0145523	0.998413	0.0543961	0.0273995	-0.0539833	0.998166
2.53333	0.999485	0.0161686	-0.0277271	-0.0146893	0.9985	0.0527478	0.0285384	-0.0523133	0.998223
2.56667	0.999491	0.0151843	-0.028057	-0.0138726	0.998828	0.0463691	0.0287282	-0.0459562	0.99853
2.6	0.99955	0.0142328	-0.0264206	-0.0131365	0.999064	0.0412146	0.0269824	-0.040849	0.998801
2.63333	0.999617	0.0124476	-0.0247113	-0.0114297	0.999097	0.0409139	0.0251982	-0.0406158	0.998857
2.66667	0.999693	0.00818832	-0.0233875	-0.00709891	0.998903	0.0462898	0.0237409	-0.0461095	0.998654
2.7	0.999728	0.00380114	-0.0230251	-0.00257744	0.998594	0.0529449	0.0231939	-0.0528711	0.998332
2.73333	0.99969	-0.000152786	-0.0249031	0.00146152	0.998618	0.0525432	0.0248607	-0.0525633	0.998308
2.76667	0.999644	-0.00446062	-0.0263115	0.00573169	0.99881	0.0484327	0.0260641	-0.0485663	0.99848
2.8	0.999554	-0.0091972	-0.0284082	0.0104284	0.998999	0.043499	0.0279797	-0.0437759	0.998649
2.83333	0.999498	-0.0126902	-0.0290309	0.0139453	0.998958	0.0434477	0.0284493	-0.0438307	0.998634
2.86667	0.99944	-0.0140749	-0.0303625	0.0154857	0.998787	0.046744	0.0296677	-0.047188	0.998445
2.9	0.999365	-0.012994	-0.03318	0.0148489	0.998304	0.0562839	0.0323924	-0.0567408	0.997863
2.93333	0.999276	-0.0102114	-0.0366476	0.0127715	0.997443	0.0703165	0.0358359	-0.0707337	0.996851
2.96667	0.999058	-0.00867976	-0.0425188	0.0121344	0.996585	0.0816767	0.0416647	-0.0821157	0.995752
3	0.998653	-0.00976119	-0.0509586	0.0138068	0.996727	0.0796521	0.0500143	-0.0802484	0.995519
3.03333	0.998057	-0.0129846	-0.0609473	0.0170134	0.997671	0.0660571	0.0599476	-0.0669657	0.995953
3.06667	0.997495	-0.0169022	-0.0686907	0.02021	0.998655	0.0477487	0.0677912	-0.0490173	0.996495
3.1	0.997032	-0.0197525	-0.0744136	0.0220229	0.999313	0.0298146	0.0737736	-0.031365	0.996782
3.13333	0.996734	-0.021803	-0.0777543	0.0233378	0.999549	0.018885	0.0773075	-0.0206379	0.996794
3.16667	0.996664	-0.0217919	-0.0786472	0.022983	0.999634	0.0142706	0.0783075	-0.0160305	0.9968
3.2	0.996781	-0.0209545	-0.0773812	0.022237	0.999629	0.0157492	0.0770224	-0.0174192	0.996877
3.23333	0.997083	-0.0185093	-0.074042	0.0202856	0.999522	0.0233105	0.0735752	-0.0247445	0.996983
3.26667	0.997418	-0.0160215	-0.0700022	0.0182149	0.999359	0.0308077	0.0694637	-0.0320032	0.997071
3.3	0.997748	-0.0144339	-0.0655002	0.0167412	0.999254	0.0348151	0.0649488	-0.0358332	0.997245
3.33333	0.998088	-0.0122893	-0.0605689	0.0145976	0.999178	0.0378164	0.0600544	-0.0386283	0.997447
3.36667	0.998382	-0.00829887	-0.0562573	0.0105851	0.999125	0.0404639	0.0558722	-0.0409939	0.997596
3.4	0.998617	-0.00368094	-0.0524367	0.00592518	0.99907	0.0427081	0.0522307	-0.0429597	0.997711
3.43333	0.998784	0.00135427	-0.0492848	0.000801494	0.999045	0.0436948	0.0492969	-0.0436812	0.997829
3.46667	0.998884	0.00565453	-0.0468946	-0.00357634	0.999013	0.0442823	0.0470987	-0.0440652	0.997918
3.5	0.99895	0.00863126	-0.0449849	-0.00665137	0.99901	0.0439777	0.04532	-0.0436324	0.998019
3.53333	0.999037	0.0108293	-0.0425291	-0.00909622	0.999129	0.0407341	0.0429332	-0.040308	0.998264
3.56667	0.999162	0.011812	-0.0391889	-0.0102494	0.999154	0.0398369	0.0396263	-0.0394018	0.998437
3.6	0.999297	0.0131036	-0.0351274	-0.0115838	0.999002	0.0431261	0.0356575	-0.0426889	0.998452
3.63333	0.99942	0.0149175	-0.0306001	-0.0133831	0.998672	0.0497506	0.0313016	-0.0493123	0.998293
3.66667	0.999524	0.01676	-0.0259154	-0.0152646	0.998266	0.0568593	0.0268234	-0.0564366	0.998046
3.7	0.999614	0.0178571	-0.0213045	-0.0165364	0.998023	0.0606326	0.0223451	-0.0602569	0.997933
3.73333	0.99971	0.017757	-0.0162469	-0.0167888	0.998181	0.0579072	0.0172456	-0.0576177	0.99819
3.76667	0.999786	0.0181665	-0.00994482	-0.0176225	0.998476	0.0522978	0.0108797	-0.0521113	0.998582
3.8	0.999798	0.0197717	-0.0036794	-0.0195758	0.99869	0.0472829	0.00460944	-0.0472013	0.998875
3.83333	0.999784	0.0207262	0.00149134	-0.0207688	0.999015	0.0392128	-0.000677134	-0.0392353	0.99923
3.86667	0.999757	0.0215771	0.00447182	-0.0216694	0.999529	0.0217418	-0.00400059	-0.0218334	0.999754
3.9	0.99967	0.0247093	0.00701147	-0.0247573	0.99967	0.00683557	-0.00684025	-0.0070069	0.999952
3.93333	0.999418	0.0324251	0.0105844	-0.0325197	0.999432	0.00888923	-0.0102902	-0.00922827	0.999904
3.96667	0.999207	0.037645	0.0129633	-0.0377836	0.99923	0.0106104	-0.0125539	-0.0110918	0.99986
4	0.999148	0.0393496	0.012464	-0.0394279	0.999204	0.00610117	-0.012214	-0.00658739	0.999904
4.03333	0.9992	0.03904	0.00869636	-0.0390107	0.999233	-0.00351886	-0.00882706	0.0031768	0.999956
4.06667	0.999222	0.0392547	0.00374499	-0.0392213	0.999194	-0.00860229	-0.00407965	0.00844872	0.999956
4.1	0.999285	0.0372012	-0.00674674	-0.0373196	0.999135	-0.0183673	0.00605761	0.018606	0.999809
4.13333	0.9992	0.0359592	-0.0175143	-0.0362851	0.999167	-0.0186609	0.0168287	0.0192815	0.999672
4.16667	0.998904	0.0352314	-0.0308068	-0.035648	0.999279	-0.0130778	0.0303239	0.0141617	0.99944
4.2	0.998439	0.0333068	-0.044843	-0.0338655	0.999357	-0.0117566	0.0444226	0.0132568	0.998925
4.23333	0.997924	0.0292049	-0.0573993	-0.0301016	0.999437	-0.01482	0.0569342	0.0165171	0.998241
4.26667	0.997386	0.0245946	-0.067942	-0.0259259	0.999487	-0.0187824	0.0674452	0.0204948	0.997512
4.3	0.996926	0.0208125	-0.075537	-0.0226759	0.999457	-0.0238963	0.0749987	0.0255358	0.996857
4.33333	0.996572	0.0173586	-0.0808943	-0.0200736	0.999258	-0.0328713	0.0802636	0.0343824	0.996181
4.36667	0.996387	0.0148401	-0.0836275	-0.0183727	0.998964	-0.0416317	0.082923	0.0430178	0.995627
4.4	0.996466	0.0131323	-0.0829699	-0.0168359	0.998885	-0.0440968	0.0822983	0.0453379	0.995576
4.43333	0.996816	0.011401	-0.0789159	-0.014404	0.999189	-0.0375893	0.0784234	0.0386064	0.996172
4.46667	0.997336	0.00884461	-0.0724068	-0.0106044	0.999657	-0.0239566	0.07217	0.0246606	0.997087
4.5	0.99781	0.00451726	-0.065988	-0.00526464	0.999924	-0.0111565	0.0659326	0.0114795	0.997758
4.53333	0.99814	-0.00145422	-0.0609508	0.00131096	0.999996	-0.00239038	0.0609541	0.00230603	0.998138
4.56667	0.998283	-0.00856447	-0.0579434	0.00840247	0.99996	-0.00303887	0.0579671	0.00254678	0.998315
4.6	0.998363	-0.0154688	-0.0550577	0.0149689	0.999843	-0.00948058	0.0551957	0.00864091	0.998438
4.63333	0.998475	-0.0205754	-0.0512296	0.0196988	0.999652	-0.0175565	0.051573	0.0165205	0.998533
4.66667	0.998817	-0.0208683	-0.0439127	0.0203204	0.99971	-0.0128872	0.0441689	0.0119796	0.998952
4.7	0.999162	-0.0186476	-0.0364305	0.0183705	0.9998	-0.00792481	0.036571	0.00724893	0.999305
4.73333	0.999439	-0.0161127	-0.0293455	0.0158915	0.999844	-0.00775307	0.0294658	0.00728238	0.999539
4.76667	0.99967	-0.0141668	-0.0214194	0.0139966	0.999869	-0.00807855	0.0215311	0.00777608	0.999738
4.8	0.99976	-0.0155529	-0.0154073	0.0153725	0.999813	-0.0117585	0.0155873	0.0115188	0.999812
4.83333	0.999799	-0.016602	-0.0112768	0.0164812	0.999807	-0.0107246	0.0114527	0.0105366	0.999879
4.86667	0.999823	-0.0158134	-0.0102188	0.0157696	0.999866	-0.00435479	0.0102863	0.00419287	0.999938
4.9	0.99983	-0.01522	-0.0104205	0.0151932	0.999881	-0.00264291	0.0104595	0.00248414	0.999942
4.93333	0.999824	-0.0148424	-0.01144	0.0148397	0.99989	-0.00031669	0.0114435	0.000146868	0.999935
4.96667	0.99978	-0.0153807	-0.0142949	0.0154109	0.999879	0.0020096	0.0142623	-0.00222946	0.999896
5	0.99969	-0.0158593	-0.0192086	0.0159647	0.999858	0.005346	0.0191211	-0.005651	0.999801
5.03333	0.999457	-0.0179225	-0.027658	0.0179413	0.999839	0.000431135	0.0276459	-0.000927123	0.999617
5.06667	0.999267	-0.0163317	-0.0346205	0.016758	0.999787	0.0120596	0.0344162	-0.0126309	0.999328
5.1	0.998861	-0.0151078	-0.0452668	0.0160696	0.999651	0.0209599	0.0449343	-0.0216635	0.998755
5.13333	0.998121	-0.0148761	-0.0594453	0.0163553	0.999567	0.0244738	0.0590555	-0.0254001	0.997932
5.16667	0.997069	-0.0146448	-0.0750938	0.0165606	0.999551	0.0249535	0.0746947	-0.0261239	0.996864
5.2	0.995641	-0.0157452	-0.091928	0.0179076	0.999581	0.0227452	0.0915314	-0.0242923	0.995506
5.23333	0.99399	-0.0176972	-0.108035	0.0198181	0.999631	0.0185888	0.107666	-0.0206181	0.993973
5.26667	0.992217	-0.0210699	-0.122723	0.0227678	0.999663	0.0124495	0.122419	-0.0151467	0.992363
5.3	0.990509	-0.0266854	-0.13483	0.0275054	0.999613	0.00422198	0.134666	-0.00789047	0.99086
5.33333	0.989132	-0.0311966	-0.143684	0.0312502	0.99951	-0.00188367	0.143673	-0.00262698	0.989622
5.36667	0.988251	-0.0331636	-0.149198	0.0330735	0.999448	-0.0030858	0.149218	-0.00188496	0.988802
5.4	0.988023	-0.0322031	-0.150907	0.0327771	0.999462	0.00131724	0.150783	-0.00624775	0.988547
5.43333	0.988347	-0.0296055	-0.149309	0.0312725	0.999472	0.00882881	0.148968	-0.0133952	0.988751
5.46667	0.989101	-0.0259201	-0.144938	0.0288647	0.999417	0.0182501	0.14438	-0.0222348	0.989272
5.5	0.990182	-0.022232	-0.138008	0.0262488	0.999281	0.0273539	0.137301	-0.0307079	0.990053
5.53333	0.991458	-0.0190823	-0.129023	0.0237198	0.999123	0.0345026	0.128251	-0.0372683	0.991041
5.56667	0.992902	-0.0165863	-0.117771	0.0214099	0.998978	0.0398113	0.11699	-0.0420502	0.992242
5.6	0.99434	-0.0139224	-0.105329	0.0186913	0.998838	0.0444252	0.104588	-0.0461425	0.993445
5.63333	0.995763	-0.0101816	-0.0913945	0.0148514	0.998611	0.0505617	0.0907527	-0.0517048	0.99453
5.66667	0.996991	-0.00577481	-0.0772997	0.0103598	0.998202	0.0590459	0.0768197	-0.0596691	0.995258
5.7	0.998051	-8.48038e-05	-0.062407	0.00441384	0.997591	0.0692331	0.0622508	-0.0693736	0.995647
5.73333	0.998803	0.00420814	-0.0487312	-0.000512175	0.997137	0.0756093	0.0489099	-0.0754938	0.995946
5.76667	0.999348	0.0092921	-0.0348987	-0.00631379	0.996403	0.0845023	0.0355583	-0.0842268	0.995812
5.8	0.999672	0.0132779	-0.021912	-0.011238	0.995813	0.0907249	0.0230249	-0.0904489	0.995635
5.83333	0.999815	0.015983	-0.0107103	-0.0149468	0.995767	0.0906862	0.0121144	-0.0905093	0.995822
5.86667	0.999844	0.0175944	-0.00167323	-0.0173895	0.996255	0.0846998	0.00315721	-0.0846574	0.996405
5.9	0.999815	0.0183405	0.00576376	-0.0187188	0.997052	0.0744127	-0.004382	-0.0745069	0.997211
5.93333	0.999729	0.0195091	0.0126707	-0.0202837	0.997731	0.0641927	-0.0113896	-0.0644324	0.997857
5.96667	0.999601	0.0207478	0.0191792	-0.0217889	0.998206	0.0557717	-0.0179877	-0.0561673	0.998259
6	0.999379	0.0232266	0.0264969	-0.0245861	0.998334	0.052192	-0.0252405	-0.0528111	0.998285
6.03333	0.999222	0.0252404	0.03029	-0.0266965	0.998458	0.0486713	-0.0290148	-0.0494421	0.998355
6.06667	0.99914	0.0262518	0.0320852	-0.0273997	0.998981	0.0358745	-0.0311107	-0.0367228	0.998841
6.1	0.999078	0.0282873	0.0322849	-0.0288651	0.999429	0.0175748	-0.0317693	-0.0184905	0.999324
6.13333	0.99891	0.0340855	0.0318839	-0.0343324	0.999384	0.0072287	-0.0316179	-0.00831547	0.999465
6.16667	0.998601	0.0438296	0.0295906	-0.0441663	0.998966	0.0108217	-0.0290857	-0.0121135	0.999504
6.2	0.998367	0.051769	0.0241523	-0.0521603	0.998513	0.0158616	-0.0232953	-0.0170955	0.999582
6.23333	0.998444	0.0536525	0.0152162	-0.0537765	0.998522	0.00786097	-0.014772	-0.00866701	0.999853
6.26667	0.99867	0.0513627	0.00438427	-0.0513728	0.998677	0.00221915	-0.00426449	-0.00244143	0.999988
6.3	0.998808	0.0483677	-0.00649252	-0.0483515	0.998827	0.00263581	0.00661239	-0.00231875	0.999975
6.33333	0.998711	0.0480571	-0.0163481	-0.0479181	0.998813	0.008785	0.0167509	-0.0079903	0.999828
6.36667	0.998349	0.0519911	-0.0244281	-0.0514567	0.998432	0.0220191	0.0255346	-0.0207257	0.999459
6.4	0.997895	0.0563607	-0.0320763	-0.0554046	0.998015	0.029953	0.0337008	-0.0281128	0.999036
6.43333	0.997671	0.0560292	-0.0389053	-0.0552199	0.998241	0.021575	0.0400457	-0.0193764	0.99901
6.46667	0.99769	0.0502274	-0.0457352	-0.0503607	0.99873	-0.00176518	0.0455884	0.00406435	0.998952
6.5	0.99778	0.0438884	-0.0500788	-0.0450238	0.998749	-0.0217725	0.0490606	0.0239789	0.998508
6.53333	0.997959	0.0378394	-0.0514385	-0.0394254	0.998767	-0.0301746	0.0502333	0.032141	0.99822
6.56667	0.998212	0.0325728	-0.050112	-0.0340009	0.999032	-0.0279146	0.0491542	0.0295685	0.998353
6.6	0.998471	0.0288837	-0.0471244	-0.0297119	0.999414	-0.0169705	0.0466067	0.0183447	0.998745
6.63333	0.998692	0.0250982	-0.0445362	-0.0253245	0.999669	-0.00452281	0.0444079	0.00564475	0.998998
6.66667	0.998831	0.0208589	-0.0436147	-0.0206635	0.999774	0.00492534	0.0437076	-0.00401835	0.999036
6.7	0.998882	0.0161769	-0.044414	-0.0158285	0.999841	0.00818348	0.0445394	-0.00747132	0.99898
6.73333	0.998894	0.0117359	-0.045541	-0.0113653	0.9999	0.00838786	0.0456349	-0.007861	0.998927
6.76667	0.998848	0.00686625	-0.0474957	-0.00651656	0.999951	0.00751339	0.0475449	-0.00719523	0.998843
6.8	0.998776	0.00168236	-0.0494433	-0.00128639	0.999967	0.00803917	0.0494551	-0.00796573	0.998745
6.83333	0.998702	-0.00365607	-0.0507959	0.00407446	0.999959	0.0081356	0.050764	-0.00833201	0.998676
6.86667	0.998621	-0.00892195	-0.0517367	0.00926966	0.999936	0.00648461	0.0516756	-0.00695525	0.99864
6.9	0.998555	-0.0132136	-0.0520849	0.013424	0.999903	0.00369186	0.0520311	-0.00438572	0.998636
6.93333	0.998527	-0.0159379	-0.0518601	0.0160711	0.999869	0.0021538	0.0518189	-0.00298408	0.998652
6.96667	0.998541	-0.0175128	-0.051088	0.0175748	0.999845	0.00076481	0.0510667	-0.00166156	0.998694
7	0.998597	-0.0180234	-0.0497953	0.018045	0.999837	-1.59397e-05	0.0497875	-0.000882639	0.998759
7.03333	0.99873	-0.0177724	-0.0471423	0.0177792	0.999842	-0.000274537	0.0471398	-0.000563965	0.998888
7.06667	0.998944	-0.0178817	-0.0423139	0.0178613	0.99984	-0.00085936	0.0423225	0.00010267	0.999104
7.1	0.999094	-0.020039	-0.0375579	0.0199626	0.999798	-0.00241022	0.0375986	0.00165828	0.999292
7.13333	0.999179	-0.0218219	-0.0341354	0.0218506	0.999761	0.00046887	0.034117	-0.00121436	0.999417
7.16667	0.999303	-0.0199223	-0.0315612	0.0202837	0.999732	0.0111715	0.0313302	-0.0118039	0.999439
7.2	0.999413	-0.0171828	-0.0296338	0.0177643	0.999653	0.0194736	0.0292889	-0.0199886	0.999371
7.23333	0.999483	-0.0149764	-0.0284352	0.0156279	0.999617	0.0228285	0.0280824	-0.0232611	0.999335
7.26667	0.999467	-0.0135382	-0.0296929	0.0143335	0.99954	0.0267367	0.0293172	-0.0271481	0.999201
7.3	0.999407	-0.011393	-0.0325003	0.0123505	0.999491	0.0294148	0.0321487	-0.0297987	0.999039
7.33333	0.999248	-0.00970688	-0.0375395	0.0108428	0.999486	0.0301751	0.0372273	-0.0305594	0.998839
7.36667	0.998994	-0.00613	-0.0444219	0.00770156	0.999347	0.0352936	0.0441766	-0.0356003	0.998389
7.4	0.998571	-0.00154839	-0.0534245	0.00390074	0.999026	0.0439553	0.0533044	-0.0441008	0.997604
7.43333	0.997908	0.00202863	-0.0646183	0.00117499	0.998773	0.0495011	0.0646395	-0.0494734	0.996682
7.46667	0.99688	0.00217859	-0.0788992	0.00134071	0.999007	0.0445246	0.0789179	-0.0444915	0.995888
7.5	0.995494	-0.00057524	-0.0948199	0.00362685	0.999481	0.032014	0.0947522	-0.0322137	0.99498
7.53333	0.993943	-0.00570795	-0.10975	0.00757573	0.999833	0.016609	0.109637	-0.0173399	0.99382
7.56667	0.992472	-0.0101803	-0.122046	0.0110015	0.999921	0.0060565	0.121974	-0.00735359	0.992506
7.6	0.991342	-0.0115681	-0.130797	0.0125388	0.9999	0.00660065	0.130708	-0.00818354	0.991387
7.63333	0.990579	-0.012591	-0.136361	0.0143544	0.999825	0.0119569	0.136187	-0.0138016	0.990587
7.66667	0.990229	-0.0127847	-0.138864	0.0157498	0.99967	0.0202749	0.138559	-0.0222638	0.990104
7.7	0.990161	-0.0120366	-0.139417	0.0160621	0.999485	0.0277844	0.139011	-0.0297504	0.989844
7.73333	0.990385	-0.0107549	-0.137919	0.0153959	0.999349	0.0326279	0.137478	-0.0344376	0.989906
7.76667	0.990913	-0.0104379	-0.134102	0.0151551	0.9993	0.0342035	0.133652	-0.035925	0.990377
7.8	0.991662	-0.0110771	-0.128388	0.0153386	0.999362	0.0322516	0.127949	-0.033952	0.991199
7.83333	0.99248	-0.0138253	-0.121624	0.0168749	0.999568	0.02408	0.121239	-0.0259513	0.992284
7.86667	0.993875	-0.012917	-0.109755	0.0159679	0.999509	0.0269648	0.109352	-0.0285522	0.993593
7.9	0.995252	-0.0113311	-0.0966667	0.0144752	0.999387	0.0318863	0.0962461	-0.0331342	0.994806
7.93333	0.996612	-0.00807662	-0.0818454	0.0115172	0.999066	0.0416526	0.0814326	-0.0424541	0.995774
7.96667	0.997773	-0.00366085	-0.0666034	0.00733185	0.998462	0.0549567	0.0662998	-0.0553226	0.996265
8	0.998662	0.000301985	-0.0517106	0.00320696	0.997696	0.0677608	0.051612	-0.067836	0.996361
8.03333	0.999265	0.00349288	-0.0381718	-0.000452084	0.996844	0.0793808	0.0383286	-0.0793052	0.996113
8.06667	0.999655	0.00628002	-0.0254995	-0.00401303	0.996112	0.0879999	0.025953	-0.0878672	0.995794
8.1	0.999864	0.00779264	-0.0145586	-0.00642917	0.995788	0.0914596	0.01521	-0.0913535	0.995702
8.13333	0.999947	0.00829069	-0.00616592	-0.00771193	0.996037	0.0886019	0.00687605	-0.0885496	0.996048
8.16667	0.999957	0.00918584	-0.000994844	-0.00907031	0.996448	0.0837215	0.00176036	-0.083709	0.996489
8.2	0.999943	0.0104505	0.0022426	-0.0105951	0.996817	0.0790166	-0.0014097	-0.0790359	0.996871
8.23333	0.999917	0.0119898	0.00468857	-0.012307	0.997124	0.074784	-0.00377843	-0.0748355	0.997189
8.26667	0.999891	0.0133882	0.00624952	-0.0137849	0.997557	0.0684793	-0.00531745	-0.0685579	0.997633
8.3	0.999841	0.0164299	0.00696224	-0.016837	0.997864	0.0631182	-0.00591034	-0.0632254	0.997982
8.33333	0.999793	0.0195569	0.00554962	-0.0198546	0.998005	0.0599325	-0.00436646	-0.0600303	0.998187
8.36667	0.99977	0.0213245	0.00212358	-0.0214073	0.998353	0.0532236	-0.00098512	-0.0532568	0.99858
8.4	0.999746	0.0222595	-0.00351213	-0.0221096	0.999029	0.038117	0.00435719	-0.0380297	0.999267
8.43333	0.999646	0.0255921	-0.00733761	-0.0253726	0.999269	0.0285898	0.00806393	-0.0283935	0.999564
8.46667	0.999423	0.0326563	-0.00934605	-0.0323281	0.998921	0.0333408	0.0104247	-0.0330194	0.9994
8.5	0.99922	0.0375042	-0.0123322	-0.0370079	0.998582	0.0382707	0.01375	-0.0377845	0.999191
8.53333	0.99915	0.0372704	-0.0175929	-0.0366704	0.998773	0.0332781	0.0188116	-0.0326047	0.999291
8.56667	0.999048	0.0361397	-0.024438	-0.035475	0.999003	0.0271083	0.0253933	-0.0262156	0.999334
8.6	0.998783	0.0366783	-0.0329876	-0.0358429	0.99903	0.025568	0.0338934	-0.0243545	0.999129
8.63333	0.998373	0.037201	-0.0432148	-0.036186	0.999056	0.0240383	0.0440683	-0.0224354	0.998777
8.66667	0.997823	0.0369415	-0.0546258	-0.0357681	0.999111	0.0223053	0.0554012	-0.0203029	0.998258
8.7	0.997101	0.0350345	-0.0675401	-0.0338787	0.999261	0.0181831	0.0681272	-0.0158422	0.997551
8.73333	0.996229	0.0325715	-0.0804215	-0.0312175	0.99935	0.0180364	0.0809567	-0.0154578	0.996598
8.76667	0.995209	0.0311006	-0.0926871	-0.0290966	0.999314	0.0228952	0.0933356	-0.0200886	0.995432
8.8	0.994178	0.0307628	-0.103264	-0.0274652	0.999071	0.0332048	0.104189	-0.0301753	0.9941
8.83333	0.993253	0.0315886	-0.11158	-0.0266867	0.998623	0.045156	0.112853	-0.0418736	0.992729
8.86667	0.992527	0.0337354	-0.117269	-0.026732	0.997793	0.0607891	0.119061	-0.0572	0.991238
8.9	0.992086	0.0334928	-0.121008	-0.0253702	0.997359	0.0680519	0.122968	-0.0644434	0.990316
8.93333	0.991909	0.0306819	-0.123188	-0.0224645	0.997463	0.0675499	0.124948	-0.064236	0.990082
8.96667	0.991859	0.0237135	-0.125112	-0.0169697	0.998359	0.0546952	0.126204	-0.0521268	0.990634
9	0.991985	0.0174484	-0.125145	-0.0117377	0.998862	0.0462253	0.12581	-0.0443859	0.991061
9.03333	0.992251	0.0123161	-0.123639	-0.00697524	0.999027	0.0435375	0.124055	-0.0423377	0.991372
9.06667	0.992542	0.00812209	-0.12163	-0.00272825	0.999008	0.0444473	0.12187	-0.0437839	0.99158
9.1	0.992934	0.00507639	-0.118563	0.000784171	0.998782	0.0493308	0.118669	-0.0490752	0.99172
9.13333	0.993434	0.00281011	-0.11437	0.00355623	0.998457	0.0554224	0.114349	-0.0554652	0.991891
9.16667	0.994038	0.00270517	-0.109004	0.0042866	0.99795	0.063857	0.108953	-0.0639435	0.991988
9.2	0.994774	0.00273489	-0.102066	0.00429283	0.997637	0.0685717	0.102012	-0.0686515	0.992411
9.23333	0.995627	0.00453148	-0.0933056	0.00244936	0.997213	0.0745668	0.0933835	-0.0744693	0.992841
9.26667	0.996606	0.00681475	-0.0820396	-5.21637e-05	0.99662	0.0821521	0.0823222	-0.081869	0.993237
9.3	0.997493	0.00842146	-0.0702587	-0.00213517	0.996023	0.0890729	0.0707294	-0.0886996	0.993544
9.33333	0.998261	0.00715297	-0.0585074	-0.00188727	0.995979	0.0895649	0.0589129	-0.0892988	0.994261
9.36667	0.998826	0.00378526	-0.0482895	8.79041e-05	0.996799	0.079954	0.0484376	-0.0798644	0.995628
9.4	0.999216	-0.00170115	-0.0395542	0.00413707	0.998093	0.0615842	0.039374	-0.0616995	0.997318
9.43333	0.999448	-0.00739821	-0.0323869	0.00864474	0.99922	0.0385196	0.0320766	-0.0387784	0.998733
9.46667	0.999667	-0.00955193	-0.0239616	0.0102682	0.999499	0.029951	0.0236635	-0.0301871	0.999264
9.5	0.999695	-0.0126559	-0.0212113	0.013145	0.999647	0.0230817	0.0209117	-0.0233535	0.999509
9.53333	0.999685	-0.0128959	-0.0215203	0.0134769	0.999543	0.027073	0.0211614	-0.0273546	0.999402
9.56667	0.999654	-0.0115428	-0.0236189	0.0123084	0.999395	0.0325304	0.0232291	-0.0328099	0.999192
9.6	0.999623	-0.0105363	-0.0253706	0.0114577	0.99927	0.0364476	0.0249681	-0.0367246	0.999013
9.63333	0.999512	-0.0118908	-0.028894	0.012779	0.999445	0.0307547	0.0285123	-0.0311089	0.999109
9.66667	0.999451	-0.0103544	-0.0314848	0.0115647	0.999192	0.038504	0.0310606	-0.038847	0.998762
9.7	0.999342	-0.00819316	-0.0353355	0.00998262	0.998661	0.0507668	0.0348722	-0.0510861	0.998085
9.73333	0.999149	-0.00715661	-0.0406161	0.00968321	0.998007	0.0623553	0.0400889	-0.0626956	0.997227
9.76667	0.9988	-0.00689699	-0.0484775	0.0104792	0.997201	0.0740332	0.0478312	-0.0744524	0.996077
9.8	0.9982	-0.00711066	-0.0595581	0.0120876	0.996424	0.0836266	0.0587505	-0.0841959	0.994716
9.83333	0.997285	-0.00924424	-0.0730549	0.0153243	0.996423	0.0831086	0.0720253	-0.0840024	0.993859
9.86667	0.996119	-0.012444	-0.0871273	0.0194008	0.996649	0.07946	0.0858466	-0.080842	0.993023
9.9	0.99484	-0.0154538	-0.100271	0.022918	0.997016	0.0737204	0.0988327	-0.075638	0.992225
9.93333	0.993614	-0.0184824	-0.111306	0.0264977	0.997127	0.070968	0.109674	-0.0734642	0.991249
9.96667	0.992772	-0.0207704	-0.118208	0.0298183	0.996715	0.0752956	0.116256	-0.0782761	0.99013
10	0.992076	-0.0247007	-0.123187	0.0339992	0.996681	0.0739618	0.120951	-0.077564	0.989623
10.0333	0.991421	-0.0282751	-0.127614	0.0380758	0.996454	0.0750255	0.12504	-0.0792408	0.988982
10.0667	0.991189	-0.0298097	-0.129056	0.0404005	0.995957	0.080239	0.126142	-0.0847459	0.988386
10.1	0.991387	-0.0271561	-0.128116	0.0395814	0.994646	0.0954591	0.124838	-0.0997079	0.987154
10.1333	0.991837	-0.0222574	-0.125558	0.0367406	0.992773	0.114244	0.122107	-0.117924	0.985487
10.1667	0.992463	-0.0157148	-0.121529	0.0319576	0.990616	0.132885	0.118301	-0.135767	0.983652
10.2	0.993061	-0.00930596	-0.117229	0.0265178	0.988909	0.146134	0.114569	-0.148229	0.982294
10.2333	0.993587	-0.00380301	-0.113004	0.0210231	0.98822	0.151589	0.111096	-0.152993	0.981963
10.2667	0.993988	0.00067457	-0.10949	0.0159259	0.988456	0.150671	0.108328	-0.151509	0.982502
10.3	0.994346	0.00369847	-0.106128	0.0118345	0.989309	0.145357	0.105531	-0.145791	0.983671
10.3333	0.994625	0.00372677	-0.103473	0.00990517	0.991344	0.130918	0.103065	-0.131239	0.985979
10.3667	0.995133	0.00547019	-0.098389	0.00674846	0.992331	0.123427	0.0983096	-0.12349	0.987464
10.4	0.995828	0.00827912	-0.0908695	0.00269523	0.992772	0.119988	0.0912061	-0.119732	0.988608
10.4333	0.996484	0.0112818	-0.0830196	-0.00116856	0.992668	0.12087	0.0837745	-0.120348	0.989191
10.4667	0.997137	0.0141295	-0.0742835	-0.00482322	0.992271	0.123997	0.0754614	-0.123284	0.989498
10.5	0.997725	0.0165238	-0.0653636	-0.00816592	0.991981	0.126124	0.0669234	-0.125304	0.989859
10.5333	0.998266	0.017911	-0.0560781	-0.0107058	0.991942	0.126243	0.0578873	-0.125423	0.990413
10.5667	0.998741	0.0183263	-0.0467037	-0.0124893	0.99241	0.122336	0.0485912	-0.121599	0.991389
10.6	0.999098	0.0189394	-0.0379998	-0.0143775	0.993037	0.116921	0.0399497	-0.116269	0.992414
10.6333	0.999322	0.0191989	-0.0314123	-0.0155581	0.993553	0.112298	0.0333657	-0.111734	0.993178
10.6667	0.99949	0.0184946	-0.0260272	-0.0156507	0.994294	0.105519	0.0278302	-0.105057	0.994077
10.7	0.999577	0.0180081	-0.022836	-0.0157548	0.995326	0.0952763	0.024445	-0.0948763	0.995189
10.7333	0.999639	0.0198769	-0.0180746	-0.0181524	0.995683	0.0910231	0.0198058	-0.0906621	0.995685
10.7667	0.999595	0.024573	-0.0143258	-0.0231057	0.995221	0.0948788	0.0165887	-0.0945094	0.995386
10.8	0.999482	0.0290028	-0.0139506	-0.0274861	0.994729	0.0987826	0.016742	-0.098348	0.995011
10.8333	0.999329	0.0316229	-0.0184658	-0.0297236	0.994999	0.095365	0.0213892	-0.0947521	0.995271
10.8667	0.999089	0.0336489	-0.0262287	-0.0312357	0.995671	0.0875373	0.0290607	-0.0866383	0.995816
10.9	0.998743	0.0365237	-0.0343187	-0.0336127	0.996075	0.0818779	0.0371745	-0.0806215	0.996051
10.9333	0.998332	0.0388039	-0.0427575	-0.035386	0.996326	0.0779845	0.0456265	-0.0763414	0.996037
10.9667	0.997871	0.0397296	-0.0517111	-0.0358231	0.996585	0.0743967	0.0544903	-0.0723859	0.995887
11	0.997336	0.0393567	-0.0614173	-0.034925	0.996819	0.0716335	0.0640412	-0.0692977	0.995538
11.0333	0.99666	0.0384683	-0.0720364	-0.033278	0.996855	0.0719145	0.0745763	-0.0692771	0.994806
11.0667	0.995862	0.0385443	-0.0823008	-0.0321701	0.99648	0.0774185	0.0849951	-0.0744505	0.993596
11.1	0.994781	0.0380123	-0.0946862	-0.0300406	0.995993	0.0842379	0.0975089	-0.0809538	0.991937
11.1333	0.993703	0.0385287	-0.105213	-0.0287351	0.995246	0.0930618	0.108299	-0.0894524	0.990086
11.1667	0.992651	0.0399018	-0.114247	-0.028053	0.994234	0.103502	0.117718	-0.0995362	0.988046
11.2	0.99168	0.0389457	-0.122693	-0.0259075	0.994015	0.106124	0.126091	-0.102063	0.986754
11.2333	0.990943	0.0365449	-0.129217	-0.0232519	0.994417	0.102924	0.132257	-0.0989876	0.98626
11.2667	0.990417	0.0329724	-0.134119	-0.0201751	0.995208	0.0956805	0.136631	-0.0920577	0.986335
11.3	0.990327	0.0286506	-0.135765	-0.0166068	0.995891	0.0890265	0.137758	-0.0859107	0.986733
11.3333	0.990578	0.0243633	-0.134762	-0.0130804	0.996381	0.083985	0.136321	-0.081431	0.987312
11.3667	0.991284	0.0221156	-0.129873	-0.0107438	0.996096	0.087617	0.131304	-0.085458	0.987652
11.4	0.992257	0.0187699	-0.122778	-0.00751367	0.995776	0.0915078	0.123977	-0.0898767	0.988206
11.4333	0.99331	0.0150476	-0.114496	-0.00387515	0.995259	0.0971826	0.115416	-0.0960887	0.988659
11.4667	0.994196	0.0104444	-0.107072	0.000244243	0.995054	0.099331	0.10758	-0.0987807	0.989277
11.5	0.99492	0.00655724	-0.100457	0.0034192	0.9951	0.0988174	0.100613	-0.0986589	0.990022
11.5333	0.995681	0.00454023	-0.0927339	0.00495035	0.994787	0.101856	0.0927129	-0.101875	0.990467
11.5667	0.996386	0.00350158	-0.084863	0.00545602	0.994448	0.105092	0.0847598	-0.105176	0.990835
11.6	0.997153	0.00335493	-0.0753287	0.00489942	0.994016	0.109126	0.075244	-0.109185	0.99117
11.6333	0.99785	0.00292659	-0.065473	0.00401681	0.994393	0.105667	0.0654152	-0.105703	0.992244
11.6667	0.998661	0.0069542	-0.0512702	-0.00112652	0.993614	0.112829	0.0517274	-0.11262	0.992291
11.7	0.999176	0.00748846	-0.0398802	-0.00318628	0.994268	0.106867	0.0404519	-0.106652	0.993473
11.7333	0.999462	0.00205986	-0.0327196	0.000771949	0.996269	0.0863001	0.0327753	-0.086279	0.995732
11.7667	0.999508	-0.008515	-0.0301872	0.010367	0.998039	0.0617362	0.0296023	-0.0620188	0.997636
11.8	0.999399	-0.0140319	-0.0316947	0.0157323	0.998414	0.054055	0.0308859	-0.0545212	0.998035
11.8333	0.999364	-0.0129495	-0.0332321	0.0151296	0.997691	0.0662132	0.0322979	-0.0666739	0.997252
11.8667	0.999315	-0.00978912	-0.0356939	0.0126039	0.996755	0.0795082	0.0347997	-0.0799036	0.996195
11.9	0.999218	-0.00583458	-0.0391018	0.00944803	0.995633	0.092874	0.0383891	-0.0931708	0.99491
11.9333	0.999021	-0.00204664	-0.0441869	0.00668482	0.994442	0.105077	0.0437262	-0.105269	0.993482
11.9667	0.998617	-0.000778809	-0.05257	0.00645908	0.994133	0.107968	0.0521775	-0.108159	0.992763
12	0.998027	0.00142144	-0.0627777	0.00595179	0.993102	0.117107	0.062511	-0.117249	0.991133
12.0333	0.996968	0.00582654	-0.0775992	0.00435457	0.991453	0.130389	0.0776957	-0.130332	0.988421
12.0667	0.995334	0.0110717	-0.0958534	0.00292204	0.989481	0.144634	0.0964465	-0.144239	0.984832
12.1	0.992837	0.0126942	-0.118799	0.00487836	0.989203	0.146471	0.119375	-0.146001	0.982056
12.1333	0.989407	0.00917484	-0.144877	0.0107384	0.990641	0.136072	0.144769	-0.136186	0.980049
12.1667	0.984859	0.00119448	-0.173353	0.0195469	0.992834	0.117892	0.172252	-0.119495	0.977778
12.2	0.979745	-0.00867553	-0.20006	0.0286226	0.99487	0.0970299	0.198192	-0.100791	0.974967
12.2333	0.974314	-0.0201647	-0.224291	0.0383027	0.996309	0.0768138	0.221914	-0.0834317	0.97149
12.2667	0.96933	-0.0303466	-0.243881	0.0460784	0.99719	0.0590606	0.241404	-0.0684869	0.968005
12.3	0.965419	-0.0379179	-0.25793	0.0520395	0.997484	0.0481431	0.255455	-0.0599008	0.964964
12.3333	0.963089	-0.0409926	-0.266045	0.0543743	0.997589	0.0431263	0.263635	-0.0560005	0.962996
12.3667	0.962422	-0.0420667	-0.268281	0.054772	0.997695	0.0400475	0.265978	-0.0532369	0.962508
