0	0.0520866	0.998621	0.00659298	0.0299328	0.00503779	-0.999539	-0.998194	0.05226	-0.0296291
0.0333333	0.990254	0.126222	-0.0588581	-0.0204344	-0.286363	-0.957903	-0.137763	0.949771	-0.280993
0.0666667	0.999865	-0.015126	-0.00636673	-0.0152893	-0.717568	-0.696321	0.00596402	0.696325	-0.717702
0.1	0.998279	-0.0572774	0.0125627	-0.042826	-0.858493	-0.511034	0.0400557	0.509617	-0.859469
0.133333	0.996981	-0.0749944	0.0201071	-0.0595232	-0.904519	-0.422258	0.0498543	0.419787	-0.906252
0.166667	0.996303	-0.0825128	0.0239202	-0.0670517	-0.920921	-0.383939	0.0537085	0.380916	-0.923049
0.2	0.995916	-0.0863293	0.0264413	-0.0705974	-0.927141	-0.368002	0.0562842	0.364632	-0.929449
0.233333	0.99576	-0.0873891	0.0287357	-0.0712395	-0.930169	-0.360153	0.0582025	0.356579	-0.932451
0.266667	0.995622	-0.0883583	0.03048	-0.0717025	-0.931215	-0.357347	0.059958	0.353597	-0.933474
0.3	0.995501	-0.0892403	0.0318385	-0.0720633	-0.931287	-0.357088	0.0615174	0.353187	-0.933528
0.333333	0.995424	-0.0897044	0.0329185	-0.0721036	-0.931217	-0.357262	0.0627023	0.353254	-0.933424
0.366667	0.995292	-0.0908881	0.0336692	-0.0729529	-0.931193	-0.357151	0.0638133	0.353013	-0.93344
0.4	0.995251	-0.0911366	0.0341982	-0.0730114	-0.931262	-0.356959	0.0643795	0.352767	-0.933494
0.433333	0.995163	-0.0919951	0.0344615	-0.0736813	-0.930987	-0.357539	0.0649751	0.35327	-0.933262
0.466667	0.995149	-0.0923849	0.0338141	-0.0741196	-0.930086	-0.359787	0.0646889	0.355535	-0.932422
0.5	0.995123	-0.0924796	0.0343253	-0.073983	-0.92986	-0.360399	0.0652474	0.356102	-0.932166
0.533333	0.995112	-0.0924229	0.0347897	-0.0737104	-0.929584	-0.361164	0.0657197	0.356834	-0.931853
0.566667	0.995078	-0.0926005	0.0352938	-0.0736733	-0.929463	-0.361483	0.0662779	0.357104	-0.93171
0.6	0.995067	-0.0925015	0.0358367	-0.0732914	-0.928977	-0.362809	0.0668518	0.358393	-0.931174
0.633333	0.994981	-0.0931004	0.0366648	-0.0734795	-0.928568	-0.363817	0.0679173	0.359297	-0.930748
0.666667	0.99503	-0.0926113	0.0365865	-0.0730483	-0.928586	-0.363857	0.067671	0.359376	-0.930736
0.7	0.995019	-0.092468	0.0372277	-0.0726683	-0.928534	-0.364065	0.0682316	0.359547	-0.930629
0.733333	0.994945	-0.0930753	0.0376895	-0.0730888	-0.928609	-0.363792	0.0688587	0.359198	-0.930718
0.766667	0.99487	-0.0935935	0.0383808	-0.0733462	-0.928707	-0.363487	0.0696646	0.358808	-0.930808
0.8	0.994887	-0.0932716	0.0387211	-0.0729647	-0.928953	-0.362936	0.0698217	0.358255	-0.931009
0.833333	0.99489	-0.0931915	0.0388594	-0.0729002	-0.92927	-0.362137	0.069859	0.357454	-0.931314
0.866667	0.994862	-0.093318	0.0392672	-0.0728824	-0.929324	-0.362002	0.0702732	0.35728	-0.93135
0.9	0.994851	-0.0933367	0.0394852	-0.0728372	-0.929407	-0.361797	0.0704667	0.357058	-0.93142
0.933333	0.994839	-0.0934206	0.0396073	-0.0728808	-0.92945	-0.361678	0.0706012	0.356925	-0.931461
0.966667	0.994852	-0.0934516	0.0391924	-0.073053	-0.929409	-0.361748	0.0702318	0.357023	-0.931452
1	0.994825	-0.0936669	0.0393619	-0.073184	-0.92935	-0.361874	0.0704765	0.35712	-0.931396
1.03333	0.994876	-0.0932296	0.0391197	-0.0729013	-0.929574	-0.361355	0.0700536	0.356652	-0.931607
1.06667	0.994835	-0.0935372	0.0394146	-0.073038	-0.929331	-0.361953	0.0704853	0.357205	-0.931363
1.1	0.994818	-0.0938001	0.0392233	-0.0733387	-0.929238	-0.36213	0.0704156	0.357377	-0.931302
1.13333	0.994889	-0.0931211	0.0390417	-0.0728006	-0.929441	-0.361718	0.0699705	0.357027	-0.93147
1.16667	0.994889	-0.0930562	0.0392064	-0.0726677	-0.929383	-0.361894	0.0701142	0.357195	-0.931395
1.2	0.994962	-0.0924151	0.0388623	-0.0721813	-0.929364	-0.362038	0.069575	0.357409	-0.931353
1.23333	0.99497	-0.0922502	0.039042	-0.0720123	-0.929635	-0.361377	0.0696319	0.356748	-0.931602
1.26667	0.995006	-0.0919723	0.0387814	-0.0718523	-0.929681	-0.36129	0.069283	0.3567	-0.931647
1.3	0.995088	-0.0910492	0.0388498	-0.0710087	-0.929973	-0.360705	0.0689712	0.356175	-0.93187
1.33333	0.995098	-0.0908646	0.0390429	-0.0707725	-0.930019	-0.360634	0.0690794	0.356103	-0.93189
1.36667	0.995171	-0.0902246	0.0386623	-0.0704289	-0.930669	-0.359019	0.0683742	0.354562	-0.932529
1.4	0.995113	-0.0907161	0.0390048	-0.0708188	-0.930911	-0.358314	0.0688149	0.3538	-0.932786
1.43333	0.995084	-0.0909887	0.039112	-0.0711698	-0.931581	-0.3565	0.0688734	0.351964	-0.933476
1.46667	0.995047	-0.0913658	0.0391613	-0.0715622	-0.931844	-0.355733	0.068994	0.351169	-0.933767
1.5	0.995056	-0.0911578	0.0394275	-0.0713975	-0.932494	-0.354057	0.069041	0.349492	-0.934392
1.53333	0.995091	-0.0908058	0.0393516	-0.0711937	-0.933021	-0.352708	0.0687438	0.348175	-0.934906
1.56667	0.995088	-0.0908453	0.039342	-0.0713194	-0.93345	-0.351545	0.06866	0.347013	-0.935344
1.6	0.995082	-0.0909123	0.0393273	-0.0714433	-0.933728	-0.350783	0.0686115	0.346248	-0.935631
1.63333	0.995042	-0.0914049	0.0391996	-0.0720549	-0.934217	-0.349351	0.0685533	0.344794	-0.936172
1.66667	0.995083	-0.0910493	0.0389734	-0.0719326	-0.93491	-0.347518	0.068078	0.343006	-0.936863
1.7	0.994994	-0.092347	0.0381866	-0.0735561	-0.935469	-0.345669	0.0676438	0.34113	-0.937579
1.73333	0.994899	-0.0936125	0.0375927	-0.0750533	-0.935885	-0.344218	0.0674056	0.339641	-0.938137
1.76667	0.994663	-0.096327	0.0369642	-0.0780064	-0.936587	-0.341643	0.0675296	0.336936	-0.939103
1.8	0.994487	-0.0985101	0.0359449	-0.0804993	-0.936849	-0.340343	0.0672022	0.335573	-0.939614
1.83333	0.994109	-0.102489	0.0352497	-0.0844494	-0.936341	-0.340783	0.0679322	0.335799	-0.939481
1.86667	0.993761	-0.10634	0.033644	-0.0882395	-0.934079	-0.345993	0.0682189	0.340865	-0.937634
1.9	0.993322	-0.111006	0.0314586	-0.0925191	-0.929253	-0.357672	0.0689369	0.352373	-0.933317
1.93333	0.992706	-0.116967	0.0292007	-0.0972408	-0.920046	-0.379552	0.071261	0.373945	-0.924709
1.96667	0.991586	-0.126587	0.0270611	-0.104191	-0.904541	-0.413461	0.0768168	0.407163	-0.91012
2	0.989678	-0.140464	0.0284233	-0.111265	-0.878111	-0.46534	0.0903225	0.457374	-0.884676
2.03333	0.985958	-0.163211	0.0353404	-0.117274	-0.827384	-0.549257	0.118885	0.537399	-0.834906
2.06667	0.978127	-0.202316	0.0483211	-0.121416	-0.743947	-0.657116	0.168894	0.636876	-0.752239
2.1	0.96426	-0.257774	0.0612883	-0.12458	-0.645235	-0.753759	0.233844	0.719184	-0.654287
2.13333	0.948097	-0.309846	0.0714712	-0.127114	-0.575329	-0.807984	0.29147	0.756962	-0.584854
2.16667	0.934167	-0.345368	0.0897382	-0.127074	-0.556975	-0.82075	0.333442	0.755315	-0.564195
2.2	0.926526	-0.356672	0.119726	-0.119851	-0.581456	-0.804701	0.35663	0.731228	-0.581482
2.23333	0.924386	-0.347184	0.158033	-0.107423	-0.634445	-0.765467	0.366021	0.690611	-0.623767
2.26667	0.924103	-0.32284	0.204469	-0.0914136	-0.706278	-0.702008	0.371048	0.630037	-0.682185
2.3	0.922356	-0.29145	0.253607	-0.0755126	-0.779772	-0.621493	0.37889	0.554087	-0.741235
2.33333	0.916997	-0.261981	0.300803	-0.0633107	-0.840121	-0.538691	0.393838	0.474934	-0.786975
2.36667	0.907533	-0.240632	0.34421	-0.0554627	-0.881074	-0.469715	0.416303	0.407191	-0.81295
2.4	0.897159	-0.225705	0.379688	-0.0508323	-0.906637	-0.418838	0.438773	0.356464	-0.824871
2.43333	0.888071	-0.21821	0.404616	-0.0510884	-0.921558	-0.384865	0.456858	0.321117	-0.829557
2.46667	0.883053	-0.210925	0.4192	-0.0507595	-0.930985	-0.36151	0.466521	0.297954	-0.832815
2.5	0.881911	-0.202852	0.42554	-0.0534083	-0.939866	-0.337342	0.468381	0.274778	-0.839712
2.53333	0.882617	-0.196217	0.427183	-0.0572087	-0.946802	-0.316692	0.466598	0.255079	-0.846889
2.56667	0.885749	-0.188763	0.424048	-0.0584391	-0.951655	-0.301558	0.460471	0.242324	-0.853959
2.6	0.891022	-0.18329	0.415312	-0.0579639	-0.953313	-0.296368	0.450244	0.239997	-0.860048
2.63333	0.895657	-0.174514	0.409077	-0.0567165	-0.957108	-0.284128	0.441115	0.231279	-0.867137
2.66667	0.899205	-0.157622	0.408148	-0.0444059	-0.960914	-0.273262	0.435267	0.227595	-0.871059
2.7	0.9048	-0.140679	0.401929	-0.0287515	-0.961883	-0.271944	0.424865	0.234499	-0.874357
2.73333	0.910371	-0.131591	0.392312	-0.0202009	-0.96109	-0.275495	0.4133	0.242878	-0.877607
2.76667	0.916296	-0.119468	0.382268	-0.0110618	-0.961658	-0.274027	0.400349	0.246861	-0.882486
2.8	0.921781	-0.100638	0.374422	0.00460069	-0.962817	-0.270114	0.387684	0.250709	-0.887044
2.83333	0.928481	-0.0831416	0.361952	0.0184157	-0.963112	-0.26847	0.370922	0.255935	-0.892701
2.86667	0.935123	-0.0667043	0.347987	0.0327776	-0.961622	-0.272411	0.352803	0.266144	-0.897049
2.9	0.940722	-0.0530283	0.335008	0.0454734	-0.959068	-0.279503	0.336117	0.278168	-0.899804
2.93333	0.946608	-0.0379928	0.320142	0.0574836	-0.957228	-0.283569	0.317222	0.286831	-0.903935
2.96667	0.952071	-0.027322	0.304656	0.0656655	-0.954524	-0.290813	0.298747	0.296879	-0.90698
3	0.95717	-0.0213936	0.288735	0.0688741	-0.951813	-0.298845	0.281215	0.305932	-0.909573
3.03333	0.962269	-0.020257	0.271344	0.0646797	-0.951613	-0.300416	0.2643	0.306632	-0.914397
3.06667	0.967698	-0.0245163	0.250918	0.0534397	-0.952699	-0.299181	0.246384	0.302926	-0.920614
3.1	0.972534	-0.0334838	0.230339	0.0378668	-0.953655	-0.298511	0.22966	0.299034	-0.926194
3.13333	0.976622	-0.0412272	0.210972	0.0240943	-0.954258	-0.298013	0.213608	0.296129	-0.930956
3.16667	0.980439	-0.0486235	0.190721	0.0107075	-0.954393	-0.298362	0.19653	0.294568	-0.935203
3.2	0.983939	-0.0536386	0.170257	-0.00040619	-0.954457	-0.298349	0.178506	0.293488	-0.939149
3.23333	0.986921	-0.0587879	0.1501	-0.0117449	-0.954879	-0.296762	0.160774	0.291118	-0.943081
3.26667	0.989548	-0.064149	0.129149	-0.0230395	-0.954431	-0.29754	0.142351	0.291455	-0.945934
3.3	0.991598	-0.0704626	0.108486	-0.0351379	-0.953813	-0.298339	0.124497	0.29202	-0.948275
3.33333	0.992961	-0.078366	0.0888076	-0.0483393	-0.952661	-0.300167	0.108126	0.293761	-0.949744
3.36667	0.993705	-0.0872064	0.0703208	-0.0621552	-0.951419	-0.301559	0.0932024	0.29529	-0.950851
3.4	0.993908	-0.0965486	0.0531596	-0.0759794	-0.949602	-0.304109	0.0798418	0.298218	-0.951153
3.43333	0.993769	-0.104851	0.0378078	-0.0881115	-0.946764	-0.309637	0.0682608	0.304377	-0.950103
3.46667	0.993214	-0.113844	0.0237908	-0.100502	-0.94307	-0.317047	0.0585303	0.312504	-0.948112
3.5	0.992356	-0.122992	0.0101731	-0.113125	-0.939492	-0.323353	0.0493273	0.31973	-0.946224
3.53333	0.99171	-0.128428	-0.00419238	-0.122617	-0.936075	-0.329739	0.0384233	0.327519	-0.944063
3.56667	0.991214	-0.131085	-0.0176522	-0.129316	-0.93238	-0.337559	0.0277905	0.336875	-0.941139
3.6	0.990593	-0.133707	-0.0291147	-0.135484	-0.928432	-0.345916	0.0192204	0.346607	-0.937814
3.63333	0.989932	-0.135708	-0.0402153	-0.141117	-0.924293	-0.35464	0.0109569	0.356744	-0.934138
3.66667	0.989413	-0.135819	-0.0511295	-0.145104	-0.920067	-0.363896	0.00238132	0.367463	-0.930035
3.7	0.989038	-0.133862	-0.0623201	-0.147506	-0.914881	-0.375813	-0.0067083	0.380886	-0.924598
3.73333	0.988634	-0.131181	-0.0734492	-0.149525	-0.908847	-0.38941	-0.0156708	0.395967	-0.918131
3.76667	0.988115	-0.128426	-0.0844771	-0.151825	-0.901357	-0.405593	-0.0240555	0.413598	-0.910142
3.8	0.985757	-0.135437	-0.0996961	-0.165201	-0.890807	-0.423286	-0.0314817	0.433727	-0.900494
3.83333	0.984159	-0.13848	-0.110703	-0.173818	-0.876644	-0.448645	-0.0349183	0.46078	-0.886827
3.86667	0.983385	-0.133692	-0.122803	-0.1773	-0.852568	-0.491623	-0.0389717	0.505228	-0.862106
3.9	0.981451	-0.13183	-0.139195	-0.186965	-0.818782	-0.542808	-0.042412	0.558764	-0.828242
3.93333	0.979226	-0.133909	-0.152264	-0.198929	-0.779898	-0.593452	-0.0392825	0.611414	-0.790335
3.96667	0.97773	-0.134309	-0.161259	-0.207249	-0.738874	-0.641182	-0.0330334	0.660323	-0.750254
4	0.976367	-0.135942	-0.168011	-0.214894	-0.693338	-0.687825	-0.0229838	0.707674	-0.706165
4.03333	0.975759	-0.137552	-0.170218	-0.218638	-0.646863	-0.730593	-0.00961313	0.750098	-0.661257
4.06667	0.975677	-0.143149	-0.166023	-0.218988	-0.602025	-0.767861	0.00996858	0.785541	-0.61873
4.1	0.974423	-0.160689	-0.157093	-0.220662	-0.551957	-0.804147	0.0425089	0.818244	-0.573298
4.13333	0.972128	-0.184303	-0.144911	-0.219739	-0.500754	-0.837234	0.0817404	0.845741	-0.527296
4.16667	0.968849	-0.212356	-0.127422	-0.213155	-0.453098	-0.865602	0.126081	0.865799	-0.484248
4.2	0.963791	-0.244959	-0.105371	-0.202898	-0.417241	-0.885857	0.173033	0.87516	-0.451835
4.23333	0.956842	-0.279755	-0.0786837	-0.190526	-0.399435	-0.896745	0.21944	0.873034	-0.435497
4.26667	0.948993	-0.311389	-0.0494823	-0.177396	-0.397575	-0.900258	0.260657	0.863117	-0.432535
4.3	0.941937	-0.335217	-0.0195804	-0.164875	-0.410915	-0.896641	0.292524	0.847808	-0.442325
4.33333	0.935567	-0.352878	0.0138473	-0.152971	-0.440282	-0.884733	0.318299	0.825608	-0.465893
4.36667	0.930544	-0.362266	0.053402	-0.140289	-0.487401	-0.861835	0.338242	0.794483	-0.50437
4.4	0.927157	-0.361618	0.0980421	-0.128317	-0.552315	-0.823701	0.352015	0.75112	-0.558484
4.43333	0.924843	-0.349908	0.149097	-0.116369	-0.633515	-0.764929	0.36211	0.690089	-0.62662
4.46667	0.92239	-0.328468	0.203236	-0.105517	-0.720428	-0.685455	0.371567	0.610812	-0.699175
4.5	0.917016	-0.305451	0.256479	-0.0960238	-0.793205	-0.601336	0.387119	0.526807	-0.756712
4.53333	0.90768	-0.286516	0.306635	-0.0905972	-0.847223	-0.523455	0.409767	0.447349	-0.794965
4.56667	0.894988	-0.273967	0.35205	-0.0907987	-0.884547	-0.457529	0.436752	0.377517	-0.816534
4.6	0.882783	-0.262668	0.389487	-0.0916451	-0.909442	-0.405607	0.460755	0.322368	-0.826912
4.63333	0.87428	-0.250318	0.415903	-0.091112	-0.92618	-0.365908	0.476794	0.282013	-0.832548
4.66667	0.871456	-0.233916	0.431102	-0.0853232	-0.937847	-0.336398	0.482996	0.256373	-0.83725
4.7	0.87372	-0.220262	0.433703	-0.0813174	-0.945197	-0.316211	0.479584	0.241013	-0.843749
4.73333	0.879737	-0.211556	0.425801	-0.0810466	-0.949173	-0.304142	0.468502	0.233055	-0.852169
4.76667	0.888183	-0.20237	0.412526	-0.0818054	-0.95309	-0.291422	0.452149	0.225089	-0.863074
4.8	0.894412	-0.181307	0.408847	-0.0720168	-0.960601	-0.26844	0.441409	0.210652	-0.872229
4.83333	0.900221	-0.165033	0.402946	-0.0553352	-0.961249	-0.270071	0.431902	0.220826	-0.874469
4.86667	0.906254	-0.154176	0.393616	-0.0432436	-0.960047	-0.276479	0.420516	0.233539	-0.876713
4.9	0.913771	-0.141915	0.380635	-0.0351811	-0.961119	-0.273884	0.404704	0.236876	-0.883235
4.93333	0.920457	-0.126012	0.369973	-0.0212002	-0.961304	-0.274673	0.390268	0.244981	-0.88751
4.96667	0.927544	-0.108386	0.357651	-0.00670555	-0.961692	-0.27405	0.373653	0.251795	-0.892739
5	0.935051	-0.0944847	0.341691	0.00236512	-0.962146	-0.272525	0.354506	0.255633	-0.899431
5.03333	0.941875	-0.0799836	0.326304	0.0106193	-0.963675	-0.266868	0.335796	0.254822	-0.906811
5.06667	0.948552	-0.0646361	0.309953	0.0207519	-0.964145	-0.264565	0.31594	0.257386	-0.9132
5.1	0.954958	-0.0513973	0.292256	0.0295832	-0.963489	-0.266107	0.295263	0.262767	-0.918571
5.13333	0.959916	-0.0437448	0.276853	0.0328368	-0.963393	-0.266076	0.278358	0.264501	-0.923339
5.16667	0.964398	-0.039971	0.261416	0.0315345	-0.964077	-0.263744	0.262568	0.262598	-0.928494
5.2	0.968731	-0.0406486	0.24476	0.0260427	-0.964381	-0.263234	0.246742	0.261377	-0.933167
5.23333	0.972822	-0.0437831	0.227376	0.0186107	-0.964	-0.265251	0.230804	0.262274	-0.936986
5.26667	0.976388	-0.0476743	0.210696	0.01089	-0.963241	-0.268418	0.215748	0.264375	-0.939978
5.3	0.979761	-0.0510962	0.193537	0.00359211	-0.962227	-0.272224	0.200137	0.26741	-0.942569
5.33333	0.982772	-0.0554091	0.17632	-0.00448771	-0.960875	-0.276944	0.184767	0.271382	-0.94457
5.36667	0.985471	-0.0600629	0.158869	-0.0130305	-0.959363	-0.281874	0.169343	0.275708	-0.946207
5.4	0.987987	-0.0650045	0.140201	-0.0221641	-0.957453	-0.287737	0.15294	0.281173	-0.947392
5.43333	0.990156	-0.0702908	0.121041	-0.03194	-0.955411	-0.293547	0.136277	0.286791	-0.948251
5.46667	0.991707	-0.0771401	0.102794	-0.0432527	-0.953504	-0.298261	0.121022	0.291341	-0.948933
5.5	0.992698	-0.0849326	0.0856619	-0.0554542	-0.951945	-0.301207	0.107128	0.294257	-0.949703
5.53333	0.993133	-0.0942508	0.0693097	-0.0688248	-0.949754	-0.305338	0.0946055	0.298471	-0.949718
5.56667	0.993395	-0.10144	0.0536244	-0.0801156	-0.947771	-0.308724	0.0821406	0.302389	-0.949639
5.6	0.993199	-0.109636	0.0391989	-0.0919754	-0.945207	-0.313249	0.0713944	0.307513	-0.948862
5.63333	0.992802	-0.116854	0.0262508	-0.102572	-0.94275	-0.317334	0.0618297	0.312357	-0.94795
5.66667	0.992093	-0.124598	0.015093	-0.113035	-0.939275	-0.324015	0.0545479	0.319747	-0.945932
5.7	0.99131	-0.131493	0.00369087	-0.122917	-0.935918	-0.330075	0.046857	0.326753	-0.943948
5.73333	0.990727	-0.135666	-0.00732947	-0.130174	-0.932399	-0.337174	0.0389091	0.335001	-0.941414
5.76667	0.990245	-0.138283	-0.0171324	-0.135694	-0.929072	-0.344111	0.0316676	0.343079	-0.938773
5.8	0.98987	-0.139668	-0.025511	-0.139637	-0.925206	-0.352839	0.0256774	0.352827	-0.935336
5.83333	0.98956	-0.139999	-0.0342269	-0.142825	-0.920797	-0.362953	0.0192971	0.364052	-0.931179
5.86667	0.989248	-0.139814	-0.0428931	-0.145674	-0.91613	-0.373478	0.0129218	0.375711	-0.926647
5.9	0.988834	-0.139993	-0.0510759	-0.148855	-0.911824	-0.382647	0.00699569	0.385977	-0.922482
5.93333	0.988343	-0.14002	-0.0597709	-0.152243	-0.907413	-0.391692	0.000607857	0.396226	-0.918153
5.96667	0.988183	-0.136857	-0.0690229	-0.153115	-0.902124	-0.403395	-0.00705979	0.409197	-0.912419
6	0.987375	-0.136795	-0.0798553	-0.157761	-0.894428	-0.41846	-0.0141815	0.425776	-0.904718
6.03333	0.985068	-0.145925	-0.0913628	-0.17127	-0.884662	-0.433636	-0.0175468	0.442809	-0.896444
6.06667	0.983527	-0.149128	-0.102154	-0.179429	-0.873914	-0.451752	-0.0219053	0.46264	-0.886275
6.1	0.982139	-0.14925	-0.114576	-0.186313	-0.85646	-0.481419	-0.0262782	0.494167	-0.86897
6.13333	0.97984	-0.15331	-0.128102	-0.198148	-0.827665	-0.525079	-0.0255252	0.539877	-0.841357
6.16667	0.977912	-0.158032	-0.136797	-0.20845	-0.785468	-0.582742	-0.0153579	0.598386	-0.801061
6.2	0.976523	-0.161804	-0.142206	-0.215412	-0.731081	-0.647393	0.000786062	0.662827	-0.748772
6.23333	0.974681	-0.170196	-0.14502	-0.222416	-0.67126	-0.707065	0.0229937	0.721418	-0.692118
6.26667	0.972572	-0.183704	-0.142679	-0.226511	-0.608527	-0.760518	0.0528861	0.771977	-0.633447
6.3	0.970606	-0.198432	-0.136194	-0.225113	-0.548331	-0.805393	0.0851365	0.812378	-0.576882
6.33333	0.967929	-0.216073	-0.128162	-0.221832	-0.495665	-0.839706	0.117912	0.841207	-0.527701
6.36667	0.964124	-0.23811	-0.117341	-0.217389	-0.454549	-0.863787	0.152339	0.858306	-0.490004
6.4	0.95932	-0.263255	-0.101993	-0.211713	-0.431812	-0.876764	0.186771	0.862691	-0.469981
6.43333	0.954438	-0.286938	-0.0819468	-0.204955	-0.430735	-0.878897	0.216892	0.855648	-0.46992
6.46667	0.949686	-0.307977	-0.0569856	-0.197319	-0.44702	-0.87249	0.243233	0.839835	-0.485298
6.5	0.945001	-0.325747	-0.0293696	-0.19002	-0.473721	-0.859931	0.266207	0.818216	-0.509565
6.53333	0.940741	-0.339119	0.00211737	-0.18204	-0.51024	-0.840545	0.286126	0.79035	-0.541737
6.56667	0.937586	-0.345519	0.039354	-0.169978	-0.554065	-0.814936	0.303381	0.757383	-0.578214
6.6	0.934868	-0.345668	0.0808444	-0.154497	-0.601207	-0.784016	0.319613	0.720461	-0.615454
6.63333	0.931309	-0.342017	0.125254	-0.139522	-0.652643	-0.744708	0.336449	0.676078	-0.655531
6.66667	0.927254	-0.331727	0.17366	-0.123629	-0.709023	-0.694264	0.353435	0.622289	-0.698455
6.7	0.92275	-0.314554	0.222683	-0.106468	-0.76337	-0.637127	0.370401	0.564201	-0.73789
6.73333	0.915919	-0.297465	0.269455	-0.0913302	-0.808206	-0.581775	0.390833	0.508249	-0.767419
6.76667	0.906154	-0.285488	0.312061	-0.080489	-0.840739	-0.535425	0.415219	0.46006	-0.784817
6.8	0.894783	-0.277687	0.349649	-0.0726015	-0.863147	-0.499707	0.44056	0.421744	-0.792489
6.83333	0.883794	-0.270754	0.381576	-0.0671928	-0.880545	-0.469176	0.463026	0.389015	-0.796413
6.86667	0.874777	-0.260186	0.408739	-0.0609728	-0.895995	-0.439859	0.480673	0.359857	-0.79966
6.9	0.868387	-0.248727	0.428997	-0.057484	-0.90977	-0.411113	0.492544	0.332345	-0.804331
6.93333	0.864452	-0.238146	0.442728	-0.0573466	-0.921641	-0.383784	0.499433	0.306374	-0.810371
6.96667	0.862967	-0.230477	0.449631	-0.0610353	-0.930936	-0.360046	0.50156	0.283264	-0.817434
7	0.864432	-0.223287	0.450445	-0.0651518	-0.938159	-0.340018	0.498511	0.264575	-0.825522
7.03333	0.869469	-0.215795	0.44436	-0.0685596	-0.943547	-0.324066	0.489206	0.251301	-0.83518
7.06667	0.878607	-0.206486	0.430595	-0.0701077	-0.947689	-0.3114	0.47237	0.24341	-0.847123
7.1	0.887605	-0.19007	0.41956	-0.0686311	-0.955295	-0.287577	0.455464	0.22646	-0.860969
7.13333	0.894908	-0.170551	0.412374	-0.0549169	-0.959151	-0.277513	0.442859	0.225702	-0.867718
7.16667	0.902018	-0.156391	0.402374	-0.0398308	-0.958247	-0.283152	0.429856	0.239382	-0.870586
7.2	0.910326	-0.143793	0.388112	-0.0311272	-0.958841	-0.282234	0.412721	0.244844	-0.877333
7.23333	0.919053	-0.128193	0.372704	-0.0229838	-0.96145	-0.274018	0.393463	0.243271	-0.88657
7.26667	0.926946	-0.109571	0.358839	-0.0111865	-0.964053	-0.265475	0.375029	0.242067	-0.89485
7.3	0.93503	-0.0953675	0.341504	-0.00118576	-0.963985	-0.265954	0.354568	0.24827	-0.901468
7.33333	0.942443	-0.0832197	0.323846	0.00607502	-0.964111	-0.26543	0.334313	0.25212	-0.908114
7.36667	0.948618	-0.0718739	0.308153	0.0123653	-0.964697	-0.263072	0.316182	0.253366	-0.91424
7.4	0.954474	-0.0621171	0.291756	0.0175932	-0.964652	-0.262938	0.297776	0.2561	-0.919642
7.43333	0.95946	-0.0541302	0.276598	0.0213872	-0.964571	-0.262954	0.281032	0.25821	-0.92431
7.46667	0.963597	-0.0490515	0.262819	0.0232619	-0.963916	-0.265188	0.266344	0.261648	-0.927686
7.5	0.967134	-0.047399	0.249811	0.0224314	-0.962736	-0.269511	0.253277	0.266257	-0.930031
7.53333	0.970519	-0.0455956	0.236671	0.0215977	-0.961541	-0.273811	0.240054	0.27085	-0.932209
7.56667	0.973679	-0.0470152	0.223023	0.0164203	-0.961482	-0.274377	0.227332	0.270817	-0.935403
7.6	0.976261	-0.0530185	0.210008	0.00701709	-0.961328	-0.275316	0.216484	0.270254	-0.938135
7.63333	0.978923	-0.05896	0.195534	-0.00270313	-0.961078	-0.276263	0.204212	0.269912	-0.940981
7.66667	0.981681	-0.0636207	0.179597	-0.0114537	-0.960605	-0.27768	0.190188	0.270536	-0.943737
7.7	0.983938	-0.0691558	0.164569	-0.0208581	-0.960133	-0.278764	0.177286	0.270854	-0.946154
7.73333	0.985897	-0.0744592	0.149876	-0.0299113	-0.959548	-0.27995	0.164658	0.271519	-0.948243
7.76667	0.987579	-0.0802629	0.135074	-0.0392591	-0.958465	-0.282495	0.152138	0.273683	-0.949711
7.8	0.988969	-0.0865619	0.120198	-0.0488629	-0.956701	-0.286943	0.139832	0.277904	-0.950377
7.83333	0.990124	-0.0928219	0.105067	-0.0584676	-0.954536	-0.292306	0.127422	0.283277	-0.950536
7.86667	0.991274	-0.0967108	0.0895746	-0.0654747	-0.950997	-0.302187	0.11441	0.293685	-0.949031
7.9	0.991987	-0.101944	0.0746332	-0.0737472	-0.946845	-0.313122	0.102587	0.305109	-0.946776
7.93333	0.992242	-0.108672	0.0603836	-0.0835165	-0.942449	-0.323752	0.0920912	0.316197	-0.944213
7.96667	0.992272	-0.115073	0.0464257	-0.0933022	-0.938575	-0.332222	0.0818038	0.325322	-0.942058
8	0.992307	-0.119339	0.0329265	-0.101172	-0.93502	-0.339855	0.071345	0.33391	-0.939901
8.03333	0.992167	-0.123083	0.021321	-0.107974	-0.930848	-0.349091	0.0628136	0.344054	-0.936846
8.06667	0.992023	-0.125646	0.0102061	-0.113823	-0.927582	-0.355858	0.0541793	0.351858	-0.934484
8.1	0.991908	-0.126957	9.1121e-05	-0.118263	-0.924243	-0.363028	0.0461731	0.36008	-0.931778
8.13333	0.991646	-0.128659	-0.00921936	-0.122927	-0.920972	-0.369728	0.0390782	0.367773	-0.929094
8.16667	0.991194	-0.131264	-0.0174195	-0.128199	-0.918368	-0.374387	0.0331461	0.373324	-0.927109
8.2	0.990752	-0.13319	-0.0259069	-0.133097	-0.916836	-0.376426	0.0263839	0.376393	-0.926084
8.23333	0.990355	-0.13421	-0.0344278	-0.137217	-0.915564	-0.378039	0.0192158	0.379117	-0.925149
8.26667	0.989999	-0.134164	-0.0435995	-0.140623	-0.913948	-0.38069	0.0112274	0.383014	-0.923674
8.3	0.989114	-0.136932	-0.053879	-0.14711	-0.911476	-0.384149	0.00349306	0.387893	-0.921698
8.33333	0.986546	-0.149877	-0.0653026	-0.163484	-0.906027	-0.390368	-0.000658812	0.395792	-0.91834
8.36667	0.984654	-0.157447	-0.0752726	-0.174453	-0.899567	-0.400432	-0.0046657	0.407419	-0.913229
8.4	0.983307	-0.160009	-0.0866291	-0.181625	-0.891811	-0.41435	-0.010957	0.423167	-0.905986
8.43333	0.980562	-0.167816	-0.101664	-0.195232	-0.88613	-0.420307	-0.0195534	0.431986	-0.901668
8.46667	0.977155	-0.1788	-0.114881	-0.211019	-0.880526	-0.424436	-0.0252666	0.438982	-0.898141
8.5	0.974429	-0.185198	-0.127239	-0.222704	-0.871251	-0.437407	-0.0298502	0.454559	-0.890216
8.53333	0.972105	-0.187469	-0.140952	-0.232087	-0.855637	-0.462624	-0.0338759	0.482432	-0.875278
8.56667	0.969491	-0.190752	-0.153949	-0.242904	-0.831971	-0.498821	-0.0329301	0.520997	-0.852923
8.6	0.967002	-0.193885	-0.165272	-0.253353	-0.800084	-0.543763	-0.0268034	0.567692	-0.822804
8.63333	0.964517	-0.197595	-0.17511	-0.263623	-0.757214	-0.597603	-0.0145123	0.622561	-0.782436
8.66667	0.962562	-0.202446	-0.180249	-0.27098	-0.702431	-0.658149	0.00662691	0.682353	-0.730993
8.7	0.961153	-0.209166	-0.180098	-0.273687	-0.6376	-0.720112	0.0357928	0.741428	-0.670077
8.73333	0.959569	-0.221009	-0.174307	-0.272118	-0.570056	-0.775234	0.0719684	0.791322	-0.607149
8.76667	0.957144	-0.239357	-0.163048	-0.266704	-0.509013	-0.818398	0.112895	0.82681	-0.551036
8.8	0.953488	-0.264753	-0.144108	-0.257717	-0.468048	-0.845289	0.156344	0.843111	-0.514509
8.83333	0.94897	-0.291498	-0.120356	-0.247002	-0.449716	-0.858339	0.196078	0.844266	-0.498767
8.86667	0.944808	-0.315495	-0.0883181	-0.232837	-0.456954	-0.858475	0.230488	0.831658	-0.505193
8.9	0.940853	-0.334682	-0.052763	-0.218873	-0.481496	-0.848679	0.258633	0.810031	-0.526269
8.93333	0.937027	-0.349044	-0.0121964	-0.205754	-0.523465	-0.826831	0.282216	0.777273	-0.562318
8.96667	0.933829	-0.356197	0.0329822	-0.191619	-0.575948	-0.794711	0.302069	0.735804	-0.606091
9	0.930662	-0.356507	0.08229	-0.174574	-0.630331	-0.756443	0.321547	0.689627	-0.648862
9.03333	0.926817	-0.350705	0.134223	-0.157344	-0.68724	-0.709186	0.340959	0.636166	-0.692127
9.06667	0.921615	-0.340181	0.186823	-0.141048	-0.742036	-0.655353	0.361568	0.577632	-0.731854
9.1	0.915001	-0.325618	0.238215	-0.126104	-0.791679	-0.597781	0.383238	0.51693	-0.765449
9.13333	0.906521	-0.310731	0.285773	-0.114151	-0.832133	-0.542701	0.406435	0.459348	-0.789816
9.16667	0.896815	-0.296748	0.32812	-0.104145	-0.862439	-0.495331	0.429972	0.410048	-0.804354
9.2	0.887262	-0.283741	0.363671	-0.0955823	-0.884405	-0.456828	0.451254	0.370566	-0.81182
9.23333	0.878231	-0.273125	0.392574	-0.088672	-0.899639	-0.427535	0.469945	0.340664	-0.814309
9.26667	0.871331	-0.263488	0.413951	-0.0831413	-0.91068	-0.404659	0.4836	0.318176	-0.815411
9.3	0.866802	-0.252861	0.429787	-0.0808653	-0.921766	-0.379221	0.492053	0.293954	-0.819436
9.33333	0.865305	-0.240219	0.439935	-0.0812401	-0.933289	-0.349816	0.494619	0.266957	-0.827095
9.36667	0.865949	-0.227522	0.445382	-0.083336	-0.943722	-0.320069	0.49314	0.240047	-0.836176
9.4	0.868826	-0.215253	0.445878	-0.0856397	-0.952311	-0.292865	0.487655	0.216264	-0.845827
9.43333	0.874015	-0.204632	0.440708	-0.0840948	-0.957013	-0.277587	0.478566	0.205554	-0.853652
9.46667	0.880651	-0.194626	0.431942	-0.0778226	-0.958765	-0.273338	0.467329	0.2071	-0.859484
9.5	0.884939	-0.179235	0.429834	-0.0585988	-0.958491	-0.279036	0.462005	0.221742	-0.858709
9.53333	0.888201	-0.168391	0.427485	-0.0378895	-0.954093	-0.297104	0.45789	0.247691	-0.853807
9.56667	0.893252	-0.160551	0.419909	-0.0250902	-0.950402	-0.310011	0.448855	0.266382	-0.852977
9.6	0.900066	-0.14594	0.410588	-0.0105699	-0.949283	-0.314244	0.435625	0.2785	-0.855961
9.63333	0.908516	-0.122433	0.399512	0.00571694	-0.952379	-0.304864	0.417812	0.279258	-0.864551
9.66667	0.915607	-0.107762	0.387365	0.0183209	-0.951232	-0.307931	0.401658	0.28904	-0.86898
9.7	0.922692	-0.0930703	0.374137	0.0320311	-0.948564	-0.31496	0.384206	0.302595	-0.872251
9.73333	0.930194	-0.0727823	0.35978	0.0477202	-0.94785	-0.315125	0.363953	0.310296	-0.878211
9.76667	0.936454	-0.0583677	0.345901	0.0607472	-0.944179	-0.323782	0.345491	0.32422	-0.880635
9.8	0.941406	-0.0480382	0.333836	0.0693665	-0.941067	-0.331029	0.330064	0.33479	-0.882595
9.83333	0.946259	-0.0381695	0.32115	0.0759124	-0.939054	-0.335283	0.314375	0.341643	-0.885691
9.86667	0.950698	-0.0316052	0.308502	0.0780268	-0.938413	-0.336589	0.300141	0.344067	-0.889682
9.9	0.955307	-0.0323513	0.293839	0.0724296	-0.938081	-0.338759	0.286604	0.344901	-0.893813
9.93333	0.959839	-0.0347384	0.278393	0.0645831	-0.938296	-0.33975	0.273018	0.344085	-0.898369
9.96667	0.964591	-0.0369857	0.261146	0.0553652	-0.939665	-0.337586	0.257875	0.34009	-0.904345
10	0.969402	-0.0393815	0.242298	0.0453023	-0.941393	-0.334257	0.241261	0.335006	-0.910804
10.0333	0.973015	-0.0466092	0.225983	0.0333298	-0.940724	-0.337533	0.22832	0.335957	-0.913785
10.0667	0.976899	-0.0527531	0.20709	0.0206086	-0.941281	-0.336994	0.212707	0.333477	-0.918449
10.1	0.9805	-0.0590046	0.187449	0.00766799	-0.941646	-0.336517	0.196367	0.331392	-0.922832
10.1333	0.983763	-0.0661735	0.16683	-0.00630037	-0.941706	-0.336378	0.179364	0.329865	-0.926832
10.1667	0.98649	-0.07347	0.146421	-0.0199354	-0.940989	-0.33785	0.162602	0.330367	-0.929741
10.2	0.988597	-0.0815176	0.126612	-0.0341496	-0.940262	-0.338734	0.146661	0.330547	-0.932324
10.2333	0.990174	-0.0889331	0.107917	-0.0474748	-0.93967	-0.338773	0.131534	0.330321	-0.934659
10.2667	0.991036	-0.0972404	0.0916072	-0.0606378	-0.938422	-0.340129	0.11904	0.331525	-0.935906
10.3	0.991314	-0.106086	0.0777388	-0.0734423	-0.936849	-0.341937	0.109104	0.333257	-0.936502
10.3333	0.991345	-0.113927	0.06524	-0.0850567	-0.935894	-0.34186	0.100005	0.333352	-0.937484
10.3667	0.991357	-0.119702	0.0536865	-0.0941884	-0.93428	-0.343873	0.0913207	0.335844	-0.93748
10.4	0.991573	-0.122716	0.041516	-0.1011	-0.933393	-0.344319	0.0810044	0.337221	-0.937934
10.4333	0.991485	-0.126387	0.0313608	-0.107638	-0.930968	-0.348873	0.073289	0.342527	-0.936645
10.4667	0.991488	-0.128413	0.0214627	-0.112671	-0.928899	-0.352778	0.0652381	0.347357	-0.935461
10.5	0.991491	-0.129726	0.0108241	-0.117274	-0.926212	-0.358299	0.0565063	0.353981	-0.933544
10.5333	0.991815	-0.127682	-5.59904e-05	-0.11885	-0.923048	-0.365866	0.0466629	0.362878	-0.930668
10.5667	0.992197	-0.124141	-0.0115788	-0.11942	-0.919543	-0.374406	0.035832	0.372868	-0.927192
10.6	0.991971	-0.123984	-0.0249259	-0.123963	-0.914261	-0.385695	0.0250312	0.385688	-0.92229
10.6333	0.990804	-0.129967	-0.037626	-0.134103	-0.906316	-0.40076	0.0179843	0.40212	-0.91541
10.6667	0.99022	-0.130219	-0.0500838	-0.1392	-0.897883	-0.417648	0.00941612	0.420534	-0.907228
10.7	0.98926	-0.131442	-0.0639325	-0.146162	-0.892643	-0.426409	-0.00102089	0.431174	-0.902268
10.7333	0.987212	-0.137379	-0.080868	-0.158954	-0.886782	-0.433994	-0.0120908	0.441299	-0.897279
10.7667	0.984604	-0.144866	-0.0978165	-0.173592	-0.875987	-0.450013	-0.0204945	0.460065	-0.887649
10.8	0.981813	-0.150734	-0.115422	-0.187939	-0.857728	-0.47852	-0.0268718	0.491509	-0.870458
10.8333	0.978506	-0.15791	-0.132629	-0.204106	-0.833429	-0.513553	-0.0294414	0.529585	-0.847746
10.8667	0.975202	-0.164737	-0.147791	-0.219342	-0.808396	-0.546247	-0.0294863	0.565118	-0.824483
10.9	0.972509	-0.167193	-0.162091	-0.230971	-0.781206	-0.579974	-0.0296591	0.601468	-0.798346
10.9333	0.970718	-0.166409	-0.173249	-0.238729	-0.748586	-0.618569	-0.0267568	0.641816	-0.766392
10.9667	0.969802	-0.164497	-0.180069	-0.243159	-0.709394	-0.661539	-0.0189187	0.685348	-0.72797
11	0.96969	-0.163323	-0.181732	-0.244283	-0.663805	-0.706887	-0.00518371	0.729855	-0.683582
11.0333	0.970021	-0.165483	-0.177975	-0.242537	-0.612991	-0.751943	0.0153369	0.772566	-0.63475
11.0667	0.970301	-0.173188	-0.168886	-0.238202	-0.562406	-0.791808	0.0421494	0.808521	-0.586956
11.1	0.968424	-0.193803	-0.156828	-0.235972	-0.509563	-0.827444	0.0804476	0.838324	-0.539205
11.1333	0.966118	-0.217423	-0.139079	-0.229537	-0.477388	-0.848182	0.118019	0.851368	-0.51112
11.1667	0.962944	-0.244024	-0.114848	-0.220381	-0.466476	-0.85664	0.155467	0.850207	-0.502969
11.2	0.959144	-0.270306	-0.083532	-0.207703	-0.472284	-0.856625	0.1921	0.838977	-0.509132
11.2333	0.954385	-0.294725	-0.0478161	-0.194158	-0.490938	-0.849283	0.226831	0.819827	-0.525767
11.2667	0.948956	-0.31535	-0.00605004	-0.178328	-0.520608	-0.834965	0.260157	0.793424	-0.55027
11.3	0.942971	-0.330634	0.0385677	-0.163328	-0.560517	-0.811878	0.290052	0.759278	-0.582552
11.3333	0.937054	-0.338122	0.0871977	-0.147698	-0.610078	-0.778454	0.31641	0.716574	-0.621616
11.3667	0.930559	-0.338068	0.140603	-0.13133	-0.666648	-0.733712	0.341777	0.664297	-0.664754
11.4	0.923265	-0.329791	0.197025	-0.115524	-0.727476	-0.676338	0.366381	0.601678	-0.709752
11.4333	0.914736	-0.314462	0.253717	-0.100943	-0.785873	-0.610094	0.39124	0.532464	-0.750609
11.4667	0.903993	-0.297388	0.307177	-0.0886093	-0.833179	-0.545859	0.418265	0.466234	-0.779539
11.5	0.890765	-0.282434	0.356047	-0.081217	-0.86976	-0.486746	0.447149	0.404659	-0.79769
11.5333	0.876626	-0.27114	0.397506	-0.0780738	-0.895321	-0.438525	0.474797	0.353388	-0.80603
11.5667	0.863249	-0.262046	0.431431	-0.075995	-0.912421	-0.402135	0.499024	0.314357	-0.807561
11.6	0.853572	-0.252241	0.455838	-0.0729085	-0.924199	-0.374888	0.515847	0.28676	-0.807261
11.6333	0.850425	-0.236926	0.469726	-0.0687405	-0.93524	-0.347276	0.521585	0.263043	-0.811639
11.6667	0.853371	-0.223979	0.470735	-0.0669925	-0.942626	-0.32706	0.516982	0.247568	-0.819414
11.7	0.859357	-0.21676	0.463163	-0.0681813	-0.9462	-0.316317	0.50681	0.240251	-0.827903
11.7333	0.867041	-0.208306	0.452601	-0.0694287	-0.950058	-0.304253	0.493375	0.232377	-0.838202
11.7667	0.872679	-0.188411	0.450481	-0.0590121	-0.956492	-0.285727	0.484716	0.222764	-0.845829
11.8	0.878146	-0.174332	0.445498	-0.0438484	-0.956649	-0.287923	0.476379	0.233304	-0.847722
11.8333	0.884198	-0.163635	0.437514	-0.0325811	-0.955957	-0.291693	0.465975	0.243659	-0.850586
11.8667	0.89192	-0.149701	0.426694	-0.0262415	-0.959156	-0.281657	0.45143	0.240019	-0.859419
11.9	0.900262	-0.131893	0.414888	-0.0180764	-0.963506	-0.267074	0.434972	0.232937	-0.869793
11.9333	0.909555	-0.115025	0.399347	-0.00654024	-0.964776	-0.262991	0.415531	0.236593	-0.87827
11.9667	0.919243	-0.0997091	0.380855	0.00467499	-0.964564	-0.263809	0.393663	0.244285	-0.886202
12	0.927851	-0.0873479	0.362577	0.0115954	-0.96496	-0.26214	0.37277	0.247432	-0.894327
12.0333	0.934833	-0.0817382	0.345552	0.0126	-0.964897	-0.262327	0.354865	0.249586	-0.900987
12.0667	0.942359	-0.0760003	0.325859	0.0130934	-0.964742	-0.262873	0.334348	0.251987	-0.908138
12.1	0.948502	-0.0742995	0.307934	0.010267	-0.964382	-0.264315	0.316604	0.253865	-0.913956
12.1333	0.954391	-0.0769361	0.288476	0.00299824	-0.963709	-0.266938	0.298545	0.255629	-0.919524
12.1667	0.959427	-0.0802288	0.270301	-0.00510111	-0.963445	-0.267856	0.28191	0.25561	-0.924765
12.2	0.964758	-0.0830588	0.249688	-0.0131312	-0.962891	-0.26957	0.262812	0.256791	-0.930048
12.2333	0.969385	-0.0873983	0.229466	-0.0219698	-0.961635	-0.273453	0.244562	0.260039	-0.934114
12.2667	0.974126	-0.089869	0.207371	-0.0296537	-0.960433	-0.276927	0.224053	0.263613	-0.938248
12.3	0.97824	-0.093858	0.185035	-0.0377402	-0.957446	-0.286134	0.204017	0.272925	-0.940154
12.3333	0.98196	-0.0997177	0.160656	-0.048466	-0.953989	-0.295899	0.18277	0.282774	-0.941612
12.3667	0.98504	-0.10648	0.135492	-0.06083	-0.950494	-0.304732	0.161232	0.291931	-0.942752
