0	1	0	0	0	1	0	0	0	1
0.0333333	0.986444	0.0636918	0.151233	-0.0727467	0.995827	0.0551106	-0.147091	-0.0653652	0.986961
0.0666667	0.996148	0.025695	0.0838371	-0.0273218	0.999459	0.018315	-0.0833211	-0.020535	0.996311
0.1	0.99694	0.0144502	0.0768232	-0.0147175	0.999887	0.00291485	-0.0767724	-0.00403658	0.99704
0.133333	0.997095	0.00928048	0.0756002	-0.00902778	0.999952	-0.00368363	-0.0756308	0.00299042	0.997131
0.166667	0.99711	0.00607469	0.0757291	-0.00554621	0.999959	-0.00718689	-0.0757696	0.00674611	0.997103
0.2	0.997136	0.00414733	0.0755162	-0.00346901	0.999952	-0.00911137	-0.0755504	0.00882331	0.997103
0.233333	0.997129	0.00199381	0.0756897	-0.00110688	0.99993	-0.0117582	-0.0757078	0.0116406	0.997062
0.266667	0.997179	0.000769453	0.075056	0.000194751	0.999918	-0.0128383	-0.0750597	0.0128167	0.997097
0.3	0.997249	0.000208781	0.0741245	0.000822276	0.999903	-0.013879	-0.0741202	0.0139018	0.997152
0.333333	0.997309	-0.000187665	0.0733185	0.0013117	0.999882	-0.015283	-0.073307	0.0153381	0.997191
0.366667	0.997375	-0.000507721	0.0724105	0.00176304	0.999849	-0.0172733	-0.0723908	0.0173556	0.997225
0.4	0.997434	-0.000835528	0.0715832	0.00217703	0.999823	-0.0186646	-0.0715549	0.0187725	0.99726
0.433333	0.997487	-0.000633957	0.0708472	0.00195074	0.999827	-0.0185185	-0.0708231	0.0186102	0.997315
0.466667	0.997549	0.000439854	0.0699748	0.000646464	0.99988	-0.015501	-0.0699732	0.0155083	0.997428
0.5	0.997618	0.000629217	0.0689827	0.000380812	0.999893	-0.0146276	-0.0689845	0.0146191	0.997511
0.533333	0.997666	0.000836373	0.0682811	0.000120295	0.999902	-0.0140054	-0.0682861	0.0139809	0.997568
0.566667	0.997708	0.00107112	0.0676613	-0.000143296	0.999906	-0.0137161	-0.0676696	0.013675	0.997614
0.6	0.997719	0.000859057	0.0674952	-2.25902e-05	0.999923	-0.0123928	-0.0675007	0.012363	0.997643
0.633333	0.997714	0.00101646	0.067569	-0.000224051	0.999931	-0.011734	-0.0675763	0.011692	0.997646
0.666667	0.997735	0.0010355	0.0672615	-0.000252575	0.999932	-0.0116475	-0.067269	0.0116041	0.997667
0.7	0.997746	0.000801352	0.0671041	-1.44651e-05	0.999931	-0.011726	-0.0671089	0.0116986	0.997677
0.733333	0.997762	0.000719327	0.0668638	6.0402e-05	0.999932	-0.0116587	-0.0668677	0.0116366	0.997694
0.766667	0.997778	0.000978719	0.0666154	-0.000234003	0.999937	-0.0111862	-0.0666222	0.0111458	0.997716
0.8	0.997791	0.000985044	0.0664313	-0.000247334	0.999938	-0.0111122	-0.0664381	0.0110712	0.997729
0.833333	0.997786	0.000931262	0.066498	-0.000190143	0.999938	-0.0111504	-0.0665043	0.0111131	0.997724
0.866667	0.997794	0.00113711	0.0663723	-0.000428061	0.999943	-0.0106962	-0.0663807	0.0106442	0.997738
0.9	0.9978	0.00107272	0.066282	-0.000391803	0.999947	-0.0102852	-0.0662895	0.0102366	0.997748
0.933333	0.997808	0.00112153	0.0661663	-0.000481535	0.999953	-0.00968773	-0.0661741	0.00963463	0.997762
0.966667	0.997816	0.00100181	0.0660454	-0.000360852	0.999953	-0.00971599	-0.066052	0.00967094	0.997769
1	0.99784	0.00112344	0.0656791	-0.000488367	0.999953	-0.00968454	-0.0656869	0.00963155	0.997794
1.03333	0.997865	0.00111495	0.0653084	-0.000474587	0.999952	-0.00981984	-0.0653162	0.00976787	0.997817
1.06667	0.997868	0.00141689	0.065256	-0.000808767	0.999956	-0.00934453	-0.0652664	0.00927183	0.997825
1.1	0.997868	0.00167694	0.0652444	-0.00107669	0.999957	-0.00923418	-0.065257	0.00914424	0.997827
1.13333	0.997866	0.00123904	0.0652873	-0.000594662	0.999951	-0.0098884	-0.0652963	0.00982847	0.997818
1.16667	0.997868	0.000907469	0.0652546	-0.000236522	0.999947	-0.010289	-0.0652604	0.0102516	0.997816
1.2	0.997873	0.000588665	0.0651896	0.000100668	0.999944	-0.0105705	-0.0651922	0.0105546	0.997817
1.23333	0.997856	0.000121324	0.0654418	0.000643711	0.999932	-0.0116691	-0.0654388	0.0116862	0.997788
1.26667	0.997852	5.03662e-05	0.0655108	0.00070598	0.999933	-0.0115222	-0.065507	0.0115437	0.997785
1.3	0.997841	-0.000326944	0.0656819	0.00113068	0.999925	-0.0122001	-0.0656729	0.012248	0.997766
1.33333	0.997853	-0.00050282	0.0654958	0.00130972	0.999924	-0.0122775	-0.0654846	0.0123369	0.997777
1.36667	0.997827	-0.000794743	0.0658827	0.00168415	0.999908	-0.0134454	-0.0658659	0.0135272	0.997737
1.4	0.99781	-0.00050497	0.0661367	0.00135904	0.999916	-0.0128694	-0.0661247	0.0129311	0.997728
1.43333	0.997803	-0.000523493	0.0662532	0.00137921	0.999916	-0.0128708	-0.0662409	0.0129339	0.99772
1.46667	0.997782	-0.000291702	0.0665678	0.00109811	0.999926	-0.0120777	-0.0665594	0.0121241	0.997709
1.5	0.99778	-0.000312384	0.0665914	0.0011266	0.999925	-0.0121899	-0.0665826	0.0122378	0.997706
1.53333	0.997786	-0.000141376	0.0665122	0.000943437	0.999927	-0.0120276	-0.0665056	0.0120637	0.997713
1.56667	0.997785	9.05205e-05	0.0665263	0.000698478	0.99993	-0.0118366	-0.0665227	0.0118568	0.997714
1.6	0.997788	-8.91946e-05	0.0664805	0.000855006	0.999934	-0.011491	-0.066475	0.0115224	0.997722
1.63333	0.997785	-0.000467562	0.0665235	0.00122697	0.999935	-0.0113752	-0.0665138	0.0114316	0.99772
1.66667	0.997793	-0.000940943	0.0663924	0.00170943	0.999932	-0.011519	-0.066377	0.0116071	0.997727
1.7	0.997802	-0.00101584	0.0662616	0.00179371	0.99993	-0.011681	-0.0662451	0.0117742	0.997734
1.73333	0.997819	-0.00155214	0.0659971	0.00229978	0.999934	-0.0112539	-0.0659753	0.0113811	0.997756
1.76667	0.997818	-0.00186938	0.0660041	0.00265085	0.999927	-0.0117542	-0.0659773	0.0119035	0.99775
1.8	0.997849	-0.00223633	0.0655219	0.00305675	0.999918	-0.0124237	-0.0654887	0.0125972	0.997774
1.83333	0.997823	-0.00267863	0.0659009	0.00365489	0.999885	-0.014698	-0.0658539	0.0149069	0.997718
1.86667	0.99774	-0.00322175	0.0671128	0.00447989	0.999817	-0.0186046	-0.0670406	0.0188633	0.997572
1.9	0.997583	-0.00365729	0.069386	0.00528167	0.999716	-0.0232417	-0.0692813	0.023552	0.997319
1.93333	0.997314	-0.00435635	0.0731186	0.00651502	0.999549	-0.0293103	-0.0729579	0.029708	0.996892
1.96667	0.996883	-0.00680176	0.0786022	0.00977542	0.999248	-0.0375092	-0.078288	0.0381606	0.9962
2	0.996233	-0.0148675	0.0854289	0.0189389	0.998713	-0.0470478	-0.0846194	0.0484885	0.995233
2.03333	0.995188	-0.0272273	0.0941238	0.032472	0.997978	-0.0546472	-0.0924456	0.0574407	0.99406
2.06667	0.993869	-0.0368669	0.10424	0.0430702	0.997393	-0.0578988	-0.101833	0.0620335	0.992865
2.1	0.993096	-0.0365468	0.111469	0.042741	0.997642	-0.0536947	-0.109244	0.0580882	0.992316
2.13333	0.992972	-0.0332261	0.113589	0.0390974	0.997991	-0.0498577	-0.111704	0.0539484	0.992276
2.16667	0.992996	-0.0342075	0.113085	0.0398382	0.998057	-0.0479123	-0.111226	0.0520818	0.992429
2.2	0.992786	-0.0421603	0.112239	0.0473333	0.997917	-0.0438301	-0.110157	0.0488266	0.992714
2.23333	0.992276	-0.0522862	0.112493	0.0568891	0.997653	-0.0381024	-0.110237	0.0442077	0.992922
2.26667	0.991775	-0.0615482	0.112227	0.0656128	0.997303	-0.0328878	-0.1099	0.0399808	0.993138
2.3	0.991574	-0.0663451	0.11126	0.0697849	0.997188	-0.0273089	-0.109135	0.0348431	0.993416
2.33333	0.991721	-0.0664575	0.109879	0.0691262	0.997394	-0.0206555	-0.10822	0.02808	0.99373
2.36667	0.992105	-0.063259	0.108291	0.064559	0.997877	-0.00853788	-0.107521	0.0154616	0.994083
2.4	0.992346	-0.0623077	0.106612	0.0620896	0.998056	0.00536724	-0.106739	0.00129335	0.994286
2.43333	0.992424	-0.0634273	0.105224	0.0618422	0.997919	0.0182622	-0.106163	-0.0116165	0.994281
2.46667	0.992221	-0.0680183	0.104263	0.0656899	0.997511	0.0256095	-0.105745	-0.0185613	0.99422
2.5	0.991905	-0.0732425	0.103735	0.0709507	0.997151	0.0256181	-0.105316	-0.0180507	0.994275
2.53333	0.991724	-0.0778777	0.102068	0.0761417	0.99688	0.0208014	-0.10337	-0.0128577	0.99456
2.56667	0.991552	-0.0823262	0.100233	0.0812805	0.996586	0.0144791	-0.101083	-0.00620978	0.994859
2.6	0.991682	-0.0831529	0.0982479	0.082564	0.996535	0.0100524	-0.0987433	-0.00185705	0.995111
2.63333	0.992096	-0.0813029	0.0955841	0.080867	0.996689	0.00843111	-0.0959531	-0.000634865	0.995386
2.66667	0.992023	-0.0860044	0.0921647	0.0853991	0.996292	0.0104996	-0.0927259	-0.00254502	0.995688
2.7	0.991696	-0.0905553	0.0913201	0.089862	0.995886	0.0116837	-0.0920024	-0.00338048	0.995753
2.73333	0.991638	-0.0904628	0.0920346	0.0900127	0.9959	0.00903829	-0.0924749	-0.000678426	0.995715
2.76667	0.991672	-0.0915472	0.0905905	0.0916634	0.995786	0.00288638	-0.090473	0.00544149	0.995884
2.8	0.991603	-0.0950392	0.0876938	0.0955278	0.995426	-0.00138129	-0.0871614	0.00974689	0.996147
2.83333	0.99163	-0.0946739	0.0877928	0.0950692	0.995471	-0.000323214	-0.0873646	0.0086669	0.996139
2.86667	0.991341	-0.0961977	0.0893774	0.0962937	0.995348	0.00324736	-0.0892739	0.00538724	0.995993
2.9	0.991287	-0.0970725	0.0890371	0.0963721	0.995271	0.0121425	-0.0897948	-0.00345601	0.995954
2.93333	0.99129	-0.0978495	0.0881496	0.096694	0.995164	0.0172945	-0.0894156	-0.00862035	0.995957
2.96667	0.991313	-0.0974391	0.0883374	0.0962011	0.995196	0.0181756	-0.089684	-0.00951953	0.995925
3	0.991366	-0.0950056	0.0903784	0.0941352	0.995463	0.0138551	-0.0912847	-0.00522772	0.995811
3.03333	0.991565	-0.0892263	0.0940077	0.0890006	0.99601	0.00659884	-0.0942214	0.00182356	0.99555
3.06667	0.992075	-0.0791209	0.0976061	0.0792295	0.996853	0.00276937	-0.097518	0.00498586	0.995221
3.1	0.992723	-0.0662174	0.100581	0.0662658	0.997798	0.00286252	-0.100549	0.00382337	0.994925
3.13333	0.993306	-0.0536464	0.102301	0.053368	0.99856	0.00545821	-0.102447	3.79562e-05	0.994738
3.16667	0.993689	-0.0415013	0.104208	0.0408361	0.99913	0.00850904	-0.104471	-0.00419988	0.994519
3.2	0.993958	-0.0318201	0.105049	0.030929	0.999471	0.0101013	-0.105315	-0.00679121	0.994416
3.23333	0.994273	-0.0229538	0.104377	0.0219826	0.999704	0.0104463	-0.104585	-0.00809204	0.994483
3.26667	0.994476	-0.0142025	0.104002	0.013128	0.999853	0.0110086	-0.104143	-0.00958242	0.994516
3.3	0.994592	-0.00506845	0.103731	0.00399438	0.999936	0.0105594	-0.103778	-0.010088	0.994549
3.33333	0.994666	0.00304702	0.1031	-0.0038091	0.999967	0.00719563	-0.103074	-0.00754997	0.994645
3.36667	0.994695	0.00958742	0.102416	-0.00971798	0.999952	0.000775971	-0.102404	-0.00176713	0.994741
3.4	0.994683	0.0152441	0.101846	-0.0146038	0.999869	-0.00702935	-0.10194	0.00550464	0.994775
3.43333	0.994657	0.0194836	0.10138	-0.0180484	0.999724	-0.0150548	-0.101645	0.0131446	0.994734
3.46667	0.994574	0.0251523	0.10095	-0.0229687	0.999478	-0.0227354	-0.101469	0.0202933	0.994632
3.5	0.994348	0.0329418	0.100934	-0.0300291	0.999091	-0.0302433	-0.101839	0.0270414	0.994433
3.53333	0.993962	0.0412448	0.101681	-0.0376998	0.998621	-0.0365432	-0.103048	0.0324892	0.994146
3.56667	0.993593	0.0483076	0.102177	-0.0444789	0.998232	-0.0394246	-0.103901	0.0346272	0.993985
3.6	0.993384	0.0540959	0.1013	-0.0504339	0.99799	-0.0383711	-0.103172	0.0330083	0.994116
3.63333	0.993279	0.0587065	0.0997529	-0.0553726	0.997821	-0.0358699	-0.101641	0.0301052	0.994365
3.66667	0.993265	0.0623552	0.0976598	-0.0592494	0.997651	-0.0343888	-0.0995747	0.0283709	0.994626
3.7	0.993344	0.0648244	0.0952153	-0.0618316	0.997505	-0.0340561	-0.0971855	0.0279421	0.994874
3.73333	0.993551	0.0666241	0.091744	-0.0640054	0.997462	-0.0311994	-0.0935897	0.0251261	0.995294
3.76667	0.994029	0.0680056	0.0853349	-0.065996	0.997477	-0.0261569	-0.0868985	0.020369	0.996009
3.8	0.993765	0.0783566	0.079322	-0.0766158	0.996753	-0.0247612	-0.0810047	0.0185294	0.996541
3.83333	0.993582	0.0860657	0.0733987	-0.0843772	0.9961	-0.0258082	-0.0753336	0.0194493	0.996969
3.86667	0.993338	0.0882682	0.0740864	-0.0863798	0.99586	-0.028323	-0.0762797	0.0217347	0.99685
3.9	0.99255	0.0939896	0.0775243	-0.0919864	0.995337	-0.0290263	-0.079891	0.0216789	0.996568
3.93333	0.992127	0.0990399	0.0766448	-0.0969677	0.994826	-0.0303108	-0.0792502	0.0226401	0.996598
3.96667	0.992077	0.101528	0.0739892	-0.0993595	0.994523	-0.0324289	-0.0768764	0.0248204	0.996732
4	0.991853	0.104107	0.0734111	-0.102063	0.994293	-0.031069	-0.0762266	0.0233233	0.996818
4.03333	0.991739	0.105223	0.0733626	-0.103296	0.99421	-0.0296047	-0.0760529	0.0217821	0.996866
4.06667	0.991998	0.103246	0.0726614	-0.101459	0.994449	-0.0278764	-0.0751361	0.0202812	0.996967
4.1	0.992091	0.102132	0.0729652	-0.100814	0.994672	-0.0215308	-0.0747754	0.0140046	0.997102
4.13333	0.992164	0.0999882	0.0749145	-0.0990837	0.994955	-0.0157031	-0.0761067	0.0081572	0.997066
4.16667	0.992573	0.0931906	0.078199	-0.0923524	0.995624	-0.0142755	-0.0791872	0.00694762	0.996836
4.2	0.993494	0.0800888	0.0809677	-0.0790062	0.996738	-0.016493	-0.0820245	0.00998872	0.99658
4.23333	0.994451	0.0652325	0.0825381	-0.0637798	0.997761	-0.0201188	-0.0836657	0.0147429	0.996385
4.26667	0.995179	0.0499515	0.0843956	-0.0480441	0.998545	-0.0244832	-0.0854958	0.0203104	0.996131
4.3	0.995614	0.034961	0.0867729	-0.0325723	0.999055	-0.0287937	-0.0876975	0.0258411	0.995812
4.33333	0.99585	0.0195067	0.0888983	-0.0167658	0.999364	-0.031475	-0.0894557	0.0298539	0.995543
4.36667	0.995838	0.00251149	0.0911046	0.000476604	0.999463	-0.0327619	-0.091138	0.032669	0.995302
4.4	0.995494	-0.0129769	0.093929	0.0160813	0.999347	-0.032369	-0.0934476	0.0337336	0.995053
4.43333	0.995009	-0.0270572	0.096045	0.0301069	0.999083	-0.0304474	-0.0951331	0.0331871	0.994911
4.46667	0.994488	-0.0378159	0.0977919	0.0405135	0.998847	-0.0257475	-0.0967055	0.0295675	0.994874
4.5	0.994154	-0.0443772	0.0984334	0.0463822	0.998758	-0.0181746	-0.0975047	0.022634	0.994978
4.53333	0.994202	-0.0454618	0.0974408	0.04645	0.998889	-0.00789571	-0.0969736	0.0123761	0.99521
4.56667	0.994598	-0.0427927	0.0945725	0.0425805	0.999084	0.00426108	-0.0946682	-0.000211114	0.995509
4.6	0.995008	-0.0396881	0.0915647	0.0383481	0.999131	0.0163474	-0.0921339	-0.0127545	0.995665
4.63333	0.99525	-0.0394211	0.0890103	0.0373449	0.998993	0.0248719	-0.0899011	-0.0214297	0.99572
4.66667	0.99527	-0.0426466	0.0872828	0.0402457	0.998766	0.0290849	-0.0884155	-0.0254345	0.995759
4.7	0.995222	-0.0451307	0.0865816	0.0429223	0.998708	0.0272015	-0.0876974	-0.0233553	0.995873
4.73333	0.99537	-0.0449706	0.0849506	0.04342	0.998856	0.0200139	-0.0857535	-0.0162327	0.996184
4.76667	0.99572	-0.0434987	0.0815399	0.042736	0.999025	0.0110764	-0.0819422	-0.00754433	0.996609
4.8	0.995571	-0.0514181	0.0786993	0.0508341	0.998663	0.00940798	-0.0790778	-0.00536571	0.996854
4.83333	0.995156	-0.0621399	0.0761755	0.0613829	0.998039	0.0122418	-0.0767869	-0.00750668	0.997019
4.86667	0.994751	-0.0672287	0.0771417	0.0662598	0.997689	0.0150542	-0.0779755	-0.00986382	0.996906
4.9	0.994489	-0.0696639	0.0783516	0.0688545	0.997542	0.0129878	-0.0790638	-0.0075214	0.996841
4.93333	0.994449	-0.0719544	0.0767732	0.0713915	0.997398	0.010056	-0.077297	-0.00451921	0.996998
4.96667	0.994256	-0.075959	0.075397	0.075619	0.99711	0.0073581	-0.075738	-0.00161439	0.997126
5	0.993922	-0.0795394	0.0761141	0.079337	0.996832	0.00568322	-0.076325	0.000389988	0.997083
5.03333	0.993705	-0.083058	0.0751789	0.0827904	0.996545	0.00667488	-0.0754735	-0.000408775	0.997148
5.06667	0.993501	-0.085292	0.0753762	0.0848494	0.996353	0.00906136	-0.0758741	-0.00260684	0.997114
5.1	0.993123	-0.0871625	0.078165	0.0866559	0.99619	0.00985695	-0.0787263	-0.0030157	0.996892
5.13333	0.992904	-0.0884081	0.0795348	0.0880502	0.996084	0.0080026	-0.0799308	-0.00094276	0.9968
5.16667	0.992795	-0.0880942	0.0812271	0.0879357	0.996111	0.00553319	-0.0813987	0.00164944	0.99668
5.2	0.992781	-0.0851338	0.0844885	0.0850345	0.996367	0.0047799	-0.0845884	0.00243904	0.996413
5.23333	0.992902	-0.0803971	0.0876495	0.0805113	0.996751	0.00223662	-0.0875445	0.00483603	0.996149
5.26667	0.993231	-0.0733073	0.0901047	0.0735974	0.997288	0.000103464	-0.0898679	0.0065287	0.995932
5.3	0.993697	-0.0639066	0.0921013	0.0642151	0.997936	-0.000386837	-0.0918864	0.00629869	0.99575
5.33333	0.994194	-0.0542449	0.0929307	0.0544536	0.998516	0.000289617	-0.0928085	0.00477248	0.995673
5.36667	0.994656	-0.0452557	0.0927976	0.0453623	0.99897	0.000960577	-0.0927455	0.00325407	0.995685
5.4	0.99503	-0.0361071	0.0928009	0.0361408	0.999346	0.0013178	-0.0927878	0.00204265	0.995684
5.43333	0.995291	-0.0270813	0.0930763	0.0271154	0.999632	0.000898046	-0.0930664	0.00162998	0.995659
5.46667	0.9955	-0.0184678	0.0929397	0.0186311	0.999826	-0.000889095	-0.0929071	0.00261666	0.995671
5.5	0.995633	-0.011187	0.0926758	0.0115579	0.999927	-0.00346658	-0.0926303	0.00452259	0.99569
5.53333	0.99571	-0.00344806	0.0924599	0.00409754	0.999968	-0.00683544	-0.0924334	0.00718498	0.995693
5.56667	0.995729	0.00344849	0.0922628	-0.00226268	0.999914	-0.0129541	-0.0922995	0.01269	0.99565
5.6	0.995693	0.0110625	0.0920533	-0.00928731	0.999763	-0.0196908	-0.0922493	0.018751	0.995559
5.63333	0.995636	0.0172017	0.0917268	-0.0147245	0.99951	-0.0276144	-0.0921569	0.0261433	0.995401
5.66667	0.995515	0.0239134	0.0915308	-0.0209196	0.999219	-0.0335291	-0.0922611	0.031464	0.995238
5.7	0.995267	0.0311485	0.0920519	-0.0276361	0.99885	-0.0391892	-0.0931667	0.0364598	0.994983
5.73333	0.994923	0.0382069	0.0931039	-0.0342235	0.998445	-0.0440124	-0.0946406	0.0406026	0.994683
5.76667	0.994632	0.0438461	0.0937283	-0.0394996	0.998079	-0.0477367	-0.0956413	0.0437782	0.994453
5.8	0.994525	0.0481738	0.0927309	-0.0436184	0.997769	-0.0505406	-0.0949588	0.0462191	0.994408
5.83333	0.99443	0.0520622	0.0916396	-0.0472985	0.997452	-0.0534103	-0.0941867	0.0487784	0.994359
5.86667	0.994322	0.0557187	0.0906589	-0.0506765	0.997087	-0.0570011	-0.0935709	0.0520831	0.994249
5.9	0.994301	0.0590438	0.0887606	-0.0538186	0.996737	-0.0601525	-0.0920227	0.0550328	0.994235
5.93333	0.994345	0.0620042	0.0862136	-0.0568276	0.996503	-0.0612566	-0.0897103	0.0560109	0.994392
5.96667	0.994456	0.0639278	0.0834944	-0.0590732	0.996486	-0.0593759	-0.0869967	0.0541144	0.994738
6	0.994422	0.0692178	0.0795838	-0.064807	0.996284	-0.0567339	-0.0832151	0.0512599	0.995212
6.03333	0.993881	0.0821329	0.0738598	-0.0779736	0.995294	-0.0575404	-0.0782382	0.0514292	0.995607
6.06667	0.99341	0.0894394	0.0716687	-0.0852645	0.99459	-0.0593403	-0.0765883	0.0528384	0.995662
6.1	0.992976	0.0932254	0.0728565	-0.0889423	0.994229	-0.0599796	-0.0780277	0.0530783	0.995537
6.13333	0.992338	0.0992286	0.0736091	-0.0950478	0.993765	-0.0582859	-0.0789338	0.050843	0.995582
6.16667	0.992162	0.101156	0.0733667	-0.097128	0.993664	-0.0565468	-0.0786219	0.0489776	0.995701
6.2	0.992069	0.101093	0.0746918	-0.0969697	0.993658	-0.056922	-0.0799726	0.0492277	0.995581
6.23333	0.991847	0.103415	0.074463	-0.0991783	0.993348	-0.0585115	-0.0800186	0.0506494	0.995506
6.26667	0.991642	0.10717	0.0718432	-0.103005	0.992907	-0.0593717	-0.0776965	0.0514752	0.995647
6.3	0.991418	0.109408	0.0715514	-0.105444	0.992789	-0.0570214	-0.077274	0.0489874	0.995806
6.33333	0.991273	0.109777	0.072983	-0.106068	0.99295	-0.0529081	-0.0782766	0.0447052	0.995929
6.36667	0.991531	0.106434	0.0744156	-0.102979	0.993484	-0.0488327	-0.0791282	0.0407559	0.996031
6.4	0.992057	0.0999083	0.0764229	-0.0966524	0.994292	-0.0451875	-0.0805013	0.0374421	0.996051
6.43333	0.992801	0.0909812	0.0779076	-0.0876795	0.995141	-0.0448072	-0.0816056	0.0376537	0.995953
6.46667	0.99364	0.0798448	0.0793945	-0.076232	0.995956	-0.0475441	-0.0828696	0.0411894	0.995709
6.5	0.994323	0.0697512	0.0803501	-0.0658405	0.99656	-0.0503364	-0.0835847	0.0447604	0.995495
6.53333	0.994881	0.0597837	0.0814735	-0.0556602	0.997096	-0.051978	-0.0843443	0.0471771	0.995319
6.56667	0.995301	0.0477862	0.0842178	-0.0435458	0.997724	-0.0514892	-0.0864866	0.0475799	0.995116
6.6	0.995538	0.0350344	0.087615	-0.0308629	0.998345	-0.0485226	-0.08917	0.045602	0.994972
6.63333	0.995678	0.0244486	0.0895916	-0.0205215	0.998799	-0.0444961	-0.0905718	0.0424653	0.994984
6.66667	0.995743	0.0135803	0.0911658	-0.00995835	0.999147	-0.0400667	-0.0916322	0.0389883	0.995029
6.7	0.995563	0.00165731	0.0940839	0.00170055	0.999365	-0.0355988	-0.0940831	0.0356008	0.994928
6.73333	0.995332	-0.00846096	0.0961339	0.0113387	0.999503	-0.0294281	-0.0958371	0.0303808	0.994933
6.76667	0.995189	-0.0146724	0.0968655	0.0167437	0.999647	-0.0206046	-0.096529	0.0221273	0.995084
6.8	0.995154	-0.017755	0.0967076	0.0188743	0.999765	-0.0106712	-0.0964954	0.0124448	0.995256
6.83333	0.99514	-0.0189941	0.0966181	0.0191458	0.999816	-0.000643798	-0.0965881	0.0024905	0.995321
6.86667	0.995093	-0.0226488	0.0963204	0.0219251	0.999723	0.00856505	-0.0964877	-0.00641118	0.995314
6.9	0.995034	-0.0272609	0.0957282	0.0258382	0.999537	0.0160697	-0.096122	-0.0135165	0.995278
6.93333	0.994997	-0.0319728	0.0946534	0.0300521	0.999314	0.0216482	-0.0952806	-0.0186954	0.995275
6.96667	0.995014	-0.0356156	0.093159	0.0334149	0.999127	0.0250773	-0.0939708	-0.0218393	0.995335
7	0.994997	-0.0394465	0.0917889	0.0371392	0.998953	0.0267112	-0.0927465	-0.0231686	0.99542
7.03333	0.995032	-0.0429163	0.089832	0.0407163	0.998828	0.0261819	-0.0908503	-0.0223942	0.995613
7.06667	0.995167	-0.0454127	0.0870691	0.0435702	0.998787	0.0229475	-0.0880056	-0.019043	0.995938
7.1	0.99531	-0.0486921	0.0835898	0.0471733	0.998685	0.0200506	-0.0844562	-0.0160134	0.996299
7.13333	0.995111	-0.0568982	0.0807283	0.0553571	0.998241	0.0212027	-0.0817928	-0.0166302	0.996511
7.16667	0.994864	-0.0617409	0.0802143	0.0601444	0.997943	0.0221713	-0.0814182	-0.017233	0.996531
7.2	0.994634	-0.0635159	0.0816686	0.0620256	0.997861	0.0206596	-0.0828061	-0.0154832	0.996445
7.23333	0.994437	-0.0677891	0.080618	0.0667625	0.997651	0.0153656	-0.0814702	-0.00989789	0.996627
7.26667	0.99417	-0.073056	0.0793018	0.0723923	0.997313	0.0112158	-0.0799081	-0.00540954	0.996788
7.3	0.993665	-0.0773351	0.0815379	0.0767679	0.996998	0.0100731	-0.0820721	-0.00374979	0.996619
7.33333	0.993073	-0.0821391	0.0840163	0.081487	0.996612	0.0111669	-0.0846489	-0.00424329	0.996402
7.36667	0.992723	-0.085893	0.0844032	0.0851102	0.996289	0.0128363	-0.0851926	-0.00555934	0.996349
7.4	0.992383	-0.0884578	0.0857402	0.0876702	0.996066	0.0129161	-0.0865454	-0.00530088	0.996234
7.43333	0.991952	-0.0919425	0.087051	0.091493	0.995764	0.00914848	-0.0875234	-0.0011103	0.996162
7.46667	0.991594	-0.0939753	0.0889394	0.0941203	0.995558	0.00257195	-0.088786	0.00582067	0.996034
7.5	0.991431	-0.0921871	0.0925512	0.0929313	0.995665	-0.0037552	-0.0918039	0.0123239	0.995701
7.53333	0.991329	-0.0887918	0.096867	0.0901013	0.99589	-0.00922073	-0.0956501	0.0178686	0.995255
7.56667	0.991453	-0.084325	0.0995501	0.0859875	0.996218	-0.0125215	-0.0981177	0.0209745	0.994954
7.6	0.992056	-0.0764343	0.099917	0.077962	0.99689	-0.01147	-0.0987296	0.0191686	0.99493
7.63333	0.992865	-0.0649209	0.10002	0.0659488	0.997798	-0.00700226	-0.0993457	0.0135485	0.994961
7.66667	0.993499	-0.0533413	0.100566	0.0539374	0.998539	-0.00321577	-0.100247	0.00861913	0.994925
7.7	0.993982	-0.0440008	0.100313	0.0443821	0.999013	-0.00157098	-0.100145	0.00601364	0.994955
7.73333	0.994308	-0.0367705	0.099997	0.037135	0.999309	-0.00178534	-0.0998622	0.00548856	0.994986
7.76667	0.994577	-0.0295797	0.0997116	0.0301273	0.999538	-0.00398945	-0.0995475	0.00697185	0.995008
7.8	0.994824	-0.0218845	0.0992269	0.022825	0.999705	-0.00835249	-0.0990148	0.0105741	0.99503
7.83333	0.995001	-0.0133009	0.098975	0.0147635	0.999792	-0.0140598	-0.0987675	0.0154507	0.994991
7.86667	0.995057	-0.00486705	0.0991873	0.00689862	0.999773	-0.0201495	-0.0990668	0.0207341	0.994865
7.9	0.995091	0.00273003	0.098924	-0.000106569	0.999648	-0.0265155	-0.0989616	0.0263748	0.994742
7.93333	0.995178	0.010108	0.0975659	-0.00686909	0.999416	-0.0334764	-0.0978473	0.0326448	0.994666
7.96667	0.995151	0.0175855	0.0967701	-0.0137194	0.999086	-0.0404727	-0.0973935	0.0389489	0.994484
8	0.995012	0.024998	0.0965725	-0.0204468	0.998646	-0.0478328	-0.0976375	0.0456196	0.994176
8.03333	0.994829	0.0326276	0.0961762	-0.0276383	0.998225	-0.0527607	-0.0977269	0.0498298	0.993965
8.06667	0.994574	0.0400906	0.0959984	-0.0348968	0.997866	-0.0551842	-0.098006	0.0515347	0.993851
8.1	0.994273	0.0473348	0.0958106	-0.0422248	0.997611	-0.0546783	-0.0981699	0.0503196	0.993897
8.13333	0.994019	0.0544563	0.0946575	-0.049639	0.997385	-0.0525244	-0.0972702	0.0475116	0.994123
8.16667	0.993826	0.0607496	0.0928426	-0.0561018	0.997076	-0.0518792	-0.0957228	0.0463503	0.994328
8.2	0.993629	0.0656858	0.0915792	-0.0610877	0.99677	-0.0521417	-0.0947083	0.0462152	0.994432
8.23333	0.993531	0.0693671	0.0899152	-0.0649336	0.996568	-0.0513325	-0.0931674	0.0451619	0.994626
8.26667	0.993529	0.071832	0.0879794	-0.0678312	0.996558	-0.0476529	-0.0910996	0.0413768	0.994982
8.3	0.993489	0.0757656	0.0850799	-0.0721564	0.99639	-0.044728	-0.0881616	0.0382978	0.99537
8.33333	0.992777	0.0887507	0.0807239	-0.0851366	0.995252	-0.0471697	-0.0845269	0.0399565	0.99562
8.36667	0.992118	0.0966449	0.079762	-0.0927917	0.994395	-0.0506865	-0.0842134	0.0428857	0.995524
8.4	0.991744	0.0977834	0.0829645	-0.0936906	0.994249	-0.051877	-0.0875601	0.0436757	0.995201
8.43333	0.99127	0.101231	0.0844811	-0.0972911	0.994023	-0.0495278	-0.0889899	0.0408761	0.995193
8.46667	0.991175	0.105375	0.0804193	-0.101859	0.993704	-0.0466496	-0.0848288	0.0380465	0.995669
8.5	0.99134	0.105878	0.0776901	-0.102798	0.993788	-0.0426437	-0.0817225	0.0342881	0.996065
8.53333	0.991444	0.105272	0.077183	-0.102559	0.993988	-0.0383249	-0.0807536	0.0300812	0.99628
8.56667	0.991522	0.10576	0.0754888	-0.103291	0.994003	-0.0359009	-0.078833	0.0277992	0.9965
8.6	0.991666	0.105196	0.0743764	-0.102748	0.994055	-0.0360157	-0.0777229	0.0280735	0.99658
8.63333	0.991695	0.105055	0.0741967	-0.102505	0.99403	-0.0373828	-0.077681	0.0294668	0.996543
8.66667	0.99164	0.105891	0.0737421	-0.103305	0.993921	-0.0380549	-0.0773236	0.0301188	0.996551
8.7	0.99152	0.106279	0.0747901	-0.103758	0.99392	-0.0368401	-0.0782507	0.0287676	0.996519
8.73333	0.991446	0.105127	0.0773486	-0.102885	0.994165	-0.0324274	-0.0803062	0.024192	0.996477
8.76667	0.991757	0.0998657	0.0802785	-0.0979	0.9948	-0.0280692	-0.0826642	0.0199786	0.996377
8.8	0.99235	0.0917086	0.0826527	-0.0900946	0.995666	-0.0230576	-0.0844091	0.0154347	0.996312
8.83333	0.993029	0.0818828	0.0847864	-0.0804473	0.996554	-0.0202171	-0.0861497	0.0132554	0.996194
8.86667	0.993822	0.0684305	0.0873779	-0.0665662	0.997491	-0.0240781	-0.0888064	0.0181129	0.995884
8.9	0.994411	0.0554702	0.0898355	-0.0531499	0.998193	-0.028019	-0.0912275	0.0230876	0.995562
8.93333	0.994852	0.0420432	0.0922041	-0.0392449	0.998719	-0.0319555	-0.0934294	0.0281724	0.995227
8.96667	0.995111	0.0275563	0.094837	-0.0243923	0.999112	-0.0343613	-0.0956997	0.0318801	0.9949
9	0.995106	0.0134776	0.097891	-0.0102408	0.999386	-0.033493	-0.0982823	0.0323266	0.994633
9.03333	0.994949	0.00223116	0.100354	0.000695337	0.999576	-0.0291174	-0.100376	0.0290401	0.994526
9.06667	0.994784	-0.0067195	0.101787	0.0090369	0.99971	-0.0223232	-0.101607	0.0231265	0.994556
9.1	0.994635	-0.013527	0.102562	0.0150937	0.999781	-0.0145157	-0.102343	0.0159858	0.994621
9.13333	0.994621	-0.0170523	0.102168	0.0177472	0.999825	-0.00589657	-0.102049	0.00767804	0.99475
9.16667	0.994652	-0.0196186	0.101399	0.0194412	0.999807	0.00273659	-0.101433	-0.000750632	0.994842
9.2	0.994602	-0.0229348	0.101202	0.0218991	0.999696	0.0113341	-0.101431	-0.00905672	0.994801
9.23333	0.994644	-0.0258994	0.100067	0.0240784	0.999523	0.0193628	-0.10052	-0.0168497	0.994792
9.26667	0.994753	-0.0279606	0.0984089	0.0254157	0.999312	0.0270204	-0.0990966	-0.0243775	0.994779
9.3	0.994845	-0.0305334	0.096705	0.0279137	0.999209	0.0283276	-0.0974934	-0.0254822	0.99491
9.33333	0.994935	-0.0328571	0.0949987	0.0304228	0.999173	0.0269607	-0.095806	-0.0239341	0.995112
9.36667	0.995031	-0.0337572	0.093665	0.0314898	0.999177	0.0255812	-0.0944514	-0.0225046	0.995275
9.4	0.995197	-0.0330115	0.0921609	0.0308818	0.999224	0.0244402	-0.0928962	-0.0214767	0.995444
9.43333	0.995421	-0.0318477	0.0901236	0.0298944	0.99929	0.0229421	-0.0907903	-0.0201428	0.995666
9.46667	0.995662	-0.0321396	0.0873202	0.0304671	0.999327	0.0204202	-0.0879177	-0.0176712	0.995971
9.5	0.995573	-0.040504	0.0848135	0.0388065	0.999014	0.0215695	-0.0856035	-0.0181827	0.996163
9.53333	0.995388	-0.0488138	0.0825844	0.0470322	0.99862	0.0233833	-0.0836118	-0.0193914	0.99631
9.56667	0.995291	-0.0501516	0.0829514	0.0485005	0.998585	0.0218017	-0.0839274	-0.0176759	0.996315
9.6	0.995085	-0.0535593	0.0832864	0.0523474	0.99849	0.0166695	-0.0840535	-0.0122278	0.996386
9.63333	0.994503	-0.0632916	0.0834097	0.0626488	0.997982	0.0103039	-0.0838935	-0.00502171	0.996462
9.66667	0.993889	-0.071111	0.0844321	0.0708299	0.997468	0.0063242	-0.0846681	-0.000305233	0.996409
9.7	0.993212	-0.0775055	0.0867378	0.0772726	0.996992	0.0060445	-0.0869453	0.000698985	0.996213
9.73333	0.99261	-0.0827825	0.0887247	0.0823796	0.996567	0.00820001	-0.0890989	-0.000830317	0.996022
9.76667	0.992243	-0.085192	0.0905306	0.0845904	0.996361	0.0104692	-0.091093	-0.00272995	0.995839
9.8	0.991981	-0.0868919	0.0917824	0.0863301	0.996216	0.0100806	-0.092311	-0.00207621	0.995728
9.83333	0.991601	-0.0884538	0.094356	0.088216	0.996079	0.00669705	-0.0945784	0.00168289	0.995516
9.86667	0.991118	-0.0893616	0.0984837	0.0898032	0.99596	-5.15417e-05	-0.0980812	0.00889524	0.995139
9.9	0.991129	-0.0851067	0.102082	0.0859196	0.996296	-0.00358467	-0.101399	0.0123237	0.994769
9.93333	0.991496	-0.0779479	0.104214	0.0789347	0.996865	-0.00537204	-0.103468	0.0135524	0.99454
9.96667	0.992042	-0.0689638	0.105344	0.069945	0.997535	-0.00564395	-0.104695	0.0129673	0.99442
10	0.992607	-0.0598287	0.105598	0.060791	0.998133	-0.0059143	-0.105047	0.01229	0.994391
10.0333	0.993292	-0.0477168	0.105332	0.0480584	0.998844	-0.000705793	-0.105177	0.00576315	0.994437
10.0667	0.993774	-0.0368204	0.105156	0.0370387	0.999314	-0.000122531	-0.105079	0.0040166	0.994456
10.1	0.99411	-0.0261532	0.105176	0.0263214	0.999654	-0.000211285	-0.105134	0.00297843	0.994454
10.1333	0.994322	-0.0154465	0.105285	0.015672	0.999876	-0.00131404	-0.105252	0.0029566	0.994441
10.1667	0.994478	-0.00531038	0.104812	0.00580181	0.999974	-0.00438428	-0.104786	0.00496816	0.994482
10.2	0.994566	0.00405648	0.104024	-0.00303797	0.999946	-0.00994767	-0.104059	0.0095776	0.994525
10.2333	0.994573	0.0114975	0.103403	-0.00957962	0.999773	-0.0190253	-0.103598	0.0179315	0.994458
10.2667	0.994565	0.0190484	0.10236	-0.0160958	0.999432	-0.0295949	-0.102865	0.0277865	0.994307
10.3	0.994541	0.0270265	0.100789	-0.0231021	0.998936	-0.0399025	-0.10176	0.0373563	0.994107
10.3333	0.994437	0.0344526	0.0995417	-0.0297494	0.998387	-0.0483527	-0.101047	0.0451224	0.993858
10.3667	0.994213	0.0421082	0.0988324	-0.0369186	0.997871	-0.0537639	-0.100886	0.049804	0.993651
10.4	0.994012	0.0472137	0.0985459	-0.0415216	0.997392	-0.0590348	-0.101076	0.0545895	0.99338
10.4333	0.993815	0.0528062	0.0976935	-0.0471064	0.997101	-0.0597586	-0.100566	0.054787	0.993421
10.4667	0.993774	0.0571858	0.09562	-0.0516276	0.996885	-0.0596258	-0.0987319	0.054318	0.99363
10.5	0.993795	0.0611457	0.0929103	-0.0558475	0.996718	-0.0585944	-0.0961882	0.053042	0.993949
10.5333	0.993952	0.0636452	0.0894907	-0.0587423	0.996679	-0.0563943	-0.0927828	0.0507963	0.99439
10.5667	0.994266	0.0645345	0.0852711	-0.0601539	0.996782	-0.0529821	-0.0884159	0.0475489	0.994948
10.6	0.994412	0.0681258	0.0806422	-0.0640543	0.996588	-0.0520454	-0.0839127	0.0465891	0.995383
10.6333	0.9941	0.0781382	0.0752361	-0.0740858	0.995721	-0.055229	-0.0792297	0.0493292	0.995635
10.6667	0.993801	0.08372	0.0731408	-0.0796024	0.995166	-0.05751	-0.077602	0.0513313	0.995662
10.7	0.993536	0.0860678	0.0740113	-0.08182	0.994921	-0.0586326	-0.0786818	0.0521981	0.995532
10.7333	0.993085	0.0923889	0.0724355	-0.088797	0.994726	-0.0513382	-0.0767966	0.0445511	0.996051
10.7667	0.992573	0.0996187	0.0698259	-0.0969284	0.99445	-0.04092	-0.0735147	0.033848	0.99672
10.8	0.991917	0.105659	0.0702596	-0.103668	0.994115	-0.0314232	-0.0731663	0.0238856	0.997034
10.8333	0.991257	0.110797	0.0716552	-0.109158	0.993673	-0.0264134	-0.0741284	0.0183607	0.99708
10.8667	0.990941	0.113495	0.0717957	-0.111756	0.993347	-0.0278069	-0.074474	0.0195314	0.997032
10.9	0.990931	0.114055	0.0710386	-0.112041	0.993197	-0.0317232	-0.0741735	0.0234762	0.996969
10.9333	0.991013	0.11402	0.0699526	-0.111733	0.993094	-0.0357909	-0.0735503	0.0276532	0.996908
10.9667	0.99122	0.112832	0.0689319	-0.11044	0.993172	-0.0375935	-0.072703	0.0296506	0.996913
11	0.991494	0.110124	0.0693656	-0.107807	0.993508	-0.0363132	-0.0729143	0.0285263	0.99693
11.0333	0.991711	0.106966	0.0711882	-0.104877	0.993955	-0.0324783	-0.0742319	0.0247431	0.996934
11.0667	0.992004	0.103123	0.0727621	-0.101245	0.994437	-0.0290539	-0.0753535	0.0214548	0.996926
11.1	0.992117	0.100713	0.0745729	-0.0994196	0.994827	-0.0208677	-0.0762888	0.0132892	0.996997
11.1333	0.992675	0.0929594	0.07717	-0.0919118	0.995622	-0.0170258	-0.0784148	0.0098082	0.996873
11.1667	0.993412	0.0826096	0.0794265	-0.0816718	0.996547	-0.0149893	-0.0803905	0.00840362	0.996728
11.2	0.994181	0.0700561	0.0818322	-0.0690921	0.997504	-0.0145569	-0.0826477	0.0088182	0.99654
11.2333	0.994756	0.0575011	0.0845854	-0.0563178	0.99828	-0.0163107	-0.0853778	0.0114615	0.996283
11.2667	0.995311	0.0429794	0.0866549	-0.0413601	0.998936	-0.0203972	-0.0874394	0.0167175	0.99603
11.3	0.99556	0.0290977	0.0895217	-0.0270722	0.999351	-0.0237574	-0.0901549	0.0212284	0.995701
11.3333	0.995573	0.015115	0.0927733	-0.0126718	0.999559	-0.026868	-0.0931385	0.0255735	0.995325
11.3667	0.995417	0.00229802	0.0956009	0.000295892	0.999632	-0.0271097	-0.095628	0.0270138	0.995051
11.4	0.995157	-0.00860401	0.0979166	0.0109594	0.999663	-0.0235427	-0.097681	0.0245018	0.994916
11.4333	0.994882	-0.0173905	0.099537	0.0191201	0.999682	-0.0164483	-0.0992193	0.0182672	0.994898
11.4667	0.994658	-0.0229782	0.100638	0.0237447	0.999697	-0.00642527	-0.10046	0.00878057	0.994902
11.5	0.994629	-0.0255863	0.100295	0.0253447	0.999672	0.00368273	-0.100356	-0.00112101	0.994951
11.5333	0.994783	-0.0252379	0.0988458	0.0239613	0.999614	0.014081	-0.099163	-0.0116391	0.995003
11.5667	0.995066	-0.0233159	0.0964329	0.0210598	0.999482	0.0243476	-0.0969506	-0.0221966	0.995042
11.6	0.995353	-0.022055	0.0937306	0.0190725	0.999287	0.0325971	-0.0943826	-0.0306579	0.995064
11.6333	0.995463	-0.0253044	0.0917203	0.02211	0.999119	0.035678	-0.0925423	-0.0334882	0.995145
11.6667	0.99539	-0.0308184	0.0908229	0.0278119	0.999028	0.0341853	-0.0917882	-0.0315017	0.99528
11.7	0.995599	-0.0336686	0.087459	0.0311724	0.999071	0.0297529	-0.0883795	-0.0268956	0.995724
11.7333	0.995834	-0.0348488	0.0842633	0.0328022	0.999135	0.0255522	-0.0850809	-0.0226817	0.996116
11.7667	0.995635	-0.0437847	0.0824235	0.0415788	0.998735	0.0282933	-0.083558	-0.0247427	0.996196
11.8	0.995199	-0.0534136	0.0820134	0.0510521	0.998226	0.0306272	-0.0835038	-0.0262932	0.996161
11.8333	0.994773	-0.0599894	0.0826298	0.057504	0.997828	0.0321397	-0.0843783	-0.0272202	0.996062
11.8667	0.994395	-0.0663541	0.0823205	0.0642185	0.997534	0.0283267	-0.0839971	-0.0228814	0.996203
11.9	0.994022	-0.0725536	0.0815847	0.0709018	0.997219	0.0229676	-0.0830242	-0.0170458	0.996402
11.9333	0.993301	-0.0791684	0.08417	0.0779258	0.996798	0.0179525	-0.0853218	-0.0112732	0.99629
11.9667	0.992113	-0.0886876	0.0885809	0.0877269	0.996036	0.0146876	-0.0895324	-0.0068008	0.995961
12	0.990961	-0.0989196	0.0906142	0.0981978	0.99509	0.0124004	-0.0913959	-0.00339015	0.995809
12.0333	0.990325	-0.103826	0.0920696	0.103308	0.994595	0.0103868	-0.0926504	-0.000774775	0.995698
12.0667	0.989496	-0.107298	0.0968787	0.107254	0.994215	0.005676	-0.0969274	0.00477424	0.99528
12.1	0.988942	-0.108821	0.100759	0.109481	0.993988	-0.0010288	-0.100041	0.0120486	0.99491
12.1333	0.988925	-0.104955	0.104933	0.106148	0.994333	-0.00583416	-0.103726	0.0169079	0.994462
12.1667	0.989287	-0.0983173	0.107913	0.099886	0.994956	-0.0092156	-0.106462	0.0198958	0.994118
12.2	0.989903	-0.0901514	0.109383	0.0916508	0.995753	-0.00874872	-0.10813	0.0186854	0.993961
12.2333	0.990707	-0.0789679	0.110738	0.0803179	0.996739	-0.00777678	-0.109763	0.0165988	0.993819
12.2667	0.991366	-0.0687797	0.111641	0.0703916	0.997464	-0.0105564	-0.110631	0.0183238	0.993693
12.3	0.9922	-0.0545489	0.112087	0.0559957	0.998383	-0.00979731	-0.111372	0.0159973	0.99365
12.3333	0.992885	-0.0391823	0.112444	0.0406132	0.99912	-0.0104628	-0.111935	0.014955	0.993603
12.3667	0.99336	-0.022799	0.112765	0.0242888	0.999635	-0.011855	-0.112453	0.0145152	0.993551
