0	-0.0937414	-0.0312161	0.754607	0.999593	0.00232367	-0.0284208	-0.00151537	0.999595	0.028429	0.0284753	-0.0283744	0.999192
0.0333333	0.161967	0.969522	-1.95598	0.0744647	0.996818	-0.0284583	-0.994205	0.076428	0.0756035	0.0775379	0.0226636	0.996732
0.0666667	0.161517	0.968384	-1.95535	0.014402	0.999746	0.0173518	-0.998649	0.0135153	0.0501765	0.0499292	-0.018051	0.99859
0.1	0.16131	0.967821	-1.95511	0.0163154	0.999541	0.0255323	-0.998821	0.0151252	0.0461326	0.0457252	-0.0262549	0.998609
0.133333	0.161064	0.967648	-1.95508	0.0181469	0.999478	0.0267277	-0.99882	0.0169178	0.045516	0.04504	-0.0275221	0.998606
0.166667	0.160775	0.967591	-1.95509	0.0187555	0.999467	0.0267233	-0.998796	0.0175179	0.0458176	0.045325	-0.0275505	0.998592
0.2	0.160406	0.967575	-1.95508	0.0185593	0.999489	0.0260389	-0.998775	0.0173387	0.0463419	0.0458667	-0.0268671	0.998586
0.233333	0.160063	0.967546	-1.95514	0.0176817	0.999511	0.0257799	-0.998759	0.016456	0.0470075	0.0465603	-0.026579	0.998562
0.266667	0.159779	0.967553	-1.95524	0.0177977	0.999502	0.0260624	-0.99873	0.0165428	0.0475957	0.0471409	-0.0268764	0.998527
0.3	0.159482	0.967567	-1.95539	0.0181531	0.999481	0.0266153	-0.998696	0.0168557	0.0481889	0.0477152	-0.0274553	0.998484
0.333333	0.159218	0.967594	-1.95558	0.0185927	0.999458	0.0271527	-0.998662	0.0172534	0.0487542	0.0482593	-0.0280228	0.998442
0.366667	0.158843	0.967669	-1.95584	0.0187726	0.999435	0.0278813	-0.998651	0.017393	0.0489252	0.0484126	-0.0287621	0.998413
0.4	0.158428	0.967779	-1.95611	0.0185384	0.999421	0.0285265	-0.998647	0.0171224	0.0491043	0.0485874	-0.0293982	0.998386
0.433333	0.157995	0.967918	-1.95636	0.0180442	0.99942	0.0288649	-0.998647	0.0166068	0.0492835	0.0487756	-0.0297151	0.998368
0.466667	0.157411	0.967989	-1.95663	0.0175157	0.999435	0.0287	-0.998664	0.016092	0.0491063	0.0486167	-0.0295218	0.998381
0.5	0.156947	0.968065	-1.95683	0.017445	0.999457	0.0279392	-0.998642	0.0160453	0.0495646	0.0490894	-0.0287659	0.99838
0.533333	0.156508	0.968136	-1.9571	0.0175231	0.999478	0.0271247	-0.998611	0.0161466	0.0501599	0.0496958	-0.027966	0.998373
0.566667	0.156058	0.968219	-1.95732	0.0171746	0.999486	0.0270808	-0.998591	0.0157866	0.0506586	0.050205	-0.0279127	0.998349
0.6	0.155566	0.968306	-1.95745	0.0167613	0.999499	0.0268433	-0.998597	0.0153856	0.0506637	0.0502253	-0.0276548	0.998355
0.633333	0.154916	0.968391	-1.95758	0.0158571	0.999524	0.0264529	-0.998608	0.0145007	0.0507043	0.0502966	-0.0272201	0.998363
0.666667	0.154472	0.96849	-1.9577	0.015382	0.999528	0.0265986	-0.998588	0.014004	0.0512419	0.0508452	-0.0273492	0.998332
0.7	0.154031	0.968527	-1.95787	0.0152874	0.99952	0.0269423	-0.998539	0.0138645	0.0522322	0.0518335	-0.0277014	0.998271
0.733333	0.153518	0.968502	-1.95794	0.0149564	0.999514	0.027348	-0.998479	0.0134783	0.0534552	0.0530606	-0.0281059	0.998196
0.766667	0.152949	0.968535	-1.95797	0.0148277	0.999508	0.0276358	-0.998432	0.0133082	0.0543807	0.0539862	-0.0283988	0.998138
0.8	0.152368	0.968593	-1.95795	0.0141347	0.999506	0.0280691	-0.998402	0.0125717	0.0550986	0.0547185	-0.0288031	0.998086
0.833333	0.151787	0.968643	-1.95788	0.0129828	0.999502	0.0287656	-0.99839	0.0113689	0.0555771	0.0552224	-0.0294408	0.99804
0.866667	0.151188	0.968707	-1.95788	0.0128383	0.999497	0.0289905	-0.998396	0.0112144	0.0554961	0.0551431	-0.0296565	0.998038
0.9	0.15055	0.968654	-1.9579	0.0122741	0.999513	0.0286737	-0.998388	0.010661	0.0557486	0.0554158	-0.0293117	0.998033
0.933333	0.149834	0.968531	-1.95802	0.0117865	0.999534	0.0281401	-0.998359	0.0101864	0.0563439	0.056031	-0.028758	0.998015
0.966667	0.148963	0.968372	-1.95813	0.010774	0.999571	0.0272402	-0.99837	0.00922602	0.0563291	0.0560536	-0.0278027	0.998041
1	0.148078	0.96822	-1.95825	0.00925605	0.999611	0.0263045	-0.998405	0.00777329	0.055923	0.0556968	-0.0267801	0.998089
1.03333	0.147337	0.968102	-1.95839	0.00783118	0.999651	0.0252107	-0.998452	0.00642856	0.0552438	0.0550625	-0.0256044	0.998155
1.06667	0.14647	0.968004	-1.95852	0.00648235	0.999701	0.0235601	-0.998524	0.00520042	0.0540711	0.0539324	-0.0238758	0.998259
1.1	0.145696	0.967928	-1.95856	0.00533227	0.999731	0.0225722	-0.998623	0.00414539	0.0523058	0.0521982	-0.02282	0.998376
1.13333	0.144934	0.967869	-1.95855	0.00382774	0.999743	0.0223644	-0.998708	0.00268878	0.0507374	0.0506642	-0.0225297	0.998462
1.16667	0.144194	0.967799	-1.9584	0.00299091	0.999753	0.022012	-0.998736	0.00188214	0.0502206	0.0501668	-0.0221344	0.998496
1.2	0.143551	0.967708	-1.95801	0.00206755	0.999764	0.0216201	-0.998716	0.000970028	0.0506516	0.0506187	-0.021697	0.998482
1.23333	0.14307	0.967496	-1.95732	0.00154631	0.999774	0.0212006	-0.998727	0.000475272	0.0504312	0.0504097	-0.0212516	0.998502
1.26667	0.142669	0.967062	-1.95638	0.000471702	0.999764	0.0217191	-0.998874	-0.000559445	0.047446	0.047447	-0.021717	0.998638
1.3	0.141847	0.96648	-1.95493	-0.000397394	0.999765	0.0216744	-0.999051	-0.00134082	0.0435301	0.0435489	-0.0216365	0.998817
1.33333	0.140866	0.965896	-1.95261	0.00074611	0.999764	0.021704	-0.999113	-0.00016829	0.0420982	0.0420919	-0.0217161	0.998878
1.36667	0.1398	0.96536	-1.94941	0.000372271	0.99977	0.0214584	-0.999128	-0.000524057	0.0417497	0.0417514	-0.0214552	0.998898
1.4	0.138659	0.964773	-1.94522	-0.00111543	0.999764	0.0216759	-0.999306	-0.0019216	0.0372068	0.0372397	-0.0216194	0.999072
1.43333	0.137401	0.964005	-1.94005	-0.00117411	0.999693	0.0247338	-0.99954	-0.00192296	0.0302747	0.030313	-0.0246868	0.999236
1.46667	0.135602	0.962607	-1.93381	-0.000491395	0.999603	0.0281805	-0.999733	-0.00114253	0.0230946	0.0231176	-0.0281616	0.999336
1.5	0.133711	0.961147	-1.92692	0.00142292	0.9995	0.0315958	-0.999848	0.000872642	0.0174231	0.0173868	-0.0316158	0.999349
1.53333	0.131411	0.959361	-1.91908	0.00209834	0.999439	0.0334134	-0.999936	0.00172535	0.0111877	0.0111238	-0.0334347	0.999379
1.56667	0.129033	0.95708	-1.91025	0.000700467	0.999364	0.0356395	-0.999995	0.000589607	0.00312102	0.00309803	-0.0356415	0.99936
1.6	0.125951	0.953816	-1.90062	-0.00291585	0.999396	0.0346348	-0.999992	-0.00282369	-0.00270954	-0.0026101	-0.0346425	0.999396
1.63333	0.122576	0.949613	-1.89068	-0.00535772	0.999457	0.0325119	-0.99998	-0.00524947	-0.00341392	-0.00324139	-0.0325295	0.999466
1.66667	0.118866	0.945399	-1.88052	0.00157956	0.999606	0.0280336	-0.999998	0.00159896	-0.000669517	-0.000714077	-0.0280325	0.999607
1.7	0.115086	0.941946	-1.87008	0.017405	0.999586	0.0229114	-0.999843	0.0173264	0.00362343	0.00322495	-0.0229708	0.999731
1.73333	0.113412	0.938966	-1.85902	0.0398162	0.998954	0.0224936	-0.9992	0.0397207	0.00467565	0.0037773	-0.0226617	0.999736
1.76667	0.113901	0.93679	-1.84544	0.0730551	0.997078	0.0223079	-0.997313	0.0731564	-0.00375414	-0.00537514	-0.0219738	0.999744
1.8	0.11514	0.935346	-1.82884	0.113093	0.993427	0.0176863	-0.993374	0.113418	-0.0185407	-0.0204247	-0.0154723	0.999672
1.83333	0.11725	0.93319	-1.81043	0.157185	0.987471	0.0138893	-0.986951	0.157569	-0.0331734	-0.0349463	-0.00849368	0.999353
1.86667	0.119513	0.928686	-1.79075	0.19319	0.981078	0.0128045	-0.980068	0.193574	-0.0446766	-0.0463098	-0.00391822	0.998919
1.9	0.122893	0.922189	-1.77032	0.220262	0.975281	0.0176731	-0.973851	0.220901	-0.0530727	-0.0556648	-0.0055211	0.998434
1.93333	0.127036	0.91463	-1.74802	0.245048	0.969082	0.0288436	-0.967313	0.246387	-0.059993	-0.0652448	-0.0131996	0.997782
1.96667	0.131661	0.907312	-1.72294	0.275474	0.960456	0.0404795	-0.958083	0.277753	-0.0702196	-0.0786861	-0.0194391	0.99671
2	0.135754	0.900983	-1.69312	0.311914	0.949143	0.0428645	-0.945774	0.31448	-0.0813258	-0.0906699	-0.0151734	0.995765
2.03333	0.138488	0.895337	-1.65641	0.342867	0.939139	0.0214667	-0.93418	0.343281	-0.0972891	-0.0987371	0.0133034	0.995025
2.06667	0.141497	0.892016	-1.61413	0.366342	0.930479	-0.00153913	-0.924371	0.363747	-0.115006	-0.10645	0.0435541	0.993364
2.1	0.148963	0.894159	-1.56889	0.398262	0.917203	0.0112454	-0.909641	0.396497	-0.123867	-0.11807	0.0391022	0.992235
2.13333	0.159704	0.90101	-1.52181	0.415233	0.90885	0.0396529	-0.900732	0.416853	-0.122129	-0.127526	0.0149953	0.991722
2.16667	0.168931	0.911039	-1.4754	0.389485	0.918726	0.065149	-0.913089	0.394429	-0.103414	-0.120706	-0.0192086	0.992502
2.2	0.172456	0.922207	-1.42935	0.317117	0.945342	0.0759244	-0.943499	0.322587	-0.0758057	-0.0961545	-0.0475953	0.994228
2.23333	0.174675	0.933421	-1.38203	0.219894	0.971424	0.0893392	-0.973309	0.22464	-0.0469635	-0.0656906	-0.0766277	0.994893
2.26667	0.177435	0.943734	-1.33561	0.12674	0.98586	0.109626	-0.991169	0.13021	-0.0250701	-0.0389899	-0.10548	0.993657
2.3	0.179094	0.95164	-1.29123	0.0470572	0.991034	0.125052	-0.998849	0.0478511	-0.00335075	-0.00930457	-0.12475	0.992145
2.33333	0.179795	0.956024	-1.24757	-0.0235418	0.990731	0.133784	-0.999452	-0.0264359	0.0198974	0.0232497	-0.133243	0.990811
2.36667	0.180483	0.956279	-1.20306	-0.0876003	0.985556	0.144936	-0.994618	-0.094615	0.0422219	0.0553252	-0.140457	0.98854
2.4	0.180535	0.952362	-1.15744	-0.138357	0.978056	0.155771	-0.986963	-0.149222	0.0603014	0.0822224	-0.145397	0.985951
2.43333	0.178398	0.944274	-1.11108	-0.180462	0.971067	0.156407	-0.979424	-0.192018	0.0621047	0.0903407	-0.141981	0.985738
2.46667	0.17421	0.934178	-1.06547	-0.223665	0.963427	0.147587	-0.971107	-0.233207	0.0506471	0.083213	-0.131995	0.987752
2.5	0.171803	0.92384	-1.01856	-0.269419	0.951828	0.146417	-0.959905	-0.277649	0.0386438	0.0774347	-0.130135	0.988468
2.53333	0.17175	0.913762	-0.966177	-0.298659	0.940805	0.160279	-0.951343	-0.306829	0.0283188	0.0758208	-0.144023	0.986665
2.56667	0.171899	0.90512	-0.908236	-0.329496	0.927352	0.177342	-0.941818	-0.336043	0.00736016	0.06642	-0.164599	0.984122
2.6	0.170075	0.902319	-0.851462	-0.388003	0.905301	0.172867	-0.919555	-0.39291	-0.00629374	0.0622236	-0.161403	0.984925
2.63333	0.165384	0.903171	-0.796205	-0.413985	0.897269	0.153377	-0.908357	-0.41816	-0.00550353	0.059198	-0.1416	0.988152
2.66667	0.160908	0.90876	-0.743163	-0.388308	0.911407	0.136214	-0.919541	-0.392919	0.00766366	0.0605057	-0.122278	0.99065
2.7	0.157713	0.919431	-0.690164	-0.331322	0.93714	0.109516	-0.941485	-0.335989	0.0267958	0.0619076	-0.0942295	0.993624
2.73333	0.154006	0.932686	-0.637649	-0.245886	0.966181	0.0776789	-0.967789	-0.249184	0.0359294	0.0540707	-0.0663423	0.996331
2.76667	0.150497	0.94583	-0.586453	-0.141634	0.988771	0.0476641	-0.988579	-0.143783	0.0451443	0.0514907	-0.0407257	0.997843
2.8	0.147587	0.954985	-0.537092	-0.0403752	0.999049	0.0164403	-0.997575	-0.0412384	0.0560728	0.0566974	-0.0141365	0.998291
2.83333	0.145564	0.958135	-0.488782	0.0433464	0.998923	-0.0165259	-0.996785	0.0443575	0.0667276	0.0673888	0.0135804	0.997634
2.86667	0.144487	0.955574	-0.440136	0.102186	0.993772	-0.044443	-0.991581	0.105329	0.0753197	0.0795317	0.0363722	0.996169
2.9	0.145353	0.948389	-0.390983	0.148161	0.986916	-0.0636087	-0.985583	0.152662	0.0729365	0.0816927	0.0518854	0.995306
2.93333	0.149521	0.938066	-0.341753	0.195857	0.978392	-0.0662449	-0.977856	0.199936	0.0618289	0.0737377	0.0526683	0.995886
2.96667	0.155367	0.927146	-0.292934	0.238942	0.969432	-0.0557512	-0.968857	0.241855	0.0531296	0.0649893	0.04132	0.99703
3	0.160494	0.916608	-0.24127	0.281052	0.958381	-0.0501567	-0.957947	0.283308	0.0455401	0.0578546	0.0352484	0.997703
3.03333	0.164072	0.907081	-0.184156	0.318953	0.946082	-0.0565448	-0.946774	0.320786	0.0267596	0.0434556	0.045	0.998041
3.06667	0.167721	0.901705	-0.123735	0.377767	0.924016	-0.0590464	-0.925574	0.378559	0.00243142	0.0245992	0.0537333	0.998252
3.1	0.174328	0.901677	-0.0644	0.43467	0.899556	-0.0431412	-0.900516	0.434748	-0.00804549	0.0115182	0.0423465	0.999037
3.13333	0.18019	0.90647	-0.00730982	0.408016	0.912491	-0.0297172	-0.912707	0.408468	0.0109029	0.0220873	0.0226745	0.999499
3.16667	0.182435	0.917152	0.0497658	0.340066	0.940297	-0.0140282	-0.939766	0.340347	0.031696	0.0345781	0.00240444	0.999399
3.2	0.18508	0.931157	0.105796	0.248088	0.968718	0.00623084	-0.968037	0.247659	0.0396127	0.0368304	-0.0158591	0.999196
3.23333	0.1887	0.943811	0.160294	0.13819	0.989849	0.0331882	-0.989486	0.13654	0.0476978	0.0426821	-0.0394306	0.99831
3.26667	0.191718	0.950412	0.212314	0.0380251	0.997439	0.0605778	-0.997745	0.0345414	0.0575522	0.0553124	-0.0626296	0.996503
3.3	0.193968	0.949517	0.263391	-0.0363365	0.99535	0.0892043	-0.99657	-0.0427317	0.0708612	0.0743436	-0.0863235	0.993489
3.33333	0.19556	0.942639	0.314507	-0.0844459	0.989473	0.117527	-0.991829	-0.0947883	0.0853808	0.0956221	-0.109356	0.989393
3.36667	0.193934	0.931618	0.366161	-0.120288	0.984043	0.131114	-0.987369	-0.132308	0.0871629	0.103119	-0.118973	0.987528
3.4	0.189758	0.919951	0.417215	-0.154888	0.979338	0.130027	-0.982203	-0.166804	0.0863398	0.106245	-0.11434	0.987744
3.43333	0.185681	0.90942	0.46904	-0.192827	0.973643	0.121811	-0.975317	-0.203792	0.0849987	0.107583	-0.102414	0.988907
3.46667	0.183038	0.900317	0.527224	-0.228642	0.965489	0.124713	-0.967958	-0.239128	0.0766544	0.103831	-0.10319	0.989227
3.5	0.180637	0.893393	0.591038	-0.265392	0.952657	0.148362	-0.959462	-0.276099	0.0565845	0.0948683	-0.12733	0.987313
3.53333	0.175594	0.891356	0.652496	-0.331379	0.930827	0.154109	-0.938742	-0.341661	0.0450813	0.094616	-0.12973	0.987025
3.56667	0.169324	0.891633	0.710777	-0.378429	0.913469	0.149552	-0.920473	-0.388408	0.0432292	0.0975757	-0.121299	0.987808
3.6	0.167335	0.895245	0.76483	-0.363028	0.918219	0.158378	-0.92547	-0.375069	0.053184	0.108237	-0.127267	0.985945
3.63333	0.166475	0.905149	0.821106	-0.297977	0.941748	0.155952	-0.948663	-0.310305	0.0612289	0.106055	-0.129701	0.985865
3.66667	0.164319	0.920017	0.876859	-0.210443	0.967901	0.137412	-0.973262	-0.220664	0.0637858	0.0920602	-0.120315	0.988458
3.7	0.162063	0.934724	0.930567	-0.108137	0.988311	0.107461	-0.990609	-0.11622	0.0720236	0.0836708	-0.0986635	0.991597
3.73333	0.160846	0.94444	0.981921	-0.00703942	0.997006	0.0770058	-0.996472	-0.0134343	0.0828438	0.0836302	-0.0761509	0.993583
3.76667	0.16093	0.946415	1.0318	0.0750656	0.996109	0.0461645	-0.993305	0.0706171	0.0914262	0.0878105	-0.0527184	0.994741
3.8	0.163514	0.940909	1.0818	0.130386	0.991165	0.0243366	-0.987274	0.127541	0.0949956	0.0910524	-0.0364129	0.99518
3.83333	0.16887	0.93	1.13123	0.168984	0.98549	0.0159246	-0.982098	0.166993	0.0871643	0.0832402	-0.0303689	0.996067
3.86667	0.176059	0.917566	1.17967	0.204946	0.978551	0.0208704	-0.976129	0.202779	0.0778027	0.0719018	-0.0363175	0.99675
3.9	0.183531	0.905777	1.22919	0.240534	0.970175	0.030074	-0.968796	0.238052	0.0690316	0.0598135	-0.04574	0.997161
3.93333	0.188702	0.895252	1.286	0.269731	0.962729	0.0199357	-0.961739	0.268306	0.0554091	0.0479951	-0.0341185	0.998265
3.96667	0.194895	0.888421	1.34651	0.324656	0.945799	0.00790429	-0.945246	0.32415	0.0379075	0.0332907	-0.0197784	0.99925
4	0.203092	0.887934	1.40568	0.39357	0.919145	0.0165848	-0.919212	0.393229	0.0205001	0.0123209	-0.0233132	0.999652
4.03333	0.211353	0.891365	1.46143	0.41931	0.907607	0.0206954	-0.907799	0.418957	0.019389	0.00892713	-0.0269173	0.999598
4.06667	0.214755	0.89764	1.51559	0.37898	0.925335	0.0113603	-0.924942	0.378373	0.0362779	0.0292707	-0.0242562	0.999277
4.1	0.215849	0.908487	1.57076	0.311657	0.950193	0.00156321	-0.949187	0.31125	0.0465652	0.0437594	-0.0159961	0.998914
4.13333	0.218262	0.92141	1.62574	0.221468	0.975128	0.00883051	-0.973922	0.220719	0.0525213	0.0492659	-0.020232	0.998581
4.16667	0.221183	0.931984	1.67903	0.123946	0.991849	0.0295388	-0.99045	0.12185	0.0645165	0.0603913	-0.0372533	0.997479
4.2	0.222624	0.937113	1.7311	0.0377097	0.998028	0.0501757	-0.99631	0.0336756	0.0789482	0.0771029	-0.0529677	0.995615
4.23333	0.223127	0.935365	1.78264	-0.0314074	0.996858	0.0727123	-0.994883	-0.0381689	0.0935511	0.0960326	-0.069402	0.992956
4.26667	0.221685	0.928364	1.83418	-0.0792573	0.993082	0.086639	-0.99066	-0.0881405	0.104038	0.110954	-0.077584	0.990793
4.3	0.217878	0.918341	1.88495	-0.11528	0.98906	0.0920379	-0.986185	-0.125054	0.108633	0.118954	-0.0782432	0.989812
4.33333	0.214072	0.908086	1.93418	-0.15136	0.983992	0.0940683	-0.980462	-0.161547	0.112233	0.125633	-0.0752429	0.989219
4.36667	0.212218	0.898391	1.98732	-0.179905	0.978351	0.102288	-0.97595	-0.190537	0.105911	0.123108	-0.0807745	0.989101
4.4	0.211551	0.890243	2.04666	-0.210118	0.969269	0.127937	-0.969377	-0.223557	0.101639	0.127116	-0.102663	0.986561
4.43333	0.209297	0.885564	2.10702	-0.250517	0.956001	0.152651	-0.959581	-0.26609	0.0916553	0.128242	-0.12352	0.984021
4.46667	0.204974	0.885595	2.16504	-0.305234	0.94023	0.150999	-0.943583	-0.319998	0.0851576	0.128387	-0.116487	0.984859
4.5	0.199291	0.888207	2.21833	-0.323424	0.935256	0.143852	-0.93717	-0.33761	0.087927	0.1308	-0.106376	0.985685
4.53333	0.198589	0.893905	2.26874	-0.294153	0.94375	0.15103	-0.946166	-0.309874	0.0935271	0.135066	-0.115388	0.984095
4.56667	0.198045	0.903938	2.3197	-0.2261	0.963448	0.143693	-0.96554	-0.241178	0.0978054	0.128886	-0.116628	0.984777
4.6	0.195484	0.916237	2.36928	-0.141307	0.983522	0.112773	-0.982525	-0.153272	0.105605	0.12115	-0.09588	0.987993
4.63333	0.192658	0.926872	2.41649	-0.0631109	0.995189	0.0749419	-0.990593	-0.0716009	0.116613	0.121417	-0.0668774	0.990346
4.66667	0.191368	0.933672	2.46288	0.00295039	0.999085	0.0426636	-0.991791	-0.00253029	0.127841	0.127832	-0.0426906	0.990877
4.7	0.191765	0.935791	2.50887	0.0627236	0.997946	0.0130264	-0.989039	0.0604051	0.134734	0.133671	-0.0213347	0.990796
4.73333	0.195382	0.933494	2.5549	0.104077	0.994529	-0.00890985	-0.985642	0.104337	0.132756	0.132959	-0.00503498	0.991109
4.76667	0.201934	0.927015	2.59925	0.134363	0.99079	-0.0167848	-0.983133	0.135407	0.122944	0.124084	-1.73557e-05	0.992272
4.8	0.209318	0.917691	2.64206	0.15916	0.987036	-0.0206775	-0.980345	0.160485	0.114755	0.116585	0.00200672	0.993179
4.83333	0.214481	0.907222	2.68729	0.174248	0.984031	-0.0363469	-0.977739	0.17728	0.112246	0.116897	0.0159792	0.993015
4.86667	0.217852	0.895154	2.73739	0.173649	0.982665	-0.0649297	-0.978046	0.179795	0.105358	0.115205	0.045209	0.992312
