0	0	1	0	0	0	-1	-1	0	0
0.0333333	0.994035	-0.106212	0.0247823	0.108658	0.984024	-0.141034	-0.00940688	0.142886	0.989694
0.0666667	0.998938	-0.0440602	0.0134763	0.0439688	0.999008	0.0070069	-0.0137716	-0.00640692	0.999885
0.1	0.99952	-0.0263741	0.0162424	0.0252458	0.997491	0.0661381	-0.017946	-0.0656963	0.997678
0.133333	0.999584	-0.0196576	0.0211175	0.0177023	0.995866	0.0890927	-0.0227816	-0.0886818	0.995799
0.166667	0.999527	-0.0164679	0.0259599	0.0138378	0.995048	0.0984238	-0.0274522	-0.098018	0.994806
0.2	0.999432	-0.0146383	0.0303664	0.0114088	0.99452	0.103923	-0.0317213	-0.103518	0.994122
0.233333	0.999353	-0.0136971	0.0332587	0.0100278	0.994091	0.108088	-0.0345427	-0.107684	0.993585
0.266667	0.999302	-0.0129001	0.0350653	0.00890415	0.993689	0.111814	-0.0362864	-0.111424	0.99311
0.3	0.999227	-0.0138093	0.0367947	0.00955918	0.993517	0.113277	-0.0381205	-0.112838	0.992882
0.333333	0.999215	-0.0135418	0.0372402	0.00911322	0.993135	0.116615	-0.0385638	-0.116184	0.992479
0.366667	0.999227	-0.0130994	0.0370612	0.00854456	0.992678	0.120489	-0.0383682	-0.12008	0.992023
0.4	0.999257	-0.0123768	0.0365088	0.00777383	0.992299	0.123625	-0.0377578	-0.123249	0.991657
0.433333	0.999312	-0.0115105	0.0352702	0.0069706	0.991976	0.126236	-0.0364403	-0.125903	0.991373
0.466667	0.999362	-0.0113837	0.0338578	0.00695984	0.991748	0.128017	-0.0350357	-0.1277	0.991194
0.5	0.999424	-0.0113142	0.03198	0.00711837	0.991698	0.128392	-0.0331672	-0.12809	0.991208
0.533333	0.999493	-0.0113379	0.0297674	0.00741509	0.991652	0.128727	-0.0309784	-0.128441	0.991233
0.566667	0.999548	-0.0119746	0.0275674	0.00834997	0.991735	0.128028	-0.0288727	-0.12774	0.991387
0.6	0.999597	-0.0123641	0.0255513	0.00905821	0.992031	0.125671	-0.0269015	-0.125389	0.991743
0.633333	0.999668	-0.0113174	0.0231417	0.00830582	0.991955	0.126322	-0.0243852	-0.126088	0.991719
0.666667	0.999723	-0.0102261	0.0211929	0.0074985	0.992128	0.125002	-0.0223043	-0.124808	0.99193
0.7	0.999781	-0.00987059	0.0184559	0.00751342	0.992293	0.123686	-0.0195345	-0.12352	0.99215
0.733333	0.999809	-0.0104099	0.0165189	0.00831083	0.992445	0.122408	-0.0176684	-0.122247	0.992342
0.766667	0.999819	-0.0117793	0.0149077	0.00990323	0.992701	0.120196	-0.0162147	-0.120027	0.992638
0.8	0.999817	-0.0135939	0.0134366	0.0119012	0.992836	0.118892	-0.0149565	-0.118711	0.992816
0.833333	0.999815	-0.0148395	0.0122492	0.0132996	0.992993	0.117422	-0.0139059	-0.117238	0.993007
0.866667	0.999818	-0.0154319	0.0112056	0.0140255	0.99312	0.116262	-0.0129226	-0.116084	0.993155
0.9	0.999827	-0.0153222	0.0105865	0.013979	0.993032	0.117017	-0.0123057	-0.116848	0.993074
0.933333	0.999832	-0.0152635	0.0101211	0.013952	0.992801	0.118957	-0.0118639	-0.118795	0.992848
0.966667	0.999837	-0.0147299	0.0104754	0.0133553	0.992565	0.12098	-0.0121796	-0.120821	0.9926
1	0.999837	-0.0141394	0.011214	0.0126848	0.992621	0.12059	-0.0128363	-0.120428	0.992639
1.03333	0.999839	-0.013005	0.0123417	0.0114245	0.992652	0.120466	-0.0138177	-0.120305	0.992641
1.06667	0.999827	-0.011929	0.0142497	0.0101252	0.992655	0.120559	-0.0155832	-0.120394	0.992604
1.1	0.999812	-0.0101604	0.0165067	0.0080931	0.992644	0.120802	-0.0176127	-0.120646	0.992539
1.13333	0.999785	-0.00828954	0.0189912	0.00593969	0.992683	0.120607	-0.019852	-0.120468	0.992519
1.16667	0.999753	-0.00629232	0.0212935	0.00365655	0.992569	0.121629	-0.0219006	-0.121521	0.992347
1.2	0.99971	-0.00405933	0.0237372	0.00114869	0.992607	0.121369	-0.0240544	-0.121307	0.992324
1.23333	0.99966	-0.00204344	0.0259762	-0.00111203	0.992666	0.120884	-0.0260327	-0.120871	0.992327
1.26667	0.999614	-0.000262503	0.0277668	-0.00303445	0.992934	0.118628	-0.0276018	-0.118667	0.99255
1.3	0.999574	0.000724412	0.0291821	-0.00400993	0.993623	0.112686	-0.0289144	-0.112755	0.993202
1.33333	0.99957	0.00191696	0.0292531	-0.00499371	0.99441	0.10547	-0.0288874	-0.10557	0.993992
1.36667	0.999615	0.00284633	0.0275952	-0.00560437	0.994932	0.100391	-0.0271696	-0.100507	0.994565
1.4	0.9997	0.00182707	0.0244298	-0.00429915	0.994824	0.101526	-0.0241179	-0.1016	0.994533
1.43333	0.999802	-0.00160623	0.0198243	-0.000528722	0.994235	0.107221	-0.0198823	-0.107211	0.994038
1.46667	0.999802	-0.0112007	0.0164301	0.00915326	0.992757	0.119787	-0.0176528	-0.119613	0.992664
1.5	0.999572	-0.0274462	0.0101191	0.025891	0.991093	0.130632	-0.0136143	-0.130314	0.991379
1.53333	0.998836	-0.0478001	0.00651535	0.0463147	0.987937	0.147766	-0.0135	-0.147293	0.989001
1.56667	0.997596	-0.0692448	0.00280795	0.0678409	0.984041	0.164501	-0.014154	-0.163915	0.986373
1.6	0.995541	-0.0943217	0.00153413	0.0925235	0.979473	0.179084	-0.0183942	-0.178144	0.983833
1.63333	0.992491	-0.122314	0.000317566	0.120186	0.975702	0.183195	-0.0227171	-0.181781	0.983077
1.66667	0.98823	-0.152971	0.000793084	0.150384	0.972445	0.178141	-0.0280216	-0.175925	0.984005
1.7	0.982537	-0.186058	0.00155915	0.183168	0.968677	0.167672	-0.032707	-0.164458	0.985842
1.73333	0.976076	-0.217393	0.00397816	0.214187	0.964509	0.154421	-0.037407	-0.149874	0.987997
1.76667	0.969596	-0.244404	0.0122167	0.240009	0.959526	0.14733	-0.0477302	-0.139918	0.989012
1.8	0.962127	-0.271308	0.0265332	0.264495	0.952641	0.150057	-0.0659883	-0.137356	0.988321
1.83333	0.950127	-0.308848	0.0432666	0.299736	0.942661	0.146798	-0.0861238	-0.126508	0.98822
1.86667	0.941448	-0.33347	0.0497312	0.319876	0.93004	0.180846	-0.106559	-0.154349	0.982253
1.9	0.930819	-0.361972	0.050522	0.345488	0.916547	0.201442	-0.119222	-0.170051	0.978197
1.93333	0.919841	-0.389432	0.0472891	0.370898	0.902599	0.218519	-0.127781	-0.183463	0.974686
1.96667	0.910765	-0.411314	0.0364508	0.391583	0.888331	0.239855	-0.131036	-0.204178	0.970124
2	0.90318	-0.428803	0.0198232	0.409176	0.873963	0.262228	-0.129769	-0.228728	0.964802
2.03333	0.893627	-0.448789	0.00435106	0.430475	0.859824	0.274578	-0.126969	-0.243498	0.961555
2.06667	0.888936	-0.45801	-0.00430772	0.441595	0.854505	0.273524	-0.121596	-0.245048	0.961856
2.1	0.901608	-0.432512	-0.00604485	0.419481	0.870863	0.256188	-0.10554	-0.233517	0.966608
2.13333	0.925452	-0.37878	-0.0080111	0.370248	0.899719	0.231131	-0.0803398	-0.216866	0.97289
2.16667	0.95082	-0.309028	-0.0210671	0.306577	0.929212	0.206337	-0.0441881	-0.202648	0.978254
2.2	0.967177	-0.249599	-0.0476418	0.254084	0.947565	0.193811	-0.0032313	-0.199555	0.979881
2.23333	0.976217	-0.202388	-0.0777095	0.213838	0.957913	0.191511	0.0356792	-0.203574	0.978409
2.26667	0.980817	-0.159773	-0.111668	0.179391	0.96397	0.196421	0.0762615	-0.212685	0.97414
2.3	0.979955	-0.128542	-0.152202	0.158625	0.96566	0.205763	0.120526	-0.225782	0.966693
2.33333	0.975044	-0.109312	-0.193236	0.150949	0.964661	0.21597	0.1628	-0.239749	0.957088
2.36667	0.968121	-0.0985294	-0.230289	0.151753	0.962165	0.226295	0.19928	-0.254028	0.946445
2.4	0.959905	-0.101585	-0.261272	0.166042	0.95698	0.237948	0.22586	-0.271789	0.935477
2.43333	0.950844	-0.118304	-0.286182	0.194457	0.947327	0.254475	0.241003	-0.297616	0.923765
2.46667	0.941823	-0.1384	-0.306291	0.226615	0.934481	0.274573	0.248222	-0.328009	0.91148
2.5	0.93691	-0.150674	-0.315432	0.248559	0.921622	0.298046	0.245801	-0.357646	0.900928
2.53333	0.939416	-0.155159	-0.305653	0.25599	0.910572	0.324542	0.227964	-0.383124	0.895125
2.56667	0.948267	-0.154693	-0.277234	0.250685	0.900669	0.354896	0.194796	-0.406035	0.892855
2.6	0.960455	-0.146245	-0.236937	0.232412	0.889699	0.392962	0.153334	-0.43249	0.888505
2.63333	0.970692	-0.146933	-0.190178	0.215407	0.882834	0.417377	0.106569	-0.44611	0.888611
2.66667	0.974912	-0.160246	-0.154495	0.20879	0.898931	0.385137	0.077164	-0.407732	0.909835
2.7	0.974509	-0.193113	-0.114196	0.219731	0.924312	0.312036	0.0452943	-0.329174	0.943182
2.73333	0.967476	-0.246425	-0.0571384	0.252915	0.937915	0.237382	-0.0049058	-0.244113	0.969734
2.76667	0.955324	-0.295558	0.00140126	0.289002	0.935108	0.205065	-0.0619187	-0.195498	0.978747
2.8	0.939024	-0.34118	0.0427686	0.324694	0.92076	0.216276	-0.113169	-0.189202	0.975395
2.83333	0.920547	-0.385441	0.0634709	0.358698	0.898403	0.253393	-0.15469	-0.210493	0.965279
2.86667	0.901291	-0.427506	0.0700881	0.390379	0.871619	0.296453	-0.187826	-0.23983	0.952472
2.9	0.885851	-0.459535	0.0640043	0.413525	0.844542	0.340214	-0.210394	-0.274911	0.938167
2.93333	0.879499	-0.473655	0.0461871	0.421914	0.820944	0.384759	-0.22016	-0.318908	0.921861
2.96667	0.885902	-0.4636	0.0158964	0.411103	0.800538	0.436043	-0.214875	-0.379756	0.899785
3	0.894925	-0.446101	-0.010133	0.396454	0.784496	0.476854	-0.204776	-0.430766	0.878924
3.03333	0.901744	-0.431671	-0.0227676	0.384323	0.776498	0.499347	-0.197874	-0.459033	0.866103
3.06667	0.916778	-0.398797	-0.0218936	0.356268	0.791771	0.496157	-0.180531	-0.462666	0.867957
3.1	0.943595	-0.330804	-0.014055	0.299343	0.834173	0.463196	-0.141503	-0.441276	0.886145
3.13333	0.968815	-0.247777	-0.00209013	0.227116	0.884593	0.407325	-0.0990769	-0.395097	0.913281
3.16667	0.986006	-0.166162	0.0135292	0.152125	0.929962	0.334706	-0.0681972	-0.327964	0.942226
3.2	0.995467	-0.0942929	0.0124219	0.0885838	0.966781	0.239765	-0.0346174	-0.237578	0.970752
3.23333	0.998461	-0.0523092	-0.0184215	0.0545239	0.986616	0.153675	0.0101363	-0.154443	0.98795
3.26667	0.996317	-0.0482759	-0.0708687	0.055951	0.992284	0.110648	0.0649802	-0.114205	0.99133
3.3	0.989527	-0.0622682	-0.130229	0.0772584	0.990539	0.113417	0.121934	-0.122291	0.984976
3.33333	0.979463	-0.0757766	-0.186841	0.102814	0.984863	0.139547	0.173439	-0.155891	0.972428
3.36667	0.966656	-0.0959161	-0.237435	0.138519	0.975695	0.169797	0.215378	-0.197025	0.956448
3.4	0.951699	-0.119786	-0.282701	0.178897	0.964651	0.193505	0.249529	-0.234733	0.939487
3.43333	0.938183	-0.139193	-0.316918	0.213868	0.95301	0.214551	0.272162	-0.269067	0.923867
3.46667	0.934136	-0.148691	-0.324471	0.233488	0.942161	0.240448	0.269952	-0.300371	0.914824
3.5	0.941586	-0.150995	-0.301026	0.237202	0.931864	0.274526	0.239063	-0.329894	0.913246
3.53333	0.954071	-0.15041	-0.259086	0.230287	0.921369	0.313124	0.191616	-0.358407	0.913689
3.56667	0.966011	-0.149768	-0.210696	0.215986	0.915462	0.339528	0.142033	-0.373495	0.916694
3.6	0.97463	-0.141144	-0.17371	0.191323	0.928133	0.319318	0.116156	-0.344452	0.93159
3.63333	0.98204	-0.138004	-0.128657	0.167844	0.950457	0.261647	0.0861744	-0.278542	0.95655
3.66667	0.987034	-0.146701	-0.0651328	0.156762	0.968234	0.194806	0.0344856	-0.20249	0.978677
3.7	0.987025	-0.160322	0.0089108	0.157251	0.976362	0.148291	-0.0324744	-0.144965	0.988904
3.73333	0.9807	-0.180601	0.074911	0.169352	0.976102	0.13618	-0.097715	-0.120866	0.987848
3.76667	0.970394	-0.209711	0.119821	0.188235	0.967499	0.168862	-0.151338	-0.141308	0.97833
3.8	0.958869	-0.244009	0.145019	0.207611	0.95129	0.227915	-0.193569	-0.188433	0.962821
3.83333	0.948094	-0.277447	0.155375	0.224702	0.930268	0.290017	-0.225005	-0.24005	0.944324
3.86667	0.939633	-0.302253	0.160414	0.236398	0.912334	0.334309	-0.247397	-0.276207	0.928711
3.9	0.933335	-0.319484	0.163753	0.240755	0.895363	0.374649	-0.266313	-0.310248	0.912592
3.93333	0.920676	-0.346732	0.179256	0.254136	0.881055	0.398945	-0.296261	-0.321743	0.899283
3.96667	0.913303	-0.353152	0.202885	0.254533	0.883796	0.392578	-0.317949	-0.306902	0.897062
4	0.923597	-0.313366	0.22084	0.223799	0.908434	0.353075	-0.31126	-0.276675	0.909158
4.03333	0.943315	-0.249501	0.218876	0.175524	0.934717	0.309025	-0.281689	-0.253089	0.925525
4.06667	0.961994	-0.172156	0.211965	0.112303	0.956974	0.267562	-0.248908	-0.233588	0.939937
4.1	0.974948	-0.0965678	0.200375	0.0551849	0.97769	0.202675	-0.215476	-0.18654	0.958526
4.13333	0.984885	-0.037836	0.169024	0.017635	0.992683	0.119454	-0.172307	-0.114668	0.978346
4.16667	0.993909	-0.013744	0.109341	0.00721393	0.998179	0.0598955	-0.109965	-0.058742	0.992198
4.2	0.999204	-0.0259149	0.0303199	0.0241191	0.998016	0.0581655	-0.0317671	-0.057388	0.997846
4.23333	0.997146	-0.0527942	-0.0539732	0.0586176	0.991896	0.11272	0.0475848	-0.115562	0.99216
4.26667	0.988532	-0.0720058	-0.132742	0.0970728	0.976327	0.193295	0.115681	-0.203964	0.97212
4.3	0.975331	-0.0862349	-0.203206	0.140588	0.952364	0.270626	0.170188	-0.292518	0.940994
4.33333	0.958902	-0.0979616	-0.26629	0.185321	0.926904	0.32635	0.214856	-0.362287	0.906965
4.36667	0.945458	-0.105149	-0.308306	0.220991	0.902393	0.369931	0.239315	-0.417887	0.876412
4.4	0.940921	-0.109573	-0.320407	0.241161	0.881066	0.406896	0.237715	-0.460126	0.855439
4.43333	0.943888	-0.118929	-0.30811	0.250839	0.865013	0.434548	0.214839	-0.487451	0.846307
4.46667	0.954106	-0.124717	-0.272263	0.243868	0.851241	0.464668	0.17381	-0.509739	0.842589
4.5	0.962189	-0.138461	-0.234565	0.2355	0.855589	0.460985	0.136863	-0.498794	0.855846
4.53333	0.969943	-0.143531	-0.196491	0.215088	0.883327	0.416499	0.113785	-0.446243	0.887649
4.56667	0.97788	-0.153657	-0.141918	0.194827	0.916009	0.350671	0.0761152	-0.370564	0.925683
4.6	0.983683	-0.165404	-0.0707762	0.178853	0.941639	0.285179	0.0194757	-0.293185	0.955857
4.63333	0.985751	-0.167922	0.00982849	0.161159	0.959562	0.2308	-0.0481875	-0.225928	0.972952
4.66667	0.982042	-0.163791	0.0936297	0.144409	0.971948	0.18564	-0.12141	-0.168786	0.978147
4.7	0.971522	-0.163342	0.171654	0.13817	0.979041	0.149625	-0.192496	-0.121647	0.973728
4.73333	0.956542	-0.167583	0.238629	0.140921	0.982119	0.124836	-0.255282	-0.0857827	0.963054
4.76667	0.942013	-0.172498	0.287848	0.143034	0.982343	0.120593	-0.303567	-0.0724278	0.950053
4.8	0.930472	-0.182698	0.317557	0.143157	0.979185	0.143883	-0.337235	-0.088418	0.937259
4.83333	0.918268	-0.206735	0.337705	0.148484	0.970427	0.190325	-0.367065	-0.124626	0.921809
4.86667	0.900801	-0.246108	0.357754	0.168282	0.957351	0.234862	-0.400298	-0.15136	0.903798
