0	0.998	0.0111138	0.0622338	-0.010756	0.999924	-0.00608124	-0.0622966	0.00539969	0.998043
0.0333333	0.227566	0.603422	0.764261	-0.481624	0.75188	-0.450239	-0.846317	-0.265627	0.461725
0.0666667	0.208734	0.610012	0.764405	-0.45725	0.751803	-0.475095	-0.864495	-0.250356	0.435855
0.1	0.210618	0.609715	0.764125	-0.446271	0.755425	-0.479766	-0.86976	-0.23996	0.431204
0.133333	0.209383	0.609691	0.764484	-0.444703	0.755658	-0.480854	-0.870861	-0.239285	0.429354
0.166667	0.209979	0.609508	0.764466	-0.444412	0.755956	-0.480654	-0.870866	-0.23881	0.429608
0.2	0.2099	0.60941	0.764567	-0.445181	0.755793	-0.480199	-0.870492	-0.239577	0.429938
0.233333	0.209073	0.609192	0.764966	-0.446302	0.755476	-0.479656	-0.870116	-0.241123	0.429834
0.266667	0.208315	0.60873	0.765541	-0.447465	0.755311	-0.478833	-0.869701	-0.242805	0.429728
0.3	0.207921	0.607891	0.766314	-0.448389	0.755507	-0.477657	-0.869319	-0.244292	0.429658
0.333333	0.207322	0.606892	0.767268	-0.449333	0.755757	-0.476374	-0.868975	-0.245996	0.429381
0.366667	0.206563	0.605748	0.768375	-0.449749	0.756214	-0.475255	-0.868941	-0.247406	0.42864
0.4	0.205885	0.60443	0.769594	-0.450701	0.756635	-0.473679	-0.868608	-0.249334	0.428197
0.433333	0.205537	0.602916	0.770874	-0.451668	0.757224	-0.471813	-0.868188	-0.251204	0.427956
0.466667	0.20465	0.601432	0.772268	-0.45211	0.757845	-0.470391	-0.868168	-0.252885	0.427006
0.5	0.204156	0.59963	0.773799	-0.452682	0.758684	-0.468484	-0.867986	-0.254641	0.426332
0.533333	0.203656	0.597609	0.775492	-0.453326	0.759625	-0.466331	-0.867767	-0.25658	0.425614
0.566667	0.202924	0.595499	0.777305	-0.453737	0.760637	-0.464277	-0.867724	-0.258479	0.424552
0.6	0.202512	0.593231	0.779144	-0.45397	0.761844	-0.462066	-0.867698	-0.260134	0.423591
0.633333	0.202085	0.590967	0.780974	-0.453703	0.763187	-0.460108	-0.867937	-0.261349	0.422352
0.666667	0.201886	0.58901	0.782502	-0.454088	0.764184	-0.458068	-0.867782	-0.262847	0.421741
0.7	0.202718	0.586348	0.784284	-0.45479	0.76567	-0.454879	-0.86722	-0.264472	0.42188
0.733333	0.205151	0.581225	0.787458	-0.456392	0.768551	-0.44837	-0.865806	-0.267406	0.422936
0.766667	0.206282	0.573992	0.792453	-0.458254	0.772236	-0.440061	-0.864552	-0.272368	0.422332
0.8	0.205136	0.565496	0.798833	-0.458483	0.77662	-0.432036	-0.864704	-0.277625	0.418583
0.833333	0.211104	0.552932	0.806041	-0.459022	0.784121	-0.417676	-0.862979	-0.281817	0.419339
0.866667	0.220797	0.536811	0.814299	-0.45935	0.793744	-0.398708	-0.860376	-0.286015	0.42184
0.9	0.228209	0.517768	0.824522	-0.462721	0.802792	-0.376052	-0.856627	-0.295705	0.422787
0.933333	0.230833	0.497019	0.836474	-0.467084	0.810761	-0.352845	-0.853551	-0.309255	0.4193
0.966667	0.23457	0.473464	0.849004	-0.470341	0.819615	-0.327125	-0.850739	-0.322587	0.414947
1	0.237438	0.446338	0.86279	-0.471995	0.829305	-0.299124	-0.849025	-0.336209	0.407577
1.03333	0.238218	0.416743	0.877256	-0.466778	0.841224	-0.272874	-0.851687	-0.344481	0.394921
1.06667	0.235054	0.387039	0.8916	-0.464344	0.850569	-0.246812	-0.853894	-0.355995	0.379649
1.1	0.22503	0.360017	0.9054	-0.466982	0.855406	-0.224074	-0.855155	-0.372382	0.360613
1.13333	0.213444	0.332488	0.918637	-0.472662	0.858075	-0.200745	-0.855004	-0.391357	0.340306
1.16667	0.203717	0.296791	0.93296	-0.480212	0.860727	-0.168955	-0.853168	-0.4136	0.317867
1.2	0.178951	0.246282	0.952534	-0.515692	0.84799	-0.122369	-0.837877	-0.469316	0.278755
1.23333	0.140738	0.166996	0.975861	-0.602288	0.796744	-0.0494823	-0.785775	-0.580786	0.212712
1.26667	0.0899497	0.0535494	0.994506	-0.733232	0.679328	0.0297398	-0.674003	-0.731878	0.10037
1.3	0.085562	-0.0900769	0.992253	-0.802888	0.58347	0.122201	-0.589957	-0.807124	-0.0223988
1.33333	0.0717363	-0.223478	0.972066	-0.819979	0.54166	0.18504	-0.567881	-0.810347	-0.14439
1.36667	0.0474077	-0.334258	0.941288	-0.825036	0.518118	0.22554	-0.563087	-0.78729	-0.251213
1.4	0.024329	-0.421542	0.906482	-0.827392	0.500436	0.254925	-0.561098	-0.756218	-0.336606
1.43333	0.00532657	-0.494807	0.868987	-0.821721	0.493054	0.285785	-0.569866	-0.715587	-0.403967
1.46667	-0.025318	-0.553899	0.832199	-0.802091	0.508118	0.313794	-0.596665	-0.659554	-0.457142
1.5	-0.0569342	-0.607583	0.792213	-0.767647	0.533986	0.354369	-0.638339	-0.587964	-0.496811
1.53333	-0.0930825	-0.663195	0.742636	-0.706691	0.569423	0.419934	-0.701372	-0.485726	-0.521677
1.56667	-0.143312	-0.709141	0.690349	-0.656375	0.590167	0.469973	-0.740698	-0.385775	-0.55004
1.6	-0.155785	-0.756374	0.635318	-0.666193	0.555331	0.497789	-0.729327	-0.345697	-0.590403
1.63333	-0.197736	-0.779832	0.593939	-0.714807	0.529325	0.457019	-0.670785	-0.334182	-0.662096
1.66667	-0.200535	-0.817564	0.539791	-0.721369	0.496034	0.483298	-0.662882	-0.292471	-0.689237
1.7	-0.230628	-0.835995	0.497919	-0.732709	0.485919	0.476467	-0.640272	-0.254943	-0.724607
1.73333	-0.245099	-0.856737	0.453792	-0.719864	0.47435	0.506742	-0.649401	-0.202466	-0.732997
1.76667	-0.254869	-0.871552	0.418855	-0.696406	0.465957	0.545805	-0.670865	-0.152584	-0.725712
1.8	-0.257093	-0.878343	0.40301	-0.67325	0.461964	0.577342	-0.693281	-0.122896	-0.710112
1.83333	-0.263953	-0.873817	0.408379	-0.638754	0.475605	0.604808	-0.722718	-0.101213	-0.683692
1.86667	-0.262859	-0.861004	0.435405	-0.596172	0.49976	0.628347	-0.758607	-0.0944096	-0.644673
1.9	-0.240834	-0.845489	0.4766	-0.569891	0.520676	0.635705	-0.785635	-0.118511	-0.607233
1.93333	-0.212548	-0.826571	0.521156	-0.542224	0.543464	0.640812	-0.812906	-0.14638	-0.563699
1.96667	-0.172116	-0.808513	0.562745	-0.525811	0.558486	0.641574	-0.833006	-0.185472	-0.521249
2	-0.130972	-0.789792	0.599228	-0.519751	0.569411	0.636891	-0.844219	-0.228035	-0.485072
2.03333	-0.0990553	-0.770453	0.629754	-0.510922	0.582454	0.632223	-0.853901	-0.25913	-0.451337
2.06667	-0.0845084	-0.748688	0.657514	-0.499536	0.602794	0.622176	-0.862161	-0.275873	-0.424937
2.1	-0.100701	-0.713166	0.693725	-0.477111	0.64648	0.595339	-0.873054	-0.271033	-0.405361
2.13333	-0.156839	-0.642456	0.750101	-0.453484	0.721549	0.523182	-0.877356	-0.258104	-0.404511
2.16667	-0.265578	-0.51476	0.815163	-0.44128	0.816661	0.371937	-0.85717	-0.260937	-0.444041
2.2	-0.483041	-0.310736	0.818605	-0.481392	0.875182	0.0481527	-0.731391	-0.37081	-0.572334
2.23333	-0.590975	-0.243559	0.769043	-0.574044	0.796764	-0.188788	-0.566765	-0.553033	-0.610682
2.26667	-0.55592	-0.341262	0.757954	-0.743736	0.611432	-0.2702	-0.371228	-0.713927	-0.593716
2.3	-0.478054	-0.421255	0.770719	-0.837623	0.482693	-0.255726	-0.264295	-0.767823	-0.583607
2.33333	-0.410265	-0.460036	0.787432	-0.86952	0.457677	-0.185649	-0.274985	-0.760854	-0.58778
2.36667	-0.353439	-0.486495	0.799001	-0.868243	0.488519	-0.0866181	-0.348188	-0.724342	-0.595058
2.4	-0.304052	-0.508736	0.805444	-0.850283	0.526202	0.0113824	-0.429617	-0.681395	-0.592563
2.43333	-0.258951	-0.529152	0.808049	-0.827219	0.553392	0.0972957	-0.498652	-0.643238	-0.581026
2.46667	-0.232056	-0.542575	0.807318	-0.792136	0.587089	0.166874	-0.564509	-0.600782	-0.566031
2.5	-0.230444	-0.544897	0.806215	-0.712292	0.658934	0.241755	-0.662974	-0.51855	-0.539973
2.53333	-0.217727	-0.566219	0.794978	-0.598521	0.720849	0.349499	-0.770952	-0.399716	-0.495843
2.56667	-0.174698	-0.625033	0.760798	-0.526547	0.712218	0.464214	-0.832003	-0.319499	-0.453532
2.6	-0.158544	-0.674609	0.720948	-0.532713	0.673232	0.512811	-0.831312	-0.302755	-0.46611
2.63333	-0.305454	-0.646179	0.699393	-0.593903	0.703408	0.390508	-0.744297	-0.296089	-0.598627
2.66667	-0.341635	-0.650477	0.678355	-0.586061	0.711708	0.387305	-0.734723	-0.265241	-0.624363
2.7	-0.335374	-0.669528	0.662764	-0.625863	0.684167	0.374448	-0.704145	-0.289219	-0.648485
2.73333	-0.303251	-0.698901	0.647747	-0.635932	0.654671	0.408652	-0.709669	-0.287999	-0.642983
2.76667	-0.275179	-0.718092	0.639234	-0.639989	0.632996	0.435581	-0.71742	-0.28924	-0.633758
2.8	-0.263323	-0.712647	0.650228	-0.605072	0.646963	0.464033	-0.751365	-0.271244	-0.601562
2.83333	-0.246613	-0.685661	0.684874	-0.561885	0.676958	0.475409	-0.7896	-0.267578	-0.552209
2.86667	-0.213522	-0.645943	0.732916	-0.519802	0.710326	0.474598	-0.827172	-0.279634	-0.487433
2.9	-0.165852	-0.605299	0.778528	-0.488297	0.736295	0.468439	-0.856772	-0.302462	-0.417682
2.93333	-0.107107	-0.569643	0.814884	-0.475983	0.748951	0.46099	-0.872908	-0.338496	-0.351358
2.96667	-0.0527912	-0.537109	0.841859	-0.470929	0.756795	0.453307	-0.88059	-0.372526	-0.292892
3	-0.0162125	-0.505151	0.862879	-0.475208	0.763188	0.43786	-0.879724	-0.402948	-0.252425
3.03333	-0.0111909	-0.463487	0.886033	-0.470801	0.784171	0.404256	-0.882169	-0.412621	-0.226986
3.06667	-0.0452255	-0.397437	0.916514	-0.449196	0.827561	0.336698	-0.892288	-0.396467	-0.215954
3.1	-0.12341	-0.29248	0.948275	-0.443769	0.870974	0.210885	-0.887603	-0.39479	-0.23728
3.13333	-0.290249	-0.148928	0.945291	-0.49424	0.869199	-0.0148157	-0.81944	-0.471501	-0.325891
3.16667	-0.466205	-0.102366	0.878735	-0.61696	0.749503	-0.240011	-0.634046	-0.654038	-0.412578
3.2	-0.470511	-0.215484	0.855678	-0.781202	0.552625	-0.290393	-0.410295	-0.805091	-0.428353
3.23333	-0.415982	-0.303684	0.857167	-0.862821	0.429524	-0.26655	-0.287226	-0.850462	-0.440699
3.26667	-0.37576	-0.345011	0.8601	-0.883802	0.412579	-0.220618	-0.278744	-0.843058	-0.459952
3.3	-0.341835	-0.36918	0.864208	-0.876675	0.456524	-0.151745	-0.33851	-0.809501	-0.479707
3.33333	-0.300529	-0.390595	0.870125	-0.854258	0.515964	-0.0634352	-0.424176	-0.762376	-0.488731
3.36667	-0.256067	-0.408699	0.876011	-0.827526	0.561076	0.0198738	-0.499631	-0.719832	-0.481882
3.4	-0.217129	-0.418005	0.882115	-0.796915	0.597778	0.0871096	-0.563722	-0.684056	-0.462909
3.43333	-0.193297	-0.415793	0.88868	-0.73131	0.664888	0.152018	-0.654081	-0.620516	-0.432594
3.46667	-0.187786	-0.41041	0.892356	-0.624231	0.751308	0.214177	-0.758335	-0.516816	-0.397276
3.5	-0.146771	-0.450096	0.880836	-0.543018	0.780966	0.308582	-0.826795	-0.433019	-0.359033
3.53333	-0.115178	-0.492667	0.862562	-0.509874	0.774545	0.374311	-0.852503	-0.396686	-0.340409
3.56667	-0.231205	-0.456641	0.859083	-0.49607	0.814933	0.299666	-0.836934	-0.356881	-0.414942
3.6	-0.314714	-0.438546	0.841803	-0.514505	0.824094	0.236969	-0.797646	-0.358534	-0.484988
3.63333	-0.31418	-0.459992	0.830481	-0.572098	0.789836	0.221048	-0.757624	-0.405667	-0.511311
3.66667	-0.275711	-0.488547	0.827831	-0.585814	0.768199	0.258248	-0.762105	-0.413754	-0.497999
3.7	-0.247622	-0.510124	0.823685	-0.586697	0.755512	0.291526	-0.771018	-0.411066	-0.48637
3.73333	-0.228559	-0.511421	0.828378	-0.582084	0.753841	0.3048	-0.780345	-0.41252	-0.469987
3.76667	-0.206857	-0.48493	0.849737	-0.54731	0.777266	0.310337	-0.810964	-0.400874	-0.42619
3.8	-0.174977	-0.437884	0.881839	-0.502845	0.809781	0.302327	-0.846481	-0.390528	-0.361881
3.83333	-0.129408	-0.385197	0.913716	-0.459433	0.83988	0.289001	-0.878735	-0.382393	-0.285659
3.86667	-0.0676417	-0.337192	0.939003	-0.436533	0.856293	0.276045	-0.897142	-0.391234	-0.205117
3.9	-0.00703751	-0.295479	0.955323	-0.423597	0.866278	0.264817	-0.905823	-0.402808	-0.131261
3.93333	0.0405233	-0.259415	0.964915	-0.41043	0.876154	0.252788	-0.910991	-0.406274	-0.0709669
3.96667	0.0624247	-0.223722	0.972652	-0.401474	0.8866	0.229696	-0.913741	-0.404833	-0.0344729
4	0.0498547	-0.177887	0.982787	-0.396019	0.89983	0.18296	-0.916888	-0.398324	-0.0255858
4.03333	-0.00548163	-0.117739	0.993029	-0.407669	0.907039	0.105293	-0.913114	-0.40425	-0.0529706
4.06667	-0.127372	-0.0451632	0.990826	-0.464672	0.885271	-0.0193822	-0.876274	-0.462878	-0.133745
4.1	-0.355764	0.000709485	0.934576	-0.592131	0.773504	-0.225993	-0.723058	-0.633792	-0.274765
4.13333	-0.393316	-0.122358	0.911225	-0.769667	0.585946	-0.253535	-0.502906	-0.801059	-0.324637
4.16667	-0.333653	-0.260349	0.906032	-0.891442	0.399732	-0.213416	-0.306607	-0.878882	-0.365458
4.2	-0.284313	-0.343823	0.894959	-0.92481	0.344467	-0.16146	-0.25277	-0.873572	-0.415907
4.23333	-0.244118	-0.405086	0.881086	-0.9282	0.360697	-0.0913381	-0.280805	-0.840121	-0.464053
4.26667	-0.220639	-0.452087	0.864254	-0.909817	0.414726	-0.0153301	-0.351498	-0.789696	-0.502821
4.3	-0.205231	-0.490386	0.846996	-0.878363	0.474008	0.061606	-0.431694	-0.731326	-0.528018
4.33333	-0.185608	-0.520028	0.833739	-0.836132	0.529291	0.143994	-0.516171	-0.67039	-0.533052
4.36667	-0.188606	-0.523361	0.830976	-0.77326	0.600762	0.202862	-0.605389	-0.6043	-0.518001
4.4	-0.201917	-0.505547	0.83884	-0.681618	0.687564	0.250305	-0.703297	-0.521228	-0.48342
4.43333	-0.167018	-0.515724	0.840317	-0.614499	0.720956	0.320333	-0.771035	-0.462873	-0.437325
4.46667	-0.142543	-0.533322	0.833816	-0.553197	0.741487	0.379696	-0.820764	-0.407142	-0.400726
4.5	-0.242932	-0.488214	0.838231	-0.479372	0.811651	0.333803	-0.843319	-0.320733	-0.431212
4.53333	-0.355625	-0.411466	0.839182	-0.480042	0.850809	0.213737	-0.801929	-0.326833	-0.50009
