0	0	1	0	0	0	-1	-1	0	0
0.0333333	0.999398	0.0142641	-0.031611	-0.0195236	0.984747	-0.172893	0.0286627	0.173407	0.984433
0.0666667	0.999159	0.0337337	-0.0232971	-0.0378276	0.977675	-0.20669	0.0158046	0.207397	0.978129
0.1	0.998989	0.0437492	-0.0103886	-0.0449261	0.9808	-0.189769	0.00188694	0.190043	0.981774
0.133333	0.998648	0.0519361	0.00221795	-0.0509482	0.986341	-0.156642	-0.010323	0.156317	0.987653
0.166667	0.998179	0.058999	0.0125997	-0.0570195	0.990837	-0.122438	-0.019708	0.121497	0.992396
0.2	0.997677	0.0651339	0.0199679	-0.062986	0.993581	-0.0939612	-0.0259597	0.0924852	0.995376
0.233333	0.997239	0.0700544	0.0246202	-0.0681039	0.995026	-0.0727056	-0.0295911	0.0708282	0.99705
0.266667	0.996921	0.0741487	0.0255107	-0.0725669	0.995666	-0.0581667	-0.0297131	0.0561364	0.997981
0.3	0.996733	0.0769689	0.0244857	-0.0756766	0.995882	-0.0499279	-0.0282277	0.0479117	0.998453
0.333333	0.996643	0.0789838	0.0215696	-0.0779426	0.995921	-0.0454641	-0.0250725	0.0436303	0.998733
0.366667	0.996587	0.0806891	0.0174453	-0.0798524	0.995823	-0.0442669	-0.0209443	0.0427228	0.998867
0.4	0.996509	0.0825262	0.0126346	-0.0818997	0.995671	-0.0439476	-0.0162068	0.0427594	0.998954
0.433333	0.996392	0.0844935	0.00793003	-0.0840739	0.995515	-0.043373	-0.0115592	0.0425498	0.999027
0.466667	0.99621	0.0868951	0.0039056	-0.0866463	0.995301	-0.0432301	-0.00764373	0.0427278	0.999058
0.5	0.996041	0.0888904	-0.000206886	-0.0888074	0.995006	-0.0455716	-0.00384502	0.0454096	0.998961
0.533333	0.995898	0.0904179	-0.00341712	-0.0904787	0.994803	-0.0467058	-0.000823684	0.0468234	0.998903
0.566667	0.995787	0.0915371	-0.00534976	-0.0916886	0.994629	-0.0480333	0.0009242	0.0483215	0.998831
0.6	0.99573	0.0920862	-0.00640511	-0.0922897	0.994533	-0.0488592	0.00187083	0.0492417	0.998785
0.633333	0.995716	0.0922208	-0.0066449	-0.092437	0.994496	-0.0493348	0.00205863	0.0497377	0.99876
0.666667	0.995692	0.0925193	-0.00613449	-0.0927073	0.994542	-0.0478674	0.00167235	0.0482299	0.998835
0.7	0.995744	0.0920417	-0.0047934	-0.0921656	0.994607	-0.0475616	0.000389903	0.047801	0.998857
0.733333	0.99587	0.090718	-0.00352586	-0.0907825	0.994714	-0.0479773	-0.000845178	0.0480993	0.998842
0.766667	0.996062	0.088652	-0.00130398	-0.0886086	0.99485	-0.0492072	-0.00306505	0.049129	0.998788
0.8	0.996126	0.0879362	0.000811551	-0.0877734	0.994765	-0.0523308	-0.00540908	0.0520568	0.998629
0.833333	0.996286	0.0860297	0.00359541	-0.0857063	0.994823	-0.0546087	-0.00827476	0.0540977	0.998501
0.866667	0.996343	0.0852312	0.00593998	-0.0847373	0.994667	-0.0587904	-0.0109191	0.058072	0.998253
0.9	0.996309	0.0855406	0.00714178	-0.0848446	0.993985	-0.0692529	-0.0130228	0.0683913	0.997574
0.933333	0.996067	0.088253	0.00791337	-0.0872907	0.992685	-0.08341	-0.0152167	0.0823911	0.996484
0.966667	0.995318	0.095959	0.011539	-0.0943981	0.990795	-0.097028	-0.0207435	0.0954845	0.995215
1	0.994253	0.10515	0.0200899	-0.102355	0.988716	-0.109378	-0.0313643	0.106693	0.993797
1.03333	0.993063	0.112225	0.0351007	-0.107166	0.986648	-0.122643	-0.0483957	0.11803	0.99183
1.06667	0.991484	0.118111	0.0548638	-0.110037	0.9851	-0.132176	-0.0696578	0.125013	0.989707
1.1	0.989196	0.126643	0.0738381	-0.116545	0.984911	-0.127938	-0.0889264	0.11795	0.98903
1.13333	0.986482	0.136212	0.0910986	-0.125068	0.985043	-0.118525	-0.10588	0.105529	0.988763
1.16667	0.984428	0.142883	0.102406	-0.132462	0.985902	-0.102228	-0.115569	0.0870707	0.989476
1.2	0.984866	0.142341	0.0988876	-0.132955	0.986481	-0.0958056	-0.111188	0.0812081	0.990476
1.23333	0.987862	0.133697	0.0790799	-0.125488	0.986941	-0.100999	-0.0915505	0.0898498	0.991739
1.26667	0.992068	0.117085	0.0457296	-0.112034	0.988591	-0.100684	-0.0569965	0.094762	0.993867
1.3	0.994608	0.103701	-0.00127174	-0.103287	0.989379	-0.102279	-0.00934818	0.101859	0.994755
1.33333	0.993812	0.0958448	-0.056142	-0.10179	0.988147	-0.114913	0.0444626	0.119917	0.991788
1.36667	0.989388	0.0913619	-0.112977	-0.106748	0.984573	-0.13864	0.0985677	0.149229	0.983878
1.4	0.980598	0.0903267	-0.173976	-0.120381	0.977927	-0.170786	0.15471	0.188416	0.969827
1.43333	0.967521	0.096672	-0.233575	-0.144353	0.969808	-0.196558	0.207521	0.223892	0.952264
1.46667	0.951052	0.105972	-0.290293	-0.171952	0.961985	-0.212171	0.256773	0.251702	0.93312
1.5	0.933869	0.1107	-0.340049	-0.195568	0.954185	-0.226458	0.299401	0.277985	0.912734
1.53333	0.918735	0.107838	-0.379864	-0.211323	0.94691	-0.242288	0.33357	0.302873	0.892748
1.56667	0.909478	0.097595	-0.404134	-0.217353	0.940252	-0.262076	0.354411	0.326192	0.876351
1.6	0.909974	0.0840578	-0.406057	-0.214862	0.933109	-0.288343	0.354658	0.34963	0.867166
1.63333	0.919424	0.0740736	-0.386229	-0.206162	0.927121	-0.312961	0.334898	0.36737	0.867688
1.66667	0.935373	0.0697083	-0.346724	-0.192302	0.923035	-0.333207	0.296811	0.378348	0.876787
1.7	0.955024	0.0796808	-0.285621	-0.177293	0.925529	-0.334611	0.237688	0.3702	0.898029
1.73333	0.970507	0.108807	-0.215119	-0.170008	0.941578	-0.290739	0.170917	0.318736	0.932306
1.76667	0.980516	0.137473	-0.140321	-0.1646	0.964841	-0.204912	0.107218	0.224017	0.96867
1.8	0.98655	0.153072	-0.0573445	-0.1586	0.981295	-0.109119	0.0395687	0.116746	0.992373
1.83333	0.986262	0.163026	0.0266478	-0.16215	0.986238	-0.0322921	-0.0315455	0.0275276	0.999123
1.86667	0.979914	0.171864	0.101152	-0.17394	0.984683	0.0120081	-0.0975387	-0.0293612	0.994799
1.9	0.9709	0.183048	0.154422	-0.188148	0.981958	0.0189586	-0.148166	-0.047461	0.987823
1.93333	0.961988	0.198973	0.18705	-0.200294	0.979662	-0.0120103	-0.185636	-0.0259112	0.982277
1.96667	0.953982	0.219253	0.204565	-0.21123	0.97556	-0.0605411	-0.212839	0.0145448	0.976979
2	0.947044	0.242162	0.210867	-0.223558	0.968648	-0.108363	-0.230497	0.0554833	0.97149
2.03333	0.94447	0.256229	0.205728	-0.228823	0.962173	-0.147864	-0.235833	0.0925781	0.967374
2.06667	0.947864	0.256375	0.189278	-0.221323	0.956941	-0.187832	-0.229283	0.136148	0.963791
2.1	0.949791	0.258081	0.176891	-0.216072	0.949921	-0.22575	-0.226294	0.176194	0.957991
2.13333	0.95047	0.259181	0.171555	-0.211067	0.943388	-0.255869	-0.22816	0.206986	0.951367
2.16667	0.956093	0.243123	0.163637	-0.195496	0.945083	-0.261917	-0.218329	0.218426	0.951116
2.2	0.966622	0.202311	0.1572	-0.163457	0.959443	-0.229677	-0.19729	0.196316	0.960488
2.23333	0.978735	0.143735	0.14635	-0.118146	0.978226	-0.170632	-0.16769	0.149712	0.974406
2.26667	0.988209	0.0989681	0.116823	-0.0864847	0.990438	-0.107485	-0.126343	0.0961143	0.987319
2.3	0.995148	0.0689946	0.0701465	-0.0652687	0.996401	-0.0540912	-0.073626	0.0492504	0.996069
2.33333	0.998505	0.0545771	0.00292453	-0.054488	0.998206	-0.0248146	-0.00427359	0.0246181	0.999688
2.36667	0.995379	0.0530962	-0.0800039	-0.0569791	0.997266	-0.0470582	0.0772865	0.0513993	0.995683
2.4	0.983867	0.0534122	-0.170744	-0.0751106	0.989528	-0.12326	0.162372	0.134096	0.977575
2.43333	0.965658	0.0512718	-0.254706	-0.108407	0.970434	-0.215653	0.236118	0.235859	0.942666
2.46667	0.942966	0.0543991	-0.328414	-0.152579	0.947455	-0.281157	0.295863	0.315231	0.901718
2.5	0.915668	0.072825	-0.395284	-0.208479	0.926867	-0.312177	0.343641	0.368259	0.863884
2.53333	0.885926	0.0996856	-0.452987	-0.266062	0.909197	-0.320268	0.379929	0.404257	0.832004
2.56667	0.862463	0.119779	-0.491742	-0.310542	0.892443	-0.327274	0.399651	0.434969	0.806896
2.6	0.856994	0.130332	-0.498572	-0.331613	0.880035	-0.339958	0.394453	0.456675	0.797405
2.63333	0.868417	0.143844	-0.474512	-0.336994	0.873216	-0.352036	0.363713	0.465622	0.80679
2.66667	0.889458	0.159432	-0.428306	-0.332537	0.868655	-0.367228	0.313503	0.469062	0.825649
2.7	0.913968	0.175197	-0.366017	-0.315255	0.874485	-0.368633	0.255493	0.452307	0.854483
2.73333	0.93831	0.179092	-0.295805	-0.276909	0.901514	-0.332558	0.207114	0.393953	0.895491
2.76667	0.961099	0.177395	-0.211708	-0.231859	0.93471	-0.269366	0.150101	0.307974	0.939479
2.8	0.976805	0.181846	-0.113065	-0.201485	0.959309	-0.197813	0.0724925	0.216006	0.973697
2.83333	0.983158	0.18251	-0.00947337	-0.182232	0.975103	-0.126356	-0.0138238	0.125954	0.99194
2.86667	0.979539	0.182768	0.0842603	-0.176798	0.981489	-0.0736293	-0.0961577	0.0572256	0.99372
2.9	0.969585	0.190039	0.15424	-0.182391	0.981241	-0.0624438	-0.163214	0.0324126	0.986058
2.93333	0.957335	0.208898	0.199676	-0.195623	0.977051	-0.0842766	-0.212699	0.0416199	0.976231
2.96667	0.946404	0.23188	0.224834	-0.209936	0.970645	-0.117367	-0.24545	0.0638762	0.967303
3	0.941407	0.244397	0.23243	-0.21756	0.966634	-0.135225	-0.257723	0.0767341	0.963167
3.03333	0.941951	0.245941	0.228562	-0.214574	0.964556	-0.153592	-0.258235	0.0956323	0.961337
3.06667	0.941122	0.251168	0.226282	-0.211274	0.959503	-0.186325	-0.263917	0.127547	0.956075
3.1	0.941302	0.254104	0.22222	-0.207243	0.95465	-0.21376	-0.26646	0.155159	0.951275
3.13333	0.950397	0.233121	0.205912	-0.187231	0.957419	-0.219758	-0.248374	0.170304	0.953576
3.16667	0.964486	0.193079	0.180241	-0.153316	0.9649	-0.213221	-0.215083	0.178015	0.960234
3.2	0.977348	0.153797	0.145388	-0.124025	0.972853	-0.195384	-0.17149	0.172927	0.96989
3.23333	0.985242	0.134408	0.105985	-0.115951	0.979559	-0.164375	-0.125912	0.14966	0.980688
3.26667	0.990108	0.127916	0.0576527	-0.12045	0.985643	-0.118321	-0.0719602	0.110206	0.9913
3.3	0.990683	0.13567	-0.011895	-0.136144	0.984257	-0.112712	-0.00358393	0.113281	0.993556
3.33333	0.984203	0.149058	-0.0955281	-0.163294	0.972763	-0.16452	0.0684031	0.17752	0.981737
3.36667	0.970534	0.157683	-0.182206	-0.200373	0.94813	-0.246778	0.133842	0.276016	0.951789
3.4	0.951109	0.164997	-0.261089	-0.243949	0.919775	-0.307414	0.189421	0.356076	0.915057
3.43333	0.925602	0.178455	-0.333788	-0.296159	0.890614	-0.345103	0.23569	0.418283	0.877206
3.46667	0.896244	0.194485	-0.398651	-0.35131	0.859921	-0.370294	0.270791	0.471924	0.839023
3.5	0.870109	0.197797	-0.451428	-0.3933	0.830657	-0.394111	0.297028	0.520466	0.800556
3.53333	0.856632	0.188427	-0.480288	-0.414898	0.804922	-0.424217	0.306661	0.562668	0.7677
3.56667	0.859047	0.178692	-0.479695	-0.419458	0.78286	-0.459549	0.293416	0.595986	0.747467
3.6	0.878266	0.161842	-0.449951	-0.399323	0.765869	-0.50397	0.26304	0.622295	0.737264
3.63333	0.904846	0.150749	-0.398156	-0.364411	0.757801	-0.541241	0.220131	0.634833	0.740628
3.66667	0.929146	0.148754	-0.338468	-0.31882	0.785913	-0.529806	0.187196	0.600178	0.777653
3.7	0.951094	0.153426	-0.268106	-0.268194	0.840794	-0.470252	0.153273	0.519159	0.840822
3.73333	0.968864	0.168241	-0.181654	-0.227352	0.895068	-0.383621	0.0980513	0.412976	0.905449
3.76667	0.978901	0.186616	-0.0832296	-0.202994	0.934736	-0.291653	0.0233705	0.302394	0.952896
3.8	0.979449	0.200936	0.0174641	-0.193892	0.961876	-0.192872	-0.0555533	0.185522	0.981069
3.83333	0.972104	0.208697	0.107046	-0.195433	0.97306	-0.122315	-0.129689	0.0979824	0.986702
3.86667	0.960544	0.212762	0.179127	-0.198672	0.975601	-0.0934407	-0.194638	0.0541664	0.979378
3.9	0.948653	0.216723	0.23041	-0.198394	0.974984	-0.100234	-0.246369	0.0493749	0.967918
3.93333	0.94057	0.214766	0.263066	-0.189062	0.97464	-0.119716	-0.282106	0.062866	0.957321
3.96667	0.937972	0.209282	0.276423	-0.170482	0.972628	-0.157897	-0.301902	0.100978	0.947976
4	0.931607	0.202933	0.301541	-0.157111	0.972946	-0.169387	-0.327758	0.110426	0.938286
4.03333	0.924423	0.206216	0.320806	-0.154315	0.971518	-0.17983	-0.348753	0.116734	0.929916
4.06667	0.924994	0.192796	0.327439	-0.142109	0.974711	-0.172462	-0.352408	0.112995	0.929
4.1	0.933049	0.157305	0.323535	-0.123155	0.984662	-0.123583	-0.338013	0.075464	0.938111
4.13333	0.949316	0.114626	0.292677	-0.0972197	0.992553	-0.0733906	-0.29891	0.0412169	0.953391
4.16667	0.965716	0.0899556	0.243517	-0.0830124	0.995799	-0.0386472	-0.24597	0.0171073	0.969126
4.2	0.980566	0.0849044	0.176866	-0.0801903	0.996212	-0.0336459	-0.179053	0.018809	0.98366
4.23333	0.991783	0.0857632	0.0949307	-0.0808844	0.995254	-0.0541069	-0.0991205	0.0459839	0.994012
4.26667	0.99561	0.0935405	-0.00319841	-0.0932417	0.988304	-0.120666	-0.00812614	0.120434	0.992688
4.3	0.989822	0.0995481	-0.101697	-0.120696	0.965841	-0.229311	0.0753952	0.239251	0.968026
4.33333	0.976908	0.0994563	-0.189101	-0.158703	0.930345	-0.330563	0.143052	0.35294	0.924645
4.36667	0.958657	0.103585	-0.265043	-0.208269	0.89008	-0.405441	0.193912	0.443879	0.874854
4.4	0.936632	0.11209	-0.331899	-0.264257	0.848043	-0.459339	0.229977	0.517938	0.823924
4.43333	0.914045	0.114785	-0.389031	-0.312821	0.810026	-0.495985	0.258194	0.57505	0.776307
4.46667	0.89706	0.105398	-0.429155	-0.342053	0.780479	-0.52331	0.27979	0.616234	0.736188
4.5	0.891166	0.106854	-0.440914	-0.357493	0.763763	-0.537462	0.279324	0.636591	0.718839
4.53333	0.897214	0.0998171	-0.430167	-0.352259	0.749228	-0.560866	0.266309	0.654747	0.707379
