0	0.998	0.0111138	0.0622338	-0.010756	0.999924	-0.00608124	-0.0622966	0.00539969	0.998043
0.0333333	0.260297	0.588902	0.76514	-0.492088	0.762727	-0.419639	-0.83072	-0.267286	0.488327
0.0666667	0.242224	0.59204	0.768646	-0.479982	0.761622	-0.435373	-0.843176	-0.263478	0.468651
0.1	0.243428	0.588946	0.77064	-0.472651	0.765846	-0.435982	-0.846961	-0.258113	0.464794
0.133333	0.243741	0.586734	0.772226	-0.470238	0.767882	-0.43501	-0.848213	-0.2571	0.46307
0.166667	0.243142	0.58496	0.773759	-0.469531	0.768991	-0.433813	-0.848777	-0.257826	0.461631
0.2	0.242372	0.583353	0.775213	-0.469159	0.769872	-0.432651	-0.849203	-0.258835	0.46028
0.233333	0.241974	0.581679	0.776594	-0.469069	0.770764	-0.431158	-0.849366	-0.259947	0.459352
0.266667	0.24145	0.580142	0.777906	-0.469039	0.771536	-0.429809	-0.849532	-0.261091	0.458396
0.3	0.240752	0.578583	0.779282	-0.468808	0.772347	-0.428601	-0.849858	-0.262147	0.457188
0.333333	0.240334	0.576978	0.7806	-0.46838	0.773289	-0.427369	-0.850212	-0.262906	0.456092
0.366667	0.239651	0.575573	0.781846	-0.467685	0.774157	-0.426558	-0.850787	-0.263432	0.454714
0.4	0.239395	0.574247	0.782899	-0.467595	0.774864	-0.425372	-0.850908	-0.264247	0.454014
0.433333	0.239119	0.573056	0.783855	-0.467151	0.775601	-0.424515	-0.85123	-0.264669	0.453165
0.466667	0.23873	0.571947	0.784783	-0.466585	0.776312	-0.423838	-0.851649	-0.264985	0.452191
0.5	0.238284	0.570943	0.785649	-0.466183	0.776903	-0.423196	-0.851994	-0.265416	0.451287
0.533333	0.237712	0.569968	0.78653	-0.465924	0.777413	-0.422546	-0.852296	-0.266019	0.450362
0.566667	0.237407	0.568951	0.787358	-0.465832	0.777936	-0.421683	-0.852431	-0.266666	0.449723
0.6	0.237173	0.568111	0.788034	-0.465618	0.778413	-0.421038	-0.852613	-0.267064	0.449142
0.633333	0.236895	0.567309	0.788696	-0.465493	0.778833	-0.420398	-0.852758	-0.267542	0.448581
0.666667	0.236663	0.566592	0.78928	-0.464964	0.779342	-0.42004	-0.853111	-0.267579	0.447887
0.7	0.236606	0.565968	0.789746	-0.464492	0.779813	-0.419689	-0.853384	-0.267529	0.447396
0.733333	0.236697	0.565432	0.790102	-0.464386	0.780146	-0.419188	-0.853417	-0.267691	0.447237
0.766667	0.236626	0.564961	0.79046	-0.464379	0.780386	-0.418748	-0.85344	-0.267987	0.447016
0.8	0.236848	0.564414	0.790784	-0.464731	0.780601	-0.417955	-0.853187	-0.26851	0.447185
0.833333	0.236652	0.563963	0.791164	-0.464963	0.780734	-0.417449	-0.853115	-0.269072	0.446984
0.866667	0.235928	0.56362	0.791625	-0.464823	0.780839	-0.417409	-0.853392	-0.269487	0.446205
0.9	0.236231	0.563125	0.791887	-0.464381	0.78129	-0.417058	-0.853549	-0.269215	0.446069
0.933333	0.236035	0.562719	0.792234	-0.464054	0.781574	-0.416889	-0.853781	-0.269239	0.445611
0.966667	0.235959	0.562252	0.792588	-0.463959	0.781837	-0.416501	-0.853853	-0.269451	0.445343
1	0.235787	0.561827	0.792941	-0.464075	0.781995	-0.416075	-0.853838	-0.269879	0.445114
1.03333	0.235819	0.561435	0.793209	-0.46404	0.782217	-0.415697	-0.853848	-0.270052	0.44499
1.06667	0.235533	0.560974	0.793619	-0.464037	0.782412	-0.415333	-0.853928	-0.270444	0.444597
1.1	0.234755	0.560544	0.794154	-0.464599	0.782329	-0.41486	-0.853837	-0.271572	0.444084
1.13333	0.234166	0.559743	0.794893	-0.464707	0.782615	-0.4142	-0.85394	-0.272401	0.443378
1.16667	0.234385	0.558976	0.795368	-0.464575	0.783093	-0.413445	-0.853952	-0.272603	0.443231
1.2	0.233603	0.558127	0.796194	-0.464524	0.78342	-0.412881	-0.854194	-0.273401	0.442272
1.23333	0.234087	0.557391	0.796567	-0.463983	0.784054	-0.412285	-0.854355	-0.273083	0.442157
1.26667	0.2334	0.556594	0.797325	-0.463846	0.784396	-0.411788	-0.854618	-0.273725	0.441252
1.3	0.233597	0.555632	0.797939	-0.4632	0.785132	-0.411112	-0.854914	-0.273571	0.440773
1.33333	0.233472	0.55492	0.79847	-0.463088	0.785514	-0.410509	-0.855009	-0.27392	0.440372
1.36667	0.232998	0.554482	0.798913	-0.463253	0.785608	-0.410143	-0.855049	-0.274536	0.43991
1.4	0.23283	0.553779	0.799449	-0.462938	0.786042	-0.409666	-0.855265	-0.274713	0.43938
1.43333	0.232848	0.553368	0.799729	-0.462488	0.7864	-0.409487	-0.855504	-0.274517	0.439038
1.46667	0.23258	0.553179	0.799938	-0.462372	0.78649	-0.409446	-0.85564	-0.27464	0.438696
1.5	0.23211	0.553109	0.800122	-0.462406	0.786437	-0.409508	-0.855749	-0.274931	0.438301
1.53333	0.232443	0.552902	0.800168	-0.461939	0.786748	-0.409439	-0.85591	-0.274458	0.438281
1.56667	0.232454	0.55287	0.800187	-0.461758	0.786824	-0.409497	-0.856005	-0.274304	0.438193
1.6	0.232309	0.552925	0.800192	-0.461717	0.786785	-0.409617	-0.856067	-0.274304	0.438072
1.63333	0.232102	0.552939	0.800242	-0.462089	0.786625	-0.409506	-0.855922	-0.274736	0.438084
1.66667	0.23183	0.552856	0.800378	-0.462269	0.786565	-0.409417	-0.855898	-0.275075	0.437917
1.7	0.231468	0.552699	0.800591	-0.462321	0.786569	-0.409352	-0.855968	-0.275379	0.43759
1.73333	0.231409	0.55238	0.800829	-0.462359	0.78671	-0.409038	-0.855964	-0.275615	0.437449
1.76667	0.231278	0.552146	0.801028	-0.462336	0.786815	-0.40886	-0.856012	-0.275784	0.43725
1.8	0.231091	0.551905	0.801247	-0.462608	0.78682	-0.408545	-0.855915	-0.276252	0.437143
1.83333	0.231027	0.551625	0.801459	-0.462925	0.78685	-0.408128	-0.855761	-0.276727	0.437145
1.86667	0.231583	0.551398	0.801455	-0.463314	0.786931	-0.407529	-0.8554	-0.276948	0.43771
1.9	0.231255	0.551333	0.801594	-0.462958	0.787025	-0.407752	-0.855681	-0.27681	0.437248
1.93333	0.231437	0.551152	0.801666	-0.46368	0.786913	-0.407147	-0.855241	-0.277488	0.437679
1.96667	0.231209	0.551085	0.801777	-0.46346	0.786981	-0.407267	-0.855422	-0.277428	0.437363
2	0.231016	0.550942	0.801932	-0.463494	0.787011	-0.40717	-0.855456	-0.277628	0.43717
2.03333	0.230899	0.550721	0.802117	-0.463093	0.787234	-0.407195	-0.855704	-0.277434	0.436807
2.06667	0.230901	0.550578	0.802215	-0.46269	0.787437	-0.40726	-0.855922	-0.27714	0.436567
2.1	0.231064	0.550502	0.80222	-0.462437	0.787584	-0.407263	-0.856015	-0.276873	0.436555
2.13333	0.23104	0.55047	0.802249	-0.462059	0.787719	-0.407431	-0.856225	-0.276554	0.436344
2.16667	0.230976	0.550466	0.80227	-0.461718	0.787821	-0.407622	-0.856427	-0.276271	0.436127
2.2	0.231021	0.550401	0.802302	-0.46134	0.787983	-0.407736	-0.856618	-0.275938	0.435962
2.23333	0.231084	0.550337	0.802327	-0.461253	0.788054	-0.407698	-0.856648	-0.275863	0.435951
2.26667	0.231366	0.550133	0.802386	-0.461073	0.788261	-0.407499	-0.856669	-0.275677	0.436028
2.3	0.231523	0.550066	0.802386	-0.461127	0.788304	-0.407357	-0.856597	-0.275689	0.436161
2.33333	0.231511	0.550119	0.802354	-0.461104	0.788282	-0.407425	-0.856613	-0.275645	0.436158
2.36667	0.231768	0.550165	0.802248	-0.46084	0.788386	-0.407522	-0.856686	-0.275258	0.43626
2.4	0.231855	0.550146	0.802236	-0.460938	0.788378	-0.407427	-0.856609	-0.275317	0.436373
2.43333	0.23105	0.55029	0.80237	-0.461484	0.787998	-0.407544	-0.856533	-0.276118	0.436017
2.46667	0.232097	0.550185	0.802139	-0.460739	0.788462	-0.40749	-0.856651	-0.274999	0.436491
2.5	0.232487	0.550411	0.801871	-0.460525	0.788479	-0.407698	-0.85666	-0.274497	0.436789
2.53333	0.232656	0.55072	0.80161	-0.460333	0.788411	-0.408047	-0.856718	-0.274073	0.436943
2.56667	0.232586	0.550865	0.801531	-0.460427	0.788295	-0.408163	-0.856686	-0.274113	0.43698
2.6	0.232316	0.550909	0.801579	-0.460905	0.788076	-0.408047	-0.856502	-0.274656	0.436999
2.63333	0.232407	0.550842	0.801599	-0.460964	0.788106	-0.407923	-0.856446	-0.274704	0.437079
2.66667	0.232541	0.550851	0.801553	-0.461093	0.788082	-0.407824	-0.85634	-0.274755	0.437255
2.7	0.232348	0.550848	0.801612	-0.461397	0.787954	-0.407726	-0.856228	-0.275127	0.437239
2.73333	0.232256	0.550722	0.801724	-0.461526	0.787961	-0.407566	-0.856184	-0.275357	0.437182
2.76667	0.231717	0.550604	0.801962	-0.461529	0.787933	-0.407619	-0.856329	-0.275676	0.436697
2.8	0.231847	0.550442	0.802035	-0.461576	0.788021	-0.407394	-0.856268	-0.275747	0.436771
2.83333	0.231186	0.549849	0.802633	-0.461947	0.788094	-0.406832	-0.856246	-0.27672	0.436197
2.86667	0.231522	0.549383	0.802855	-0.4622	0.788303	-0.406139	-0.856019	-0.27705	0.436434
2.9	0.232451	0.548968	0.80287	-0.461935	0.788751	-0.405572	-0.85591	-0.276599	0.436933
2.93333	0.232685	0.548712	0.802978	-0.461477	0.789066	-0.405479	-0.856094	-0.276207	0.436822
2.96667	0.232651	0.548423	0.803185	-0.461898	0.78907	-0.404992	-0.855876	-0.276768	0.436893
3	0.23268	0.548041	0.803437	-0.461007	0.789555	-0.405062	-0.856348	-0.276141	0.436365
3.03333	0.231787	0.547842	0.803831	-0.460675	0.789617	-0.405318	-0.856769	-0.276358	0.4354
3.06667	0.231465	0.546832	0.804611	-0.461052	0.789951	-0.404237	-0.856653	-0.277401	0.434964
3.1	0.231755	0.546077	0.80504	-0.459446	0.790896	-0.404218	-0.857437	-0.276194	0.434187
3.13333	0.232586	0.545788	0.804996	-0.456761	0.792036	-0.405029	-0.858646	-0.273487	0.433511
3.16667	0.233582	0.545845	0.80467	-0.454034	0.793029	-0.40615	-0.859821	-0.270478	0.43307
3.2	0.234364	0.545366	0.804767	-0.451651	0.794141	-0.406635	-0.860863	-0.268172	0.432433
3.23333	0.234551	0.544674	0.805181	-0.450757	0.794797	-0.406343	-0.86128	-0.267633	0.431936
3.26667	0.235926	0.543499	0.805573	-0.450195	0.795779	-0.405044	-0.861199	-0.267104	0.432425
3.3	0.23703	0.541655	0.806491	-0.450357	0.796825	-0.402802	-0.860811	-0.267732	0.432809
3.33333	0.237205	0.538286	0.808692	-0.451067	0.798302	-0.399064	-0.860391	-0.270114	0.432164
3.36667	0.235028	0.531169	0.814016	-0.451858	0.801186	-0.392334	-0.860573	-0.275611	0.428314
3.4	0.226795	0.517802	0.824891	-0.457537	0.804328	-0.379099	-0.859781	-0.29144	0.419331
3.43333	0.212261	0.49444	0.842896	-0.471294	0.807404	-0.354938	-0.856053	-0.321913	0.404407
3.46667	0.187494	0.459203	0.868319	-0.496433	0.807088	-0.319628	-0.847585	-0.371134	0.379288
3.5	0.141584	0.409743	0.901146	-0.539993	0.794921	-0.276602	-0.829676	-0.44745	0.333806
3.53333	0.0732806	0.336523	0.938819	-0.613201	0.757591	-0.223697	-0.78652	-0.559293	0.261873
3.56667	-0.00370803	0.23306	0.972455	-0.699912	0.693951	-0.168982	-0.71422	-0.68126	0.160548
3.6	-0.0558481	0.10467	0.992938	-0.769125	0.629626	-0.109631	-0.636654	-0.769815	0.0453406
3.63333	-0.0540692	-0.0342104	0.997951	-0.801769	0.597193	-0.0229678	-0.595184	-0.801368	-0.0597186
3.66667	-0.0605329	-0.151543	0.986595	-0.799347	0.599328	0.043014	-0.597813	-0.786028	-0.157415
3.7	-0.0753126	-0.246944	0.966099	-0.767815	0.632528	0.101825	-0.63623	-0.734116	-0.237245
3.73333	-0.0922292	-0.325667	0.940975	-0.723724	0.670977	0.161287	-0.683899	-0.666131	-0.297577
3.76667	-0.113507	-0.383936	0.916357	-0.668684	0.711678	0.215351	-0.734832	-0.588309	-0.337512
3.8	-0.14081	-0.421203	0.895969	-0.613021	0.747725	0.25517	-0.777417	-0.513317	-0.363494
3.83333	-0.150678	-0.456794	0.876718	-0.565458	0.767268	0.302585	-0.810897	-0.450154	-0.373908
3.86667	-0.15706	-0.494115	0.855092	-0.534048	0.770817	0.347325	-0.830738	-0.402109	-0.384945
3.9	-0.168419	-0.530829	0.830576	-0.522151	0.762725	0.381586	-0.836058	-0.36942	-0.405631
3.93333	-0.189759	-0.562882	0.80446	-0.526504	0.749916	0.400524	-0.828725	-0.347549	-0.438663
3.96667	-0.200724	-0.594969	0.778281	-0.550096	0.725829	0.412998	-0.81062	-0.345231	-0.472981
4	-0.205794	-0.618851	0.758071	-0.578723	0.701637	0.415675	-0.789132	-0.353169	-0.502536
4.03333	-0.244145	-0.632125	0.735399	-0.580769	0.702618	0.411138	-0.776595	-0.32672	-0.53866
4.06667	-0.255448	-0.649572	0.716103	-0.580337	0.69542	0.423793	-0.773276	-0.307324	-0.554614
4.1	-0.253838	-0.665146	0.702244	-0.601557	0.677093	0.42388	-0.757427	-0.314843	-0.571995
4.13333	-0.252755	-0.671746	0.696328	-0.582595	0.680263	0.444776	-0.772462	-0.293257	-0.563296
4.16667	-0.244623	-0.671846	0.69913	-0.565867	0.684431	0.459726	-0.787371	-0.283156	-0.547603
4.2	-0.2299	-0.668441	0.707342	-0.559022	0.685646	0.466245	-0.796643	-0.28823	-0.531303
4.23333	-0.209961	-0.660965	0.720446	-0.539038	0.693019	0.478709	-0.815692	-0.287838	-0.501792
4.26667	-0.193749	-0.647201	0.737287	-0.496887	0.712741	0.495079	-0.84591	-0.270428	-0.459679
4.3	-0.17375	-0.628608	0.758065	-0.453989	0.734225	0.504784	-0.873902	-0.256447	-0.412953
4.33333	-0.148879	-0.609536	0.778653	-0.420087	0.751827	0.508216	-0.895188	-0.251439	-0.36799
4.36667	-0.119435	-0.591059	0.797737	-0.398888	0.764355	0.506606	-0.909189	-0.257701	-0.327057
4.4	-0.0867709	-0.572114	0.815571	-0.389801	0.772888	0.5007	-0.916802	-0.274464	-0.290074
4.43333	-0.0568472	-0.55102	0.832554	-0.38458	0.781637	0.491062	-0.921339	-0.292268	-0.256345
4.46667	-0.0271361	-0.530666	0.847146	-0.3842	0.787902	0.481248	-0.922851	-0.312415	-0.225263
4.5	0.00013142	-0.512939	0.858425	-0.385928	0.791896	0.473245	-0.922529	-0.331352	-0.197853
4.53333	0.0164845	-0.494203	0.86919	-0.385755	0.798862	0.461532	-0.922454	-0.342903	-0.177473
4.56667	0.0131081	-0.465521	0.88494	-0.382026	0.815545	0.434675	-0.924059	-0.343768	-0.167151
4.6	-0.0131035	-0.41662	0.908986	-0.385176	0.841014	0.379914	-0.92275	-0.345141	-0.171492
4.63333	-0.0701717	-0.340752	0.937531	-0.409261	0.86694	0.284464	-0.909715	-0.363734	-0.200291
4.66667	-0.172063	-0.240408	0.9553	-0.465305	0.874595	0.13629	-0.868266	-0.421055	-0.262349
4.7	-0.334242	-0.137771	0.932363	-0.55421	0.828882	-0.0761979	-0.762321	-0.542193	-0.353402
4.73333	-0.429811	-0.130205	0.893482	-0.660581	0.719948	-0.212857	-0.615545	-0.681705	-0.395452
4.76667	-0.449004	-0.178505	0.875518	-0.750791	0.606636	-0.261354	-0.484467	-0.77468	-0.406402
4.8	-0.401307	-0.25184	0.880642	-0.819718	0.52773	-0.222627	-0.408675	-0.81122	-0.418219
4.83333	-0.349153	-0.314751	0.882623	-0.85394	0.494713	-0.161387	-0.385848	-0.810056	-0.441509
4.86667	-0.304932	-0.365868	0.879294	-0.85969	0.503035	-0.088824	-0.409817	-0.783005	-0.467924
4.9	-0.264017	-0.411891	0.872147	-0.848595	0.528995	-0.00705736	-0.458455	-0.741963	-0.489193
4.93333	-0.231994	-0.447958	0.863431	-0.820785	0.566505	0.0733732	-0.522006	-0.691669	-0.499103
4.96667	-0.204665	-0.479383	0.853407	-0.776644	0.610189	0.156505	-0.595766	-0.630762	-0.497194
5	-0.196045	-0.501413	0.842705	-0.695091	0.677234	0.241253	-0.691676	-0.53846	-0.481295
5.03333	-0.205968	-0.516395	0.831212	-0.567273	0.755144	0.328571	-0.797358	-0.403849	-0.448472
5.06667	-0.165152	-0.575725	0.80079	-0.464941	0.761507	0.451595	-0.869802	-0.297738	-0.393443
5.1	-0.129406	-0.643968	0.754029	-0.438958	0.719058	0.538768	-0.88914	-0.261267	-0.375726
5.13333	-0.168299	-0.664571	0.728025	-0.479518	0.700479	0.528575	-0.861242	-0.260142	-0.436563
5.16667	-0.272153	-0.647557	0.711761	-0.506149	0.725422	0.466451	-0.81838	-0.233311	-0.525186
5.2	-0.328212	-0.629476	0.704299	-0.498385	0.748776	0.436974	-0.802427	-0.207592	-0.559479
5.23333	-0.328568	-0.627358	0.70602	-0.534406	0.739842	0.408709	-0.778751	-0.243012	-0.578353
5.26667	-0.313144	-0.629124	0.711438	-0.562719	0.726366	0.394639	-0.765041	-0.276761	-0.581477
5.3	-0.288144	-0.627852	0.723032	-0.547679	0.727424	0.413404	-0.785507	-0.276869	-0.553464
5.33333	-0.259912	-0.61867	0.741413	-0.518902	0.737006	0.433085	-0.814363	-0.272157	-0.512586
5.36667	-0.230594	-0.601295	0.76503	-0.490662	0.750798	0.442214	-0.840284	-0.273399	-0.468162
5.4	-0.197136	-0.576386	0.793043	-0.458022	0.769357	0.445315	-0.866806	-0.275443	-0.415666
5.43333	-0.162295	-0.54872	0.820102	-0.419252	0.790716	0.446089	-0.893246	-0.271431	-0.358381
5.46667	-0.121292	-0.520956	0.844922	-0.390818	0.807517	0.44179	-0.912442	-0.276625	-0.301544
5.5	-0.0775024	-0.493879	0.86607	-0.385931	0.815821	0.430689	-0.919266	-0.300864	-0.253831
5.53333	-0.0375686	-0.46591	0.884034	-0.396939	0.81883	0.414677	-0.917076	-0.335329	-0.2157
5.56667	-0.0118316	-0.433206	0.901217	-0.398286	0.82874	0.393138	-0.917185	-0.354291	-0.182345
5.6	-0.00403298	-0.392349	0.919807	-0.384598	0.849674	0.360747	-0.923076	-0.352301	-0.154323
5.63333	-0.0224328	-0.33285	0.942713	-0.371725	0.878123	0.301199	-0.928072	-0.343674	-0.143428
5.66667	-0.0682146	-0.248627	0.966194	-0.383204	0.900692	0.204717	-0.921141	-0.356285	-0.156715
5.7	-0.165547	-0.141715	0.975967	-0.428776	0.901536	0.0581774	-0.888114	-0.40884	-0.21001
5.73333	-0.361494	-0.0223836	0.932106	-0.504667	0.845303	-0.175423	-0.783986	-0.533818	-0.316868
5.76667	-0.48008	-0.022207	0.876944	-0.604881	0.732396	-0.312593	-0.635329	-0.680516	-0.365041
5.8	-0.444915	-0.147679	0.883313	-0.765106	0.57531	-0.289191	-0.465472	-0.804493	-0.368954
5.83333	-0.376985	-0.248466	0.892271	-0.846584	0.483232	-0.223119	-0.375737	-0.839495	-0.392518
5.86667	-0.325853	-0.31767	0.890452	-0.876103	0.455459	-0.158116	-0.355336	-0.831651	-0.426725
5.9	-0.283351	-0.372037	0.883912	-0.875628	0.476276	-0.0802322	-0.391137	-0.796712	-0.460719
5.93333	-0.247305	-0.416795	0.874713	-0.855819	0.517256	0.00450543	-0.454328	-0.747481	-0.484621
5.96667	-0.222092	-0.451423	0.864229	-0.819043	0.567276	0.0858322	-0.529003	-0.688778	-0.495722
6	-0.196472	-0.484126	0.852655	-0.763559	0.621091	0.176705	-0.615124	-0.616335	-0.491685
6.03333	-0.185806	-0.508506	0.840773	-0.662713	0.696609	0.274859	-0.725457	-0.506121	-0.466427
6.06667	-0.166643	-0.545237	0.821551	-0.54047	0.747391	0.386391	-0.824695	-0.379635	-0.419232
6.1	-0.128448	-0.611086	0.781073	-0.476666	0.728697	0.491721	-0.86965	-0.309151	-0.384883
6.13333	-0.120199	-0.66138	0.740357	-0.469752	0.694883	0.544491	-0.874577	-0.282337	-0.394209
6.16667	-0.199418	-0.655716	0.728195	-0.512672	0.703118	0.492739	-0.835105	-0.275064	-0.476382
6.2	-0.300834	-0.629639	0.716278	-0.482679	0.748293	0.455058	-0.822508	-0.208835	-0.529026
6.23333	-0.332828	-0.621015	0.709624	-0.522092	0.748018	0.409743	-0.785268	-0.234116	-0.573188
6.26667	-0.309849	-0.631939	0.710385	-0.565149	0.72325	0.396882	-0.764591	-0.2785	-0.581238
6.3	-0.287829	-0.635967	0.716032	-0.563861	0.716877	0.410058	-0.77409	-0.285716	-0.564934
6.33333	-0.273239	-0.626406	0.730038	-0.527186	0.732311	0.431041	-0.804621	-0.267089	-0.530328
6.36667	-0.252219	-0.608185	0.75266	-0.498851	0.748206	0.437419	-0.829176	-0.26514	-0.492106
6.4	-0.224003	-0.581532	0.782076	-0.471113	0.767093	0.435455	-0.853156	-0.270903	-0.445798
6.43333	-0.188747	-0.54958	0.813841	-0.435942	0.789494	0.432035	-0.87996	-0.273242	-0.388599
6.46667	-0.149433	-0.516383	0.843219	-0.404572	0.810072	0.424387	-0.902214	-0.277725	-0.329966
6.5	-0.10076	-0.484051	0.869219	-0.393594	0.821785	0.412011	-0.913746	-0.300605	-0.273322
6.53333	-0.0558423	-0.451331	0.890608	-0.395149	0.829159	0.395415	-0.916918	-0.329842	-0.224645
6.56667	-0.0235622	-0.417632	0.908311	-0.399922	0.836636	0.374302	-0.916246	-0.354434	-0.186733
6.6	-0.00772854	-0.380996	0.924544	-0.400056	0.848535	0.346329	-0.916458	-0.367193	-0.158978
6.63333	-0.0186322	-0.333184	0.942678	-0.396499	0.867996	0.298951	-0.917846	-0.368201	-0.14828
6.66667	-0.0624638	-0.269862	0.960871	-0.41973	0.880577	0.220026	-0.905497	-0.389563	-0.168273
6.7	-0.1536	-0.195241	0.968653	-0.493735	0.864306	0.095917	-0.85594	-0.463525	-0.229155
6.73333	-0.33221	-0.110517	0.936709	-0.593399	0.796435	-0.116486	-0.733154	-0.594539	-0.330164
6.76667	-0.423403	-0.119219	0.898063	-0.694812	0.678859	-0.237459	-0.581349	-0.724525	-0.370265
6.8	-0.384065	-0.221233	0.89641	-0.815814	0.535952	-0.217262	-0.432367	-0.814746	-0.386325
6.83333	-0.330287	-0.305882	0.892943	-0.87334	0.457886	-0.166184	-0.358033	-0.834731	-0.418373
6.86667	-0.292721	-0.363305	0.884491	-0.885823	0.451334	-0.107776	-0.360045	-0.81505	-0.453939
6.9	-0.257652	-0.408862	0.87547	-0.868425	0.495224	-0.0242992	-0.423619	-0.766541	-0.482661
6.93333	-0.231691	-0.445717	0.864671	-0.831648	0.551872	0.0616341	-0.504659	-0.704822	-0.498543
6.96667	-0.20719	-0.475065	0.855211	-0.783683	0.603861	0.145581	-0.585589	-0.640051	-0.497414
7	-0.194119	-0.494166	0.847418	-0.709311	0.667436	0.226729	-0.67764	-0.557071	-0.48008
7.03333	-0.185152	-0.508904	0.840675	-0.590176	0.741597	0.318945	-0.785755	-0.437093	-0.437652
7.06667	-0.153694	-0.55021	0.82076	-0.500456	0.759559	0.415469	-0.852011	-0.346899	-0.392095
7.1	-0.138627	-0.592287	0.793712	-0.468335	0.745377	0.474421	-0.872608	-0.305955	-0.380718
7.13333	-0.170515	-0.60385	0.778646	-0.474865	0.742759	0.472029	-0.863381	-0.289264	-0.413399
7.16667	-0.270924	-0.569742	0.775883	-0.498082	0.772709	0.39349	-0.82372	-0.279848	-0.493124
7.2	-0.338026	-0.527473	0.77943	-0.474879	0.810614	0.34263	-0.812545	-0.254317	-0.524494
7.23333	-0.335167	-0.5103	0.791996	-0.487762	0.81318	0.317532	-0.806072	-0.279879	-0.521456
7.26667	-0.310395	-0.499785	0.808622	-0.522937	0.800134	0.293806	-0.793846	-0.331663	-0.509714
7.3	-0.283476	-0.484269	0.827723	-0.512148	0.806182	0.296268	-0.810769	-0.339932	-0.476551
7.33333	-0.252951	-0.466913	0.847353	-0.495797	0.814649	0.300888	-0.830784	-0.344005	-0.43756
7.36667	-0.223387	-0.443808	0.867832	-0.483961	0.823337	0.296477	-0.846097	-0.353767	-0.398709
7.4	-0.194319	-0.413491	0.889531	-0.463787	0.837787	0.288123	-0.864374	-0.356565	-0.35457
7.43333	-0.160318	-0.380099	0.910946	-0.436083	0.855207	0.280095	-0.885511	-0.352344	-0.30286
7.46667	-0.119777	-0.344025	0.93129	-0.415719	0.869225	0.267631	-0.901571	-0.355099	-0.247131
7.5	-0.0779113	-0.305038	0.949148	-0.400474	0.88143	0.250401	-0.91299	-0.3606	-0.190833
7.53333	-0.0360742	-0.266648	0.963119	-0.395436	0.888896	0.231287	-0.917785	-0.372508	-0.137508
7.56667	0.0023502	-0.234066	0.972218	-0.405717	0.888385	0.214864	-0.913996	-0.39495	-0.0928769
7.6	0.0389413	-0.208575	0.977231	-0.420688	0.883655	0.205367	-0.906369	-0.419107	-0.0533344
7.63333	0.0660328	-0.188088	0.97993	-0.426876	0.88234	0.198122	-0.901896	-0.431391	-0.022027
