0	0	1	0	0	0	-1	-1	0	0
0.0333333	0.999311	-0.0303373	-0.0213644	0.0269624	0.989269	-0.143596	0.0254915	0.142921	0.989406
0.0666667	0.999781	-0.0109695	-0.0178078	0.00822232	0.989013	-0.147601	0.0192312	0.147423	0.988887
0.1	0.999945	-0.000886995	-0.0104084	-0.000430572	0.992042	-0.125907	0.0104372	0.125904	0.991987
0.133333	0.999965	0.00773349	-0.00333265	-0.00802334	0.995137	-0.0981717	0.00255724	0.098195	0.995164
0.166667	0.999902	0.0138458	0.00197963	-0.0136613	0.997162	-0.0740329	-0.00299905	0.0739986	0.997254
0.2	0.999837	0.0168507	0.0064628	-0.016445	0.998158	-0.0583941	-0.00743488	0.0582783	0.998273
0.233333	0.999757	0.0201475	0.00892476	-0.0197189	0.998758	-0.0457605	-0.00983564	0.0455734	0.998913
0.266667	0.999707	0.0217972	0.0105339	-0.0214018	0.999112	-0.0362973	-0.0113158	0.0360613	0.999286
0.3	0.999678	0.0227153	0.0112917	-0.0223692	0.999303	-0.0298836	-0.0119626	0.0296214	0.99949
0.333333	0.999659	0.0233493	0.0116829	-0.0230511	0.999421	-0.0250374	-0.0122608	0.0247595	0.999618
0.366667	0.999638	0.0245055	0.0111329	-0.0243016	0.999541	-0.0181025	-0.0115714	0.0178254	0.999774
0.4	0.999637	0.0244587	0.0113106	-0.0243023	0.99961	-0.0137656	-0.0116429	0.0134857	0.999841
0.433333	0.999625	0.0250147	0.0111728	-0.0248923	0.99963	-0.0109637	-0.0114429	0.0106814	0.999877
0.466667	0.999649	0.0240815	0.0110689	-0.0239802	0.99967	-0.00919101	-0.0112866	0.00892234	0.999896
0.5	0.999644	0.0242015	0.0112073	-0.0241122	0.999677	-0.00803157	-0.0113981	0.00775848	0.999905
0.533333	0.999639	0.0243202	0.0114289	-0.0242389	0.99968	-0.00719766	-0.0116003	0.00691804	0.999909
0.566667	0.999615	0.0250567	0.0119431	-0.0249756	0.999664	-0.00688769	-0.0121117	0.00658674	0.999905
0.6	0.999611	0.025021	0.0123111	-0.024939	0.999666	-0.00676837	-0.0124764	0.00645871	0.999901
0.633333	0.999585	0.0256861	0.013018	-0.0256015	0.99965	-0.00662607	-0.0131837	0.00629004	0.999893
0.666667	0.999567	0.0263082	0.0131913	-0.0262156	0.999631	-0.00714597	-0.0133744	0.00679706	0.999887
0.7	0.999534	0.0271386	0.013954	-0.0270431	0.99961	-0.0069864	-0.0141381	0.00660579	0.999878
0.733333	0.999517	0.0274977	0.0144563	-0.0274045	0.999603	-0.00661241	-0.0146323	0.00621305	0.999874
0.766667	0.999481	0.0286006	0.0148522	-0.0284965	0.999568	-0.00717366	-0.015051	0.00674669	0.999864
0.8	0.999485	0.0286231	0.0145024	-0.0285262	0.99957	-0.00684608	-0.0146921	0.00642885	0.999871
0.833333	0.999473	0.0290997	0.0143671	-0.0289957	0.999552	-0.00739834	-0.014576	0.00697786	0.999869
0.866667	0.999498	0.028285	0.014295	-0.0281241	0.99954	-0.0113348	-0.014609	0.0109271	0.999834
0.9	0.999492	0.0289558	0.0132888	-0.0288376	0.999544	-0.00900376	-0.0135435	0.00861597	0.999871
0.933333	0.999543	0.027216	0.01313	-0.0270826	0.999581	-0.0102361	-0.0134031	0.00987584	0.999861
0.966667	0.999544	0.0274134	0.0126757	-0.0272816	0.999573	-0.0104588	-0.012957	0.0101082	0.999865
1	0.999574	0.026375	0.0125365	-0.0262527	0.999607	-0.00982116	-0.0127906	0.00948785	0.999873
1.03333	0.999587	0.0258833	0.0125049	-0.0257672	0.999624	-0.00935781	-0.0127424	0.00903173	0.999878
1.06667	0.99957	0.0262859	0.0129722	-0.0261777	0.999622	-0.00844365	-0.0131892	0.00810044	0.99988
1.1	0.999546	0.0268446	0.0136813	-0.0267262	0.999604	-0.00876662	-0.0139112	0.00839699	0.999868
1.13333	0.999535	0.0270401	0.0141136	-0.0269246	0.999603	-0.00830945	-0.0143327	0.00792558	0.999866
1.16667	0.999515	0.0274348	0.0147031	-0.0273235	0.999597	-0.00772264	-0.0149091	0.00731716	0.999862
1.2	0.999473	0.0285919	0.0153939	-0.0285006	0.999575	-0.006116	-0.0155622	0.00567404	0.999863
1.23333	0.999448	0.0294988	0.0152636	-0.0294517	0.999561	-0.00330353	-0.0153543	0.00285217	0.999878
1.26667	0.999432	0.0297841	0.0157982	-0.0297408	0.999553	-0.00297094	-0.0158796	0.0024994	0.999871
1.3	0.99947	0.0282235	0.0162029	-0.0281507	0.999593	-0.00470037	-0.016329	0.00424175	0.999858
1.33333	0.999491	0.0276993	0.0158183	-0.0276284	0.999607	-0.00468532	-0.0159419	0.0042459	0.999864
1.36667	0.999476	0.0286792	0.0149845	-0.028614	0.99958	-0.00454633	-0.0151086	0.00411518	0.999877
1.4	0.99952	0.0276878	0.0139184	-0.0276156	0.999604	-0.00535507	-0.0140612	0.00496813	0.999889
1.43333	0.999465	0.0300784	0.0128202	-0.0300583	0.999547	-0.0017591	-0.0128673	0.00137281	0.999916
1.46667	0.999472	0.030084	0.0122501	-0.0300874	0.999547	9.24677e-05	-0.0122417	-0.000460991	0.999925
1.5	0.999479	0.0300379	0.0118112	-0.0300549	0.999547	0.00125856	-0.011768	-0.00161289	0.999929
1.53333	0.999474	0.0302295	0.0117176	-0.0302543	0.99954	0.00194859	-0.0116533	-0.00230208	0.999929
1.56667	0.999484	0.0301239	0.0111802	-0.0301639	0.999539	0.00342613	-0.0110719	-0.0037616	0.999932
1.6	0.999472	0.0304488	0.011309	-0.0304953	0.999527	0.00395881	-0.0111831	-0.0043016	0.999928
1.63333	0.999471	0.0305934	0.0110293	-0.030651	0.999517	0.00509209	-0.0108682	-0.00542746	0.999926
1.66667	0.999437	0.0316721	0.011079	-0.0317337	0.999482	0.00542944	-0.0109013	-0.00577796	0.999924
1.7	0.99947	0.0304688	0.0114482	-0.0304879	0.999534	0.00149778	-0.0113972	-0.00184602	0.999933
1.73333	0.999458	0.0308687	0.0114205	-0.0308761	0.999523	0.000477118	-0.0114003	-0.000829479	0.999935
1.76667	0.999459	0.0308886	0.0113168	-0.030891	0.999523	3.86921e-05	-0.0113102	-0.000388258	0.999936
1.8	0.999464	0.0308907	0.0108652	-0.0308993	0.999522	0.000619172	-0.0108409	-0.000954568	0.999941
1.83333	0.99946	0.0309733	0.0109529	-0.0309814	0.99952	0.000562914	-0.0109302	-0.000901946	0.99994
1.86667	0.999389	0.033396	0.0102906	-0.0334424	0.999431	0.00436747	-0.0101389	-0.00470894	0.999938
1.9	0.999352	0.034502	0.0103023	-0.0345515	0.999392	0.00466452	-0.0101351	-0.00501745	0.999936
1.93333	0.999407	0.0328111	0.0104751	-0.0328348	0.999459	0.00209811	-0.0104006	-0.00244081	0.999943
1.96667	0.999407	0.0328536	0.0102823	-0.0328737	0.999458	0.00178966	-0.0102179	-0.00212662	0.999946
2	0.99943	0.0322901	0.0098394	-0.0323141	0.999475	0.00228881	-0.00976033	-0.00260546	0.999949
2.03333	0.999429	0.0323958	0.00958265	-0.032419	0.999472	0.00228163	-0.00950367	-0.00259099	0.999951
2.06667	0.999437	0.0322201	0.00931171	-0.0322491	0.999475	0.00297667	-0.00921092	-0.00327529	0.999952
2.1	0.999457	0.0315426	0.0095159	-0.0315739	0.999496	0.00315763	-0.00941151	-0.00345636	0.99995
2.13333	0.99948	0.0307635	0.00961128	-0.0308021	0.999518	0.00389585	-0.00948679	-0.00418987	0.999946
2.16667	0.999508	0.0297424	0.0099298	-0.029786	0.999547	0.00427783	-0.00979807	-0.0045715	0.999942
2.2	0.999522	0.0290779	0.0104553	-0.029122	0.999567	0.00409252	-0.0103318	-0.00439504	0.999937
2.23333	0.999548	0.0280486	0.0108083	-0.0281006	0.999594	0.00468583	-0.0106725	-0.00498744	0.999931
2.26667	0.999581	0.0266195	0.011353	-0.0266714	0.999634	0.00444977	-0.0112304	-0.0047507	0.999926
2.3	0.999595	0.0259347	0.0117508	-0.0259911	0.999651	0.00467167	-0.0116255	-0.00497519	0.99992
2.33333	0.999598	0.0256827	0.0120016	-0.0257384	0.999659	0.00450875	-0.0118817	-0.00481584	0.999918
2.36667	0.999577	0.0265582	0.0118529	-0.0266405	0.999622	0.00683667	-0.0116668	-0.00714954	0.999906
2.4	0.999582	0.0259967	0.0126724	-0.0260626	0.999647	0.00506249	-0.0125364	-0.00539065	0.999907
2.43333	0.999584	0.0259853	0.0125297	-0.0260476	0.999649	0.004831	-0.0123997	-0.00515536	0.99991
2.46667	0.999574	0.0264629	0.0123367	-0.0265264	0.999636	0.00501126	-0.0121996	-0.00533637	0.999911
2.5	0.999537	0.0278309	0.0123027	-0.0279245	0.999582	0.00750305	-0.0120887	-0.00784312	0.999896
2.53333	0.999524	0.0280448	0.0128467	-0.0281474	0.999573	0.00787599	-0.0126203	-0.00823384	0.999886
2.56667	0.999526	0.0279139	0.0129718	-0.0280174	0.999576	0.00786835	-0.0127467	-0.00822806	0.999885
2.6	0.999555	0.0262987	0.0140872	-0.026367	0.999641	0.00468995	-0.0139588	-0.0050593	0.99989
2.63333	0.999521	0.0277007	0.0137873	-0.0278103	0.999583	0.00782358	-0.0135648	-0.00820327	0.999874
2.66667	0.999529	0.0273772	0.0138433	-0.0274979	0.999585	0.00860465	-0.013602	-0.00898126	0.999867
2.7	0.999552	0.0261614	0.0145524	-0.0262607	0.999633	0.00667211	-0.0143725	-0.00705127	0.999872
2.73333	0.999557	0.0258656	0.0147398	-0.0259527	0.999647	0.00575369	-0.0145857	-0.00613368	0.999875
2.76667	0.999565	0.025658	0.0145159	-0.0257563	0.999646	0.00663051	-0.0143406	-0.00700151	0.999873
2.8	0.999568	0.0252143	0.0150688	-0.0253041	0.999663	0.00579928	-0.0149175	-0.00617808	0.99987
2.83333	0.999563	0.0253646	0.015159	-0.0254529	0.99966	0.00565965	-0.0150103	-0.00604302	0.999869
2.86667	0.999581	0.02442	0.0155526	-0.0244965	0.999689	0.00474468	-0.0154319	-0.00512367	0.999868
2.9	0.999579	0.0244871	0.0155396	-0.0245642	0.999687	0.00479128	-0.0154174	-0.00517098	0.999868
2.93333	0.999582	0.0249902	0.0145655	-0.0250803	0.999667	0.00603397	-0.0144099	-0.00639675	0.999876
2.96667	0.999588	0.0246386	0.0147563	-0.0247212	0.99968	0.00544306	-0.0146175	-0.00580561	0.999876
3	0.999602	0.0242224	0.0144421	-0.0242946	0.999693	0.00484188	-0.0143204	-0.00519082	0.999884
3.03333	0.999612	0.0239542	0.0142218	-0.0240248	0.9997	0.00481747	-0.0141022	-0.00515728	0.999887
3.06667	0.999608	0.0239703	0.0144766	-0.0240357	0.999702	0.00435907	-0.0143678	-0.00470532	0.999886
3.1	0.999595	0.0240816	0.0151771	-0.0241434	0.999701	0.00390716	-0.0150785	-0.004272	0.999877
3.13333	0.999564	0.0249186	0.0158389	-0.0250192	0.999668	0.00618637	-0.0156795	-0.00657995	0.999855
3.16667	0.999581	0.0225046	0.0181923	-0.0226035	0.999731	0.00524855	-0.0180692	-0.00565756	0.999821
3.2	0.999588	0.0209916	0.0195501	-0.0211129	0.999759	0.00602001	-0.0194191	-0.00643029	0.999791
3.23333	0.99959	0.019934	0.0205738	-0.0200667	0.999779	0.00626131	-0.0204445	-0.00667159	0.999769
3.26667	0.999598	0.0178432	0.0220403	-0.0179463	0.999829	0.0044906	-0.0219564	-0.00488434	0.999747
3.3	0.999626	0.0162039	0.0220306	-0.0163346	0.99985	0.00576637	-0.0219339	-0.00612408	0.999741
3.33333	0.999643	0.0154292	0.0217991	-0.0155364	0.999868	0.00475993	-0.0217228	-0.00509691	0.999751
3.36667	0.999687	0.0135759	0.0210375	-0.0136874	0.999893	0.00516438	-0.0209651	-0.00545071	0.999765
3.4	0.999724	0.0121132	0.0201114	-0.01218	0.999921	0.00320266	-0.020071	-0.00344673	0.999793
3.43333	0.999773	0.00932732	0.0191732	-0.00932067	0.999956	-0.000435998	-0.0191764	0.000257192	0.999816
3.46667	0.99984	0.00539487	0.0170733	-0.00535115	0.999982	-0.00260555	-0.0170871	0.00251377	0.999851
3.5	0.999907	0.00211021	0.0134441	-0.00211614	0.999998	0.00042647	-0.0134432	-0.00045488	0.99991
3.53333	0.999956	-0.00688008	0.00643856	0.00686086	0.999972	0.00300256	-0.00645904	-0.00295825	0.999975
3.56667	0.999871	-0.0148363	-0.00611521	0.0148253	0.999888	-0.00182694	0.00614163	0.00173605	0.99998
3.6	0.999574	-0.0187866	-0.0223255	0.0184634	0.999723	-0.0145925	0.0225935	0.0141741	0.999644
3.63333	0.999055	-0.0199849	-0.0386041	0.0188988	0.999421	-0.0282986	0.0391473	0.0275423	0.998854
3.66667	0.99831	-0.0205134	-0.0543709	0.0180732	0.998824	-0.0449983	0.05523	0.0439396	0.997506
3.7	0.997243	-0.0222933	-0.0707762	0.0175361	0.99759	-0.0671382	0.0721023	0.0657119	0.99523
3.73333	0.99588	-0.0220136	-0.0879725	0.0138808	0.995661	-0.0920112	0.0896163	0.090411	0.991864
3.76667	0.994227	-0.019906	-0.105437	0.00728061	0.992891	-0.118801	0.107052	0.117347	0.987304
3.8	0.992716	-0.0150693	-0.119536	-0.0014608	0.990569	-0.137008	0.120473	0.136185	0.983331
3.83333	0.991337	-0.0104157	-0.130926	-0.00950713	0.988545	-0.150628	0.130995	0.150568	0.979882
3.86667	0.990314	-0.00715793	-0.138659	-0.0150821	0.987215	-0.15868	0.138022	0.159235	0.977545
3.9	0.990039	-0.00470344	-0.140713	-0.0177292	0.987321	-0.157742	0.139671	0.158666	0.977403
3.93333	0.99079	-0.00268239	-0.135378	-0.0178944	0.988441	-0.150548	0.134217	0.151584	0.97929
3.96667	0.992611	0.00241096	-0.121319	-0.0187647	0.990825	-0.133839	0.119883	0.135126	0.983549
4	0.994716	0.011942	-0.101966	-0.0239733	0.992772	-0.117597	0.0998249	0.11942	0.987813
4.03333	0.996615	0.0240912	-0.0786018	-0.0317576	0.9947	-0.0977918	0.0758293	0.099957	0.992098
4.06667	0.998153	0.0324379	-0.0513651	-0.0365839	0.995965	-0.0819497	0.0484995	0.0836774	0.995312
4.1	0.998753	0.0431746	-0.0250856	-0.0450507	0.995793	-0.0797858	0.0215354	0.0808164	0.996496
4.13333	0.998078	0.0618969	-0.00303204	-0.061959	0.995718	-0.0686027	-0.00122724	0.0686588	0.997639
4.16667	0.996624	0.0809593	0.0136087	-0.0803107	0.995847	-0.0428783	-0.0170236	0.0416406	0.998988
4.2	0.995066	0.0954563	0.0270362	-0.0949114	0.995269	-0.0207702	-0.0288909	0.0181017	0.999419
4.23333	0.99352	0.106555	0.0395565	-0.106014	0.994243	-0.0155305	-0.0409837	0.0112363	0.999097
4.26667	0.991635	0.119064	0.0498347	-0.11816	0.992778	-0.0207313	-0.0519431	0.0146694	0.998542
4.3	0.989581	0.13095	0.0598482	-0.12968	0.991249	-0.0246529	-0.0625528	0.016635	0.997903
4.33333	0.987324	0.142128	0.0706417	-0.140698	0.989741	-0.0248556	-0.0734496	0.0146014	0.997192
4.36667	0.985469	0.148978	0.0815805	-0.147384	0.988757	-0.0252651	-0.0844272	0.0128743	0.996346
4.4	0.984084	0.149773	0.0956394	-0.148517	0.988704	-0.0201558	-0.0975778	0.00563095	0.995212
4.43333	0.984142	0.141054	0.10756	-0.139957	0.989999	-0.0177144	-0.108983	0.00237964	0.994041
4.46667	0.985383	0.125899	0.114763	-0.125409	0.992038	-0.0115143	-0.115299	-0.0030463	0.993326
4.5	0.986759	0.114082	0.115291	-0.114441	0.993424	-0.00352964	-0.114935	-0.00971105	0.993326
4.53333	0.98724	0.109808	0.115326	-0.110498	0.993876	-0.000413005	-0.114665	-0.0123355	0.993328
4.56667	0.986974	0.109426	0.117935	-0.110048	0.993926	-0.00124335	-0.117355	-0.0117513	0.993021
4.6	0.986583	0.110729	0.119974	-0.110439	0.993841	-0.00908139	-0.120241	-0.00429035	0.992735
4.63333	0.987863	0.102351	0.11684	-0.100785	0.994722	-0.0192498	-0.118194	0.00724049	0.992964
4.66667	0.989424	0.0919877	0.112155	-0.0893037	0.99559	-0.0287359	-0.114304	0.0184162	0.993275
4.7	0.991763	0.0771325	0.102262	-0.0739998	0.996675	-0.0340881	-0.104551	0.0262399	0.994173
4.73333	0.994644	0.0608343	0.0835591	-0.0583869	0.997799	-0.0314301	-0.0852873	0.026383	0.996007
4.76667	0.99703	0.0513583	0.0573846	-0.0497445	0.998335	-0.0292066	-0.058789	0.0262653	0.997925
4.8	0.998488	0.0453448	0.0310777	-0.0448228	0.998845	-0.0172913	-0.0318259	0.0158722	0.999367
4.83333	0.999356	0.0358253	-0.00183964	-0.0358495	0.999238	-0.0154455	0.0012849	0.0155015	0.999879
4.86667	0.998894	0.024004	-0.0404224	-0.0254206	0.999067	-0.0349027	0.0395469	0.0358916	0.998573
4.9	0.9966	0.0121638	-0.0814912	-0.0179732	0.997319	-0.0709398	0.0804098	0.0721633	0.994146
4.93333	0.992858	0.00496564	-0.119201	-0.0182067	0.993737	-0.110252	0.117907	0.111634	0.98673
4.96667	0.988304	0.00522289	-0.152408	-0.0271474	0.989476	-0.142131	0.150062	0.144606	0.978044
5	0.983308	0.0155792	-0.18128	-0.0456695	0.985565	-0.163024	0.176123	0.168582	0.969825
5.03333	0.977946	0.0317663	-0.20643	-0.0687018	0.982291	-0.17431	0.197238	0.184648	0.96281
5.06667	0.972938	0.045449	-0.226551	-0.0872126	0.980175	-0.177905	0.213974	0.192848	0.957614
5.1	0.970926	0.0520839	-0.233644	-0.0951359	0.979607	-0.176971	0.219662	0.194053	0.956081
5.13333	0.974175	0.0522216	-0.21967	-0.0911018	0.981089	-0.170779	0.206598	0.186381	0.96051
5.16667	0.98035	0.0513573	-0.190462	-0.0824812	0.983782	-0.159276	0.179193	0.171856	0.968687
5.2	0.987455	0.0470255	-0.150735	-0.0696417	0.986462	-0.148468	0.141712	0.157103	0.977362
5.23333	0.992883	0.0506385	-0.107793	-0.0662018	0.987053	-0.146092	0.0989998	0.152189	0.983381
5.26667	0.995867	0.0635928	-0.0648387	-0.0709393	0.99046	-0.11814	0.0567073	0.122251	0.990878
5.3	0.996102	0.0848418	-0.0241182	-0.0860695	0.994743	-0.055489	0.0192836	0.0573485	0.998168
5.33333	0.99457	0.102908	0.0154999	-0.102915	0.99469	-0.000349534	-0.0154535	-0.00124753	0.99988
5.36667	0.991649	0.117557	0.053032	-0.118827	0.992683	0.0214489	-0.0501225	-0.0275714	0.998362
5.4	0.987692	0.132124	0.0837069	-0.133973	0.990842	0.0168532	-0.0807136	-0.0278603	0.996348
5.43333	0.983115	0.146371	0.109818	-0.14812	0.988938	0.00789728	-0.107447	-0.0240301	0.99392
5.46667	0.978275	0.156746	0.135681	-0.159363	0.987183	0.00857761	-0.132597	-0.0300137	0.990715
5.5	0.974233	0.159172	0.159795	-0.163479	0.986446	0.014093	-0.155386	-0.0398531	0.98705
5.53333	0.972399	0.148134	0.180268	-0.154745	0.987684	0.0230967	-0.174626	-0.0503547	0.983346
5.56667	0.973558	0.127036	0.189858	-0.13532	0.990308	0.0312722	-0.184046	-0.056137	0.981313
5.6	0.974947	0.110969	0.192779	-0.118651	0.99252	0.0287315	-0.188149	-0.050885	0.980821
5.63333	0.974259	0.105841	0.199039	-0.112084	0.993491	0.0203323	-0.195591	-0.0421181	0.979781
5.66667	0.972632	0.106944	0.206278	-0.113651	0.993301	0.0209086	-0.20266	-0.0437801	0.97827
5.7	0.974469	0.0965532	0.202701	-0.105381	0.993878	0.0331951	-0.198255	-0.0537085	0.978678
5.73333	0.979366	0.0795295	0.185789	-0.0883541	0.995298	0.0396985	-0.181758	-0.0552946	0.981787
5.76667	0.9867	0.0586763	0.151593	-0.0633797	0.997641	0.0263793	-0.149687	-0.0356363	0.988091
5.8	0.992996	0.0446421	0.109393	-0.0456138	0.998939	0.00639478	-0.108991	-0.0113398	0.993978
5.83333	0.997098	0.0365281	0.0667919	-0.0364825	0.999332	-0.00190265	-0.0668168	-0.000539611	0.997765
5.86667	0.999355	0.0310984	0.017935	-0.0310544	0.999514	-0.0027288	-0.0180111	0.00217008	0.999835
5.9	0.998984	0.0268435	-0.0361923	-0.0274858	0.999471	-0.0173678	0.035707	0.018345	0.999194
5.93333	0.99539	0.0235441	-0.0929795	-0.0287808	0.99805	-0.0553872	0.0914941	0.0578079	0.994126
5.96667	0.988981	0.0198718	-0.146703	-0.0356333	0.993769	-0.105605	0.143691	0.109669	0.983527
6	0.980459	0.0169579	-0.195992	-0.0486443	0.986238	-0.158012	0.190616	0.164459	0.967791
6.03333	0.970546	0.0190451	-0.24016	-0.0695123	0.976611	-0.203469	0.230668	0.21417	0.94917
6.06667	0.959663	0.0225157	-0.280251	-0.0931352	0.965967	-0.241316	0.26528	0.257683	0.9291
6.1	0.950103	0.0212968	-0.311208	-0.110171	0.956281	-0.270905	0.291833	0.291674	0.910911
6.13333	0.946833	0.0155273	-0.321351	-0.115017	0.949162	-0.293025	0.300464	0.314406	0.900483
6.16667	0.951504	0.0151438	-0.307262	-0.113814	0.945249	-0.305862	0.285807	0.326	0.901132
6.2	0.960402	0.0179944	-0.278035	-0.106014	0.946451	-0.304945	0.25766	0.322345	0.910882
6.23333	0.970837	0.0272344	-0.238187	-0.09837	0.951291	-0.292179	0.218628	0.307089	0.926228
6.26667	0.979983	0.0351146	-0.195962	-0.0875128	0.960103	-0.265599	0.178817	0.277432	0.943958
6.3	0.98741	0.0464503	-0.151211	-0.0775108	0.975366	-0.206525	0.137893	0.215645	0.966686
6.33333	0.992719	0.0649425	-0.101445	-0.078326	0.987871	-0.134072	0.0915073	0.141042	0.985765
6.36667	0.995529	0.0797049	-0.0506833	-0.0839322	0.992612	-0.0876219	0.043325	0.0914842	0.994864
6.4	0.995787	0.0914844	-0.00627033	-0.0916981	0.993132	-0.0726608	-0.000420063	0.0729296	0.997337
6.43333	0.993737	0.107367	0.0309619	-0.10481	0.991667	-0.0749084	-0.0387466	0.0711942	0.99671
6.46667	0.990063	0.124176	0.065994	-0.118926	0.989812	-0.0782838	-0.0750426	0.0696575	0.994744
6.5	0.986431	0.133615	0.0954038	-0.125408	0.988248	-0.0873945	-0.10596	0.0742442	0.991595
6.53333	0.98378	0.130374	0.123208	-0.120293	0.989004	-0.0860215	-0.133068	0.0698051	0.988646
6.56667	0.982923	0.116175	0.142709	-0.10542	0.991143	-0.0807617	-0.150828	0.0643381	0.986464
6.6	0.982226	0.102867	0.157004	-0.0919569	0.992915	-0.075256	-0.163633	0.0594808	0.984726
6.63333	0.979808	0.0978519	0.17436	-0.0874457	0.993953	-0.0664154	-0.179804	0.0498274	0.98244
6.66667	0.97663	0.0970781	0.191753	-0.0896509	0.994861	-0.0470578	-0.195336	0.0287673	0.980314
6.7	0.976553	0.082988	0.198639	-0.0813131	0.996551	-0.0165888	-0.199331	4.78587e-05	0.979932
6.73333	0.97924	0.0647157	0.192096	-0.0683328	0.997587	0.0122573	-0.19084	-0.0251293	0.981299
6.76667	0.984976	0.0474327	0.166052	-0.0527095	0.998231	0.0275141	-0.164453	-0.0358533	0.985733
6.8	0.990539	0.037443	0.132027	-0.0431962	0.998226	0.0409837	-0.130258	-0.046299	0.990399
6.83333	0.994847	0.0308589	0.0965753	-0.0371221	0.997276	0.0637426	-0.0943452	-0.0669993	0.993282
6.86667	0.998354	0.0256127	0.051325	-0.0294628	0.996694	0.0757194	-0.049216	-0.0771069	0.995807
6.9	0.999755	0.0220912	-0.00145962	-0.0219317	0.997232	0.0710491	0.00302514	-0.0709996	0.997472
6.93333	0.997961	0.0192706	-0.0608501	-0.0168928	0.999083	0.0393518	0.0615527	-0.0382437	0.997371
6.96667	0.992584	0.0154288	-0.12058	-0.0176335	0.999696	-0.0172391	0.120277	0.0192375	0.992554
7	0.984163	0.0136497	-0.17674	-0.0295992	0.995687	-0.0879237	0.174777	0.0917626	0.980323
7.03333	0.973083	0.0142293	-0.230014	-0.0517098	0.986123	-0.157756	0.224578	0.165403	0.960316
7.06667	0.96028	0.0166149	-0.278543	-0.0780109	0.974407	-0.210821	0.267911	0.224176	0.937
7.1	0.949371	0.016528	-0.313722	-0.09816	0.964223	-0.246249	0.298428	0.264576	0.917028
7.13333	0.944754	0.0126062	-0.327537	-0.1074	0.956002	-0.272992	0.309685	0.293088	0.904541
7.16667	0.947326	0.0109482	-0.320084	-0.110794	0.948911	-0.295452	0.300497	0.315353	0.900141
7.2	0.953915	0.0156341	-0.299669	-0.110885	0.946325	-0.303602	0.278837	0.32284	0.904447
7.23333	0.962877	0.0252498	-0.268756	-0.106725	0.950105	-0.293104	0.247946	0.310907	0.917529
7.26667	0.972152	0.0375137	-0.23133	-0.100692	0.958209	-0.267764	0.211618	0.2836	0.935301
7.3	0.98065	0.054377	-0.188065	-0.0958685	0.970969	-0.219154	0.170688	0.232943	0.957394
7.33333	0.987534	0.0766091	-0.137504	-0.0973414	0.983727	-0.151017	0.123698	0.162519	0.978921
7.36667	0.992051	0.0954461	-0.0820026	-0.102771	0.990597	-0.0903041	0.0726124	0.0980137	0.992532
7.4	0.993888	0.106865	-0.0277015	-0.10816	0.992852	-0.0504661	0.0221105	0.0531539	0.998342
7.43333	0.993184	0.113739	0.0254707	-0.113081	0.993248	-0.0259125	-0.0282459	0.0228556	0.99934
7.46667	0.990283	0.117427	0.0744967	-0.116945	0.99308	-0.0108145	-0.0752511	0.00199741	0.997163
7.5	0.985805	0.118599	0.118836	-0.119963	0.992769	0.00436546	-0.117459	-0.0185594	0.992904
7.53333	0.981184	0.114219	0.155667	-0.118883	0.992687	0.0209515	-0.152135	-0.0390634	0.987587
7.56667	0.977138	0.108936	0.182577	-0.116661	0.992653	0.0320913	-0.17774	-0.0526574	0.982668
7.6	0.972898	0.108288	0.20431	-0.119169	0.991998	0.0416892	-0.198161	-0.0649067	0.978018
7.63333	0.96829	0.113676	0.222469	-0.126227	0.991069	0.0429923	-0.215595	-0.0697107	0.973991
