0	0.0305667	-0.308978	0.373958	0.998043	0.049548	-0.0381377	-0.0195659	0.826806	0.562147	0.0593857	-0.560301	0.826157
0.0333333	0.119054	0.954907	-1.83821	0.0645305	0.851023	-0.521149	-0.976951	-0.0526084	-0.206878	-0.203474	0.522487	0.828013
0.0666667	0.1219	0.963319	-1.83082	-0.375302	0.804969	-0.459536	-0.907036	-0.421041	0.00323681	-0.190878	0.41803	0.888153
0.1	0.123641	0.965695	-1.82884	-0.471756	0.768242	-0.432725	-0.863037	-0.50284	0.0481594	-0.180594	0.396177	0.900239
0.133333	0.124941	0.966332	-1.82809	-0.496934	0.756172	-0.425747	-0.849202	-0.524739	0.0592015	-0.17864	0.390965	0.902903
0.166667	0.125987	0.966545	-1.82761	-0.505061	0.751775	-0.423967	-0.844467	-0.531913	0.0628084	-0.178296	0.389748	0.903497
0.2	0.126861	0.966599	-1.82726	-0.508154	0.749681	-0.423978	-0.842569	-0.534732	0.0643343	-0.178484	0.389923	0.903384
0.233333	0.127757	0.966585	-1.82698	-0.509485	0.748563	-0.424356	-0.841697	-0.536023	0.065005	-0.178804	0.390298	0.903159
0.266667	0.128653	0.966517	-1.82673	-0.510064	0.747937	-0.424764	-0.841288	-0.536626	0.0653269	-0.179079	0.39067	0.902944
0.3	0.129503	0.966473	-1.82651	-0.510141	0.747375	-0.425661	-0.841172	-0.536766	0.0656657	-0.179404	0.391553	0.902497
0.333333	0.130303	0.966452	-1.82629	-0.510064	0.746739	-0.426868	-0.841111	-0.536827	0.0659471	-0.179909	0.392681	0.901906
0.366667	0.131121	0.966407	-1.8261	-0.509705	0.746424	-0.427847	-0.841235	-0.536629	0.0659799	-0.180346	0.39355	0.90144
0.4	0.131769	0.966261	-1.8259	-0.509664	0.745867	-0.428865	-0.841101	-0.536849	0.0658969	-0.181085	0.394304	0.900962
0.433333	0.132582	0.96621	-1.82569	-0.509477	0.74552	-0.42969	-0.841165	-0.536719	0.0661381	-0.181316	0.395136	0.900551
0.466667	0.133317	0.966178	-1.8255	-0.509404	0.745087	-0.430527	-0.841114	-0.536788	0.0662276	-0.181757	0.395859	0.900145
0.5	0.134048	0.96614	-1.82543	-0.508785	0.744881	-0.431613	-0.84137	-0.536406	0.0660718	-0.182304	0.396762	0.899636
0.533333	0.134779	0.966103	-1.82526	-0.508866	0.744483	-0.432205	-0.84125	-0.536578	0.0661967	-0.182629	0.397278	0.899342
0.566667	0.135484	0.966021	-1.82513	-0.509037	0.744113	-0.432639	-0.841079	-0.536838	0.0662733	-0.182942	0.397619	0.899128
0.6	0.136185	0.965939	-1.82502	-0.508874	0.743819	-0.433337	-0.841119	-0.536759	0.0663972	-0.18321	0.398276	0.898783
0.633333	0.136888	0.965882	-1.82488	-0.508854	0.743573	-0.433782	-0.841091	-0.536788	0.0665113	-0.183393	0.398695	0.89856
0.666667	0.137604	0.965767	-1.82475	-0.508962	0.743414	-0.433927	-0.84096	-0.537013	0.0663562	-0.183694	0.398688	0.898501
0.7	0.138344	0.965668	-1.82461	-0.508694	0.74337	-0.434317	-0.841088	-0.536818	0.0663152	-0.183853	0.399033	0.898315
0.733333	0.139114	0.96554	-1.82443	-0.508307	0.743437	-0.434656	-0.841268	-0.536566	0.066072	-0.184101	0.399247	0.89817
0.766667	0.139937	0.965422	-1.82419	-0.508273	0.743337	-0.434866	-0.841232	-0.53664	0.065932	-0.184357	0.399335	0.898078
0.8	0.140756	0.965305	-1.8239	-0.507928	0.743367	-0.435218	-0.841387	-0.536422	0.0657278	-0.184601	0.399572	0.897923
0.833333	0.141495	0.965248	-1.82362	-0.507821	0.743088	-0.43582	-0.841367	-0.536457	0.0656903	-0.184985	0.400043	0.897634
0.866667	0.142316	0.96517	-1.82327	-0.507547	0.742968	-0.436343	-0.841456	-0.536336	0.0655416	-0.185331	0.400429	0.89739
0.9	0.1431	0.965026	-1.82292	-0.507179	0.742991	-0.436731	-0.841621	-0.536103	0.0653329	-0.185591	0.400697	0.897217
0.933333	0.143925	0.964917	-1.82251	-0.507396	0.74281	-0.436787	-0.841473	-0.536323	0.0654192	-0.185665	0.400739	0.897183
0.966667	0.1447	0.964806	-1.82209	-0.507259	0.742634	-0.437244	-0.841515	-0.536252	0.0654716	-0.185852	0.401158	0.896957
1	0.145458	0.96469	-1.82167	-0.507065	0.742458	-0.437769	-0.841565	-0.53618	0.0654162	-0.186154	0.401581	0.896705
1.03333	0.146225	0.964593	-1.82118	-0.506905	0.742344	-0.438148	-0.841603	-0.536133	0.0653132	-0.186421	0.401854	0.896527
1.06667	0.147011	0.964464	-1.82069	-0.506328	0.742466	-0.438608	-0.841886	-0.535726	0.0650049	-0.18671	0.402172	0.896324
1.1	0.147825	0.964384	-1.82016	-0.506057	0.742416	-0.439005	-0.841981	-0.535601	0.0648082	-0.187017	0.40243	0.896144
1.13333	0.148623	0.964302	-1.81968	-0.505744	0.742211	-0.439712	-0.84211	-0.535393	0.0648548	-0.187283	0.403085	0.895794
1.16667	0.149374	0.964161	-1.81915	-0.505761	0.741854	-0.440293	-0.842021	-0.535524	0.0649121	-0.187632	0.403566	0.895505
1.2	0.150208	0.964052	-1.81863	-0.506098	0.741456	-0.440577	-0.841762	-0.535916	0.0650419	-0.187886	0.403779	0.895356
1.23333	0.151028	0.963943	-1.8181	-0.505654	0.74143	-0.441129	-0.841951	-0.535648	0.0648117	-0.188237	0.404182	0.8951
1.26667	0.15175	0.963837	-1.81759	-0.504928	0.741212	-0.442327	-0.842281	-0.535135	0.0647556	-0.188707	0.405261	0.894513
1.3	0.152557	0.963748	-1.81707	-0.504432	0.740992	-0.44326	-0.842504	-0.534779	0.0647907	-0.189037	0.406131	0.894049
1.33333	0.153378	0.963647	-1.81657	-0.504216	0.740628	-0.444113	-0.842524	-0.534751	0.0647661	-0.189522	0.406832	0.893627
1.36667	0.154106	0.963541	-1.8161	-0.504042	0.740219	-0.444991	-0.842493	-0.534812	0.064662	-0.190122	0.407494	0.893198
1.4	0.154892	0.963336	-1.81562	-0.503725	0.740174	-0.445426	-0.842651	-0.534567	0.0646389	-0.190266	0.407898	0.892983
1.43333	0.155673	0.963113	-1.81501	-0.503572	0.74007	-0.445772	-0.842691	-0.534513	0.0645575	-0.190494	0.408157	0.892816
1.46667	0.156443	0.962943	-1.81435	-0.50289	0.740142	-0.446421	-0.842986	-0.534101	0.064108	-0.190985	0.408566	0.892524
1.5	0.157219	0.96278	-1.81369	-0.502098	0.740327	-0.447005	-0.843343	-0.533608	0.0635268	-0.191494	0.408875	0.892273
1.53333	0.158049	0.962606	-1.81302	-0.501776	0.740362	-0.447309	-0.843463	-0.533454	0.0632228	-0.191811	0.409012	0.892142
1.56667	0.158871	0.962369	-1.81233	-0.501406	0.740122	-0.44812	-0.84356	-0.533324	0.0630216	-0.19235	0.409616	0.891749
1.6	0.159748	0.962083	-1.81156	-0.500453	0.740215	-0.44903	-0.843991	-0.532704	0.0624958	-0.19294	0.410253	0.891329
1.63333	0.160626	0.961745	-1.81068	-0.499726	0.740363	-0.449597	-0.844304	-0.532274	0.061932	-0.193457	0.410546	0.891082
1.66667	0.161508	0.961337	-1.80966	-0.498441	0.740899	-0.45014	-0.84495	-0.531349	0.061054	-0.193946	0.410777	0.890869
1.7	0.162495	0.960896	-1.80854	-0.497709	0.74122	-0.45042	-0.845263	-0.53094	0.0602794	-0.194466	0.410725	0.890779
1.73333	0.163538	0.960418	-1.80721	-0.496243	0.74186	-0.450983	-0.845985	-0.529911	0.0591917	-0.195069	0.410898	0.890568
1.76667	0.164586	0.959844	-1.80576	-0.49444	0.742604	-0.451739	-0.846864	-0.528651	0.0578768	-0.195833	0.411178	0.890271
1.8	0.165689	0.959016	-1.80402	-0.492492	0.743414	-0.452535	-0.847745	-0.527423	0.05616	-0.196927	0.411292	0.889977
1.83333	0.166825	0.957738	-1.8022	-0.489919	0.744539	-0.453477	-0.848893	-0.525819	0.0537974	-0.198393	0.41131	0.889643
1.86667	0.168016	0.956385	-1.80008	-0.487423	0.746035	-0.453708	-0.850159	-0.523977	0.0517551	-0.199122	0.410951	0.889646
1.9	0.16926	0.95505	-1.79774	-0.484556	0.747905	-0.453699	-0.851664	-0.521745	0.0495114	-0.199685	0.41039	0.889778
1.93333	0.170573	0.953866	-1.79515	-0.482713	0.749463	-0.453093	-0.852627	-0.520341	0.0476677	-0.200038	0.409329	0.890188
1.96667	0.171935	0.952711	-1.7923	-0.480741	0.751264	-0.452206	-0.853714	-0.518723	0.0458142	-0.200151	0.408079	0.890736
2	0.173467	0.951462	-1.78903	-0.480459	0.752737	-0.450052	-0.853959	-0.518429	0.0445548	-0.199782	0.405733	0.89189
2.03333	0.175021	0.950141	-1.78531	-0.483162	0.753837	-0.445292	-0.852745	-0.520455	0.0441875	-0.198444	0.40107	0.894295
2.06667	0.176797	0.949021	-1.78106	-0.489728	0.754006	-0.437768	-0.849434	-0.525806	0.0446135	-0.196542	0.393704	0.89798
2.1	0.17874	0.948362	-1.77629	-0.500668	0.752164	-0.428463	-0.843436	-0.535263	0.0459204	-0.194801	0.384372	0.902392
2.13333	0.180893	0.947839	-1.77119	-0.51288	0.749736	-0.41815	-0.836551	-0.545836	0.0473926	-0.19271	0.374111	0.907141
2.16667	0.183043	0.947364	-1.76575	-0.526391	0.746234	-0.407489	-0.828695	-0.557504	0.049544	-0.190205	0.363763	0.911865
2.2	0.185191	0.946995	-1.76003	-0.541604	0.741092	-0.396798	-0.819329	-0.570965	0.0519507	-0.188057	0.353245	0.916435
2.23333	0.187279	0.946716	-1.75371	-0.558146	0.734669	-0.385662	-0.808646	-0.585772	0.0544376	-0.185916	0.342248	0.921033
2.26667	0.189142	0.946614	-1.74717	-0.575321	0.727168	-0.374475	-0.796981	-0.601333	0.0567467	-0.18392	0.331097	0.925499
2.3	0.190834	0.946596	-1.74042	-0.592722	0.719191	-0.362555	-0.784687	-0.617107	0.0587027	-0.181517	0.319286	0.930112
2.33333	0.192192	0.94663	-1.73358	-0.607613	0.711979	-0.351984	-0.773621	-0.63086	0.0593865	-0.179771	0.308386	0.93412
2.36667	0.19304	0.946626	-1.72667	-0.618109	0.706903	-0.343846	-0.765452	-0.640824	0.0585503	-0.178955	0.299388	0.937199
2.4	0.193457	0.946483	-1.71967	-0.624967	0.703864	-0.337627	-0.759838	-0.647672	0.0562777	-0.17906	0.291714	0.939596
2.43333	0.193271	0.946248	-1.7124	-0.62756	0.703072	-0.334453	-0.757307	-0.650935	0.0526263	-0.180707	0.28631	0.940942
2.46667	0.192539	0.946024	-1.70479	-0.626959	0.703763	-0.334126	-0.757042	-0.651594	0.0480877	-0.183872	0.283097	0.941301
2.5	0.191281	0.945865	-1.6966	-0.626249	0.704335	-0.334253	-0.756615	-0.652464	0.0427124	-0.188004	0.279649	0.941515
2.53333	0.189793	0.945539	-1.68748	-0.624378	0.706252	-0.333708	-0.757268	-0.652064	0.0368579	-0.191568	0.275719	0.941956
2.56667	0.18823	0.944746	-1.67758	-0.622177	0.708856	-0.332293	-0.758294	-0.651191	0.0306703	-0.194646	0.271058	0.942677
2.6	0.186865	0.943132	-1.66676	-0.620045	0.711788	-0.330003	-0.759429	-0.650124	0.0246374	-0.197006	0.26589	0.943658
2.63333	0.185718	0.940293	-1.6548	-0.614223	0.718191	-0.327005	-0.763858	-0.645136	0.0178858	-0.198117	0.260772	0.944853
2.66667	0.184479	0.93613	-1.64096	-0.602464	0.730729	-0.32105	-0.773696	-0.633478	0.010039	-0.196042	0.254443	0.947009
2.7	0.184078	0.931929	-1.62379	-0.59952	0.740319	-0.304144	-0.777568	-0.628795	0.00216775	-0.189639	0.237792	0.952624
2.73333	0.184967	0.930112	-1.60579	-0.610738	0.738883	-0.284695	-0.769673	-0.638412	-0.00577082	-0.186017	0.215598	0.958601
2.76667	0.186082	0.928467	-1.58945	-0.613095	0.743428	-0.267261	-0.768749	-0.639374	-0.0150137	-0.182041	0.196252	0.963507
2.8	0.187209	0.927263	-1.57343	-0.611865	0.751831	-0.245706	-0.771456	-0.635814	-0.0244129	-0.174578	0.174614	0.969037
2.83333	0.188271	0.926874	-1.55743	-0.610898	0.758366	-0.227342	-0.773233	-0.633188	-0.0344031	-0.170041	0.154772	0.973207
2.86667	0.189405	0.92654	-1.54191	-0.606931	0.766648	-0.20949	-0.77687	-0.627896	-0.0471099	-0.167655	0.134154	0.976675
2.9	0.190509	0.926422	-1.52696	-0.601992	0.775142	-0.191729	-0.781482	-0.621236	-0.0578964	-0.163987	0.11498	0.979739
2.93333	0.191516	0.926376	-1.51299	-0.596676	0.782469	-0.178103	-0.786163	-0.614495	-0.0659113	-0.161017	0.10069	0.981802
2.96667	0.192398	0.926218	-1.49987	-0.587912	0.790721	-0.170645	-0.792813	-0.605129	-0.0725723	-0.160647	0.0926234	0.982656
3	0.193222	0.925846	-1.48737	-0.577107	0.799232	-0.167856	-0.800438	-0.594335	-0.0778786	-0.162006	0.0894141	0.982731
3.03333	0.194069	0.925367	-1.4751	-0.567276	0.806481	-0.166692	-0.807171	-0.584642	-0.0816668	-0.163318	0.0882216	0.982621
3.06667	0.195116	0.924918	-1.46296	-0.559799	0.811562	-0.167309	-0.812177	-0.577419	-0.0834061	-0.164296	0.0891934	0.98237
3.1	0.196177	0.924638	-1.45088	-0.551891	0.816298	-0.17051	-0.817108	-0.570188	-0.0849729	-0.166586	0.0924292	0.981685
3.13333	0.197634	0.92442	-1.43861	-0.543023	0.821225	-0.175261	-0.822619	-0.562154	-0.0853267	-0.168596	0.0978386	0.980818
3.16667	0.199329	0.923987	-1.42634	-0.537044	0.823928	-0.180906	-0.826078	-0.557109	-0.0850015	-0.170819	0.103793	0.97982
3.2	0.201446	0.923446	-1.41369	-0.534401	0.824503	-0.186039	-0.8274	-0.55527	-0.0841676	-0.172698	0.108949	0.978931
3.23333	0.204166	0.923021	-1.40083	-0.53196	0.824741	-0.191888	-0.828518	-0.553749	-0.0831799	-0.17486	0.114734	0.977886
3.26667	0.207126	0.922795	-1.38775	-0.52783	0.825628	-0.199332	-0.830526	-0.550853	-0.0823922	-0.177828	0.122061	0.976462
3.3	0.210418	0.922825	-1.37443	-0.521518	0.826913	-0.210319	-0.833515	-0.546437	-0.0816035	-0.182405	0.132746	0.974221
3.33333	0.214048	0.922956	-1.36068	-0.51008	0.830131	-0.22517	-0.839078	-0.537804	-0.0819418	-0.18912	0.147139	0.970868
3.36667	0.218028	0.922951	-1.34646	-0.494106	0.834811	-0.242796	-0.846661	-0.525493	-0.0838017	-0.197546	0.164159	0.966451
3.4	0.222414	0.922504	-1.3316	-0.475397	0.839764	-0.262285	-0.855113	-0.51115	-0.0866506	-0.206833	0.18309	0.961092
3.43333	0.227684	0.921377	-1.31604	-0.456282	0.843889	-0.282239	-0.863291	-0.496707	-0.0895021	-0.21572	0.202816	0.95516
3.46667	0.234045	0.919249	-1.29977	-0.440894	0.845544	-0.301112	-0.869094	-0.485989	-0.0921465	-0.224251	0.221068	0.949126
3.5	0.241683	0.91593	-1.28262	-0.429139	0.844923	-0.319287	-0.872758	-0.478942	-0.0943807	-0.232664	0.238157	0.942947
3.53333	0.250422	0.912609	-1.26513	-0.421805	0.843246	-0.333193	-0.874412	-0.475502	-0.0964406	-0.239757	0.250669	0.937914
3.56667	0.258655	0.911731	-1.24697	-0.412991	0.843907	-0.342432	-0.877521	-0.469346	-0.0983429	-0.243711	0.259877	0.934382
3.6	0.266804	0.912869	-1.22856	-0.402002	0.842885	-0.357685	-0.880329	-0.463225	-0.102189	-0.251823	0.273801	0.928234
3.63333	0.274752	0.915343	-1.21048	-0.387599	0.842088	-0.37504	-0.884258	-0.454606	-0.106871	-0.26049	0.290209	0.920828
3.66667	0.282229	0.918279	-1.19286	-0.371262	0.843076	-0.389086	-0.889294	-0.443372	-0.112149	-0.26706	0.304375	0.91435
3.7	0.288962	0.92099	-1.17561	-0.360703	0.84314	-0.398759	-0.89189	-0.436869	-0.11695	-0.272811	0.313465	0.909568
3.73333	0.295082	0.923598	-1.15848	-0.365824	0.839467	-0.401831	-0.888924	-0.443045	-0.116297	-0.275657	0.314653	0.908299
3.76667	0.300782	0.926081	-1.142	-0.38796	0.832593	-0.395318	-0.879823	-0.46233	-0.110281	-0.274586	0.305026	0.9119
3.8	0.306243	0.928332	-1.1265	-0.418042	0.824196	-0.382025	-0.866966	-0.487566	-0.103192	-0.271313	0.288064	0.918373
3.83333	0.311227	0.93054	-1.11198	-0.449129	0.814333	-0.367619	-0.852429	-0.513815	-0.096746	-0.267672	0.269918	0.92493
3.86667	0.315528	0.932353	-1.09951	-0.47542	0.802827	-0.359784	-0.83866	-0.537115	-0.0903177	-0.265755	0.258798	0.928654
3.9	0.319146	0.933799	-1.0878	-0.498323	0.792334	-0.351967	-0.826162	-0.557079	-0.084374	-0.262926	0.248737	0.932202
3.93333	0.322062	0.935067	-1.07616	-0.518268	0.783297	-0.343284	-0.815121	-0.573895	-0.0788838	-0.258798	0.238935	0.935913
3.96667	0.324234	0.936307	-1.0645	-0.536338	0.774539	-0.335306	-0.804584	-0.589203	-0.0740558	-0.254922	0.230063	0.939194
4	0.326059	0.937437	-1.05317	-0.552681	0.766695	-0.326685	-0.794433	-0.603131	-0.0714751	-0.251834	0.220026	0.942427
4.03333	0.327261	0.938479	-1.04194	-0.566234	0.759976	-0.319085	-0.785691	-0.614675	-0.0697421	-0.249136	0.211211	0.945157
4.06667	0.328015	0.939378	-1.03067	-0.57752	0.754182	-0.312539	-0.778116	-0.624345	-0.0687686	-0.246996	0.203476	0.947412
4.1	0.328359	0.940001	-1.01933	-0.586032	0.749449	-0.308047	-0.77206	-0.631852	-0.0684594	-0.245947	0.197711	0.948905
4.13333	0.328351	0.940091	-1.00768	-0.592026	0.746217	-0.304409	-0.767558	-0.637223	-0.0692901	-0.245682	0.19263	0.950018
4.16667	0.328084	0.939558	-0.995388	-0.59613	0.744464	-0.300669	-0.764492	-0.640739	-0.070745	-0.245318	0.187686	0.951101
4.2	0.327627	0.938453	-0.982257	-0.597765	0.74437	-0.29764	-0.763119	-0.642097	-0.0732166	-0.245614	0.183369	0.951866
4.23333	0.327008	0.936778	-0.967939	-0.597811	0.745669	-0.294279	-0.76302	-0.64185	-0.0763426	-0.245809	0.178902	0.952666
4.26667	0.326094	0.9344	-0.952057	-0.596442	0.749222	-0.287963	-0.764438	-0.639613	-0.0808046	-0.244725	0.171934	0.954226
4.3	0.325035	0.931059	-0.934209	-0.592859	0.75612	-0.277129	-0.76811	-0.634316	-0.0874619	-0.241919	0.161013	0.956844
4.33333	0.323633	0.926915	-0.913927	-0.586582	0.766563	-0.261348	-0.774629	-0.62521	-0.0951997	-0.236374	0.146605	0.960539
4.36667	0.322546	0.924372	-0.89213	-0.59981	0.762122	-0.243716	-0.766191	-0.634852	-0.099565	-0.230604	0.127013	0.964722
4.4	0.322258	0.925082	-0.8705	-0.621861	0.748098	-0.2316	-0.748062	-0.65495	-0.106975	-0.231714	0.106728	0.966911
4.43333	0.32176	0.926789	-0.850527	-0.627461	0.74745	-0.218199	-0.743487	-0.658381	-0.117313	-0.231344	0.0886186	0.968827
4.46667	0.320912	0.928317	-0.831406	-0.62995	0.752481	-0.192186	-0.743987	-0.655695	-0.12864	-0.222815	0.061947	0.972891
4.5	0.320077	0.928689	-0.813164	-0.636983	0.753199	-0.164147	-0.740827	-0.656987	-0.139799	-0.213139	0.0325547	0.976479
4.53333	0.319062	0.92751	-0.796281	-0.64266	0.753058	-0.14104	-0.738022	-0.657909	-0.149934	-0.205701	0.00773383	0.978584
4.56667	0.318468	0.925749	-0.779953	-0.651652	0.749582	-0.116093	-0.733009	-0.661675	-0.157744	-0.195058	-0.0176965	0.980632
4.6	0.317717	0.923738	-0.764714	-0.656252	0.748402	-0.0960594	-0.73163	-0.662281	-0.161557	-0.184528	-0.0357422	0.982177
4.63333	0.316844	0.922089	-0.750392	-0.657773	0.74848	-0.084335	-0.73189	-0.661585	-0.163223	-0.177964	-0.0456399	0.982978
4.66667	0.315589	0.92092	-0.736762	-0.655583	0.750916	-0.0795997	-0.734222	-0.658515	-0.165155	-0.176435	-0.0498288	0.98305
4.7	0.314004	0.920237	-0.723422	-0.650199	0.7555	-0.0803758	-0.738714	-0.653367	-0.165568	-0.177601	-0.0482774	0.982918
4.73333	0.311828	0.919551	-0.710727	-0.641601	0.762143	-0.0865189	-0.745109	-0.646059	-0.165591	-0.182101	-0.0417777	0.982392
4.76667	0.30931	0.918789	-0.698439	-0.631659	0.769238	-0.096337	-0.751879	-0.638151	-0.165654	-0.188905	-0.0322031	0.981467
4.8	0.306562	0.91791	-0.686387	-0.621598	0.775517	-0.110407	-0.758089	-0.631054	-0.164537	-0.197274	-0.0185773	0.980172
4.83333	0.303778	0.917007	-0.674623	-0.611942	0.780964	-0.12499	-0.763649	-0.624559	-0.163606	-0.205833	-0.00466874	0.978576
4.86667	0.301131	0.916085	-0.663185	-0.602015	0.786144	-0.139842	-0.769166	-0.61797	-0.162777	-0.214385	0.00956741	0.976702
4.9	0.298841	0.915241	-0.651691	-0.593826	0.789982	-0.152643	-0.773393	-0.612751	-0.162478	-0.221887	0.0215698	0.974834
4.93333	0.296779	0.914406	-0.640442	-0.586082	0.792939	-0.166599	-0.776676	-0.608368	-0.163284	-0.230828	0.0336952	0.972411
4.96667	0.294651	0.913655	-0.629562	-0.575629	0.796396	-0.185485	-0.780839	-0.602693	-0.164477	-0.242779	0.050156	0.968784
5	0.292745	0.912984	-0.618649	-0.564741	0.799414	-0.20495	-0.784858	-0.597021	-0.166021	-0.255079	0.0670974	0.964589
5.03333	0.291171	0.912474	-0.607583	-0.555045	0.801681	-0.221885	-0.788051	-0.592174	-0.168241	-0.26627	0.0814755	0.960449
5.06667	0.289922	0.912111	-0.59616	-0.547693	0.802234	-0.237599	-0.789385	-0.589584	-0.171063	-0.277317	0.0938668	0.956182
5.1	0.288658	0.911657	-0.58477	-0.537694	0.803459	-0.255613	-0.792042	-0.585272	-0.173567	-0.289057	0.109131	0.951071
5.13333	0.287508	0.911128	-0.572979	-0.525769	0.805492	-0.273406	-0.795641	-0.579373	-0.176868	-0.30087	0.124541	0.945498
5.16667	0.286544	0.910389	-0.56053	-0.511806	0.80855	-0.290348	-0.80008	-0.571704	-0.181733	-0.312933	0.13929	0.939506
5.2	0.285621	0.909386	-0.547118	-0.49492	0.813417	-0.305627	-0.806015	-0.561154	-0.188268	-0.324644	0.153162	0.933353
5.23333	0.284983	0.907913	-0.532839	-0.474148	0.819442	-0.322023	-0.814004	-0.547379	-0.194355	-0.335531	0.169975	0.926568
5.26667	0.284621	0.905442	-0.517252	-0.450483	0.825671	-0.339608	-0.823152	-0.531403	-0.200079	-0.345668	0.189417	0.91904
5.3	0.284742	0.901134	-0.499874	-0.431855	0.828492	-0.356514	-0.828251	-0.520762	-0.2069	-0.357074	0.205932	0.911093
5.33333	0.285053	0.896718	-0.481912	-0.418862	0.829325	-0.36983	-0.829978	-0.514876	-0.214566	-0.368361	0.217077	0.903984
5.36667	0.284131	0.89443	-0.463967	-0.399701	0.831738	-0.385294	-0.833433	-0.504744	-0.224997	-0.381613	0.231185	0.894944
5.4	0.282195	0.894109	-0.446337	-0.37314	0.82937	-0.415826	-0.837491	-0.493961	-0.23369	-0.399218	0.261052	0.878907
5.43333	0.280392	0.89511	-0.429139	-0.346259	0.826942	-0.443025	-0.843288	-0.481276	-0.239244	-0.411059	0.290757	0.863997
5.46667	0.278679	0.896021	-0.412146	-0.325842	0.823056	-0.465194	-0.846384	-0.473198	-0.244371	-0.42126	0.314107	0.85081
5.5	0.277158	0.896314	-0.395867	-0.309625	0.816469	-0.487351	-0.846467	-0.47016	-0.249889	-0.433159	0.335154	0.836687
5.53333	0.275985	0.896151	-0.379869	-0.300324	0.808106	-0.506725	-0.84393	-0.472694	-0.253658	-0.444508	0.351461	0.823946
5.56667	0.275631	0.896174	-0.364395	-0.30436	0.800383	-0.516481	-0.837765	-0.482963	-0.254749	-0.453338	0.355154	0.817527
5.6	0.275983	0.896833	-0.349718	-0.324463	0.790199	-0.519913	-0.82574	-0.504728	-0.2518	-0.461387	0.347613	0.816264
5.63333	0.277072	0.897881	-0.336115	-0.350061	0.778466	-0.521006	-0.811019	-0.530193	-0.247273	-0.468728	0.335985	0.816951
5.66667	0.278045	0.899097	-0.323626	-0.370568	0.767122	-0.523645	-0.797574	-0.551735	-0.243853	-0.475978	0.327281	0.816291
5.7	0.278387	0.900528	-0.31142	-0.385003	0.757693	-0.526949	-0.786773	-0.567922	-0.24177	-0.482453	0.321507	0.814784
5.73333	0.278336	0.902226	-0.299047	-0.397945	0.749983	-0.528361	-0.777908	-0.581147	-0.239014	-0.486312	0.315902	0.814682
5.76667	0.27821	0.904043	-0.286606	-0.410261	0.744875	-0.526163	-0.770342	-0.591859	-0.237227	-0.488119	0.308001	0.816625
5.8	0.278017	0.906038	-0.273818	-0.424568	0.741204	-0.51996	-0.76286	-0.60216	-0.235474	-0.487633	0.296682	0.821093
5.83333	0.277964	0.908106	-0.261164	-0.443707	0.73691	-0.509989	-0.75294	-0.61516	-0.233794	-0.48601	0.280255	0.827799
5.86667	0.277956	0.909906	-0.248704	-0.463432	0.732457	-0.498736	-0.74233	-0.628257	-0.232893	-0.483919	0.262296	0.834879
5.9	0.277943	0.911353	-0.236201	-0.483457	0.727373	-0.487029	-0.730773	-0.64166	-0.2329	-0.481913	0.243311	0.84176
5.93333	0.277833	0.912296	-0.223356	-0.504081	0.722472	-0.47322	-0.71879	-0.654706	-0.233882	-0.478793	0.22225	0.84933
5.96667	0.277424	0.912813	-0.210127	-0.522607	0.719169	-0.457906	-0.708778	-0.664976	-0.23546	-0.473832	0.2015	0.857252
6	0.27668	0.912962	-0.196492	-0.538068	0.717342	-0.442609	-0.700394	-0.672651	-0.238724	-0.468968	0.181551	0.864354
6.03333	0.275562	0.912768	-0.182533	-0.550502	0.717076	-0.427492	-0.693637	-0.677827	-0.243758	-0.464558	0.162335	0.870536
6.06667	0.274277	0.911984	-0.168577	-0.558106	0.718706	-0.414704	-0.689831	-0.679631	-0.24947	-0.461141	0.146845	0.875092
6.1	0.272884	0.910308	-0.153882	-0.562327	0.723146	-0.401059	-0.688203	-0.678155	-0.257843	-0.458438	0.131018	0.879016
6.13333	0.271458	0.907655	-0.138026	-0.564797	0.729505	-0.38578	-0.688652	-0.674238	-0.266762	-0.454712	0.115001	0.883183
6.16667	0.270115	0.903796	-0.120194	-0.566375	0.73841	-0.366021	-0.691362	-0.667434	-0.276678	-0.448596	0.0963489	0.888526
6.2	0.268888	0.89818	-0.0993244	-0.572245	0.747762	-0.33673	-0.693314	-0.660429	-0.288355	-0.438008	0.0684502	0.896362
6.23333	0.270568	0.892244	-0.0748601	-0.615002	0.736511	-0.281645	-0.67594	-0.676346	-0.292682	-0.406052	0.0103751	0.913791
6.26667	0.274163	0.887145	-0.0520061	-0.653551	0.721443	-0.22889	-0.657734	-0.690981	-0.299884	-0.374508	-0.045441	0.926109
6.3	0.277681	0.882653	-0.0297075	-0.673276	0.720219	-0.167286	-0.656973	-0.686521	-0.311569	-0.339244	-0.0998692	0.935382
6.33333	0.280795	0.88072	-0.0086038	-0.694124	0.712266	-0.104254	-0.656073	-0.685552	-0.315573	-0.296244	-0.150649	0.943157
6.36667	0.283327	0.880623	0.0106133	-0.708217	0.704179	-0.0506098	-0.656058	-0.682911	-0.32128	-0.260801	-0.194333	0.945631
6.4	0.285674	0.882354	0.0285256	-0.717534	0.696522	0.00120099	-0.657203	-0.676455	-0.332404	-0.230714	-0.239301	0.943136
6.43333	0.287262	0.885288	0.0448094	-0.725358	0.68705	0.0426427	-0.655482	-0.670456	-0.34761	-0.210235	-0.280093	0.936669
6.46667	0.288096	0.889319	0.0596282	-0.732113	0.677432	0.0713874	-0.652368	-0.667124	-0.359669	-0.196027	-0.309889	0.930345
6.5	0.288343	0.893493	0.0732966	-0.735533	0.671142	0.092514	-0.650803	-0.661996	-0.371775	-0.18827	-0.333661	0.923701
6.53333	0.288094	0.897257	0.0856398	-0.735188	0.66956	0.105776	-0.65158	-0.654994	-0.382656	-0.186928	-0.350245	0.917816
6.56667	0.287386	0.900195	0.0969495	-0.733536	0.670124	0.113395	-0.652762	-0.648176	-0.392136	-0.189279	-0.361666	0.912892
6.6	0.28661	0.902284	0.107866	-0.731014	0.67187	0.119205	-0.654924	-0.641789	-0.398974	-0.191554	-0.369726	0.909181
6.63333	0.285811	0.903572	0.118301	-0.728183	0.673978	0.124515	-0.657689	-0.63601	-0.403655	-0.192862	-0.375826	0.906399
6.66667	0.285296	0.904034	0.128699	-0.727329	0.673939	0.12961	-0.658616	-0.632352	-0.407868	-0.192919	-0.382017	0.903795
6.7	0.28484	0.903909	0.138781	-0.726488	0.674628	0.13074	-0.65891	-0.629868	-0.411222	-0.195073	-0.384894	0.902111
6.73333	0.284404	0.903479	0.148989	-0.723383	0.678625	0.127225	-0.660499	-0.626476	-0.413847	-0.201144	-0.383401	0.901413
6.76667	0.284067	0.902933	0.158913	-0.72009	0.683151	0.121553	-0.66117	-0.622382	-0.418921	-0.210534	-0.382028	0.89985
6.8	0.283658	0.902375	0.16891	-0.715418	0.689698	0.111775	-0.662167	-0.618231	-0.423468	-0.222962	-0.37697	0.898989
6.83333	0.283203	0.901663	0.179037	-0.708822	0.698606	0.0975768	-0.663709	-0.613684	-0.427647	-0.238875	-0.367888	0.898664
6.86667	0.283038	0.900887	0.189306	-0.701629	0.707957	0.0807064	-0.664517	-0.609249	-0.432703	-0.257165	-0.357228	0.897917
6.9	0.283312	0.900155	0.199612	-0.695075	0.716074	0.0640936	-0.663971	-0.605189	-0.43919	-0.275704	-0.347826	0.896105
6.93333	0.284294	0.899719	0.210087	-0.689504	0.722439	0.0516407	-0.663284	-0.601188	-0.445676	-0.290928	-0.341548	0.893703
6.96667	0.286091	0.89979	0.220663	-0.683643	0.728271	0.0474623	-0.6642	-0.593911	-0.45399	-0.30244	-0.341892	0.889742
7	0.288726	0.900601	0.231328	-0.676862	0.734357	0.0507655	-0.667567	-0.583314	-0.462709	-0.310182	-0.347079	0.885056
7.03333	0.291938	0.901998	0.242766	-0.668069	0.741828	0.0580893	-0.673596	-0.569754	-0.470796	-0.316153	-0.353653	0.880328
7.06667	0.295155	0.90355	0.2545	-0.652033	0.755485	0.0639927	-0.684336	-0.550085	-0.478634	-0.3264	-0.355878	0.875679
7.1	0.29838	0.904895	0.266963	-0.639603	0.765521	0.0698982	-0.690356	-0.532038	-0.490249	-0.338107	-0.361819	0.868775
7.13333	0.300895	0.905227	0.280156	-0.635005	0.769541	0.0676418	-0.685551	-0.521002	-0.508505	-0.356074	-0.369275	0.858398
7.16667	0.30236	0.904246	0.29486	-0.640695	0.765836	0.0548185	-0.666705	-0.519508	-0.534431	-0.380808	-0.378955	0.843433
7.2	0.301914	0.901643	0.312152	-0.655941	0.754398	0.0250005	-0.632436	-0.531213	-0.563771	-0.412027	-0.385612	0.825553
7.23333	0.299147	0.894625	0.339824	-0.682918	0.72952	-0.0377141	-0.583466	-0.575803	-0.572729	-0.439533	-0.369122	0.818877
7.26667	0.298016	0.886905	0.368689	-0.678684	0.722704	-0.130716	-0.555434	-0.621524	-0.55245	-0.480501	-0.302334	0.823233
7.3	0.299458	0.884164	0.392834	-0.65731	0.738057	-0.152365	-0.562652	-0.615116	-0.552318	-0.501364	-0.277316	0.819591
7.33333	0.300345	0.886171	0.415054	-0.644282	0.746722	-0.165248	-0.560293	-0.607927	-0.56258	-0.52055	-0.269873	0.81006
7.36667	0.300259	0.8913	0.435819	-0.636948	0.739463	-0.217927	-0.532022	-0.626224	-0.569909	-0.557897	-0.247061	0.792283
7.4	0.301562	0.896882	0.455759	-0.632487	0.729793	-0.259542	-0.509086	-0.64421	-0.570811	-0.583773	-0.228901	0.778982
7.43333	0.303553	0.901454	0.475358	-0.631101	0.723269	-0.280345	-0.493397	-0.653164	-0.5744	-0.598558	-0.224183	0.769071
7.46667	0.30611	0.904831	0.49406	-0.638063	0.707888	-0.302937	-0.468077	-0.66899	-0.57737	-0.611375	-0.226601	0.758204
7.5	0.309167	0.907045	0.510727	-0.652823	0.682763	-0.328109	-0.433025	-0.691752	-0.5779	-0.621539	-0.235187	0.747246
7.53333	0.31164	0.908816	0.524383	-0.663979	0.659472	-0.35246	-0.400386	-0.71165	-0.577273	-0.631524	-0.242177	0.736564
7.56667	0.312015	0.910666	0.536675	-0.664677	0.643187	-0.380152	-0.371701	-0.726052	-0.578522	-0.648107	-0.243227	0.721663
7.6	0.311203	0.912381	0.549652	-0.661974	0.631267	-0.404094	-0.350484	-0.737263	-0.577585	-0.662534	-0.240718	0.709298
7.63333	0.310237	0.913481	0.563422	-0.66182	0.619578	-0.42204	-0.331248	-0.746722	-0.576785	-0.67251	-0.241928	0.699429
7.66667	0.30933	0.913935	0.57758	-0.663497	0.608941	-0.434699	-0.311363	-0.753041	-0.57964	-0.680312	-0.24924	0.689242
7.7	0.308237	0.914046	0.591587	-0.668999	0.596853	-0.442952	-0.288913	-0.757912	-0.584892	-0.684813	-0.263317	0.679481
7.73333	0.306636	0.913955	0.605328	-0.676479	0.585729	-0.446428	-0.268253	-0.760509	-0.591326	-0.685869	-0.280264	0.671592
7.76667	0.304692	0.913421	0.618858	-0.685411	0.576389	-0.444959	-0.249823	-0.760129	-0.599827	-0.683959	-0.299967	0.664996
7.8	0.3023	0.912619	0.632079	-0.69262	0.567556	-0.44515	-0.232269	-0.759768	-0.607292	-0.682883	-0.317228	0.658056
7.83333	0.299328	0.911614	0.645291	-0.696296	0.560201	-0.448717	-0.215204	-0.759349	-0.614066	-0.684733	-0.331006	0.649288
7.86667	0.295858	0.910649	0.659093	-0.699641	0.553428	-0.451907	-0.198301	-0.758043	-0.621328	-0.686425	-0.345092	0.640103
7.9	0.291754	0.90981	0.673827	-0.702767	0.548015	-0.45365	-0.1815	-0.754677	-0.630492	-0.687878	-0.360751	0.629827
7.93333	0.286642	0.909284	0.689546	-0.70363	0.545069	-0.455855	-0.163048	-0.748273	-0.643042	-0.691606	-0.378138	0.61538
7.96667	0.280064	0.908937	0.706087	-0.701305	0.546782	-0.457386	-0.14524	-0.737757	-0.659257	-0.697909	-0.39591	0.596807
8	0.272196	0.908299	0.722715	-0.694571	0.553551	-0.459514	-0.130088	-0.724832	-0.676532	-0.707565	-0.410123	0.575457
8.03333	0.26383	0.906679	0.739492	-0.684558	0.562805	-0.463282	-0.115236	-0.7111	-0.693583	-0.719792	-0.421411	0.551645
8.06667	0.254837	0.903335	0.757872	-0.674763	0.572048	-0.466322	-0.0996452	-0.696671	-0.710436	-0.731277	-0.432909	0.52709
8.1	0.245098	0.897503	0.779508	-0.671701	0.576403	-0.465379	-0.0793338	-0.680547	-0.728397	-0.736562	-0.452345	0.502852
8.13333	0.235146	0.891702	0.802629	-0.675123	0.568753	-0.469819	-0.0540095	-0.673264	-0.737427	-0.735726	-0.472479	0.485254
8.16667	0.225553	0.89101	0.822697	-0.663177	0.553751	-0.503543	-0.0166219	-0.6835	-0.729761	-0.748278	-0.475591	0.462486
8.2	0.216811	0.893569	0.842488	-0.653233	0.553141	-0.517032	0.0171852	-0.671852	-0.740486	-0.756962	-0.492595	0.42937
8.23333	0.210767	0.897291	0.861291	-0.658377	0.566101	-0.496053	0.0367549	-0.634076	-0.772397	-0.75179	-0.526761	0.396654
8.26667	0.210511	0.89948	0.877966	-0.676859	0.579968	-0.45332	0.0346653	-0.590033	-0.806635	-0.735296	-0.561692	0.379264
8.3	0.20783	0.901684	0.897535	-0.705397	0.586708	-0.39773	0.00122777	-0.560109	-0.828418	-0.708812	-0.584851	0.394379
8.33333	0.204036	0.903837	0.916114	-0.721384	0.590079	-0.362507	-0.0221686	-0.542856	-0.839533	-0.69218	-0.59759	0.404689
8.36667	0.200033	0.905833	0.933247	-0.723794	0.595454	-0.348651	-0.0280828	-0.530281	-0.847357	-0.689445	-0.60352	0.400536
8.4	0.195646	0.908014	0.949344	-0.715311	0.601263	-0.356109	-0.0133943	-0.521299	-0.853269	-0.698678	-0.605583	0.380944
8.43333	0.191746	0.909837	0.964878	-0.705728	0.605733	-0.367473	0.00965258	-0.510407	-0.859879	-0.708417	-0.610387	0.354361
8.46667	0.188729	0.910868	0.979986	-0.699532	0.608808	-0.374178	0.0299524	-0.498177	-0.866558	-0.713974	-0.617392	0.330255
8.5	0.186691	0.910648	0.994927	-0.695575	0.609335	-0.380639	0.0515581	-0.486102	-0.87238	-0.716601	-0.626431	0.306705
8.53333	0.185723	0.909773	1.00941	-0.693602	0.60947	-0.384008	0.0672775	-0.475943	-0.876899	-0.71721	-0.634054	0.289111
8.56667	0.18522	0.908767	1.02396	-0.692504	0.609578	-0.385815	0.0810034	-0.465719	-0.881218	-0.716852	-0.641499	0.273134
8.6	0.185241	0.907927	1.03862	-0.693423	0.609959	-0.383556	0.0920969	-0.452927	-0.886778	-0.714621	-0.650236	0.257895
8.63333	0.185338	0.907225	1.05345	-0.694033	0.609948	-0.382469	0.102901	-0.441752	-0.891216	-0.712552	-0.65789	0.243827
8.66667	0.185479	0.90667	1.06852	-0.691835	0.608853	-0.388153	0.119582	-0.433529	-0.89317	-0.712085	-0.664342	0.227123
8.7	0.186199	0.906238	1.0841	-0.686381	0.609244	-0.397117	0.138573	-0.426488	-0.893815	-0.713918	-0.668528	0.208309
8.73333	0.187624	0.905738	1.10064	-0.678251	0.609838	-0.409967	0.157686	-0.424123	-0.891771	-0.717712	-0.669491	0.191498
8.76667	0.189986	0.905044	1.11859	-0.666862	0.611942	-0.425232	0.175135	-0.425953	-0.887633	-0.724308	-0.666402	0.176879
8.8	0.193241	0.903986	1.13824	-0.653733	0.614968	-0.440962	0.190791	-0.429951	-0.882463	-0.732279	-0.661027	0.163742
8.83333	0.197167	0.902335	1.15922	-0.640068	0.617938	-0.456581	0.206905	-0.433675	-0.876993	-0.739935	-0.655804	0.149727
8.86667	0.201521	0.899987	1.18136	-0.624863	0.618739	-0.476139	0.229884	-0.437011	-0.869583	-0.746123	-0.652827	0.130834
8.9	0.206072	0.897253	1.20392	-0.606096	0.616295	-0.502819	0.266241	-0.438503	-0.858389	-0.749509	-0.654137	0.101692
8.93333	0.211044	0.895493	1.22652	-0.587029	0.613939	-0.527708	0.308843	-0.432711	-0.846981	-0.74834	-0.660181	0.0644031
8.96667	0.215944	0.895505	1.24963	-0.576084	0.613878	-0.539705	0.341199	-0.419402	-0.84124	-0.742772	-0.668772	0.0321565
9	0.220098	0.896928	1.27297	-0.549641	0.614287	-0.566168	0.382176	-0.417749	-0.824274	-0.742857	-0.669431	-0.00515313
9.03333	0.223981	0.899799	1.29546	-0.510852	0.612204	-0.603521	0.429071	-0.426767	-0.796096	-0.744935	-0.66564	-0.0446643
9.06667	0.22855	0.903214	1.31672	-0.48317	0.611878	-0.626221	0.463451	-0.428082	-0.77586	-0.742805	-0.665095	-0.0767393
9.1	0.233423	0.906662	1.3361	-0.46339	0.613931	-0.639029	0.485353	-0.427509	-0.762672	-0.741419	-0.663569	-0.0998699
9.13333	0.23727	0.910237	1.35274	-0.432021	0.620677	-0.654307	0.507834	-0.432131	-0.74523	-0.745294	-0.654234	-0.128511
9.16667	0.239918	0.913751	1.36798	-0.391261	0.628571	-0.672171	0.535562	-0.438453	-0.721756	-0.74839	-0.642384	-0.165089
9.2	0.242143	0.916891	1.38263	-0.352153	0.63606	-0.686597	0.564066	-0.441164	-0.698	-0.746872	-0.633089	-0.203423
9.23333	0.244016	0.919407	1.39699	-0.320528	0.643171	-0.695408	0.590395	-0.43845	-0.67764	-0.74074	-0.627768	-0.239189
9.26667	0.245535	0.921117	1.41103	-0.296811	0.649468	-0.700067	0.615037	-0.430791	-0.660415	-0.730502	-0.626586	-0.271583
9.3	0.246564	0.922126	1.4252	-0.281839	0.652015	-0.703877	0.635466	-0.422793	-0.646088	-0.718853	-0.629382	-0.295174
9.33333	0.247523	0.922382	1.43949	-0.269871	0.654484	-0.706272	0.656624	-0.411401	-0.632135	-0.704283	-0.63435	-0.318724
9.36667	0.248271	0.922026	1.45401	-0.264556	0.655833	-0.707031	0.674416	-0.398235	-0.621749	-0.689328	-0.641321	-0.336949
9.4	0.24896	0.921029	1.46893	-0.265718	0.657184	-0.705339	0.689852	-0.381459	-0.615299	-0.673423	-0.650075	-0.351999
9.43333	0.249397	0.919434	1.48448	-0.272996	0.657956	-0.701831	0.703439	-0.36113	-0.612176	-0.656237	-0.660817	-0.364244
9.46667	0.249819	0.917502	1.50077	-0.282528	0.658143	-0.697872	0.715486	-0.340005	-0.610308	-0.63895	-0.671747	-0.374831
9.5	0.250082	0.915185	1.51808	-0.29642	0.657428	-0.692765	0.725282	-0.316975	-0.61114	-0.62137	-0.683604	-0.382863
9.53333	0.250105	0.912503	1.53653	-0.310723	0.655919	-0.687911	0.733756	-0.294523	-0.612257	-0.604196	-0.695001	-0.389769
9.56667	0.249674	0.909571	1.55597	-0.323933	0.654595	-0.683061	0.741877	-0.272285	-0.612763	-0.587099	-0.705242	-0.397427
9.6	0.248701	0.906268	1.57606	-0.331774	0.655145	-0.678757	0.75122	-0.251728	-0.610165	-0.570609	-0.712333	-0.408641
9.63333	0.247448	0.902319	1.59736	-0.337178	0.655499	-0.675746	0.761701	-0.231891	-0.60501	-0.553283	-0.718713	-0.421106
9.66667	0.246021	0.897536	1.62012	-0.342667	0.654893	-0.673568	0.772599	-0.211461	-0.598645	-0.534482	-0.725534	-0.433509
9.7	0.244566	0.891723	1.64445	-0.348884	0.654709	-0.670549	0.783723	-0.188501	-0.591816	-0.513866	-0.732	-0.447345
9.73333	0.243496	0.887793	1.66855	-0.339538	0.655779	-0.674291	0.794646	-0.183556	-0.578658	-0.503242	-0.732299	-0.458788
9.76667	0.242358	0.890059	1.69044	-0.297488	0.661335	-0.688576	0.810321	-0.206485	-0.548401	-0.504857	-0.72111	-0.474467
9.8	0.240922	0.895405	1.71272	-0.256511	0.670356	-0.696293	0.828276	-0.218837	-0.515819	-0.498157	-0.709037	-0.499106
9.83333	0.239401	0.900641	1.7343	-0.2322	0.680215	-0.695263	0.842862	-0.216041	-0.492859	-0.485456	-0.700453	-0.523162
9.86667	0.237975	0.905392	1.75381	-0.208773	0.68694	-0.69608	0.853151	-0.220007	-0.473	-0.478065	-0.692611	-0.540132
9.9	0.236422	0.909262	1.77241	-0.19177	0.691817	-0.696142	0.860447	-0.222665	-0.458313	-0.472075	-0.686884	-0.552571
9.93333	0.235025	0.912374	1.79027	-0.176909	0.697117	-0.694788	0.865143	-0.226447	-0.447492	-0.469287	-0.680257	-0.563046
9.96667	0.234112	0.915075	1.80701	-0.15651	0.701621	-0.69515	0.869496	-0.23597	-0.43393	-0.468488	-0.672344	-0.573125
10	0.233801	0.917715	1.82275	-0.125829	0.70367	-0.699297	0.8753	-0.253023	-0.412103	-0.466922	-0.663949	-0.584085
10.0333	0.23373	0.91995	1.83827	-0.0930759	0.70503	-0.703043	0.880808	-0.270924	-0.3883	-0.464234	-0.655387	-0.59578
