0	1	0	0	0	1	0	0	0	1
0.0333333	0.998134	-0.0552759	0.0259369	0.0568816	0.996203	-0.0659101	-0.0221952	0.0672625	0.997488
0.0666667	0.997913	-0.0519324	0.0383851	0.053696	0.997477	-0.0464371	-0.0358767	0.0484013	0.998183
0.1	0.997825	-0.0507856	0.0420349	0.0524168	0.997877	-0.0386586	-0.0399823	0.0407779	0.998368
0.133333	0.997815	-0.0499033	0.0433004	0.0514857	0.998016	-0.0362329	-0.0414064	0.038383	0.998405
0.166667	0.997817	-0.0491912	0.0440651	0.0507245	0.998121	-0.0343821	-0.042291	0.0365422	0.998437
0.2	0.997823	-0.0486768	0.0444886	0.0501575	0.998203	-0.0327964	-0.0428122	0.0349565	0.998471
0.233333	0.997827	-0.0482488	0.044864	0.0497138	0.998247	-0.0321316	-0.043235	0.0342922	0.998476
0.266667	0.997828	-0.0480141	0.0451073	0.0494632	0.998277	-0.0315793	-0.0435133	0.0337418	0.998483
0.3	0.997833	-0.0476057	0.045427	0.0490612	0.998299	-0.0314824	-0.043851	0.0336429	0.998471
0.333333	0.997833	-0.0473113	0.0457161	0.0487565	0.998328	-0.0310329	-0.0441714	0.0331946	0.998472
0.366667	0.997826	-0.0471075	0.046079	0.0485664	0.998337	-0.0310707	-0.0445387	0.033241	0.998454
0.4	0.997848	-0.0468566	0.0458666	0.0482257	0.998409	-0.029211	-0.0444249	0.0313601	0.99852
0.433333	0.997849	-0.0466653	0.0460336	0.0480301	0.998425	-0.0289993	-0.0446078	0.0311479	0.998519
0.466667	0.997836	-0.0465662	0.0464143	0.0479364	0.998433	-0.028858	-0.0449978	0.0310205	0.998505
0.5	0.997828	-0.0464649	0.0466981	0.047835	0.998444	-0.0286636	-0.0452936	0.0308351	0.998498
0.533333	0.997823	-0.046238	0.0470234	0.0476367	0.998442	-0.0290735	-0.0456058	0.0312503	0.998471
0.566667	0.997813	-0.0461697	0.0473036	0.0475888	0.998436	-0.0293258	-0.0458757	0.0315128	0.99845
0.6	0.997794	-0.0461206	0.0477588	0.0475596	0.998434	-0.0294473	-0.0463259	0.0316537	0.998425
0.633333	0.997773	-0.0460159	0.0482896	0.047486	0.998429	-0.0297506	-0.0468448	0.0319775	0.99839
0.666667	0.997757	-0.0458971	0.0487305	0.0473954	0.998424	-0.0300505	-0.0472745	0.0322927	0.99836
0.7	0.997732	-0.0458616	0.0492602	0.0473708	0.998429	-0.0299191	-0.0478107	0.0321848	0.998338
0.733333	0.99771	-0.0458316	0.0497481	0.0473383	0.998442	-0.0295418	-0.0483166	0.0318292	0.998325
0.766667	0.997691	-0.0458314	0.0501244	0.0473568	0.998437	-0.0296797	-0.0486858	0.0319849	0.998302
0.8	0.997663	-0.0459217	0.0506001	0.0474041	0.998469	-0.028496	-0.0492141	0.030828	0.998312
0.833333	0.997631	-0.0461475	0.0510157	0.0476473	0.998455	-0.0285828	-0.0496178	0.0309459	0.998289
0.866667	0.997596	-0.0463091	0.0515486	0.0478397	0.998438	-0.0288651	-0.0501314	0.0312617	0.998253
0.9	0.997573	-0.0464213	0.0519054	0.0479427	0.998445	-0.0284603	-0.0505035	0.0308797	0.998246
0.933333	0.997549	-0.0462599	0.0524884	0.0478099	0.998445	-0.0286681	-0.0510806	0.0311073	0.99821
0.966667	0.997532	-0.0461582	0.0529052	0.0477478	0.998433	-0.0291871	-0.051475	0.0316412	0.998173
1	0.997521	-0.0460498	0.0532123	0.0477	0.998406	-0.0301695	-0.0517382	0.0326329	0.998127
1.03333	0.997509	-0.0459351	0.0535401	0.0476126	0.9984	-0.0304886	-0.052054	0.0329618	0.9981
1.06667	0.997504	-0.0458486	0.0537006	0.0475617	0.998385	-0.0310698	-0.0521893	0.0335463	0.998074
1.1	0.997495	-0.0458653	0.0538572	0.0475681	0.998394	-0.0307724	-0.0523593	0.0332572	0.998074
1.13333	0.997484	-0.0458974	0.0540257	0.0476117	0.998388	-0.0308838	-0.0525212	0.0333783	0.998062
1.16667	0.997483	-0.0457485	0.0541644	0.0474782	0.998388	-0.0310905	-0.0526548	0.0335839	0.998048
1.2	0.997467	-0.045631	0.054559	0.0473949	0.99838	-0.0314849	-0.053034	0.033991	0.998014
1.23333	0.997454	-0.0453677	0.0550118	0.0471759	0.998373	-0.0320287	-0.0534692	0.0345424	0.997972
1.26667	0.997433	-0.0452986	0.0554652	0.0471254	0.998374	-0.0320831	-0.0539217	0.0346145	0.997945
1.3	0.99741	-0.0452157	0.0559272	0.0470272	0.998397	-0.0315096	-0.0544128	0.0340581	0.997938
1.33333	0.997388	-0.0451539	0.0563832	0.0469189	0.998437	-0.0303815	-0.0549232	0.0329475	0.997947
1.36667	0.997363	-0.045097	0.0568613	0.0468166	0.998474	-0.0292805	-0.0554541	0.0318654	0.997953
1.4	0.997346	-0.0450806	0.0571667	0.046752	0.998507	-0.0282452	-0.055808	0.0308429	0.997965
1.43333	0.997338	-0.044781	0.0575425	0.0464856	0.998508	-0.0286337	-0.0561744	0.0312324	0.997932
1.46667	0.997318	-0.0446797	0.0579746	0.0464252	0.998497	-0.0291172	-0.0565866	0.0317306	0.997893
1.5	0.997304	-0.0445196	0.0583277	0.0463288	0.998474	-0.0300409	-0.0569013	0.0326622	0.997845
1.53333	0.997302	-0.0442891	0.0585494	0.0462154	0.99842	-0.031965	-0.0570412	0.0345846	0.997773
1.56667	0.997305	-0.044017	0.0586988	0.0460095	0.998395	-0.0330351	-0.0571505	0.0356468	0.997729
1.6	0.997298	-0.0437304	0.0590329	0.0457567	0.998393	-0.0334213	-0.0574765	0.0360321	0.997696
1.63333	0.997269	-0.043501	0.0596922	0.0455095	0.998428	-0.0327098	-0.0581755	0.035337	0.997681
1.66667	0.997226	-0.0433071	0.0605329	0.0452289	0.998503	-0.0307455	-0.0591108	0.033398	0.997693
1.7	0.99714	-0.0433694	0.0619017	0.0452552	0.998543	-0.0293941	-0.0605367	0.0321114	0.997649
1.73333	0.997027	-0.0434194	0.0636522	0.0453045	0.998567	-0.0284766	-0.0623245	0.0312757	0.997566
1.76667	0.996832	-0.0437217	0.0664466	0.0456414	0.998575	-0.0276521	-0.0651429	0.0305972	0.997407
1.8	0.996509	-0.0441585	0.0708454	0.0462731	0.998522	-0.028489	-0.0694827	0.0316678	0.99708
1.83333	0.996023	-0.0441104	0.0774103	0.0464944	0.99849	-0.0292691	-0.0760023	0.0327518	0.99657
1.86667	0.995398	-0.0431579	0.0855593	0.0458938	0.998488	-0.0302714	-0.0841235	0.0340587	0.995873
1.9	0.994692	-0.0417089	0.094069	0.0446549	0.998569	-0.0294315	-0.0927068	0.0334759	0.995131
1.93333	0.993875	-0.0400327	0.103009	0.0429174	0.998742	-0.0259412	-0.101841	0.0302032	0.994342
1.96667	0.992909	-0.0392211	0.112219	0.0416216	0.99895	-0.0191281	-0.111351	0.0236631	0.993499
2	0.99178	-0.0389875	0.12187	0.0407963	0.999091	-0.012381	-0.121277	0.0172511	0.992469
2.03333	0.990425	-0.0396243	0.132242	0.0409819	0.999131	-0.00755887	-0.131827	0.012906	0.991189
2.06667	0.989191	-0.0384604	0.1415	0.0397432	0.99919	-0.00624951	-0.141145	0.0118056	0.989918
2.1	0.987776	-0.0382506	0.151117	0.0393523	0.999216	-0.00430557	-0.150834	0.0101997	0.988506
2.13333	0.98642	-0.0385325	0.15966	0.0399572	0.999185	-0.00572188	-0.159309	0.0120237	0.987155
2.16667	0.985107	-0.0389441	0.167474	0.0409597	0.999124	-0.00859687	-0.166993	0.0153285	0.985839
2.2	0.983839	-0.0386879	0.174827	0.0419972	0.999001	-0.015268	-0.174061	0.0223635	0.984481
2.23333	0.982695	-0.0383314	0.181222	0.0429187	0.998848	-0.0214582	-0.180191	0.0288647	0.983208
2.26667	0.981752	-0.0387402	0.186178	0.0437818	0.998775	-0.023043	-0.185058	0.0307737	0.982246
2.3	0.98078	-0.0381706	0.191346	0.0438511	0.998712	-0.0255394	-0.190125	0.0334392	0.98119
2.33333	0.979882	-0.0377312	0.195977	0.043778	0.998687	-0.0266137	-0.194716	0.0346578	0.980247
2.36667	0.979126	-0.0371216	0.199834	0.0433238	0.998703	-0.0267526	-0.198581	0.0348517	0.979465
2.4	0.97844	-0.036956	0.203199	0.043241	0.998711	-0.0265762	-0.201955	0.0347898	0.978777
2.43333	0.977816	-0.0371967	0.206135	0.0432819	0.998748	-0.0250885	-0.204944	0.0334538	0.978202
2.46667	0.977123	-0.0378325	0.209282	0.0434029	0.998813	-0.0220864	-0.208198	0.0306646	0.977606
2.5	0.976398	-0.0386876	0.212488	0.0438465	0.998846	-0.0196188	-0.211484	0.0284726	0.976967
2.53333	0.975699	-0.0397668	0.215475	0.0443313	0.998882	-0.0163899	-0.214583	0.0255439	0.976372
2.56667	0.975093	-0.0407202	0.218026	0.0445265	0.998929	-0.0125713	-0.217281	0.0219662	0.975862
2.6	0.974447	-0.0410714	0.220832	0.0444702	0.998956	-0.0104393	-0.220173	0.019993	0.975256
2.63333	0.973743	-0.041613	0.223816	0.0448062	0.998953	-0.00920526	-0.223199	0.0189919	0.974588
2.66667	0.97305	-0.0424154	0.22666	0.0456113	0.99892	-0.00887884	-0.226039	0.0189778	0.973933
2.7	0.971789	-0.0425752	0.231977	0.0463635	0.998865	-0.0109009	-0.231249	0.0213486	0.97266
2.73333	0.969924	-0.0432253	0.239539	0.0479108	0.998757	-0.0137691	-0.238646	0.0248315	0.970789
2.76667	0.968671	-0.0447594	0.244281	0.0512997	0.998473	-0.0204743	-0.242992	0.0323644	0.969488
2.8	0.967808	-0.045954	0.247461	0.0554883	0.997956	-0.0316896	-0.245499	0.0444006	0.96838
2.83333	0.967189	-0.0471203	0.249649	0.0612985	0.9969	-0.0493211	-0.246551	0.0630059	0.96708
2.86667	0.967085	-0.0476769	0.249946	0.0672118	0.995265	-0.0702087	-0.245415	0.0846971	0.965711
2.9	0.967458	-0.0480588	0.248426	0.0723359	0.993354	-0.0895337	-0.242472	0.10459	0.964504
2.93333	0.968153	-0.0478792	0.245739	0.076622	0.99111	-0.108767	-0.238347	0.124132	0.963214
2.96667	0.968796	-0.047901	0.243189	0.0801061	0.989004	-0.124315	-0.23456	0.139917	0.96198
3	0.969428	-0.0482285	0.24059	0.0822418	0.987644	-0.1334	-0.231184	0.149109	0.961416
3.03333	0.969728	-0.0494458	0.239129	0.0830935	0.987661	-0.132742	-0.229615	0.148593	0.961872
3.06667	0.969981	-0.0510711	0.237756	0.0831347	0.988432	-0.126847	-0.228528	0.142805	0.963007
3.1	0.970268	-0.0530505	0.236148	0.0827664	0.989588	-0.117754	-0.227442	0.133798	0.964556
3.13333	0.970822	-0.054759	0.233466	0.0820834	0.99065	-0.108972	-0.225316	0.124956	0.966239
3.16667	0.971472	-0.0571655	0.230162	0.0821633	0.991536	-0.100528	-0.222467	0.116571	0.967946
3.2	0.972034	-0.0592217	0.227252	0.0825289	0.992102	-0.0944628	-0.219863	0.110576	0.969244
3.23333	0.972456	-0.0610213	0.224959	0.08326	0.992389	-0.0907271	-0.21771	0.106958	0.970135
3.26667	0.972842	-0.0623342	0.222918	0.0840354	0.99246	-0.0892212	-0.215676	0.105531	0.970746
3.3	0.973188	-0.0633974	0.221101	0.0850653	0.992312	-0.0898889	-0.213703	0.106287	0.9711
3.33333	0.973493	-0.0644127	0.219459	0.0860396	0.992177	-0.0904502	-0.211916	0.106935	0.97142
3.36667	0.973761	-0.065304	0.218	0.0867468	0.992132	-0.0902776	-0.210389	0.10682	0.971764
3.4	0.974037	-0.0658194	0.216609	0.0870397	0.992138	-0.0899224	-0.208987	0.106441	0.972108
3.43333	0.974223	-0.0659923	0.215719	0.0870379	0.992172	-0.0895546	-0.20812	0.106022	0.97234
3.46667	0.974331	-0.0657221	0.215313	0.0866797	0.992219	-0.0893771	-0.207763	0.105746	0.972447
3.5	0.974387	-0.0650529	0.215263	0.0859305	0.99231	-0.0890862	-0.207812	0.105302	0.972484
3.53333	0.974315	-0.0642461	0.215832	0.0853765	0.992272	-0.0900423	-0.208379	0.106157	0.97227
3.56667	0.974218	-0.0621248	0.216888	0.084158	0.992021	-0.0938691	-0.209326	0.109702	0.971673
3.6	0.974261	-0.0606528	0.217112	0.0823409	0.992323	-0.0922767	-0.209848	0.107779	0.971775
3.63333	0.974633	-0.0599454	0.215632	0.0803491	0.992951	-0.0871301	-0.208889	0.102246	0.97258
3.66667	0.975523	-0.0595786	0.211673	0.0768781	0.994257	-0.074454	-0.206022	0.0889046	0.9745
3.7	0.976586	-0.0589656	0.20689	0.0723316	0.995714	-0.0576405	-0.202604	0.0712556	0.976665
3.73333	0.97726	-0.0585984	0.203785	0.067252	0.997094	-0.0357957	-0.201095	0.0486866	0.978361
3.76667	0.977233	-0.0568963	0.2044	0.0607584	0.998072	-0.0126639	-0.203285	0.0247946	0.978806
3.8	0.976534	-0.0546342	0.208317	0.0542512	0.998499	0.00755599	-0.208418	0.00392279	0.978032
3.83333	0.975633	-0.0517537	0.213218	0.0477388	0.998573	0.0239392	-0.214152	-0.0131771	0.976711
3.86667	0.974873	-0.049454	0.2172	0.0427477	0.998456	0.0354697	-0.218619	-0.0252937	0.975482
3.9	0.974622	-0.0472519	0.218812	0.0392974	0.998404	0.0405664	-0.22038	-0.0309382	0.974923
3.93333	0.974815	-0.0450598	0.218416	0.037201	0.998508	0.039963	-0.219891	-0.0308312	0.975037
3.96667	0.97513	-0.043633	0.217296	0.0365455	0.998664	0.0365312	-0.2186	-0.0276815	0.975422
4	0.97548	-0.0429715	0.215851	0.0365166	0.998761	0.0338061	-0.217036	-0.025095	0.975841
4.03333	0.975852	-0.0425287	0.214254	0.0368072	0.998853	0.0306251	-0.215311	-0.0219994	0.976298
4.06667	0.976164	-0.0424462	0.212842	0.0373907	0.998916	0.0277235	-0.213788	-0.0191044	0.976693
4.1	0.976409	-0.043151	0.211571	0.0385717	0.998925	0.0257257	-0.212454	-0.0169582	0.977024
4.13333	0.976702	-0.0437458	0.210095	0.0400699	0.998961	0.0217237	-0.210827	-0.0127992	0.97744
4.16667	0.976947	-0.0450016	0.208686	0.0419983	0.998941	0.0188029	-0.209311	-0.00960499	0.977802
4.2	0.977208	-0.0465923	0.207107	0.044443	0.998899	0.0150211	-0.207579	-0.00547426	0.978203
4.23333	0.977522	-0.0478783	0.205325	0.0469824	0.998853	0.00923903	-0.205532	0.000615332	0.97865
4.26667	0.977942	-0.0494751	0.202931	0.0499659	0.998747	0.00270747	-0.202811	0.00749188	0.979189
4.3	0.978488	-0.0508784	0.199931	0.0529258	0.998586	-0.00490532	-0.199398	0.0153813	0.979798
4.33333	0.979045	-0.0517928	0.196946	0.0556844	0.998346	-0.01427	-0.195882	0.0249378	0.98031
4.36667	0.979031	-0.0526298	0.196797	0.0584668	0.998002	-0.0239647	-0.195143	0.0349682	0.980151
4.4	0.978671	-0.0539846	0.198215	0.0621714	0.997441	-0.0353095	-0.195801	0.0468797	0.979522
4.43333	0.978645	-0.0562698	0.197706	0.0670017	0.996597	-0.0480133	-0.194332	0.0602347	0.979085
4.46667	0.979169	-0.0588549	0.194328	0.0727339	0.995226	-0.0650694	-0.189571	0.0778482	0.978776
4.5	0.979993	-0.061953	0.189142	0.0792866	0.993179	-0.0854914	-0.182555	0.0987774	0.978221
4.53333	0.980675	-0.0656167	0.184315	0.0865586	0.990379	-0.10797	-0.175457	0.121837	0.976919
4.56667	0.980864	-0.0683996	0.182282	0.094301	0.98601	-0.137445	-0.170331	0.152004	0.973592
4.6	0.98081	-0.069889	0.182007	0.10069	0.980986	-0.165915	-0.166951	0.181057	0.969199
4.63333	0.980618	-0.070559	0.182781	0.104853	0.97706	-0.185362	-0.165509	0.200935	0.965522
4.66667	0.980438	-0.0713673	0.183434	0.106358	0.976269	-0.188644	-0.165618	0.204463	0.964762
4.7	0.980342	-0.0721005	0.183661	0.105504	0.978146	-0.179162	-0.16673	0.195017	0.966524
4.73333	0.980501	-0.0735508	0.182229	0.104224	0.980784	-0.164925	-0.166597	0.180702	0.969326
4.76667	0.980864	-0.0749692	0.179683	0.10309	0.982887	-0.152664	-0.165163	0.168266	0.971807
4.8	0.981284	-0.0761892	0.176855	0.102574	0.984072	-0.145193	-0.162976	0.160616	0.973469
4.83333	0.981753	-0.0771689	0.173797	0.102536	0.984533	-0.142059	-0.160146	0.157288	0.974481
4.86667	0.982225	-0.077577	0.170926	0.102425	0.984595	-0.141714	-0.157299	0.156702	0.975039
4.9	0.982567	-0.0777288	0.16888	0.102456	0.984402	-0.143025	-0.155128	0.157834	0.975204
4.93333	0.982829	-0.0770293	0.167669	0.102317	0.983706	-0.14783	-0.15355	0.162447	0.974697
4.96667	0.982973	-0.0760626	0.167266	0.102083	0.982952	-0.152922	-0.152783	0.167393	0.97398
5	0.983057	-0.0746312	0.167421	0.101568	0.982106	-0.158591	-0.15259	0.172908	0.973046
5.03333	0.98308	-0.0730135	0.167995	0.100767	0.981447	-0.163118	-0.152968	0.177286	0.972199
5.06667	0.983089	-0.0704291	0.169046	0.0989571	0.981018	-0.166767	-0.154092	0.180675	0.971397
5.1	0.983087	-0.0680764	0.170014	0.0969304	0.981069	-0.167654	-0.155382	0.181298	0.971075
5.13333	0.982877	-0.0666244	0.171794	0.0956363	0.981382	-0.166565	-0.157498	0.180143	0.97095
5.16667	0.982519	-0.0662409	0.173976	0.0948079	0.982324	-0.161405	-0.16021	0.175077	0.971432
5.2	0.982035	-0.0663514	0.176648	0.0940422	0.983692	-0.153318	-0.163594	0.167176	0.97226
5.23333	0.981529	-0.0667183	0.179303	0.0932602	0.985183	-0.143935	-0.167043	0.157998	0.973208
5.26667	0.981074	-0.0671849	0.181603	0.0922499	0.986773	-0.1333	-0.170245	0.14753	0.974295
5.3	0.980764	-0.067571	0.183128	0.0908333	0.988393	-0.121769	-0.172774	0.136061	0.975519
5.33333	0.980408	-0.0677461	0.184959	0.089405	0.989747	-0.111386	-0.175517	0.12574	0.976413
5.36667	0.979839	-0.0671357	0.18817	0.0873838	0.990995	-0.101455	-0.179665	0.115853	0.976882
5.4	0.979045	-0.0657784	0.192727	0.0840343	0.992558	-0.0881273	-0.185496	0.102476	0.977287
5.43333	0.978671	-0.0614795	0.196019	0.0766391	0.994549	-0.0707075	-0.190604	0.0842222	0.978047
5.46667	0.978658	-0.0549887	0.198	0.0654127	0.996775	-0.0464914	-0.194805	0.058451	0.979099
5.5	0.9788	-0.0469068	0.199373	0.0515583	0.998504	-0.0182008	-0.198221	0.0280943	0.979755
5.53333	0.978758	-0.0377357	0.201515	0.0366023	0.999286	0.00934913	-0.201724	-0.00177463	0.979441
5.56667	0.978407	-0.0282029	0.204755	0.0218713	0.999212	0.033121	-0.205528	-0.0279276	0.978253
5.6	0.977816	-0.0214934	0.20836	0.0106444	0.998535	0.0530506	-0.209195	-0.0496559	0.976612
5.63333	0.977399	-0.0168196	0.210734	0.00317076	0.997884	0.064939	-0.211381	-0.0628031	0.975384
5.66667	0.977348	-0.0125716	0.211264	-0.00194579	0.997658	0.0683688	-0.211629	-0.0672312	0.975035
5.7	0.977663	-0.00912467	0.209978	-0.00493623	0.997785	0.0663422	-0.210118	-0.0658969	0.975453
5.73333	0.978252	-0.00652002	0.20732	-0.00653979	0.998039	0.0622459	-0.207319	-0.062248	0.976291
5.76667	0.979023	-0.00463249	0.203699	-0.00769634	0.998187	0.0596909	-0.203606	-0.0600065	0.977212
5.8	0.979691	-0.00332959	0.200485	-0.00904195	0.998111	0.0607609	-0.200308	-0.0613397	0.977811
5.83333	0.980222	-0.00244864	0.197885	-0.0104758	0.99788	0.0642396	-0.197623	-0.065042	0.978118
5.86667	0.980787	-0.00201058	0.195073	-0.0115644	0.997589	0.0684253	-0.19474	-0.0693665	0.978399
5.9	0.981353	-0.00178883	0.192204	-0.0123082	0.99732	0.072125	-0.191818	-0.0731458	0.978701
5.93333	0.981935	-0.00202927	0.189206	-0.0124726	0.997074	0.0754238	-0.188806	-0.0764212	0.979036
5.96667	0.982571	-0.00298135	0.185865	-0.0116066	0.996937	0.0773491	-0.185526	-0.0781582	0.979526
6	0.98333	-0.00452351	0.181772	-0.00970458	0.99696	0.0773088	-0.181569	-0.0777841	0.980297
6.03333	0.984221	-0.00696676	0.176807	-0.00655536	0.997103	0.0757803	-0.176823	-0.0757436	0.981324
6.06667	0.985363	-0.0104707	0.170147	-0.00220736	0.997244	0.0741528	-0.170455	-0.073443	0.982625
6.1	0.986715	-0.0156478	0.161707	0.00342303	0.997132	0.0756019	-0.162426	-0.0740439	0.983939
6.13333	0.988288	-0.0222658	0.15097	0.0102353	0.996742	0.0800013	-0.152259	-0.0775191	0.985296
6.16667	0.989904	-0.0295235	0.13863	0.0175387	0.996063	0.0868912	-0.140649	-0.0835825	0.986525
6.2	0.991492	-0.0366088	0.124911	0.0250779	0.995381	0.0926667	-0.127727	-0.0887458	0.987831
6.23333	0.992699	-0.0421652	0.113006	0.0313702	0.99492	0.0956572	-0.116466	-0.0914138	0.988979
6.26667	0.994142	-0.046081	0.0977644	0.0367419	0.994774	0.0952649	-0.101643	-0.0911148	0.99064
6.3	0.995398	-0.0507805	0.0812655	0.0434018	0.994985	0.090121	-0.0854343	-0.0861791	0.99261
6.33333	0.996156	-0.0570503	0.0664646	0.0515412	0.995312	0.0818439	-0.0708222	-0.0781037	0.994426
6.36667	0.996595	-0.0642658	0.0516468	0.0608452	0.99601	0.0652774	-0.0556358	-0.0619127	0.99653
6.4	0.996913	-0.0701444	0.0352803	0.0681714	0.996194	0.0543212	-0.0389563	-0.0517484	0.9979
6.43333	0.996999	-0.0751838	0.0184503	0.0741994	0.996027	0.0492347	-0.0220786	-0.0477179	0.998617
6.46667	0.996895	-0.0786913	0.00296548	0.0784798	0.995906	0.0448636	-0.00648371	-0.0444915	0.998989
6.5	0.996624	-0.0813556	-0.0110591	0.0817535	0.995757	0.0422401	0.00757574	-0.0430017	0.999046
6.53333	0.996183	-0.0838514	-0.024266	0.0848151	0.995517	0.0418674	0.0206466	-0.0437657	0.998828
6.56667	0.995601	-0.0859638	-0.0372619	0.0876317	0.995104	0.0457123	0.0331499	-0.0487765	0.998259
6.6	0.994919	-0.0881352	-0.0486745	0.0906279	0.994546	0.0516273	0.0438589	-0.0557762	0.99748
6.63333	0.994159	-0.0905494	-0.0587301	0.0941725	0.993613	0.0621724	0.0527253	-0.06734	0.996336
6.66667	0.993394	-0.0929685	-0.0672735	0.0981098	0.992142	0.077649	0.0595259	-0.0837362	0.994708
6.7	0.992691	-0.0947797	-0.0747031	0.1018	0.990107	0.0965683	0.0648113	-0.103467	0.992519
6.73333	0.992106	-0.0955159	-0.0812561	0.10468	0.987573	0.117224	0.0690496	-0.124804	0.989776
6.76667	0.991631	-0.0950506	-0.0873724	0.106557	0.984659	0.138177	0.0728982	-0.146331	0.986546
6.8	0.991255	-0.093961	-0.0926498	0.107883	0.98137	0.158979	0.0759859	-0.167584	0.982925
6.83333	0.990931	-0.0924438	-0.09752	0.108983	0.977457	0.180831	0.078605	-0.189819	0.978668
6.86667	0.990679	-0.0905863	-0.101728	0.109755	0.973158	0.202279	0.0806739	-0.211558	0.97403
6.9	0.99055	-0.0881994	-0.105032	0.109985	0.968337	0.224111	0.08194	-0.233546	0.968887
6.93333	0.990502	-0.0854806	-0.107697	0.109854	0.963033	0.245965	0.0826909	-0.25546	0.963277
6.96667	0.990551	-0.082571	-0.109501	0.109234	0.957793	0.265897	0.082924	-0.275346	0.957762
7	0.990753	-0.0791969	-0.110162	0.107559	0.953382	0.281946	0.0826975	-0.291188	0.953085
7.03333	0.991004	-0.075915	-0.110222	0.105948	0.948193	0.299508	0.0817742	-0.308491	0.947706
7.06667	0.991141	-0.0721654	-0.111493	0.104547	0.941671	0.319883	0.0819053	-0.328706	0.940874
7.1	0.991177	-0.0682886	-0.113601	0.103511	0.934124	0.341612	0.0827896	-0.350357	0.93295
7.13333	0.991074	-0.064446	-0.116698	0.103053	0.925687	0.363984	0.0845688	-0.372761	0.924066
7.16667	0.990858	-0.0612	-0.120231	0.103502	0.916469	0.386486	0.0865354	-0.395397	0.914425
7.2	0.990633	-0.0596252	-0.122849	0.105361	0.906045	0.409856	0.0868691	-0.41896	0.90384
7.23333	0.990775	-0.0636707	-0.119627	0.110103	0.892851	0.436686	0.0790049	-0.445828	0.891625
7.26667	0.990921	-0.0691161	-0.115317	0.115591	0.876011	0.468234	0.0686567	-0.477313	0.876047
7.3	0.990884	-0.0700501	-0.115076	0.11853	0.859304	0.497542	0.0640327	-0.506646	0.859773
7.33333	0.990946	-0.0690106	-0.115169	0.119443	0.844872	0.521463	0.0613162	-0.530498	0.845466
7.36667	0.991082	-0.0686458	-0.114214	0.119906	0.833325	0.539622	0.0581348	-0.548505	0.834124
7.4	0.991625	-0.0673561	-0.110192	0.117363	0.826071	0.551211	0.0538993	-0.559527	0.827058
7.43333	0.992523	-0.0661953	-0.102546	0.112392	0.823297	0.556372	0.0475964	-0.563737	0.824582
7.46667	0.993663	-0.0654936	-0.0913472	0.10525	0.827389	0.551679	0.0394483	-0.557797	0.829039
7.5	0.994733	-0.064544	-0.0796256	0.0973486	0.838072	0.536804	0.0320845	-0.541728	0.839941
7.53333	0.995637	-0.0639686	-0.0679395	0.0898926	0.852863	0.514339	0.0250415	-0.518202	0.854891
7.56667	0.996478	-0.0637609	-0.0544699	0.0821455	0.872821	0.481078	0.0168685	-0.483858	0.874984
7.6	0.997122	-0.0649269	-0.0391474	0.0755389	0.894885	0.439857	0.00647388	-0.441548	0.897214
7.63333	0.997676	-0.0640115	-0.0233323	0.0680363	0.917962	0.39079	-0.00359691	-0.391469	0.920184
7.66667	0.998092	-0.0613161	-0.00725229	0.0601092	0.938103	0.341101	-0.0141115	-0.340886	0.939999
7.7	0.998313	-0.0576258	0.00705251	0.0529494	0.95358	0.296448	-0.0238082	-0.295574	0.955023
7.73333	0.998353	-0.0541211	0.0190561	0.0473364	0.964577	0.259521	-0.0324266	-0.258192	0.965549
7.76667	0.998264	-0.0515453	0.0284842	0.043562	0.971775	0.231851	-0.0396311	-0.230208	0.972334
7.8	0.998126	-0.0497899	0.0355773	0.0412329	0.976787	0.210205	-0.0452176	-0.208344	0.97701
7.83333	0.997966	-0.0490245	0.0407567	0.0401864	0.980016	0.194819	-0.0494931	-0.192785	0.979992
7.86667	0.997801	-0.049086	0.0445347	0.0401941	0.982425	0.182276	-0.0526992	-0.180085	0.982238
7.9	0.997612	-0.0495431	0.0481307	0.0406486	0.984463	0.170822	-0.055846	-0.168458	0.984126
7.93333	0.997393	-0.0507131	0.0513337	0.0418638	0.986101	0.160784	-0.0587741	-0.158216	0.985654
7.96667	0.997152	-0.0529236	0.0537347	0.0440932	0.987093	0.153957	-0.0611891	-0.151149	0.986615
8	0.996912	-0.0563703	0.0546697	0.0476493	0.987621	0.149449	-0.0624174	-0.146383	0.987257
8.03333	0.996705	-0.0601051	0.054473	0.051699	0.988169	0.144391	-0.0625072	-0.141099	0.98802
8.06667	0.996484	-0.0636296	0.0545139	0.0557206	0.98914	0.136001	-0.0625756	-0.132485	0.989208
8.1	0.996192	-0.0666731	0.056181	0.0592799	0.990471	0.124308	-0.0639336	-0.120504	0.990652
8.13333	0.995744	-0.0697687	0.0602237	0.0626097	0.991561	0.113521	-0.0676357	-0.109267	0.991709
8.16667	0.995219	-0.0742518	0.0634473	0.0672899	0.992131	0.105588	-0.0707882	-0.100814	0.992384
8.2	0.994501	-0.080166	0.0673854	0.073245	0.992332	0.0995624	-0.0748502	-0.0940793	0.992747
8.23333	0.993858	-0.0854773	0.0702847	0.0788162	0.992576	0.0926318	-0.0776809	-0.0865233	0.993217
8.26667	0.993782	-0.0885862	0.067457	0.0833798	0.993582	0.0764394	-0.0737956	-0.0703395	0.99479
8.3	0.993472	-0.0928997	0.0662109	0.089525	0.994614	0.0522392	-0.0707072	-0.0459706	0.996437
8.33333	0.993146	-0.0970669	0.0651016	0.0959369	0.995181	0.0202718	-0.0667556	-0.0138872	0.997673
8.36667	0.992839	-0.100263	0.0649449	0.101448	0.994725	-0.0151978	-0.0630785	0.0216775	0.997773
8.4	0.992505	-0.102447	0.066625	0.105258	0.993634	-0.0401446	-0.0620882	0.0468565	0.99697
8.43333	0.992271	-0.103553	0.0683704	0.107136	0.992936	-0.0509922	-0.0626071	0.057923	0.996356
8.46667	0.99234	-0.103089	0.0680797	0.107012	0.992638	-0.0567224	-0.0617311	0.0635732	0.996066
8.5	0.99267	-0.101714	0.0652706	0.10558	0.992671	-0.0588001	-0.0588114	0.0652604	0.996134
8.53333	0.993085	-0.100011	0.0614832	0.103781	0.992696	-0.0615156	-0.0548819	0.0674709	0.996211
8.56667	0.993379	-0.0985999	0.0589514	0.102322	0.9927	-0.0638581	-0.0522246	0.0694673	0.996216
8.6	0.993621	-0.0969422	0.0576114	0.100689	0.992717	-0.0661461	-0.0507794	0.071525	0.996145
8.63333	0.993811	-0.0954899	0.0567613	0.0992716	0.992732	-0.0680257	-0.049853	0.0732394	0.996068
8.66667	0.993938	-0.0950827	0.0551937	0.0987546	0.992777	-0.0681252	-0.0483175	0.0731628	0.996149
8.7	0.994176	-0.0940886	0.0525464	0.0976248	0.992803	-0.0693632	-0.045642	0.0740891	0.996207
8.73333	0.994502	-0.092198	0.049656	0.0956231	0.992832	-0.0716974	-0.0426897	0.0760515	0.99619
8.76667	0.99481	-0.0902574	0.0469813	0.0935317	0.992942	-0.0729186	-0.0400682	0.0769344	0.996231
8.8	0.995045	-0.0886721	0.0449684	0.0917384	0.993216	-0.071459	-0.0383269	0.0752303	0.996429
8.83333	0.995255	-0.0869121	0.0437437	0.0898199	0.993523	-0.0695992	-0.0374114	0.0731981	0.996615
8.86667	0.995427	-0.085205	0.0431955	0.0879323	0.993954	-0.0657538	-0.0373318	0.0692514	0.9969
8.9	0.995591	-0.0834982	0.0427451	0.0859616	0.994522	-0.0594648	-0.0375457	0.062877	0.997315
8.93333	0.995745	-0.0816058	0.0427992	0.0838255	0.995074	-0.052921	-0.0382697	0.0562835	0.997681
8.96667	0.996009	-0.0777987	0.0437494	0.0798105	0.995735	-0.0462892	-0.0399615	0.0495961	0.99797
9	0.996296	-0.0725505	0.0461537	0.0742964	0.996538	-0.0373093	-0.0432871	0.0406002	0.998237
9.03333	0.996646	-0.0668309	0.0472305	0.0677289	0.997547	-0.0176726	-0.0459336	0.0208122	0.998728
9.06667	0.997279	-0.0584171	0.0449726	0.0583154	0.998292	0.00357045	-0.0451044	-0.000938133	0.998982
9.1	0.998029	-0.0490719	0.0391199	0.0481033	0.998521	0.0253301	-0.0403051	-0.0233984	0.998913
9.13333	0.998679	-0.0409902	0.0309688	0.039535	0.998148	0.0462232	-0.0328062	-0.0449378	0.998451
9.16667	0.999138	-0.0339151	0.0239339	0.0322988	0.997365	0.0649587	-0.0260739	-0.0641296	0.997601
9.2	0.999433	-0.0272731	0.0197224	0.0255477	0.996223	0.0829922	-0.0219113	-0.0824413	0.996355
9.23333	0.999617	-0.0215784	0.017344	0.0198423	0.995308	0.0947022	-0.0193061	-0.0943217	0.995355
9.26667	0.999735	-0.0176391	0.014774	0.0160729	0.994843	0.100146	-0.0164643	-0.0998822	0.994863
9.3	0.99982	-0.0151111	0.0114881	0.0138694	0.994749	0.101402	-0.01296	-0.101224	0.994779
9.33333	0.999887	-0.0131694	0.00723032	0.012362	0.994688	0.102188	-0.00853767	-0.102087	0.994739
9.36667	0.99993	-0.0114911	0.00278556	0.0111442	0.994648	0.102723	-0.00395105	-0.102685	0.994706
9.4	0.999949	-0.010033	-0.00117034	0.0101001	0.994714	0.102186	0.000138927	-0.102193	0.994765
9.43333	0.999945	-0.00921005	-0.00493565	0.00966521	0.994746	0.101916	0.00397106	-0.101959	0.994781
9.46667	0.999932	-0.00799725	-0.0084464	0.00881212	0.994815	0.101315	0.00759237	-0.101382	0.994819
9.5	0.999897	-0.00713257	-0.0124681	0.0083404	0.994985	0.0996739	0.0116946	-0.0997677	0.994942
9.53333	0.999831	-0.00661598	-0.017168	0.00825007	0.995257	0.0969292	0.0164453	-0.0970544	0.995143
9.56667	0.99972	-0.00690072	-0.0226351	0.00897843	0.995624	0.0930141	0.0218942	-0.0931913	0.995407
9.6	0.999545	-0.0079392	-0.0290829	0.0104743	0.996058	0.0880797	0.028269	-0.0883443	0.995689
9.63333	0.999294	-0.00961117	-0.0363095	0.0125181	0.99666	0.0807013	0.0354125	-0.0810989	0.996077
9.66667	0.998978	-0.0119238	-0.0436007	0.0150499	0.997285	0.0720875	0.0426228	-0.07267	0.996445
9.7	0.998616	-0.0145884	-0.0505306	0.017758	0.997865	0.0628562	0.0495057	-0.0636665	0.996743
9.73333	0.998251	-0.0175381	-0.0564565	0.0204732	0.998446	0.051837	0.0554596	-0.0529022	0.997058
9.76667	0.997978	-0.0216841	-0.0597473	0.0241034	0.998906	0.0400736	0.0588129	-0.0414327	0.997409
9.8	0.997903	-0.0276796	-0.0585171	0.0295581	0.999067	0.0314846	0.057591	-0.0331482	0.99779
9.83333	0.997698	-0.0362314	-0.0573313	0.0374108	0.999107	0.0196331	0.0565687	-0.0217327	0.998162
9.86667	0.997155	-0.0462644	-0.0595187	0.0464004	0.998923	0.000903765	0.0594127	-0.00366288	0.998227
9.9	0.996459	-0.0566328	-0.0621542	0.0552615	0.998194	-0.0235656	0.0633766	0.0200474	0.997788
9.93333	0.995715	-0.0668188	-0.0639298	0.0640345	0.996948	-0.0446547	0.0667185	0.0403696	0.996955
9.96667	0.99503	-0.0754024	-0.0650432	0.0716352	0.995718	-0.0584295	0.0691704	0.0534797	0.99617
10	0.994477	-0.0818085	-0.0657499	0.0775818	0.9949	-0.0644567	0.0706877	0.0589997	0.995752
10.0333	0.994097	-0.0846638	-0.0678509	0.080544	0.994863	-0.0613161	0.0726936	0.0554891	0.99581
