0	1	0	0	0	1	0	0	0	1
0.0333333	0.933927	0.181001	-0.308251	0.0278884	0.822807	0.567636	0.356374	-0.538727	0.763394
0.0666667	0.902014	-0.276782	-0.331305	0.398907	0.82779	0.394508	0.165058	-0.488012	0.857088
0.1	0.865788	-0.383049	-0.322	0.484725	0.801808	0.349494	0.124309	-0.458669	0.87987
0.133333	0.853324	-0.41238	-0.319033	0.508652	0.792835	0.335688	0.11451	-0.448727	0.886302
0.166667	0.848594	-0.422843	-0.317949	0.517134	0.789782	0.329875	0.111625	-0.444352	0.88887
0.2	0.846498	-0.427549	-0.317244	0.520783	0.788735	0.326623	0.110574	-0.4417	0.890323
0.233333	0.845417	-0.430065	-0.316725	0.522597	0.788508	0.324265	0.110285	-0.439658	0.891369
0.266667	0.844935	-0.431431	-0.316153	0.523396	0.788686	0.322539	0.110192	-0.437997	0.892197
0.3	0.844729	-0.432229	-0.315614	0.523751	0.788923	0.321381	0.110085	-0.436783	0.892806
0.333333	0.844631	-0.432652	-0.315295	0.523896	0.789173	0.320529	0.110145	-0.43591	0.893225
0.366667	0.84472	-0.432809	-0.31484	0.523724	0.789652	0.31963	0.110276	-0.434887	0.893707
0.4	0.844622	-0.433881	-0.313626	0.52396	0.790203	0.317875	0.109909	-0.432811	0.894759
0.433333	0.844787	-0.434116	-0.312854	0.523747	0.79062	0.31719	0.109652	-0.431815	0.895272
0.466667	0.84484	-0.43447	-0.312218	0.523675	0.791052	0.31623	0.109588	-0.430665	0.895834
0.5	0.84524	-0.434085	-0.311673	0.523019	0.791648	0.315824	0.109641	-0.429958	0.896167
0.533333	0.845338	-0.434325	-0.311072	0.522904	0.791953	0.31525	0.109433	-0.429153	0.896578
0.566667	0.845485	-0.434371	-0.310608	0.522704	0.792195	0.314972	0.109247	-0.42866	0.896836
0.6	0.845814	-0.434081	-0.310115	0.522212	0.792524	0.314962	0.109055	-0.428345	0.89701
0.633333	0.846061	-0.433818	-0.309811	0.52183	0.792772	0.31497	0.10897	-0.428152	0.897113
0.666667	0.846193	-0.433737	-0.309564	0.521601	0.793062	0.314619	0.109041	-0.427697	0.897321
0.7	0.8466	-0.433056	-0.309403	0.520943	0.793326	0.315044	0.109025	-0.427898	0.897227
0.733333	0.846989	-0.432446	-0.309194	0.520291	0.793708	0.315159	0.109121	-0.427807	0.897259
0.766667	0.84717	-0.4322	-0.309041	0.519994	0.793899	0.315168	0.109132	-0.4277	0.897309
0.8	0.84751	-0.431703	-0.308804	0.519418	0.794289	0.315135	0.109235	-0.427479	0.897402
0.833333	0.847783	-0.431229	-0.308716	0.518961	0.794502	0.31535	0.109287	-0.42756	0.897357
0.866667	0.848094	-0.430586	-0.308759	0.518388	0.794842	0.315437	0.109592	-0.427577	0.897311
0.9	0.848495	-0.429921	-0.308585	0.517661	0.795399	0.315227	0.109925	-0.42721	0.897445
0.933333	0.848559	-0.429942	-0.308379	0.517501	0.795787	0.31451	0.110183	-0.426467	0.897767
0.966667	0.848864	-0.429444	-0.308232	0.516959	0.796172	0.314427	0.110377	-0.426249	0.897847
1	0.849219	-0.428838	-0.308098	0.516315	0.796641	0.314297	0.110661	-0.425983	0.897938
1.03333	0.849572	-0.428156	-0.308076	0.515639	0.797161	0.314087	0.111108	-0.425695	0.898019
1.06667	0.850171	-0.427045	-0.307964	0.514546	0.797867	0.314087	0.111585	-0.42549	0.898057
1.1	0.85063	-0.426212	-0.307851	0.513702	0.798448	0.313992	0.111976	-0.425235	0.898129
1.13333	0.851221	-0.425281	-0.307504	0.512707	0.798983	0.314257	0.112043	-0.425161	0.898156
1.16667	0.851619	-0.424794	-0.307075	0.512048	0.799444	0.31416	0.112036	-0.424782	0.898337
1.2	0.851795	-0.424727	-0.306679	0.511743	0.79985	0.313624	0.112093	-0.424084	0.898659
1.23333	0.852327	-0.423877	-0.306377	0.510763	0.800624	0.313244	0.112516	-0.423472	0.898895
1.26667	0.852999	-0.422847	-0.30593	0.509606	0.801335	0.313311	0.11267	-0.423158	0.899023
1.3	0.853597	-0.422044	-0.305371	0.508606	0.801964	0.313327	0.112659	-0.422769	0.899208
1.33333	0.853939	-0.421691	-0.3049	0.508032	0.802437	0.313045	0.112655	-0.422221	0.899466
1.36667	0.85423	-0.421596	-0.304217	0.50753	0.803101	0.312157	0.112713	-0.421053	0.900006
1.4	0.854861	-0.421106	-0.30312	0.506513	0.803976	0.311557	0.112503	-0.419872	0.900583
1.43333	0.855318	-0.420806	-0.302247	0.50575	0.804759	0.310774	0.11246	-0.418672	0.901147
1.46667	0.856038	-0.419573	-0.301921	0.504423	0.805668	0.310574	0.11294	-0.418159	0.901325
1.5	0.856897	-0.418125	-0.301494	0.502865	0.806669	0.310504	0.113377	-0.417681	0.901492
1.53333	0.857706	-0.416847	-0.300964	0.50149	0.807345	0.310971	0.113354	-0.417652	0.901509
1.56667	0.858499	-0.415546	-0.300502	0.500219	0.807652	0.312216	0.112961	-0.418353	0.901233
1.6	0.859442	-0.41376	-0.30027	0.498614	0.808101	0.313618	0.112886	-0.419255	0.900823
1.63333	0.860145	-0.412675	-0.29975	0.497417	0.808681	0.314023	0.112813	-0.419206	0.900855
1.66667	0.861082	-0.411255	-0.299011	0.495769	0.809663	0.3141	0.112923	-0.418706	0.901073
1.7	0.861688	-0.410577	-0.298195	0.494705	0.81053	0.313542	0.112963	-0.417694	0.901538
1.73333	0.86261	-0.409188	-0.297438	0.493008	0.81175	0.313057	0.113346	-0.416685	0.901957
1.76667	0.863626	-0.407424	-0.29691	0.491017	0.813265	0.312253	0.114247	-0.415458	0.902409
1.8	0.864525	-0.404957	-0.297667	0.488937	0.814769	0.311596	0.116347	-0.414923	0.902387
1.83333	0.865361	-0.40186	-0.299432	0.486631	0.816585	0.31045	0.119754	-0.414364	0.902198
1.86667	0.866064	-0.399473	-0.300589	0.48456	0.818706	0.308094	0.123019	-0.412482	0.902621
1.9	0.866941	-0.397629	-0.300506	0.482341	0.821206	0.304905	0.125539	-0.409281	0.903731
1.93333	0.867279	-0.397686	-0.299454	0.481307	0.823496	0.30033	0.127162	-0.404599	0.90561
1.96667	0.867893	-0.398084	-0.297138	0.479879	0.826457	0.294423	0.128367	-0.398117	0.908309
2	0.867847	-0.400054	-0.294617	0.479736	0.828973	0.287502	0.129213	-0.390846	0.911341
2.03333	0.866615	-0.405491	-0.290786	0.481886	0.831346	0.276856	0.129481	-0.380053	0.915857
2.06667	0.863457	-0.41555	-0.285937	0.487614	0.832737	0.262262	0.129127	-0.365879	0.921661
2.1	0.85804	-0.429904	-0.28098	0.497358	0.831979	0.245859	0.128074	-0.350704	0.927687
2.13333	0.852282	-0.444389	-0.275925	0.507568	0.830107	0.230862	0.126455	-0.33681	0.933042
2.16667	0.845905	-0.459582	-0.27061	0.518711	0.826943	0.217034	0.124034	-0.323959	0.937905
2.2	0.838104	-0.476133	-0.266232	0.531799	0.821863	0.204282	0.121541	-0.312792	0.942013
2.23333	0.829137	-0.494046	-0.26163	0.546305	0.81538	0.191591	0.118673	-0.301784	0.945961
2.26667	0.819296	-0.512829	-0.256438	0.561674	0.807714	0.179219	0.11522	-0.290868	0.9498
2.3	0.80883	-0.532387	-0.249716	0.577494	0.799216	0.166596	0.110883	-0.278957	0.95388
2.33333	0.799374	-0.549468	-0.243077	0.591298	0.791225	0.155979	0.106623	-0.268417	0.957384
2.36667	0.792493	-0.561909	-0.237092	0.601178	0.785179	0.14859	0.102666	-0.260291	0.960056
2.4	0.788182	-0.570068	-0.231929	0.607445	0.78114	0.144328	0.0988917	-0.254641	0.961966
2.43333	0.786779	-0.573503	-0.228196	0.609789	0.779468	0.143481	0.0955848	-0.25204	0.962985
2.46667	0.787596	-0.57344	-0.22552	0.609217	0.779566	0.145366	0.0924492	-0.25188	0.963333
2.5	0.788556	-0.572812	-0.223756	0.608345	0.779839	0.147539	0.0899817	-0.252464	0.963413
2.53333	0.79054	-0.571225	-0.220792	0.60615	0.781255	0.149074	0.0873398	-0.251682	0.963861
2.56667	0.792647	-0.569836	-0.216791	0.603871	0.782758	0.150432	0.0839734	-0.250153	0.964558
2.6	0.794408	-0.568863	-0.212863	0.602111	0.783645	0.152849	0.0798594	-0.249592	0.965053
2.63333	0.798673	-0.563945	-0.209969	0.596874	0.786789	0.157176	0.0765627	-0.250857	0.964992
2.66667	0.807315	-0.552362	-0.207699	0.585199	0.794719	0.161133	0.0760586	-0.25163	0.96483
2.7	0.808302	-0.551524	-0.20608	0.583246	0.797893	0.152283	0.0804418	-0.243286	0.966613
2.73333	0.796861	-0.568117	-0.205562	0.598269	0.789419	0.137449	0.0841874	-0.232509	0.968944
2.76667	0.793297	-0.574802	-0.200703	0.603066	0.787129	0.129383	0.0836093	-0.223676	0.971071
2.8	0.793743	-0.577033	-0.192366	0.602635	0.788931	0.120074	0.0824767	-0.211235	0.973949
2.83333	0.794062	-0.57724	-0.19042	0.60207	0.789989	0.115888	0.0835351	-0.206668	0.974839
2.86667	0.796705	-0.572953	-0.192315	0.597996	0.793415	0.113549	0.087527	-0.205469	0.974742
2.9	0.801055	-0.566736	-0.192667	0.591789	0.798191	0.11259	0.0899761	-0.204209	0.974783
2.93333	0.806587	-0.557961	-0.195186	0.584241	0.802706	0.119694	0.0898927	-0.210579	0.973435
2.96667	0.814461	-0.544125	-0.201448	0.573218	0.808351	0.134129	0.0898577	-0.224716	0.970272
3	0.823322	-0.527576	-0.209293	0.560441	0.813961	0.15288	0.0897008	-0.243166	0.965828
3.03333	0.830698	-0.512588	-0.217245	0.549287	0.818194	0.169833	0.0906944	-0.26041	0.961229
3.06667	0.836036	-0.500506	-0.224805	0.541085	0.820002	0.186611	0.0909408	-0.277652	0.956368
3.1	0.841346	-0.48786	-0.232656	0.532618	0.821568	0.203329	0.0919461	-0.294987	0.951067
3.13333	0.847083	-0.47457	-0.239237	0.523414	0.82299	0.220738	0.092134	-0.312203	0.945537
3.16667	0.851158	-0.464068	-0.2453	0.516819	0.822636	0.236999	0.0918084	-0.328499	0.940032
3.2	0.853196	-0.457258	-0.250941	0.51347	0.820882	0.250004	0.0916769	-0.342153	0.935161
3.23333	0.85497	-0.451329	-0.255593	0.510507	0.819355	0.260845	0.0916946	-0.353497	0.930931
3.26667	0.857987	-0.443512	-0.259144	0.505458	0.818812	0.272138	0.0914937	-0.364477	0.926707
3.3	0.86242	-0.432976	-0.262228	0.497967	0.818703	0.285928	0.0908865	-0.377171	0.921673
3.33333	0.869431	-0.417382	-0.264352	0.485586	0.820556	0.301486	0.0910812	-0.390487	0.916092
3.36667	0.878332	-0.397833	-0.265068	0.469005	0.824471	0.316674	0.0925575	-0.402463	0.910745
3.4	0.887913	-0.376236	-0.264682	0.450104	0.82934	0.331062	0.094954	-0.413089	0.905727
3.43333	0.896936	-0.355606	-0.262772	0.431276	0.834649	0.342581	0.0974984	-0.4206	0.901992
3.46667	0.903361	-0.340209	-0.261145	0.416977	0.839163	0.349193	0.100345	-0.424339	0.899927
3.5	0.907235	-0.330144	-0.260635	0.407568	0.843164	0.350661	0.103989	-0.424358	0.899503
3.53333	0.909449	-0.325253	-0.25906	0.401914	0.847341	0.3471	0.106617	-0.419789	0.901338
3.56667	0.913806	-0.317578	-0.253185	0.39152	0.854597	0.34114	0.108032	-0.410862	0.905274
3.6	0.918062	-0.306698	-0.251194	0.380263	0.860409	0.339259	0.112079	-0.406981	0.906535
3.63333	0.923209	-0.291725	-0.250163	0.3661	0.865578	0.34168	0.116858	-0.407027	0.90591
3.66667	0.928844	-0.276495	-0.246574	0.350223	0.872362	0.34107	0.120798	-0.403157	0.907123
3.7	0.932158	-0.268524	-0.242851	0.340273	0.878901	0.334286	0.123678	-0.394243	0.910646
3.73333	0.930396	-0.278342	-0.238516	0.345606	0.882942	0.317757	0.12215	-0.378072	0.917682
3.76667	0.922756	-0.307937	-0.231725	0.367368	0.884542	0.287446	0.116456	-0.350371	0.929343
3.8	0.91107	-0.346252	-0.223741	0.397001	0.883157	0.249846	0.111089	-0.316453	0.942081
3.83333	0.897278	-0.385492	-0.215145	0.428249	0.87841	0.212127	0.107212	-0.282473	0.953265
3.86667	0.884434	-0.418328	-0.206829	0.455269	0.870811	0.185522	0.1025	-0.258245	0.960627
3.9	0.873039	-0.445711	-0.19785	0.477776	0.86303	0.164041	0.097635	-0.237742	0.966409
3.93333	0.863044	-0.468278	-0.189394	0.496414	0.855625	0.146558	0.0934208	-0.220504	0.970902
3.96667	0.853763	-0.487557	-0.182695	0.512742	0.848287	0.132307	0.0904703	-0.206635	0.974227
4	0.844768	-0.505055	-0.176882	0.527696	0.841121	0.118545	0.0889077	-0.193483	0.977067
4.03333	0.83706	-0.519558	-0.171433	0.540063	0.834799	0.106968	0.0875359	-0.182124	0.979371
4.06667	0.83041	-0.531542	-0.166983	0.550478	0.828999	0.0986625	0.0859859	-0.173851	0.981011
4.1	0.825175	-0.540394	-0.164497	0.558569	0.823993	0.0950535	0.0841782	-0.170319	0.981787
4.13333	0.821279	-0.546442	-0.164018	0.564472	0.820033	0.0944296	0.0828999	-0.170137	0.981927
4.16667	0.818525	-0.550289	-0.164922	0.568626	0.816941	0.0962935	0.0817423	-0.172598	0.981595
4.2	0.817044	-0.5515	-0.168187	0.570808	0.814847	0.101006	0.0813413	-0.178529	0.980567
4.23333	0.816354	-0.550901	-0.17342	0.571754	0.813306	0.107844	0.0816321	-0.187193	0.978925
4.26667	0.816573	-0.548863	-0.178767	0.571204	0.812983	0.11307	0.0832745	-0.194443	0.977373
4.3	0.817987	-0.544763	-0.184746	0.568472	0.814652	0.114808	0.0879605	-0.198934	0.976057
4.33333	0.820794	-0.53808	-0.191746	0.563032	0.818727	0.112613	0.0963926	-0.200391	0.974962
4.36667	0.808521	-0.553182	-0.200708	0.579301	0.808166	0.106194	0.103461	-0.20213	0.973878
4.4	0.786393	-0.579141	-0.2149	0.60761	0.7879	0.100115	0.111339	-0.209305	0.971491
4.43333	0.777978	-0.587378	-0.22302	0.617195	0.780888	0.0963525	0.117558	-0.212607	0.97004
4.46667	0.775821	-0.591398	-0.219887	0.619076	0.780796	0.0842763	0.121846	-0.20151	0.971878
4.5	0.77112	-0.598814	-0.216324	0.624297	0.777841	0.0722327	0.125012	-0.190751	0.973646
4.53333	0.767873	-0.602383	-0.217959	0.627779	0.775343	0.0688223	0.127536	-0.189677	0.973528
4.56667	0.763165	-0.606208	-0.22381	0.632848	0.771185	0.0691175	0.1307	-0.194386	0.972179
4.6	0.762324	-0.604652	-0.230777	0.633726	0.76976	0.0765565	0.131353	-0.20461	0.96999
4.63333	0.762598	-0.600718	-0.239964	0.633397	0.768758	0.0884301	0.131352	-0.219429	0.966746
4.66667	0.763959	-0.595401	-0.248727	0.631524	0.769037	0.0987927	0.132459	-0.23255	0.963522
4.7	0.766353	-0.589933	-0.254328	0.628496	0.770464	0.106664	0.133026	-0.241586	0.961218
4.73333	0.771453	-0.581252	-0.258858	0.622231	0.774196	0.115967	0.133001	-0.250533	0.958929
4.76667	0.777683	-0.570958	-0.26309	0.614349	0.779007	0.12539	0.133357	-0.259143	0.956588
4.8	0.784117	-0.560403	-0.266663	0.606151	0.783763	0.135265	0.133197	-0.267702	0.954251
4.83333	0.790449	-0.550708	-0.268164	0.597893	0.78882	0.14243	0.133095	-0.272917	0.952786
4.86667	0.796849	-0.541933	-0.267096	0.589503	0.794237	0.147222	0.132353	-0.274767	0.952358
4.9	0.80187	-0.536129	-0.26376	0.582745	0.799236	0.147073	0.131956	-0.271638	0.95331
4.93333	0.806277	-0.530942	-0.260802	0.576654	0.803755	0.146453	0.131863	-0.268475	0.954219
4.96667	0.812139	-0.522791	-0.259075	0.5685	0.80894	0.149745	0.131291	-0.268898	0.954178
5	0.818128	-0.5145	-0.256822	0.560117	0.814084	0.153418	0.130141	-0.269366	0.954204
5.03333	0.823456	-0.508123	-0.25245	0.552684	0.818965	0.154391	0.128298	-0.266659	0.955213
5.06667	0.826937	-0.504888	-0.247512	0.548034	0.822188	0.153838	0.125831	-0.262859	0.956594
5.1	0.83241	-0.498663	-0.241719	0.540775	0.826246	0.157736	0.121062	-0.262017	0.95744
5.13333	0.839438	-0.489442	-0.236198	0.530891	0.831446	0.163869	0.116182	-0.262953	0.957788
5.16667	0.847595	-0.478114	-0.230193	0.518689	0.838047	0.16923	0.112002	-0.262837	0.958317
5.2	0.857378	-0.463722	-0.223303	0.50297	0.846944	0.17236	0.109197	-0.260093	0.959389
5.23333	0.869183	-0.445225	-0.215165	0.483136	0.857327	0.177679	0.10536	-0.258389	0.960278
5.26667	0.881877	-0.423536	-0.20715	0.460358	0.868381	0.184349	0.101806	-0.257936	0.960783
5.3	0.890644	-0.407585	-0.201565	0.44341	0.876705	0.186484	0.100704	-0.255467	0.961559
5.33333	0.896966	-0.396961	-0.194611	0.430901	0.883434	0.184034	0.098872	-0.24893	0.963462
5.36667	0.906556	-0.377313	-0.189186	0.410176	0.893249	0.184013	0.0995597	-0.244418	0.964545
5.4	0.917816	-0.349169	-0.188929	0.383812	0.902064	0.197408	0.101497	-0.253697	0.961944
5.43333	0.928913	-0.322649	-0.18171	0.356845	0.911045	0.206539	0.098907	-0.256699	0.961417
5.46667	0.936183	-0.306408	-0.172266	0.338247	0.918621	0.204266	0.0956583	-0.249499	0.963639
5.5	0.940134	-0.298373	-0.16469	0.327684	0.924189	0.196208	0.0936614	-0.238428	0.966633
5.53333	0.940759	-0.299675	-0.158641	0.3262	0.927576	0.182199	0.092551	-0.223154	0.97038
5.56667	0.936981	-0.315469	-0.150152	0.337718	0.927908	0.1579	0.0895149	-0.198658	0.975972
5.6	0.927936	-0.345891	-0.138903	0.363253	0.922721	0.128969	0.0835601	-0.170132	0.981872
5.63333	0.916501	-0.379361	-0.126929	0.392624	0.913827	0.103759	0.0766292	-0.144931	0.98647
5.66667	0.906326	-0.405559	-0.118721	0.416359	0.905045	0.0868275	0.0722346	-0.128125	0.989124
5.7	0.898585	-0.423262	-0.115731	0.432976	0.89809	0.0772354	0.0712461	-0.119511	0.990273
5.73333	0.892107	-0.437078	-0.114489	0.446264	0.892002	0.0719729	0.0706669	-0.1153	0.990814
5.76667	0.885991	-0.449638	-0.113341	0.458268	0.886361	0.065988	0.0707902	-0.110405	0.991362
5.8	0.878736	-0.464133	-0.111372	0.471923	0.879791	0.0570673	0.0714971	-0.102706	0.992139
5.83333	0.868574	-0.483695	-0.107786	0.490328	0.87035	0.0454798	0.0718134	-0.0923532	0.993133
5.86667	0.857541	-0.503728	-0.104314	0.509346	0.859848	0.0350368	0.072045	-0.0831773	0.993927
5.9	0.845444	-0.524258	-0.101876	0.529103	0.84815	0.0262815	0.072628	-0.0761225	0.99445
5.93333	0.832537	-0.544918	-0.0997354	0.549036	0.835614	0.0175669	0.0737678	-0.0693834	0.994859
5.96667	0.821387	-0.56189	-0.0979945	0.565433	0.824727	0.0105425	0.074895	-0.0640687	0.995131
6	0.812273	-0.574913	-0.0984264	0.578213	0.815862	0.00626368	0.0767012	-0.0619992	0.995125
6.03333	0.805556	-0.583795	-0.101307	0.587261	0.809379	0.00553131	0.0787666	-0.0639494	0.99484
6.06667	0.802444	-0.587235	-0.106009	0.591489	0.806235	0.0112039	0.0788887	-0.0716936	0.994302
6.1	0.801699	-0.586951	-0.112994	0.59234	0.805473	0.0186342	0.0800765	-0.0818701	0.993421
6.13333	0.802534	-0.58425	-0.120792	0.59116	0.806033	0.0289925	0.0804235	-0.094675	0.992254
6.16667	0.804	-0.580404	-0.129288	0.588889	0.807329	0.0378183	0.0824278	-0.106542	0.990886
6.2	0.80231	-0.580399	-0.139414	0.590113	0.80638	0.0389573	0.0898096	-0.113526	0.989468
6.23333	0.77349	-0.619146	-0.135541	0.626925	0.778822	0.0200349	0.0931576	-0.100471	0.990569
6.26667	0.742217	-0.6564	-0.135107	0.663327	0.74828	0.0085997	0.0954528	-0.0960028	0.990794
6.3	0.728229	-0.671645	-0.136292	0.677354	0.735633	-0.00598374	0.10428	-0.0879604	0.990651
6.33333	0.715268	-0.685412	-0.136392	0.690218	0.723429	-0.0158077	0.109504	-0.0828332	0.990529
6.36667	0.708798	-0.689333	-0.149753	0.695417	0.718437	-0.0155746	0.118324	-0.0931016	0.988601
6.4	0.704706	-0.690441	-0.163342	0.697098	0.716646	-0.0217485	0.132074	-0.0985388	0.98633
6.43333	0.700785	-0.690325	-0.179868	0.697731	0.715785	-0.0287144	0.148569	-0.105377	0.983272
6.46667	0.697326	-0.68902	-0.197454	0.6984	0.715121	-0.0289693	0.161164	-0.117701	0.979884
6.5	0.696808	-0.684499	-0.214292	0.696031	0.717449	-0.028433	0.173206	-0.129341	0.976356
6.53333	0.700273	-0.675816	-0.229979	0.690261	0.723184	-0.0233426	0.182093	-0.1424	0.972916
6.56667	0.704988	-0.666667	-0.241965	0.683949	0.729338	-0.0167334	0.18763	-0.153695	0.970141
6.6	0.710464	-0.657907	-0.249799	0.677453	0.735493	-0.0103312	0.190522	-0.161887	0.968243
6.63333	0.716114	-0.650326	-0.253488	0.671284	0.741183	-0.00510647	0.191202	-0.166506	0.967325
6.66667	0.719072	-0.646431	-0.255075	0.667825	0.744309	-0.00364631	0.192212	-0.167724	0.966914
6.7	0.721705	-0.642513	-0.257526	0.664967	0.746873	0.000135821	0.192252	-0.171344	0.966271
6.73333	0.726309	-0.635506	-0.261929	0.660096	0.75114	0.0079393	0.1917	-0.178664	0.965055
6.76667	0.73075	-0.627767	-0.268168	0.654891	0.755557	0.0158418	0.192671	-0.187197	0.963242
6.8	0.736241	-0.618434	-0.27475	0.648726	0.760563	0.026427	0.192622	-0.197694	0.961152
6.83333	0.743028	-0.607264	-0.281316	0.641188	0.766382	0.0391897	0.191797	-0.209496	0.958814
6.86667	0.749305	-0.596515	-0.287595	0.634003	0.771622	0.051384	0.191263	-0.220838	0.956373
6.9	0.753735	-0.588826	-0.291834	0.628753	0.77532	0.0595684	0.19119	-0.228391	0.954612
6.93333	0.756755	-0.585153	-0.291407	0.62556	0.777627	0.063018	0.189731	-0.229982	0.954521
6.96667	0.760039	-0.583243	-0.28665	0.621876	0.780799	0.0601968	0.188706	-0.224013	0.956142
7	0.76457	-0.58103	-0.278991	0.616805	0.785184	0.0551085	0.18704	-0.214217	0.958711
7.03333	0.770669	-0.578316	-0.267618	0.610016	0.790969	0.0474191	0.184254	-0.199795	0.962358
7.06667	0.782755	-0.568503	-0.253177	0.596153	0.801725	0.0428912	0.178595	-0.184506	0.966469
7.1	0.791623	-0.562042	-0.239671	0.585215	0.810209	0.0329549	0.175662	-0.166347	0.970295
7.13333	0.794096	-0.560921	-0.23405	0.580779	0.813813	0.0201244	0.179185	-0.151912	0.972016
7.16667	0.78811	-0.567039	-0.239478	0.584649	0.811281	0.00308897	0.192532	-0.142445	0.970897
7.2	0.773089	-0.579601	-0.257675	0.596754	0.802298	-0.0142406	0.214986	-0.142759	0.966127
7.23333	0.742727	-0.603467	-0.290145	0.625403	0.780009	-0.0213894	0.239224	-0.165571	0.956744
7.26667	0.731564	-0.601719	-0.320542	0.63885	0.769202	0.0140897	0.238084	-0.215086	0.947129
7.3	0.745417	-0.590219	-0.30983	0.622059	0.782954	0.00509871	0.239573	-0.196534	0.950778
7.33333	0.752309	-0.587314	-0.298485	0.611289	0.791242	-0.0161801	0.245677	-0.170288	0.954277
7.36667	0.74414	-0.589296	-0.314619	0.617991	0.786111	-0.0107449	0.253658	-0.186436	0.949157
7.4	0.735096	-0.596157	-0.322846	0.628257	0.777982	-0.0061035	0.254807	-0.198344	0.946432
7.43333	0.726371	-0.607932	-0.320629	0.636761	0.770828	-0.0189821	0.25869	-0.190376	0.947014
7.46667	0.705945	-0.63252	-0.318686	0.657318	0.752665	-0.0377969	0.263771	-0.182795	0.947107
7.5	0.675224	-0.667643	-0.313568	0.688474	0.723024	-0.0569184	0.264719	-0.177451	0.947858
7.53333	0.648271	-0.697363	-0.305663	0.715097	0.695498	-0.0701335	0.261497	-0.173113	0.949553
7.56667	0.629755	-0.713938	-0.306106	0.730637	0.678218	-0.0786765	0.263777	-0.174105	0.948741
7.6	0.618224	-0.722066	-0.310516	0.739055	0.668501	-0.0830882	0.267575	-0.178121	0.94693
7.63333	0.606549	-0.729148	-0.316926	0.746934	0.659176	-0.0870375	0.272373	-0.18393	0.944448
7.66667	0.59222	-0.736893	-0.325981	0.755084	0.648748	-0.0947341	0.281288	-0.19004	0.940618
7.7	0.574522	-0.747143	-0.334217	0.765031	0.635341	-0.10521	0.290949	-0.195241	0.936605
7.73333	0.557833	-0.757934	-0.338171	0.774237	0.622001	-0.116927	0.298965	-0.196599	0.933793
7.76667	0.542654	-0.769224	-0.337373	0.78232	0.609078	-0.130384	0.305781	-0.193181	0.932298
7.8	0.529199	-0.778857	-0.336644	0.789977	0.597054	-0.139507	0.309651	-0.192114	0.93124
7.83333	0.517653	-0.785357	-0.339484	0.796606	0.587176	-0.14368	0.312177	-0.196058	0.929573
7.86667	0.506447	-0.790615	-0.344149	0.80293	0.577906	-0.146042	0.314349	-0.202365	0.927488
7.9	0.494785	-0.795127	-0.350657	0.808436	0.569175	-0.149903	0.318777	-0.209314	0.924429
7.93333	0.482898	-0.79706	-0.362637	0.811851	0.562713	-0.155732	0.328188	-0.219204	0.918826
7.96667	0.473806	-0.794985	-0.378823	0.811213	0.561413	-0.16355	0.342696	-0.229815	0.910903
8	0.470415	-0.78744	-0.398306	0.806575	0.566782	-0.167915	0.357975	-0.242274	0.901752
8.03333	0.469352	-0.775713	-0.421875	0.800366	0.575542	-0.167826	0.372992	-0.258885	0.890986
8.06667	0.466624	-0.762003	-0.449013	0.79353	0.584896	-0.167951	0.390605	-0.277935	0.877599
8.1	0.453601	-0.753033	-0.476641	0.788703	0.588219	-0.178733	0.414961	-0.294855	0.860737
8.13333	0.430843	-0.750517	-0.501098	0.793143	0.579795	-0.186443	0.430463	-0.317114	0.845068
8.16667	0.408813	-0.737933	-0.53696	0.807182	0.566907	-0.164543	0.425828	-0.366157	0.827405
8.2	0.388611	-0.73071	-0.561288	0.80954	0.561688	-0.17074	0.44003	-0.388034	0.809817
8.23333	0.371535	-0.739708	-0.561065	0.801049	0.560908	-0.20905	0.469342	-0.371771	0.80094
8.26667	0.36422	-0.756331	-0.543422	0.793741	0.557314	-0.243673	0.487154	-0.342586	0.803315
8.3	0.37896	-0.77081	-0.512094	0.786597	0.55981	-0.260535	0.487498	-0.304079	0.818463
8.33333	0.39442	-0.767272	-0.505694	0.781015	0.569865	-0.255478	0.484199	-0.294189	0.824017
8.36667	0.404899	-0.746966	-0.527351	0.773369	0.587458	-0.238314	0.487809	-0.311344	0.815541
8.4	0.403859	-0.717643	-0.567351	0.765646	0.604575	-0.219715	0.500683	-0.345656	0.793623
8.43333	0.393517	-0.691402	-0.605894	0.758515	0.61657	-0.210943	0.519422	-0.376569	0.76707
8.46667	0.381164	-0.672544	-0.634349	0.752882	0.62402	-0.209207	0.536547	-0.397848	0.7442
8.5	0.365149	-0.659201	-0.657358	0.749538	0.626969	-0.212374	0.55214	-0.415167	0.723034
8.53333	0.353061	-0.650439	-0.672516	0.74762	0.628299	-0.215184	0.562505	-0.426814	0.708109
8.56667	0.342159	-0.645354	-0.682968	0.745085	0.629197	-0.221266	0.572516	-0.433162	0.696129
8.6	0.332496	-0.644048	-0.688947	0.740945	0.630341	-0.231671	0.583479	-0.433442	0.68679
8.63333	0.324278	-0.643605	-0.693265	0.736769	0.631494	-0.241631	0.593308	-0.432421	0.678968
8.66667	0.314178	-0.641088	-0.700213	0.733628	0.632078	-0.249534	0.602563	-0.435298	0.668905
8.7	0.304574	-0.635939	-0.709095	0.730597	0.633628	-0.254447	0.611115	-0.440565	0.657602
8.73333	0.296059	-0.629071	-0.718762	0.729952	0.634343	-0.254518	0.616051	-0.44931	0.646994
8.76667	0.290153	-0.620502	-0.728553	0.730625	0.635318	-0.250116	0.61806	-0.459727	0.637693
8.8	0.286056	-0.612232	-0.737118	0.731821	0.636171	-0.244387	0.618555	-0.46953	0.630025
8.83333	0.281151	-0.605902	-0.744202	0.732978	0.63613	-0.241003	0.619434	-0.477725	0.622961
8.86667	0.270319	-0.600352	-0.752665	0.734886	0.633719	-0.241543	0.621989	-0.487829	0.612497
8.9	0.248751	-0.594112	-0.764953	0.7379	0.627828	-0.247659	0.627397	-0.502854	0.594568
8.93333	0.221985	-0.589618	-0.776578	0.738442	0.621762	-0.26099	0.636731	-0.515522	0.573421
8.96667	0.202642	-0.59394	-0.77857	0.734765	0.617808	-0.280061	0.647346	-0.515314	0.5616
9	0.179698	-0.583933	-0.791663	0.734044	0.615351	-0.287266	0.654895	-0.529495	0.53921
9.03333	0.152952	-0.563625	-0.811747	0.738819	0.610743	-0.28485	0.656318	-0.556165	0.509831
9.06667	0.131152	-0.556838	-0.820201	0.742482	0.603395	-0.290922	0.656902	-0.570829	0.492579
9.1	0.119374	-0.558211	-0.821066	0.745834	0.596281	-0.296952	0.655349	-0.57693	0.487514
9.13333	0.113517	-0.547657	-0.828967	0.747521	0.596692	-0.291841	0.654466	-0.586541	0.47712
9.16667	0.102494	-0.528651	-0.842629	0.747694	0.599648	-0.285263	0.656085	-0.600791	0.45673
9.2	0.0848238	-0.510454	-0.855711	0.745867	0.601971	-0.285155	0.660672	-0.614059	0.431792
9.23333	0.0637715	-0.495521	-0.866252	0.741217	0.604737	-0.29136	0.66823	-0.6235	0.405853
9.26667	0.0407866	-0.482424	-0.874988	0.733954	0.608673	-0.301379	0.677974	-0.629908	0.378903
9.3	0.0194984	-0.472309	-0.881218	0.727775	0.611044	-0.3114	0.685539	-0.635256	0.355649
9.33333	-0.00516455	-0.462169	-0.886777	0.720548	0.613175	-0.32377	0.693386	-0.640637	0.329848
9.36667	-0.0285832	-0.456094	-0.889472	0.713319	0.614061	-0.337794	0.700256	-0.644133	0.307789
9.4	-0.0520932	-0.453567	-0.889698	0.704448	0.614789	-0.354666	0.707842	-0.645221	0.287488
9.43333	-0.0756434	-0.454434	-0.887563	0.693823	0.615309	-0.374172	0.716162	-0.644115	0.268753
9.46667	-0.0988691	-0.455027	-0.884972	0.682994	0.615749	-0.392904	0.723702	-0.643276	0.249902
9.5	-0.12045	-0.45705	-0.881247	0.67123	0.616534	-0.411504	0.731397	-0.641085	0.232524
9.53333	-0.140432	-0.457359	-0.878124	0.659429	0.618365	-0.427525	0.738534	-0.639099	0.214757
9.56667	-0.158974	-0.45482	-0.87628	0.646665	0.622706	-0.440524	0.746024	-0.636691	0.195122
9.6	-0.176427	-0.445638	-0.877656	0.633055	0.6314	-0.447856	0.753734	-0.634619	0.170717
9.63333	-0.194296	-0.431735	-0.880826	0.619528	0.642185	-0.451424	0.760548	-0.633406	0.142697
9.66667	-0.213402	-0.416792	-0.883597	0.605709	0.65318	-0.454392	0.766535	-0.632171	0.113065
9.7	-0.234749	-0.402726	-0.884706	0.58997	0.664309	-0.458943	0.772547	-0.629686	0.0816503
9.73333	-0.247513	-0.371115	-0.894992	0.585907	0.678364	-0.443323	0.771655	-0.63411	0.0495349
9.76667	-0.25082	-0.305454	-0.918579	0.597853	0.697437	-0.395163	0.761355	-0.64829	0.00768623
9.8	-0.263196	-0.244462	-0.933256	0.599884	0.716139	-0.356768	0.755557	-0.653745	-0.0418362
9.83333	-0.276464	-0.200156	-0.93995	0.590731	0.736078	-0.330493	0.758026	-0.646627	-0.0852606
9.86667	-0.279343	-0.150767	-0.948281	0.585511	0.755989	-0.292673	0.761015	-0.636986	-0.122904
9.9	-0.278643	-0.101018	-0.955067	0.577802	0.776711	-0.250728	0.76714	-0.621703	-0.158056
9.93333	-0.275599	-0.0531404	-0.959803	0.568659	0.796009	-0.207357	0.775031	-0.602948	-0.189161
9.96667	-0.273534	-0.00131749	-0.961862	0.563075	0.810524	-0.161237	0.779825	-0.585704	-0.220964
10	-0.276168	0.0557826	-0.959489	0.56434	0.817507	-0.114905	0.777979	-0.573211	-0.257249
10.0333	-0.281036	0.107328	-0.953677	0.569197	0.818719	-0.0755948	0.77268	-0.564075	-0.29118
