0	-0.0937414	-0.0312161	0.754607	0.999593	0.00232367	-0.0284208	-0.00151537	0.999595	0.028429	0.0284753	-0.0283744	0.999192
0.0333333	0.147442	0.97097	-1.94659	0.082213	0.996582	-0.00803343	-0.995632	0.0824871	0.043732	0.0442452	0.004403	0.999011
0.0666667	0.146138	0.97049	-1.94567	0.0179114	0.999426	0.0287677	-0.999678	0.0173836	0.0184941	0.0179834	-0.0290897	0.999415
0.1	0.146107	0.969906	-1.94448	0.0184834	0.999178	0.036067	-0.999757	0.0180363	0.0126826	0.0120216	-0.0362927	0.999269
0.133333	0.146269	0.969499	-1.94353	0.0204219	0.999119	0.0366706	-0.999751	0.0200763	0.00976851	0.00902369	-0.036861	0.99928
0.166667	0.1464	0.969129	-1.94264	0.0207538	0.999113	0.0366523	-0.999766	0.0205156	0.00686363	0.0061056	-0.0367861	0.999305
0.2	0.14643	0.968918	-1.94195	0.0201333	0.999142	0.0362006	-0.999791	0.0199877	0.00438015	0.00365282	-0.0362812	0.999335
0.233333	0.146414	0.968815	-1.94146	0.019868	0.999177	0.0353531	-0.999802	0.0198168	0.00179724	0.00109518	-0.0353818	0.999373
0.266667	0.146325	0.968787	-1.9412	0.0188817	0.999223	0.0345874	-0.99982	0.0189269	-0.000981131	-0.001635	-0.0345626	0.999401
0.3	0.146183	0.968771	-1.94113	0.0179763	0.999274	0.0335978	-0.999829	0.018112	-0.00373812	-0.00434393	-0.0335249	0.999428
0.333333	0.145846	0.968669	-1.94099	0.0169776	0.999366	0.0313045	-0.999833	0.0171804	-0.00621962	-0.0067535	-0.0311937	0.999491
0.366667	0.145548	0.968553	-1.94108	0.0164036	0.999451	0.0287731	-0.999826	0.0166508	-0.0083729	-0.0088474	-0.0286307	0.999551
0.4	0.145195	0.968587	-1.94123	0.0150269	0.999558	0.0256354	-0.999842	0.0152647	-0.00910451	-0.0094918	-0.0254946	0.99963
0.433333	0.144893	0.968605	-1.94124	0.0133087	0.999652	0.0227625	-0.999861	0.0135343	-0.00978619	-0.0100909	-0.0226291	0.999693
0.466667	0.144791	0.96848	-1.94113	0.0124168	0.999701	0.0210833	-0.999858	0.0126534	-0.0111258	-0.0113892	-0.0209421	0.999716
0.5	0.144831	0.968269	-1.94098	0.0119111	0.999723	0.0203023	-0.999845	0.0121712	-0.0127359	-0.0129795	-0.0201475	0.999713
0.533333	0.145056	0.968131	-1.94073	0.0115265	0.999737	0.0198348	-0.999842	0.0117914	-0.0132907	-0.0135211	-0.0196785	0.999715
0.566667	0.145273	0.968057	-1.94051	0.0108291	0.999757	0.0191917	-0.999853	0.0110809	-0.013065	-0.0132745	-0.0190474	0.99973
0.6	0.145586	0.968062	-1.94034	0.00971323	0.99978	0.0185945	-0.999876	0.00994165	-0.0122314	-0.0124136	-0.0184734	0.999752
0.633333	0.145991	0.968064	-1.94013	0.0079902	0.999793	0.0186847	-0.999907	0.00819539	-0.0109309	-0.0110817	-0.0185956	0.999766
0.666667	0.146253	0.968014	-1.93997	0.00703381	0.999822	0.0174885	-0.999922	0.00721361	-0.0102392	-0.0103635	-0.0174151	0.999795
0.7	0.146463	0.967882	-1.9397	0.00608906	0.99985	0.016217	-0.999925	0.00626027	-0.0105276	-0.0106276	-0.0161516	0.999813
0.733333	0.146846	0.967787	-1.93942	0.00560484	0.999862	0.0156614	-0.999918	0.00578382	-0.0114064	-0.0114954	-0.0155962	0.999812
0.766667	0.147236	0.967734	-1.93917	0.00519138	0.999861	0.0158504	-0.999911	0.00538494	-0.0121935	-0.0122771	-0.0157857	0.9998
0.8	0.147685	0.967663	-1.93902	0.00536945	0.999848	0.0166076	-0.999901	0.00558375	-0.0128844	-0.0129752	-0.0165368	0.999779
0.833333	0.148179	0.967629	-1.93881	0.00561851	0.999833	0.0173674	-0.999901	0.00584073	-0.0127708	-0.0128701	-0.0172939	0.999768
0.866667	0.148626	0.967627	-1.93851	0.00563414	0.999824	0.0178846	-0.9999	0.00586442	-0.0128494	-0.012952	-0.0178104	0.999757
0.9	0.148935	0.967574	-1.93812	0.00561863	0.99982	0.0180999	-0.999896	0.00585785	-0.0131906	-0.0132942	-0.0180239	0.999749
0.933333	0.149189	0.967579	-1.93767	0.00551006	0.999826	0.01782	-0.9999	0.00574117	-0.0129442	-0.0130442	-0.0177469	0.999757
0.966667	0.149307	0.967516	-1.93712	0.00508576	0.999844	0.0168925	-0.999907	0.00529835	-0.0125638	-0.0126514	-0.0168271	0.999778
1	0.14933	0.967442	-1.93649	0.00505951	0.999857	0.0161068	-0.999911	0.00525709	-0.012248	-0.0123309	-0.0160434	0.999795
1.03333	0.14944	0.967353	-1.936	0.00489087	0.999855	0.0163251	-0.999911	0.00509277	-0.0123493	-0.0124307	-0.0162632	0.99979
1.06667	0.149546	0.967319	-1.93546	0.00425168	0.999853	0.0166094	-0.999917	0.00445328	-0.0121196	-0.0121917	-0.0165565	0.999789
1.1	0.149555	0.967264	-1.93491	0.00382307	0.999855	0.0165965	-0.999921	0.00402107	-0.0119128	-0.0119778	-0.0165496	0.999791
1.13333	0.149697	0.967213	-1.93453	0.00394182	0.999848	0.0169862	-0.999921	0.00414309	-0.0118302	-0.0118988	-0.0169382	0.999786
1.16667	0.149704	0.967209	-1.93403	0.00393499	0.999848	0.0169944	-0.999928	0.00412743	-0.0113034	-0.0113718	-0.0169487	0.999792
1.2	0.149826	0.967121	-1.93371	0.00387833	0.999837	0.017642	-0.999925	0.00408284	-0.0115707	-0.0116409	-0.0175958	0.999777
1.23333	0.149902	0.9671	-1.93347	0.00376673	0.999825	0.0183229	-0.99992	0.00398667	-0.0119819	-0.0120529	-0.0182763	0.99976
1.26667	0.150109	0.967085	-1.93339	0.00290791	0.999801	0.0197187	-0.999918	0.00315379	-0.01245	-0.0125097	-0.0196809	0.999728
1.3	0.15025	0.967039	-1.93316	0.00211602	0.999791	0.0203435	-0.99992	0.00236839	-0.012389	-0.0124346	-0.0203157	0.999716
1.33333	0.150341	0.967006	-1.93308	0.00152022	0.999784	0.0207277	-0.999924	0.00177406	-0.0122338	-0.0122679	-0.0207075	0.99971
1.36667	0.150473	0.967033	-1.933	0.0011713	0.999775	0.0211978	-0.999924	0.00143045	-0.0122143	-0.0122418	-0.0211819	0.999701
1.4	0.150527	0.966984	-1.93298	0.00110198	0.999769	0.0214813	-0.999913	0.00138467	-0.0131494	-0.0131761	-0.0214649	0.999683
1.43333	0.1506	0.966832	-1.93309	0.000305461	0.999749	0.0223824	-0.999894	0.000631284	-0.0145515	-0.014562	-0.0223756	0.999644
1.46667	0.15075	0.966594	-1.93311	-0.000141373	0.999717	0.0237874	-0.999878	0.000230035	-0.0156102	-0.0156113	-0.0237867	0.999595
1.5	0.150805	0.966258	-1.93308	-1.00528e-05	0.999674	0.0255505	-0.999856	0.000424206	-0.0169906	-0.0169959	-0.025547	0.999529
1.53333	0.150569	0.965959	-1.93286	0.000908809	0.999636	0.0269786	-0.999791	0.0014592	-0.0203884	-0.0204203	-0.0269544	0.999428
1.56667	0.15012	0.965742	-1.93224	0.00356359	0.999564	0.0293102	-0.999743	0.00421701	-0.0222617	-0.0223756	-0.0292233	0.999322
1.6	0.149062	0.965534	-1.93081	0.00545422	0.999419	0.033653	-0.999794	0.00610853	-0.0193708	-0.0195651	-0.0335404	0.999246
1.63333	0.147166	0.964918	-1.92867	0.005908	0.999213	0.0392207	-0.999799	0.00665404	-0.0189183	-0.0191644	-0.039101	0.999051
1.66667	0.144801	0.964085	-1.92582	0.00728881	0.99899	0.0443292	-0.99971	0.00829718	-0.0226059	-0.0229509	-0.0441516	0.998761
1.7	0.14182	0.963044	-1.92192	0.00764457	0.998808	0.0482189	-0.999618	0.00891405	-0.0261677	-0.0265663	-0.0480004	0.998494
1.73333	0.137792	0.961822	-1.91733	0.00838948	0.998703	0.0502257	-0.999565	0.009795	-0.0278036	-0.0282595	-0.0499706	0.998351
1.76667	0.132341	0.960115	-1.91272	0.00824693	0.99872	0.0499037	-0.99958	0.00961927	-0.0273225	-0.0277676	-0.0496574	0.99838
1.8	0.125628	0.958055	-1.90759	0.00690811	0.998877	0.046872	-0.999673	0.00805322	-0.0242858	-0.024636	-0.0466889	0.998606
1.83333	0.118051	0.955752	-1.902	0.0059276	0.999227	0.0388661	-0.999819	0.00662398	-0.0178133	-0.018057	-0.0387535	0.999086
1.86667	0.109498	0.95406	-1.89605	0.0160926	0.999599	0.0232934	-0.999813	0.0163376	-0.0103647	-0.0107411	-0.0231222	0.999675
1.9	0.102311	0.952923	-1.89036	0.0339537	0.999373	0.0100711	-0.999401	0.0340189	-0.00636946	-0.00670807	-0.0098488	0.999929
1.93333	0.098007	0.95161	-1.88383	0.0521332	0.998638	0.00227408	-0.998608	0.0521497	-0.00793088	-0.00803867	-0.00185745	0.999966
1.96667	0.09525	0.949993	-1.87458	0.0738821	0.997225	-0.00915118	-0.997184	0.0737548	-0.0135515	-0.012839	0.0101266	0.999866
2	0.0937577	0.948277	-1.86393	0.0986888	0.994919	-0.0199124	-0.994974	0.0983138	-0.0190085	-0.0169543	0.0216882	0.999621
2.03333	0.0939168	0.945997	-1.85013	0.127488	0.991495	-0.0261564	-0.991647	0.126899	-0.0230655	-0.0195501	0.0288785	0.999392
2.06667	0.0956259	0.942888	-1.83505	0.15667	0.987349	-0.0244301	-0.987373	0.155991	-0.0275911	-0.0234311	0.0284443	0.999321
2.1	0.098528	0.938833	-1.8181	0.184971	0.98257	-0.0185106	-0.982341	0.184322	-0.0321264	-0.0281545	0.0241262	0.999312
2.13333	0.102478	0.934048	-1.79951	0.212208	0.977158	-0.0114291	-0.976669	0.211678	-0.0362004	-0.0329542	0.0188445	0.999279
2.16667	0.106981	0.928624	-1.77896	0.233705	0.972305	-0.00241103	-0.971638	0.233451	-0.0376886	-0.036082	0.0111507	0.999287
2.2	0.111235	0.92279	-1.75593	0.249415	0.968393	0.00276106	-0.967592	0.249323	-0.0400504	-0.0394729	0.00731757	0.999194
2.23333	0.114737	0.917397	-1.72897	0.263825	0.964567	-0.00268606	-0.963556	0.263418	-0.0465853	-0.0442271	0.0148785	0.998911
2.26667	0.117839	0.913192	-1.69765	0.277872	0.960427	-0.0191878	-0.959308	0.276394	-0.057739	-0.0501507	0.0344511	0.998147
2.3	0.121952	0.911523	-1.66385	0.302316	0.952637	-0.032989	-0.951503	0.299526	-0.0701936	-0.0569879	0.0526097	0.996988
2.33333	0.128965	0.912769	-1.62744	0.340795	0.939493	-0.0348061	-0.937897	0.337195	-0.081539	-0.0648688	0.0604326	0.996062
2.36667	0.138607	0.915919	-1.58859	0.3662	0.930084	-0.0289917	-0.927717	0.362489	-0.0891253	-0.0723849	0.0595337	0.995598
2.4	0.150113	0.920884	-1.55023	0.377546	0.925901	-0.0128896	-0.922778	0.375041	-0.0884605	-0.0770716	0.0452921	0.995996
2.43333	0.160404	0.927208	-1.51345	0.365757	0.930645	0.0110112	-0.92758	0.365471	-0.0776304	-0.0762706	0.0181801	0.996921
2.46667	0.167288	0.933621	-1.47828	0.317808	0.947666	0.0304587	-0.9455	0.319157	-0.0645629	-0.0709052	-0.00828007	0.997449
2.5	0.172105	0.940174	-1.44265	0.243736	0.968614	0.0487848	-0.967922	0.246109	-0.0505775	-0.0609965	-0.0348923	0.997528
2.53333	0.176391	0.945615	-1.40679	0.165247	0.983718	0.0706527	-0.984979	0.168249	-0.0388455	-0.0501003	-0.0631723	0.996744
2.56667	0.179651	0.948531	-1.37132	0.0885295	0.991967	0.0903594	-0.995502	0.0911857	-0.0256951	-0.0337282	-0.0876782	0.995578
2.6	0.182305	0.948208	-1.33635	0.0182549	0.993882	0.108924	-0.999747	0.0195759	-0.011071	-0.0131355	-0.108694	0.993988
2.63333	0.18428	0.944742	-1.30012	-0.0440155	0.990803	0.127953	-0.998997	-0.0447076	0.00254034	0.00823744	-0.127713	0.991777
2.66667	0.184508	0.938907	-1.26219	-0.0961769	0.985591	0.139138	-0.994975	-0.0991049	0.0142545	0.0278384	-0.137068	0.99017
2.7	0.181881	0.931135	-1.22369	-0.144537	0.980001	0.136772	-0.988548	-0.149073	0.0234656	0.0433853	-0.131814	0.990325
2.73333	0.178188	0.922407	-1.18564	-0.182686	0.974627	0.129336	-0.981701	-0.18802	0.0301985	0.0537499	-0.121452	0.991141
2.76667	0.17535	0.914213	-1.14452	-0.205489	0.969595	0.13289	-0.976942	-0.21127	0.0308193	0.0579579	-0.123492	0.990652
2.8	0.172433	0.908618	-1.09699	-0.23052	0.96154	0.149334	-0.970884	-0.237554	0.0308657	0.0651534	-0.13787	0.988305
2.83333	0.168036	0.906446	-1.04403	-0.262709	0.949598	0.171021	-0.961976	-0.271503	0.0298165	0.0747463	-0.156685	0.984816
2.86667	0.162819	0.90935	-0.991509	-0.311986	0.933011	0.17932	-0.946928	-0.320739	0.0213264	0.0774125	-0.163149	0.98356
2.9	0.15543	0.914986	-0.93938	-0.347029	0.922539	0.168797	-0.93427	-0.355779	0.0237034	0.0819218	-0.149476	0.985366
2.93333	0.146992	0.921584	-0.891807	-0.353801	0.923069	0.150894	-0.931252	-0.362679	0.0351273	0.0871509	-0.128092	0.987926
2.96667	0.143148	0.927659	-0.849594	-0.339417	0.929921	0.141574	-0.936925	-0.347583	0.0368503	0.0834766	-0.120137	0.989242
3	0.141665	0.935015	-0.806678	-0.287859	0.949754	0.122901	-0.954891	-0.294424	0.0386971	0.0729379	-0.106218	0.991664
3.03333	0.139996	0.942365	-0.764107	-0.211382	0.972968	0.09301	-0.975429	-0.216043	0.0431675	0.0620948	-0.0815998	0.994729
3.06667	0.138418	0.947837	-0.723252	-0.137923	0.988321	0.0647956	-0.988687	-0.141278	0.0503891	0.0589548	-0.0571128	0.996626
3.1	0.138055	0.950172	-0.683289	-0.0738102	0.996259	0.0449386	-0.995615	-0.0762092	0.0542431	0.0574649	-0.0407378	0.997516
3.13333	0.138054	0.949456	-0.642214	-0.00582182	0.999761	0.0210926	-0.99859	-0.00692525	0.0526239	0.0527574	-0.0207565	0.998392
3.16667	0.140587	0.945062	-0.600136	0.0499408	0.998742	0.00460903	-0.997779	0.049688	0.0443542	0.0440694	-0.00681388	0.999005
3.2	0.145201	0.937843	-0.558608	0.097089	0.995274	-0.0016686	-0.994668	0.0970881	0.0347818	0.0347795	-0.00171723	0.999394
3.23333	0.151637	0.928593	-0.517731	0.136621	0.990613	0.00457274	-0.990155	0.136413	0.0313737	0.0304554	-0.00881402	0.999497
3.26667	0.157219	0.918693	-0.475203	0.164557	0.986348	0.00628957	-0.985909	0.164282	0.0315429	0.030079	-0.0113915	0.999483
3.3	0.161608	0.910481	-0.426713	0.19323	0.981133	-0.00640908	-0.98082	0.19333	0.0248131	0.025584	0.00149152	0.999672
3.33333	0.167301	0.906183	-0.373043	0.233215	0.972169	-0.0223006	-0.972279	0.233516	0.011959	0.0168337	0.0188934	0.99968
3.36667	0.174423	0.908243	-0.319067	0.286566	0.95769	-0.0266528	-0.958003	0.286742	0.0029679	0.0104848	0.024683	0.99964
3.4	0.184219	0.914147	-0.267343	0.326888	0.944842	-0.0204599	-0.945042	0.326949	-0.000343338	0.00636495	0.0194477	0.999791
3.43333	0.193009	0.920784	-0.218953	0.320195	0.947218	-0.0159414	-0.947284	0.320328	0.00656489	0.0113248	0.012999	0.999851
3.46667	0.198719	0.927626	-0.172146	0.284248	0.95869	-0.0107685	-0.958523	0.284408	0.0186187	0.0209122	0.0050295	0.999769
3.5	0.204044	0.934343	-0.126687	0.22245	0.974908	0.00832254	-0.974687	0.222188	0.0248546	0.0223818	-0.0136408	0.999656
3.53333	0.209524	0.939963	-0.0818401	0.148475	0.988155	0.0387867	-0.988696	0.1475	0.0269263	0.0208863	-0.0423462	0.998885
3.56667	0.214942	0.942566	-0.0380651	0.084657	0.993902	0.0706547	-0.995935	0.0822145	0.0367952	0.030762	-0.0734825	0.996822
3.6	0.219662	0.94138	0.00570382	0.0294715	0.994479	0.100712	-0.998397	0.0244173	0.051054	0.048313	-0.102056	0.993605
3.63333	0.222952	0.936866	0.0507719	-0.0248746	0.991475	0.127903	-0.997633	-0.0328237	0.060422	0.0641051	-0.126098	0.989944
3.66667	0.223385	0.929689	0.0972565	-0.0727457	0.98653	0.146514	-0.994708	-0.082453	0.0613024	0.0725572	-0.141279	0.987307
3.7	0.220334	0.921386	0.14385	-0.11103	0.982342	0.150591	-0.990836	-0.121146	0.0597311	0.0769198	-0.142579	0.98679
3.73333	0.215404	0.913084	0.189979	-0.14397	0.979442	0.141302	-0.986357	-0.15355	0.0593541	0.0798308	-0.130829	0.988186
3.76667	0.21107	0.905157	0.239718	-0.167184	0.975633	0.142092	-0.982749	-0.176466	0.055361	0.0790864	-0.130385	0.988304
3.8	0.207695	0.89963	0.295234	-0.196894	0.966856	0.162547	-0.976594	-0.208053	0.0545803	0.0865897	-0.147996	0.98519
3.83333	0.203378	0.899008	0.352519	-0.253653	0.951526	0.173951	-0.96246	-0.266228	0.0528459	0.0965949	-0.154016	0.983335
3.86667	0.196083	0.902845	0.40924	-0.309267	0.937541	0.159284	-0.945539	-0.321039	0.0537601	0.101539	-0.133983	0.985768
3.9	0.187483	0.908086	0.460385	-0.321109	0.936011	0.144128	-0.941038	-0.332467	0.0625613	0.106476	-0.115541	0.987579
3.93333	0.183787	0.914118	0.507324	-0.302988	0.942782	0.139138	-0.947106	-0.314095	0.0658418	0.105777	-0.111829	0.988082
3.96667	0.18121	0.922596	0.555505	-0.255674	0.959814	0.11571	-0.96241	-0.264038	0.0636462	0.0916404	-0.095088	0.991242
4	0.17826	0.931146	0.601958	-0.182429	0.979907	0.0806352	-0.980238	-0.187645	0.0626395	0.0765117	-0.0676144	0.994773
4.03333	0.175865	0.937546	0.646731	-0.110416	0.992728	0.047952	-0.991246	-0.113508	0.0674327	0.0723853	-0.0400866	0.996571
4.06667	0.174567	0.940014	0.690628	-0.0481855	0.99864	0.019897	-0.996052	-0.0495284	0.0736681	0.0745533	-0.0162687	0.997084
4.1	0.174027	0.938444	0.735057	0.0089016	0.999918	-0.00917444	-0.997145	0.00956412	0.0748981	0.0749798	0.00848154	0.997149
4.13333	0.175753	0.93365	0.780501	0.065836	0.997235	-0.0344792	-0.995231	0.068118	0.0698287	0.0719843	0.0297176	0.996963
4.16667	0.181388	0.926289	0.825565	0.109892	0.993205	-0.0383113	-0.99189	0.11206	0.0599765	0.0638621	0.0314096	0.997464
4.2	0.18867	0.917808	0.869154	0.147902	0.988614	-0.0277066	-0.987547	0.149145	0.05006	0.0536223	0.0199576	0.998362
4.23333	0.19519	0.909262	0.914546	0.184485	0.982562	-0.0231742	-0.981819	0.185315	0.0411009	0.0446787	0.0151704	0.998886
4.26667	0.198423	0.90156	0.966096	0.215348	0.975763	-0.0388722	-0.975637	0.216688	0.0343227	0.0419139	0.0305339	0.998655
4.3	0.201758	0.897872	1.02002	0.263561	0.963109	-0.054376	-0.963764	0.265307	0.0277631	0.0411652	0.0450884	0.998134
4.33333	0.206935	0.900099	1.0729	0.318619	0.946461	-0.0519057	-0.947081	0.320124	0.0236301	0.0389812	0.0416299	0.998372
4.36667	0.213244	0.904592	1.12182	0.333475	0.941523	-0.0482628	-0.941628	0.335145	0.0318391	0.0461523	0.0348281	0.998327
4.4	0.216363	0.910391	1.16865	0.304783	0.951179	-0.0486325	-0.950507	0.30701	0.0477559	0.0603551	0.0316704	0.997674
4.43333	0.219123	0.917699	1.21424	0.249461	0.967739	-0.0353477	-0.966367	0.251131	0.0553896	0.0624796	0.0203413	0.997839
4.46667	0.222566	0.925772	1.25897	0.171103	0.985218	-0.00829542	-0.983435	0.171292	0.0592864	0.059831	-0.00198607	0.998207
4.5	0.226256	0.931824	1.30198	0.0970204	0.994932	0.0264173	-0.993165	0.0950494	0.0677425	0.0648882	-0.0328091	0.997353
4.53333	0.229434	0.934181	1.34451	0.0345372	0.997507	0.0615443	-0.996191	0.0294275	0.08208	0.0800642	-0.0641447	0.994724
4.56667	0.231343	0.932577	1.38748	-0.0217232	0.995241	0.0949935	-0.995045	-0.0307438	0.094553	0.0970235	-0.0924688	0.990977
4.6	0.231269	0.927779	1.43157	-0.0678984	0.990105	0.12281	-0.991982	-0.0801477	0.0977173	0.106593	-0.11519	0.987608
4.63333	0.228573	0.920805	1.47549	-0.102771	0.985091	0.137965	-0.988439	-0.11668	0.0968194	0.111474	-0.12642	0.985693
4.66667	0.224263	0.912908	1.51792	-0.128628	0.982228	0.136687	-0.985082	-0.14244	0.0965664	0.11432	-0.122227	0.985896
4.7	0.220444	0.905144	1.56233	-0.145477	0.979047	0.142488	-0.982754	-0.159616	0.0933692	0.114156	-0.126448	0.985383
4.73333	0.216675	0.899336	1.61201	-0.167678	0.972671	0.160609	-0.978467	-0.18409	0.0933434	0.120359	-0.141499	0.982594
4.76667	0.21125	0.897011	1.66433	-0.198855	0.96344	0.179554	-0.971082	-0.218404	0.096435	0.132125	-0.155185	0.97901
4.8	0.202803	0.899471	1.71591	-0.238519	0.955789	0.171978	-0.961508	-0.257298	0.0964388	0.136425	-0.142355	0.980369
4.83333	0.193334	0.903759	1.76323	-0.264414	0.951314	0.158386	-0.95428	-0.281825	0.0996195	0.139407	-0.124804	0.982339
4.86667	0.187676	0.908167	1.80637	-0.26623	0.951885	0.151776	-0.953559	-0.283099	0.102861	0.14088	-0.117343	0.983048
4.9	0.18469	0.913263	1.84819	-0.237609	0.960948	0.14185	-0.962306	-0.252763	0.100386	0.13232	-0.112651	0.984785
4.93333	0.181664	0.920183	1.89029	-0.17958	0.97675	0.117089	-0.976399	-0.191489	0.0998868	0.119986	-0.0963879	0.988085
4.96667	0.178939	0.927001	1.931	-0.115002	0.989944	0.0823681	-0.987246	-0.123089	0.100963	0.110087	-0.0697066	0.991475
5	0.177201	0.931518	1.97014	-0.0560169	0.997193	0.0496884	-0.992559	-0.0610074	0.105378	0.108113	-0.0434157	0.99319
5.03333	0.176455	0.932801	2.00924	-0.00437414	0.999775	0.0207399	-0.994346	-0.006549	0.105985	0.106097	-0.0201591	0.994151
5.06667	0.178064	0.9308	2.04925	0.0411094	0.999153	-0.00181758	-0.994192	0.0410862	0.0994651	0.0994555	-0.00228192	0.995039
5.1	0.182678	0.925651	2.08932	0.0769646	0.996997	-0.00853445	-0.992863	0.077422	0.090717	0.0911054	0.00149154	0.99584
5.13333	0.189072	0.917939	2.1278	0.105824	0.994374	0.0047185	-0.990771	0.105034	0.085682	0.0847043	-0.0137422	0.996311
5.16667	0.19551	0.909146	2.1678	0.130923	0.991164	0.0212838	-0.988076	0.128701	0.0845042	0.0810183	-0.0320936	0.996196
5.2	0.200505	0.901153	2.21149	0.148932	0.988495	0.0263792	-0.985966	0.14641	0.0802193	0.0754342	-0.0379563	0.996428
5.23333	0.205655	0.897048	2.25818	0.180698	0.983285	0.0223483	-0.981184	0.178647	0.0732352	0.0680186	-0.0351612	0.997064
5.26667	0.212508	0.89877	2.30444	0.22098	0.974853	0.0288159	-0.973564	0.218744	0.0657596	0.0578026	-0.0425857	0.997419
5.3	0.220878	0.903522	2.34697	0.239608	0.970112	0.0383421	-0.969305	0.236794	0.0661556	0.0550991	-0.0530166	0.997072
5.33333	0.226608	0.908683	2.38718	0.229634	0.972645	0.0350679	-0.971062	0.226533	0.075642	0.0656287	-0.0514231	0.996518
5.36667	0.232079	0.913041	2.42637	0.192803	0.980378	0.0410632	-0.978003	0.188604	0.0890946	0.0796017	-0.0573376	0.995176
5.4	0.237654	0.917772	2.4645	0.133891	0.98912	0.0609549	-0.987117	0.127677	0.0964241	0.0875924	-0.0730799	0.993472
5.43333	0.242618	0.92248	2.50213	0.0762214	0.99364	0.0828817	-0.992626	0.0677595	0.100513	0.0942576	-0.0899317	0.991478
5.46667	0.246697	0.925345	2.53911	0.0300043	0.99412	0.10404	-0.993449	0.0181765	0.112823	0.110269	-0.106743	0.988153
5.5	0.249959	0.925511	2.57592	-0.0112999	0.992	0.125733	-0.991552	-0.0273649	0.126788	0.129215	-0.123238	0.983929
5.53333	0.251299	0.922928	2.6135	-0.0475637	0.987938	0.147365	-0.988745	-0.0675177	0.133512	0.141851	-0.139356	0.98003
