0	0	1	0	0	0	-1	-1	0	0
0.0333333	0.974127	0.120624	0.191118	0.0110394	0.819246	-0.573335	-0.225731	0.560611	0.796719
0.0666667	0.977142	0.0375419	0.209245	0.0914762	0.814244	-0.57327	-0.191898	0.579307	0.792199
0.1	0.978142	0.0326232	0.205363	0.0936187	0.812766	-0.575018	-0.185671	0.581676	0.791947
0.133333	0.978634	0.0339389	0.202789	0.0909204	0.813182	-0.574864	-0.184415	0.581019	0.792722
0.166667	0.978917	0.0340413	0.201404	0.0897169	0.814155	-0.573675	-0.183503	0.579649	0.793936
0.2	0.979047	0.0336709	0.200829	0.0893596	0.815162	-0.572299	-0.182978	0.578254	0.795073
0.233333	0.979276	0.0336329	0.199721	0.0885338	0.815822	-0.571486	-0.182157	0.577324	0.795937
0.266667	0.979539	0.0323196	0.198645	0.0887527	0.816493	-0.570493	-0.18063	0.57645	0.796918
0.3	0.979896	0.0301446	0.197221	0.0895263	0.816972	-0.569685	-0.178297	0.575888	0.797849
0.333333	0.980168	0.0277547	0.196216	0.0906282	0.817752	-0.568391	-0.176231	0.574901	0.799019
0.366667	0.980474	0.0260924	0.19491	0.0911161	0.818064	-0.567864	-0.174266	0.574535	0.799713
0.4	0.980477	0.0245575	0.195093	0.0924036	0.818249	-0.567389	-0.173569	0.574339	0.800005
0.433333	0.980394	0.0230342	0.195694	0.0939439	0.818364	-0.56697	-0.173208	0.574238	0.800156
0.466667	0.980454	0.0217778	0.19554	0.0946956	0.818935	-0.566019	-0.172461	0.573473	0.800866
0.5	0.980571	0.0207831	0.195059	0.0949808	0.819734	-0.564814	-0.171635	0.572367	0.801834
0.533333	0.980529	0.0208031	0.195269	0.094701	0.821012	-0.563002	-0.17203	0.570532	0.803056
0.566667	0.98036	0.020272	0.196172	0.0952338	0.822382	-0.560908	-0.172699	0.568574	0.8043
0.6	0.980119	0.0194706	0.197451	0.0963705	0.823179	-0.559543	-0.173432	0.567447	0.804938
0.633333	0.979773	0.0187203	0.199233	0.0981877	0.822553	-0.560148	-0.174366	0.568381	0.804077
0.666667	0.979608	0.0187307	0.200041	0.0988931	0.821734	-0.561224	-0.174893	0.569563	0.803126
0.7	0.979537	0.0184283	0.200421	0.0994601	0.821391	-0.561626	-0.174974	0.570067	0.80275
0.733333	0.979577	0.0184577	0.200219	0.0992652	0.821572	-0.561397	-0.174856	0.569806	0.802961
0.766667	0.979616	0.0183385	0.200039	0.0991801	0.821828	-0.561037	-0.174687	0.569441	0.803257
0.8	0.979742	0.0186796	0.199392	0.0984992	0.82194	-0.560992	-0.174367	0.569267	0.803449
0.833333	0.979731	0.0197043	0.199347	0.0975034	0.822401	-0.560491	-0.174987	0.568567	0.80381
0.866667	0.979718	0.0202253	0.199359	0.0969415	0.822878	-0.559887	-0.175372	0.567857	0.804228
0.9	0.979732	0.0204745	0.199263	0.096588	0.823193	-0.559485	-0.175487	0.567392	0.804531
0.933333	0.97963	0.0213482	0.199675	0.0961635	0.823039	-0.559785	-0.176291	0.567583	0.804221
0.966667	0.979422	0.0220954	0.200611	0.096104	0.823006	-0.559844	-0.177474	0.567603	0.803946
1	0.979288	0.0223425	0.201237	0.0963312	0.822785	-0.56013	-0.17809	0.567914	0.80359
1.03333	0.979204	0.0228111	0.201593	0.0962116	0.822607	-0.560412	-0.178616	0.568153	0.803305
1.06667	0.979023	0.023102	0.202438	0.0965653	0.822272	-0.560842	-0.179416	0.568626	0.802792
1.1	0.978848	0.0231898	0.203272	0.0969994	0.822186	-0.560893	-0.180135	0.568746	0.802545
1.13333	0.978796	0.0237865	0.20345	0.096687	0.821971	-0.561263	-0.18058	0.569033	0.802242
1.16667	0.978666	0.0234103	0.204117	0.0975482	0.821422	-0.561916	-0.180821	0.56984	0.801615
1.2	0.978665	0.0233483	0.20413	0.0977766	0.820883	-0.562664	-0.180704	0.570619	0.801087
1.23333	0.978702	0.0230124	0.203993	0.0980939	0.820486	-0.563187	-0.180333	0.571203	0.800754
1.26667	0.978631	0.0230552	0.204328	0.0982547	0.820479	-0.56317	-0.180631	0.571212	0.800681
1.3	0.97854	0.0218569	0.204893	0.0996565	0.82013	-0.563431	-0.180354	0.571759	0.800352
1.33333	0.978447	0.0219115	0.205334	0.100038	0.819587	-0.564154	-0.180651	0.572536	0.79973
1.36667	0.978389	0.0221597	0.205581	0.100079	0.819273	-0.564602	-0.180938	0.572975	0.79935
1.4	0.978549	0.0215586	0.204885	0.100139	0.819347	-0.564485	-0.180042	0.572893	0.799612
1.43333	0.978731	0.0196585	0.204203	0.101287	0.819308	-0.564337	-0.178399	0.573017	0.799891
1.46667	0.978849	0.0177728	0.20381	0.102729	0.818818	-0.564786	-0.176921	0.573777	0.799674
1.5	0.979066	0.0150488	0.202988	0.104901	0.817317	-0.566558	-0.174432	0.575992	0.798628
1.53333	0.979743	0.0112475	0.199943	0.106978	0.814628	-0.570032	-0.16929	0.579875	0.796923
1.56667	0.980353	0.0105506	0.196971	0.106335	0.812782	-0.572781	-0.166138	0.582472	0.795691
1.6	0.979977	0.010275	0.198843	0.108432	0.810045	-0.576255	-0.166993	0.586278	0.792712
1.63333	0.979612	0.00888873	0.200701	0.111884	0.805613	-0.581782	-0.166859	0.592376	0.788194
1.66667	0.979669	0.00625494	0.200525	0.114526	0.803216	-0.584575	-0.164721	0.595655	0.786169
1.7	0.979172	0.00201591	0.203021	0.118746	0.805403	-0.580711	-0.164685	0.592724	0.788389
1.73333	0.978305	-0.00452866	0.207122	0.125619	0.807973	-0.575674	-0.164742	0.589203	0.791012
1.76667	0.977146	-0.0155606	0.212	0.137928	0.805281	-0.576627	-0.161747	0.592689	0.789023
1.8	0.975567	-0.0375296	0.216473	0.1611	0.792146	-0.588687	-0.149385	0.609177	0.778837
1.83333	0.973104	-0.0688239	0.219847	0.192588	0.76671	-0.612427	-0.126409	0.638294	0.759343
1.86667	0.972641	-0.101501	0.208967	0.217238	0.716139	-0.663289	-0.0823248	0.690538	0.718596
1.9	0.97483	-0.134628	0.177713	0.222494	0.638363	-0.736878	-0.0142409	0.757871	0.652249
1.93333	0.973449	-0.1846	0.135351	0.219726	0.587813	-0.778586	0.064166	0.787654	0.612767
1.96667	0.969177	-0.23056	0.0868244	0.210321	0.59076	-0.778953	0.128303	0.773204	0.621043
2	0.964086	-0.263883	0.0300529	0.193095	0.618742	-0.761494	0.18235	0.739949	0.647475
2.03333	0.961474	-0.27313	-0.0311218	0.166648	0.669155	-0.724196	0.218625	0.691109	0.688892
2.06667	0.958733	-0.267364	-0.0966816	0.133814	0.724391	-0.676278	0.250847	0.635432	0.730275
2.1	0.955122	-0.247625	-0.162555	0.0979302	0.781893	-0.615673	0.279556	0.572123	0.771053
2.13333	0.950571	-0.215248	-0.223793	0.0606711	0.835593	-0.545988	0.304523	0.505422	0.80735
2.16667	0.945509	-0.181271	-0.270468	0.0271978	0.871756	-0.489184	0.324458	0.455172	0.829184
2.2	0.940643	-0.157115	-0.30084	0.0010293	0.887714	-0.460394	0.339395	0.432757	0.835184
2.23333	0.938582	-0.141016	-0.314926	-0.0210839	0.887538	-0.460252	0.344412	0.438624	0.830054
2.26667	0.940724	-0.130105	-0.313227	-0.0390194	0.875856	-0.480993	0.336921	0.464703	0.818862
2.3	0.942192	-0.115531	-0.314527	-0.0639129	0.85948	-0.507158	0.328922	0.497942	0.802411
2.33333	0.941678	-0.065286	-0.330123	-0.130982	0.83253	-0.538272	0.309979	0.550119	0.775424
2.36667	0.941368	-0.0104882	-0.337217	-0.190835	0.807702	-0.557853	0.278222	0.589498	0.758343
2.4	0.944149	0.0537716	-0.325103	-0.239294	0.790161	-0.564255	0.226543	0.610536	0.758897
2.43333	0.951626	0.101494	-0.290011	-0.259799	0.769733	-0.583108	0.164049	0.630245	0.758867
2.46667	0.967911	0.112933	-0.224487	-0.22974	0.759648	-0.608403	0.101822	0.640454	0.761217
2.5	0.984763	0.110526	-0.134264	-0.170772	0.760481	-0.626503	0.0328606	0.639885	0.767767
2.53333	0.993561	0.106146	-0.0396271	-0.107118	0.766052	-0.633791	-0.0369178	0.633954	0.772489
2.56667	0.994176	0.0914735	0.0569875	-0.0354064	0.776642	-0.628946	-0.101791	0.623265	0.775358
2.6	0.986091	0.0709557	0.150299	0.0375685	0.785733	-0.617423	-0.161905	0.614482	0.772139
2.63333	0.969806	0.0533887	0.237963	0.10479	0.789854	-0.604276	-0.220217	0.610966	0.760411
2.66667	0.946368	0.0493649	0.319299	0.157805	0.791739	-0.590124	-0.281933	0.608861	0.741486
2.7	0.918148	0.0421608	0.393988	0.20816	0.794739	-0.57014	-0.337155	0.605486	0.720911
2.73333	0.889877	0.027865	0.455348	0.252404	0.801371	-0.542307	-0.380015	0.597518	0.706089
2.76667	0.863555	0.013217	0.504082	0.287778	0.807959	-0.514185	-0.414073	0.58909	0.693913
2.8	0.830037	-0.00066581	0.557708	0.330905	0.805547	-0.491524	-0.448933	0.592532	0.668854
2.83333	0.790321	-0.00687927	0.612655	0.385266	0.783091	-0.488198	-0.476406	0.621868	0.621544
2.86667	0.752181	-0.0150715	0.658784	0.450733	0.741049	-0.49768	-0.480691	0.671282	0.564196
2.9	0.728561	0.0200298	0.684688	0.503244	0.662468	-0.55487	-0.464698	0.748822	0.472569
2.93333	0.74887	0.10036	0.655074	0.524321	0.51482	-0.678268	-0.405316	0.851404	0.332912
2.96667	0.811306	0.131236	0.569702	0.504496	0.335243	-0.795673	-0.295409	0.932947	0.205777
3	0.873187	0.0701301	0.482313	0.448355	0.272447	-0.851323	-0.191108	0.959612	0.206454
3.03333	0.912732	-0.0384147	0.406749	0.395697	0.330956	-0.856675	-0.101707	0.942864	0.317274
3.06667	0.939677	-0.124495	0.318603	0.341242	0.405657	-0.847937	-0.0236799	0.905508	0.423669
3.1	0.957546	-0.186841	0.219537	0.283198	0.467275	-0.837528	0.0539002	0.864144	0.50035
3.13333	0.970099	-0.217585	0.107543	0.212449	0.546975	-0.809743	0.117364	0.808378	0.576846
3.16667	0.973483	-0.228736	0.00317516	0.163669	0.68673	-0.708247	0.159821	0.689986	0.705958
3.2	0.974559	-0.198695	-0.103704	0.103687	0.809893	-0.57734	0.198704	0.551899	0.809891
3.23333	0.970069	-0.145924	-0.194093	0.0361386	0.877154	-0.478847	0.240125	0.457501	0.856174
3.26667	0.962842	-0.104209	-0.24915	-0.01167	0.905639	-0.423889	0.269812	0.411046	0.870771
3.3	0.961328	-0.0794277	-0.263704	-0.035888	0.913217	-0.405891	0.273058	0.399658	0.87505
3.33333	0.963512	-0.0319721	-0.26575	-0.0843969	0.905907	-0.414981	0.254012	0.422268	0.870154
3.36667	0.961642	0.0236736	-0.273284	-0.148706	0.882161	-0.446855	0.230502	0.470353	0.851843
3.4	0.958838	0.0704361	-0.27508	-0.204893	0.842325	-0.498505	0.196594	0.534347	0.822085
3.43333	0.96331	0.103868	-0.247479	-0.229253	0.797909	-0.55748	0.139562	0.593761	0.792446
3.46667	0.974343	0.127506	-0.185465	-0.214127	0.778947	-0.589399	0.0693151	0.61399	0.786264
3.5	0.98622	0.131214	-0.100763	-0.16544	0.782917	-0.599726	0.000197117	0.608132	0.793836
3.53333	0.993687	0.111652	-0.0109281	-0.0954604	0.79035	-0.605172	-0.0589318	0.602395	0.79602
3.56667	0.99135	0.102907	0.0814582	-0.0342625	0.802052	-0.59627	-0.126694	0.588321	0.79864
3.6	0.980223	0.0971592	0.172405	0.0221317	0.811899	-0.583378	-0.196656	0.575656	0.793692
3.63333	0.962478	0.0867607	0.257116	0.0808047	0.812893	-0.576781	-0.25905	0.575915	0.77538
3.66667	0.941394	0.0767016	0.328472	0.135232	0.806293	-0.575851	-0.309013	0.586522	0.748667
3.7	0.918169	0.0680622	0.390299	0.180794	0.804601	-0.565624	-0.352533	0.589902	0.726454
3.73333	0.89148	0.0591437	0.449183	0.217913	0.813254	-0.539566	-0.397212	0.578895	0.712112
3.76667	0.864224	0.0419024	0.501359	0.260917	0.814711	-0.51785	-0.430162	0.578351	0.69316
3.8	0.82795	0.0334477	0.559804	0.317632	0.794702	-0.51726	-0.462179	0.606077	0.647349
3.83333	0.78415	0.0225605	0.620161	0.392662	0.755813	-0.523988	-0.480547	0.654399	0.583812
3.86667	0.752099	0.0431079	0.657639	0.464413	0.67335	-0.575257	-0.467619	0.738066	0.486406
3.9	0.771861	0.12019	0.624327	0.493014	0.506898	-0.707101	-0.401457	0.853586	0.331999
3.93333	0.827997	0.137665	0.543571	0.476895	0.337012	-0.811784	-0.294944	0.931381	0.213393
3.96667	0.882931	0.0703686	0.4642	0.428543	0.2831	-0.858024	-0.191793	0.956506	0.219801
4	0.921545	-0.0339568	0.386783	0.375944	0.327052	-0.867008	-0.0970572	0.944396	0.314159
4.03333	0.947747	-0.113842	0.298018	0.318554	0.388266	-0.864738	-0.0172664	0.914489	0.404243
4.06667	0.962499	-0.170663	0.210878	0.267382	0.465409	-0.843742	0.0458509	0.868486	0.493588
4.1	0.972349	-0.200703	0.119396	0.214611	0.566362	-0.795724	0.0920833	0.799345	0.593775
4.13333	0.981162	-0.192413	0.0172873	0.148075	0.691552	-0.706986	0.124078	0.696227	0.707016
4.16667	0.98446	-0.153301	-0.085657	0.0777958	0.818021	-0.569903	0.157436	0.554383	0.817235
4.2	0.978601	-0.0972853	-0.181314	0.00138149	0.884257	-0.466998	0.205761	0.456754	0.86547
4.23333	0.96906	-0.0401049	-0.243547	-0.0686241	0.904033	-0.421919	0.237095	0.425578	0.873309
4.26667	0.967778	-0.0175956	-0.251188	-0.0937702	0.900622	-0.424366	0.233693	0.434246	0.869953
4.3	0.964293	0.0217062	-0.263945	-0.144231	0.878913	-0.454654	0.222116	0.476489	0.85066
4.33333	0.957799	0.0699436	-0.278801	-0.208898	0.835631	-0.508017	0.197442	0.544819	0.814978
4.36667	0.961041	0.0968002	-0.258903	-0.227594	0.808652	-0.542478	0.15685	0.580268	0.799179
4.4	0.97303	0.113057	-0.201075	-0.211121	0.787707	-0.578745	0.0929569	0.605587	0.790331
4.43333	0.984351	0.122724	-0.126461	-0.174601	0.776299	-0.605702	0.0238375	0.618303	0.785578
4.46667	0.992375	0.117987	-0.0356519	-0.114558	0.776183	-0.620014	-0.0454814	0.61937	0.78378
4.5	0.992467	0.107189	0.0593256	-0.0477402	0.784341	-0.61849	-0.112827	0.610999	0.78355
4.53333	0.98322	0.099009	0.153217	0.0147046	0.794151	-0.607542	-0.18183	0.599601	0.77937
4.56667	0.965848	0.0919379	0.242249	0.074156	0.797745	-0.598418	-0.248271	0.595945	0.763683
4.6	0.944422	0.0895518	0.316302	0.125356	0.791371	-0.598346	-0.303895	0.604741	0.736163
4.63333	0.921952	0.0831488	0.378273	0.172024	0.787146	-0.592291	-0.347004	0.611136	0.711407
4.66667	0.898692	0.0760659	0.431933	0.205564	0.796913	-0.568044	-0.387422	0.599286	0.700543
4.7	0.876246	0.0620501	0.477853	0.240136	0.803529	-0.54468	-0.417766	0.592023	0.689188
4.73333	0.846778	0.055389	0.529054	0.287242	0.78949	-0.5424	-0.447726	0.611259	0.652613
4.76667	0.814048	0.0608072	0.577605	0.345903	0.748132	-0.566259	-0.466558	0.660758	0.587982
4.8	0.792738	0.0768013	0.604706	0.406151	0.673193	-0.617942	-0.454542	0.735468	0.502473
4.83333	0.801023	0.11662	0.587165	0.450145	0.529244	-0.719215	-0.394628	0.840417	0.37144
4.86667	0.842332	0.13054	0.522911	0.451473	0.359005	-0.816877	-0.294363	0.924162	0.243466
4.9	0.889642	0.0694896	0.451341	0.418246	0.272783	-0.866406	-0.183324	0.959563	0.213616
4.93333	0.926235	-0.0177595	0.376528	0.365547	0.286114	-0.885728	-0.0919997	0.958031	0.2715
4.96667	0.948606	-0.09887	0.300617	0.315602	0.365423	-0.875706	-0.0232714	0.925576	0.377846
5	0.962752	-0.154324	0.22202	0.269025	0.464451	-0.843748	0.0270938	0.872049	0.488668
5.03333	0.974156	-0.17881	0.138008	0.216367	0.563311	-0.797412	0.0648436	0.806664	0.587442
5.06667	0.982854	-0.177155	0.0511222	0.160559	0.685987	-0.709678	0.0906538	0.705719	0.702669
5.1	0.988146	-0.1493	-0.0357343	0.100551	0.805333	-0.584233	0.116004	0.573714	0.810799
5.13333	0.987801	-0.106491	-0.113615	0.0373723	0.870409	-0.49091	0.151169	0.480675	0.86377
5.16667	0.985077	-0.0603848	-0.161174	-0.0198787	0.890252	-0.455035	0.170962	0.451448	0.875766
5.2	0.985618	-0.0395143	-0.164306	-0.0407188	0.888101	-0.457841	0.164011	0.457946	0.873719
5.23333	0.985818	-0.00375998	-0.167775	-0.0774423	0.876741	-0.474688	0.14888	0.480948	0.864016
5.26667	0.983372	0.0407925	-0.176962	-0.128853	0.843392	-0.521619	0.12797	0.535748	0.834625
5.3	0.984205	0.05885	-0.166968	-0.143873	0.815458	-0.560651	0.103161	0.575817	0.811044
5.33333	0.988035	0.085404	-0.128422	-0.145257	0.795148	-0.588762	0.0518322	0.600371	0.79804
5.36667	0.992702	0.104273	-0.0605874	-0.119851	0.79721	-0.591685	-0.0133959	0.594628	0.803889
5.4	0.994142	0.107126	0.0143082	-0.0772418	0.796845	-0.599226	-0.0755943	0.59461	0.800452
5.43333	0.991511	0.0949278	0.0888494	-0.0231828	0.801467	-0.59759	-0.127938	0.590457	0.796864
5.46667	0.98225	0.091536	0.163723	0.0242652	0.803502	-0.594807	-0.185998	0.588222	0.787019
5.5	0.966834	0.0949296	0.237107	0.0663659	0.803093	-0.592146	-0.246631	0.588243	0.770158
5.53333	0.948338	0.0996305	0.301211	0.10598	0.795391	-0.596759	-0.299036	0.597852	0.743741
