0	0	1	0	0	0	-1	-1	0	0
0.0333333	0.998827	0.0029343	0.0483334	0.0075388	0.976568	-0.215079	-0.047832	0.215191	0.9754
0.0666667	0.999116	0.018741	0.0376303	-0.00870953	0.967989	-0.250842	-0.0411268	0.250292	0.967296
0.1	0.998929	0.027906	0.0369126	-0.0177761	0.967906	-0.250684	-0.0427235	0.24976	0.967365
0.133333	0.998589	0.0348668	0.0400511	-0.0246605	0.972467	-0.231731	-0.0470281	0.230416	0.971955
0.166667	0.998303	0.038742	0.0434862	-0.0288087	0.977402	-0.209416	-0.0506167	0.207807	0.976859
0.2	0.998141	0.040455	0.0455857	-0.0311136	0.981359	-0.189647	-0.0524081	0.187876	0.980793
0.233333	0.998064	0.0414938	0.0463348	-0.0328123	0.984109	-0.174507	-0.0528394	0.172649	0.983565
0.266667	0.998023	0.0420114	0.0467521	-0.0338719	0.986046	-0.162992	-0.0529472	0.161086	0.985519
0.3	0.998047	0.0420248	0.04622	-0.0343642	0.987226	-0.155578	-0.0521677	0.153686	0.986742
0.333333	0.998035	0.0423389	0.0461853	-0.0349189	0.987908	-0.151059	-0.0520225	0.149149	0.987445
0.366667	0.998106	0.0417917	0.0451385	-0.0345779	0.988051	-0.150202	-0.0508763	0.148356	0.987624
0.4	0.998118	0.0410006	0.0456017	-0.0337731	0.988217	-0.14929	-0.0511853	0.147469	0.987741
0.433333	0.998034	0.0422382	0.0463096	-0.0350132	0.988513	-0.147025	-0.0519877	0.145114	0.988048
0.466667	0.997922	0.0437047	0.0473533	-0.0364321	0.988785	-0.144831	-0.0531521	0.142805	0.988323
0.5	0.997789	0.0447474	0.0491316	-0.037313	0.98902	-0.142995	-0.0549907	0.140846	0.988503
0.533333	0.997606	0.046538	0.0511531	-0.0387623	0.988863	-0.143691	-0.0572705	0.141364	0.9883
0.566667	0.99743	0.0481479	0.0530647	-0.0399954	0.988591	-0.145218	-0.0594512	0.142722	0.987976
0.6	0.997318	0.0482532	0.0550314	-0.039706	0.988336	-0.147024	-0.0614839	0.144445	0.987601
0.633333	0.997152	0.0492867	0.0570805	-0.0405563	0.988583	-0.145115	-0.0635811	0.142387	0.987767
0.666667	0.99697	0.0501659	0.0594569	-0.0411488	0.988691	-0.144213	-0.0660191	0.14133	0.987759
0.7	0.996945	0.0483753	0.0613223	-0.0390665	0.988686	-0.144823	-0.0676344	0.141985	0.987556
0.733333	0.996845	0.0483625	0.0629431	-0.0388954	0.988844	-0.143786	-0.0691948	0.140885	0.987605
0.766667	0.996864	0.0477283	0.0631146	-0.0383224	0.989033	-0.142639	-0.0692303	0.139773	0.98776
0.8	0.996996	0.0459501	0.0623471	-0.0367692	0.989306	-0.141145	-0.068166	0.138428	0.988024
0.833333	0.997011	0.0457459	0.062261	-0.036636	0.98943	-0.14031	-0.0680215	0.13761	0.988148
0.866667	0.99711	0.0449277	0.0612564	-0.0359665	0.989462	-0.140257	-0.0669123	0.137648	0.988218
0.9	0.997201	0.0445026	0.0600733	-0.0359422	0.989956	-0.136733	-0.0655549	0.134191	0.988785
0.933333	0.997291	0.0433283	0.0594456	-0.0349539	0.990186	-0.135315	-0.0647252	0.13287	0.989018
0.966667	0.997369	0.0422266	0.0589292	-0.0341031	0.990579	-0.132624	-0.0639744	0.130266	0.989413
1	0.997455	0.0411338	0.0582344	-0.0331979	0.990797	-0.131224	-0.0630963	0.128957	0.989641
1.03333	0.997525	0.0409128	0.0571899	-0.0331678	0.990912	-0.13036	-0.0620035	0.12814	0.989816
1.06667	0.997633	0.0397429	0.0561217	-0.032163	0.990988	-0.130035	-0.0607839	0.127922	0.98992
1.1	0.99763	0.0403864	0.0557132	-0.032983	0.991234	-0.127933	-0.0603916	0.125792	0.990217
1.13333	0.997615	0.0416574	0.0550409	-0.0343697	0.99127	-0.127288	-0.0598629	0.125092	0.990338
1.16667	0.997626	0.0411371	0.0552286	-0.0337323	0.991086	-0.128885	-0.0600382	0.126716	0.99012
1.2	0.997682	0.041693	0.053786	-0.0345088	0.991148	-0.128195	-0.0586547	0.126042	0.990289
1.23333	0.997714	0.0419053	0.0530252	-0.0348109	0.991127	-0.128281	-0.0579303	0.126141	0.990319
1.26667	0.997714	0.0420272	0.0529141	-0.0348634	0.990941	-0.129696	-0.0578855	0.127555	0.990141
1.3	0.997739	0.0419683	0.0525008	-0.0348742	0.990977	-0.129413	-0.0574584	0.12729	0.9902
1.33333	0.997752	0.0420962	0.0521374	-0.0350065	0.990879	-0.130127	-0.0571398	0.128009	0.990126
1.36667	0.997796	0.0413909	0.0518621	-0.0343128	0.990838	-0.130625	-0.0567936	0.128558	0.990074
1.4	0.997822	0.0419158	0.050935	-0.0350561	0.99105	-0.128809	-0.0558782	0.126743	0.99036
1.43333	0.99785	0.0418707	0.0504132	-0.0351416	0.991195	-0.127665	-0.0553147	0.125619	0.990535
1.46667	0.997874	0.0415039	0.050251	-0.0348945	0.991426	-0.125923	-0.0550465	0.123902	0.990767
1.5	0.99792	0.0407393	0.0499648	-0.0343267	0.991802	-0.123087	-0.0545697	0.121116	0.991137
1.53333	0.997996	0.0392682	0.049618	-0.0329662	0.991983	-0.121996	-0.0540108	0.120116	0.99129
1.56667	0.998039	0.037871	0.0498449	-0.0315582	0.992047	-0.121849	-0.054063	0.120037	0.991296
1.6	0.998064	0.0352747	0.0512292	-0.0288116	0.992132	-0.121832	-0.0551238	0.12012	0.991228
1.63333	0.997926	0.0346907	0.0542282	-0.0280522	0.992532	-0.118714	-0.0579415	0.116947	0.991447
1.66667	0.997696	0.0335778	0.0589483	-0.0269218	0.993536	-0.110282	-0.0622703	0.108441	0.992151
1.7	0.997547	0.0321249	0.0621904	-0.0258426	0.994721	-0.0993101	-0.0650524	0.0974594	0.993111
1.73333	0.997656	0.0298228	0.0615897	-0.0242227	0.99567	-0.0897506	-0.0639996	0.0880483	0.994058
1.76667	0.998245	0.0267541	0.0528289	-0.0223473	0.996356	-0.0823129	-0.0548386	0.0809879	0.995205
1.8	0.999028	0.0242569	0.0368132	-0.0214867	0.997037	-0.0738647	-0.0384959	0.0730019	0.996589
1.83333	0.999669	0.0207777	0.0152023	-0.0197232	0.997592	-0.0664978	-0.0165473	0.0661759	0.997671
1.86667	0.999868	0.012296	-0.010657	-0.0128802	0.998313	-0.0566062	0.00994297	0.0567359	0.99834
1.9	0.999256	0.00144165	-0.0385297	-0.00347632	0.998599	-0.0527933	0.0383997	0.0528879	0.997862
1.93333	0.997477	-0.00572473	-0.0707636	0.00149043	0.998213	-0.0597459	0.0709791	0.0594897	0.995702
1.96667	0.994404	-0.0106091	-0.105114	0.00276639	0.997219	-0.0744782	0.105612	0.0737706	0.991667
2	0.990284	-0.0165238	-0.138077	0.0031016	0.995293	-0.0968624	0.139028	0.095493	0.985674
2.03333	0.985069	-0.0188097	-0.171129	-0.00159506	0.992974	-0.118325	0.172152	0.116831	0.978118
2.06667	0.978818	-0.0181634	-0.203925	-0.0111379	0.989858	-0.141626	0.204429	0.140897	0.968688
2.1	0.972027	-0.0154014	-0.234365	-0.0242724	0.985918	-0.16546	0.233612	0.16652	0.957965
2.13333	0.965011	-0.0124732	-0.261914	-0.0383658	0.981401	-0.188094	0.259389	0.191562	0.946584
2.16667	0.958765	-0.0106241	-0.284003	-0.0510542	0.976606	-0.208887	0.279578	0.214773	0.935793
2.2	0.954306	-0.0104026	-0.298649	-0.0596427	0.972656	-0.224463	0.292818	0.232018	0.927591
2.23333	0.953269	-0.0107746	-0.301929	-0.0615401	0.971487	-0.228967	0.295787	0.236848	0.925426
2.26667	0.956359	-0.0098628	-0.292027	-0.0575174	0.973521	-0.221243	0.286477	0.228384	0.930469
2.3	0.962635	-0.00683218	-0.270716	-0.0508478	0.977341	-0.205475	0.265985	0.211562	0.940475
2.33333	0.971656	0.00178049	-0.236392	-0.0470436	0.981428	-0.185974	0.231671	0.191823	0.953694
2.36667	0.981622	0.0186534	-0.18992	-0.0491971	0.986307	-0.157409	0.184383	0.163859	0.969099
2.4	0.989359	0.0449922	-0.138363	-0.0610851	0.99156	-0.114355	0.13205	0.12159	0.983757
2.43333	0.993664	0.0708495	-0.0872471	-0.0768727	0.994738	-0.0677268	0.0819896	0.0740046	0.993882
2.46667	0.99526	0.0886957	-0.0398801	-0.0898776	0.995534	-0.0288873	0.0371398	0.0323347	0.998787
2.5	0.994747	0.102203	0.00572999	-0.102192	0.994762	-0.00221444	-0.0059263	0.00161726	0.999981
2.53333	0.992315	0.114349	0.0472752	-0.11459	0.99341	0.0024086	-0.0466883	-0.00780738	0.998879
2.56667	0.988735	0.124657	0.0828519	-0.124731	0.992181	-0.00429614	-0.0827396	-0.00608648	0.996553
2.6	0.984636	0.134166	0.111764	-0.133897	0.990945	-0.00994052	-0.112086	-0.00517714	0.993685
2.63333	0.980442	0.141244	0.137056	-0.140814	0.989952	-0.0128738	-0.137497	-0.0066774	0.99048
2.66667	0.976655	0.143358	0.15998	-0.143466	0.989595	-0.010942	-0.159884	-0.012265	0.98706
2.7	0.974711	0.138235	0.175582	-0.139286	0.990232	-0.00638418	-0.174749	-0.0182333	0.984444
2.73333	0.974664	0.130424	0.181714	-0.131999	0.991244	-0.0034507	-0.180573	-0.0206227	0.983345
2.76667	0.974439	0.1269	0.18538	-0.129165	0.991623	0.000140642	-0.183809	-0.0240816	0.982667
2.8	0.973104	0.126695	0.192399	-0.130373	0.991444	0.00652458	-0.189926	-0.0314328	0.981295
2.83333	0.97204	0.125288	0.198598	-0.129868	0.991479	0.0101542	-0.195634	-0.0356619	0.980028
2.86667	0.974208	0.113113	0.195256	-0.118983	0.992723	0.0185656	-0.191735	-0.041319	0.980577
2.9	0.979207	0.0941524	0.179693	-0.10069	0.994535	0.0275946	-0.176113	-0.0451142	0.983336
2.93333	0.986772	0.0705309	0.14597	-0.0757128	0.996671	0.0302475	-0.14335	-0.0408991	0.988827
2.96667	0.993472	0.0585292	0.0979124	-0.0611567	0.997838	0.0240501	-0.0962931	-0.0298812	0.994904
3	0.997432	0.051868	0.0493862	-0.0525425	0.998541	0.0124579	-0.0486679	-0.0150207	0.998702
3.03333	0.99903	0.0440063	-0.00177576	-0.0440123	0.999025	-0.00350069	0.00161998	0.00357545	0.999992
3.06667	0.997697	0.0328482	-0.0593413	-0.0351255	0.99867	-0.0377488	0.0580224	0.0397462	0.997524
3.1	0.992704	0.0198628	-0.118926	-0.0308618	0.995339	-0.0913715	0.116557	0.0943752	0.98869
3.13333	0.985088	0.00370689	-0.17201	-0.029987	0.988165	-0.150438	0.169417	0.153352	0.97354
3.16667	0.97592	-0.00560719	-0.218058	-0.0397391	0.97837	-0.203011	0.214479	0.206788	0.954588
3.2	0.96562	-0.00875149	-0.259812	-0.0555848	0.969368	-0.23924	0.253947	0.245456	0.935555
3.23333	0.954631	-0.00490159	-0.297752	-0.0749831	0.963693	-0.25627	0.288197	0.266969	0.919603
3.26667	0.945616	-0.00153283	-0.32528	-0.08735	0.962063	-0.258467	0.313336	0.272824	0.909608
3.3	0.943707	0.00105211	-0.330782	-0.0897333	0.963311	-0.252941	0.31838	0.268384	0.909178
3.33333	0.949753	0.00678765	-0.312928	-0.0880578	0.965179	-0.246324	0.30036	0.261503	0.917279
3.36667	0.960571	0.0116671	-0.27779	-0.0807033	0.967804	-0.238416	0.266065	0.251434	0.930586
3.4	0.972235	0.024181	-0.232753	-0.0793124	0.969825	-0.23054	0.220155	0.242599	0.944816
3.43333	0.981661	0.042681	-0.185793	-0.0799004	0.976996	-0.197725	0.17308	0.208944	0.962489
3.46667	0.988647	0.0639772	-0.135954	-0.0818072	0.988147	-0.129893	0.126033	0.139541	0.982163
3.5	0.992913	0.0840217	-0.0840524	-0.089815	0.993655	-0.0676935	0.0778314	0.0747629	0.994159
3.53333	0.994578	0.0987775	-0.0325244	-0.0999903	0.994261	-0.0380497	0.0285793	0.0410955	0.998746
3.56667	0.993493	0.113091	0.0134788	-0.112615	0.993124	-0.0319813	-0.0170029	0.0302552	0.999398
3.6	0.990304	0.127794	0.0544662	-0.125956	0.991384	-0.0359576	-0.0585921	0.0287486	0.997868
3.63333	0.985596	0.139792	0.0951751	-0.137308	0.990005	-0.0321983	-0.0987248	0.0186663	0.99494
3.66667	0.980424	0.142752	0.135614	-0.142387	0.989733	-0.0124426	-0.135998	-0.00711062	0.990684
3.7	0.97697	0.131562	0.167989	-0.135881	0.99062	0.0144225	-0.164516	-0.0369169	0.985683
3.73333	0.975669	0.113404	0.187644	-0.121167	0.992167	0.0303952	-0.182728	-0.0523919	0.981767
3.76667	0.974332	0.10176	0.200803	-0.108252	0.993889	0.0215916	-0.197378	-0.0427747	0.979394
3.8	0.97121	0.100994	0.21576	-0.105675	0.994348	0.010238	-0.213506	-0.0327436	0.976393
3.83333	0.969758	0.0956686	0.224537	-0.102946	0.994467	0.0209026	-0.221295	-0.0433857	0.974241
3.86667	0.972	0.0794636	0.221137	-0.0936089	0.994131	0.0542223	-0.21553	-0.0734044	0.973734
3.9	0.9794	0.0581044	0.19339	-0.0732504	0.994703	0.0721073	-0.188176	-0.0847878	0.978469
3.93333	0.987492	0.0455088	0.150956	-0.0547834	0.996821	0.057859	-0.147843	-0.0654051	0.986846
3.96667	0.993542	0.0353173	0.10783	-0.0394809	0.998545	0.0367241	-0.106377	-0.0407441	0.993491
4	0.998082	0.0253341	0.0564786	-0.0263634	0.999498	0.017554	-0.0560055	-0.0190093	0.998249
4.03333	0.999824	0.0186531	-0.00209434	-0.0186724	0.999779	-0.00960736	0.00191467	0.00964477	0.999952
4.06667	0.997797	0.0149903	-0.0646225	-0.0183013	0.998533	-0.0509523	0.063764	0.0520227	0.996608
4.1	0.992006	0.0101477	-0.125784	-0.0231215	0.994504	-0.102118	0.124056	0.10421	0.986788
4.13333	0.98351	0.00831649	-0.180665	-0.0362141	0.987767	-0.151674	0.177193	0.155715	0.971779
4.16667	0.972842	0.0140576	-0.231042	-0.0600383	0.979318	-0.193216	0.223547	0.20184	0.953566
4.2	0.960517	0.0192107	-0.277558	-0.0837447	0.971311	-0.222579	0.26532	0.237035	0.934569
4.23333	0.95003	0.0195382	-0.311547	-0.100184	0.964327	-0.245025	0.295646	0.263993	0.918096
4.26667	0.94675	0.012934	-0.32171	-0.104202	0.957726	-0.268148	0.304641	0.287392	0.908075
4.3	0.950796	0.00661011	-0.309747	-0.100847	0.951929	-0.289243	0.292945	0.306248	0.905757
4.33333	0.960243	0.00788667	-0.279055	-0.0960647	0.947889	-0.303774	0.262117	0.318504	0.910961
4.36667	0.970199	0.0218188	-0.241325	-0.0963276	0.948587	-0.301501	0.22234	0.315762	0.92242
4.4	0.979236	0.0393138	-0.198877	-0.090877	0.962053	-0.257286	0.181215	0.270017	0.945649
4.43333	0.986765	0.0673267	-0.147517	-0.0936493	0.979293	-0.179487	0.132378	0.190926	0.972637
4.46667	0.991629	0.0931806	-0.0893855	-0.103365	0.987733	-0.117042	0.077383	0.125302	0.989096
4.5	0.993237	0.111415	-0.0326642	-0.113729	0.990238	-0.080594	0.0233659	0.0837638	0.996212
4.53333	0.99189	0.125476	0.0202307	-0.12393	0.990158	-0.0650332	-0.0281917	0.0619987	0.997678
4.56667	0.988464	0.13462	0.0693962	-0.130744	0.989737	-0.0576708	-0.0764476	0.0479324	0.995921
4.6	0.984091	0.135047	0.115443	-0.13021	0.9903	-0.0485	-0.120873	0.0326966	0.992129
4.63333	0.98009	0.124991	0.154274	-0.121008	0.992035	-0.034976	-0.157417	0.0156111	0.987409
4.66667	0.977364	0.109603	0.180962	-0.107301	0.993972	-0.0224932	-0.182337	0.00256669	0.983233
4.7	0.974173	0.10136	0.201773	-0.100543	0.99483	-0.014323	-0.202181	-0.0063337	0.979328
4.73333	0.969962	0.100847	0.221366	-0.101716	0.994785	-0.00749837	-0.220967	-0.0152433	0.975162
4.76667	0.967871	0.0981444	0.231505	-0.101177	0.994868	0.00123176	-0.230195	-0.024615	0.972833
4.8	0.969787	0.0804565	0.230303	-0.0891348	0.99564	0.0275122	-0.227085	-0.0472089	0.97273
4.83333	0.976098	0.0586418	0.209269	-0.0727185	0.995533	0.0602121	-0.204803	-0.0739906	0.976003
4.86667	0.984484	0.0476339	0.168883	-0.0595852	0.996011	0.0664172	-0.165046	-0.0754496	0.983396
4.9	0.991639	0.043328	0.121548	-0.0516982	0.996441	0.0665757	-0.118231	-0.0723029	0.99035
4.93333	0.996747	0.0378548	0.0711502	-0.0428983	0.996571	0.0707487	-0.0682281	-0.0735708	0.994953
4.96667	0.999412	0.031936	0.0124785	-0.0326318	0.997651	0.0602358	-0.0105255	-0.0606076	0.998106
5	0.998277	0.0266299	-0.0522814	-0.0252432	0.999316	0.0270068	0.0529649	-0.0256406	0.998267
5.03333	0.992778	0.0197312	-0.118331	-0.023625	0.999222	-0.031594	0.117615	0.0341614	0.992472
5.06667	0.983553	0.014275	-0.180053	-0.0333171	0.994104	-0.103182	0.177519	0.107484	0.97823
5.1	0.971696	0.0139048	-0.235824	-0.0561792	0.983229	-0.173509	0.229456	0.181846	0.956181
5.13333	0.958032	0.0164883	-0.286188	-0.0857343	0.96913	-0.231166	0.273542	0.246	0.92987
5.16667	0.94643	0.0167988	-0.322473	-0.111147	0.954571	-0.27648	0.303179	0.297511	0.905301
5.2	0.941383	0.013114	-0.337084	-0.125117	0.941547	-0.312786	0.313279	0.336626	0.887997
5.23333	0.945017	0.00926995	-0.32689	-0.128476	0.92975	-0.345049	0.300727	0.368074	0.879821
5.26667	0.955246	0.0101702	-0.295639	-0.124747	0.920044	-0.371425	0.268223	0.391682	0.880137
5.3	0.966498	0.0227545	-0.255663	-0.121628	0.917732	-0.37812	0.226026	0.396548	0.889754
5.33333	0.976517	0.0399615	-0.211703	-0.113022	0.931593	-0.345485	0.183415	0.361299	0.914233
5.36667	0.983809	0.067997	-0.16582	-0.111975	0.955623	-0.272481	0.139933	0.286637	0.947765
5.4	0.989335	0.0944536	-0.110882	-0.114798	0.974174	-0.194437	0.0896529	0.205092	0.974628
5.43333	0.992809	0.110132	-0.0469092	-0.115441	0.984532	-0.131795	0.0316689	0.136262	0.990167
5.46667	0.993159	0.115536	0.0169571	-0.113382	0.988833	-0.0967106	-0.0279414	0.0941264	0.995168
5.5	0.989891	0.120173	0.0753314	-0.11444	0.990496	-0.0762939	-0.083784	0.0669017	0.994236
5.53333	0.983775	0.122606	0.130976	-0.116212	0.991677	-0.0554235	-0.136682	0.0393033	0.989835
