0	0	1	0	0	0	-1	-1	0	0
0.0333333	0.994455	0.0990692	-0.0352689	-0.104201	0.973509	-0.203525	0.0141715	0.206072	0.978434
0.0666667	0.991678	0.122853	-0.03849	-0.128737	0.94371	-0.304694	-0.00110928	0.307114	0.951672
0.1	0.990882	0.131246	-0.0304407	-0.134269	0.943285	-0.303622	-0.0111348	0.304941	0.952306
0.133333	0.990293	0.137248	-0.0219744	-0.137862	0.949705	-0.281165	-0.01772	0.281465	0.959408
0.166667	0.989924	0.140829	-0.0147759	-0.139808	0.955498	-0.259764	-0.0224639	0.259213	0.965559
0.2	0.989708	0.142851	-0.00843943	-0.140679	0.960468	-0.240232	-0.0262115	0.238946	0.970679
0.233333	0.989545	0.144189	-0.00317853	-0.141277	0.964656	-0.222438	-0.029007	0.220562	0.974942
0.266667	0.989483	0.144643	0.00118509	-0.141191	0.967585	-0.209391	-0.0314336	0.207022	0.977831
0.3	0.989447	0.144824	0.0045902	-0.141032	0.969839	-0.198801	-0.0332429	0.196055	0.980029
0.333333	0.989475	0.144539	0.0068548	-0.140512	0.971064	-0.193108	-0.0345681	0.190112	0.981154
0.366667	0.989512	0.144221	0.00816273	-0.140107	0.97197	-0.188799	-0.0351627	0.185675	0.981982
0.4	0.989491	0.144285	0.00945235	-0.140039	0.972546	-0.185859	-0.0360095	0.182582	0.982531
0.433333	0.989478	0.144289	0.0107021	-0.139935	0.973167	-0.182656	-0.0367704	0.179237	0.983119
0.466667	0.989539	0.14377	0.0119733	-0.13926	0.973573	-0.181001	-0.0376793	0.17744	0.98341
0.5	0.989541	0.143659	0.0131012	-0.138997	0.973829	-0.179823	-0.0385915	0.176121	0.983612
0.533333	0.989507	0.143838	0.013679	-0.139123	0.974051	-0.178521	-0.0390021	0.174744	0.983841
0.566667	0.989524	0.143706	0.0138124	-0.139017	0.974281	-0.177345	-0.0389427	0.173567	0.984052
0.6	0.989528	0.143713	0.0134492	-0.139128	0.974456	-0.176293	-0.0384413	0.172576	0.984246
0.633333	0.989475	0.144154	0.0125779	-0.139717	0.97439	-0.17619	-0.0376543	0.172578	0.984276
0.666667	0.989445	0.14442	0.0119278	-0.140051	0.974148	-0.17726	-0.0372194	0.173718	0.984092
0.7	0.989469	0.144302	0.0113482	-0.140012	0.974041	-0.177877	-0.0367217	0.174415	0.983987
0.733333	0.989517	0.143987	0.0110919	-0.139721	0.973958	-0.178559	-0.0365131	0.175137	0.983867
0.766667	0.989475	0.144287	0.0109717	-0.140036	0.973904	-0.178607	-0.0364562	0.175191	0.983859
0.8	0.989345	0.145149	0.0113481	-0.14079	0.973656	-0.179367	-0.0370842	0.175858	0.983717
0.833333	0.989111	0.146663	0.0122429	-0.142131	0.973502	-0.179146	-0.0381925	0.175455	0.983746
0.866667	0.988528	0.150527	0.012405	-0.146054	0.973603	-0.175398	-0.0384798	0.171574	0.984419
0.9	0.98782	0.155262	0.0102935	-0.150859	0.971818	-0.181141	-0.0381277	0.177381	0.983403
0.933333	0.987391	0.158084	0.00823674	-0.153356	0.968167	-0.197827	-0.0392478	0.194069	0.980202
0.966667	0.987011	0.160561	0.00545513	-0.155852	0.965199	-0.210001	-0.0389832	0.206423	0.977686
1	0.986363	0.164577	0.00159432	-0.160353	0.963138	-0.215989	-0.0370824	0.212788	0.976394
1.03333	0.985526	0.169508	-0.00252101	-0.165619	0.959526	-0.227771	-0.03619	0.224892	0.973711
1.06667	0.984296	0.176427	-0.00589089	-0.172558	0.954603	-0.242809	-0.0372147	0.240013	0.970056
1.1	0.982235	0.187504	-0.00759271	-0.183146	0.949015	-0.25657	-0.0409022	0.253402	0.966496
1.13333	0.979541	0.201168	-0.00556185	-0.195366	0.943933	-0.266124	-0.0482855	0.261766	0.963923
1.16667	0.976271	0.216548	0.00108019	-0.20794	0.938834	-0.274504	-0.0604574	0.267766	0.961585
1.2	0.972067	0.234391	0.012092	-0.22139	0.932818	-0.284319	-0.0779215	0.2737	0.958654
1.23333	0.965961	0.257284	0.0269201	-0.238252	0.925356	-0.294876	-0.100778	0.278425	0.955156
1.26667	0.957444	0.285219	0.0441642	-0.258529	0.915556	-0.308089	-0.128308	0.28356	0.950332
1.3	0.94715	0.315545	0.0577709	-0.28242	0.905635	-0.316329	-0.152135	0.283296	0.946889
1.33333	0.936673	0.34371	0.0671356	-0.306873	0.89792	-0.315545	-0.168738	0.27496	0.946533
1.36667	0.92964	0.360987	0.0738749	-0.323744	0.895956	-0.304061	-0.17595	0.258751	0.949784
1.4	0.924382	0.372791	0.0809041	-0.334398	0.893942	-0.298406	-0.183566	0.248787	0.951004
1.43333	0.916487	0.389913	0.0895472	-0.349277	0.888987	-0.296155	-0.195081	0.240146	0.950933
1.46667	0.904785	0.413539	0.101735	-0.370269	0.881902	-0.291805	-0.210393	0.226352	0.951052
1.5	0.888382	0.444627	0.114388	-0.402435	0.87408	-0.272085	-0.22096	0.195681	0.95545
1.53333	0.868015	0.481917	0.119605	-0.442263	0.859875	-0.254986	-0.225728	0.168435	0.959519
1.56667	0.846535	0.521133	0.108621	-0.482677	0.837476	-0.256237	-0.224501	0.164485	0.960492
1.6	0.823196	0.560675	0.0893985	-0.523239	0.810304	-0.263871	-0.220386	0.170441	0.960406
1.63333	0.807239	0.586287	0.0680664	-0.550399	0.789391	-0.271887	-0.213135	0.182014	0.959919
1.66667	0.822192	0.567045	0.0495988	-0.538066	0.802679	-0.257277	-0.185699	0.184844	0.965064
1.7	0.855132	0.516253	0.047246	-0.496833	0.842149	-0.209621	-0.148006	0.15578	0.976641
1.73333	0.891244	0.451502	0.0427721	-0.442559	0.886434	-0.135561	-0.0991207	0.101889	0.989845
1.76667	0.922445	0.385612	0.0199785	-0.383463	0.920919	-0.0697362	-0.0452897	0.0566668	0.997365
1.8	0.948562	0.315944	-0.0202214	-0.316254	0.948562	-0.0145774	0.0145757	0.0202227	0.999689
1.83333	0.963044	0.256787	-0.0812786	-0.255797	0.966468	0.0225381	0.0843407	-0.00091438	0.996437
1.86667	0.964819	0.210041	-0.158137	-0.208454	0.977666	0.0267446	0.160223	0.00716063	0.987055
1.9	0.954957	0.175552	-0.239246	-0.180857	0.983509	-0.000220959	0.235262	0.0434803	0.970959
1.93333	0.935211	0.160942	-0.315402	-0.181198	0.982796	-0.0357803	0.304217	0.0906123	0.948283
1.96667	0.909667	0.170782	-0.378601	-0.2076	0.976473	-0.0583266	0.359733	0.131655	0.92372
2	0.882917	0.196681	-0.426351	-0.246721	0.966913	-0.0648769	0.399484	0.16247	0.902228
2.03333	0.866115	0.221269	-0.448201	-0.27898	0.958016	-0.0661534	0.414746	0.182336	0.891482
2.06667	0.871879	0.23759	-0.428227	-0.295684	0.952448	-0.0735789	0.390383	0.190772	0.900671
2.1	0.892716	0.249313	-0.375369	-0.302732	0.948839	-0.0897668	0.333785	0.193772	0.922518
2.13333	0.912988	0.272826	-0.303345	-0.311901	0.946042	-0.0878773	0.263002	0.174845	0.94882
2.16667	0.935223	0.277372	-0.220053	-0.295041	0.954107	-0.0512896	0.195728	0.112892	0.974139
2.2	0.956629	0.267008	-0.116479	-0.269423	0.963008	-0.00521373	0.110778	0.0363698	0.993179
2.23333	0.962165	0.272467	0.000289976	-0.272271	0.961433	0.0389323	0.010329	-0.0375383	0.999242
2.26667	0.94809	0.298536	0.109556	-0.306011	0.950202	0.058936	-0.0865058	-0.089402	0.992232
2.3	0.922231	0.334618	0.193701	-0.34613	0.93777	0.0279692	-0.172288	-0.0928399	0.980662
2.33333	0.886982	0.385702	0.253962	-0.395116	0.918509	-0.0150023	-0.239053	-0.0870376	0.967098
2.36667	0.84441	0.447325	0.29474	-0.455621	0.889084	-0.0440356	-0.281747	-0.0971057	0.954562
2.4	0.804112	0.511076	0.303654	-0.50697	0.856294	-0.0987006	-0.310461	-0.0745772	0.947656
2.43333	0.764716	0.580652	0.279378	-0.551437	0.814022	-0.182444	-0.333356	-0.0145414	0.942689
2.46667	0.729528	0.637254	0.248386	-0.581105	0.769036	-0.266273	-0.360701	0.0499149	0.931345
2.5	0.714286	0.657287	0.240351	-0.585148	0.749289	-0.310109	-0.383923	0.0808657	0.919817
2.53333	0.754213	0.611321	0.239686	-0.549915	0.787528	-0.278195	-0.358826	0.0780111	0.930139
2.56667	0.814688	0.530095	0.235125	-0.490607	0.846216	-0.207903	-0.309175	0.0540216	0.94947
2.6	0.877378	0.424938	0.222788	-0.411045	0.905217	-0.107813	-0.247486	0.00301657	0.968887
2.63333	0.927216	0.322237	0.190876	-0.3297	0.944053	0.00782931	-0.177674	-0.0701912	0.981583
2.66667	0.96369	0.235354	0.126138	-0.249128	0.962489	0.10747	-0.0961133	-0.134992	0.986174
2.7	0.983142	0.179869	0.0328585	-0.182733	0.972837	0.142115	-0.00640381	-0.145724	0.989305
2.73333	0.986108	0.147381	-0.076608	-0.137975	0.983592	0.116234	0.0924817	-0.104049	0.990263
2.76667	0.974059	0.130028	-0.185207	-0.119859	0.990652	0.065132	0.191945	-0.0412436	0.980539
2.8	0.950422	0.128736	-0.283064	-0.133969	0.990985	0.000876807	0.280625	0.0370885	0.959101
2.83333	0.918466	0.148698	-0.366483	-0.175101	0.98375	-0.0396824	0.354627	0.100619	0.929578
2.86667	0.883586	0.17997	-0.432305	-0.226175	0.97239	-0.0574688	0.410026	0.148555	0.899894
2.9	0.86412	0.194996	-0.463976	-0.259018	0.962735	-0.0777922	0.431517	0.1874	0.882425
2.93333	0.870333	0.197565	-0.451098	-0.26897	0.958009	-0.099368	0.412524	0.207815	0.886925
2.96667	0.894916	0.188125	-0.404641	-0.255364	0.959535	-0.118665	0.365944	0.209526	0.906744
3	0.924004	0.189159	-0.332319	-0.234833	0.966589	-0.102754	0.301779	0.172984	0.937553
3.03333	0.952545	0.184534	-0.242086	-0.201789	0.978237	-0.0483084	0.227903	0.0948662	0.969051
3.06667	0.97554	0.175506	-0.132364	-0.178185	0.983959	-0.00858412	0.128734	0.0319595	0.991164
3.1	0.983071	0.18263	-0.0147207	-0.182598	0.983181	0.00352323	0.0151166	-0.000775614	0.999885
3.13333	0.973533	0.210986	0.0878502	-0.21291	0.976985	0.0130268	-0.0830799	-0.0313862	0.996049
3.16667	0.950753	0.259218	0.169927	-0.265074	0.964149	0.0123265	-0.16064	-0.0567627	0.985379
3.2	0.917648	0.324177	0.22985	-0.327954	0.944421	-0.0226836	-0.224429	-0.0545646	0.972962
3.23333	0.879824	0.399228	0.257928	-0.38823	0.916696	-0.0945877	-0.274204	-0.0169149	0.961523
3.26667	0.841634	0.466692	0.271755	-0.438126	0.884257	-0.161667	-0.31575	0.0170022	0.94869
3.3	0.805319	0.517112	0.289925	-0.475412	0.855476	-0.20529	-0.354182	0.0274902	0.934772
3.33333	0.781318	0.539454	0.313897	-0.487629	0.84153	-0.232475	-0.389563	0.0285711	0.920556
3.36667	0.802841	0.503468	0.31932	-0.452745	0.863329	-0.222901	-0.387902	0.0343835	0.921059
3.4	0.84841	0.428641	0.310591	-0.397592	0.903384	-0.160683	-0.349458	0.0128364	0.936864
3.43333	0.891734	0.353143	0.283019	-0.346824	0.935013	-0.073912	-0.290728	-0.0322479	0.956262
3.46667	0.925193	0.300109	0.232275	-0.308294	0.951291	-0.00111653	-0.221296	-0.070576	0.972649
3.5	0.9515	0.269556	0.148279	-0.27482	0.961365	0.0158468	-0.138278	-0.0558282	0.988819
3.53333	0.965696	0.255744	0.0450094	-0.254573	0.966583	-0.0301646	-0.0512197	0.0176717	0.998531
3.56667	0.970147	0.236091	-0.0554566	-0.24081	0.964879	-0.104974	0.0287255	0.115195	0.992928
3.6	0.966225	0.217831	-0.137693	-0.2381	0.95901	-0.15365	0.0985796	0.181245	0.978485
3.63333	0.9546	0.211624	-0.209651	-0.250577	0.951032	-0.180965	0.161088	0.225283	0.960884
3.66667	0.937673	0.21392	-0.273875	-0.271111	0.943329	-0.19139	0.217412	0.253711	0.94253
3.7	0.920009	0.211991	-0.329611	-0.287536	0.936617	-0.20018	0.266283	0.278943	0.922651
3.73333	0.91147	0.201528	-0.358622	-0.291802	0.931225	-0.218339	0.289956	0.303656	0.907589
3.76667	0.914332	0.189779	-0.357744	-0.287803	0.925994	-0.244345	0.284897	0.326372	0.901285
3.8	0.919991	0.180419	-0.347945	-0.280697	0.922875	-0.263648	0.273542	0.340221	0.89968
