0	0.96308	-0.269216	0	0.269216	0.96308	0	0	0	1
0.0333333	0.967832	-0.200713	-0.151707	0.195824	0.979528	-0.0466656	0.157968	0.0154567	0.987323
0.0666667	0.96227	-0.00195514	-0.272089	-0.0145713	0.998169	-0.0587053	0.271706	0.0604551	0.96048
0.1	0.924259	0.164805	-0.344361	-0.19374	0.97972	-0.0511188	0.328953	0.113964	0.937444
0.133333	0.875335	0.294014	-0.383855	-0.333768	0.941817	-0.0397325	0.349839	0.162898	0.922538
0.166667	0.828188	0.388214	-0.404221	-0.436446	0.89921	-0.0306114	0.351596	0.201773	0.914149
0.2	0.788547	0.455376	-0.413311	-0.509852	0.859889	-0.0253287	0.343868	0.2307	0.910238
0.233333	0.758155	0.500978	-0.4174	-0.559758	0.82835	-0.0225164	0.334473	0.250714	0.908444
0.266667	0.735914	0.533056	-0.417471	-0.5948	0.80356	-0.0224666	0.323487	0.264845	0.908412
0.3	0.719814	0.555548	-0.416214	-0.619302	0.7848	-0.023518	0.31358	0.274691	0.908962
0.333333	0.709547	0.570173	-0.41406	-0.635157	0.771965	-0.0254095	0.305152	0.281023	0.909895
0.366667	0.703006	0.579846	-0.411778	-0.645585	0.763194	-0.0274793	0.298333	0.285156	0.91087
0.4	0.698707	0.586368	-0.409854	-0.652581	0.757154	-0.0292612	0.293165	0.287908	0.911682
0.433333	0.696188	0.590863	-0.407681	-0.657353	0.752932	-0.0313024	0.288461	0.289783	0.912588
0.466667	0.694275	0.59401	-0.406369	-0.660694	0.74995	-0.0325462	0.285423	0.291081	0.913129
0.5	0.692719	0.595927	-0.406215	-0.662758	0.748119	-0.0326929	0.284415	0.291869	0.913192
0.533333	0.691586	0.59709	-0.406439	-0.664025	0.747005	-0.0324788	0.284219	0.292347	0.913101
0.566667	0.690673	0.597836	-0.406894	-0.664851	0.746288	-0.0320409	0.284505	0.292654	0.912913
0.6	0.689929	0.598349	-0.407402	-0.66543	0.745793	-0.0315515	0.284959	0.292866	0.912704
0.633333	0.68952	0.598591	-0.407739	-0.665706	0.74556	-0.0312264	0.285302	0.292966	0.912564
0.666667	0.689378	0.598767	-0.40772	-0.665896	0.74539	-0.031245	0.285202	0.293039	0.912572
0.7	0.689546	0.598849	-0.407315	-0.665966	0.745311	-0.0316356	0.284632	0.293072	0.91274
0.733333	0.689863	0.598981	-0.406584	-0.666074	0.745184	-0.0323415	0.283608	0.293127	0.913041
0.766667	0.690236	0.599084	-0.405799	-0.666149	0.745084	-0.0330996	0.282525	0.293169	0.913363
0.8	0.690674	0.599225	-0.404845	-0.666254	0.744949	-0.0340205	0.281202	0.293226	0.913752
0.833333	0.691616	0.599238	-0.403214	-0.666186	0.744935	-0.0355926	0.27904	0.293232	0.914413
0.866667	0.692594	0.599262	-0.401494	-0.666122	0.744912	-0.0372477	0.276757	0.293242	0.915104
0.9	0.693826	0.599111	-0.399589	-0.665854	0.745058	-0.039078	0.274305	0.293182	0.915861
0.933333	0.694472	0.599315	-0.398158	-0.665991	0.744862	-0.0404505	0.272331	0.293262	0.916424
0.966667	0.695702	0.598914	-0.396611	-0.66547	0.745246	-0.0419329	0.270458	0.293105	0.917029
1	0.696811	0.598338	-0.395533	-0.664788	0.745796	-0.0429629	0.26928	0.292882	0.917447
1.03333	0.697227	0.598192	-0.39502	-0.6646	0.745935	-0.0434517	0.268667	0.292826	0.917644
1.06667	0.697132	0.59811	-0.395311	-0.66453	0.746014	-0.0431739	0.269085	0.292794	0.917532
1.1	0.697354	0.597589	-0.395708	-0.663996	0.74651	-0.042796	0.269826	0.292593	0.917379
1.13333	0.697394	0.597228	-0.396182	-0.663639	0.746853	-0.0423453	0.2706	0.292453	0.917195
1.16667	0.696912	0.597259	-0.396983	-0.66372	0.746824	-0.0415821	0.271641	0.292465	0.916883
1.2	0.696586	0.597067	-0.397843	-0.663566	0.747007	-0.0407636	0.272853	0.29239	0.916548
1.23333	0.697063	0.596389	-0.398024	-0.662849	0.747652	-0.0405907	0.273376	0.292124	0.916476
1.26667	0.697051	0.596015	-0.398605	-0.662481	0.748008	-0.0400388	0.274296	0.291977	0.916248
1.3	0.697664	0.595387	-0.398472	-0.6618	0.748604	-0.0401653	0.274383	0.29173	0.916301
1.33333	0.6984	0.5949	-0.397909	-0.661245	0.749065	-0.0406985	0.273848	0.291539	0.916522
1.36667	0.699038	0.594607	-0.397226	-0.66089	0.749343	-0.041345	0.273074	0.291424	0.916789
1.4	0.700122	0.593991	-0.396236	-0.660172	0.749924	-0.0422792	0.272034	0.291185	0.917175
1.43333	0.700823	0.593508	-0.395721	-0.659623	0.750379	-0.0427647	0.27156	0.290997	0.917375
1.46667	0.701503	0.593244	-0.394912	-0.65929	0.750628	-0.0435256	0.27061	0.290895	0.917687
1.5	0.702095	0.593221	-0.393893	-0.659202	0.750649	-0.0444827	0.269287	0.290886	0.918079
1.53333	0.703147	0.592704	-0.392793	-0.658579	0.751134	-0.0455147	0.268063	0.290688	0.9185
1.56667	0.704101	0.592186	-0.391864	-0.657965	0.751618	-0.0463839	0.267064	0.290492	0.918853
1.6	0.704937	0.591894	-0.390802	-0.657583	0.751891	-0.0473751	0.2658	0.290381	0.919255
1.63333	0.7054	0.591737	-0.390203	-0.657375	0.752038	-0.047933	0.265084	0.290322	0.91948
1.66667	0.705443	0.591665	-0.390234	-0.657301	0.752104	-0.0479043	0.265154	0.290295	0.919469
1.7	0.705528	0.591252	-0.390705	-0.656892	0.752489	-0.0474659	0.265937	0.29014	0.919291
1.73333	0.705952	0.590771	-0.390668	-0.656376	0.752937	-0.0474999	0.266087	0.289958	0.919305
1.76667	0.706231	0.590884	-0.389992	-0.656451	0.752832	-0.0481284	0.26516	0.290001	0.91956
1.8	0.708444	0.589531	-0.388021	-0.654873	0.754086	-0.0499551	0.263151	0.289495	0.920296
1.83333	0.711238	0.587448	-0.386064	-0.652517	0.756004	-0.0517571	0.261462	0.288725	0.921019
1.86667	0.714614	0.584444	-0.384386	-0.649202	0.758747	-0.0532888	0.260507	0.287625	0.921633
1.9	0.717934	0.581172	-0.383158	-0.645636	0.761705	-0.054398	0.260239	0.286435	0.922079
1.93333	0.720677	0.578991	-0.381305	-0.643182	0.763659	-0.056058	0.25873	0.285648	0.922748
1.96667	0.724925	0.575585	-0.378399	-0.639346	0.76668	-0.0586361	0.256361	0.284435	0.923784
2	0.729089	0.572437	-0.375161	-0.635752	0.769441	-0.0614754	0.253473	0.28333	0.924919
2.03333	0.731531	0.571161	-0.372339	-0.634165	0.77055	-0.0639281	0.250393	0.28289	0.925892
2.06667	0.733045	0.570817	-0.369883	-0.633584	0.770849	-0.0660541	0.247419	0.282773	0.926727
2.1	0.732834	0.571634	-0.369037	-0.634367	0.770142	-0.0667857	0.246034	0.283048	0.927012
2.13333	0.731517	0.573467	-0.368805	-0.636272	0.768551	-0.0669863	0.245031	0.283662	0.92709
2.16667	0.728567	0.57793	-0.367678	-0.640854	0.764648	-0.0679718	0.241861	0.28515	0.927466
2.2	0.726789	0.58352	-0.362329	-0.646191	0.759705	-0.0726995	0.232842	0.286971	0.929211
2.23333	0.725327	0.588547	-0.357091	-0.650893	0.755216	-0.0773768	0.224141	0.288551	0.930859
2.26667	0.729884	0.590733	-0.343953	-0.651656	0.753259	-0.0891349	0.206431	0.289197	0.934747
2.3	0.740837	0.589054	-0.322764	-0.647097	0.754741	-0.107852	0.180072	0.28876	0.940315
2.33333	0.7659	0.574429	-0.288839	-0.626826	0.767101	-0.136548	0.143132	0.285634	0.94759
2.36667	0.796871	0.551565	-0.246518	-0.595819	0.785007	-0.169597	0.0999749	0.282027	0.954183
2.4	0.826824	0.522501	-0.208218	-0.558696	0.805698	-0.196746	0.0649606	0.279005	0.95809
2.43333	0.851962	0.490097	-0.184295	-0.521362	0.826561	-0.212082	0.0483905	0.276771	0.959717
2.46667	0.875924	0.451572	-0.169825	-0.480382	0.848905	-0.22044	0.044621	0.274669	0.960503
2.5	0.89829	0.407988	-0.163159	-0.436451	0.871433	-0.223866	0.0508479	0.272307	0.960866
2.53333	0.910383	0.372002	-0.181153	-0.40581	0.888198	-0.21546	0.0807478	0.269665	0.959563
2.56667	0.903293	0.361559	-0.230947	-0.406765	0.892891	-0.1931	0.136394	0.268368	0.953612
2.6	0.865763	0.388226	-0.315808	-0.450024	0.880001	-0.151913	0.218935	0.273642	0.936583
2.63333	0.792348	0.446924	-0.415264	-0.5258	0.845473	-0.0933254	0.309385	0.292292	0.904901
2.66667	0.687962	0.523373	-0.502781	-0.617086	0.786476	-0.025681	0.381985	0.327927	0.864032
2.7	0.577415	0.591948	-0.562308	-0.697871	0.715299	0.0363822	0.423754	0.371411	0.826127
2.73333	0.502584	0.628709	-0.593409	-0.741457	0.666439	0.07811	0.444579	0.400731	0.801102
2.76667	0.489288	0.62548	-0.60776	-0.734512	0.671261	0.0995011	0.470202	0.397722	0.787862
2.8	0.545933	0.590078	-0.594782	-0.689198	0.719956	0.0816677	0.476407	0.365337	0.799728
2.83333	0.634465	0.541002	-0.552061	-0.631217	0.774865	0.033907	0.446117	0.326957	0.833114
2.86667	0.714934	0.500209	-0.488529	-0.583732	0.811614	-0.0232401	0.384872	0.301785	0.872238
2.9	0.775945	0.474936	-0.415144	-0.550842	0.830857	-0.0790534	0.30738	0.29002	0.906314
2.93333	0.81724	0.463812	-0.342049	-0.529668	0.838389	-0.128668	0.227093	0.286325	0.930831
2.96667	0.838024	0.468883	-0.279042	-0.523483	0.835145	-0.168815	0.153886	0.287545	0.945324
3	0.838562	0.491323	-0.235405	-0.536145	0.820959	-0.196406	0.096759	0.29091	0.951845
3.03333	0.821773	0.529868	-0.209595	-0.567292	0.795355	-0.213519	0.0535652	0.294366	0.954191
3.06667	0.793229	0.578827	-0.189069	-0.608816	0.759716	-0.228416	0.0114256	0.296294	0.955028
3.1	0.764281	0.624454	-0.161033	-0.643625	0.723035	-0.250935	-0.0402645	0.29543	0.954516
3.13333	0.736604	0.664916	-0.123696	-0.668363	0.687676	-0.283537	-0.103466	0.291529	0.95095
3.16667	0.728035	0.680675	-0.0815301	-0.665571	0.673315	-0.321967	-0.164259	0.288667	0.943234
3.2	0.749303	0.660507	-0.0477064	-0.631527	0.691029	-0.351644	-0.199297	0.293616	0.934918
3.23333	0.792349	0.60931	-0.0303978	-0.576271	0.73117	-0.365105	-0.200236	0.306808	0.93047
3.26667	0.840326	0.540491	-0.0414813	-0.517614	0.777315	-0.357572	-0.16102	0.321948	0.932964
3.3	0.866265	0.491269	-0.0907736	-0.491756	0.806457	-0.328334	-0.0880951	0.329062	0.94019
3.33333	0.85978	0.480918	-0.171744	-0.510646	0.812507	-0.281198	0.00430955	0.329469	0.944157
3.36667	0.824308	0.496019	-0.272913	-0.555044	0.803032	-0.216948	0.111547	0.330311	0.937258
3.4	0.760353	0.526211	-0.380743	-0.609281	0.780956	-0.13742	0.225032	0.336467	0.914413
3.43333	0.670769	0.570439	-0.473991	-0.66878	0.741493	-0.0540519	0.320628	0.353252	0.878869
3.46667	0.585456	0.616354	-0.52664	-0.723411	0.690407	0.00381745	0.365949	0.378742	0.85008
3.5	0.548155	0.653235	-0.522312	-0.767256	0.641333	-0.00312695	0.332933	0.402461	0.852749
3.53333	0.553783	0.678927	-0.48206	-0.794251	0.604517	-0.0610305	0.249978	0.416675	0.87401
3.56667	0.574336	0.691275	-0.438494	-0.800154	0.587182	-0.122357	0.172893	0.421137	0.890366
3.6	0.609261	0.680423	-0.407216	-0.781664	0.601742	-0.164036	0.133425	0.418247	0.898481
3.63333	0.660962	0.637845	-0.395326	-0.736516	0.652337	-0.178889	0.143783	0.409403	0.900953
3.66667	0.717487	0.572199	-0.397241	-0.671841	0.719063	-0.177702	0.183961	0.394382	0.900345
3.7	0.769565	0.506528	-0.388843	-0.603855	0.775289	-0.185166	0.207674	0.377303	0.902504
3.73333	0.810329	0.464015	-0.357851	-0.553588	0.806425	-0.207895	0.192114	0.366565	0.910342
3.76667	0.839327	0.448816	-0.306749	-0.524717	0.816371	-0.241268	0.142136	0.363459	0.920704
3.8	0.853173	0.457558	-0.250471	-0.515927	0.810998	-0.275866	0.0769068	0.364586	0.927988
3.83333	0.844286	0.493786	-0.208224	-0.53568	0.788578	-0.301979	0.0150879	0.366498	0.930297
3.86667	0.817384	0.547599	-0.178937	-0.574608	0.752669	-0.321425	-0.0413317	0.365546	0.929875
3.9	0.778822	0.608844	-0.150813	-0.618927	0.706924	-0.342326	-0.10181	0.359954	0.927399
3.93333	0.725226	0.678068	-0.119461	-0.666478	0.647828	-0.368952	-0.172784	0.347191	0.92174
3.96667	0.661471	0.744913	-0.0869509	-0.707721	0.581633	-0.401043	-0.248168	0.326815	0.911923
4	0.633549	0.771314	-0.0607576	-0.714026	0.552634	-0.42984	-0.297964	0.315707	0.900859
4.03333	0.669327	0.741286	-0.049967	-0.680638	0.584823	-0.441264	-0.297881	0.329359	0.895985
4.06667	0.75008	0.659189	-0.0533922	-0.610856	0.659613	-0.43791	-0.253447	0.361082	0.897432
4.1	0.821953	0.562364	-0.090222	-0.545138	0.730899	-0.410622	-0.164976	0.386696	0.907331
4.13333	0.847271	0.502272	-0.172784	-0.529124	0.769663	-0.357278	-0.0464648	0.394135	0.917877
4.16667	0.823901	0.489589	-0.285463	-0.560573	0.778078	-0.283465	0.083331	0.393571	0.91551
4.2	0.755308	0.511514	-0.409712	-0.619151	0.761886	-0.190218	0.214855	0.397346	0.892162
4.23333	0.646556	0.554137	-0.524307	-0.686577	0.72227	-0.0832971	0.332533	0.413833	0.847445
4.26667	0.567568	0.594053	-0.57006	-0.737194	0.67499	-0.0305728	0.366622	0.437596	0.821034
4.3	0.593633	0.607051	-0.528288	-0.748591	0.657472	-0.0856913	0.295316	0.446341	0.84473
4.33333	0.644316	0.616333	-0.452758	-0.742613	0.64567	-0.177865	0.182708	0.450825	0.873713
4.36667	0.677639	0.634831	-0.371208	-0.732874	0.624727	-0.269466	0.0608385	0.45465	0.88859
4.4	0.695354	0.653467	-0.299104	-0.717266	0.605059	-0.345591	-0.0448568	0.454845	0.88944
4.43333	0.712713	0.660785	-0.23538	-0.689403	0.597914	-0.408929	-0.129477	0.45372	0.881688
4.46667	0.745709	0.635628	-0.19974	-0.647628	0.62108	-0.441404	-0.156514	0.458516	0.874795
4.5	0.786598	0.582677	-0.204331	-0.605754	0.664053	-0.438287	-0.119694	0.46853	0.875302
4.53333	0.822527	0.51361	-0.244241	-0.567555	0.713748	-0.41042	-0.0364697	0.476202	0.878579
4.56667	0.850255	0.449118	-0.274517	-0.525417	0.755546	-0.391264	0.0316865	0.47691	0.878381
4.6	0.873167	0.415081	-0.255512	-0.486428	0.775497	-0.402483	0.0310858	0.475723	0.879046
4.63333	0.884632	0.42168	-0.199028	-0.465389	0.771929	-0.433058	-0.0289765	0.475722	0.879118
4.66667	0.871767	0.461448	-0.164586	-0.482514	0.75049	-0.451602	-0.0848705	0.473107	0.876907
4.7	0.841773	0.519829	-0.145587	-0.522374	0.716338	-0.462586	-0.136176	0.465443	0.874539
4.73333	0.803977	0.581728	-0.123343	-0.562064	0.675652	-0.477051	-0.194177	0.452865	0.870177
4.76667	0.766957	0.633696	-0.101028	-0.591763	0.637562	-0.493287	-0.248182	0.438114	0.86398
4.8	0.730922	0.678095	-0.0770745	-0.612439	0.6019	-0.512479	-0.301119	0.421786	0.855234
4.83333	0.722331	0.689367	-0.0548769	-0.605751	0.592438	-0.531114	-0.333621	0.416882	0.845521
4.86667	0.748609	0.661387	-0.0463858	-0.57665	0.614975	-0.537848	-0.3272	0.429386	0.841765
4.9	0.785466	0.615512	-0.0647107	-0.551588	0.648774	-0.524255	-0.280703	0.447478	0.849099
4.93333	0.811929	0.571792	-0.11758	-0.548765	0.67893	-0.487762	-0.19907	0.460552	0.865022
4.96667	0.814058	0.545581	-0.199125	-0.572699	0.697066	-0.43141	-0.0965657	0.465232	0.879906
5	0.787866	0.536566	-0.302265	-0.615437	0.703878	-0.354673	0.0224521	0.46546	0.884784
