0	0.0797523	0.996768	0.0096962	0.0118884	0.00877537	-0.999891	-0.996744	0.0798589	-0.0111501
0.0333333	0.937302	0.234443	0.257879	-0.130869	0.92254	-0.363034	-0.323014	0.306524	0.89538
0.0666667	0.955562	0.163168	0.245513	-0.0783192	0.943434	-0.322179	-0.284194	0.288634	0.914289
0.1	0.957059	0.158383	0.242801	-0.0767616	0.946118	-0.314594	-0.279544	0.282447	0.917648
0.133333	0.957398	0.157605	0.24197	-0.0768227	0.946744	-0.312689	-0.278365	0.280779	0.918518
0.166667	0.957421	0.157909	0.241681	-0.0774383	0.946941	-0.31194	-0.278115	0.279943	0.918849
0.2	0.95759	0.15826	0.240779	-0.0780934	0.946928	-0.311817	-0.277348	0.279789	0.919128
0.233333	0.957756	0.159264	0.239454	-0.0793651	0.94669	-0.312217	-0.276413	0.280023	0.919338
0.266667	0.957888	0.159548	0.238736	-0.0796382	0.946421	-0.312962	-0.275878	0.28077	0.919271
0.3	0.958302	0.158945	0.237472	-0.0792715	0.946283	-0.313472	-0.274541	0.281576	0.919425
0.333333	0.958282	0.158888	0.237594	-0.079249	0.946363	-0.313235	-0.274619	0.281338	0.919474
0.366667	0.958321	0.158733	0.237537	-0.079084	0.946345	-0.313333	-0.274529	0.281488	0.919456
0.4	0.958452	0.158234	0.237341	-0.0785766	0.946304	-0.313582	-0.274216	0.281904	0.919421
0.433333	0.958462	0.158052	0.237422	-0.0783804	0.946329	-0.313556	-0.274238	0.281922	0.919409
0.466667	0.958592	0.157653	0.237164	-0.0777853	0.946068	-0.314492	-0.273954	0.283022	0.919156
0.5	0.958403	0.158203	0.237563	-0.0779807	0.9458	-0.315249	-0.27456	0.28361	0.918794
0.533333	0.958451	0.158365	0.237261	-0.0782918	0.945841	-0.315049	-0.274304	0.283383	0.91894
0.566667	0.958583	0.157977	0.236986	-0.0779994	0.945872	-0.315029	-0.273926	0.283496	0.919018
0.6	0.958905	0.157082	0.236278	-0.0772101	0.9458	-0.315438	-0.273021	0.284232	0.91906
0.633333	0.958789	0.157669	0.236355	-0.0777356	0.945723	-0.31554	-0.273278	0.284163	0.919005
0.666667	0.958981	0.157515	0.235679	-0.0779622	0.945898	-0.314959	-0.272539	0.283665	0.919378
0.7	0.959062	0.157282	0.235506	-0.077561	0.945679	-0.315715	-0.27237	0.284524	0.919163
0.733333	0.959115	0.157392	0.235214	-0.0779194	0.945831	-0.315169	-0.272078	0.283956	0.919425
0.766667	0.959291	0.156949	0.234792	-0.0777941	0.946047	-0.314551	-0.271493	0.283481	0.919745
0.8	0.959315	0.156693	0.234866	-0.0774725	0.946021	-0.314709	-0.271501	0.283709	0.919672
0.833333	0.959052	0.157366	0.235487	-0.0780811	0.946121	-0.314258	-0.272253	0.283003	0.919667
0.866667	0.958956	0.157393	0.23586	-0.0780286	0.946164	-0.314143	-0.272606	0.282846	0.919611
0.9	0.958737	0.157677	0.23656	-0.0782294	0.946296	-0.313694	-0.273318	0.282244	0.919585
0.933333	0.958707	0.157689	0.236673	-0.0784408	0.946539	-0.312909	-0.273363	0.281423	0.919823
0.966667	0.958454	0.158261	0.237318	-0.0788742	0.946573	-0.312694	-0.274126	0.280985	0.91973
1	0.958329	0.158396	0.237732	-0.0790963	0.946791	-0.311979	-0.274498	0.280175	0.919866
1.03333	0.958345	0.157761	0.238087	-0.078573	0.947067	-0.311272	-0.274591	0.279599	0.920013
1.06667	0.958175	0.157331	0.239057	-0.0777982	0.947066	-0.311469	-0.275407	0.279843	0.919695
1.1	0.958074	0.157108	0.239608	-0.0777727	0.947463	-0.310265	-0.275765	0.278622	0.919958
1.13333	0.958085	0.156447	0.239994	-0.0769177	0.94744	-0.310551	-0.275964	0.279075	0.919761
1.16667	0.958039	0.154635	0.241347	-0.0751846	0.948085	-0.309003	-0.2766	0.277892	0.919928
1.2	0.958061	0.152121	0.242853	-0.0733031	0.949369	-0.305493	-0.277029	0.274879	0.920704
1.23333	0.957687	0.151799	0.244524	-0.0731755	0.950105	-0.303226	-0.278353	0.272502	0.921012
1.26667	0.957519	0.15206	0.24502	-0.0730465	0.94986	-0.304023	-0.278965	0.27321	0.920617
1.3	0.957429	0.152631	0.245016	-0.0734824	0.949687	-0.304458	-0.279158	0.273492	0.920474
1.33333	0.957212	0.152699	0.245823	-0.0737152	0.950093	-0.303133	-0.279843	0.272042	0.920696
1.36667	0.957263	0.151961	0.246079	-0.0732467	0.950484	-0.302018	-0.279789	0.271086	0.920994
1.4	0.957197	0.151402	0.246681	-0.0730693	0.951075	-0.300196	-0.280063	0.269322	0.921429
1.43333	0.95729	0.150863	0.246651	-0.0726067	0.951177	-0.299984	-0.279865	0.269263	0.921506
1.46667	0.957076	0.151574	0.247043	-0.0731972	0.951129	-0.299994	-0.280441	0.269034	0.921398
1.5	0.957122	0.151436	0.246953	-0.0731299	0.951179	-0.299849	-0.280304	0.268933	0.921469
1.53333	0.956871	0.15187	0.247657	-0.0737074	0.951497	-0.2987	-0.281008	0.267563	0.921653
1.56667	0.956833	0.151731	0.247887	-0.0737896	0.951784	-0.297762	-0.281114	0.266617	0.921895
1.6	0.956752	0.151707	0.248213	-0.0739098	0.952018	-0.296982	-0.281358	0.265793	0.922059
1.63333	0.956703	0.151746	0.248379	-0.0738324	0.951954	-0.297207	-0.281545	0.266001	0.921941
1.66667	0.956798	0.151513	0.248158	-0.0736911	0.951994	-0.297115	-0.281262	0.265992	0.92203
1.7	0.956699	0.151629	0.248468	-0.0737884	0.952059	-0.296883	-0.281572	0.265694	0.922022
1.73333	0.956914	0.150191	0.248512	-0.0726703	0.952477	-0.295816	-0.281131	0.265011	0.922353
1.76667	0.956873	0.149309	0.249201	-0.071408	0.952381	-0.29643	-0.281594	0.265851	0.92197
1.8	0.956792	0.14875	0.249845	-0.0704901	0.95227	-0.297006	-0.2821	0.266561	0.92161
1.83333	0.956887	0.148278	0.249761	-0.0701274	0.952381	-0.296736	-0.281867	0.266428	0.92172
1.86667	0.957	0.14712	0.250014	-0.069161	0.952715	-0.295891	-0.281723	0.265876	0.921923
1.9	0.957236	0.145205	0.25023	-0.0673351	0.952991	-0.295421	-0.281363	0.265938	0.922015
1.93333	0.958892	0.137855	0.248035	-0.06218	0.954902	-0.290338	-0.276874	0.262981	0.92422
1.96667	0.961412	0.129425	0.242769	-0.0573541	0.957332	-0.28324	-0.269069	0.258387	0.927814
2	0.964088	0.12002	0.236918	-0.0506517	0.958781	-0.279594	-0.260709	0.257552	0.930429
2.03333	0.966493	0.112219	0.230863	-0.0449995	0.95952	-0.278022	-0.252717	0.258317	0.932419
2.06667	0.967622	0.109611	0.227359	-0.0430459	0.959251	-0.279259	-0.248704	0.26043	0.932911
2.1	0.96816	0.108812	0.225444	-0.0426711	0.959142	-0.279688	-0.246667	0.261163	0.933247
2.13333	0.968635	0.10554	0.224962	-0.0404997	0.960268	-0.276124	-0.245167	0.258353	0.934423
2.16667	0.968428	0.101932	0.227503	-0.0363817	0.960605	-0.275526	-0.246625	0.25855	0.933985
2.2	0.967369	0.0980798	0.23362	-0.0304305	0.960339	-0.277169	-0.251539	0.261016	0.931986
2.23333	0.965869	0.0944244	0.241208	-0.0246675	0.960489	-0.277221	-0.257854	0.261809	0.930036
2.26667	0.9643	0.0890154	0.249401	-0.0159738	0.959647	-0.280752	-0.264329	0.266746	0.92681
2.3	0.958965	0.0931346	0.267791	-0.0106036	0.955628	-0.294385	-0.283326	0.279465	0.917402
2.33333	0.946631	0.110699	0.302714	-0.018883	0.956606	-0.290771	-0.321766	0.269536	0.907643
2.36667	0.938717	0.145283	0.312574	-0.0414319	0.947816	-0.316113	-0.342189	0.28379	0.895751
2.4	0.937337	0.194186	0.289294	-0.0800127	0.928069	-0.36371	-0.339113	0.317772	0.885451
2.43333	0.927631	0.251432	0.276194	-0.12584	0.906638	-0.402706	-0.351661	0.338806	0.872665
2.46667	0.908187	0.313692	0.277117	-0.171867	0.883155	-0.436461	-0.381652	0.348761	0.855983
2.5	0.888645	0.354989	0.290333	-0.200208	0.86988	-0.450806	-0.412586	0.342479	0.844086
2.53333	0.869473	0.377244	0.318909	-0.215977	0.87093	-0.4414	-0.444263	0.314908	0.838727
2.56667	0.844686	0.393519	0.362833	-0.22465	0.875905	-0.426992	-0.485837	0.279164	0.828269
2.6	0.826531	0.385709	0.409971	-0.21708	0.890407	-0.400064	-0.519349	0.241669	0.819679
2.63333	0.814921	0.372517	0.443999	-0.201161	0.900254	-0.386104	-0.543543	0.225329	0.808572
2.66667	0.801994	0.364604	0.473148	-0.182483	0.903784	-0.387135	-0.568775	0.224138	0.791364
2.7	0.791657	0.373213	0.483725	-0.175156	0.897145	-0.405525	-0.585319	0.23631	0.775602
2.73333	0.793225	0.369584	0.483944	-0.150395	0.889033	-0.432438	-0.590064	0.270237	0.760786
2.76667	0.806114	0.352608	0.475235	-0.0964616	0.870643	-0.482365	-0.583845	0.342999	0.735851
2.8	0.851393	0.308985	0.423862	0.0182549	0.790138	-0.612658	-0.524211	0.52935	0.667077
2.83333	0.946974	0.190672	0.25862	0.12521	0.522279	-0.843533	-0.29591	0.831185	0.47071
2.86667	0.98375	0.00486613	0.179479	0.166466	0.349819	-0.921909	-0.0672712	0.936805	0.343324
2.9	0.97043	-0.154543	0.185425	0.224984	0.300789	-0.926773	0.0874528	0.941086	0.326665
2.93333	0.938072	-0.286925	0.194154	0.280503	0.30014	-0.911721	0.203322	0.90972	0.362036
2.96667	0.916108	-0.364615	0.166738	0.3083	0.374773	-0.874355	0.256314	0.852409	0.455744
3	0.926622	-0.366437	0.0842342	0.29205	0.560353	-0.775056	0.236808	0.742785	0.626253
3.03333	0.960762	-0.272922	-0.0495028	0.190382	0.778644	-0.597887	0.201722	0.565002	0.800051
3.06667	0.966022	-0.204826	-0.157632	0.113367	0.883882	-0.453762	0.23227	0.420474	0.87707
3.1	0.960248	-0.223206	-0.167637	0.141844	0.907378	-0.395657	0.240424	0.356151	0.902969
3.13333	0.9605	-0.255364	-0.110589	0.19991	0.909627	-0.364163	0.193589	0.327671	0.924746
3.16667	0.939102	-0.339887	-0.050644	0.297396	0.877692	-0.375782	0.172173	0.337836	0.925323
3.2	0.935954	-0.35212	-0.00117491	0.333881	0.888522	-0.314726	0.111865	0.294177	0.949182
3.23333	0.955691	-0.288017	0.0608385	0.292549	0.906291	-0.305045	0.032721	0.309327	0.950393
3.26667	0.980642	-0.172288	0.0930461	0.192228	0.937523	-0.289999	-0.0372697	0.302271	0.952493
3.3	0.990332	-0.0365526	0.133812	0.0733356	0.956786	-0.281393	-0.117743	0.288486	0.950217
3.33333	0.978505	0.0818669	0.189275	-0.0231235	0.955594	-0.293779	-0.204921	0.283087	0.936947
3.36667	0.949506	0.18217	0.255445	-0.101432	0.948683	-0.299518	-0.2969	0.258484	0.919259
3.4	0.911562	0.246075	0.329395	-0.136443	0.936777	-0.32223	-0.387862	0.248789	0.887506
3.43333	0.873903	0.262744	0.408973	-0.136158	0.939965	-0.312933	-0.466642	0.217788	0.857213
3.46667	0.836253	0.264003	0.480607	-0.126902	0.945853	-0.29876	-0.533457	0.188849	0.824475
3.5	0.793583	0.276	0.542264	-0.135653	0.949027	-0.28451	-0.593148	0.152223	0.790572
3.53333	0.741251	0.298859	0.601024	-0.149969	0.946513	-0.285695	-0.65426	0.121637	0.746423
3.56667	0.704841	0.330525	0.627656	-0.137121	0.931609	-0.336605	-0.695986	0.151188	0.701959
3.6	0.734328	0.391515	0.554506	-0.0663291	0.854377	-0.515403	-0.675546	0.341695	0.653362
3.63333	0.902624	0.361875	0.233058	0.0221956	0.501603	-0.864813	-0.429857	0.785774	0.444727
3.66667	0.983845	0.164478	0.0706854	0.01699	0.307272	-0.95147	-0.178216	0.9373	0.299513
3.7	0.99829	-0.0127387	0.0570469	0.058443	0.23457	-0.970341	-0.0010206	0.972016	0.234913
3.73333	0.985602	-0.145623	0.0859245	0.113717	0.194818	-0.974225	0.12513	0.969969	0.208573
3.76667	0.964208	-0.226727	0.137472	0.185744	0.207582	-0.960421	0.189216	0.95158	0.242266
3.8	0.955359	-0.247958	0.160644	0.241366	0.34145	-0.90838	0.170389	0.906603	0.386056
3.83333	0.97928	-0.177143	0.0981414	0.191817	0.655949	-0.730025	0.0649434	0.733724	0.676337
3.86667	0.997332	-0.0666533	-0.0297854	0.0388181	0.829687	-0.556877	0.0618303	0.554235	0.83006
3.9	0.991369	-0.053271	-0.11979	-0.0140474	0.865301	-0.501056	0.130346	0.498414	0.857084
3.93333	0.987084	-0.105114	-0.1209	0.0406604	0.89432	-0.445576	0.15496	0.434905	0.887043
3.96667	0.981953	-0.180615	-0.056091	0.142406	0.901286	-0.409151	0.124453	0.39378	0.910741
4	0.961452	-0.274937	-0.00438292	0.25132	0.885107	-0.391694	0.11157	0.375493	0.920085
4.03333	0.95506	-0.291945	0.0512703	0.29208	0.897443	-0.330583	0.0505001	0.330702	0.942383
4.06667	0.971871	-0.207946	0.11057	0.232902	0.918324	-0.320058	-0.0349842	0.336807	0.940924
4.1	0.983082	-0.108626	0.14748	0.14746	0.946981	-0.285453	-0.108654	0.302371	0.946977
4.13333	0.978993	0.0107317	0.203611	0.0487387	0.957347	-0.284802	-0.197983	0.288743	0.936713
4.16667	0.953978	0.130619	0.269935	-0.0440093	0.951388	-0.304836	-0.296631	0.278927	0.913351
4.2	0.917253	0.21065	0.338044	-0.101107	0.944046	-0.313933	-0.385259	0.253778	0.887227
4.23333	0.884154	0.215372	0.414591	-0.0989175	0.953584	-0.284418	-0.456603	0.210459	0.864419
4.26667	0.848207	0.210603	0.485995	-0.0872382	0.960569	-0.264001	-0.522431	0.18153	0.833134
4.3	0.809412	0.242239	0.53495	-0.099333	0.954306	-0.281837	-0.578779	0.174984	0.79649
4.33333	0.765023	0.268133	0.585529	-0.122661	0.953226	-0.276251	-0.632213	0.139517	0.76213
4.36667	0.714182	0.277267	0.642703	-0.14348	0.956692	-0.253287	-0.685096	0.0886785	0.723035
4.4	0.681647	0.359552	0.637243	-0.128129	0.916131	-0.379851	-0.720375	0.177275	0.670547
4.43333	0.763369	0.468809	0.444394	-0.0326743	0.715099	-0.698259	-0.645136	0.518509	0.561202
4.46667	0.925591	0.363333	0.10616	-0.0400771	0.372947	-0.926987	-0.376397	0.853756	0.359758
4.5	0.984017	0.178073	0.000215559	-0.0464284	0.257728	-0.965101	-0.171914	0.949666	0.261877
4.53333	0.999918	0.011512	-0.00555487	-0.00759719	0.185767	-0.982565	-0.0102794	0.982526	0.185839
4.56667	0.99404	-0.100956	0.041149	0.0556194	0.144996	-0.987868	0.0937644	0.984268	0.149747
4.6	0.982232	-0.157654	0.10181	0.126157	0.153042	-0.980134	0.138941	0.975563	0.170212
4.63333	0.973689	-0.170796	0.150859	0.193379	0.269057	-0.943511	0.120559	0.947859	0.295007
4.66667	0.981105	-0.117401	0.153785	0.19347	0.589069	-0.784581	0.00152104	0.799509	0.600652
4.7	0.999147	-0.00863482	0.0403927	0.0297865	0.828114	-0.559768	-0.0286162	0.560493	0.827664
4.73333	0.997817	0.0241951	-0.0614479	-0.0519663	0.861847	-0.504499	0.0407523	0.506591	0.861223
4.76667	0.997752	-0.0128256	-0.0657688	-0.0189278	0.887595	-0.460235	0.0642789	0.460446	0.885358
4.8	0.995183	-0.0980211	0.0016773	0.0902606	0.909447	-0.405905	0.0382619	0.404101	0.913914
4.83333	0.978219	-0.203195	0.0424246	0.204428	0.907577	-0.36676	0.0360204	0.367445	0.929348
4.86667	0.956343	-0.275955	0.0962139	0.292068	0.913999	-0.281605	-0.0102292	0.297412	0.954694
4.9	0.964957	-0.205971	0.162585	0.243888	0.932601	-0.266033	-0.0968322	0.296363	0.950154
4.93333	0.973741	-0.106839	0.201033	0.154935	0.957995	-0.241332	-0.166805	0.266142	0.949392
4.96667	0.970104	-0.0219936	0.241692	0.0882354	0.959696	-0.266829	-0.226082	0.280178	0.932945
5	0.957408	0.0500181	0.284374	0.0297817	0.962522	-0.269563	-0.287199	0.266551	0.920037
