0	1	0	0	0	1	0	0	0	1
0.0333333	0.995525	0.0756919	0.0565832	-0.0767291	0.996917	0.0163846	-0.0551686	-0.0206529	0.998263
0.0666667	0.998917	0.0372003	0.0279497	-0.0376325	0.999178	0.0151003	-0.027365	-0.0161358	0.999495
0.1	0.999057	0.0359625	0.0243318	-0.0362893	0.999255	0.0131261	-0.0238417	-0.0139967	0.999618
0.133333	0.999106	0.0354513	0.0230165	-0.0357432	0.999284	0.0123957	-0.0225606	-0.0132073	0.999658
0.166667	0.999139	0.0352048	0.0219643	-0.0354795	0.999295	0.012245	-0.0215178	-0.0130137	0.999684
0.2	0.999179	0.035423	0.0196592	-0.0356708	0.999287	0.012404	-0.0192057	-0.0130951	0.99973
0.233333	0.999176	0.0367309	0.0172792	-0.0369508	0.999238	0.0125796	-0.0168039	-0.0132077	0.999772
0.266667	0.999192	0.0375852	0.0142162	-0.0377847	0.999187	0.014033	-0.0136772	-0.0145588	0.9998
0.3	0.999207	0.0381595	0.0113287	-0.038334	0.999143	0.0156086	-0.0107234	-0.0160305	0.999814
0.333333	0.999154	0.0400584	0.00935129	-0.0402265	0.999019	0.0185371	-0.00859954	-0.0188976	0.999784
0.366667	0.999107	0.0415631	0.00755794	-0.0417157	0.998903	0.0212967	-0.00666449	-0.0215929	0.999745
0.4	0.999092	0.0421732	0.00596932	-0.0423007	0.998837	0.0231564	-0.0049858	-0.0233879	0.999714
0.433333	0.999068	0.0429306	0.00443745	-0.0430267	0.998774	0.0244878	-0.00338074	-0.0246559	0.99969
0.466667	0.999079	0.0427954	0.00301796	-0.0428555	0.998794	0.023956	-0.00198911	-0.0240633	0.999708
0.5	0.999033	0.04392	0.00224764	-0.0439617	0.998739	0.024263	-0.00117917	-0.0243383	0.999703
0.533333	0.999	0.0446836	0.00157425	-0.044709	0.998688	0.024969	-0.000456486	-0.0250144	0.999687
0.566667	0.998981	0.0451368	0.000689952	-0.0451399	0.998665	0.0250942	0.000443641	-0.0250998	0.999685
0.6	0.998995	0.0448112	1.43117e-05	-0.044798	0.998692	0.0246434	0.00109001	-0.0246192	0.999696
0.633333	0.99893	0.0462432	2.1666e-06	-0.046228	0.9986	0.025704	0.00118647	-0.0256767	0.99967
0.666667	0.998897	0.0469454	-0.00024218	-0.0469218	0.998535	0.026956	0.00150729	-0.0269149	0.999637
0.7	0.998887	0.0471595	-0.000715713	-0.0471234	0.99853	0.026788	0.00197797	-0.0267245	0.999641
0.733333	0.998859	0.0477584	-0.000686835	-0.0477221	0.99849	0.0272176	0.00198567	-0.0271537	0.999629
0.766667	0.998856	0.0477963	-0.00116951	-0.0477469	0.998489	0.0271957	0.0024676	-0.0271088	0.999629
0.8	0.998867	0.0475454	-0.00181087	-0.0474802	0.998515	0.0267174	0.00307847	-0.0266011	0.999641
0.833333	0.998819	0.0485496	-0.00196123	-0.0484765	0.998438	0.0277639	0.00330609	-0.027636	0.999613
0.866667	0.998832	0.0482736	-0.00219847	-0.0481958	0.998465	0.0272835	0.00351217	-0.0271457	0.999625
0.9	0.998832	0.0482656	-0.00228154	-0.0481859	0.998468	0.0272082	0.00359127	-0.0270665	0.999627
0.933333	0.998858	0.0477128	-0.00229328	-0.0476354	0.998513	0.0265119	0.00355483	-0.0263724	0.999646
0.966667	0.99886	0.0476842	-0.00237661	-0.0476044	0.998513	0.0265713	0.0036401	-0.0264279	0.999644
1	0.998868	0.0475185	-0.00208564	-0.0474481	0.998533	0.0260928	0.00332247	-0.0259643	0.999657
1.03333	0.998916	0.0465104	-0.00202866	-0.0464454	0.998609	0.0249657	0.003187	-0.0248444	0.999686
1.06667	0.998968	0.0453993	-0.00146452	-0.0453549	0.998717	0.0225222	0.00248513	-0.0224326	0.999745
1.1	0.998953	0.0457383	-0.000922947	-0.0457037	0.998676	0.023621	0.00200211	-0.0235541	0.999721
1.13333	0.999002	0.0446684	-0.000136119	-0.0446531	0.998731	0.0232921	0.00117637	-0.0232628	0.999729
1.16667	0.999056	0.0434202	0.0013479	-0.0434393	0.998815	0.0219286	-0.000394161	-0.0219664	0.999759
1.2	0.999113	0.0420428	0.00238358	-0.0420838	0.99889	0.0211364	-0.0014923	-0.0212179	0.999774
1.23333	0.999112	0.0420026	0.0032619	-0.0420636	0.99888	0.0216657	-0.00234823	-0.0217837	0.99976
1.26667	0.999153	0.0409298	0.00414389	-0.0410058	0.998953	0.0203049	-0.00330848	-0.0204577	0.999785
1.3	0.99916	0.0407856	0.00399115	-0.0408598	0.99895	0.0207248	-0.00314168	-0.0208705	0.999777
1.33333	0.999149	0.0410112	0.00449681	-0.0410993	0.998921	0.0216479	-0.00360415	-0.0218143	0.999756
1.36667	0.999176	0.0402741	0.0050674	-0.0403726	0.998961	0.0211474	-0.00421044	-0.0213346	0.999764
1.4	0.999193	0.0397904	0.00540307	-0.0398961	0.998981	0.0210996	-0.004558	-0.0212981	0.999763
1.43333	0.999236	0.0386532	0.00573738	-0.0387589	0.999056	0.0196235	-0.00497345	-0.0198309	0.999791
1.46667	0.999225	0.0388648	0.00621618	-0.0389764	0.99906	0.0189736	-0.00547293	-0.0192012	0.999801
1.5	0.999255	0.0381274	0.00605168	-0.0382316	0.999104	0.0181469	-0.00535436	-0.0183647	0.999817
1.53333	0.999235	0.0386677	0.00583808	-0.0387714	0.999071	0.0188354	-0.00510434	-0.0190473	0.999806
1.56667	0.999251	0.038302	0.00546533	-0.0384017	0.999072	0.0194801	-0.00471414	-0.0196754	0.999795
1.6	0.999269	0.0379027	0.00489105	-0.0379937	0.999076	0.0201068	-0.00412443	-0.0202779	0.999786
1.63333	0.999305	0.037018	0.00433838	-0.0370967	0.999117	0.0197206	-0.00360453	-0.0198678	0.999796
1.66667	0.99935	0.0358374	0.00402946	-0.0359063	0.999182	0.0185763	-0.00336044	-0.0187089	0.999819
1.7	0.999368	0.0353591	0.00359379	-0.0354198	0.999201	0.0185256	-0.00293587	-0.0186411	0.999822
1.73333	0.999408	0.0342044	0.00363825	-0.0342631	0.999259	0.0175235	-0.00303617	-0.0176378	0.99984
1.76667	0.99945	0.0329778	0.00347133	-0.033028	0.999334	0.0155469	-0.00295631	-0.015653	0.999873
1.8	0.999459	0.0326012	0.00433792	-0.0326613	0.99936	0.0146047	-0.00385901	-0.0147385	0.999884
1.83333	0.999487	0.031747	0.00420442	-0.0317987	0.999411	0.0128744	-0.00379322	-0.0130015	0.999908
1.86667	0.999534	0.0302314	0.00412453	-0.030274	0.999485	0.0106827	-0.00379945	-0.0108026	0.999934
1.9	0.99959	0.0280081	0.00590763	-0.0280549	0.999574	0.0079853	-0.00568147	-0.00814776	0.999951
1.93333	0.999708	0.0234442	0.00593182	-0.0234641	0.999719	0.00330012	-0.00585279	-0.00343834	0.999977
1.96667	0.999756	0.0216629	0.00423784	-0.0216639	0.999765	0.000177277	-0.00423301	-0.000269042	0.999991
2	0.999808	0.0194077	0.00255478	-0.0193891	0.999786	-0.00714399	-0.00269288	0.00709308	0.999971
2.03333	0.999853	0.0170351	0.00208325	-0.016997	0.999709	-0.0171069	-0.00237407	0.017069	0.999851
2.06667	0.999875	0.0155563	0.00291824	-0.0154709	0.999508	-0.0272766	-0.00334113	0.027228	0.999624
2.1	0.999889	0.014337	0.00414257	-0.0141672	0.999159	-0.0384687	-0.00469062	0.0384057	0.999251
2.13333	0.999903	0.0124312	0.00633254	-0.0121184	0.99881	-0.0472422	-0.00691228	0.0471609	0.998863
2.16667	0.999873	0.0112827	0.0112723	-0.0106801	0.998582	-0.0521623	-0.0118448	0.0520352	0.998575
2.2	0.999761	0.0103945	0.0192076	-0.00942493	0.99871	-0.0498994	-0.0197015	0.0497064	0.99857
2.23333	0.99959	0.0117569	0.0261214	-0.01078	0.999248	-0.0372325	-0.0265395	0.0369357	0.998965
2.26667	0.99932	0.0158518	0.033283	-0.015317	0.99975	-0.0162603	-0.0335324	0.0157394	0.999314
2.3	0.998095	0.0267806	0.0555726	-0.0277033	0.99949	0.015901	-0.0551184	-0.0174103	0.998328
2.33333	0.993335	0.0439769	0.106545	-0.0484688	0.998026	0.0399423	-0.104578	-0.0448402	0.993505
2.36667	0.988104	0.0605798	0.141355	-0.0649648	0.997533	0.0266109	-0.139394	-0.0354774	0.989601
2.4	0.985009	0.0941463	0.14455	-0.0989935	0.99473	0.026699	-0.141274	-0.0406082	0.989137
2.43333	0.976769	0.140806	0.161545	-0.150411	0.987419	0.048794	-0.152642	-0.0719586	0.985658
2.46667	0.965058	0.179013	0.191358	-0.196186	0.977712	0.0747657	-0.173709	-0.109695	0.978669
2.5	0.959223	0.186169	0.212676	-0.20915	0.973637	0.091032	-0.190122	-0.131801	0.972873
2.53333	0.959952	0.169368	0.223173	-0.194803	0.976013	0.0972171	-0.201355	-0.136799	0.969919
2.56667	0.960284	0.14437	0.238774	-0.171643	0.980315	0.0975754	-0.219987	-0.134684	0.96616
2.6	0.958399	0.126722	0.255761	-0.157002	0.982359	0.101597	-0.238375	-0.137526	0.961387
2.63333	0.952315	0.127658	0.277127	-0.166573	0.978494	0.121667	-0.255635	-0.162027	0.953099
2.66667	0.9452	0.154414	0.287667	-0.194464	0.974011	0.116127	-0.262259	-0.165704	0.950664
2.7	0.937962	0.20076	0.282707	-0.236409	0.966713	0.0978586	-0.253651	-0.158622	0.954201
2.73333	0.933542	0.236552	0.269337	-0.269797	0.958375	0.09342	-0.236027	-0.159878	0.958504
2.76667	0.93484	0.248433	0.253684	-0.279716	0.955352	0.095194	-0.218708	-0.159951	0.962592
2.8	0.946503	0.214404	0.241168	-0.243592	0.964893	0.0982022	-0.211647	-0.151695	0.965502
2.83333	0.961937	0.155805	0.224506	-0.184537	0.976291	0.113147	-0.201554	-0.15027	0.967882
2.86667	0.981089	0.0896123	0.171561	-0.106432	0.990103	0.091478	-0.161666	-0.108008	0.980917
2.9	0.991681	0.0139799	0.12796	-0.0204839	0.998556	0.0496542	-0.127082	-0.0518622	0.990536
2.93333	0.991925	-0.0480427	0.117378	0.048508	0.998822	-0.00110932	-0.117186	0.00679413	0.993087
2.96667	0.986741	-0.0765137	0.143136	0.0867575	0.993991	-0.0667429	-0.137169	0.078276	0.98745
3	0.979346	-0.0874854	0.182286	0.114115	0.983393	-0.141127	-0.166912	0.159013	0.973065
3.03333	0.971622	-0.0933483	0.21734	0.137928	0.970045	-0.199972	-0.192163	0.224274	0.955392
3.06667	0.967827	-0.101803	0.230104	0.155424	0.96105	-0.228531	-0.197877	0.256942	0.945952
3.1	0.964852	-0.146636	0.218079	0.203052	0.942783	-0.264442	-0.166824	0.299429	0.939421
3.13333	0.956419	-0.213274	0.199443	0.267112	0.914949	-0.302522	-0.11796	0.342611	0.932042
3.16667	0.942929	-0.27624	0.185948	0.321472	0.900778	-0.291984	-0.0868405	0.335097	0.938173
3.2	0.93635	-0.29748	0.186426	0.339187	0.903553	-0.261811	-0.0905625	0.30838	0.946942
3.23333	0.947176	-0.263367	0.183016	0.302067	0.924333	-0.233161	-0.10776	0.276127	0.955061
3.26667	0.966067	-0.202099	0.160842	0.23369	0.949136	-0.21102	-0.110014	0.241447	0.964158
3.3	0.983454	-0.111441	0.142826	0.135416	0.975929	-0.170956	-0.120336	0.187468	0.974872
3.33333	0.989291	-0.0263807	0.143553	0.042777	0.992746	-0.11236	-0.139548	0.117297	0.983243
3.36667	0.986973	0.0346938	0.157098	-0.027762	0.998551	-0.046106	-0.15847	0.0411441	0.986506
3.4	0.98344	0.0527549	0.173384	-0.0576083	0.998073	0.0230766	-0.171833	-0.0326828	0.984584
3.43333	0.984131	0.0193608	0.176382	-0.036231	0.995013	0.0929334	-0.173703	-0.0978492	0.979925
3.46667	0.984317	-0.00697621	0.176273	-0.0181444	0.989915	0.140496	-0.175475	-0.141491	0.974263
3.5	0.981706	0.0267121	0.188518	-0.0580789	0.984934	0.162886	-0.181326	-0.170855	0.968468
3.53333	0.972909	0.0966135	0.210035	-0.137396	0.972279	0.189198	-0.185934	-0.21293	0.959213
3.56667	0.960326	0.159813	0.228547	-0.202099	0.963522	0.175444	-0.192172	-0.214673	0.957594
3.6	0.947994	0.200567	0.247144	-0.243479	0.957078	0.157227	-0.205002	-0.209225	0.956138
3.63333	0.944797	0.182598	0.272061	-0.234554	0.956685	0.172449	-0.228788	-0.226742	0.946702
3.66667	0.959652	0.159197	0.231787	-0.197693	0.968166	0.153535	-0.199966	-0.193163	0.960574
3.7	0.977421	0.106177	0.182688	-0.127702	0.985651	0.110381	-0.168347	-0.131218	0.976955
3.73333	0.987941	0.0469284	0.147546	-0.0555608	0.996943	0.054938	-0.144517	-0.0624733	0.987528
3.76667	0.990953	-0.0116747	0.133698	0.0133418	0.999844	-0.0115801	-0.133542	0.0132591	0.990954
3.8	0.988279	-0.0457563	0.145638	0.0604185	0.993361	-0.0978992	-0.140192	0.105551	0.984482
3.83333	0.984264	-0.0556699	0.167706	0.0900548	0.974608	-0.20501	-0.152035	0.216886	0.964285
3.86667	0.982661	-0.0204144	0.184282	0.0703732	0.96061	-0.268842	-0.171535	0.277149	0.945391
3.9	0.982702	-0.0041331	0.185148	0.0596198	0.953588	-0.295155	-0.175335	0.301088	0.937339
3.93333	0.982322	-0.0522669	0.179755	0.107107	0.944454	-0.310701	-0.153531	0.324461	0.933356
3.96667	0.976098	-0.131525	0.173012	0.180352	0.934411	-0.307163	-0.121265	0.331025	0.935798
4	0.962087	-0.213051	0.170285	0.253928	0.927557	-0.27415	-0.0995411	0.306997	0.946491
4.03333	0.950441	-0.252068	0.181997	0.29259	0.92313	-0.249445	-0.105129	0.290333	0.951133
4.06667	0.962455	-0.214502	0.16634	0.24808	0.943818	-0.218321	-0.110164	0.25139	0.961596
4.1	0.980305	-0.145791	0.133218	0.168449	0.969377	-0.178696	-0.103086	0.197617	0.974844
4.13333	0.991136	-0.0563216	0.120325	0.0719401	0.988943	-0.129679	-0.111691	0.137186	0.984228
4.16667	0.991628	0.0240349	0.126871	-0.0153416	0.997495	-0.069059	-0.128213	0.0665345	0.989512
4.2	0.987121	0.0689064	0.144373	-0.0702908	0.997516	0.00450386	-0.143704	-0.0145939	0.989513
4.23333	0.98541	0.0548348	0.16112	-0.0703405	0.993256	0.0921622	-0.15498	-0.102151	0.982622
4.26667	0.986625	0.0233692	0.161323	-0.0535509	0.981208	0.185371	-0.153959	-0.191531	0.969336
4.3	0.987016	0.0155361	0.159872	-0.0538531	0.969711	0.238242	-0.151328	-0.243759	0.957957
4.33333	0.98427	0.0562736	0.167467	-0.10205	0.954876	0.278923	-0.144214	-0.291626	0.945599
4.36667	0.977044	0.11335	0.180379	-0.165806	0.93624	0.30978	-0.133764	-0.332577	0.933542
4.4	0.962815	0.17616	0.204828	-0.231982	0.927659	0.292633	-0.13846	-0.329268	0.93403
4.43333	0.944237	0.204531	0.258036	-0.278442	0.914282	0.294208	-0.175743	-0.34965	0.920249
4.46667	0.936923	0.209127	0.280075	-0.292258	0.908224	0.299525	-0.191732	-0.362486	0.912054
4.5	0.945714	0.206694	0.250804	-0.273491	0.923039	0.27056	-0.175578	-0.324465	0.929459
4.53333	0.965669	0.166934	0.19904	-0.207137	0.957197	0.202157	-0.156774	-0.236446	0.958914
4.56667	0.982506	0.101802	0.155942	-0.117845	0.988251	0.0973264	-0.144201	-0.114001	0.98296
4.6	0.98865	0.0397887	0.144875	-0.0368434	0.999057	-0.0229576	-0.145652	0.0173593	0.989184
4.63333	0.9886	-0.00964886	0.150254	0.0315974	0.989017	-0.144384	-0.147211	0.147486	0.978048
4.66667	0.985728	-0.0650388	0.155276	0.103904	0.960761	-0.257181	-0.132456	0.269644	0.953807
4.7	0.985456	-0.0474486	0.163172	0.0960619	0.947626	-0.304595	-0.140173	0.315839	0.938401
4.73333	0.987144	-0.00345355	0.159796	0.0503735	0.955538	-0.290533	-0.151687	0.294847	0.943428
4.76667	0.987635	-0.0109029	0.15639	0.0527428	0.962535	-0.265977	-0.147631	0.270937	0.951209
4.8	0.98562	-0.0826885	0.147365	0.117139	0.962885	-0.243171	-0.121788	0.256936	0.958724
4.83333	0.973779	-0.188296	0.127667	0.212587	0.952978	-0.215962	-0.0809988	0.237439	0.968019
4.86667	0.94793	-0.285754	0.140618	0.311036	0.925549	-0.215908	-0.0684524	0.248403	0.966235
4.9	0.949459	-0.26773	0.163855	0.301338	0.923592	-0.237009	-0.0878812	0.274406	0.95759
4.93333	0.964114	-0.216558	0.153579	0.249906	0.935534	-0.249646	-0.0896161	0.279068	0.956081
4.96667	0.978897	-0.153809	0.134545	0.181314	0.957418	-0.22467	-0.0942599	0.244324	0.965102
5	0.988894	-0.0776381	0.126734	0.0993173	0.979569	-0.174873	-0.110568	0.185518	0.9764
