0	-0.0937414	-0.0312161	0.754607	0.999593	0.00232367	-0.0284208	-0.00151537	0.999595	0.028429	0.0284753	-0.0283744	0.999192
0.0333333	0.144796	0.956548	-1.94803	0.0755553	0.995945	-0.0488419	-0.99679	0.0741368	-0.0302332	-0.0264896	0.0509694	0.998349
0.0666667	0.142496	0.95661	-1.94876	-0.0112988	0.999836	-0.0141567	-0.998869	-0.0119394	-0.0460161	-0.0461776	0.0136208	0.99884
0.1	0.142581	0.956194	-1.94889	-0.00918331	0.999946	-0.00477423	-0.998663	-0.00941421	-0.0508317	-0.050874	0.00430104	0.998696
0.133333	0.142726	0.955953	-1.94865	-0.00462001	0.999986	-0.00243822	-0.998574	-0.00474313	-0.0531689	-0.0531797	0.00218911	0.998583
0.166667	0.142467	0.955787	-1.94812	-0.00362359	0.99999	-0.00258529	-0.998534	-0.00375792	-0.0539996	-0.0540088	0.00238583	0.998538
0.2	0.142502	0.955706	-1.94781	-0.00274771	0.999993	-0.00240423	-0.998507	-0.00287475	-0.0545397	-0.0545462	0.00225078	0.998509
0.233333	0.142416	0.955671	-1.94739	-0.0021939	0.999993	-0.00293007	-0.998511	-0.00235034	-0.0544995	-0.054506	0.00280614	0.998509
0.266667	0.142601	0.955543	-1.94735	-0.00333145	0.999994	-0.000996962	-0.998471	-0.00338139	-0.0551795	-0.0551825	0.000811609	0.998476
0.3	0.142719	0.955462	-1.94709	-0.00352129	0.999994	-0.000250161	-0.998449	-0.00352976	-0.0555658	-0.0555663	5.41098e-05	0.998455
0.333333	0.142758	0.955374	-1.94679	-0.0037119	0.999993	-0.000235518	-0.998422	-0.00371927	-0.0560407	-0.0560412	2.71291e-05	0.998428
0.366667	0.142809	0.955303	-1.9466	-0.00407263	0.999992	0.000169926	-0.998386	-0.00405647	-0.0566397	-0.0566386	-0.000400325	0.998395
0.4	0.142753	0.955292	-1.94598	-0.00254184	0.999995	-0.00191532	-0.998395	-0.00264611	-0.0565641	-0.0565689	0.00176847	0.998397
0.433333	0.142778	0.955206	-1.94592	-0.00349847	0.999994	-0.000668696	-0.998344	-0.0035311	-0.0574167	-0.0574187	0.000466718	0.99835
0.466667	0.142769	0.955177	-1.94552	-0.00369065	0.999993	-0.000872164	-0.998315	-0.00373496	-0.0579096	-0.0579124	0.00065697	0.998321
0.5	0.142809	0.955152	-1.94507	-0.00300229	0.999994	-0.00159796	-0.998294	-0.00309036	-0.0583096	-0.0583142	0.00142017	0.998297
0.533333	0.142958	0.95501	-1.94503	-0.00454874	0.99999	7.30229e-05	-0.998241	-0.00453647	-0.0591195	-0.0591185	-0.000341814	0.998251
0.566667	0.143002	0.954943	-1.94463	-0.00487927	0.999988	-0.000197725	-0.998219	-0.0048824	-0.0594495	-0.0594498	-9.26974e-05	0.998231
0.6	0.143048	0.954876	-1.94436	-0.0053007	0.999986	0.000280409	-0.998189	-0.00527437	-0.0599255	-0.0599232	-0.000597548	0.998203
0.633333	0.143064	0.954787	-1.94405	-0.00563497	0.999984	0.000301748	-0.998159	-0.00560646	-0.0603992	-0.0603966	-0.00064154	0.998174
0.666667	0.143094	0.954733	-1.94375	-0.00578658	0.999983	1.60264e-05	-0.998138	-0.00577492	-0.0607296	-0.0607285	-0.000367413	0.998154
0.7	0.143101	0.954676	-1.94346	-0.00623759	0.999981	-7.71846e-05	-0.998109	-0.00623063	-0.0611587	-0.061158	-0.000304444	0.998128
0.733333	0.143154	0.954606	-1.94322	-0.00642708	0.999979	-0.000218977	-0.998075	-0.00642835	-0.06169	-0.0616901	-0.000177931	0.998095
0.766667	0.143228	0.954543	-1.94297	-0.00701462	0.999975	-0.000267434	-0.998046	-0.00701769	-0.0620864	-0.0620868	-0.000168601	0.998071
0.8	0.14324	0.954503	-1.94265	-0.00683259	0.999976	-0.000903257	-0.998043	-0.00687552	-0.062154	-0.0621587	0.000476817	0.998066
0.833333	0.143432	0.954399	-1.9424	-0.0076242	0.999971	-0.000368893	-0.998007	-0.00763234	-0.0626446	-0.0626456	-0.000109457	0.998036
0.866667	0.143549	0.954369	-1.94205	-0.00737594	0.999973	-0.000460571	-0.997971	-0.0073903	-0.0632368	-0.0632385	-6.79409e-06	0.997998
0.9	0.144032	0.95436	-1.94204	-0.00770377	0.99997	0.000916327	-0.997912	-0.00762914	-0.0641427	-0.0641338	-0.00140855	0.99794
0.933333	0.144111	0.954334	-1.94178	-0.00820858	0.999966	0.000400135	-0.997884	-0.00816567	-0.0645073	-0.0645018	-0.000928801	0.997917
0.966667	0.144147	0.954299	-1.94148	-0.00866695	0.999962	1.63165e-05	-0.997873	-0.00864778	-0.064617	-0.0646145	-0.000576314	0.99791
1	0.144016	0.95427	-1.94108	-0.00959022	0.999954	-0.000593731	-0.997859	-0.00960854	-0.0646994	-0.0647021	-2.80217e-05	0.997905
1.03333	0.144135	0.954244	-1.94087	-0.0101042	0.999949	-0.000590818	-0.997842	-0.0101212	-0.0648835	-0.0648862	-6.60525e-05	0.997893
1.06667	0.144297	0.95424	-1.94063	-0.010455	0.999945	-0.000418284	-0.997849	-0.0104601	-0.0647166	-0.0647175	-0.000259228	0.997904
1.1	0.144434	0.954267	-1.9404	-0.0107136	0.999943	-0.000168031	-0.997836	-0.0107019	-0.064881	-0.0648791	-0.000527441	0.997893
1.13333	0.144533	0.954286	-1.94018	-0.0111939	0.999937	0.000256657	-0.997827	-0.0111536	-0.0649356	-0.0649287	-0.000982983	0.997889
1.16667	0.144558	0.954297	-1.94	-0.0115717	0.999933	0.000331201	-0.99783	-0.0115258	-0.0648325	-0.0648243	-0.0010807	0.997896
1.2	0.144486	0.954354	-1.93954	-0.0115476	0.999933	-0.00077055	-0.997885	-0.0115733	-0.0639649	-0.0639695	3.02778e-05	0.997952
1.23333	0.144478	0.954394	-1.9393	-0.0123848	0.999923	-0.00126656	-0.997894	-0.0124403	-0.0636613	-0.0636721	0.000475462	0.997971
1.26667	0.144502	0.954393	-1.93914	-0.0132255	0.999912	-0.00132833	-0.997894	-0.0132832	-0.0634846	-0.0634966	0.000485914	0.997982
1.3	0.144635	0.954397	-1.93906	-0.0137721	0.999905	-0.000876365	-0.9979	-0.0137999	-0.063291	-0.0632971	2.87549e-06	0.997995
1.33333	0.144725	0.954386	-1.93906	-0.0149658	0.999888	-0.000288024	-0.99789	-0.0149541	-0.0631894	-0.0631866	-0.000658265	0.998002
1.36667	0.144667	0.954376	-1.93903	-0.0159729	0.999872	-0.000701816	-0.997884	-0.0159854	-0.0630222	-0.0630254	-0.000306318	0.998012
1.4	0.144566	0.954397	-1.93891	-0.015403	0.99988	-0.00169873	-0.997909	-0.0154792	-0.0627479	-0.0627667	0.000728679	0.998028
1.43333	0.145072	0.954356	-1.93924	-0.0160001	0.999872	0.000343011	-0.997859	-0.0159461	-0.0634326	-0.063419	-0.0013572	0.997986
1.46667	0.144994	0.954393	-1.93917	-0.0160479	0.999871	-0.00029968	-0.99786	-0.0160346	-0.0633835	-0.0633801	-0.000718134	0.997989
1.5	0.145103	0.954386	-1.93934	-0.0171882	0.999852	0.000158259	-0.997826	-0.0171433	-0.0636331	-0.063621	-0.00125165	0.997973
1.53333	0.145142	0.954381	-1.93933	-0.0178195	0.999841	0.000215592	-0.997828	-0.0177699	-0.0634336	-0.0634196	-0.00134548	0.997986
1.56667	0.14529	0.954378	-1.93929	-0.0179352	0.999839	0.000652509	-0.997853	-0.0178585	-0.0630143	-0.0629925	-0.00178128	0.998012
1.6	0.145437	0.954389	-1.93924	-0.0185909	0.999826	0.00139732	-0.997862	-0.0184668	-0.0626968	-0.0626601	-0.00255992	0.998032
1.63333	0.145411	0.954476	-1.93908	-0.0181783	0.999834	0.00110434	-0.997906	-0.0180747	-0.0620968	-0.0620665	-0.00223084	0.99807
1.66667	0.145576	0.954489	-1.93908	-0.0179779	0.999837	0.00187833	-0.997918	-0.017827	-0.0619752	-0.0619316	-0.0029886	0.998076
1.7	0.145802	0.954452	-1.93921	-0.0193563	0.999808	0.00309179	-0.997886	-0.019127	-0.0621104	-0.0620393	-0.00428748	0.998064
1.73333	0.145801	0.954465	-1.9391	-0.0189408	0.999817	0.00267555	-0.997904	-0.0187389	-0.0619364	-0.0618749	-0.00384307	0.998077
1.76667	0.145947	0.954427	-1.93915	-0.0190758	0.999812	0.00335106	-0.997889	-0.0188308	-0.0621604	-0.0620857	-0.00452974	0.998061
1.8	0.146003	0.954384	-1.93921	-0.0195462	0.999802	0.00375507	-0.997881	-0.0192753	-0.0621437	-0.0620591	-0.00496179	0.99806
1.83333	0.146081	0.95431	-1.93927	-0.0200066	0.999791	0.00429537	-0.997867	-0.0197008	-0.0622323	-0.0621347	-0.00553126	0.998052
1.86667	0.146187	0.954231	-1.93931	-0.0201018	0.999787	0.00477443	-0.997844	-0.0197638	-0.062588	-0.0624803	-0.00602226	0.998028
1.9	0.146101	0.954106	-1.93944	-0.0211495	0.999763	0.00511412	-0.997767	-0.0207826	-0.0634728	-0.0633515	-0.00644512	0.99797
1.93333	0.1463	0.954015	-1.93927	-0.0215317	0.999749	0.00617114	-0.997732	-0.0210937	-0.0639172	-0.063771	-0.0075334	0.997936
1.96667	0.146309	0.953889	-1.93924	-0.0220421	0.999736	0.00643113	-0.997699	-0.0215838	-0.0642686	-0.0641128	-0.00783295	0.997912
2	0.146226	0.953733	-1.93911	-0.0222467	0.999732	0.00635711	-0.997669	-0.0217895	-0.0646741	-0.0645183	-0.00778108	0.997886
2.03333	0.146242	0.953489	-1.93902	-0.0230388	0.999709	0.00720446	-0.997579	-0.0225155	-0.0658015	-0.0656201	-0.008703	0.997807
2.06667	0.146079	0.953283	-1.93889	-0.0232262	0.9997	0.00782864	-0.997502	-0.0226512	-0.0669125	-0.066715	-0.00936321	0.997728
2.1	0.145909	0.953084	-1.93847	-0.0238313	0.999675	0.00901533	-0.997427	-0.0231659	-0.067843	-0.0676121	-0.0106089	0.997655
2.13333	0.145644	0.952856	-1.93808	-0.0239092	0.999661	0.0103239	-0.997338	-0.0231395	-0.0691551	-0.0688928	-0.0119498	0.997552
2.16667	0.145284	0.952554	-1.93738	-0.0246253	0.999625	0.0119467	-0.997232	-0.0237243	-0.0704624	-0.0701526	-0.0136488	0.997443
2.2	0.144971	0.952265	-1.93658	-0.0243378	0.9996	0.0143984	-0.99717	-0.0232488	-0.071498	-0.0711347	-0.0160978	0.997337
2.23333	0.144395	0.95198	-1.93569	-0.0240202	0.999566	0.0170688	-0.997088	-0.0227174	-0.0728034	-0.072384	-0.0187678	0.9972
2.26667	0.143752	0.951681	-1.93436	-0.0231043	0.999516	0.0208282	-0.997053	-0.0215129	-0.0736372	-0.0731535	-0.0224682	0.997068
2.3	0.142481	0.951297	-1.93254	-0.0230278	0.999462	0.02334	-0.997007	-0.0212353	-0.0743386	-0.073803	-0.024982	0.99696
2.33333	0.141795	0.950918	-1.93113	-0.0222976	0.999364	0.0278401	-0.996948	-0.0201424	-0.0754291	-0.0748203	-0.029437	0.996762
2.36667	0.140414	0.950366	-1.92957	-0.0228091	0.999258	0.0310403	-0.996815	-0.0203583	-0.0771027	-0.0764135	-0.0327001	0.99654
2.4	0.13891	0.949823	-1.92755	-0.0219308	0.9992	0.0334563	-0.996744	-0.0192552	-0.0782993	-0.0775924	-0.0350645	0.996368
2.43333	0.13709	0.949187	-1.92504	-0.0218465	0.99916	0.034679	-0.996654	-0.0190326	-0.0794948	-0.078768	-0.0362996	0.996232
2.46667	0.135342	0.948558	-1.92262	-0.0216791	0.999133	0.035529	-0.996534	-0.0187409	-0.081043	-0.0803069	-0.0371628	0.996077
2.5	0.133296	0.947854	-1.91984	-0.021464	0.999085	0.0369795	-0.996386	-0.018336	-0.0829417	-0.0821878	-0.0386262	0.995868
2.53333	0.131105	0.947167	-1.91683	-0.0211684	0.999073	0.0374755	-0.996235	-0.0179267	-0.0848172	-0.0840667	-0.0391299	0.995692
2.56667	0.12875	0.946468	-1.91374	-0.0210616	0.999074	0.0375264	-0.996017	-0.017715	-0.0873821	-0.0866364	-0.0392174	0.995468
2.6	0.126419	0.945707	-1.91033	-0.0215146	0.99906	0.0376447	-0.995798	-0.0180615	-0.0897806	-0.0890163	-0.0394181	0.99525
2.63333	0.12397	0.944936	-1.90676	-0.0207814	0.999098	0.0370246	-0.995594	-0.0172931	-0.092165	-0.0914416	-0.0387768	0.995055
2.66667	0.12161	0.944074	-1.90308	-0.020684	0.999102	0.0369774	-0.995376	-0.0171087	-0.0945184	-0.0938008	-0.0387615	0.994836
2.7	0.118907	0.943192	-1.89936	-0.0214062	0.999133	0.0357196	-0.995163	-0.0178677	-0.0965977	-0.0958757	-0.0376146	0.994682
2.73333	0.116286	0.942231	-1.89523	-0.0223872	0.999144	0.0348006	-0.994997	-0.0188772	-0.0981061	-0.0973651	-0.0368228	0.994567
2.76667	0.113594	0.941248	-1.89062	-0.0214855	0.999233	0.0327362	-0.994912	-0.0181459	-0.0991016	-0.0984316	-0.0346989	0.994539
2.8	0.110748	0.94045	-1.88607	-0.0197119	0.999345	0.0303602	-0.994858	-0.016588	-0.0999123	-0.0993432	-0.0321736	0.994533
2.83333	0.107758	0.93973	-1.88122	-0.0177561	0.999482	0.026842	-0.994828	-0.0149754	-0.100465	-0.100011	-0.028487	0.994578
2.86667	0.104212	0.938956	-1.87622	-0.0133932	0.999675	0.0216833	-0.994855	-0.0111444	-0.100698	-0.100424	-0.0229204	0.994681
2.9	0.100489	0.937865	-1.8713	-0.00957689	0.999799	0.0176006	-0.994942	-0.00776734	-0.100148	-0.0999917	-0.0184707	0.994817
2.93333	0.0965839	0.936807	-1.86634	-0.000649283	0.99993	0.011834	-0.995167	0.000515923	-0.0981943	-0.0981935	-0.0118406	0.995097
2.96667	0.0930333	0.935965	-1.86135	0.009708	0.999926	0.00739728	-0.995344	0.0103725	-0.0958306	-0.0959002	-0.00643251	0.99537
3	0.0902037	0.935288	-1.85686	0.0171244	0.999843	0.0044569	-0.995329	0.0174703	-0.0949481	-0.0950111	-0.00281016	0.995472
3.03333	0.0889815	0.934822	-1.85139	0.0269833	0.999636	0.000321037	-0.995244	0.0268948	-0.0936259	-0.0936004	0.00220682	0.995607
3.06667	0.0893583	0.934712	-1.84478	0.0409538	0.999158	-0.00256538	-0.994868	0.0405399	-0.0927075	-0.0925254	0.00634894	0.99569
3.1	0.0907017	0.934906	-1.83717	0.0619966	0.998066	-0.00446029	-0.993817	0.061319	-0.0925599	-0.0921074	0.0101711	0.995697
3.13333	0.0932877	0.935368	-1.82795	0.0911316	0.995831	-0.00384253	-0.991664	0.0903959	-0.0918197	-0.0910895	0.0121782	0.995768
3.16667	0.0971102	0.935887	-1.81788	0.121961	0.992534	-0.000924319	-0.988297	0.121354	-0.0924272	-0.091625	0.012186	0.995719
3.2	0.101703	0.936142	-1.8074	0.150964	0.988538	0.00117065	-0.984011	0.150386	-0.0954313	-0.0945136	0.0132548	0.995435
3.23333	0.107194	0.936197	-1.79617	0.176423	0.984306	0.00398327	-0.979304	0.175932	-0.10006	-0.0991908	0.0137522	0.994973
3.26667	0.112866	0.93572	-1.7836	0.197347	0.980322	0.00477616	-0.974765	0.196742	-0.10548	-0.104344	0.0161605	0.99441
3.3	0.118389	0.93453	-1.769	0.213189	0.97701	0.00165577	-0.971007	0.212066	-0.110333	-0.108147	0.021914	0.993893
3.33333	0.123091	0.932122	-1.75078	0.221354	0.975154	-0.00875273	-0.969115	0.218965	-0.113446	-0.108711	0.0335942	0.993506
3.36667	0.126642	0.929228	-1.72874	0.223502	0.974304	-0.0279116	-0.969124	0.219072	-0.11316	-0.104137	0.0523413	0.993185
3.4	0.13106	0.928731	-1.70664	0.243738	0.969248	-0.0339265	-0.964709	0.238706	-0.111157	-0.0996404	0.0598224	0.993224
3.43333	0.136396	0.930857	-1.68444	0.261387	0.96478	-0.0296036	-0.960197	0.256771	-0.109957	-0.0984833	0.0571667	0.993495
3.46667	0.142588	0.933696	-1.66187	0.263611	0.964304	-0.0250615	-0.959581	0.259488	-0.108951	-0.098559	0.0527692	0.993731
3.5	0.149637	0.935631	-1.63888	0.259552	0.965419	-0.0244921	-0.96053	0.255443	-0.110143	-0.100078	0.0521132	0.993614
3.53333	0.15722	0.936912	-1.61713	0.252837	0.967281	-0.0210133	-0.962141	0.24909	-0.110631	-0.101777	0.0481893	0.993639
3.56667	0.164169	0.938434	-1.5965	0.243627	0.969742	-0.0156999	-0.964357	0.240487	-0.11037	-0.103254	0.0420293	0.993767
3.6	0.169994	0.940132	-1.57653	0.226887	0.973872	-0.00975624	-0.968557	0.224576	-0.107066	-0.102077	0.0337413	0.994204
3.63333	0.174715	0.941535	-1.55667	0.200021	0.979772	-0.00612542	-0.975028	0.198429	-0.0997358	-0.0965029	0.0259217	0.994995
3.66667	0.17809	0.942462	-1.5375	0.166581	0.986025	-0.00218883	-0.981933	0.165687	-0.0914065	-0.0897665	0.0173759	0.995811
3.7	0.180595	0.94278	-1.51934	0.137194	0.990538	0.0034262	-0.98688	0.136983	-0.0854662	-0.0851268	0.0083442	0.996335
3.73333	0.182229	0.942454	-1.50158	0.105549	0.994349	0.0113831	-0.991101	0.106124	-0.0803506	-0.0811045	-0.00280089	0.996702
3.76667	0.182854	0.941898	-1.48342	0.073187	0.997183	0.0164323	-0.994497	0.0742085	-0.0739463	-0.0749574	-0.01093	0.997127
3.8	0.182957	0.94123	-1.46508	0.0373827	0.999096	0.0202292	-0.996903	0.0386868	-0.0684599	-0.0691806	-0.0176073	0.997449
3.83333	0.182563	0.94038	-1.44674	-0.00118534	0.999674	0.0255223	-0.997941	0.000454359	-0.0641443	-0.0641349	-0.0255458	0.997614
3.86667	0.181212	0.939223	-1.42867	-0.0393818	0.998772	0.0300707	-0.997437	-0.0374945	-0.060938	-0.0597356	-0.0323935	0.997688
3.9	0.178845	0.937591	-1.4108	-0.0742552	0.99665	0.0342799	-0.995592	-0.0721136	-0.0599705	-0.0572976	-0.0385819	0.997611
3.93333	0.175329	0.935553	-1.39359	-0.104353	0.993992	0.0330062	-0.992799	-0.10215	-0.0625794	-0.0588318	-0.0392988	0.997494
3.96667	0.171406	0.933203	-1.37645	-0.128675	0.991291	0.0280309	-0.989698	-0.126576	-0.0669046	-0.0627738	-0.0363511	0.997366
4	0.167888	0.930571	-1.35878	-0.147731	0.988693	0.0257336	-0.986686	-0.145542	-0.0725827	-0.0680166	-0.0361138	0.99703
4.03333	0.164462	0.927466	-1.33972	-0.161457	0.986487	0.027849	-0.984137	-0.158842	-0.0790134	-0.0735221	-0.0401645	0.996484
4.06667	0.161404	0.923928	-1.31753	-0.172066	0.984301	0.0393082	-0.98208	-0.16829	-0.084833	-0.076886	-0.0532007	0.99562
4.1	0.158668	0.919977	-1.29155	-0.179938	0.981908	0.0589885	-0.980797	-0.174502	-0.0871051	-0.0752356	-0.0735292	0.994451
4.13333	0.155295	0.916784	-1.26314	-0.1952	0.977589	0.0788511	-0.97838	-0.188494	-0.085104	-0.0683337	-0.0937587	0.993247
4.16667	0.150668	0.916852	-1.23475	-0.234662	0.968434	0.0840764	-0.970033	-0.227685	-0.0848234	-0.063003	-0.101462	0.992842
4.2	0.144789	0.919901	-1.20628	-0.266205	0.960329	0.0830809	-0.961978	-0.259217	-0.0860479	-0.0610983	-0.102828	0.992821
4.23333	0.137613	0.923827	-1.17841	-0.27603	0.957237	0.0866287	-0.959348	-0.268875	-0.085782	-0.0588215	-0.106785	0.992541
4.26667	0.129053	0.926813	-1.15148	-0.27376	0.957741	0.0882464	-0.959919	-0.266341	-0.0872815	-0.0600895	-0.108604	0.992267
4.3	0.120194	0.928909	-1.12529	-0.272463	0.958471	0.0842488	-0.960288	-0.265418	-0.0860263	-0.0600926	-0.104342	0.992724
4.33333	0.112377	0.930643	-1.10149	-0.268322	0.960276	0.0766359	-0.961248	-0.261667	-0.0867911	-0.0632903	-0.0969541	0.993275
4.36667	0.106684	0.932224	-1.07925	-0.246862	0.966091	0.0756779	-0.966897	-0.240358	-0.0856633	-0.0645688	-0.0943198	0.993446
4.4	0.103255	0.933782	-1.05751	-0.211868	0.973993	0.0803021	-0.975272	-0.205426	-0.0815123	-0.0628963	-0.0955863	0.993432
4.43333	0.101135	0.935207	-1.03616	-0.174466	0.981207	0.0824304	-0.982616	-0.168096	-0.078806	-0.0634687	-0.0947463	0.993476
4.46667	0.0998919	0.936164	-1.01488	-0.136486	0.987195	0.0825634	-0.988507	-0.130249	-0.0767369	-0.0650005	-0.092088	0.993627
4.5	0.0991855	0.936437	-0.993589	-0.0979221	0.991698	0.083343	-0.993051	-0.0918753	-0.0735401	-0.0652724	-0.089965	0.993804
4.53333	0.099069	0.936033	-0.972046	-0.0592809	0.994835	0.0823975	-0.996129	-0.053587	-0.069678	-0.0649027	-0.0862092	0.994161
4.56667	0.0995956	0.935216	-0.950311	-0.0202751	0.99656	0.08036	-0.997667	-0.0149257	-0.0666185	-0.0651898	-0.0815232	0.994537
4.6	0.101536	0.934073	-0.928293	0.0197229	0.996358	0.0829535	-0.997657	0.0250487	-0.0636598	-0.0655059	-0.0815036	0.994518
4.63333	0.104695	0.932437	-0.907582	0.059091	0.994461	0.086922	-0.995808	0.0648127	-0.0645466	-0.0698227	-0.0827435	0.994122
4.66667	0.1088	0.930295	-0.887155	0.0893848	0.991246	0.0971706	-0.993112	0.0961217	-0.067007	-0.0757607	-0.0905119	0.99301
4.7	0.112872	0.927738	-0.867032	0.11361	0.987778	0.106716	-0.989955	0.121645	-0.0720562	-0.0841569	-0.0974573	0.991675
4.73333	0.116664	0.924655	-0.845485	0.136414	0.984506	0.110179	-0.986324	0.14536	-0.077691	-0.0925029	-0.0980744	0.990871
4.76667	0.120391	0.920514	-0.821482	0.152341	0.982436	0.10776	-0.983221	0.16172	-0.0843981	-0.100343	-0.0930951	0.990588
4.8	0.122491	0.915164	-0.793051	0.163468	0.982231	0.0921994	-0.981219	0.171575	-0.0881575	-0.10241	-0.0760568	0.99183
4.83333	0.124411	0.910323	-0.763225	0.187366	0.979729	0.0708803	-0.97704	0.19333	-0.089537	-0.101425	-0.0524766	0.993458
4.86667	0.126243	0.908911	-0.733998	0.223704	0.973126	0.0546114	-0.969131	0.228045	-0.0937017	-0.103637	-0.0319641	0.994101
4.9	0.127279	0.911466	-0.705551	0.248589	0.968127	0.0305532	-0.962818	0.250424	-0.101336	-0.105757	-0.00422618	0.994383
4.93333	0.129217	0.914901	-0.67762	0.252356	0.967634	0.000553613	-0.961992	0.250946	-0.107688	-0.104342	0.0266431	0.994185
4.96667	0.132361	0.91724	-0.651065	0.254705	0.966635	-0.0272485	-0.96154	0.250166	-0.113393	-0.102793	0.0550824	0.993176
5	0.135927	0.918454	-0.626323	0.259787	0.964716	-0.0428319	-0.96019	0.253343	-0.117696	-0.102692	0.0717027	0.992126
5.03333	0.13947	0.919388	-0.603376	0.256995	0.965187	-0.0486543	-0.960837	0.249788	-0.119996	-0.103666	0.0775873	0.991581
5.06667	0.141738	0.920497	-0.580944	0.241067	0.968847	-0.0567691	-0.96536	0.233361	-0.116718	-0.0998347	0.0829396	0.991541
5.1	0.143577	0.921808	-0.558351	0.214922	0.974651	-0.0621649	-0.972197	0.207453	-0.108612	-0.0929622	0.0837796	0.992139
5.13333	0.145327	0.923223	-0.536213	0.183735	0.981225	-0.0586425	-0.9791	0.177392	-0.0994765	-0.0872061	0.0756942	0.99331
5.16667	0.146901	0.924318	-0.515534	0.148325	0.987765	-0.0481738	-0.985269	0.143407	-0.0931624	-0.0851141	0.0612825	0.994485
5.2	0.148897	0.924807	-0.496121	0.109843	0.993372	-0.033858	-0.99043	0.106527	-0.0877541	-0.0835657	0.0431732	0.995567
5.23333	0.15012	0.924948	-0.476657	0.072149	0.997133	-0.0227917	-0.9943	0.0701081	-0.0803223	-0.0784942	0.0284569	0.996508
5.26667	0.150715	0.924993	-0.457528	0.0345394	0.999309	-0.0137656	-0.996765	0.0334447	-0.0730871	-0.0725762	0.0162454	0.997231
5.3	0.150837	0.924811	-0.438678	-0.00404719	0.999976	-0.00560626	-0.997686	-0.00441828	-0.0678428	-0.0678659	0.00531871	0.99768
5.33333	0.150391	0.924417	-0.420217	-0.0421701	0.999106	0.00301843	-0.997103	-0.0418938	-0.0634899	-0.0633067	-0.00568706	0.997978
5.36667	0.148944	0.923614	-0.402108	-0.0766532	0.997023	0.0083413	-0.995249	-0.0760078	-0.0608431	-0.060028	-0.0129655	0.998112
5.4	0.146567	0.92235	-0.384014	-0.105218	0.994401	0.00983425	-0.992645	-0.104427	-0.0612417	-0.0598718	-0.0162057	0.998075
5.43333	0.143963	0.920768	-0.365601	-0.128957	0.991595	0.010413	-0.989694	-0.128037	-0.0641219	-0.0622498	-0.0185746	0.997888
5.46667	0.141203	0.918901	-0.346508	-0.149689	0.98868	0.0102621	-0.986538	-0.148658	-0.0681481	-0.0658511	-0.020325	0.997622
5.5	0.138283	0.916616	-0.326011	-0.16516	0.98621	0.0105424	-0.983844	-0.163996	-0.0718139	-0.0690947	-0.0222329	0.997362
5.53333	0.135424	0.913701	-0.303046	-0.174104	0.984636	0.0134242	-0.982025	-0.172601	-0.0763896	-0.0728989	-0.0264827	0.996988
5.56667	0.133147	0.909918	-0.276268	-0.181358	0.983127	0.0238848	-0.980626	-0.178962	-0.0796553	-0.0740368	-0.0378683	0.996536
5.6	0.131045	0.905661	-0.24583	-0.195089	0.979817	0.0435852	-0.978291	-0.191233	-0.0798576	-0.0699109	-0.0582184	0.995853
5.63333	0.128806	0.903954	-0.215552	-0.232436	0.971012	0.0557549	-0.970396	-0.227657	-0.0806526	-0.0656217	-0.0728508	0.995182
5.66667	0.126427	0.906083	-0.186369	-0.268201	0.961352	0.0622216	-0.961212	-0.26273	-0.0839311	-0.0643398	-0.0823185	0.994527
5.7	0.123237	0.910133	-0.158316	-0.277604	0.958013	0.0717412	-0.958773	-0.271553	-0.0837429	-0.0607452	-0.0920309	0.993902
5.73333	0.11939	0.913103	-0.131997	-0.272494	0.958323	0.0858183	-0.960377	-0.265483	-0.0848205	-0.0585022	-0.105531	0.992694
5.76667	0.115833	0.914549	-0.106883	-0.271288	0.957634	0.0966445	-0.960917	-0.263721	-0.0841979	-0.0551435	-0.115709	0.991751
5.8	0.113127	0.915424	-0.0830847	-0.267211	0.958364	0.100683	-0.961989	-0.259185	-0.0860221	-0.0563449	-0.119842	0.991193
5.83333	0.110802	0.916573	-0.0602292	-0.248142	0.963416	0.10127	-0.966928	-0.239963	-0.0864206	-0.058958	-0.119365	0.991098
5.86667	0.108861	0.91831	-0.0381932	-0.220686	0.970331	0.0987689	-0.973541	-0.212988	-0.0827916	-0.0592986	-0.114426	0.99166
5.9	0.107605	0.920075	-0.0172904	-0.190198	0.977311	0.093215	-0.979888	-0.183141	-0.0792401	-0.0603707	-0.106412	0.992488
5.93333	0.107139	0.921497	0.00290202	-0.158334	0.983179	0.0910457	-0.985393	-0.151486	-0.0777981	-0.0626973	-0.102034	0.992803
5.96667	0.107214	0.922355	0.0226555	-0.123275	0.988381	0.0889189	-0.990227	-0.116625	-0.0764735	-0.0652148	-0.0974772	0.993099
6	0.107916	0.922539	0.0427554	-0.0889495	0.992358	0.0855185	-0.993918	-0.0828357	-0.0725663	-0.0649278	-0.0914531	0.99369
6.03333	0.109557	0.922108	0.0631191	-0.0542311	0.995254	0.0808027	-0.996404	-0.0486619	-0.0693679	-0.0651066	-0.084274	0.994313
6.06667	0.112695	0.921159	0.083533	-0.0162694	0.996823	0.0779665	-0.997699	-0.0110515	-0.0668953	-0.0658211	-0.0788755	0.994709
6.1	0.11749	0.919841	0.103654	0.0205247	0.996502	0.0810129	-0.997521	0.0258663	-0.0654467	-0.0673132	-0.0794688	0.994562
6.13333	0.123356	0.918291	0.122339	0.0552368	0.994613	0.0877178	-0.99581	0.0612893	-0.0678745	-0.072885	-0.083601	0.99383
6.16667	0.130174	0.916655	0.141004	0.0868787	0.991425	0.0976146	-0.992973	0.0940825	-0.071788	-0.0803563	-0.0906917	0.992632
6.2	0.136772	0.914708	0.160019	0.114605	0.987852	0.10495	-0.989401	0.122987	-0.0772003	-0.08917	-0.0949906	0.991476
6.23333	0.142941	0.912285	0.179683	0.133919	0.984849	0.110169	-0.98606	0.143504	-0.0842131	-0.0987469	-0.0973557	0.990339
6.26667	0.148137	0.909321	0.203376	0.152169	0.983473	0.0981105	-0.982787	0.161086	-0.0904524	-0.104762	-0.0826576	0.991056
6.3	0.152176	0.90589	0.230032	0.161103	0.983942	0.076832	-0.981028	0.168159	-0.0964731	-0.107844	-0.0598322	0.992366
6.33333	0.155853	0.904278	0.257028	0.182161	0.981588	0.0574681	-0.97704	0.187266	-0.101607	-0.110498	-0.0376397	0.993163
6.36667	0.160218	0.905679	0.284197	0.201676	0.978205	0.0494114	-0.972668	0.205952	-0.107241	-0.115081	-0.0264328	0.993004
6.4	0.164495	0.908542	0.310684	0.21001	0.977215	0.0307689	-0.970304	0.212181	-0.116141	-0.120023	-0.00546454	0.992756
6.43333	0.16987	0.911038	0.337398	0.21166	0.977298	0.00946971	-0.96981	0.211219	-0.121884	-0.121117	0.016614	0.992499
6.46667	0.175873	0.912639	0.362466	0.21237	0.977184	-0.00318494	-0.969687	0.210335	-0.124363	-0.120856	0.0294994	0.992232
6.5	0.182044	0.913803	0.386072	0.211731	0.977313	-0.00534423	-0.96967	0.209386	-0.126087	-0.122108	0.0318787	0.992005
6.53333	0.18781	0.914968	0.408554	0.20088	0.979605	-0.00461742	-0.971981	0.198725	-0.125544	-0.122066	0.0297072	0.992077
6.56667	0.192494	0.916337	0.430541	0.177791	0.984058	-0.00452815	-0.976988	0.175959	-0.120555	-0.117837	0.0258576	0.992696
6.6	0.196476	0.917689	0.451886	0.148993	0.988832	-0.00350959	-0.982555	0.147646	-0.113074	-0.111293	0.0202956	0.99358
6.63333	0.200291	0.918484	0.471489	0.120456	0.992715	0.00262478	-0.98688	0.120034	-0.107978	-0.107506	0.0104163	0.99415
6.66667	0.203759	0.918594	0.490132	0.0904465	0.995799	0.0142718	-0.990478	0.0914382	-0.102918	-0.10379	-0.00482735	0.994588
6.7	0.206259	0.918301	0.508724	0.0595695	0.997901	0.025401	-0.993514	0.0617382	-0.0954897	-0.0968574	-0.019548	0.995106
6.73333	0.207795	0.917928	0.52747	0.0257308	0.999085	0.0341554	-0.995805	0.0286177	-0.0869154	-0.0878133	-0.0317757	0.99563
6.76667	0.208618	0.917635	0.546155	-0.00931219	0.999087	0.0416865	-0.996802	-0.00596584	-0.0796903	-0.0793689	-0.0422953	0.995948
6.8	0.208603	0.917293	0.564437	-0.0441077	0.997862	0.0482364	-0.996377	-0.0404254	-0.0748189	-0.072709	-0.0513617	0.99603
6.83333	0.20777	0.916656	0.582252	-0.0760414	0.995675	0.053371	-0.994791	-0.0721119	-0.0720463	-0.0678861	-0.0585715	0.995972
6.86667	0.206068	0.915692	0.59964	-0.101641	0.993288	0.0552086	-0.992604	-0.0975556	-0.072252	-0.0663811	-0.0621441	0.995857
6.9	0.203423	0.914378	0.616886	-0.122649	0.991026	0.0531511	-0.990073	-0.118476	-0.0756174	-0.0686417	-0.061898	0.995719
6.93333	0.200086	0.912559	0.635298	-0.139784	0.989058	0.0471674	-0.987486	-0.135732	-0.0802953	-0.0730145	-0.0578011	0.995655
6.96667	0.19679	0.909946	0.655418	-0.15158	0.987549	0.0420689	-0.985401	-0.147638	-0.0847853	-0.0775187	-0.0543065	0.995511
7	0.193869	0.906206	0.678545	-0.156604	0.986756	0.0422748	-0.984288	-0.152391	-0.0891826	-0.0815592	-0.0555769	0.995118
7.03333	0.191697	0.901265	0.705007	-0.162089	0.985258	0.0547088	-0.983327	-0.156642	-0.0923662	-0.0824349	-0.0687682	0.994221
7.06667	0.189414	0.895658	0.734603	-0.170957	0.982623	0.0722824	-0.981937	-0.163881	-0.0945705	-0.0810814	-0.0871442	0.992891
7.1	0.18662	0.893651	0.76384	-0.211971	0.974002	0.0799205	-0.97405	-0.203925	-0.0981886	-0.0793381	-0.0986597	0.991953
7.13333	0.183927	0.89635	0.792318	-0.246543	0.965532	0.0834569	-0.965634	-0.237432	-0.105717	-0.0822581	-0.106653	0.990888
7.16667	0.181187	0.901646	0.819494	-0.252645	0.96262	0.0976343	-0.963777	-0.24146	-0.113274	-0.0854652	-0.122716	0.988755
7.2	0.178083	0.906342	0.844967	-0.246185	0.962044	0.11775	-0.965436	-0.232677	-0.11745	-0.0855943	-0.142594	0.986073
7.23333	0.174434	0.908912	0.86912	-0.239004	0.962187	0.130663	-0.967454	-0.224443	-0.116865	-0.0831194	-0.154342	0.984515
7.26667	0.171312	0.910114	0.892565	-0.234827	0.962454	0.136156	-0.968589	-0.219899	-0.116103	-0.0818028	-0.159143	0.983861
7.3	0.169007	0.911011	0.915776	-0.220983	0.965211	0.139762	-0.971788	-0.205808	-0.115201	-0.0824292	-0.161277	0.983461
7.33333	0.167001	0.912232	0.938221	-0.195074	0.970566	0.141234	-0.97726	-0.180142	-0.111857	-0.0831228	-0.159842	0.983637
7.36667	0.165295	0.913557	0.959459	-0.164994	0.976228	0.140555	-0.98292	-0.150972	-0.10524	-0.0815188	-0.155519	0.984464
7.4	0.163731	0.914345	0.979273	-0.133354	0.981232	0.139286	-0.987814	-0.120217	-0.0988455	-0.0802457	-0.15077	0.985306
7.43333	0.162395	0.914427	0.998709	-0.101835	0.985007	0.139248	-0.991514	-0.0891292	-0.0946387	-0.0808088	-0.147704	0.985725
7.46667	0.161372	0.914258	1.0185	-0.0721732	0.987775	0.138172	-0.994207	-0.0601858	-0.0890556	-0.0796509	-0.143799	0.986396
7.5	0.160884	0.914043	1.03808	-0.0393794	0.990562	0.13129	-0.99611	-0.0285509	-0.0833635	-0.0788283	-0.134062	0.987833
7.53333	0.161456	0.913613	1.05734	-0.0043518	0.992389	0.123069	-0.996832	0.0054689	-0.0793481	-0.0794172	-0.123024	0.989221
7.56667	0.163049	0.912886	1.07597	0.0304583	0.992861	0.11532	-0.996204	0.0395673	-0.0775419	-0.0815512	-0.112521	0.990297
7.6	0.165647	0.911803	1.09426	0.059884	0.992065	0.110551	-0.994584	0.0687245	-0.077968	-0.0849469	-0.105283	0.990807
7.63333	0.168824	0.910402	1.11225	0.0836597	0.990632	0.107935	-0.992334	0.0927077	-0.0817231	-0.0909639	-0.100271	0.990793
7.66667	0.1725	0.908722	1.13079	0.107508	0.988518	0.106177	-0.989281	0.116979	-0.0874043	-0.0988213	-0.0956422	0.990498
7.7	0.176319	0.906276	1.15051	0.127266	0.986473	0.103315	-0.986006	0.137133	-0.094793	-0.107679	-0.0898049	0.990121
7.73333	0.179384	0.90272	1.17382	0.138604	0.986107	0.0915495	-0.983727	0.147759	-0.102218	-0.114326	-0.0758919	0.99054
7.76667	0.180568	0.898048	1.20217	0.140447	0.98816	0.0617552	-0.983568	0.146397	-0.10565	-0.11344	-0.0459022	0.992484
7.8	0.181127	0.894698	1.2314	0.157924	0.987105	0.0261587	-0.981323	0.159836	-0.10704	-0.109841	-0.00876602	0.993911
7.83333	0.182448	0.893983	1.25943	0.187309	0.982301	0.000120017	-0.976059	0.186133	-0.112533	-0.110563	0.0209613	0.993648
7.86667	0.184972	0.896941	1.2857	0.21775	0.97578	-0.0209194	-0.969731	0.213874	-0.11781	-0.110482	0.0459393	0.992816
7.9	0.188679	0.901522	1.31103	0.227712	0.972823	-0.0419932	-0.967599	0.221237	-0.121684	-0.109087	0.0683415	0.99168
7.93333	0.193798	0.904926	1.33496	0.221291	0.9735	-0.0576965	-0.968993	0.212827	-0.125529	-0.109923	0.0836859	0.990411
7.96667	0.199356	0.90643	1.35763	0.20987	0.975695	-0.0630369	-0.971504	0.200836	-0.125874	-0.110155	0.0876579	0.990041
8	0.204313	0.907196	1.37888	0.196911	0.978609	-0.0595891	-0.974388	0.188605	-0.122463	-0.108604	0.0821771	0.990683
8.03333	0.207728	0.908253	1.39989	0.176826	0.982546	-0.0577546	-0.978599	0.169234	-0.117062	-0.105244	0.077218	0.991444
8.06667	0.210207	0.909711	1.4208	0.146085	0.987615	-0.0572346	-0.983856	0.138996	-0.112728	-0.103377	0.0727785	0.991976
8.1	0.21219	0.911102	1.4415	0.11194	0.992216	-0.0545516	-0.988798	0.105764	-0.10532	-0.0987304	0.06573	0.992941
8.13333	0.214016	0.911969	1.46127	0.0791295	0.995692	-0.0483297	-0.992555	0.0741919	-0.0965897	-0.092588	0.055613	0.99415
8.16667	0.215517	0.912147	1.48024	0.0441216	0.998242	-0.0395821	-0.995236	0.0404717	-0.088699	-0.0869411	0.0433071	0.995272
8.2	0.216384	0.911899	1.49905	0.0101088	0.999429	-0.0322294	-0.996607	0.00743702	-0.0819652	-0.0816787	0.0329486	0.996114
8.23333	0.216555	0.911572	1.51775	-0.0235274	0.999393	-0.0256747	-0.996787	-0.0254175	-0.0759628	-0.0765694	0.023805	0.99678
8.26667	0.215846	0.911051	1.53613	-0.054846	0.998278	-0.0208298	-0.995858	-0.0562043	-0.0714634	-0.072511	0.016824	0.997226
8.3	0.214262	0.910066	1.55435	-0.0823056	0.996472	-0.016433	-0.994151	-0.0832485	-0.0688052	-0.0699304	0.0106738	0.997495
8.33333	0.211941	0.908405	1.57229	-0.102426	0.994632	-0.014709	-0.992252	-0.103204	-0.0691787	-0.0703253	0.00750935	0.997496
8.36667	0.209187	0.90613	1.59057	-0.115251	0.993215	-0.0155228	-0.990644	-0.116075	-0.0717758	-0.0730907	0.00710526	0.9973
8.4	0.206509	0.903334	1.6099	-0.123743	0.992217	-0.0138826	-0.989321	-0.124444	-0.0758802	-0.0770173	0.0043447	0.99702
8.43333	0.204187	0.899958	1.6316	-0.129294	0.99159	-0.00563899	-0.988351	-0.129328	-0.0802268	-0.0802814	-0.00479958	0.996761
8.46667	0.202371	0.895952	1.65692	-0.134343	0.990867	0.0115633	-0.987665	-0.132944	-0.082727	-0.0804342	-0.0225345	0.996505
8.5	0.200372	0.891498	1.68626	-0.143151	0.989084	0.0349264	-0.98686	-0.139979	-0.0807097	-0.0749398	-0.0460212	0.996126
8.53333	0.197094	0.888175	1.71685	-0.161065	0.985355	0.0559705	-0.984599	-0.156517	-0.0778911	-0.0679901	-0.067654	0.99539
8.56667	0.19382	0.888293	1.74704	-0.194515	0.978063	0.0745393	-0.978937	-0.18876	-0.0777959	-0.0620193	-0.0881017	0.994179
8.6	0.189405	0.892049	1.77581	-0.228273	0.970192	0.0813552	-0.971641	-0.221724	-0.0821667	-0.0616791	-0.0978045	0.993292
8.63333	0.183232	0.896461	1.80249	-0.235868	0.967812	0.0877911	-0.969758	-0.22858	-0.0855635	-0.062742	-0.105318	0.992457
8.66667	0.176417	0.899463	1.82675	-0.229171	0.968269	0.0996761	-0.971294	-0.220766	-0.0885993	-0.0637829	-0.117119	0.991068
8.7	0.169792	0.900877	1.84907	-0.221942	0.969069	0.10792	-0.973082	-0.213085	-0.0877887	-0.0620772	-0.124499	0.990276
8.73333	0.164063	0.90175	1.87038	-0.212321	0.971517	0.105232	-0.975178	-0.203726	-0.086735	-0.062826	-0.121036	0.990658
8.76667	0.159172	0.902886	1.89121	-0.192202	0.976133	0.101111	-0.979071	-0.183708	-0.0875824	-0.066917	-0.115829	0.991013
8.8	0.155408	0.904581	1.91157	-0.163522	0.98182	0.096382	-0.984058	-0.155404	-0.0864886	-0.0699381	-0.108988	0.99158
8.83333	0.152445	0.906221	1.93081	-0.132176	0.987205	0.0891969	-0.988735	-0.124932	-0.0824352	-0.0702368	-0.099088	0.992597
8.86667	0.150184	0.90737	1.94992	-0.10011	0.991345	0.084931	-0.992562	-0.0935591	-0.0778986	-0.0692783	-0.0920977	0.993337
8.9	0.148602	0.907898	1.96921	-0.0680739	0.994327	0.0817282	-0.995216	-0.0619238	-0.0755643	-0.0700747	-0.0864812	0.993786
8.93333	0.147377	0.908123	1.98855	-0.0376948	0.996324	0.0769276	-0.996813	-0.0320741	-0.0730353	-0.0702994	-0.0794355	0.994358
8.96667	0.146871	0.908059	2.00753	-0.00579919	0.997534	0.0699497	-0.997531	-0.000874711	-0.0702264	-0.0699921	-0.0701842	0.995076
9	0.147744	0.907593	2.02581	0.0263137	0.997382	0.0673482	-0.997122	0.0309788	-0.0691889	-0.0710942	-0.0653338	0.995328
9.03333	0.14976	0.906546	2.04339	0.0558781	0.996097	0.0683274	-0.995668	0.0606862	-0.0704439	-0.0743155	-0.0640951	0.995173
9.06667	0.152191	0.904991	2.06034	0.0806288	0.994357	0.0689403	-0.993531	0.0857257	-0.0744815	-0.0799712	-0.062489	0.994837
9.1	0.154933	0.90304	2.07795	0.102196	0.992288	0.0701455	-0.990986	0.107695	-0.0796778	-0.0866176	-0.0613705	0.99435
9.13333	0.157481	0.900583	2.09725	0.12087	0.990475	0.0659582	-0.988442	0.126215	-0.0839822	-0.0915071	-0.0550449	0.994282
9.16667	0.159402	0.897521	2.11925	0.130627	0.990035	0.0525999	-0.987016	0.134864	-0.0872449	-0.0934694	-0.0405204	0.994797
9.2	0.160632	0.893748	2.14516	0.130964	0.990984	0.0282861	-0.987088	0.132997	-0.0892644	-0.0922215	-0.0162304	0.995606
9.23333	0.161728	0.889457	2.17432	0.131822	0.991265	-0.0041192	-0.98728	0.130917	-0.0902197	-0.0888924	0.0159597	0.995913
9.26667	0.163536	0.887053	2.20208	0.153414	0.98766	-0.0314971	-0.984483	0.150017	-0.0910399	-0.0851913	0.0449751	0.995349
9.3	0.166055	0.886543	2.22928	0.174696	0.983344	-0.0501685	-0.981029	0.169483	-0.0941161	-0.0840457	0.0656584	0.994296
9.33333	0.168655	0.889515	2.25487	0.203702	0.976713	-0.0673627	-0.975717	0.196873	-0.0960053	-0.0805077	0.0852835	0.993099
9.36667	0.172073	0.893708	2.27907	0.21149	0.973378	-0.0883599	-0.974319	0.202815	-0.0978204	-0.0772955	0.106779	0.991274
9.4	0.176517	0.896603	2.30109	0.203295	0.973204	-0.107449	-0.976253	0.193088	-0.0982168	-0.0748379	0.124864	0.989347
9.43333	0.181425	0.89768	2.32152	0.194018	0.974056	-0.116498	-0.978428	0.183549	-0.0948117	-0.0709688	0.13238	0.988655
9.46667	0.186313	0.898057	2.34063	0.179773	0.97707	-0.114091	-0.981294	0.170001	-0.0903402	-0.068873	0.128198	0.989354
9.5	0.190483	0.898712	2.35882	0.16024	0.981173	-0.107812	-0.98453	0.151027	-0.0888365	-0.0708815	0.120379	0.990194
9.53333	0.193785	0.899945	2.37647	0.134021	0.985982	-0.0993828	-0.988191	0.125454	-0.0879791	-0.0742779	0.11	0.991152
9.56667	0.196609	0.901317	2.39337	0.102806	0.990714	-0.0889722	-0.991874	0.0953642	-0.0842095	-0.0749428	0.0969065	0.992468
9.6	0.199155	0.902278	2.40944	0.0703172	0.994676	-0.075337	-0.994738	0.0642795	-0.0797746	-0.0745073	0.0805501	0.993962
9.63333	0.201194	0.902661	2.42545	0.0379662	0.997356	-0.0619688	-0.996523	0.0331857	-0.0764293	-0.0741708	0.064655	0.995147
9.66667	0.202576	0.90264	2.44173	0.00781664	0.998715	-0.0500802	-0.997273	0.00411029	-0.073688	-0.0733875	0.0505196	0.996023
9.7	0.203039	0.902472	2.45827	-0.0221891	0.998975	-0.0394489	-0.99724	-0.0249123	-0.0699348	-0.0708459	0.0377882	0.996771
9.73333	0.20262	0.902076	2.47462	-0.0501171	0.998257	-0.0311709	-0.996355	-0.0521302	-0.0675286	-0.0690358	0.0276729	0.99723
9.76667	0.201055	0.901251	2.49071	-0.0739103	0.996921	-0.0262031	-0.994977	-0.0754939	-0.0657305	-0.0675063	0.0212134	0.997493
9.8	0.198732	0.899809	2.50666	-0.0926369	0.995403	-0.024312	-0.993361	-0.0940643	-0.06622	-0.0682024	0.0180162	0.997509
9.83333	0.19625	0.897774	2.52329	-0.105396	0.994185	-0.0220674	-0.99194	-0.106676	-0.0683781	-0.0703346	0.0146827	0.997415
9.86667	0.194031	0.895035	2.54122	-0.11353	0.993405	-0.0160614	-0.990891	-0.114392	-0.0710586	-0.0724272	0.00784782	0.997343
9.9	0.192179	0.891488	2.56126	-0.117599	0.993059	-0.00218656	-0.990373	-0.117443	-0.0732772	-0.0730253	-0.00645183	0.997309
9.93333	0.190786	0.887237	2.58434	-0.121197	0.992398	0.0213709	-0.990195	-0.119365	-0.072569	-0.0694665	-0.0299564	0.997134
9.96667	0.189294	0.88253	2.61062	-0.125663	0.990823	0.0497916	-0.990026	-0.122023	-0.0704122	-0.0636903	-0.0581432	0.996275
10	0.186645	0.878783	2.63724	-0.137242	0.987839	0.073061	-0.988898	-0.1324	-0.0674568	-0.0569632	-0.0815078	0.995044
10.0333	0.183863	0.878361	2.66239	-0.170918	0.98126	0.0889739	-0.983865	-0.165128	-0.0688617	-0.0528791	-0.0993081	0.993651
10.0667	0.180131	0.881569	2.68544	-0.202793	0.974517	0.0958705	-0.97784	-0.196335	-0.0726754	-0.0520007	-0.108484	0.992737
10.1	0.175442	0.88614	2.70554	-0.213494	0.971018	0.107443	-0.975582	-0.206096	-0.0759276	-0.0515835	-0.121029	0.991308
10.1333	0.170012	0.889769	2.72387	-0.208453	0.970308	0.12268	-0.976574	-0.19965	-0.0802708	-0.0533943	-0.136539	0.989195
10.1667	0.164304	0.892011	2.74078	-0.202914	0.970035	0.133636	-0.977876	-0.19366	-0.0790806	-0.0508308	-0.146727	0.98787
10.2	0.1584	0.893116	2.75586	-0.204387	0.969737	0.13355	-0.977679	-0.195441	-0.0771127	-0.0486778	-0.14633	0.988037
10.2333	0.153321	0.893652	2.76883	-0.206273	0.969512	0.132278	-0.977214	-0.197198	-0.0785229	-0.050044	-0.145461	0.988098
10.2667	0.149422	0.894599	2.78147	-0.196005	0.971575	0.132755	-0.979211	-0.186714	-0.0792679	-0.0522276	-0.145532	0.987974
10.3	0.146691	0.89602	2.7936	-0.180338	0.974653	0.132399	-0.982092	-0.170958	-0.0791785	-0.0545369	-0.144307	0.988029
10.3333	0.144759	0.897523	2.80511	-0.163098	0.977964	0.130328	-0.984962	-0.153765	-0.0787837	-0.0570077	-0.141218	0.988336
10.3667	0.143765	0.898887	2.81625	-0.144638	0.981259	0.127322	-0.987708	-0.135472	-0.0779717	-0.059262	-0.137035	0.988792
