0	0	1	0	0	0	-1	-1	0	0
0.0333333	0.998821	-0.0320497	-0.036455	0.0284311	0.994996	-0.0957824	0.0393424	0.094633	0.994735
0.0666667	0.999567	-0.0130601	-0.0263674	0.0124729	0.999673	-0.0223131	0.0266502	0.0219746	0.999403
0.1	0.999849	0.00151364	-0.0172947	-0.00105691	0.999651	0.0263875	0.0173286	-0.0263652	0.999502
0.133333	0.999879	0.011861	-0.0100787	-0.011226	0.998082	0.0608785	0.0107815	-0.060758	0.998094
0.166667	0.999827	0.0179806	-0.0048628	-0.0174836	0.995973	0.0879337	0.00642432	-0.0878334	0.996114
0.2	0.99976	0.0218918	-0.00112069	-0.0216502	0.994145	0.105863	0.00343165	-0.105813	0.99438
0.233333	0.9997	0.0244276	0.00149171	-0.0244325	0.992671	0.118355	0.00141035	-0.118356	0.99297
0.266667	0.999645	0.0264965	0.00261058	-0.0266139	0.991619	0.126423	0.000761067	-0.126448	0.991973
0.3	0.999621	0.027267	0.00366902	-0.0275127	0.99068	0.133404	2.70729e-06	-0.133455	0.991055
0.333333	0.99959	0.028289	0.00436659	-0.028621	0.990025	0.137954	-0.000420451	-0.138022	0.990429
0.366667	0.999581	0.0285893	0.00450798	-0.0289391	0.989659	0.140491	-0.00044482	-0.140563	0.990072
0.4	0.999572	0.0288004	0.00515894	-0.0292403	0.989553	0.141175	-0.00103915	-0.141265	0.989971
0.433333	0.999574	0.0288156	0.00464082	-0.0291827	0.989406	0.142208	-0.000493834	-0.142283	0.989826
0.466667	0.999583	0.0284525	0.00484249	-0.028853	0.989224	0.143539	-0.000706275	-0.143619	0.989633
0.5	0.999571	0.028844	0.0050534	-0.0292711	0.98916	0.143892	-0.000848209	-0.143978	0.989581
0.533333	0.999562	0.0292602	0.00434581	-0.029581	0.989213	0.143464	-0.000101162	-0.143529	0.989646
0.566667	0.999566	0.0291086	0.00458598	-0.0294655	0.989182	0.1437	-0.000353453	-0.143773	0.989611
0.6	0.999563	0.0292214	0.00448259	-0.0295624	0.989134	0.144015	-0.000225555	-0.144085	0.989565
0.633333	0.999567	0.0291274	0.00424801	-0.0294355	0.989197	0.143604	-1.93202e-05	-0.143666	0.989626
0.666667	0.999562	0.0292942	0.00419225	-0.0295926	0.989154	0.143868	6.77123e-05	-0.143929	0.989588
0.7	0.999561	0.0293423	0.00409506	-0.029626	0.98904	0.144646	0.000194056	-0.144704	0.989475
0.733333	0.999559	0.0294349	0.00392577	-0.0296931	0.989027	0.14472	0.00037713	-0.144773	0.989465
0.766667	0.99955	0.0297666	0.00381885	-0.0300056	0.988942	0.145237	0.00054658	-0.145286	0.98939
0.8	0.999561	0.0293691	0.00390606	-0.029625	0.988962	0.145175	0.000400723	-0.145227	0.989398
0.833333	0.999551	0.0297343	0.00382894	-0.029975	0.988923	0.145368	0.000535886	-0.145418	0.98937
0.866667	0.99956	0.0293813	0.00412752	-0.0296691	0.988846	0.145956	0.000206907	-0.146014	0.989282
0.9	0.999544	0.0299216	0.00412196	-0.0302032	0.989086	0.14421	0.000238031	-0.144269	0.989538
0.933333	0.999532	0.0303052	0.00411411	-0.0305817	0.989095	0.144071	0.000296866	-0.14413	0.989559
0.966667	0.999519	0.030784	0.00385649	-0.0310184	0.989071	0.144139	0.00062284	-0.144189	0.98955
1	0.999515	0.0309399	0.00364643	-0.0311409	0.988835	0.145726	0.000903027	-0.145769	0.989318
1.03333	0.999496	0.0315639	0.00340424	-0.0317224	0.988756	0.146137	0.0012467	-0.146172	0.989258
1.06667	0.999483	0.0320007	0.00324275	-0.0321291	0.988567	0.147321	0.0015087	-0.147349	0.989083
1.1	0.999472	0.0323586	0.00303539	-0.0324519	0.988501	0.147692	0.00177861	-0.147712	0.989029
1.13333	0.999447	0.0331576	0.00265732	-0.0331862	0.988467	0.147756	0.00227258	-0.147763	0.98902
1.16667	0.999422	0.0339292	0.00232047	-0.0338986	0.988393	0.148088	0.00273096	-0.148081	0.988971
1.2	0.999422	0.0339333	0.00224079	-0.03389	0.98835	0.148379	0.00282029	-0.148369	0.988928
1.23333	0.999417	0.0340779	0.00198806	-0.0339936	0.988255	0.148987	0.00311245	-0.148968	0.988837
1.26667	0.999409	0.0343425	0.00129114	-0.034151	0.988229	0.14912	0.00384522	-0.149076	0.988818
1.3	0.999397	0.0347159	0.000549308	-0.0344084	0.988183	0.149368	0.00464264	-0.149297	0.988781
1.33333	0.999383	0.0351264	-0.000321781	-0.0346814	0.988094	0.149893	0.00558316	-0.14979	0.988702
1.36667	0.999362	0.0357047	-0.00104308	-0.0351435	0.98804	0.150139	0.00639129	-0.150007	0.988664
1.4	0.999357	0.0358257	-0.00135079	-0.0352213	0.988133	0.149508	0.00669099	-0.149364	0.98876
1.43333	0.999337	0.0363615	-0.00189803	-0.0356747	0.988228	0.14877	0.00728517	-0.148603	0.98887
1.46667	0.999317	0.0368895	-0.00200286	-0.0361798	0.988181	0.148962	0.00747433	-0.148788	0.988841
1.5	0.999312	0.0370165	-0.00212909	-0.0362895	0.988233	0.148586	0.00760417	-0.148407	0.988897
1.53333	0.999272	0.0380846	-0.00212742	-0.0373498	0.988266	0.148105	0.00774297	-0.147918	0.988969
1.56667	0.999249	0.0386961	-0.00194773	-0.0379832	0.988282	0.14784	0.00764574	-0.147655	0.989009
1.6	0.999231	0.0391652	-0.00192607	-0.0384481	0.98822	0.148134	0.00770508	-0.147946	0.988965
1.63333	0.999226	0.0392889	-0.00178944	-0.0385891	0.988185	0.148327	0.00759589	-0.148143	0.988937
1.66667	0.999224	0.0393349	-0.00205079	-0.03859	0.988074	0.149068	0.00788992	-0.148874	0.988825
1.7	0.999197	0.0399905	-0.00263043	-0.0391533	0.988074	0.148916	0.00855427	-0.148693	0.988846
1.73333	0.999216	0.0394919	-0.00282975	-0.0386235	0.987973	0.149726	0.00870869	-0.1495	0.988723
1.76667	0.999228	0.0391301	-0.0034313	-0.0381745	0.987968	0.149871	0.00925448	-0.149624	0.9887
1.8	0.999226	0.0391154	-0.00414815	-0.0380561	0.988024	0.149531	0.00994743	-0.149257	0.988748
1.83333	0.999242	0.0386404	-0.00462616	-0.0375132	0.988018	0.149714	0.0103557	-0.149427	0.988719
1.86667	0.999268	0.0379396	-0.00483304	-0.0367936	0.988104	0.149321	0.0104407	-0.149034	0.988777
1.9	0.999333	0.0361871	-0.00481038	-0.0350748	0.988325	0.148271	0.0101197	-0.148003	0.988935
1.93333	0.999294	0.0372618	-0.00479576	-0.0361226	0.988039	0.149916	0.0103245	-0.149637	0.988687
1.96667	0.999323	0.0365394	-0.00439089	-0.035477	0.988185	0.149105	0.0097872	-0.148848	0.988812
2	0.999362	0.0355126	-0.00374159	-0.0345648	0.988324	0.148394	0.00896777	-0.14817	0.988921
2.03333	0.999386	0.0349001	-0.00313032	-0.0340538	0.988418	0.147889	0.0082554	-0.147692	0.988999
2.06667	0.999426	0.0338112	-0.00211484	-0.0331373	0.988666	0.14643	0.00704185	-0.146276	0.989219
2.1	0.999423	0.0339406	-0.00106123	-0.0334174	0.988605	0.14678	0.00603094	-0.14666	0.989169
2.13333	0.999446	0.0332801	0.000402484	-0.0329802	0.988669	0.146444	0.00447574	-0.146376	0.989219
2.16667	0.999445	0.0332352	0.00203673	-0.0331739	0.988603	0.146842	0.00286681	-0.146829	0.989158
2.2	0.999446	0.033088	0.00369011	-0.0332716	0.988657	0.146457	0.00119771	-0.146498	0.98921
2.23333	0.999489	0.0315082	0.00541046	-0.0319599	0.988885	0.14521	-0.000775023	-0.145309	0.989386
2.26667	0.99948	0.0315111	0.00681287	-0.0321673	0.988838	0.145479	-0.00215261	-0.145623	0.989338
2.3	0.999471	0.031618	0.00761482	-0.0323997	0.988325	0.148879	-0.00281867	-0.149047	0.988826
2.33333	0.999469	0.0315536	0.00810293	-0.0324039	0.988538	0.147452	-0.0033574	-0.147637	0.989036
2.36667	0.999516	0.0301036	0.00784015	-0.0309248	0.988857	0.145621	-0.00336907	-0.145793	0.989309
2.4	0.999542	0.0293899	0.00720439	-0.0301232	0.989024	0.14465	-0.00287408	-0.1448	0.989457
2.43333	0.999551	0.0293459	0.00609298	-0.0299218	0.988783	0.146333	-0.00173036	-0.14645	0.989217
2.46667	0.999596	0.0277211	0.00621344	-0.0283299	0.988987	0.145266	-0.00211807	-0.145384	0.989373
2.5	0.999622	0.0270595	0.00494638	-0.0274912	0.988985	0.14544	-0.000956361	-0.145521	0.989355
2.53333	0.99964	0.0265965	0.0034968	-0.0268222	0.98899	0.145528	0.000412231	-0.145569	0.989348
2.56667	0.999667	0.0257521	0.00188564	-0.0257548	0.989211	0.144218	0.00184863	-0.144219	0.989544
2.6	0.999671	0.0256582	0.000561907	-0.0254743	0.98937	0.143171	0.00311757	-0.143138	0.989698
2.63333	0.999681	0.0252666	-0.000563169	-0.0249295	0.989516	0.142255	0.00415155	-0.142195	0.98983
2.66667	0.999676	0.0254027	-0.00185751	-0.024887	0.989695	0.141016	0.00542054	-0.140924	0.990006
2.7	0.999691	0.0246926	-0.00284607	-0.0240657	0.990184	0.137685	0.00621792	-0.137574	0.990472
2.73333	0.999687	0.0247969	-0.00344296	-0.0240988	0.99042	0.135969	0.00678158	-0.135843	0.990707
2.76667	0.999672	0.0254069	-0.00319686	-0.0247259	0.990184	0.137564	0.00666057	-0.13744	0.990488
2.8	0.999714	0.0237872	-0.00264729	-0.0231988	0.990263	0.137265	0.00588666	-0.137164	0.990531
2.83333	0.999759	0.0218421	-0.00224858	-0.0213381	0.9906	0.135117	0.00517867	-0.135036	0.990827
2.86667	0.999825	0.0185998	-0.00194139	-0.0181752	0.99091	0.133291	0.00440293	-0.133233	0.991075
2.9	0.999885	0.0150702	-0.00190212	-0.0146779	0.990819	0.134394	0.00391	-0.13435	0.990926
2.93333	0.999949	0.0099608	-0.00171107	-0.00962855	0.990348	0.138271	0.00307184	-0.138248	0.990393
2.96667	0.999988	0.00461666	-0.00191072	-0.00429393	0.989598	0.143799	0.00255471	-0.143789	0.989605
3	0.999992	-0.000173315	-0.003927	0.000747672	0.989176	0.146735	0.00385906	-0.146737	0.989168
3.03333	0.999983	-0.0021381	-0.00542767	0.00292	0.988921	0.148415	0.00505021	-0.148428	0.98891
3.06667	0.999975	-0.000990809	-0.00694632	0.00203121	0.988468	0.151415	0.0067162	-0.151425	0.988446
3.1	0.999969	-0.000751605	-0.00788395	0.00192998	0.988601	0.150544	0.00768094	-0.150554	0.988572
3.13333	0.999961	0.00160367	-0.00864396	-0.000304554	0.988951	0.148243	0.00878618	-0.148235	0.988913
3.16667	0.999944	0.00578411	-0.00889856	-0.00443761	0.989493	0.144515	0.00964095	-0.144467	0.989463
3.2	0.99989	0.011303	-0.00959239	-0.00983548	0.989927	0.141236	0.0110922	-0.141126	0.989929
3.23333	0.999777	0.0184183	-0.0103353	-0.0167876	0.98997	0.140273	0.0128152	-0.140069	0.990059
3.26667	0.999623	0.0252292	-0.0107918	-0.0234575	0.989733	0.140988	0.014238	-0.140681	0.989953
3.3	0.999462	0.0308805	-0.0110184	-0.0290179	0.989557	0.141188	0.0152633	-0.140793	0.989921
3.33333	0.999353	0.0348392	-0.00890263	-0.0332363	0.989435	0.141117	0.013725	-0.140729	0.989953
3.36667	0.999346	0.0359843	-0.0036765	-0.0351233	0.98965	0.139139	0.00864525	-0.138918	0.990266
3.4	0.999297	0.0374707	-0.000715886	-0.0370267	0.990049	0.135765	0.00579596	-0.135643	0.990741
3.43333	0.999121	0.0418765	0.0021232	-0.0418263	0.991801	0.12075	0.00295081	-0.120733	0.992681
3.46667	0.998516	0.054106	0.00621847	-0.0544471	0.994398	0.0905975	-0.00128176	-0.0908016	0.995868
3.5	0.996918	0.077249	0.0136984	-0.0779983	0.994695	0.0670649	-0.00844505	-0.0679267	0.997655
3.53333	0.994314	0.104419	0.0208715	-0.105466	0.992745	0.0577509	-0.0146898	-0.0596238	0.998113
3.56667	0.991866	0.124668	0.0256682	-0.125909	0.990552	0.0543438	-0.0186507	-0.0571337	0.998192
3.6	0.990511	0.134641	0.0275579	-0.135809	0.989662	0.0461014	-0.0210659	-0.0494065	0.998557
3.63333	0.989966	0.138505	0.0279842	-0.139391	0.989698	0.0326783	-0.0231698	-0.0362512	0.999074
3.66667	0.989861	0.13919	0.0283228	-0.139891	0.989864	0.0244776	-0.0246287	-0.0281915	0.999299
3.7	0.989753	0.14012	0.0274956	-0.140746	0.989795	0.0222896	-0.0240917	-0.0259311	0.999373
3.73333	0.989806	0.139957	0.0263943	-0.140506	0.989873	0.0202497	-0.0232929	-0.0237518	0.999446
3.76667	0.990053	0.137941	0.0277118	-0.138511	0.990163	0.0197905	-0.0247092	-0.023432	0.99942
3.8	0.990362	0.134985	0.0310267	-0.135736	0.990466	0.0235109	-0.0275573	-0.0274957	0.999242
3.83333	0.990745	0.131051	0.0353586	-0.132198	0.990696	0.0323342	-0.0307922	-0.0367093	0.998851
3.86667	0.991464	0.124507	0.0386893	-0.126092	0.991144	0.0416383	-0.0331624	-0.0461613	0.998383
3.9	0.992738	0.113527	0.0397779	-0.115243	0.992368	0.0438816	-0.0344926	-0.048147	0.998245
3.93333	0.994354	0.0993895	0.0371676	-0.100858	0.994097	0.0399801	-0.0329746	-0.043503	0.998509
3.96667	0.995722	0.0862776	0.03307	-0.0874938	0.995467	0.0372844	-0.0297033	-0.0400184	0.998757
4	0.996616	0.0770809	0.0285377	-0.0781454	0.996207	0.0382817	-0.0254786	-0.0403823	0.998859
4.03333	0.997178	0.0708425	0.0248271	-0.0717731	0.996664	0.0388485	-0.0219922	-0.0405208	0.998937
4.06667	0.997376	0.0678823	0.0251425	-0.0687564	0.996994	0.0357071	-0.022643	-0.0373422	0.999046
4.1	0.997196	0.0684486	0.03024	-0.0692865	0.997215	0.0275857	-0.0282676	-0.0296035	0.999162
4.13333	0.997038	0.0672891	0.0372524	-0.068011	0.997514	0.0184614	-0.0359175	-0.0209403	0.999135
4.16667	0.997359	0.0595344	0.041594	-0.0603946	0.997979	0.0197397	-0.0403348	-0.0221996	0.99894
4.2	0.997905	0.0497405	0.0413654	-0.05079	0.998403	0.0247211	-0.0400698	-0.0267702	0.998838
4.23333	0.998587	0.0396946	0.0353285	-0.0404549	0.998959	0.0210727	-0.0344553	-0.0224721	0.999154
4.26667	0.999231	0.030102	0.0251177	-0.0305042	0.99941	0.015784	-0.0246278	-0.016538	0.99956
4.3	0.999665	0.0218395	0.01391	-0.0219959	0.999695	0.0111913	-0.0136614	-0.0114935	0.999841
4.33333	0.999875	0.0158026	-0.000496769	-0.0157947	0.999788	0.0132299	0.000705731	-0.0132204	0.999912
4.36667	0.999774	0.0132344	-0.0166465	-0.0128767	0.999688	0.0214179	0.0169248	-0.0211988	0.999632
4.4	0.999386	0.0120019	-0.0329154	-0.0109817	0.999459	0.031001	0.0332696	-0.0306205	0.998977
4.43333	0.998737	0.00950837	-0.0493413	-0.00767826	0.99928	0.0371486	0.049659	-0.0367229	0.998091
4.46667	0.997822	0.00571822	-0.0657162	-0.00340136	0.99937	0.0353136	0.0658767	-0.0350132	0.997213
4.5	0.996609	0.000766244	-0.0822828	0.00122954	0.999706	0.0242017	0.0822772	-0.0242208	0.996315
4.53333	0.995203	-0.00326628	-0.0977767	0.00434363	0.999932	0.0108077	0.0977347	-0.0111806	0.99515
4.56667	0.993724	-0.00360666	-0.111804	0.00380348	0.999992	0.00154723	0.111797	-0.00196276	0.993729
4.6	0.992293	0.00111721	-0.12391	-0.00149076	0.999995	-0.00292202	0.123906	0.00308422	0.992289
4.63333	0.990508	0.00940293	-0.137133	-0.0103961	0.999925	-0.00652774	0.137062	0.00789143	0.990531
4.66667	0.988559	0.0193626	-0.149586	-0.0213548	0.999703	-0.0117235	0.149314	0.0147838	0.988679
4.7	0.986495	0.0279	-0.161397	-0.0311441	0.99936	-0.0176054	0.160802	0.0223942	0.986733
4.73333	0.98509	0.0349356	-0.168453	-0.0389216	0.999034	-0.0204175	0.167577	0.0266695	0.985498
4.76667	0.98475	0.0415405	-0.168946	-0.0455779	0.998759	-0.0200888	0.167901	0.0274826	0.985421
4.8	0.986379	0.0435479	-0.15862	-0.0468312	0.998758	-0.0170186	0.157682	0.0242151	0.987193
4.83333	0.989009	0.0418899	-0.141795	-0.0437739	0.998989	-0.0101919	0.141225	0.0162868	0.989844
4.86667	0.992088	0.0345324	-0.120702	-0.0344347	0.999403	0.00289593	0.12073	0.00128333	0.992685
4.9	0.99504	0.0216088	-0.0971032	-0.0201821	0.999674	0.0156508	0.0974097	-0.0136134	0.995151
4.93333	0.997125	0.0169235	-0.0738635	-0.0148228	0.999473	0.0288957	0.0743136	-0.0277177	0.99685
4.96667	0.998101	0.0290669	-0.0543161	-0.0258675	0.99794	0.0587058	0.0559106	-0.0571893	0.996797
5	0.997868	0.0515104	-0.0400882	-0.0473775	0.99406	0.0979818	0.0448971	-0.0958735	0.99438
5.03333	0.996801	0.0722534	-0.0341605	-0.0676457	0.990364	0.12084	0.0425625	-0.118142	0.992084
5.06667	0.995953	0.0828329	-0.0348858	-0.0783609	0.990345	0.114355	0.0440213	-0.111159	0.992827
5.1	0.99542	0.087631	-0.0382102	-0.0839807	0.992532	0.0884706	0.0456776	-0.0848565	0.995346
5.13333	0.994803	0.0925104	-0.0425364	-0.0899244	0.994191	0.0591485	0.0477611	-0.0550161	0.997343
5.16667	0.993933	0.0990658	-0.0477897	-0.0975756	0.994695	0.0325731	0.0507631	-0.0277124	0.998326
5.2	0.992872	0.106856	-0.052799	-0.106554	0.994271	0.00849535	0.0534043	-0.00280883	0.998569
5.23333	0.992237	0.111976	-0.0541085	-0.112655	0.993587	-0.00965369	0.0526805	0.0156743	0.998488
5.26667	0.991903	0.115448	-0.0529227	-0.116502	0.99304	-0.0172721	0.0505604	0.0232978	0.998449
5.3	0.99181	0.118462	-0.0477389	-0.118993	0.992859	-0.00842119	0.0464004	0.0140328	0.998824
5.33333	0.992058	0.118784	-0.0413734	-0.118619	0.992919	0.00643072	0.0418443	-0.00147196	0.999123
5.36667	0.992832	0.114411	-0.0345597	-0.113726	0.993286	0.021187	0.0367517	-0.0171048	0.999178
5.4	0.993946	0.106496	-0.0270167	-0.105546	0.993818	0.0344305	0.0305164	-0.0313706	0.999042
5.43333	0.995078	0.0970036	-0.020263	-0.0960349	0.994392	0.0442853	0.0244452	-0.0421214	0.998813
5.46667	0.996013	0.0881027	-0.0139831	-0.0872873	0.99488	0.0509428	0.0183997	-0.0495191	0.998604
5.5	0.996777	0.0798281	-0.00792167	-0.0793096	0.995483	0.052194	0.0120524	-0.0513976	0.998606
5.53333	0.997167	0.0752176	0.000200888	-0.0751278	0.995838	0.0516052	0.00368157	-0.0514741	0.998668
5.56667	0.997058	0.0756541	0.0123075	-0.0761671	0.995909	0.0486289	-0.00857818	-0.0494232	0.998741
5.6	0.996521	0.0783549	0.0283884	-0.0795521	0.995867	0.0438298	-0.0248368	-0.0459357	0.998636
5.63333	0.996367	0.0744456	0.0413575	-0.0764793	0.995818	0.0499837	-0.0374634	-0.0529651	0.997893
5.66667	0.996656	0.066488	0.0475033	-0.069409	0.995613	0.062745	-0.0431232	-0.0658323	0.996898
5.7	0.997532	0.0548241	0.0438734	-0.0574209	0.996528	0.0602949	-0.0404155	-0.0626653	0.997216
5.73333	0.99854	0.0443631	0.0308057	-0.0455685	0.998176	0.0395966	-0.0289928	-0.0409426	0.998741
5.76667	0.999082	0.0404483	0.0141229	-0.0407395	0.99895	0.0209751	-0.0132597	-0.0215312	0.99968
5.8	0.999137	0.0412408	-0.00492076	-0.0411893	0.9991	0.010155	0.00533513	-0.0099436	0.999936
5.83333	0.998837	0.0415238	-0.0244897	-0.041383	0.999124	0.00622937	0.0247269	-0.00520867	0.999681
5.86667	0.998241	0.0382461	-0.0453038	-0.0381517	0.999268	0.00294551	0.0453832	-0.00121191	0.998969
5.9	0.997175	0.0322173	-0.06786	-0.0324122	0.999473	-0.00177247	0.0677671	0.00396696	0.997693
5.93333	0.995515	0.026035	-0.0909463	-0.0269176	0.999602	-0.00849147	0.090689	0.0109014	0.99582
5.96667	0.993276	0.0204018	-0.113955	-0.0225739	0.999587	-0.0178026	0.113544	0.0202553	0.993326
6	0.990783	0.0177418	-0.134293	-0.0210429	0.999509	-0.0232018	0.133816	0.0258138	0.99067
6.03333	0.988232	0.0195216	-0.15171	-0.0229466	0.999519	-0.0208578	0.15123	0.0240936	0.988205
6.06667	0.985709	0.0263028	-0.166388	-0.0286116	0.999525	-0.0114936	0.166007	0.01609	0.985993
6.1	0.983161	0.0360377	-0.179154	-0.0369189	0.999317	-0.00158579	0.178975	0.00817326	0.98382
6.13333	0.98037	0.0467672	-0.191538	-0.0462052	0.998905	0.00740179	0.191675	0.00159356	0.981457
6.16667	0.977761	0.0553095	-0.202298	-0.0550066	0.998461	0.00712331	0.20238	0.00416282	0.979298
6.2	0.97574	0.0599392	-0.210568	-0.0610559	0.998134	0.00119987	0.210247	0.0116857	0.977578
6.23333	0.974639	0.0622739	-0.214943	-0.0646217	0.997902	-0.00390616	0.214249	0.0176971	0.976619
6.26667	0.976096	0.0634265	-0.20788	-0.0652183	0.997869	-0.00176988	0.207325	0.0152852	0.978153
6.3	0.979397	0.06343	-0.191722	-0.0629132	0.99798	0.00878791	0.191892	0.00345501	0.98141
6.33333	0.983387	0.0622987	-0.170497	-0.0585592	0.997922	0.0268797	0.171817	-0.016449	0.984992
6.36667	0.987786	0.0601263	-0.143748	-0.054489	0.997595	0.0428405	0.145978	-0.0344846	0.988687
6.4	0.991512	0.0576456	-0.116533	-0.0521776	0.997413	0.0494424	0.119082	-0.0429423	0.991955
6.43333	0.993959	0.0629989	-0.0898707	-0.0585596	0.99697	0.0512082	0.0928244	-0.045636	0.994636
6.46667	0.994797	0.0806817	-0.0622015	-0.0758797	0.994213	0.0760412	0.0679767	-0.0709257	0.995163
6.5	0.994187	0.099584	-0.0409308	-0.0954156	0.99103	0.093567	0.0498815	-0.0891176	0.994771
6.53333	0.993305	0.112714	-0.0253002	-0.109903	0.989531	0.0935399	0.0355786	-0.0901332	0.995294
6.56667	0.992877	0.118156	-0.0152815	-0.116678	0.990266	0.0758936	0.0241001	-0.0735701	0.996999
6.6	0.992544	0.121376	-0.0111737	-0.120716	0.99154	0.0477149	0.0168706	-0.0460103	0.998798
6.63333	0.991796	0.127507	-0.00913343	-0.127194	0.991449	0.0291525	0.0127725	-0.0277516	0.999533
6.66667	0.990765	0.135331	-0.00833412	-0.135185	0.990689	0.0161361	0.0104402	-0.0148604	0.999835
6.7	0.989945	0.141287	-0.0067878	-0.141235	0.989947	0.00758538	0.00779128	-0.00655044	0.999948
6.73333	0.98958	0.143951	-0.00305915	-0.143941	0.989581	0.0031003	0.00347356	-0.00262766	0.999991
6.76667	0.989487	0.144605	0.00202339	-0.144612	0.98948	0.0041628	-0.00140014	-0.00441165	0.999989
6.8	0.989812	0.142247	0.00615639	-0.142291	0.989797	0.00744201	-0.00503498	-0.00824219	0.999953
6.83333	0.990555	0.136857	0.00840047	-0.136944	0.99052	0.0107565	-0.00684874	-0.0118053	0.999907
6.86667	0.991638	0.128778	0.00838994	-0.128902	0.991521	0.0164519	-0.00620016	-0.0173959	0.999829
6.9	0.992988	0.118008	0.00697173	-0.118139	0.992732	0.0229559	-0.00421207	-0.0236186	0.999712
6.93333	0.994271	0.106743	0.00561822	-0.106861	0.993865	0.028512	-0.0025403	-0.028949	0.999578
6.96667	0.995218	0.0975476	0.0050995	-0.0976645	0.994648	0.033709	-0.00178398	-0.0340459	0.999419
7	0.995742	0.0918759	0.00753785	-0.0920974	0.995024	0.0380102	-0.00400813	-0.0385425	0.999249
7.03333	0.995801	0.0902856	0.0150972	-0.0908731	0.994878	0.044279	-0.0110221	-0.0454651	0.998905
7.06667	0.995835	0.0880606	0.023607	-0.0890459	0.99503	0.0445692	-0.0195648	-0.0464857	0.998727
7.1	0.996714	0.0753712	0.0296728	-0.0769759	0.995387	0.0572719	-0.0252193	-0.0593678	0.997918
7.13333	0.997788	0.0588336	0.030935	-0.0610492	0.995209	0.0763686	-0.0262938	-0.0780883	0.9966
7.16667	0.998777	0.0430621	0.0242951	-0.0449492	0.995503	0.0833821	-0.0205952	-0.0843722	0.996221
7.2	0.999447	0.0319312	0.00924376	-0.032536	0.996647	0.0750685	-0.00681575	-0.0753277	0.997136
7.23333	0.999552	0.0277874	-0.0110806	-0.0270207	0.997571	0.0641949	0.0128375	-0.0638668	0.997876
7.26667	0.998995	0.0298545	-0.033425	-0.0278343	0.997849	0.0593532	0.0351251	-0.0583632	0.997677
7.3	0.997797	0.0349564	-0.0563876	-0.0316179	0.997754	0.0590504	0.0583251	-0.0571375	0.996661
7.33333	0.996017	0.0359388	-0.081604	-0.0316054	0.998052	0.0537882	0.0833781	-0.0509949	0.995212
7.36667	0.993289	0.031246	-0.11136	-0.0273662	0.99897	0.0362003	0.112377	-0.0329099	0.993121
7.4	0.989124	0.0211731	-0.145551	-0.0204825	0.999771	0.00624173	0.14565	-0.00319259	0.989331
7.43333	0.983595	0.00813696	-0.180205	-0.014079	0.999398	-0.0317193	0.179838	0.0337361	0.983118
7.46667	0.977865	-0.00147863	-0.209232	-0.0119463	0.997949	-0.0628846	0.208895	0.0639922	0.975842
7.5	0.972354	-0.00686059	-0.23341	-0.0134084	0.996279	-0.0851409	0.233126	0.0859167	0.968644
7.53333	0.967457	-0.00575848	-0.252969	-0.0193538	0.995128	-0.0966697	0.252293	0.0984198	0.962633
7.56667	0.963204	-3.69845e-05	-0.268773	-0.0278338	0.99461	-0.0998852	0.267328	0.103691	0.95801
7.6	0.959943	0.00868544	-0.280059	-0.0375939	0.994474	-0.0980169	0.27766	0.104619	0.954966
7.63333	0.957888	0.0173215	-0.286618	-0.0458867	0.994585	-0.0932481	0.283451	0.102473	0.953496
7.66667	0.957672	0.02455	-0.286814	-0.051746	0.994808	-0.0876287	0.283174	0.0987611	0.95397
7.7	0.959687	0.0300292	-0.279462	-0.0548169	0.99518	-0.0813087	0.275673	0.0933501	0.956708
7.73333	0.965313	0.0348608	-0.258758	-0.0540391	0.996263	-0.067376	0.255443	0.079022	0.963589
7.76667	0.974047	0.0355155	-0.223542	-0.0469515	0.997835	-0.0460513	0.221422	0.0553517	0.973606
7.8	0.982845	0.033422	-0.181378	-0.0359797	0.999294	-0.0108283	0.180888	0.0171685	0.983354
7.83333	0.990163	0.0303269	-0.136591	-0.0262771	0.999163	0.0313558	0.137428	-0.0274581	0.990131
7.86667	0.99543	0.0258197	-0.0919338	-0.0196659	0.997544	0.0672254	0.0934437	-0.0651102	0.993493
7.9	0.998426	0.0258779	-0.0497505	-0.0213676	0.99579	0.089144	0.0518479	-0.0879407	0.994775
7.93333	0.999027	0.0420918	-0.0131714	-0.0403997	0.993157	0.109581	0.0176938	-0.108942	0.993891
7.96667	0.9974	0.0699088	0.0175151	-0.0716435	0.988163	0.135649	-0.00782476	-0.136551	0.990602
8	0.994597	0.0962137	0.0389879	-0.101151	0.982656	0.155422	-0.0233579	-0.158526	0.987079
8.03333	0.992538	0.110933	0.0506106	-0.117425	0.981432	0.151667	-0.032846	-0.156479	0.987135
8.06667	0.991985	0.115549	0.0511309	-0.120879	0.985666	0.117692	-0.0367988	-0.122929	0.991733
8.1	0.992062	0.116495	0.0473419	-0.119998	0.989587	0.0794914	-0.0375885	-0.0845414	0.995711
8.13333	0.992277	0.118114	0.0378975	-0.119818	0.991711	0.0463917	-0.0321039	-0.0505742	0.998204
8.16667	0.992264	0.121223	0.0267817	-0.121967	0.992135	0.0281466	-0.0231591	-0.0311953	0.999245
8.2	0.992208	0.123615	0.0156069	-0.123948	0.992031	0.0225931	-0.0126897	-0.0243515	0.999623
8.23333	0.992373	0.123204	0.00417677	-0.123269	0.992092	0.0236085	-0.00123507	-0.0239433	0.999713
8.26667	0.992845	0.118921	-0.0108167	-0.11872	0.992771	0.0176265	0.0128347	-0.0162162	0.999786
8.3	0.99341	0.11238	-0.0225382	-0.111991	0.993549	0.0178542	0.0243993	-0.0152125	0.999587
8.33333	0.994021	0.103599	-0.0344996	-0.103115	0.994548	0.0155253	0.0359199	-0.011875	0.999284
8.36667	0.994559	0.0939077	-0.0451012	-0.0933588	0.995532	0.0141316	0.0462268	-0.0098441	0.998882
8.4	0.994947	0.0854168	-0.0527711	-0.0846801	0.996279	0.016046	0.0539454	-0.0114963	0.998478
8.43333	0.995342	0.0791641	-0.0550163	-0.0783042	0.996774	0.0176164	0.0562334	-0.0132264	0.99833
8.46667	0.99582	0.0762664	-0.0502672	-0.0755955	0.997024	0.0151173	0.0512706	-0.0112542	0.998621
8.5	0.996429	0.075475	-0.0378466	-0.0750461	0.9971	0.0126301	0.0386902	-0.00974478	0.999204
8.53333	0.997337	0.069262	-0.0228429	-0.0688541	0.997461	0.0181882	0.0240447	-0.016567	0.999574
8.56667	0.99825	0.0585665	-0.00822247	-0.0582819	0.997806	0.0314009	0.0100435	-0.0308667	0.999473
8.6	0.99915	0.0411775	0.00213021	-0.0412305	0.998277	0.0417392	-0.000407825	-0.0417915	0.999126
8.63333	0.999745	0.022328	0.00350188	-0.0224626	0.998742	0.044832	-0.00249647	-0.0448992	0.998988
8.66667	0.99995	0.00878979	-0.00486519	-0.00856187	0.998949	0.0450359	0.00525593	-0.044992	0.998974
8.7	0.999801	0.00332142	-0.0196763	-0.00234067	0.998763	0.0496591	0.0198169	-0.0496032	0.998572
8.73333	0.999277	0.00385419	-0.0378304	-0.00161387	0.998252	0.0590731	0.037992	-0.0589693	0.997537
8.76667	0.998262	0.00644434	-0.0585705	-0.00264062	0.997895	0.0647894	0.0588647	-0.0645221	0.996179
8.8	0.996551	0.00811419	-0.0825852	-0.00330158	0.998297	0.0582451	0.0829172	-0.0577716	0.99488
8.83333	0.993727	0.00639159	-0.111652	-0.00269647	0.999445	0.0332148	0.111802	-0.0327053	0.993192
8.86667	0.989835	0.00232253	-0.142205	-0.00281965	0.999991	-0.00329441	0.142196	0.00366189	0.989832
8.9	0.985365	-5.65575e-05	-0.17046	-0.00659584	0.999238	-0.0384597	0.170332	0.0390212	0.984614
8.93333	0.980922	0.00034043	-0.1944	-0.0124858	0.998044	-0.0612543	0.193999	0.062513	0.979008
8.96667	0.976615	0.00425727	-0.214954	-0.0198475	0.99732	-0.0704223	0.214078	0.0730417	0.974082
9	0.972439	0.0137964	-0.23275	-0.0308092	0.997098	-0.0696183	0.231114	0.0748704	0.970042
9.03333	0.968466	0.0229264	-0.248089	-0.0407612	0.996921	-0.0669925	0.245789	0.0749924	0.966418
9.06667	0.964949	0.0303553	-0.260674	-0.0482156	0.996886	-0.0623954	0.257969	0.072777	0.963408
9.1	0.962772	0.0363469	-0.267859	-0.0529781	0.997073	-0.0551235	0.265071	0.067262	0.96188
9.13333	0.962831	0.0403441	-0.267075	-0.0541421	0.997541	-0.0444997	0.264623	0.0573057	0.962648
9.16667	0.965633	0.0427923	-0.256363	-0.0522775	0.998173	-0.0302956	0.254599	0.0426564	0.966106
9.2	0.971405	0.041953	-0.233693	-0.0464172	0.998829	-0.0136334	0.232847	0.0240909	0.972215
9.23333	0.978684	0.0456418	-0.200236	-0.043678	0.998945	0.0142169	0.200673	-0.00516799	0.979645
9.26667	0.985074	0.0486078	-0.165125	-0.0405755	0.997839	0.0516756	0.16728	-0.0442042	0.984918
9.3	0.99036	0.0520117	-0.128379	-0.0414746	0.99565	0.0834297	0.13216	-0.077301	0.98821
9.33333	0.994403	0.0507645	-0.092657	-0.0412391	0.993932	0.10197	0.0972712	-0.0975781	0.990463
9.36667	0.996786	0.0545285	-0.0586845	-0.0481684	0.993325	0.104814	0.0640081	-0.10165	0.992759
9.4	0.996986	0.0714554	-0.0302107	-0.0679102	0.992103	0.105448	0.037507	-0.103079	0.993966
9.43333	0.995044	0.0992327	-0.00641416	-0.0978261	0.988431	0.115906	0.0178416	-0.114704	0.993239
9.46667	0.991937	0.126125	0.0124206	-0.12667	0.983539	0.128862	0.00403647	-0.129396	0.991585
9.5	0.989499	0.142378	0.0248916	-0.144405	0.981205	0.127998	-0.00619964	-0.130248	0.991462
9.53333	0.988882	0.145798	0.0292456	-0.148049	0.983728	0.101787	-0.0139293	-0.104985	0.994376
9.56667	0.989459	0.142167	0.027558	-0.143646	0.987663	0.0623469	-0.0183543	-0.0656483	0.997674
9.6	0.990193	0.137858	0.0226534	-0.138469	0.989968	0.02811	-0.0185509	-0.0309711	0.999348
9.63333	0.990492	0.135834	0.0217659	-0.136277	0.990462	0.020338	-0.0187957	-0.0231109	0.999556
9.66667	0.99055	0.135265	0.0226964	-0.135956	0.990187	0.0323278	-0.0181009	-0.035108	0.99922
9.7	0.991012	0.131996	0.0217389	-0.132889	0.99003	0.0466923	-0.015359	-0.0491615	0.998673
9.73333	0.992096	0.124503	0.0156054	-0.125154	0.990784	0.0517995	-0.00901239	-0.0533432	0.998536
9.76667	0.993599	0.112848	0.00513367	-0.112965	0.992497	0.0467932	0.000185375	-0.0470736	0.998891
9.8	0.994959	0.1002	-0.00416273	-0.0999035	0.993931	0.0460392	0.00875057	-0.0453912	0.998931
9.83333	0.995743	0.0907188	-0.0163102	-0.0899918	0.995105	0.0408326	0.0199347	-0.039191	0.999033
9.86667	0.996127	0.0838136	-0.0265706	-0.0829186	0.996004	0.0331658	0.0292442	-0.0308341	0.999097
9.9	0.99624	0.0798406	-0.033624	-0.0790597	0.996582	0.0239482	0.0354211	-0.0211999	0.999148
9.93333	0.996332	0.0780771	-0.0350227	-0.0777319	0.996912	0.0111137	0.0357823	-0.00835056	0.999325
9.96667	0.996578	0.0769316	-0.0302377	-0.0770382	0.997025	-0.00237489	0.029965	0.00469622	0.99954
10	0.997229	0.0705582	-0.0235899	-0.0707416	0.99747	-0.00702982	0.0230342	0.00867913	0.999697
10.0333	0.998041	0.0596304	-0.0189302	-0.0596827	0.998215	-0.00221436	0.0187644	0.00333983	0.999818
10.0667	0.998796	0.0448277	-0.0199449	-0.0447536	0.998989	0.00414313	0.0201105	-0.00324553	0.999792
10.1	0.999087	0.0300424	-0.0303714	-0.0299879	0.999548	0.00224858	0.0304252	-0.00133576	0.999536
10.1333	0.998658	0.020502	-0.0475526	-0.0207162	0.999777	-0.00401595	0.0474597	0.00499567	0.998861
10.1667	0.997504	0.0193543	-0.0679047	-0.0193427	0.999813	0.000829154	0.067908	0.000486373	0.997691
10.2	0.995614	0.0195994	-0.0914822	-0.0197472	0.999805	-0.000710934	0.0914504	0.00251434	0.995806
10.2333	0.992788	0.0212348	-0.117988	-0.0221196	0.999736	-0.00619444	0.117825	0.0087596	0.992996
10.2667	0.989566	0.0176745	-0.142992	-0.0220554	0.999333	-0.0291102	0.142382	0.0319602	0.989296
10.3	0.985874	0.011282	-0.167106	-0.020388	0.998393	-0.0528773	0.166241	0.0555374	0.98452
10.3333	0.982076	0.00139194	-0.188481	-0.0168086	0.996635	-0.0802208	0.187735	0.081951	0.978795
10.3667	0.978614	-0.00460834	-0.205653	-0.0156469	0.995185	-0.0967574	0.205109	0.097906	0.97383
