0	0.857478	-0.514521	0	0.514521	0.857478	0	0	0	1
0.0333333	0.819864	-0.549354	-0.161345	0.534001	0.835327	-0.13066	0.206554	0.0209649	0.97821
0.0666667	0.842247	-0.393656	-0.368313	0.32394	0.915676	-0.237907	0.430909	0.0810651	0.898747
0.1	0.812032	-0.274179	-0.5152	0.143191	0.949392	-0.279557	0.565775	0.153237	0.810196
0.133333	0.768054	-0.188759	-0.611934	0.00524211	0.957393	-0.288741	0.640364	0.218561	0.736319
0.166667	0.728731	-0.129845	-0.672378	-0.0932088	0.953915	-0.285235	0.678427	0.270531	0.683044
0.2	0.698555	-0.0897615	-0.709904	-0.161432	0.946755	-0.27856	0.697109	0.30919	0.646869
0.233333	0.676994	-0.0626203	-0.73332	-0.208036	0.93946	-0.27228	0.705975	0.336888	0.622981
0.266667	0.662277	-0.0443031	-0.747948	-0.239549	0.933336	-0.267395	0.709933	0.35626	0.607514
0.3	0.653149	-0.0318881	-0.756558	-0.260602	0.928615	-0.264122	0.710974	0.369672	0.598214
0.333333	0.646962	-0.0234532	-0.762162	-0.274897	0.92514	-0.261815	0.711247	0.3789	0.592083
0.366667	0.64308	-0.0179115	-0.765589	-0.284223	0.922738	-0.260329	0.711102	0.38501	0.588304
0.4	0.640485	-0.0142157	-0.767839	-0.290443	0.921084	-0.259322	0.710931	0.389105	0.585811
0.433333	0.638913	-0.0118048	-0.769189	-0.294458	0.919981	-0.258706	0.710693	0.391784	0.584312
0.466667	0.638207	-0.0101996	-0.769797	-0.297016	0.919238	-0.258424	0.710263	0.39357	0.583635
0.5	0.637408	-0.0092626	-0.770471	-0.298639	0.9188	-0.258109	0.7103	0.394614	0.582884
0.533333	0.636818	-0.00870852	-0.770965	-0.299638	0.91854	-0.257877	0.710408	0.395231	0.582333
0.566667	0.636636	-0.00826147	-0.77112	-0.300346	0.91833	-0.257804	0.710272	0.39573	0.582161
0.6	0.636778	-0.00807831	-0.771005	-0.300563	0.918243	-0.257858	0.710053	0.395934	0.582289
0.633333	0.63685	-0.007843	-0.770948	-0.30088	0.918132	-0.257885	0.709854	0.396197	0.582353
0.666667	0.636648	-0.00758122	-0.771117	-0.301326	0.918008	-0.257805	0.709846	0.396489	0.582164
0.7	0.636764	-0.00758999	-0.771021	-0.301274	0.918013	-0.257851	0.709764	0.396479	0.582271
0.733333	0.636981	-0.00759101	-0.770842	-0.3012	0.918013	-0.257935	0.709601	0.396478	0.582471
0.766667	0.636917	-0.00756825	-0.770895	-0.301254	0.918002	-0.25791	0.709636	0.396503	0.582411
0.8	0.636795	-0.00755082	-0.770996	-0.30132	0.917994	-0.257862	0.709717	0.396522	0.582299
0.833333	0.637041	-0.00742731	-0.770794	-0.301417	0.917936	-0.257958	0.709455	0.39666	0.582524
0.866667	0.637576	-0.00741287	-0.770352	-0.301258	0.917929	-0.258167	0.709042	0.396676	0.583016
0.9	0.637382	-0.00729362	-0.770513	-0.301495	0.917872	-0.258091	0.709115	0.396809	0.582837
0.933333	0.637221	-0.00750733	-0.770645	-0.301241	0.917973	-0.258029	0.709369	0.396571	0.58269
0.966667	0.636995	-0.00777278	-0.770829	-0.300933	0.918099	-0.257942	0.709702	0.396275	0.582485
1	0.636759	-0.00774629	-0.771024	-0.30105	0.918086	-0.257849	0.709864	0.396305	0.582268
1.03333	0.636491	-0.00757845	-0.771247	-0.301382	0.918007	-0.257744	0.709963	0.396492	0.58202
1.06667	0.636372	-0.00748475	-0.771346	-0.301558	0.917963	-0.257697	0.709996	0.396597	0.581908
1.1	0.636237	-0.00708054	-0.771461	-0.302187	0.917771	-0.257642	0.709849	0.397047	0.58178
1.13333	0.636003	-0.00675635	-0.771657	-0.302734	0.917617	-0.257549	0.709825	0.397409	0.581562
1.16667	0.635717	-0.0067118	-0.771893	-0.302894	0.917595	-0.257437	0.710014	0.397459	0.581298
1.2	0.635516	-0.00657464	-0.77206	-0.30316	0.91753	-0.257357	0.71008	0.397612	0.581112
1.23333	0.635166	-0.00648372	-0.772348	-0.303408	0.917487	-0.25722	0.710287	0.397714	0.580789
1.26667	0.635077	-0.0067074	-0.77242	-0.303114	0.917593	-0.257185	0.710493	0.397464	0.580709
1.3	0.634537	-0.00642186	-0.772866	-0.303707	0.917457	-0.256972	0.710721	0.397783	0.58021
1.33333	0.633994	-0.00627812	-0.773312	-0.304096	0.917388	-0.256758	0.711039	0.397944	0.57971
1.36667	0.63352	-0.00634825	-0.773701	-0.304152	0.917422	-0.256572	0.711439	0.397866	0.579274
1.4	0.633271	-0.00637467	-0.773904	-0.304196	0.917434	-0.256474	0.711641	0.397836	0.579045
1.43333	0.632802	-0.00622645	-0.774289	-0.304566	0.917363	-0.256289	0.7119	0.398003	0.578613
1.46667	0.63284	-0.00635235	-0.774257	-0.304371	0.917424	-0.256305	0.71195	0.397861	0.578649
1.5	0.632632	-0.00629625	-0.774427	-0.304521	0.917397	-0.256223	0.71207	0.397924	0.578457
1.53333	0.632369	-0.00653035	-0.77464	-0.304268	0.917509	-0.25612	0.712412	0.397661	0.578217
1.56667	0.632361	-0.00654754	-0.774647	-0.304246	0.917518	-0.256117	0.712429	0.397641	0.57821
1.6	0.632325	-0.00663527	-0.774675	-0.30413	0.91756	-0.256104	0.71251	0.397542	0.578178
1.63333	0.63235	-0.00673859	-0.774654	-0.303971	0.917609	-0.256114	0.712555	0.397426	0.578202
1.66667	0.632211	-0.0064869	-0.774769	-0.304383	0.917488	-0.256058	0.712503	0.39771	0.578072
1.7	0.631927	-0.00622836	-0.775003	-0.304853	0.917364	-0.255946	0.712554	0.398001	0.577808
1.73333	0.631897	-0.0060417	-0.775029	-0.305135	0.917274	-0.255933	0.71246	0.398212	0.577779
1.76667	0.632134	-0.00595994	-0.774836	-0.305175	0.917234	-0.256026	0.712232	0.398304	0.577996
1.8	0.631985	-0.00603841	-0.774957	-0.30511	0.917272	-0.255968	0.712392	0.398215	0.57786
1.83333	0.631879	-0.0062579	-0.775041	-0.304826	0.917378	-0.255927	0.712608	0.397968	0.577765
1.86667	0.631828	-0.00631624	-0.775083	-0.304758	0.917406	-0.255907	0.712682	0.397902	0.577718
1.9	0.631736	-0.00614163	-0.775159	-0.305042	0.917322	-0.25587	0.712642	0.398099	0.577632
1.93333	0.631792	-0.00634834	-0.775112	-0.304723	0.917422	-0.255893	0.712729	0.397866	0.577685
1.96667	0.631547	-0.00627909	-0.775312	-0.304905	0.917388	-0.255796	0.712868	0.397944	0.577459
2	0.631504	-0.00622362	-0.775347	-0.305	0.917361	-0.255779	0.712866	0.398006	0.57742
2.03333	0.631626	-0.00638026	-0.775247	-0.304731	0.917437	-0.255828	0.712873	0.39783	0.577533
2.06667	0.631892	-0.00635233	-0.775031	-0.304684	0.917424	-0.255932	0.712657	0.397861	0.577777
2.1	0.63208	-0.00642398	-0.774876	-0.304518	0.917458	-0.256007	0.712561	0.39778	0.577951
2.13333	0.632302	-0.00636626	-0.774696	-0.304529	0.91743	-0.256093	0.71236	0.397845	0.578154
2.16667	0.632625	-0.00649641	-0.774431	-0.304232	0.917493	-0.256221	0.712199	0.397699	0.578453
2.2	0.633428	-0.00647537	-0.773775	-0.303997	0.917483	-0.256536	0.711586	0.397723	0.579191
2.23333	0.633879	-0.00619367	-0.773407	-0.304256	0.917348	-0.256713	0.711073	0.398039	0.579603
2.26667	0.634024	-0.00596076	-0.773291	-0.304546	0.917236	-0.256769	0.71082	0.3983	0.579734
2.3	0.634848	-0.00586551	-0.772615	-0.30441	0.91719	-0.257093	0.710143	0.398407	0.580491
2.33333	0.634611	-0.00549725	-0.772812	-0.305022	0.917013	-0.256998	0.710092	0.398818	0.58027
2.36667	0.634254	-0.00572916	-0.773103	-0.304805	0.917125	-0.256858	0.710504	0.398559	0.579944
2.4	0.634591	-0.00580219	-0.772827	-0.304587	0.91716	-0.256991	0.710297	0.398477	0.580254
2.43333	0.635322	-0.00623024	-0.772222	-0.303724	0.917365	-0.257281	0.710012	0.397998	0.58093
2.46667	0.635264	-0.00634572	-0.772269	-0.303576	0.91742	-0.257258	0.710127	0.397869	0.580878
2.5	0.635184	-0.00642566	-0.772334	-0.303487	0.917458	-0.257227	0.710237	0.39778	0.580805
2.53333	0.635014	-0.00669447	-0.772472	-0.303154	0.917587	-0.257161	0.710531	0.397479	0.580651
2.56667	0.63465	-0.00719392	-0.772766	-0.302552	0.917825	-0.257021	0.711113	0.39692	0.580321
2.6	0.633929	-0.00731687	-0.773357	-0.302613	0.917884	-0.256739	0.71173	0.396782	0.579659
2.63333	0.633424	-0.0078573	-0.773765	-0.301995	0.918142	-0.256544	0.712442	0.396175	0.5792
2.66667	0.632692	-0.00793536	-0.774363	-0.302124	0.918179	-0.256259	0.713037	0.396087	0.578527
2.7	0.631499	-0.00820406	-0.775333	-0.302127	0.918307	-0.255795	0.714093	0.395783	0.577432
2.73333	0.630809	-0.00808532	-0.775896	-0.302527	0.91825	-0.255525	0.714533	0.395917	0.576794
2.76667	0.631165	-0.00861207	-0.775601	-0.301641	0.918503	-0.255667	0.714593	0.395321	0.577129
2.8	0.632066	-0.00850016	-0.774868	-0.301507	0.918449	-0.256017	0.713853	0.395448	0.577958
2.83333	0.632968	-0.00839756	-0.774132	-0.301358	0.9184	-0.256368	0.713116	0.395564	0.578787
2.86667	0.634336	-0.00870759	-0.773009	-0.300454	0.918547	-0.256901	0.712282	0.395215	0.580051
2.9	0.636173	-0.00961747	-0.771487	-0.298522	0.918976	-0.257619	0.711456	0.394196	0.581756
2.93333	0.641084	-0.0106589	-0.767397	-0.295367	0.91946	-0.259521	0.708357	0.393039	0.586303
2.96667	0.648012	-0.0121582	-0.761533	-0.290856	0.920141	-0.262189	0.703905	0.391398	0.592727
3	0.65479	-0.013937	-0.755682	-0.285977	0.920928	-0.264781	0.699619	0.389483	0.599029
3.03333	0.660436	-0.0157573	-0.750717	-0.281421	0.921713	-0.266923	0.696152	0.387553	0.604298
3.06667	0.665644	-0.0178494	-0.746056	-0.276628	0.922593	-0.268885	0.693106	0.385362	0.609181
3.1	0.668827	-0.019089	-0.743173	-0.27375	0.923104	-0.270075	0.691181	0.384077	0.612171
3.13333	0.670707	-0.0198891	-0.741456	-0.271954	0.92343	-0.270775	0.690068	0.383252	0.613942
3.16667	0.67104	-0.0206498	-0.741134	-0.270777	0.923737	-0.270905	0.690207	0.38247	0.614273
3.2	0.669624	-0.0217124	-0.742382	-0.269816	0.924166	-0.270402	0.691955	0.381374	0.612986
3.23333	0.668255	-0.0226424	-0.743588	-0.269018	0.92454	-0.269917	0.693588	0.380412	0.611737
3.26667	0.667318	-0.0229204	-0.74442	-0.26897	0.924652	-0.269582	0.694508	0.380123	0.610872
3.3	0.666392	-0.022902	-0.74525	-0.269331	0.924644	-0.269247	0.695257	0.380142	0.610007
3.33333	0.66417	-0.0225077	-0.747243	-0.270685	0.924484	-0.268438	0.696856	0.380555	0.607922
3.36667	0.659719	-0.0216179	-0.751201	-0.273528	0.924118	-0.266812	0.699967	0.381495	0.603745
3.4	0.654702	-0.0201181	-0.755619	-0.277423	0.923489	-0.264959	0.703137	0.383096	0.599029
3.43333	0.643659	-0.0170651	-0.765122	-0.28561	0.922166	-0.260837	0.710021	0.386417	0.588686
3.46667	0.623894	-0.0147482	-0.78137	-0.295573	0.921103	-0.253389	0.723459	0.38904	0.570312
3.5	0.599852	-0.0159589	-0.799952	-0.301327	0.921683	-0.244341	0.741201	0.387615	0.548065
3.53333	0.575962	-0.0199795	-0.817232	-0.302096	0.923733	-0.235492	0.759609	0.382517	0.525999
3.56667	0.556452	-0.0230397	-0.83056	-0.302572	0.92536	-0.228384	0.773829	0.378389	0.507947
3.6	0.543589	-0.0221948	-0.839058	-0.307484	0.924892	-0.223671	0.781002	0.379582	0.495937
3.63333	0.535664	-0.0185584	-0.844227	-0.315835	0.922793	-0.220683	0.783143	0.384849	0.488445
3.66667	0.532448	-0.0149863	-0.84633	-0.322865	0.920658	-0.219425	0.782468	0.390083	0.485364
3.7	0.532346	-0.0125754	-0.846434	-0.327074	0.919186	-0.219362	0.780788	0.393623	0.485212
3.73333	0.533307	-0.0107438	-0.845853	-0.329993	0.918056	-0.21972	0.778902	0.396304	0.486061
3.76667	0.535654	-0.0100054	-0.844378	-0.330654	0.9176	-0.220632	0.777009	0.39738	0.488208
3.8	0.540465	-0.00877276	-0.841321	-0.331496	0.916841	-0.222514	0.773309	0.399156	0.492613
3.83333	0.548453	-0.00754399	-0.836147	-0.331435	0.916093	-0.225663	0.767691	0.400894	0.499934
3.86667	0.558163	-0.00667555	-0.829704	-0.330224	0.915573	-0.229517	0.761187	0.402096	0.508835
3.9	0.568404	-0.00465189	-0.822737	-0.330653	0.914383	-0.233608	0.753383	0.404824	0.518201
3.93333	0.579204	-0.00290206	-0.815177	-0.330343	0.91337	-0.237969	0.745249	0.407121	0.528069
3.96667	0.590269	-0.00260093	-0.807202	-0.327545	0.913196	-0.242461	0.737765	0.407512	0.53818
4	0.601045	-0.00374178	-0.799206	-0.322515	0.913816	-0.246827	0.731251	0.40611	0.548038
4.03333	0.61045	-0.00531132	-0.792037	-0.317206	0.914644	-0.250615	0.725763	0.404226	0.556659
4.06667	0.617199	-0.00667515	-0.786778	-0.313016	0.915343	-0.253316	0.721863	0.40262	0.56286
4.1	0.620444	-0.00690113	-0.784221	-0.311632	0.915456	-0.254607	0.719677	0.402358	0.565839
4.13333	0.622415	-0.00580264	-0.782666	-0.312613	0.914904	-0.255388	0.717546	0.403629	0.567636
4.16667	0.627568	-0.00428726	-0.77855	-0.313144	0.914144	-0.257451	0.712811	0.405366	0.572346
4.2	0.633481	-0.00290058	-0.773753	-0.313189	0.913454	-0.259836	0.707541	0.406932	0.577747
4.23333	0.63445	-0.0025714	-0.772959	-0.313339	0.913291	-0.260229	0.706606	0.4073	0.578632
4.26667	0.631447	-0.00276397	-0.775414	-0.314067	0.913386	-0.259012	0.708968	0.407084	0.575887
4.3	0.628209	-0.00556106	-0.778024	-0.311076	0.914776	-0.257714	0.713151	0.403924	0.572941
4.33333	0.624412	-0.0115837	-0.781009	-0.303487	0.917732	-0.256248	0.719726	0.39703	0.569528
4.36667	0.620062	-0.0193563	-0.784314	-0.293357	0.92146	-0.254662	0.727644	0.38799	0.565684
4.4	0.618412	-0.0264817	-0.785408	-0.283185	0.924777	-0.254154	0.733057	0.379588	0.564394
4.43333	0.623186	-0.0297432	-0.781508	-0.276723	0.926246	-0.255915	0.73148	0.375744	0.568993
4.46667	0.629391	-0.0308854	-0.776475	-0.272971	0.926746	-0.258127	0.727567	0.374418	0.574855
4.5	0.634381	-0.0305266	-0.772418	-0.271839	0.926589	-0.259879	0.723647	0.374836	0.579512
4.53333	0.638178	-0.0298069	-0.769311	-0.271618	0.92628	-0.261208	0.720383	0.375656	0.583035
4.56667	0.640991	-0.032006	-0.766881	-0.267438	0.927206	-0.262233	0.71945	0.373182	0.585771
4.6	0.639705	-0.0352161	-0.767813	-0.263167	0.928536	-0.261846	0.722164	0.369568	0.584721
4.63333	0.634601	-0.0385476	-0.771878	-0.259974	0.929904	-0.260178	0.727801	0.365777	0.580097
4.66667	0.62566	-0.0416092	-0.778985	-0.258373	0.931162	-0.257256	0.736066	0.362224	0.57184
4.7	0.614509	-0.0446915	-0.787643	-0.257311	0.932442	-0.253658	0.745768	0.358544	0.561495
4.73333	0.603551	-0.0481653	-0.795868	-0.255395	0.933903	-0.250199	0.755315	0.354268	0.551357
4.76667	0.593494	-0.0516024	-0.803183	-0.253071	0.93536	-0.247096	0.764016	0.349912	0.542071
4.8	0.5852	-0.0541184	-0.809081	-0.251542	0.936435	-0.244574	0.770888	0.346642	0.534388
4.83333	0.581596	-0.0553251	-0.811595	-0.250657	0.936953	-0.243494	0.773898	0.345047	0.53106
4.86667	0.586884	-0.0527979	-0.807948	-0.253182	0.935864	-0.245065	0.769069	0.348383	0.535876
4.9	0.601722	-0.0454991	-0.797408	-0.26027	0.932711	-0.249618	0.755109	0.357742	0.549391
4.93333	0.619601	-0.0364702	-0.784069	-0.268507	0.928806	-0.255387	0.737563	0.368766	0.565697
4.96667	0.636322	-0.0307481	-0.770811	-0.27148	0.92636	-0.261066	0.722076	0.375381	0.581116
5	0.643922	-0.0297607	-0.764512	-0.27031	0.925951	-0.263718	0.71575	0.376469	0.588195
5.03333	0.636173	-0.0309782	-0.770924	-0.27119	0.926459	-0.261016	0.722316	0.375118	0.580988
5.06667	0.618128	-0.0309031	-0.78547	-0.277293	0.92642	-0.254665	0.735545	0.375221	0.564077
5.1	0.598319	-0.0301492	-0.800691	-0.284725	0.926072	-0.247632	0.748963	0.37614	0.545502
5.13333	0.57855	-0.0300103	-0.815095	-0.290916	0.926006	-0.240585	0.762002	0.376314	0.52701
5.16667	0.556816	-0.0320524	-0.830017	-0.293799	0.927061	-0.232895	0.776941	0.373538	0.506786
5.2	0.535378	-0.0349658	-0.843889	-0.294661	0.928635	-0.225415	0.791546	0.369343	0.486868
5.23333	0.520934	-0.0372141	-0.852785	-0.294453	0.929892	-0.220449	0.801202	0.365944	0.473455
5.26667	0.516298	-0.0388388	-0.855528	-0.292698	0.930813	-0.218895	0.804838	0.363426	0.469209
5.3	0.517176	-0.0395261	-0.854966	-0.291222	0.931201	-0.219213	0.80481	0.362356	0.470084
5.33333	0.524246	-0.0387155	-0.850686	-0.29086	0.930748	-0.221605	0.800354	0.363607	0.47668
5.36667	0.536733	-0.0364955	-0.842962	-0.291499	0.929528	-0.225847	0.791799	0.366942	0.48827
5.4	0.553379	-0.0326666	-0.832289	-0.293549	0.92747	-0.231579	0.779488	0.372469	0.503653
5.43333	0.571667	-0.0287914	-0.81998	-0.294803	0.925438	-0.238023	0.765694	0.377803	0.520555
5.46667	0.589226	-0.0253862	-0.807569	-0.295079	0.923704	-0.244335	0.752158	0.382265	0.536779
5.5	0.604101	-0.0228795	-0.796579	-0.294413	0.922462	-0.249769	0.740529	0.385409	0.550525
5.53333	0.615324	-0.0208975	-0.787997	-0.293867	0.921505	-0.25391	0.731449	0.387804	0.560884
5.56667	0.622285	-0.0185938	-0.78257	-0.295057	0.920409	-0.256492	0.725054	0.390513	0.56727
5.6	0.624314	-0.016032	-0.781009	-0.298193	0.91919	-0.257235	0.72202	0.393487	0.569083
5.63333	0.632482	-0.0131554	-0.774463	-0.299702	0.917822	-0.260349	0.714244	0.396774	0.576563
5.66667	0.648003	-0.00853268	-0.76159	-0.301031	0.91565	-0.266393	0.699623	0.401886	0.590775
5.7	0.66018	-0.00277935	-0.751102	-0.304774	0.912979	-0.27126	0.686494	0.407997	0.601884
5.73333	0.660921	0.00247939	-0.750451	-0.31177	0.910522	-0.271567	0.682629	0.413453	0.602556
5.76667	0.652667	0.00292767	-0.75764	-0.315344	0.910308	-0.268135	0.688901	0.41392	0.595051
5.8	0.639998	-0.00205766	-0.768374	-0.312724	0.91273	-0.26292	0.701859	0.408557	0.583502
5.83333	0.625196	-0.0104208	-0.780398	-0.305573	0.916817	-0.257045	0.718161	0.399172	0.570006
5.86667	0.610016	-0.0193368	-0.792153	-0.297139	0.92117	-0.251305	0.734567	0.38868	0.556183
5.9	0.599625	-0.0261981	-0.799852	-0.289839	0.924503	-0.247564	0.745951	0.380274	0.546762
5.93333	0.592309	-0.0314203	-0.805098	-0.283888	0.92702	-0.245035	0.754041	0.373694	0.540162
5.96667	0.586356	-0.035783	-0.809263	-0.278737	0.929105	-0.243042	0.760587	0.368081	0.534812
6	0.581718	-0.0400891	-0.812402	-0.273178	0.931141	-0.241557	0.766145	0.362448	0.53071
6.03333	0.57997	-0.0441628	-0.81344	-0.267071	0.933036	-0.241074	0.769615	0.357062	0.529339
6.06667	0.580493	-0.048167	-0.81284	-0.260376	0.934856	-0.241346	0.771513	0.351744	0.530136
6.1	0.581809	-0.0525748	-0.811624	-0.252773	0.936802	-0.241882	0.773049	0.345886	0.531751
6.13333	0.57945	-0.0567535	-0.813029	-0.24661	0.938599	-0.241279	0.776802	0.340311	0.529875
6.16667	0.573476	-0.0595391	-0.817056	-0.243753	0.939783	-0.239568	0.782119	0.336546	0.524431
6.2	0.565567	-0.0620055	-0.822368	-0.241905	0.940834	-0.237303	0.788426	0.333145	0.517105
6.23333	0.557593	-0.0649252	-0.827572	-0.2392	0.942085	-0.235075	0.794905	0.329031	0.509769
6.26667	0.552255	-0.067857	-0.830909	-0.235632	0.943338	-0.233649	0.799682	0.324822	0.504974
6.3	0.550393	-0.0700334	-0.831963	-0.232355	0.94426	-0.233203	0.801922	0.321664	0.503442
6.33333	0.552034	-0.0707776	-0.830812	-0.230592	0.944573	-0.233686	0.801302	0.320581	0.505116
6.36667	0.55426	-0.0687658	-0.829498	-0.233467	0.94373	-0.234235	0.79893	0.323488	0.507017
6.4	0.558361	-0.0626512	-0.827229	-0.242862	0.941115	-0.235203	0.793254	0.33223	0.510266
6.43333	0.568035	-0.0550306	-0.821163	-0.253015	0.937765	-0.237867	0.783147	0.342883	0.518759
6.46667	0.57571	-0.0498475	-0.816133	-0.259385	0.935451	-0.240108	0.775421	0.349925	0.525618
6.5	0.576545	-0.0466179	-0.815734	-0.264455	0.933984	-0.240287	0.773084	0.354261	0.526156
6.53333	0.569913	-0.043064	-0.820576	-0.272264	0.932318	-0.238023	0.775288	0.359065	0.519616
6.56667	0.56186	-0.0372003	-0.826396	-0.284343	0.929435	-0.235161	0.776829	0.367107	0.511634
6.6	0.559544	-0.0304898	-0.82824	-0.296222	0.925958	-0.234209	0.774056	0.376393	0.509082
6.63333	0.555897	-0.0258566	-0.830849	-0.304998	0.92346	-0.232804	0.773275	0.382823	0.505462
6.66667	0.549733	-0.0230024	-0.835024	-0.311512	0.921868	-0.230477	0.775083	0.38682	0.499615
6.7	0.545547	-0.0207711	-0.837823	-0.316439	0.920589	-0.228872	0.776044	0.389981	0.495652
6.73333	0.544747	-0.0193959	-0.838376	-0.318993	0.919787	-0.22855	0.775561	0.391938	0.494864
6.76667	0.546447	-0.0186765	-0.837286	-0.319748	0.919366	-0.229188	0.774052	0.392959	0.496413
6.8	0.549915	-0.0179914	-0.835027	-0.319951	0.918966	-0.230506	0.771509	0.393926	0.499597
6.83333	0.556468	-0.0174878	-0.830685	-0.31897	0.918674	-0.233015	0.767204	0.394629	0.505635
6.86667	0.564109	-0.017569	-0.825513	-0.316675	0.918719	-0.23595	0.76256	0.394521	0.512694
6.9	0.572814	-0.0177025	-0.819494	-0.313946	0.918791	-0.239291	0.75718	0.394346	0.520739
6.93333	0.582263	-0.0184917	-0.81279	-0.309894	0.919216	-0.242914	0.751621	0.393319	0.529495
6.96667	0.591294	-0.019913	-0.80621	-0.304926	0.91996	-0.246362	0.746587	0.391507	0.537895
7	0.597447	-0.0213036	-0.801625	-0.300863	0.920668	-0.248699	0.743329	0.389764	0.543641
7.03333	0.597493	-0.0229294	-0.801546	-0.298325	0.921483	-0.248739	0.744315	0.387741	0.543739
7.06667	0.596865	-0.0229527	-0.802014	-0.298483	0.921495	-0.248506	0.744755	0.387712	0.543157
7.1	0.607749	-0.0215023	-0.793838	-0.297305	0.920775	-0.252553	0.736376	0.389501	0.553208
7.13333	0.630522	-0.0163659	-0.775999	-0.297552	0.918297	-0.261137	0.716871	0.395553	0.574137
7.16667	0.655204	-0.0084889	-0.755404	-0.300289	0.91462	-0.270735	0.693206	0.404226	0.596713
7.2	0.669832	-0.00116682	-0.742512	-0.305067	0.911266	-0.276638	0.676949	0.411816	0.610039
7.23333	0.673505	0.00165439	-0.73918	-0.307518	0.909979	-0.278158	0.672178	0.414652	0.613384
7.26667	0.671091	-0.00141226	-0.741374	-0.304269	0.911374	-0.27716	0.67606	0.411577	0.611185
7.3	0.663681	-0.00910847	-0.74796	-0.296462	0.914836	-0.274198	0.686759	0.403722	0.604459
7.33333	0.65131	-0.0176387	-0.758606	-0.288967	0.918636	-0.269455	0.701636	0.394711	0.59322
7.36667	0.636909	-0.0244304	-0.770552	-0.284196	0.921666	-0.264127	0.716645	0.387213	0.580075
7.4	0.622379	-0.0300427	-0.782139	-0.280757	0.924198	-0.258909	0.73063	0.380731	0.566767
7.43333	0.609286	-0.0348097	-0.792186	-0.277756	0.926373	-0.254334	0.742713	0.374996	0.554757
7.46667	0.593229	-0.0418779	-0.803944	-0.271742	0.929615	-0.248942	0.757783	0.366145	0.540095
7.5	0.575417	-0.0500011	-0.816331	-0.26399	0.933348	-0.24325	0.774083	0.355474	0.523864
7.53333	0.557276	-0.0590876	-0.828222	-0.254024	0.937507	-0.237806	0.790516	0.342913	0.50744
7.56667	0.538731	-0.0687406	-0.839669	-0.242385	0.941879	-0.232622	0.806857	0.328844	0.490758
7.6	0.521214	-0.078019	-0.849852	-0.230292	0.946014	-0.228085	0.821767	0.314596	0.475109
7.63333	0.505901	-0.0859335	-0.858301	-0.219417	0.949476	-0.224391	0.834219	0.301845	0.461485
7.66667	0.494252	-0.0922951	-0.864405	-0.210053	0.952205	-0.221775	0.843559	0.291184	0.451242
7.7	0.487147	-0.0966704	-0.867953	-0.203159	0.954045	-0.220284	0.849361	0.283644	0.44512
7.73333	0.484832	-0.0988151	-0.869007	-0.19943	0.954931	-0.21985	0.851567	0.279896	0.443275
7.76667	0.491735	-0.0978272	-0.865232	-0.199648	0.95453	-0.221389	0.847548	0.281607	0.449845
7.8	0.508931	-0.093595	-0.855704	-0.203441	0.952833	-0.225215	0.836422	0.288704	0.465885
7.83333	0.535932	-0.0840933	-0.840063	-0.213863	0.949051	-0.231441	0.816725	0.303695	0.490642
7.86667	0.572613	-0.068871	-0.816928	-0.229964	0.942967	-0.240687	0.786912	0.325685	0.524118
7.9	0.610179	-0.050051	-0.790681	-0.248915	0.935355	-0.2513	0.752145	0.350151	0.558276
7.93333	0.64274	-0.0327399	-0.765384	-0.264265	0.928286	-0.261627	0.719061	0.370422	0.587995
7.96667	0.664831	-0.0212574	-0.746691	-0.272894	0.923592	-0.26927	0.695362	0.382787	0.608232
8	0.673334	-0.0150863	-0.739184	-0.278348	0.921058	-0.272349	0.684941	0.389132	0.615981
8.03333	0.668657	-0.00865231	-0.74352	-0.28892	0.918339	-0.270516	0.685144	0.395701	0.611554
8.06667	0.657538	-0.000146099	-0.753421	-0.304677	0.914534	-0.26608	0.689069	0.404508	0.601297
8.1	0.641468	0.0082439	-0.767106	-0.32199	0.910493	-0.259469	0.696306	0.413442	0.586706
8.13333	0.626121	0.0128569	-0.77962	-0.33366	0.908112	-0.25299	0.704729	0.41853	0.572878
8.16667	0.611051	0.0123472	-0.791495	-0.337703	0.908391	-0.246543	0.715942	0.41794	0.559243
8.2	0.59697	0.00829714	-0.802221	-0.335927	0.91065	-0.240561	0.728546	0.413095	0.546418
8.23333	0.585753	0.00310733	-0.810484	-0.33125	0.913578	-0.235899	0.739707	0.406651	0.536161
8.26667	0.580581	-0.00222615	-0.814199	-0.324372	0.916579	-0.233806	0.746799	0.399847	0.531427
8.3	0.572302	-0.0086525	-0.819997	-0.316465	0.920154	-0.23058	0.756518	0.391462	0.523868
8.33333	0.56363	-0.0159687	-0.825873	-0.306948	0.924172	-0.227351	0.766879	0.381642	0.51599
8.36667	0.557501	-0.0235382	-0.829843	-0.296039	0.928246	-0.225213	0.775599	0.371222	0.510529
8.4	0.554854	-0.0309556	-0.831372	-0.284252	0.932115	-0.224415	0.781881	0.360837	0.508389
8.43333	0.55397	-0.0365715	-0.831733	-0.274945	0.934946	-0.224235	0.785826	0.3529	0.507877
8.46667	0.553787	-0.0394817	-0.831722	-0.270026	0.936377	-0.224242	0.787659	0.348769	0.507892
8.5	0.555647	-0.0395944	-0.830475	-0.269331	0.936431	-0.224848	0.786585	0.348609	0.509662
8.53333	0.564502	-0.037274	-0.82459	-0.270834	0.935311	-0.227688	0.779735	0.351857	0.51789
8.56667	0.582868	-0.0322437	-0.811927	-0.273944	0.932917	-0.233708	0.764996	0.358644	0.534935
8.6	0.610365	-0.0233183	-0.791777	-0.279854	0.928758	-0.243086	0.741037	0.369954	0.560355
8.63333	0.640728	-0.013042	-0.767657	-0.285533	0.924091	-0.254021	0.712698	0.38195	0.588367
8.66667	0.667202	-0.00498766	-0.74486	-0.287889	0.920546	-0.264038	0.686995	0.390603	0.612754
8.7	0.686467	-0.00138157	-0.72716	-0.285789	0.919015	-0.271543	0.668646	0.39422	0.630479
8.73333	0.698519	-0.00273849	-0.715586	-0.279407	0.919571	-0.276262	0.658788	0.392914	0.641573
8.76667	0.701623	-0.0071834	-0.712512	-0.272347	0.921323	-0.277473	0.658447	0.388731	0.644465
8.8	0.695171	-0.0120198	-0.718744	-0.268423	0.923197	-0.275059	0.666848	0.38414	0.638553
8.83333	0.677974	-0.0175907	-0.734875	-0.267298	0.925378	-0.268752	0.684765	0.378638	0.62268
8.86667	0.652057	-0.0236148	-0.757802	-0.267983	0.927817	-0.259502	0.709229	0.372288	0.598661
8.9	0.619884	-0.0322963	-0.784028	-0.265737	0.931475	-0.248472	0.738328	0.362369	0.568824
8.93333	0.588173	-0.0426775	-0.807608	-0.25917	0.935994	-0.238213	0.766083	0.349419	0.539466
8.96667	0.560501	-0.053921	-0.826396	-0.248451	0.940965	-0.229907	0.790007	0.334182	0.514015
9	0.538874	-0.0637021	-0.839975	-0.237282	0.945283	-0.223914	0.808277	0.319972	0.494273
9.03333	0.521729	-0.0719638	-0.850071	-0.226755	0.948895	-0.2195	0.822424	0.307278	0.478748
9.06667	0.509286	-0.0782794	-0.85703	-0.218063	0.951617	-0.216502	0.832512	0.297147	0.467575
9.1	0.501657	-0.0830602	-0.86107	-0.210782	0.953644	-0.214791	0.838994	0.289249	0.460895
9.13333	0.498506	-0.0856998	-0.86264	-0.206422	0.954743	-0.214138	0.841951	0.284817	0.458255
9.16667	0.500469	-0.086036	-0.861469	-0.205276	0.954882	-0.21462	0.841066	0.28425	0.460228
9.2	0.506589	-0.0845967	-0.858028	-0.206528	0.954295	-0.216025	0.837087	0.286643	0.465964
9.23333	0.5209	-0.0808223	-0.849783	-0.21002	0.952772	-0.219355	0.827378	0.292733	0.479325
9.26667	0.543094	-0.0744584	-0.836364	-0.215772	0.950236	-0.224708	0.811475	0.302501	0.500001
9.3	0.566796	-0.0646967	-0.821314	-0.226248	0.94636	-0.230682	0.792183	0.31657	0.521756
9.33333	0.591256	-0.0508664	-0.804878	-0.242125	0.940774	-0.237318	0.76928	0.335197	0.543922
9.36667	0.610038	-0.0340135	-0.791642	-0.263117	0.933693	-0.242874	0.747411	0.356456	0.560638
9.4	0.623651	-0.0189587	-0.781473	-0.281765	0.927052	-0.247351	0.729156	0.374452	0.572815
9.43333	0.630206	-0.0109166	-0.776351	-0.29159	0.923381	-0.249684	0.719594	0.383729	0.578738
9.46667	0.627533	-0.00853746	-0.778543	-0.295953	0.922268	-0.248662	0.720149	0.386456	0.576227
9.5	0.618613	-0.00621074	-0.785671	-0.302223	0.92115	-0.245243	0.725244	0.389158	0.567959
9.53333	0.609785	-0.000626133	-0.792567	-0.313314	0.918355	-0.241783	0.728009	0.395758	0.559802
9.56667	0.604434	0.00777399	-0.796617	-0.327594	0.913922	-0.239643	0.726183	0.405815	0.554952
9.6	0.606086	0.0169643	-0.795218	-0.340885	0.908843	-0.240421	0.71865	0.416794	0.55662
9.63333	0.61165	0.0220276	-0.790822	-0.346689	0.905982	-0.242906	0.71112	0.422743	0.56178
9.66667	0.620061	0.0228081	-0.784222	-0.345213	0.905544	-0.246613	0.704523	0.423639	0.569366
9.7	0.629495	0.0210273	-0.77672	-0.339645	0.90652	-0.250724	0.698841	0.421639	0.577791
9.73333	0.637097	0.0187294	-0.770556	-0.333898	0.907741	-0.254003	0.694708	0.419112	0.584573
9.76667	0.640503	0.0163803	-0.767781	-0.329451	0.908961	-0.255445	0.693699	0.416559	0.587589
9.8	0.636736	0.00948816	-0.771023	-0.32091	0.912473	-0.25379	0.70113	0.409026	0.58405
9.83333	0.631059	0.00240939	-0.775731	-0.312573	0.916013	-0.251433	0.709974	0.401142	0.578811
9.86667	0.624457	-0.00469036	-0.781045	-0.304308	0.919503	-0.24882	0.71934	0.393056	0.572762
9.9	0.616436	-0.0115781	-0.78732	-0.296582	0.922838	-0.245781	0.729414	0.385013	0.565437
9.93333	0.607574	-0.0166546	-0.794089	-0.291616	0.925278	-0.242528	0.738792	0.378923	0.557318
9.96667	0.599354	-0.0194516	-0.800248	-0.289783	0.926627	-0.239559	0.746191	0.375479	0.549741
10	0.597631	-0.0208278	-0.801501	-0.288152	0.927292	-0.238954	0.748202	0.37376	0.548176
10.0333	0.605776	-0.0203987	-0.795374	-0.28637	0.927084	-0.241883	0.742312	0.374298	0.555764
10.0667	0.621759	-0.0177615	-0.783007	-0.285435	0.925848	-0.247655	0.729344	0.377479	0.570584
10.1	0.637989	-0.0141408	-0.769916	-0.28556	0.924197	-0.253604	0.71514	0.381654	0.58559
10.1333	0.648239	-0.0111363	-0.761355	-0.286481	0.922857	-0.257417	0.705489	0.384981	0.595042
10.1667	0.658145	-0.0136555	-0.752767	-0.279508	0.92395	-0.261135	0.699085	0.38227	0.604276
10.2	0.656549	-0.0198255	-0.754023	-0.27132	0.926536	-0.260607	0.703796	0.375683	0.602937
10.2333	0.647528	-0.0288065	-0.761497	-0.261502	0.930206	-0.257552	0.715769	0.365905	0.594801
10.2667	0.629105	-0.0383605	-0.776373	-0.253468	0.934067	-0.25154	0.734834	0.35503	0.577903
10.3	0.612855	-0.0461132	-0.788849	-0.246768	0.9372	-0.246499	0.750676	0.345731	0.562989
10.3333	0.595554	-0.0502915	-0.80174	-0.245459	0.938913	-0.24123	0.764896	0.34046	0.546829
10.3667	0.571134	-0.0518415	-0.819218	-0.250059	0.939581	-0.233792	0.781841	0.33838	0.523663
