0	0.0520866	0.998621	0.00659298	0.0299328	0.00503779	-0.999539	-0.998194	0.05226	-0.0296291
0.0333333	0.981937	0.174212	-0.0738212	-0.0152752	-0.315895	-0.948671	-0.18859	0.932663	-0.307528
0.0666667	0.998265	0.0294785	-0.0509705	-0.0135472	-0.727442	-0.686036	-0.0573014	0.685536	-0.72578
0.1	0.998917	-0.0149936	-0.0440542	-0.0350479	-0.865176	-0.500243	-0.0306142	0.501245	-0.864764
0.133333	0.998569	-0.0328725	-0.0421785	-0.0473885	-0.909439	-0.413128	-0.0247782	0.414536	-0.909696
0.166667	0.998405	-0.0405616	-0.0392774	-0.0522972	-0.926554	-0.372509	-0.0212831	0.373969	-0.927197
0.2	0.998338	-0.0430054	-0.0383552	-0.0538838	-0.932603	-0.356858	-0.0204233	0.358332	-0.933371
0.233333	0.998345	-0.043519	-0.0375994	-0.0539771	-0.934678	-0.351373	-0.0198519	0.352821	-0.93548
0.266667	0.99837	-0.0436805	-0.0367396	-0.0537813	-0.935488	-0.349241	-0.0191144	0.350647	-0.936312
0.3	0.998452	-0.0420749	-0.0363639	-0.0521483	-0.935518	-0.349408	-0.0193178	0.350763	-0.936265
0.333333	0.998537	-0.0405902	-0.0357153	-0.0505582	-0.935085	-0.350799	-0.0191579	0.352091	-0.93577
0.366667	0.998582	-0.0400209	-0.035092	-0.0498365	-0.934538	-0.352356	-0.0186932	0.353605	-0.935208
0.4	0.998647	-0.0393704	-0.0339718	-0.0488505	-0.934212	-0.353356	-0.0178251	0.354538	-0.934872
0.433333	0.998677	-0.0392027	-0.0332684	-0.0484677	-0.933748	-0.354635	-0.0171616	0.355778	-0.934413
0.466667	0.998706	-0.038786	-0.0328833	-0.0479593	-0.933389	-0.355647	-0.0168988	0.356764	-0.934042
0.5	0.998787	-0.037238	-0.0322231	-0.0462813	-0.933381	-0.355889	-0.0168238	0.356949	-0.933972
0.533333	0.998779	-0.0382402	-0.0312866	-0.0468976	-0.933025	-0.356743	-0.0155492	0.357775	-0.933678
0.566667	0.998806	-0.0380676	-0.0306089	-0.046513	-0.932584	-0.357943	-0.0149194	0.358939	-0.933242
0.6	0.998819	-0.038282	-0.0299336	-0.0464803	-0.932343	-0.358575	-0.0141815	0.359543	-0.933021
0.633333	0.99883	-0.038616	-0.0291089	-0.0464978	-0.93228	-0.358737	-0.0132846	0.359671	-0.932985
0.666667	0.998843	-0.038896	-0.0282703	-0.0464604	-0.932194	-0.358964	-0.0123912	0.359862	-0.932923
0.7	0.998835	-0.0392825	-0.0280339	-0.0467369	-0.932153	-0.359036	-0.012028	0.359928	-0.932903
0.733333	0.998814	-0.0398726	-0.0279353	-0.0472638	-0.931768	-0.359966	-0.0116765	0.360859	-0.932547
0.766667	0.998771	-0.0409653	-0.0278856	-0.048262	-0.93182	-0.359699	-0.0112492	0.360603	-0.932652
0.8	0.998792	-0.0407878	-0.027408	-0.0479221	-0.931905	-0.359522	-0.0108775	0.360401	-0.932734
0.833333	0.998791	-0.0404216	-0.0279797	-0.0477838	-0.931998	-0.359299	-0.0115536	0.360202	-0.932803
0.866667	0.998825	-0.0397301	-0.0277667	-0.0470606	-0.932069	-0.35921	-0.011609	0.360095	-0.932844
0.9	0.998825	-0.0395198	-0.0280578	-0.0469658	-0.932175	-0.358948	-0.0119692	0.359844	-0.932936
0.933333	0.99884	-0.0393887	-0.0276911	-0.0466906	-0.932828	-0.357283	-0.0117582	0.358161	-0.933586
0.966667	0.998805	-0.0401342	-0.0278831	-0.0474524	-0.932888	-0.357028	-0.0116827	0.357924	-0.933677
1	0.99879	-0.0405541	-0.027806	-0.0478073	-0.933173	-0.356233	-0.0115011	0.357132	-0.933983
1.03333	0.998776	-0.0406855	-0.028117	-0.048037	-0.933287	-0.355904	-0.0117611	0.356819	-0.934099
1.06667	0.998788	-0.0403602	-0.0281562	-0.0477434	-0.93341	-0.35562	-0.0119283	0.356534	-0.934206
1.1	0.998827	-0.0391426	-0.0284999	-0.0467338	-0.9333	-0.356045	-0.0126625	0.356959	-0.934034
1.13333	0.998809	-0.0394721	-0.028677	-0.0470996	-0.933433	-0.355648	-0.0127299	0.356575	-0.93418
1.16667	0.998812	-0.0391731	-0.028991	-0.0469304	-0.933487	-0.355528	-0.0131356	0.356466	-0.934216
1.2	0.998861	-0.0378292	-0.0290825	-0.0457126	-0.933402	-0.355907	-0.013682	0.356832	-0.934069
1.23333	0.998909	-0.0368162	-0.0287215	-0.0446417	-0.933335	-0.35622	-0.0136922	0.357113	-0.933961
1.26667	0.998892	-0.0375173	-0.0284247	-0.0451904	-0.933319	-0.356193	-0.0131659	0.357082	-0.93398
1.3	0.998931	-0.0367234	-0.0280922	-0.0443364	-0.933181	-0.356661	-0.0131173	0.357525	-0.933812
1.33333	0.998935	-0.0364948	-0.0282342	-0.0441726	-0.933218	-0.356586	-0.0133352	0.357453	-0.933836
1.36667	0.998915	-0.0372585	-0.0279426	-0.0447767	-0.933329	-0.356218	-0.0128075	0.357083	-0.933985
1.4	0.998898	-0.0375009	-0.0282343	-0.0451065	-0.933337	-0.356156	-0.012996	0.357037	-0.934
1.43333	0.998912	-0.0371157	-0.0282404	-0.0447518	-0.933274	-0.356367	-0.0131292	0.357243	-0.933919
1.46667	0.998918	-0.0370473	-0.0281001	-0.0446398	-0.933222	-0.356517	-0.0130156	0.357386	-0.933866
1.5	0.99892	-0.0370649	-0.0280305	-0.0446294	-0.933276	-0.356375	-0.0129512	0.357241	-0.933922
1.53333	0.998928	-0.0371814	-0.0275906	-0.0445807	-0.933289	-0.356347	-0.0125005	0.357195	-0.933946
1.56667	0.998891	-0.0382944	-0.0273807	-0.0455474	-0.933184	-0.356501	-0.0118993	0.357353	-0.933894
1.6	0.998841	-0.0398943	-0.0269245	-0.0468801	-0.933083	-0.356592	-0.0108968	0.357441	-0.933872
1.63333	0.998789	-0.0414717	-0.0264821	-0.0482158	-0.932277	-0.358518	-0.0098203	0.359361	-0.933147
1.66667	0.998685	-0.0440923	-0.026174	-0.0505756	-0.931116	-0.3612	-0.00844485	0.362048	-0.932121
1.7	0.998791	-0.0430709	-0.0237046	-0.0487411	-0.930549	-0.36291	-0.00642741	0.363627	-0.931523
1.73333	0.999025	-0.0399508	-0.0187639	-0.0440522	-0.928973	-0.367516	-0.00274858	0.367984	-0.929828
1.76667	0.999151	-0.0396732	-0.0111433	-0.0409738	-0.927634	-0.371235	0.00439121	0.371377	-0.928472
1.8	0.999132	-0.0415704	-0.00280482	-0.0396585	-0.928223	-0.369905	0.0127736	0.369695	-0.929065
1.83333	0.999043	-0.0436572	0.00260404	-0.0396037	-0.928332	-0.369637	0.0185547	0.36918	-0.929172
1.86667	0.998801	-0.0488608	0.0029836	-0.0441558	-0.925579	-0.37597	0.0211318	0.375387	-0.926627
1.9	0.998363	-0.0571914	0.000423999	-0.052325	-0.916356	-0.39693	0.0230895	0.396259	-0.917849
1.93333	0.997294	-0.0729553	-0.00908985	-0.0695512	-0.896156	-0.438255	0.0238271	0.437701	-0.898805
1.96667	0.995669	-0.0890748	-0.0266227	-0.0900323	-0.852448	-0.515002	0.0231792	0.515168	-0.856776
2	0.995082	-0.0961141	-0.0239736	-0.0886673	-0.75631	-0.648177	0.0441675	0.647115	-0.761112
2.03333	0.994525	-0.10145	0.0250626	-0.0450799	-0.632875	-0.772941	0.094276	0.767579	-0.633983
2.06667	0.990672	-0.107872	0.0832653	0.00697081	-0.570116	-0.821535	0.136091	0.814452	-0.564045
2.1	0.983645	-0.11457	0.138982	0.0460961	-0.585797	-0.809146	0.17412	0.802319	-0.570935
2.13333	0.976353	-0.111098	0.185452	0.0724964	-0.639911	-0.765021	0.203665	0.760375	-0.616725
2.16667	0.970406	-0.0855494	0.225816	0.0991129	-0.711637	-0.695521	0.220201	0.697319	-0.682098
2.2	0.962005	-0.0550602	0.267424	0.123445	-0.785919	-0.605882	0.243533	0.615873	-0.749261
2.23333	0.949705	-0.0289822	0.311803	0.139261	-0.85274	-0.50343	0.280477	0.521531	-0.805815
2.26667	0.935183	-0.0100859	0.354022	0.148423	-0.89642	-0.417613	0.321564	0.44309	-0.83682
2.3	0.922319	-0.00993477	0.386301	0.147826	-0.914561	-0.376465	0.357036	0.404326	-0.842049
2.33333	0.909458	-0.0190003	0.41536	0.141844	-0.924854	-0.352883	0.390852	0.379848	-0.838421
2.36667	0.892195	-0.0222817	0.451101	0.142091	-0.93422	-0.327175	0.428717	0.356001	-0.83034
2.4	0.889425	-0.00938793	0.456985	0.139888	-0.946225	-0.291701	0.435149	0.323373	-0.840283
2.43333	0.89875	0.0232185	0.437846	0.148595	-0.955631	-0.254339	0.412514	0.293648	-0.862324
2.46667	0.903275	0.0623716	0.424505	0.19044	-0.944862	-0.266397	0.384483	0.321473	-0.865348
2.5	0.917508	0.0868212	0.388126	0.202869	-0.941546	-0.268954	0.342087	0.325506	-0.881489
2.53333	0.937333	0.0928092	0.335847	0.192628	-0.941211	-0.277518	0.290347	0.324821	-0.900106
2.56667	0.960147	0.0970176	0.262116	0.175408	-0.939301	-0.294867	0.217598	0.329093	-0.918885
2.6	0.982011	0.0827815	0.16971	0.135784	-0.93415	-0.330041	0.131213	0.347148	-0.928586
2.63333	0.995353	0.0633482	0.0725237	0.0857682	-0.925615	-0.368619	0.0437777	0.373126	-0.926747
2.66667	0.999101	0.0416523	-0.00792932	0.0351522	-0.918267	-0.394399	-0.0237088	0.393766	-0.918905
2.7	0.997225	0.0244256	-0.0703301	-0.00714914	-0.908869	-0.417019	-0.0741069	0.416365	-0.906172
2.73333	0.992464	0.0126896	-0.121881	-0.0418298	-0.899798	-0.434296	-0.11518	0.436121	-0.892486
2.76667	0.987059	-0.00184926	-0.160349	-0.0732888	-0.894595	-0.440826	-0.142632	0.446873	-0.883154
2.8	0.982385	-0.0161904	-0.186167	-0.0995912	-0.88833	-0.448276	-0.15812	0.45892	-0.874294
2.83333	0.978506	-0.0274784	-0.204378	-0.119533	-0.883179	-0.453548	-0.168039	0.46823	-0.867481
2.86667	0.974699	-0.0261627	-0.221984	-0.126451	-0.883467	-0.451105	-0.184314	0.467762	-0.864423
2.9	0.968029	-0.0133964	-0.250481	-0.127556	-0.886113	-0.44557	-0.215986	0.463275	-0.859492
2.93333	0.956222	0.000194557	-0.292641	-0.138736	-0.880178	-0.453914	-0.257665	0.474643	-0.841619
2.96667	0.943926	0.0182834	-0.329651	-0.151161	-0.863736	-0.48074	-0.293521	0.503614	-0.812538
3	0.930701	0.00467297	-0.36575	-0.190485	-0.847439	-0.495543	-0.312266	0.530873	-0.787822
3.03333	0.930556	0.00275797	-0.366139	-0.217478	-0.800309	-0.558756	-0.294566	0.599581	-0.744133
3.06667	0.939219	0.0123971	-0.343093	-0.230187	-0.718705	-0.656107	-0.254717	0.695204	-0.672168
3.1	0.960443	0.0452846	-0.274771	-0.194978	-0.595135	-0.779614	-0.19883	0.802349	-0.562763
3.13333	0.982193	0.0524877	-0.180394	-0.135539	-0.466948	-0.873836	-0.1301	0.882726	-0.451519
3.16667	0.995599	0.00863484	-0.0933188	-0.0821706	-0.398397	-0.913525	-0.0450661	0.917172	-0.395934
3.2	0.997628	-0.0632514	-0.0271697	-0.0501221	-0.39686	-0.91651	0.047188	0.915697	-0.399089
3.23333	0.99034	-0.13325	0.0383514	-0.0210622	-0.41794	-0.90823	0.13705	0.898649	-0.41671
3.26667	0.97627	-0.184978	0.112604	0.0190385	-0.444652	-0.895501	0.215717	0.876395	-0.430578
3.3	0.964827	-0.184518	0.187251	0.0619395	-0.532675	-0.84405	0.255486	0.82596	-0.502511
3.33333	0.957795	-0.117565	0.26231	0.106564	-0.702294	-0.703866	0.266969	0.702112	-0.660126
3.36667	0.941684	-0.0399176	0.334123	0.141058	-0.854659	-0.49966	0.305507	0.517653	-0.799188
3.4	0.914206	-0.00296656	0.405239	0.159607	-0.916515	-0.366778	0.372496	0.39999	-0.83741
3.43333	0.899243	0.0141411	0.437221	0.180311	-0.922605	-0.341011	0.39856	0.385488	-0.832196
3.46667	0.912882	0.0289824	0.407193	0.171787	-0.93213	-0.318784	0.370317	0.360963	-0.855904
3.5	0.917436	0.0674353	0.392128	0.201913	-0.928112	-0.312791	0.342846	0.366142	-0.865099
3.53333	0.924557	0.0823094	0.372048	0.223109	-0.908455	-0.353456	0.308896	0.409798	-0.858282
3.56667	0.943973	0.091118	0.317196	0.214696	-0.899496	-0.380543	0.250642	0.427323	-0.868662
3.6	0.968416	0.0903082	0.232409	0.179647	-0.899091	-0.399201	0.172906	0.428344	-0.886919
3.63333	0.986089	0.077407	0.147095	0.133102	-0.897787	-0.419836	0.0995615	0.433574	-0.895601
3.66667	0.994909	0.0639211	0.0779074	0.0914547	-0.897413	-0.431609	0.0423262	0.436537	-0.89869
3.7	0.998222	0.0533013	0.0266656	0.0595932	-0.899058	-0.433755	0.000854232	0.434573	-0.900636
3.73333	0.998925	0.0429988	-0.0172932	0.031225	-0.900141	-0.434479	-0.0342484	0.433472	-0.900516
3.76667	0.997707	0.0326058	-0.0593152	0.00298592	-0.896674	-0.442681	-0.0676204	0.441488	-0.894715
3.8	0.993895	0.0273248	-0.106896	-0.0240629	-0.891843	-0.451705	-0.107677	0.45152	-0.88574
3.83333	0.988028	0.0218777	-0.152713	-0.0523033	-0.883763	-0.465002	-0.145135	0.467423	-0.872039
3.86667	0.981096	0.0174478	-0.192734	-0.0764741	-0.879912	-0.468942	-0.177771	0.474816	-0.861944
3.9	0.97345	0.00558513	-0.228831	-0.105202	-0.876945	-0.468935	-0.203291	0.480559	-0.853075
3.93333	0.963842	0.00191297	-0.266467	-0.134521	-0.85971	-0.49275	-0.230027	0.510779	-0.828367
3.96667	0.952303	0.0109205	-0.30496	-0.160177	-0.832727	-0.530008	-0.259736	0.553576	-0.791259
4	0.942661	0.0206961	-0.333108	-0.18689	-0.794186	-0.578223	-0.276517	0.607323	-0.74478
4.03333	0.940382	0.0326711	-0.338548	-0.220745	-0.698627	-0.680582	-0.258754	0.714739	-0.649765
4.06667	0.948676	0.0456625	-0.312936	-0.238016	-0.548466	-0.801582	-0.208237	0.834925	-0.509448
4.1	0.969741	0.0480086	-0.23937	-0.201707	-0.39482	-0.896343	-0.13754	0.917503	-0.373189
4.13333	0.990126	0.0127992	-0.139592	-0.129153	-0.303813	-0.943937	-0.0544916	0.952646	-0.29916
4.16667	0.998199	-0.0399423	-0.0447656	-0.0542984	-0.284132	-0.957246	0.0255153	0.957953	-0.285789
4.2	0.995739	-0.0847961	0.0362502	0.00727018	-0.319681	-0.947497	0.0919325	0.943723	-0.317703
4.23333	0.988777	-0.126038	0.0802148	0.0239239	-0.39641	-0.917762	0.147471	0.909381	-0.388945
4.26667	0.983896	-0.14998	0.0972335	0.00648546	-0.513677	-0.857959	0.178623	0.844773	-0.504432
4.3	0.980428	-0.15123	0.126058	-0.0073173	-0.667831	-0.744277	0.196743	0.728787	-0.655867
4.33333	0.973042	-0.13049	0.19016	-0.000542998	-0.825831	-0.563918	0.230626	0.548613	-0.803639
4.36667	0.957403	-0.108113	0.267751	0.0120101	-0.911551	-0.411012	0.288505	0.39672	-0.871423
4.4	0.938272	-0.0951044	0.332567	0.0252719	-0.940041	-0.340124	0.344974	0.327533	-0.879611
4.43333	0.928636	-0.0754527	0.363239	0.0485893	-0.94593	-0.320711	0.367797	0.315473	-0.874758
4.46667	0.93565	-0.0592045	0.347929	0.0506108	-0.953132	-0.29829	0.349282	0.296704	-0.888802
4.5	0.951868	-0.0364564	0.304331	0.0446923	-0.965781	-0.255479	0.303231	0.256783	-0.917667
4.53333	0.956256	-0.00722321	0.292442	0.0609451	-0.97284	-0.223313	0.286112	0.231368	-0.929843
4.56667	0.957943	0.0387447	0.284331	0.114879	-0.959758	-0.256258	0.262961	0.278144	-0.923844
4.6	0.966365	0.0769678	0.245388	0.150839	-0.942442	-0.298415	0.208296	0.325391	-0.922352
4.63333	0.982118	0.0770629	0.171769	0.133036	-0.929655	-0.343573	0.133209	0.360281	-0.923284
4.66667	0.994753	0.0642289	0.0796321	0.0892295	-0.925457	-0.368196	0.0500473	0.373369	-0.926332
4.7	0.998094	0.0617146	0.000155979	0.0568108	-0.917793	-0.392974	-0.0241091	0.392234	-0.919549
4.73333	0.995591	0.0625404	-0.069903	0.0273709	-0.906541	-0.42123	-0.0897138	0.41746	-0.904256
4.76667	0.989058	0.0669984	-0.131433	0.000595111	-0.892729	-0.450593	-0.147523	0.445584	-0.883001
4.8	0.980716	0.0708598	-0.182142	-0.0257259	-0.877045	-0.479719	-0.19374	0.475154	-0.858309
4.83333	0.97067	0.0858473	-0.224566	-0.0410044	-0.861272	-0.506487	-0.236893	0.50084	-0.832491
4.86667	0.959492	0.107761	-0.260314	-0.0465639	-0.8506	-0.523747	-0.277863	0.514652	-0.811126
4.9	0.948708	0.12419	-0.290741	-0.053258	-0.843697	-0.534171	-0.311636	0.522257	-0.793808
4.93333	0.938148	0.13471	-0.318954	-0.0624875	-0.840205	-0.538656	-0.340549	0.52527	-0.779819
4.96667	0.928281	0.139268	-0.344817	-0.0801968	-0.830442	-0.551303	-0.363129	0.539417	-0.759714
5	0.918855	0.140963	-0.368557	-0.104128	-0.814288	-0.571046	-0.380608	0.563085	-0.733534
5.03333	0.910229	0.136109	-0.391099	-0.132419	-0.799185	-0.586317	-0.392363	0.585472	-0.709418
5.06667	0.907304	0.109235	-0.406039	-0.166043	-0.794104	-0.584662	-0.386303	0.597886	-0.702355
5.1	0.906952	0.0480675	-0.418482	-0.232868	-0.770641	-0.593199	-0.351013	0.635455	-0.687741
5.13333	0.907226	0.010976	-0.420501	-0.290541	-0.70654	-0.64528	-0.304184	0.707588	-0.637803
5.16667	0.921397	0.0463649	-0.385848	-0.282263	-0.602609	-0.746451	-0.267124	0.796688	-0.542155
5.2	0.947314	0.0859815	-0.308552	-0.231856	-0.480558	-0.845758	-0.220997	0.872738	-0.435304
5.23333	0.973838	0.0633878	-0.218224	-0.17467	-0.405485	-0.897258	-0.145362	0.911901	-0.383805
5.26667	0.991804	0.0161058	-0.126752	-0.110326	-0.392436	-0.913139	-0.0644489	0.919638	-0.387442
5.3	0.998056	-0.0423363	-0.0457267	-0.0594861	-0.428647	-0.901512	0.0185661	0.90248	-0.430332
5.33333	0.995093	-0.0957777	0.0248233	-0.0265705	-0.500352	-0.865414	0.0953078	0.860508	-0.500442
5.36667	0.987884	-0.123674	0.0937506	-0.00115635	-0.609946	-0.792442	0.155187	0.782733	-0.6027
5.4	0.978758	-0.119568	0.166541	0.0232869	-0.742229	-0.669741	0.203691	0.659393	-0.723679
5.43333	0.96355	-0.0976528	0.249067	0.0415818	-0.865017	-0.500016	0.264275	0.492148	-0.829427
5.46667	0.940392	-0.0751124	0.331695	0.053828	-0.93014	-0.363239	0.335806	0.359441	-0.870653
5.5	0.915856	-0.0625279	0.396609	0.0643053	-0.952205	-0.298616	0.396325	0.298993	-0.868061
5.53333	0.90392	-0.0594324	0.423553	0.0683522	-0.957497	-0.280228	0.422205	0.282254	-0.861438
5.56667	0.913582	-0.0500717	0.40356	0.0572808	-0.966651	-0.24961	0.4026	0.251155	-0.880247
5.6	0.925863	-0.0181398	0.377423	0.0642605	-0.976738	-0.204583	0.372354	0.213669	-0.90316
5.63333	0.930064	0.0136449	0.367143	0.105313	-0.967276	-0.230836	0.351979	0.253358	-0.901066
5.66667	0.941873	0.0399324	0.333588	0.139107	-0.950155	-0.279025	0.305818	0.309211	-0.90048
5.7	0.960343	0.0546489	0.273413	0.142512	-0.939044	-0.31287	0.239649	0.339427	-0.909592
5.73333	0.980641	0.0535083	0.188359	0.112592	-0.941099	-0.318834	0.160205	0.33387	-0.928905
5.76667	0.991857	0.0468065	0.118446	0.0828252	-0.943551	-0.320706	0.0967489	0.327905	-0.939744
5.8	0.99656	0.0364168	0.0744468	0.0600284	-0.936519	-0.34544	0.057141	0.348721	-0.935483
5.83333	0.999041	0.0276929	0.0339259	0.03807	-0.932082	-0.360242	0.0216456	0.361188	-0.932242
5.86667	0.999676	0.0231184	-0.0106338	0.017589	-0.929744	-0.367786	-0.0183893	0.367479	-0.92985
5.9	0.998917	0.0117126	-0.0450343	-0.00702251	-0.918773	-0.394724	-0.0459995	0.394613	-0.917695
5.93333	0.996843	0.0110737	-0.0786183	-0.0239463	-0.902176	-0.430704	-0.075697	0.431227	-0.899063
5.96667	0.993717	0.0179022	-0.11048	-0.0333422	-0.89495	-0.444918	-0.106839	0.445807	-0.888731
