0	-0.185501	0.176351	0.713241	0.998621	0.00935498	-0.0516493	-0.00353664	0.993746	0.111612	0.0523704	-0.111276	0.992409
0.0333333	0.165638	0.951624	-1.92302	0.0703923	0.99591	-0.0566472	-0.994626	0.0743972	0.0720061	0.0759259	0.0512741	0.995794
0.0666667	0.163776	0.952433	-1.92179	0.0323375	0.999291	-0.01928	-0.999374	0.0326053	0.0137434	0.0143623	0.0188235	0.99972
0.1	0.162752	0.952848	-1.92091	0.0177954	0.99984	-0.00188295	-0.999781	0.0178151	0.010987	0.0110188	0.00168702	0.999938
0.133333	0.162339	0.952916	-1.92032	0.0109376	0.999926	0.00538793	-0.999881	0.0108784	0.0108941	0.0108346	-0.00550645	0.999926
0.166667	0.162232	0.952834	-1.91981	0.00747323	0.999939	0.00808912	-0.999917	0.00738806	0.0105084	0.010448	-0.00816698	0.999912
0.2	0.162197	0.952682	-1.91937	0.00532135	0.999942	0.0093267	-0.999932	0.00522434	0.0103946	0.0103453	-0.00938138	0.999902
0.233333	0.162163	0.952457	-1.91896	0.00399757	0.999947	0.00949503	-0.999943	0.00390279	0.00997932	0.00994173	-0.00953437	0.999905
0.266667	0.162124	0.952289	-1.91859	0.00292572	0.999951	0.0094244	-0.999951	0.00283671	0.00944383	0.00941664	-0.00945157	0.999911
0.3	0.162191	0.952112	-1.91821	0.00221232	0.999956	0.00907658	-0.99996	0.00213368	0.00866517	0.00864543	-0.00909539	0.999921
0.333333	0.162291	0.951978	-1.91788	0.00156922	0.999958	0.00898428	-0.999966	0.00149646	0.00810022	0.00808644	-0.00899668	0.999927
0.366667	0.162288	0.951811	-1.91756	0.00127603	0.999959	0.00891753	-0.999971	0.00120915	0.00750094	0.00748986	-0.00892685	0.999932
0.4	0.16238	0.951638	-1.91731	0.00100576	0.999957	0.00922092	-0.999977	0.000943775	0.00672415	0.00671516	-0.00922747	0.999935
0.433333	0.162524	0.951457	-1.91707	0.000875239	0.999954	0.00953444	-0.999983	0.000820075	0.00578811	0.00578002	-0.00953934	0.999938
0.466667	0.162643	0.9513	-1.91682	0.000705299	0.999954	0.00952748	-0.999988	0.0006594	0.00481992	0.00481342	-0.00953076	0.999943
0.5	0.162754	0.951169	-1.9166	0.000609888	0.999954	0.00953628	-0.999992	0.000571677	0.00400907	0.00400343	-0.00953864	0.999946
0.533333	0.162903	0.951102	-1.91638	0.000624571	0.999953	0.00971981	-0.999995	0.000592929	0.00325796	0.00325204	-0.00972179	0.999947
0.566667	0.162983	0.950972	-1.91618	0.000669051	0.999955	0.00944949	-0.999997	0.000647309	0.0023037	0.00229748	-0.009451	0.999953
0.6	0.163094	0.950906	-1.91572	0.0010993	0.99997	0.00760423	-0.999997	0.00108354	0.00207588	0.00206757	-0.00760649	0.999969
0.633333	0.163221	0.950779	-1.91546	0.00118498	0.99997	0.00760912	-0.999999	0.00117619	0.00115865	0.00114967	-0.00761049	0.99997
0.666667	0.163361	0.950709	-1.91522	0.00109751	0.999967	0.0080695	-0.999999	0.00109421	0.000413942	0.000405099	-0.00806995	0.999967
0.7	0.163553	0.950603	-1.91499	0.00115865	0.999961	0.00876513	-0.999999	0.00116404	-0.000610059	-0.000620238	-0.00876441	0.999961
0.733333	0.163706	0.950514	-1.91458	0.00133962	0.999966	0.00812207	-0.999998	0.00134965	-0.00122994	-0.00124086	-0.00812041	0.999966
0.766667	0.163865	0.950359	-1.91423	0.00145313	0.999967	0.00798511	-0.999996	0.00147081	-0.00220814	-0.00221981	-0.00798187	0.999966
0.8	0.164074	0.9502	-1.9139	0.00155091	0.999967	0.00802398	-0.999994	0.00157619	-0.00314547	-0.00315801	-0.00801905	0.999963
0.833333	0.164251	0.950038	-1.91355	0.00142312	0.999968	0.00789209	-0.99999	0.00145628	-0.00419771	-0.00420907	-0.00788604	0.99996
0.866667	0.164464	0.94993	-1.91326	0.00176985	0.999968	0.00773982	-0.999986	0.00180859	-0.00500117	-0.00501501	-0.00773086	0.999958
0.9	0.164712	0.949819	-1.91298	0.0019066	0.999966	0.00803949	-0.999981	0.00195409	-0.00590295	-0.00591846	-0.00802808	0.99995
0.933333	0.164925	0.949729	-1.91275	0.00196692	0.999962	0.00851091	-0.999975	0.00202501	-0.00682235	-0.00683932	-0.00849728	0.999941
0.966667	0.16512	0.949593	-1.91252	0.00205891	0.999963	0.00837654	-0.999969	0.00212236	-0.00757286	-0.00759036	-0.00836069	0.999936
1	0.165341	0.949481	-1.91231	0.00198724	0.999962	0.00850696	-0.999965	0.0020558	-0.0080591	-0.00807628	-0.00849065	0.999931
1.03333	0.165455	0.949311	-1.91214	0.0018464	0.999964	0.00825064	-0.999957	0.00192159	-0.00911454	-0.00913007	-0.00823345	0.999924
1.06667	0.165664	0.949245	-1.9119	0.00182857	0.999964	0.00827458	-0.99995	0.00190965	-0.0098016	-0.00981705	-0.00825624	0.999918
1.1	0.165835	0.949225	-1.91171	0.00195954	0.999962	0.00846995	-0.999946	0.00204577	-0.0101848	-0.0102017	-0.00844954	0.999912
1.13333	0.165927	0.949117	-1.91149	0.00190528	0.999965	0.00817697	-0.999939	0.00199391	-0.0108454	-0.0108613	-0.00815581	0.999908
1.16667	0.166067	0.94909	-1.91123	0.00187527	0.999965	0.00816718	-0.999938	0.00196471	-0.0109568	-0.0109724	-0.00814612	0.999907
1.2	0.166094	0.948963	-1.91102	0.00193152	0.999966	0.00795923	-0.999929	0.00202512	-0.0117685	-0.0117843	-0.00793593	0.999899
1.23333	0.16614	0.948969	-1.91075	0.00180291	0.999968	0.00773404	-0.999926	0.00189551	-0.0119819	-0.0119961	-0.00771187	0.999898
1.26667	0.166155	0.948921	-1.91048	0.00185144	0.999969	0.00768591	-0.999919	0.00194782	-0.0125519	-0.0125664	-0.00766205	0.999892
1.3	0.166168	0.948876	-1.91023	0.00188299	0.99997	0.00755002	-0.999914	0.00198058	-0.0129388	-0.0129534	-0.00752501	0.999888
1.33333	0.166129	0.948828	-1.90995	0.00186005	0.999971	0.00742918	-0.999909	0.00195904	-0.0133396	-0.0133538	-0.00740369	0.999883
1.36667	0.166065	0.94878	-1.90965	0.00173342	0.999971	0.0074088	-0.999905	0.00183455	-0.0136649	-0.0136781	-0.00738441	0.999879
1.4	0.165996	0.948707	-1.90932	0.0016491	0.999974	0.00698043	-0.9999	0.0017469	-0.0140272	-0.014039	-0.0069566	0.999877
1.43333	0.165927	0.948625	-1.909	0.00150791	0.999976	0.00680236	-0.999893	0.00160684	-0.0145615	-0.014572	-0.00677967	0.999871
1.46667	0.16584	0.948551	-1.90862	0.00163577	0.999979	0.00627999	-0.999888	0.0017289	-0.014854	-0.0148646	-0.00625499	0.99987
1.5	0.165749	0.948457	-1.90818	0.001447	0.999981	0.00603654	-0.99988	0.00153984	-0.0154031	-0.0154121	-0.00601353	0.999863
1.53333	0.165692	0.948363	-1.9077	0.00141986	0.99998	0.00613131	-0.99987	0.00151812	-0.0160513	-0.0160603	-0.00610772	0.999852
1.56667	0.165591	0.948237	-1.90727	0.00106747	0.99998	0.00623102	-0.999855	0.0011732	-0.0169903	-0.0169973	-0.00621198	0.999836
1.6	0.165571	0.948084	-1.90661	0.00103657	0.999985	0.0053941	-0.999845	0.00113134	-0.0175962	-0.0176021	-0.00537502	0.999831
1.63333	0.165521	0.947888	-1.90592	0.000681782	0.999986	0.005165	-0.999826	0.000777924	-0.018635	-0.0186388	-0.00515139	0.999813
1.66667	0.165398	0.947566	-1.90513	-0.000141344	0.999992	0.00396842	-0.999791	-6.028e-05	-0.0204201	-0.0204197	-0.00397048	0.999784
1.7	0.165408	0.947235	-1.90416	-0.0011903	0.999992	0.0038186	-0.99976	-0.0011064	-0.0218994	-0.021895	-0.00384375	0.999753
1.73333	0.165458	0.94675	-1.90294	-0.00219041	0.999995	0.00220412	-0.999704	-0.00213637	-0.0242296	-0.0242248	-0.00225654	0.999704
1.76667	0.165761	0.946086	-1.90138	-0.0046718	0.999989	0.000571649	-0.999608	-0.00465425	-0.0275942	-0.0275913	-0.00070034	0.999619
1.8	0.166381	0.945325	-1.89937	-0.00716981	0.999974	-0.00122809	-0.999483	-0.00720476	-0.0313258	-0.0313338	0.00100286	0.999508
1.83333	0.167292	0.944443	-1.89687	-0.0096562	0.99995	-0.00257031	-0.999255	-0.00974549	-0.0373493	-0.0373725	0.00220774	0.999299
1.86667	0.168735	0.943666	-1.89406	-0.0122842	0.999923	-0.00194056	-0.998906	-0.0123592	-0.04511	-0.0451305	0.0013843	0.99898
1.9	0.171111	0.942901	-1.89107	-0.0141334	0.9999	-0.00085397	-0.99843	-0.0141589	-0.0541936	-0.0542002	8.66877e-05	0.99853
1.93333	0.174472	0.942003	-1.88775	-0.0150842	0.999882	0.00305057	-0.997865	-0.0148597	-0.0635902	-0.0635374	-0.00400326	0.997971
1.96667	0.178819	0.940649	-1.88354	-0.0128366	0.999886	0.00796292	-0.997492	-0.0122508	-0.0697044	-0.0695989	-0.00883772	0.997536
2	0.184447	0.938356	-1.8784	-0.00720457	0.999772	0.0200802	-0.997611	-0.00580644	-0.0688361	-0.0687038	-0.0205282	0.997426
2.03333	0.190904	0.935619	-1.87322	-0.00133764	0.999386	0.0349988	-0.998194	0.000767664	-0.0600712	-0.0600612	-0.035016	0.99758
2.06667	0.197211	0.934468	-1.86894	-0.00537867	0.998903	0.0465071	-0.99863	-0.00294438	-0.0522531	-0.0520589	-0.0467244	0.99755
2.1	0.201431	0.935639	-1.86516	-0.0197531	0.998871	0.0431975	-0.998377	-0.0173984	-0.0542228	-0.05341	-0.0441984	0.997594
2.13333	0.203023	0.939284	-1.85808	-0.0485606	0.998281	0.0328274	-0.997303	-0.0466495	-0.0566692	-0.0550404	-0.0354907	0.997853
2.16667	0.20325	0.943635	-1.84641	-0.0905242	0.995498	0.0280744	-0.994348	-0.0887775	-0.0582281	-0.0554736	-0.0331868	0.997908
2.2	0.2029	0.946861	-1.83261	-0.13113	0.991019	0.0261845	-0.989993	-0.129514	-0.0560297	-0.0521353	-0.0332696	0.998086
2.23333	0.201801	0.947898	-1.81757	-0.163249	0.986349	0.0215917	-0.985434	-0.161963	-0.0518435	-0.0476387	-0.0297406	0.998422
2.26667	0.199534	0.946891	-1.80103	-0.184819	0.982724	0.00980638	-0.981725	-0.184152	-0.0480089	-0.0453737	-0.0185001	0.998799
2.3	0.196084	0.944059	-1.78373	-0.197815	0.980222	-0.00576833	-0.979028	-0.19786	-0.0485396	-0.0487209	-0.0039545	0.998805
2.33333	0.192007	0.939812	-1.76569	-0.205225	0.978484	-0.0212427	-0.977124	-0.20608	-0.052535	-0.0557823	0.00997525	0.998393
2.36667	0.187324	0.9343	-1.74674	-0.208298	0.977183	-0.0415429	-0.975963	-0.210447	-0.0566499	-0.0640998	0.0287442	0.997529
2.4	0.182008	0.928171	-1.72583	-0.20657	0.976238	-0.0654806	-0.975764	-0.210484	-0.059842	-0.0722027	0.0515321	0.996058
2.43333	0.176331	0.921683	-1.7018	-0.203927	0.975163	-0.08643	-0.975212	-0.210092	-0.0694465	-0.0858799	0.0701256	0.993835
2.46667	0.171012	0.915473	-1.67371	-0.200332	0.974827	-0.0978782	-0.974541	-0.208542	-0.082348	-0.100687	0.0788893	0.991786
2.5	0.166077	0.909573	-1.64011	-0.199386	0.975611	-0.0918099	-0.97377	-0.207744	-0.0928165	-0.109626	0.0708954	0.991441
2.53333	0.160893	0.904515	-1.60173	-0.196609	0.977843	-0.0718914	-0.973391	-0.203464	-0.105414	-0.117706	0.0492532	0.991826
2.56667	0.153455	0.904933	-1.56244	-0.221281	0.971844	-0.0809573	-0.965289	-0.230085	-0.123606	-0.138753	0.0507956	0.989024
2.6	0.145309	0.911052	-1.52145	-0.240959	0.96585	-0.0952488	-0.959223	-0.251942	-0.128129	-0.14775	0.060491	0.987173
2.63333	0.139083	0.922052	-1.48048	-0.235179	0.967478	-0.0931482	-0.961631	-0.24554	-0.122376	-0.141268	0.0607939	0.988103
2.66667	0.133844	0.935866	-1.44151	-0.21012	0.974771	-0.0753085	-0.969555	-0.217663	-0.112187	-0.125749	0.0494429	0.990829
2.7	0.128993	0.949135	-1.40466	-0.17141	0.984176	-0.0449013	-0.98183	-0.174412	-0.0747658	-0.0814141	0.0312698	0.99619
2.73333	0.124466	0.959084	-1.36889	-0.120248	0.992292	-0.0299511	-0.992528	-0.120797	-0.0172158	-0.0207011	0.0276571	0.999403
2.76667	0.119813	0.964564	-1.33545	-0.0696132	0.996717	-0.0413336	-0.997192	-0.0683799	0.0305394	0.0276128	0.0433435	0.998679
2.8	0.116172	0.967255	-1.30269	-0.0329063	0.997383	-0.0643754	-0.99705	-0.0282896	0.0713563	0.0693484	0.0665336	0.995371
2.83333	0.114064	0.969447	-1.27198	-0.002796	0.996102	-0.0881621	-0.992662	0.00789356	0.120667	0.120893	0.0878525	0.98877
2.86667	0.112534	0.972257	-1.24292	0.0294372	0.993676	-0.108362	-0.986747	0.046195	0.15555	0.159572	0.102347	0.981866
2.9	0.111358	0.975372	-1.21544	0.0617301	0.99036	-0.124003	-0.981056	0.0830636	0.175013	0.183626	0.110851	0.976726
2.93333	0.110157	0.978164	-1.18888	0.0916711	0.986468	-0.135928	-0.974915	0.116713	0.189525	0.202825	0.115144	0.972422
2.96667	0.109678	0.979804	-1.16281	0.118181	0.983208	-0.139049	-0.968886	0.144843	0.200699	0.21747	0.111004	0.969735
3	0.10946	0.979777	-1.13672	0.137809	0.980877	-0.137435	-0.963903	0.164732	0.209176	0.227817	0.103648	0.968172
3.03333	0.109244	0.978059	-1.11057	0.150174	0.9794	-0.134996	-0.961408	0.176504	0.211045	0.230525	0.0980928	0.96811
3.06667	0.109558	0.974612	-1.08409	0.165782	0.977157	-0.132969	-0.959443	0.190992	0.207343	0.228002	0.0932026	0.969189
3.1	0.110522	0.968919	-1.05739	0.180567	0.974802	-0.130985	-0.956847	0.204926	0.20603	0.227681	0.0881307	0.969739
3.13333	0.111611	0.961319	-1.02937	0.188851	0.973487	-0.129069	-0.954774	0.212759	0.207705	0.229658	0.0840066	0.969639
3.16667	0.113574	0.952403	-0.999567	0.198592	0.972038	-0.12531	-0.954205	0.220948	0.20168	0.223727	0.0795197	0.971402
3.2	0.116471	0.943127	-0.967893	0.207728	0.971238	-0.116384	-0.955543	0.22693	0.188258	0.209254	0.0721034	0.975199
3.23333	0.119261	0.934428	-0.93283	0.221664	0.969227	-0.107073	-0.957175	0.237239	0.165933	0.186228	0.0657061	0.980307
3.26667	0.121631	0.92569	-0.893225	0.244778	0.964818	-0.0959652	-0.958821	0.255577	0.123865	0.144034	0.0616941	0.987648
3.3	0.12278	0.916381	-0.850159	0.266671	0.959586	-0.0898921	-0.959433	0.273164	0.0697761	0.0915115	0.0676383	0.993504
3.33333	0.123501	0.90715	-0.80746	0.290394	0.953267	-0.0833842	-0.956031	0.292752	0.0173304	0.0409314	0.0746852	0.996367
3.36667	0.125132	0.900546	-0.764754	0.32141	0.944356	-0.069904	-0.946935	0.32028	-0.0271211	-0.00322317	0.0749115	0.997185
3.4	0.12805	0.898079	-0.724022	0.331048	0.942311	-0.0495721	-0.942626	0.327842	-0.0630609	-0.0431711	0.0676042	0.996778
3.43333	0.133584	0.903434	-0.687504	0.309547	0.950656	-0.0208341	-0.945963	0.305645	-0.108325	-0.0966115	0.0532398	0.993897
3.46667	0.137632	0.915655	-0.651494	0.250075	0.968184	-0.00910801	-0.959386	0.246512	-0.137153	-0.130544	0.0430367	0.990508
3.5	0.139354	0.93004	-0.615402	0.154953	0.987825	-0.0138167	-0.97775	0.151341	-0.145262	-0.141402	0.0360181	0.989297
3.53333	0.141804	0.942507	-0.581359	0.0607245	0.997678	-0.0308549	-0.98944	0.0560898	-0.133649	-0.131608	0.0386448	0.990548
3.56667	0.14381	0.950362	-0.549203	0.00238875	0.999023	-0.0441206	-0.994205	-0.00236933	-0.107477	-0.107476	0.0441216	0.993228
3.6	0.14626	0.953813	-0.518811	-0.0290038	0.999256	-0.0254316	-0.996858	-0.0307917	-0.0729836	-0.0737123	0.0232349	0.997009
3.63333	0.146669	0.954064	-0.489112	-0.0680267	0.997469	0.0206992	-0.995454	-0.0664739	-0.0682084	-0.0666598	-0.0252451	0.997456
3.66667	0.14322	0.950308	-0.457767	-0.110652	0.993318	0.0327937	-0.991629	-0.108134	-0.0705572	-0.0665396	-0.0403265	0.996969
3.7	0.140342	0.942068	-0.42663	-0.129801	0.991491	0.00985353	-0.988972	-0.128744	-0.0732052	-0.0713137	-0.019247	0.997268
3.73333	0.135853	0.929775	-0.396158	-0.142134	0.989647	-0.0198968	-0.987582	-0.143139	-0.0647594	-0.066937	0.0104452	0.997703
3.76667	0.13158	0.914026	-0.365644	-0.140752	0.988391	-0.0571955	-0.9869	-0.144672	-0.0714055	-0.0788512	0.0463958	0.995806
3.8	0.128264	0.896467	-0.332284	-0.121399	0.988774	-0.0871062	-0.987334	-0.129319	-0.0919111	-0.102144	0.074845	0.99195
3.83333	0.127024	0.878666	-0.292945	-0.0953283	0.990854	-0.0954991	-0.986036	-0.107151	-0.127478	-0.136545	0.0820134	0.987233
3.86667	0.127125	0.862372	-0.243878	-0.082416	0.993709	-0.0758271	-0.984201	-0.0931185	-0.150591	-0.156704	0.062218	0.985684
3.9	0.122278	0.852318	-0.188546	-0.115467	0.991162	-0.0653139	-0.9826	-0.123605	-0.138636	-0.145483	0.0481697	0.988187
3.93333	0.114422	0.853188	-0.130893	-0.201947	0.97639	-0.0766856	-0.972676	-0.209102	-0.10088	-0.114533	0.0542178	0.991939
3.96667	0.104686	0.86221	-0.076511	-0.243982	0.966277	-0.082345	-0.965927	-0.249696	-0.0680875	-0.0863527	0.0629271	0.994275
4	0.09573	0.878453	-0.0277926	-0.24995	0.965292	-0.0757407	-0.966329	-0.253624	-0.0434033	-0.0611065	0.0623417	0.996182
4.03333	0.0861648	0.896208	0.0152591	-0.223886	0.972672	-0.0615124	-0.974443	-0.224587	-0.00464971	-0.0183375	0.0588993	0.998095
4.06667	0.0790634	0.912226	0.0540177	-0.160944	0.985475	-0.0541776	-0.986468	-0.158881	0.0404741	0.0312784	0.0599586	0.997711
4.1	0.0756868	0.924856	0.087771	-0.0835769	0.995229	-0.0503396	-0.994242	-0.0798813	0.0714251	0.0670632	0.0560193	0.996175
4.13333	0.0737246	0.933478	0.11777	-0.0190211	0.997829	-0.0630584	-0.99584	-0.0132865	0.090144	0.0891105	0.0645107	0.99393
4.16667	0.071165	0.937302	0.145803	0.0194876	0.994907	-0.0988938	-0.994442	0.0295239	0.10106	0.103466	0.0963748	0.989953
4.2	0.0689687	0.937384	0.17325	0.0415717	0.991698	-0.121686	-0.991591	0.0558894	0.116721	0.122553	0.11581	0.985682
4.23333	0.0691952	0.935944	0.201549	0.0643031	0.990659	-0.120253	-0.988737	0.0795658	0.126764	0.135148	0.110747	0.984617
4.26667	0.0722792	0.933373	0.230284	0.0826153	0.992092	-0.0944883	-0.985753	0.0952881	0.138602	0.146509	0.0816915	0.98583
4.3	0.0774017	0.929257	0.260058	0.104629	0.993175	-0.0515425	-0.98183	0.111406	0.15362	0.158314	0.0345329	0.986785
4.33333	0.0830787	0.923502	0.291242	0.121001	0.992628	-0.0069634	-0.978126	0.120423	0.169609	0.169198	-0.0137118	0.985487
4.36667	0.0888857	0.917763	0.32504	0.129844	0.991292	0.0219181	-0.977076	0.124158	0.172935	0.168708	-0.0438702	0.984689
4.4	0.0955126	0.913655	0.361797	0.134759	0.990539	0.0259187	-0.975963	0.128164	0.176265	0.171276	-0.049049	0.984001
4.43333	0.100671	0.911685	0.403257	0.133972	0.990916	0.0116819	-0.974624	0.129618	0.182503	0.179331	-0.0358358	0.983136
4.46667	0.105128	0.910809	0.449123	0.129434	0.991564	-0.00697738	-0.974247	0.128477	0.185302	0.184635	-0.0171866	0.982657
4.5	0.110641	0.912563	0.495515	0.137907	0.990298	-0.0170944	-0.971486	0.138608	0.192359	0.192863	-0.0099208	0.981176
4.53333	0.113804	0.919254	0.542818	0.143008	0.988912	-0.040025	-0.97061	0.148041	0.189738	0.193559	0.0117147	0.981019
4.56667	0.118254	0.928709	0.590683	0.143573	0.98875	-0.0419612	-0.970593	0.148962	0.1891	0.193223	0.0135775	0.981061
4.6	0.121706	0.937781	0.641111	0.109579	0.99356	-0.0288398	-0.973238	0.113143	0.200017	0.201992	0.00615038	0.979368
4.63333	0.125123	0.942628	0.689929	0.0680338	0.997621	-0.0111581	-0.978083	0.0688991	0.196484	0.196785	-0.00245395	0.980444
4.66667	0.126697	0.941786	0.733125	0.030853	0.999521	-0.00256013	-0.984742	0.0308355	0.171265	0.171261	-0.00276296	0.985222
4.7	0.126352	0.935824	0.7711	0.00495415	0.999965	-0.00681282	-0.990439	0.00584598	0.137825	0.13786	0.00606488	0.990433
4.73333	0.127195	0.928262	0.805591	-0.00809453	0.999867	-0.0141318	-0.994004	-0.00650431	0.109154	0.109047	0.0149306	0.993924
4.76667	0.130949	0.923232	0.831907	0.00502509	0.999802	-0.0192374	-0.995976	0.00672537	0.0893658	0.0894776	0.018711	0.995813
4.8	0.132087	0.91944	0.85675	0.00972305	0.99934	-0.0349904	-0.997187	0.0122912	0.0739457	0.0743269	0.034173	0.996648
4.83333	0.13184	0.915039	0.88481	0.0033283	0.998785	-0.0491631	-0.997588	0.00672484	0.0690842	0.0693309	0.0488146	0.996399
4.86667	0.130667	0.910442	0.915073	6.30615e-05	0.997926	-0.0643687	-0.996882	0.00514179	0.078738	0.0789057	0.064163	0.994815
4.9	0.13107	0.905399	0.945509	0.00469432	0.998029	-0.0625847	-0.996538	0.00986378	0.0825484	0.083003	0.0619806	0.99462
4.93333	0.13175	0.901168	0.976549	0.00832975	0.999337	-0.0354532	-0.997003	0.0110269	0.0765746	0.0769147	0.0347091	0.996433
4.96667	0.131641	0.899984	1.00928	0.00794129	0.999968	0.000197986	-0.996241	0.00789461	0.0862645	0.0862603	-0.000882293	0.996272
5	0.129881	0.902639	1.0452	0.0123684	0.999343	0.0340598	-0.996397	0.00945936	0.0842826	0.0839051	-0.0349795	0.99586
5.03333	0.126968	0.90713	1.08561	0.011061	0.998601	0.0517158	-0.998047	0.00784535	0.061973	0.0614806	-0.0523003	0.996737
5.06667	0.120808	0.912481	1.12781	-0.0133014	0.999092	0.0404754	-0.99928	-0.01472	0.0349547	0.0355188	-0.0399814	0.998569
5.1	0.115219	0.918018	1.16879	-0.0397542	0.998979	0.0214776	-0.9991	-0.0400591	0.0139569	0.014803	-0.0209034	0.999672
5.13333	0.1106	0.92144	1.20832	-0.0577692	0.998323	0.00383898	-0.998314	-0.0577895	0.00542442	0.00563718	-0.00351914	0.999978
5.16667	0.106787	0.923085	1.24771	-0.074997	0.997184	-0.000438092	-0.997069	-0.0749817	0.0152104	0.0151347	0.00157754	0.999884
5.2	0.103484	0.923905	1.28632	-0.0764306	0.997026	0.00985253	-0.996534	-0.0767109	0.0321855	0.0328456	-0.00735843	0.999433
5.23333	0.100893	0.92416	1.32452	-0.0687924	0.997433	0.0198912	-0.997075	-0.069406	0.0320072	0.0333056	-0.0176311	0.99929
5.26667	0.0993402	0.92333	1.36238	-0.0587221	0.997773	0.0316241	-0.997497	-0.0598971	0.037584	0.0393945	-0.0293379	0.998793
5.3	0.0999314	0.922146	1.40034	-0.0406818	0.998378	0.0398243	-0.997628	-0.0428014	0.0539036	0.0555207	-0.037537	0.997752
5.33333	0.101495	0.920842	1.43822	-0.0235971	0.999085	0.0356724	-0.997263	-0.0260248	0.0691998	0.0700649	-0.0339418	0.996965
5.36667	0.104119	0.91864	1.4759	-0.00905544	0.999584	0.027371	-0.996554	-0.011278	0.0821711	0.0824457	-0.0265326	0.996242
5.4	0.109078	0.915163	1.5134	0.0106996	0.999584	0.0267657	-0.99554	0.00813969	0.093986	0.0937291	-0.0276519	0.995214
5.43333	0.116377	0.910084	1.54805	0.0363995	0.998687	0.0360368	-0.994729	0.032749	0.0971679	0.0958602	-0.0393837	0.994615
5.46667	0.125213	0.904277	1.58012	0.0589421	0.996556	0.058327	-0.993639	0.0529525	0.0993883	0.0959574	-0.0638141	0.993338
5.5	0.133953	0.89843	1.61195	0.0836127	0.993732	0.074196	-0.992083	0.0760095	0.099973	0.0937068	-0.0819676	0.99222
5.53333	0.140608	0.893278	1.64601	0.101361	0.991605	0.0802816	-0.990488	0.0930397	0.101376	0.0930553	-0.0897935	0.991604
5.56667	0.147314	0.88964	1.68217	0.114062	0.99065	0.0748432	-0.989263	0.106328	0.100261	0.0913655	-0.0854756	0.992142
5.6	0.154886	0.888353	1.71996	0.122151	0.990714	0.0597091	-0.989583	0.116953	0.0839449	0.0761822	-0.0693411	0.99468
5.63333	0.164336	0.89207	1.75798	0.140054	0.989258	0.0418762	-0.989118	0.137859	0.0513902	0.0450651	-0.0486179	0.9978
5.66667	0.17464	0.898706	1.79365	0.156972	0.987031	0.0336063	-0.987203	0.155849	0.0337806	0.028105	-0.0384788	0.998864
5.7	0.183945	0.905127	1.82652	0.16535	0.985695	0.0326346	-0.986001	0.1645	0.0272313	0.0214733	-0.0366805	0.999096
5.73333	0.190873	0.909058	1.85748	0.15668	0.987288	0.0267237	-0.98712	0.155652	0.0369766	0.0323469	-0.0321729	0.998959
5.76667	0.196833	0.91117	1.88719	0.141922	0.989686	0.0194667	-0.988739	0.140788	0.0507279	0.047464	-0.0264469	0.998523
5.8	0.203394	0.91304	1.91535	0.117311	0.992741	0.026516	-0.991118	0.115352	0.0661711	0.0626321	-0.034043	0.997456
5.83333	0.209541	0.915691	1.94086	0.0863709	0.995297	0.0438517	-0.993126	0.082525	0.0830119	0.0790027	-0.0507201	0.995583
5.86667	0.213472	0.919249	1.96596	0.0482747	0.997009	0.0603565	-0.994119	0.0420943	0.0997802	0.0969411	-0.0648184	0.993177
5.9	0.215715	0.922376	1.99193	0.0127687	0.997029	0.0759556	-0.993633	0.00414825	0.112586	0.111936	-0.0769096	0.990735
5.93333	0.217214	0.923773	2.02087	-0.0246973	0.995275	0.0939064	-0.992264	-0.0358376	0.118863	0.121667	-0.0902444	0.98846
5.96667	0.21963	0.923716	2.0482	-0.0477413	0.99266	0.111115	-0.990784	-0.0611787	0.120851	0.126762	-0.104322	0.986432
6	0.220684	0.92194	2.07119	-0.0538392	0.991606	0.117553	-0.990988	-0.0675199	0.115686	0.122652	-0.110265	0.986305
6.03333	0.220509	0.918485	2.09318	-0.0497759	0.993159	0.105631	-0.993065	-0.0604931	0.100809	0.106509	-0.0998809	0.989282
6.06667	0.218667	0.914426	2.11581	-0.0466274	0.995497	0.082534	-0.995184	-0.0534261	0.0821802	0.0862196	-0.0783047	0.993194
6.1	0.216788	0.910563	2.14149	-0.0432101	0.997202	0.0610012	-0.99646	-0.047424	0.0694112	0.0721099	-0.057786	0.995721
6.13333	0.21686	0.907919	2.16993	-0.0363353	0.997506	0.0605074	-0.997289	-0.0400711	0.0617182	0.0639889	-0.0581008	0.996258
6.16667	0.218094	0.907165	2.20266	-0.0266205	0.99641	0.0803664	-0.997389	-0.0318728	0.0647948	0.0671237	-0.0784318	0.994657
6.2	0.21772	0.908336	2.23771	-0.0200177	0.994503	0.102779	-0.997312	-0.0271097	0.0680755	0.0704876	-0.10114	0.992372
6.23333	0.215224	0.913345	2.27641	-0.0295949	0.992876	0.115417	-0.997979	-0.0358455	0.0524622	0.0562257	-0.113631	0.991931
6.26667	0.213501	0.921943	2.31353	-0.0442447	0.991912	0.118965	-0.998322	-0.0483507	0.0318504	0.0373448	-0.117356	0.992387
6.3	0.212104	0.929694	2.34816	-0.043644	0.992804	0.11151	-0.998523	-0.0469652	0.0273311	0.0323716	-0.110153	0.993387
6.33333	0.212113	0.934056	2.38084	-0.0314752	0.993654	0.107984	-0.998555	-0.03597	0.0399323	0.0435631	-0.106571	0.99335
6.36667	0.212375	0.935479	2.41169	-0.0163531	0.994664	0.101861	-0.997213	-0.0236415	0.070761	0.0727916	-0.10042	0.992279
6.4	0.21154	0.935679	2.44092	0.00217437	0.99672	0.0809006	-0.994728	-0.00613822	0.10236	0.102521	-0.0806967	0.991452
6.43333	0.209946	0.935897	2.46807	0.0202848	0.998446	0.0519063	-0.992809	0.0139897	0.118887	0.117977	-0.0539446	0.99155
6.46667	0.208812	0.936688	2.49395	0.0407439	0.998962	0.020344	-0.991008	0.0378055	0.128354	0.127451	-0.0253907	0.99152
