0	0	1	0	0	0	-1	-1	0	0
0.0333333	0.995577	-0.0939418	-0.00152571	0.0866454	0.924288	-0.371732	0.0363314	0.369956	0.928339
0.0666667	0.998286	-0.0582603	-0.00547619	0.0542439	0.956432	-0.286873	0.0219509	0.286085	0.957953
0.1	0.998919	-0.0457348	-0.00833822	0.0425966	0.972287	-0.229878	0.0186206	0.229274	0.973184
0.133333	0.999231	-0.0375557	-0.0113127	0.0347243	0.981154	-0.190084	0.0182382	0.189545	0.981703
0.166667	0.999425	-0.0309829	-0.0137407	0.028325	0.986153	-0.163399	0.018613	0.162916	0.986464
0.2	0.999556	-0.0254649	-0.0154577	0.0229363	0.989001	-0.146121	0.0190087	0.145702	0.989146
0.233333	0.999649	-0.0206507	-0.0166176	0.0182198	0.990668	-0.135076	0.0192519	0.134726	0.990696
0.266667	0.999714	-0.016363	-0.0174405	0.0139879	0.991606	-0.128541	0.0193974	0.12826	0.991551
0.3	0.999764	-0.0125236	-0.0177719	0.010192	0.992016	-0.125703	0.0192042	0.125492	0.991909
0.333333	0.999785	-0.0101271	-0.0180845	0.00778082	0.992077	-0.125393	0.019211	0.125226	0.991942
0.366667	0.99984	-0.00580129	-0.0169046	0.00346936	0.990861	-0.134842	0.0175324	0.134762	0.990723
0.4	0.999846	-0.00402319	-0.0170776	0.00160074	0.990213	-0.139558	0.0174719	0.139509	0.990067
0.433333	0.99986	-0.00323885	-0.016434	0.000789754	0.989152	-0.146895	0.0167315	0.146861	0.989016
0.466667	0.999864	-0.00223454	-0.0163576	-0.000260622	0.988538	-0.150971	0.0165074	0.150955	0.988403
0.5	0.999864	-0.000773421	-0.0164656	-0.00173809	0.988383	-0.151971	0.0163919	0.151979	0.988248
0.533333	0.99986	0.000197749	-0.0167175	-0.00272455	0.98849	-0.15126	0.0164952	0.151285	0.988353
0.566667	0.999861	0.000734741	-0.0166782	-0.00321641	0.988792	-0.149264	0.0163816	0.149297	0.988657
0.6	0.99988	0.00094988	-0.0154869	-0.0032276	0.989024	-0.147722	0.0151766	0.147755	0.988908
0.633333	0.999901	0.000525032	-0.0140787	-0.00261831	0.988821	-0.149082	0.013843	0.149104	0.988725
0.666667	0.99992	0.000382045	-0.0126381	-0.00227748	0.988637	-0.150306	0.0124371	0.150323	0.988559
0.7	0.999929	0.000641812	-0.0118731	-0.00239931	0.988893	-0.148609	0.0116459	0.148627	0.988825
0.733333	0.99994	0.00136845	-0.0108473	-0.00293032	0.989382	-0.14531	0.0105333	0.145333	0.989327
0.766667	0.999951	0.00196886	-0.00969188	-0.00333401	0.989728	-0.142925	0.00931093	0.14295	0.989686
0.8	0.999953	0.00296428	-0.00927202	-0.00423488	0.990118	-0.140174	0.00876488	0.140206	0.990084
0.833333	0.999952	0.00408449	-0.00896041	-0.0052822	0.990417	-0.138006	0.00831087	0.138046	0.990391
0.866667	0.999946	0.00469585	-0.00929435	-0.00592844	0.9905	-0.137382	0.00856093	0.137429	0.990475
0.9	0.999936	0.00596981	-0.00960577	-0.00721406	0.990791	-0.135206	0.00871016	0.135267	0.990771
0.933333	0.999928	0.00675483	-0.009917	-0.00803025	0.990842	-0.134789	0.00891571	0.134859	0.990825
0.966667	0.999914	0.00763228	-0.0106503	-0.00900283	0.990774	-0.135227	0.00951991	0.135311	0.990757
1	0.999894	0.00860366	-0.0117431	-0.0101179	0.990703	-0.135669	0.0104666	0.135774	0.990685
1.03333	0.999878	0.010136	-0.0118485	-0.0116526	0.990658	-0.135871	0.0103606	0.135993	0.990656
1.06667	0.999852	0.0119707	-0.0123734	-0.0135366	0.9907	-0.135389	0.0106376	0.135536	0.990715
1.1	0.999833	0.0129697	-0.0128719	-0.0146022	0.990584	-0.136126	0.0109852	0.136291	0.990608
1.13333	0.999823	0.0141234	-0.0123895	-0.0156824	0.990529	-0.136407	0.0103457	0.136577	0.990575
1.16667	0.999828	0.0140985	-0.0120166	-0.0156459	0.989985	-0.140304	0.00991817	0.140468	0.990036
1.2	0.999822	0.015088	-0.011351	-0.0165361	0.98991	-0.140731	0.00911316	0.140893	0.989983
1.23333	0.999826	0.0149971	-0.0111273	-0.0164342	0.989599	-0.142914	0.00886831	0.143072	0.989673
1.26667	0.999829	0.0149789	-0.010813	-0.0163812	0.989433	-0.14406	0.00854084	0.144212	0.98951
1.3	0.999827	0.014966	-0.0110706	-0.0163917	0.989657	-0.142512	0.0088233	0.142669	0.989731
1.33333	0.999838	0.0143798	-0.0108348	-0.0157775	0.989673	-0.142472	0.00867423	0.14262	0.98974
1.36667	0.999844	0.0138641	-0.010975	-0.0152777	0.98983	-0.141429	0.00890256	0.141575	0.989888
1.4	0.999853	0.0131667	-0.010968	-0.0145802	0.989935	-0.140771	0.00900411	0.14091	0.989981
1.43333	0.999864	0.0123867	-0.0109327	-0.0138023	0.989958	-0.140689	0.00908019	0.14082	0.989994
1.46667	0.999872	0.011763	-0.0108785	-0.0131712	0.990059	-0.140033	0.00912318	0.140159	0.990087
1.5	0.999879	0.0113403	-0.0106319	-0.0127191	0.990047	-0.140161	0.00893666	0.140279	0.990072
1.53333	0.99988	0.0112597	-0.0106516	-0.0126384	0.990105	-0.139759	0.00897252	0.139877	0.990128
1.56667	0.999885	0.0108064	-0.0106589	-0.0121967	0.990017	-0.140421	0.00903508	0.140535	0.990035
1.6	0.999887	0.0107288	-0.0105046	-0.0121004	0.989982	-0.140671	0.00889013	0.140782	0.990001
1.63333	0.999883	0.0110567	-0.0106034	-0.012431	0.990103	-0.139787	0.00895287	0.139903	0.990125
1.66667	0.999878	0.0116111	-0.0104702	-0.012938	0.990465	-0.137153	0.00877782	0.137272	0.990495
1.7	0.999879	0.011503	-0.0104639	-0.0128313	0.990448	-0.137288	0.00878469	0.137406	0.990476
1.73333	0.999875	0.0124915	-0.00972383	-0.0137014	0.990564	-0.136367	0.00792864	0.136483	0.990611
1.76667	0.999879	0.0129748	-0.00858247	-0.0140277	0.990491	-0.136864	0.00672508	0.136968	0.990553
1.8	0.999868	0.0143814	-0.00754707	-0.0152698	0.990706	-0.135163	0.00553309	0.13526	0.990795
1.83333	0.999859	0.0157071	-0.00586849	-0.0163464	0.991044	-0.132531	0.00373426	0.132608	0.991161
1.86667	0.999844	0.0170211	-0.00476223	-0.0174969	0.991303	-0.130432	0.00250072	0.130495	0.991446
1.9	0.999831	0.017585	-0.00542652	-0.0181383	0.991474	-0.129035	0.00311117	0.129112	0.991625
1.93333	0.999818	0.0177832	-0.00686395	-0.0185201	0.991478	-0.12895	0.00451231	0.129054	0.991627
1.96667	0.999821	0.0173303	-0.00752841	-0.0181542	0.991549	-0.128456	0.0052386	0.12857	0.991687
2	0.999813	0.0183015	-0.0062271	-0.0189586	0.991241	-0.130696	0.00378063	0.13079	0.991403
2.03333	0.999734	0.0226465	-0.00438729	-0.0230295	0.990788	-0.133453	0.00132464	0.133518	0.991045
2.06667	0.999563	0.0292357	-0.00425643	-0.0295415	0.990887	-0.131418	0.000375546	0.131486	0.991318
2.1	0.999628	0.0271415	-0.00274655	-0.0272736	0.992121	-0.12228	-0.000593947	0.122309	0.992492
2.13333	0.999713	0.020724	0.012018	-0.0195857	0.995915	-0.0881431	-0.0137956	0.0878824	0.996035
2.16667	0.998968	0.0105638	0.0441628	-0.00874573	0.999114	-0.0411606	-0.0445585	0.0407319	0.998176
2.2	0.996463	-0.0150884	0.0826706	0.0165029	0.999728	-0.0164535	-0.0823999	0.0177596	0.996441
2.23333	0.9907	-0.0581856	0.123	0.0616279	0.997802	-0.0243664	-0.121311	0.0317199	0.992108
2.26667	0.980271	-0.108356	0.165308	0.117714	0.991893	-0.0478726	-0.158781	0.0663872	0.985079
2.3	0.966135	-0.15631	0.205306	0.171977	0.983228	-0.0607137	-0.192373	0.0939657	0.976813
2.33333	0.950959	-0.194789	0.240278	0.212491	0.97589	-0.0498517	-0.224774	0.0984639	0.969423
2.36667	0.937172	-0.22266	0.268572	0.235173	0.971839	-0.0149231	-0.257686	0.0771463	0.963144
2.4	0.925994	-0.240746	0.29082	0.242264	0.969704	0.0313487	-0.289556	0.0414266	0.956264
2.43333	0.918632	-0.247583	0.307924	0.236463	0.968852	0.0735526	-0.316544	0.005245	0.948563
2.46667	0.915496	-0.241155	0.322042	0.224559	0.970449	0.0883281	-0.333826	-0.00854646	0.942596
2.5	0.91762	-0.224434	0.328029	0.208529	0.974456	0.0833784	-0.338363	-0.00810603	0.940981
2.53333	0.925195	-0.20405	0.319965	0.186788	0.978794	0.0840954	-0.33034	-0.0180391	0.94369
2.56667	0.940087	-0.177466	0.291104	0.150286	0.982118	0.113397	-0.306022	-0.0628544	0.949947
2.6	0.957481	-0.149972	0.246453	0.103906	0.9762	0.19036	-0.269136	-0.156658	0.950276
2.63333	0.97452	-0.124235	0.186754	0.0754019	0.965594	0.248881	-0.211249	-0.228458	0.950358
2.66667	0.988045	-0.110506	0.107496	0.0788449	0.961398	0.263623	-0.132478	-0.251996	0.958618
2.7	0.995567	-0.0933373	0.0115723	0.0868502	0.959569	0.26774	-0.0360945	-0.265548	0.963422
2.73333	0.992683	-0.0666031	-0.100723	0.0903338	0.963128	0.253423	0.0801299	-0.260668	0.962097
2.76667	0.973721	-0.0462194	-0.223006	0.0940837	0.973365	0.209065	0.207404	-0.224553	0.952134
2.8	0.941457	-0.0493711	-0.333498	0.100504	0.985341	0.137849	0.321804	-0.163297	0.932618
2.83333	0.900862	-0.0901211	-0.424648	0.118369	0.992141	0.040555	0.417656	-0.0867997	0.90445
2.86667	0.855316	-0.140108	-0.498804	0.133587	0.989827	-0.0489644	0.500589	-0.0247537	0.865331
2.9	0.805734	-0.189139	-0.561265	0.14696	0.981849	-0.119899	0.573755	0.0141233	0.818905
2.93333	0.755132	-0.218664	-0.61803	0.150599	0.975382	-0.161091	0.63804	0.0285707	0.769473
2.96667	0.706668	-0.236756	-0.666759	0.148784	0.971008	-0.1871	0.691725	0.0330143	0.721406
3	0.660777	-0.245105	-0.709435	0.142436	0.968952	-0.202099	0.736944	0.032493	0.675173
3.03333	0.618906	-0.251109	-0.744244	0.132112	0.967301	-0.216506	0.774275	0.0356731	0.631843
3.06667	0.585568	-0.266426	-0.765589	0.125988	0.962881	-0.238721	0.800773	0.0433329	0.597399
3.1	0.561137	-0.302503	-0.770465	0.131098	0.951557	-0.278124	0.817275	0.0550596	0.573612
3.13333	0.548236	-0.355033	-0.757224	0.144596	0.932024	-0.3323	0.823729	0.072687	0.562306
3.16667	0.553019	-0.418042	-0.720701	0.163405	0.902633	-0.398186	0.816987	0.102438	0.567484
3.2	0.581644	-0.470361	-0.663664	0.181403	0.870328	-0.457846	0.792958	0.145912	0.591546
3.23333	0.642379	-0.477951	-0.599092	0.187102	0.855861	-0.482178	0.743197	0.19765	0.639213
3.26667	0.732076	-0.439901	-0.520147	0.179258	0.861036	-0.475903	0.657215	0.255157	0.709199
3.3	0.826689	-0.381193	-0.413857	0.168063	0.869248	-0.464933	0.536974	0.3148	0.782662
3.33333	0.909067	-0.296571	-0.292649	0.156904	0.894354	-0.418942	0.385977	0.334928	0.859561
3.36667	0.965242	-0.225729	-0.131739	0.163599	0.914918	-0.368998	0.203824	0.33462	0.920046
3.4	0.983643	-0.172701	0.0511871	0.180088	0.936975	-0.29941	0.0037475	0.303731	0.952751
3.43333	0.958106	-0.129592	0.255418	0.179	0.967099	-0.180772	-0.223588	0.218919	0.94978
3.46667	0.873719	-0.148757	0.463127	0.196265	0.978961	-0.0558229	-0.445079	0.139669	0.884532
3.5	0.735498	-0.195931	0.648578	0.248466	0.96858	0.0108365	-0.630323	0.153179	0.761071
3.53333	0.586634	-0.168737	0.792079	0.263769	0.964533	0.0101217	-0.765694	0.202988	0.610335
3.56667	0.446311	-0.152886	0.881721	0.248808	0.967649	0.041844	-0.859594	0.200704	0.469911
3.6	0.330968	-0.230411	0.91508	0.258704	0.954732	0.146827	-0.907487	0.18814	0.375594
3.63333	0.264708	-0.332533	0.90518	0.318618	0.916108	0.243371	-0.910172	0.223984	0.348452
3.66667	0.252599	-0.438096	0.862708	0.399195	0.859387	0.319526	-0.881383	0.263677	0.391967
3.7	0.299065	-0.509453	0.806857	0.465007	0.816171	0.342977	-0.833264	0.272622	0.480987
3.73333	0.385463	-0.554837	0.737274	0.496629	0.798166	0.341013	-0.777674	0.234704	0.583212
3.76667	0.511426	-0.567546	0.64524	0.492394	0.808921	0.32124	-0.704267	0.153422	0.693159
3.8	0.669153	-0.546067	0.504029	0.433679	0.837734	0.331849	-0.603454	-0.00347146	0.79739
3.83333	0.823161	-0.437355	0.362113	0.324484	0.885679	0.332088	-0.465956	-0.155862	0.870972
3.86667	0.935674	-0.258268	0.240442	0.174097	0.930572	0.322066	-0.306927	-0.259489	0.915675
3.9	0.986597	-0.090083	0.136058	0.0437082	0.949228	0.311536	-0.157214	-0.301414	0.940443
3.93333	0.998261	0.0242222	0.0537409	-0.0370041	0.967164	0.251446	-0.0458857	-0.252998	0.966378
3.96667	0.99698	0.0587871	-0.0507407	-0.0493966	0.984247	0.169757	0.0599209	-0.166738	0.984179
4	0.980514	0.065366	-0.185253	-0.0411421	0.990434	0.131713	0.19209	-0.121525	0.973824
4.03333	0.9391	0.0726916	-0.335866	-0.031978	0.991616	0.125203	0.342152	-0.106838	0.933551
4.06667	0.873412	0.0764437	-0.480945	-0.0283895	0.993916	0.106421	0.486154	-0.0792959	0.870268
4.1	0.792732	0.0553719	-0.60705	-0.024511	0.997956	0.0590199	0.609077	-0.0319076	0.792469
4.13333	0.706181	0.0086219	-0.707979	-0.00364375	0.999957	0.00854317	0.708022	-0.00345333	0.706182
4.16667	0.617595	0.0246542	-0.78611	0.0212738	0.998619	0.0480324	0.786209	-0.0463881	0.616218
4.2	0.541941	0.100861	-0.834343	0.0234662	0.990569	0.134989	0.840089	-0.092735	0.534463
4.23333	0.477019	0.136067	-0.868297	0.0258308	0.985346	0.1686	0.878513	-0.102854	0.466514
4.26667	0.405841	0.120684	-0.905941	0.0306043	0.988893	0.145445	0.913431	-0.0867531	0.397639
4.3	0.3264	0.098978	-0.940035	0.0386468	0.992273	0.117897	0.944441	-0.0748111	0.320053
4.33333	0.230441	0.0461596	-0.971991	0.0723582	0.995296	0.0644211	0.970392	-0.0851767	0.226017
4.36667	0.13262	-0.0158279	-0.991041	0.110775	0.993845	-0.00104896	0.984957	-0.109643	0.133557
4.4	0.0452014	-0.066178	-0.996783	0.146822	0.987408	-0.0588976	0.98813	-0.143687	0.0543486
4.43333	-0.0373014	-0.130593	-0.990734	0.187937	0.972816	-0.135307	0.981472	-0.191243	-0.0117441
4.46667	-0.112077	-0.180172	-0.977229	0.221786	0.954082	-0.201341	0.968633	-0.239302	-0.0669711
4.5	-0.154743	-0.198691	-0.967769	0.243132	0.941783	-0.232231	0.957571	-0.271232	-0.0974261
4.53333	-0.101468	-0.206236	-0.973227	0.260498	0.938635	-0.226065	0.960128	-0.276462	-0.0415174
4.56667	0.0749692	-0.232973	-0.969589	0.266739	0.941579	-0.205619	0.960848	-0.243212	0.132733
4.6	0.357051	-0.28486	-0.88959	0.249622	0.946827	-0.202998	0.900113	-0.149581	0.409172
4.63333	0.644665	-0.310286	-0.698663	0.215394	0.950621	-0.223438	0.733494	-0.00644501	0.679666
4.66667	0.844719	-0.291374	-0.448944	0.187132	0.946667	-0.262305	0.50143	0.137562	0.854193
4.7	0.963122	-0.185986	-0.194433	0.124367	0.948523	-0.291267	0.238596	0.256345	0.936675
4.73333	0.99839	-0.0472298	0.0314148	0.0511043	0.989274	-0.136839	-0.024615	0.138224	0.990095
4.76667	0.978505	-0.0323434	0.203671	-0.00534738	0.983313	0.181843	-0.206153	-0.179024	0.962004
4.8	0.933758	-0.165095	0.317554	-0.0387472	0.83541	0.54826	-0.355802	-0.524247	0.773673
4.83333	0.858586	-0.423998	0.288196	-0.0300586	0.519546	0.853914	-0.511788	-0.741821	0.43333
4.86667	0.804318	-0.588289	0.0835985	-0.0555347	0.0656501	0.996296	-0.591598	-0.805982	0.0201331
4.9	0.815261	-0.545835	-0.193427	-0.0532079	-0.403209	0.91356	-0.576644	-0.734498	-0.357763
4.93333	0.826346	-0.430979	-0.362504	0.0129646	-0.628965	0.777326	-0.563014	-0.64704	-0.514155
4.96667	0.809516	-0.403775	-0.426205	0.0651016	-0.659739	0.74867	-0.583478	-0.633807	-0.507783
5	0.802818	-0.409354	-0.433489	0.0924469	-0.632799	0.768778	-0.589013	-0.657264	-0.470179
5.03333	0.831753	-0.368918	-0.414832	0.102199	-0.632723	0.767605	-0.545658	-0.680853	-0.488566
5.06667	0.87372	-0.313649	-0.371803	0.103577	-0.626862	0.772215	-0.475274	-0.71321	-0.515215
5.1	0.910177	-0.290888	-0.294894	0.0852067	-0.56522	0.820528	-0.405362	-0.771952	-0.489665
5.13333	0.940241	-0.269946	-0.207548	0.0607265	-0.466817	0.882266	-0.335051	-0.842147	-0.422528
5.16667	0.961166	-0.24523	-0.12658	0.0411356	-0.326236	0.944393	-0.272888	-0.912925	-0.303479
5.2	0.975996	-0.209934	-0.0579606	0.0232109	-0.164351	0.986129	-0.216548	-0.963803	-0.155533
5.23333	0.98855	-0.150749	-0.00655451	0.0102437	0.0237088	0.999666	-0.150543	-0.988288	0.0249816
5.26667	0.99486	-0.092509	0.0411795	-0.0128629	0.287922	0.957567	-0.10044	-0.953175	0.285252
5.3	0.996665	-0.0346272	0.0738931	-0.0432852	0.543298	0.838423	-0.0691782	-0.838826	0.539987
5.33333	0.997502	0.0299649	0.063962	-0.065626	0.728047	0.682379	-0.0261199	-0.684872	0.728195
5.36667	0.997981	0.0579925	0.0259045	-0.0633517	0.879623	0.471434	0.00455344	-0.472124	0.881521
5.4	0.998917	0.0348006	-0.0308739	-0.0280384	0.979926	0.197382	0.0371231	-0.196302	0.97984
5.43333	0.995129	-0.0118778	-0.0978604	0.00621155	0.998297	-0.058004	0.0983827	0.0571136	0.993508
5.46667	0.982952	-0.0653687	-0.171847	0.0267468	0.975559	-0.218102	0.181904	0.209788	0.960677
5.5	0.963519	-0.11145	-0.243331	0.0409588	0.959866	-0.277452	0.264488	0.257364	0.929414
5.53333	0.94504	-0.124626	-0.302271	0.050752	0.969214	-0.240933	0.322992	0.21235	0.922271
5.56667	0.94051	-0.0901806	-0.32758	0.0513415	0.990783	-0.12535	0.335865	0.101075	0.936472
5.6	0.94289	-0.055603	-0.32843	0.0565739	0.998377	-0.00660629	0.328264	-0.0123516	0.944505
5.63333	0.949424	-0.0498444	-0.310014	0.0678956	0.996551	0.0477052	0.306567	-0.0663411	0.949534
5.66667	0.958699	-0.038144	-0.281854	0.0604945	0.995639	0.0710237	0.277916	-0.085141	0.956825
5.7	0.963171	-0.0281173	-0.267415	0.0481699	0.996472	0.0687238	0.264539	-0.0790742	0.961128
5.73333	0.965617	-0.0126848	-0.259659	0.0328692	0.99675	0.0735405	0.257882	-0.0795468	0.962896
5.76667	0.965918	0.00181037	-0.258844	0.0206446	0.996251	0.0840067	0.258025	-0.0864873	0.962259
5.8	0.963636	0.0187759	-0.266556	0.00569013	0.99586	0.0907178	0.267156	-0.0889357	0.959541
5.83333	0.960771	0.0340408	-0.275247	-0.0115399	0.996486	0.0829583	0.277104	-0.0765276	0.957788
5.86667	0.962838	0.0452999	-0.266253	-0.0359426	0.998556	0.0399151	0.267677	-0.028862	0.963076
5.9	0.97178	0.0518375	-0.230122	-0.0674345	0.995892	-0.060433	0.226044	0.0742458	0.971284
5.93333	0.987009	0.0471982	-0.153579	-0.0731881	0.983023	-0.168254	0.14303	0.177308	0.973706
5.96667	0.99678	0.0384817	-0.0703454	-0.0514819	0.979743	-0.19353	0.061473	0.196528	0.978569
6	0.99981	0.0175925	-0.00836153	-0.0186864	0.987454	-0.156796	0.00549819	0.156922	0.987596
6.03333	0.999137	-0.0118821	0.0397932	0.0147588	0.997238	-0.0727975	-0.0388183	0.073322	0.996553
6.06667	0.996086	-0.0426277	0.0774313	0.0384068	0.997736	0.0552063	-0.0796093	-0.0520163	0.995468
6.1	0.992549	-0.0654264	0.102793	0.0405864	0.97296	0.227382	-0.11489	-0.221516	0.968365
6.13333	0.988927	-0.0841274	0.122258	0.0289964	0.91746	0.39677	-0.145546	-0.388832	0.90974
6.16667	0.980602	-0.137815	0.139383	0.0437919	0.847154	0.529539	-0.191057	-0.513163	0.836756
6.2	0.953824	-0.262774	0.145498	0.108677	0.7535	0.648403	-0.280016	-0.60265	0.747264
6.23333	0.906774	-0.402551	0.125357	0.155034	0.594846	0.788747	-0.392079	-0.695781	0.6018
6.26667	0.885224	-0.455685	0.0934298	0.134124	0.442364	0.886749	-0.445409	-0.772441	0.45271
6.3	0.877831	-0.474739	0.063524	0.109934	0.328787	0.937984	-0.466184	-0.816408	0.340809
6.33333	0.876572	-0.479535	0.0408357	0.103067	0.269927	0.957349	-0.470105	-0.834977	0.286034
6.36667	0.880636	-0.473305	0.0214846	0.117278	0.261695	0.957999	-0.459048	-0.841129	0.285967
6.4	0.88992	-0.456116	-0.000353547	0.140749	0.273875	0.951411	-0.433857	-0.846729	0.307925
6.43333	0.90142	-0.432553	-0.0184147	0.161205	0.295862	0.94153	-0.401814	-0.851683	0.336426
6.46667	0.915368	-0.401557	-0.0292105	0.17005	0.319834	0.932089	-0.364944	-0.858172	0.361051
