0	-0.185501	0.176351	0.713241	0.998621	0.00935498	-0.0516493	-0.00353664	0.993746	0.111612	0.0523704	-0.111276	0.992409
0.0333333	0.166117	0.941302	-1.9464	0.0885639	0.995451	-0.0351167	-0.995967	0.0890078	0.0112805	0.0143548	0.033976	0.99932
0.0666667	0.16391	0.942036	-1.94675	0.0467075	0.998906	-0.0022877	-0.9977	0.0465382	-0.0492841	-0.0491237	0.00458437	0.998782
0.1	0.163075	0.942716	-1.94641	0.0323137	0.999367	0.0148513	-0.99812	0.0330405	-0.0516205	-0.0520785	-0.0131554	0.998556
0.133333	0.162718	0.942926	-1.94635	0.0255233	0.999418	0.0226539	-0.998347	0.0266503	-0.0509253	-0.0514994	-0.0213167	0.998445
0.166667	0.162507	0.943085	-1.9462	0.022035	0.999452	0.024694	-0.998492	0.0232427	-0.0497388	-0.0502855	-0.0235608	0.998457
0.2	0.162442	0.943188	-1.94622	0.0195103	0.999466	0.0262139	-0.998572	0.0207834	-0.0492052	-0.0497238	-0.0252165	0.998445
0.233333	0.162391	0.943283	-1.94628	0.0175779	0.999483	0.0269393	-0.998624	0.0188817	-0.0489323	-0.0494157	-0.0260421	0.998439
0.266667	0.16234	0.943361	-1.94632	0.0161411	0.999498	0.0272521	-0.99867	0.0174507	-0.0485217	-0.048973	-0.0264327	0.99845
0.3	0.162319	0.943398	-1.94629	0.0152866	0.999518	0.0270178	-0.998694	0.0165801	-0.0483198	-0.0487444	-0.0262439	0.998466
0.333333	0.162338	0.943428	-1.94625	0.0143267	0.999522	0.027413	-0.998715	0.0156372	-0.0482016	-0.0486071	-0.0266872	0.998461
0.366667	0.162429	0.943459	-1.94614	0.0140255	0.999515	0.0277972	-0.998724	0.0153522	-0.0481045	-0.0485079	-0.0270871	0.998455
0.4	0.162553	0.943485	-1.94598	0.0138524	0.999506	0.0282187	-0.99872	0.0152032	-0.0482317	-0.0486368	-0.0275145	0.998437
0.433333	0.162642	0.943494	-1.94576	0.0134683	0.999495	0.0287928	-0.998725	0.0148477	-0.0482445	-0.0486477	-0.0281063	0.99842
0.466667	0.162702	0.943475	-1.94551	0.0132338	0.999493	0.0289682	-0.998726	0.0146232	-0.0482886	-0.0486877	-0.0282922	0.998413
0.5	0.162804	0.943481	-1.94523	0.0130094	0.999493	0.0290449	-0.998738	0.0143979	-0.0481193	-0.0485131	-0.0283822	0.998419
0.533333	0.162899	0.943429	-1.94505	0.0124065	0.999468	0.0301736	-0.998733	0.0138577	-0.0483708	-0.0487632	-0.0295353	0.998374
0.566667	0.162984	0.943399	-1.94455	0.0126427	0.999496	0.0291342	-0.998741	0.0140368	-0.0481547	-0.0485393	-0.0284888	0.998415
0.6	0.16308	0.943389	-1.94415	0.0126221	0.999501	0.0289502	-0.998749	0.0140031	-0.0480084	-0.0483898	-0.028308	0.998427
0.633333	0.163137	0.943364	-1.94372	0.0127175	0.999516	0.0283787	-0.998756	0.0140661	-0.0478381	-0.0482142	-0.027735	0.998452
0.666667	0.163333	0.943374	-1.94336	0.012862	0.999507	0.0286276	-0.998758	0.0142198	-0.0477432	-0.0481267	-0.0279779	0.998449
0.7	0.163424	0.943342	-1.94303	0.0125903	0.999511	0.0286269	-0.998757	0.0139515	-0.0478561	-0.0482321	-0.0279887	0.998444
0.733333	0.163583	0.943313	-1.94271	0.0125687	0.999508	0.0287326	-0.99876	0.0139332	-0.0477925	-0.0481693	-0.0280963	0.998444
0.766667	0.163753	0.943291	-1.94241	0.0128186	0.999505	0.0287277	-0.998755	0.0141835	-0.0478202	-0.048204	-0.028079	0.998443
0.8	0.163856	0.94328	-1.94216	0.0128807	0.999504	0.0287307	-0.998747	0.0142497	-0.0479641	-0.0483497	-0.0280769	0.998436
0.833333	0.163875	0.943233	-1.94202	0.012657	0.999506	0.0287727	-0.998738	0.0140355	-0.0482239	-0.0486039	-0.028126	0.998422
0.866667	0.163996	0.943232	-1.94188	0.0126245	0.999506	0.0287977	-0.998734	0.0140069	-0.0483163	-0.0486958	-0.0281512	0.998417
0.9	0.164055	0.943202	-1.94185	0.012482	0.999501	0.0290276	-0.998717	0.0138865	-0.0486955	-0.0490742	-0.0283826	0.998392
0.933333	0.164192	0.943226	-1.94178	0.0125105	0.999507	0.0287935	-0.99871	0.0139072	-0.0488291	-0.0492055	-0.0281455	0.998392
0.966667	0.164182	0.943187	-1.94181	0.0124307	0.999517	0.0284687	-0.998689	0.0138241	-0.0492851	-0.0496548	-0.0278188	0.998379
1	0.164231	0.943153	-1.94184	0.0124306	0.999522	0.0283028	-0.998675	0.0138236	-0.0495662	-0.0499338	-0.0276492	0.99837
1.03333	0.164307	0.943099	-1.94188	0.0125055	0.999523	0.0282427	-0.99865	0.013909	-0.0500548	-0.0504237	-0.0275786	0.998347
1.06667	0.164382	0.943045	-1.94192	0.0122744	0.999531	0.0280473	-0.998616	0.0136879	-0.0507719	-0.051132	-0.0273853	0.998316
1.1	0.164428	0.942992	-1.94197	0.0124037	0.999539	0.0277246	-0.998562	0.0138283	-0.0517963	-0.0521557	-0.0270422	0.998273
1.13333	0.164487	0.942933	-1.94202	0.0124069	0.999547	0.0274224	-0.998505	0.0138448	-0.052884	-0.0532397	-0.0267253	0.998224
1.16667	0.164498	0.942865	-1.94206	0.0122663	0.999555	0.0271785	-0.998478	0.0137058	-0.0534268	-0.0537755	-0.0264818	0.998202
1.2	0.164522	0.942762	-1.94207	0.0123165	0.999569	0.0266386	-0.998476	0.0137277	-0.0534602	-0.0538029	-0.0259396	0.998215
1.23333	0.164509	0.942637	-1.94203	0.0125319	0.999585	0.0259346	-0.998476	0.0139037	-0.0534083	-0.0537467	-0.0252257	0.998236
1.26667	0.164524	0.94255	-1.94197	0.0122797	0.999585	0.0260679	-0.998454	0.0136709	-0.0538811	-0.0542151	-0.025366	0.998207
1.3	0.164539	0.942557	-1.94177	0.0121931	0.999577	0.0263894	-0.99841	0.013623	-0.054698	-0.0550344	-0.0256805	0.998154
1.33333	0.164495	0.942614	-1.94136	0.0120903	0.999579	0.0263885	-0.998376	0.0135364	-0.0553304	-0.0556643	-0.0256767	0.998119
1.36667	0.164512	0.94264	-1.94104	0.0119197	0.999569	0.0268312	-0.998357	0.0134007	-0.0557104	-0.0560459	-0.026123	0.998086
1.4	0.164512	0.942588	-1.94066	0.0117805	0.999575	0.0266489	-0.998351	0.0132553	-0.0558579	-0.0561874	-0.0259469	0.998083
1.43333	0.164522	0.942527	-1.94034	0.0117429	0.999586	0.0262476	-0.998347	0.0131973	-0.0559394	-0.0562627	-0.0255474	0.998089
1.46667	0.164487	0.942497	-1.94001	0.0114719	0.99961	0.0254745	-0.998344	0.012886	-0.0560599	-0.0563663	-0.0247892	0.998102
1.5	0.164491	0.942489	-1.93963	0.0115172	0.99963	0.0246263	-0.998333	0.0128881	-0.0562535	-0.0565501	-0.0239373	0.998113
1.53333	0.164513	0.942485	-1.93928	0.0114306	0.999651	0.0238252	-0.998309	0.012767	-0.0567169	-0.0570013	-0.0231366	0.998106
1.56667	0.164491	0.942422	-1.9389	0.0111173	0.999674	0.0229768	-0.99828	0.0124188	-0.0572995	-0.0575662	-0.0223003	0.998093
1.6	0.164552	0.942356	-1.93843	0.0110079	0.999693	0.02221	-0.998256	0.0122748	-0.057735	-0.0579899	-0.0215358	0.998085
1.63333	0.164614	0.942273	-1.93801	0.0108645	0.9997	0.0219568	-0.998209	0.0121348	-0.0585737	-0.0588226	-0.0212811	0.998042
1.66667	0.164757	0.942199	-1.93756	0.0105598	0.99971	0.0216646	-0.998157	0.0118334	-0.0595261	-0.0597651	-0.0209961	0.997992
1.7	0.164929	0.942135	-1.93711	0.0101882	0.999706	0.0219984	-0.998098	0.0115046	-0.0605673	-0.0608025	-0.0213394	0.997922
1.73333	0.165116	0.942067	-1.93641	0.0102388	0.999723	0.0212031	-0.998058	0.01152	-0.0612127	-0.06144	-0.0205352	0.9979
1.76667	0.165217	0.941943	-1.93573	0.00993574	0.999743	0.020393	-0.998004	0.0111863	-0.0621532	-0.0623653	-0.0197348	0.997858
1.8	0.165522	0.941821	-1.93493	0.00967743	0.999753	0.0200008	-0.997972	0.0109149	-0.0627183	-0.0629212	-0.0193533	0.997831
1.83333	0.165873	0.941718	-1.93407	0.00970787	0.999762	0.0195552	-0.997935	0.0109283	-0.0633002	-0.0634988	-0.0189003	0.997803
1.86667	0.166303	0.941577	-1.93316	0.00954432	0.99977	0.019229	-0.997894	0.0107566	-0.0639607	-0.0641528	-0.0185781	0.997767
1.9	0.166709	0.941473	-1.93222	0.00928259	0.999789	0.0183455	-0.997866	0.0104474	-0.0644504	-0.0646284	-0.0177081	0.997752
1.93333	0.167224	0.941328	-1.93124	0.00909903	0.9998	0.0177828	-0.997803	0.0102452	-0.0654606	-0.0656297	-0.0171481	0.997697
1.96667	0.167762	0.94122	-1.93018	0.00829746	0.999825	0.0167379	-0.997769	0.00938698	-0.0661008	-0.0662464	-0.0161521	0.997673
2	0.168507	0.941051	-1.92906	0.00849919	0.999841	0.0156685	-0.997709	0.00953056	-0.0669699	-0.0671086	-0.0150635	0.997632
2.03333	0.169243	0.940909	-1.92797	0.00787636	0.999858	0.014895	-0.997638	0.00887349	-0.0681086	-0.0682311	-0.0143234	0.997567
2.06667	0.170139	0.940719	-1.92694	0.00672769	0.999877	0.0141649	-0.997543	0.00769851	-0.0696371	-0.0697376	-0.0136616	0.997472
2.1	0.171055	0.940475	-1.92582	0.00559889	0.999904	0.0126571	-0.997458	0.00648343	-0.0709602	-0.0710354	-0.0122277	0.997399
2.13333	0.172261	0.940222	-1.92453	0.00439454	0.999934	0.010635	-0.997417	0.00514551	-0.0716485	-0.0716984	-0.0102926	0.997373
2.16667	0.173657	0.939876	-1.9235	0.00418065	0.999951	0.00893462	-0.997311	0.00482305	-0.0731325	-0.073172	-0.00860485	0.997282
2.2	0.175461	0.939592	-1.92248	0.00157042	0.999943	0.0105228	-0.997266	0.00234346	-0.0738583	-0.0738788	-0.0103781	0.997213
2.23333	0.177685	0.939117	-1.92143	0.000677921	0.999939	0.0110505	-0.997207	0.00150123	-0.0746673	-0.0746793	-0.010969	0.997147
2.26667	0.180497	0.938636	-1.92026	-0.00112839	0.999919	0.0126785	-0.997228	-0.000181892	-0.0744084	-0.0744	-0.0127273	0.997147
2.3	0.183829	0.938045	-1.91908	-0.00276755	0.999885	0.0149328	-0.997252	-0.00165405	-0.0740703	-0.074037	-0.0150968	0.997141
2.33333	0.18766	0.937268	-1.91788	-0.00408073	0.999829	0.0180494	-0.997305	-0.00274684	-0.0733191	-0.073257	-0.0182999	0.997145
2.36667	0.191918	0.936475	-1.91661	-0.00724857	0.999738	0.0217054	-0.997466	-0.00569226	-0.0709236	-0.0707815	-0.0221645	0.997246
2.4	0.196659	0.935823	-1.91535	-0.0143985	0.999544	0.0265512	-0.997628	-0.0125732	-0.0676777	-0.067313	-0.0274626	0.997354
2.43333	0.20194	0.935313	-1.91471	-0.0240211	0.999241	0.0306647	-0.997652	-0.0219924	-0.0648642	-0.0641406	-0.0321508	0.997423
2.46667	0.207472	0.934908	-1.91496	-0.0333834	0.998904	0.0327957	-0.997532	-0.0312733	-0.0628715	-0.061777	-0.0348136	0.997483
2.5	0.212404	0.934175	-1.91674	-0.0354566	0.998993	0.0274955	-0.997274	-0.0335874	-0.0656977	-0.064708	-0.02975	0.997461
2.53333	0.215767	0.932963	-1.91852	-0.0298614	0.999433	0.0155396	-0.996904	-0.0286473	-0.0732252	-0.0727386	-0.0176781	0.997194
2.56667	0.217948	0.931938	-1.9185	-0.0238683	0.999711	0.00289942	-0.996341	-0.0235496	-0.0821535	-0.0820615	-0.00484968	0.996615
2.6	0.21942	0.93123	-1.91646	-0.0235696	0.999692	-0.00773926	-0.995542	-0.0241775	-0.0911669	-0.091326	0.005556	0.995806
2.63333	0.220005	0.930987	-1.91218	-0.0302462	0.999388	-0.0175467	-0.995038	-0.03177	-0.0942894	-0.0947892	0.0146077	0.99539
2.66667	0.220039	0.93055	-1.90644	-0.0408887	0.99882	-0.0262095	-0.994529	-0.0432087	-0.0951087	-0.096129	0.0221772	0.995122
2.7	0.219212	0.929915	-1.89955	-0.0519463	0.998027	-0.0352705	-0.993974	-0.0550846	-0.0947709	-0.0965268	0.0301349	0.994874
2.73333	0.217502	0.928969	-1.89225	-0.0600241	0.997153	-0.0456337	-0.99331	-0.0641858	-0.0959941	-0.0986499	0.0395665	0.994335
2.76667	0.215496	0.927759	-1.88503	-0.0636566	0.996373	-0.0564721	-0.992724	-0.0690157	-0.0986663	-0.102206	0.0497805	0.993517
2.8	0.213221	0.926319	-1.87776	-0.0666283	0.995489	-0.0675458	-0.992055	-0.0733341	-0.102215	-0.106708	0.0601987	0.992466
2.83333	0.211145	0.924585	-1.86985	-0.0700216	0.994522	-0.0776067	-0.991355	-0.0780297	-0.10548	-0.110958	0.0695499	0.991388
2.86667	0.209271	0.922657	-1.86128	-0.0713564	0.993518	-0.0884848	-0.990686	-0.0809074	-0.109524	-0.115973	0.0798454	0.990038
2.9	0.20748	0.9208	-1.85115	-0.0740789	0.992854	-0.0935627	-0.989948	-0.0845465	-0.113379	-0.120479	0.0842233	0.989137
2.93333	0.205789	0.919113	-1.83928	-0.0762546	0.992972	-0.0905052	-0.989455	-0.0865687	-0.116123	-0.123142	0.0806959	0.989103
2.96667	0.203836	0.917519	-1.82583	-0.0783689	0.993658	-0.0806357	-0.989128	-0.0875973	-0.118122	-0.124437	0.0705019	0.98972
3	0.201169	0.916147	-1.81053	-0.0789794	0.994604	-0.067264	-0.989178	-0.0865601	-0.118464	-0.123647	0.0571799	0.990677
3.03333	0.197555	0.915197	-1.79319	-0.0767563	0.995679	-0.0522653	-0.989396	-0.082545	-0.119506	-0.123304	0.0425382	0.991457
3.06667	0.192523	0.915664	-1.77582	-0.081307	0.995685	-0.0447351	-0.988576	-0.0862791	-0.123584	-0.126911	0.0341758	0.991325
3.1	0.186785	0.917566	-1.75758	-0.0902218	0.995178	-0.0384918	-0.987186	-0.0944715	-0.128602	-0.131618	0.0263959	0.990949
3.13333	0.180123	0.920129	-1.73897	-0.0981202	0.994559	-0.0349931	-0.986138	-0.101897	-0.130955	-0.133808	0.0216587	0.990771
3.16667	0.173253	0.922544	-1.71951	-0.102075	0.994399	-0.0274187	-0.985636	-0.104827	-0.13241	-0.134543	0.0135091	0.990816
3.2	0.165926	0.924748	-1.69935	-0.106798	0.994124	-0.0176297	-0.985056	-0.1082	-0.134009	-0.135129	0.0030544	0.990823
3.23333	0.158259	0.926667	-1.67923	-0.112269	0.993629	-0.00981402	-0.984562	-0.112568	-0.134039	-0.13429	-0.00538597	0.990927
3.26667	0.150546	0.928305	-1.65948	-0.117944	0.992994	-0.00714599	-0.984495	-0.11787	-0.12991	-0.129842	-0.00828698	0.9915
3.3	0.14341	0.929468	-1.64126	-0.120786	0.992613	-0.0114123	-0.984428	-0.121254	-0.127274	-0.127717	-0.00413832	0.991802
3.33333	0.1373	0.930362	-1.62369	-0.120639	0.992575	-0.0155109	-0.984698	-0.121632	-0.124805	-0.125765	0.000217232	0.99206
3.36667	0.132648	0.931027	-1.60736	-0.117629	0.992928	-0.0160341	-0.985426	-0.118708	-0.121838	-0.12288	0.00146874	0.99242
3.4	0.12963	0.931573	-1.59216	-0.111128	0.993738	-0.0115972	-0.986662	-0.111718	-0.118391	-0.118945	-0.00171395	0.992899
3.43333	0.127929	0.931941	-1.57759	-0.10075	0.994904	-0.00381344	-0.988291	-0.100521	-0.11479	-0.114589	-0.00779638	0.993382
3.46667	0.126869	0.932335	-1.56323	-0.0867898	0.996221	0.00327814	-0.990142	-0.0858961	-0.110641	-0.109942	-0.0128484	0.993855
3.5	0.12628	0.932677	-1.54892	-0.070305	0.997495	0.00784075	-0.991835	-0.0690634	-0.107212	-0.106402	-0.0153143	0.994205
3.53333	0.126147	0.932707	-1.5342	-0.0523922	0.998552	0.012195	-0.993433	-0.0508721	-0.10248	-0.101711	-0.0174841	0.99466
3.56667	0.126377	0.932346	-1.51867	-0.0347197	0.999234	0.0180507	-0.994853	-0.0328359	-0.0958575	-0.0951913	-0.021286	0.995231
3.6	0.127053	0.931885	-1.50273	-0.0171683	0.999552	0.0245343	-0.995861	-0.0149041	-0.0896633	-0.0892574	-0.0259721	0.99567
3.63333	0.128248	0.93143	-1.48645	0.00235723	0.999551	0.0298723	-0.996555	0.0048247	-0.0827998	-0.0829068	-0.0295742	0.996118
3.66667	0.129924	0.930732	-1.46984	0.0207491	0.999159	0.0353718	-0.996919	0.0233537	-0.0748857	-0.0756488	-0.033709	0.996565
3.7	0.132289	0.929564	-1.45342	0.0368937	0.998454	0.0415638	-0.996815	0.0397121	-0.0691587	-0.0707024	-0.0388799	0.996739
3.73333	0.135175	0.927877	-1.43734	0.0492453	0.997606	0.0485549	-0.996377	0.0524436	-0.0669586	-0.0693447	-0.0450815	0.996574
3.76667	0.138302	0.925762	-1.42151	0.0586915	0.996741	0.0553401	-0.995744	0.0623985	-0.0678263	-0.0710584	-0.0511238	0.996161
3.8	0.14139	0.923226	-1.40552	0.0678692	0.995891	0.0599654	-0.994927	0.072032	-0.0702251	-0.0742559	-0.0548951	0.995727
3.83333	0.144528	0.920362	-1.38877	0.0772182	0.995092	0.0618764	-0.993957	0.0816897	-0.0733274	-0.0780222	-0.0558402	0.995387
3.86667	0.147745	0.917409	-1.37059	0.0850535	0.994551	0.0602771	-0.993058	0.0895485	-0.0762745	-0.0812567	-0.0533712	0.995263
3.9	0.150946	0.914685	-1.35052	0.0868528	0.994851	0.0522374	-0.992801	0.0907767	-0.0781374	-0.082477	-0.0450749	0.995573
3.93333	0.154744	0.912621	-1.32855	0.0856922	0.995576	0.0385376	-0.992936	0.0885232	-0.0790077	-0.0820697	-0.0314951	0.996129
3.96667	0.160576	0.912997	-1.30656	0.0970184	0.994767	0.0320337	-0.991626	0.0993683	-0.0824828	-0.0852343	-0.0237631	0.996078
4	0.166783	0.915345	-1.28367	0.105446	0.994093	0.0256853	-0.990553	0.107278	-0.085419	-0.0876699	-0.0164355	0.996014
4.03333	0.173853	0.91891	-1.26124	0.112446	0.993415	0.0219876	-0.989858	0.113922	-0.0848699	-0.0868158	-0.0122213	0.996149
4.06667	0.181109	0.922408	-1.23925	0.114061	0.993317	0.0176765	-0.989883	0.115142	-0.0829116	-0.0843928	-0.00804074	0.9964
4.1	0.188055	0.925102	-1.2177	0.114205	0.99337	0.0131426	-0.990044	0.114898	-0.0813147	-0.0822857	-0.00372527	0.996602
4.13333	0.194876	0.926418	-1.19777	0.118476	0.992915	0.0090754	-0.989502	0.118821	-0.0822644	-0.0827599	0.000766247	0.996569
4.16667	0.200475	0.926672	-1.17928	0.122725	0.992435	0.0033426	-0.988988	0.122578	-0.0829298	-0.0827121	0.00687177	0.99655
4.2	0.204493	0.926431	-1.16214	0.12493	0.992145	-0.00641742	-0.988741	0.12396	-0.083816	-0.0823621	0.0168163	0.996461
4.23333	0.207469	0.926257	-1.14648	0.119374	0.992767	-0.012787	-0.989509	0.117907	-0.0834871	-0.0813755	0.022619	0.996427
4.26667	0.209887	0.926494	-1.13127	0.107327	0.994061	-0.0180021	-0.991269	0.105595	-0.07896	-0.0765901	0.0263195	0.996715
4.3	0.211923	0.926799	-1.11661	0.0942277	0.995326	-0.0211306	-0.992895	0.0924061	-0.0749667	-0.0726637	0.0280445	0.996962
4.33333	0.213842	0.927128	-1.10222	0.0785622	0.996678	-0.0214517	-0.994438	0.076835	-0.0720416	-0.0701541	0.0269921	0.997171
4.36667	0.215808	0.927415	-1.08747	0.0615753	0.997922	-0.0189844	-0.995856	0.0601502	-0.0682086	-0.0669249	0.0231057	0.99749
4.4	0.217731	0.927605	-1.07278	0.0422939	0.999041	-0.0112872	-0.997095	0.0414898	-0.0638798	-0.0633503	0.0139561	0.997894
4.43333	0.218911	0.927411	-1.05881	0.0248653	0.999653	-0.00867702	-0.997831	0.024289	-0.0611782	-0.0609463	0.0101794	0.998089
4.46667	0.219087	0.926993	-1.04482	0.00907673	0.999925	-0.00825224	-0.998278	0.0085828	-0.0580376	-0.0579624	0.00876482	0.99828
4.5	0.218244	0.926518	-1.03101	-0.00521672	0.999932	-0.0103941	-0.998419	-0.00579004	-0.0559139	-0.0559703	0.010086	0.998381
4.53333	0.216576	0.925854	-1.01814	-0.0174379	0.999731	-0.0152919	-0.998223	-0.0182791	-0.0567155	-0.0569797	0.0142757	0.998273
4.56667	0.214517	0.924762	-1.00608	-0.0271369	0.999398	-0.021626	-0.997817	-0.0283843	-0.0596277	-0.0602056	0.0199607	0.997986
4.6	0.212456	0.923142	-0.994439	-0.0346684	0.998994	-0.0284471	-0.997243	-0.036448	-0.0646313	-0.0656031	0.026128	0.997504
4.63333	0.210549	0.921179	-0.982768	-0.039021	0.998606	-0.0355461	-0.996617	-0.041469	-0.0709548	-0.07233	0.0326572	0.996846
4.66667	0.208778	0.91916	-0.970488	-0.0413892	0.998276	-0.0416261	-0.995937	-0.0445553	-0.0782549	-0.0799746	0.0382181	0.996064
4.7	0.206919	0.917394	-0.957056	-0.0450967	0.997964	-0.0450976	-0.995242	-0.0487852	-0.084344	-0.0863724	0.0410794	0.995416
4.73333	0.205005	0.915959	-0.942098	-0.047692	0.99795	-0.0426693	-0.994716	-0.0513386	-0.0889014	-0.0909097	0.038204	0.995126
4.76667	0.20278	0.914873	-0.925865	-0.0482038	0.9982	-0.0356816	-0.994348	-0.0513396	-0.0929281	-0.0945927	0.0310005	0.995033
4.8	0.200137	0.914081	-0.908178	-0.0455542	0.998644	-0.0251972	-0.994179	-0.0477869	-0.0965607	-0.0976339	0.0206517	0.995008
4.83333	0.196988	0.913455	-0.88861	-0.0424392	0.99904	-0.0108445	-0.994098	-0.043309	-0.0994626	-0.0998368	0.00655934	0.994982
4.86667	0.193015	0.913742	-0.868726	-0.0478646	0.998854	-0.00024793	-0.99352	-0.0476346	-0.10319	-0.103084	-0.00469284	0.994662
4.9	0.188645	0.915145	-0.848355	-0.0594711	0.998177	0.0102708	-0.992624	-0.0580451	-0.106435	-0.105645	-0.0165249	0.994267
4.93333	0.183549	0.917149	-0.827694	-0.0686738	0.997482	0.0177115	-0.99204	-0.0663992	-0.106997	-0.105551	-0.0249184	0.994102
4.96667	0.178533	0.918932	-0.806136	-0.0697551	0.997177	0.0277854	-0.992248	-0.0664848	-0.104991	-0.102848	-0.0348937	0.994085
5	0.173134	0.920355	-0.783957	-0.0758778	0.996326	0.0397215	-0.992339	-0.0715588	-0.100716	-0.097503	-0.0470593	0.994122
5.03333	0.167482	0.921351	-0.762126	-0.0816708	0.995573	0.0465127	-0.99244	-0.0769467	-0.0956141	-0.0916119	-0.05397	0.994331
5.06667	0.162162	0.922311	-0.741997	-0.0822476	0.995431	0.0485081	-0.992792	-0.0775779	-0.0913521	-0.0871715	-0.0556719	0.994637
5.1	0.157696	0.923267	-0.723568	-0.0794271	0.995668	0.0483362	-0.993325	-0.0749848	-0.0876548	-0.0836506	-0.0549757	0.994978
5.13333	0.154128	0.924011	-0.706051	-0.0773677	0.995691	0.0511237	-0.993885	-0.0729726	-0.0828681	-0.0787804	-0.0572224	0.995248
5.16667	0.151764	0.924163	-0.690209	-0.0702879	0.996158	0.0522323	-0.994696	-0.0660502	-0.0788532	-0.0751003	-0.0574977	0.995517
5.2	0.150067	0.923983	-0.674983	-0.0615059	0.996548	0.0557582	-0.995604	-0.0573027	-0.074082	-0.0706312	-0.0600696	0.995692
5.23333	0.148691	0.923771	-0.660426	-0.0495585	0.997028	0.0589812	-0.996517	-0.0453947	-0.0699554	-0.0670701	-0.0622426	0.995805
5.26667	0.147535	0.923696	-0.64623	-0.036114	0.997535	0.0601694	-0.997337	-0.0321584	-0.0654616	-0.0633653	-0.0623732	0.996039
5.3	0.146723	0.923721	-0.632205	-0.0217387	0.997971	0.0598522	-0.997967	-0.0180735	-0.0611128	-0.059907	-0.061059	0.996335
5.33333	0.14633	0.923726	-0.618211	-0.00671116	0.998297	0.0579463	-0.998307	-0.00334073	-0.0580668	-0.0577744	-0.0582379	0.99663
5.36667	0.146447	0.923589	-0.604434	0.00831703	0.998427	0.0554546	-0.998373	0.0114198	-0.0558721	-0.0564175	-0.0548996	0.996897
5.4	0.147129	0.923219	-0.590946	0.0215525	0.998341	0.0533947	-0.998233	0.0244468	-0.0541596	-0.055375	-0.0521331	0.997104
5.43333	0.148556	0.922662	-0.577638	0.0346877	0.998131	0.0503085	-0.99785	0.0373906	-0.0538217	-0.0556022	-0.0483334	0.997282
5.46667	0.150644	0.921826	-0.564502	0.0477456	0.997694	0.048231	-0.997258	0.0503464	-0.0542305	-0.0565337	-0.0455095	0.997363
5.5	0.153344	0.920602	-0.551578	0.059439	0.997059	0.0483681	-0.996551	0.0620801	-0.0550701	-0.0579108	-0.044928	0.99731
5.53333	0.156426	0.918906	-0.538839	0.0697783	0.996272	0.0507239	-0.995697	0.0726657	-0.0575024	-0.0609739	-0.0464932	0.997056
5.56667	0.159584	0.916658	-0.525737	0.0788301	0.995409	0.0542759	-0.994797	0.082073	-0.0603645	-0.064542	-0.049235	0.9967
5.6	0.162772	0.914077	-0.511722	0.0856486	0.994679	0.0572601	-0.994064	0.0891828	-0.0623134	-0.0670884	-0.0515831	0.996413
5.63333	0.166189	0.911478	-0.496656	0.0901474	0.994257	0.0576783	-0.993459	0.0938487	-0.0650501	-0.0700895	-0.0514369	0.996214
5.66667	0.169918	0.909236	-0.480441	0.0921883	0.994244	0.0545881	-0.993078	0.0958104	-0.0679401	-0.0727791	-0.047947	0.996195
5.7	0.174059	0.90753	-0.462707	0.0929511	0.994506	0.0481464	-0.992847	0.096218	-0.0706825	-0.0749267	-0.0412321	0.996336
5.73333	0.178447	0.906235	-0.443321	0.0929739	0.99492	0.0385987	-0.992682	0.0956257	-0.0737453	-0.0770617	-0.0314598	0.99653
5.76667	0.183737	0.906206	-0.422927	0.10148	0.994363	0.0307159	-0.991804	0.103532	-0.0748728	-0.0776309	-0.022866	0.99672
5.8	0.189627	0.907655	-0.402041	0.108435	0.993758	0.0262081	-0.990801	0.110184	-0.0785622	-0.0809595	-0.0174481	0.996565
5.83333	0.196407	0.909989	-0.38122	0.11584	0.992979	0.0239734	-0.99011	0.117361	-0.0768642	-0.079138	-0.0148324	0.996753
5.86667	0.203671	0.912218	-0.360665	0.117471	0.992797	0.0235468	-0.990139	0.118913	-0.0740594	-0.076326	-0.0146148	0.996976
5.9	0.211077	0.914046	-0.340689	0.117905	0.992791	0.0215656	-0.99026	0.119169	-0.0719931	-0.074044	-0.0128672	0.997172
5.93333	0.21795	0.915242	-0.321484	0.118111	0.992842	0.0177537	-0.990424	0.119073	-0.0698756	-0.0714894	-0.00933057	0.997398
5.96667	0.223833	0.915773	-0.30372	0.120129	0.992671	0.0131526	-0.990292	0.120754	-0.0688475	-0.0699312	-0.0047543	0.99754
6	0.22833	0.915871	-0.287301	0.120076	0.992752	0.00511155	-0.990408	0.120144	-0.0682423	-0.0683617	0.00313176	0.997656
6.03333	0.231948	0.91604	-0.272035	0.114767	0.993386	-0.00345246	-0.991182	0.114279	-0.0670769	-0.0662387	0.0111202	0.997742
6.06667	0.235331	0.916592	-0.257546	0.10205	0.99475	-0.00764564	-0.992838	0.101368	-0.0632288	-0.0621218	0.0140434	0.99797
6.1	0.238344	0.917402	-0.243631	0.0870224	0.996161	-0.00949646	-0.994551	0.0863245	-0.0584473	-0.0574032	0.0145309	0.998245
6.13333	0.241227	0.918209	-0.230273	0.0711356	0.997435	-0.00792209	-0.995965	0.0705907	-0.0554071	-0.0547057	0.0118315	0.998432
6.16667	0.244026	0.918767	-0.217194	0.0557343	0.998442	-0.00260398	-0.997069	0.0555204	-0.0526397	-0.0524131	0.00553019	0.99861
6.2	0.246541	0.919077	-0.204279	0.0400021	0.999187	0.0050296	-0.997976	0.0402017	-0.0492811	-0.0494432	-0.00304807	0.998772
6.23333	0.248427	0.919113	-0.191405	0.0221878	0.999664	0.0134049	-0.998721	0.0227721	-0.0451349	-0.045425	-0.0123864	0.998891
6.26667	0.249373	0.91887	-0.178706	0.00426251	0.999809	0.0190653	-0.999152	0.00503881	-0.0408572	-0.0409455	-0.018875	0.998983
6.3	0.249505	0.918493	-0.16622	-0.0118167	0.999703	0.0213039	-0.99925	-0.0110204	-0.0371132	-0.0368674	-0.0217265	0.999084
6.33333	0.248822	0.91794	-0.154009	-0.0264402	0.999429	0.0210392	-0.999071	-0.0257023	-0.0346042	-0.0340437	-0.0219346	0.99918
6.36667	0.247655	0.917143	-0.142369	-0.0380679	0.999101	0.0186699	-0.998726	-0.0374212	-0.0338422	-0.0331131	-0.0199344	0.999253
6.4	0.246169	0.915999	-0.131234	-0.0465395	0.99881	0.014611	-0.998316	-0.0459993	-0.035358	-0.0346439	-0.0162319	0.999268
6.43333	0.244638	0.9146	-0.120325	-0.051952	0.998612	0.00864786	-0.997896	-0.0515746	-0.0392766	-0.0387761	-0.0106702	0.999191
6.46667	0.243197	0.913102	-0.109183	-0.0561282	0.998421	0.00239863	-0.997463	-0.0559687	-0.0439842	-0.0437805	-0.00486131	0.999029
6.5	0.241814	0.9117	-0.0973241	-0.0599944	0.998196	-0.00251928	-0.996997	-0.0600458	-0.0488958	-0.0489589	-0.00042176	0.998801
6.53333	0.240507	0.910421	-0.0848502	-0.0629078	0.998007	-0.00492819	-0.996562	-0.0630819	-0.0537201	-0.0539239	0.00153183	0.998544
6.56667	0.239215	0.909325	-0.0713349	-0.0658978	0.997823	-0.00244192	-0.996138	-0.0659284	-0.0579833	-0.0580181	-0.00138848	0.998315
6.6	0.23774	0.908357	-0.0567318	-0.0676801	0.997704	0.00254026	-0.995798	-0.0673929	-0.062012	-0.0616984	-0.00672656	0.998072
6.63333	0.23601	0.907405	-0.0409894	-0.0673015	0.997687	0.00955693	-0.995603	-0.0665292	-0.065948	-0.0651596	-0.0139533	0.997777
6.66667	0.233859	0.906404	-0.0237572	-0.0661079	0.997627	0.0192312	-0.995469	-0.0646201	-0.0697609	-0.0683526	-0.0237558	0.997378
6.7	0.231214	0.905208	-0.00457557	-0.0647307	0.997345	0.0333704	-0.995402	-0.0621662	-0.0728764	-0.0706084	-0.0379343	0.996783
6.73333	0.227709	0.904298	0.0154866	-0.0685587	0.996507	0.0476861	-0.994918	-0.06476	-0.0770987	-0.0737412	-0.0527296	0.995882
6.76667	0.223706	0.905019	0.0364016	-0.0796303	0.995195	0.0569722	-0.993693	-0.0747237	-0.0836104	-0.0789515	-0.0632708	0.994869
6.8	0.219406	0.906836	0.0575755	-0.0849349	0.994317	0.0641795	-0.992998	-0.0791627	-0.0876813	-0.0821024	-0.0711773	0.994079
6.83333	0.215039	0.909254	0.0789593	-0.0851865	0.993716	0.0726035	-0.992939	-0.0786304	-0.0888204	-0.0825534	-0.0796571	0.993398
6.86667	0.210473	0.911602	0.100415	-0.086714	0.992913	0.0812699	-0.992822	-0.0793843	-0.089454	-0.0823685	-0.0884435	0.99267
6.9	0.206052	0.913387	0.120942	-0.0884656	0.992138	0.0885257	-0.99274	-0.0805488	-0.0893285	-0.0814955	-0.0957855	0.99206
6.93333	0.201925	0.914451	0.139913	-0.0906228	0.991589	0.0924073	-0.992747	-0.0825872	-0.0873635	-0.0789971	-0.0996542	0.991881
6.96667	0.198609	0.914889	0.157526	-0.0912766	0.99122	0.0956649	-0.992782	-0.0830722	-0.0864998	-0.0777932	-0.10287	0.991648
7	0.196059	0.914932	0.173695	-0.0876843	0.99138	0.0973498	-0.993164	-0.0794444	-0.0855194	-0.0770483	-0.104183	0.991569
7.03333	0.19421	0.914896	0.188642	-0.080636	0.991797	0.0991771	-0.993883	-0.0724727	-0.0833315	-0.0754603	-0.10529	0.991574
7.06667	0.192916	0.914892	0.20284	-0.0721212	0.992168	0.101991	-0.994667	-0.0639879	-0.0808886	-0.0737288	-0.10728	0.991491
7.1	0.191898	0.915015	0.216306	-0.0593307	0.992954	0.10258	-0.995556	-0.0513303	-0.0789473	-0.0731256	-0.106808	0.991587
7.13333	0.190969	0.915141	0.229489	-0.0456098	0.993957	0.0998459	-0.996271	-0.037932	-0.077489	-0.0732334	-0.103008	0.991981
7.16667	0.190222	0.9151	0.24292	-0.0305827	0.994938	0.0957257	-0.996973	-0.0235153	-0.0741067	-0.0714805	-0.0977023	0.992645
7.2	0.189906	0.914819	0.256455	-0.0166135	0.995598	0.092239	-0.99747	-0.0101257	-0.070364	-0.0691203	-0.0931746	0.993248
7.23333	0.190127	0.914456	0.26984	-0.00303457	0.99602	0.0890758	-0.997683	0.00303872	-0.0679665	-0.0679667	-0.0890756	0.993703
7.26667	0.190806	0.914118	0.283015	0.010554	0.996208	0.0863591	-0.997773	0.0161796	-0.0647036	-0.0658555	-0.085484	0.994161
7.3	0.191925	0.913714	0.29602	0.0256799	0.996023	0.0853115	-0.997666	0.0309356	-0.0608669	-0.063264	-0.0835493	0.994493
7.33333	0.193472	0.913044	0.30872	0.0395028	0.995475	0.0864201	-0.997325	0.0446041	-0.0579157	-0.0615084	-0.0839011	0.994574
7.36667	0.195648	0.912108	0.320917	0.0512518	0.994668	0.0894909	-0.996816	0.0564305	-0.0563297	-0.0610794	-0.086319	0.994393
7.4	0.198119	0.91094	0.332776	0.0608761	0.993819	0.0928296	-0.996181	0.0663244	-0.0567796	-0.0625856	-0.0890185	0.994062
7.43333	0.200696	0.909579	0.344528	0.0695036	0.993059	0.0948866	-0.995508	0.0751749	-0.0575606	-0.0642941	-0.0904597	0.993823
7.46667	0.203218	0.908116	0.356776	0.0768638	0.992353	0.0965834	-0.994791	0.0828349	-0.0594099	-0.066956	-0.0915139	0.99355
7.5	0.205751	0.906741	0.369724	0.0821852	0.992072	0.0950732	-0.994257	0.0881778	-0.0606422	-0.0685448	-0.0895433	0.993621
7.53333	0.20818	0.905515	0.383451	0.0870675	0.99221	0.0890939	-0.993757	0.0927682	-0.0619758	-0.0697582	-0.0831416	0.994093
7.56667	0.210546	0.904443	0.398145	0.0904276	0.992729	0.0794513	-0.993388	0.095578	-0.0636034	-0.0707347	-0.0731745	0.994808
7.6	0.212914	0.903408	0.413933	0.0910614	0.993563	0.0673874	-0.993263	0.0954867	-0.0656512	-0.0716632	-0.0609551	0.995565
7.63333	0.215561	0.902345	0.430947	0.0895315	0.994521	0.0539683	-0.993306	0.0931303	-0.0683327	-0.0729843	-0.0474891	0.996202
7.66667	0.218595	0.90121	0.449647	0.0874164	0.995457	0.0377347	-0.993436	0.0899193	-0.0707084	-0.0737803	-0.0313059	0.996783
7.7	0.222662	0.900898	0.469087	0.0956952	0.995122	0.0239845	-0.992495	0.0972302	-0.0741669	-0.0761371	-0.0167071	0.996957
7.73333	0.226909	0.90172	0.488576	0.102023	0.994671	0.014831	-0.991378	0.102895	-0.0811333	-0.082227	-0.00642566	0.996593
7.76667	0.231919	0.903235	0.507667	0.10765	0.994144	0.00947717	-0.990719	0.108065	-0.0824428	-0.0829842	-0.000514226	0.996551
7.8	0.237129	0.904819	0.527171	0.112161	0.993683	0.00385999	-0.99036	0.112102	-0.0813673	-0.081286	0.00530347	0.996677
7.83333	0.242662	0.906275	0.546513	0.11606	0.993242	-0.000847356	-0.990006	0.115613	-0.0807529	-0.0801092	0.010211	0.996734
7.86667	0.248139	0.907358	0.56519	0.118564	0.992932	-0.00537294	-0.989682	0.117735	-0.0816552	-0.0804454	0.0149989	0.996646
7.9	0.253145	0.907852	0.58279	0.12233	0.992432	-0.0107241	-0.989233	0.121047	-0.0822535	-0.0803328	0.0206706	0.996554
7.93333	0.257169	0.907767	0.599131	0.124683	0.992011	-0.0191666	-0.989014	0.122714	-0.0824219	-0.0794114	0.0292326	0.996413
7.96667	0.260382	0.907446	0.614498	0.122885	0.99202	-0.028202	-0.989372	0.120232	-0.0817755	-0.0777322	0.0379513	0.996252
8	0.263149	0.90736	0.629266	0.116754	0.992604	-0.0332592	-0.990264	0.113792	-0.080177	-0.0757993	0.0422964	0.996226
8.03333	0.265541	0.907736	0.643457	0.103795	0.994005	-0.0343709	-0.991989	0.100959	-0.075931	-0.0720057	0.0419768	0.996521
8.06667	0.267717	0.908182	0.657128	0.0893432	0.995458	-0.0328748	-0.993581	0.0867784	-0.0725638	-0.0693814	0.0391469	0.996822
8.1	0.269674	0.908575	0.670262	0.0738224	0.996817	-0.0301064	-0.994959	0.0715629	-0.0702562	-0.0678781	0.0351411	0.997075
8.13333	0.271727	0.908883	0.683416	0.0574468	0.998034	-0.0250762	-0.996112	0.0556196	-0.0683227	-0.0667936	0.0289036	0.997348
8.16667	0.273486	0.909135	0.696764	0.0419422	0.998924	-0.019779	-0.997003	0.040557	-0.0658832	-0.0650102	0.022483	0.997631
8.2	0.274544	0.909375	0.709764	0.0260675	0.999592	-0.0117071	-0.997699	0.0252814	-0.0629061	-0.0625844	0.01332	0.997951
8.23333	0.274364	0.90966	0.72273	0.0103226	0.999933	-0.00523568	-0.998194	0.00999452	-0.0592362	-0.0591799	0.0058377	0.99823
8.26667	0.273061	0.90961	0.73539	-0.00549416	0.999983	-0.00186968	-0.998465	-0.00558885	-0.0551023	-0.0551118	0.00156407	0.998479
8.3	0.270994	0.909015	0.747411	-0.0187143	0.999819	-0.00328383	-0.99846	-0.0188602	-0.0521684	-0.0522209	0.00230248	0.998633
8.33333	0.268491	0.907915	0.758692	-0.0273303	0.999586	-0.00903467	-0.998203	-0.0277724	-0.0531006	-0.0533295	0.00756718	0.998548
8.36667	0.265882	0.906564	0.76948	-0.0313554	0.999364	-0.0169878	-0.997894	-0.0322658	-0.0562687	-0.0567811	0.0151877	0.998271
8.4	0.26343	0.905183	0.780209	-0.0333756	0.999149	-0.0242545	-0.997537	-0.0348001	-0.060897	-0.0616892	0.0221623	0.997849
8.43333	0.260983	0.903914	0.791413	-0.0355835	0.998928	-0.029601	-0.997211	-0.0374356	-0.0645658	-0.0656047	0.027221	0.997474
8.46667	0.258625	0.902876	0.80339	-0.0390607	0.998765	-0.0307149	-0.996892	-0.0410554	-0.067244	-0.0684219	0.0279928	0.997264
8.5	0.256326	0.902009	0.816372	-0.0435909	0.998719	-0.0256885	-0.996651	-0.0452524	-0.0681045	-0.0691798	0.0226337	0.997347
8.53333	0.253958	0.901132	0.830267	-0.0459166	0.998788	-0.0177376	-0.996491	-0.0470404	-0.0692263	-0.0699768	0.0144968	0.997443
8.56667	0.251389	0.900265	0.845339	-0.0450155	0.998931	-0.0104661	-0.996439	-0.045646	-0.0708938	-0.0712958	0.00723748	0.997429
8.6	0.248446	0.899341	0.861263	-0.0449329	0.99899	0.000636364	-0.996285	-0.0447643	-0.0735722	-0.0734694	-0.00393981	0.99729
8.63333	0.24484	0.899063	0.877408	-0.052188	0.998593	0.0094115	-0.995673	-0.0513053	-0.0774731	-0.0768812	-0.013414	0.99695
8.66667	0.240671	0.899891	0.893751	-0.0639579	0.997847	0.0144997	-0.994494	-0.062521	-0.0840984	-0.0830108	-0.0197986	0.996352
8.7	0.236286	0.901112	0.910188	-0.0693833	0.997419	0.018491	-0.993782	-0.0674887	-0.0885536	-0.0870771	-0.0245202	0.9959
8.73333	0.231788	0.902164	0.927304	-0.0719029	0.997078	0.025787	-0.993318	-0.0692438	-0.0923319	-0.0902766	-0.0322536	0.995394
8.76667	0.226866	0.903016	0.944846	-0.0758494	0.996571	0.0330738	-0.992628	-0.0723215	-0.0972597	-0.0945343	-0.0402071	0.994709
8.8	0.221322	0.903582	0.962421	-0.0788596	0.996102	0.039534	-0.991998	-0.074489	-0.101936	-0.0985941	-0.0472563	0.994005
8.83333	0.215719	0.903927	0.979925	-0.081939	0.995611	0.0452293	-0.991735	-0.0769564	-0.102659	-0.0987277	-0.0532673	0.993688
8.86667	0.210375	0.904294	0.997095	-0.0865288	0.995056	0.0487403	-0.991316	-0.0811342	-0.103492	-0.099026	-0.0572721	0.993435
8.9	0.205461	0.904733	1.01351	-0.0897419	0.994693	0.050312	-0.990832	-0.0840432	-0.105779	-0.100989	-0.0593435	0.993116
8.93333	0.201125	0.905155	1.02898	-0.0896444	0.994581	0.052664	-0.990991	-0.0837883	-0.104485	-0.0995064	-0.0615561	0.993131
8.96667	0.197495	0.905376	1.04347	-0.0874981	0.994469	0.0580914	-0.991429	-0.0812542	-0.102309	-0.0970232	-0.0665453	0.993055
9	0.19465	0.905328	1.05635	-0.0856226	0.993956	0.0687111	-0.991606	-0.0783077	-0.102888	-0.0968851	-0.0769439	0.992317
9.03333	0.192545	0.905211	1.06841	-0.0790456	0.993922	0.0766176	-0.992189	-0.0710014	-0.102566	-0.096503	-0.0841265	0.991771
9.06667	0.190905	0.905044	1.07979	-0.0697074	0.994237	0.0814528	-0.993031	-0.0613808	-0.100606	-0.0950261	-0.0878982	0.991587
9.1	0.189588	0.904837	1.09082	-0.0579609	0.994831	0.0833779	-0.993935	-0.0496869	-0.0980997	-0.0934499	-0.0885582	0.991678
9.13333	0.188463	0.904572	1.1018	-0.0458437	0.995314	0.0851348	-0.994725	-0.0376553	-0.0954135	-0.0917607	-0.0890599	0.99179
9.16667	0.187371	0.904397	1.113	-0.0355583	0.995495	0.0878988	-0.995415	-0.0274655	-0.0916227	-0.0887957	-0.0907537	0.991907
9.2	0.186589	0.904496	1.12433	-0.0246831	0.995574	0.0906823	-0.996046	-0.0167476	-0.0872495	-0.0853446	-0.0924773	0.992051
9.23333	0.185577	0.904528	1.13481	-0.00875243	0.996284	0.0856802	-0.996381	-0.00144474	-0.0849833	-0.0845437	-0.086114	0.992692
9.26667	0.185349	0.904577	1.14592	0.00420007	0.996284	0.0860309	-0.996741	0.0111016	-0.0799013	-0.0805595	-0.0854149	0.993083
9.3	0.185598	0.904465	1.15668	0.0170671	0.996121	0.0863237	-0.996833	0.0236592	-0.0759272	-0.077675	-0.0847544	0.99337
9.33333	0.186303	0.904265	1.16709	0.0292735	0.995722	0.0876405	-0.996747	0.0356643	-0.0722669	-0.0750834	-0.0852399	0.993527
9.36667	0.187882	0.904094	1.17788	0.0383458	0.994587	0.0965708	-0.99682	0.044829	-0.0658841	-0.0698566	-0.0937373	0.993143
9.4	0.188704	0.9035	1.18683	0.0512288	0.994317	0.0933271	-0.996186	0.0574858	-0.0656366	-0.0706285	-0.0896087	0.99347
9.43333	0.190388	0.902898	1.19662	0.0607225	0.993314	0.0981856	-0.995677	0.0672052	-0.0641225	-0.0702923	-0.0938674	0.9931
9.46667	0.192271	0.902155	1.20596	0.0703048	0.992413	0.100868	-0.994939	0.0770403	-0.0645082	-0.0717897	-0.0958219	0.992806
9.5	0.194237	0.901371	1.21563	0.0787695	0.991613	0.102464	-0.99414	0.0857686	-0.0657926	-0.074029	-0.0966811	0.992559
9.53333	0.196307	0.900533	1.22559	0.0862817	0.991082	0.101543	-0.993272	0.0934764	-0.0683614	-0.0772437	-0.0949616	0.99248
9.56667	0.198427	0.899692	1.23606	0.091239	0.990926	0.0986958	-0.992607	0.0984625	-0.0709719	-0.0800458	-0.0914907	0.992584
9.6	0.200531	0.898775	1.24755	0.0954178	0.991167	0.0921065	-0.992084	0.102277	-0.0728565	-0.0816333	-0.0844257	0.99308
9.63333	0.202665	0.897694	1.25967	0.0979661	0.991579	0.0846963	-0.991702	0.104387	-0.0750301	-0.0832395	-0.0766431	0.993578
9.66667	0.204918	0.896408	1.27285	0.0981291	0.992272	0.0759452	-0.991508	0.104027	-0.0780398	-0.085337	-0.0676423	0.994053
9.7	0.207065	0.894961	1.28742	0.0959848	0.993326	0.0639624	-0.991528	0.101065	-0.0815927	-0.0875124	-0.0555889	0.994611
9.73333	0.209394	0.893288	1.30295	0.0905523	0.994607	0.0505746	-0.991754	0.0946841	-0.0863634	-0.0906862	-0.0423372	0.994979
9.76667	0.212159	0.891623	1.32013	0.0886973	0.995552	0.0317591	-0.991616	0.0912649	-0.0914776	-0.0939692	-0.0233791	0.995301
9.8	0.215675	0.891176	1.33789	0.0972219	0.995133	0.0160843	-0.990289	0.098337	-0.0982698	-0.0993732	-0.00637413	0.99503
9.83333	0.219269	0.891983	1.35597	0.106487	0.994313	0.00141518	-0.988691	0.106036	-0.106048	-0.105595	0.00989355	0.99436
9.86667	0.223469	0.893338	1.37391	0.112069	0.993651	-0.00987738	-0.98777	0.11031	-0.110189	-0.1084	0.0221053	0.993862
9.9	0.228061	0.894433	1.39229	0.118021	0.992779	-0.0214877	-0.987051	0.114918	-0.111914	-0.108637	0.0344177	0.993486
9.93333	0.232926	0.895161	1.41079	0.124821	0.991628	-0.0330656	-0.98601	0.120265	-0.115413	-0.11047	0.047009	0.992767
9.96667	0.237952	0.895662	1.42885	0.12853	0.990822	-0.041851	-0.985398	0.122847	-0.117897	-0.111674	0.0563932	0.992144
10	0.242903	0.896053	1.44585	0.130035	0.990444	-0.0459564	-0.985096	0.123792	-0.119421	-0.112591	0.0608005	0.991779
10.0333	0.247392	0.89631	1.46179	0.129948	0.990374	-0.0476828	-0.984966	0.123419	-0.120873	-0.113825	0.0626731	0.991522
10.0667	0.25139	0.896373	1.47612	0.129713	0.990385	-0.0480781	-0.984859	0.123062	-0.122098	-0.115008	0.0631879	0.991353
10.1	0.254647	0.896256	1.48908	0.129712	0.990231	-0.0511569	-0.984716	0.122598	-0.123713	-0.116232	0.066422	0.990999
10.1333	0.257233	0.895911	1.50069	0.129645	0.989895	-0.0574429	-0.984356	0.121516	-0.12758	-0.11931	0.0730843	0.990163
10.1667	0.259467	0.895587	1.51171	0.125315	0.990116	-0.0629846	-0.984773	0.116426	-0.129102	-0.120492	0.0782038	0.989629
10.2	0.261474	0.895424	1.52218	0.116052	0.991051	-0.0659504	-0.985953	0.106916	-0.128315	-0.120116	0.0799152	0.989538
10.2333	0.263024	0.89546	1.53208	0.104497	0.99229	-0.0666464	-0.987286	0.0954316	-0.127121	-0.119781	0.0790828	0.989646
10.2667	0.264185	0.895648	1.54162	0.0915997	0.993619	-0.065811	-0.988668	0.0828519	-0.125185	-0.118933	0.0765321	0.989948
10.3	0.265137	0.895891	1.55147	0.0777815	0.994781	-0.0660435	-0.989961	0.0692237	-0.123226	-0.118011	0.0749652	0.990179
10.3333	0.265984	0.895953	1.56094	0.0632904	0.995855	-0.0653293	-0.991099	0.0550361	-0.121219	-0.117121	0.0724198	0.990474
10.3667	0.266531	0.895907	1.57074	0.0475015	0.996861	-0.063337	-0.992301	0.0398331	-0.117272	-0.114381	0.0684199	0.991078
10.4	0.266614	0.895736	1.58068	0.0303802	0.997654	-0.0613445	-0.993485	0.0233949	-0.111538	-0.109841	0.0643334	0.991865
10.4333	0.266026	0.895554	1.59061	0.0139222	0.998026	-0.0612467	-0.994474	0.00744626	-0.10472	-0.104057	0.0623662	0.992614
10.4667	0.264933	0.895339	1.60067	-0.00212542	0.998017	-0.062906	-0.995159	-0.00829156	-0.0979236	-0.098251	0.0623934	0.993204
10.5	0.263434	0.895117	1.61045	-0.016646	0.997688	-0.06589	-0.995548	-0.0226525	-0.0914891	-0.0927702	0.0640738	0.993624
10.5333	0.261783	0.894847	1.61972	-0.0260423	0.997271	-0.069086	-0.995614	-0.032087	-0.0878821	-0.089859	0.0664943	0.993732
10.5667	0.260083	0.89463	1.62852	-0.0302208	0.99693	-0.0722306	-0.995499	-0.0365137	-0.0874541	-0.089823	0.0692626	0.993546
10.6	0.258587	0.894601	1.63717	-0.031528	0.996763	-0.0739605	-0.995259	-0.0381198	-0.0894778	-0.0920075	0.0707888	0.993239
10.6333	0.257242	0.894667	1.64596	-0.0345382	0.996631	-0.074391	-0.994853	-0.0413807	-0.0924957	-0.0952624	0.0708134	0.99293
10.6667	0.256212	0.894527	1.65531	-0.0390343	0.996679	-0.0714619	-0.994553	-0.0456693	-0.0936996	-0.096652	0.0674151	0.993033
10.7	0.255276	0.894073	1.66544	-0.04358	0.99682	-0.066719	-0.994231	-0.0498245	-0.0949866	-0.0980088	0.0621946	0.99324
