0	0.911305	-0.411733	0	0.411733	0.911305	0	0	0	1
0.0333333	0.913734	-0.395033	-0.095076	0.392067	0.918637	-0.0488785	0.106649	0.00738574	0.994269
0.0666667	0.929936	-0.281861	-0.236166	0.265459	0.958998	-0.099267	0.254462	0.0296195	0.966629
0.1	0.920957	-0.188194	-0.341206	0.154678	0.980257	-0.123169	0.357649	0.0606566	0.931884
0.133333	0.900389	-0.11486	-0.419651	0.0643525	0.989073	-0.132641	0.4303	0.0924226	0.897942
0.166667	0.879003	-0.0584968	-0.473214	-0.00641217	0.990906	-0.134402	0.476773	0.121175	0.870635
0.2	0.859955	-0.0159333	-0.510121	-0.06056	0.989265	-0.13299	0.506764	0.145258	0.849759
0.233333	0.844124	0.0156864	-0.535918	-0.101209	0.986263	-0.130546	0.526508	0.164437	0.834116
0.266667	0.831442	0.0388389	-0.554253	-0.131251	0.98305	-0.128005	0.539887	0.179175	0.822447
0.3	0.821826	0.0563843	-0.566941	-0.154034	0.980022	-0.125817	0.548521	0.190728	0.814093
0.333333	0.814409	0.0690046	-0.576174	-0.170542	0.977519	-0.123987	0.554665	0.199238	0.807868
0.366667	0.808964	0.0783577	-0.582613	-0.182773	0.975483	-0.122586	0.558724	0.205653	0.803452
0.4	0.804784	0.0855171	-0.587376	-0.192141	0.97382	-0.121479	0.561609	0.210624	0.800145
0.433333	0.801588	0.090983	-0.590913	-0.199297	0.972488	-0.120617	0.563681	0.214453	0.797667
0.466667	0.798561	0.0947225	-0.594413	-0.204366	0.971544	-0.119735	0.566157	0.217093	0.795196
0.5	0.796009	0.0980562	-0.59729	-0.208857	0.97068	-0.118989	0.56811	0.219465	0.79315
0.533333	0.793704	0.100244	-0.599988	-0.211931	0.970101	-0.118275	0.570192	0.221031	0.791218
0.566667	0.792003	0.101759	-0.601977	-0.21408	0.969694	-0.117741	0.571752	0.222123	0.789785
0.6	0.790521	0.103175	-0.603682	-0.216069	0.969309	-0.117278	0.573054	0.223147	0.788552
0.633333	0.789247	0.104606	-0.605101	-0.218035	0.968916	-0.116888	0.574064	0.224187	0.787522
0.666667	0.787693	0.105407	-0.606983	-0.219298	0.968694	-0.116366	0.575715	0.224771	0.786149
0.7	0.786546	0.106338	-0.608308	-0.220638	0.968434	-0.115996	0.576771	0.225452	0.785179
0.733333	0.785359	0.107233	-0.609683	-0.221944	0.968182	-0.115608	0.577886	0.22611	0.784169
0.766667	0.784762	0.10803	-0.61031	-0.223019	0.967956	-0.115431	0.578283	0.226696	0.783708
0.8	0.784015	0.108895	-0.611115	-0.224205	0.967709	-0.115201	0.578837	0.227334	0.783114
0.833333	0.783179	0.1101	-0.611971	-0.225819	0.967363	-0.114955	0.579342	0.228225	0.782481
0.866667	0.782578	0.111204	-0.612541	-0.227265	0.967044	-0.114791	0.579588	0.229042	0.78206
0.9	0.782484	0.112052	-0.612506	-0.228308	0.966797	-0.114801	0.579305	0.22967	0.782085
0.933333	0.78212	0.112479	-0.612893	-0.228892	0.966672	-0.114688	0.579566	0.229986	0.781799
0.966667	0.781813	0.112969	-0.613193	-0.229543	0.966528	-0.114599	0.579723	0.230349	0.781576
1	0.781063	0.113325	-0.614083	-0.230113	0.966424	-0.114338	0.580507	0.230613	0.780915
1.03333	0.780113	0.114077	-0.61515	-0.231201	0.966201	-0.114023	0.581351	0.231174	0.780121
1.06667	0.779275	0.114714	-0.616093	-0.232128	0.966012	-0.113742	0.582105	0.231649	0.779418
1.1	0.778502	0.115872	-0.616854	-0.233674	0.965666	-0.113515	0.582522	0.232514	0.778849
1.13333	0.778472	0.117071	-0.616665	-0.235134	0.965305	-0.113572	0.581974	0.233411	0.77899
1.16667	0.777903	0.118713	-0.617069	-0.237229	0.964806	-0.113449	0.581884	0.234639	0.778688
1.2	0.776161	0.120065	-0.618998	-0.239188	0.964392	-0.112858	0.583406	0.235653	0.777242
1.23333	0.772427	0.121395	-0.623394	-0.241481	0.963979	-0.111493	0.587404	0.236658	0.773918
1.26667	0.769701	0.121786	-0.62668	-0.242443	0.963856	-0.110462	0.590577	0.236957	0.771408
1.3	0.768675	0.121571	-0.627981	-0.24236	0.963924	-0.110052	0.591947	0.236792	0.770408
1.33333	0.769355	0.121843	-0.627094	-0.242574	0.963838	-0.110332	0.590974	0.237001	0.77109
1.36667	0.771247	0.122511	-0.624635	-0.243056	0.963628	-0.111107	0.588304	0.237512	0.772972
1.4	0.772347	0.123159	-0.623147	-0.24365	0.963424	-0.111576	0.586613	0.238006	0.774105
1.43333	0.772709	0.123585	-0.622614	-0.244104	0.963289	-0.111745	0.585947	0.238329	0.77451
1.46667	0.771736	0.12409	-0.623719	-0.244894	0.963129	-0.111395	0.586899	0.238712	0.77367
1.5	0.770085	0.12463	-0.625649	-0.245847	0.962957	-0.110781	0.588666	0.239125	0.772199
1.53333	0.768709	0.125524	-0.627161	-0.247183	0.962671	-0.110296	0.589904	0.239809	0.771041
1.56667	0.767122	0.126485	-0.628908	-0.248638	0.962361	-0.109732	0.591357	0.240549	0.769697
1.6	0.765913	0.12733	-0.630209	-0.249884	0.962086	-0.109309	0.592397	0.241201	0.768692
1.63333	0.765152	0.127615	-0.631076	-0.250366	0.961993	-0.109026	0.593177	0.241421	0.768021
1.66667	0.764313	0.128295	-0.631954	-0.251346	0.96177	-0.108738	0.593844	0.241949	0.767339
1.7	0.763327	0.128957	-0.63301	-0.252331	0.961551	-0.10839	0.594694	0.242465	0.766518
1.73333	0.762719	0.129479	-0.633637	-0.253076	0.961379	-0.108182	0.595157	0.242871	0.76603
1.76667	0.762065	0.129831	-0.634351	-0.253621	0.961262	-0.107945	0.595763	0.243146	0.765472
1.8	0.761264	0.130258	-0.635225	-0.254285	0.961119	-0.107654	0.596504	0.243481	0.764788
1.83333	0.760334	0.130383	-0.636312	-0.254596	0.961077	-0.10729	0.597556	0.243579	0.763934
1.86667	0.759554	0.131376	-0.637038	-0.255954	0.960744	-0.107046	0.597967	0.24436	0.763363
1.9	0.758567	0.132643	-0.637951	-0.257686	0.960315	-0.106737	0.598476	0.245359	0.762644
1.93333	0.757348	0.133571	-0.639205	-0.259038	0.959999	-0.10631	0.599436	0.246092	0.761653
1.96667	0.756248	0.134455	-0.640321	-0.260315	0.959695	-0.105927	0.600271	0.246792	0.760768
2	0.755184	0.135257	-0.641407	-0.261485	0.959419	-0.105552	0.601101	0.24743	0.759905
2.03333	0.754142	0.135769	-0.642523	-0.262293	0.959241	-0.105165	0.602056	0.247838	0.759016
2.06667	0.753241	0.136541	-0.643416	-0.2634	0.958971	-0.104853	0.602701	0.248456	0.758302
2.1	0.752344	0.137367	-0.644289	-0.264572	0.958682	-0.104547	0.603308	0.249116	0.757602
2.13333	0.751433	0.138364	-0.645139	-0.265961	0.95833	-0.104248	0.603832	0.249917	0.75692
2.16667	0.75046	0.139412	-0.646045	-0.267424	0.957958	-0.103926	0.604395	0.25076	0.756191
2.2	0.749449	0.140706	-0.646937	-0.269201	0.957495	-0.103606	0.604861	0.251804	0.755472
2.23333	0.748206	0.141873	-0.64812	-0.270856	0.957074	-0.10318	0.605661	0.252747	0.754516
2.26667	0.746644	0.142542	-0.649772	-0.27194	0.956831	-0.10258	0.6071	0.25329	0.753175
2.3	0.745385	0.143486	-0.651009	-0.27332	0.956486	-0.102128	0.608027	0.254059	0.752169
2.33333	0.74392	0.144532	-0.652452	-0.274861	0.956101	-0.101597	0.609126	0.254913	0.750989
2.36667	0.741917	0.14559	-0.654494	-0.276501	0.955709	-0.100839	0.610825	0.255782	0.749312
2.4	0.739593	0.146226	-0.656978	-0.277657	0.955471	-0.0999105	0.613114	0.256308	0.74726
2.43333	0.735842	0.146411	-0.661136	-0.278456	0.955401	-0.0983438	0.617251	0.256463	0.743793
2.46667	0.730567	0.146178	-0.667011	-0.278932	0.955489	-0.0961113	0.623272	0.256267	0.738823
2.5	0.724239	0.144311	-0.674279	-0.277427	0.956203	-0.0933327	0.631279	0.254658	0.732555
2.53333	0.717748	0.142426	-0.681581	-0.275857	0.956926	-0.0905314	0.639328	0.252998	0.726121
2.56667	0.709653	0.141157	-0.690266	-0.275236	0.957416	-0.087178	0.648566	0.251852	0.718285
2.6	0.701354	0.141501	-0.698627	-0.276714	0.957282	-0.0839042	0.656911	0.252167	0.710549
2.63333	0.699501	0.141166	-0.70055	-0.276484	0.957415	-0.0831441	0.65898	0.25185	0.708743
2.66667	0.707678	0.138771	-0.692773	-0.27229	0.958348	-0.08618	0.651958	0.249623	0.715988
2.7	0.721303	0.136609	-0.679014	-0.267685	0.959163	-0.0913849	0.638801	0.247678	0.728416
2.73333	0.735475	0.135531	-0.663858	-0.26431	0.959555	-0.0969255	0.623872	0.246751	0.741551
2.76667	0.748266	0.135742	-0.649363	-0.262643	0.959478	-0.102078	0.609193	0.246932	0.753597
2.8	0.757812	0.135205	-0.638311	-0.260435	0.959664	-0.105919	0.598243	0.246505	0.762457
2.83333	0.763457	0.133312	-0.631951	-0.257151	0.960308	-0.108083	0.592459	0.245024	0.767435
2.86667	0.766006	0.130509	-0.629446	-0.253274	0.961244	-0.108919	0.590837	0.242854	0.769372
2.9	0.766714	0.127142	-0.629273	-0.249023	0.962347	-0.108975	0.591724	0.240257	0.769506
2.93333	0.767125	0.124141	-0.629371	-0.24527	0.963314	-0.108944	0.592758	0.237939	0.76943
2.96667	0.766787	0.122982	-0.630011	-0.243905	0.963684	-0.10874	0.593758	0.237043	0.768936
3	0.765591	0.122929	-0.631474	-0.244045	0.963701	-0.108273	0.595242	0.237001	0.7678
3.03333	0.763007	0.124797	-0.634228	-0.246789	0.963101	-0.107389	0.597424	0.238459	0.765651
3.06667	0.763286	0.126846	-0.633486	-0.249269	0.962435	-0.10763	0.596036	0.240061	0.766232
3.1	0.766197	0.129025	-0.629519	-0.251449	0.961721	-0.10893	0.591367	0.241754	0.769311
3.13333	0.769297	0.131475	-0.625217	-0.253903	0.960915	-0.110347	0.586272	0.243634	0.772611
3.16667	0.769235	0.134691	-0.624609	-0.257831	0.959845	-0.11055	0.584638	0.246082	0.773073
3.2	0.765871	0.136893	-0.628253	-0.261106	0.9591	-0.109318	0.587593	0.247765	0.77029
3.23333	0.759833	0.138202	-0.635259	-0.263746	0.958649	-0.10691	0.594215	0.248781	0.764864
3.26667	0.75172	0.138352	-0.644807	-0.265268	0.958596	-0.103571	0.60378	0.248903	0.757296
3.3	0.743657	0.137714	-0.654225	-0.265735	0.958822	-0.100229	0.613482	0.248387	0.749629
3.33333	0.736532	0.13571	-0.662649	-0.264262	0.959539	-0.097214	0.622645	0.246714	0.742594
3.36667	0.730798	0.132502	-0.66961	-0.260974	0.960687	-0.0947221	0.630735	0.243974	0.736648
3.4	0.725735	0.128758	-0.675818	-0.25683	0.962018	-0.0925146	0.638237	0.240711	0.73124
3.43333	0.721911	0.126008	-0.680416	-0.253755	0.962988	-0.0908919	0.64378	0.238275	0.727168
3.46667	0.719373	0.123705	-0.683519	-0.251065	0.963795	-0.0898043	0.647664	0.23621	0.724387
3.5	0.718607	0.12221	-0.684593	-0.249194	0.964315	-0.0894306	0.649235	0.234862	0.723418
3.53333	0.719074	0.121099	-0.684301	-0.247667	0.964699	-0.0895317	0.649303	0.233859	0.723682
3.56667	0.720521	0.120349	-0.68291	-0.246489	0.964957	-0.0900094	0.648146	0.233183	0.724936
3.6	0.723608	0.120062	-0.679688	-0.245701	0.965055	-0.0911071	0.644998	0.232926	0.727821
3.63333	0.726791	0.120662	-0.676177	-0.246054	0.964852	-0.0922967	0.641274	0.233457	0.730935
3.66667	0.729315	0.120985	-0.673396	-0.246127	0.964743	-0.0932363	0.638374	0.233739	0.733379
3.7	0.730816	0.122221	-0.671544	-0.247522	0.964325	-0.0938623	0.636114	0.234818	0.734996
3.73333	0.731454	0.124211	-0.670482	-0.250009	0.963648	-0.0942232	0.634405	0.236547	0.735918
3.76667	0.732114	0.126828	-0.669271	-0.253297	0.962748	-0.0946392	0.632337	0.238811	0.736966
3.8	0.733354	0.128961	-0.667503	-0.25587	0.962007	-0.0952532	0.629859	0.240648	0.738489
3.83333	0.734993	0.130371	-0.665423	-0.257445	0.961514	-0.0959797	0.627301	0.241855	0.74027
3.86667	0.737254	0.132206	-0.662554	-0.259465	0.96087	-0.0969864	0.623807	0.243413	0.742708
3.9	0.739112	0.134922	-0.659932	-0.262651	0.95991	-0.0979135	0.620264	0.245701	0.744918
3.93333	0.740005	0.138998	-0.658082	-0.267693	0.958448	-0.0985764	0.617036	0.249111	0.746465
3.96667	0.740605	0.144522	-0.656215	-0.274587	0.956425	-0.09926	0.613276	0.2537	0.748017
4	0.739087	0.152699	-0.656074	-0.285121	0.953332	-0.099313	0.610292	0.260462	0.748134
4.03333	0.735829	0.162673	-0.657337	-0.298158	0.949388	-0.0988133	0.607994	0.2687	0.74709
4.06667	0.73156	0.17165	-0.659815	-0.310084	0.945667	-0.0977872	0.60718	0.276135	0.745038
4.1	0.723697	0.17763	-0.666866	-0.318781	0.943081	-0.0947436	0.61208	0.28115	0.73913
4.13333	0.713782	0.182045	-0.676295	-0.325787	0.9411	-0.0905203	0.619983	0.28494	0.731048
4.16667	0.702461	0.185294	-0.687179	-0.331456	0.939591	-0.0854722	0.629829	0.28781	0.721443
4.2	0.691418	0.186762	-0.697898	-0.33471	0.938889	-0.0803495	0.640243	0.289148	0.711676
4.23333	0.683267	0.185779	-0.70614	-0.334306	0.939368	-0.0763383	0.649143	0.288226	0.703946
4.26667	0.675999	0.183786	-0.713616	-0.33237	0.940345	-0.072672	0.657689	0.286311	0.696757
4.3	0.665025	0.182777	-0.724109	-0.33205	0.940845	-0.0674721	0.668942	0.285311	0.686377
4.33333	0.654988	0.18017	-0.733846	-0.329287	0.942153	-0.0625908	0.680118	0.282642	0.676427
4.36667	0.651223	0.176458	-0.738086	-0.324325	0.944011	-0.0604658	0.686092	0.278756	0.671991
4.4	0.649031	0.172201	-0.741017	-0.318404	0.946116	-0.0590162	0.690925	0.274246	0.668888
4.43333	0.650256	0.168376	-0.740821	-0.312811	0.947974	-0.0591115	0.692327	0.270174	0.669096
4.46667	0.656372	0.164692	-0.736242	-0.307041	0.949721	-0.0612854	0.689131	0.266282	0.673938
4.5	0.667635	0.161639	-0.72673	-0.301748	0.951124	-0.0656619	0.680597	0.263128	0.683777
4.53333	0.682592	0.158874	-0.713322	-0.29649	0.952348	-0.0716063	0.667954	0.260371	0.697169
4.56667	0.697641	0.156607	-0.699122	-0.291828	0.953313	-0.0776616	0.65432	0.258203	0.710772
4.6	0.708822	0.153651	-0.688449	-0.286605	0.954529	-0.0820517	0.644537	0.255473	0.720628
4.63333	0.718392	0.150046	-0.679263	-0.280701	0.955961	-0.0857036	0.63649	0.252239	0.728873
4.66667	0.725943	0.14702	-0.671857	-0.2758	0.957127	-0.0885577	0.630033	0.249586	0.735367
4.7	0.733096	0.14464	-0.664567	-0.271778	0.95802	-0.0912951	0.623463	0.247542	0.741631
4.73333	0.740093	0.142788	-0.657171	-0.268439	0.958699	-0.094008	0.616606	0.245985	0.747856
4.76667	0.746049	0.142467	-0.650473	-0.267167	0.958814	-0.0964222	0.609945	0.24572	0.753384
4.8	0.751135	0.14328	-0.644412	-0.267418	0.958524	-0.0985857	0.603559	0.246379	0.758296
4.83333	0.753654	0.145656	-0.640929	-0.269985	0.957675	-0.0998295	0.599262	0.248278	0.76108
4.86667	0.756137	0.148492	-0.637343	-0.273104	0.956655	-0.101121	0.594702	0.250522	0.763916
4.9	0.760216	0.150422	-0.632016	-0.274822	0.955957	-0.103047	0.58868	0.25203	0.768073
4.93333	0.764082	0.151509	-0.627075	-0.275512	0.955564	-0.104831	0.583328	0.252867	0.771873
4.96667	0.765811	0.152128	-0.624812	-0.275974	0.955341	-0.105647	0.580837	0.253337	0.773595
5	0.767095	0.152048	-0.623255	-0.275657	0.955371	-0.106206	0.579291	0.253275	0.774773
5.03333	0.765713	0.151058	-0.625192	-0.274692	0.955726	-0.105512	0.581573	0.252527	0.773306
5.06667	0.759903	0.1504	-0.632398	-0.274854	0.955962	-0.102919	0.58907	0.252026	0.767776
5.1	0.752981	0.150103	-0.640694	-0.275592	0.956069	-0.0999022	0.597552	0.251795	0.761269
5.13333	0.74598	0.149032	-0.649078	-0.275326	0.956463	-0.0968206	0.60639	0.250934	0.754535
5.16667	0.735484	0.146765	-0.661455	-0.273977	0.957303	-0.0922323	0.619677	0.249059	0.744292
5.2	0.724263	0.143577	-0.67441	-0.271387	0.958494	-0.0873919	0.633871	0.246321	0.733167
5.23333	0.71403	0.140612	-0.685849	-0.268788	0.959608	-0.0830942	0.646462	0.24368	0.722984
5.26667	0.706925	0.138161	-0.693663	-0.266372	0.960532	-0.0801495	0.655212	0.241432	0.715827
5.3	0.704225	0.136497	-0.696732	-0.264451	0.961158	-0.0789944	0.658888	0.239881	0.712968
5.33333	0.706116	0.135105	-0.695088	-0.262368	0.961678	-0.0796089	0.657696	0.238582	0.714503
5.36667	0.710859	0.133835	-0.690484	-0.260122	0.962146	-0.0813066	0.653465	0.237407	0.718764
5.4	0.716832	0.13279	-0.684484	-0.258019	0.962526	-0.0834835	0.647748	0.236454	0.724232
5.43333	0.723036	0.132174	-0.678048	-0.256438	0.962747	-0.0857818	0.641451	0.235901	0.729994
5.46667	0.728781	0.132916	-0.671723	-0.256665	0.962484	-0.0880165	0.634824	0.236552	0.735555
5.5	0.733562	0.134232	-0.666235	-0.257728	0.962022	-0.0899463	0.628859	0.237688	0.740298
5.53333	0.736922	0.13628	-0.662098	-0.259895	0.961301	-0.0914019	0.624019	0.239432	0.743822
5.56667	0.74048	0.138996	-0.657548	-0.262861	0.96034	-0.0930113	0.618542	0.241717	0.747649
5.6	0.744657	0.140822	-0.652423	-0.264573	0.959692	-0.094831	0.612771	0.24323	0.751899
5.63333	0.747632	0.142531	-0.648638	-0.266284	0.959084	-0.0961765	0.60839	0.244627	0.754996
5.66667	0.751411	0.144712	-0.64377	-0.268443	0.958307	-0.097912	0.60276	0.246388	0.758929
5.7	0.754774	0.148794	-0.638887	-0.272993	0.956839	-0.0996666	0.596482	0.249637	0.762817
5.73333	0.757631	0.153984	-0.634258	-0.278937	0.954946	-0.101356	0.590075	0.253708	0.766449
5.76667	0.761204	0.16041	-0.62836	-0.286212	0.952554	-0.103551	0.581937	0.258668	0.771
5.8	0.760302	0.16973	-0.627003	-0.297675	0.948978	-0.104071	0.577348	0.265769	0.772034
5.83333	0.755442	0.180488	-0.629866	-0.311506	0.944654	-0.10292	0.57643	0.273957	0.769855
5.86667	0.747135	0.190498	-0.636789	-0.324999	0.940414	-0.0999889	0.579797	0.281661	0.764528
5.9	0.737231	0.197667	-0.646079	-0.335298	0.937222	-0.0958614	0.586571	0.287301	0.757227
5.93333	0.726281	0.202724	-0.656825	-0.343142	0.934876	-0.0908853	0.595625	0.291392	0.748546
5.96667	0.714475	0.207091	-0.66831	-0.35021	0.932773	-0.0853608	0.605705	0.295037	0.738969
6	0.704726	0.210552	-0.677516	-0.355833	0.931052	-0.08078	0.613795	0.29801	0.731058
6.03333	0.698589	0.212056	-0.683378	-0.35849	0.930287	-0.077795	0.619241	0.299331	0.725908
6.06667	0.695182	0.211913	-0.686887	-0.358685	0.93036	-0.0759891	0.62295	0.299203	0.72278
6.1	0.689679	0.211576	-0.692516	-0.358837	0.930536	-0.0730722	0.628951	0.298897	0.717692
6.13333	0.679121	0.210618	-0.70316	-0.358627	0.931038	-0.0674918	0.640454	0.298007	0.707821
6.16667	0.668161	0.207859	-0.714392	-0.355885	0.932502	-0.0615337	0.653382	0.295355	0.697035
6.2	0.660065	0.203966	-0.722989	-0.351178	0.934575	-0.0569561	0.66407	0.291492	0.688508
6.23333	0.656023	0.200159	-0.727715	-0.346165	0.936592	-0.0544512	0.670674	0.287631	0.683714
6.26667	0.656874	0.196456	-0.727957	-0.340897	0.93853	-0.0543252	0.672537	0.283843	0.683467
6.3	0.663026	0.193136	-0.723253	-0.335777	0.940231	-0.0567381	0.669067	0.28047	0.688249
6.33333	0.674232	0.189601	-0.713767	-0.329963	0.941991	-0.0614622	0.660708	0.276956	0.697682
6.36667	0.687917	0.185677	-0.701637	-0.323387	0.943872	-0.0672818	0.649763	0.273184	0.709351
6.4	0.700394	0.181604	-0.690267	-0.316699	0.945749	-0.072526	0.639649	0.269404	0.719911
6.43333	0.70941	0.177181	-0.682161	-0.309905	0.947715	-0.0761297	0.633005	0.265412	0.727228
6.46667	0.715947	0.172862	-0.676416	-0.303533	0.949573	-0.0786025	0.62872	0.26159	0.732313
6.5	0.72278	0.168596	-0.670197	-0.297206	0.951354	-0.0812001	0.623905	0.257877	0.737728
6.53333	0.729713	0.165217	-0.663493	-0.292015	0.952725	-0.0839205	0.618261	0.254988	0.743461
6.56667	0.736618	0.162796	-0.656423	-0.288045	0.953682	-0.086718	0.611902	0.252958	0.749392
6.6	0.743551	0.161355	-0.648919	-0.285295	0.95424	-0.0896257	0.604763	0.251774	0.75556
6.63333	0.749756	0.160588	-0.641933	-0.283463	0.954532	-0.0922873	0.597925	0.251157	0.761187
6.66667	0.75401	0.160806	-0.636875	-0.283114	0.95445	-0.0941934	0.592718	0.251331	0.765191
6.7	0.756931	0.161828	-0.633141	-0.283935	0.954066	-0.0955952	0.588588	0.25213	0.768111
6.73333	0.758469	0.163115	-0.630966	-0.28528	0.953583	-0.0964126	0.585952	0.253128	0.769797
6.76667	0.761151	0.163771	-0.627557	-0.285669	0.953336	-0.097694	0.582273	0.253633	0.772417
6.8	0.762948	0.165205	-0.624994	-0.287132	0.952797	-0.0986568	0.579194	0.254726	0.77437
6.83333	0.763103	0.167675	-0.624147	-0.290105	0.951863	-0.0989774	0.577506	0.256598	0.775013
6.86667	0.76111	0.170107	-0.62592	-0.293371	0.950932	-0.0982991	0.578486	0.258443	0.773668
6.9	0.756404	0.171721	-0.631161	-0.296067	0.950304	-0.0962651	0.583264	0.259681	0.769655
6.93333	0.750235	0.171214	-0.638618	-0.296367	0.950503	-0.0933349	0.591028	0.259288	0.763843
6.96667	0.742411	0.168655	-0.648369	-0.294301	0.951515	-0.0894775	0.601842	0.257245	0.75605
7	0.733828	0.164795	-0.659044	-0.290585	0.953044	-0.0852478	0.614049	0.254065	0.747258
7.03333	0.72422	0.160578	-0.670611	-0.286381	0.954714	-0.0806691	0.627288	0.250473	0.737409
7.06667	0.714207	0.157081	-0.68208	-0.282984	0.956099	-0.0761257	0.640178	0.247387	0.727304
7.1	0.705576	0.153462	-0.691818	-0.279121	0.957533	-0.0722673	0.651348	0.244091	0.718446
7.13333	0.699021	0.150517	-0.699081	-0.275833	0.958697	-0.0693956	0.659761	0.241339	0.711667
7.16667	0.694862	0.147904	-0.703769	-0.272696	0.959726	-0.0675496	0.665435	0.238853	0.70721
7.2	0.694227	0.144822	-0.705036	-0.268558	0.960927	-0.0670562	0.667776	0.235895	0.705995
7.23333	0.696391	0.141396	-0.703596	-0.263681	0.962238	-0.0676072	0.667467	0.232606	0.707377
7.26667	0.701033	0.138652	-0.69952	-0.259499	0.963266	-0.0691315	0.664239	0.229989	0.711261
7.3	0.705129	0.136678	-0.695781	-0.256421	0.96399	-0.0705025	0.66109	0.228127	0.714785
7.33333	0.711699	0.136939	-0.689008	-0.25609	0.963896	-0.0729512	0.654142	0.228367	0.721073
7.36667	0.719698	0.139103	-0.68021	-0.258086	0.963119	-0.0761109	0.644536	0.230329	0.729055
7.4	0.728076	0.142122	-0.670601	-0.261067	0.962037	-0.0795562	0.633837	0.232995	0.73754
7.43333	0.736041	0.145742	-0.661063	-0.264762	0.960737	-0.0829818	0.623013	0.236102	0.745728
7.46667	0.74389	0.14905	-0.651469	-0.267956	0.959546	-0.0864339	0.612232	0.238862	0.753735
7.5	0.751819	0.151237	-0.641791	-0.269618	0.958761	-0.0899107	0.601726	0.240635	0.761591
7.53333	0.758453	0.153016	-0.63351	-0.270873	0.958125	-0.0928729	0.592771	0.24204	0.76814
7.56667	0.762464	0.155722	-0.628012	-0.273601	0.957156	-0.0948409	0.586337	0.244138	0.772403
7.6	0.764121	0.158871	-0.625203	-0.277197	0.95602	-0.0958547	0.582478	0.246549	0.774554
7.63333	0.762564	0.163459	-0.625921	-0.283028	0.954336	-0.0955912	0.581714	0.250048	0.774006
7.66667	0.759622	0.168339	-0.628201	-0.289427	0.952501	-0.0947337	0.582415	0.25378	0.772262
7.7	0.756237	0.172967	-0.631022	-0.295587	0.950715	-0.0936447	0.583725	0.25734	0.770092
7.73333	0.751186	0.179254	-0.635285	-0.304032	0.948214	-0.0919483	0.585904	0.262217	0.766784
7.76667	0.743531	0.186947	-0.642037	-0.314594	0.94503	-0.0891525	0.590078	0.268269	0.761472
7.8	0.735136	0.194629	-0.64938	-0.325265	0.941706	-0.0859758	0.594792	0.274424	0.755589
7.83333	0.726838	0.199526	-0.657187	-0.332468	0.939502	-0.0824659	0.600975	0.278433	0.749202
7.86667	0.718266	0.202834	-0.665547	-0.337701	0.937967	-0.0785931	0.608319	0.281206	0.742206
7.9	0.709312	0.206182	-0.674067	-0.343012	0.936369	-0.0745331	0.615808	0.284081	0.7349
7.93333	0.700841	0.208926	-0.682035	-0.347475	0.935025	-0.0706321	0.622963	0.286492	0.727901
7.96667	0.693626	0.210053	-0.689029	-0.349677	0.934462	-0.0671356	0.629769	0.287504	0.721618
8	0.688426	0.21036	-0.694131	-0.350578	0.934306	-0.06455	0.634953	0.287785	0.716948
8.03333	0.6846	0.208759	-0.698386	-0.348791	0.935122	-0.0623826	0.640053	0.286298	0.712997
8.06667	0.681573	0.206068	-0.702135	-0.345441	0.93649	-0.0604772	0.64508	0.283766	0.709471
8.1	0.672737	0.204128	-0.711165	-0.343531	0.937477	-0.0558819	0.655294	0.281901	0.7008
8.13333	0.661706	0.200758	-0.722386	-0.33968	0.939204	-0.0501338	0.668403	0.278554	0.689671
8.16667	0.6533	0.196493	-0.731156	-0.334217	0.941391	-0.0456359	0.679337	0.274178	0.680682
8.2	0.649879	0.19226	-0.735318	-0.328377	0.943544	-0.0435186	0.685438	0.269743	0.676323
8.23333	0.650946	0.188648	-0.73531	-0.323132	0.945352	-0.0435228	0.686917	0.265934	0.676332
8.26667	0.655903	0.185714	-0.731643	-0.318635	0.946793	-0.0453238	0.684298	0.262855	0.680179
8.3	0.664827	0.182548	-0.724349	-0.313573	0.948309	-0.0488157	0.677995	0.25959	0.687703
8.33333	0.676078	0.179188	-0.71471	-0.308082	0.949866	-0.0532843	0.669331	0.256214	0.697388
8.36667	0.686532	0.176719	-0.705297	-0.303872	0.950975	-0.057512	0.660556	0.253804	0.706575
8.4	0.695413	0.173637	-0.697317	-0.298945	0.952319	-0.0609934	0.653478	0.250875	0.714163
8.43333	0.703832	0.171932	-0.689246	-0.2959	0.953044	-0.0644259	0.645805	0.249293	0.721657
8.46667	0.713129	0.170493	-0.679984	-0.293097	0.953642	-0.0682764	0.63682	0.247992	0.730041
8.5	0.722426	0.16792	-0.670749	-0.288773	0.954685	-0.0720189	0.62826	0.245723	0.73818
8.53333	0.730417	0.166085	-0.662501	-0.285523	0.955411	-0.0752774	0.620458	0.244143	0.745269
8.56667	0.736091	0.165595	-0.656314	-0.284238	0.955602	-0.0776796	0.614312	0.243729	0.750478
8.6	0.739646	0.166249	-0.652139	-0.284642	0.955349	-0.0792894	0.609838	0.244272	0.753942
8.63333	0.743666	0.167552	-0.647215	-0.285788	0.954848	-0.0811844	0.604389	0.24534	0.757972
8.66667	0.749586	0.167476	-0.640369	-0.284936	0.954876	-0.0838026	0.597438	0.245281	0.763482
8.7	0.755161	0.16772	-0.63372	-0.284494	0.954784	-0.0863188	0.590589	0.245474	0.768731
8.73333	0.758275	0.167869	-0.629951	-0.284247	0.954728	-0.0877348	0.586704	0.245589	0.771663
8.76667	0.759707	0.1682	-0.628135	-0.284453	0.954604	-0.088415	0.584749	0.245844	0.773065
8.8	0.758275	0.169142	-0.629611	-0.285809	0.95425	-0.0878605	0.585946	0.246571	0.771926
8.83333	0.753301	0.170175	-0.635278	-0.287764	0.953858	-0.0857102	0.591379	0.247376	0.767513
8.86667	0.748112	0.171426	-0.641047	-0.290003	0.953377	-0.0834892	0.596848	0.248365	0.762947
8.9	0.744239	0.171553	-0.645506	-0.290658	0.953328	-0.081754	0.601354	0.248466	0.759367
8.93333	0.741744	0.170662	-0.648606	-0.289853	0.953676	-0.0805424	0.604815	0.247742	0.75685
8.96667	0.740265	0.168886	-0.650757	-0.287798	0.954369	-0.0797038	0.607601	0.246289	0.755091
9	0.739104	0.166659	-0.652649	-0.285127	0.955231	-0.0789708	0.610269	0.244455	0.753534
9.03333	0.738019	0.164404	-0.654446	-0.2824	0.956097	-0.07828	0.612844	0.242588	0.752046
9.06667	0.73789	0.161472	-0.655321	-0.278692	0.957212	-0.0779475	0.614695	0.240149	0.751318
9.1	0.738554	0.158259	-0.655357	-0.274527	0.958416	-0.0779345	0.615771	0.237472	0.751288
9.13333	0.739431	0.155834	-0.654948	-0.271338	0.959311	-0.0780855	0.616131	0.235451	0.751628
9.16667	0.739942	0.153735	-0.654868	-0.268606	0.960078	-0.078115	0.616715	0.233702	0.751696
9.2	0.739074	0.151821	-0.656293	-0.266269	0.96077	-0.0775994	0.618765	0.232102	0.750505
9.23333	0.737821	0.149912	-0.658139	-0.263978	0.961455	-0.0769365	0.621237	0.230499	0.748956
9.26667	0.736125	0.147907	-0.660488	-0.261606	0.96217	-0.076099	0.624246	0.228806	0.746971
9.3	0.734751	0.1469	-0.662239	-0.260468	0.962528	-0.0754776	0.626336	0.22795	0.745481
9.33333	0.733914	0.146189	-0.663324	-0.259647	0.962779	-0.0750939	0.627657	0.227343	0.744555
9.36667	0.7341	0.146348	-0.663084	-0.259832	0.962723	-0.0751788	0.627364	0.227479	0.74476
9.4	0.736261	0.146769	-0.660589	-0.260126	0.962574	-0.0760604	0.624703	0.227837	0.746885
9.43333	0.739627	0.147693	-0.656611	-0.260916	0.962249	-0.0774637	0.620382	0.228615	0.750241
9.46667	0.744204	0.148822	-0.651162	-0.261803	0.961851	-0.0793815	0.614508	0.229552	0.754775
9.5	0.748271	0.149144	-0.646411	-0.261705	0.961739	-0.0810467	0.609591	0.229814	0.758673
9.53333	0.753724	0.150883	-0.639637	-0.263188	0.961132	-0.0834117	0.60219	0.231214	0.764138
9.56667	0.758442	0.15289	-0.633554	-0.265058	0.960431	-0.0855348	0.595407	0.232802	0.768956
9.6	0.762174	0.154792	-0.628594	-0.266895	0.959766	-0.0872685	0.589795	0.234282	0.772822
9.63333	0.76409	0.156366	-0.625872	-0.268561	0.959214	-0.0882228	0.586551	0.235495	0.77492
9.66667	0.765135	0.159093	-0.623905	-0.271753	0.958251	-0.0889176	0.583711	0.237582	0.776425
9.7	0.765478	0.162014	-0.622732	-0.275271	0.957207	-0.0893369	0.58161	0.239806	0.777318
9.73333	0.764888	0.165607	-0.622512	-0.279737	0.955904	-0.089417	0.580253	0.242534	0.777486
9.76667	0.764663	0.169431	-0.621759	-0.284425	0.954493	-0.0896949	0.578268	0.24543	0.778056
9.8	0.766258	0.173662	-0.61862	-0.289328	0.952907	-0.0908727	0.573706	0.248616	0.780418
9.83333	0.765448	0.179947	-0.617826	-0.297044	0.950501	-0.091177	0.570837	0.253312	0.781011
9.86667	0.761775	0.18835	-0.619857	-0.307727	0.947173	-0.0903724	0.57009	0.25959	0.779494
9.9	0.756309	0.194569	-0.624612	-0.316035	0.944618	-0.0884185	0.572817	0.264271	0.775914
9.93333	0.749863	0.198107	-0.631236	-0.321238	0.94312	-0.0856182	0.57837	0.266979	0.77085
9.96667	0.74215	0.200375	-0.63958	-0.325044	0.942136	-0.0820078	0.586139	0.268754	0.764338
10	0.733001	0.203106	-0.649197	-0.329574	0.940923	-0.0777433	0.595055	0.270945	0.756637
10.0333	0.722988	0.205806	-0.659494	-0.33413	0.939692	-0.0730522	0.604687	0.273173	0.748152
10.0667	0.712574	0.208292	-0.669965	-0.338414	0.938526	-0.0681497	0.614584	0.275287	0.739259
10.1	0.701807	0.208905	-0.681048	-0.340257	0.938231	-0.0628344	0.625853	0.275829	0.729538
10.1333	0.690369	0.206573	-0.693338	-0.338171	0.939366	-0.056848	0.639555	0.273713	0.718366
10.1667	0.679903	0.202391	-0.704819	-0.333338	0.941415	-0.0512242	0.65316	0.26977	0.707535
10.2	0.667064	0.196804	-0.718536	-0.326495	0.94415	-0.0445079	0.669647	0.264288	0.694064
10.2333	0.649152	0.190287	-0.736473	-0.318226	0.947342	-0.0357243	0.690894	0.257555	0.675523
10.2667	0.629668	0.184929	-0.754533	-0.31116	0.949979	-0.026836	0.711827	0.251678	0.655713
10.3	0.614551	0.181455	-0.767725	-0.306345	0.951704	-0.020285	0.726966	0.247655	0.640459
10.3333	0.60701	0.178671	-0.774349	-0.302202	0.953093	-0.0169812	0.734992	0.244317	0.632531
10.3667	0.605942	0.176127	-0.775767	-0.298239	0.954353	-0.0162783	0.737488	0.241227	0.63081
10.4	0.610294	0.173489	-0.772944	-0.29402	0.955636	-0.0176544	0.735591	0.238035	0.634228
10.4333	0.622631	0.171543	-0.763481	-0.290701	0.956558	-0.0221466	0.726514	0.235734	0.64545
10.4667	0.639487	0.170736	-0.749604	-0.288924	0.956927	-0.028524	0.712446	0.234819	0.661272
10.5	0.657988	0.169127	-0.73379	-0.285773	0.957638	-0.0355313	0.696696	0.233077	0.678446
10.5333	0.676114	0.168623	-0.717242	-0.284083	0.957853	-0.0426022	0.679829	0.23256	0.69552
10.5667	0.691882	0.168505	-0.702073	-0.282905	0.957901	-0.0488919	0.664278	0.232447	0.710425
10.6	0.704568	0.169495	-0.689097	-0.283309	0.957498	-0.0541567	0.65063	0.233385	0.722642
10.6333	0.713	0.171233	-0.679934	-0.284934	0.956801	-0.0578329	0.640659	0.234971	0.730989
10.6667	0.719333	0.1723	-0.672958	-0.285785	0.956375	-0.0606152	0.633156	0.235924	0.737193
10.7	0.725984	0.172468	-0.665734	-0.285389	0.956308	-0.0634723	0.6257	0.236073	0.743485
10.7333	0.733526	0.170613	-0.657899	-0.28226	0.957029	-0.0665206	0.618279	0.234493	0.750162
10.7667	0.743572	0.168829	-0.646991	-0.278936	0.957706	-0.0706655	0.607697	0.233014	0.759216
10.8	0.752451	0.167668	-0.636949	-0.276475	0.958137	-0.0743934	0.597812	0.232078	0.767308
10.8333	0.759897	0.167305	-0.628145	-0.275129	0.95827	-0.0776041	0.588949	0.231792	0.774217
10.8667	0.76343	0.16661	-0.624032	-0.273831	0.958521	-0.0790853	0.584971	0.231255	0.777386
10.9	0.765528	0.166152	-0.621579	-0.273002	0.958685	-0.0799625	0.582612	0.230906	0.77926
10.9333	0.767807	0.16559	-0.618912	-0.272019	0.958884	-0.0809104	0.580067	0.230479	0.781282
10.9667	0.769289	0.165998	-0.616959	-0.272321	0.95874	-0.0816019	0.577958	0.230786	0.782753
11	0.767374	0.166212	-0.619283	-0.272834	0.958664	-0.0807777	0.580258	0.230948	0.781002
11.0333	0.764728	0.166801	-0.622389	-0.273896	0.958454	-0.0796695	0.583242	0.231396	0.778643
11.0667	0.760978	0.166632	-0.627014	-0.274163	0.958514	-0.0780088	0.588003	0.231267	0.775092
11.1	0.755521	0.165698	-0.633823	-0.273671	0.958852	-0.0755497	0.595224	0.230539	0.76978
11.1333	0.749576	0.164929	-0.641041	-0.273405	0.959131	-0.0729266	0.602815	0.229928	0.764034
11.1667	0.744055	0.163107	-0.647903	-0.271723	0.959796	-0.0704231	0.610368	0.228449	0.75846
11.2	0.74144	0.162251	-0.651107	-0.270919	0.960108	-0.0692529	0.613897	0.227744	0.75582
11.2333	0.737201	0.160358	-0.656368	-0.268946	0.960799	-0.0673328	0.619841	0.226165	0.75143
11.2667	0.733092	0.158352	-0.661438	-0.266781	0.96153	-0.0654858	0.625622	0.224467	0.747135
11.3	0.730086	0.156029	-0.665304	-0.264069	0.962373	-0.0640833	0.630272	0.222472	0.743817
11.3333	0.728235	0.152166	-0.66822	-0.259221	0.963759	-0.063037	0.634411	0.219122	0.741288
11.3667	0.729262	0.1487	-0.667881	-0.254606	0.96498	-0.0631576	0.635101	0.216105	0.741583
11.4	0.732338	0.146167	-0.665068	-0.251016	0.965856	-0.0641315	0.632987	0.213909	0.744024
11.4333	0.736385	0.144101	-0.661039	-0.247942	0.966558	-0.0655011	0.629493	0.212134	0.747487
11.4667	0.740113	0.14259	-0.657192	-0.245619	0.967063	-0.0667871	0.626023	0.210849	0.750758
