0	0.954871	0.0513619	0.292546	-0.0408896	0.998289	-0.0418043	-0.294192	0.0279556	0.955337
0.0333333	0.295921	0.777326	0.555154	-0.914626	0.398193	-0.0700142	-0.275482	-0.487039	0.828796
0.0666667	0.377686	0.894113	0.240654	-0.822704	0.204789	0.530301	0.424866	-0.398274	0.812937
0.1	0.412279	0.910956	-0.0136204	-0.580258	0.274079	0.76693	0.702372	-0.308286	0.641587
0.133333	0.412672	0.891467	-0.187052	-0.430413	0.371822	0.822492	0.802775	-0.25891	0.537139
0.166667	0.403572	0.862968	-0.303999	-0.351344	0.452954	0.819384	0.8448	-0.223872	0.485998
0.2	0.394362	0.834055	-0.385785	-0.310147	0.515977	0.798484	0.865036	-0.195242	0.462162
0.233333	0.385616	0.80827	-0.444972	-0.287005	0.563425	0.774713	0.876886	-0.171032	0.449243
0.266667	0.378583	0.785635	-0.489338	-0.273248	0.599995	0.751892	0.884313	-0.150943	0.441821
0.3	0.372487	0.766483	-0.523219	-0.264174	0.628039	0.731969	0.889644	-0.134428	0.436421
0.333333	0.367785	0.750059	-0.549679	-0.257751	0.650174	0.71473	0.893476	-0.121187	0.432452
0.366667	0.363996	0.736133	-0.570627	-0.253181	0.667786	0.699972	0.896329	-0.110315	0.429446
0.4	0.360751	0.724186	-0.587718	-0.249634	0.682134	0.687296	0.898633	-0.101228	0.426862
0.433333	0.357943	0.714096	-0.601617	-0.24687	0.693755	0.676579	0.900517	-0.0936559	0.424614
0.466667	0.355358	0.705723	-0.612924	-0.244309	0.703054	0.667854	0.902238	-0.0875846	0.42225
0.5	0.35352	0.698434	-0.622264	-0.242673	0.710921	0.660076	0.903401	-0.082343	0.420816
0.533333	0.351681	0.692599	-0.629783	-0.2415	0.717112	0.65378	0.904432	-0.0778295	0.419458
0.566667	0.350191	0.687523	-0.636143	-0.239695	0.722311	0.648701	0.90549	-0.0746892	0.417743
0.6	0.349057	0.683222	-0.641379	-0.238664	0.726674	0.644193	0.9062	-0.0717863	0.416711
0.633333	0.347913	0.679758	-0.645666	-0.237461	0.730127	0.640724	0.906956	-0.069596	0.415437
0.666667	0.346696	0.676805	-0.649413	-0.236937	0.733093	0.637523	0.907559	-0.0671572	0.414521
0.7	0.345952	0.674064	-0.652653	-0.236756	0.73581	0.634452	0.90789	-0.0649702	0.414144
0.733333	0.345442	0.671727	-0.655326	-0.23654	0.738092	0.631877	0.90814	-0.0632655	0.413859
0.766667	0.345101	0.669499	-0.657781	-0.236043	0.740221	0.629569	0.908399	-0.062	0.413481
0.8	0.344351	0.667932	-0.659765	-0.235937	0.741758	0.627797	0.908711	-0.0605189	0.413015
0.833333	0.344048	0.666523	-0.661346	-0.236082	0.743123	0.626126	0.908789	-0.0592855	0.413023
0.866667	0.344126	0.665049	-0.662787	-0.236109	0.744513	0.624463	0.908752	-0.0584038	0.41323
0.9	0.343847	0.66406	-0.663923	-0.235864	0.745444	0.623443	0.908921	-0.0577737	0.412946
0.933333	0.344352	0.662969	-0.664751	-0.235668	0.746424	0.622344	0.908781	-0.0576452	0.413273
0.966667	0.344387	0.662511	-0.665189	-0.235264	0.746825	0.622016	0.908872	-0.057719	0.413062
1	0.344527	0.662153	-0.665473	-0.234933	0.74713	0.621774	0.908904	-0.0578763	0.412968
1.03333	0.344812	0.661919	-0.665558	-0.234114	0.747279	0.621904	0.909008	-0.0586236	0.412636
1.06667	0.344995	0.662088	-0.665296	-0.234107	0.74711	0.62211	0.90894	-0.0588748	0.412749
1.1	0.345144	0.662565	-0.664743	-0.234178	0.746659	0.622624	0.908865	-0.0592267	0.412863
1.13333	0.345309	0.663098	-0.664125	-0.234404	0.746164	0.623133	0.908745	-0.0594997	0.41309
1.16667	0.345169	0.663657	-0.66364	-0.234407	0.745648	0.623749	0.908797	-0.0597372	0.41294
1.2	0.344767	0.664266	-0.663239	-0.234413	0.7451	0.624401	0.908948	-0.0598009	0.412599
1.23333	0.344186	0.664786	-0.66302	-0.234228	0.744634	0.625026	0.909216	-0.0598271	0.412005
1.26667	0.344172	0.665149	-0.662664	-0.233895	0.744271	0.625583	0.909307	-0.0603145	0.411732
1.3	0.345145	0.665562	-0.661742	-0.233707	0.743806	0.626206	0.908986	-0.0614783	0.412267
1.33333	0.346599	0.665993	-0.660547	-0.233406	0.743282	0.626939	0.90851	-0.0631209	0.413067
1.36667	0.347445	0.666772	-0.659316	-0.233265	0.742476	0.627946	0.908223	-0.0643814	0.413504
1.4	0.348321	0.667601	-0.658013	-0.233299	0.741627	0.628936	0.907879	-0.0655575	0.414075
1.43333	0.348329	0.668712	-0.65688	-0.233307	0.740564	0.630185	0.907874	-0.0662568	0.413975
1.46667	0.348751	0.669322	-0.656034	-0.233356	0.739951	0.630886	0.907699	-0.0669333	0.414249
1.5	0.34926	0.669821	-0.655254	-0.233371	0.739436	0.631485	0.9075	-0.0676352	0.414572
1.53333	0.349442	0.670585	-0.654375	-0.233043	0.738661	0.632511	0.907514	-0.0685285	0.414394
1.56667	0.350338	0.671193	-0.653271	-0.232849	0.737991	0.633365	0.907218	-0.069778	0.414833
1.6	0.351014	0.672197	-0.651875	-0.232224	0.736916	0.634844	0.907117	-0.0714582	0.414768
1.63333	0.352597	0.673176	-0.650007	-0.232205	0.735835	0.636103	0.906508	-0.0733535	0.415768
1.66667	0.353691	0.674642	-0.647889	-0.231893	0.734282	0.638009	0.906161	-0.0754172	0.416154
1.7	0.354925	0.675887	-0.645914	-0.231695	0.732934	0.639629	0.905729	-0.0773652	0.416736
1.73333	0.356052	0.677126	-0.643993	-0.231008	0.731546	0.641464	0.905462	-0.0796273	0.41689
1.76667	0.356573	0.678426	-0.642334	-0.230059	0.730116	0.643431	0.905499	-0.0816558	0.416418
1.8	0.357116	0.67942	-0.640981	-0.229655	0.729033	0.644802	0.905388	-0.0830643	0.416382
1.83333	0.357426	0.680434	-0.639731	-0.229328	0.727952	0.646139	0.905348	-0.084238	0.416231
1.86667	0.358121	0.681165	-0.638564	-0.229261	0.72714	0.647076	0.905091	-0.0853336	0.416568
1.9	0.358463	0.681989	-0.637492	-0.228621	0.72621	0.648346	0.905117	-0.0866641	0.416236
1.93333	0.36	0.682396	-0.636189	-0.228013	0.725585	0.649259	0.90466	-0.0886741	0.416806
1.96667	0.360588	0.682584	-0.635653	-0.226935	0.725226	0.650037	0.904697	-0.0901433	0.416411
2	0.360992	0.683433	-0.634511	-0.225668	0.724187	0.651634	0.904853	-0.0920459	0.415654
2.03333	0.361816	0.68381	-0.633635	-0.224275	0.723569	0.6528	0.90487	-0.0940845	0.41516
2.06667	0.362682	0.684327	-0.63258	-0.223306	0.722839	0.65394	0.904763	-0.0959135	0.414975
2.1	0.363161	0.684865	-0.631723	-0.222454	0.722139	0.655004	0.904781	-0.0973431	0.414604
2.13333	0.36296	0.685549	-0.631096	-0.22161	0.72136	0.656147	0.905068	-0.0982977	0.41375
2.16667	0.363458	0.687035	-0.629192	-0.221382	0.719729	0.658012	0.904924	-0.0998677	0.413688
2.2	0.360454	0.687983	-0.629883	-0.221247	0.719066	0.658782	0.906158	-0.0981011	0.411404
2.23333	0.35778	0.688582	-0.630752	-0.22253	0.718875	0.658559	0.906904	-0.095258	0.410429
2.26667	0.350795	0.687865	-0.635441	-0.22514	0.720609	0.65577	0.908986	-0.0869782	0.407652
2.3	0.340882	0.684886	-0.643996	-0.232732	0.72518	0.648035	0.910843	-0.0710247	0.406596
2.33333	0.32379	0.679655	-0.658201	-0.245227	0.732191	0.635422	0.913796	-0.0443347	0.403746
2.36667	0.294203	0.670313	-0.681267	-0.264876	0.742078	0.615761	0.918306	-0.000707311	0.395871
2.4	0.246107	0.650715	-0.718332	-0.293404	0.756371	0.584651	0.923767	0.0668747	0.37707
2.43333	0.173633	0.605699	-0.776518	-0.334711	0.777852	0.531897	0.926186	0.167554	0.337795
2.46667	0.0756804	0.508461	-0.857753	-0.398091	0.804098	0.441531	0.914219	0.308048	0.263268
2.5	-0.0284803	0.336416	-0.941283	-0.484683	0.818914	0.307347	0.874226	0.464977	0.139732
2.53333	-0.10494	0.105235	-0.988895	-0.577078	0.803399	0.146733	0.809919	0.586068	-0.0235797
2.56667	-0.13859	-0.129481	-0.981849	-0.640691	0.767722	-0.0108082	0.755187	0.627564	-0.189356
2.6	-0.157628	-0.310802	-0.937313	-0.666115	0.734178	-0.131425	0.729002	0.603642	-0.322757
2.63333	-0.164276	-0.430101	-0.887709	-0.663547	0.71407	-0.223178	0.729875	0.552374	-0.402697
2.66667	-0.163408	-0.499883	-0.850538	-0.634159	0.713641	-0.297589	0.755738	0.490748	-0.43362
2.7	-0.157786	-0.530072	-0.833143	-0.579087	0.733075	-0.356734	0.799851	0.426175	-0.422627
2.73333	-0.138243	-0.530638	-0.836249	-0.508245	0.762708	-0.399953	0.850044	0.369729	-0.375133
2.76667	-0.114727	-0.510232	-0.85235	-0.425783	0.800464	-0.421861	0.897522	0.314517	-0.309083
2.8	-0.0797428	-0.479042	-0.874162	-0.329428	0.840346	-0.43046	0.940807	0.253648	-0.224822
2.83333	-0.0381568	-0.442557	-0.895928	-0.215645	0.879102	-0.425061	0.975726	0.176984	-0.128979
2.86667	-0.00645312	-0.398604	-0.917101	-0.110221	0.911815	-0.395531	0.993886	0.0985315	-0.0498186
2.9	0.0196727	-0.352688	-0.935534	-0.0478755	0.934309	-0.353233	0.99866	0.0517382	0.00149528
2.93333	0.0422758	-0.306785	-0.950839	-0.0303965	0.950855	-0.308142	0.998643	0.0419291	0.0308729
2.96667	0.0596479	-0.25693	-0.964588	-0.026524	0.965559	-0.258829	0.997867	0.0410233	0.0507788
3	0.0710332	-0.197735	-0.977678	-0.0321128	0.979193	-0.200375	0.996957	0.0456292	0.0632054
3.03333	0.0820734	-0.122952	-0.989013	-0.0373942	0.991282	-0.126337	0.995925	0.0473523	0.0767602
3.06667	0.070109	-0.0348973	-0.996929	-0.036197	0.998641	-0.0375028	0.996882	0.0387151	0.0687505
3.1	0.0667074	0.0617987	-0.995857	-0.0406857	0.997418	0.0591703	0.996943	0.03657	0.0690496
3.13333	0.0760274	0.16215	-0.983833	-0.0445186	0.986257	0.159109	0.996111	0.0317023	0.0822012
3.16667	0.0917193	0.258543	-0.961636	-0.0545289	0.965561	0.254397	0.994291	0.0291037	0.102659
3.2	0.113636	0.343612	-0.932211	-0.0609524	0.938933	0.338659	0.991651	0.0183365	0.127641
3.23333	0.139887	0.414932	-0.899035	-0.0767411	0.909774	0.407948	0.987189	0.0119264	0.159108
3.26667	0.169495	0.473259	-0.864464	-0.0962137	0.880911	0.463399	0.980823	0.00462963	0.194844
3.3	0.197398	0.52348	-0.828856	-0.10732	0.85195	0.512507	0.974431	-0.0122145	0.224353
3.33333	0.223041	0.566412	-0.793366	-0.114151	0.823445	0.555795	0.968102	-0.0334016	0.248319
3.36667	0.245257	0.601267	-0.760478	-0.124223	0.797461	0.590445	0.961466	-0.0503416	0.270274
3.4	0.267526	0.630189	-0.728898	-0.134711	0.773503	0.619311	0.954088	-0.0674908	0.291825
3.43333	0.287292	0.654175	-0.699656	-0.141548	0.751425	0.644457	0.947327	-0.0861127	0.308475
3.46667	0.301808	0.674359	-0.673907	-0.145947	0.731219	0.666347	0.942131	-0.102754	0.319109
3.5	0.312313	0.690535	-0.652397	-0.152433	0.714278	0.68306	0.93767	-0.113881	0.328338
3.53333	0.322748	0.702558	-0.634229	-0.165148	0.701611	0.693158	0.931966	-0.118974	0.342469
3.56667	0.332308	0.712151	-0.618394	-0.178921	0.691348	0.700018	0.926045	-0.121978	0.357159
3.6	0.339864	0.720076	-0.604965	-0.187879	0.682273	0.706545	0.921517	-0.126469	0.367167
3.63333	0.349254	0.724092	-0.594738	-0.194114	0.676848	0.710068	0.916701	-0.132547	0.376949
3.66667	0.358641	0.725969	-0.58681	-0.199648	0.673737	0.711491	0.911875	-0.138015	0.386568
3.7	0.36822	0.726466	-0.580225	-0.205506	0.672233	0.711246	0.906742	-0.142656	0.396823
3.73333	0.38068	0.725833	-0.57293	-0.212702	0.671699	0.709633	0.899912	-0.148279	0.410088
3.76667	0.392098	0.725033	-0.566203	-0.219912	0.671519	0.707602	0.893251	-0.152935	0.422745
3.8	0.400677	0.725041	-0.560155	-0.227809	0.671013	0.705581	0.887446	-0.155102	0.43403
3.83333	0.407862	0.725182	-0.554762	-0.236882	0.670835	0.702757	0.88178	-0.155215	0.44539
3.86667	0.413362	0.725199	-0.550653	-0.247128	0.671387	0.69869	0.87639	-0.15273	0.456743
3.9	0.412781	0.724218	-0.552377	-0.254024	0.673927	0.693754	0.87469	-0.146052	0.462153
3.93333	0.400682	0.721793	-0.564331	-0.26109	0.680349	0.684805	0.878229	-0.127048	0.461056
3.96667	0.370166	0.715901	-0.591999	-0.273779	0.693035	0.666894	0.887706	-0.0847847	0.452537
4	0.320436	0.697846	-0.640572	-0.295935	0.71613	0.632123	0.899857	-0.0129876	0.435991
4.03333	0.24925	0.659188	-0.709469	-0.327687	0.746784	0.578736	0.911315	0.0882335	0.402143
4.06667	0.154325	0.596852	-0.78737	-0.367597	0.774392	0.514966	0.917091	0.209962	0.338909
4.1	0.04713	0.51256	-0.857357	-0.422097	0.788134	0.447972	0.905325	0.340775	0.253495
4.13333	-0.0590028	0.406983	-0.911528	-0.501243	0.777586	0.379625	0.863292	0.479296	0.158118
4.16667	-0.160947	0.294909	-0.941873	-0.582543	0.741965	0.331861	0.796706	0.602093	0.0523802
4.2	-0.258934	0.202129	-0.944509	-0.642061	0.694522	0.324649	0.721603	0.690495	-0.0500564
4.23333	-0.320553	0.117839	-0.939872	-0.690783	0.649833	0.317073	0.648124	0.750887	-0.126904
4.26667	-0.294965	-0.000604782	-0.955508	-0.747979	0.62241	0.230507	0.594578	0.782691	-0.184042
4.3	-0.248028	-0.126748	-0.960425	-0.789711	0.600678	0.12467	0.561105	0.78938	-0.249079
4.33333	-0.208431	-0.245576	-0.946704	-0.816302	0.576842	0.0300874	0.53871	0.779068	-0.320695
4.36667	-0.17496	-0.345963	-0.921791	-0.820423	0.568831	-0.0577716	0.54433	0.746151	-0.383358
4.4	-0.15476	-0.425987	-0.891395	-0.802739	0.58017	-0.137888	0.575898	0.694218	-0.431744
4.43333	-0.145342	-0.482492	-0.863757	-0.761473	0.611955	-0.213705	0.631691	0.626668	-0.456348
4.46667	-0.142036	-0.515624	-0.84496	-0.698541	0.657011	-0.283508	0.701331	0.549971	-0.453504
4.5	-0.137983	-0.5203	-0.842763	-0.618772	0.709692	-0.336836	0.773358	0.475	-0.419872
4.53333	-0.12481	-0.506329	-0.853261	-0.527201	0.762379	-0.375283	0.840525	0.403	-0.36209
4.56667	-0.0948285	-0.481299	-0.871412	-0.433748	0.807873	-0.399004	0.89603	0.340136	-0.285372
4.6	-0.0526858	-0.446735	-0.893114	-0.334834	0.850486	-0.40566	0.940803	0.277673	-0.194391
4.63333	-0.0135072	-0.405718	-0.913898	-0.2251	0.891754	-0.392561	0.974242	0.200416	-0.103372
4.66667	0.0215654	-0.360276	-0.932596	-0.118318	0.925338	-0.360208	0.992741	0.118111	-0.022672
4.7	0.0521482	-0.311212	-0.948909	-0.0482129	0.948309	-0.313664	0.997475	0.0621067	0.0344482
4.73333	0.0785157	-0.258081	-0.962928	-0.0304872	0.964836	-0.261078	0.996447	0.0498557	0.0678866
4.76667	0.102589	-0.198517	-0.974714	-0.0370693	0.97844	-0.203178	0.994033	0.0569757	0.0930182
4.8	0.123333	-0.126356	-0.984288	-0.0478473	0.98995	-0.133078	0.991211	0.0635085	0.116048
4.83333	0.136739	-0.0365694	-0.989932	-0.0535767	0.997583	-0.0442525	0.989157	0.0590883	0.134449
4.86667	0.117751	0.0696246	-0.990599	-0.0621979	0.996098	0.0626177	0.991093	0.0542399	0.121622
4.9	0.11209	0.176117	-0.977967	-0.074219	0.982904	0.168499	0.990922	0.0536966	0.123245
4.93333	0.118681	0.277593	-0.95334	-0.0870064	0.95934	0.268508	0.989113	0.0510799	0.138007
4.96667	0.122802	0.369134	-0.921227	-0.10303	0.927979	0.358106	0.987069	0.0509375	0.15199
5	0.147304	0.435641	-0.887986	-0.123316	0.898863	0.420521	0.981374	0.0475585	0.186127
5.03333	0.174533	0.487188	-0.855679	-0.144524	0.87228	0.467162	0.973987	0.0421316	0.222652
5.06667	0.198831	0.526646	-0.826505	-0.158342	0.849526	0.503223	0.967158	0.0308142	0.252303
5.1	0.221058	0.559088	-0.799096	-0.162792	0.829024	0.534993	0.961578	0.0118222	0.274278
5.13333	0.24086	0.584732	-0.774645	-0.169641	0.81122	0.559593	0.955619	-0.00337194	0.294585
5.16667	0.259314	0.605107	-0.75273	-0.178657	0.795993	0.578339	0.949125	-0.0154912	0.314519
5.2	0.275807	0.622229	-0.732641	-0.182256	0.78223	0.595733	0.943776	-0.0307789	0.329149
5.23333	0.288852	0.63663	-0.715029	-0.183935	0.769855	0.61114	0.939539	-0.0450096	0.339472
5.26667	0.29807	0.648005	-0.700888	-0.186532	0.75965	0.623007	0.936141	-0.054962	0.347302
5.3	0.308349	0.656601	-0.688328	-0.187617	0.75135	0.632671	0.932588	-0.0659414	0.354868
5.33333	0.317698	0.664279	-0.67661	-0.186181	0.743391	0.642423	0.929734	-0.0781247	0.35985
5.36667	0.328629	0.671069	-0.664582	-0.18509	0.73578	0.651437	0.926145	-0.0910735	0.366006
5.4	0.341654	0.677369	-0.651494	-0.18494	0.728109	0.660041	0.92145	-0.105018	0.374034
5.43333	0.354518	0.683839	-0.637715	-0.182879	0.71955	0.669928	0.916991	-0.120877	0.380153
5.46667	0.364212	0.690301	-0.625168	-0.183254	0.711269	0.678612	0.913109	-0.132594	0.385553
5.5	0.374083	0.695718	-0.61322	-0.18587	0.704056	0.685388	0.908578	-0.142413	0.392689
5.53333	0.382814	0.7009	-0.601825	-0.191347	0.697478	0.690587	0.903792	-0.149209	0.40112
5.56667	0.390374	0.705407	-0.591615	-0.199107	0.692081	0.693816	0.898868	-0.153053	0.410622
5.6	0.396823	0.709717	-0.582095	-0.208452	0.687272	0.695848	0.893912	-0.154789	0.420667
5.63333	0.400261	0.712934	-0.575775	-0.215349	0.683881	0.697088	0.890739	-0.155025	0.42726
5.66667	0.399755	0.71528	-0.573211	-0.222299	0.682336	0.69642	0.889258	-0.150973	0.431773
5.7	0.394571	0.715068	-0.577055	-0.228133	0.68458	0.692319	0.890095	-0.141524	0.433246
5.73333	0.383067	0.711712	-0.588834	-0.235174	0.691596	0.682926	0.893282	-0.123128	0.432304
5.76667	0.358853	0.704509	-0.612283	-0.24625	0.704193	0.665938	0.900325	-0.088199	0.426187
5.8	0.313998	0.689156	-0.653046	-0.267934	0.724197	0.635414	0.910833	-0.0245454	0.412045
5.83333	0.25108	0.654744	-0.71293	-0.30504	0.752516	0.58367	0.918645	0.0709238	0.388665
5.86667	0.168942	0.597687	-0.783727	-0.355727	0.778537	0.517048	0.919194	0.191442	0.344141
5.9	0.0732086	0.517594	-0.852489	-0.420196	0.791218	0.444308	0.904475	0.325685	0.275415
5.93333	-0.0240713	0.418883	-0.907721	-0.498143	0.782207	0.374173	0.866761	0.461182	0.189835
5.96667	-0.117549	0.318507	-0.940604	-0.573585	0.751425	0.326129	0.810668	0.577853	0.094362
6	-0.207664	0.236129	-0.949273	-0.629242	0.710756	0.314452	0.748953	0.662623	0.000983653
6.03333	-0.277836	0.167122	-0.94598	-0.669716	0.672281	0.315466	0.688685	0.721186	-0.0748592
6.06667	-0.279584	0.0713173	-0.957469	-0.720363	0.643709	0.258295	0.634752	0.76194	-0.128597
6.1	-0.242685	-0.0387557	-0.969331	-0.758181	0.630927	0.164595	0.605198	0.774873	-0.182501
6.13333	-0.211088	-0.15152	-0.965652	-0.788061	0.610835	0.0764216	0.578274	0.777125	-0.248346
6.16667	-0.181208	-0.248807	-0.951451	-0.794961	0.606617	-0.00722799	0.578965	0.755057	-0.307716
6.2	-0.157685	-0.329878	-0.930761	-0.783002	0.616087	-0.085699	0.6017	0.715275	-0.355443
6.23333	-0.146468	-0.394226	-0.907267	-0.758212	0.633804	-0.152996	0.635344	0.665491	-0.391739
6.26667	-0.142774	-0.441036	-0.88606	-0.713707	0.666125	-0.216562	0.685739	0.601468	-0.409876
6.3	-0.142732	-0.46267	-0.874965	-0.648837	0.711306	-0.270285	0.747421	0.529131	-0.401724
6.33333	-0.138939	-0.460469	-0.876735	-0.570885	0.760651	-0.309031	0.809189	0.457579	-0.368559
6.36667	-0.123902	-0.440109	-0.889355	-0.490185	0.806416	-0.330774	0.862767	0.394965	-0.315652
6.4	-0.0967381	-0.40482	-0.909265	-0.412695	0.847631	-0.333473	0.905718	0.342989	-0.249066
6.43333	-0.0570522	-0.359109	-0.93155	-0.329224	0.887646	-0.32202	0.942527	0.288317	-0.168869
6.46667	-0.00920864	-0.302203	-0.953199	-0.23988	0.926073	-0.291286	0.970759	0.225971	-0.0810203
6.5	0.0319834	-0.237526	-0.970855	-0.15085	0.959077	-0.239614	0.988039	0.154117	-0.0051563
6.53333	0.069298	-0.170863	-0.982855	-0.08707	0.980428	-0.17658	0.993789	0.0978138	0.0530646
6.56667	0.10119	-0.104541	-0.989359	-0.0589524	0.992086	-0.110859	0.993119	0.0695429	0.094226
6.6	0.131944	-0.0376309	-0.990543	-0.0496488	0.997774	-0.044519	0.990013	0.0550533	0.129782
6.63333	0.15884	0.0331479	-0.986748	-0.050516	0.9984	0.0254077	0.986011	0.0458108	0.16026
6.66667	0.18084	0.109739	-0.977371	-0.0561583	0.993286	0.101135	0.981908	0.0365981	0.185789
6.7	0.199458	0.189758	-0.961358	-0.065755	0.981451	0.180081	0.977698	0.0272955	0.208235
6.73333	0.185775	0.279581	-0.941978	-0.0825626	0.959717	0.268563	0.979118	0.02788	0.201374
6.76667	0.166205	0.367465	-0.915066	-0.102194	0.929395	0.354657	0.980781	0.0345685	0.192023
6.8	0.165655	0.440662	-0.882256	-0.120597	0.896954	0.425359	0.978782	0.0359348	0.201727
6.83333	0.176383	0.502993	-0.846101	-0.125123	0.864062	0.487586	0.976337	0.019865	0.215342
6.86667	0.190564	0.55016	-0.813025	-0.131082	0.835046	0.534337	0.972884	0.00474743	0.231246
6.9	0.211134	0.585192	-0.782926	-0.142367	0.810852	0.567672	0.967034	-0.00839196	0.254511
6.93333	0.230937	0.611273	-0.756976	-0.153417	0.791151	0.592066	0.960797	-0.0205965	0.276486
6.96667	0.248596	0.632603	-0.733494	-0.157913	0.773605	0.613676	0.955648	-0.0367287	0.292211
7	0.263279	0.650187	-0.7127	-0.162106	0.758075	0.631699	0.951003	-0.0507805	0.304984
7.03333	0.27783	0.663471	-0.694706	-0.169392	0.745682	0.64441	0.945577	-0.0613586	0.31956
7.06667	0.290598	0.674774	-0.678405	-0.173917	0.73444	0.656011	0.940907	-0.0726493	0.330781
7.1	0.299631	0.684312	-0.664785	-0.174448	0.724349	0.666998	0.937971	-0.0838826	0.336415
7.13333	0.3069	0.691903	-0.653515	-0.175695	0.716038	0.675589	0.935384	-0.0925188	0.341317
7.16667	0.3128	0.697235	-0.644996	-0.180097	0.710291	0.680479	0.932588	-0.0966922	0.347749
7.2	0.319274	0.701894	-0.636718	-0.181471	0.704731	0.685873	0.930125	-0.103436	0.352375
7.23333	0.326034	0.705701	-0.629037	-0.181039	0.699689	0.69113	0.927861	-0.111452	0.355881
7.26667	0.334908	0.708966	-0.620648	-0.180469	0.694756	0.696236	0.924807	-0.121167	0.360625
7.3	0.343964	0.711789	-0.612409	-0.182199	0.690403	0.700105	0.921136	-0.129231	0.367161
7.33333	0.351769	0.714527	-0.604739	-0.184706	0.686309	0.703466	0.917683	-0.135759	0.373399
7.36667	0.360621	0.716962	-0.596588	-0.188973	0.682525	0.706009	0.913368	-0.141863	0.38162
7.4	0.368657	0.719429	-0.588655	-0.194745	0.67898	0.707857	0.908937	-0.146319	0.390415
7.43333	0.375804	0.721878	-0.581088	-0.199845	0.675427	0.709831	0.904894	-0.15063	0.398092
7.46667	0.380973	0.72468	-0.574194	-0.206626	0.672053	0.711091	0.901202	-0.152263	0.405772
7.5	0.384321	0.726677	-0.569419	-0.214147	0.670136	0.710675	0.898019	-0.151188	0.413163
7.53333	0.384351	0.727577	-0.568248	-0.220431	0.670052	0.70883	0.896485	-0.14718	0.417916
7.56667	0.381413	0.726544	-0.57154	-0.226567	0.672894	0.704188	0.89621	-0.139094	0.421261
7.6	0.374409	0.723481	-0.579993	-0.230357	0.678452	0.697595	0.898195	-0.127581	0.420678
7.63333	0.365641	0.717146	-0.593303	-0.233376	0.687718	0.687444	0.901023	-0.112895	0.418822
7.66667	0.35517	0.707738	-0.610705	-0.236364	0.700061	0.67383	0.904426	-0.0949756	0.415924
7.7	0.336393	0.696641	-0.633664	-0.241169	0.714168	0.657116	0.910317	-0.0682296	0.408249
7.73333	0.302689	0.68135	-0.66644	-0.254838	0.731641	0.632266	0.918388	-0.0215459	0.395093
7.76667	0.256536	0.655051	-0.710702	-0.278333	0.754228	0.594702	0.925592	0.0452495	0.375809
7.8	0.19419	0.616763	-0.76282	-0.307163	0.776748	0.549831	0.931634	0.127538	0.340283
7.83333	0.115571	0.565105	-0.816884	-0.348722	0.79313	0.499337	0.930073	0.227157	0.288728
7.86667	0.0266881	0.49687	-0.867415	-0.410162	0.796761	0.443779	0.911622	0.343937	0.225061
7.9	-0.0655493	0.409162	-0.910104	-0.489232	0.781743	0.386691	0.869687	0.470599	0.148932
7.93333	-0.15825	0.3142	-0.936074	-0.566689	0.747443	0.346688	0.808591	0.585327	0.059771
7.96667	-0.247295	0.232369	-0.940664	-0.622295	0.706044	0.33801	0.742694	0.668959	-0.0299988
8	-0.302467	0.157115	-0.940122	-0.665047	0.671776	0.326235	0.682807	0.723901	-0.0987012
8.03333	-0.265198	0.0573395	-0.962487	-0.706054	0.668257	0.234353	0.656626	0.741718	-0.136736
8.06667	-0.219275	-0.0600479	-0.973813	-0.741535	0.658911	0.126343	0.63407	0.74982	-0.18901
8.1	-0.184573	-0.180655	-0.966073	-0.763989	0.644729	0.0253999	0.618267	0.742757	-0.257018
8.13333	-0.159221	-0.290373	-0.943574	-0.770722	0.633847	-0.0650049	0.616957	0.716883	-0.324719
8.16667	-0.140605	-0.377706	-0.915188	-0.757992	0.635733	-0.145918	0.636929	0.673188	-0.375685
8.2	-0.138581	-0.439753	-0.887363	-0.726608	0.653974	-0.210616	0.672931	0.615577	-0.410157
8.23333	-0.142175	-0.474195	-0.868864	-0.663488	0.697049	-0.271856	0.734554	0.53783	-0.413726
8.26667	-0.137246	-0.482472	-0.865092	-0.582529	0.745678	-0.323456	0.801139	0.459548	-0.383396
8.3	-0.120694	-0.471362	-0.873642	-0.496489	0.790757	-0.358052	0.859611	0.390539	-0.329466
8.33333	-0.0917385	-0.443025	-0.891803	-0.409805	0.833021	-0.371667	0.907548	0.331369	-0.257974
8.36667	-0.0501034	-0.40123	-0.914606	-0.316555	0.874921	-0.366479	0.94725	0.271162	-0.170848
8.4	-0.00701465	-0.351176	-0.936283	-0.218759	0.914166	-0.341241	0.975754	0.202427	-0.0832356
8.43333	0.0310717	-0.293397	-0.955486	-0.130588	0.946562	-0.294903	0.99095	0.133938	-0.00890282
8.46667	0.0662219	-0.234321	-0.969901	-0.072867	0.968304	-0.23891	0.995141	0.0864949	0.0470487
8.5	0.0974972	-0.175108	-0.97971	-0.0548989	0.981955	-0.180973	0.99372	0.0714293	0.0861246
8.53333	0.123571	-0.110299	-0.986187	-0.0510399	0.991782	-0.117321	0.991022	0.0648323	0.116926
8.56667	0.144737	-0.0388627	-0.988707	-0.0451078	0.99793	-0.0458286	0.988441	0.0512315	0.142684
8.6	0.16137	0.0393267	-0.98611	-0.0488456	0.998299	0.0318196	0.985684	0.0430324	0.163017
8.63333	0.157538	0.12265	-0.979867	-0.0658018	0.991356	0.113509	0.985318	0.0465951	0.164247
8.66667	0.157186	0.208177	-0.965378	-0.0817157	0.976919	0.19736	0.984182	0.0478643	0.170569
8.7	0.159583	0.296617	-0.941569	-0.0898453	0.954198	0.285368	0.983088	0.0390558	0.178923
8.73333	0.164121	0.37713	-0.911503	-0.109875	0.925271	0.363043	0.980302	0.0405687	0.193293
8.76667	0.173677	0.447227	-0.877396	-0.119105	0.893935	0.432081	0.977574	0.0294595	0.208523
8.8	0.175422	0.507039	-0.843883	-0.126857	0.86167	0.491357	0.976286	0.0208575	0.215478
8.83333	0.185651	0.553889	-0.811628	-0.134537	0.832537	0.537384	0.973362	0.00942825	0.22908
8.86667	0.205001	0.589768	-0.78112	-0.141373	0.807543	0.572615	0.968498	-0.00695711	0.248924
8.9	0.225972	0.61814	-0.752887	-0.146766	0.78566	0.600997	0.963014	-0.02531	0.26826
8.93333	0.243157	0.640579	-0.728377	-0.151101	0.766762	0.623895	0.958146	-0.0416458	0.283236
8.96667	0.260489	0.659245	-0.705366	-0.157413	0.749812	0.642653	0.952558	-0.0563705	0.299092
9	0.275216	0.675609	-0.683966	-0.163723	0.733985	0.659137	0.947339	-0.069424	0.312616
9.03333	0.28888	0.689429	-0.664256	-0.16952	0.71971	0.673261	0.942237	-0.081887	0.324782
9.06667	0.298345	0.701635	-0.647069	-0.17193	0.706361	0.686654	0.938845	-0.0936094	0.331372
9.1	0.30725	0.712003	-0.631387	-0.175991	0.694549	0.697588	0.935214	-0.103216	0.338706
9.13333	0.313076	0.720633	-0.618604	-0.182928	0.684908	0.705293	0.931945	-0.107651	0.346252
9.16667	0.321973	0.727305	-0.606103	-0.189499	0.676747	0.71141	0.92759	-0.114199	0.355718
9.2	0.328445	0.732255	-0.596595	-0.190143	0.669966	0.717629	0.925186	-0.122264	0.35928
9.23333	0.334107	0.736961	-0.587589	-0.189221	0.663167	0.724158	0.923346	-0.130762	0.361017
9.26667	0.340584	0.740969	-0.578764	-0.190928	0.657246	0.729091	0.920624	-0.137814	0.365319
9.3	0.349477	0.743749	-0.569828	-0.193054	0.652287	0.732975	0.91684	-0.14615	0.371543
9.33333	0.357602	0.745771	-0.562091	-0.196249	0.648463	0.735515	0.913021	-0.152711	0.378249
9.36667	0.3659	0.746221	-0.556122	-0.201184	0.646854	0.735598	0.908648	-0.157273	0.386812
9.4	0.370781	0.748239	-0.550145	-0.20428	0.643569	0.737624	0.905975	-0.161114	0.391473
9.43333	0.377914	0.74881	-0.544486	-0.210035	0.642106	0.737282	0.901702	-0.164268	0.399937
9.46667	0.382963	0.749286	-0.540287	-0.215489	0.641201	0.736496	0.898278	-0.165624	0.407019
9.5	0.386931	0.749565	-0.537063	-0.222219	0.641062	0.734614	0.894932	-0.1649	0.414615
9.53333	0.388037	0.749785	-0.535956	-0.227695	0.641486	0.732565	0.893074	-0.162228	0.419643
9.56667	0.387342	0.748882	-0.53772	-0.23409	0.644026	0.728308	0.891722	-0.156229	0.424764
9.6	0.383923	0.746759	-0.543096	-0.240531	0.648746	0.721993	0.891486	-0.146558	0.428687
9.63333	0.379778	0.742613	-0.55163	-0.245488	0.65583	0.713879	0.891911	-0.135697	0.431372
9.66667	0.375003	0.736564	-0.562891	-0.248652	0.664872	0.704356	0.893053	-0.124172	0.432478
9.7	0.369044	0.728605	-0.577011	-0.250782	0.67587	0.693042	0.894938	-0.111059	0.432148
9.73333	0.362286	0.718805	-0.593353	-0.249764	0.688186	0.681189	0.897979	-0.0985876	0.428852
9.76667	0.353824	0.708004	-0.611178	-0.246277	0.700912	0.66938	0.902306	-0.0863235	0.422364
9.8	0.336279	0.697231	-0.633076	-0.245776	0.713903	0.655696	0.909126	-0.0649021	0.411433
9.83333	0.309642	0.682233	-0.662329	-0.254075	0.7306	0.633774	0.91628	-0.0279617	0.399562
9.86667	0.275865	0.660032	-0.698754	-0.266407	0.750985	0.604193	0.92354	0.0194768	0.383008
9.9	0.232451	0.632036	-0.739255	-0.277471	0.771582	0.572426	0.932189	0.0720604	0.354727
9.93333	0.181106	0.597291	-0.781309	-0.294985	0.790859	0.536214	0.938182	0.133362	0.319421
9.96667	0.125047	0.553637	-0.823316	-0.324529	0.807006	0.493378	0.937573	0.205495	0.280585
10	0.0634644	0.500907	-0.863171	-0.362222	0.817495	0.447769	0.929929	0.284243	0.233322
10.0333	-0.00257486	0.437417	-0.899255	-0.409933	0.819765	0.399925	0.912112	0.369664	0.177201
10.0667	-0.073425	0.363356	-0.928752	-0.467051	0.810303	0.353939	0.881176	0.459763	0.110209
10.1	-0.144972	0.286074	-0.947177	-0.524613	0.789428	0.318724	0.838907	0.543108	0.0356335
10.1333	-0.212119	0.216908	-0.952868	-0.575629	0.760219	0.301195	0.789719	0.612388	-0.0363986
10.1667	-0.256905	0.148702	-0.954928	-0.623128	0.729789	0.281283	0.738723	0.667305	-0.094826
10.2	-0.249321	0.0492641	-0.967167	-0.679738	0.702448	0.211006	0.689779	0.710028	-0.141648
10.2333	-0.21073	-0.0724126	-0.974859	-0.729466	0.675515	0.107507	0.650747	0.733781	-0.195174
10.2667	-0.180407	-0.192496	-0.964572	-0.761206	0.64838	0.0129764	0.622911	0.736579	-0.263502
10.3	-0.153449	-0.302175	-0.940821	-0.77194	0.631042	-0.0767752	0.616897	0.714476	-0.330093
10.3333	-0.135866	-0.39698	-0.907715	-0.765477	0.623713	-0.158198	0.628956	0.673341	-0.38862
10.3667	-0.126871	-0.475833	-0.870337	-0.748627	0.621561	-0.230692	0.650739	0.62229	-0.435079
10.4	-0.122605	-0.535532	-0.835568	-0.725756	0.62264	-0.292571	0.676939	0.570548	-0.465004
10.4333	-0.123375	-0.576768	-0.807538	-0.684362	0.63874	-0.351652	0.718628	0.509263	-0.473523
10.4667	-0.130475	-0.594178	-0.79368	-0.626321	0.669959	-0.398593	0.768569	0.445092	-0.459559
10.5	-0.129176	-0.595487	-0.792912	-0.557352	0.704955	-0.43863	0.820166	0.38527	-0.422959
10.5333	-0.119222	-0.585928	-0.801545	-0.485807	0.738488	-0.467575	0.865897	0.333651	-0.372692
10.5667	-0.0882879	-0.559429	-0.824163	-0.420409	0.771017	-0.478318	0.903029	0.304256	-0.303261
10.6	-0.0579815	-0.523625	-0.849973	-0.342875	0.81006	-0.475647	0.93759	0.263856	-0.226507
10.6333	-0.024092	-0.48264	-0.875487	-0.260754	0.848461	-0.460565	0.965104	0.217191	-0.146292
10.6667	0.00972384	-0.433738	-0.900987	-0.184601	0.884764	-0.42792	0.982765	0.170484	-0.0714652
10.7	0.0310163	-0.384765	-0.922493	-0.127658	0.913854	-0.385454	0.991333	0.129719	-0.0207741
10.7333	0.0513202	-0.336284	-0.940361	-0.093636	0.935834	-0.339775	0.994283	0.105489	0.016539
10.7667	0.0781093	-0.286973	-0.954749	-0.0755233	0.953219	-0.292692	0.99408	0.0949678	0.0527822
10.8	0.106252	-0.232981	-0.966659	-0.0671006	0.968266	-0.240744	0.992073	0.090443	0.0872472
10.8333	0.126253	-0.169896	-0.977341	-0.0623487	0.981918	-0.178746	0.990037	0.0835031	0.113377
10.8667	0.13876	-0.0978034	-0.985485	-0.0549199	0.99282	-0.106264	0.988802	0.0688679	0.132392
10.9	0.120013	-0.0092433	-0.992729	-0.0537641	0.998429	-0.015796	0.991315	0.0552689	0.119328
10.9333	0.104738	0.0820272	-0.991111	-0.0738438	0.994483	0.0745026	0.991755	0.0653842	0.110217
10.9667	0.102203	0.181154	-0.97813	-0.0785385	0.981679	0.173605	0.991658	0.0590779	0.114558
11	0.104899	0.274481	-0.955854	-0.0920566	0.95971	0.265486	0.990213	0.0601436	0.12594
11.0333	0.108022	0.358259	-0.927352	-0.0946125	0.932281	0.349143	0.989636	0.0500239	0.134603
11.0667	0.126213	0.420889	-0.898289	-0.113977	0.905686	0.408341	0.985434	0.0508463	0.162281
11.1	0.149313	0.471475	-0.869147	-0.132686	0.880605	0.454895	0.979847	0.047402	0.194044
11.1333	0.171122	0.513695	-0.840734	-0.143515	0.857216	0.494555	0.974741	0.0360287	0.220411
11.1667	0.188338	0.548651	-0.814562	-0.150989	0.83572	0.527991	0.970428	0.0235493	0.240238
11.2	0.19933	0.576796	-0.792196	-0.158723	0.816748	0.554735	0.966993	0.0151645	0.254353
11.2333	0.217459	0.600658	-0.769364	-0.171067	0.79948	0.575819	0.960962	0.006396	0.276607
11.2667	0.241493	0.620331	-0.746238	-0.179077	0.784279	0.594002	0.953736	-0.00981306	0.300485
11.3	0.253589	0.641713	-0.723807	-0.179195	0.76648	0.616764	0.950569	-0.0267014	0.309363
11.3333	0.267666	0.661517	-0.700536	-0.178509	0.748525	0.638627	0.946831	-0.0458869	0.318441
11.3667	0.282331	0.679675	-0.677001	-0.17766	0.730549	0.659345	0.942723	-0.0658778	0.327008
11.4	0.297173	0.695806	-0.653867	-0.172745	0.712683	0.679884	0.939067	-0.0890905	0.331987
11.4333	0.309397	0.712922	-0.629297	-0.169565	0.692524	0.701184	0.935693	-0.110238	0.335152
11.4667	0.319584	0.727299	-0.607373	-0.166447	0.674109	0.719633	0.932824	-0.128888	0.336491
