0	1	0	0	0	1	0	0	0	1
0.0333333	0.984977	0.074715	0.155688	-0.0863095	0.99387	0.0690854	-0.149572	-0.0814849	0.985387
0.0666667	0.995229	0.037362	0.0901339	-0.0407177	0.998533	0.035683	-0.0886685	-0.0391828	0.99529
0.1	0.996093	0.0223447	0.085433	-0.0236891	0.99961	0.0147543	-0.08507	-0.0167205	0.996235
0.133333	0.996225	0.0158773	0.0853472	-0.0164829	0.999844	0.00639609	-0.0852323	-0.00777871	0.996331
0.166667	0.996237	0.012405	0.0857829	-0.0127896	0.99991	0.0039359	-0.0857264	-0.00501821	0.996306
0.2	0.996237	0.00971413	0.0861194	-0.00992314	0.999949	0.00199919	-0.0860955	-0.00284624	0.996283
0.233333	0.996245	0.00749042	0.0862494	-0.0076032	0.999971	0.000979197	-0.0862396	-0.00163129	0.996273
0.266667	0.996208	0.00576358	0.0868104	-0.00582441	0.999983	0.000447395	-0.0868063	-0.000951318	0.996225
0.3	0.996172	0.0046159	0.0872897	-0.00468649	0.999989	0.0006038	-0.0872859	-0.00101057	0.996183
0.333333	0.996151	0.00329786	0.087595	-0.00333523	0.999994	0.0002803	-0.0875936	-0.000571371	0.996156
0.366667	0.996157	0.00254421	0.0875482	-0.00256506	0.999997	0.000125579	-0.0875476	-0.000349663	0.99616
0.4	0.996172	0.00181215	0.087397	-0.0017816	0.999998	-0.000427533	-0.0873976	0.000270189	0.996173
0.433333	0.996194	0.000948077	0.0871594	-0.000842525	0.999999	-0.00124781	-0.0871605	0.00116962	0.996194
0.466667	0.996209	0.000168033	0.0869959	-8.61387e-06	0.999998	-0.00183287	-0.086996	0.00182517	0.996207
0.5	0.996221	-0.000290217	0.0868581	0.000438382	0.999998	-0.00168676	-0.0868574	0.00171846	0.996219
0.533333	0.996217	-0.00155729	0.0868849	0.00183842	0.999993	-0.00315568	-0.0868794	0.00330348	0.996213
0.566667	0.996258	-0.00155333	0.0864179	0.00176411	0.999996	-0.00236282	-0.0864138	0.00250642	0.996256
0.6	0.996276	-0.00172662	0.0862009	0.0019473	0.999995	-0.00247612	-0.0861962	0.00263476	0.996275
0.633333	0.996288	-0.0021914	0.0860504	0.00243697	0.999993	-0.00274884	-0.0860438	0.00294834	0.996287
0.666667	0.996328	-0.00231681	0.0855843	0.00260483	0.999991	-0.00325391	-0.0855761	0.00346489	0.996326
0.7	0.996368	-0.00310395	0.0850898	0.00344904	0.999986	-0.00390889	-0.0850766	0.00418818	0.996366
0.733333	0.996404	-0.00348031	0.0846547	0.00384375	0.999984	-0.00413062	-0.0846389	0.00444116	0.996402
0.766667	0.996456	-0.00368447	0.08403	0.00404681	0.999983	-0.00414214	-0.0840134	0.00446752	0.996455
0.8	0.996507	-0.00392621	0.0834135	0.00428732	0.999982	-0.00415041	-0.0833957	0.00449353	0.996506
0.833333	0.996502	-0.00482944	0.0834343	0.00526318	0.999974	-0.00497939	-0.083408	0.0054011	0.996501
0.866667	0.996525	-0.00513687	0.0831395	0.00555657	0.999973	-0.00481748	-0.0831125	0.0052627	0.996526
0.9	0.996528	-0.00561922	0.0830665	0.00608326	0.999967	-0.00533431	-0.0830338	0.0058211	0.99653
0.933333	0.996555	-0.00518047	0.0827678	0.00554334	0.999976	-0.00415509	-0.0827443	0.00459959	0.99656
0.966667	0.996561	-0.00535702	0.0826935	0.00570633	0.999976	-0.00398838	-0.0826702	0.00444654	0.996567
1	0.996551	-0.00520768	0.082819	0.00555038	0.999977	-0.00390824	-0.0827968	0.00435444	0.996557
1.03333	0.99655	-0.00511155	0.0828366	0.00546136	0.999977	-0.00399684	-0.0828143	0.00443545	0.996555
1.06667	0.996587	-0.00512888	0.0823894	0.00547005	0.999977	-0.00391577	-0.0823674	0.00435308	0.996593
1.1	0.996695	-0.00484758	0.0810859	0.00517725	0.999979	-0.00385595	-0.0810656	0.00426301	0.9967
1.13333	0.996883	-0.00455635	0.078762	0.00487694	0.999981	-0.00387841	-0.0787428	0.00425044	0.996886
1.16667	0.997032	-0.0047207	0.0768492	0.0050688	0.999978	-0.00433528	-0.076827	0.00471194	0.997033
1.2	0.997092	-0.00453993	0.0760726	0.0048381	0.999981	-0.00373567	-0.0760542	0.00409285	0.997095
1.23333	0.997049	-0.00413673	0.0766554	0.0043762	0.999986	-0.00295616	-0.0766421	0.0032829	0.997053
1.26667	0.996952	-0.00400476	0.0779121	0.00422162	0.999988	-0.00261896	-0.0779007	0.00293989	0.996957
1.3	0.996889	-0.00380009	0.0787246	0.00400942	0.999989	-0.00250114	-0.0787142	0.002809	0.996893
1.33333	0.996874	-0.00354475	0.07893	0.00372489	0.999991	-0.00213516	-0.0789217	0.00242249	0.996878
1.36667	0.996866	-0.00349608	0.0790336	0.00369613	0.99999	-0.00238501	-0.0790245	0.00266965	0.996869
1.4	0.996876	-0.00332683	0.0789143	0.00350492	0.999992	-0.00211828	-0.0789066	0.00238825	0.996879
1.43333	0.996888	-0.00292109	0.0787818	0.00306992	0.999994	-0.00176816	-0.0787761	0.00200451	0.99689
1.46667	0.996919	-0.00302962	0.0783802	0.0031437	0.999994	-0.00133216	-0.0783757	0.00157446	0.996923
1.5	0.996949	-0.00277704	0.0780018	0.00286227	0.999995	-0.000980848	-0.0779987	0.00120112	0.996953
1.53333	0.996963	-0.00272407	0.0778324	0.00278391	0.999996	-0.000660393	-0.0778303	0.000875065	0.996966
1.56667	0.996959	-0.00269782	0.077883	0.00272898	0.999996	-0.000293713	-0.0778819	0.000505361	0.996962
1.6	0.996945	-0.0025834	0.0780639	0.00258147	0.999997	0.000125685	-0.078064	7.62189e-05	0.996948
1.63333	0.996934	-0.0023925	0.0782129	0.00240156	0.999997	-2.18247e-05	-0.0782126	0.000209591	0.996937
1.66667	0.996932	-0.0025188	0.0782312	0.00250438	0.999997	0.00028244	-0.0782316	-8.56529e-05	0.996935
1.7	0.996939	-0.0027703	0.0781334	0.00279588	0.999996	-0.000217986	-0.0781325	0.000435771	0.996943
1.73333	0.996955	-0.00260189	0.077939	0.0025782	0.999997	0.00040452	-0.0779398	-0.000202345	0.996958
1.76667	0.997007	-0.00293104	0.0772582	0.00289456	0.999996	0.00058411	-0.0772596	-0.000358733	0.997011
1.8	0.996989	-0.00322662	0.0774804	0.00319237	0.999995	0.000565888	-0.0774818	-0.000316838	0.996994
1.83333	0.997021	-0.00312278	0.0770678	0.00313154	0.999995	7.23485e-06	-0.0770675	0.000234127	0.997026
1.86667	0.997032	-0.00338405	0.0769122	0.0034266	0.999994	-0.000421261	-0.0769103	0.000683558	0.997038
1.9	0.997052	-0.00388059	0.0766256	0.0039578	0.999992	-0.00085574	-0.0766216	0.00115649	0.99706
1.93333	0.997072	-0.00366525	0.0763797	0.00374745	0.999993	-0.000932877	-0.0763758	0.00121637	0.997078
1.96667	0.997075	-0.0042508	0.0763159	0.00434406	0.99999	-0.00105613	-0.0763106	0.00138456	0.997083
2	0.99707	-0.00377693	0.0763962	0.00385609	0.999992	-0.000888736	-0.0763922	0.00118072	0.997077
2.03333	0.997088	-0.00440515	0.0761276	0.00456174	0.999988	-0.00188326	-0.0761184	0.00222506	0.997096
2.06667	0.997084	-0.00504602	0.0761383	0.00523436	0.999984	-0.00227431	-0.0761256	0.00266621	0.997095
2.1	0.99704	-0.00547343	0.0766835	0.00565481	0.999982	-0.00214828	-0.0766703	0.00257555	0.997053
2.13333	0.997025	-0.00625964	0.0768298	0.00643754	0.999977	-0.00206804	-0.0768151	0.00255648	0.997042
2.16667	0.99698	-0.00615402	0.0774173	0.00635633	0.999977	-0.00236715	-0.0774009	0.00285209	0.996996
2.2	0.996834	-0.00848779	0.079057	0.00895043	0.999945	-0.00549938	-0.079006	0.00618956	0.996855
2.23333	0.996709	-0.009808	0.0804678	0.010485	0.999913	-0.00799505	-0.0803824	0.00881244	0.996725
2.26667	0.99649	-0.0123341	0.0827994	0.0132681	0.999854	-0.010739	-0.0826549	0.0117999	0.996508
2.3	0.996288	-0.0149893	0.0847722	0.0162367	0.99977	-0.0140441	-0.0845422	0.0153684	0.996301
2.33333	0.996035	-0.0179544	0.0871362	0.0196975	0.999622	-0.0191852	-0.0867588	0.0208255	0.996012
2.36667	0.99559	-0.0229265	0.0909699	0.0253808	0.999342	-0.0259143	-0.0903159	0.0281089	0.995516
2.4	0.994849	-0.0327532	0.0959323	0.0362904	0.998715	-0.0353617	-0.0946509	0.038661	0.99476
2.43333	0.99361	-0.0456252	0.103232	0.0505317	0.997689	-0.0454231	-0.100921	0.0503493	0.99362
2.46667	0.991977	-0.0593323	0.11163	0.0656959	0.996366	-0.0542172	-0.108007	0.0611159	0.99227
2.5	0.990387	-0.0648585	0.122177	0.0726643	0.995517	-0.0605514	-0.117702	0.0688473	0.99066
2.53333	0.989869	-0.0600895	0.128638	0.0681579	0.995913	-0.0592634	-0.124551	0.0674307	0.989919
2.56667	0.99009	-0.0538731	0.129693	0.0611988	0.996708	-0.0531765	-0.126401	0.0605866	0.990127
2.6	0.990416	-0.0519936	0.127959	0.0585961	0.997109	-0.0483847	-0.125073	0.0554189	0.990599
2.63333	0.990283	-0.0563549	0.127134	0.0617336	0.997339	-0.0387684	-0.124611	0.0462402	0.991128
2.66667	0.9898	-0.0635321	0.127517	0.0681145	0.997167	-0.0318984	-0.125129	0.0402587	0.991323
2.7	0.989406	-0.0702324	0.127053	0.0737266	0.997013	-0.0230056	-0.125058	0.0321291	0.991629
2.73333	0.989354	-0.0728784	0.125968	0.0751474	0.997083	-0.0133491	-0.124628	0.0226732	0.991944
2.76667	0.989692	-0.0715671	0.124045	0.0727336	0.997339	-0.00489547	-0.123365	0.0138673	0.992264
2.8	0.98993	-0.0706805	0.122648	0.0707268	0.997488	0.00398174	-0.122621	0.00473286	0.992442
2.83333	0.99002	-0.0715456	0.121417	0.0702539	0.997418	0.0148915	-0.122169	-0.00621284	0.99249
2.86667	0.990201	-0.0721886	0.119544	0.0694205	0.997218	0.0271651	-0.121172	-0.0186001	0.992457
2.9	0.990269	-0.0757773	0.116729	0.0723234	0.996817	0.0335521	-0.1189	-0.0247834	0.992597
2.93333	0.990269	-0.0800053	0.113872	0.0768744	0.996539	0.0316325	-0.116008	-0.0225709	0.992992
2.96667	0.990214	-0.0844937	0.111072	0.0822924	0.996313	0.0242635	-0.112713	-0.0148857	0.993516
3	0.990254	-0.0868375	0.10889	0.085661	0.996205	0.0154445	-0.109818	-0.00596634	0.993934
3.03333	0.990958	-0.0850161	0.103804	0.0845895	0.99638	0.00851245	-0.104152	0.000345249	0.994561
3.06667	0.991329	-0.0881936	0.0974147	0.0875159	0.9961	0.0112158	-0.0980239	-0.00259322	0.995181
3.1	0.991277	-0.0945368	0.0918264	0.0936015	0.995505	0.0144486	-0.0927796	-0.00572752	0.99567
3.13333	0.991017	-0.0984776	0.0904898	0.0972118	0.995095	0.0183018	-0.0918483	-0.00934075	0.995729
3.16667	0.99104	-0.0992204	0.0894121	0.0983794	0.995054	0.0137757	-0.0903367	-0.004856	0.995899
3.2	0.99118	-0.100208	0.0867162	0.0999441	0.994966	0.00738699	-0.0870199	0.00134493	0.996206
3.23333	0.991211	-0.101406	0.0849557	0.101392	0.994836	0.00448692	-0.0849721	0.00416636	0.996375
3.26667	0.99094	-0.103033	0.0861575	0.102868	0.994675	0.00635593	-0.0863535	0.00256454	0.996261
3.3	0.990925	-0.102603	0.0868368	0.101712	0.994706	0.0146365	-0.0878788	-0.00567127	0.996115
3.33333	0.991133	-0.100683	0.0867049	0.0992089	0.994842	0.0211551	-0.0883876	-0.0123656	0.996009
3.36667	0.991218	-0.0979098	0.0888865	0.0961637	0.995083	0.0237289	-0.0907727	-0.0149729	0.995759
3.4	0.991249	-0.0935781	0.0931076	0.0919088	0.995523	0.0220682	-0.0947558	-0.0133177	0.995411
3.43333	0.991442	-0.0864044	0.0978598	0.0849664	0.996207	0.0187748	-0.0991108	-0.0102994	0.995023
3.46667	0.991903	-0.075619	0.102027	0.0742292	0.99709	0.0173563	-0.103043	-0.00964237	0.99463
3.5	0.992597	-0.0622678	0.104278	0.0606452	0.997985	0.0186633	-0.10523	-0.0122012	0.994373
3.53333	0.993186	-0.0478563	0.106263	0.0460536	0.998751	0.0193548	-0.107057	-0.0143291	0.99415
3.56667	0.993605	-0.0340048	0.107673	0.0323047	0.999325	0.0174949	-0.108196	-0.0139047	0.994032
3.6	0.993987	-0.0202134	0.107612	0.018815	0.999725	0.0139947	-0.107865	-0.0118858	0.994094
3.63333	0.994207	-0.0042017	0.1074	0.00301403	0.999933	0.0112183	-0.10744	-0.0108296	0.994153
3.66667	0.99411	0.0111562	0.107802	-0.0121408	0.99989	0.00848195	-0.107695	-0.00974079	0.994136
3.7	0.993926	0.0242054	0.107358	-0.0248433	0.999681	0.00460795	-0.107213	-0.0072471	0.99421
3.73333	0.993829	0.0337643	0.10566	-0.0338477	0.999426	-0.00100411	-0.105634	-0.00257844	0.994402
3.76667	0.993801	0.041236	0.103243	-0.040655	0.999143	-0.0077261	-0.103473	0.00348087	0.994626
3.8	0.993655	0.0495386	0.100972	-0.0483151	0.998726	-0.0145282	-0.101564	0.00955757	0.994783
3.83333	0.993433	0.0590292	0.0980155	-0.0572339	0.998139	-0.0210303	-0.0990746	0.0152823	0.994963
3.86667	0.99327	0.0678514	0.0938685	-0.0657488	0.997515	-0.0253178	-0.0953531	0.0189757	0.995263
3.9	0.993444	0.0719066	0.0888763	-0.0701589	0.997279	-0.0226383	-0.0902623	0.0162544	0.995785
3.93333	0.993931	0.0728676	0.0824117	-0.0719568	0.99731	-0.0139719	-0.0832081	0.00795706	0.9965
3.96667	0.993748	0.0831515	0.0745061	-0.0824245	0.996515	-0.0127849	-0.0753095	0.00656388	0.997139
4	0.993662	0.090037	0.0673023	-0.0894482	0.995923	-0.0117181	-0.068083	0.00562372	0.997664
4.03333	0.993439	0.0935595	0.0657681	-0.0928062	0.99558	-0.014424	-0.0668269	0.00822572	0.997731
4.06667	0.993563	0.0912114	0.067172	-0.0903507	0.995785	-0.0157483	-0.0683253	0.00957791	0.997617
4.1	0.993824	0.0878506	0.0677961	-0.0867785	0.996054	-0.0186053	-0.0691631	0.0126071	0.997526
4.13333	0.993789	0.0885727	0.0673709	-0.0871758	0.995918	-0.0234058	-0.069169	0.0173873	0.997453
4.16667	0.99353	0.0907099	0.0683309	-0.0890386	0.995659	-0.0271261	-0.0704949	0.0208665	0.997294
4.2	0.993245	0.0924818	0.0700777	-0.0907856	0.995504	-0.0270224	-0.0722617	0.0204778	0.997175
4.23333	0.99352	0.0869779	0.0731648	-0.0850954	0.995966	-0.0284703	-0.0753459	0.0220598	0.996913
4.26667	0.994095	0.0750831	0.0783472	-0.0730178	0.996912	-0.0289059	-0.0802756	0.0230144	0.996507
4.3	0.99465	0.0622695	0.0824245	-0.0599906	0.997753	-0.0298445	-0.0840976	0.0247402	0.99615
4.33333	0.995254	0.0468514	0.0852938	-0.0441978	0.998486	-0.0327394	-0.0866986	0.0288142	0.995818
4.36667	0.995683	0.0298763	0.0878771	-0.0267313	0.998967	-0.0367507	-0.0888843	0.034243	0.995453
4.4	0.995822	0.01071	0.0906895	-0.0068084	0.999042	-0.0432219	-0.0910656	0.0424239	0.994941
4.43333	0.995613	-0.00513618	0.0934249	0.00912172	0.999064	-0.0422835	-0.0931203	0.0429502	0.994728
4.46667	0.995249	-0.0177816	0.0957221	0.0215511	0.999027	-0.0384908	-0.0949445	0.0403708	0.994664
4.5	0.994938	-0.0275926	0.0966324	0.0308357	0.999005	-0.0322298	-0.095647	0.0350464	0.994798
4.53333	0.994734	-0.0346328	0.0964596	0.037125	0.999018	-0.0241622	-0.0955282	0.027616	0.995044
4.56667	0.994585	-0.0390312	0.0963184	0.0405926	0.999073	-0.0143042	-0.0956709	0.0181366	0.995248
4.6	0.994543	-0.0420228	0.0954851	0.0425832	0.999086	-0.00383855	-0.0952365	0.00788366	0.995423
4.63333	0.994647	-0.0429569	0.0939813	0.0425077	0.999073	0.00677763	-0.0941854	-0.00274642	0.995551
4.66667	0.994901	-0.0428887	0.0912874	0.0415179	0.998995	0.0168636	-0.091919	-0.0129875	0.995682
4.7	0.995096	-0.0449067	0.0881308	0.0428887	0.998775	0.0246603	-0.0891303	-0.0207595	0.995804
4.73333	0.995286	-0.0465683	0.0850761	0.0444199	0.998649	0.0269734	-0.0862172	-0.0230672	0.996009
4.76667	0.995569	-0.0461951	0.0818998	0.0442502	0.998697	0.0254068	-0.0829667	-0.0216702	0.996317
4.8	0.996026	-0.0426378	0.0781994	0.0410704	0.998924	0.0215447	-0.0790339	-0.0182474	0.996705
4.83333	0.996595	-0.0385239	0.0728943	0.0374257	0.999165	0.0163726	-0.0734642	-0.0135887	0.997205
4.86667	0.996786	-0.0421416	0.0681349	0.0409716	0.998989	0.018479	-0.0688447	-0.015628	0.997505
4.9	0.996511	-0.0515524	0.0656357	0.0502229	0.998501	0.0217487	-0.0666585	-0.0183764	0.997607
4.93333	0.996157	-0.0573348	0.0662085	0.0556448	0.998083	0.0270946	-0.067635	-0.0233063	0.997438
4.96667	0.996156	-0.0559977	0.0673621	0.0543009	0.998166	0.0267631	-0.0687372	-0.0230024	0.99737
5	0.995953	-0.059421	0.0674229	0.0580515	0.998069	0.0220948	-0.0686056	-0.0180914	0.99748
5.03333	0.995745	-0.062448	0.0677692	0.0612572	0.997931	0.0195114	-0.0688475	-0.015277	0.99751
5.06667	0.995714	-0.0607496	0.0697339	0.0594972	0.99803	0.0199	-0.0708054	-0.0156658	0.997367
5.1	0.99575	-0.0568635	0.0724527	0.0554282	0.998227	0.0216703	-0.0735566	-0.0175623	0.997136
5.13333	0.995623	-0.0549629	0.0755885	0.0535695	0.998357	0.02034	-0.0765822	-0.0162017	0.996932
5.16667	0.995585	-0.0498158	0.0795583	0.0483414	0.998623	0.0203527	-0.0804627	-0.0164169	0.996622
5.2	0.995553	-0.0431112	0.0837628	0.0417271	0.998963	0.0182068	-0.0844609	-0.0146306	0.996319
5.23333	0.995679	-0.0324557	0.0870076	0.0310832	0.999371	0.0170836	-0.0875073	-0.0143053	0.996061
5.26667	0.995774	-0.020314	0.089558	0.0187667	0.99966	0.018086	-0.089895	-0.0163288	0.995817
5.3	0.995789	-0.00788668	0.0913317	0.00610882	0.999787	0.0197292	-0.0914678	-0.0190882	0.995625
5.33333	0.995786	0.00489756	0.0915737	-0.00697164	0.999726	0.0223431	-0.0914392	-0.0228874	0.995548
5.36667	0.995648	0.0175369	0.0915257	-0.0198887	0.999493	0.0248474	-0.0910436	-0.0265596	0.995493
5.4	0.995365	0.0280463	0.0919931	-0.0305157	0.999208	0.0255477	-0.0912037	-0.0282365	0.995432
5.43333	0.995029	0.0380535	0.0920285	-0.0405732	0.998847	0.0256653	-0.0909457	-0.0292716	0.995426
5.46667	0.994654	0.0478177	0.0915234	-0.0501782	0.99846	0.0236645	-0.0902509	-0.0281305	0.995522
5.5	0.994253	0.055967	0.0912576	-0.0578618	0.998158	0.0182495	-0.0900682	-0.0234249	0.99566
5.53333	0.993921	0.0629039	0.0903518	-0.064037	0.9979	0.00969517	-0.0895523	-0.0154221	0.995863
5.56667	0.993617	0.0694176	0.0889199	-0.0696818	0.997569	-0.000133314	-0.088713	-0.00606364	0.996039
5.6	0.993355	0.0749303	0.0873546	-0.0744711	0.997187	-0.00850888	-0.0877464	0.00194695	0.996141
5.63333	0.993295	0.0790639	0.0843472	-0.0782222	0.996848	-0.0132428	-0.0851283	0.00655623	0.996348
5.66667	0.993389	0.0815624	0.0807767	-0.0806861	0.99664	-0.01406	-0.0816521	0.0074495	0.996633
5.7	0.993559	0.0834682	0.0766392	-0.082872	0.9965	-0.0109326	-0.0772835	0.00451093	0.996999
5.73333	0.993854	0.0852533	0.0706059	-0.084997	0.996359	-0.00663282	-0.0709143	0.000590769	0.997482
5.76667	0.993358	0.0944513	0.065716	-0.0942717	0.995529	-0.00583539	-0.0659733	-0.000398525	0.997821
5.8	0.993106	0.101046	0.0594169	-0.100756	0.99488	-0.00786182	-0.0599071	0.00182098	0.998202
5.83333	0.992646	0.105945	0.0585616	-0.105426	0.994356	-0.0118912	-0.0594909	0.00562984	0.998213
5.86667	0.992813	0.103879	0.0594339	-0.103066	0.994536	-0.0165931	-0.0608328	0.0103482	0.998094
5.9	0.993198	0.100107	0.0594687	-0.0990539	0.994873	-0.0204106	-0.061207	0.0143812	0.998021
5.93333	0.993498	0.0971771	0.0593147	-0.0958904	0.995098	-0.0241729	-0.061373	0.018328	0.997947
5.96667	0.993426	0.0977916	0.0595164	-0.0963076	0.994977	-0.0273188	-0.061889	0.0214073	0.997853
6	0.99328	0.0983918	0.0609409	-0.0969487	0.994944	-0.0262084	-0.0632115	0.0201241	0.997797
6.03333	0.993549	0.0940111	0.0634191	-0.0926409	0.995405	-0.0242171	-0.0654044	0.0181856	0.997693
6.06667	0.994366	0.0814533	0.0678353	-0.0799316	0.99649	-0.0248571	-0.0696219	0.0192949	0.997387
6.1	0.995138	0.0666712	0.0724989	-0.064972	0.99756	-0.0255508	-0.0740255	0.0207161	0.997041
6.13333	0.995854	0.0508891	0.0754042	-0.0488613	0.998399	-0.0284986	-0.0767338	0.0246961	0.996746
6.16667	0.99634	0.035309	0.0778488	-0.0327524	0.998889	-0.0338773	-0.0789585	0.0312035	0.996389
6.2	0.996529	0.0197061	0.080884	-0.0165302	0.999073	-0.0397476	-0.0815923	0.0382726	0.995931
6.23333	0.996419	0.0029741	0.0844963	0.000764939	0.999023	-0.0441841	-0.0845452	0.0440905	0.995444
6.26667	0.99602	-0.0126311	0.0882303	0.0166577	0.998846	-0.0450514	-0.0875594	0.0463418	0.995081
6.3	0.9955	-0.0256168	0.0912287	0.0296273	0.998641	-0.0428817	-0.0900062	0.0453916	0.994906
6.33333	0.994998	-0.0364576	0.0930053	0.0401975	0.998444	-0.0386601	-0.0914511	0.0422053	0.994915
6.36667	0.99458	-0.0441129	0.0941568	0.0473933	0.998335	-0.032892	-0.0925491	0.0371761	0.995014
6.4	0.994334	-0.0486236	0.0945332	0.0512818	0.998348	-0.025895	-0.093118	0.0305961	0.995185
6.43333	0.994345	-0.0504812	0.0934309	0.0523	0.998485	-0.0171204	-0.092425	0.02191	0.995479
6.46667	0.994448	-0.0517874	0.091609	0.0526444	0.998589	-0.00696154	-0.0911192	0.0117456	0.995771
6.5	0.994581	-0.0536051	0.0890757	0.0535256	0.998561	0.00328249	-0.0891234	0.00150313	0.996019
6.53333	0.99466	-0.0555125	0.0870047	0.0546903	0.998434	0.0118071	-0.0875239	-0.00698573	0.996138
6.56667	0.994623	-0.0582563	0.0856188	0.0570839	0.99824	0.0160802	-0.0864049	-0.0111063	0.996198
6.6	0.994602	-0.0599325	0.0847055	0.0586213	0.99812	0.0178851	-0.0856182	-0.012823	0.996246
6.63333	0.994684	-0.0594489	0.0840838	0.0581144	0.998143	0.0182326	-0.0850116	-0.0132492	0.996292
6.66667	0.994881	-0.0578014	0.0828898	0.0566299	0.99826	0.0164177	-0.0836946	-0.0116396	0.996423
6.7	0.9952	-0.0558309	0.080375	0.0551948	0.998424	0.0101162	-0.0808131	-0.00563132	0.996713
6.73333	0.995373	-0.0581362	0.0764983	0.0578667	0.998308	0.00573584	-0.0767023	-0.00128259	0.997053
6.76667	0.995273	-0.0665132	0.0707591	0.0661298	0.997781	0.00774979	-0.0711175	-0.00303387	0.997463
6.8	0.995323	-0.0689171	0.067697	0.0683258	0.997602	0.0110151	-0.0682938	-0.00633814	0.997645
6.83333	0.995539	-0.0666711	0.0667593	0.0660436	0.99775	0.0115648	-0.0673801	-0.00710418	0.997702
6.86667	0.995694	-0.0657847	0.0653156	0.0652318	0.997814	0.0105649	-0.0658678	-0.00625878	0.997809
6.9	0.995716	-0.065691	0.0650793	0.0651773	0.997824	0.00998733	-0.0655937	-0.00570284	0.99783
6.93333	0.995443	-0.0671049	0.0677538	0.0664826	0.997722	0.0114011	-0.0683646	-0.00684469	0.997637
6.96667	0.995282	-0.0678096	0.0694006	0.0670757	0.997665	0.0128537	-0.0701101	-0.008138	0.997506
7	0.995319	-0.0648376	0.0716629	0.0638943	0.997838	0.0153809	-0.0725052	-0.0107301	0.99731
7.03333	0.995406	-0.0589662	0.0754306	0.0578815	0.998187	0.0164887	-0.0762661	-0.012047	0.997015
7.06667	0.99552	-0.0520699	0.078917	0.0510439	0.998584	0.0149641	-0.0795845	-0.0108688	0.996769
7.1	0.99583	-0.0405588	0.0817159	0.0394649	0.999109	0.0149589	-0.0822498	-0.0116716	0.996543
7.13333	0.996141	-0.0280829	0.0831581	0.0266936	0.999486	0.0177721	-0.0836144	-0.0154837	0.996378
7.16667	0.996258	-0.0148892	0.0851344	0.0131447	0.999693	0.0210149	-0.0854212	-0.0198172	0.996148
7.2	0.996244	-0.00382785	0.0865045	0.00188296	0.999744	0.0225536	-0.0865686	-0.022306	0.995996
7.23333	0.996248	0.00603588	0.0863304	-0.00799877	0.999717	0.0224092	-0.0861707	-0.0230156	0.996015
7.26667	0.996096	0.0157167	0.0868693	-0.0176674	0.999608	0.0217324	-0.0864937	-0.0231823	0.995983
7.3	0.995771	0.0269473	0.0878285	-0.0287427	0.999402	0.019241	-0.0872574	-0.0216841	0.99595
7.33333	0.995395	0.0366785	0.0885597	-0.0380937	0.999171	0.0143425	-0.0879602	-0.01765	0.995968
7.36667	0.995059	0.0437841	0.0891109	-0.0446705	0.99897	0.00797707	-0.0886698	-0.0119183	0.99599
7.4	0.994854	0.0489515	0.0887132	-0.0493049	0.998782	0.00179581	-0.0885172	-0.00616057	0.996056
7.43333	0.994605	0.0534728	0.088886	-0.0533195	0.998569	-0.00410015	-0.0889781	-0.000661322	0.996033
7.46667	0.99447	0.0577768	0.0877045	-0.0569709	0.998308	-0.0116667	-0.0882302	0.00660562	0.996078
7.5	0.994341	0.0610475	0.0869419	-0.0596889	0.998052	-0.018144	-0.0878802	0.0128519	0.996048
7.53333	0.994156	0.0652881	0.0859785	-0.0636459	0.997736	-0.0217078	-0.0872011	0.0161087	0.99606
7.56667	0.994048	0.0690821	0.0842357	-0.0674091	0.997471	-0.0225492	-0.0855804	0.0167367	0.996191
7.6	0.994138	0.0709721	0.0815608	-0.0694376	0.997355	-0.0215021	-0.082871	0.0157127	0.996436
7.63333	0.994453	0.0710808	0.0775329	-0.0697928	0.997377	-0.0192018	-0.0786944	0.0136841	0.996805
7.66667	0.99489	0.0706174	0.0721535	-0.0697512	0.99746	-0.0144581	-0.0729912	0.00935148	0.997289
7.7	0.994698	0.0791059	0.0657194	-0.0784259	0.996837	-0.0128674	-0.0665294	0.00764505	0.997755
7.73333	0.994597	0.0855845	0.0587494	-0.0848779	0.996287	-0.0144245	-0.0597658	0.00936005	0.998169
7.76667	0.994187	0.0900659	0.059002	-0.0891644	0.995859	-0.017744	-0.0603558	0.01238	0.9981
7.8	0.993784	0.0931363	0.0609797	-0.0921041	0.995558	-0.0195312	-0.0625278	0.0137934	0.997948
7.83333	0.99356	0.0950277	0.061718	-0.0939242	0.995367	-0.0205471	-0.0633846	0.014618	0.997882
7.86667	0.993546	0.0955622	0.0611039	-0.0944371	0.995308	-0.0210489	-0.0628287	0.0151426	0.997909
7.9	0.993297	0.0977066	0.0617694	-0.0965737	0.995103	-0.0210748	-0.063526	0.0149683	0.997868
7.93333	0.992948	0.0994085	0.0645852	-0.0984254	0.994977	-0.0182362	-0.0660737	0.0117508	0.997746
7.96667	0.9929	0.0972014	0.0685692	-0.0963891	0.99523	-0.0150652	-0.0697064	0.00834896	0.997533
8	0.99329	0.0905298	0.0719739	-0.0897194	0.995863	-0.0144201	-0.0729816	0.00786587	0.997302
8.03333	0.994052	0.0772055	0.076807	-0.0762637	0.996973	-0.0151246	-0.0777422	0.00917709	0.996931
8.06667	0.994802	0.062436	0.0804348	-0.0612496	0.997975	-0.0171365	-0.0813419	0.0121208	0.996613
8.1	0.995359	0.0470298	0.0839571	-0.045493	0.998762	-0.0201269	-0.0847997	0.016214	0.996266
8.13333	0.995765	0.0306801	0.0866673	-0.0286721	0.999293	-0.0243199	-0.0873522	0.021732	0.99594
8.16667	0.995939	0.0154563	0.0886893	-0.0130075	0.99952	-0.0281231	-0.0890813	0.0268553	0.995662
8.2	0.995845	0.000972601	0.0910631	0.00211644	0.999426	-0.0338193	-0.0910437	0.0338715	0.995271
8.23333	0.995568	-0.0114445	0.0933406	0.0148749	0.999236	-0.0361398	-0.0928557	0.0373681	0.994978
8.26667	0.995121	-0.0224174	0.0960781	0.0257603	0.9991	-0.0336951	-0.0952363	0.0360057	0.994803
8.3	0.994681	-0.0302802	0.0984542	0.03297	0.999123	-0.0258088	-0.0975864	0.0289176	0.994807
8.33333	0.994595	-0.0335059	0.0982731	0.0350615	0.999285	-0.0141441	-0.0977289	0.0175133	0.995059
8.36667	0.994754	-0.0327509	0.0969146	0.0330351	0.999453	-0.00132932	-0.0968181	0.00452393	0.995292
8.4	0.995021	-0.031279	0.0946253	0.0304634	0.999485	0.0100518	-0.094891	-0.0071191	0.995462
8.43333	0.995172	-0.0309908	0.0931246	0.0293356	0.999387	0.0190912	-0.0936592	-0.0162671	0.995471
8.46667	0.995221	-0.0331756	0.0918394	0.0310745	0.999224	0.0242144	-0.0925715	-0.0212449	0.995479
8.5	0.995135	-0.0375432	0.0910921	0.0354869	0.99908	0.0240899	-0.0919127	-0.0207401	0.995551
8.53333	0.995165	-0.0403555	0.089544	0.038578	0.999024	0.0214938	-0.090324	-0.0179355	0.995751
8.56667	0.995431	-0.0402331	0.0865943	0.0386045	0.999046	0.0204004	-0.0873325	-0.0169643	0.996035
8.6	0.995715	-0.0407974	0.0829883	0.0395443	0.999078	0.0166892	-0.0835927	-0.013336	0.996411
8.63333	0.99564	-0.0481925	0.0798659	0.0469799	0.998751	0.0169944	-0.0805851	-0.0131682	0.996661
8.66667	0.995279	-0.059453	0.076708	0.058053	0.998106	0.0203556	-0.0777729	-0.0158064	0.996846
8.7	0.994971	-0.0643203	0.0767767	0.062709	0.997762	0.0232192	-0.0780983	-0.0182879	0.996778
8.73333	0.99482	-0.0666552	0.0767503	0.0652175	0.997648	0.0210908	-0.0779757	-0.015976	0.996827
8.76667	0.994766	-0.06977	0.0746486	0.0686867	0.997494	0.016985	-0.0756465	-0.0117687	0.997065
8.8	0.994846	-0.0707938	0.0725885	0.0700407	0.997461	0.0128713	-0.0733155	-0.00772082	0.997279
8.83333	0.994697	-0.0720723	0.0733754	0.0714971	0.997386	0.0104384	-0.0739359	-0.00513689	0.99725
8.86667	0.994453	-0.0756772	0.0730459	0.0751051	0.99712	0.0105502	-0.0736339	-0.0050056	0.997273
8.9	0.994387	-0.0786467	0.0707753	0.0779656	0.99688	0.012339	-0.0715249	-0.0067517	0.997416
8.93333	0.994259	-0.0793234	0.0718049	0.0785414	0.996817	0.0136529	-0.0726594	-0.00793485	0.997325
8.96667	0.994141	-0.0789231	0.0738581	0.0782375	0.996861	0.0121344	-0.0745839	-0.00628486	0.997195
9	0.993975	-0.0795662	0.0753896	0.079306	0.996829	0.00644344	-0.0756632	-0.000425765	0.997133
9.03333	0.994087	-0.0761206	0.0774435	0.0760609	0.997096	0.00372394	-0.0775021	0.00218851	0.99699
9.06667	0.994273	-0.0700965	0.0806741	0.0700127	0.997539	0.00387127	-0.0807469	0.00179912	0.996733
9.1	0.994596	-0.0617683	0.0834486	0.0615189	0.99809	0.00555859	-0.0836326	-0.000394884	0.996497
9.13333	0.994952	-0.0531671	0.0851153	0.0528437	0.998584	0.00604958	-0.0853165	-0.00152123	0.996353
9.16667	0.995218	-0.0461342	0.0860918	0.0458831	0.998935	0.00489458	-0.0862259	-0.000921022	0.996275
9.2	0.995502	-0.038689	0.0864844	0.0386219	0.999251	0.00245016	-0.0865144	0.000901054	0.99625
9.23333	0.995957	-0.0248575	0.0863223	0.0244035	0.999682	0.00631166	-0.0864517	-0.00417958	0.996247
9.26667	0.996133	-0.0149314	0.0865818	0.0145458	0.999881	0.00508282	-0.0866475	-0.00380375	0.996232
9.3	0.996239	-0.00538586	0.086477	0.00513109	0.999982	0.00316813	-0.0864925	-0.00271249	0.996249
9.33333	0.996213	0.00347381	0.0868737	-0.00356331	0.999993	0.000875205	-0.08687	-0.00118145	0.996219
9.36667	0.996053	0.00827346	0.0883687	-0.00761591	0.999941	-0.00777558	-0.0884278	0.00707189	0.996057
9.4	0.995823	0.0194929	0.0891995	-0.0191338	0.999805	-0.00487991	-0.0892772	0.0031528	0.996002
9.43333	0.995707	0.0261797	0.0887786	-0.0253865	0.999627	-0.0100521	-0.0890087	0.00775515	0.996001
9.46667	0.9955	0.0331444	0.0887774	-0.0320105	0.999387	-0.0141664	-0.0891925	0.0112608	0.995951
9.5	0.99531	0.0396466	0.0882367	-0.0381678	0.999102	-0.0183856	-0.0888864	0.0149316	0.99593
9.53333	0.995136	0.0457466	0.0872458	-0.0439921	0.998791	-0.0219292	-0.0881436	0.0179844	0.995945
9.56667	0.994978	0.0500619	0.0866773	-0.0480637	0.998532	-0.0249897	-0.087801	0.0206981	0.995923
9.6	0.994765	0.0545957	0.0863848	-0.0524675	0.998265	-0.0267187	-0.0876936	0.0220465	0.995904
9.63333	0.994584	0.0584381	0.0859571	-0.0560846	0.997989	-0.029547	-0.0875109	0.0245661	0.995861
9.66667	0.994597	0.0606386	0.0842557	-0.0580997	0.997789	-0.0322679	-0.0860261	0.0271984	0.995922
9.7	0.994787	0.0616481	0.0812325	-0.0591711	0.997717	-0.0325572	-0.0830541	0.0275808	0.996163
9.73333	0.995213	0.0597246	0.0773544	-0.0574695	0.997864	-0.0310594	-0.0790442	0.0264652	0.99652
9.76667	0.995521	0.0610161	0.0722199	-0.0593335	0.99792	-0.0252195	-0.0736084	0.0208215	0.99707
9.8	0.995245	0.0714765	0.0661766	-0.0700602	0.997266	-0.0234835	-0.0676742	0.0187354	0.997532
9.83333	0.994704	0.0822762	0.0615981	-0.0810888	0.996474	-0.0215386	-0.063153	0.0164296	0.997869
9.86667	0.994156	0.0881952	0.0622521	-0.0870113	0.995976	-0.0214852	-0.0638965	0.015943	0.997829
9.9	0.993473	0.0940799	0.0645002	-0.0930597	0.995486	-0.0186492	-0.0659635	0.0125251	0.997743
9.93333	0.992915	0.10007	0.064073	-0.0992673	0.994938	-0.0156051	-0.0653103	0.00913423	0.997823
9.96667	0.992697	0.102519	0.0635798	-0.101792	0.994699	-0.0145768	-0.0647372	0.00799847	0.99787
10	0.992681	0.102735	0.0634827	-0.101782	0.994642	-0.0180849	-0.0650006	0.0114912	0.997819
10.0333	0.992774	0.102079	0.0630906	-0.100867	0.994654	-0.0221187	-0.0650111	0.0155951	0.997763
10.0667	0.992761	0.1014	0.0643637	-0.0998955	0.994653	-0.0261894	-0.0666752	0.0195701	0.997583
10.1	0.992614	0.101503	0.0664377	-0.0999795	0.994653	-0.025872	-0.0687086	0.0190385	0.997455
10.1333	0.992511	0.101817	0.0674961	-0.100549	0.99469	-0.0219449	-0.0693721	0.0149939	0.997478
10.1667	0.992749	0.0978805	0.0697758	-0.0967995	0.995128	-0.0187173	-0.0712679	0.0118274	0.997387
10.2	0.99333	0.0890715	0.0732188	-0.087984	0.99596	-0.0179531	-0.0745222	0.0113913	0.997154
10.2333	0.993997	0.0787833	0.0759172	-0.0775703	0.99681	-0.0188003	-0.0771562	0.0127985	0.996937
10.2667	0.99458	0.0679047	0.0787417	-0.0665115	0.997581	-0.0201868	-0.0799221	0.0148401	0.996691
10.3	0.995206	0.0563521	0.0799286	-0.054952	0.998296	-0.0196123	-0.0808977	0.015126	0.996608
10.3333	0.995696	0.0440212	0.0815609	-0.0425326	0.998897	-0.0199008	-0.082347	0.0163461	0.99647
10.3667	0.996019	0.0307904	0.0836521	-0.029177	0.999365	-0.0204412	-0.0842284	0.0179191	0.996285
10.4	0.996121	0.0168558	0.0863639	-0.0151702	0.999682	-0.020137	-0.0866759	0.0187487	0.99606
10.4333	0.995994	0.00452465	0.0893081	-0.00304342	0.999856	-0.0167149	-0.0893708	0.0163761	0.995864
10.4667	0.995844	-0.00707863	0.0907961	0.00810864	0.999907	-0.0109803	-0.0907099	0.0116709	0.995809
10.5	0.995603	-0.0168467	0.0921479	0.0172414	0.999845	-0.00348976	-0.0920749	0.00506318	0.995739
10.5333	0.995516	-0.0220838	0.0919837	0.0218723	0.999755	0.00330724	-0.0920342	-0.00128052	0.995755
10.5667	0.995639	-0.0226329	0.0905048	0.0218049	0.999711	0.0101269	-0.0907078	-0.00810932	0.995845
10.6	0.995882	-0.0214894	0.0880754	0.0201057	0.999661	0.0165681	-0.0884015	-0.014729	0.995976
10.6333	0.996057	-0.0231205	0.0856481	0.0211977	0.999504	0.0232915	-0.0861441	-0.0213841	0.996053
10.6667	0.995979	-0.0274125	0.0852861	0.0250584	0.999278	0.0285516	-0.0860072	-0.0262996	0.995947
10.7	0.995877	-0.0323922	0.084736	0.0297314	0.99903	0.0324772	-0.0857058	-0.029824	0.995874
10.7333	0.996083	-0.0332977	0.0819119	0.0305817	0.998947	0.0341911	-0.0829641	-0.0315522	0.996053
10.7667	0.996366	-0.0324469	0.0787504	0.0298586	0.998982	0.0338255	-0.0797677	-0.0313512	0.99632
10.8	0.996525	-0.0314462	0.0771242	0.0290515	0.999066	0.0319784	-0.0780578	-0.0296267	0.996509
10.8333	0.996625	-0.0304362	0.0762339	0.028141	0.999123	0.031002	-0.0771106	-0.0287521	0.996608
10.8667	0.99683	-0.0289956	0.0740859	0.0269301	0.999224	0.0287298	-0.0748614	-0.0266436	0.996838
10.9	0.996945	-0.0321683	0.0711795	0.0300311	0.999071	0.0308949	-0.0721073	-0.0286629	0.996985
10.9333	0.99677	-0.0420723	0.0684085	0.0397906	0.998616	0.0343831	-0.0697604	-0.03155	0.997065
10.9667	0.99649	-0.0469255	0.069317	0.044426	0.998321	0.0371712	-0.0709448	-0.0339613	0.996902
11	0.996321	-0.0489983	0.0703073	0.046594	0.998285	0.0354399	-0.0719233	-0.0320336	0.996896
11.0333	0.996196	-0.052913	0.0692337	0.0509197	0.998245	0.0302466	-0.0707127	-0.0266062	0.997142
11.0667	0.995921	-0.0587031	0.0685166	0.0571252	0.99806	0.0247682	-0.0698376	-0.0207532	0.997342
11.1	0.995434	-0.0648673	0.0700194	0.0634918	0.997746	0.0216973	-0.071269	-0.0171526	0.99731
11.1333	0.995022	-0.0701941	0.0707399	0.0688144	0.997392	0.0217592	-0.0720828	-0.016783	0.997257
11.1667	0.994798	-0.0726911	0.0713657	0.0711308	0.997174	0.0241693	-0.0729209	-0.0189673	0.997157
11.2	0.994475	-0.0756329	0.0727959	0.0741194	0.996978	0.0232768	-0.0743364	-0.0177526	0.997075
11.2333	0.994235	-0.0772368	0.0743709	0.0760978	0.996937	0.0180336	-0.075536	-0.0122702	0.997068
11.2667	0.994091	-0.0765552	0.0769616	0.0759897	0.997056	0.0102546	-0.0775201	-0.00434569	0.996981
11.3	0.993922	-0.0745762	0.0809773	0.0744798	0.997214	0.00421456	-0.081066	0.00184223	0.996707
11.3333	0.994068	-0.0694134	0.0837266	0.0695064	0.99758	0.00180772	-0.0836494	0.00402253	0.996487
11.3667	0.994434	-0.0615727	0.0854971	0.0616266	0.998097	0.00201153	-0.0854583	0.00326856	0.996336
11.4	0.994799	-0.0520516	0.0875495	0.0518661	0.998644	0.00439411	-0.0876596	0.000169597	0.99615
11.4333	0.995199	-0.0411187	0.0888104	0.040606	0.999147	0.00757262	-0.089046	-0.00393004	0.99602
11.4667	0.995453	-0.0290291	0.0907177	0.0283999	0.999563	0.00821987	-0.0909167	-0.00560613	0.995843
