0	1	0	0	0	1	0	0	0	1
0.0333333	0.981024	0.050409	0.187217	-0.0591207	0.997399	0.0412404	-0.184652	-0.0515263	0.981452
0.0666667	0.991106	0.018629	0.131768	-0.0191436	0.999813	0.00263923	-0.131694	-0.00513827	0.991277
0.1	0.991518	0.0115961	0.129451	-0.00871547	0.999702	-0.0227973	-0.129676	0.0214758	0.991324
0.133333	0.991489	0.00861708	0.129906	-0.0038347	0.999307	-0.0370194	-0.130135	0.0362062	0.990835
0.166667	0.991353	0.00456533	0.131146	0.00174717	0.998847	-0.047978	-0.131214	0.0477923	0.990201
0.2	0.991534	-0.00148885	0.129841	0.00788232	0.99878	-0.048741	-0.12961	0.0493518	0.990336
0.233333	0.991636	-0.0118774	0.128517	0.0179972	0.998753	-0.0465633	-0.127804	0.0484868	0.990614
0.266667	0.991451	-0.0178195	0.129257	0.0233076	0.998884	-0.0410706	-0.128381	0.0437321	0.99076
0.3	0.992282	-0.0204539	0.1223	0.0245061	0.999196	-0.0317217	-0.121553	0.034474	0.991986
0.333333	0.994417	-0.0222904	0.103136	0.02537	0.999268	-0.0286441	-0.102422	0.0311008	0.994255
0.366667	0.995257	-0.0191452	0.0953798	0.0222347	0.999258	-0.0314356	-0.0947072	0.0334072	0.994944
0.4	0.994845	-0.0150818	0.100276	0.0184431	0.999296	-0.0326786	-0.099713	0.0343596	0.994423
0.433333	0.995124	-0.0125182	0.0978392	0.0152539	0.999512	-0.0272628	-0.0974501	0.0286223	0.994829
0.466667	0.995711	-0.0163256	0.0910713	0.0185565	0.999547	-0.0237033	-0.090643	0.0252916	0.995562
0.5	0.99594	-0.0224808	0.0871629	0.024309	0.999505	-0.0199705	-0.0866708	0.0220083	0.995994
0.533333	0.996103	-0.0275499	0.0837866	0.0293444	0.999364	-0.020262	-0.0831751	0.0226417	0.996278
0.566667	0.996262	-0.0287039	0.0814712	0.0308412	0.999209	-0.0250979	-0.0806864	0.0275167	0.99636
0.6	0.996248	-0.0265237	0.0823788	0.0288918	0.999199	-0.0276882	-0.0815784	0.0299644	0.996216
0.633333	0.996074	-0.0240415	0.0851983	0.0264681	0.999272	-0.0274674	-0.084476	0.0296146	0.995985
0.666667	0.996092	-0.0237112	0.0850799	0.0261325	0.999281	-0.0274583	-0.0843677	0.0295743	0.995996
0.7	0.996422	-0.0252868	0.080649	0.0273194	0.999334	-0.0242	-0.0799834	0.0263166	0.996449
0.733333	0.996851	-0.0273131	0.0744516	0.0289334	0.999365	-0.0207724	-0.073837	0.0228611	0.997008
0.766667	0.997151	-0.028776	0.069726	0.0301959	0.999356	-0.0193958	-0.0691229	0.021446	0.997378
0.8	0.9973	-0.0300162	0.0670264	0.0314286	0.999304	-0.0201175	-0.0663759	0.0221697	0.997548
0.833333	0.997252	-0.0316686	0.0669794	0.0331539	0.999226	-0.0211812	-0.0662567	0.0233437	0.99753
0.866667	0.997268	-0.0327367	0.0662254	0.0343185	0.999149	-0.0228897	-0.0654197	0.0250999	0.997542
0.9	0.997409	-0.032738	0.0640587	0.0343175	0.99913	-0.0237147	-0.0632265	0.0258516	0.997664
0.933333	0.997578	-0.0323968	0.0615467	0.0339398	0.999131	-0.0241914	-0.0607094	0.0262216	0.997811
0.966667	0.997709	-0.0316667	0.0597749	0.0331483	0.999163	-0.0239601	-0.0589662	0.0258867	0.997924
1	0.997791	-0.031038	0.0587409	0.0324562	0.9992	-0.0233446	-0.0579693	0.0251995	0.998
1.03333	0.997904	-0.0284332	0.058138	0.0296733	0.999348	-0.0205798	-0.057515	0.0222618	0.998096
1.06667	0.998008	-0.0268511	0.05709	0.0279218	0.999447	-0.0180408	-0.056574	0.0195989	0.998206
1.1	0.998061	-0.0255389	0.0567615	0.0264796	0.999523	-0.0158824	-0.0563288	0.0173546	0.998261
1.13333	0.998097	-0.0254726	0.0561633	0.0263742	0.999534	-0.0153712	-0.0557456	0.0168232	0.998303
1.16667	0.998132	-0.0245701	0.055944	0.0253405	0.999593	-0.0131027	-0.0555993	0.0144959	0.998348
1.2	0.998141	-0.0229109	0.0564765	0.0236028	0.999654	-0.0116147	-0.0561908	0.0129261	0.998336
1.23333	0.998102	-0.0218112	0.0575885	0.022471	0.999689	-0.0108345	-0.0573342	0.012108	0.998282
1.26667	0.998055	-0.0204084	0.0589124	0.0210414	0.999727	-0.0101447	-0.0586893	0.0113645	0.998212
1.3	0.998028	-0.0193952	0.0596928	0.0200097	0.999753	-0.00971392	-0.0594896	0.0108892	0.99817
1.33333	0.997997	-0.0183327	0.0605472	0.0189267	0.999778	-0.00925104	-0.0603642	0.0103785	0.998122
1.36667	0.997924	-0.0184282	0.06171	0.0190624	0.999771	-0.00970468	-0.061517	0.0108609	0.998047
1.4	0.997872	-0.0185388	0.0625077	0.0191771	0.99977	-0.00962763	-0.0623148	0.0108059	0.997998
1.43333	0.997809	-0.0199108	0.0630991	0.0205599	0.999742	-0.009655	-0.0628906	0.0109312	0.997961
1.46667	0.997814	-0.0195737	0.063121	0.0202066	0.999752	-0.00940373	-0.0629212	0.0106586	0.997962
1.5	0.997873	-0.0182463	0.0625809	0.0188664	0.999778	-0.0093313	-0.0623968	0.0104921	0.997996
1.53333	0.997872	-0.0181568	0.0626265	0.0188123	0.999774	-0.00989267	-0.0624327	0.0110498	0.997988
1.56667	0.997914	-0.0189998	0.0616964	0.0195127	0.99978	-0.00772047	-0.0615361	0.00890823	0.998065
1.6	0.998127	-0.019683	0.057926	0.0200568	0.999782	-0.00587835	-0.0577976	0.00702915	0.998304
1.63333	0.998378	-0.0217273	0.0526263	0.0218755	0.999758	-0.00224286	-0.0525648	0.00339045	0.998612
1.66667	0.998638	-0.0228513	0.0468971	0.022858	0.999739	0.000393255	-0.0468939	0.000679255	0.9989
1.7	0.998674	-0.0247752	0.0451169	0.0248152	0.999692	-0.000325729	-0.0450949	0.00144488	0.998982
1.73333	0.998351	-0.0289093	0.0495913	0.0292601	0.999552	-0.00636185	-0.0493851	0.0078024	0.998749
1.76667	0.997625	-0.0343465	0.059712	0.0358049	0.999082	-0.0235279	-0.0588491	0.02561	0.997938
1.8	0.995815	-0.0421335	0.0810982	0.0469599	0.997179	-0.0585553	-0.0784023	0.0621186	0.994985
1.83333	0.99161	-0.0467967	0.120498	0.060796	0.991474	-0.115256	-0.114077	0.121615	0.986
1.86667	0.98541	-0.0620753	0.15847	0.089749	0.980657	-0.173944	-0.144607	0.185629	0.971921
1.9	0.979437	-0.0890595	0.181027	0.128325	0.967391	-0.218373	-0.155676	0.237113	0.958928
1.93333	0.972732	-0.121845	0.197346	0.170289	0.952879	-0.251043	-0.157459	0.277803	0.947645
1.96667	0.965947	-0.156085	0.206359	0.211388	0.935976	-0.28154	-0.149203	0.315574	0.937097
2	0.958657	-0.182972	0.217942	0.243756	0.923196	-0.297141	-0.146834	0.337981	0.929628
2.03333	0.953525	-0.197014	0.227983	0.258476	0.92368	-0.282853	-0.154857	0.328636	0.931675
2.06667	0.951593	-0.201916	0.231735	0.258094	0.934351	-0.245713	-0.166909	0.293628	0.941235
2.1	0.95094	-0.203683	0.232864	0.251599	0.947156	-0.198982	-0.180029	0.247808	0.951935
2.13333	0.95068	-0.198128	0.238649	0.237571	0.959787	-0.149564	-0.199419	0.198883	0.959519
2.16667	0.95227	-0.184606	0.243109	0.214378	0.971401	-0.102092	-0.217309	0.149337	0.964612
2.2	0.957422	-0.170195	0.233187	0.191508	0.978857	-0.0718648	-0.216025	0.113462	0.969773
2.23333	0.963708	-0.159781	0.21386	0.177567	0.981853	-0.066591	-0.199339	0.102149	0.974592
2.26667	0.965042	-0.165881	0.202922	0.183313	0.980542	-0.0702336	-0.187324	0.104977	0.976673
2.3	0.962458	-0.195714	0.188069	0.212076	0.974669	-0.0710237	-0.169405	0.108242	0.979584
2.33333	0.96189	-0.213574	0.170745	0.231148	0.968702	-0.0904849	-0.146075	0.126504	0.981152
2.36667	0.966021	-0.20985	0.150886	0.227487	0.96744	-0.110945	-0.122692	0.1415	0.982306
2.4	0.971649	-0.195521	0.132929	0.210439	0.971479	-0.109292	-0.107769	0.134166	0.985081
2.43333	0.976856	-0.172864	0.12598	0.183332	0.980047	-0.0767887	-0.110193	0.0981078	0.989056
2.46667	0.980667	-0.14353	0.133008	0.147523	0.988844	-0.0206171	-0.128565	0.0398402	0.990901
2.5	0.98358	-0.114975	0.139106	0.111163	0.993189	0.0348985	-0.142171	-0.018862	0.989662
2.53333	0.987292	-0.0826911	0.135709	0.0715596	0.993812	0.0849554	-0.141894	-0.0741645	0.9871
2.56667	0.988883	-0.0419412	0.142655	0.0226902	0.990723	0.133989	-0.146951	-0.129262	0.980661
2.6	0.98674	0.00472779	0.162241	-0.0330875	0.984445	0.172549	-0.158902	-0.175629	0.971548
2.63333	0.980323	0.0534622	0.190025	-0.0924903	0.974824	0.202889	-0.174394	-0.216472	0.960587
2.66667	0.972503	0.0951469	0.212566	-0.143112	0.964221	0.22315	-0.183729	-0.247435	0.951325
2.7	0.967442	0.116154	0.224865	-0.16978	0.956747	0.236243	-0.187698	-0.266729	0.945317
2.73333	0.965281	0.120365	0.231828	-0.176311	0.955065	0.238253	-0.192734	-0.270855	0.943129
2.76667	0.964663	0.112241	0.238383	-0.169136	0.957508	0.233607	-0.202033	-0.265671	0.942656
2.8	0.964287	0.105662	0.24287	-0.16216	0.960548	0.225944	-0.209415	-0.257259	0.943379
2.83333	0.963658	0.110204	0.243348	-0.164154	0.962951	0.21396	-0.210753	-0.246131	0.946046
2.86667	0.964429	0.126603	0.232054	-0.172672	0.966404	0.190389	-0.200154	-0.223686	0.953888
2.9	0.96967	0.149928	0.193033	-0.183841	0.967828	0.171791	-0.161066	-0.202068	0.966036
2.93333	0.972933	0.156071	0.170419	-0.182002	0.971952	0.148945	-0.142393	-0.17593	0.97405
2.96667	0.977542	0.122777	0.171282	-0.144177	0.982414	0.11864	-0.153704	-0.140671	0.978053
3	0.980044	0.0670788	0.187119	-0.0835513	0.993159	0.0815742	-0.180367	-0.0955804	0.978944
3.03333	0.978702	0.013639	0.204831	-0.0197523	0.999417	0.0278305	-0.204333	-0.0312836	0.978402
3.06667	0.973199	-0.0336242	0.227491	0.0397156	0.998963	-0.0222505	-0.226507	0.0306891	0.973526
3.1	0.964989	-0.0743657	0.251526	0.0915112	0.994163	-0.0571542	-0.245807	0.0781707	0.966161
3.13333	0.957412	-0.110355	0.266802	0.136127	0.987452	-0.0800548	-0.254619	0.112964	0.960421
3.16667	0.953226	-0.135355	0.270256	0.169129	0.979903	-0.105764	-0.250509	0.146525	0.956962
3.2	0.955819	-0.14764	0.254191	0.185123	0.97403	-0.130368	-0.228342	0.171665	0.958327
3.23333	0.964995	-0.141137	0.221054	0.174571	0.974673	-0.139776	-0.195728	0.173473	0.965193
3.26667	0.974494	-0.120303	0.189444	0.146806	0.980225	-0.132688	-0.169735	0.157115	0.972885
3.3	0.977541	-0.107883	0.181038	0.13296	0.982207	-0.13263	-0.163508	0.153722	0.974492
3.33333	0.974186	-0.119533	0.191504	0.150852	0.975797	-0.158316	-0.167945	0.183118	0.968639
3.36667	0.972374	-0.144048	0.183681	0.177187	0.967752	-0.179056	-0.151964	0.206655	0.96654
3.4	0.971015	-0.187526	0.148199	0.214435	0.957362	-0.193587	-0.105578	0.219755	0.969825
3.43333	0.970224	-0.207126	0.125556	0.228736	0.954018	-0.193727	-0.0796569	0.216678	0.972988
3.46667	0.97718	-0.177611	0.116505	0.196547	0.964045	-0.17885	-0.0805503	0.197667	0.976954
3.5	0.984878	-0.119994	0.124964	0.139478	0.977034	-0.161089	-0.102765	0.176083	0.978996
3.53333	0.990108	-0.0646761	0.124508	0.0802334	0.988997	-0.124292	-0.115099	0.133052	0.984403
3.56667	0.992748	-0.0235943	0.117874	0.0313665	0.997423	-0.0645224	-0.116048	0.0677518	0.99093
3.6	0.993474	0.00159121	0.114049	-0.00239507	0.999973	0.00691176	-0.114035	-0.0071398	0.993451
3.63333	0.99249	0.021875	0.120355	-0.0306428	0.996971	0.0714879	-0.118427	-0.074639	0.990154
3.66667	0.988619	0.0391299	0.145262	-0.0570797	0.990944	0.121536	-0.139191	-0.128444	0.9819
3.7	0.981435	0.0463713	0.186107	-0.0761973	0.98474	0.156464	-0.176012	-0.16774	0.969991
3.73333	0.970375	0.0459095	0.237203	-0.0908574	0.979055	0.182198	-0.22387	-0.198352	0.954222
3.76667	0.958036	0.052903	0.281724	-0.109094	0.976153	0.187681	-0.265077	-0.210539	0.940961
3.8	0.953452	0.076576	0.291659	-0.135012	0.973262	0.185829	-0.269631	-0.216556	0.938298
3.83333	0.957533	0.0911828	0.273525	-0.147696	0.969875	0.193723	-0.247621	-0.225894	0.942155
3.86667	0.960967	0.0933783	0.260427	-0.150097	0.966709	0.207232	-0.232406	-0.238232	0.942991
3.9	0.963944	0.116463	0.239266	-0.167009	0.964782	0.203233	-0.207171	-0.235865	0.949446
3.93333	0.96653	0.125349	0.223847	-0.169744	0.966682	0.191605	-0.192371	-0.223189	0.955605
3.96667	0.965272	0.105259	0.239104	-0.144651	0.97748	0.153655	-0.217545	-0.182905	0.958759
4	0.963928	0.0613367	0.258999	-0.0919707	0.989903	0.10786	-0.249768	-0.12779	0.959836
4.03333	0.963233	0.015634	0.268212	-0.0307887	0.998152	0.05239	-0.266897	-0.0587217	0.961934
4.06667	0.957224	-0.0209125	0.288592	0.0246428	0.999653	-0.00929834	-0.288297	0.0160123	0.957407
4.1	0.946684	-0.0365269	0.320086	0.0602362	0.996099	-0.0644836	-0.316482	0.0803263	0.945191
4.13333	0.938662	-0.0363994	0.342912	0.0767593	0.991519	-0.104868	-0.336187	0.124757	0.933496
4.16667	0.937414	-0.0238175	0.347402	0.0762736	0.987475	-0.138113	-0.339762	0.155966	0.927489
4.2	0.940579	-0.0090625	0.339454	0.0663678	0.985272	-0.157592	-0.333026	0.170756	0.927327
4.23333	0.945552	-0.00310344	0.325456	0.062739	0.982939	-0.172903	-0.319367	0.183908	0.929614
4.26667	0.952182	-0.0111135	0.30533	0.0768598	0.975914	-0.204169	-0.295706	0.217873	0.930102
4.3	0.959829	-0.0266267	0.27932	0.101979	0.960514	-0.258868	-0.261398	0.276953	0.924645
4.33333	0.969372	-0.0431209	0.241782	0.118108	0.945003	-0.304992	-0.215333	0.324207	0.921152
4.36667	0.979391	-0.0771849	0.186645	0.135128	0.937224	-0.321482	-0.150115	0.340078	0.928339
4.4	0.984662	-0.112194	0.133613	0.148202	0.941973	-0.301203	-0.092067	0.316385	0.944153
4.43333	0.988013	-0.112108	0.106121	0.136696	0.954782	-0.264019	-0.0717239	0.275361	0.958662
4.46667	0.991065	-0.0893148	0.0990612	0.109674	0.968364	-0.22415	-0.0759073	0.233012	0.969507
4.5	0.993052	-0.0658895	0.0975038	0.0824801	0.98069	-0.177324	-0.0839372	0.184134	0.979311
4.53333	0.993548	-0.0393972	0.106346	0.0523376	0.991177	-0.121775	-0.100611	0.126555	0.986844
4.56667	0.992622	-0.0120856	0.120643	0.0195728	0.997942	-0.06107	-0.119657	0.0629807	0.990816
4.6	0.99084	0.0186669	0.133745	-0.0176605	0.999806	-0.00870676	-0.133881	0.00626501	0.990978
4.63333	0.98764	0.0494174	0.148748	-0.0546255	0.998022	0.0311309	-0.146915	-0.0388715	0.988385
4.66667	0.983567	0.0752506	0.164113	-0.0859908	0.994527	0.0593431	-0.15875	-0.0724802	0.984655
4.7	0.979689	0.0937332	0.177265	-0.108155	0.991413	0.0735038	-0.168853	-0.0911829	0.981414
4.73333	0.974799	0.114723	0.191327	-0.132035	0.987988	0.0802937	-0.179817	-0.103532	0.978237
4.76667	0.970797	0.137033	0.196912	-0.157502	0.983197	0.0922876	-0.180957	-0.120607	0.976068
4.8	0.970525	0.146255	0.191549	-0.169105	0.979566	0.108874	-0.171712	-0.138057	0.975426
4.83333	0.970132	0.158838	0.183341	-0.181796	0.976472	0.115985	-0.160605	-0.145851	0.976183
4.86667	0.970308	0.182081	0.159216	-0.201034	0.973128	0.11228	-0.134493	-0.140954	0.980838
4.9	0.973769	0.179398	0.139965	-0.194071	0.97595	0.0992882	-0.118787	-0.123847	0.985166
4.93333	0.981372	0.126019	0.145013	-0.137512	0.98787	0.0721362	-0.134163	-0.0907335	0.986797
4.96667	0.985689	0.0608138	0.157221	-0.0670363	0.997151	0.0345782	-0.15467	-0.0446229	0.986958
5	0.985751	0.00410128	0.168162	-0.00205836	0.999922	-0.0123211	-0.168199	0.0117993	0.985682
5.03333	0.98162	-0.0447584	0.185524	0.0566489	0.996632	-0.0592919	-0.182245	0.0687119	0.980849
5.06667	0.97485	-0.093237	0.202419	0.113951	0.989106	-0.093194	-0.191525	0.113916	0.974854
5.1	0.967504	-0.136583	0.212793	0.163023	0.98024	-0.112041	-0.193286	0.14309	0.970652
5.13333	0.960686	-0.168159	0.220921	0.197232	0.973378	-0.116767	-0.195404	0.155749	0.968277
5.16667	0.958027	-0.179129	0.223824	0.207241	0.9722	-0.108986	-0.198079	0.150797	0.968517
5.2	0.957954	-0.178126	0.224934	0.203709	0.974314	-0.0959962	-0.202057	0.137781	0.969634
5.23333	0.957612	-0.180428	0.224556	0.203411	0.975516	-0.083622	-0.20397	0.125755	0.970867
5.26667	0.958251	-0.186305	0.216901	0.207616	0.974949	-0.0798098	-0.196599	0.12151	0.972926
5.3	0.959106	-0.187075	0.21241	0.211365	0.972493	-0.0978874	-0.188255	0.138781	0.972265
5.33333	0.961495	-0.178856	0.208659	0.205814	0.97176	-0.115422	-0.182123	0.153923	0.971153
5.36667	0.964331	-0.188779	0.18555	0.212542	0.970038	-0.117693	-0.157773	0.152932	0.975561
5.4	0.967439	-0.188709	0.168675	0.208559	0.971937	-0.108818	-0.143406	0.140454	0.979647
5.43333	0.975275	-0.15439	0.158124	0.169262	0.981874	-0.0852827	-0.142091	0.109938	0.98373
5.46667	0.982351	-0.0958951	0.160595	0.105299	0.993128	-0.051087	-0.154592	0.0670958	0.985697
5.5	0.982361	-0.0352202	0.183647	0.0366511	0.999318	-0.00440222	-0.183367	0.0110554	0.982982
5.53333	0.980194	0.0100006	0.197785	-0.0179547	0.999099	0.0384633	-0.197222	-0.0412527	0.979491
5.56667	0.978649	0.0463926	0.200233	-0.0639191	0.994583	0.0819698	-0.195346	-0.0930184	0.976313
5.6	0.974891	0.0838377	0.206298	-0.108446	0.987885	0.11101	-0.194491	-0.130595	0.972172
5.63333	0.971135	0.113438	0.209829	-0.141789	0.981925	0.12538	-0.191813	-0.151512	0.969666
5.66667	0.969168	0.133048	0.207394	-0.162915	0.977464	0.134248	-0.184859	-0.163896	0.969002
5.7	0.968216	0.143211	0.205058	-0.174733	0.9739	0.144869	-0.178959	-0.176095	0.967969
5.73333	0.969443	0.140236	0.201281	-0.172658	0.97291	0.153739	-0.174269	-0.183794	0.967393
5.76667	0.972191	0.134602	0.19164	-0.166018	0.973285	0.158603	-0.165172	-0.186008	0.968565
5.8	0.975261	0.129297	0.179302	-0.15941	0.97329	0.16521	-0.153151	-0.189705	0.969823
5.83333	0.97703	0.121719	0.174922	-0.152912	0.972146	0.177624	-0.14843	-0.200292	0.968428
