0	1	0	0	0	1	0	0	0	1
0.0333333	0.964575	0.230729	0.127904	-0.246116	0.961608	0.121397	-0.0949832	-0.148576	0.984329
0.0666667	0.988149	0.142499	0.057061	-0.147029	0.98546	0.0851532	-0.0440971	-0.0925336	0.994733
0.1	0.994569	0.0957029	0.0409044	-0.0983857	0.992713	0.0695744	-0.0339479	-0.073221	0.996738
0.133333	0.996921	0.0702716	0.0348022	-0.0722913	0.995538	0.0606446	-0.0303853	-0.0629737	0.997553
0.166667	0.997752	0.0591892	0.031438	-0.0609054	0.996528	0.0567729	-0.0279685	-0.05856	0.997892
0.2	0.9982	0.052808	0.0284388	-0.0542608	0.997119	0.0529998	-0.025558	-0.0544475	0.998189
0.233333	0.998442	0.0492008	0.0263208	-0.0504765	0.997462	0.050226	-0.0237829	-0.0514763	0.998391
0.266667	0.99858	0.0474286	0.0242725	-0.0485596	0.99765	0.0483465	-0.0219225	-0.0494565	0.998536
0.3	0.998682	0.0462878	0.0221708	-0.0472881	0.997777	0.0469502	-0.0199483	-0.0479367	0.998651
0.333333	0.998706	0.0463321	0.0209474	-0.0472343	0.997877	0.044848	-0.0188251	-0.0457794	0.998774
0.366667	0.998735	0.0461273	0.0199943	-0.0469241	0.99804	0.0414021	-0.0180453	-0.042288	0.998942
0.4	0.998753	0.0462386	0.018827	-0.0469282	0.998175	0.0379999	-0.0170356	-0.038836	0.9991
0.433333	0.998788	0.0455036	0.0187807	-0.0461065	0.99839	0.0330248	-0.0172477	-0.0338507	0.999278
0.466667	0.998777	0.0457887	0.0186512	-0.0462848	0.998561	0.0270951	-0.0173837	-0.0279252	0.999459
0.5	0.998803	0.0453414	0.0183502	-0.0457434	0.998708	0.0221159	-0.0173237	-0.0229288	0.999587
0.533333	0.998816	0.0452496	0.0178554	-0.0456044	0.998759	0.0199938	-0.0169286	-0.0207844	0.999641
0.566667	0.99885	0.0445885	0.0176372	-0.0449296	0.998801	0.0194441	-0.0167491	-0.0202141	0.999655
0.6	0.998889	0.0438094	0.0173516	-0.0441486	0.998831	0.0196749	-0.0164694	-0.0204191	0.999656
0.633333	0.998901	0.0436195	0.0171298	-0.0439623	0.99883	0.0201699	-0.0162299	-0.0209008	0.99965
0.666667	0.998909	0.0436624	0.016574	-0.0439887	0.998834	0.019867	-0.0156873	-0.0205744	0.999665
0.7	0.998917	0.0437338	0.0158796	-0.0440204	0.998865	0.0181684	-0.015067	-0.0188478	0.999709
0.733333	0.998943	0.0434717	0.0149675	-0.0437023	0.998925	0.0154338	-0.0142805	-0.0160716	0.999769
0.766667	0.998948	0.0436754	0.0139739	-0.0438718	0.998938	0.0140724	-0.0133445	-0.0146707	0.999803
0.8	0.998928	0.0444017	0.0130794	-0.0445742	0.998919	0.0132064	-0.0124788	-0.0137752	0.999827
0.833333	0.998891	0.0453413	0.0126476	-0.0455124	0.998871	0.0135861	-0.0120173	-0.0141467	0.999828
0.866667	0.998843	0.0464229	0.0125346	-0.0466163	0.998791	0.0156128	-0.0117946	-0.016179	0.9998
0.9	0.998784	0.0477017	0.012476	-0.0479343	0.998669	0.0190597	-0.0115502	-0.0196345	0.999741
0.933333	0.998744	0.0484405	0.0127801	-0.0487134	0.998571	0.0219891	-0.0116967	-0.0225841	0.999677
0.966667	0.998682	0.0497494	0.0126404	-0.0500472	0.998447	0.0244515	-0.0114043	-0.0250519	0.999621
1	0.998642	0.0505746	0.0124996	-0.0508881	0.998361	0.0261835	-0.0111549	-0.026784	0.999579
1.03333	0.998607	0.0513261	0.0122703	-0.0516455	0.998292	0.0273175	-0.0108473	-0.0279131	0.999551
1.06667	0.99858	0.0519187	0.0119708	-0.0522391	0.998236	0.0282196	-0.0104845	-0.0288048	0.99953
1.1	0.998554	0.052517	0.011509	-0.0528363	0.998169	0.0294584	-0.00994081	-0.0300239	0.9995
1.13333	0.99858	0.0523068	0.0101035	-0.0525858	0.998175	0.0296735	-0.00853298	-0.0301627	0.999509
1.16667	0.998631	0.0517	0.00791006	-0.0519096	0.998228	0.0290943	-0.00639187	-0.0294651	0.999545
1.2	0.998603	0.0524592	0.00639717	-0.0526224	0.998199	0.0287926	-0.00487521	-0.029089	0.999565
1.23333	0.9986	0.0526275	0.00529287	-0.0527585	0.998193	0.0287771	-0.00376884	-0.029016	0.999572
1.26667	0.998605	0.0525416	0.00520746	-0.0526758	0.998152	0.0303075	-0.00360543	-0.0305395	0.999527
1.3	0.998577	0.0530232	0.00561512	-0.0531766	0.998069	0.0320923	-0.00390264	-0.0323452	0.999469
1.33333	0.998553	0.0533882	0.00649296	-0.0535748	0.998014	0.0331284	-0.0047114	-0.0334283	0.99943
1.36667	0.998561	0.0531325	0.00724789	-0.0533422	0.998041	0.032707	-0.00549588	-0.0330465	0.999439
1.4	0.998541	0.0532584	0.00896306	-0.0535213	0.998047	0.0322226	-0.00722943	-0.0326552	0.999441
1.43333	0.9985	0.0537149	0.0106228	-0.0540315	0.998021	0.0321809	-0.00887322	-0.0327066	0.999426
1.46667	0.998404	0.0548865	0.0133145	-0.0552987	0.997929	0.0328611	-0.0114833	-0.033545	0.999371
1.5	0.998288	0.056005	0.0168525	-0.0565668	0.997787	0.0349427	-0.0148583	-0.0358361	0.999247
1.53333	0.99815	0.0573018	0.0203218	-0.0580395	0.997599	0.0377871	-0.0181078	-0.0388967	0.999079
1.56667	0.998051	0.057751	0.0236578	-0.0586298	0.997544	0.0383097	-0.0213872	-0.0396221	0.998986
1.6	0.99793	0.0588899	0.0258557	-0.0598272	0.997519	0.0371109	-0.0236061	-0.038581	0.998977
1.63333	0.997845	0.0603054	0.0258574	-0.0612075	0.997489	0.0356405	-0.0236432	-0.0371463	0.99903
1.66667	0.997736	0.0626279	0.024511	-0.0634113	0.997455	0.0326108	-0.0224063	-0.0340912	0.999168
1.7	0.997564	0.0659001	0.0228685	-0.0665225	0.997403	0.0276135	-0.0209893	-0.0290676	0.999357
1.73333	0.997371	0.0688801	0.0225222	-0.0693826	0.99734	0.0223459	-0.0209231	-0.0238498	0.999497
1.76667	0.99702	0.0728534	0.0253768	-0.073311	0.997154	0.0175934	-0.0240229	-0.0194014	0.999523
1.8	0.996517	0.0773264	0.031213	-0.0776016	0.996955	0.00769968	-0.0305226	-0.010095	0.999483
1.83333	0.996273	0.0781644	0.0364689	-0.0778465	0.996915	-0.0100599	-0.0371427	0.00718342	0.999284
1.86667	0.996882	0.0646977	0.0451745	-0.0628089	0.997139	-0.0420492	-0.0477658	0.0390807	0.998094
1.9	0.997932	0.032327	0.0555631	-0.0272111	0.995526	-0.0904833	-0.0582396	0.0887842	0.994347
1.93333	0.997801	-0.00574144	0.0660351	0.0150531	0.989839	-0.141393	-0.0645523	0.142076	0.987749
1.96667	0.996349	-0.0409641	0.0749028	0.0550556	0.978854	-0.197011	-0.0652485	0.200416	0.977536
2	0.992378	-0.0845704	0.0896287	0.1045	0.963013	-0.248367	-0.0653091	0.25584	0.964511
2.03333	0.985587	-0.124879	0.114124	0.152946	0.946049	-0.285655	-0.0722949	0.298992	0.951513
2.06667	0.977466	-0.150583	0.147938	0.189018	0.936368	-0.295783	-0.0939846	0.317081	0.94373
2.1	0.968717	-0.162877	0.187241	0.212518	0.934071	-0.286963	-0.128157	0.317777	0.939464
2.13333	0.95853	-0.172777	0.226645	0.234416	0.930265	-0.282235	-0.162077	0.32366	0.932189
2.16667	0.94779	-0.184017	0.260446	0.259656	0.919449	-0.295282	-0.18513	0.347492	0.919226
2.2	0.937544	-0.212077	0.275744	0.295718	0.903338	-0.310694	-0.183199	0.372832	0.909634
2.23333	0.920226	-0.2726	0.280846	0.354034	0.885691	-0.30035	-0.166867	0.375819	0.911546
2.26667	0.894786	-0.341981	0.287065	0.417035	0.869788	-0.263724	-0.159497	0.355693	0.920893
2.3	0.886614	-0.380148	0.263446	0.437569	0.873953	-0.211517	-0.149832	0.30281	0.9412
2.33333	0.900046	-0.371285	0.228177	0.412798	0.894188	-0.17328	-0.139697	0.250151	0.958076
2.36667	0.928738	-0.307984	0.206377	0.337416	0.932841	-0.126326	-0.153611	0.186959	0.970283
2.4	0.954305	-0.230145	0.19062	0.245727	0.967337	-0.0622731	-0.170062	0.106268	0.979687
2.43333	0.971487	-0.151357	0.182492	0.156467	0.987586	-0.0138484	-0.17813	0.0420074	0.98311
2.46667	0.977506	-0.078354	0.195812	0.0775708	0.996918	0.0116776	-0.196124	0.00377435	0.980572
2.5	0.972559	-0.0275745	0.231015	0.0183196	0.998945	0.0421121	-0.231932	-0.0367244	0.972039
2.53333	0.963108	0.000121089	0.269115	-0.0292913	0.994106	0.10438	-0.267516	-0.108412	0.957435
2.56667	0.954415	0.0148382	0.298113	-0.0736337	0.9796	0.186981	-0.289257	-0.200409	0.936038
2.6	0.942123	0.0781023	0.326043	-0.155297	0.96353	0.217931	-0.297131	-0.255951	0.919893
2.63333	0.916155	0.193938	0.350782	-0.273935	0.941825	0.194741	-0.292608	-0.274505	0.915985
2.66667	0.886631	0.280175	0.36795	-0.363038	0.914532	0.178426	-0.286512	-0.291778	0.912566
2.7	0.86629	0.353712	0.352744	-0.418764	0.899205	0.126753	-0.272355	-0.257521	0.927095
2.73333	0.868989	0.378588	0.318635	-0.421145	0.903924	0.0745524	-0.259797	-0.198977	0.944941
2.76667	0.905447	0.316505	0.282828	-0.351542	0.932592	0.0817917	-0.237875	-0.173484	0.955677
2.8	0.946298	0.221804	0.235211	-0.243225	0.967723	0.0659777	-0.212985	-0.119644	0.969702
2.83333	0.971851	0.120816	0.202258	-0.128385	0.991417	0.0246827	-0.19754	-0.0499547	0.979021
2.86667	0.978271	0.0543665	0.200076	-0.0490353	0.9983	-0.0315093	-0.201449	0.0210138	0.979274
2.9	0.978339	0.0101177	0.206763	0.00858128	0.995964	-0.0893403	-0.206832	0.0891793	0.974304
2.93333	0.976404	-0.0350217	0.213092	0.0670297	0.987174	-0.144893	-0.205285	0.155757	0.966229
2.96667	0.971655	-0.0634209	0.227739	0.109093	0.974927	-0.19395	-0.209729	0.213297	0.954211
3	0.962514	-0.11614	0.245111	0.178516	0.951619	-0.250105	-0.204205	0.284485	0.936679
3.03333	0.947063	-0.202815	0.248873	0.270992	0.920668	-0.280951	-0.172149	0.333521	0.926892
3.06667	0.924709	-0.28914	0.24761	0.349788	0.902025	-0.252982	-0.150203	0.320546	0.935248
3.1	0.908379	-0.33655	0.248155	0.381613	0.909842	-0.162971	-0.170934	0.242739	0.954913
3.13333	0.930331	-0.289658	0.224906	0.324862	0.935495	-0.138975	-0.170144	0.202356	0.964419
3.16667	0.959039	-0.213156	0.186572	0.238301	0.963174	-0.12453	-0.153157	0.163889	0.974517
3.2	0.977747	-0.133274	0.162013	0.149223	0.984647	-0.0905733	-0.147455	0.112734	0.982623
3.23333	0.986509	-0.0433735	0.157855	0.0509611	0.997716	-0.0443393	-0.155571	0.0517856	0.986466
3.26667	0.984737	0.0380728	0.169831	-0.0414211	0.99901	0.016215	-0.169046	-0.0230021	0.98534
3.3	0.977525	0.0916703	0.189848	-0.109819	0.990104	0.0873726	-0.17996	-0.106258	0.977918
3.33333	0.968765	0.130093	0.211114	-0.167107	0.97149	0.168171	-0.183218	-0.198197	0.962886
3.36667	0.957775	0.141667	0.250196	-0.20155	0.951398	0.232849	-0.205048	-0.273444	0.939778
3.4	0.940194	0.178514	0.290116	-0.255578	0.932733	0.254338	-0.225198	-0.313275	0.922575
3.43333	0.922057	0.245456	0.29927	-0.320975	0.917001	0.236821	-0.216302	-0.314421	0.924312
3.46667	0.881859	0.355785	0.309421	-0.416883	0.894927	0.159106	-0.220301	-0.269301	0.93752
3.5	0.872169	0.386544	0.299842	-0.435197	0.893005	0.114658	-0.22344	-0.230491	0.947074
3.53333	0.899502	0.340695	0.273537	-0.381078	0.918006	0.109747	-0.213719	-0.202957	0.95558
3.56667	0.93573	0.265842	0.231812	-0.293087	0.95168	0.0916852	-0.196237	-0.153734	0.96843
3.6	0.965078	0.175809	0.194204	-0.191108	0.97955	0.0629239	-0.17917	-0.0978403	0.978941
3.63333	0.983769	0.0702586	0.165111	-0.0738512	0.997145	0.0157136	-0.163536	-0.0276522	0.98615
3.66667	0.987799	-0.0172474	0.154777	0.0271212	0.997713	-0.0619102	-0.153355	0.0653525	0.986008
3.7	0.986395	-0.0710177	0.148261	0.0926266	0.985182	-0.144348	-0.135813	0.156117	0.978357
3.73333	0.984729	-0.0952174	0.14575	0.125229	0.968982	-0.213052	-0.120943	0.228051	0.966108
3.76667	0.980952	-0.0986742	0.167324	0.139205	0.957864	-0.251233	-0.135483	0.26974	0.953354
3.8	0.972657	-0.13847	0.186454	0.188477	0.939713	-0.285336	-0.135703	0.312676	0.940116
3.83333	0.962691	-0.199464	0.182864	0.247861	0.921142	-0.300104	-0.108584	0.334232	0.936215
3.86667	0.92928	-0.3158	0.191598	0.358258	0.896886	-0.259321	-0.0899478	0.309623	0.946596
3.9	0.916549	-0.350263	0.193012	0.387714	0.896572	-0.214095	-0.0980599	0.271062	0.957554
3.93333	0.935448	-0.307488	0.174324	0.340511	0.916237	-0.211096	-0.0948132	0.256829	0.961795
3.96667	0.964638	-0.22136	0.143083	0.246314	0.950301	-0.190413	-0.0938223	0.218923	0.971221
4	0.98442	-0.121315	0.127276	0.139837	0.978984	-0.148445	-0.106592	0.16393	0.980696
4.03333	0.991645	-0.025163	0.126523	0.0374014	0.994745	-0.0953044	-0.12346	0.0992402	0.987375
4.06667	0.98943	0.0454621	0.137702	-0.0422284	0.998761	-0.0263163	-0.138728	0.0202232	0.990124
4.1	0.983643	0.0822493	0.160253	-0.0900198	0.995061	0.041836	-0.15602	-0.0555776	0.986189
4.13333	0.97628	0.109111	0.187008	-0.13077	0.985549	0.107665	-0.172558	-0.129566	0.976441
