0	-0.0937414	-0.0312161	0.754607	0.999593	0.00232367	-0.0284208	-0.00151537	0.999595	0.028429	0.0284753	-0.0283744	0.999192
0.0333333	0.149717	0.959747	-1.95716	0.089576	0.995779	-0.0200278	-0.995964	0.089442	-0.00748818	-0.00566524	0.0206177	0.999771
0.0666667	0.147499	0.959658	-1.9584	0.00585146	0.999869	0.0151143	-0.999664	0.00623032	-0.0251425	-0.0252333	-0.0149621	0.99957
0.1	0.147465	0.959346	-1.95885	0.00743939	0.999677	0.0243168	-0.999524	0.00816209	-0.0297572	-0.029946	-0.0240838	0.999261
0.133333	0.147459	0.959236	-1.95904	0.0108911	0.999588	0.0265723	-0.999441	0.0117218	-0.0313087	-0.0316072	-0.0262164	0.999156
0.166667	0.147396	0.959216	-1.95915	0.0120766	0.999562	0.0270003	-0.999416	0.0129297	-0.0316453	-0.0319805	-0.0266024	0.999134
0.2	0.147334	0.959235	-1.95925	0.0125108	0.999558	0.0269755	-0.999412	0.0133611	-0.0315739	-0.0319203	-0.0265647	0.999137
0.233333	0.147242	0.959265	-1.95934	0.0117352	0.999567	0.0269682	-0.999433	0.0125762	-0.0312309	-0.0315566	-0.0265864	0.999148
0.266667	0.1472	0.959292	-1.95939	0.0120122	0.999574	0.0265997	-0.999444	0.0128297	-0.030781	-0.0311092	-0.0262151	0.999172
0.3	0.147226	0.959325	-1.95948	0.0120764	0.999561	0.0270642	-0.999457	0.0128964	-0.0303341	-0.0306698	-0.0266832	0.999173
0.333333	0.147246	0.959374	-1.95957	0.0118844	0.999553	0.0274403	-0.999475	0.0127014	-0.0297947	-0.0301299	-0.0270718	0.999179
0.366667	0.147237	0.959396	-1.95969	0.0113264	0.99955	0.0277588	-0.999484	0.0121509	-0.029717	-0.0300409	-0.0274079	0.999173
0.4	0.147253	0.959378	-1.95981	0.0107606	0.999541	0.0283364	-0.999474	0.0116187	-0.0302929	-0.0306082	-0.0279956	0.999139
0.433333	0.147199	0.959317	-1.95995	0.0103047	0.999526	0.0290131	-0.999461	0.0111995	-0.0308504	-0.0311607	-0.0286796	0.999103
0.466667	0.147256	0.959309	-1.96031	0.0101143	0.999491	0.0302469	-0.999433	0.0110758	-0.031791	-0.0321098	-0.0299083	0.999037
0.5	0.146866	0.959278	-1.9605	0.0099823	0.999487	0.0304178	-0.99939	0.0109906	-0.0331632	-0.0334805	-0.0300682	0.998987
0.533333	0.146854	0.959255	-1.96087	0.0100819	0.999416	0.0326577	-0.999326	0.0112228	-0.0349448	-0.0352909	-0.0322834	0.998856
0.566667	0.146224	0.959074	-1.96077	0.0100904	0.999367	0.0341083	-0.99926	0.0113435	-0.0367465	-0.0371102	-0.0337123	0.998742
0.6	0.146145	0.958893	-1.9608	0.0112241	0.999224	0.0377627	-0.999179	0.0126779	-0.0384827	-0.0389316	-0.0372998	0.998545
0.633333	0.145195	0.958636	-1.96032	0.0112265	0.999155	0.039546	-0.99912	0.0128066	-0.0399326	-0.0404053	-0.0390629	0.99842
0.666667	0.144316	0.958446	-1.95978	0.0118698	0.99905	0.0419395	-0.999065	0.0135927	-0.0410361	-0.0415672	-0.0414132	0.998277
0.7	0.143384	0.958249	-1.9593	0.0133241	0.998896	0.0450539	-0.998974	0.015249	-0.042653	-0.043293	-0.0444393	0.998074
0.733333	0.142134	0.957872	-1.95798	0.0142838	0.998771	0.0474689	-0.998892	0.016382	-0.0441116	-0.044835	-0.0467862	0.997898
0.766667	0.140735	0.957494	-1.95608	0.0148786	0.998649	0.0497899	-0.998821	0.0171456	-0.0454188	-0.0462111	-0.0490554	0.997726
0.8	0.13911	0.957035	-1.95408	0.0160463	0.998516	0.0520363	-0.998707	0.018517	-0.0473511	-0.0482444	-0.0512092	0.997522
0.833333	0.137597	0.956539	-1.95187	0.0169445	0.99833	0.0552351	-0.998576	0.0196915	-0.0495734	-0.0505782	-0.0543164	0.997242
0.866667	0.135681	0.955903	-1.94928	0.0173497	0.998189	0.0575945	-0.998437	0.020357	-0.0520466	-0.0531248	-0.0566015	0.996982
0.9	0.133868	0.95527	-1.94661	0.0182999	0.997996	0.06058	-0.998278	0.0216158	-0.0545404	-0.0557405	-0.0594776	0.996672
0.933333	0.131869	0.954566	-1.9435	0.0190574	0.997827	0.0630702	-0.998119	0.0226634	-0.0569623	-0.0582679	-0.061866	0.996382
0.966667	0.129708	0.953727	-1.93999	0.0188751	0.997732	0.0646126	-0.997969	0.0227333	-0.0595084	-0.0608423	-0.0633582	0.996135
1	0.127441	0.952843	-1.93607	0.0184483	0.997682	0.0655002	-0.997844	0.0224992	-0.0616568	-0.0629876	-0.0642215	0.995946
1.03333	0.125077	0.951943	-1.9318	0.0180426	0.997681	0.0656241	-0.9978	0.0221547	-0.0624836	-0.0637926	-0.0643524	0.995886
1.06667	0.12246	0.950951	-1.92726	0.0178903	0.997777	0.0641899	-0.99778	0.021936	-0.0628862	-0.0641545	-0.0629223	0.995954
1.1	0.119762	0.949896	-1.9224	0.0173511	0.997896	0.0624706	-0.997807	0.0212737	-0.0626836	-0.0638807	-0.0612459	0.996076
1.13333	0.117136	0.948729	-1.91702	0.0172942	0.997993	0.0609218	-0.997757	0.0211666	-0.0635026	-0.0646646	-0.059687	0.99612
1.16667	0.114247	0.947552	-1.91126	0.0176226	0.998144	0.0582844	-0.997672	0.0213956	-0.0647567	-0.0658836	-0.0570076	0.996198
1.2	0.111452	0.946523	-1.9053	0.0196761	0.998248	0.0557992	-0.997563	0.0233383	-0.0657584	-0.0669455	-0.0543693	0.996274
1.23333	0.108885	0.945681	-1.89925	0.023945	0.998291	0.0532994	-0.997411	0.0274721	-0.0664577	-0.0678084	-0.0515701	0.996365
1.26667	0.10637	0.944855	-1.89302	0.0287382	0.998294	0.050816	-0.997236	0.0321182	-0.0669999	-0.0685178	-0.0487501	0.996458
1.3	0.103841	0.943972	-1.88676	0.0343037	0.99819	0.0494058	-0.997114	0.0375327	-0.0659856	-0.0677205	-0.0469996	0.996597
1.33333	0.101292	0.943041	-1.88046	0.039724	0.997955	0.0500815	-0.997021	0.0429035	-0.0640978	-0.0661153	-0.0473861	0.996686
1.36667	0.0991812	0.942302	-1.87458	0.046539	0.997527	0.0526752	-0.996802	0.049805	-0.0624888	-0.0649578	-0.0495986	0.996655
1.4	0.0976054	0.941691	-1.86907	0.0528026	0.997041	0.0558677	-0.996517	0.056226	-0.0615906	-0.0645496	-0.0524209	0.996537
1.43333	0.0971345	0.941223	-1.86336	0.0606419	0.996396	0.0593147	-0.996077	0.0642448	-0.060848	-0.0644394	-0.0553921	0.996383
1.46667	0.0976677	0.941077	-1.85658	0.0712136	0.99552	0.0622055	-0.99531	0.0750151	-0.0610775	-0.0654702	-0.0575642	0.996193
1.5	0.099152	0.94143	-1.84887	0.087184	0.994144	0.0638524	-0.99388	0.0911675	-0.0623819	-0.0678379	-0.0580229	0.996008
1.53333	0.10139	0.942039	-1.84023	0.108797	0.991876	0.065918	-0.991625	0.112933	-0.0626608	-0.0695961	-0.0585486	0.995856
1.56667	0.104226	0.942477	-1.831	0.132896	0.98868	0.0696471	-0.988496	0.137335	-0.0633615	-0.0722092	-0.0604254	0.995557
1.6	0.107823	0.942628	-1.82109	0.159505	0.984431	0.073851	-0.9842	0.1644	-0.0657446	-0.0768621	-0.0621976	0.9951
1.63333	0.112096	0.942444	-1.81038	0.183465	0.980005	0.0770095	-0.979558	0.188831	-0.0693442	-0.0824994	-0.062713	0.994616
1.66667	0.11686	0.941657	-1.79869	0.20107	0.976386	0.0790067	-0.975514	0.206922	-0.0745387	-0.0891267	-0.0620846	0.994083
1.7	0.121973	0.940071	-1.78555	0.215226	0.973248	0.0804131	-0.971835	0.221551	-0.0803274	-0.095994	-0.0608596	0.99352
1.73333	0.126834	0.937746	-1.76986	0.227209	0.970663	0.0786684	-0.968609	0.233615	-0.084972	-0.100857	-0.0568925	0.993273
1.76667	0.130728	0.934706	-1.75049	0.234929	0.969637	0.0679146	-0.966691	0.240373	-0.0879167	-0.101572	-0.0449982	0.99381
1.8	0.133104	0.932223	-1.72767	0.246305	0.968023	0.047583	-0.964227	0.249711	-0.0889447	-0.0979826	-0.0239732	0.994899
1.83333	0.135123	0.932351	-1.705	0.270972	0.961972	0.034421	-0.957761	0.273017	-0.0903077	-0.096271	-0.00849628	0.995319
1.86667	0.137235	0.934097	-1.68278	0.285719	0.957916	0.0276053	-0.953463	0.287049	-0.092255	-0.0962966	3.84347e-05	0.995353
1.9	0.140387	0.935591	-1.66064	0.288719	0.957252	0.0176173	-0.952546	0.289056	-0.0954099	-0.0964237	0.0107654	0.995282
1.93333	0.144578	0.936181	-1.63835	0.288597	0.957426	0.00691604	-0.952519	0.287835	-0.0992935	-0.0970568	0.0220682	0.995034
1.96667	0.149096	0.936857	-1.6171	0.289769	0.957091	0.00328751	-0.951934	0.28856	-0.102736	-0.0992766	0.0266403	0.994703
2	0.153546	0.938123	-1.59727	0.286962	0.957921	0.00631957	-0.952378	0.285999	-0.105736	-0.103094	0.0243235	0.994374
2.03333	0.157892	0.939569	-1.57845	0.271202	0.962471	0.00994819	-0.956922	0.270723	-0.104926	-0.103682	0.0189365	0.99443
2.06667	0.161306	0.940614	-1.56065	0.24927	0.968357	0.0122478	-0.963256	0.249223	-0.100129	-0.100013	0.0131615	0.994899
2.1	0.163353	0.941224	-1.54372	0.221995	0.974892	0.0174085	-0.970394	0.222643	-0.0936279	-0.095153	0.00389184	0.995455
2.13333	0.164491	0.941408	-1.5272	0.191166	0.981221	0.0257155	-0.977376	0.192702	-0.0871917	-0.0905097	-0.00846567	0.99586
2.16667	0.164815	0.941363	-1.51114	0.159155	0.986766	0.0310133	-0.983717	0.161163	-0.0795425	-0.083488	-0.0178487	0.996349
2.2	0.164424	0.941231	-1.49502	0.12385	0.991718	0.0340132	-0.989444	0.12602	-0.0715536	-0.0752473	-0.0247922	0.996857
2.23333	0.163226	0.94108	-1.47883	0.0861242	0.995679	0.0347355	-0.993964	0.0882494	-0.0651691	-0.0679528	-0.0289132	0.997269
2.26667	0.161217	0.940763	-1.46254	0.0464854	0.998274	0.0359038	-0.997042	0.0485704	-0.0595641	-0.0612051	-0.0330288	0.997579
2.3	0.158432	0.940229	-1.44647	0.00580526	0.999263	0.0379388	-0.998493	0.00786265	-0.0543069	-0.0545652	-0.0375664	0.997803
2.33333	0.154333	0.939266	-1.43059	-0.0351467	0.998677	0.0375352	-0.998137	-0.0332036	-0.0511949	-0.0498809	-0.0392646	0.997983
2.36667	0.149044	0.937804	-1.41498	-0.0734393	0.996794	0.0317674	-0.996055	-0.0717197	-0.052249	-0.0498032	-0.0354792	0.998129
2.4	0.143343	0.935689	-1.39964	-0.106927	0.994005	0.0228348	-0.992751	-0.105468	-0.0576414	-0.0548875	-0.0288327	0.998076
2.43333	0.138416	0.932865	-1.38385	-0.136115	0.990529	0.018033	-0.988817	-0.134715	-0.0639738	-0.0609386	-0.0265391	0.997789
2.46667	0.13387	0.929249	-1.36538	-0.157175	0.987393	0.018732	-0.985439	-0.155562	-0.0686273	-0.0648481	-0.0292457	0.997466
2.5	0.129665	0.925073	-1.34234	-0.1701	0.984956	0.0304456	-0.983346	-0.167653	-0.0701681	-0.0640082	-0.0418742	0.99707
2.53333	0.125402	0.922184	-1.31752	-0.189525	0.980789	0.0461921	-0.980083	-0.186128	-0.0692318	-0.0593041	-0.0583932	0.996531
2.56667	0.120423	0.92207	-1.29391	-0.217427	0.97484	0.0491114	-0.974381	-0.21381	-0.0697647	-0.0575089	-0.0630219	0.996354
2.6	0.114413	0.924491	-1.27029	-0.233322	0.971051	0.0512003	-0.970677	-0.229452	-0.0716789	-0.0578558	-0.0664232	0.996113
2.63333	0.107857	0.928155	-1.24709	-0.235676	0.970164	0.0569125	-0.970161	-0.231435	-0.0722934	-0.0569649	-0.0722522	0.995758
2.66667	0.100573	0.931582	-1.22477	-0.234657	0.970419	0.0567691	-0.970277	-0.230269	-0.0744256	-0.0591519	-0.0725462	0.995609
2.7	0.092785	0.933969	-1.20321	-0.232417	0.971372	0.0491827	-0.970549	-0.228331	-0.0768112	-0.0633824	-0.0655864	0.995832
2.73333	0.0853404	0.935571	-1.18269	-0.229824	0.972335	0.0417729	-0.971031	-0.226209	-0.0769905	-0.0654112	-0.0582571	0.996156
2.76667	0.0792819	0.936775	-1.16342	-0.221879	0.974338	0.0378783	-0.972868	-0.218598	-0.0757823	-0.0655574	-0.0536651	0.996405
2.8	0.0747506	0.937921	-1.14455	-0.205799	0.977816	0.0390166	-0.976604	-0.202675	-0.0718857	-0.0623833	-0.0528977	0.996649
2.83333	0.0715164	0.938874	-1.12612	-0.183387	0.98206	0.0439007	-0.981288	-0.180212	-0.067806	-0.0586781	-0.055514	0.996732
2.86667	0.0696135	0.939582	-1.10772	-0.154512	0.986753	0.0494364	-0.986416	-0.151248	-0.064091	-0.0557648	-0.0586676	0.996719
2.9	0.068747	0.940028	-1.09	-0.122927	0.99081	0.0564277	-0.990939	-0.119445	-0.0614291	-0.0541246	-0.0634677	0.996515
2.93333	0.068594	0.94026	-1.07255	-0.0895786	0.994024	0.0623822	-0.994553	-0.0859236	-0.0590003	-0.0532876	-0.0673276	0.996307
2.96667	0.0693932	0.940248	-1.05501	-0.0536545	0.996267	0.067624	-0.997115	-0.0498124	-0.0572756	-0.0536933	-0.070502	0.996066
3	0.0708313	0.939847	-1.03724	-0.0182538	0.997295	0.0712013	-0.998335	-0.0142832	-0.055881	-0.0547129	-0.0721028	0.995895
3.03333	0.0733456	0.939076	-1.0194	0.0172306	0.996991	0.0755758	-0.998227	0.0214599	-0.0555107	-0.0569656	-0.0744853	0.995594
3.06667	0.0772752	0.937948	-1.00173	0.052211	0.995191	0.0828784	-0.996772	0.0570024	-0.0565386	-0.060991	-0.0796589	0.994955
3.1	0.0825014	0.936422	-0.984439	0.0848311	0.991897	0.0945748	-0.994095	0.0906986	-0.0595662	-0.0676613	-0.0889633	0.993734
3.13333	0.0883886	0.934441	-0.967375	0.112178	0.987557	0.110217	-0.990703	0.119742	-0.0645678	-0.0769619	-0.101949	0.991808
3.16667	0.0941313	0.932016	-0.949206	0.136688	0.982849	0.123789	-0.986896	0.145924	-0.0688642	-0.0857469	-0.112754	0.989916
3.2	0.0991402	0.928722	-0.928386	0.150251	0.980014	0.130371	-0.984415	0.160491	-0.0719039	-0.0913902	-0.117535	0.988855
3.23333	0.102555	0.924422	-0.903082	0.152845	0.980853	0.120689	-0.983931	0.162442	-0.0741039	-0.0922901	-0.107423	0.989921
3.26667	0.105641	0.920146	-0.875163	0.15689	0.982297	0.102365	-0.98356	0.164788	-0.0738535	-0.0894145	-0.0890948	0.992002
3.3	0.109061	0.918381	-0.847781	0.17808	0.979859	0.0903491	-0.979691	0.185147	-0.0769779	-0.0921555	-0.074806	0.992931
3.33333	0.113005	0.919976	-0.821527	0.206663	0.975048	0.081072	-0.973539	0.213186	-0.0823038	-0.0975336	-0.0619176	0.993304
3.36667	0.116937	0.923809	-0.795995	0.226304	0.971744	0.0670772	-0.968966	0.231618	-0.0863592	-0.0994553	-0.045452	0.994003
3.4	0.121752	0.927078	-0.771802	0.229813	0.971694	0.0547504	-0.967932	0.234064	-0.0912287	-0.101461	-0.0320291	0.994324
3.43333	0.127137	0.928405	-0.748466	0.228841	0.972351	0.0465338	-0.967809	0.232397	-0.0966303	-0.104773	-0.0229228	0.994232
3.46667	0.131989	0.928387	-0.725193	0.23317	0.97159	0.0405438	-0.96661	0.236128	-0.099543	-0.106289	-0.0159796	0.994207
3.5	0.136624	0.927771	-0.703186	0.237872	0.970602	0.0367184	-0.965261	0.240433	-0.10229	-0.108111	-0.011111	0.994077
3.53333	0.140683	0.927253	-0.682163	0.233917	0.97174	0.0316827	-0.966272	0.235964	-0.103145	-0.107706	-0.00648671	0.994162
3.56667	0.144082	0.927289	-0.661343	0.219531	0.975237	0.0268067	-0.970309	0.221116	-0.0980173	-0.101517	-0.00449293	0.994824
3.6	0.147187	0.927632	-0.64141	0.19391	0.980664	0.0264156	-0.976526	0.195526	-0.0903646	-0.0937822	-0.00827296	0.995558
3.63333	0.150034	0.928095	-0.622393	0.163729	0.986045	0.0301267	-0.982672	0.165706	-0.0830498	-0.086883	-0.016007	0.99609
3.66667	0.152346	0.92833	-0.603803	0.132114	0.990587	0.035818	-0.987955	0.134528	-0.0764729	-0.0805716	-0.0252835	0.996428
3.7	0.154196	0.928378	-0.585305	0.0968697	0.994463	0.0407335	-0.992557	0.0995569	-0.0701394	-0.0738064	-0.033636	0.996705
3.73333	0.155579	0.928343	-0.567146	0.0583123	0.997317	0.044264	-0.996105	0.0610648	-0.0636143	-0.0661465	-0.040382	0.996992
3.76667	0.156254	0.928145	-0.549103	0.0173379	0.998766	0.0465343	-0.998166	0.0199897	-0.0571392	-0.0579989	-0.0454583	0.997281
3.8	0.156282	0.927709	-0.530916	-0.0233455	0.998532	0.0488692	-0.998502	-0.0208699	-0.0505695	-0.0494754	-0.0499766	0.997524
3.83333	0.155587	0.926843	-0.5126	-0.0614726	0.996845	0.0502052	-0.997201	-0.0591947	-0.0456639	-0.042548	-0.0528718	0.997694
3.86667	0.153903	0.925532	-0.494137	-0.0964625	0.994086	0.0498789	-0.994568	-0.0942982	-0.0440676	-0.0391035	-0.0538589	0.997783
3.9	0.151322	0.923761	-0.475415	-0.127757	0.990631	0.04825	-0.991027	-0.125579	-0.045769	-0.039281	-0.0536644	0.997786
3.93333	0.148307	0.921576	-0.456259	-0.151737	0.987349	0.0460129	-0.987461	-0.149374	-0.0510674	-0.0435483	-0.0531848	0.997635
3.96667	0.145365	0.919018	-0.435993	-0.16714	0.984959	0.0438127	-0.98467	-0.164512	-0.0579672	-0.0498876	-0.0528297	0.997357
4	0.142566	0.91605	-0.413582	-0.179116	0.982861	0.0436145	-0.982285	-0.176177	-0.0638563	-0.055078	-0.0542796	0.997006
4.03333	0.140323	0.912199	-0.387217	-0.187531	0.980826	0.0530395	-0.980612	-0.183818	-0.0679113	-0.0568595	-0.0647466	0.996281
4.06667	0.138677	0.907588	-0.356289	-0.194975	0.977984	0.0743722	-0.979453	-0.190161	-0.0671582	-0.0515371	-0.0859383	0.994967
4.1	0.136033	0.905066	-0.324673	-0.219714	0.971724	0.0864816	-0.9746	-0.214692	-0.0637348	-0.0433657	-0.0982884	0.994213
4.13333	0.133336	0.906963	-0.294088	-0.260697	0.961017	0.0921036	-0.964605	-0.255369	-0.0657527	-0.0396691	-0.105985	0.993576
4.16667	0.130177	0.912476	-0.26516	-0.281176	0.954646	0.0979361	-0.958904	-0.275448	-0.0680584	-0.0379953	-0.113048	0.992863
4.2	0.125987	0.918081	-0.238862	-0.268541	0.957128	0.108588	-0.962557	-0.262301	-0.0684286	-0.0370124	-0.122898	0.991729
4.23333	0.12171	0.921822	-0.214065	-0.247761	0.961931	0.115342	-0.968181	-0.24151	-0.06556	-0.0352079	-0.127915	0.99116
4.26667	0.118335	0.923904	-0.189843	-0.233335	0.965786	0.113192	-0.971849	-0.22771	-0.0604847	-0.0326404	-0.124118	0.99173
4.3	0.115598	0.925125	-0.166599	-0.216838	0.970344	0.106838	-0.975603	-0.211551	-0.0586936	-0.0343512	-0.116959	0.992543
4.33333	0.113285	0.926266	-0.144077	-0.191079	0.97634	0.101235	-0.980868	-0.18601	-0.0574325	-0.0372429	-0.110273	0.993203
4.36667	0.111539	0.927618	-0.122377	-0.157893	0.982893	0.0948188	-0.986787	-0.153521	-0.0518014	-0.0363586	-0.101745	0.994146
4.4	0.110496	0.928946	-0.101257	-0.123108	0.988351	0.0894776	-0.9918	-0.119416	-0.045532	-0.0343166	-0.0943493	0.994948
4.43333	0.109721	0.929755	-0.0806368	-0.0887838	0.992272	0.0866846	-0.99546	-0.0853964	-0.0420397	-0.0343123	-0.0900235	0.995348
4.46667	0.109864	0.929952	-0.0603486	-0.054973	0.994709	0.0867896	-0.997912	-0.0517814	-0.0386078	-0.0339094	-0.0887307	0.995478
4.5	0.110844	0.929665	-0.0404861	-0.0228302	0.99595	0.0869566	-0.999173	-0.0198039	-0.035508	-0.0336421	-0.0876954	0.995579
4.53333	0.112606	0.929029	-0.0212789	0.00881023	0.996182	0.0868544	-0.999375	0.0117451	-0.0333373	-0.0342301	-0.0865064	0.995663
4.56667	0.115386	0.927982	-0.00246902	0.0384284	0.995198	0.0900211	-0.998596	0.0415344	-0.0328868	-0.0364678	-0.0886309	0.995397
4.6	0.119158	0.92651	0.0153706	0.0673736	0.993294	0.0939539	-0.996853	0.0709589	-0.0353518	-0.0417816	-0.0912764	0.994949
4.63333	0.12392	0.924795	0.0330312	0.0910199	0.9906	0.102112	-0.994645	0.0954712	-0.0395766	-0.0489534	-0.0979632	0.993985
4.66667	0.128925	0.92287	0.050952	0.112308	0.98759	0.109782	-0.991987	0.117866	-0.0455018	-0.0578766	-0.103792	0.992914
4.7	0.134017	0.920514	0.0699998	0.131246	0.98485	0.113337	-0.989036	0.137888	-0.0528677	-0.0676946	-0.105155	0.992149
4.73333	0.138736	0.917458	0.0911956	0.143191	0.983538	0.110222	-0.986748	0.150464	-0.0607299	-0.0763146	-0.100065	0.99205
4.76667	0.142589	0.913473	0.116019	0.148616	0.984102	0.097248	-0.985553	0.155474	-0.0671851	-0.0812366	-0.0858582	0.99299
4.8	0.145903	0.909252	0.143038	0.155982	0.984747	0.0770852	-0.984143	0.16161	-0.0731136	-0.0844561	-0.0644585	0.99434
4.83333	0.149311	0.907279	0.169219	0.181745	0.981407	0.0617122	-0.97911	0.186424	-0.081181	-0.0911763	-0.0456688	0.994787
4.86667	0.153265	0.908215	0.194459	0.212332	0.975903	0.0502796	-0.972292	0.216135	-0.0890717	-0.0977926	-0.0299737	0.994755
4.9	0.157584	0.910849	0.218495	0.231757	0.972166	0.0343802	-0.967596	0.234021	-0.0948322	-0.100238	-0.0112881	0.994899
4.93333	0.162626	0.913041	0.24186	0.23731	0.971213	0.0207299	-0.966002	0.238183	-0.100543	-0.102587	0.00383487	0.994717
4.96667	0.167279	0.914044	0.263944	0.2403	0.97065	0.00975218	-0.964685	0.239916	-0.108737	-0.107886	0.0167218	0.994023
5	0.171595	0.914741	0.285225	0.243753	0.969836	0.00188528	-0.963272	0.242328	-0.115689	-0.112657	0.0263836	0.993284
5.03333	0.175934	0.915432	0.305282	0.243998	0.969766	-0.00427423	-0.962649	0.241669	-0.122081	-0.117357	0.0339022	0.992511
5.06667	0.179982	0.916256	0.324595	0.233883	0.972222	-0.00911746	-0.964893	0.230947	-0.125076	-0.119496	0.0380506	0.992105
5.1	0.18347	0.916999	0.343492	0.217072	0.976092	-0.0111566	-0.96911	0.214121	-0.122387	-0.117072	0.0373786	0.99242
5.13333	0.186869	0.917474	0.361833	0.197429	0.980272	-0.00942535	-0.973752	0.194986	-0.117423	-0.113269	0.0323606	0.993037
5.16667	0.19001	0.917756	0.379701	0.173942	0.984744	-0.00491953	-0.978714	0.17232	-0.111469	-0.108921	0.024204	0.993756
5.2	0.192771	0.917917	0.397268	0.147502	0.989062	0.000252878	-0.983594	0.146713	-0.104966	-0.103855	0.015234	0.994476
5.23333	0.195322	0.918002	0.414532	0.117458	0.993065	0.00496466	-0.988303	0.117381	-0.0973579	-0.0972655	0.00652887	0.995237
5.26667	0.197594	0.918044	0.43153	0.0841061	0.996384	0.0120421	-0.99239	0.0848474	-0.0892304	-0.0899295	-0.00444565	0.995938
5.3	0.199442	0.918085	0.448308	0.0482347	0.998618	0.0208549	-0.99552	0.0497641	-0.0803993	-0.081326	-0.0168834	0.996545
5.33333	0.20084	0.918015	0.464876	0.011751	0.999438	0.0313879	-0.997329	0.0139775	-0.0716853	-0.0720838	-0.0304617	0.996933
5.36667	0.201723	0.917706	0.48141	-0.0240803	0.998822	0.0421395	-0.997715	-0.0213493	-0.0641003	-0.0631251	-0.0435868	0.997053
5.4	0.201758	0.917091	0.498095	-0.0574725	0.997036	0.0511442	-0.996804	-0.054461	-0.0584469	-0.0554883	-0.0543398	0.99698
5.43333	0.200828	0.916194	0.51497	-0.0872804	0.994583	0.0564477	-0.994893	-0.0841442	-0.0557388	-0.0506872	-0.0610244	0.996848
5.46667	0.19904	0.914921	0.532016	-0.11151	0.992071	0.0579726	-0.992522	-0.108266	-0.0563723	-0.0496488	-0.0638251	0.996725
5.5	0.197076	0.913152	0.549171	-0.128935	0.989901	0.0589227	-0.990271	-0.125392	-0.0603326	-0.0523349	-0.0661284	0.996438
5.53333	0.194903	0.91088	0.567561	-0.139535	0.988492	0.0584342	-0.988586	-0.135677	-0.0654908	-0.0568089	-0.0669055	0.996141
5.56667	0.192948	0.907943	0.588161	-0.147194	0.987226	0.0609785	-0.987234	-0.142843	-0.0704625	-0.0608521	-0.0705717	0.995649
5.6	0.192034	0.904086	0.612514	-0.153542	0.985345	0.0742992	-0.986212	-0.148112	-0.0738158	-0.0617294	-0.0846086	0.9945
5.63333	0.191591	0.899531	0.641025	-0.157537	0.982895	0.0953914	-0.985821	-0.150879	-0.0734323	-0.0577837	-0.105607	0.992728
5.66667	0.190321	0.896663	0.670117	-0.177658	0.977898	0.110244	-0.982709	-0.170354	-0.0725483	-0.0521644	-0.121226	0.991253
5.7	0.188839	0.897635	0.698324	-0.217228	0.968523	0.121554	-0.974929	-0.209121	-0.0760431	-0.04823	-0.135025	0.989668
5.73333	0.187041	0.902154	0.725294	-0.246216	0.960422	0.130261	-0.968158	-0.237443	-0.0793103	-0.0452419	-0.14564	0.988303
5.76667	0.18394	0.907142	0.750192	-0.244065	0.959555	0.140306	-0.968654	-0.234317	-0.0824916	-0.0462791	-0.156041	0.986666
5.8	0.180469	0.910759	0.773816	-0.228249	0.961952	0.150169	-0.97243	-0.217678	-0.0836416	-0.0477707	-0.16512	0.985116
5.83333	0.177152	0.91296	0.796389	-0.219696	0.963263	0.154458	-0.974464	-0.209147	-0.0817206	-0.0464141	-0.168468	0.984614
5.86667	0.174106	0.914257	0.817463	-0.210139	0.965852	0.151566	-0.97643	-0.199524	-0.0823108	-0.049259	-0.16529	0.985014
5.9	0.171605	0.915202	0.837547	-0.191382	0.969805	0.151166	-0.980164	-0.180759	-0.0812706	-0.0514921	-0.163721	0.985162
5.93333	0.169697	0.916202	0.856766	-0.164729	0.974919	0.149658	-0.98493	-0.154483	-0.0777637	-0.0526938	-0.160212	0.985675
5.96667	0.167743	0.917252	0.875018	-0.137527	0.979758	0.145469	-0.98901	-0.127785	-0.0743607	-0.0542667	-0.154097	0.986564
6	0.165646	0.918205	0.893175	-0.105925	0.985036	0.135959	-0.992758	-0.0969682	-0.0709102	-0.0566654	-0.142485	0.988174
6.03333	0.164234	0.918867	0.91137	-0.0753406	0.988779	0.128996	-0.995439	-0.0669857	-0.0679317	-0.0585286	-0.133525	0.989316
6.06667	0.163505	0.919243	0.929352	-0.0458716	0.991228	0.123947	-0.997241	-0.0381905	-0.0636529	-0.0583609	-0.126525	0.990245
6.1	0.163312	0.919431	0.946996	-0.0143617	0.992757	0.119281	-0.99816	-0.00720668	-0.0602008	-0.0589051	-0.119926	0.991034
6.13333	0.163926	0.919306	0.964731	0.0172666	0.992836	0.118233	-0.998079	0.0241511	-0.0570448	-0.0594916	-0.117021	0.991346
6.16667	0.165393	0.918671	0.982051	0.0488215	0.991833	0.117825	-0.99691	0.0556559	-0.055427	-0.0615321	-0.114755	0.991486
6.2	0.167956	0.917534	0.998949	0.0773726	0.98974	0.120121	-0.994849	0.0845569	-0.0559044	-0.0654879	-0.115177	0.991184
6.23333	0.171301	0.915988	1.01539	0.100213	0.986993	0.125705	-0.992373	0.108266	-0.0589445	-0.0717873	-0.118839	0.990315
6.26667	0.174965	0.914128	1.03189	0.118759	0.984032	0.13258	-0.989686	0.128085	-0.064159	-0.0801161	-0.123593	0.989094
6.3	0.178481	0.911854	1.04917	0.134483	0.981445	0.136674	-0.986872	0.145102	-0.0709163	-0.0894322	-0.125343	0.988074
6.33333	0.181548	0.908962	1.06832	0.146685	0.979996	0.134503	-0.984325	0.158069	-0.0782241	-0.0979201	-0.12092	0.987821
6.36667	0.183555	0.905326	1.0906	0.152556	0.980674	0.122493	-0.982821	0.163568	-0.0854876	-0.103872	-0.107347	0.988781
6.4	0.184461	0.901154	1.1164	0.154946	0.982809	0.100386	-0.982202	0.164171	-0.091248	-0.10616	-0.0844605	0.990756
6.43333	0.185704	0.898125	1.14303	0.171886	0.981864	0.0799863	-0.979147	0.179205	-0.095686	-0.108285	-0.0618713	0.992193
6.46667	0.186969	0.897003	1.16924	0.196564	0.978529	0.0619961	-0.973943	0.202156	-0.102798	-0.113124	-0.0401743	0.992768
6.5	0.188218	0.899019	1.19409	0.226283	0.973122	0.042769	-0.967128	0.229685	-0.109123	-0.116013	-0.0166705	0.993108
6.53333	0.189733	0.902392	1.21827	0.244448	0.969453	0.0201755	-0.962594	0.245121	-0.115446	-0.116865	0.00879964	0.993109
6.56667	0.191031	0.904811	1.24186	0.24957	0.968355	-0.00198356	-0.961105	0.24745	-0.12266	-0.118287	0.0325186	0.992447
6.6	0.191891	0.905828	1.26456	0.255051	0.966674	-0.0221551	-0.959404	0.250147	-0.130268	-0.120385	0.0544806	0.991231
6.63333	0.193757	0.906043	1.28624	0.260242	0.964884	-0.0356804	-0.957891	0.253359	-0.13511	-0.121325	0.069339	0.990188
6.66667	0.195906	0.90608	1.30669	0.263081	0.963586	-0.0478689	-0.957156	0.254459	-0.138212	-0.120998	0.0821788	0.989245
6.7	0.197908	0.906153	1.3264	0.257824	0.964454	-0.0579244	-0.958747	0.247949	-0.139016	-0.119712	0.0913765	0.988595
6.73333	0.199976	0.906363	1.34549	0.241246	0.968476	-0.0620833	-0.963627	0.231475	-0.133577	-0.114995	0.0920499	0.989092
6.76667	0.20185	0.906726	1.36396	0.216514	0.974456	-0.0596403	-0.970137	0.207908	-0.124934	-0.109343	0.0849092	0.990371
6.8	0.203429	0.907107	1.382	0.186187	0.981129	-0.0521653	-0.976846	0.179157	-0.116936	-0.105384	0.0727295	0.991768
6.83333	0.204463	0.907452	1.39979	0.153512	0.98709	-0.0456787	-0.98295	0.147807	-0.109376	-0.101213	0.0616905	0.99295
6.86667	0.205303	0.907672	1.41656	0.114998	0.992679	-0.0369423	-0.988698	0.110777	-0.101017	-0.0961852	0.0481415	0.994199
6.9	0.205587	0.907753	1.43346	0.0754616	0.996682	-0.0305178	-0.993108	0.0723682	-0.0921911	-0.0896767	0.0372644	0.995274
6.93333	0.205272	0.907725	1.45046	0.0355117	0.999072	-0.0243707	-0.995985	0.0333757	-0.0830653	-0.0821749	0.0272226	0.996246
6.96667	0.204211	0.907635	1.46756	-0.00512579	0.999822	-0.0181427	-0.997228	-0.0064575	-0.0741218	-0.0742258	0.0177125	0.997084
7	0.202252	0.907322	1.48463	-0.0458595	0.998878	-0.0117829	-0.996663	-0.0465487	-0.067048	-0.0675212	0.00866883	0.99768
7.03333	0.199328	0.90664	1.50179	-0.0820621	0.996602	-0.0070988	-0.994589	-0.0823475	-0.0633374	-0.0637068	0.00186279	0.997967
7.06667	0.195574	0.905465	1.51863	-0.108555	0.994071	-0.00625369	-0.991961	-0.108732	-0.0647344	-0.0650305	-0.00082383	0.997883
7.1	0.191404	0.903679	1.53588	-0.127375	0.991837	-0.00582962	-0.989463	-0.127474	-0.0686588	-0.0688415	-0.00297725	0.997623
7.13333	0.187299	0.901068	1.5543	-0.136972	0.990563	-0.00489392	-0.987925	-0.136965	-0.0724203	-0.0724072	-0.00508471	0.997362
7.16667	0.183942	0.897565	1.57562	-0.14292	0.989729	0.00328638	-0.98699	-0.142276	-0.0748905	-0.0736537	-0.013947	0.997186
7.2	0.181297	0.892985	1.6018	-0.147412	0.988799	0.0233601	-0.986559	-0.145313	-0.0747317	-0.0705001	-0.0340625	0.99693
7.23333	0.178323	0.88784	1.6318	-0.154216	0.986687	0.0516307	-0.985965	-0.1503	-0.0726832	-0.0639555	-0.062115	0.996018
7.26667	0.174738	0.885146	1.66127	-0.178379	0.981265	0.0727964	-0.982297	-0.173287	-0.0711658	-0.0572178	-0.0842022	0.994805
7.3	0.170662	0.887113	1.68996	-0.219176	0.972277	0.0814796	-0.974077	-0.213258	-0.0754629	-0.0559947	-0.0959071	0.993814
7.33333	0.166042	0.892571	1.71655	-0.24186	0.966085	0.0904691	-0.968684	-0.235004	-0.0801522	-0.0561732	-0.107022	0.992669
7.36667	0.159892	0.898026	1.74065	-0.232552	0.967178	0.1024	-0.970788	-0.224439	-0.0848355	-0.0590686	-0.119137	0.991119
7.4	0.153494	0.90189	1.76349	-0.21756	0.969409	0.113635	-0.974206	-0.208527	-0.086246	-0.0599117	-0.129468	0.989772
7.43333	0.147658	0.903867	1.78563	-0.209197	0.970956	0.116105	-0.976024	-0.200026	-0.0858296	-0.0601128	-0.131276	0.989522
7.46667	0.142384	0.904631	1.80666	-0.2042	0.972261	0.114069	-0.976769	-0.194624	-0.0896888	-0.0650004	-0.129733	0.989416
7.5	0.137562	0.905117	1.82682	-0.193044	0.974375	0.115443	-0.978774	-0.182978	-0.0923109	-0.0688219	-0.130813	0.989015
7.53333	0.133106	0.905783	1.84597	-0.173708	0.978105	0.114611	-0.982316	-0.163838	-0.090621	-0.0698592	-0.128326	0.989269
7.56667	0.129368	0.906566	1.86398	-0.149082	0.982843	0.108602	-0.986262	-0.139894	-0.0878438	-0.0711439	-0.120206	0.990197
7.6	0.126296	0.907291	1.88173	-0.122074	0.987244	0.10221	-0.989823	-0.113507	-0.0858286	-0.0731322	-0.111648	0.991053
7.63333	0.123601	0.907963	1.89903	-0.0938818	0.990914	0.0963058	-0.992871	-0.0860514	-0.0824764	-0.0734398	-0.103362	0.991929
7.66667	0.121736	0.908446	1.91583	-0.0656406	0.993503	0.0929701	-0.99521	-0.0584177	-0.0783908	-0.0724504	-0.0976704	0.992578
7.7	0.120593	0.90877	1.9325	-0.0378558	0.995167	0.0906098	-0.996731	-0.0311269	-0.0745574	-0.0713766	-0.093136	0.993092
7.73333	0.120252	0.908877	1.949	-0.0093328	0.995944	0.0894946	-0.997451	-0.0029411	-0.0712876	-0.0707352	-0.0899318	0.993433
7.76667	0.120829	0.908815	1.9653	0.0187142	0.995768	0.0899771	-0.997405	0.0248505	-0.0675694	-0.0695194	-0.0884791	0.993649
7.8	0.122381	0.908563	1.98128	0.0465255	0.994655	0.092177	-0.996477	0.0526598	-0.0652736	-0.0697787	-0.0888154	0.993601
7.83333	0.124579	0.908066	1.99697	0.072783	0.992962	0.093431	-0.994831	0.0789317	-0.0638906	-0.0708156	-0.0882979	0.993574
7.86667	0.12762	0.907274	2.01245	0.0967489	0.990611	0.0965933	-0.992491	0.103317	-0.0654781	-0.0748431	-0.0895331	0.993168
7.9	0.131169	0.906232	2.02822	0.11731	0.988165	0.0988351	-0.989849	0.124387	-0.0687542	-0.0802343	-0.0897662	0.992726
7.93333	0.134915	0.904864	2.04438	0.134648	0.986116	0.0971845	-0.98713	0.142029	-0.0734946	-0.0862773	-0.0860379	0.992549
7.96667	0.138745	0.902899	2.06193	0.148728	0.984454	0.0934318	-0.984495	0.156292	-0.0796357	-0.0930003	-0.0801391	0.992436
8	0.142103	0.89989	2.08187	0.157679	0.983842	0.0848044	-0.982505	0.164922	-0.0865137	-0.099102	-0.0696794	0.992635
8.03333	0.144538	0.895592	2.10548	0.156212	0.985524	0.0658838	-0.982511	0.161885	-0.0920091	-0.101343	-0.0503587	0.993576
8.06667	0.146271	0.891017	2.13116	0.156929	0.986863	0.0383923	-0.982512	0.159946	-0.0953273	-0.100216	-0.0227612	0.994705
8.1	0.147926	0.888916	2.15624	0.17455	0.984552	0.013756	-0.979441	0.175045	-0.100272	-0.101131	0.00402927	0.994865
8.13333	0.149666	0.891334	2.17997	0.201152	0.979509	-0.00997439	-0.974286	0.199003	-0.105663	-0.101513	0.0309721	0.994352
8.16667	0.152079	0.896363	2.20247	0.213949	0.97616	-0.0365587	-0.971666	0.208817	-0.110732	-0.100458	0.0592138	0.993178
8.2	0.155445	0.900529	2.22394	0.210301	0.975862	-0.0588778	-0.972588	0.202722	-0.11391	-0.099225	0.0812193	0.991745
8.23333	0.159488	0.902069	2.24459	0.207355	0.975492	-0.0736197	-0.973313	0.198158	-0.115734	-0.0983096	0.0956531	0.990548
8.26667	0.163312	0.901916	2.26481	0.210152	0.974239	-0.0818194	-0.973037	0.200286	-0.114389	-0.0950551	0.103652	0.990061
8.3	0.166925	0.901473	2.28416	0.214353	0.973032	-0.0852096	-0.972301	0.204239	-0.113653	-0.0931847	0.107211	0.98986
8.33333	0.169862	0.901689	2.30265	0.2093	0.973955	-0.0872093	-0.973328	0.198933	-0.114274	-0.0939486	0.108801	0.989614
8.36667	0.172431	0.90249	2.32061	0.191016	0.977801	-0.0861276	-0.977223	0.181169	-0.110513	-0.0924558	0.105276	0.990136
8.4	0.175128	0.903187	2.33742	0.164878	0.983291	-0.0771656	-0.982125	0.156471	-0.104627	-0.0908049	0.0930369	0.991513
8.43333	0.177792	0.903464	2.3535	0.136251	0.988676	-0.0628957	-0.986608	0.129672	-0.0989462	-0.08967	0.0755349	0.993103
8.46667	0.180272	0.903264	2.36913	0.109781	0.992785	-0.0482372	-0.990051	0.104923	-0.0937594	-0.0880217	0.0580503	0.994426
8.5	0.182229	0.903115	2.3847	0.0805043	0.996103	-0.0360172	-0.993164	0.0770978	-0.0876415	-0.0845231	0.0428265	0.995501
8.53333	0.18373	0.903195	2.39995	0.0476847	0.998526	-0.0259336	-0.995702	0.0454541	-0.0806936	-0.0793958	0.02967	0.996402
8.56667	0.184713	0.903205	2.41505	0.0122189	0.999759	-0.0182535	-0.99724	0.0108472	-0.0734441	-0.0732284	0.0191006	0.997132
8.6	0.18499	0.903001	2.42987	-0.0206762	0.999699	-0.0132011	-0.997553	-0.0215103	-0.0665293	-0.0667932	0.0117932	0.997697
8.63333	0.184816	0.902712	2.44445	-0.0526402	0.998579	-0.00826938	-0.996809	-0.0530409	-0.0596528	-0.0600067	0.00510285	0.998185
8.66667	0.183953	0.902206	2.45912	-0.0826164	0.996569	-0.00506931	-0.995058	-0.0827702	-0.0548451	-0.0550765	0.000513157	0.998482
8.7	0.182345	0.901365	2.47403	-0.110307	0.993893	-0.00288093	-0.992499	-0.110306	-0.0527081	-0.052704	-0.00295477	0.998606
8.73333	0.17998	0.900178	2.4894	-0.132707	0.991153	-0.00199465	-0.989832	-0.132633	-0.0513836	-0.0511936	-0.00484458	0.998677
8.76667	0.177394	0.898473	2.50487	-0.149094	0.988823	0.000420813	-0.987401	-0.148857	-0.0536794	-0.0530168	-0.00841881	0.998558
8.8	0.174442	0.896373	2.52113	-0.160285	0.987067	0.00272307	-0.985411	-0.159855	-0.0584107	-0.05722	-0.0120457	0.998289
8.83333	0.171455	0.893663	2.53886	-0.166681	0.985986	0.00694096	-0.984045	-0.165901	-0.0642851	-0.0622327	-0.0175453	0.997907
8.86667	0.168827	0.890376	2.55889	-0.170143	0.985306	0.0149609	-0.983163	-0.168707	-0.0702085	-0.0666529	-0.0266545	0.99742
8.9	0.166278	0.886546	2.58258	-0.171572	0.984794	0.0272805	-0.982774	-0.169158	-0.0744392	-0.0686925	-0.0395822	0.996852
8.93333	0.164078	0.883075	2.60865	-0.176374	0.983122	0.0486156	-0.981969	-0.172324	-0.0777213	-0.0680319	-0.0614471	0.995789
8.96667	0.161359	0.883163	2.63361	-0.203678	0.977059	0.0622138	-0.976751	-0.198451	-0.0810807	-0.0668742	-0.0772818	0.994764
9	0.158971	0.886944	2.65768	-0.223537	0.971902	0.0737419	-0.972315	-0.217069	-0.0865088	-0.068071	-0.0910383	0.993518
9.03333	0.15622	0.892405	2.68016	-0.225052	0.970268	0.089061	-0.972045	-0.217302	-0.0889237	-0.0669267	-0.106584	0.992049
9.06667	0.152694	0.896666	2.70133	-0.215477	0.970553	0.107684	-0.974201	-0.206079	-0.0920006	-0.0671001	-0.12473	0.989919
9.1	0.148681	0.89923	2.72217	-0.207938	0.9704	0.122827	-0.976217	-0.198012	-0.0882697	-0.0613358	-0.13826	0.988495
9.13333	0.144905	0.900488	2.74172	-0.205574	0.969499	0.133458	-0.976994	-0.195402	-0.0854429	-0.0567589	-0.147952	0.987364
9.16667	0.142099	0.901453	2.75979	-0.198933	0.969012	0.146432	-0.978581	-0.188337	-0.083119	-0.0529647	-0.159831	0.985722
9.2	0.140544	0.902759	2.77684	-0.17969	0.970303	0.161937	-0.982564	-0.169041	-0.0774111	-0.0477381	-0.173023	0.98376
9.23333	0.139386	0.904455	2.79291	-0.154598	0.972806	0.172475	-0.986949	-0.144101	-0.071882	-0.0450734	-0.181337	0.982388
9.26667	0.138752	0.906123	2.80835	-0.127283	0.975677	0.178475	-0.990859	-0.11697	-0.0672055	-0.0446946	-0.185397	0.981647
9.3	0.138588	0.907459	2.82297	-0.102311	0.978114	0.181177	-0.993705	-0.0921369	-0.0637318	-0.0456439	-0.186557	0.981383
9.33333	0.138706	0.908397	2.83688	-0.0774101	0.980521	0.180516	-0.995899	-0.0675424	-0.0601937	-0.0468287	-0.184435	0.981728
9.36667	0.139548	0.909094	2.85015	-0.0529959	0.982422	0.178991	-0.99749	-0.0436499	-0.0557585	-0.0469654	-0.181497	0.982269
