0	0	1	0	0	0	-1	-1	0	0
0.0333333	0.998958	-0.0443691	-0.0107157	0.0396883	0.960279	-0.276206	0.0225451	0.275492	0.961039
0.0666667	0.999861	0.00199909	-0.016579	-0.00539914	0.978185	-0.207666	0.0158022	0.207727	0.978059
0.1	0.999672	0.0171974	-0.0189822	-0.0202028	0.984958	-0.171608	0.0157455	0.171936	0.984982
0.133333	0.99952	0.023614	-0.0200485	-0.0263661	0.988264	-0.150465	0.0162601	0.150921	0.988412
0.166667	0.999417	0.0271379	-0.0207055	-0.0297392	0.989999	-0.137901	0.0167561	0.138436	0.99023
0.2	0.999337	0.0294648	-0.0214081	-0.0320109	0.990944	-0.130402	0.0173719	0.131001	0.99123
0.233333	0.999275	0.0310712	-0.02201	-0.0335971	0.991507	-0.125643	0.0179192	0.126291	0.991831
0.266667	0.999219	0.0323186	-0.0227262	-0.034857	0.99192	-0.121985	0.0186002	0.122682	0.992272
0.3	0.99917	0.0332964	-0.0234547	-0.0358778	0.99213	-0.119959	0.0192759	0.120701	0.992502
0.333333	0.999135	0.0338591	-0.0241551	-0.0365075	0.992189	-0.119282	0.0199276	0.12006	0.992567
0.366667	0.999097	0.0344131	-0.0248989	-0.037128	0.992275	-0.11837	0.0206331	0.119188	0.992657
0.4	0.999051	0.0352377	-0.0255843	-0.0380002	0.992401	-0.117033	0.0212659	0.117895	0.992798
0.433333	0.999016	0.0358147	-0.0261458	-0.0386212	0.992475	-0.116197	0.0217875	0.117093	0.992882
0.466667	0.998974	0.0363571	-0.0269936	-0.0392938	0.99227	-0.117712	0.0225052	0.118652	0.992681
0.5	0.998988	0.0358907	-0.0270982	-0.0388559	0.99222	-0.118278	0.0226423	0.119211	0.992611
0.533333	0.99893	0.0365431	-0.0283364	-0.0396411	0.992241	-0.117839	0.0238103	0.118836	0.992628
0.566667	0.99897	0.0357344	-0.0279582	-0.03878	0.99234	-0.117296	0.0235526	0.118259	0.992703
0.6	0.998925	0.0361552	-0.0290219	-0.0393424	0.992229	-0.118042	0.0245286	0.119057	0.992584
0.633333	0.998999	0.0347937	-0.0281237	-0.0378584	0.992408	-0.117015	0.0238388	0.117963	0.992732
0.666667	0.99905	0.0335577	-0.0278174	-0.0365672	0.99259	-0.115877	0.0237227	0.116784	0.992874
0.7	0.999056	0.0322594	-0.0290963	-0.0354804	0.99238	-0.117998	0.0250681	0.118918	0.992588
0.733333	0.999132	0.030918	-0.0279165	-0.0340137	0.992401	-0.118251	0.0240483	0.119098	0.992591
0.766667	0.9992	0.0311026	-0.0251511	-0.0337909	0.992828	-0.114679	0.0214039	0.115438	0.993084
0.8	0.999236	0.0312343	-0.0234813	-0.0336722	0.993157	-0.11183	0.0198277	0.112536	0.99345
0.833333	0.999216	0.0324731	-0.0226275	-0.0347325	0.993555	-0.107895	0.018978	0.108596	0.993905
0.866667	0.999227	0.0330433	-0.0213015	-0.0351082	0.993827	-0.105241	0.0176925	0.105908	0.994219
0.9	0.999199	0.0339399	-0.021213	-0.0359992	0.993743	-0.105729	0.0174918	0.106408	0.994169
0.933333	0.999179	0.0348676	-0.0206396	-0.0368614	0.993707	-0.105767	0.0168219	0.106441	0.994177
0.966667	0.999181	0.0355118	-0.0193764	-0.0373566	0.993764	-0.105058	0.0155248	0.105696	0.994277
1	0.999205	0.0355344	-0.0180843	-0.0371996	0.994081	-0.102077	0.01435	0.102668	0.994612
1.03333	0.999256	0.0347087	-0.0168235	-0.0361869	0.994583	-0.0974408	0.0133503	0.0979771	0.995099
1.06667	0.999374	0.031985	-0.0151155	-0.0332397	0.995229	-0.091727	0.0121095	0.092172	0.995669
1.1	0.999524	0.0279335	-0.0131164	-0.0289368	0.99606	-0.0838292	0.0107231	0.0841688	0.996394
1.13333	0.999663	0.0242366	-0.00925306	-0.0248604	0.996902	-0.0746245	0.00741575	0.0748294	0.997169
1.16667	0.999799	0.0193556	-0.00517756	-0.0196525	0.997675	-0.0652608	0.00390235	0.0653495	0.997855
1.2	0.999897	0.0143327	-0.000941485	-0.0143631	0.99826	-0.057183	0.000120262	0.0571907	0.998363
1.23333	0.999947	0.0097672	0.00311359	-0.0096026	0.998748	-0.0490981	-0.00358924	0.0490656	0.998789
1.26667	0.999964	0.00437963	0.00721953	-0.00408085	0.999155	-0.040893	-0.00739253	0.0408621	0.999137
1.3	0.999914	-0.0042913	0.0123779	0.00477347	0.99922	-0.039192	-0.0122	0.0392477	0.999155
1.33333	0.999794	-0.0128738	0.0156721	0.0134463	0.999225	-0.0369874	-0.0151838	0.0371905	0.999193
1.36667	0.99958	-0.0224084	0.0183931	0.0231105	0.998976	-0.0388882	-0.0175029	0.0392969	0.999074
1.4	0.999371	-0.0303308	0.0183507	0.0310216	0.998773	-0.0386078	-0.0171571	0.0391528	0.999086
1.43333	0.999182	-0.0361346	0.0181677	0.0367946	0.998622	-0.0374145	-0.0167908	0.0380523	0.999135
1.46667	0.999305	-0.0341675	0.01492	0.0345178	0.999119	-0.0238889	-0.0140906	0.0243873	0.999603
1.5	0.999278	-0.0336808	0.0175622	0.0339769	0.999281	-0.0168449	-0.0169822	0.0174295	0.999704
1.53333	0.999263	-0.032159	0.0209478	0.0324487	0.99938	-0.0136397	-0.0204962	0.0143094	0.999688
1.56667	0.999329	-0.0263778	0.025401	0.0266504	0.99959	-0.0104531	-0.0251149	0.011123	0.999623
1.6	0.999429	-0.0186781	0.0281474	0.0190284	0.999744	-0.0122265	-0.0279119	0.0127551	0.999529
1.63333	0.999519	-0.00843338	0.0298486	0.00895194	0.999811	-0.0172823	-0.0296972	0.0175412	0.999405
1.66667	0.999485	0.00336308	0.0319106	-0.00272198	0.999794	-0.0201129	-0.0319717	0.0200157	0.999288
1.7	0.999314	0.0162932	0.033243	-0.0155179	0.999605	-0.0234489	-0.0336119	0.0229169	0.999172
1.73333	0.99891	0.0273824	0.0378138	-0.026511	0.999376	-0.0233565	-0.0384297	0.0223286	0.999012
1.76667	0.998389	0.0337636	0.0456043	-0.0325322	0.999093	-0.0274793	-0.0464908	0.0259514	0.998582
1.8	0.997821	0.0341979	0.0564242	-0.0324757	0.998987	-0.0311627	-0.0574327	0.0292624	0.99792
1.83333	0.997437	0.0368525	0.0613306	-0.0345267	0.99866	-0.0385602	-0.0626695	0.0363438	0.997372
1.86667	0.997527	0.0397555	0.0579671	-0.0374304	0.998472	-0.0406592	-0.059495	0.0383889	0.99749
1.9	0.997892	0.0432388	0.0484004	-0.0418034	0.998667	-0.0302861	-0.0496454	0.028199	0.998369
1.93333	0.998224	0.047889	0.0354455	-0.0475003	0.998802	-0.0117278	-0.0359647	0.0100233	0.999303
1.96667	0.998425	0.052899	0.0186687	-0.0529746	0.998589	0.0035775	-0.0184531	-0.00456084	0.999819
2	0.998263	0.0588891	-0.00153322	-0.0588741	0.998229	0.00849276	0.00203064	-0.00838775	0.999963
2.03333	0.997637	0.0647689	-0.0229114	-0.0646695	0.997894	0.00505511	0.0231906	-0.00356149	0.999725
2.06667	0.996336	0.0728756	-0.0447667	-0.0725693	0.997328	0.00843144	0.0452615	-0.00515186	0.998962
2.1	0.994288	0.0836262	-0.0663168	-0.0824762	0.996394	0.0198974	0.0677417	-0.0143141	0.9976
2.13333	0.991779	0.0945146	-0.0862583	-0.0922152	0.995279	0.0302716	0.0887121	-0.0220685	0.995813
2.16667	0.98898	0.104319	-0.105055	-0.100764	0.994161	0.0386105	0.108469	-0.0275993	0.993717
2.2	0.986087	0.113524	-0.121427	-0.108665	0.993016	0.0459423	0.125795	-0.0321083	0.991537
2.23333	0.983363	0.121588	-0.134954	-0.11548	0.991936	0.052227	0.140216	-0.0357736	0.989474
2.26667	0.980998	0.127791	-0.145987	-0.120329	0.990986	0.058889	0.152197	-0.0402036	0.987532
2.3	0.979014	0.132476	-0.154859	-0.123423	0.990108	0.0667251	0.162167	-0.0462116	0.985681
2.33333	0.977626	0.134181	-0.161999	-0.123447	0.98954	0.0746471	0.170321	-0.0529787	0.983964
2.36667	0.976934	0.131375	-0.168349	-0.119854	0.989809	0.0769028	0.176736	-0.0549517	0.982723
2.4	0.976703	0.125885	-0.173793	-0.114657	0.990702	0.0732372	0.181396	-0.0516045	0.982055
2.43333	0.976664	0.122396	-0.176483	-0.112066	0.991412	0.0673985	0.183217	-0.046048	0.981993
2.46667	0.977574	0.120475	-0.172726	-0.111785	0.991966	0.0592163	0.178472	-0.0385801	0.983188
2.5	0.980143	0.117702	-0.159583	-0.111749	0.99268	0.0458069	0.163807	-0.0270639	0.986121
2.53333	0.983184	0.115352	-0.14157	-0.112502	0.993257	0.0280009	0.143846	-0.0116031	0.989532
2.56667	0.985691	0.11427	-0.123917	-0.113448	0.99345	0.0136952	0.12467	0.000558834	0.992198
2.6	0.988182	0.112647	-0.103959	-0.112045	0.993635	0.0116324	0.104607	0.000153171	0.994514
2.63333	0.990617	0.107615	-0.0842435	-0.106402	0.994146	0.0187692	0.0857702	-0.00962938	0.996268
2.66667	0.993394	0.0923196	-0.0681617	-0.0912805	0.995659	0.0182115	0.069547	-0.0118694	0.997508
2.7	0.996233	0.0664833	-0.0556773	-0.0662215	0.997784	0.00653637	0.0559885	-0.00282471	0.998427
2.73333	0.998225	0.0367726	-0.0468474	-0.0371154	0.99929	-0.00646855	0.0465763	0.00819583	0.998881
2.76667	0.999039	0.0111079	-0.0423887	-0.0115727	0.999875	-0.0107351	0.0422641	0.0112154	0.999044
2.8	0.99922	-0.00656878	-0.0389289	0.00636869	0.999966	-0.00526158	0.0389622	0.00500955	0.999228
2.83333	0.999217	-0.01648	-0.0359652	0.0166328	0.999854	0.00395357	0.0358948	-0.00454867	0.999345
2.86667	0.999225	-0.0221439	-0.0325379	0.0224349	0.999711	0.00860662	0.032338	-0.00932993	0.999433
2.9	0.999234	-0.0253198	-0.0298303	0.0256098	0.999628	0.00938185	0.0295817	-0.0101386	0.999511
2.93333	0.999236	-0.0285689	-0.0266547	0.0287152	0.999575	0.0051223	0.026497	-0.00588378	0.999632
2.96667	0.999305	-0.0298052	-0.022382	0.0298134	0.999555	3.61697e-05	0.0223709	-0.000703428	0.999749
3	0.999448	-0.0286578	-0.0168227	0.0285815	0.99958	-0.00475857	0.016952	0.00427512	0.999847
3.03333	0.999646	-0.0240654	-0.0113204	0.0239379	0.99965	-0.0112664	0.0115876	0.0109914	0.999872
3.06667	0.999865	-0.0150607	-0.00649807	0.0149398	0.999721	-0.0182752	0.0067715	0.0181757	0.999812
3.1	0.999994	-0.0011571	-0.0031865	0.00108317	0.999732	-0.0231056	0.00321239	0.023102	0.999728
3.13333	0.999883	0.0152494	-0.001182	-0.0152759	0.999514	-0.0271896	0.000766797	0.0272045	0.99963
3.16667	0.999535	0.0304704	0.0012505	-0.0304167	0.999052	-0.0311281	-0.0021978	0.0310756	0.999515
3.2	0.999147	0.0407707	0.00654209	-0.0405174	0.998564	-0.0350508	-0.00796174	0.0347558	0.999364
3.23333	0.999042	0.0402687	0.0171244	-0.0395872	0.998477	-0.0384274	-0.0186458	0.0377127	0.999115
3.26667	0.998953	0.0349156	0.0295468	-0.0336716	0.998567	-0.0416038	-0.0309571	0.0405653	0.998697
3.3	0.998737	0.0339112	0.037076	-0.0321103	0.998325	-0.048135	-0.0386462	0.0468837	0.998152
3.33333	0.998574	0.0376928	0.0378145	-0.0356559	0.997949	-0.0531664	-0.039741	0.0517423	0.997869
3.36667	0.9986	0.042389	0.0316447	-0.0406844	0.997782	-0.0526959	-0.0338083	0.0513347	0.998109
3.4	0.998618	0.049191	0.0184932	-0.0482978	0.997774	-0.0459852	-0.020714	0.0450285	0.998771
3.43333	0.998457	0.0555231	0.000578083	-0.0554585	0.997702	-0.0389185	-0.00273763	0.0388264	0.999242
3.46667	0.998064	0.058483	-0.0211893	-0.059229	0.997578	-0.0364804	0.0190045	0.0376647	0.99911
3.5	0.997075	0.0602467	-0.0470346	-0.0622631	0.997148	-0.0426512	0.0443309	0.045455	0.997982
3.53333	0.995169	0.0628299	-0.0754455	-0.0666904	0.996531	-0.0497869	0.0720557	0.0545779	0.995906
3.56667	0.992237	0.0677679	-0.104277	-0.073352	0.996018	-0.0506771	0.100427	0.0579326	0.993256
3.6	0.987765	0.0791562	-0.134366	-0.084494	0.995827	-0.0344909	0.131075	0.045422	0.990331
3.63333	0.981833	0.0959396	-0.163703	-0.0977864	0.995202	-0.0032414	0.162607	0.0191905	0.986504
3.66667	0.974669	0.117377	-0.190375	-0.111392	0.992894	0.0418769	0.193937	-0.0196098	0.980818
3.7	0.968372	0.132618	-0.211347	-0.118907	0.989964	0.0763715	0.219354	-0.0488254	0.974423
3.73333	0.964001	0.136842	-0.227981	-0.119355	0.988866	0.0888676	0.237604	-0.0584578	0.969602
3.76667	0.961181	0.135543	-0.240333	-0.11707	0.989072	0.0896118	0.249853	-0.0579974	0.966545
3.8	0.960319	0.129253	-0.247146	-0.112369	0.990335	0.0813049	0.255266	-0.0503072	0.965561
3.83333	0.960848	0.122734	-0.24841	-0.10816	0.991556	0.0715415	0.255093	-0.0418725	0.96601
3.86667	0.962426	0.116622	-0.245227	-0.104715	0.992624	0.0610937	0.250543	-0.0331193	0.967539
3.9	0.965021	0.109867	-0.238042	-0.101409	0.993709	0.0475309	0.241767	-0.0217288	0.970091
3.93333	0.96835	0.104115	-0.226846	-0.0993838	0.994528	0.0322121	0.228958	-0.00864781	0.973398
3.96667	0.972214	0.100488	-0.211427	-0.0993462	0.994924	0.0160449	0.211966	0.00540538	0.977262
4	0.976736	0.0983963	-0.190538	-0.100323	0.994955	-0.000467396	0.189531	0.0195719	0.98168
4.03333	0.982082	0.0964911	-0.161875	-0.100825	0.994727	-0.0187589	0.159211	0.0347439	0.986633
4.06667	0.987813	0.0928884	-0.124891	-0.0986848	0.994272	-0.0410413	0.120363	0.0528659	0.991321
4.1	0.992446	0.0868513	-0.0866459	-0.092826	0.993393	-0.0674857	0.0802122	0.0750189	0.993951
4.13333	0.995368	0.0820327	-0.050141	-0.0864474	0.991873	-0.0933542	0.0420754	0.0972563	0.99437
4.16667	0.996947	0.07603	-0.0177725	-0.0774541	0.991755	-0.102093	0.00986381	0.103158	0.994616
4.2	0.998048	0.0623349	0.00390773	-0.0617192	0.993912	-0.0912689	-0.00957318	0.0908495	0.995819
4.23333	0.999119	0.0384512	0.0168152	-0.0368437	0.995505	-0.087245	-0.0200943	0.0865486	0.996045
4.26667	0.999708	0.0101501	0.0219486	-0.00780331	0.994496	-0.10448	-0.0228883	0.104278	0.994285
4.3	0.999693	-0.0154372	0.0194011	0.0178281	0.991378	-0.129813	-0.0172299	0.130119	0.991349
4.33333	0.999416	-0.0327096	0.0098581	0.0337298	0.990574	-0.132763	-0.00542254	0.133018	0.991099
4.36667	0.999297	-0.0368782	-0.00670094	0.0360317	0.994404	-0.0993086	0.0103258	0.0989973	0.995034
4.4	0.999131	-0.030779	-0.028121	0.0294916	0.998547	-0.045104	0.0294684	0.0442355	0.998586
4.43333	0.99845	-0.0243545	-0.0500351	0.0244093	0.999702	0.000485734	0.0500084	-0.0017063	0.998747
4.46667	0.997338	-0.0208027	-0.0698838	0.0222588	0.99955	0.0201233	0.0694338	-0.0216253	0.997352
4.5	0.995951	-0.0180267	-0.0880713	0.0199921	0.999569	0.0214855	0.087646	-0.0231593	0.995882
4.53333	0.994409	-0.0131323	-0.104775	0.0150564	0.999732	0.0175943	0.104516	-0.0190735	0.99434
4.56667	0.992969	-0.00499889	-0.118268	0.00664185	0.999887	0.0135017	0.118187	-0.0141923	0.99289
4.6	0.991589	0.00640414	-0.129272	-0.00510243	0.999933	0.0103982	0.12933	-0.00965117	0.991555
4.63333	0.990407	0.0209688	-0.136579	-0.0200485	0.999766	0.0081105	0.136718	-0.00529449	0.990596
4.66667	0.989526	0.0360662	-0.139777	-0.0356889	0.999349	0.005206	0.139874	-0.000162972	0.990169
4.7	0.989349	0.0490129	-0.137065	-0.049699	0.998763	-0.00158528	0.136818	0.00838037	0.990561
4.73333	0.99013	0.0574192	-0.127852	-0.0592453	0.998188	-0.010523	0.127016	0.0179938	0.991737
4.76667	0.992225	0.0577787	-0.110228	-0.060447	0.99795	-0.0210188	0.108788	0.0275183	0.993684
4.8	0.994869	0.051883	-0.0868559	-0.0551946	0.99782	-0.0361691	0.08479	0.0407775	0.995564
4.83333	0.996645	0.0509697	-0.0640406	-0.0546408	0.996881	-0.0569447	0.0609385	0.0602529	0.996321
4.86667	0.997542	0.0546188	-0.0439021	-0.0578414	0.995441	-0.0758368	0.0395598	0.0781897	0.996153
4.9	0.997812	0.0595074	-0.0288218	-0.0617564	0.994489	-0.0847221	0.0236213	0.0863166	0.995988
4.93333	0.997735	0.0647724	-0.0181499	-0.0660383	0.994519	-0.0810649	0.0127997	0.0820799	0.996544
4.96667	0.997716	0.0661984	-0.0134677	-0.0669907	0.995231	-0.0709099	0.00870936	0.0716501	0.997392
5	0.997875	0.0634822	-0.0146631	-0.0642922	0.995897	-0.0636868	0.01056	0.0644942	0.997862
5.03333	0.997983	0.0594388	-0.022296	-0.0607139	0.996246	-0.0617055	0.0185446	0.0629347	0.997845
5.06667	0.997807	0.056557	-0.0343916	-0.0584859	0.996605	-0.0579404	0.030998	0.0598247	0.997727
5.1	0.997086	0.0572254	-0.0504462	-0.0594271	0.997294	-0.0432817	0.0478329	0.0461535	0.997788
5.13333	0.995602	0.0623033	-0.0699575	-0.0639057	0.997737	-0.0209045	0.0684967	0.0252832	0.997331
5.16667	0.993378	0.0691246	-0.0917685	-0.0692908	0.997596	0.00137758	0.091643	0.00499025	0.995779
5.2	0.990485	0.0767239	-0.11425	-0.0748118	0.996978	0.0209365	0.115511	-0.01219	0.993231
5.23333	0.986951	0.0854034	-0.136506	-0.0807084	0.995952	0.0395769	0.139333	-0.0280433	0.989848
5.26667	0.982932	0.094666	-0.157741	-0.086795	0.994647	0.056077	0.162206	-0.0414287	0.985887
5.3	0.97864	0.104015	-0.177326	-0.0928981	0.993219	0.0699024	0.183395	-0.051936	0.981666
5.33333	0.974445	0.112056	-0.194683	-0.098448	0.992061	0.0782508	0.201906	-0.0570849	0.97774
5.36667	0.970604	0.119221	-0.209079	-0.104043	0.991171	0.0821864	0.217031	-0.0580172	0.974439
5.4	0.967475	0.12479	-0.220043	-0.108791	0.990557	0.0834297	0.228376	-0.0567774	0.971916
5.43333	0.965276	0.127846	-0.227811	-0.112084	0.990401	0.0808865	0.235965	-0.0525438	0.97034
5.46667	0.964207	0.12796	-0.23223	-0.113519	0.990733	0.0745752	0.23962	-0.0455435	0.969798
5.5	0.964151	0.126989	-0.232996	-0.114697	0.99123	0.0656257	0.239286	-0.0365492	0.970261
5.53333	0.965549	0.125228	-0.228108	-0.11557	0.99176	0.0552734	0.23315	-0.0270067	0.972066
5.56667	0.968657	0.122659	-0.216008	-0.116609	0.992348	0.040585	0.219333	-0.0141245	0.975548
5.6	0.973613	0.119391	-0.194481	-0.11842	0.992824	0.0166521	0.195073	0.0068178	0.980765
5.63333	0.980011	0.114286	-0.162842	-0.118239	0.992876	-0.0147567	0.159995	0.0337159	0.986542
5.66667	0.98559	0.110043	-0.128463	-0.117238	0.991853	-0.0498291	0.121933	0.0641717	0.990462
5.7	0.989897	0.107039	-0.0929871	-0.115287	0.989392	-0.0883862	0.08254	0.0982134	0.991736
5.73333	0.992786	0.104346	-0.0590596	-0.110584	0.987228	-0.114681	0.0463387	0.120385	0.991645
5.76667	0.99505	0.0941908	-0.0316889	-0.0974086	0.987587	-0.123219	0.0196894	0.125696	0.991873
5.8	0.997303	0.0723423	-0.0123512	-0.0733379	0.988677	-0.130916	0.00274062	0.131469	0.991317
5.83333	0.999136	0.0414926	-0.00224709	-0.0413506	0.987468	-0.152303	-0.00410054	0.152265	0.988331
5.86667	0.999949	0.00993025	-0.0016465	-0.0100647	0.983875	-0.178573	-0.000153328	0.17858	0.983925
5.9	0.999843	-0.0149738	-0.00952642	0.0129519	0.982626	-0.185143	0.0121332	0.184991	0.982665
5.93333	0.999292	-0.0268531	-0.0263595	0.0225073	0.987941	-0.153184	0.0301551	0.152483	0.987846
5.96667	0.998363	-0.0268903	-0.0504791	0.0222187	0.99561	-0.0909261	0.0527025	0.0896557	0.994577
6	0.996857	-0.0245783	-0.0753127	0.0229663	0.99949	-0.0221957	0.0758198	0.0203963	0.996913
6.03333	0.995099	-0.0250754	-0.0956491	0.0281336	0.999131	0.0307592	0.0947947	-0.0332994	0.99494
6.06667	0.993466	-0.0281338	-0.110607	0.0350182	0.997535	0.0608002	0.108624	-0.0642762	0.992003
6.1	0.99229	-0.0304602	-0.120133	0.0390093	0.996821	0.0694656	0.117636	-0.0736163	0.990324
6.13333	0.991869	-0.0290275	-0.123908	0.0369973	0.997358	0.0625111	0.121767	-0.0665871	0.990323
6.16667	0.991954	-0.0208369	-0.12487	0.0271184	0.998439	0.0488181	0.123658	-0.0518116	0.990971
6.2	0.992491	-0.00649487	-0.122145	0.00954447	0.999657	0.0243986	0.121944	-0.0253812	0.992212
6.23333	0.992875	0.014087	-0.118322	-0.0143197	0.999897	-0.00111721	0.118294	0.00280359	0.992975
6.26667	0.992882	0.037468	-0.113059	-0.0405696	0.998857	-0.0252579	0.111984	0.0296649	0.993267
6.3	0.992612	0.0596572	-0.10565	-0.0647852	0.996848	-0.0457871	0.102586	0.0522934	0.993349
6.33333	0.992584	0.0762831	-0.0946469	-0.0825132	0.994549	-0.0637528	0.0892677	0.0710896	0.993467
6.36667	0.993428	0.0832433	-0.0785603	-0.0895629	0.992708	-0.0806763	0.0712717	0.0871822	0.99364
6.4	0.995134	0.0801127	-0.0573558	-0.0854636	0.991521	-0.0978858	0.0490276	0.102311	0.993543
6.43333	0.996405	0.0763328	-0.0367597	-0.0801762	0.989779	-0.117936	0.0273816	0.120459	0.992341
6.46667	0.996864	0.0760255	-0.0219799	-0.078168	0.989269	-0.12344	0.0123595	0.124771	0.992109
6.5	0.996776	0.0787527	-0.0153277	-0.0800162	0.989757	-0.118233	0.00585954	0.119078	0.992868
6.53333	0.996645	0.0803827	-0.0154061	-0.0815784	0.990833	-0.10768	0.00660927	0.108576	0.994066
6.56667	0.996759	0.0778137	-0.0203922	-0.079405	0.992339	-0.0946475	0.0128711	0.09596	0.995302
6.6	0.996996	0.0715182	-0.0297213	-0.0737058	0.994023	-0.0805376	0.0237837	0.0824863	0.996308
6.63333	0.996827	0.066196	-0.044199	-0.0691294	0.995252	-0.0685165	0.0394536	0.0713546	0.99667
6.66667	0.996019	0.0625361	-0.0635307	-0.0663446	0.996008	-0.0597197	0.0595425	0.0636969	0.996191
6.7	0.994508	0.061537	-0.0846551	-0.0659382	0.99656	-0.0502127	0.0812739	0.0555189	0.995144
6.73333	0.992185	0.0649158	-0.106561	-0.0690994	0.996958	-0.036045	0.103897	0.0431266	0.993653
6.76667	0.98899	0.0723117	-0.129109	-0.0751456	0.997024	-0.0172084	0.12748	0.0267209	0.991481
6.8	0.985059	0.0802598	-0.152371	-0.0810062	0.996713	0.00131317	0.151976	0.0110495	0.988322
6.83333	0.980449	0.0884649	-0.175766	-0.0862095	0.996067	0.020442	0.176883	-0.00488963	0.98422
6.86667	0.974958	0.0980099	-0.199628	-0.091627	0.994949	0.0409884	0.202637	-0.0216707	0.979014
6.9	0.969414	0.107917	-0.220431	-0.0965469	0.993411	0.0617507	0.225643	-0.0385801	0.973446
6.93333	0.964677	0.115346	-0.23684	-0.100107	0.992113	0.0754292	0.243673	-0.0490554	0.968616
6.96667	0.960965	0.119726	-0.249425	-0.102326	0.991395	0.0816445	0.257054	-0.0529348	0.964946
7	0.958756	0.12025	-0.25754	-0.102876	0.991475	0.0799567	0.26496	-0.0501642	0.962954
7.03333	0.957916	0.118359	-0.261512	-0.10243	0.992001	0.0737743	0.268152	-0.0438828	0.962377
7.06667	0.958096	0.115503	-0.26213	-0.102061	0.992693	0.0643778	0.26765	-0.0349269	0.962883
7.1	0.959663	0.111259	-0.258202	-0.102158	0.993588	0.0484448	0.261936	-0.0201133	0.964876
7.13333	0.962523	0.106622	-0.24936	-0.103664	0.994298	0.025006	0.250604	0.00178065	0.968088
7.16667	0.966939	0.105177	-0.232306	-0.108902	0.994047	-0.0032294	0.230584	0.0284212	0.972637
7.2	0.9733	0.103467	-0.204893	-0.114043	0.992651	-0.0404641	0.199201	0.0627502	0.977948
7.23333	0.980514	0.100029	-0.169078	-0.115198	0.989919	-0.0823995	0.159131	0.100271	0.982152
7.26667	0.986498	0.0969873	-0.131965	-0.113699	0.985539	-0.125636	0.117871	0.138944	0.98326
7.3	0.990941	0.0961167	-0.0937929	-0.110365	0.980772	-0.160955	0.076519	0.169848	0.982495
7.33333	0.993996	0.0923064	-0.058743	-0.101481	0.97849	-0.179609	0.0409003	0.184492	0.981983
7.36667	0.996632	0.0756992	-0.0315282	-0.0802804	0.979084	-0.186951	0.0167167	0.188852	0.981863
7.4	0.998829	0.046915	-0.011838	-0.0483341	0.978718	-0.199437	0.00222945	0.199776	0.979839
7.43333	0.999909	0.0134925	-8.33363e-05	-0.0131739	0.974928	-0.22213	-0.00291585	0.222111	0.975017
7.46667	0.999856	-0.0167511	0.00268672	0.0168961	0.968939	-0.246721	0.00152958	0.246731	0.969083
7.5	0.999265	-0.0381938	-0.0032955	0.0360585	0.965614	-0.257466	0.0130158	0.257158	0.966282
7.53333	0.998693	-0.0470538	-0.0199731	0.0408456	0.969502	-0.241654	0.0307347	0.240523	0.970157
7.56667	0.997986	-0.0419994	-0.0475365	0.0318674	0.979933	-0.196763	0.0548465	0.194852	0.979298
7.6	0.996378	-0.0284103	-0.0801533	0.0173544	0.990639	-0.1354	0.0832497	0.133519	0.987544
7.63333	0.993537	-0.0125709	-0.112813	0.0048767	0.997658	-0.0682222	0.113406	0.0672311	0.991271
7.66667	0.990113	-0.00314617	-0.14024	0.000873269	0.999867	-0.0162658	0.140273	0.0159825	0.989984
7.7	0.986926	-0.00266681	-0.161152	0.00455473	0.999925	0.0113469	0.161109	-0.0119325	0.986864
7.73333	0.984177	-0.00657744	-0.177064	0.0103217	0.999742	0.0202334	0.176886	-0.0217409	0.983991
7.76667	0.982152	-0.00833132	-0.187905	0.0123624	0.999718	0.020291	0.187683	-0.0222518	0.981978
7.8	0.981069	-0.00336563	-0.193632	0.00702356	0.99981	0.0182078	0.193533	-0.0192231	0.980905
7.83333	0.980929	0.00753802	-0.194219	-0.00457061	0.999866	0.0157223	0.194311	-0.0145347	0.980832
7.86667	0.981502	0.0218437	-0.1902	-0.0210734	0.999759	0.00607157	0.190287	-0.00195108	0.981727
7.9	0.982616	0.0382423	-0.181669	-0.0405132	0.99914	-0.00880489	0.181176	0.0160118	0.98332
7.93333	0.984089	0.0546916	-0.169051	-0.0600087	0.997846	-0.0265014	0.167237	0.0362243	0.985251
7.96667	0.986223	0.0672773	-0.151123	-0.0752595	0.996021	-0.0477295	0.147311	0.0584453	0.987362
8	0.989081	0.0737061	-0.127619	-0.0831998	0.99402	-0.0707264	0.121642	0.0805719	0.989298
8.03333	0.992682	0.0712096	-0.0975268	-0.0804911	0.992237	-0.0947968	0.0900193	0.101953	0.990708
8.06667	0.995875	0.0640153	-0.0643044	-0.0714334	0.990127	-0.120605	0.055949	0.124701	0.990616
8.1	0.997684	0.0584829	-0.0347274	-0.0630017	0.987009	-0.1478	0.0256325	0.149646	0.988407
8.13333	0.998389	0.0552158	-0.0130602	-0.0565998	0.985327	-0.161021	0.00397771	0.1615	0.986865
8.16667	0.998585	0.053177	0.000251915	-0.0524888	0.9864	-0.155755	-0.00853106	0.155521	0.987796
8.2	0.998636	0.0517433	0.00692303	-0.0503142	0.989339	-0.136663	-0.0139206	0.136129	0.990593
8.23333	0.998755	0.0491513	0.00850823	-0.0479458	0.992978	-0.108147	-0.013764	0.107604	0.994099
8.26667	0.999065	0.0429295	0.00512829	-0.042348	0.995566	-0.0839996	-0.00871161	0.0837039	0.996453
8.3	0.999405	0.0340236	-0.00561239	-0.0343526	0.996502	-0.0761878	0.00300057	0.0763352	0.997078
8.33333	0.999518	0.0225644	-0.021344	-0.0244175	0.995554	-0.0909708	0.0191964	0.0914481	0.995625
8.36667	0.998972	0.0170604	-0.0420103	-0.0212699	0.994569	-0.101886	0.0400439	0.102675	0.993909
8.4	0.997386	0.0204346	-0.0693056	-0.0268096	0.995367	-0.0923385	0.0670976	0.0939552	0.993313
8.43333	0.994055	0.0337476	-0.103515	-0.0398463	0.997554	-0.0574252	0.101324	0.0612085	0.992969
8.46667	0.988533	0.0555563	-0.140412	-0.0570311	0.998351	-0.00649825	0.139819	0.0144316	0.990072
8.5	0.981074	0.0809834	-0.175883	-0.07397	0.996195	0.046083	0.178946	-0.0322008	0.983332
8.53333	0.973243	0.101907	-0.205947	-0.0863531	0.992787	0.083172	0.212937	-0.0631624	0.975022
8.56667	0.96615	0.113857	-0.231499	-0.0937501	0.990946	0.0961111	0.240346	-0.0711546	0.968076
8.6	0.960152	0.11857	-0.25308	-0.0980744	0.990902	0.0921627	0.261706	-0.0636695	0.963045
8.63333	0.955276	0.122809	-0.269008	-0.102924	0.990889	0.086869	0.277225	-0.0552964	0.959213
8.66667	0.95195	0.125866	-0.279194	-0.107286	0.990929	0.0809245	0.286847	-0.0470824	0.956819
8.7	0.950838	0.126112	-0.282847	-0.111081	0.991439	0.0686332	0.289081	-0.0338402	0.956706
8.73333	0.951457	0.125811	-0.280893	-0.115824	0.99191	0.051948	0.285157	-0.016892	0.958332
8.76667	0.953642	0.124404	-0.274027	-0.121474	0.992208	0.0277029	0.275338	0.00686863	0.961323
8.8	0.956788	0.125046	-0.262527	-0.129415	0.99159	0.000654429	0.260401	0.0333488	0.964925
8.83333	0.961996	0.12366	-0.243459	-0.136086	0.990084	-0.0348345	0.236737	0.066642	0.969286
8.86667	0.967794	0.122997	-0.219652	-0.142298	0.987034	-0.0742661	0.20767	0.10313	0.972747
8.9	0.975037	0.12098	-0.186189	-0.144442	0.982446	-0.118054	0.168638	0.142001	0.975396
8.93333	0.982052	0.118061	-0.14709	-0.141834	0.976325	-0.163318	0.124326	0.181249	0.975547
8.96667	0.987891	0.110788	-0.108618	-0.131897	0.968344	-0.211926	0.0817012	0.223686	0.971231
9	0.992364	0.100466	-0.0715523	-0.115346	0.961382	-0.249878	0.0436849	0.256224	0.96563
9.03333	0.995837	0.0815492	-0.0407169	-0.0895147	0.959192	-0.268211	0.0171829	0.27074	0.962499
9.06667	0.998362	0.0548072	-0.0164323	-0.057203	0.962539	-0.265041	0.00129063	0.265546	0.964097
9.1	0.999751	0.0222386	0.00185409	-0.0210508	0.967395	-0.252396	-0.00740656	0.252294	0.967622
9.13333	0.999902	-0.00888744	0.010848	0.011187	0.97197	-0.234839	-0.00845681	0.234937	0.971974
9.16667	0.999276	-0.036566	0.0105192	0.0379748	0.975711	-0.215746	-0.00237471	0.215989	0.976393
9.2	0.9987	-0.0509598	-0.00113642	0.0500643	0.984853	-0.166005	0.00957878	0.165732	0.986124
9.23333	0.998429	-0.0524531	-0.0197116	0.0503731	0.99427	-0.0942875	0.0245443	0.0931464	0.99535
9.26667	0.998345	-0.0432511	-0.0378928	0.0423693	0.998819	-0.0237719	0.0388762	0.0221271	0.998999
9.3	0.99812	-0.0305001	-0.053162	0.0318715	0.999176	0.0251425	0.0523513	-0.0267896	0.998269
9.33333	0.997735	-0.0200321	-0.0642141	0.0227097	0.998891	0.041242	0.0633168	-0.0426069	0.997084
9.36667	0.997492	-0.01135	-0.0698698	0.013387	0.999497	0.0287558	0.0695082	-0.029619	0.997142
