0	0.996713	-0.041522	-0.0695664	0.0423929	0.999039	0.0110891	0.0690391	-0.0140018	0.997516
0.0333333	0.177989	0.774474	0.607051	-0.983467	0.160922	0.0830523	-0.0333658	-0.611796	0.790311
0.0666667	0.238379	0.751508	0.615151	-0.869534	-0.116947	0.479826	0.432534	-0.649276	0.625585
0.1	0.265945	0.753636	0.601088	-0.780773	-0.197318	0.59284	0.565391	-0.626976	0.535942
0.133333	0.273382	0.761769	0.587342	-0.748288	-0.215257	0.627479	0.604423	-0.611042	0.511176
0.166667	0.277082	0.770342	0.574281	-0.73652	-0.213552	0.64182	0.61706	-0.600806	0.508201
0.2	0.279768	0.778757	0.561487	-0.730979	-0.206371	0.650446	0.622414	-0.59241	0.511519
0.233333	0.282106	0.78688	0.548849	-0.727394	-0.197588	0.657158	0.625551	-0.584618	0.516632
0.266667	0.284431	0.794461	0.536591	-0.724375	-0.188545	0.663123	0.627997	-0.577306	0.521859
0.3	0.286698	0.801624	0.524599	-0.721756	-0.179351	0.668507	0.629978	-0.570292	0.527157
0.333333	0.288705	0.80847	0.512861	-0.71956	-0.170137	0.673266	0.631572	-0.563409	0.532623
0.366667	0.290554	0.815019	0.50132	-0.717431	-0.161117	0.677742	0.633144	-0.556583	0.537907
0.4	0.292525	0.821133	0.490071	-0.714812	-0.152654	0.682452	0.635196	-0.549943	0.5423
0.433333	0.294469	0.826929	0.479037	-0.711985	-0.144531	0.687159	0.637468	-0.543414	0.546201
0.466667	0.296486	0.832397	0.468199	-0.709569	-0.136134	0.691361	0.639225	-0.537199	0.550281
0.5	0.298205	0.837656	0.457609	-0.706647	-0.128543	0.695792	0.641657	-0.530856	0.553596
0.533333	0.300132	0.842587	0.447179	-0.704492	-0.120269	0.699447	0.643127	-0.52496	0.557498
0.566667	0.302362	0.84711	0.437014	-0.701649	-0.112527	0.703582	0.645187	-0.519367	0.56035
0.6	0.305187	0.85107	0.427247	-0.699958	-0.103728	0.706611	0.645693	-0.514704	0.564057
0.633333	0.307576	0.854732	0.418128	-0.697545	-0.0963327	0.710036	0.64717	-0.510053	0.566584
0.666667	0.310091	0.857967	0.409556	-0.696264	-0.0883836	0.712323	0.647348	-0.506044	0.569965
0.7	0.312602	0.860742	0.401749	-0.695212	-0.080884	0.714239	0.647271	-0.502574	0.573114
0.733333	0.315754	0.862965	0.394449	-0.693235	-0.0740339	0.716899	0.647862	-0.49981	0.574861
0.766667	0.318878	0.864991	0.387438	-0.691508	-0.0672276	0.719233	0.648177	-0.497264	0.576711
0.8	0.32275	0.866512	0.380773	-0.689524	-0.0603306	0.721745	0.648374	-0.495496	0.57801
0.833333	0.326482	0.867843	0.374511	-0.687952	-0.0535342	0.72378	0.648176	-0.493947	0.579556
0.866667	0.330277	0.868807	0.368905	-0.686172	-0.0473747	0.725895	0.64814	-0.492879	0.580504
0.9	0.33391	0.869417	0.364169	-0.684963	-0.0416096	0.727389	0.647557	-0.492324	0.581624
0.933333	0.337398	0.869516	0.360699	-0.684663	-0.0363061	0.727955	0.646065	-0.492568	0.583076
0.966667	0.340889	0.869267	0.358008	-0.683468	-0.0323214	0.729265	0.645497	-0.493286	0.583098
1	0.344151	0.868771	0.356086	-0.6819	-0.0294319	0.730853	0.645424	-0.494339	0.582286
1.03333	0.347673	0.867846	0.354917	-0.679571	-0.0275605	0.733092	0.645993	-0.496067	0.580182
1.06667	0.350439	0.866701	0.354995	-0.678775	-0.0261387	0.733881	0.645335	-0.498142	0.579135
1.1	0.353182	0.865063	0.356269	-0.678	-0.0257347	0.734611	0.644654	-0.501002	0.577424
1.13333	0.356256	0.86294	0.358351	-0.676956	-0.0259817	0.735565	0.644059	-0.504637	0.574916
1.16667	0.359247	0.860446	0.361351	-0.67542	-0.0274788	0.736921	0.64401	-0.508801	0.571291
1.2	0.361659	0.857776	0.365272	-0.673949	-0.0301818	0.738161	0.644201	-0.513137	0.567182
1.23333	0.362727	0.855069	0.370522	-0.673721	-0.0340823	0.738199	0.64384	-0.517393	0.563715
1.26667	0.363202	0.851917	0.377255	-0.673895	-0.0394051	0.737775	0.643389	-0.522192	0.559791
1.3	0.363446	0.847932	0.385899	-0.674289	-0.0463991	0.737008	0.642838	-0.52807	0.554888
1.33333	0.363089	0.84329	0.396268	-0.675194	-0.0549454	0.735591	0.642089	-0.534643	0.549435
1.36667	0.361811	0.838137	0.408191	-0.677899	-0.064037	0.732361	0.639958	-0.541688	0.545003
1.4	0.358888	0.832823	0.421432	-0.681812	-0.0744387	0.72773	0.637441	-0.548511	0.541114
1.43333	0.355954	0.826338	0.436419	-0.686778	-0.08539	0.721835	0.633745	-0.556663	0.537116
1.46667	0.35233	0.819733	0.451554	-0.692809	-0.0959267	0.714713	0.62919	-0.564656	0.53412
1.5	0.349714	0.81259	0.46626	-0.699841	-0.10428	0.706646	0.622835	-0.573431	0.532216
1.53333	0.344287	0.807168	0.479528	-0.708221	-0.112024	0.697047	0.616352	-0.579596	0.533085
1.56667	0.340199	0.801463	0.491855	-0.717177	-0.117169	0.686971	0.608212	-0.586454	0.53493
1.6	0.336189	0.796129	0.503146	-0.726029	-0.121206	0.676898	0.599883	-0.592864	0.537265
1.63333	0.332548	0.791052	0.513466	-0.732066	-0.126716	0.669344	0.594551	-0.598481	0.536964
1.66667	0.329399	0.785571	0.523807	-0.739538	-0.130245	0.660394	0.58701	-0.604908	0.538057
1.7	0.325081	0.779982	0.534744	-0.748122	-0.133783	0.649935	0.578477	-0.611335	0.540031
1.73333	0.320597	0.774537	0.545261	-0.756585	-0.136955	0.639392	0.569909	-0.617524	0.542096
1.76667	0.312872	0.770757	0.555017	-0.763427	-0.143571	0.629735	0.565057	-0.620742	0.543498
1.8	0.295578	0.770569	0.564674	-0.772777	-0.154649	0.615547	0.561648	-0.618309	0.549768
1.83333	0.265436	0.773889	0.575013	-0.793448	-0.163468	0.586275	0.547708	-0.611861	0.570651
1.86667	0.222786	0.78248	0.581456	-0.822529	-0.169273	0.542948	0.523271	-0.599226	0.605901
1.9	0.172914	0.795439	0.580842	-0.846183	-0.181828	0.500912	0.504058	-0.578114	0.641646
1.93333	0.11791	0.811525	0.572298	-0.867357	-0.196452	0.457272	0.483517	-0.550304	0.680718
1.96667	0.0585598	0.83046	0.553992	-0.894685	-0.202516	0.398154	0.442843	-0.518964	0.73114
2	0.00644673	0.849052	0.52827	-0.927755	-0.192045	0.319983	0.373134	-0.492168	0.786474
2.03333	0.0073017	0.85567	0.51747	-0.959493	-0.139752	0.244628	0.281638	-0.498295	0.819989
2.06667	0.0545908	0.846335	0.529846	-0.988158	-0.0304166	0.150397	0.143402	-0.531781	0.834652
2.1	0.132089	0.807575	0.574783	-0.99106	0.0966166	0.0920048	0.0187672	-0.581797	0.813117
2.13333	0.184298	0.751214	0.633808	-0.981149	0.178761	0.0734227	-0.0581441	-0.635391	0.769998
2.16667	0.218739	0.684438	0.695484	-0.972362	0.212529	0.0966669	-0.0816479	-0.697407	0.712009
2.2	0.243389	0.610917	0.753354	-0.967269	0.210358	0.141915	-0.0717757	-0.763237	0.64212
2.23333	0.256057	0.535467	0.804804	-0.965799	0.176884	0.189591	-0.0408371	-0.825825	0.562446
2.26667	0.257124	0.465174	0.847054	-0.966166	0.105372	0.235413	0.0202524	-0.878925	0.476529
2.3	0.241341	0.409386	0.879862	-0.963645	-0.00600686	0.267117	0.114639	-0.912342	0.393053
2.33333	0.199356	0.376969	0.904517	-0.951265	-0.147165	0.270992	0.235269	-0.91446	0.329259
2.36667	0.135035	0.367639	0.920112	-0.919984	-0.298333	0.254218	0.36796	-0.880817	0.297937
2.4	0.0709276	0.372869	0.925169	-0.868417	-0.433226	0.241179	0.490735	-0.820539	0.293078
2.43333	0.0705038	0.373895	0.924787	-0.800308	-0.532194	0.276182	0.59543	-0.759587	0.261709
2.46667	0.119117	0.37325	0.920052	-0.736704	-0.588014	0.333927	0.665642	-0.717582	0.204932
2.5	0.0944113	0.391399	0.915365	-0.745052	-0.582064	0.325728	0.660291	-0.712747	0.236659
2.53333	0.0528751	0.406433	0.912149	-0.799698	-0.529825	0.282435	0.59807	-0.744377	0.297009
2.56667	0.0433798	0.409114	0.911452	-0.807449	-0.522898	0.273138	0.588341	-0.747799	0.307655
2.6	0.0449032	0.406646	0.912482	-0.822336	-0.503585	0.264889	0.567228	-0.762261	0.311787
2.63333	0.0511876	0.402476	0.913998	-0.821963	-0.502837	0.267456	0.567236	-0.764963	0.305081
2.66667	0.0492516	0.403954	0.913452	-0.817799	-0.50873	0.269069	0.573392	-0.760273	0.305298
2.7	0.0518349	0.408308	0.911371	-0.811407	-0.514791	0.276783	0.582179	-0.75384	0.30462
2.73333	0.0638258	0.413459	0.908283	-0.80233	-0.519974	0.293077	0.593459	-0.747448	0.298543
2.76667	0.0792212	0.420159	0.903986	-0.7971	-0.51787	0.310552	0.598628	-0.74517	0.293882
2.8	0.0966322	0.427572	0.898802	-0.796263	-0.508598	0.327555	0.597182	-0.747335	0.291313
2.83333	0.113812	0.434831	0.893291	-0.796635	-0.497318	0.343579	0.593649	-0.750731	0.289801
2.86667	0.131363	0.441743	0.887472	-0.796754	-0.485624	0.359656	0.589853	-0.754342	0.288168
2.9	0.148559	0.447555	0.88183	-0.798172	-0.472187	0.374114	0.583826	-0.75943	0.287078
2.93333	0.165631	0.452105	0.876452	-0.798357	-0.460273	0.388297	0.578958	-0.764036	0.284706
2.96667	0.183472	0.455183	0.87129	-0.800283	-0.445551	0.401287	0.570864	-0.770903	0.282529
3	0.20017	0.457732	0.866264	-0.801586	-0.431892	0.413435	0.563375	-0.777142	0.28046
3.03333	0.216618	0.460271	0.860945	-0.801017	-0.420333	0.426254	0.558076	-0.781966	0.277633
3.06667	0.231308	0.462669	0.855824	-0.802997	-0.405853	0.436439	0.549265	-0.788176	0.277644
3.1	0.247304	0.463346	0.850971	-0.806728	-0.387992	0.445704	0.536685	-0.796726	0.277842
3.13333	0.262273	0.462454	0.846964	-0.812113	-0.368301	0.452578	0.521234	-0.80653	0.27897
3.16667	0.274267	0.46097	0.84397	-0.817675	-0.350133	0.456962	0.506147	-0.815422	0.280894
3.2	0.283201	0.460301	0.84138	-0.821311	-0.336603	0.460594	0.495223	-0.821475	0.282724
3.23333	0.289357	0.460829	0.838993	-0.820895	-0.331357	0.465117	0.492346	-0.82331	0.282412
3.26667	0.289375	0.461435	0.838654	-0.822365	-0.328539	0.46452	0.489876	-0.824099	0.284397
3.3	0.27645	0.460802	0.843349	-0.835167	-0.318974	0.448053	0.47547	-0.828201	0.296666
3.33333	0.243969	0.461128	0.853136	-0.857102	-0.309049	0.412147	0.453713	-0.831775	0.319835
3.36667	0.190355	0.46106	0.866711	-0.884698	-0.302112	0.355019	0.425528	-0.834357	0.35039
3.4	0.125619	0.456537	0.880792	-0.912788	-0.294607	0.282885	0.388635	-0.839512	0.379714
3.43333	0.0644222	0.444864	0.893278	-0.938929	-0.276189	0.20526	0.338026	-0.851948	0.399903
3.46667	0.00396565	0.428807	0.903387	-0.961059	-0.24799	0.121931	0.276316	-0.868692	0.411125
3.5	-0.0587711	0.409204	0.910548	-0.979078	-0.201631	0.0274194	0.194815	-0.889886	0.412493
3.53333	-0.104675	0.377551	0.920053	-0.988805	-0.138429	-0.0556913	0.106336	-0.915583	0.387815
3.56667	-0.100378	0.318762	0.942505	-0.994325	-0.0656995	-0.0836769	0.035249	-0.945555	0.323548
3.6	-0.07151	0.236657	0.968958	-0.997339	-0.00315976	-0.0728328	-0.0141747	-0.971588	0.236253
3.63333	-0.0439548	0.143659	0.988651	-0.998228	0.0334061	-0.0492349	-0.0401	-0.989063	0.141936
3.66667	-0.012725	0.0476526	0.998783	-0.998978	0.0427107	-0.0147652	-0.0433623	-0.99795	0.0470605
3.7	0.0232623	-0.0421421	0.998841	-0.999482	0.0212614	0.0241743	-0.0222555	-0.998885	-0.0416256
3.73333	0.0430138	-0.113115	0.99265	-0.998713	-0.0315863	0.0396772	0.0268661	-0.99308	-0.114328
3.76667	0.0538847	-0.162572	0.985224	-0.992869	-0.113795	0.0355255	0.106338	-0.980113	-0.167544
3.8	0.0544624	-0.191814	0.979919	-0.979264	-0.202044	0.014877	0.195133	-0.960409	-0.19884
3.83333	0.0432049	-0.204074	0.978002	-0.959445	-0.281421	-0.0163374	0.278564	-0.937633	-0.207957
3.86667	0.00289257	-0.199144	0.979966	-0.936855	-0.343242	-0.0669868	0.349706	-0.917892	-0.187562
3.9	-0.0447927	-0.185017	0.981714	-0.914524	-0.387892	-0.114831	0.402044	-0.902944	-0.151828
3.93333	-0.100798	-0.160827	0.981822	-0.890577	-0.425345	-0.161104	0.443522	-0.890627	-0.100355
3.96667	-0.121872	-0.134336	0.983413	-0.860054	-0.480267	-0.17219	0.495433	-0.866774	-0.0570052
4	-0.0540909	-0.115137	0.991876	-0.814018	-0.570216	-0.110582	0.578316	-0.813386	-0.0628797
4.03333	-0.0108293	-0.0811163	0.996646	-0.777754	-0.625758	-0.0593809	0.628475	-0.775788	-0.056312
4.06667	-0.0549789	-0.0343533	0.997896	-0.786496	-0.61422	-0.0644769	0.615143	-0.788387	0.00675041
4.1	-0.108409	0.00771513	0.994076	-0.79434	-0.60192	-0.0819553	0.597722	-0.798519	0.0713821
4.13333	-0.100061	0.0265027	0.994628	-0.819578	-0.569003	-0.0672893	0.564163	-0.821908	0.0786561
4.16667	-0.0846269	0.0368824	0.99573	-0.842014	-0.536976	-0.0516727	0.532777	-0.842791	0.0764981
4.2	-0.0750737	0.045179	0.996154	-0.842883	-0.536668	-0.039183	0.532833	-0.842583	0.0783703
4.23333	-0.0633207	0.0545236	0.996503	-0.838442	-0.544485	-0.0234856	0.5413	-0.836997	0.0801921
4.26667	-0.0430932	0.0620969	0.997139	-0.838889	-0.544298	-0.00235793	0.542595	-0.83659	0.0755479
4.3	-0.0221155	0.070472	0.997269	-0.839488	-0.54302	0.0197559	0.542929	-0.836758	0.0711695
4.33333	-0.00281985	0.0815521	0.996665	-0.834742	-0.548995	0.0425598	0.550635	-0.831838	0.069623
4.36667	0.0165865	0.094058	0.995429	-0.829655	-0.554337	0.0662035	0.55803	-0.82696	0.0688412
4.4	0.0358461	0.105978	0.993722	-0.830315	-0.550202	0.0886294	0.556141	-0.828279	0.0682727
4.43333	0.0536033	0.116327	0.991763	-0.833876	-0.541173	0.108545	0.549342	-0.832827	0.0679933
4.46667	0.0728065	0.124649	0.989526	-0.836374	-0.532846	0.12866	0.543302	-0.836981	0.0654586
4.5	0.0904307	0.132552	0.987042	-0.837394	-0.526349	0.147405	0.539067	-0.839873	0.0634005
4.53333	0.106911	0.140376	0.984309	-0.837882	-0.520252	0.165201	0.535279	-0.842397	0.0619976
4.56667	0.125252	0.148291	0.98098	-0.838246	-0.513099	0.184591	0.530713	-0.845423	0.0600373
4.6	0.14166	0.155849	0.97757	-0.840743	-0.502372	0.201923	0.522574	-0.85049	0.0598631
4.63333	0.157038	0.162072	0.974203	-0.845884	-0.487058	0.217382	0.509725	-0.8582	0.0606074
4.66667	0.168973	0.168552	0.971102	-0.849473	-0.474761	0.230213	0.499844	-0.863824	0.0629584
4.7	0.179224	0.176524	0.967842	-0.84907	-0.469177	0.242802	0.49695	-0.865281	0.0657933
4.73333	0.188073	0.183743	0.964815	-0.848706	-0.463985	0.253803	0.494294	-0.866578	0.0686811
4.76667	0.194708	0.189884	0.962306	-0.850428	-0.456163	0.262082	0.488733	-0.869402	0.0726642
4.8	0.197139	0.19712	0.960354	-0.85089	-0.452154	0.267476	0.486953	-0.869885	0.0785901
4.83333	0.186259	0.203697	0.961153	-0.855243	-0.447903	0.260658	0.483599	-0.870569	0.0907843
4.86667	0.157057	0.204125	0.966264	-0.87138	-0.431826	0.232859	0.46479	-0.878555	0.110049
4.9	0.108003	0.196956	0.974445	-0.894737	-0.40799	0.181631	0.433337	-0.891489	0.13216
4.93333	0.0526281	0.181933	0.981902	-0.914864	-0.385381	0.120441	0.400318	-0.904645	0.146162
4.96667	-0.00624457	0.163245	0.986566	-0.928512	-0.367223	0.0548863	0.371249	-0.915696	0.153868
5	-0.0680209	0.141279	0.98763	-0.940255	-0.340091	-0.0161084	0.333608	-0.929719	0.155972
5.03333	-0.123795	0.113467	0.985799	-0.954665	-0.284647	-0.0871216	0.270719	-0.951894	0.143561
5.06667	-0.138733	0.0658014	0.988141	-0.968957	-0.215195	-0.12171	0.204634	-0.974352	0.0936134
5.1	-0.126979	0.00101093	0.991905	-0.98167	-0.143416	-0.125522	0.142128	-0.989662	0.0192032
5.13333	-0.105679	-0.0741374	0.991633	-0.990675	-0.0783917	-0.111438	0.0859975	-0.994162	-0.0651616
5.16667	-0.0800724	-0.152671	0.985028	-0.995084	-0.0455242	-0.0879457	0.0582694	-0.987228	-0.148275
5.2	-0.0563374	-0.22557	0.972597	-0.997079	-0.0376034	-0.0664767	0.0515681	-0.973501	-0.222792
5.23333	-0.036631	-0.288655	0.956732	-0.997399	-0.0489038	-0.0529428	0.06207	-0.956184	-0.286113
5.26667	-0.0180056	-0.338448	0.940813	-0.995368	-0.0828127	-0.0488407	0.0944413	-0.937334	-0.335389
5.3	-0.00857819	-0.370734	0.9287	-0.988917	-0.134518	-0.0628336	0.148222	-0.918946	-0.365471
5.33333	0.000960876	-0.389306	0.921108	-0.977679	-0.193894	-0.0809294	0.210104	-0.90047	-0.380802
5.36667	-0.00388626	-0.394316	0.918967	-0.962682	-0.247209	-0.110145	0.270608	-0.8851	-0.37864
5.4	-0.0216223	-0.388287	0.921285	-0.944442	-0.29436	-0.146227	0.327967	-0.873262	-0.360349
5.43333	-0.0506567	-0.373076	0.926417	-0.92287	-0.337098	-0.186215	0.381766	-0.864395	-0.327224
5.46667	-0.102467	-0.348193	0.931806	-0.898182	-0.370204	-0.237106	0.427517	-0.861226	-0.274807
5.5	-0.152112	-0.318372	0.935682	-0.869696	-0.406655	-0.279751	0.469564	-0.856313	-0.215029
5.53333	-0.158031	-0.290782	0.943648	-0.833565	-0.473015	-0.285353	0.529336	-0.831686	-0.167635
5.56667	-0.114002	-0.264482	0.957629	-0.797495	-0.550462	-0.246967	0.592457	-0.791859	-0.14817
5.6	-0.0638566	-0.235059	0.969881	-0.78052	-0.593836	-0.19531	0.62186	-0.769484	-0.145548
5.63333	-0.0881792	-0.193652	0.977099	-0.791889	-0.581426	-0.186698	0.604265	-0.790217	-0.102081
5.66667	-0.147832	-0.149292	0.97768	-0.795966	-0.568773	-0.207207	0.587012	-0.808832	-0.0347487
5.7	-0.143582	-0.127072	0.981446	-0.82296	-0.535482	-0.189727	0.549656	-0.834932	-0.0276895
5.73333	-0.122078	-0.113812	0.985973	-0.852691	-0.496377	-0.162873	0.507952	-0.860614	-0.0364502
5.76667	-0.108591	-0.10132	0.98891	-0.854083	-0.499527	-0.144965	0.508675	-0.860353	-0.0322919
5.8	-0.093667	-0.0868107	0.991812	-0.846898	-0.516803	-0.125216	0.523441	-0.851692	-0.0251124
5.83333	-0.071092	-0.0727184	0.994816	-0.847367	-0.521756	-0.0986939	0.526228	-0.84999	-0.0245265
5.86667	-0.0471589	-0.0575461	0.997228	-0.849648	-0.522638	-0.0703392	0.525237	-0.85061	-0.0242469
5.9	-0.026016	-0.0393478	0.998887	-0.848442	-0.527548	-0.0428787	0.528648	-0.848613	-0.0196597
5.93333	-0.0056795	-0.0202215	0.999779	-0.844674	-0.535053	-0.0156204	0.535251	-0.844576	-0.0140417
5.96667	0.0119351	-0.000727324	0.999929	-0.841806	-0.539694	0.00965522	0.539648	-0.841861	-0.00705358
6	0.0291915	0.0166347	0.999435	-0.843463	-0.536138	0.0335593	0.536393	-0.843967	-0.00161992
6.03333	0.0468109	0.0320453	0.99839	-0.846536	-0.529306	0.0566802	0.53027	-0.847826	0.00235022
6.06667	0.0635412	0.0473532	0.996855	-0.847589	-0.524746	0.0789535	0.526835	-0.849941	0.00679307
6.1	0.0791666	0.0627034	0.994887	-0.847268	-0.521611	0.100295	0.525233	-0.850876	0.0118323
6.13333	0.0965834	0.0774508	0.992307	-0.847075	-0.517091	0.122807	0.522624	-0.852419	0.0156642
6.16667	0.114266	0.0916126	0.989217	-0.84766	-0.510292	0.145173	0.518089	-0.855108	0.0193474
6.2	0.131462	0.104818	0.985764	-0.849274	-0.501	0.166531	0.511323	-0.859077	0.0231567
6.23333	0.147422	0.118319	0.981971	-0.850007	-0.492482	0.18695	0.505723	-0.862243	0.027969
6.26667	0.16208	0.131965	0.977914	-0.850248	-0.484283	0.206272	0.500808	-0.864902	0.033711
6.3	0.175155	0.145681	0.973703	-0.849768	-0.477085	0.22424	0.497207	-0.866699	0.0402315
6.33333	0.187233	0.158539	0.969438	-0.849075	-0.470161	0.240875	0.49398	-0.868225	0.0465821
6.36667	0.197433	0.171315	0.965231	-0.847073	-0.465794	0.255936	0.493444	-0.868152	0.0531528
6.4	0.203978	0.184612	0.961411	-0.84426	-0.463988	0.268218	0.495599	-0.866391	0.061217
6.43333	0.203093	0.196351	0.95927	-0.846057	-0.457965	0.272864	0.49289	-0.867014	0.0731142
6.46667	0.191221	0.203766	0.960163	-0.857058	-0.442134	0.264517	0.47842	-0.873497	0.0900937
6.5	0.159896	0.207742	0.965027	-0.874799	-0.423104	0.236028	0.45734	-0.881944	0.11408
6.53333	0.111287	0.207669	0.971848	-0.891339	-0.411592	0.190019	0.439466	-0.887393	0.139298
6.56667	0.0606738	0.206688	0.976524	-0.898516	-0.41478	0.143618	0.434727	-0.886136	0.160546
6.6	0.0116569	0.206326	0.978414	-0.900121	-0.423976	0.100131	0.435483	-0.881858	0.180776
6.63333	-0.0372729	0.202166	0.978642	-0.909829	-0.411906	0.050439	0.413306	-0.888517	0.19929
6.66667	-0.0929584	0.193148	0.976756	-0.925185	-0.379291	-0.0130478	0.367955	-0.904893	0.213956
6.7	-0.141139	0.171665	0.974993	-0.940578	-0.330505	-0.0779661	0.308856	-0.928061	0.208112
6.73333	-0.139915	0.124278	0.982333	-0.960601	-0.257648	-0.104224	0.240144	-0.958213	0.155431
6.76667	-0.116665	0.0578713	0.991484	-0.98026	-0.16716	-0.105587	0.159626	-0.98423	0.0762306
6.8	-0.0811471	-0.0220781	0.996458	-0.993336	-0.0803048	-0.0826722	0.0818456	-0.996526	-0.0154144
6.83333	-0.0510207	-0.10438	0.993228	-0.998254	-0.0242942	-0.0538321	0.0297486	-0.994241	-0.102958
6.86667	-0.0194737	-0.180733	0.983339	-0.999665	-0.0132405	-0.0222305	0.0170377	-0.983443	-0.180415
6.9	0.0019581	-0.239176	0.970974	-0.998592	-0.0519491	-0.0107826	0.0530202	-0.969586	-0.238941
6.93333	0.020149	-0.27713	0.960621	-0.991846	-0.126472	-0.0156819	0.125837	-0.952472	-0.277419
6.96667	0.0316612	-0.294528	0.955118	-0.97577	-0.216094	-0.0342906	0.216495	-0.93089	-0.294234
7	0.0219877	-0.29365	0.95566	-0.952844	-0.295537	-0.0688883	0.302662	-0.90908	-0.286301
7.03333	-0.0221937	-0.278054	0.960309	-0.927288	-0.35331	-0.12373	0.37369	-0.893229	-0.249995
7.06667	-0.075257	-0.255359	0.963913	-0.90417	-0.390152	-0.173951	0.420492	-0.884632	-0.201526
7.1	-0.123327	-0.224698	0.966593	-0.883702	-0.4183	-0.209991	0.45151	-0.880077	-0.146979
7.13333	-0.117988	-0.194994	0.973682	-0.851954	-0.483859	-0.200137	0.510151	-0.853146	-0.109037
7.16667	-0.0508217	-0.166666	0.984703	-0.795009	-0.590008	-0.140894	0.604465	-0.790008	-0.102516
7.2	-0.0221556	-0.128355	0.991481	-0.768662	-0.631949	-0.0989871	0.639271	-0.764307	-0.0846601
7.23333	-0.0798697	-0.0784436	0.993714	-0.793665	-0.598141	-0.111008	0.603089	-0.797542	-0.0144846
7.26667	-0.12533	-0.0370828	0.991422	-0.805934	-0.578973	-0.123537	0.578587	-0.814503	0.0426763
7.3	-0.113996	-0.0175544	0.993326	-0.827496	-0.55162	-0.104713	0.549777	-0.833911	0.0483563
7.33333	-0.0949982	-0.00524736	0.995464	-0.853213	-0.514732	-0.0841363	0.512839	-0.857335	0.0444215
7.36667	-0.082242	0.0070031	0.996588	-0.851432	-0.520218	-0.0666076	0.517977	-0.854005	0.0487465
7.4	-0.0695303	0.0220342	0.997336	-0.843731	-0.534704	-0.0470083	0.532244	-0.844752	0.055769
7.43333	-0.0482557	0.0367184	0.99816	-0.842846	-0.537747	-0.0209655	0.535988	-0.842306	0.0568973
7.46667	-0.0242111	0.0526919	0.998317	-0.842815	-0.538145	0.00796382	0.537659	-0.841203	0.0574385
7.5	-0.00273553	0.0707307	0.997492	-0.840477	-0.540648	0.0360317	0.54184	-0.83827	0.0609265
7.53333	0.0176272	0.090035	0.995783	-0.835327	-0.545997	0.0641539	0.549471	-0.832935	0.0655843
7.56667	0.0375783	0.109506	0.993276	-0.833071	-0.545519	0.0916595	0.551888	-0.830913	0.0707268
7.6	0.0561889	0.127323	0.990268	-0.833277	-0.540386	0.116761	0.549993	-0.831728	0.0757316
7.63333	0.0725874	0.144463	0.986844	-0.833441	-0.534692	0.139577	0.547821	-0.832607	0.0815894
7.66667	0.0879815	0.160682	0.983077	-0.834714	-0.526687	0.16079	0.54361	-0.834735	0.0877847
7.7	0.10293	0.175339	0.979113	-0.836384	-0.517535	0.180606	0.538393	-0.837504	0.093381
7.73333	0.118553	0.188922	0.97481	-0.838453	-0.506868	0.200203	0.531922	-0.841067	0.0983113
7.76667	0.133572	0.200076	0.970633	-0.841473	-0.494488	0.217726	0.523528	-0.845843	0.102309
7.8	0.146977	0.210158	0.966556	-0.845151	-0.481021	0.233104	0.513923	-0.851148	0.106916
7.83333	0.160241	0.21788	0.962731	-0.848791	-0.467452	0.247067	0.503861	-0.856748	0.11003
7.86667	0.171782	0.224342	0.959251	-0.852511	-0.454105	0.258869	0.493676	-0.862241	0.113247
7.9	0.180337	0.230206	0.956286	-0.855757	-0.442601	0.267926	0.484932	-0.866666	0.117183
7.93333	0.189459	0.23444	0.95349	-0.858714	-0.431343	0.276684	0.476147	-0.871195	0.119595
7.96667	0.196018	0.238709	0.951102	-0.860589	-0.423069	0.283547	0.470067	-0.874088	0.122501
8	0.20227	0.244028	0.948439	-0.859534	-0.419903	0.291348	0.469349	-0.874146	0.124816
8.03333	0.207497	0.251695	0.945301	-0.854955	-0.422947	0.300279	0.475392	-0.870497	0.127428
8.06667	0.20955	0.260107	0.942567	-0.850585	-0.426968	0.306925	0.48228	-0.86605	0.131772
8.1	0.199013	0.267475	0.942789	-0.85495	-0.422847	0.300436	0.479015	-0.865828	0.144525
8.13333	0.164035	0.274234	0.94757	-0.870609	-0.411413	0.269778	0.463824	-0.869216	0.171264
8.16667	0.107822	0.279811	0.953981	-0.892534	-0.395419	0.216857	0.437901	-0.874843	0.207106
8.2	0.0448573	0.279768	0.959019	-0.913004	-0.378163	0.153024	0.405477	-0.882452	0.238466
8.23333	-0.0140258	0.273007	0.96191	-0.931011	-0.354465	0.0870283	0.364723	-0.894327	0.259144
8.26667	-0.0701598	0.261197	0.962733	-0.946195	-0.323057	0.0186931	0.3159	-0.909621	0.269809
8.3	-0.123955	0.243069	0.962057	-0.959022	-0.278281	-0.0532545	0.254778	-0.929235	0.267603
8.33333	-0.16034	0.211506	0.964135	-0.968803	-0.220725	-0.112695	0.188973	-0.952127	0.240299
8.36667	-0.150105	0.153917	0.976616	-0.980544	-0.149564	-0.127137	0.126498	-0.976699	0.173372
8.4	-0.125524	0.0793364	0.988913	-0.990008	-0.0745635	-0.119682	0.0642417	-0.994055	0.0879032
8.43333	-0.0908399	-0.00799296	0.995833	-0.995598	-0.0224608	-0.0909987	0.0230946	-0.999716	-0.00591744
8.46667	-0.0541229	-0.0966017	0.993851	-0.998516	-0.000815949	-0.0544563	0.0060715	-0.995323	-0.0964142
8.5	-0.0343444	-0.172066	0.984487	-0.999175	-0.0154475	-0.0375567	0.02167	-0.984964	-0.171393
8.53333	-0.0177067	-0.231867	0.972586	-0.997361	-0.0644052	-0.0335121	0.07041	-0.970613	-0.230114
8.56667	-0.00734847	-0.273591	0.961818	-0.989733	-0.13531	-0.0460508	0.142742	-0.952281	-0.269787
8.6	0.00279288	-0.297993	0.954564	-0.976483	-0.206597	-0.0616379	0.215578	-0.931943	-0.291562
8.63333	0.00434228	-0.309323	0.950947	-0.960922	-0.264504	-0.0816498	0.276786	-0.913431	-0.298384
8.66667	-0.00391329	-0.309088	0.951026	-0.94367	-0.313524	-0.10578	0.330865	-0.897868	-0.29045
8.7	-0.0306406	-0.297381	0.954267	-0.92414	-0.35532	-0.140403	0.380823	-0.886179	-0.263934
8.73333	-0.06813	-0.277527	0.958299	-0.901802	-0.393726	-0.178138	0.426745	-0.876333	-0.223449
8.76667	-0.10705	-0.252425	0.961677	-0.879405	-0.427238	-0.210035	0.463882	-0.868188	-0.176248
8.8	-0.133094	-0.222994	0.965691	-0.847776	-0.479095	-0.227474	0.513383	-0.848965	-0.125284
8.83333	-0.122321	-0.194927	0.97316	-0.812576	-0.543335	-0.210968	0.569875	-0.816573	-0.0919314
8.86667	-0.0943388	-0.163827	0.981968	-0.785001	-0.594387	-0.174581	0.61227	-0.787315	-0.0725304
8.9	-0.0764433	-0.129071	0.988684	-0.77968	-0.610335	-0.139962	0.621494	-0.781557	-0.0539783
8.93333	-0.137913	-0.081116	0.987117	-0.805625	-0.570567	-0.159443	0.57615	-0.817235	0.0133398
8.96667	-0.133308	-0.0588066	0.989328	-0.797186	-0.586726	-0.142293	0.588832	-0.807648	0.0313353
9	-0.113044	-0.0372403	0.992892	-0.814487	-0.568858	-0.114068	0.569063	-0.821592	0.0339745
9.03333	-0.0960522	-0.0159234	0.995249	-0.824164	-0.559395	-0.0884907	0.558147	-0.828748	0.0406077
9.06667	-0.0802729	0.00543488	0.996758	-0.827841	-0.557342	-0.0636304	0.55519	-0.830265	0.0492387
9.1	-0.0616119	0.0257304	0.997768	-0.831137	-0.554834	-0.0370144	0.552644	-0.831563	0.0555699
9.13333	-0.0411538	0.0448377	0.998146	-0.837341	-0.54659	-0.00997042	0.54513	-0.836199	0.0600387
9.16667	-0.0212716	0.0617405	0.997866	-0.845069	-0.534445	0.0150531	0.534234	-0.842945	0.0635435
9.2	-0.00192612	0.0779361	0.996956	-0.854007	-0.518805	0.0389071	0.520258	-0.851333	0.0675573
9.23333	0.0151898	0.0938544	0.99547	-0.858654	-0.508902	0.0610823	0.51233	-0.855693	0.0728583
9.26667	0.0288214	0.109201	0.993602	-0.862044	-0.500478	0.0800101	0.506013	-0.858835	0.0797119
9.3	0.0401485	0.123609	0.991518	-0.864355	-0.493531	0.0965261	0.501277	-0.860899	0.0870276
9.33333	0.052199	0.138039	0.98905	-0.864619	-0.489341	0.113928	0.499709	-0.861099	0.093808
9.36667	0.0657305	0.151904	0.986207	-0.864997	-0.484047	0.132209	0.497454	-0.861756	0.0995794
