0	-0.0937414	-0.0312161	0.754607	0.999593	0.00232367	-0.0284208	-0.00151537	0.999595	0.028429	0.0284753	-0.0283744	0.999192
0.0333333	0.151558	0.963336	-1.96373	0.0917025	0.995642	-0.0169706	-0.995725	0.0918735	0.00958774	0.0111051	0.0160189	0.99981
0.0666667	0.149427	0.963296	-1.96423	0.00785833	0.999784	0.0192415	-0.999932	0.00802168	-0.00842723	-0.00857976	-0.019174	0.999779
0.1	0.149374	0.962905	-1.9641	0.00899689	0.999561	0.0282435	-0.999858	0.00939486	-0.0139898	-0.0142489	-0.0281136	0.999503
0.133333	0.149529	0.962684	-1.96368	0.0127351	0.999431	0.0312365	-0.999775	0.0132565	-0.0165401	-0.0169448	-0.0310188	0.999375
0.166667	0.149761	0.962548	-1.96317	0.0143914	0.999362	0.0326879	-0.999734	0.01497	-0.017524	-0.0180021	-0.0324271	0.999312
0.2	0.150022	0.96245	-1.9628	0.0148169	0.999318	0.033817	-0.999715	0.0154385	-0.0181936	-0.0187033	-0.0335378	0.999262
0.233333	0.150191	0.962332	-1.96225	0.0150505	0.99928	0.0348181	-0.999697	0.0157162	-0.0189233	-0.0194569	-0.0345227	0.999214
0.266667	0.15059	0.962246	-1.96184	0.0154546	0.999224	0.0362307	-0.999679	0.0161692	-0.0195124	-0.020083	-0.0359175	0.999153
0.3	0.150484	0.962118	-1.96122	0.0150261	0.999241	0.0359519	-0.999678	0.015748	-0.01988	-0.020431	-0.0356416	0.999156
0.333333	0.15048	0.961962	-1.96077	0.0145728	0.999261	0.0355543	-0.999671	0.0153118	-0.020601	-0.0211302	-0.0352424	0.999155
0.366667	0.150562	0.961844	-1.96031	0.0141744	0.999277	0.0352727	-0.999666	0.0149242	-0.0210878	-0.021599	-0.034962	0.999155
0.4	0.150636	0.961721	-1.95986	0.0138985	0.999291	0.0349898	-0.999659	0.0146596	-0.02159	-0.0220876	-0.0346778	0.999154
0.433333	0.150758	0.961584	-1.95945	0.0135264	0.999301	0.0348402	-0.999657	0.0142964	-0.0219466	-0.0224294	-0.0345313	0.999152
0.466667	0.150971	0.961445	-1.95904	0.0134047	0.999303	0.0348487	-0.999644	0.0141963	-0.0225698	-0.0230488	-0.0345338	0.999138
0.5	0.151132	0.961344	-1.95861	0.013292	0.999308	0.0347515	-0.999628	0.0141078	-0.0233369	-0.023811	-0.0344284	0.999123
0.533333	0.151297	0.96125	-1.95816	0.0129005	0.999308	0.0348947	-0.99961	0.0137532	-0.0243065	-0.0247696	-0.0345676	0.999095
0.566667	0.151618	0.961156	-1.9577	0.0127807	0.999302	0.0351042	-0.999594	0.0136633	-0.0250185	-0.0254806	-0.0347702	0.99907
0.6	0.151813	0.961056	-1.95719	0.0121974	0.999305	0.0352346	-0.999593	0.013094	-0.0253288	-0.0257726	-0.0349114	0.999058
0.633333	0.152028	0.961026	-1.95706	0.012171	0.999296	0.0355008	-0.999582	0.0130901	-0.0257732	-0.0262198	-0.0351723	0.999037
0.666667	0.152238	0.960962	-1.95662	0.0117933	0.999291	0.0357657	-0.999587	0.0127196	-0.025785	-0.0262216	-0.0354469	0.999028
0.7	0.152461	0.960873	-1.95616	0.011687	0.999279	0.0361176	-0.999585	0.0126264	-0.0258919	-0.0263293	-0.0358	0.999012
0.733333	0.152766	0.960807	-1.95574	0.0117729	0.999263	0.0365342	-0.999576	0.0127339	-0.0261837	-0.0266296	-0.0362104	0.998989
0.766667	0.15299	0.960716	-1.95518	0.0113574	0.999259	0.0367858	-0.999578	0.0123292	-0.0263016	-0.0267357	-0.0364716	0.998977
0.8	0.153448	0.960635	-1.95469	0.0114044	0.999229	0.0375546	-0.999568	0.01241	-0.0266539	-0.0270994	-0.0372344	0.998939
0.833333	0.153446	0.96053	-1.95405	0.0110754	0.999256	0.0369358	-0.999571	0.0120648	-0.0266749	-0.0271007	-0.0366245	0.998962
0.866667	0.153661	0.960461	-1.95358	0.0103752	0.999266	0.0368787	-0.999576	0.0113681	-0.0268169	-0.0272165	-0.0365848	0.99896
0.9	0.153829	0.960409	-1.95311	0.00978654	0.999291	0.0363563	-0.999584	0.0107635	-0.0267745	-0.0271469	-0.0360792	0.99898
0.933333	0.154044	0.960339	-1.95267	0.00936542	0.999315	0.0357953	-0.999585	0.0103314	-0.0268985	-0.0272499	-0.0355285	0.998997
0.966667	0.154332	0.960245	-1.95228	0.00904983	0.999331	0.0354241	-0.999583	0.0100125	-0.0270923	-0.0274289	-0.0351642	0.999005
1	0.154702	0.96017	-1.95199	0.00890351	0.999342	0.0351668	-0.999573	0.00987376	-0.0275132	-0.0278423	-0.0349068	0.999003
1.03333	0.155099	0.96009	-1.95163	0.00876222	0.999356	0.0347945	-0.999547	0.00975518	-0.0284716	-0.0287927	-0.0345292	0.998989
1.06667	0.155273	0.959965	-1.95105	0.00841452	0.999405	0.033457	-0.999526	0.00939674	-0.0293097	-0.0296066	-0.0331946	0.99901
1.1	0.155623	0.959827	-1.9506	0.00803019	0.99944	0.0324688	-0.999511	0.00900385	-0.0299532	-0.0302288	-0.0322124	0.999024
1.13333	0.156101	0.959654	-1.95014	0.00795748	0.999477	0.0313528	-0.999493	0.00891611	-0.0305553	-0.0308189	-0.0310938	0.999041
1.16667	0.156789	0.959512	-1.94997	0.00869863	0.999515	0.029902	-0.999466	0.00963277	-0.0312392	-0.0315121	-0.0296143	0.999065
1.2	0.157386	0.959214	-1.94919	0.00841902	0.9996	0.0270127	-0.999443	0.00928379	-0.0320495	-0.0322875	-0.0267279	0.999121
1.23333	0.158582	0.958949	-1.94862	0.0082308	0.999632	0.025855	-0.999411	0.00908483	-0.0330895	-0.0333122	-0.0255674	0.999118
1.26667	0.1594	0.958575	-1.94773	0.00800023	0.999701	0.0231258	-0.999382	0.00878518	-0.0340428	-0.0342358	-0.0228391	0.999153
1.3	0.16063	0.958244	-1.9468	0.00712158	0.999754	0.0210243	-0.999337	0.00786599	-0.0355393	-0.0356959	-0.0207573	0.999147
1.33333	0.162207	0.95792	-1.94586	0.00638208	0.999819	0.0179136	-0.999281	0.00704634	-0.0372661	-0.0373856	-0.0176629	0.999145
1.36667	0.163671	0.957556	-1.94433	0.00523191	0.999883	0.0143801	-0.999236	0.00578435	-0.0386476	-0.0387263	-0.0141669	0.999149
1.4	0.165755	0.957181	-1.94293	0.00420503	0.999912	0.0126038	-0.999157	0.00471582	-0.0407742	-0.04083	-0.0124218	0.999089
1.43333	0.167882	0.956674	-1.94118	0.00371521	0.999946	0.00966359	-0.999053	0.0041305	-0.0433162	-0.0433538	-0.00949351	0.999015
1.46667	0.170118	0.956137	-1.9392	0.00279121	0.999977	0.00625125	-0.998939	0.00307557	-0.0459513	-0.0459695	-0.00611635	0.998924
1.5	0.172369	0.955525	-1.93698	0.00194445	0.999995	0.0025269	-0.998813	0.00206513	-0.0486671	-0.0486721	-0.00242927	0.998812
1.53333	0.174981	0.95484	-1.93438	0.0023229	0.999997	-0.000298511	-0.998687	0.00230458	-0.051172	-0.0511712	0.000416987	0.99869
1.56667	0.177408	0.954062	-1.93186	0.000327477	0.999998	-0.00219372	-0.998533	0.00020823	-0.0541395	-0.0541389	0.00220824	0.998531
1.6	0.180166	0.953267	-1.9287	-0.000187899	0.999988	-0.00482451	-0.998386	-0.000461574	-0.0567877	-0.0567893	0.00480605	0.998375
1.63333	0.182962	0.952432	-1.92539	-0.000778274	0.999975	-0.0069974	-0.998204	-0.00119601	-0.0598943	-0.0599012	0.00693822	0.99818
1.66667	0.185835	0.951625	-1.92175	-0.000314984	0.999955	-0.00949775	-0.998053	-0.000906758	-0.062367	-0.0623728	0.00945961	0.998008
1.7	0.188865	0.950769	-1.91786	-0.000958635	0.999943	-0.0106288	-0.997927	-0.00164057	-0.0643371	-0.0643509	0.0105451	0.997872
1.73333	0.191927	0.949907	-1.91372	-0.00169931	0.999932	-0.0115434	-0.997847	-0.00245241	-0.0655438	-0.0655676	0.0114072	0.997783
1.76667	0.19526	0.949002	-1.90941	-0.00176808	0.999924	-0.0121858	-0.997799	-0.00257188	-0.0662654	-0.0662918	0.0120418	0.997728
1.8	0.198716	0.947997	-1.90486	-0.00157105	0.999926	-0.0120278	-0.997782	-0.00236795	-0.0665299	-0.0665535	0.0118966	0.997712
1.83333	0.202453	0.946808	-1.90007	-0.00246253	0.999943	-0.010371	-0.997821	-0.0031408	-0.0659006	-0.0659294	0.0101861	0.997772
1.86667	0.206368	0.945803	-1.89505	-0.00796163	0.999941	-0.00739339	-0.997907	-0.00841945	-0.0641084	-0.0641668	0.00686751	0.997916
1.9	0.21055	0.945161	-1.88992	-0.0178628	0.999836	-0.00313845	-0.997912	-0.0180231	-0.0620155	-0.0620619	0.00202413	0.99807
1.93333	0.214579	0.944634	-1.88496	-0.0292434	0.999572	0.000713788	-0.997809	-0.0291494	-0.0593895	-0.0593433	-0.00244898	0.998235
1.96667	0.218391	0.943796	-1.87983	-0.0381683	0.99926	0.00485538	-0.997719	-0.0378379	-0.0558971	-0.055672	-0.00697781	0.998425
2	0.221264	0.942644	-1.87455	-0.049065	0.998754	0.00906435	-0.997411	-0.0485173	-0.0530827	-0.0525768	-0.0116454	0.998549
2.03333	0.223018	0.941728	-1.86815	-0.0607463	0.998101	0.0102393	-0.996918	-0.0601577	-0.0503541	-0.0496425	-0.0132666	0.998679
2.06667	0.223401	0.941036	-1.86109	-0.0759895	0.997065	0.0093279	-0.99592	-0.0754389	-0.0495308	-0.0486817	-0.0130537	0.998729
2.1	0.222677	0.94061	-1.85313	-0.0950294	0.995443	0.00788361	-0.994338	-0.0945397	-0.0485171	-0.0475507	-0.0124495	0.998791
2.13333	0.220897	0.940292	-1.84435	-0.115984	0.993241	0.00446647	-0.992176	-0.115648	-0.0470377	-0.0462032	-0.00988713	0.998883
2.16667	0.218194	0.940257	-1.83481	-0.138113	0.990416	-0.00112268	-0.989401	-0.138023	-0.0451073	-0.0448299	-0.00511913	0.998982
2.2	0.214495	0.940025	-1.82499	-0.161797	0.986792	-0.00790051	-0.985761	-0.161989	-0.0451178	-0.0458017	0.000488096	0.99895
2.23333	0.210172	0.939624	-1.81468	-0.184361	0.982745	-0.0149658	-0.981652	-0.184868	-0.04673	-0.0486903	0.00607597	0.998795
2.26667	0.205421	0.938709	-1.80397	-0.202224	0.979087	-0.0222132	-0.977797	-0.203127	-0.0515058	-0.0549408	0.0113042	0.998426
2.3	0.200577	0.937123	-1.79238	-0.21337	0.97658	-0.0276442	-0.974962	-0.21466	-0.0580574	-0.0626318	0.0145643	0.99793
2.33333	0.195977	0.934698	-1.77928	-0.218562	0.975379	-0.0294298	-0.973261	-0.220072	-0.065806	-0.0706625	0.0142602	0.997398
2.36667	0.191634	0.931248	-1.76289	-0.22094	0.975004	-0.0235242	-0.972387	-0.222078	-0.0717295	-0.0751607	0.00702666	0.997147
2.4	0.188546	0.926729	-1.74298	-0.21745	0.976056	-0.0054072	-0.973181	-0.217229	-0.0756963	-0.0750585	-0.011198	0.997116
2.43333	0.185712	0.924938	-1.72197	-0.242616	0.97002	0.0140909	-0.967278	-0.240767	-0.0800309	-0.0742389	-0.0330466	0.996693
2.46667	0.183986	0.927025	-1.70155	-0.264796	0.963898	0.027987	-0.961354	-0.261606	-0.0857919	-0.0753731	-0.0496228	0.99592
2.5	0.182113	0.931336	-1.68281	-0.26799	0.962361	0.0452036	-0.960436	-0.263174	-0.091119	-0.0757929	-0.0678341	0.994814
2.53333	0.179887	0.935207	-1.66429	-0.256225	0.964519	0.0636507	-0.963585	-0.249655	-0.0957911	-0.0765017	-0.0858769	0.993364
2.56667	0.177167	0.937626	-1.6459	-0.244025	0.966827	0.0754759	-0.966831	-0.236494	-0.0964819	-0.0754317	-0.0965165	0.992469
2.6	0.1739	0.938831	-1.62778	-0.239245	0.967808	0.0781607	-0.96796	-0.23141	-0.0974773	-0.0762521	-0.0989774	0.992164
2.63333	0.170724	0.939636	-1.61041	-0.237678	0.96785	0.0823104	-0.968334	-0.229424	-0.0984561	-0.0764068	-0.103105	0.991732
2.66667	0.166941	0.940361	-1.5945	-0.229433	0.969651	0.0844854	-0.970401	-0.221158	-0.0970127	-0.0753838	-0.104243	0.991691
2.7	0.162722	0.941138	-1.57893	-0.213569	0.973387	0.0830997	-0.974398	-0.206126	-0.0897822	-0.0702638	-0.100147	0.992489
2.73333	0.158903	0.941819	-1.5639	-0.192528	0.978303	0.076525	-0.978964	-0.186119	-0.083606	-0.0675493	-0.0910117	0.993556
2.76667	0.15567	0.942347	-1.54932	-0.168613	0.983366	0.067528	-0.983285	-0.163033	-0.0810585	-0.068701	-0.0800668	0.994419
2.8	0.152823	0.942693	-1.53491	-0.143289	0.987998	0.0576983	-0.98729	-0.13865	-0.0776858	-0.0687535	-0.0680964	0.995307
2.83333	0.150498	0.942887	-1.52064	-0.116999	0.992014	0.0471051	-0.990897	-0.113425	-0.0725071	-0.0665852	-0.0551596	0.996255
2.86667	0.148727	0.942889	-1.50629	-0.0898582	0.995272	0.0368608	-0.99391	-0.0872422	-0.0673123	-0.0637782	-0.0426849	0.997051
2.9	0.147608	0.942801	-1.4917	-0.0619168	0.997692	0.0278787	-0.99623	-0.0600774	-0.0625781	-0.0607588	-0.0316483	0.997651
2.93333	0.146954	0.942618	-1.47712	-0.0333992	0.99926	0.0190698	-0.997746	-0.0322252	-0.0588664	-0.0582083	-0.020993	0.998084
2.96667	0.146963	0.942277	-1.46269	-0.00369647	0.999936	0.0107327	-0.998457	-0.00309593	-0.055442	-0.0554052	-0.010921	0.998404
3	0.147975	0.941747	-1.44859	0.0262797	0.999643	0.00487767	-0.998232	0.0265022	-0.0532022	-0.0533125	-0.00347091	0.998572
3.03333	0.150406	0.940935	-1.43536	0.053116	0.998566	0.00673892	-0.997101	0.0534038	-0.0542006	-0.0544828	-0.00384046	0.998507
3.06667	0.153124	0.940097	-1.42011	0.0835333	0.996504	0.0014631	-0.994964	0.0834856	-0.0554676	-0.0553958	0.00317765	0.998459
3.1	0.156654	0.938942	-1.40552	0.105516	0.994411	0.00371206	-0.992603	0.105548	-0.0599836	-0.0600401	0.00264461	0.998192
3.13333	0.160439	0.937368	-1.39024	0.123958	0.99227	0.00588593	-0.990106	0.124077	-0.0655359	-0.0657596	0.00229604	0.997833
3.16667	0.164359	0.935097	-1.37346	0.139024	0.990276	0.00515615	-0.987769	0.13904	-0.0705648	-0.0705955	0.00471712	0.997494
3.2	0.167862	0.931853	-1.35433	0.146303	0.989239	-0.00111195	-0.986424	0.145802	-0.075555	-0.0745798	0.0121508	0.997141
3.23333	0.170887	0.928171	-1.3328	0.148665	0.988788	-0.0140209	-0.985783	0.147061	-0.0812726	-0.0782995	0.0259039	0.996593
3.26667	0.174193	0.926765	-1.31166	0.173378	0.984602	-0.0223433	-0.981577	0.170907	-0.085421	-0.080287	0.0367418	0.996094
3.3	0.177744	0.92846	-1.29115	0.199256	0.979595	-0.0262769	-0.976413	0.196191	-0.0901452	-0.0831505	0.0436191	0.995582
3.33333	0.18128	0.931959	-1.27106	0.209005	0.977268	-0.0355576	-0.974106	0.204847	-0.0956829	-0.086224	0.054635	0.994777
3.36667	0.185157	0.935003	-1.25105	0.210739	0.976388	-0.0474921	-0.973429	0.205152	-0.101723	-0.0895781	0.0676672	0.993678
3.4	0.189575	0.936489	-1.23161	0.21213	0.975894	-0.051301	-0.972949	0.205992	-0.104585	-0.0914965	0.072099	0.993192
3.43333	0.193966	0.936913	-1.21294	0.218515	0.974565	-0.0497394	-0.971594	0.212536	-0.104081	-0.0908619	0.0710696	0.993324
3.46667	0.197953	0.937271	-1.19528	0.219258	0.974482	-0.0480664	-0.971606	0.213591	-0.101784	-0.0889203	0.0690187	0.993645
3.5	0.201948	0.937813	-1.17849	0.21394	0.975647	-0.048402	-0.97306	0.20849	-0.098419	-0.0859308	0.0681538	0.993967
3.53333	0.205719	0.938562	-1.16206	0.197502	0.979217	-0.046132	-0.977039	0.192789	-0.0907081	-0.0799292	0.0629877	0.994808
3.56667	0.209272	0.939285	-1.14606	0.175718	0.983695	-0.0383012	-0.981592	0.172119	-0.0827811	-0.074839	0.0521423	0.995831
3.6	0.212688	0.939845	-1.13052	0.150583	0.988252	-0.0261196	-0.985992	0.148216	-0.0765019	-0.0717318	0.0372736	0.996727
3.63333	0.215484	0.940231	-1.11511	0.12427	0.992157	-0.0134719	-0.989922	0.123038	-0.0701071	-0.0678997	0.0220484	0.997448
3.66667	0.217756	0.940345	-1.09954	0.0964961	0.995333	-0.000220121	-0.993342	0.0962891	-0.0632411	-0.0629247	0.00632117	0.997998
3.7	0.21959	0.940288	-1.08417	0.0651236	0.997768	0.0147682	-0.996236	0.0658579	-0.0563677	-0.0572145	-0.0110418	0.998301
3.73333	0.22069	0.940098	-1.06873	0.0334277	0.999086	0.026624	-0.998147	0.0347277	-0.0499625	-0.0508414	-0.0249045	0.998396
3.76667	0.221021	0.939703	-1.05344	0.0018096	0.999333	0.0364688	-0.999002	0.00343389	-0.0445258	-0.0446213	-0.0363518	0.998342
3.8	0.22039	0.93901	-1.03806	-0.0279288	0.998675	0.0432301	-0.998823	-0.0261645	-0.0408518	-0.0396666	-0.0443201	0.99823
3.83333	0.218558	0.938022	-1.02265	-0.0552252	0.997419	0.0458929	-0.997805	-0.0534472	-0.0391069	-0.0365531	-0.0479518	0.998181
3.86667	0.215706	0.93662	-1.00749	-0.0778494	0.995969	0.0445478	-0.996305	-0.0760945	-0.0398221	-0.0362717	-0.0474833	0.998213
3.9	0.212393	0.93475	-0.99228	-0.0949988	0.994653	0.0404995	-0.994716	-0.0932566	-0.0429337	-0.0389273	-0.0443642	0.998257
3.93333	0.208876	0.932466	-0.976208	-0.108399	0.993456	0.0359843	-0.993178	-0.106662	-0.0471184	-0.0429719	-0.0408464	0.998241
3.96667	0.205494	0.929617	-0.958063	-0.118662	0.992348	0.0341398	-0.991879	-0.116881	-0.0501547	-0.0457806	-0.039814	0.998158
4	0.202976	0.926109	-0.938035	-0.124922	0.99121	0.0435638	-0.991041	-0.122569	-0.0530561	-0.0472501	-0.0498013	0.997641
4.03333	0.200396	0.922322	-0.914802	-0.128383	0.990013	0.0582487	-0.990688	-0.125342	-0.0531715	-0.0453394	-0.0645326	0.996885
4.06667	0.197117	0.919395	-0.890077	-0.137343	0.987963	0.071179	-0.989629	-0.13381	-0.0522412	-0.0420879	-0.0776157	0.996095
4.1	0.192934	0.919057	-0.865874	-0.164145	0.983431	0.0769361	-0.985612	-0.160319	-0.0535493	-0.0403277	-0.0846189	0.995597
4.13333	0.188703	0.921515	-0.842228	-0.192684	0.978008	0.0798311	-0.98044	-0.188557	-0.0564212	-0.0401276	-0.0891411	0.99521
4.16667	0.183842	0.925191	-0.819689	-0.204565	0.975241	0.0840082	-0.97804	-0.200144	-0.0581374	-0.0398842	-0.0940563	0.994768
4.2	0.177709	0.928218	-0.798084	-0.201187	0.975744	0.0863002	-0.978565	-0.196247	-0.0624281	-0.0439777	-0.0970101	0.994311
4.23333	0.171061	0.930206	-0.776776	-0.197896	0.976493	0.0854275	-0.979122	-0.192792	-0.0644342	-0.0464498	-0.0963952	0.994259
4.26667	0.164385	0.931397	-0.756293	-0.199428	0.976617	0.0802969	-0.978709	-0.194452	-0.0657084	-0.048558	-0.0916913	0.994603
4.3	0.158033	0.931958	-0.737349	-0.199188	0.977044	0.0755593	-0.978521	-0.194125	-0.0693711	-0.0531107	-0.0877542	0.994725
4.33333	0.15264	0.932414	-0.719027	-0.188583	0.979197	0.0748927	-0.98064	-0.183666	-0.0679117	-0.0527437	-0.0862498	0.994876
4.36667	0.148423	0.932939	-0.701144	-0.171257	0.982245	0.0765908	-0.983999	-0.166647	-0.0630433	-0.0491603	-0.0861618	0.995068
4.4	0.144767	0.933568	-0.683825	-0.149273	0.985898	0.075645	-0.987636	-0.144957	-0.0596884	-0.0478814	-0.0836196	0.995347
4.43333	0.141869	0.934165	-0.666947	-0.124295	0.989488	0.0739208	-0.991096	-0.120222	-0.0572266	-0.0477381	-0.0803756	0.995621
4.46667	0.139941	0.934638	-0.650305	-0.0963092	0.992732	0.072163	-0.994274	-0.0925799	-0.0533619	-0.0462932	-0.076889	0.995964
4.5	0.138851	0.934888	-0.633933	-0.0673571	0.995347	0.0689057	-0.996745	-0.0640641	-0.0489338	-0.0442917	-0.0719774	0.996422
4.53333	0.138477	0.934974	-0.617907	-0.0374532	0.997267	0.0636873	-0.998351	-0.034567	-0.0458329	-0.0435061	-0.0652989	0.996917
4.56667	0.138811	0.934714	-0.602102	-0.00724925	0.998266	0.0584128	-0.999014	-0.00467112	-0.0441526	-0.0438032	-0.0586753	0.997316
4.6	0.140235	0.934161	-0.586558	0.022437	0.998214	0.0553701	-0.998758	0.0248444	-0.0431807	-0.0444792	-0.0543325	0.997532
4.63333	0.14278	0.933228	-0.571714	0.0501949	0.997189	0.0556329	-0.997626	0.0526906	-0.0443377	-0.0471444	-0.0532753	0.997466
4.66667	0.146283	0.931915	-0.557272	0.0757119	0.995334	0.0598175	-0.995813	0.0785579	-0.0467499	-0.0512309	-0.0560275	0.997114
4.7	0.150268	0.930267	-0.542834	0.0988329	0.993067	0.0636431	-0.993474	0.102128	-0.0507796	-0.0569273	-0.058209	0.99668
4.73333	0.154196	0.928249	-0.527571	0.119615	0.99072	0.0645394	-0.990862	0.123207	-0.0548772	-0.0623197	-0.0573855	0.996405
4.76667	0.157809	0.925698	-0.510849	0.135798	0.988881	0.0606155	-0.988483	0.13936	-0.059001	-0.0667923	-0.0519052	0.996416
4.8	0.160669	0.922478	-0.491588	0.141938	0.988675	0.048735	-0.987442	0.144868	-0.0630259	-0.0693722	-0.0391772	0.996821
4.83333	0.162498	0.918515	-0.468978	0.139541	0.989874	0.0260527	-0.987807	0.140987	-0.066035	-0.0690394	-0.0165205	0.997477
4.86667	0.164683	0.915164	-0.44551	0.144982	0.989434	0.000569233	-0.987094	0.144678	-0.068661	-0.0680179	0.0093927	0.99764
4.9	0.16719	0.913766	-0.422362	0.16099	0.98675	-0.0201522	-0.984525	0.159128	-0.0734077	-0.0692283	0.0316583	0.997098
4.93333	0.170453	0.915342	-0.400381	0.183175	0.982423	-0.0359314	-0.98053	0.179947	-0.0786066	-0.0707592	0.0496306	0.996258
4.96667	0.174092	0.919014	-0.379316	0.199194	0.978548	-0.0525828	-0.977406	0.194516	-0.0827157	-0.0707131	0.0678712	0.995185
5	0.179121	0.922161	-0.359088	0.203444	0.976881	-0.0656848	-0.97638	0.19744	-0.0877453	-0.0727478	0.0819846	0.993975
5.03333	0.185119	0.923655	-0.339461	0.20388	0.97622	-0.073679	-0.975939	0.196724	-0.0940345	-0.0773039	0.0910779	0.992839
5.06667	0.190988	0.924325	-0.320663	0.207573	0.975024	-0.0790052	-0.974966	0.199625	-0.0979326	-0.0797152	0.0973555	0.992052
5.1	0.196576	0.92492	-0.302858	0.210526	0.974078	-0.0827704	-0.974166	0.201957	-0.101069	-0.0817329	0.10191	0.99143
5.13333	0.202164	0.925415	-0.286052	0.208933	0.97422	-0.0851023	-0.974327	0.19991	-0.103555	-0.0838724	0.104553	0.990976
5.16667	0.207151	0.925786	-0.269404	0.196449	0.976781	-0.0854786	-0.977098	0.187749	-0.100151	-0.081777	0.103196	0.991294
5.2	0.211314	0.926069	-0.252628	0.177724	0.980492	-0.0839574	-0.981032	0.169818	-0.0934798	-0.0773987	0.0989786	0.992075
5.23333	0.215302	0.926384	-0.236363	0.154815	0.984908	-0.0773803	-0.985095	0.147951	-0.0877415	-0.0749688	0.0898106	0.993133
5.26667	0.219098	0.926725	-0.220494	0.129896	0.98924	-0.0673213	-0.988721	0.124124	-0.0838123	-0.0745542	0.0774489	0.994205
5.3	0.222529	0.926953	-0.20472	0.104029	0.99298	-0.0562879	-0.991851	0.0993927	-0.0797008	-0.0735467	0.0641204	0.995228
5.33333	0.225685	0.926961	-0.189198	0.0774283	0.996023	-0.0440785	-0.994422	0.0739769	-0.0751772	-0.0716174	0.0496535	0.996196
5.36667	0.228399	0.926862	-0.174175	0.0479445	0.998339	-0.0319485	-0.996472	0.0456001	-0.0704575	-0.0688836	0.0352138	0.997003
5.4	0.23068	0.926744	-0.159654	0.0174444	0.999627	-0.021012	-0.997653	0.0160104	-0.0665816	-0.0662204	0.0221241	0.99756
5.43333	0.23239	0.926517	-0.145443	-0.0136615	0.999843	-0.0112566	-0.997897	-0.0143466	-0.0632198	-0.0633714	0.0103693	0.997936
5.46667	0.233364	0.92608	-0.131356	-0.0436803	0.999042	-0.00272701	-0.997186	-0.0437653	-0.060862	-0.060923	6.08682e-05	0.998142
5.5	0.23365	0.925409	-0.117287	-0.0711067	0.997458	0.00455783	-0.995707	-0.0707089	-0.0597352	-0.0592611	-0.00878583	0.998204
5.53333	0.23315	0.924493	-0.102699	-0.0956198	0.995381	0.00856861	-0.993691	-0.0949436	-0.0596942	-0.058605	-0.0142225	0.99818
5.56667	0.231987	0.923267	-0.0874376	-0.11654	0.993136	0.00999625	-0.991436	-0.115732	-0.0605042	-0.058932	-0.0169618	0.998118
5.6	0.230164	0.921792	-0.0711838	-0.1336	0.990985	0.00996677	-0.989215	-0.132739	-0.0619195	-0.0600384	-0.0181318	0.998031
5.63333	0.228054	0.920044	-0.0535867	-0.147368	0.989015	0.0115253	-0.987176	-0.146351	-0.06376	-0.0613729	-0.0207737	0.997899
5.66667	0.225953	0.917771	-0.0342425	-0.156132	0.987607	0.0159739	-0.985727	-0.154763	-0.0662691	-0.0629756	-0.0260926	0.997674
5.7	0.224008	0.914992	-0.0126042	-0.163653	0.986236	0.0235786	-0.984361	-0.161669	-0.0699721	-0.0651971	-0.034661	0.99727
5.73333	0.222155	0.911706	0.011633	-0.170748	0.98467	0.0356463	-0.983104	-0.167831	-0.0730675	-0.0659648	-0.0475202	0.99669
5.76667	0.220644	0.90804	0.0383553	-0.176711	0.982714	0.0551878	-0.98219	-0.172425	-0.0746461	-0.06384	-0.0673957	0.995682
5.8	0.218177	0.906704	0.0652359	-0.20234	0.977079	0.0661479	-0.97748	-0.197366	-0.0746971	-0.0599296	-0.0797725	0.99501
5.83333	0.21626	0.908627	0.0912726	-0.232872	0.969732	0.0734181	-0.970696	-0.22717	-0.0783738	-0.0593232	-0.0895178	0.994217
5.86667	0.213557	0.912862	0.11643	-0.247519	0.965623	0.079409	-0.967179	-0.241393	-0.0793364	-0.0574403	-0.09644	0.99368
5.9	0.209048	0.916383	0.140689	-0.24056	0.966637	0.0879943	-0.968991	-0.233892	-0.0796891	-0.0564492	-0.104436	0.992928
5.93333	0.203833	0.918426	0.164521	-0.234012	0.967835	0.0923753	-0.970739	-0.227328	-0.0773851	-0.0538965	-0.107781	0.992713
5.96667	0.198944	0.919629	0.187067	-0.234286	0.968374	0.0857966	-0.970602	-0.227989	-0.0771522	-0.0551515	-0.10135	0.993321
6	0.194422	0.920848	0.207867	-0.224177	0.971409	0.0781566	-0.972825	-0.218292	-0.0772025	-0.0579342	-0.0933397	0.993947
6.03333	0.190361	0.922395	0.227342	-0.199841	0.977	0.0743887	-0.978214	-0.19458	-0.0723543	-0.0562156	-0.0872275	0.994601
6.06667	0.186939	0.92396	0.246052	-0.170449	0.983143	0.0661605	-0.983874	-0.166112	-0.0663247	-0.0542166	-0.0763985	0.995602
6.1	0.184239	0.924973	0.264295	-0.140059	0.988637	0.0545906	-0.988595	-0.136546	-0.0635211	-0.0553452	-0.0628647	0.996486
6.13333	0.182165	0.925277	0.282344	-0.10913	0.992952	0.0462261	-0.992459	-0.106228	-0.0611541	-0.0558126	-0.0525513	0.997057
6.16667	0.180535	0.925134	0.300164	-0.0785788	0.996197	0.0376347	-0.995403	-0.0763309	-0.0578442	-0.0547516	-0.0420071	0.997616
6.2	0.179455	0.924805	0.318269	-0.0488893	0.998399	0.0284434	-0.997474	-0.047335	-0.0529674	-0.0515362	-0.0309611	0.998191
6.23333	0.179312	0.924411	0.336691	-0.0165406	0.999627	0.0217361	-0.998696	-0.0154673	-0.0486527	-0.0482984	-0.0225125	0.998579
6.26667	0.18023	0.923887	0.355109	0.0188325	0.999686	0.016503	-0.998742	0.019577	-0.0461752	-0.0464838	-0.0156127	0.998797
6.3	0.182647	0.923115	0.372757	0.0521261	0.998511	0.0161027	-0.997579	0.0528071	-0.0452472	-0.0460301	-0.0137051	0.998846
6.33333	0.186266	0.922046	0.389727	0.0820468	0.996425	0.0201342	-0.995452	0.0829146	-0.0469114	-0.0484131	-0.0161937	0.998696
6.36667	0.190678	0.920591	0.40635	0.107529	0.99384	0.0268306	-0.992739	0.108796	-0.0513179	-0.0539208	-0.0211176	0.998322
6.4	0.195191	0.918665	0.423359	0.129114	0.991047	0.0339871	-0.989654	0.130943	-0.0586354	-0.0625608	-0.0260649	0.997701
6.43333	0.198957	0.916174	0.442001	0.145612	0.988684	0.0360769	-0.986803	0.147752	-0.066251	-0.0708317	-0.0259539	0.997151
6.46667	0.201223	0.912845	0.464227	0.154094	0.987695	0.026719	-0.985144	0.155659	-0.0725411	-0.0758075	-0.0151439	0.997007
6.5	0.202091	0.908662	0.490444	0.15553	0.987822	0.00418455	-0.984861	0.155389	-0.0768283	-0.076543	0.00782791	0.997036
6.53333	0.20352	0.905508	0.516869	0.169134	0.985479	-0.0150219	-0.98268	0.167443	-0.0793877	-0.0757196	0.0281889	0.996731
6.56667	0.205348	0.904405	0.543629	0.192164	0.981051	-0.0247487	-0.978123	0.189422	-0.0859877	-0.0796704	0.040731	0.995989
6.6	0.207917	0.906456	0.57003	0.221575	0.974624	-0.0318138	-0.971691	0.217931	-0.0912315	-0.0819832	0.0511279	0.995321
6.63333	0.211346	0.91072	0.595565	0.241008	0.96972	-0.0394643	-0.966977	0.236456	-0.095096	-0.082885	0.0610799	0.994686
6.66667	0.215772	0.914492	0.619651	0.242656	0.968966	-0.0471582	-0.96643	0.237217	-0.0986994	-0.0844496	0.0695251	0.993999
6.7	0.22081	0.916419	0.642717	0.236615	0.97037	-0.0489415	-0.967726	0.230876	-0.101005	-0.0867129	0.0712613	0.993681
6.73333	0.225337	0.917287	0.664809	0.227587	0.972664	-0.0461395	-0.970108	0.222381	-0.0971406	-0.0842246	0.0668683	0.994201
6.76667	0.229153	0.918182	0.685836	0.212189	0.976348	-0.041479	-0.974079	0.207909	-0.0891258	-0.0783939	0.0593153	0.995156
6.8	0.232633	0.919274	0.706133	0.187907	0.9816	-0.0339595	-0.979371	0.18464	-0.0820976	-0.0743167	0.0486857	0.996046
6.83333	0.236062	0.920472	0.726086	0.156294	0.987493	-0.0207108	-0.98502	0.154287	-0.077009	-0.0728505	0.0324366	0.996815
6.86667	0.239151	0.921258	0.745597	0.122177	0.992496	-0.00489362	-0.990137	0.121543	-0.0696783	-0.0685607	0.0133584	0.997558
6.9	0.24182	0.92116	0.764404	0.0893923	0.995946	0.0100276	-0.994085	0.0898397	-0.0610183	-0.0616718	-0.00451375	0.998086
6.93333	0.243617	0.920506	0.78324	0.0585271	0.998068	0.0208392	-0.996757	0.0595795	-0.0540884	-0.0552255	-0.0176059	0.998319
6.96667	0.244497	0.919801	0.802603	0.0265082	0.999221	0.0292199	-0.998454	0.0278936	-0.0480691	-0.0488467	-0.0279005	0.998417
7	0.244229	0.919151	0.822479	-0.00861765	0.999324	0.0357465	-0.999111	-0.00712918	-0.0415601	-0.0412772	-0.0360729	0.998496
7.03333	0.242824	0.918138	0.842211	-0.0422967	0.998284	0.0404989	-0.998497	-0.0408219	-0.0365756	-0.0348596	-0.041985	0.99851
7.06667	0.240257	0.916498	0.86162	-0.0710929	0.99661	0.0414111	-0.996962	-0.0696705	-0.0348355	-0.0318323	-0.0437619	0.998535
7.1	0.236902	0.914075	0.880681	-0.0915188	0.99511	0.037149	-0.995255	-0.0901665	-0.0365812	-0.0330527	-0.0403206	0.99864
7.13333	0.233412	0.91104	0.900436	-0.1081	0.993646	0.0313239	-0.993435	-0.106784	-0.0410441	-0.0374385	-0.0355551	0.998666
7.16667	0.229932	0.907481	0.921568	-0.119332	0.992418	0.0294261	-0.991934	-0.117893	-0.0465686	-0.0427464	-0.0347458	0.998482
7.2	0.226541	0.903373	0.945803	-0.126484	0.991342	0.0352561	-0.990908	-0.124626	-0.0506844	-0.0458517	-0.0413463	0.998092
7.23333	0.223121	0.899119	0.973611	-0.134244	0.989646	0.0507846	-0.989963	-0.131649	-0.051402	-0.044184	-0.0571752	0.997386
7.26667	0.218738	0.895439	1.00373	-0.148903	0.986493	0.0682622	-0.988015	-0.145582	-0.0513103	-0.0406795	-0.0750843	0.996347
7.3	0.213762	0.894356	1.0337	-0.17717	0.981303	0.0752015	-0.983354	-0.173373	-0.0543806	-0.0403259	-0.0835842	0.995684
7.33333	0.20828	0.89711	1.06291	-0.216962	0.973166	0.0766492	-0.975242	-0.212643	-0.0607194	-0.0427912	-0.0879253	0.995208
7.36667	0.202482	0.902542	1.09089	-0.244422	0.966492	0.0784324	-0.968613	-0.239584	-0.0662389	-0.0452282	-0.092161	0.994716
7.4	0.195574	0.907274	1.11747	-0.242827	0.96662	0.0817412	-0.968793	-0.237323	-0.0715337	-0.0497468	-0.0965606	0.994083
7.43333	0.188201	0.91022	1.14317	-0.238403	0.967566	0.0835537	-0.96976	-0.232546	-0.0740826	-0.0522497	-0.0986885	0.993746
7.46667	0.181261	0.911452	1.16795	-0.240992	0.967022	0.0824129	-0.969081	-0.23513	-0.0748005	-0.052956	-0.0978911	0.993787
7.5	0.175117	0.912	1.19129	-0.242829	0.966862	0.0788121	-0.968489	-0.236997	-0.0765586	-0.0553434	-0.0949194	0.993945
7.53333	0.170065	0.912634	1.21358	-0.227546	0.970501	0.07969	-0.972208	-0.22179	-0.0749703	-0.0550843	-0.0945345	0.993996
7.56667	0.166189	0.913783	1.23434	-0.199491	0.976584	0.0805396	-0.978398	-0.193963	-0.0715183	-0.0542219	-0.093067	0.994182
7.6	0.1636	0.915079	1.25445	-0.168565	0.982395	0.0805311	-0.984225	-0.163299	-0.0680754	-0.0537263	-0.0907359	0.994425
7.63333	0.161811	0.915902	1.27369	-0.135902	0.987349	0.0816825	-0.989238	-0.130725	-0.065719	-0.0542097	-0.0897347	0.994489
7.66667	0.160665	0.916075	1.293	-0.101504	0.991378	0.0828691	-0.993296	-0.0963635	-0.0638454	-0.0553093	-0.0887942	0.994513
7.7	0.16015	0.915932	1.31238	-0.0647527	0.99467	0.0802411	-0.996338	-0.0599427	-0.0609717	-0.0558368	-0.0838954	0.994909
7.73333	0.160743	0.915665	1.33238	-0.0263212	0.996641	0.0775547	-0.998063	-0.0218258	-0.0582528	-0.0563644	-0.0789378	0.995285
7.76667	0.162393	0.91505	1.35218	0.0154352	0.996995	0.0759126	-0.998113	0.0198761	-0.0580965	-0.0594307	-0.0748726	0.995421
7.8	0.165168	0.913833	1.37196	0.0540871	0.995488	0.0779664	-0.996451	0.0588528	-0.0601812	-0.0644982	-0.0744347	0.995138
7.83333	0.169208	0.911773	1.39139	0.0875849	0.992645	0.0835741	-0.993567	0.0930956	-0.0644877	-0.0717938	-0.0773882	0.994413
7.86667	0.173878	0.908778	1.41078	0.11395	0.989256	0.091583	-0.990255	0.120525	-0.0697775	-0.0800658	-0.0827394	0.99335
7.9	0.178276	0.904821	1.43098	0.133419	0.986225	0.097775	-0.987178	0.140971	-0.0748715	-0.0876236	-0.086532	0.992388
7.93333	0.18203	0.899936	1.45364	0.146651	0.984368	0.0975327	-0.984704	0.154652	-0.0802486	-0.0940778	-0.0842724	0.991992
7.96667	0.184548	0.894141	1.48096	0.152126	0.984909	0.082535	-0.983562	0.159078	-0.0854362	-0.0972763	-0.0681812	0.992919
8	0.186352	0.888831	1.51166	0.160123	0.985579	0.054718	-0.982492	0.164479	-0.0874936	-0.0952319	-0.0397503	0.994661
8.03333	0.188412	0.886936	1.54208	0.181093	0.982822	0.0355884	-0.978853	0.183626	-0.090152	-0.0951383	-0.0185099	0.995292
8.06667	0.191684	0.888755	1.57189	0.208756	0.97764	0.025309	-0.972775	0.210242	-0.0975067	-0.100647	-0.00426484	0.994913
8.1	0.1962	0.893739	1.60068	0.235445	0.971731	0.0174418	-0.966238	0.235971	-0.103451	-0.104642	0.00750416	0.994482
8.13333	0.202507	0.898616	1.62863	0.245149	0.969409	0.0121348	-0.963393	0.24499	-0.108871	-0.108514	0.014999	0.993982
8.16667	0.209824	0.901593	1.65554	0.243047	0.969974	0.00887852	-0.963323	0.242433	-0.115039	-0.113737	0.019407	0.993321
8.2	0.216267	0.903496	1.68176	0.242852	0.970042	0.00646981	-0.963277	0.241935	-0.11647	-0.114546	0.0220528	0.993173
8.23333	0.221354	0.905336	1.70683	0.233669	0.972284	0.00790954	-0.965903	0.233053	-0.112773	-0.111491	0.0187117	0.993589
8.26667	0.225495	0.907139	1.73048	0.215871	0.976373	0.00978495	-0.970559	0.215661	-0.107261	-0.106837	0.0136576	0.994183
8.3	0.228721	0.908607	1.75329	0.187233	0.982225	0.0133289	-0.977193	0.187623	-0.0994526	-0.100186	0.00559591	0.994953
8.33333	0.231013	0.909582	1.77553	0.155602	0.987656	0.0180025	-0.983569	0.156596	-0.0898367	-0.0915469	-0.00372788	0.995794
8.36667	0.232954	0.910093	1.79703	0.124579	0.991876	0.025718	-0.98875	0.126265	-0.0801917	-0.0827876	-0.0154385	0.996448
8.4	0.234509	0.910204	1.818	0.0921533	0.995159	0.0341446	-0.992972	0.0943998	-0.0713772	-0.0742549	-0.027327	0.996865
8.43333	0.23562	0.910004	1.83855	0.0553692	0.997567	0.0423706	-0.996369	0.0579517	-0.0623665	-0.0646702	-0.0387635	0.997154
8.46667	0.235768	0.909699	1.85917	0.0167631	0.998776	0.0465327	-0.998385	0.0192465	-0.0534436	-0.0542738	-0.0455617	0.997486
8.5	0.235215	0.909156	1.87936	-0.0205777	0.998532	0.0501106	-0.998739	-0.0182341	-0.0467853	-0.0458029	-0.0510102	0.997647
8.53333	0.23385	0.908359	1.89921	-0.0554002	0.997025	0.0535819	-0.997696	-0.0531725	-0.0421445	-0.0391701	-0.0557932	0.997674
8.56667	0.231236	0.90704	1.91851	-0.0849989	0.995027	0.0519343	-0.995707	-0.0829087	-0.0411602	-0.0366497	-0.0552099	0.997802
8.6	0.22755	0.905228	1.93815	-0.109069	0.992914	0.0471674	-0.993321	-0.107072	-0.0429896	-0.0376347	-0.0515412	0.997961
8.63333	0.223422	0.903008	1.95831	-0.126721	0.991068	0.0415412	-0.991079	-0.124758	-0.0468772	-0.0412759	-0.047111	0.998037
8.66667	0.219232	0.900249	1.97982	-0.140571	0.989331	0.0382643	-0.989035	-0.138552	-0.0511126	-0.0452657	-0.0450297	0.99796
8.7	0.215508	0.896622	2.00438	-0.147758	0.988078	0.0432422	-0.987823	-0.145284	-0.055665	-0.048719	-0.0509406	0.997513
8.73333	0.211989	0.892108	2.03318	-0.153125	0.986524	0.0576442	-0.987064	-0.149884	-0.0569088	-0.0475019	-0.0656127	0.996714
8.76667	0.208045	0.887247	2.06573	-0.16183	0.983858	0.0763807	-0.985982	-0.158022	-0.0535522	-0.0406179	-0.0839763	0.99564
8.8	0.202894	0.884696	2.09795	-0.187397	0.978791	0.0827646	-0.981534	-0.183297	-0.0547024	-0.0383718	-0.0914874	0.995067
8.83333	0.196842	0.886379	2.129	-0.234079	0.96878	0.0816873	-0.971272	-0.22932	-0.0635799	-0.0428624	-0.0942234	0.994628
8.86667	0.190898	0.891118	2.15826	-0.263983	0.960862	0.0840038	-0.963465	-0.258604	-0.0697026	-0.0452508	-0.099335	0.994025
8.9	0.183633	0.89552	2.18427	-0.256825	0.96234	0.0891267	-0.965182	-0.250655	-0.0748084	-0.049651	-0.105236	0.993207
8.93333	0.176435	0.898546	2.20855	-0.242264	0.965808	0.092325	-0.968763	-0.235609	-0.0773713	-0.0529732	-0.108185	0.992718
8.96667	0.170311	0.900144	2.23205	-0.233701	0.968266	0.0885763	-0.970755	-0.22721	-0.0775205	-0.054935	-0.104103	0.993048
9	0.164872	0.901163	2.25399	-0.222681	0.971593	0.0801231	-0.973106	-0.21655	-0.0785508	-0.0589687	-0.0954601	0.993685
9.03333	0.160118	0.902253	2.27515	-0.200406	0.977057	0.0720858	-0.977676	-0.194705	-0.0789887	-0.0631411	-0.0863064	0.994266
9.06667	0.156704	0.903752	2.29573	-0.17046	0.983136	0.0662375	-0.983265	-0.165327	-0.0765279	-0.0642865	-0.078174	0.994865
9.1	0.154479	0.905248	2.31603	-0.139587	0.988133	0.0640914	-0.988231	-0.134927	-0.0720687	-0.0625658	-0.073397	0.995338
9.13333	0.152783	0.906209	2.3358	-0.104698	0.992405	0.0645876	-0.992546	-0.100198	-0.069369	-0.0623706	-0.071369	0.995498
9.16667	0.15189	0.906817	2.35551	-0.0687997	0.995412	0.0665002	-0.995776	-0.0644562	-0.0653928	-0.0608064	-0.0707183	0.995641
9.2	0.151885	0.907121	2.37491	-0.0341478	0.997133	0.0675195	-0.997799	-0.0301727	-0.0590425	-0.056836	-0.0693871	0.995969
9.23333	0.152793	0.907186	2.39422	0.0018883	0.997816	0.0660341	-0.998523	0.0054671	-0.0540575	-0.0543004	-0.0658345	0.996352
9.26667	0.154532	0.906915	2.41315	0.0397406	0.997096	0.0649663	-0.997761	0.0430988	-0.0511339	-0.0537853	-0.0627888	0.996576
9.3	0.157235	0.906315	2.43166	0.0749329	0.994956	0.0666891	-0.99567	0.0783402	-0.0500324	-0.0550045	-0.0626513	0.996519
9.33333	0.160506	0.905293	2.44985	0.104332	0.992058	0.0702551	-0.992825	0.108042	-0.0512482	-0.0584316	-0.0644042	0.996212
9.36667	0.164242	0.903711	2.4681	0.129748	0.988847	0.0731203	-0.989541	0.133822	-0.0538626	-0.063047	-0.0653669	0.995868
9.4	0.168069	0.9014	2.4873	0.149195	0.986188	0.0719302	-0.986463	0.153453	-0.0578143	-0.0680537	-0.0623309	0.995733
9.43333	0.171862	0.898369	2.50828	0.16177	0.984629	0.065845	-0.984187	0.165856	-0.0621902	-0.072155	-0.0547433	0.99589
9.46667	0.175353	0.89445	2.53207	0.167569	0.98454	0.0510021	-0.983082	0.170754	-0.0662839	-0.073968	-0.0390321	0.996496
9.5	0.177819	0.889711	2.56012	0.167073	0.985713	0.0213583	-0.983364	0.168163	-0.0686779	-0.0712884	-0.0095288	0.99741
9.53333	0.180713	0.885019	2.5902	0.169198	0.985529	-0.0102639	-0.9833	0.168089	-0.0697675	-0.0670326	0.021897	0.99751
9.56667	0.184021	0.882708	2.6191	0.183816	0.982464	-0.031237	-0.980759	0.181186	-0.0726918	-0.0657573	0.0439979	0.996865
9.6	0.189168	0.883758	2.64573	0.209439	0.977067	-0.0384002	-0.975477	0.206057	-0.0773642	-0.0676774	0.0536616	0.996263
9.63333	0.194861	0.888368	2.66971	0.230933	0.971948	-0.04457	-0.970519	0.226859	-0.0814151	-0.0690202	0.0620574	0.995683
9.66667	0.200954	0.893024	2.69139	0.228262	0.971997	-0.0558377	-0.971184	0.223283	-0.0833437	-0.0685422	0.0732529	0.994955
9.7	0.206875	0.895566	2.7111	0.211313	0.975034	-0.0682264	-0.975076	0.205463	-0.0837345	-0.067626	0.0842202	0.99415
9.73333	0.212173	0.896548	2.72904	0.195737	0.977944	-0.0728942	-0.978462	0.189788	-0.0811928	-0.0655675	0.0872166	0.994029
9.76667	0.216821	0.897425	2.74557	0.183192	0.980373	-0.0728616	-0.980913	0.177371	-0.0796823	-0.0651948	0.0860681	0.994154
9.8	0.220225	0.898817	2.75988	0.162912	0.984118	-0.0705136	-0.984137	0.156995	-0.082623	-0.0702404	0.0828553	0.994083
9.83333	0.222985	0.900748	2.77294	0.136756	0.988339	-0.066957	-0.987852	0.131028	-0.0835482	-0.0738007	0.0775693	0.994252
9.86667	0.225029	0.902518	2.78521	0.109292	0.992008	-0.0630478	-0.991236	0.104033	-0.0814168	-0.0742071	0.0713935	0.994684
9.9	0.226516	0.904019	2.79694	0.0812436	0.995012	-0.0578902	-0.993931	0.0765599	-0.0789886	-0.0741625	0.0639562	0.995193
9.93333	0.226921	0.905154	2.80808	0.0536395	0.997104	-0.0539064	-0.995679	0.0493086	-0.078691	-0.0758051	0.0578944	0.995441
9.96667	0.226084	0.906214	2.8185	0.0274857	0.998215	-0.0530227	-0.996665	0.0232889	-0.0782074	-0.076833	0.0549954	0.995526
