0	0	1	0	0	0	-1	-1	0	0
0.0333333	0.998745	-0.0454576	-0.0210058	0.0372127	0.954429	-0.29611	0.033509	0.294957	0.954923
0.0666667	0.999625	0.00403365	-0.0270877	-0.0102494	0.972316	-0.233447	0.0253962	0.233637	0.971992
0.1	0.999313	0.0212208	-0.0303988	-0.0268804	0.979443	-0.199922	0.0255314	0.200601	0.97934
0.133333	0.99906	0.0295841	-0.0316869	-0.0348683	0.982702	-0.18188	0.025758	0.182814	0.98281
0.166667	0.998853	0.0351731	-0.0324902	-0.0402274	0.984454	-0.170975	0.0259714	0.172086	0.98474
0.2	0.99868	0.0388643	-0.0335731	-0.0438961	0.985285	-0.165184	0.0266593	0.16644	0.985691
0.233333	0.99858	0.0414835	-0.0334375	-0.046341	0.985899	-0.160795	0.0262957	0.162116	0.986421
0.266667	0.99845	0.0440822	-0.0339816	-0.0489146	0.986259	-0.157798	0.0265586	0.159216	0.986886
0.3	0.998442	0.0447644	-0.033324	-0.049433	0.98654	-0.155867	0.0258981	0.157272	0.987216
0.333333	0.998444	0.0450784	-0.0328254	-0.0496429	0.986664	-0.155014	0.0253998	0.156402	0.987367
0.366667	0.998454	0.0451719	-0.0323881	-0.0496621	0.986693	-0.154827	0.0249633	0.156196	0.987411
0.4	0.998473	0.0450714	-0.0319486	-0.04949	0.986728	-0.154659	0.0245538	0.156004	0.987451
0.433333	0.998493	0.0448003	-0.0316979	-0.0491763	0.986785	-0.154394	0.0243621	0.15572	0.987501
0.466667	0.998502	0.0446032	-0.0316956	-0.0489582	0.986941	-0.153463	0.0244367	0.154785	0.987646
0.5	0.998539	0.0438735	-0.0315515	-0.0482216	0.986933	-0.153746	0.0243938	0.155043	0.987607
0.533333	0.998569	0.0432077	-0.0315018	-0.0475539	0.986977	-0.153671	0.0244518	0.154949	0.98762
0.566667	0.998582	0.0427227	-0.0317567	-0.0471258	0.986925	-0.154134	0.0247565	0.155412	0.987539
0.6	0.998595	0.0424223	-0.031756	-0.0468363	0.986892	-0.154435	0.0247883	0.155705	0.987493
0.633333	0.998558	0.0417134	-0.033784	-0.0465063	0.986592	-0.156441	0.0268053	0.157787	0.987109
0.666667	0.998553	0.0415788	-0.0341166	-0.0464417	0.986504	-0.157015	0.0271277	0.158372	0.987007
0.7	0.998548	0.0413441	-0.0345457	-0.0463208	0.986263	-0.158554	0.0275158	0.159924	0.986746
0.733333	0.998514	0.0416228	-0.0351794	-0.0467134	0.986155	-0.159114	0.0280695	0.16052	0.986633
0.766667	0.998485	0.0421529	-0.0353587	-0.0472406	0.986271	-0.158232	0.0282034	0.159662	0.986769
0.8	0.998426	0.043495	-0.0354098	-0.0485443	0.986377	-0.157173	0.0280912	0.158644	0.986936
0.833333	0.998425	0.0436932	-0.0352026	-0.0486279	0.986816	-0.154366	0.0279937	0.155835	0.987386
0.866667	0.998425	0.0435558	-0.0353615	-0.0485303	0.986748	-0.154835	0.0281489	0.156308	0.987307
0.9	0.998449	0.0432193	-0.0350951	-0.0481842	0.986607	-0.155834	0.0278901	0.157283	0.98716
0.933333	0.998456	0.0432841	-0.0348278	-0.048224	0.986504	-0.156472	0.027585	0.15791	0.987068
0.966667	0.998438	0.0435244	-0.0350339	-0.0484677	0.986641	-0.155535	0.0277963	0.15699	0.987209
1	0.998425	0.0436315	-0.03526	-0.0486207	0.986568	-0.155946	0.0279822	0.157415	0.987136
1.03333	0.998431	0.0435619	-0.0351867	-0.048569	0.98641	-0.156957	0.0278712	0.15842	0.986978
1.06667	0.998475	0.0428382	-0.0348343	-0.0477907	0.986491	-0.156692	0.0276513	0.158118	0.987033
1.1	0.998479	0.0428338	-0.0347193	-0.0477663	0.986502	-0.156629	0.0275416	0.158049	0.987047
1.13333	0.998473	0.0428744	-0.0348462	-0.0478207	0.986532	-0.156423	0.0276703	0.157851	0.987075
1.16667	0.998438	0.0422696	-0.0365491	-0.0476016	0.985953	-0.160097	0.0292685	0.161586	0.986424
1.2	0.998481	0.0423653	-0.0352342	-0.0474805	0.985976	-0.15999	0.027962	0.16142	0.98649
1.23333	0.998432	0.0433483	-0.0354121	-0.0484913	0.985862	-0.160392	0.0279587	0.161858	0.986418
1.26667	0.998479	0.0432378	-0.0342174	-0.0481809	0.985923	-0.160108	0.026813	0.161513	0.986506
1.3	0.9985	0.0435322	-0.0332053	-0.0483708	0.985519	-0.162516	0.0256497	0.163879	0.986147
1.33333	0.998477	0.0442716	-0.0329321	-0.0491264	0.985022	-0.165282	0.0251215	0.166648	0.985696
1.36667	0.998507	0.0446648	-0.0314318	-0.0492548	0.985081	-0.164894	0.023598	0.166196	0.98581
1.4	0.998458	0.0455267	-0.0317662	-0.0501633	0.985018	-0.164997	0.0237785	0.166336	0.985782
1.43333	0.998463	0.0454076	-0.0317636	-0.0500973	0.984657	-0.167154	0.0236862	0.168488	0.985419
1.46667	0.998475	0.0445239	-0.0326489	-0.0494129	0.984434	-0.168663	0.0246312	0.170019	0.985133
1.5	0.998475	0.0436914	-0.0337507	-0.0487742	0.984501	-0.168461	0.0258673	0.16985	0.98513
1.53333	0.998466	0.0433415	-0.034452	-0.0485155	0.984721	-0.167243	0.026677	0.168658	0.985314
1.56667	0.998474	0.0414711	-0.0364612	-0.0470798	0.984385	-0.169617	0.0288576	0.171075	0.984835
1.6	0.998477	0.0405745	-0.0373886	-0.0463556	0.984414	-0.169648	0.0299225	0.171123	0.984795
1.63333	0.998438	0.039831	-0.0391762	-0.0459203	0.98448	-0.169385	0.0318214	0.170919	0.984771
1.66667	0.998391	0.0392027	-0.0409629	-0.0455503	0.984779	-0.167736	0.0337637	0.169332	0.984981
1.7	0.998305	0.0392139	-0.0430039	-0.0458864	0.984863	-0.167153	0.0357982	0.168843	0.984993
1.73333	0.99822	0.0391239	-0.045018	-0.0461277	0.984898	-0.16688	0.0378091	0.16866	0.984949
1.76667	0.998079	0.0396536	-0.0475938	-0.0469957	0.985228	-0.164676	0.0403608	0.166596	0.985199
1.8	0.997919	0.0406954	-0.0500166	-0.0483405	0.985501	-0.162636	0.0426729	0.164716	0.985418
1.83333	0.997703	0.0432146	-0.0521655	-0.0510567	0.985824	-0.159826	0.0445192	0.162122	0.985766
1.86667	0.997438	0.0476244	-0.0533759	-0.0553387	0.986538	-0.153883	0.0453288	0.156443	0.986646
1.9	0.99706	0.0543837	-0.053973	-0.0619525	0.986704	-0.150256	0.0450839	0.153158	0.987173
1.93333	0.996615	0.062207	-0.0537555	-0.0693809	0.987149	-0.143957	0.0441095	0.147199	0.988123
1.96667	0.996162	0.0694514	-0.0532792	-0.0763661	0.987034	-0.141183	0.042783	0.14471	0.988549
2	0.99596	0.0731134	-0.0521433	-0.0799411	0.986363	-0.143867	0.0409136	0.147454	0.988222
2.03333	0.995977	0.0743873	-0.049955	-0.0810925	0.985452	-0.149357	0.038118	0.152808	0.987521
2.06667	0.99604	0.0754289	-0.0470563	-0.0816897	0.98536	-0.149643	0.03508	0.152894	0.98762
2.1	0.996064	0.0770473	-0.0438308	-0.0826112	0.98614	-0.143885	0.0321374	0.14694	0.988623
2.13333	0.996121	0.0780054	-0.0407241	-0.0828284	0.987429	-0.13462	0.029711	0.137471	0.99006
2.16667	0.99641	0.0756456	-0.0380123	-0.0799992	0.988228	-0.130402	0.0277005	0.132975	0.990732
2.2	0.99685	0.0713329	-0.0346795	-0.0751725	0.989153	-0.126198	0.0253013	0.128407	0.991399
2.23333	0.997347	0.0649502	-0.0328812	-0.0686223	0.989555	-0.126773	0.0243038	0.128694	0.991387
2.26667	0.997759	0.0588945	-0.0317532	-0.062483	0.989887	-0.127359	0.0239313	0.129058	0.991348
2.3	0.998024	0.0538326	-0.0324152	-0.057569	0.99007	-0.128247	0.0251895	0.129859	0.991212
2.33333	0.998123	0.051061	-0.0338267	-0.0549785	0.990332	-0.127354	0.0269968	0.128975	0.99128
2.36667	0.998139	0.0505967	-0.0340492	-0.0545132	0.990513	-0.126141	0.0273439	0.127762	0.991428
2.4	0.998054	0.0526515	-0.0333921	-0.0565503	0.990001	-0.129228	0.0262542	0.130865	0.991053
2.43333	0.997723	0.0579068	-0.0345634	-0.0621513	0.988479	-0.138012	0.0261734	0.139846	0.989827
2.46667	0.997017	0.0665444	-0.0390935	-0.0715577	0.986805	-0.145241	0.0289127	0.147605	0.988624
2.5	0.995976	0.0752416	-0.0486921	-0.0811834	0.987581	-0.13451	0.0379667	0.137921	0.989715
2.53333	0.995285	0.0759299	-0.060346	-0.0827779	0.989252	-0.120534	0.0505453	0.124962	0.990873
2.56667	0.995349	0.0614451	-0.0741956	-0.0703786	0.98972	-0.124506	0.0657826	0.129148	0.989441
2.6	0.995382	0.0358334	-0.0890571	-0.0485618	0.988218	-0.145146	0.0828067	0.148801	0.985394
2.63333	0.994558	0.0117855	-0.103516	-0.0275472	0.987968	-0.152184	0.100477	0.154208	0.982916
2.66667	0.992936	-0.000981345	-0.118643	-0.0141162	0.991886	-0.126344	0.117805	0.127127	0.984866
2.7	0.991302	-0.00476972	-0.131522	-0.0063053	0.996474	-0.083662	0.131457	0.0837636	0.987777
2.73333	0.989811	-0.00840293	-0.142139	0.000359486	0.998401	-0.0565197	0.142387	0.0558927	0.988232
2.76667	0.988705	-0.0135645	-0.14926	0.00657335	0.998862	-0.0472331	0.149731	0.0457185	0.987669
2.8	0.988201	-0.0188534	-0.151998	0.0121187	0.998908	-0.045113	0.152682	0.0427387	0.987351
2.83333	0.988397	-0.0210828	-0.150423	0.0146322	0.99893	-0.0438613	0.151187	0.0411513	0.987648
2.86667	0.989207	-0.0204228	-0.145093	0.0141893	0.998937	-0.0438675	0.145835	0.0413353	0.988445
2.9	0.990527	-0.017319	-0.136221	0.0108872	0.998797	-0.0478202	0.136885	0.0458841	0.989524
2.93333	0.99213	-0.0126786	-0.124567	0.00587226	0.998477	-0.0548563	0.125072	0.0536931	0.990694
2.96667	0.993735	-0.00664971	-0.111562	-0.000400337	0.99801	-0.0630529	0.111759	0.0627026	0.991755
3	0.995228	0.00183917	-0.0975597	-0.00881274	0.99743	-0.0710974	0.0971782	0.0716179	0.992687
3.03333	0.996316	0.0139529	-0.0846132	-0.0205534	0.996769	-0.0776459	0.0832564	0.079099	0.993384
3.06667	0.997371	0.0254209	-0.0678581	-0.0310305	0.996072	-0.0829348	0.0654833	0.0848224	0.994242
3.1	0.997876	0.0373677	-0.0533533	-0.0420654	0.995069	-0.0898285	0.0497335	0.0918821	0.994527
3.13333	0.998051	0.04839	-0.0394046	-0.0519661	0.994076	-0.0954575	0.034552	0.0973192	0.994653
3.16667	0.998067	0.0567281	-0.0253998	-0.0590208	0.99312	-0.101138	0.0194877	0.102442	0.994548
3.2	0.998043	0.0615674	-0.0109481	-0.0623825	0.992408	-0.105993	0.00433927	0.106468	0.994307
3.23333	0.998097	0.0615178	0.00429747	-0.0606529	0.991876	-0.111821	-0.0111415	0.111347	0.993719
3.26667	0.997887	0.0635023	0.0137695	-0.0615004	0.991426	-0.11529	-0.0209726	0.114199	0.993236
3.3	0.997669	0.0664529	0.0154859	-0.0642448	0.991297	-0.114906	-0.022987	0.113643	0.993256
3.33333	0.997614	0.0682355	0.0105041	-0.066676	0.991715	-0.109795	-0.017909	0.108832	0.993899
3.36667	0.997596	0.069267	0.00187546	-0.0687525	0.992834	-0.0977464	-0.00863262	0.0973826	0.99521
3.4	0.997424	0.0709992	-0.0101959	-0.0715845	0.994299	-0.0790243	0.00452716	0.0795506	0.996821
3.43333	0.997042	0.0722452	-0.0262153	-0.0737454	0.995369	-0.0616694	0.0216386	0.0634203	0.997752
3.46667	0.996331	0.0719722	-0.0463167	-0.074435	0.995771	-0.0538475	0.0422453	0.0570975	0.997474
3.5	0.994941	0.0737058	-0.0682583	-0.0771762	0.995779	-0.0496802	0.0643085	0.0546968	0.99643
3.53333	0.992692	0.0803012	-0.0900783	-0.0837895	0.995846	-0.0356299	0.086843	0.0429172	0.995297
3.56667	0.989386	0.0930392	-0.111617	-0.0946074	0.995476	-0.00882478	0.11029	0.0192909	0.993712
3.6	0.985297	0.108208	-0.132211	-0.10645	0.99411	0.020315	0.133631	-0.0059424	0.991013
3.63333	0.981177	0.121204	-0.150335	-0.115954	0.992313	0.0432391	0.15442	-0.0249932	0.987689
3.66667	0.977923	0.128631	-0.164686	-0.121659	0.99122	0.051792	0.169902	-0.0306131	0.984985
3.7	0.975255	0.132679	-0.176843	-0.125377	0.990751	0.0518974	0.182093	-0.0284412	0.98287
3.73333	0.973349	0.134186	-0.185974	-0.127448	0.990694	0.0477795	0.190654	-0.0228042	0.981392
3.76667	0.972412	0.133746	-0.191119	-0.128068	0.990883	0.0418205	0.19497	-0.0161906	0.980676
3.8	0.972405	0.132851	-0.191777	-0.127709	0.991045	0.0389855	0.195239	-0.013418	0.980664
3.83333	0.973558	0.129871	-0.187931	-0.125362	0.991467	0.0357333	0.190968	-0.011229	0.981532
3.86667	0.975439	0.124431	-0.181756	-0.121279	0.992212	0.0283999	0.183875	-0.00565922	0.982933
3.9	0.977876	0.117905	-0.172791	-0.116768	0.993018	0.0167662	0.173561	0.00378109	0.984816
3.93333	0.980774	0.111861	-0.159901	-0.11287	0.993606	0.00278792	0.159191	0.0153138	0.987129
3.96667	0.984021	0.107346	-0.142053	-0.110195	0.993834	-0.012324	0.139854	0.0277807	0.989782
4	0.98713	0.104734	-0.120849	-0.109036	0.993599	-0.0295334	0.116982	0.0423302	0.992231
4.03333	0.990328	0.101843	-0.0942227	-0.10675	0.993099	-0.0485773	0.0886252	0.0581657	0.994365
4.06667	0.992971	0.0984225	-0.0657383	-0.102791	0.992461	-0.0667487	0.0586731	0.0730368	0.995602
4.1	0.994724	0.0949102	-0.0389409	-0.0978511	0.991796	-0.0822599	0.0308141	0.0856363	0.99585
4.13333	0.995617	0.0923255	-0.0149073	-0.0932934	0.991613	-0.0894471	0.00652404	0.0904458	0.99588
4.16667	0.996275	0.0861538	0.0036323	-0.0855147	0.992546	-0.0868365	-0.0110865	0.0862024	0.996216
4.2	0.997349	0.0711326	0.015336	-0.0696068	0.994042	-0.0838828	-0.0212114	0.082593	0.996358
4.23333	0.998632	0.0481257	0.0204677	-0.0460215	0.994587	-0.0931558	-0.0248401	0.0920863	0.995441
4.26667	0.999575	0.0229775	0.017952	-0.0208757	0.993758	-0.109587	-0.020358	0.109165	0.993815
4.3	0.999979	0.00161896	0.00633852	-0.000881111	0.993397	-0.114724	-0.0064824	0.114716	0.993377
4.33333	0.999877	-0.00942653	-0.0125452	0.00819341	0.995448	-0.0949538	0.0133832	0.0948393	0.995403
4.36667	0.999301	-0.00982057	-0.0360735	0.00776237	0.998358	-0.0567591	0.0365716	0.0564394	0.997736
4.4	0.998093	-0.00506095	-0.061519	0.0037798	0.999774	-0.0209239	0.061611	0.0206514	0.997887
4.43333	0.996334	-0.000355014	-0.0855453	0.000522359	0.999998	0.00193384	0.0855444	-0.00197144	0.996332
4.46667	0.994251	0.0036406	-0.107016	-0.00236628	0.999925	0.0120322	0.107052	-0.0117098	0.994184
4.5	0.992062	0.00825529	-0.125477	-0.00650465	0.999876	0.0143552	0.12558	-0.0134251	0.991993
4.53333	0.990108	0.0103234	-0.139925	-0.0093861	0.999929	0.00735678	0.139991	-0.00597065	0.990135
4.56667	0.988331	0.0166485	-0.151406	-0.0162339	0.99986	0.00397436	0.151451	-0.00147008	0.988464
4.6	0.987014	0.0257284	-0.158563	-0.0261793	0.999657	-0.000755129	0.158489	0.00489639	0.987349
4.63333	0.986013	0.0369353	-0.162524	-0.0385767	0.999231	-0.00695399	0.162142	0.0131264	0.98668
4.66667	0.985334	0.0501633	-0.163097	-0.053013	0.998507	-0.0131645	0.162193	0.0216177	0.986522
4.7	0.984974	0.0637182	-0.160518	-0.0679858	0.99746	-0.0212306	0.158758	0.0318246	0.986805
4.73333	0.985247	0.0756923	-0.153487	-0.0812715	0.996228	-0.030398	0.150607	0.0424237	0.987683
4.76667	0.986396	0.0841599	-0.14121	-0.0907969	0.995016	-0.0412245	0.137037	0.0534851	0.989121
4.8	0.98864	0.0864696	-0.122941	-0.0935089	0.994224	-0.0526802	0.117675	0.0635778	0.991015
4.83333	0.991942	0.0812565	-0.0972075	-0.0878274	0.993991	-0.065339	0.0913142	0.07335	0.993117
4.86667	0.994665	0.0766135	-0.0690726	-0.0819042	0.993636	-0.0773304	0.0627085	0.0825753	0.99461
4.9	0.996437	0.0736342	-0.0411207	-0.0770843	0.992972	-0.0898082	0.0342187	0.092658	0.99511
4.93333	0.997071	0.0742189	-0.0184784	-0.0756459	0.992606	-0.0949313	0.0112961	0.096051	0.995312
4.96667	0.997225	0.0743323	-0.0040545	-0.0743952	0.993161	-0.0899822	-0.00266181	0.0900341	0.995935
5	0.997328	0.0730331	0.00143984	-0.0726515	0.993781	-0.0843889	-0.00759408	0.0840589	0.996432
5.03333	0.997496	0.0707136	0.00105708	-0.0704242	0.994561	-0.0767391	-0.00647783	0.0764725	0.997051
5.06667	0.997708	0.0675012	-0.00479059	-0.0676694	0.995666	-0.0637924	0.000463768	0.0639704	0.997952
5.1	0.997813	0.0640594	-0.016304	-0.0647993	0.996653	-0.0498392	0.0130568	0.0507867	0.998624
5.13333	0.997549	0.0617684	-0.0328751	-0.0630534	0.997224	-0.0396025	0.0303377	0.0415783	0.998675
5.16667	0.996814	0.0601465	-0.0523941	-0.061901	0.997552	-0.0325328	0.0503092	0.0356724	0.998096
5.2	0.995474	0.0601348	-0.0735859	-0.062082	0.997771	-0.0244634	0.0719508	0.0289211	0.996989
5.23333	0.993038	0.0644836	-0.0985742	-0.06596	0.997753	-0.0117886	0.0975925	0.0182084	0.99506
5.26667	0.989485	0.0727612	-0.125003	-0.0724916	0.997346	0.00671082	0.12516	0.00242141	0.992134
5.3	0.984859	0.0847719	-0.151218	-0.0810611	0.996241	0.030549	0.153239	-0.0178286	0.988028
5.33333	0.979515	0.0979434	-0.175945	-0.0897783	0.994508	0.053802	0.180248	-0.0369039	0.982929
5.36667	0.973995	0.108866	-0.198701	-0.0969345	0.992907	0.068847	0.204786	-0.0477957	0.977639
5.4	0.968859	0.116213	-0.218647	-0.10228	0.991997	0.074036	0.225501	-0.0493671	0.972991
5.43333	0.964631	0.121227	-0.234076	-0.106579	0.991525	0.0742916	0.241099	-0.0467163	0.969376
5.46667	0.961569	0.125265	-0.244324	-0.110421	0.991157	0.0735936	0.251382	-0.0437869	0.966897
5.5	0.960034	0.12734	-0.249237	-0.113389	0.991109	0.0696148	0.255886	-0.0385718	0.965937
5.53333	0.960168	0.127813	-0.248477	-0.115864	0.991316	0.0621928	0.254268	-0.030926	0.966639
5.56667	0.962015	0.126846	-0.241738	-0.117861	0.991702	0.0513373	0.246245	-0.0208958	0.968982
5.6	0.965514	0.124338	-0.228741	-0.119169	0.992209	0.0363264	0.231476	-0.00781481	0.972809
5.63333	0.970263	0.120827	-0.20974	-0.11998	0.992634	0.0168037	0.210225	0.00886064	0.977613
5.66667	0.975722	0.117036	-0.185122	-0.120204	0.992731	-0.00594758	0.18308	0.0280556	0.982698
5.7	0.98145	0.112978	-0.154891	-0.119279	0.992346	-0.0319773	0.150093	0.0498593	0.987414
5.73333	0.986882	0.108198	-0.119818	-0.115921	0.991477	-0.0594571	0.112364	0.0725665	0.991014
5.76667	0.991348	0.103111	-0.0812235	-0.110119	0.990093	-0.0871242	0.0714353	0.0953146	0.992881
5.8	0.99439	0.0964725	-0.0433746	-0.100906	0.988171	-0.115483	0.0317206	0.119212	0.992362
5.83333	0.99584	0.0905702	-0.00998828	-0.0910722	0.985806	-0.141038	-0.0029273	0.141361	0.989954
5.86667	0.996456	0.0822746	0.0175072	-0.0787434	0.985571	-0.149831	-0.0295819	0.147921	0.988557
5.9	0.997032	0.0672575	0.0374637	-0.0615068	0.988547	-0.13781	-0.0463034	0.135097	0.98975
5.93333	0.99768	0.0455916	0.0505542	-0.0390648	0.991598	-0.12332	-0.0557518	0.121059	0.991078
5.96667	0.998301	0.0191205	0.0550356	-0.0121669	0.992206	-0.124016	-0.0569779	0.123136	0.990753
6	0.998646	-0.00776353	0.0514336	0.0143545	0.991535	-0.129045	-0.0499963	0.129608	0.990304
6.03333	0.998725	-0.0303889	0.0403124	0.0349423	0.992454	-0.117536	-0.0364364	0.118795	0.99225
6.06667	0.998745	-0.0448218	0.022359	0.046652	0.994897	-0.0894638	-0.0182349	0.0903945	0.995739
6.1	0.998769	-0.0495957	-0.00067623	0.0494812	0.997221	-0.0556873	0.0034362	0.0555853	0.998448
6.13333	0.99851	-0.0494828	-0.0229902	0.0487517	0.998319	-0.0313445	0.0245026	0.0301769	0.999244
6.16667	0.998	-0.0460317	-0.0433314	0.0454914	0.998875	-0.0133758	0.0438984	0.0113779	0.998971
6.2	0.997375	-0.039483	-0.0607031	0.0394504	0.99922	-0.00173655	0.0607243	-0.000662769	0.998154
6.23333	0.996666	-0.0322091	-0.0749639	0.0324089	0.999474	0.00144995	0.0748777	-0.00387461	0.997185
6.26667	0.995954	-0.0240401	-0.0865855	0.023966	0.999711	-0.00189521	0.086606	-0.000187562	0.996243
6.3	0.995255	-0.0137396	-0.0963272	0.012702	0.999855	-0.0113774	0.0964696	0.0100998	0.995285
6.33333	0.994494	0.00136209	-0.104784	-0.00319873	0.999844	-0.0173617	0.104745	0.0176013	0.994343
6.36667	0.993665	0.0187888	-0.110805	-0.0213265	0.999536	-0.0217611	0.110345	0.0239863	0.993604
6.4	0.992848	0.035785	-0.113899	-0.0389899	0.9989	-0.0260347	0.112842	0.0302894	0.993151
6.43333	0.992574	0.0482147	-0.111683	-0.0520096	0.998155	-0.0313172	0.109967	0.0368932	0.99325
6.46667	0.993309	0.0543861	-0.101884	-0.0579435	0.997798	-0.0322858	0.0999037	0.0379732	0.994272
6.5	0.995227	0.0509854	-0.0832067	-0.0539076	0.997992	-0.0332574	0.081344	0.0375841	0.995977
6.53333	0.996698	0.0509764	-0.0632095	-0.0532887	0.99795	-0.0354508	0.0612728	0.0387021	0.99737
6.56667	0.997669	0.052914	-0.0430911	-0.054555	0.997793	-0.037841	0.0409937	0.0401036	0.998354
6.6	0.998001	0.0581441	-0.024781	-0.0590205	0.997599	-0.0362381	0.0226145	0.0376282	0.999036
6.63333	0.997895	0.0638288	-0.0114649	-0.0641535	0.99747	-0.030628	0.00948097	0.0312991	0.999465
6.66667	0.997643	0.0684549	-0.0048162	-0.0685385	0.997446	-0.0201184	0.00342669	0.0204011	0.999786
6.7	0.997486	0.0707881	-0.00314953	-0.0708118	0.997456	-0.00818152	0.00256237	0.00838398	0.999962
6.73333	0.997539	0.0698184	-0.00645981	-0.0698272	0.997558	-0.00115952	0.00636308	0.00160774	0.999978
6.76667	0.997643	0.0669202	-0.0151513	-0.0669831	0.997747	-0.00367824	0.014871	0.00468445	0.999878
6.8	0.997464	0.0655188	-0.0277964	-0.0657966	0.997791	-0.00920128	0.0271321	0.0110069	0.999571
6.83333	0.996674	0.0690583	-0.0432555	-0.0694121	0.997565	-0.00672948	0.0426855	0.00970956	0.999041
6.86667	0.995056	0.0776861	-0.0618717	-0.0773272	0.996972	0.00817862	0.0623198	-0.00335382	0.998051
6.9	0.992489	0.0894097	-0.0834907	-0.0870885	0.995717	0.0310486	0.0859091	-0.0235444	0.996025
6.93333	0.989377	0.101316	-0.104247	-0.0961917	0.993947	0.0530717	0.108993	-0.0424803	0.993134
6.96667	0.986348	0.110667	-0.121945	-0.102944	0.992365	0.0679253	0.128532	-0.0544444	0.99021
7	0.984129	0.114916	-0.135221	-0.106171	0.991865	0.07022	0.14219	-0.0547489	0.988324
7.03333	0.982261	0.116429	-0.146997	-0.107339	0.99187	0.0683506	0.15376	-0.0513596	0.986773
7.06667	0.981033	0.114525	-0.156394	-0.105712	0.992362	0.0635785	0.162481	-0.0458399	0.985646
7.1	0.980263	0.111094	-0.163529	-0.102708	0.992966	0.0589007	0.168923	-0.0409425	0.984779
7.13333	0.980037	0.10839	-0.16667	-0.10085	0.993485	0.0530824	0.171338	-0.0352141	0.984583
7.16667	0.980588	0.10627	-0.164786	-0.100535	0.994013	0.0427858	0.168346	-0.0253886	0.985401
7.2	0.982274	0.104602	-0.155554	-0.1015	0.994448	0.0277763	0.157596	-0.0114953	0.987437
7.23333	0.985035	0.103158	-0.138077	-0.103079	0.994643	0.00774069	0.138136	0.00660805	0.990391
7.26667	0.988205	0.100988	-0.115123	-0.103018	0.994609	-0.0118107	0.11331	0.0235311	0.993281
7.3	0.990747	0.101129	-0.0905202	-0.103995	0.994197	-0.0275154	0.0872123	0.0366744	0.995514
7.33333	0.992479	0.1036	-0.0652056	-0.106045	0.993738	-0.0352111	0.0611494	0.041861	0.99725
7.36667	0.993798	0.102885	-0.042184	-0.104384	0.99392	-0.0350276	0.0383238	0.0392137	0.998496
7.4	0.995636	0.0898127	-0.025364	-0.090673	0.995262	-0.0350917	0.0220922	0.0372384	0.999062
7.43333	0.997843	0.063947	-0.0148359	-0.0646074	0.996687	-0.0494009	0.0116277	0.0502528	0.998669
7.46667	0.999407	0.0324742	-0.0114156	-0.0332666	0.996404	-0.0779201	0.00884419	0.0782537	0.996894
7.5	0.999852	0.00467994	-0.0165572	-0.00639263	0.994457	-0.104951	0.0159742	0.105041	0.99434
7.53333	0.999463	-0.0132952	-0.0299445	0.0100091	0.994173	-0.107335	0.031197	0.106978	0.993772
7.56667	0.998419	-0.0185214	-0.0530621	0.0144574	0.997005	-0.0759744	0.0543103	0.0750872	0.995697
7.6	0.996684	-0.0140634	-0.0801413	0.0122568	0.999661	-0.0229904	0.0804374	0.0219319	0.996518
7.63333	0.994254	-0.00820579	-0.106729	0.0114066	0.999502	0.0294146	0.106434	-0.030463	0.993853
7.66667	0.991616	-0.0072816	-0.129017	0.0154201	0.997945	0.0621949	0.128299	-0.0636629	0.98969
7.7	0.98925	-0.0102806	-0.145873	0.0210274	0.99716	0.0723227	0.144715	-0.0746125	0.986656
7.73333	0.987772	-0.0113475	-0.155493	0.0223641	0.997346	0.0692845	0.154294	-0.0719147	0.985404
7.76667	0.987209	-0.00726731	-0.159265	0.017463	0.997879	0.0627117	0.158471	-0.0646908	0.985242
7.8	0.987423	0.0023539	-0.158084	0.0060474	0.998595	0.0526426	0.157985	-0.0529365	0.986021
7.83333	0.988041	0.0176295	-0.153183	-0.0118584	0.999188	0.0385072	0.153737	-0.0362302	0.987447
7.86667	0.98894	0.0355711	-0.14399	-0.0330222	0.999253	0.0200537	0.144596	-0.015077	0.989376
7.9	0.98986	0.0538214	-0.131454	-0.0540732	0.998536	0.00165628	0.131351	0.00546865	0.991321
7.93333	0.991342	0.0671376	-0.112844	-0.0694975	0.997435	-0.017107	0.111406	0.0248013	0.993465
7.96667	0.993737	0.0724783	-0.0850494	-0.0754149	0.996644	-0.0318347	0.0824567	0.0380493	0.995868
8	0.995982	0.0726288	-0.0523972	-0.0750967	0.996079	-0.0467764	0.0487944	0.0505233	0.99753
8.03333	0.996987	0.0742998	-0.0222669	-0.0756383	0.994886	-0.0669425	0.0171792	0.068425	0.997508
8.06667	0.996951	0.0780304	0.00034032	-0.0777454	0.993663	-0.0811738	-0.00667219	0.0808998	0.9967
8.1	0.99649	0.0828975	0.0116165	-0.0816966	0.993377	-0.0807958	-0.0182373	0.0795632	0.996663
8.13333	0.996211	0.0860443	0.0126664	-0.0848538	0.993533	-0.0754435	-0.019076	0.0740828	0.99707
8.16667	0.996212	0.0867095	0.00652455	-0.0861071	0.994172	-0.0648689	-0.0121113	0.0640614	0.997872
8.2	0.996531	0.083081	-0.00490026	-0.0832229	0.99523	-0.0508942	0.000648549	0.0511255	0.998692
8.23333	0.99684	0.076259	-0.0222221	-0.077131	0.996159	-0.0414587	0.0189751	0.0430417	0.998893
8.26667	0.996575	0.0694868	-0.0448248	-0.0711871	0.996757	-0.0375209	0.0420722	0.0405834	0.99829
8.3	0.995373	0.0664639	-0.0693963	-0.0686349	0.997209	-0.0293796	0.0672499	0.0340067	0.997156
8.33333	0.993042	0.0686133	-0.095706	-0.0697688	0.997525	-0.00877603	0.0948669	0.0153923	0.995371
8.36667	0.989383	0.0769127	-0.123311	-0.0744773	0.996928	0.0242467	0.124797	-0.0148055	0.992072
8.4	0.984394	0.0903757	-0.150998	-0.0812733	0.994543	0.0654153	0.156086	-0.0521223	0.986367
8.43333	0.978846	0.103527	-0.176471	-0.0865287	0.99107	0.101459	0.185399	-0.0840431	0.979063
8.46667	0.973966	0.109903	-0.19827	-0.0868941	0.98881	0.121257	0.209378	-0.100872	0.972618
8.5	0.969846	0.111071	-0.216935	-0.0841468	0.987982	0.129655	0.228729	-0.107491	0.967537
8.53333	0.966622	0.109561	-0.2316	-0.0802477	0.987939	0.13243	0.243316	-0.109424	0.963755
8.56667	0.964271	0.106281	-0.242664	-0.0754798	0.988252	0.132896	0.253938	-0.109831	0.960965
8.6	0.963324	0.100053	-0.24899	-0.0697711	0.989366	0.127624	0.259111	-0.105571	0.960061
8.63333	0.9635	0.0935388	-0.250837	-0.0661854	0.991116	0.115366	0.2594	-0.0945537	0.96113
8.66667	0.965172	0.0889594	-0.246026	-0.0664149	0.992921	0.0984768	0.253044	-0.0787073	0.964248
8.7	0.96891	0.0858309	-0.232048	-0.0702445	0.994734	0.0746324	0.237231	-0.056012	0.969837
8.73333	0.974481	0.0851886	-0.207677	-0.0768358	0.995889	0.0479753	0.21091	-0.030794	0.97702
8.76667	0.98151	0.0809314	-0.173459	-0.0803751	0.996712	0.0102405	0.173718	0.00389065	0.984788
8.8	0.987063	0.0823545	-0.137567	-0.0866209	0.99592	-0.0253102	0.134921	0.0368989	0.990169
8.83333	0.991315	0.0842082	-0.10101	-0.0907126	0.993969	-0.0616217	0.0952121	0.0702494	0.992975
8.86667	0.994312	0.08386	-0.0656662	-0.0897488	0.991654	-0.0925624	0.0573559	0.0979294	0.993539
8.9	0.996546	0.072651	-0.0402144	-0.0767535	0.990718	-0.112194	0.0316901	0.114893	0.992872
8.93333	0.998701	0.045874	-0.0221815	-0.0486659	0.98773	-0.148393	0.0151019	0.149279	0.98868
8.96667	0.999851	0.0129335	-0.0114287	-0.0149565	0.979732	-0.199755	0.00861349	0.199896	0.979779
9	0.999802	-0.0172885	-0.00985426	0.0142903	0.968381	-0.249065	0.0138486	0.248875	0.968437
9.03333	0.999106	-0.0383703	-0.0177366	0.0321945	0.962617	-0.268947	0.0273932	0.268136	0.962992
9.06667	0.998502	-0.0421491	-0.0348796	0.03236	0.969068	-0.244665	0.0441131	0.24317	0.96898
9.1	0.997873	-0.0269666	-0.0593481	0.0156824	0.982993	-0.18297	0.0632728	0.18165	0.981325
9.13333	0.996289	-0.00609376	-0.0858605	-0.00385538	0.993331	-0.115236	0.0859901	0.115139	0.98962
9.16667	0.993941	0.0106712	-0.109394	-0.018578	0.997266	-0.0715164	0.108332	0.0731154	0.991422
9.2	0.991285	0.019143	-0.130338	-0.0269214	0.997943	-0.0581801	0.128956	0.0611819	0.989761
9.23333	0.988856	0.0230143	-0.147088	-0.0327281	0.997415	-0.0639651	0.145236	0.0680661	0.987053
9.26667	0.986654	0.0259513	-0.16075	-0.0388162	0.996243	-0.0774146	0.158137	0.0826211	0.983955
9.3	0.98464	0.0336174	-0.17133	-0.0487618	0.99519	-0.0849653	0.16765	0.0920146	0.981543
9.33333	0.982862	0.0449794	-0.178773	-0.0614433	0.994255	-0.0876493	0.173804	0.0971316	0.979978
9.36667	0.981579	0.0579097	-0.18207	-0.0751737	0.993156	-0.0893917	0.175647	0.101432	0.979214
9.4	0.981063	0.0707731	-0.180298	-0.0883654	0.991878	-0.0914802	0.172359	0.10568	0.979349
9.43333	0.981888	0.0800294	-0.171728	-0.098061	0.990222	-0.099215	0.162109	0.114258	0.980136
9.46667	0.984472	0.0829003	-0.154733	-0.100839	0.988587	-0.111926	0.143688	0.125791	0.981596
9.5	0.988736	0.0779889	-0.127747	-0.0947156	0.986903	-0.13058	0.11589	0.141208	0.983173
9.53333	0.992634	0.0745151	-0.0955263	-0.0880861	0.985238	-0.146788	0.0831782	0.154122	0.984545
9.56667	0.994862	0.0739606	-0.0691327	-0.0844976	0.982733	-0.164611	0.0557643	0.169606	0.983933
9.6	0.995405	0.0791883	-0.0538376	-0.0873479	0.98128	-0.171637	0.0392381	0.175551	0.983688
9.63333	0.994938	0.0861842	-0.051672	-0.0935889	0.981979	-0.164192	0.0365901	0.168196	0.985074
9.66667	0.993824	0.091695	-0.0624986	-0.0996263	0.985327	-0.138586	0.0488739	0.143957	0.988376
9.7	0.992815	0.0918506	-0.0766967	-0.10043	0.988073	-0.116732	0.06506	0.123596	0.990198
9.73333	0.991917	0.0862147	-0.0931048	-0.0958994	0.989825	-0.105114	0.0830952	0.113193	0.990092
9.76667	0.990747	0.0770348	-0.111738	-0.0883977	0.990994	-0.100581	0.102984	0.109528	0.988634
9.8	0.988748	0.0625486	-0.135885	-0.0770309	0.991582	-0.104074	0.128231	0.113371	0.985243
9.83333	0.985469	0.0503796	-0.16221	-0.0661407	0.993441	-0.0932777	0.156447	0.102651	0.982338
9.86667	0.980116	0.0484456	-0.192421	-0.0613401	0.996213	-0.0616267	0.188707	0.0722045	0.979375
9.9	0.972973	0.0570672	-0.223757	-0.061695	0.998	-0.0137404	0.222526	0.0271737	0.974548
9.93333	0.964846	0.071706	-0.252843	-0.0636282	0.997172	0.0399921	0.254996	-0.0224983	0.96668
9.96667	0.956559	0.0876896	-0.278038	-0.0646595	0.993753	0.0909631	0.284277	-0.0690338	0.956253
