0	0.0110242	-0.0319839	0.788389	0.999995	-0.000247574	0.00307081	0.000167084	0.999657	0.0261838	-0.00307624	-0.0261831	0.999652
0.0333333	0.171759	0.980819	-1.96382	0.236907	0.969536	-0.062253	-0.969643	0.239955	0.047062	0.0605663	0.0492138	0.99695
0.0666667	0.169357	0.982822	-1.96079	0.142881	0.989532	-0.0202599	-0.989677	0.143072	0.00830135	0.0111131	0.0188647	0.99976
0.1	0.168993	0.984421	-1.95886	0.0945894	0.995515	-0.00142989	-0.995504	0.0945954	0.00492083	0.00503402	0.000958005	0.999987
0.133333	0.16947	0.984999	-1.95795	0.0720816	0.997376	0.00673427	-0.997392	0.0720543	0.00420965	0.00371337	-0.00702015	0.999968
0.166667	0.170115	0.985205	-1.95738	0.0630769	0.997955	0.0103609	-0.998003	0.0630381	0.00402837	0.003367	-0.0105943	0.999938
0.2	0.170729	0.985291	-1.95696	0.0590267	0.998187	0.0117607	-0.998251	0.0589824	0.00408138	0.0033803	-0.011981	0.999923
0.233333	0.171314	0.985281	-1.95656	0.056911	0.9983	0.0125999	-0.998374	0.0568661	0.00389198	0.00316885	-0.012801	0.999913
0.266667	0.171812	0.985273	-1.95626	0.0558372	0.998352	0.0132427	-0.998435	0.0557921	0.00375352	0.0030085	-0.0134315	0.999905
0.3	0.172359	0.985233	-1.95606	0.0549674	0.998386	0.014305	-0.998484	0.0549183	0.00380493	0.00301318	-0.0144924	0.99989
0.333333	0.172848	0.985127	-1.95595	0.0542176	0.998417	0.014986	-0.998525	0.0541707	0.00351741	0.00270003	-0.0151546	0.999882
0.366667	0.17325	0.985024	-1.9559	0.0538659	0.998431	0.0153254	-0.998545	0.0538225	0.00323152	0.0024016	-0.0154772	0.999877
0.4	0.173672	0.984907	-1.95588	0.0535298	0.998449	0.0152946	-0.998565	0.0534979	0.00248661	0.00166452	-0.0154057	0.99988
0.433333	0.174157	0.984812	-1.95588	0.053247	0.998463	0.0153505	-0.99858	0.05322	0.00216286	0.00134258	-0.0154439	0.99988
0.466667	0.174809	0.984829	-1.95591	0.0534713	0.998435	0.0163806	-0.998569	0.0534464	0.00195193	0.00107339	-0.0164616	0.999864
0.5	0.17527	0.98484	-1.95594	0.0536814	0.998422	0.0164639	-0.998558	0.0536646	0.00145568	0.00056985	-0.0165183	0.999863
0.533333	0.175877	0.984798	-1.95597	0.053931	0.998403	0.0168386	-0.998545	0.0539255	0.00078208	-0.000127197	-0.0168562	0.999858
0.566667	0.176329	0.984741	-1.956	0.0539057	0.998401	0.0170299	-0.998546	0.0539083	0.000302243	-0.000616292	-0.0170214	0.999855
0.6	0.176983	0.984671	-1.95603	0.0541235	0.998373	0.0179458	-0.998534	0.054134	-9.85135e-05	-0.00106983	-0.0179141	0.999839
0.633333	0.177502	0.984666	-1.95604	0.0538018	0.998382	0.01841	-0.998551	0.0538191	-0.000445198	-0.00143529	-0.0183594	0.99983
0.666667	0.178028	0.98462	-1.956	0.0539379	0.998374	0.018417	-0.998542	0.0539636	-0.000901356	-0.00189374	-0.0183415	0.99983
0.7	0.178562	0.984583	-1.95593	0.0536169	0.998391	0.0184811	-0.99856	0.0536453	-0.00104405	-0.0020338	-0.0183985	0.999829
0.733333	0.179096	0.984508	-1.9559	0.0541719	0.998362	0.0183823	-0.998529	0.0542057	-0.0013458	-0.00234002	-0.0182823	0.99983
0.766667	0.179662	0.984479	-1.95577	0.0543618	0.998354	0.0182713	-0.998519	0.0543947	-0.00130853	-0.00230024	-0.0181731	0.999832
0.8	0.180325	0.984451	-1.95562	0.0542892	0.998363	0.0179846	-0.998523	0.0543186	-0.00115423	-0.00212923	-0.0178953	0.999838
0.833333	0.181052	0.984403	-1.95542	0.0542893	0.998369	0.0176425	-0.998523	0.0543172	-0.00110903	-0.00206551	-0.0175562	0.999844
0.866667	0.1817	0.984328	-1.95521	0.0540565	0.998391	0.0171436	-0.998535	0.0540886	-0.00141481	-0.00233981	-0.017042	0.999852
0.9	0.182393	0.984271	-1.95494	0.0536444	0.998419	0.0168142	-0.998556	0.053682	-0.00179002	-0.0026898	-0.0166939	0.999857
0.933333	0.183024	0.984248	-1.95465	0.053672	0.998436	0.0156199	-0.998555	0.0537071	-0.00183256	-0.00266859	-0.015499	0.999876
0.966667	0.18371	0.984202	-1.95432	0.0532834	0.998474	0.0145265	-0.998576	0.0533168	-0.00191894	-0.00269052	-0.0144035	0.999893
1	0.184168	0.984136	-1.95402	0.0530258	0.998513	0.012623	-0.998589	0.0530569	-0.00214343	-0.00280998	-0.0124915	0.999918
1.03333	0.184624	0.984102	-1.95363	0.052257	0.998568	0.0114243	-0.99863	0.0522848	-0.00215336	-0.00274759	-0.0112961	0.999932
1.06667	0.184936	0.984044	-1.95326	0.0518106	0.998609	0.00982009	-0.998653	0.0518355	-0.0022974	-0.00280323	-0.00968784	0.999949
1.1	0.185243	0.983972	-1.95285	0.0510237	0.998661	0.00856107	-0.998692	0.0510491	-0.0027749	-0.00320822	-0.00840829	0.99996
1.13333	0.185612	0.983893	-1.95246	0.050525	0.998693	0.00771859	-0.998716	0.050551	-0.00320971	-0.0035957	-0.00754651	0.999965
1.16667	0.186086	0.983808	-1.95193	0.0501239	0.998715	0.00753014	-0.998735	0.0501521	-0.00360962	-0.00398264	-0.00733969	0.999965
1.2	0.186426	0.983699	-1.95148	0.0501545	0.998718	0.00683676	-0.998731	0.0501839	-0.00419126	-0.00452898	-0.00661788	0.999968
1.23333	0.186807	0.983601	-1.95098	0.0497759	0.998738	0.00663603	-0.998748	0.0498078	-0.00472471	-0.00504927	-0.00639254	0.999967
1.26667	0.18717	0.983492	-1.95048	0.0497223	0.998746	0.00582879	-0.998749	0.0497514	-0.00495706	-0.00524083	-0.00557502	0.999971
1.3	0.187489	0.983373	-1.95	0.0496684	0.998754	0.00486725	-0.998749	0.0496956	-0.00563104	-0.0058659	-0.00458147	0.999972
1.33333	0.187814	0.983287	-1.94946	0.0494462	0.998769	0.00395184	-0.998756	0.0494705	-0.00632016	-0.00650788	-0.00363442	0.999972
1.36667	0.188086	0.983169	-1.94896	0.0491516	0.998786	0.00315355	-0.998766	0.0491725	-0.00694312	-0.00708976	-0.00280839	0.999971
1.4	0.188432	0.983053	-1.94848	0.0491752	0.998787	0.00257946	-0.998763	0.0491927	-0.00722949	-0.00734761	-0.00222076	0.999971
1.43333	0.188782	0.982894	-1.94797	0.0490032	0.998797	0.0018783	-0.998768	0.0490163	-0.00770963	-0.00779242	-0.00149819	0.999969
1.46667	0.189261	0.982732	-1.94743	0.0489963	0.998798	0.00135616	-0.998764	0.0490059	-0.00828729	-0.00834379	-0.000948441	0.999965
1.5	0.18981	0.982539	-1.94688	0.0487028	0.998813	0.000954632	-0.998771	0.0487095	-0.00912418	-0.00915985	-0.000509086	0.999958
1.53333	0.19059	0.982339	-1.94635	0.0482783	0.998833	0.00140126	-0.998784	0.0482898	-0.00995699	-0.010013	-0.000918849	0.999949
1.56667	0.19145	0.982145	-1.94563	0.0482685	0.998833	0.00181688	-0.998775	0.0482854	-0.0107831	-0.0108583	-0.00129417	0.99994
1.6	0.192352	0.981929	-1.94488	0.0481397	0.99884	0.00128942	-0.998771	0.0481516	-0.0117637	-0.0118121	-0.000721533	0.99993
1.63333	0.193362	0.981743	-1.94399	0.0479713	0.998848	0.000967445	-0.998772	0.0479796	-0.0123379	-0.0123701	-0.000374393	0.999923
1.66667	0.194396	0.981549	-1.94293	0.0480692	0.998844	-9.46762e-05	-0.998762	0.048064	-0.0128063	-0.0127869	0.000710148	0.999918
1.7	0.195709	0.981273	-1.94169	0.0484631	0.998824	-0.00105401	-0.998731	0.0484441	-0.0137618	-0.0136945	0.00171961	0.999905
1.73333	0.197238	0.98098	-1.94027	0.0483811	0.998828	-0.00145635	-0.99872	0.0483542	-0.0148675	-0.0147796	0.00217379	0.999888
1.76667	0.198934	0.980673	-1.93865	0.0483976	0.998827	-0.00147934	-0.998705	0.0483683	-0.0157666	-0.0156766	0.00224049	0.999875
1.8	0.200771	0.98032	-1.93686	0.048737	0.998811	-0.00127935	-0.998678	0.0487095	-0.0164292	-0.0163473	0.00207837	0.999864
1.83333	0.202899	0.979956	-1.93474	0.048157	0.998839	-0.00102112	-0.998685	0.0481315	-0.0176282	-0.0175586	0.0018687	0.999844
1.86667	0.2052	0.979527	-1.93244	0.048008	0.998847	-0.00091077	-0.998658	0.0479812	-0.0195106	-0.0194444	0.00184621	0.999809
1.9	0.207736	0.979038	-1.92992	0.0481667	0.998839	0.000147218	-0.998606	0.0481586	-0.0216159	-0.0215979	0.000894155	0.999766
1.93333	0.210426	0.978529	-1.92704	0.0478675	0.998853	0.00125799	-0.998568	0.0478839	-0.0238619	-0.0238948	-0.000113979	0.999714
1.96667	0.213346	0.977976	-1.92387	0.0462137	0.998928	0.00280363	-0.998591	0.0462711	-0.0259908	-0.0260927	-0.00159855	0.999658
2	0.216314	0.977428	-1.92035	0.0442307	0.999014	0.00382918	-0.998617	0.0443215	-0.028262	-0.0284038	-0.00257384	0.999593
2.03333	0.219309	0.976849	-1.91653	0.0420157	0.999108	0.00434275	-0.998651	0.0421284	-0.0303424	-0.0304983	-0.00306203	0.99953
2.06667	0.222226	0.976276	-1.91243	0.0389307	0.999231	0.00469902	-0.99872	0.0390619	-0.0321331	-0.0322919	-0.00344204	0.999473
2.1	0.225332	0.975872	-1.90772	0.0356142	0.999346	0.00626662	-0.998849	0.0357966	-0.0319221	-0.0321255	-0.00512253	0.999471
2.13333	0.22838	0.975494	-1.90301	0.0302338	0.999482	0.0109953	-0.999073	0.0305549	-0.0303139	-0.0306341	-0.0100686	0.99948
2.16667	0.231585	0.975237	-1.89776	0.0215157	0.999598	0.0184699	-0.999384	0.0220163	-0.0273426	-0.0277382	-0.0178702	0.999455
2.2	0.234735	0.97501	-1.89233	0.00893828	0.99954	0.0289672	-0.999658	0.00964406	-0.024317	-0.0245852	-0.02874	0.999285
2.23333	0.237565	0.974855	-1.8866	-0.00512668	0.999233	0.0388142	-0.999764	-0.00430159	-0.0213111	-0.0211278	-0.0389143	0.999019
2.26667	0.239986	0.974694	-1.88112	-0.0193701	0.998726	0.0465935	-0.999662	-0.018539	-0.0182045	-0.0173175	-0.0469304	0.998748
2.3	0.241029	0.974443	-1.87614	-0.0316337	0.998356	0.0477881	-0.999376	-0.0308426	-0.0172018	-0.0156997	-0.0483024	0.998709
2.33333	0.240913	0.974282	-1.87102	-0.0413561	0.998094	0.0458052	-0.999007	-0.0405477	-0.0184405	-0.016548	-0.0465224	0.99878
2.36667	0.240236	0.974174	-1.86524	-0.0504344	0.997733	0.0445467	-0.998553	-0.0495429	-0.0208959	-0.0186416	-0.0455361	0.998789
2.4	0.239111	0.974267	-1.85876	-0.0599044	0.997224	0.0442294	-0.997984	-0.0589014	-0.0236432	-0.0209724	-0.0455565	0.998742
2.43333	0.23785	0.974308	-1.85175	-0.0690154	0.99661	0.0447749	-0.997343	-0.0678782	-0.0264416	-0.0233127	-0.0464808	0.998647
2.46667	0.236485	0.974277	-1.84405	-0.0774731	0.995981	0.0449371	-0.996669	-0.076217	-0.0290251	-0.0254834	-0.047036	0.998568
2.5	0.235018	0.97411	-1.8357	-0.0851001	0.995378	0.0444987	-0.995967	-0.0837063	-0.0323039	-0.0284298	-0.0470683	0.998487
2.53333	0.233485	0.973703	-1.82632	-0.0904733	0.994886	0.0448942	-0.995382	-0.0888825	-0.0362516	-0.0320759	-0.0479667	0.998334
2.56667	0.232287	0.973007	-1.81558	-0.0937309	0.994399	0.0488298	-0.994982	-0.0918357	-0.0397143	-0.0350076	-0.0523073	0.998017
2.6	0.23129	0.971868	-1.80334	-0.0935986	0.994088	0.0550349	-0.994907	-0.0913131	-0.0426762	-0.0373985	-0.0587491	0.997572
2.63333	0.230399	0.97029	-1.78934	-0.0923648	0.993806	0.0617943	-0.9949	-0.0895846	-0.0463482	-0.0405253	-0.0657601	0.997012
2.66667	0.229694	0.96837	-1.77252	-0.0920059	0.992901	0.0753836	-0.994866	-0.088456	-0.0491553	-0.0421382	-0.0795192	0.995942
2.7	0.229059	0.966152	-1.75305	-0.0912174	0.991402	0.093811	-0.994968	-0.0868125	-0.0500189	-0.0414449	-0.0979016	0.994333
2.73333	0.228438	0.963656	-1.73175	-0.0898335	0.989157	0.11618	-0.99509	-0.0842779	-0.0518878	-0.0415339	-0.120271	0.991872
2.76667	0.227732	0.962855	-1.7097	-0.103181	0.985638	0.133682	-0.993824	-0.0966429	-0.0545276	-0.0408251	-0.138483	0.989523
2.8	0.227257	0.964947	-1.68708	-0.12631	0.98042	0.151074	-0.991211	-0.118699	-0.0584138	-0.0393376	-0.157125	0.986795
2.83333	0.226511	0.968141	-1.66583	-0.132426	0.976972	0.167302	-0.990485	-0.124055	-0.059576	-0.0374493	-0.1736	0.984104
2.86667	0.225372	0.970507	-1.64537	-0.128197	0.973584	0.188943	-0.991095	-0.118849	-0.060049	-0.0360071	-0.194958	0.98015
2.9	0.22423	0.971423	-1.62532	-0.128811	0.968509	0.213069	-0.991	-0.117828	-0.0635209	-0.0364151	-0.219334	0.97497
2.93333	0.222827	0.970939	-1.60663	-0.129929	0.964034	0.231854	-0.990751	-0.117003	-0.0687161	-0.0391171	-0.238638	0.97032
2.96667	0.221535	0.969941	-1.58903	-0.129552	0.960558	0.246059	-0.990832	-0.115813	-0.0695715	-0.0383307	-0.252816	0.966755
3	0.220476	0.968923	-1.5726	-0.120785	0.958728	0.257393	-0.992134	-0.107999	-0.0633001	-0.0328895	-0.263014	0.964231
3.03333	0.219702	0.968355	-1.55709	-0.104753	0.959554	0.261308	-0.994125	-0.0938316	-0.0539636	-0.027262	-0.265426	0.963746
3.06667	0.218969	0.968402	-1.54215	-0.0827278	0.962719	0.257544	-0.996253	-0.0733536	-0.0458131	-0.0252134	-0.260369	0.96518
3.1	0.218364	0.969007	-1.52774	-0.0554397	0.967201	0.24789	-0.998147	-0.047454	-0.0380791	-0.0250668	-0.249541	0.96804
3.13333	0.217889	0.969829	-1.51322	-0.0271386	0.971652	0.234854	-0.999344	-0.0207358	-0.0296899	-0.0239783	-0.235505	0.971577
3.16667	0.217483	0.970434	-1.49885	-0.00108363	0.975227	0.221204	-0.999749	0.00388881	-0.0220422	-0.0223564	-0.221173	0.974978
3.2	0.217291	0.970674	-1.48465	0.0201082	0.977704	0.209022	-0.999577	0.0240508	-0.0163375	-0.0210004	-0.208605	0.977774
3.23333	0.217386	0.970577	-1.47062	0.0387618	0.979398	0.198183	-0.999052	0.0419202	-0.0117644	-0.0198299	-0.197539	0.980094
3.26667	0.217647	0.970156	-1.45692	0.0557286	0.980796	0.186907	-0.998276	0.0581928	-0.00771906	-0.0184474	-0.186154	0.982347
3.3	0.218256	0.969606	-1.44338	0.0717605	0.981769	0.176013	-0.997276	0.073639	-0.0041556	-0.0170413	-0.175235	0.984379
3.33333	0.219185	0.968996	-1.43005	0.0873583	0.982395	0.165135	-0.996043	0.0888529	-0.00167116	-0.0163144	-0.164335	0.98627
3.36667	0.220353	0.968226	-1.41709	0.102086	0.982926	0.153084	-0.994653	0.103272	0.000204641	-0.0156082	-0.152286	0.988213
3.4	0.221953	0.96724	-1.40422	0.115183	0.983255	0.141216	-0.993225	0.116206	0.00101139	-0.0154157	-0.140376	0.989978
3.43333	0.223819	0.966175	-1.39106	0.126122	0.983361	0.130743	-0.991907	0.126952	0.00200157	-0.0146298	-0.129937	0.991414
3.46667	0.226132	0.965049	-1.37745	0.137292	0.983111	0.121008	-0.990435	0.137945	0.00300325	-0.01374	-0.120263	0.992647
3.5	0.228898	0.963723	-1.36328	0.147278	0.982933	0.110238	-0.989001	0.147884	0.00270514	-0.0136435	-0.109424	0.993902
3.53333	0.231805	0.962195	-1.34831	0.154118	0.983247	0.0973347	-0.987955	0.154736	0.00120734	-0.0138741	-0.0963484	0.995251
3.56667	0.234527	0.960561	-1.33176	0.156238	0.984325	0.0818112	-0.987624	0.156836	-0.000892197	-0.0137091	-0.0806593	0.996647
3.6	0.237145	0.9587	-1.31362	0.154049	0.986108	0.0621257	-0.987965	0.154616	-0.00440177	-0.0139462	-0.0606999	0.998059
3.63333	0.239617	0.956555	-1.29344	0.148852	0.988176	0.0367576	-0.988747	0.149292	-0.00951318	-0.0148883	-0.0349279	0.999279
3.66667	0.242075	0.954351	-1.27136	0.144829	0.989431	0.00713326	-0.98935	0.144915	-0.0136134	-0.0145032	-0.00508568	0.999882
3.7	0.244533	0.953946	-1.24852	0.154461	0.987795	-0.0200785	-0.987939	0.154196	-0.0141386	-0.01087	0.0220201	0.999698
3.73333	0.246895	0.955705	-1.22555	0.169231	0.984543	-0.0451128	-0.985558	0.168769	-0.0138834	-0.00605517	0.0468108	0.998885
3.76667	0.249534	0.959447	-1.20346	0.181107	0.981333	-0.064696	-0.983455	0.180435	-0.0161318	-0.00415726	0.0665471	0.997775
3.8	0.252915	0.96309	-1.18311	0.181784	0.979651	-0.0850818	-0.983337	0.180941	-0.0175869	-0.00183429	0.086861	0.996219
3.83333	0.256808	0.965118	-1.16381	0.18414	0.976884	-0.108584	-0.982898	0.183241	-0.0182829	0.00203679	0.110094	0.993919
3.86667	0.261282	0.965239	-1.145	0.191651	0.972795	-0.130154	-0.981438	0.190907	-0.0182802	0.00706439	0.131241	0.991325
3.9	0.265849	0.964015	-1.12666	0.199687	0.968544	-0.148487	-0.979789	0.199188	-0.0183796	0.0117754	0.149156	0.988744
3.93333	0.270533	0.962435	-1.10966	0.205002	0.964974	-0.163702	-0.978669	0.204395	-0.0207279	0.013458	0.164459	0.986292
3.96667	0.275125	0.961485	-1.09453	0.200949	0.963605	-0.176308	-0.979526	0.199886	-0.0239596	0.0121538	0.177513	0.984043
4	0.279618	0.961397	-1.0812	0.191327	0.963701	-0.186209	-0.981485	0.189583	-0.0272982	0.00899478	0.187985	0.982131
4.03333	0.283566	0.961865	-1.06857	0.17452	0.966331	-0.189068	-0.984648	0.171936	-0.0301125	0.00340899	0.19142	0.981502
4.06667	0.287448	0.962466	-1.05596	0.158544	0.968732	-0.190848	-0.987351	0.155362	-0.0316173	-0.000978177	0.193447	0.98111
4.1	0.291236	0.962917	-1.04328	0.143115	0.971484	-0.189044	-0.9897	0.139782	-0.0309146	-0.003608	0.191521	0.981482
4.13333	0.294779	0.963098	-1.03037	0.128696	0.973954	-0.186687	-0.991673	0.125507	-0.0288515	-0.00466949	0.188845	0.981996
4.16667	0.298486	0.963013	-1.0179	0.114564	0.976909	-0.180344	-0.993402	0.111715	-0.0259134	-0.00516795	0.182123	0.983262
4.2	0.30178	0.962974	-1.00583	0.0987779	0.980002	-0.17274	-0.995091	0.0962174	-0.0231545	-0.00607082	0.174179	0.984695
4.23333	0.304933	0.962973	-0.994279	0.0822193	0.983257	-0.162622	-0.996584	0.0798404	-0.0211215	-0.00778408	0.163803	0.986462
4.26667	0.308013	0.96292	-0.983242	0.0679293	0.986047	-0.151977	-0.997646	0.0656943	-0.0196857	-0.00942708	0.152956	0.988188
4.3	0.311252	0.962764	-0.97245	0.053737	0.988804	-0.139206	-0.998498	0.0517194	-0.018073	-0.0106711	0.139968	0.990099
4.33333	0.314284	0.962611	-0.961411	0.0377966	0.991733	-0.122625	-0.999216	0.0360607	-0.0163451	-0.011788	0.123147	0.992318
4.36667	0.317323	0.962419	-0.95062	0.0220195	0.99445	-0.102876	-0.999671	0.0205431	-0.0153896	-0.0131908	0.103181	0.994575
4.4	0.320335	0.962114	-0.940199	0.00744556	0.996638	-0.081596	-0.99987	0.00625565	-0.0148289	-0.0142686	0.0816958	0.996555
4.43333	0.323268	0.961646	-0.93017	-0.00578921	0.998167	-0.0602349	-0.999872	-0.00667632	-0.0145366	-0.0149121	0.0601431	0.998078
4.46667	0.325859	0.961031	-0.920417	-0.0184607	0.999022	-0.0401875	-0.9997	-0.0190913	-0.0153641	-0.0161163	0.0398918	0.999074
4.5	0.328716	0.960207	-0.911058	-0.0283723	0.999435	-0.0180367	-0.999423	-0.0286996	-0.0181551	-0.0186624	0.0175112	0.999672
4.53333	0.331312	0.959358	-0.901583	-0.0371642	0.999299	0.00446692	-0.999082	-0.0370602	-0.0214696	-0.0212891	-0.00526072	0.99976
4.56667	0.333531	0.958542	-0.892133	-0.0445133	0.998706	0.0245898	-0.998725	-0.0439011	-0.0249012	-0.0237895	-0.0256669	0.999387
4.6	0.335851	0.957671	-0.882397	-0.0501137	0.99775	0.0445442	-0.998367	-0.04882	-0.0296716	-0.0274302	-0.0459584	0.998567
4.63333	0.338083	0.956655	-0.872425	-0.0528399	0.996726	0.0611913	-0.998102	-0.0507727	-0.0348587	-0.0316377	-0.0629171	0.997517
4.66667	0.340486	0.95547	-0.861964	-0.0524227	0.995615	0.0774807	-0.997958	-0.0493952	-0.0404884	-0.0364837	-0.079445	0.996171
4.7	0.343178	0.954024	-0.850804	-0.0475297	0.994377	0.0946318	-0.998022	-0.0433725	-0.0455137	-0.0411534	-0.0966078	0.994471
4.73333	0.346476	0.952568	-0.83829	-0.0398254	0.99234	0.116942	-0.998203	-0.0342684	-0.0491519	-0.044768	-0.11869	0.991922
4.76667	0.351037	0.95107	-0.823896	-0.0348971	0.988072	0.149986	-0.998231	-0.0272343	-0.0528446	-0.0481295	-0.151565	0.987275
4.8	0.356748	0.949344	-0.807361	-0.0301782	0.981522	0.188956	-0.998225	-0.0198844	-0.0561382	-0.0513436	-0.190315	0.98038
4.83333	0.363579	0.947262	-0.788833	-0.0225362	0.972828	0.230431	-0.998305	-0.00952539	-0.0574204	-0.0536652	-0.231334	0.971393
4.86667	0.370798	0.945163	-0.768924	-0.0196145	0.963174	0.268164	-0.998308	-0.004181	-0.0580028	-0.0547456	-0.268848	0.961626
4.9	0.378276	0.945393	-0.748362	-0.0410083	0.954031	0.296889	-0.997751	-0.0233341	-0.0628336	-0.0530176	-0.298798	0.952843
4.93333	0.385871	0.948121	-0.727777	-0.0636457	0.947078	0.31463	-0.996514	-0.0432742	-0.0713211	-0.0539313	-0.318072	0.946531
4.96667	0.391989	0.95148	-0.708492	-0.0655947	0.941051	0.331845	-0.996297	-0.0432422	-0.074308	-0.0555779	-0.33549	0.940403
5	0.397151	0.95385	-0.689756	-0.0614123	0.93101	0.35979	-0.996629	-0.0375542	-0.0729367	-0.0543931	-0.363057	0.930178
5.03333	0.401433	0.954532	-0.671212	-0.0636397	0.91891	0.3893	-0.99667	-0.0385917	-0.0718354	-0.0509865	-0.392575	0.918305
5.06667	0.404897	0.95377	-0.653063	-0.0679989	0.906751	0.416148	-0.996614	-0.0424066	-0.070447	-0.0462305	-0.419529	0.906564
5.1	0.407317	0.952575	-0.635518	-0.0654876	0.897697	0.435719	-0.997101	-0.0419114	-0.0635131	-0.0387539	-0.438615	0.897839
5.13333	0.408434	0.952007	-0.618658	-0.0516704	0.896431	0.44016	-0.998106	-0.0316187	-0.052773	-0.03339	-0.442053	0.896367
5.16667	0.408105	0.952418	-0.602746	-0.0317814	0.904466	0.425359	-0.998978	-0.0150647	-0.0426073	-0.032129	-0.426279	0.904021
5.2	0.406735	0.953498	-0.58788	-0.00970298	0.916828	0.399164	-0.999449	0.00378339	-0.0329848	-0.0317516	-0.399264	0.916286
5.23333	0.404802	0.954762	-0.573412	0.01299	0.929049	0.369729	-0.999434	0.0235363	-0.0240277	-0.031025	-0.369207	0.928829
5.26667	0.40259	0.955831	-0.559405	0.0321166	0.939263	0.341693	-0.999077	0.0399244	-0.0158403	-0.0285201	-0.340869	0.939678
5.3	0.399795	0.956354	-0.546029	0.0483343	0.948857	0.311984	-0.998528	0.0535975	-0.00831213	-0.0246086	-0.311123	0.950051
5.33333	0.397049	0.956576	-0.533196	0.0624243	0.958025	0.279805	-0.997863	0.0653375	-0.00108676	-0.0193229	-0.27914	0.960056
5.36667	0.394463	0.956797	-0.52045	0.0762844	0.966682	0.244348	-0.997001	0.0771613	0.00599596	-0.013058	-0.244072	0.969669
5.4	0.391961	0.956965	-0.508129	0.0917307	0.973649	0.208789	-0.995762	0.0910705	0.0127939	-0.0065578	-0.209078	0.977877
5.43333	0.389594	0.957024	-0.496272	0.107496	0.97881	0.174285	-0.994205	0.105702	0.0195734	0.000736351	-0.175379	0.984501
5.46667	0.387346	0.956907	-0.484542	0.121554	0.98212	0.143751	-0.99255	0.119053	0.0259124	0.00833512	-0.14583	0.989275
5.5	0.38556	0.956672	-0.472602	0.134144	0.983997	0.11728	-0.990846	0.131372	0.031086	0.0151812	-0.120376	0.992612
5.53333	0.383971	0.956247	-0.460458	0.144639	0.985065	0.093412	-0.989246	0.141887	0.0354951	0.021711	-0.0975414	0.994995
5.56667	0.382661	0.955527	-0.448198	0.152557	0.985781	0.0704379	-0.987924	0.15016	0.0381938	0.0270738	-0.075414	0.996785
5.6	0.381762	0.954453	-0.435782	0.158815	0.986077	0.0492922	-0.986816	0.156961	0.0394741	0.0311876	-0.0549114	0.998004
5.63333	0.381189	0.952897	-0.423112	0.163446	0.986138	0.0285731	-0.985973	0.162289	0.0389854	0.0338079	-0.0345443	0.998831
5.66667	0.380324	0.950987	-0.41012	0.165059	0.98625	0.00811487	-0.985644	0.16465	0.0373582	0.0355085	-0.0141647	0.999269
5.7	0.379437	0.948948	-0.396504	0.164387	0.986299	-0.0138499	-0.985693	0.164783	0.0354242	0.0372211	0.0078285	0.999276
5.73333	0.377893	0.947021	-0.382165	0.160427	0.986199	-0.0409183	-0.986279	0.1618	0.03279	0.038958	0.0350964	0.998624
5.76667	0.375486	0.945457	-0.366809	0.155704	0.985002	-0.0743501	-0.986999	0.158174	0.0285308	0.0398631	0.0689411	0.996824
5.8	0.372727	0.944307	-0.350113	0.149823	0.98295	-0.106597	-0.987957	0.153052	0.0227395	0.0386666	0.101906	0.994042
5.83333	0.369909	0.943619	-0.331989	0.143911	0.980034	-0.137199	-0.98887	0.147707	0.0178471	0.037756	0.133104	0.990383
5.86667	0.367243	0.944318	-0.313086	0.147661	0.97571	-0.161824	-0.988247	0.152096	0.015302	0.0395431	0.157663	0.986701
5.9	0.364966	0.946394	-0.29316	0.158642	0.970494	-0.18159	-0.986428	0.163678	0.0129968	0.0423357	0.177064	0.983288
5.93333	0.363675	0.949692	-0.272775	0.172325	0.965572	-0.19487	-0.983989	0.177874	0.01121	0.0454865	0.189819	0.980765
5.96667	0.363564	0.953072	-0.252359	0.176086	0.962375	-0.206949	-0.983155	0.182399	0.0116761	0.0489842	0.201407	0.978282
6	0.36409	0.956017	-0.23199	0.176864	0.95932	-0.220053	-0.982774	0.18431	0.0136089	0.0536134	0.213856	0.975393
6.03333	0.365263	0.958177	-0.211636	0.180558	0.956569	-0.228856	-0.981929	0.188724	0.014125	0.0567022	0.22217	0.973358
6.06667	0.367151	0.95932	-0.192061	0.187759	0.953743	-0.234778	-0.980421	0.196424	0.0138635	0.0593381	0.227578	0.97195
6.1	0.369619	0.959527	-0.173773	0.193184	0.951236	-0.240478	-0.97925	0.202222	0.0132457	0.0612298	0.232929	0.970564
6.13333	0.372054	0.959451	-0.157207	0.189957	0.950458	-0.246063	-0.979723	0.199769	0.0153093	0.0637066	0.238165	0.969133
6.16667	0.374062	0.959608	-0.142142	0.17451	0.953182	-0.246961	-0.982684	0.184456	0.0175399	0.0622721	0.239624	0.968867
6.2	0.375855	0.960232	-0.127705	0.154303	0.95884	-0.23836	-0.986507	0.162877	0.0165821	0.0547231	0.232586	0.971035
6.23333	0.377516	0.961181	-0.113524	0.13304	0.966115	-0.221184	-0.990009	0.14006	0.0162923	0.0467193	0.216806	0.975096
6.26667	0.37868	0.962052	-0.0995062	0.112508	0.972458	-0.204126	-0.992765	0.118684	0.0182299	0.0419542	0.200598	0.978775
6.3	0.379483	0.962512	-0.0855808	0.0944899	0.977501	-0.188585	-0.994781	0.100038	0.0201013	0.0385148	0.185702	0.981851
6.33333	0.379695	0.962652	-0.0715078	0.077995	0.981067	-0.177268	-0.996309	0.0830968	0.0215293	0.0358521	0.174934	0.983927
6.36667	0.379612	0.962662	-0.0576857	0.062332	0.983997	-0.166925	-0.997497	0.0670124	0.0225493	0.0333745	0.165102	0.985712
6.4	0.379042	0.962692	-0.043902	0.0461729	0.986527	-0.156945	-0.998444	0.0504956	0.0236661	0.0312723	0.155608	0.987324
6.43333	0.378134	0.96278	-0.0304565	0.0298859	0.988853	-0.145862	-0.999101	0.0339414	0.0253941	0.0300618	0.144972	0.988979
6.46667	0.376905	0.962822	-0.0174418	0.0133909	0.990789	-0.134748	-0.999485	0.0171933	0.0270946	0.0291618	0.134316	0.990509
6.5	0.375404	0.962737	-0.00484709	-0.00378209	0.992045	-0.125826	-0.999602	-0.000231624	0.0282201	0.0279665	0.125882	0.991651
6.53333	0.373544	0.962515	0.00747697	-0.0211002	0.992649	-0.119178	-0.999418	-0.0177467	0.0291304	0.0268013	0.119723	0.992446
6.56667	0.371292	0.962119	0.0197725	-0.0375412	0.992775	-0.113968	-0.999005	-0.0345361	0.0282295	0.0240895	0.114914	0.993083
6.6	0.368613	0.961518	0.0319093	-0.0516433	0.992602	-0.109885	-0.998461	-0.0490923	0.0257973	0.0202119	0.111048	0.993609
6.63333	0.365577	0.960704	0.0439717	-0.0633477	0.992202	-0.107339	-0.997863	-0.0612467	0.0227624	0.0160107	0.108552	0.993962
6.66667	0.362171	0.959686	0.0563217	-0.0729008	0.991759	-0.105352	-0.99726	-0.0711584	0.0202091	0.0125459	0.106537	0.99423
6.7	0.358449	0.958357	0.0691731	-0.078747	0.991546	-0.103129	-0.996849	-0.0773294	0.017679	0.00955461	0.104196	0.994511
6.73333	0.354414	0.956799	0.0828917	-0.08024	0.991789	-0.0995766	-0.996756	-0.0792085	0.0142758	0.00627125	0.100399	0.994927
6.76667	0.350307	0.955163	0.0980529	-0.0802815	0.992711	-0.0898823	-0.996767	-0.079656	0.0105305	0.00329406	0.090437	0.995897
6.8	0.3464	0.953576	0.114964	-0.077591	0.994197	-0.0745126	-0.996983	-0.077221	0.00783842	0.002039	0.074896	0.997189
6.83333	0.342384	0.951885	0.133515	-0.0721647	0.99589	-0.0547376	-0.997392	-0.0719817	0.00530938	0.00134745	0.054978	0.998487
6.86667	0.338394	0.949936	0.153662	-0.0643558	0.997406	-0.0322408	-0.997927	-0.0643096	0.00246951	0.000389713	0.0323329	0.999477
6.9	0.333943	0.948369	0.17509	-0.0655262	0.997768	-0.0128762	-0.997849	-0.0655469	-0.00119003	-0.00203137	0.0127706	0.999916
6.93333	0.32945	0.948441	0.197321	-0.0808988	0.99672	0.00208306	-0.996669	-0.0808727	-0.0105051	-0.0103022	-0.00292597	0.999943
6.96667	0.325163	0.950309	0.219338	-0.0990707	0.99497	0.0148142	-0.994911	-0.0987682	-0.01992	-0.0183567	-0.0167123	0.999692
7	0.320349	0.952535	0.24021	-0.105319	0.99397	0.0305279	-0.994225	-0.10461	-0.0239607	-0.0206227	-0.0328752	0.999247
7.03333	0.315076	0.954183	0.260646	-0.10806	0.992912	0.0494924	-0.993952	-0.106926	-0.0250282	-0.0195588	-0.0518976	0.998461
7.06667	0.309741	0.954739	0.280949	-0.111008	0.991664	0.0654249	-0.993529	-0.109143	-0.0314424	-0.0240397	-0.0684919	0.997362
7.1	0.304441	0.954008	0.300748	-0.113129	0.99039	0.0795582	-0.993006	-0.109979	-0.0429338	-0.0337715	-0.0838588	0.995905
7.13333	0.299852	0.952263	0.319969	-0.115674	0.988491	0.0974928	-0.992437	-0.110956	-0.0525116	-0.0410899	-0.10283	0.99385
7.16667	0.296116	0.95012	0.338553	-0.114228	0.987077	0.112389	-0.992589	-0.108674	-0.0543784	-0.0414619	-0.117767	0.992175
7.2	0.293006	0.948265	0.356169	-0.10468	0.987112	0.121044	-0.993753	-0.099089	-0.0513378	-0.038682	-0.125662	0.991319
7.23333	0.290251	0.947376	0.372697	-0.088148	0.988464	0.123164	-0.995516	-0.0831605	-0.0450752	-0.0343128	-0.126585	0.991362
7.26667	0.287675	0.947533	0.388587	-0.0673936	0.990607	0.118975	-0.997335	-0.0635453	-0.0358529	-0.0279559	-0.121074	0.99225
7.3	0.285165	0.948287	0.404028	-0.0432815	0.992538	0.113998	-0.998834	-0.0405487	-0.0261841	-0.0213663	-0.114998	0.993136
7.33333	0.282614	0.94901	0.41941	-0.0168904	0.993952	0.10851	-0.999733	-0.0150797	-0.0174855	-0.0157434	-0.108776	0.993942
7.36667	0.280099	0.949353	0.434606	0.00736824	0.994814	0.101444	-0.99992	0.00836819	-0.00943516	-0.0102351	-0.101366	0.994797
7.4	0.277665	0.949067	0.449111	0.0288807	0.995698	0.088047	-0.999561	0.0293455	-0.00398837	-0.00655499	-0.0878932	0.996108
7.43333	0.275691	0.948555	0.463319	0.0481603	0.996023	0.0749582	-0.998837	0.0482057	0.00120477	-0.00241343	-0.0749291	0.997186
7.46667	0.274152	0.947893	0.477113	0.0658594	0.995835	0.0630569	-0.997825	0.0655469	0.00701499	0.00285259	-0.0633817	0.997985
7.5	0.27306	0.947157	0.490693	0.0822195	0.995189	0.0532876	-0.996589	0.081717	0.0115432	0.0071332	-0.0540549	0.998512
7.53333	0.272344	0.946394	0.504068	0.0986387	0.994101	0.0451055	-0.995078	0.0981003	0.014004	0.00949652	-0.0462649	0.998884
7.56667	0.271771	0.945544	0.517058	0.114111	0.992816	0.0359839	-0.993415	0.113657	0.0144461	0.0102525	-0.0373954	0.999248
7.6	0.271373	0.944771	0.529876	0.126251	0.991661	0.0258722	-0.99194	0.125918	0.0141508	0.0107751	-0.0274502	0.999565
7.63333	0.271428	0.944176	0.542886	0.136871	0.990443	0.0170037	-0.990539	0.136673	0.0123319	0.00989014	-0.0185308	0.999779
7.66667	0.271968	0.943668	0.556401	0.14826	0.988923	0.00715773	-0.988911	0.148187	0.00977888	0.00860988	-0.00852817	0.999927
7.7	0.273	0.942937	0.570488	0.157782	0.987473	-0.0016725	-0.987449	0.15779	0.00685674	0.00703475	0.000569639	0.999975
7.73333	0.274363	0.941805	0.585576	0.164419	0.986338	-0.0102233	-0.986379	0.164458	0.00310854	0.00474736	0.00957291	0.999943
7.76667	0.275887	0.940153	0.602191	0.168526	0.985502	-0.0195918	-0.985696	0.168527	-0.00162306	0.00170222	0.0195851	0.999807
7.8	0.277626	0.938098	0.62046	0.171429	0.984724	-0.030514	-0.985193	0.171264	-0.00794829	-0.00260091	0.0314248	0.999503
7.83333	0.279161	0.93573	0.640831	0.170643	0.984123	-0.0488173	-0.985311	0.1701	-0.0150909	-0.00654744	0.0506754	0.998694
7.86667	0.279968	0.933039	0.663111	0.165121	0.983085	-0.0792379	-0.986242	0.163938	-0.02125	-0.00790044	0.0816566	0.996629
7.9	0.280843	0.930893	0.687182	0.169719	0.979144	-0.111682	-0.985489	0.168311	-0.0219817	-0.00272604	0.113792	0.993501
7.93333	0.281168	0.930856	0.71261	0.189131	0.972846	-0.133418	-0.98195	0.187614	-0.0239622	0.00171965	0.135542	0.99077
7.96667	0.281217	0.934266	0.737801	0.218035	0.96502	-0.14559	-0.975922	0.216512	-0.0264208	0.00602538	0.147845	0.988992
8	0.281852	0.939145	0.761377	0.221044	0.96172	-0.161968	-0.975201	0.219843	-0.0255295	0.0110552	0.163594	0.986466
8.03333	0.28299	0.943387	0.783663	0.215362	0.958547	-0.186567	-0.976302	0.215508	-0.019746	0.0212793	0.186399	0.982244
8.06667	0.28482	0.94561	0.805507	0.215931	0.953582	-0.209892	-0.975898	0.217723	-0.0148187	0.0315673	0.208033	0.977612
8.1	0.287231	0.945682	0.826835	0.221181	0.948058	-0.228614	-0.974472	0.224106	-0.0134233	0.0385077	0.225747	0.973425
8.13333	0.289728	0.944352	0.846722	0.222131	0.942895	-0.248209	-0.974082	0.225755	-0.0141439	0.0426981	0.244917	0.968603
8.16667	0.2915	0.942872	0.864443	0.213458	0.939051	-0.26948	-0.975937	0.217538	-0.0150007	0.0445358	0.266198	0.962889
8.2	0.292167	0.942382	0.880577	0.194392	0.938533	-0.285251	-0.979952	0.19875	-0.0138871	0.0436601	0.282231	0.958352
8.23333	0.292229	0.942875	0.895841	0.169755	0.941693	-0.290512	-0.984636	0.174317	-0.0103071	0.040935	0.287798	0.956816
8.26667	0.292694	0.943792	0.91126	0.143819	0.947904	-0.284242	-0.988926	0.148291	-0.0058443	0.0366108	0.281935	0.958735
8.3	0.29343	0.9446	0.927084	0.115981	0.955599	-0.270886	-0.992797	0.11978	-0.00252288	0.030036	0.269227	0.962608
8.33333	0.294449	0.944746	0.942601	0.0922092	0.961936	-0.257248	-0.995517	0.0945277	-0.00336686	0.0210783	0.256405	0.96634
8.36667	0.295483	0.944413	0.95821	0.069972	0.967737	-0.242051	-0.997467	0.0709808	-0.00456097	0.0127672	0.241758	0.970253
8.4	0.296727	0.943814	0.973061	0.0480015	0.973393	-0.224057	-0.998831	0.0480424	-0.00527205	0.00563244	0.224048	0.974562
8.43333	0.297965	0.94317	0.98758	0.0266189	0.978426	-0.204878	-0.999646	0.0261381	-0.00505299	0.000411135	0.20494	0.978775
8.46667	0.299065	0.942486	1.00187	0.00564209	0.982773	-0.184731	-0.999978	0.00489476	-0.00450129	-0.00351954	0.184753	0.982779
8.5	0.30011	0.941718	1.01644	-0.015115	0.986645	-0.162183	-0.999863	-0.0160016	-0.00416164	-0.00670126	0.162098	0.986752
8.53333	0.300853	0.940799	1.0316	-0.0375632	0.989796	-0.137454	-0.999241	-0.0386281	-0.00508734	-0.010345	0.137159	0.990495
8.56667	0.300609	0.939345	1.04565	-0.0514992	0.991186	-0.122057	-0.998559	-0.0529562	-0.008721	-0.0151078	0.121432	0.992485
8.6	0.300162	0.937617	1.06027	-0.0657424	0.992218	-0.105746	-0.997632	-0.0675074	-0.0131955	-0.0202314	0.104628	0.994306
8.63333	0.299044	0.935503	1.07476	-0.0763375	0.992645	-0.0939615	-0.996749	-0.078408	-0.0185392	-0.0257702	0.0922408	0.995403
8.66667	0.297584	0.932937	1.08961	-0.0819847	0.993014	-0.0848591	-0.996141	-0.0843236	-0.0243485	-0.031334	0.0825354	0.996095
8.7	0.296073	0.930125	1.1059	-0.0830595	0.993672	-0.0756153	-0.995827	-0.0856402	-0.0315462	-0.0378223	0.0726795	0.996638
8.73333	0.294451	0.927441	1.12395	-0.0800378	0.994674	-0.0649443	-0.995762	-0.082746	-0.0401377	-0.0452978	0.0614565	0.997081
8.76667	0.292781	0.925003	1.14452	-0.0768533	0.995942	-0.0468246	-0.995724	-0.0790817	-0.0477567	-0.0512659	0.0429541	0.997761
8.8	0.291209	0.922506	1.16739	-0.0772918	0.996867	-0.0168251	-0.995564	-0.078077	-0.0525053	-0.0536544	0.0126922	0.998479
8.83333	0.289138	0.919746	1.19239	-0.0802106	0.996641	0.0165255	-0.995449	-0.0792368	-0.0529428	-0.0514555	-0.0206968	0.998461
8.86667	0.285568	0.91769	1.21795	-0.0919023	0.995181	0.0341806	-0.994461	-0.0899693	-0.0543424	-0.0510053	-0.0389854	0.997937
8.9	0.281772	0.918593	1.24481	-0.128669	0.990769	0.0426749	-0.990158	-0.125963	-0.0609911	-0.0550526	-0.0501026	0.997226
8.93333	0.277583	0.922737	1.27006	-0.161196	0.985847	0.0460612	-0.985041	-0.157832	-0.0691668	-0.0609179	-0.0565215	0.996541
8.96667	0.272953	0.928044	1.29388	-0.164798	0.984478	0.0603655	-0.984698	-0.160701	-0.0674101	-0.056663	-0.0705508	0.995898
9	0.268163	0.932282	1.31731	-0.161985	0.983452	0.0811387	-0.985397	-0.156836	-0.0662956	-0.0524731	-0.0906927	0.994496
9.03333	0.263317	0.934984	1.34086	-0.167146	0.981104	0.0974554	-0.984528	-0.160817	-0.0695831	-0.0525958	-0.107578	0.992804
9.06667	0.258174	0.935592	1.36348	-0.167137	0.97995	0.10846	-0.984288	-0.159492	-0.0757579	-0.0569405	-0.119418	0.99121
9.1	0.253758	0.935586	1.38525	-0.167933	0.978065	0.123236	-0.984148	-0.159107	-0.0783417	-0.0570157	-0.134438	0.98928
9.13333	0.250335	0.93548	1.405	-0.155957	0.978208	0.137062	-0.986316	-0.14671	-0.0752167	-0.0534692	-0.146917	0.987703
9.16667	0.248002	0.936201	1.42329	-0.138815	0.978779	0.150735	-0.989324	-0.130242	-0.065383	-0.0443635	-0.158202	0.98641
9.2	0.246434	0.937277	1.44071	-0.111265	0.980412	0.162517	-0.993191	-0.104022	-0.0524438	-0.0345111	-0.167246	0.985311
9.23333	0.245689	0.938365	1.45776	-0.0803713	0.982188	0.169847	-0.996419	-0.0746802	-0.0396447	-0.0262543	-0.172425	0.984673
9.26667	0.245145	0.938842	1.47404	-0.0477699	0.984473	0.168911	-0.998606	-0.0432714	-0.0302157	-0.0224375	-0.170119	0.985168
9.3	0.245296	0.938712	1.4904	-0.0170263	0.985909	0.166416	-0.999691	-0.0137701	-0.0207011	-0.0181179	-0.166717	0.985838
9.33333	0.246311	0.937922	1.5063	0.0111564	0.986331	0.164399	-0.999828	0.0134385	-0.0127757	-0.0148104	-0.164228	0.986311
9.36667	0.247975	0.93669	1.52226	0.0365806	0.986026	0.162527	-0.99921	0.0386139	-0.00936794	-0.0155128	-0.162056	0.98666
9.4	0.250163	0.935521	1.53816	0.0637381	0.984826	0.161415	-0.99783	0.0655659	-0.00601673	-0.0165088	-0.160681	0.986868
9.43333	0.252628	0.93412	1.55418	0.0898776	0.983143	0.159225	-0.995821	0.0913088	-0.00168067	-0.016191	-0.158409	0.987241
9.46667	0.255556	0.932299	1.57029	0.114701	0.981301	0.154573	-0.993275	0.115757	0.00218113	-0.0157525	-0.153784	0.987979
9.5	0.258635	0.929605	1.58625	0.135501	0.979807	0.147032	-0.990613	0.136681	0.00209323	-0.0180456	-0.145936	0.989129
9.53333	0.261857	0.926194	1.60259	0.152124	0.978959	0.136005	-0.988061	0.154024	-0.0034904	-0.024365	-0.133851	0.990702
9.56667	0.265242	0.922433	1.6195	0.167626	0.977561	0.127581	-0.985353	0.170243	-0.0098187	-0.0313182	-0.124066	0.99178
9.6	0.268487	0.918411	1.63788	0.181553	0.976421	0.116792	-0.9827	0.184564	-0.0154185	-0.0366107	-0.111973	0.993037
9.63333	0.271257	0.914236	1.65786	0.188736	0.976905	0.100173	-0.981268	0.191618	-0.019882	-0.0386178	-0.0945442	0.994771
9.66667	0.273374	0.910005	1.68018	0.187355	0.979762	0.0704551	-0.981484	0.189628	-0.0270301	-0.0398433	-0.0640864	0.997149
9.7	0.275058	0.906161	1.7057	0.183077	0.982625	0.0305203	-0.982237	0.184128	-0.0361703	-0.0411614	-0.0233562	0.998879
9.73333	0.27684	0.903986	1.73219	0.187789	0.982153	-0.0104871	-0.981489	0.187231	-0.0403056	-0.0376228	0.0178619	0.999132
9.76667	0.278401	0.905143	1.759	0.20564	0.977572	-0.0454386	-0.978079	0.203749	-0.0429838	-0.0327617	0.0532817	0.998042
9.8	0.280588	0.909896	1.78514	0.228754	0.97125	-0.0659188	-0.972931	0.225816	-0.0491157	-0.0328181	0.0753699	0.996615
9.83333	0.284136	0.915685	1.81057	0.230089	0.969464	-0.0848488	-0.972621	0.226157	-0.0534852	-0.0326628	0.0948321	0.994957
9.86667	0.288986	0.920303	1.83539	0.223157	0.969213	-0.10405	-0.974305	0.218432	-0.0549318	-0.0305128	0.113635	0.993054
9.9	0.294601	0.922915	1.86012	0.221602	0.967987	-0.117874	-0.974688	0.216208	-0.0568945	-0.0295877	0.127499	0.991397
9.93333	0.300642	0.923375	1.8836	0.227522	0.965116	-0.129553	-0.973228	0.220924	-0.0634	-0.032567	0.14051	0.989544
9.96667	0.306344	0.922909	1.90472	0.229648	0.962101	-0.147047	-0.972708	0.221728	-0.0683827	-0.0331868	0.158738	0.986763
10	0.310125	0.922804	1.92242	0.219948	0.960001	-0.173266	-0.975044	0.210849	-0.0695123	-0.030199	0.184231	0.982419
10.0333	0.312201	0.923702	1.93918	0.201276	0.959912	-0.195084	-0.97902	0.190688	-0.0718144	-0.0317354	0.205445	0.978154
10.0667	0.314291	0.925486	1.95657	0.176557	0.963551	-0.200989	-0.983449	0.164246	-0.0765012	-0.0407014	0.211169	0.976602
10.1	0.31672	0.927347	1.97489	0.149248	0.969336	-0.195224	-0.987617	0.13648	-0.0773678	-0.0483512	0.204353	0.977702
10.1333	0.319241	0.928714	1.99389	0.121774	0.975551	-0.182952	-0.991062	0.109392	-0.0763467	-0.0544667	0.190614	0.980153
10.1667	0.321259	0.92937	2.01343	0.0951928	0.980845	-0.169947	-0.993577	0.0831264	-0.0767731	-0.0611754	0.176163	0.982458
10.2	0.322904	0.929366	2.03313	0.0701561	0.98524	-0.156141	-0.995277	0.0586071	-0.0773835	-0.0670904	0.160832	0.984699
10.2333	0.32411	0.928759	2.05245	0.0458811	0.988891	-0.141382	-0.996469	0.0353435	-0.0761641	-0.0703211	0.144377	0.987021
10.2667	0.324854	0.927724	2.07105	0.025519	0.991622	-0.126631	-0.997044	0.0160636	-0.0751362	-0.0724725	0.128174	0.9891
10.3	0.325024	0.926476	2.08931	0.0091489	0.993677	-0.1119	-0.997135	0.000663406	-0.0756344	-0.075082	0.112271	0.990837
10.3333	0.324491	0.925144	2.10747	-0.00249052	0.995096	-0.0988866	-0.996985	-0.0101396	-0.0769252	-0.0775506	0.0983969	0.992121
10.3667	0.32333	0.923733	2.12572	-0.0134594	0.996133	-0.0868175	-0.996639	-0.0203809	-0.0793388	-0.0808015	0.0854579	0.99306
10.4	0.321785	0.921976	2.14488	-0.020594	0.997003	-0.074565	-0.996108	-0.0268541	-0.0839506	-0.0857014	0.0725459	0.993676
10.4333	0.320119	0.9197	2.16517	-0.0233204	0.997757	-0.0627501	-0.995643	-0.028848	-0.0886766	-0.0902879	0.0604087	0.994082
10.4667	0.318505	0.916943	2.18729	-0.0249194	0.99862	-0.0462316	-0.995181	-0.0291677	-0.0936189	-0.0948381	0.0436759	0.994534
10.5	0.316889	0.913598	2.2117	-0.0247218	0.999416	-0.0236021	-0.994756	-0.0269365	-0.098661	-0.0992391	0.0210392	0.994841
10.5333	0.315362	0.909674	2.23894	-0.027091	0.999615	0.00603422	-0.994187	-0.0263136	-0.104404	-0.104205	-0.00882755	0.994517
10.5667	0.313303	0.905384	2.26839	-0.0332952	0.99864	0.0401311	-0.994073	-0.0289317	-0.104796	-0.103492	-0.0433824	0.993684
10.6	0.311427	0.903096	2.29823	-0.05755	0.996149	0.066149	-0.993238	-0.0504378	-0.104571	-0.100832	-0.0717197	0.992315
10.6333	0.310107	0.90486	2.32726	-0.104787	0.990939	0.0840249	-0.989127	-0.0950823	-0.112191	-0.103185	-0.0948674	0.990128
10.6667	0.308282	0.909091	2.35315	-0.125913	0.986419	0.105471	-0.986322	-0.113078	-0.119925	-0.10637	-0.119129	0.987165
