0	1	0	0	0	1	0	0	0	1
0.0333333	0.999727	-0.000990248	0.0233606	0.00351366	0.99412	-0.108228	-0.023116	0.108281	0.993852
0.0666667	0.999569	-0.00141002	0.029316	0.00397524	0.996145	-0.087629	-0.0290795	0.0877078	0.995722
0.1	0.999435	-0.000862808	0.0335909	0.00371499	0.996379	-0.0849398	-0.033396	0.0850166	0.99582
0.133333	0.999398	-0.000214091	0.0346939	0.00300315	0.996762	-0.0803582	-0.0345644	0.080414	0.996162
0.166667	0.999374	0.000473472	0.0353845	0.0023036	0.996919	-0.0784006	-0.0353126	0.078433	0.996294
0.2	0.999356	0.000963567	0.0358833	0.00180948	0.997017	-0.0771669	-0.0358506	0.0771821	0.996372
0.233333	0.999356	0.000869537	0.0358774	0.00190375	0.997014	-0.0771923	-0.0358374	0.0772109	0.99637
0.266667	0.99934	0.00110292	0.0363151	0.00167322	0.997081	-0.0763267	-0.0362933	0.0763371	0.996421
0.3	0.999337	0.000975923	0.0363966	0.00178999	0.997115	-0.0758839	-0.0363656	0.0758987	0.996452
0.333333	0.999331	0.00102924	0.0365562	0.00176646	0.997079	-0.0763623	-0.036528	0.0763758	0.99641
0.366667	0.99932	0.00112855	0.0368632	0.00169388	0.997072	-0.0764442	-0.0368415	0.0764547	0.996392
0.4	0.999298	0.00166025	0.0374265	0.00125638	0.99697	-0.0777715	-0.0374423	0.0777639	0.996268
0.433333	0.999274	0.00194798	0.0380396	0.0010336	0.996937	-0.0782044	-0.0380754	0.078187	0.996211
0.466667	0.999246	0.00210484	0.0387704	0.000928258	0.996949	-0.0780485	-0.0388164	0.0780257	0.996195
0.5	0.999236	0.00195257	0.0390397	0.0011003	0.996951	-0.078025	-0.039073	0.0780083	0.996187
0.533333	0.999229	0.00178262	0.0392264	0.00128687	0.996946	-0.0780865	-0.0392458	0.0780767	0.996175
0.566667	0.99922	0.00163337	0.039458	0.00141705	0.997018	-0.0771565	-0.0394663	0.0771523	0.996238
0.6	0.99922	0.0015947	0.0394506	0.00145737	0.997013	-0.0772148	-0.039456	0.0772121	0.996234
0.633333	0.999218	0.00179785	0.0395059	0.00125973	0.997012	-0.0772345	-0.0395267	0.0772238	0.99623
0.666667	0.99921	0.00191514	0.0396879	0.00113993	0.997045	-0.0768119	-0.0397177	0.0767965	0.996255
0.7	0.999197	0.00209069	0.0400178	0.000959977	0.997103	-0.0760621	-0.0400609	0.0760394	0.9963
0.733333	0.999179	0.00218364	0.0404479	0.000880035	0.99714	-0.0755714	-0.0404973	0.0755449	0.99632
0.766667	0.999163	0.00228665	0.0408373	0.000765053	0.997216	-0.0745567	-0.0408941	0.0745256	0.99638
0.8	0.999147	0.00246685	0.0412279	0.000605308	0.997233	-0.0743383	-0.0412972	0.0742998	0.99638
0.833333	0.999135	0.0026291	0.0415105	0.000455676	0.997249	-0.0741294	-0.0415912	0.0740841	0.996384
0.866667	0.999133	0.00275206	0.0415485	0.000269369	0.997365	-0.0725403	-0.0416387	0.0724886	0.9965
0.9	0.999132	0.00270005	0.0415745	0.000298134	0.997409	-0.0719415	-0.041661	0.0718915	0.996542
0.933333	0.999125	0.00257347	0.0417355	0.00041266	0.997449	-0.0713831	-0.0418127	0.0713379	0.996575
0.966667	0.999128	0.00251834	0.0416709	0.000476924	0.997425	-0.0717135	-0.0417442	0.0716709	0.996554
1	0.999132	0.00215871	0.0416113	0.000781582	0.99751	-0.0705154	-0.0416599	0.0704867	0.996642
1.03333	0.999132	0.00188651	0.0416077	0.000961546	0.997663	-0.0683242	-0.0416393	0.0683049	0.996795
1.06667	0.999146	0.00160534	0.0412985	0.00114372	0.997789	-0.066456	-0.0413139	0.0664464	0.996934
1.1	0.999163	0.00130005	0.0408762	0.00134133	0.997915	-0.0645252	-0.0408749	0.064526	0.997079
1.13333	0.999175	0.00122161	0.0405861	0.00137256	0.99796	-0.0638283	-0.0405813	0.0638313	0.997135
1.16667	0.999198	0.00114653	0.0400286	0.00141297	0.997958	-0.0638548	-0.0400201	0.0638601	0.997156
1.2	0.999215	0.00108807	0.0395962	0.001437	0.997969	-0.0636862	-0.0395851	0.0636932	0.997184
1.23333	0.999224	0.00118374	0.0393723	0.00135142	0.99793	-0.0643007	-0.0393669	0.064304	0.997154
1.26667	0.999231	0.00111145	0.0391959	0.00142734	0.997905	-0.0646844	-0.0391857	0.0646906	0.997136
1.3	0.999235	0.00107839	0.0390933	0.00147406	0.997871	-0.0652037	-0.0390804	0.0652115	0.997106
1.33333	0.999228	0.0012311	0.0392774	0.00132982	0.997877	-0.0651081	-0.0392742	0.0651101	0.997105
1.36667	0.999223	0.00140815	0.039392	0.00116477	0.99787	-0.0652168	-0.0393999	0.065212	0.997093
1.4	0.999223	0.0013341	0.0393848	0.00121043	0.997916	-0.0645122	-0.0393888	0.0645097	0.997139
1.43333	0.999219	0.00161926	0.0394846	0.000914606	0.997945	-0.0640713	-0.0395072	0.0640574	0.997164
1.46667	0.999216	0.00167222	0.0395511	0.000912465	0.997869	-0.0652423	-0.039576	0.0652272	0.997085
1.5	0.999215	0.00174337	0.0395824	0.000861108	0.99784	-0.0656866	-0.0396114	0.0656691	0.997055
1.53333	0.999218	0.00187196	0.0394948	0.000755581	0.997792	-0.0664091	-0.0395319	0.066387	0.997011
1.56667	0.999226	0.00171473	0.0392976	0.00090302	0.997786	-0.0664992	-0.0393246	0.0664832	0.997012
1.6	0.999234	0.00152923	0.0391072	0.00111383	0.99772	-0.067474	-0.0391213	0.0674659	0.996954
1.63333	0.999234	0.00156438	0.0391036	0.00108714	0.997706	-0.0676945	-0.0391198	0.0676852	0.996939
1.66667	0.999234	0.00147995	0.0390973	0.00121729	0.997625	-0.0688741	-0.0391063	0.0688689	0.996859
1.7	0.999237	0.0015763	0.0390332	0.00115079	0.997564	-0.0697453	-0.039048	0.0697369	0.996801
1.73333	0.999236	0.00186897	0.0390397	0.000839225	0.9976	-0.0692389	-0.0390754	0.0692188	0.996836
1.76667	0.999237	0.00189912	0.0390176	0.000759209	0.997685	-0.068004	-0.0390564	0.0679817	0.996922
1.8	0.999238	0.00176491	0.0389797	0.00084024	0.997772	-0.0667161	-0.0390106	0.066698	0.99701
1.83333	0.999235	0.00181479	0.039074	0.000781617	0.997797	-0.0663308	-0.0391083	0.0663106	0.997032
1.86667	0.999215	0.001518	0.0395962	0.00109936	0.997819	-0.0659958	-0.03961	0.0659875	0.997034
1.9	0.999193	0.0013939	0.0401357	0.00127068	0.9978	-0.0662872	-0.0401398	0.0662848	0.996993
1.93333	0.999162	0.00107554	0.0409267	0.00167263	0.997748	-0.0670552	-0.0409067	0.0670674	0.99691
1.96667	0.999121	0.00101836	0.0419177	0.00183125	0.997691	-0.0678866	-0.04189	0.0679037	0.996812
2	0.99906	0.000671327	0.043339	0.00233035	0.997602	-0.0691726	-0.0432815	0.0692086	0.996663
2.03333	0.998983	0.000545216	0.0450845	0.00258432	0.997591	-0.0693275	-0.0450137	0.0693735	0.996575
2.06667	0.998867	0.000127332	0.0475977	0.00309968	0.9977	-0.0677178	-0.0474968	0.0677886	0.996568
2.1	0.998726	0.000157337	0.0504659	0.00321102	0.997771	-0.0666571	-0.0503639	0.0667342	0.996499
2.13333	0.998571	0.000499587	0.0534446	0.00295426	0.997912	-0.0645263	-0.0533653	0.0645919	0.996484
2.16667	0.998371	0.00145183	0.0570357	0.00213455	0.998026	-0.0627684	-0.0570142	0.0627879	0.996397
2.2	0.998148	0.0023515	0.0607912	0.00128663	0.998213	-0.0597381	-0.060823	0.0597056	0.996361
2.23333	0.99789	0.00364696	0.0648273	1.47573e-05	0.998409	-0.0563941	-0.0649298	0.0562761	0.996302
2.26667	0.997699	0.00435839	0.0676543	-0.00061719	0.998474	-0.0552215	-0.0677917	0.0550527	0.996179
2.3	0.997606	0.0044331	0.069005	-0.000855567	0.998658	-0.051788	-0.0691419	0.0516051	0.996271
2.33333	0.997597	0.00369055	0.069183	-0.000270453	0.99878	-0.0493798	-0.0692808	0.0492425	0.996381
2.36667	0.997605	0.00294898	0.0690995	0.000448431	0.998794	-0.0490999	-0.0691609	0.0490133	0.996401
2.4	0.997594	0.00289555	0.0692652	0.000531371	0.998779	-0.0494059	-0.0693236	0.0493239	0.996374
2.43333	0.997567	0.00253873	0.0696704	0.00088038	0.998798	-0.049001	-0.0697111	0.0489431	0.996366
2.46667	0.997582	0.0025968	0.0694578	0.00118655	0.99852	-0.0543731	-0.0694962	0.054324	0.996102
2.5	0.997508	0.00182358	0.0705271	0.00170324	0.998752	-0.0499141	-0.0705301	0.0499099	0.99626
2.53333	0.997569	0.00066034	0.0696871	0.00279105	0.998774	-0.0494179	-0.0696343	0.0494923	0.996344
2.56667	0.997498	-0.00072376	0.0706944	0.00424808	0.998754	-0.0497153	-0.0705703	0.0498912	0.996258
2.6	0.997482	-0.000983385	0.0709171	0.00459782	0.998697	-0.0508219	-0.0707747	0.05102	0.996187
2.63333	0.997493	-0.0019248	0.0707404	0.0060611	0.998281	-0.0583035	-0.0705066	0.0585861	0.995789
2.66667	0.997432	-0.00328987	0.0715392	0.0079244	0.99788	-0.0645962	-0.071175	0.0649972	0.995344
2.7	0.997324	-0.00487279	0.0729422	0.0100454	0.997446	-0.0707166	-0.0724113	0.0712602	0.994826
2.73333	0.997192	-0.00683064	0.0745811	0.0126528	0.996883	-0.0778739	-0.0738167	0.0785988	0.99417
2.76667	0.996965	-0.00887015	0.0773421	0.0155927	0.996108	-0.0867537	-0.0762715	0.0876964	0.993223
2.8	0.996708	-0.0115896	0.0802392	0.0193011	0.995193	-0.0960093	-0.0787408	0.097242	0.992141
2.83333	0.996606	-0.0142902	0.0810653	0.022933	0.994026	-0.106708	-0.0790561	0.108205	0.99098
2.86667	0.996605	-0.0180257	0.0803353	0.0270252	0.993297	-0.112386	-0.077771	0.114175	0.990412
2.9	0.99659	-0.0217895	0.0795898	0.031262	0.992308	-0.119783	-0.0763676	0.121863	0.989605
2.93333	0.996525	-0.025432	0.0793151	0.0356486	0.990849	-0.130183	-0.0752784	0.132558	0.988312
2.96667	0.996322	-0.0285447	0.080797	0.0401335	0.98852	-0.14566	-0.0757117	0.148366	0.98603
3	0.996022	-0.0303074	0.0838004	0.0439082	0.985222	-0.16556	-0.0775442	0.168581	0.982633
3.03333	0.995652	-0.0308875	0.0878782	0.0469774	0.981161	-0.187391	-0.0804347	0.190704	0.978347
3.06667	0.995253	-0.0308214	0.092308	0.0492626	0.977577	-0.204733	-0.0839281	0.208308	0.974456
3.1	0.994895	-0.0306334	0.0961573	0.0509275	0.974995	-0.216312	-0.0871265	0.220105	0.971577
3.13333	0.994662	-0.0301857	0.0986689	0.0515299	0.973786	-0.221554	-0.0893946	0.225456	0.970143
3.16667	0.994587	-0.0294695	0.0996424	0.0511138	0.973652	-0.222236	-0.0904678	0.226126	0.969888
3.2	0.99457	-0.0288856	0.0999804	0.0503165	0.974425	-0.219007	-0.0910972	0.222848	0.970587
3.23333	0.994543	-0.0280006	0.100501	0.0492561	0.97521	-0.215728	-0.0919688	0.219501	0.971268
3.26667	0.99452	-0.0270986	0.100975	0.0481523	0.976011	-0.212329	-0.0927986	0.216028	0.971967
3.3	0.994457	-0.0261026	0.101854	0.0470809	0.976702	-0.209372	-0.0940162	0.213007	0.972517
3.33333	0.994354	-0.0250604	0.103111	0.0461511	0.97713	-0.207575	-0.0955506	0.211162	0.97277
3.36667	0.994289	-0.0238674	0.104018	0.0450452	0.977452	-0.206297	-0.0967489	0.209805	0.972945
3.4	0.99429	-0.0223042	0.104357	0.0433883	0.977929	-0.204381	-0.0974952	0.207741	0.973313
3.43333	0.994313	-0.020625	0.104485	0.0415929	0.97836	-0.202686	-0.0980437	0.205879	0.973653
3.46667	0.994311	-0.0190199	0.104802	0.0398717	0.978854	-0.200637	-0.0987698	0.203675	0.974044
3.5	0.994328	-0.0177037	0.104874	0.0382549	0.979589	-0.197337	-0.0992401	0.20023	0.97471
3.53333	0.994319	-0.0167869	0.105111	0.0367864	0.980834	-0.191343	-0.0998845	0.194123	0.975879
3.56667	0.9943	-0.0165223	0.105333	0.035867	0.982176	-0.184507	-0.100407	0.187234	0.97717
3.6	0.99424	-0.016966	0.105827	0.0354457	0.983881	-0.175278	-0.101147	0.178019	0.978815
3.63333	0.994135	-0.0176484	0.106699	0.0351841	0.985703	-0.164777	-0.102266	0.167565	0.980543
3.66667	0.993925	-0.0187255	0.108458	0.035292	0.98761	-0.152908	-0.104251	0.155807	0.982271
3.7	0.993559	-0.0195393	0.111616	0.0352675	0.98942	-0.14073	-0.107686	0.14376	0.983736
3.73333	0.99313	-0.0201107	0.115273	0.0346064	0.991532	-0.125166	-0.11178	0.128295	0.985416
3.76667	0.992766	-0.0205553	0.118289	0.0333073	0.993716	-0.106859	-0.115349	0.110026	0.987213
3.8	0.992739	-0.0187449	0.118823	0.0295179	0.995544	-0.0895637	-0.116615	0.0924207	0.988868
3.83333	0.992934	-0.0150212	0.117709	0.0236968	0.997076	-0.0726544	-0.116274	0.0749304	0.990387
3.86667	0.99302	-0.00972117	0.117545	0.0162634	0.998363	-0.054827	-0.11682	0.056356	0.991553
3.9	0.992792	-0.0027983	0.119821	0.00705523	0.999358	-0.0351181	-0.119645	0.0357103	0.992174
3.93333	0.992202	0.00490444	0.124541	-0.00296002	0.999871	-0.0157929	-0.124603	0.0153011	0.992089
3.96667	0.991372	0.0127043	0.130463	-0.0129977	0.999915	0.0013977	-0.130434	-0.00308135	0.991452
4	0.990711	0.0202194	0.134472	-0.0223085	0.999652	0.0140468	-0.134142	-0.0169162	0.990818
4.03333	0.990344	0.0259202	0.136185	-0.0292328	0.999322	0.0223806	-0.135512	-0.0261456	0.990431
4.06667	0.990302	0.0291424	0.135841	-0.0332477	0.999053	0.028051	-0.134895	-0.0322953	0.990333
4.1	0.990455	0.0294071	0.134662	-0.0339682	0.99892	0.031699	-0.133584	-0.0359706	0.990384
4.13333	0.990656	0.028382	0.133397	-0.0331356	0.998888	0.0335506	-0.132296	-0.0376573	0.990495
4.16667	0.990737	0.0276495	0.132951	-0.0324385	0.998896	0.0339905	-0.131865	-0.0379884	0.99054
4.2	0.99069	0.027429	0.133347	-0.0322946	0.998884	0.0344629	-0.132253	-0.0384484	0.99047
4.23333	0.990568	0.0275095	0.134235	-0.0323072	0.99891	0.0336943	-0.133162	-0.0377132	0.990377
4.26667	0.990405	0.0279869	0.135335	-0.0325967	0.998957	0.0319667	-0.134299	-0.0360714	0.990284
4.3	0.990259	0.0285216	0.136285	-0.0327269	0.999052	0.0287162	-0.135336	-0.0328966	0.990253
4.33333	0.99011	0.0294121	0.137178	-0.0328408	0.999201	0.0227982	-0.136398	-0.0270778	0.990284
4.36667	0.989924	0.0299049	0.138408	-0.0326033	0.999319	0.01727	-0.137797	-0.0216086	0.990225
4.4	0.989786	0.0306298	0.139231	-0.0324282	0.999417	0.0106662	-0.138823	-0.0150723	0.990202
4.43333	0.989713	0.0322881	0.139379	-0.0330112	0.999451	0.00287872	-0.139209	-0.00745018	0.990235
4.46667	0.989702	0.0336435	0.139132	-0.0335414	0.999433	-0.00307915	-0.139157	-0.00161925	0.990269
4.5	0.989773	0.0344057	0.138442	-0.0334978	0.999399	-0.00888276	-0.138664	0.00415442	0.990331
4.53333	0.989894	0.0348099	0.13747	-0.0330277	0.999338	-0.0152247	-0.137909	0.0105306	0.990389
4.56667	0.989966	0.0350709	0.136883	-0.032426	0.999243	-0.0215048	-0.137533	0.0168505	0.990354
4.6	0.989967	0.0354285	0.136784	-0.0322	0.99915	-0.0257447	-0.13758	0.0210819	0.990266
4.63333	0.990039	0.0357483	0.136182	-0.0318465	0.99902	-0.0307236	-0.137147	0.0260806	0.990207
4.66667	0.990194	0.0358061	0.135035	-0.0312051	0.998863	-0.0360367	-0.136172	0.0314695	0.990185
4.7	0.990445	0.0356533	0.133217	-0.0303582	0.998674	-0.0415711	-0.134522	0.0371297	0.990215
4.73333	0.990554	0.0352878	0.132504	-0.0293745	0.998495	-0.0463201	-0.13394	0.0419903	0.990099
4.76667	0.990405	0.0356842	0.133508	-0.029034	0.998254	-0.0514317	-0.13511	0.047062	0.989712
4.8	0.990124	0.0363783	0.135394	-0.0286561	0.997873	-0.0585538	-0.137236	0.0540957	0.98906
4.83333	0.989894	0.0367894	0.136951	-0.0274587	0.99721	-0.069408	-0.139123	0.0649461	0.988143
4.86667	0.989861	0.0370405	0.137127	-0.0253528	0.995971	-0.0860188	-0.139761	0.0816701	0.986811
4.9	0.989855	0.0367418	0.137251	-0.022282	0.994176	-0.10544	-0.140326	0.101312	0.984908
4.93333	0.990192	0.0353995	0.135156	-0.0181963	0.991805	-0.126458	-0.138525	0.122758	0.982721
4.96667	0.991009	0.0329379	0.129678	-0.01359	0.988992	-0.147347	-0.133103	0.144259	0.980547
5	0.992036	0.0296176	0.122425	-0.00849368	0.985479	-0.169585	-0.12567	0.167194	0.977882
5.03333	0.992874	0.0243728	0.116651	-0.00199381	0.982123	-0.188232	-0.119153	0.186658	0.975172
5.06667	0.993402	0.0176483	0.113315	0.00605527	0.978638	-0.205503	-0.114521	0.204834	0.972074
5.1	0.993561	0.0106239	0.112797	0.0153431	0.973805	-0.226866	-0.112252	0.227136	0.967372
5.13333	0.993421	0.00465852	0.114422	0.0243118	0.967816	-0.250481	-0.111906	0.251615	0.961336
5.16667	0.993248	0.000109763	0.116011	0.0315344	0.962091	-0.270898	-0.111643	0.272727	0.955592
5.2	0.993333	-0.00366922	0.115224	0.0362536	0.958727	-0.282009	-0.109433	0.284306	0.952468
5.23333	0.99363	-0.00685249	0.112479	0.0386064	0.958444	-0.282655	-0.105868	0.285197	0.952604
5.26667	0.994059	-0.00960858	0.108414	0.0393887	0.960337	-0.276045	-0.101462	0.278675	0.955011
5.3	0.994467	-0.0127174	0.104276	0.0400803	0.963488	-0.264734	-0.0971024	0.267449	0.958667
5.33333	0.994765	-0.0159314	0.100941	0.0412649	0.966283	-0.254155	-0.0934888	0.25699	0.961882
5.36667	0.994864	-0.0181966	0.0995718	0.0422497	0.968569	-0.24513	-0.0919817	0.248078	0.964363
5.4	0.994813	-0.0198364	0.0997644	0.0431258	0.970537	-0.23706	-0.0921227	0.240133	0.966359
5.43333	0.994632	-0.0209384	0.101338	0.0436965	0.972703	-0.2279	-0.0938004	0.231105	0.968397
5.46667	0.99437	-0.0221506	0.103625	0.0443134	0.975217	-0.216766	-0.0962553	0.220137	0.970708
5.5	0.994066	-0.0227387	0.106371	0.0443967	0.97756	-0.205927	-0.0993019	0.209428	0.972769
5.53333	0.99373	-0.0227175	0.109471	0.0440273	0.979538	-0.196387	-0.102769	0.199975	0.974396
5.56667	0.993418	-0.0223712	0.112344	0.0433175	0.981283	-0.187638	-0.106043	0.19127	0.975792
5.6	0.993243	-0.0210964	0.114122	0.0415583	0.982785	-0.18002	-0.10836	0.183546	0.977021
5.63333	0.993203	-0.0194662	0.114752	0.0393727	0.983983	-0.17386	-0.109529	0.177196	0.978062
5.66667	0.993226	-0.0183077	0.114748	0.0374746	0.985214	-0.167181	-0.109991	0.170348	0.979226
5.7	0.993265	-0.0174569	0.114541	0.0357907	0.986464	-0.160022	-0.110197	0.163044	0.980445
5.73333	0.993153	-0.0176427	0.115478	0.0351732	0.987818	-0.151583	-0.111397	0.154607	0.981676
5.76667	0.992825	-0.0182123	0.118184	0.0346637	0.98973	-0.13868	-0.114444	0.141782	0.98326
5.8	0.992411	-0.0188829	0.121504	0.0339492	0.991807	-0.123151	-0.118183	0.126342	0.984922
5.83333	0.992014	-0.0192455	0.124655	0.0326024	0.99383	-0.106015	-0.121845	0.109232	0.98652
5.86667	0.991626	-0.019092	0.127724	0.0304941	0.995661	-0.087921	-0.125491	0.0910796	0.987905
5.9	0.991241	-0.0182846	0.130794	0.0279677	0.99697	-0.0725837	-0.129071	0.075606	0.988749
5.93333	0.990928	-0.0165242	0.133371	0.0250572	0.997727	-0.0625565	-0.132034	0.0653309	0.98909
5.96667	0.990776	-0.013721	0.134817	0.0218484	0.998019	-0.058991	-0.13374	0.0613924	0.989113
6	0.99061	-0.0108899	0.136283	0.0187475	0.998226	-0.056506	-0.135426	0.0585304	0.989057
6.03333	0.990407	-0.00839353	0.137922	0.0158848	0.998452	-0.0533045	-0.137261	0.0549841	0.989008
6.06667	0.99023	-0.00662706	0.139285	0.0133884	0.998774	-0.0476622	-0.138798	0.0490613	0.989105
6.1	0.990119	-0.00513509	0.140137	0.010764	0.999164	-0.0394385	-0.139818	0.0405572	0.989346
6.13333	0.989991	-0.00385915	0.141075	0.00804665	0.999543	-0.0291245	-0.140898	0.0299682	0.98957
6.16667	0.989774	-0.00214348	0.142631	0.00473758	0.999829	-0.0178504	-0.142568	0.0183436	0.989615
6.2	0.989436	-0.000701667	0.144966	0.00172807	0.999974	-0.00695449	-0.144957	0.00713154	0.989412
6.23333	0.989038	0.000638622	0.147661	-0.000806162	0.999999	0.00107478	-0.14766	-0.00118203	0.989037
6.26667	0.988683	0.00148021	0.150014	-0.00241162	0.999979	0.00602713	-0.150002	-0.00632069	0.988665
6.3	0.988374	0.00159101	0.152033	-0.00295544	0.999957	0.00874898	-0.152013	-0.00909659	0.988337
6.33333	0.98812	0.00112102	0.153682	-0.00265543	0.999949	0.00977939	-0.153664	-0.0100713	0.988072
6.36667	0.987952	0.000663047	0.154757	-0.00216654	0.999952	0.00954674	-0.154743	-0.00976701	0.987906
6.4	0.987828	0.000299779	0.155549	-0.00159525	0.999965	0.00820362	-0.155541	-0.00835191	0.987794
6.43333	0.987766	-7.04324e-05	0.155945	-0.00101256	0.999976	0.00686528	-0.155941	-0.00693919	0.987742
6.46667	0.987789	-0.000749202	0.155797	-8.2319e-05	0.999986	0.00533068	-0.155799	-0.00527842	0.987775
6.5	0.987877	-0.00145307	0.155234	0.000932934	0.999994	0.00342343	-0.155238	-0.0032371	0.987872
6.53333	0.987993	-0.00252471	0.154481	0.0023	0.999996	0.00163337	-0.154484	-0.00125845	0.987994
6.56667	0.988146	-0.00376247	0.153469	0.00370946	0.999993	0.000631772	-0.153471	-5.49947e-05	0.988153
6.6	0.988342	-0.00518489	0.152159	0.00510674	0.999987	0.000904378	-0.152162	-0.000116797	0.988356
6.63333	0.988592	-0.00700125	0.150454	0.00675783	0.999975	0.00212916	-0.150465	-0.00108813	0.988615
6.66667	0.988917	-0.00857368	0.148224	0.00824659	0.999962	0.00282118	-0.148243	-0.00156757	0.98895
6.7	0.989287	-0.0100073	0.145641	0.00965926	0.999949	0.00309676	-0.145664	-0.0016568	0.989333
6.73333	0.989762	-0.0112936	0.142281	0.0110437	0.999936	0.00254583	-0.142301	-0.000948462	0.989823
6.76667	0.990311	-0.0119491	0.138349	0.0120599	0.999927	3.77599e-05	-0.13834	0.00163108	0.990383
6.8	0.990862	-0.0117964	0.134361	0.012625	0.999906	-0.00531647	-0.134285	0.00696419	0.990918
6.83333	0.991477	-0.0114778	0.129779	0.0133635	0.999817	-0.0136685	-0.129598	0.0152863	0.991449
6.86667	0.992097	-0.0117707	0.124921	0.0148046	0.999617	-0.0233866	-0.124597	0.0250512	0.991891
6.9	0.99262	-0.0130329	0.120565	0.0172218	0.999281	-0.0337678	-0.120038	0.035595	0.992131
6.93333	0.993093	-0.0146396	0.116415	0.0201398	0.998729	-0.0462111	-0.115591	0.0482365	0.992125
6.96667	0.993693	-0.016127	0.110973	0.0225395	0.998133	-0.0567744	-0.10985	0.0589176	0.9922
7	0.994509	-0.0187912	0.10295	0.0253074	0.997733	-0.062359	-0.101544	0.0646219	0.99273
7.03333	0.995322	-0.0218584	0.0941081	0.0279895	0.997536	-0.0643307	-0.0924701	0.0666638	0.993481
7.06667	0.996084	-0.0250031	0.0847974	0.0306614	0.997342	-0.0660953	-0.0829195	0.0684365	0.994204
7.1	0.996786	-0.027793	0.0751324	0.0332437	0.996829	-0.0722991	-0.0728847	0.0745644	0.994549
7.13333	0.99734	-0.0301677	0.0663495	0.0356773	0.99587	-0.0834863	-0.0635569	0.0856314	0.994298
7.16667	0.997762	-0.0320146	0.0587067	0.0378299	0.994189	-0.100782	-0.055139	0.102777	0.993175
7.2	0.998116	-0.0323755	0.0521128	0.0385692	0.991705	-0.122611	-0.0477109	0.12439	0.991086
7.23333	0.998418	-0.0321728	0.0461185	0.0384112	0.989194	-0.141488	-0.0410681	0.143036	0.988865
7.26667	0.998632	-0.0327251	0.0407933	0.0386441	0.987319	-0.153976	-0.0352371	0.155341	0.987232
7.3	0.998822	-0.0335693	0.0350284	0.0387284	0.986538	-0.158882	-0.0292233	0.160051	0.986676
7.33333	0.999004	-0.0339771	0.0289328	0.0381281	0.986748	-0.15772	-0.0231905	0.158666	0.98706
7.36667	0.999171	-0.0337311	0.0227732	0.0368353	0.987454	-0.153551	-0.017308	0.154263	0.987878
7.4	0.999324	-0.0330108	0.0161677	0.0350639	0.988088	-0.149842	-0.0110287	0.150308	0.988578
7.43333	0.999442	-0.0318526	0.0100792	0.0329987	0.988316	-0.148802	-0.00522167	0.149052	0.988816
7.46667	0.99952	-0.030637	0.00456872	0.0309757	0.988609	-0.147282	-4.42291e-06	0.147352	0.989084
7.5	0.999559	-0.0297097	-0.000231112	0.0293651	0.989087	-0.144376	0.00451796	0.144305	0.989523
7.53333	0.999572	-0.0289381	-0.00437111	0.0280351	0.989644	-0.14078	0.00839975	0.140597	0.990031
7.56667	0.999557	-0.0285391	-0.00842104	0.0271236	0.990266	-0.136522	0.0122353	0.136234	0.990601
7.6	0.999518	-0.028522	-0.0122387	0.0266586	0.990883	-0.13206	0.0158938	0.13167	0.991166
7.63333	0.99948	-0.028137	-0.0157637	0.025903	0.991511	-0.127417	0.019215	0.126943	0.991724
7.66667	0.999439	-0.0273001	-0.0194215	0.0247178	0.992144	-0.122634	0.0226168	0.122085	0.992262
7.7	0.999384	-0.0259955	-0.0235884	0.023056	0.992827	-0.117314	0.0264688	0.116698	0.992815
7.73333	0.999306	-0.0241507	-0.0283752	0.0208546	0.993579	-0.111205	0.0308787	0.110536	0.993392
7.76667	0.999203	-0.0218939	-0.033384	0.0182915	0.994342	-0.104636	0.035486	0.103941	0.99395
7.8	0.999061	-0.0196054	-0.0386417	0.0157348	0.995058	-0.0980426	0.0403729	0.0973425	0.994432
7.83333	0.9989	-0.0175928	-0.0434623	0.0135172	0.995635	-0.0923484	0.0448972	0.0916594	0.994778
7.86667	0.998707	-0.016339	-0.0481363	0.0120945	0.996119	-0.0871847	0.049374	0.0864898	0.995029
7.9	0.998484	-0.0158505	-0.0527153	0.011491	0.996566	-0.0819965	0.053834	0.0812664	0.995237
7.93333	0.998172	-0.0150365	-0.0585445	0.0105959	0.997094	-0.075434	0.0595087	0.0746757	0.995431
7.96667	0.997722	-0.0132445	-0.0661521	0.00883319	0.997745	-0.0665371	0.0668842	0.0658012	0.995589
8	0.997188	-0.00956393	-0.0743212	0.00527576	0.998321	-0.0576813	0.074748	0.0571271	0.995565
8.03333	0.996662	-0.00378068	-0.0815505	-0.000448569	0.998658	-0.05178	0.0816369	0.0516437	0.995323
8.06667	0.996243	0.00407084	-0.0865024	-0.00851233	0.99866	-0.0510386	0.0861788	0.0515832	0.994943
8.1	0.995936	0.0142085	-0.0889314	-0.0190755	0.998352	-0.0541193	0.0880159	0.0555958	0.994566
8.13333	0.995585	0.025773	-0.0902621	-0.0310538	0.997857	-0.057598	0.0885842	0.0601466	0.994251
8.16667	0.995139	0.0368902	-0.0913121	-0.0426536	0.997165	-0.0619931	0.0887662	0.0655865	0.993891
8.2	0.994829	0.0456178	-0.0907418	-0.0516533	0.996527	-0.0653152	0.0874471	0.0696646	0.99373
8.23333	0.994607	0.0527852	-0.0892732	-0.0590433	0.99587	-0.0689764	0.0852635	0.0738755	0.993616
8.26667	0.994469	0.0590891	-0.0868371	-0.0657352	0.994955	-0.0757807	0.0819212	0.0810698	0.993336
8.3	0.994407	0.0643185	-0.0837746	-0.0717195	0.993486	-0.0885575	0.077533	0.0940705	0.992542
8.33333	0.994351	0.0680654	-0.0814401	-0.0766016	0.991331	-0.106747	0.0734683	0.112383	0.990945
8.36667	0.99435	0.0705105	-0.0793452	-0.0802067	0.988716	-0.126519	0.069529	0.132168	0.988786
8.4	0.994383	0.0718284	-0.07774	-0.0825242	0.986057	-0.144504	0.0662766	0.150108	0.986446
8.43333	0.994463	0.0728924	-0.0757026	-0.0842701	0.983512	-0.160005	0.0627913	0.165499	0.984209
8.46667	0.994601	0.0732157	-0.0735382	-0.0849601	0.981435	-0.171951	0.0595835	0.17727	0.982357
8.5	0.994745	0.0737187	-0.0710456	-0.0856592	0.979343	-0.183167	0.0560752	0.18829	0.980511
8.53333	0.994936	0.0743181	-0.0676703	-0.0862358	0.977026	-0.194892	0.0516317	0.199741	0.978487
8.56667	0.995117	0.0737939	-0.0655409	-0.0858807	0.97466	-0.206549	0.0486381	0.211169	0.976239
8.6	0.995319	0.073018	-0.0633198	-0.0852182	0.972098	-0.21855	0.0455949	0.222923	0.973769
8.63333	0.995489	0.0717098	-0.0621306	-0.084225	0.969384	-0.230654	0.0436883	0.234846	0.97105
8.66667	0.995604	0.0700994	-0.0621136	-0.0832317	0.966309	-0.243557	0.0429477	0.247656	0.967896
8.7	0.995664	0.068638	-0.0627918	-0.0826184	0.962675	-0.257741	0.0427573	0.261811	0.964172
8.73333	0.995704	0.06742	-0.0634731	-0.0823712	0.958039	-0.274548	0.0422997	0.278596	0.959476
8.76667	0.995739	0.0664927	-0.0638876	-0.0824192	0.952475	-0.293255	0.041352	0.297271	0.953897
8.8	0.995755	0.0658265	-0.0643349	-0.0827719	0.946119	-0.313062	0.0402606	0.317058	0.947551
8.83333	0.995759	0.0651022	-0.0650057	-0.0831714	0.939045	-0.333583	0.0393263	0.337575	0.940477
8.86667	0.995724	0.0636754	-0.0669194	-0.0832715	0.932324	-0.351906	0.0399828	0.355974	0.93364
8.9	0.995717	0.0620895	-0.0685013	-0.0828579	0.927992	-0.363271	0.0410134	0.367391	0.929162
8.93333	0.995566	0.0595175	-0.0728405	-0.0821462	0.927376	-0.365001	0.0458265	0.369367	0.928153
8.96667	0.995495	0.0563168	-0.0762713	-0.0799609	0.930961	-0.356255	0.0509425	0.360749	0.931271
9	0.995668	0.0520915	-0.077018	-0.0752818	0.937789	-0.338945	0.0545705	0.343275	0.937648
9.03333	0.996281	0.0468944	-0.0722828	-0.0676342	0.945378	-0.318882	0.0533808	0.322585	0.945034
9.06667	0.997104	0.0396588	-0.0648947	-0.0572851	0.952893	-0.297847	0.0500255	0.300702	0.952405
9.1	0.997984	0.0320371	-0.0547781	-0.0461581	0.958844	-0.280158	0.0435482	0.282121	0.95839
9.13333	0.998746	0.0249261	-0.0434071	-0.0356325	0.963088	-0.266817	0.0351542	0.268029	0.962769
9.16667	0.99937	0.0185058	-0.0302719	-0.0257055	0.965737	-0.258245	0.0244557	0.258861	0.965605
9.2	0.999821	0.0115049	-0.014994	-0.014902	0.967861	-0.251044	0.0116239	0.251223	0.96786
9.23333	0.999993	0.00365994	0.00115616	-0.00326636	0.969665	-0.244415	-0.00201563	0.244409	0.96967
9.26667	0.99985	-0.00447144	0.0167512	0.0083273	0.971285	-0.237774	-0.015207	0.237878	0.971176
9.3	0.999388	-0.0129039	0.0325246	0.0199069	0.974106	-0.225212	-0.0287763	0.225722	0.973767
9.33333	0.998733	-0.0204991	0.0459671	0.0297826	0.976941	-0.211422	-0.0405732	0.212523	0.976313
9.36667	0.997991	-0.0263631	0.0576084	0.0373276	0.979399	-0.198453	-0.0511897	0.200205	0.978416
9.4	0.99715	-0.0315493	0.0685291	0.0438907	0.981413	-0.186821	-0.0613613	0.189296	0.980001
9.43333	0.996245	-0.036342	0.0785863	0.0497216	0.983197	-0.175648	-0.0708824	0.178896	0.981311
9.46667	0.995341	-0.0399208	0.0877677	0.0540565	0.984793	-0.165105	-0.0798419	0.16908	0.982363
9.5	0.99458	-0.0420623	0.0950846	0.0568056	0.985787	-0.158104	-0.087083	0.162649	0.982834
9.53333	0.993959	-0.042147	0.10134	0.0575557	0.986347	-0.154297	-0.0934528	0.159198	0.982814
9.56667	0.993337	-0.0411513	0.107651	0.0572473	0.986876	-0.150992	-0.100025	0.156149	0.982656
9.6	0.992612	-0.0388593	0.114944	0.0558735	0.987299	-0.148723	-0.107705	0.154047	0.982176
9.63333	0.991852	-0.031598	0.123416	0.0510349	0.986173	-0.157662	-0.116727	0.162676	0.979751
9.66667	0.990807	-0.0176418	0.134131	0.0425962	0.981715	-0.18553	-0.128405	0.189538	0.973441
9.7	0.989099	-0.00217557	0.147239	0.0344374	0.975581	-0.216923	-0.143172	0.219629	0.965021
9.73333	0.987098	0.0119884	0.159665	0.0272266	0.970103	-0.241163	-0.157783	0.242399	0.95726
9.76667	0.984988	0.0251522	0.170779	0.0194472	0.966861	-0.254562	-0.171522	0.254062	0.951857
9.8	0.983019	0.0361918	0.1799	0.0109562	0.967034	-0.254412	-0.183177	0.252063	0.950216
9.83333	0.981439	0.0441078	0.186633	0.00219109	0.970548	-0.240897	-0.191761	0.236834	0.952437
9.86667	0.980219	0.0518576	0.191	-0.00793405	0.974583	-0.223886	-0.197756	0.217942	0.955716
9.9	0.979042	0.0600694	0.194596	-0.019301	0.978578	-0.204969	-0.20274	0.196917	0.959229
9.93333	0.977962	0.0678328	0.197458	-0.0311552	0.982574	-0.18324	-0.206447	0.173049	0.963033
9.96667	0.976808	0.0725176	0.201461	-0.0415183	0.987192	-0.154041	-0.210052	0.142105	0.967308
10	0.975948	0.0727983	0.205492	-0.0489267	0.991694	-0.118952	-0.212444	0.106037	0.971403
10.0333	0.975101	0.0707361	0.210175	-0.0530001	0.994633	-0.0888593	-0.215333	0.0755075	0.973617
10.0667	0.974296	0.0678956	0.214797	-0.0539168	0.996069	-0.0702886	-0.218725	0.0569007	0.974126
10.1	0.973909	0.0653875	0.217317	-0.0530022	0.996646	-0.0623461	-0.220665	0.0492012	0.974108
10.1333	0.974044	0.0629932	0.217419	-0.0510355	0.996882	-0.0601877	-0.220532	0.0475294	0.974221
10.1667	0.974526	0.0598086	0.216155	-0.0485236	0.997186	-0.057148	-0.218964	0.0452036	0.974685
10.2	0.975021	0.0559669	0.214947	-0.0456702	0.997572	-0.0525787	-0.217367	0.0414487	0.975209
10.2333	0.97537	0.051988	0.214359	-0.0427701	0.997959	-0.0474215	-0.216387	0.0370854	0.975603
10.2667	0.975578	0.0479511	0.214357	-0.0396756	0.998298	-0.0427456	-0.216041	0.0331969	0.97582
10.3	0.975537	0.0442615	0.215331	-0.0366175	0.998554	-0.0393611	-0.216762	0.0305134	0.975747
10.3333	0.975315	0.0405955	0.217054	-0.0334354	0.998772	-0.0365603	-0.218272	0.0284005	0.975475
10.3667	0.975066	0.0370106	0.218809	-0.0299162	0.998917	-0.0356489	-0.219891	0.0282141	0.975116
10.4	0.974898	0.0336384	0.220096	-0.0259244	0.998947	-0.0378443	-0.221137	0.0311885	0.974744
10.4333	0.974947	0.0309283	0.220275	-0.0217142	0.99879	-0.0441296	-0.221374	0.038241	0.974439
10.4667	0.975048	0.0276765	0.220261	-0.0167044	0.998532	-0.0515217	-0.221364	0.0465568	0.974079
10.5	0.975127	0.0245256	0.220286	-0.0116852	0.998166	-0.059405	-0.221339	0.0553533	0.973625
10.5333	0.975096	0.021613	0.220728	-0.00657752	0.997621	-0.0686267	-0.221686	0.0654658	0.972918
10.5667	0.974849	0.0189523	0.22206	-0.00147096	0.996903	-0.0786256	-0.222863	0.0763214	0.971858
10.6	0.974103	0.0152134	0.225593	0.00474808	0.996137	-0.0876788	-0.226056	0.0864793	0.970268
10.6333	0.973039	0.0114841	0.230354	0.0119566	0.994905	-0.100106	-0.23033	0.100161	0.967944
10.6667	0.972845	0.00877639	0.231291	0.0184707	0.99315	-0.115376	-0.230719	0.116515	0.966019
