0	0	1	0	0	0	-1	-1	0	0
0.0333333	0.997462	-0.0562967	-0.043584	0.0518195	0.993856	-0.0978045	0.0488222	0.0952978	0.994251
0.0666667	0.999261	-0.0151621	-0.0353292	0.0159059	0.999656	0.0208681	0.0350006	-0.0214147	0.999158
0.1	0.999543	-0.00949006	-0.0286854	0.0109719	0.998589	0.0519491	0.0281519	-0.0522401	0.998238
0.133333	0.999643	-0.00827654	-0.0254086	0.00939925	0.99897	0.0443898	0.0250151	-0.0446127	0.998691
0.166667	0.999699	-0.00954587	-0.0226082	0.0102913	0.999399	0.0330884	0.0222787	-0.0333111	0.999197
0.2	0.999755	-0.00936348	-0.0200488	0.00987113	0.999629	0.0253731	0.0198038	-0.0255648	0.999477
0.233333	0.999817	-0.00792168	-0.0174082	0.00832449	0.999696	0.0231896	0.0172192	-0.0233303	0.99958
0.266667	0.999891	-0.00465543	-0.0140366	0.00498292	0.999714	0.023387	0.0139237	-0.0234544	0.999628
0.3	0.999944	-0.00154239	-0.0105173	0.00174086	0.99982	0.0188874	0.0104863	-0.0189047	0.999766
0.333333	0.999973	0.00131378	-0.00726907	-0.00118999	0.999855	0.017008	0.00729036	-0.0169988	0.999829
0.366667	0.999983	0.00404263	-0.00416847	-0.00397399	0.999859	0.0163437	0.00423395	-0.0163269	0.999858
0.4	0.999985	0.00529993	-0.000990202	-0.0052891	0.999929	0.0106386	0.00104652	-0.0106332	0.999943
0.433333	0.99998	0.00616736	0.00159106	-0.00617692	0.999962	0.00607192	-0.00155355	-0.00608162	0.99998
0.466667	0.999968	0.00699755	0.00394078	-0.00701285	0.999968	0.00388377	-0.00391348	-0.00391128	0.999985
0.5	0.999963	0.00632299	0.00585489	-0.00632526	0.99998	0.000367842	-0.00585245	-0.000404862	0.999983
0.533333	0.999963	0.00493206	0.00699568	-0.00490653	0.999981	-0.00366166	-0.00701361	0.0036272	0.999969
0.566667	0.999963	0.00314094	0.00806582	-0.00307397	0.999961	-0.00830227	-0.00809158	0.00827716	0.999933
0.6	0.999962	0.00211567	0.00849751	-0.00201164	0.999923	-0.0122321	-0.00852274	0.0122145	0.999889
0.633333	0.999963	0.00106941	0.0085867	-0.000956116	0.999913	-0.0131875	-0.00860006	0.0131788	0.999876
0.666667	0.999966	1.87279e-05	0.00826638	0.000105373	0.999887	-0.015012	-0.00826573	0.0150124	0.999853
0.7	0.999972	-0.000879898	0.00744882	0.00100261	0.999864	-0.016486	-0.00743329	0.016493	0.999836
0.733333	0.99998	-0.00181583	0.00611401	0.00190274	0.999897	-0.0142393	-0.00608752	0.0142506	0.99988
0.766667	0.999984	-0.00300595	0.00477932	0.00307114	0.999902	-0.0136909	-0.0047377	0.0137054	0.999895
0.8	0.999986	-0.00419772	0.00309557	0.00423432	0.99992	-0.0119135	-0.00304531	0.0119265	0.999924
0.833333	0.999984	-0.00545453	0.00139337	0.00547215	0.999901	-0.0129705	-0.00132248	0.0129779	0.999915
0.866667	0.99998	-0.00627391	-0.000195267	0.00627142	0.999922	-0.0108392	0.000263256	0.0108378	0.999941
0.9	0.999975	-0.00683224	-0.00166764	0.00681204	0.999907	-0.01183	0.00174831	0.0118184	0.999929
0.933333	0.999967	-0.00751603	-0.0031957	0.00747896	0.999906	-0.0114585	0.00328152	0.0114342	0.999929
0.966667	0.999962	-0.00741082	-0.00459452	0.00734726	0.999879	-0.013701	0.0046955	0.0136667	0.999896
1	0.999963	-0.00644509	-0.00562818	0.00636217	0.999873	-0.014629	0.00572175	0.0145927	0.999877
1.03333	0.999971	-0.00472044	-0.0060148	0.0046467	0.999915	-0.012215	0.00607195	0.0121867	0.999907
1.06667	0.999975	-0.00387416	-0.00589033	0.00380196	0.999918	-0.0122204	0.00593719	0.0121977	0.999908
1.1	0.999975	-0.00406789	-0.0057382	0.0039901	0.999901	-0.0135038	0.00579256	0.0134805	0.999892
1.13333	0.999973	-0.00470814	-0.00556364	0.00462112	0.999868	-0.0155514	0.00563612	0.0155253	0.999864
1.16667	0.99997	-0.00569876	-0.00523963	0.00561983	0.999872	-0.0149559	0.00532419	0.014926	0.999874
1.2	0.999965	-0.00673913	-0.00503309	0.00667474	0.999897	-0.0127038	0.00511818	0.0126698	0.999907
1.23333	0.999958	-0.00778294	-0.00479125	0.00772043	0.999887	-0.01293	0.00489134	0.0128925	0.999905
1.26667	0.999955	-0.00825248	-0.00477771	0.00818178	0.999859	-0.0146345	0.00489781	0.0145947	0.999881
1.3	0.999965	-0.00706441	-0.00455378	0.00699777	0.999871	-0.0144872	0.00465554	0.0144548	0.999885
1.33333	0.999977	-0.00525375	-0.00429637	0.00520049	0.999911	-0.0123129	0.00436068	0.0122903	0.999915
1.36667	0.999982	-0.00415872	-0.00423654	0.00410301	0.999906	-0.0130733	0.00429051	0.0130557	0.999906
1.4	0.999986	-0.003261	-0.0042195	0.00319728	0.999882	-0.0150224	0.00426799	0.0150087	0.999878
1.43333	0.99999	-0.00205731	-0.00396951	0.00199267	0.999866	-0.0162209	0.00400235	0.0162129	0.999861
1.46667	0.999991	-0.00099731	-0.00410311	0.000925731	0.999848	-0.0174099	0.00411985	0.017406	0.99984
1.5	0.999991	-0.000273797	-0.00433915	0.000193567	0.999829	-0.0184792	0.00434347	0.0184782	0.99982
1.53333	0.99999	0.00088275	-0.00445918	-0.000959627	0.99985	-0.0172675	0.00444327	0.0172717	0.999841
1.56667	0.999989	0.00156019	-0.00436748	-0.00163436	0.999854	-0.0170316	0.00434027	0.0170386	0.999845
1.6	0.99999	0.00106111	-0.004422	-0.00114398	0.999823	-0.0187801	0.00440129	0.018785	0.999814
1.63333	0.999991	0.000213385	-0.00425146	-0.000295778	0.999812	-0.0193886	0.00424653	0.0193897	0.999803
1.66667	0.999992	-0.00102345	-0.00397341	0.000946582	0.999813	-0.0193006	0.00399242	0.0192966	0.999806
1.7	0.999992	-0.0017555	-0.00367411	0.00167903	0.999784	-0.0207139	0.00370968	0.0207076	0.999779
1.73333	0.999991	-0.00295933	-0.00310774	0.0028942	0.99978	-0.0207575	0.00316849	0.0207484	0.99978
1.76667	0.999987	-0.0044357	-0.00260848	0.0043798	0.999769	-0.0210591	0.00270129	0.0210474	0.999775
1.8	0.999979	-0.00604682	-0.00250249	0.00599076	0.999744	-0.0218343	0.00263388	0.0218188	0.999758
1.83333	0.999966	-0.00786943	-0.00255609	0.00781155	0.999729	-0.0219158	0.00272787	0.0218951	0.999757
1.86667	0.999948	-0.00974476	-0.00302127	0.00967313	0.999691	-0.0228794	0.00324329	0.022849	0.999734
1.9	0.999931	-0.011185	-0.00366148	0.0110982	0.999676	-0.0229235	0.00391669	0.0228812	0.999731
1.93333	0.99991	-0.0126067	-0.00450539	0.012495	0.999634	-0.0240147	0.00480649	0.0239562	0.999701
1.96667	0.999885	-0.014064	-0.00570246	0.013916	0.999585	-0.0252118	0.00605467	0.0251295	0.999666
2	0.999845	-0.0160986	-0.00707024	0.0159072	0.999527	-0.0263371	0.00749088	0.0262205	0.999628
2.03333	0.999802	-0.0180389	-0.0084206	0.0178134	0.9995	-0.0261287	0.00888772	0.0259736	0.999623
2.06667	0.999762	-0.0195639	-0.00961399	0.0193119	0.999485	-0.0256363	0.0101106	0.0254446	0.999625
2.1	0.999742	-0.0203434	-0.0101255	0.020075	0.999462	-0.0259313	0.0106476	0.0257213	0.999612
2.13333	0.999736	-0.020124	-0.0110466	0.0198308	0.999464	-0.0260388	0.0115646	0.0258128	0.9996
2.16667	0.999777	-0.018181	-0.0107423	0.017887	0.999479	-0.0268609	0.0112251	0.0266628	0.999581
2.2	0.999841	-0.0147858	-0.00997687	0.0144839	0.999454	-0.0296851	0.0104103	0.0295358	0.99951
2.23333	0.999917	-0.00932197	-0.00888653	0.00902837	0.99943	-0.0325255	0.00918467	0.0324426	0.999431
2.26667	0.999947	-0.00353315	-0.00963896	0.0031784	0.999326	-0.0365739	0.00976168	0.0365413	0.999284
2.3	0.999924	0.000541294	-0.0123569	-0.00101172	0.999274	-0.0380955	0.0123273	0.0381051	0.999198
2.33333	0.999863	0.00150985	-0.0164932	-0.00212995	0.999289	-0.0376447	0.0164246	0.0376747	0.999155
2.36667	0.999786	0.000668204	-0.0206606	-0.00141494	0.999345	-0.0361494	0.0206229	0.0361709	0.999133
2.4	0.999706	-0.00144578	-0.0241893	0.000652431	0.999463	-0.0327735	0.0242237	0.0327481	0.99917
2.43333	0.999596	-0.00338572	-0.0282282	0.00245421	0.999453	-0.0329688	0.0283244	0.0328862	0.999058
2.46667	0.99947	-0.00545398	-0.0320984	0.00436192	0.999413	-0.0339943	0.032265	0.0338363	0.998906
2.5	0.99933	-0.00642536	-0.0360279	0.00525359	0.999457	-0.0325246	0.0362173	0.0323135	0.998821
2.53333	0.999229	-0.00633371	-0.0387427	0.00516299	0.999529	-0.0302438	0.038916	0.0300204	0.998791
2.56667	0.999191	-0.00538252	-0.0398495	0.00424243	0.999581	-0.0286394	0.0399869	0.0284472	0.998795
2.6	0.999214	-0.0037134	-0.039457	0.00265836	0.999638	-0.0267577	0.0395421	0.0266318	0.998863
2.63333	0.999298	-0.00233474	-0.0373932	0.00148295	0.999739	-0.0227909	0.0374367	0.0227194	0.999041
2.66667	0.999517	-0.00135911	-0.0310533	0.000780999	0.999826	-0.0186213	0.0310732	0.018588	0.999344
2.7	0.999796	-0.000863018	-0.0201731	0.000579441	0.999901	-0.0140588	0.0201832	0.0140442	0.999698
2.73333	0.999975	-0.00196215	-0.00681303	0.00185903	0.999884	-0.0151094	0.00684189	0.0150963	0.999863
2.76667	0.99998	0.000464027	0.00625078	-0.000331012	0.999774	-0.0212639	-0.00625923	0.0212614	0.999754
2.8	0.999802	0.00339426	0.019588	-0.00289531	0.999672	-0.0254446	-0.019668	0.0253829	0.999484
2.83333	0.999576	-0.000180781	0.0291167	0.000709384	0.999835	-0.0181453	-0.0291086	0.0181583	0.999411
2.86667	0.999323	-0.0111031	0.0350641	0.0113377	0.999915	-0.00649951	-0.0349889	0.00689266	0.999364
2.9	0.999024	-0.0251995	0.036271	0.025625	0.999608	-0.0113134	-0.0359717	0.0122318	0.999278
2.93333	0.998773	-0.0397467	0.0295281	0.0408164	0.998498	-0.0365543	-0.0280308	0.0377147	0.998895
2.96667	0.998455	-0.0531256	0.0162959	0.0540703	0.996459	-0.0643848	-0.0128177	0.0651664	0.997792
3	0.997959	-0.0638274	-0.00198025	0.0634769	0.994908	-0.0782926	0.00696738	0.0780071	0.996928
3.03333	0.997567	-0.0662551	-0.0217065	0.064811	0.995996	-0.0615712	0.025699	0.0600145	0.997867
3.06667	0.997317	-0.0614107	-0.0398494	0.0606524	0.997959	-0.0199679	0.0409943	0.0174974	0.999006
3.1	0.996912	-0.0559152	-0.0551366	0.057356	0.998043	0.024903	0.0536362	-0.0279885	0.998168
3.13333	0.996392	-0.0547671	-0.0648402	0.0585138	0.996637	0.057369	0.0614802	-0.060956	0.996245
3.16667	0.995815	-0.0586019	-0.0701291	0.0634515	0.995593	0.069049	0.0657737	-0.0732099	0.995145
3.2	0.995431	-0.0639493	-0.0709108	0.068616	0.995494	0.0654528	0.0664056	-0.0700194	0.995333
3.23333	0.995426	-0.067299	-0.0678114	0.071065	0.995968	0.0547446	0.0638538	-0.0593132	0.996195
3.26667	0.995837	-0.0663754	-0.062468	0.0693317	0.996514	0.0464094	0.0591697	-0.0505472	0.996967
3.3	0.996569	-0.0613107	-0.0555937	0.0635729	0.99718	0.039877	0.052992	-0.0432745	0.997657
3.33333	0.997455	-0.0532102	-0.0474506	0.0549438	0.99784	0.0360109	0.0454319	-0.0385264	0.998224
3.36667	0.998292	-0.0435533	-0.0389306	0.0449011	0.998397	0.0344442	0.0373681	-0.0361334	0.998648
3.4	0.999018	-0.0323278	-0.0302881	0.0334484	0.998746	0.0372525	0.0290458	-0.038229	0.998847
3.43333	0.999545	-0.0210291	-0.0216203	0.0218782	0.998967	0.0398164	0.0207607	-0.0402713	0.998973
3.46667	0.999872	-0.00955879	-0.0128405	0.0101255	0.998944	0.0448211	0.0123985	-0.0449454	0.998913
3.5	0.999989	0.00128852	-0.00451593	-0.00105246	0.998652	0.0518903	0.00457671	-0.0518849	0.998643
3.53333	0.999951	0.0090093	0.00402466	-0.00922257	0.998357	0.0565579	-0.0035085	-0.0565923	0.998391
3.56667	0.999846	0.0115393	0.0132001	-0.0122738	0.998299	0.0569936	-0.01252	-0.0571469	0.998287
3.6	0.999674	0.00985703	0.0235416	-0.0112333	0.998191	0.0590653	-0.0229168	-0.0593105	0.997976
3.63333	0.999374	0.00378558	0.035171	-0.00596059	0.998062	0.0619437	-0.0348683	-0.0621146	0.99746
3.66667	0.998851	-0.00492242	0.0476655	0.0020398	0.998176	0.0603368	-0.0478755	-0.0601703	0.997039
3.7	0.998211	-0.00955959	0.0590144	0.00698621	0.999022	0.0436594	-0.059374	-0.043169	0.997302
3.73333	0.99765	-0.0119208	0.0674672	0.0107272	0.99978	0.0180273	-0.0676672	-0.0172612	0.997559
3.76667	0.997435	-0.0127614	0.0704297	0.0134506	0.999866	-0.00931991	-0.0703013	0.0102433	0.997473
3.8	0.997814	-0.0130253	0.0647868	0.0153239	0.999266	-0.0351093	-0.0642819	0.0360254	0.997281
3.83333	0.998515	-0.013394	0.0528113	0.0165873	0.99803	-0.0604989	-0.0518969	0.061285	0.99677
3.86667	0.999181	-0.0138418	0.0380171	0.0168497	0.996654	-0.0799751	-0.0367829	0.0805502	0.996072
3.9	0.999747	-0.00892921	0.0206588	0.0105133	0.996907	-0.0778844	-0.0198995	0.0780819	0.996748
3.93333	0.999996	-0.0017175	-0.00208634	0.00157109	0.997667	-0.0682545	0.0021987	0.068251	0.997666
3.96667	0.999508	0.00388299	-0.0311329	-0.00576417	0.998148	-0.0605642	0.0308401	0.0607138	0.997679
4	0.997952	0.00678344	-0.0636013	-0.010469	0.998274	-0.0577948	0.0630994	0.0583423	0.9963
4.03333	0.995255	0.00924803	-0.0968641	-0.0140263	0.998712	-0.0487659	0.0962884	0.0498932	0.994102
4.06667	0.99155	0.0140872	-0.128957	-0.0185233	0.999275	-0.0332649	0.128395	0.0353725	0.991092
4.1	0.986967	0.0199906	-0.159675	-0.0228179	0.999613	-0.0158925	0.159295	0.0193288	0.987042
4.13333	0.982038	0.0249933	-0.187022	-0.0257024	0.999669	-0.0013671	0.186926	0.00614945	0.982355
4.16667	0.977159	0.0301748	-0.210355	-0.0284507	0.999532	0.0112185	0.210595	-0.00497753	0.977561
4.2	0.972922	0.0351902	-0.228439	-0.0302727	0.999229	0.024996	0.229143	-0.0174036	0.973237
4.23333	0.9696	0.04079	-0.24127	-0.032057	0.998685	0.0400129	0.242585	-0.0310621	0.969633
4.26667	0.967572	0.0465575	-0.248268	-0.0341551	0.997955	0.0540336	0.250276	-0.0438018	0.967183
4.3	0.966954	0.0526147	-0.249462	-0.0380204	0.997291	0.0629682	0.252099	-0.0514027	0.966335
4.33333	0.967983	0.0581231	-0.244194	-0.0434935	0.996944	0.0648849	0.247219	-0.0521866	0.967553
4.36667	0.970184	0.0634847	-0.233908	-0.0508096	0.996915	0.0598276	0.236984	-0.046159	0.970416
4.4	0.973234	0.069029	-0.219205	-0.0594086	0.996971	0.0501881	0.222006	-0.0358221	0.974387
4.43333	0.976841	0.0741838	-0.200695	-0.0679296	0.996971	0.0378818	0.202897	-0.0233714	0.978921
4.46667	0.980851	0.0775113	-0.178669	-0.0746032	0.996949	0.0229488	0.179903	-0.00918008	0.983642
4.5	0.984866	0.0793305	-0.154096	-0.0793959	0.996827	0.00573949	0.154062	0.00658197	0.988039
4.53333	0.988888	0.0780984	-0.126495	-0.0801659	0.996717	-0.011329	0.125195	0.0213438	0.991902
4.56667	0.992608	0.0737995	-0.0963458	-0.0765478	0.996749	-0.0251428	0.094177	0.032332	0.99503
4.6	0.995728	0.0664482	-0.0641186	-0.0687835	0.99702	-0.0349261	0.0616067	0.0391872	0.997331
4.63333	0.997919	0.0562153	-0.0315791	-0.0574836	0.997512	-0.040803	0.0292068	0.0425334	0.998668
4.66667	0.999056	0.0434353	0.000288549	-0.0433821	0.99812	-0.0432896	-0.0021683	0.0432362	0.999063
4.7	0.999153	0.0279797	0.0301643	-0.0266409	0.99868	-0.0439074	-0.031353	0.0430666	0.99858
4.73333	0.998144	0.0123244	0.0596435	-0.00957032	0.998884	-0.0462432	-0.0601468	0.0455865	0.997148
4.76667	0.99612	-0.0013933	0.0879984	0.00554056	0.998884	-0.0469022	-0.0878349	0.0472077	0.995016
4.8	0.993346	-0.0131913	0.114414	0.0190741	0.998543	-0.0504751	-0.113581	0.0523215	0.99215
4.83333	0.990282	-0.0242142	0.136946	0.0317844	0.998069	-0.0533646	-0.13539	0.0571988	0.98914
4.86667	0.987692	-0.034988	0.15245	0.0431278	0.997797	-0.0504169	-0.15035	0.0563712	0.987024
4.9	0.98642	-0.03861	0.159638	0.0460134	0.998017	-0.0429413	-0.157663	0.0497036	0.986241
4.93333	0.986586	-0.0401152	0.158235	0.0455575	0.998483	-0.0309163	-0.156754	0.0377103	0.986917
4.96667	0.987617	-0.0515185	0.148186	0.0535816	0.998514	-0.00996109	-0.147453	0.0177778	0.988909
5	0.988679	-0.067673	0.133921	0.0669575	0.997707	0.00984458	-0.13428	-0.000766127	0.990943
5.03333	0.990019	-0.0772262	0.11789	0.0762711	0.997008	0.0125988	-0.118511	-0.00348138	0.992947
5.06667	0.992336	-0.0767687	0.0968251	0.0783157	0.996853	-0.0122732	-0.0955782	0.019762	0.995226
5.1	0.994919	-0.0733409	0.0689748	0.0775424	0.995161	-0.0603465	-0.0642152	0.0653884	0.995792
5.13333	0.996995	-0.0688721	0.0354706	0.0723356	0.991517	-0.107986	-0.0277325	0.110228	0.993519
5.16667	0.998008	-0.0630887	-0.000820792	0.0623065	0.987516	-0.144672	0.00993769	0.144332	0.989479
5.2	0.997794	-0.0549059	-0.0373218	0.0484643	0.986606	-0.155756	0.0453738	0.153603	0.98709
5.23333	0.996791	-0.0376471	-0.0706457	0.0282264	0.991125	-0.129904	0.0749092	0.127493	0.989007
5.26667	0.994972	-0.0143253	-0.0991252	0.00581262	0.996309	-0.0856391	0.0999861	0.0846323	0.991383
5.3	0.992367	0.00382576	-0.123257	-0.00941819	0.998951	-0.0448215	0.122956	0.0456402	0.991362
5.33333	0.989544	0.0119533	-0.143732	-0.0158737	0.999532	-0.0261601	0.143352	0.0281682	0.989271
5.36667	0.987119	0.00873173	-0.159751	-0.013532	0.999488	-0.0289855	0.159416	0.0307739	0.986732
5.4	0.985191	0.00282539	-0.171435	-0.00885963	0.999367	-0.0344435	0.171229	0.0354523	0.984593
5.43333	0.984042	0.000119172	-0.177936	-0.00607467	0.999439	-0.0329255	0.177832	0.0334809	0.983491
5.46667	0.983923	0.00275694	-0.178571	-0.00702203	0.999705	-0.0232569	0.178454	0.024137	0.983652
5.5	0.984721	0.00829048	-0.173944	-0.0106684	0.999862	-0.0127403	0.173814	0.0144013	0.984673
5.53333	0.986102	0.0136162	-0.165584	-0.0152344	0.999848	-0.00850646	0.165443	0.0109108	0.986159
5.56667	0.987921	0.0180467	-0.153904	-0.0195389	0.999776	-0.00818858	0.153722	0.0110968	0.988052
5.6	0.990002	0.0210578	-0.139474	-0.0232399	0.999631	-0.0140349	0.139127	0.0171359	0.990126
5.63333	0.992065	0.0228999	-0.123619	-0.0260825	0.999367	-0.0241885	0.122987	0.0272209	0.992035
5.66667	0.993986	0.0213105	-0.107412	-0.0252807	0.999041	-0.0357374	0.106548	0.038238	0.993572
5.7	0.9958	0.0161051	-0.0901227	-0.0205804	0.998589	-0.0489516	0.0892072	0.0506008	0.994727
5.73333	0.997413	0.00747752	-0.071498	-0.0116957	0.998204	-0.0587614	0.0709302	0.0594456	0.995708
5.76667	0.99883	0.000560607	-0.0483582	-0.00288378	0.998844	-0.0479846	0.0482754	0.0480679	0.997677
5.8	0.999721	-0.00806359	-0.0222118	0.00740873	0.99954	-0.0294086	0.0224388	0.0292359	0.999321
5.83333	0.999754	-0.0213933	0.00584465	0.0215023	0.999583	-0.0192731	-0.00542989	0.0193941	0.999797
5.86667	0.998771	-0.0353031	0.0347822	0.0360956	0.999097	-0.0224258	-0.0339591	0.0236538	0.999143
5.9	0.996998	-0.0484672	0.0603781	0.0497849	0.998549	-0.0205126	-0.0592963	0.0234569	0.997965
5.93333	0.994692	-0.0597455	0.083781	0.0641371	0.99665	-0.0507427	-0.0804687	0.0558468	0.995191
5.96667	0.992915	-0.070491	0.0956609	0.0777415	0.9942	-0.0743093	-0.089868	0.0812196	0.992636
6	0.991763	-0.0803772	0.0997301	0.0895114	0.991841	-0.0907716	-0.0916204	0.0989509	0.990865
6.03333	0.991548	-0.0873277	0.0959502	0.0957696	0.991575	-0.0872139	-0.0875257	0.0956659	0.991558
6.06667	0.992615	-0.0891528	0.0822674	0.0937846	0.994113	-0.0542624	-0.0769455	0.0615771	0.995132
6.1	0.99444	-0.0822335	0.0657785	0.0848286	0.995683	-0.0376776	-0.0623962	0.043048	0.997123
6.13333	0.996601	-0.0705898	0.0424572	0.0715735	0.99719	-0.0221127	-0.040777	0.0250764	0.998854
6.16667	0.998336	-0.0556197	0.0152068	0.055827	0.998348	-0.0135642	-0.0144272	0.0143906	0.999792
6.2	0.999042	-0.0419993	-0.0123228	0.0417678	0.998957	-0.0184736	0.0130858	0.0179412	0.999753
6.23333	0.99865	-0.031287	-0.0414569	0.0302599	0.999225	-0.0251758	0.0422124	0.0238874	0.998823
6.26667	0.997112	-0.0244839	-0.0718883	0.0222661	0.999256	-0.0314928	0.0726059	0.0298012	0.996915
6.3	0.994479	-0.0197483	-0.103059	0.0160863	0.999213	-0.0362447	0.103694	0.0343868	0.994015
6.33333	0.990957	-0.0158879	-0.133238	0.0111131	0.999272	-0.0365037	0.133721	0.0346929	0.990412
6.36667	0.986831	-0.0110951	-0.161375	0.00610775	0.999489	-0.0313685	0.16164	0.0299698	0.986395
6.4	0.982641	-0.00534547	-0.18544	0.00196656	0.999829	-0.0184002	0.185507	0.0177161	0.982483
6.43333	0.97886	0.000157127	-0.204533	-0.000531601	0.999998	-0.00177593	0.204533	0.00184711	0.978858
6.46667	0.975892	0.00519644	-0.218194	-0.00202792	0.999889	0.014743	0.218246	-0.0139451	0.975794
6.5	0.974016	0.00873277	-0.226309	-0.0028093	0.999645	0.0264831	0.22646	-0.0251592	0.973695
6.53333	0.973417	0.00971036	-0.228833	-0.00282031	0.999533	0.0304172	0.229022	-0.0289633	0.97299
6.56667	0.974281	0.0089819	-0.225159	-0.00261477	0.999589	0.0285607	0.225323	-0.0272374	0.973903
6.6	0.976464	0.00777041	-0.21554	-0.002578	0.9997	0.024361	0.215664	-0.023232	0.976191
6.63333	0.979672	0.00697661	-0.200482	-0.00337182	0.999827	0.0183164	0.200575	-0.0172681	0.979526
6.66667	0.98365	0.00625977	-0.179983	-0.00461946	0.999944	0.00953135	0.180033	-0.00854408	0.983623
6.7	0.987985	0.00577294	-0.15444	-0.00606861	0.999981	-0.00144313	0.154428	0.00236302	0.988001
6.73333	0.992192	0.00452544	-0.124635	-0.00672793	0.999828	-0.0172563	0.124535	0.0179601	0.992053
6.76667	0.99589	0.00318335	-0.0905179	-0.00647796	0.999326	-0.0361269	0.0903419	0.0365648	0.995239
6.8	0.998573	0.00123568	-0.053396	-0.00439904	0.998238	-0.0591665	0.0532288	0.0593169	0.996819
6.83333	0.999867	-0.00286029	-0.0160838	0.00152638	0.996603	-0.0823436	0.0162647	0.082308	0.996474
6.86667	0.999737	-0.0114961	0.0198207	0.0136266	0.993733	-0.110943	-0.0184211	0.111184	0.993629
6.9	0.998424	-0.0211907	0.051975	0.027925	0.990793	-0.132476	-0.0486892	0.133718	0.989823
6.93333	0.996328	-0.0298438	0.080243	0.0408835	0.989354	-0.139666	-0.0752206	0.142434	0.986942
6.96667	0.993802	-0.0410181	0.103323	0.0545054	0.989843	-0.131298	-0.0968884	0.136115	0.985944
7	0.990845	-0.0637896	0.118986	0.0770566	0.990889	-0.110455	-0.110856	0.118612	0.986733
7.03333	0.987674	-0.0896608	0.128303	0.102262	0.990187	-0.0952459	-0.118505	0.107192	0.987151
7.06667	0.9854	-0.108569	0.131151	0.122265	0.987312	-0.101323	-0.118486	0.115879	0.986171
7.1	0.984907	-0.120158	0.12458	0.135574	0.983016	-0.123694	-0.107601	0.138717	0.984469
7.13333	0.986158	-0.124291	0.109745	0.140063	0.978687	-0.150181	-0.0887397	0.163474	0.982549
7.16667	0.989222	-0.11944	0.0846956	0.131961	0.977891	-0.16222	-0.0634475	0.171648	0.983113
7.2	0.992996	-0.105767	0.052654	0.113136	0.979653	-0.165772	-0.0340495	0.170568	0.984757
7.23333	0.996192	-0.0859661	0.0145213	0.0871653	0.98551	-0.145508	-0.0018021	0.14622	0.98925
7.26667	0.997762	-0.0621187	-0.0247366	0.0592699	0.992936	-0.102788	0.030947	0.101092	0.994396
7.3	0.99756	-0.0357748	-0.0599555	0.0327104	0.998146	-0.0513357	0.0616808	0.0492493	0.99688
7.33333	0.996032	-0.012967	-0.0880448	0.0119188	0.999852	-0.0124213	0.0881928	0.0113226	0.996039
7.36667	0.993843	0.000765248	-0.110799	-0.000745586	1	0.000218895	0.110799	-0.000134937	0.993843
7.4	0.991367	0.00477615	-0.131027	-0.00653535	0.999894	-0.0129995	0.130951	0.0137436	0.991294
7.43333	0.988949	0.00583965	-0.148141	-0.0113151	0.999282	-0.0361455	0.147823	0.0374223	0.988306
7.46667	0.986878	0.0112477	-0.161074	-0.0196907	0.998509	-0.0509171	0.160261	0.0534207	0.985628
7.5	0.985371	0.02443	-0.168663	-0.0332891	0.998199	-0.0498993	0.16714	0.054784	0.98441
7.53333	0.984284	0.042983	-0.171284	-0.0503313	0.997979	-0.0387906	0.16927	0.0468019	0.984458
7.56667	0.983307	0.0626468	-0.170829	-0.0676839	0.997422	-0.0238171	0.168896	0.0349819	0.985013
7.6	0.982635	0.0804016	-0.167223	-0.0825785	0.996566	-0.00609351	0.166159	0.0197968	0.9859
7.63333	0.982707	0.0944607	-0.159261	-0.0932347	0.995529	0.0151696	0.159982	-5.8584e-05	0.98712
7.66667	0.983701	0.103176	-0.147268	-0.0988413	0.994435	0.036472	0.150211	-0.0213214	0.988424
7.7	0.985492	0.106315	-0.132294	-0.0999362	0.993529	0.0539736	0.137176	-0.0399696	0.98974
7.73333	0.987964	0.104815	-0.113754	-0.0975283	0.992917	0.067847	0.12006	-0.0559361	0.99119
7.76667	0.990774	0.0996001	-0.0919083	-0.0921786	0.992381	0.0817462	0.09935	-0.07252	0.992406
7.8	0.993646	0.0887629	-0.0692075	-0.0823432	0.992471	0.0906651	0.0767342	-0.0843902	0.993474
7.83333	0.996326	0.07256	-0.0454997	-0.0679468	0.993076	0.0958328	0.0521383	-0.0923892	0.994357
7.86667	0.998364	0.0537245	-0.0195743	-0.0512939	0.992762	0.108594	0.0252668	-0.107412	0.993893
7.9	0.99937	0.0343125	0.00903098	-0.0350936	0.993415	0.109067	-0.00522916	-0.109315	0.993993
7.93333	0.999114	0.0126402	0.0401342	-0.0158855	0.996538	0.0816009	-0.0389638	-0.0821662	0.995857
7.96667	0.997322	-0.00669138	0.0728221	0.00505029	0.99973	0.0226964	-0.0729543	-0.0222678	0.997087
8	0.994707	-0.0246541	0.0997537	0.0293871	0.998497	-0.0462586	-0.0984633	0.0489452	0.993936
8.03333	0.992133	-0.040885	0.118322	0.0539493	0.992532	-0.109407	-0.112965	0.114929	0.98693
8.06667	0.990389	-0.0495596	0.129122	0.0699089	0.984933	-0.158177	-0.119338	0.165683	0.978932
8.1	0.990529	-0.0498278	0.127944	0.0710955	0.983312	-0.167463	-0.117465	0.174973	0.977541
8.13333	0.992615	-0.0412652	0.114071	0.0572402	0.988421	-0.140528	-0.106951	0.146019	0.983484
8.16667	0.995401	-0.0269444	0.0919286	0.037282	0.992934	-0.112658	-0.0882435	0.115567	0.989372
8.2	0.997837	-0.014516	0.0641136	0.0203615	0.995598	-0.0914834	-0.0625034	0.0925909	0.993741
8.23333	0.999485	-0.0040518	0.0318313	0.0066739	0.996552	-0.0827058	-0.0313864	0.0828756	0.996066
8.26667	0.999966	0.00729733	-0.00377719	-0.00758644	0.996501	-0.083232	0.0031566	0.0832578	0.996523
8.3	0.998917	0.0184903	-0.042688	-0.0221825	0.995899	-0.0877062	0.0408913	0.0885581	0.995231
8.33333	0.995862	0.0305349	-0.0855956	-0.0380298	0.995452	-0.0873455	0.0825392	0.0902392	0.992494
8.36667	0.990571	0.0454553	-0.129236	-0.0555785	0.99557	-0.0758344	0.125217	0.0823022	0.98871
8.4	0.983051	0.0652188	-0.171337	-0.0748176	0.995934	-0.0501694	0.167368	0.0621381	0.983934
8.43333	0.974301	0.0873658	-0.207615	-0.093008	0.995511	-0.0175527	0.20515	0.0364115	0.978053
8.46667	0.965586	0.10986	-0.235744	-0.108859	0.993907	0.0173006	0.236208	0.00895764	0.971661
8.5	0.958549	0.126944	-0.255085	-0.120831	0.991885	0.0395597	0.258036	-0.00709778	0.966109
8.53333	0.954215	0.137134	-0.265834	-0.129214	0.990495	0.0471431	0.269772	-0.0106351	0.962865
8.56667	0.952289	0.139574	-0.271411	-0.132184	0.990184	0.0454157	0.275086	-0.00737276	0.961391
8.6	0.953106	0.139726	-0.268452	-0.13454	0.99019	0.0377152	0.271088	0.000170862	0.962555
8.63333	0.95606	0.138536	-0.258373	-0.136047	0.990318	0.0275782	0.259692	0.00878434	0.965652
8.66667	0.960787	0.136652	-0.241277	-0.1375	0.990411	0.0133984	0.240794	0.0203026	0.970364
8.7	0.96694	0.134697	-0.216525	-0.139709	0.990161	-0.00793522	0.213326	0.0379234	0.976245
8.73333	0.974174	0.129097	-0.185253	-0.139206	0.989347	-0.0425861	0.177782	0.0672747	0.981768
8.76667	0.982113	0.118583	-0.146263	-0.132506	0.987141	-0.089409	0.13378	0.10719	0.985197
8.8	0.989358	0.106776	-0.0988418	-0.119473	0.983888	-0.133003	0.0830479	0.143396	0.986175
8.83333	0.9945	0.0936465	-0.0469096	-0.0998459	0.982931	-0.154524	0.0316383	0.158357	0.986875
8.86667	0.997028	0.07704	-0.000164082	-0.0763449	0.987742	-0.136149	-0.0103268	0.135756	0.990688
8.9	0.99743	0.055263	0.0456042	-0.049436	0.99151	-0.12027	-0.0518635	0.117706	0.991693
8.93333	0.995968	0.0272926	0.0854555	-0.0179889	0.994009	-0.107807	-0.0878858	0.105835	0.990492
8.96667	0.992949	-0.0083775	0.118245	0.0180904	0.996525	-0.0813095	-0.117153	0.0828753	0.98965
9	0.98795	-0.0570285	0.143883	0.063267	0.997228	-0.0391583	-0.141251	0.0477895	0.98882
9.03333	0.979982	-0.114834	0.162632	0.117306	0.99308	-0.00564968	-0.160858	0.0246143	0.986671
9.06667	0.97062	-0.168516	0.171756	0.172597	0.984951	-0.00900485	-0.167653	0.0383848	0.985098
9.1	0.963691	-0.204811	0.171326	0.215194	0.97557	-0.0442064	-0.158087	0.0794697	0.984222
9.13333	0.96235	-0.222601	0.155984	0.237315	0.967891	-0.0828742	-0.132528	0.116771	0.984277
9.16667	0.967452	-0.221541	0.122293	0.233844	0.967376	-0.0974698	-0.0967102	0.122895	0.987696
9.2	0.976419	-0.203822	0.0711475	0.209023	0.974995	-0.07546	-0.0539881	0.088552	0.994607
9.23333	0.986106	-0.165798	0.0102993	0.165995	0.985864	-0.0227366	-0.00638403	0.0241304	0.999688
9.26667	0.99212	-0.115151	-0.0493717	0.11729	0.992172	0.0428652	0.0440493	-0.0483183	0.99786
9.3	0.993575	-0.0605214	-0.095637	0.0705989	0.991882	0.105767	0.0884594	-0.111839	0.989781
9.33333	0.992112	-0.012685	-0.124712	0.0305182	0.989375	0.142145	0.121584	-0.14483	0.981958
9.36667	0.989888	0.0240116	-0.139803	-0.00311781	0.989014	0.14779	0.141816	-0.14586	0.979088
9.4	0.987751	0.0517683	-0.147201	-0.0326581	0.991055	0.129396	0.152583	-0.123004	0.980606
9.43333	0.985761	0.0754007	-0.150297	-0.060629	0.993082	0.100557	0.15684	-0.0900127	0.983514
9.46667	0.984169	0.0915416	-0.151765	-0.0839513	0.994912	0.0557023	0.156091	-0.0420796	0.986846
9.5	0.982849	0.0893711	-0.161308	-0.0944853	0.99523	-0.0243017	0.158367	0.0391261	0.986605
9.53333	0.98211	0.0675152	-0.175791	-0.0900207	0.98827	-0.123368	0.1654	0.136986	0.976667
9.56667	0.981701	0.0430281	-0.185506	-0.0811423	0.975796	-0.203071	0.172278	0.214407	0.961431
9.6	0.981798	0.0307269	-0.187427	-0.0752873	0.968947	-0.235527	0.17437	0.245351	0.953624
9.63333	0.982811	0.0338674	-0.181479	-0.0746876	0.971931	-0.223095	0.168829	0.232814	0.957755
9.66667	0.984094	0.0501416	-0.170426	-0.080118	0.981507	-0.173854	0.158557	0.184743	0.969912
9.7	0.984765	0.0729957	-0.15783	-0.0883688	0.991767	-0.0926803	0.149765	0.105215	0.983107
9.73333	0.983494	0.102926	-0.148817	-0.102375	0.994681	0.0113778	0.149197	0.00404513	0.988799
9.76667	0.981018	0.131608	-0.142416	-0.116448	0.987083	0.110027	0.155057	-0.0913547	0.983672
9.8	0.979336	0.143961	-0.14204	-0.120921	0.979794	0.159318	0.162106	-0.13885	0.976956
9.83333	0.97966	0.135555	-0.147956	-0.113182	0.982125	0.150398	0.165699	-0.130593	0.977491
9.86667	0.981508	0.111295	-0.155744	-0.0969627	0.99057	0.0967974	0.165049	-0.079906	0.983043
9.9	0.984317	0.0811602	-0.156631	-0.0776029	0.996571	0.028705	0.158424	-0.0160997	0.98724
9.93333	0.986959	0.051078	-0.152651	-0.0563905	0.997937	-0.0306745	0.150769	0.0388826	0.987804
9.96667	0.988654	0.0253735	-0.148049	-0.0360732	0.996892	-0.0700397	0.145812	0.0745857	0.986497
10	0.989051	-0.000621096	-0.147574	-0.0132109	0.995604	-0.0927302	0.146983	0.0936644	0.984694
10.0333	0.988654	-0.0262383	-0.147904	0.0113227	0.994842	-0.1008	0.149786	0.0979817	0.983851
10.0667	0.988089	-0.0430514	-0.147738	0.0297635	0.995406	-0.0910032	0.150977	0.0855221	0.984831
10.1	0.987802	-0.0476276	-0.148255	0.0391579	0.997458	-0.0595341	0.150714	0.0530026	0.987156
10.1333	0.987778	-0.0407514	-0.150443	0.0401692	0.999169	-0.00690807	0.150599	0.000780478	0.988595
10.1667	0.988031	-0.0310836	-0.151093	0.0390022	0.998001	0.0497306	0.149245	-0.0550283	0.987268
10.2	0.988515	-0.0255095	-0.148956	0.0389954	0.995328	0.0883289	0.146007	-0.093123	0.984891
10.2333	0.989222	-0.0265374	-0.144002	0.0410544	0.99426	0.0987958	0.140554	-0.103643	0.984633
10.2667	0.989911	-0.030336	-0.138408	0.0429554	0.995094	0.0891195	0.135026	-0.0941657	0.986357
10.3	0.990584	-0.0325673	-0.132977	0.0428036	0.996275	0.0748595	0.130044	-0.0798465	0.988288
10.3333	0.991231	-0.031024	-0.128443	0.0396937	0.997063	0.0654975	0.126034	-0.0700215	0.989552
10.3667	0.991781	-0.0269399	-0.125078	0.0347184	0.997568	0.0604315	0.123145	-0.0642773	0.990305
10.4	0.992409	-0.0209063	-0.121193	0.0280252	0.997961	0.057337	0.119747	-0.0602982	0.990972
10.4333	0.993162	-0.0139529	-0.115905	0.0202751	0.998359	0.053548	0.114968	-0.0555319	0.991816
10.4667	0.994231	-0.00708802	-0.107024	0.0120857	0.998863	0.0461209	0.106575	-0.0471483	0.993186
10.5	0.995649	-0.00122815	-0.0931798	0.00448935	0.999384	0.0347975	0.0930797	-0.0350644	0.995041
10.5333	0.997319	0.00226859	-0.0731402	-0.000841289	0.999809	0.0195396	0.0731705	-0.0194256	0.99713
10.5667	0.998819	0.00290987	-0.0485085	-0.00278555	0.999993	0.00263026	0.0485158	-0.00249203	0.998819
10.6	0.999687	0.0120085	-0.0219523	-0.0122959	0.99984	-0.0130057	0.0217927	0.0132716	0.999674
10.6333	0.999735	0.0226292	0.00428244	-0.0225023	0.999364	-0.0276765	-0.00490601	0.0275728	0.999608
10.6667	0.999411	0.0226848	0.0257499	-0.0222489	0.999606	-0.0170915	-0.0261275	0.0165085	0.999522
