0	-0.00316224	0.999995	-0.000515835	0.0889399	-0.000232542	-0.996037	-0.996032	-0.00319559	-0.0889387
0.0333333	0.935113	0.0297035	-0.353103	-0.282501	-0.539051	-0.793484	-0.21391	0.841749	-0.495682
0.0666667	0.963782	-0.138026	-0.228195	-0.226394	-0.875693	-0.426505	-0.14096	0.46272	-0.875226
0.1	0.968911	-0.168496	-0.181164	-0.208979	-0.949333	-0.234724	-0.132435	0.265286	-0.955031
0.133333	0.969926	-0.178451	-0.165527	-0.204857	-0.965753	-0.159232	-0.131443	0.188353	-0.973266
0.166667	0.969764	-0.183933	-0.160394	-0.205431	-0.970045	-0.129655	-0.131742	0.158685	-0.9785
0.2	0.96947	-0.187046	-0.158561	-0.206616	-0.971349	-0.117437	-0.132052	0.146613	-0.98034
0.233333	0.969279	-0.188708	-0.157758	-0.207504	-0.971739	-0.112541	-0.132062	0.141819	-0.981044
0.266667	0.969114	-0.189777	-0.157487	-0.2082	-0.971877	-0.110039	-0.132175	0.139429	-0.981371
0.3	0.969026	-0.190151	-0.157582	-0.208437	-0.971952	-0.108922	-0.13245	0.138394	-0.981481
0.333333	0.969046	-0.190301	-0.157276	-0.208524	-0.971951	-0.108762	-0.132167	0.138191	-0.981547
0.366667	0.969019	-0.19072	-0.156932	-0.208822	-0.971948	-0.108216	-0.131891	0.137634	-0.981663
0.4	0.96903	-0.191249	-0.156218	-0.209184	-0.971927	-0.107707	-0.131233	0.137049	-0.981833
0.433333	0.968973	-0.191833	-0.155858	-0.209697	-0.971835	-0.107537	-0.130839	0.136883	-0.981908
0.466667	0.968798	-0.192772	-0.155789	-0.210597	-0.971667	-0.107294	-0.130692	0.136755	-0.981946
0.5	0.968683	-0.19366	-0.155399	-0.211426	-0.971492	-0.107247	-0.1302	0.136744	-0.982013
0.533333	0.968534	-0.194825	-0.154872	-0.212478	-0.971298	-0.106926	-0.129595	0.136468	-0.982131
0.566667	0.968474	-0.19549	-0.154408	-0.212993	-0.971259	-0.106257	-0.129198	0.135796	-0.982277
0.6	0.968281	-0.196679	-0.154109	-0.214066	-0.971087	-0.105664	-0.128872	0.135302	-0.982388
0.633333	0.968278	-0.196904	-0.153839	-0.214269	-0.97103	-0.10578	-0.128554	0.135388	-0.982418
0.666667	0.968158	-0.197722	-0.153543	-0.215015	-0.970894	-0.105518	-0.128211	0.135172	-0.982492
0.7	0.968111	-0.198045	-0.153424	-0.21525	-0.970902	-0.104961	-0.128173	0.134638	-0.98257
0.733333	0.967912	-0.198785	-0.15372	-0.216134	-0.970622	-0.105732	-0.128186	0.135564	-0.982441
0.766667	0.967751	-0.199302	-0.154067	-0.21678	-0.970411	-0.10634	-0.128315	0.136309	-0.982321
0.8	0.967581	-0.199824	-0.154456	-0.217417	-0.970219	-0.106796	-0.128515	0.136915	-0.982211
0.833333	0.967385	-0.200588	-0.154694	-0.218238	-0.970015	-0.106968	-0.128599	0.13724	-0.982155
0.866667	0.967262	-0.20127	-0.154579	-0.218892	-0.96988	-0.106863	-0.128415	0.137201	-0.982184
0.9	0.967186	-0.201725	-0.154463	-0.219287	-0.96983	-0.106508	-0.128318	0.136885	-0.982241
0.933333	0.966984	-0.2025	-0.154711	-0.220155	-0.969585	-0.106945	-0.128349	0.137474	-0.982154
0.966667	0.966823	-0.203122	-0.1549	-0.22082	-0.969421	-0.107056	-0.128418	0.137709	-0.982112
1	0.96675	-0.203527	-0.154824	-0.221327	-0.969211	-0.107911	-0.128094	0.138589	-0.982031
1.03333	0.966799	-0.203167	-0.154992	-0.22103	-0.969244	-0.108222	-0.128238	0.138886	-0.98197
1.06667	0.966804	-0.203148	-0.154989	-0.221023	-0.969235	-0.108313	-0.128217	0.138974	-0.981961
1.1	0.96693	-0.202721	-0.154757	-0.22061	-0.969289	-0.108678	-0.127973	0.139225	-0.981957
1.13333	0.966976	-0.202616	-0.154606	-0.220586	-0.969205	-0.10947	-0.127665	0.139959	-0.981893
1.16667	0.966923	-0.202774	-0.154737	-0.220782	-0.969143	-0.109622	-0.127733	0.140159	-0.981855
1.2	0.966825	-0.203305	-0.154652	-0.221298	-0.96903	-0.109584	-0.127583	0.140173	-0.981873
1.23333	0.966807	-0.203395	-0.154641	-0.221366	-0.969032	-0.109426	-0.127595	0.140026	-0.981892
1.26667	0.966692	-0.203767	-0.15487	-0.221795	-0.968913	-0.109607	-0.127721	0.140306	-0.981836
1.3	0.966664	-0.204009	-0.154725	-0.222089	-0.968784	-0.110158	-0.127422	0.140848	-0.981797
1.33333	0.966673	-0.204136	-0.154504	-0.222149	-0.9688	-0.109895	-0.12725	0.140556	-0.981861
1.36667	0.966721	-0.204107	-0.15424	-0.222017	-0.968887	-0.109391	-0.127114	0.139995	-0.981959
1.4	0.966662	-0.204225	-0.154458	-0.222207	-0.968808	-0.109704	-0.127236	0.140368	-0.98189
1.43333	0.966639	-0.204268	-0.154543	-0.222284	-0.968772	-0.109864	-0.127276	0.140552	-0.981859
1.46667	0.966538	-0.204664	-0.154649	-0.222717	-0.968655	-0.110024	-0.127284	0.140786	-0.981824
1.5	0.966524	-0.204823	-0.154528	-0.22294	-0.968531	-0.110657	-0.127	0.141404	-0.981772
1.53333	0.96644	-0.205254	-0.154481	-0.223389	-0.968406	-0.110845	-0.126849	0.141634	-0.981758
1.56667	0.966251	-0.205939	-0.154749	-0.224182	-0.968163	-0.111364	-0.126888	0.142297	-0.981657
1.6	0.966071	-0.206761	-0.15478	-0.225077	-0.967897	-0.111877	-0.12668	0.142918	-0.981594
1.63333	0.965801	-0.207644	-0.155281	-0.226013	-0.967697	-0.111716	-0.127068	0.142991	-0.981533
1.66667	0.965482	-0.208546	-0.156055	-0.227144	-0.967331	-0.112589	-0.127477	0.14415	-0.981311
1.7	0.965013	-0.210333	-0.156557	-0.229072	-0.966818	-0.113085	-0.127576	0.144992	-0.981174
1.73333	0.964529	-0.212136	-0.157105	-0.230946	-0.966385	-0.112976	-0.127858	0.145251	-0.981099
1.76667	0.964015	-0.2137	-0.158134	-0.232763	-0.965862	-0.113716	-0.128435	0.146432	-0.980848
1.8	0.963376	-0.215559	-0.159505	-0.234918	-0.965263	-0.114373	-0.12931	0.147655	-0.980549
1.83333	0.962866	-0.217015	-0.160606	-0.236646	-0.964749	-0.115147	-0.129956	0.148878	-0.980279
1.86667	0.962314	-0.218993	-0.161223	-0.238964	-0.963957	-0.116974	-0.129796	0.151093	-0.979961
1.9	0.96169	-0.221377	-0.161692	-0.241683	-0.96304	-0.118928	-0.129387	0.15345	-0.979649
1.93333	0.961023	-0.223804	-0.162317	-0.24442	-0.962153	-0.120499	-0.129205	0.155476	-0.979353
1.96667	0.960513	-0.225291	-0.163275	-0.246299	-0.961448	-0.122292	-0.129429	0.157678	-0.978972
2	0.960156	-0.22593	-0.164488	-0.247839	-0.96036	-0.12761	-0.129137	0.163292	-0.97809
2.03333	0.959834	-0.226214	-0.16597	-0.249586	-0.958642	-0.13679	-0.128162	0.17272	-0.976597
2.06667	0.95976	-0.225943	-0.166765	-0.251094	-0.956374	-0.149333	-0.125749	0.185198	-0.974623
2.1	0.959489	-0.224457	-0.170294	-0.252999	-0.95238	-0.170186	-0.123986	0.206376	-0.970586
2.13333	0.959655	-0.220285	-0.174746	-0.253639	-0.94643	-0.199844	-0.121362	0.236104	-0.964119
2.16667	0.960705	-0.212027	-0.179139	-0.251632	-0.937683	-0.23965	-0.117163	0.27531	-0.954189
2.2	0.96324	-0.199618	-0.179779	-0.245559	-0.925646	-0.287889	-0.108944	0.321452	-0.940638
2.23333	0.967113	-0.185091	-0.174453	-0.236701	-0.905976	-0.350972	-0.0930884	0.380722	-0.919992
2.26667	0.971876	-0.174	-0.158688	-0.22593	-0.87902	-0.419857	-0.0664345	0.443901	-0.893609
2.3	0.97736	-0.168269	-0.128269	-0.209673	-0.851536	-0.480546	-0.0283644	0.496561	-0.867538
2.33333	0.981673	-0.168391	-0.0892313	-0.190205	-0.836681	-0.513602	0.0118281	0.521162	-0.853376
2.36667	0.984192	-0.170667	-0.0473227	-0.170647	-0.84232	-0.511251	0.0473927	0.511244	-0.858128
2.4	0.985287	-0.170862	-0.00390209	-0.151603	-0.863236	-0.481498	0.0789011	0.475006	-0.876438
2.43333	0.985028	-0.167625	0.0402739	-0.133391	-0.889068	-0.43791	0.109211	0.425982	-0.898116
2.46667	0.983537	-0.16037	0.0832852	-0.115642	-0.91273	-0.391856	0.138859	0.375774	-0.916249
2.5	0.980752	-0.15001	0.124987	-0.0987966	-0.933385	-0.345009	0.168416	0.32602	-0.93024
2.53333	0.976878	-0.138108	0.163205	-0.0859039	-0.952579	-0.291912	0.195781	0.271143	-0.942418
2.56667	0.97284	-0.128739	0.192375	-0.0819033	-0.968753	-0.234112	0.216503	0.211998	-0.952987
2.6	0.969325	-0.121906	0.213421	-0.0847535	-0.980855	-0.175329	0.230708	0.151862	-0.961099
2.63333	0.966915	-0.114351	0.228033	-0.0887089	-0.988836	-0.119723	0.239177	0.0955339	-0.966265
2.66667	0.967604	-0.10572	0.229274	-0.093404	-0.993572	-0.0639535	0.234561	0.0404666	-0.971259
2.7	0.971192	-0.0979175	0.217253	-0.0920312	-0.995066	-0.0370736	0.219811	0.0160115	-0.975411
2.73333	0.975561	-0.0904099	0.200266	-0.0858133	-0.995812	-0.0315336	0.202278	0.0135775	-0.979234
2.76667	0.980033	-0.0719785	0.18535	-0.0692087	-0.997373	-0.0213794	0.186402	0.00812466	-0.98244
2.8	0.985011	-0.0468228	0.166017	-0.0396343	-0.998139	-0.0463533	0.167879	0.0390785	-0.985033
2.83333	0.988937	-0.0379391	0.143402	-0.0290428	-0.997551	-0.0636298	0.145465	0.058761	-0.987617
2.86667	0.992508	-0.0307775	0.11824	-0.0241968	-0.998098	-0.0566937	0.11976	0.0534079	-0.991365
2.9	0.995252	-0.022371	0.094727	-0.0190411	-0.999174	-0.0359116	0.0954521	0.0339373	-0.994855
2.93333	0.996881	-0.0170795	0.0770484	-0.0147881	-0.999434	-0.0302129	0.0775209	0.0289792	-0.996569
2.96667	0.998196	-0.0127013	0.0586727	-0.0106351	-0.999317	-0.0353955	0.0590822	0.0347077	-0.99765
3	0.999336	-0.0137494	0.0337551	-0.0125475	-0.999289	-0.0355645	0.0342201	0.0351174	-0.998797
3.03333	0.999747	-0.0215207	0.00660392	-0.0212982	-0.999258	-0.0320942	0.00728971	0.0319454	-0.999463
3.06667	0.999192	-0.036025	-0.0177992	-0.0365604	-0.998859	-0.0307262	-0.016672	0.0313521	-0.999369
3.1	0.997649	-0.0553621	-0.0403912	-0.0567177	-0.997837	-0.0332258	-0.0384644	0.0354386	-0.998631
3.13333	0.995096	-0.0754534	-0.0639662	-0.0779033	-0.996285	-0.0367091	-0.0609587	0.0415122	-0.997277
3.16667	0.991813	-0.0936647	-0.086801	-0.0974788	-0.994401	-0.0407877	-0.0824947	0.048915	-0.99539
3.2	0.988303	-0.107892	-0.10778	-0.113232	-0.992563	-0.0447	-0.102155	0.0563812	-0.993169
3.23333	0.984452	-0.120579	-0.127728	-0.127489	-0.990709	-0.0473521	-0.120831	0.0628997	-0.990678
3.26667	0.98033	-0.132053	-0.146683	-0.140621	-0.988819	-0.0496215	-0.138491	0.0692722	-0.987938
3.3	0.975779	-0.143112	-0.16545	-0.153669	-0.98671	-0.0528122	-0.155693	0.0769576	-0.984803
3.33333	0.970808	-0.154869	-0.183162	-0.167084	-0.984509	-0.0531594	-0.172092	0.082211	-0.981644
3.36667	0.965459	-0.167042	-0.199964	-0.180951	-0.982047	-0.0533001	-0.187471	0.0876428	-0.978352
3.4	0.960059	-0.178728	-0.215274	-0.194152	-0.979561	-0.052596	-0.201473	0.092291	-0.975136
3.43333	0.954388	-0.189805	-0.230473	-0.205887	-0.977416	-0.0476331	-0.216227	0.092912	-0.971912
3.46667	0.947975	-0.202068	-0.245991	-0.218574	-0.974939	-0.0414602	-0.231449	0.0930707	-0.968385
3.5	0.941502	-0.213338	-0.260886	-0.231332	-0.972054	-0.0399531	-0.245072	0.097967	-0.964543
3.53333	0.935459	-0.221702	-0.275254	-0.242277	-0.969267	-0.042693	-0.257329	0.106625	-0.960423
3.56667	0.929769	-0.226162	-0.290483	-0.249797	-0.96718	-0.0465257	-0.270427	0.11582	-0.955748
3.6	0.924919	-0.225928	-0.305747	-0.254259	-0.965531	-0.0556923	-0.282626	0.12925	-0.950482
3.63333	0.92098	-0.220508	-0.321203	-0.2563	-0.963821	-0.0732147	-0.293438	0.149754	-0.944176
3.66667	0.916129	-0.21484	-0.338454	-0.259839	-0.961141	-0.093232	-0.305272	0.173356	-0.936353
3.7	0.907281	-0.2183	-0.359425	-0.273725	-0.95542	-0.110669	-0.319243	0.198792	-0.926588
3.73333	0.896749	-0.227497	-0.379588	-0.292565	-0.948327	-0.122807	-0.332035	0.221181	-0.916968
3.76667	0.888797	-0.235162	-0.393369	-0.30894	-0.941417	-0.13524	-0.338521	0.241728	-0.90938
3.8	0.884202	-0.235945	-0.403135	-0.32107	-0.933842	-0.157652	-0.339267	0.268831	-0.901459
3.83333	0.878292	-0.240514	-0.413228	-0.342487	-0.919542	-0.192729	-0.333626	0.310797	-0.889999
3.86667	0.870693	-0.244942	-0.426495	-0.371193	-0.896165	-0.243115	-0.322661	0.36999	-0.871205
3.9	0.863059	-0.245949	-0.441179	-0.399269	-0.867177	-0.297638	-0.309376	0.433028	-0.846625
3.93333	0.859061	-0.236129	-0.454155	-0.423036	-0.827041	-0.370194	-0.288191	0.510144	-0.81037
3.96667	0.86327	-0.209831	-0.459059	-0.433685	-0.773657	-0.461923	-0.258229	0.597852	-0.758875
4	0.873387	-0.184592	-0.450689	-0.433627	-0.716032	-0.547052	-0.221727	0.673219	-0.705418
4.03333	0.887294	-0.169858	-0.428786	-0.420959	-0.678094	-0.60248	-0.188421	0.715079	-0.673172
4.06667	0.898463	-0.169349	-0.405075	-0.408466	-0.660731	-0.629754	-0.160997	0.73127	-0.662816
4.1	0.906156	-0.178376	-0.383487	-0.398392	-0.664413	-0.632328	-0.142002	0.725767	-0.673126
4.13333	0.911594	-0.191555	-0.363734	-0.390613	-0.679392	-0.621166	-0.12813	0.708331	-0.694154
4.16667	0.916854	-0.203953	-0.343194	-0.3825	-0.694978	-0.608851	-0.114335	0.689499	-0.715205
4.2	0.923338	-0.214288	-0.318633	-0.371485	-0.708524	-0.599994	-0.0971872	0.672365	-0.733812
4.23333	0.930674	-0.223262	-0.289826	-0.357641	-0.72207	-0.592206	-0.0770579	0.654805	-0.75186
4.26667	0.937447	-0.232188	-0.259389	-0.34381	-0.734482	-0.58509	-0.0546661	0.637672	-0.768366
4.3	0.943976	-0.239575	-0.226967	-0.328433	-0.749249	-0.575115	-0.0322714	0.617438	-0.785957
4.33333	0.951026	-0.242787	-0.191322	-0.308884	-0.770124	-0.558122	-0.0118366	0.589884	-0.807401
4.36667	0.957976	-0.242571	-0.153104	-0.2867	-0.792531	-0.538236	0.00922071	0.559512	-0.828771
4.4	0.964035	-0.240375	-0.113381	-0.263877	-0.814815	-0.516184	0.0316934	0.527538	-0.84894
4.43333	0.969112	-0.235713	-0.0725322	-0.239963	-0.833373	-0.497903	0.0569156	0.499929	-0.864194
4.46667	0.973306	-0.227711	-0.0286861	-0.213168	-0.850592	-0.480679	0.0850555	0.473963	-0.876427
4.5	0.975459	-0.21953	0.0169064	-0.187813	-0.869683	-0.456484	0.114915	0.442106	-0.889571
4.53333	0.976296	-0.207019	0.063162	-0.16227	-0.893205	-0.41935	0.14323	0.39916	-0.905625
4.56667	0.975628	-0.190715	0.108525	-0.137627	-0.917041	-0.374291	0.170905	0.350233	-0.920939
4.6	0.972941	-0.173779	0.15227	-0.115742	-0.936946	-0.329752	0.199972	0.303205	-0.931707
4.63333	0.968704	-0.157683	0.191698	-0.100707	-0.955549	-0.277098	0.226871	0.249121	-0.941525
4.66667	0.963276	-0.1456	0.225609	-0.0934123	-0.969449	-0.226808	0.251739	0.197405	-0.947449
4.7	0.958097	-0.137099	0.251505	-0.0957427	-0.980796	-0.169917	0.269971	0.138717	-0.952824
4.73333	0.955479	-0.128819	0.265455	-0.0994927	-0.987634	-0.12116	0.27778	0.0893554	-0.95648
4.76667	0.955668	-0.119911	0.268923	-0.103512	-0.991841	-0.0744067	0.275651	0.0432714	-0.960283
4.8	0.958743	-0.113933	0.260445	-0.110513	-0.993486	-0.0277869	0.261915	-0.00214205	-0.965089
4.83333	0.963783	-0.115101	0.240571	-0.11679	-0.99313	-0.00727486	0.239756	-0.0210849	-0.970604
4.86667	0.968506	-0.113035	0.221855	-0.120741	-0.992453	0.0214387	0.217757	-0.0475503	-0.974844
4.9	0.974034	-0.0958628	0.205103	-0.106193	-0.993543	0.0399416	0.199949	-0.060685	-0.977925
4.93333	0.978908	-0.0883563	0.184208	-0.0954951	-0.994971	0.0302319	0.18061	-0.0471851	-0.982422
4.96667	0.982493	-0.0888557	0.163742	-0.093202	-0.995465	0.0190397	0.161307	-0.0339675	-0.986319
5	0.986546	-0.0864315	0.13877	-0.0922029	-0.9951	0.0357022	0.135004	-0.0480168	-0.989681
5.03333	0.990144	-0.0833666	0.112535	-0.0906074	-0.994027	0.0608317	0.106792	-0.0704287	-0.991784
5.06667	0.992895	-0.0784351	0.0894849	-0.0836333	-0.994928	0.0558958	0.0846469	-0.0629826	-0.994418
5.1	0.995124	-0.0769253	0.0617297	-0.0801947	-0.995403	0.0523574	0.0574183	-0.0570525	-0.996719
5.13333	0.996113	-0.0819894	0.0321819	-0.0836803	-0.994958	0.0552799	0.0274873	-0.057758	-0.997952
5.16667	0.99586	-0.0906734	0.00643324	-0.0908951	-0.994122	0.0588148	0.00106249	-0.059156	-0.998248
5.2	0.994672	-0.101847	-0.0159762	-0.100814	-0.99334	0.0557826	-0.0215511	-0.0538747	-0.998315
5.23333	0.993121	-0.111135	-0.0368645	-0.109441	-0.992967	0.0451624	-0.0416244	-0.0408173	-0.998299
5.26667	0.991379	-0.117439	-0.0581048	-0.115397	-0.992617	0.0373386	-0.0620608	-0.0303116	-0.997612
5.3	0.989577	-0.120519	-0.0788261	-0.119138	-0.992634	0.0220045	-0.0808974	-0.012384	-0.996645
5.33333	0.987352	-0.123537	-0.0993704	-0.123652	-0.992313	0.00502296	-0.0992271	0.00732791	-0.995038
5.36667	0.984279	-0.12977	-0.119813	-0.131654	-0.991264	-0.00791148	-0.11774	0.0235609	-0.992765
5.4	0.980618	-0.137128	-0.139942	-0.141329	-0.989751	-0.0204897	-0.135698	0.0398705	-0.989948
5.43333	0.976182	-0.146801	-0.159745	-0.153696	-0.987612	-0.0316368	-0.153122	0.0554356	-0.986651
5.46667	0.971674	-0.15418	-0.179104	-0.164329	-0.98546	-0.0431934	-0.169841	0.0714018	-0.982881
5.5	0.966896	-0.161152	-0.197846	-0.174607	-0.98324	-0.0524455	-0.186079	0.0852548	-0.978829
5.53333	0.962014	-0.16693	-0.216016	-0.183476	-0.981264	-0.058809	-0.202152	0.0962088	-0.974617
5.56667	0.957271	-0.171952	-0.232517	-0.191562	-0.979366	-0.0643971	-0.216646	0.106187	-0.970458
5.6	0.952681	-0.176325	-0.247607	-0.198982	-0.977537	-0.0694749	-0.229795	0.115457	-0.966366
5.63333	0.948116	-0.18123	-0.261212	-0.206488	-0.975759	-0.0725015	-0.241741	0.122677	-0.962555
5.66667	0.944059	-0.183978	-0.273689	-0.211108	-0.974736	-0.0729605	-0.253351	0.126657	-0.959047
5.7	0.940105	-0.18481	-0.286439	-0.214741	-0.973664	-0.076584	-0.264742	0.133507	-0.955033
5.73333	0.936608	-0.18254	-0.299074	-0.216366	-0.9727	-0.0839028	-0.275594	0.143293	-0.950534
5.76667	0.933158	-0.179967	-0.311174	-0.218849	-0.97116	-0.0946228	-0.28517	0.156398	-0.945631
5.8	0.930632	-0.173083	-0.322437	-0.218381	-0.969668	-0.109786	-0.293655	0.172585	-0.940203
5.83333	0.927808	-0.164132	-0.335012	-0.217769	-0.967419	-0.129141	-0.302901	0.192773	-0.933322
5.86667	0.922256	-0.163525	-0.350292	-0.225643	-0.963462	-0.144311	-0.313895	0.212133	-0.925457
5.9	0.914897	-0.169249	-0.366494	-0.240889	-0.957405	-0.159208	-0.323938	0.233944	-0.916698
5.93333	0.906917	-0.176288	-0.382655	-0.259256	-0.949442	-0.177048	-0.332097	0.259773	-0.906768
5.96667	0.900474	-0.175622	-0.397874	-0.27328	-0.940162	-0.203503	-0.338327	0.29198	-0.894585
6	0.894055	-0.174334	-0.412641	-0.289934	-0.927396	-0.236381	-0.341473	0.330976	-0.879688
6.03333	0.887916	-0.175148	-0.425357	-0.312605	-0.9081	-0.278626	-0.337466	0.380366	-0.861068
6.06667	0.882522	-0.17381	-0.436972	-0.341404	-0.875822	-0.341144	-0.323415	0.450252	-0.832272
6.1	0.880175	-0.162728	-0.445883	-0.370624	-0.822496	-0.431438	-0.29653	0.544995	-0.784251
6.13333	0.88416	-0.138476	-0.44619	-0.389016	-0.747087	-0.539005	-0.258704	0.650142	-0.714414
6.16667	0.895369	-0.120234	-0.428788	-0.391086	-0.672825	-0.627979	-0.212995	0.729966	-0.649449
6.2	0.908037	-0.124685	-0.399903	-0.384068	-0.628901	-0.676	-0.167212	0.767423	-0.618953
6.23333	0.917837	-0.144021	-0.369909	-0.374726	-0.621824	-0.687688	-0.130976	0.7698	-0.624702
6.26667	0.924603	-0.16823	-0.341772	-0.366026	-0.640881	-0.674756	-0.105521	0.748979	-0.654137
6.3	0.930708	-0.18859	-0.313397	-0.355517	-0.667826	-0.653924	-0.0859711	0.720029	-0.688598
6.33333	0.936915	-0.207067	-0.281627	-0.342858	-0.701342	-0.624955	-0.0681095	0.682087	-0.728092
6.36667	0.943364	-0.222827	-0.245791	-0.328103	-0.736327	-0.591752	-0.0491249	0.638882	-0.767735
6.4	0.949663	-0.234812	-0.207371	-0.311774	-0.773079	-0.5524	-0.0306042	0.589247	-0.807373
6.43333	0.955719	-0.242551	-0.166642	-0.293987	-0.812191	-0.503903	-0.0131229	0.530581	-0.847533
6.46667	0.961918	-0.244039	-0.123118	-0.273263	-0.848113	-0.453907	0.00635286	0.470265	-0.882502
6.5	0.967925	-0.238768	-0.0781737	-0.249464	-0.876445	-0.411841	0.0298196	0.418132	-0.907897
6.53333	0.972938	-0.228546	-0.0340436	-0.22442	-0.89955	-0.374759	0.055026	0.372258	-0.926497
6.56667	0.976314	-0.216114	0.0102503	-0.200117	-0.920028	-0.336901	0.0822395	0.32687	-0.941484
6.6	0.977669	-0.203139	0.0538272	-0.178687	-0.938378	-0.295833	0.110605	0.279609	-0.953722
6.63333	0.977164	-0.190033	0.095067	-0.1604	-0.95313	-0.256543	0.139363	0.235436	-0.961846
6.66667	0.97556	-0.176876	0.130376	-0.145714	-0.964861	-0.218656	0.16447	0.194314	-0.967053
6.7	0.973361	-0.164414	0.159799	-0.134767	-0.974134	-0.181384	0.185488	0.155016	-0.970342
6.73333	0.971318	-0.152487	0.182451	-0.126363	-0.981005	-0.147176	0.201428	0.1199	-0.972137
6.76667	0.970806	-0.139288	0.195283	-0.11708	-0.985719	-0.12104	0.209354	0.0946424	-0.973249
6.8	0.972014	-0.127857	0.197083	-0.108682	-0.988488	-0.105256	0.208272	0.0808913	-0.97472
6.83333	0.974736	-0.11904	0.188997	-0.101992	-0.989992	-0.0975323	0.198716	0.075792	-0.977122
6.86667	0.978555	-0.112971	0.172242	-0.0964926	-0.990172	-0.101238	0.181986	0.0824469	-0.979839
6.9	0.982108	-0.099841	0.159671	-0.0850408	-0.991645	-0.0969966	0.168021	0.0816827	-0.982393
6.93333	0.985639	-0.0787167	0.1494	-0.0641542	-0.992926	-0.0999133	0.156208	0.0888938	-0.983716
6.96667	0.988809	-0.0613836	0.13597	-0.045593	-0.992162	-0.116346	0.142046	0.108845	-0.983858
7	0.99184	-0.0500593	0.117253	-0.0353273	-0.991589	-0.124511	0.1225	0.119353	-0.985266
7.03333	0.994873	-0.0369847	0.0941252	-0.026331	-0.993358	-0.11201	0.0976427	0.108958	-0.989239
7.06667	0.996849	-0.0266136	0.0747253	-0.0193994	-0.995225	-0.0956602	0.0769143	0.0939091	-0.992605
7.1	0.997879	-0.0190246	0.0622505	-0.0132892	-0.995736	-0.0912847	0.0637218	0.0902639	-0.993877
7.13333	0.998724	-0.0117174	0.0491217	-0.00738973	-0.996148	-0.0873742	0.0499563	0.0868997	-0.994964
7.16667	0.999566	-0.00836171	0.0282504	-0.00620969	-0.997132	-0.0754231	0.0288	0.0752149	-0.996751
7.2	0.999904	-0.0136475	0.0024679	-0.01347	-0.998017	-0.0614935	0.00330224	0.0614544	-0.998104
7.23333	0.999419	-0.0242094	-0.0239829	-0.0254288	-0.998328	-0.0519166	-0.022686	0.0524963	-0.998363
7.26667	0.998116	-0.0360439	-0.0496554	-0.0388601	-0.997619	-0.0569677	-0.0474838	0.05879	-0.99714
7.3	0.996065	-0.0475622	-0.0747857	-0.0527464	-0.996225	-0.068946	-0.0712242	0.0726193	-0.994813
7.33333	0.993087	-0.061175	-0.100176	-0.0687079	-0.994921	-0.0735566	-0.0951679	0.079931	-0.992247
7.36667	0.989363	-0.0742912	-0.125067	-0.083809	-0.993831	-0.072638	-0.118899	0.0823471	-0.989486
7.4	0.985258	-0.0877026	-0.146881	-0.0993696	-0.992291	-0.0740611	-0.139254	0.0875649	-0.986378
7.43333	0.980687	-0.0996967	-0.168269	-0.113946	-0.990479	-0.0772453	-0.158966	0.0949271	-0.98271
7.46667	0.975538	-0.111497	-0.189457	-0.128331	-0.988579	-0.0790062	-0.178484	0.101387	-0.978705
7.5	0.969972	-0.123733	-0.209393	-0.14224	-0.986933	-0.0757066	-0.197289	0.103217	-0.974896
7.53333	0.964047	-0.137778	-0.227222	-0.157314	-0.985054	-0.0701483	-0.214161	0.103372	-0.971313
7.56667	0.95835	-0.15107	-0.242371	-0.172217	-0.982678	-0.0684535	-0.227831	0.107343	-0.967766
7.6	0.952951	-0.161924	-0.256253	-0.184599	-0.980535	-0.0668949	-0.240433	0.111051	-0.964292
7.63333	0.947312	-0.175004	-0.268281	-0.197166	-0.978664	-0.0578053	-0.252441	0.107656	-0.961605
7.66667	0.941143	-0.189686	-0.279765	-0.211894	-0.975955	-0.0511066	-0.263344	0.107379	-0.958707
7.7	0.935074	-0.201362	-0.291702	-0.225073	-0.973069	-0.0497805	-0.273823	0.112203	-0.955213
7.73333	0.928911	-0.212367	-0.303356	-0.237121	-0.970353	-0.0467879	-0.284427	0.115394	-0.951728
7.76667	0.923007	-0.220762	-0.315155	-0.247012	-0.967948	-0.0453998	-0.295032	0.119752	-0.947954
7.8	0.917181	-0.227401	-0.327212	-0.256414	-0.965383	-0.0478239	-0.305009	0.127765	-0.94374
7.83333	0.911897	-0.228236	-0.341104	-0.263752	-0.962661	-0.0609815	-0.314449	0.145576	-0.938046
7.86667	0.906855	-0.223139	-0.357524	-0.269672	-0.959159	-0.0853883	-0.323869	0.173849	-0.929992
7.9	0.897121	-0.224192	-0.380674	-0.284285	-0.952525	-0.10899	-0.338167	0.205997	-0.918264
7.93333	0.88435	-0.237011	-0.402183	-0.306793	-0.944429	-0.118035	-0.351858	0.227771	-0.907919
7.96667	0.870469	-0.257902	-0.419249	-0.333514	-0.935455	-0.117013	-0.362011	0.241681	-0.900299
8	0.863694	-0.261467	-0.430891	-0.345322	-0.929711	-0.128023	-0.36713	0.259369	-0.893277
8.03333	0.858021	-0.256753	-0.444834	-0.359661	-0.918647	-0.163501	-0.366666	0.300277	-0.880562
8.06667	0.851419	-0.246991	-0.462689	-0.383201	-0.895277	-0.227237	-0.358109	0.370777	-0.856903
8.1	0.846762	-0.225785	-0.481679	-0.411935	-0.851228	-0.325147	-0.336606	0.473743	-0.813796
8.13333	0.849384	-0.186392	-0.493765	-0.436218	-0.774565	-0.457999	-0.297086	0.604406	-0.739211
8.16667	0.862871	-0.141697	-0.485155	-0.443651	-0.672196	-0.592729	-0.242131	0.726688	-0.642882
8.2	0.88273	-0.116762	-0.455142	-0.430488	-0.589194	-0.683763	-0.188329	0.799511	-0.570364
8.23333	0.902556	-0.114779	-0.414992	-0.404493	-0.556356	-0.725846	-0.147571	0.822978	-0.54857
8.26667	0.919225	-0.123412	-0.373891	-0.374689	-0.565939	-0.734385	-0.120967	0.815158	-0.566467
8.3	0.933775	-0.137682	-0.330315	-0.344149	-0.598551	-0.723393	-0.0981122	0.789164	-0.606295
8.33333	0.945868	-0.156751	-0.284187	-0.316814	-0.635991	-0.703665	-0.0704404	0.755608	-0.651225
8.36667	0.955981	-0.172663	-0.237252	-0.290384	-0.672876	-0.680378	-0.0421649	0.719323	-0.693395
8.4	0.964273	-0.186046	-0.188586	-0.264703	-0.704865	-0.658102	-0.0104902	0.684509	-0.728929
8.43333	0.970725	-0.195341	-0.139764	-0.239295	-0.736293	-0.632938	0.0207308	0.647854	-0.761483
8.46667	0.975454	-0.201125	-0.0896601	-0.214131	-0.771389	-0.599256	0.0513627	0.603745	-0.795521
8.5	0.978586	-0.202189	-0.0385833	-0.189431	-0.811292	-0.553101	0.0805287	0.548566	-0.83222
8.53333	0.980793	-0.194549	0.0140065	-0.162332	-0.853967	-0.494357	0.108138	0.482588	-0.869146
8.56667	0.979582	-0.189339	0.0676023	-0.141634	-0.888562	-0.436345	0.142686	0.417861	-0.897236
8.6	0.97707	-0.176325	0.119349	-0.120397	-0.919854	-0.373328	0.17561	0.350398	-0.91999
8.63333	0.972186	-0.162645	0.168523	-0.104065	-0.944593	-0.311311	0.209819	0.285115	-0.935246
8.66667	0.96545	-0.151583	0.211964	-0.0986643	-0.965483	-0.241055	0.241188	0.211813	-0.947082
8.7	0.958059	-0.145873	0.246664	-0.109932	-0.981977	-0.153742	0.264645	0.120178	-0.956828
8.73333	0.951874	-0.142284	0.271461	-0.128903	-0.989418	-0.0665986	0.278064	0.0284015	-0.960142
8.76667	0.949626	-0.13832	0.281208	-0.149429	-0.988602	0.0183427	0.275466	-0.0594394	-0.959471
8.8	0.952622	-0.135464	0.272324	-0.156553	-0.986014	0.0571632	0.260771	-0.097088	-0.960506
8.83333	0.959755	-0.130349	0.248757	-0.147634	-0.987671	0.0520605	0.238904	-0.0866902	-0.967166
8.86667	0.9649	-0.114236	0.236471	-0.133673	-0.988703	0.067812	0.226053	-0.0970416	-0.969269
8.9	0.972619	-0.0817508	0.217553	-0.0920807	-0.995035	0.0377584	0.213387	-0.056757	-0.975318
8.93333	0.977265	-0.0577548	0.204004	-0.0516311	-0.998045	-0.0352179	0.20564	0.0238843	-0.978336
8.96667	0.983404	-0.0411103	0.176708	-0.0305159	-0.997593	-0.0622605	0.178842	0.0558348	-0.982292
9	0.989211	-0.027146	0.143961	-0.0213646	-0.998908	-0.0415549	0.144932	0.0380309	-0.98871
9.03333	0.992913	-0.0111348	0.118317	-0.00582835	-0.998965	-0.045101	0.118697	0.0440918	-0.991951
9.06667	0.994832	-0.00457151	0.101432	0.00251094	-0.997573	-0.0695872	0.101504	0.0694822	-0.992406
9.1	0.996632	0.00822293	0.0815855	0.0148884	-0.996568	-0.0814308	0.0806359	0.0823712	-0.993334
9.13333	0.998325	0.00812152	0.0572771	0.0131281	-0.996071	-0.0875826	0.0563407	0.0881878	-0.994509
9.16667	0.99961	0.00489376	0.0274983	0.00750716	-0.995377	-0.0957548	0.0269026	0.0959239	-0.995025
9.2	0.999968	-0.00623637	-0.00509482	-0.00673978	-0.994381	-0.105643	-0.00440737	0.105674	-0.994391
9.23333	0.999033	-0.0214339	-0.0383932	-0.0255704	-0.993523	-0.110713	-0.0357715	0.111588	-0.993111
9.26667	0.996855	-0.0412966	-0.0676312	-0.048729	-0.992488	-0.112217	-0.062489	0.11516	-0.99138
9.3	0.99326	-0.0622691	-0.0977575	-0.072631	-0.991679	-0.106289	-0.0903256	0.112673	-0.989518
9.33333	0.988412	-0.0846169	-0.126024	-0.0969253	-0.990751	-0.0949647	-0.116823	0.106079	-0.987471
9.36667	0.983002	-0.106702	-0.149404	-0.119991	-0.989305	-0.082935	-0.138957	0.0994524	-0.985292
9.4	0.97637	-0.13016	-0.172512	-0.144347	-0.986878	-0.0723647	-0.160829	0.0955564	-0.982346
9.43333	0.968612	-0.152708	-0.19614	-0.167797	-0.983828	-0.0626691	-0.183398	0.0936136	-0.978571
9.46667	0.959716	-0.175852	-0.219137	-0.191183	-0.980246	-0.0506703	-0.205898	0.0905244	-0.974378
9.5	0.951105	-0.197417	-0.237541	-0.212439	-0.97639	-0.0391315	-0.224208	0.0876812	-0.970589
9.53333	0.94307	-0.21882	-0.250474	-0.233149	-0.972019	-0.0286601	-0.237194	0.0854262	-0.967699
9.56667	0.934632	-0.23954	-0.262837	-0.252614	-0.967425	-0.0166051	-0.250297	0.0819159	-0.964697
9.6	0.925594	-0.257429	-0.277499	-0.270277	-0.962746	-0.00839114	-0.265	0.0827683	-0.960689
9.63333	0.917284	-0.267993	-0.294566	-0.281658	-0.959506	-0.00413982	-0.281528	0.0867642	-0.955622
9.66667	0.911322	-0.269789	-0.310975	-0.286915	-0.957906	-0.00977342	-0.295249	0.0981303	-0.950368
9.7	0.906144	-0.26725	-0.327841	-0.290773	-0.956492	-0.0239753	-0.30717	0.117052	-0.944429
9.73333	0.897749	-0.268164	-0.349477	-0.301694	-0.952379	-0.0442164	-0.320978	0.145131	-0.935901
9.76667	0.885375	-0.282317	-0.369334	-0.323656	-0.944645	-0.0537924	-0.333703	0.167163	-0.927739
9.8	0.873878	-0.302848	-0.380289	-0.347704	-0.936074	-0.0535441	-0.339763	0.179019	-0.923317
9.83333	0.868932	-0.306816	-0.388356	-0.358221	-0.93132	-0.0657282	-0.341518	0.196231	-0.919162
9.86667	0.865735	-0.30135	-0.399614	-0.368897	-0.923795	-0.102553	-0.338258	0.2362	-0.910929
9.9	0.861793	-0.294799	-0.412804	-0.388589	-0.906754	-0.163692	-0.326055	0.30148	-0.89599
9.93333	0.860109	-0.278789	-0.427187	-0.416587	-0.867192	-0.272823	-0.294393	0.412618	-0.86202
9.96667	0.864232	-0.246416	-0.438615	-0.44194	-0.788448	-0.42783	-0.240401	0.563585	-0.790303
10	0.880142	-0.20867	-0.426388	-0.444828	-0.676182	-0.587287	-0.165767	0.706565	-0.687958
10.0333	0.901857	-0.194806	-0.385623	-0.422077	-0.587812	-0.690165	-0.0922258	0.785193	-0.612345
10.0667	0.921906	-0.201972	-0.3306	-0.386109	-0.54898	-0.74131	-0.0317689	0.811066	-0.584091
10.1	0.936779	-0.217849	-0.273836	-0.349664	-0.552842	-0.756373	0.0133868	0.804306	-0.594065
10.1333	0.947283	-0.237141	-0.21545	-0.316356	-0.585813	-0.746152	0.0507296	0.774976	-0.629951
10.1667	0.954383	-0.255959	-0.153745	-0.285473	-0.631306	-0.721081	0.0875072	0.732078	-0.675577
10.2	0.958055	-0.272058	-0.0900872	-0.25951	-0.690189	-0.675495	0.121597	0.67054	-0.731841
10.2333	0.959725	-0.27982	-0.0250752	-0.235327	-0.751941	-0.615797	0.153457	0.596897	-0.787506
10.2667	0.958912	-0.28087	0.0400064	-0.214713	-0.810641	-0.544757	0.185437	0.513784	-0.837639
10.3	0.955446	-0.2767	0.102764	-0.195966	-0.855003	-0.480173	0.220727	0.438641	-0.871133
10.3333	0.949886	-0.267345	0.161999	-0.181076	-0.893015	-0.411989	0.25481	0.362009	-0.896672
10.3667	0.943791	-0.248508	0.217951	-0.167429	-0.927937	-0.333018	0.285002	0.277808	-0.917386
10.4	0.936028	-0.228891	0.26732	-0.160874	-0.953878	-0.253449	0.313003	0.19423	-0.929679
10.4333	0.927859	-0.212853	0.306221	-0.166343	-0.971127	-0.171002	0.333778	0.107728	-0.936476
10.4667	0.921231	-0.202133	0.332379	-0.178886	-0.97883	-0.0994609	0.345447	0.0321685	-0.937887
10.5	0.918264	-0.195029	0.344608	-0.194192	-0.980254	-0.0373129	0.34508	-0.0326569	-0.938005
10.5333	0.920514	-0.19295	0.339742	-0.201103	-0.979504	-0.0114123	0.334981	-0.057818	-0.940449
10.5667	0.92936	-0.184297	0.319883	-0.195475	-0.980704	0.00289401	0.313178	-0.0652187	-0.947453
10.6	0.939719	-0.165056	0.299476	-0.180268	-0.983332	0.023695	0.290573	-0.0762524	-0.95381
10.6333	0.952313	-0.134667	0.273796	-0.139308	-0.990246	-0.00251433	0.271464	-0.0357475	-0.961785
10.6667	0.959824	-0.125072	0.251186	-0.120635	-0.992147	-0.033049	0.253347	0.00141936	-0.967375
