0	1	0	0	0	1	0	0	0	1
0.0333333	0.963928	0.238939	0.117263	-0.25093	0.962717	0.101044	-0.0887473	-0.126824	0.987947
0.0666667	0.987322	0.150348	0.0509042	-0.153386	0.986207	0.0622008	-0.0408503	-0.0692201	0.996765
0.1	0.994102	0.102226	0.0362223	-0.103696	0.993749	0.0413441	-0.0317694	-0.0448563	0.998488
0.133333	0.996409	0.0785093	0.0317022	-0.0795313	0.996306	0.0323768	-0.0290432	-0.0347819	0.998973
0.166667	0.997243	0.0680022	0.0296951	-0.068855	0.997214	0.0287065	-0.0276602	-0.030672	0.999147
0.2	0.997614	0.0627389	0.0288175	-0.0635417	0.997591	0.0278413	-0.0270013	-0.029606	0.999197
0.233333	0.99779	0.0600654	0.0284038	-0.060859	0.997755	0.0279546	-0.0266609	-0.0296214	0.999206
0.266667	0.997927	0.0580386	0.0277947	-0.0587985	0.997895	0.0273476	-0.026149	-0.0289252	0.999239
0.3	0.998001	0.0566828	0.027955	-0.0574272	0.997996	0.026586	-0.026392	-0.0281382	0.999256
0.333333	0.998055	0.0556512	0.0280761	-0.0563851	0.998069	0.026065	-0.0265714	-0.0275974	0.999266
0.366667	0.998072	0.0551806	0.0284098	-0.0559108	0.998108	0.0255828	-0.0269444	-0.0271219	0.999269
0.4	0.998118	0.0545337	0.0280365	-0.0552602	0.998138	0.0258264	-0.0265759	-0.0273271	0.999273
0.433333	0.998133	0.0540987	0.0283683	-0.054851	0.998144	0.0264466	-0.026885	-0.0279532	0.999248
0.466667	0.998135	0.0538916	0.0286703	-0.0546495	0.998158	0.0263421	-0.0271979	-0.0278598	0.999242
0.5	0.998107	0.0541704	0.0291202	-0.0549599	0.998123	0.0270316	-0.0276012	-0.0285809	0.99921
0.533333	0.998078	0.0545396	0.0294384	-0.0553623	0.998077	0.0278942	-0.0278604	-0.0294704	0.999177
0.566667	0.998066	0.0546219	0.0296899	-0.0554518	0.998072	0.0278869	-0.0281095	-0.0294793	0.99917
0.6	0.998041	0.0548085	0.0301745	-0.0556396	0.998074	0.0274289	-0.028613	-0.029054	0.999168
0.633333	0.99805	0.054477	0.0304576	-0.0552982	0.99811	0.0268044	-0.0289398	-0.0284363	0.999177
0.666667	0.998034	0.0546918	0.0306079	-0.0555145	0.998101	0.0267048	-0.0290893	-0.0283514	0.999175
0.7	0.99804	0.0544993	0.0307607	-0.0553212	0.998116	0.0265333	-0.0292567	-0.028183	0.999175
0.733333	0.99801	0.0550781	0.0306894	-0.0558876	0.998094	0.0261723	-0.0291893	-0.0278353	0.999186
0.766667	0.997995	0.0552846	0.0308171	-0.0560821	0.998097	0.0256463	-0.0293406	-0.0273231	0.999196
0.8	0.997993	0.0551456	0.0311163	-0.0559434	0.998111	0.0253781	-0.029658	-0.0270679	0.999194
0.833333	0.997995	0.0550854	0.0311779	-0.0558846	0.998115	0.0253694	-0.0297216	-0.0270609	0.999192
0.866667	0.998018	0.0546894	0.0311238	-0.0554634	0.998158	0.0245737	-0.0297226	-0.0262512	0.999213
0.9	0.998045	0.0543151	0.0309077	-0.0550709	0.99819	0.0241508	-0.02954	-0.0258057	0.99923
0.933333	0.998029	0.0545681	0.0309854	-0.0553285	0.998174	0.0242367	-0.0296063	-0.0259033	0.999226
0.966667	0.998041	0.0543289	0.0310211	-0.0550975	0.998181	0.0244839	-0.0296345	-0.0261452	0.999219
1	0.99802	0.0547467	0.0309695	-0.0555264	0.998147	0.0249047	-0.0295487	-0.026575	0.99921
1.03333	0.998034	0.0545675	0.0308232	-0.0553372	0.998162	0.0246967	-0.0294189	-0.0263538	0.99922
1.06667	0.998018	0.0548667	0.0308158	-0.0556272	0.998154	0.0243897	-0.0294207	-0.0260555	0.999227
1.1	0.998022	0.0549532	0.0305254	-0.0556893	0.998164	0.0238125	-0.0291608	-0.0254654	0.99925
1.13333	0.998015	0.0552731	0.0301743	-0.0559887	0.998157	0.0234086	-0.0288248	-0.0250516	0.999271
1.16667	0.997999	0.0556766	0.0299532	-0.0563759	0.998144	0.0230317	-0.0286153	-0.0246742	0.999286
1.2	0.997951	0.0566518	0.0297347	-0.057339	0.998095	0.0227905	-0.028387	-0.0244488	0.999298
1.23333	0.997945	0.0569443	0.0293653	-0.0576099	0.998089	0.0223399	-0.0280371	-0.0239857	0.999319
1.26667	0.997892	0.0577549	0.0295912	-0.0584402	0.99803	0.0228409	-0.0282137	-0.0245221	0.999301
1.3	0.997853	0.0585221	0.0294122	-0.0592199	0.99797	0.0234406	-0.0279807	-0.025132	0.999292
1.33333	0.997837	0.0589989	0.0289929	-0.059703	0.997926	0.0240509	-0.0275138	-0.0257298	0.99929
1.36667	0.997816	0.0594207	0.0288531	-0.0601322	0.997891	0.0244513	-0.0273394	-0.0261329	0.999285
1.4	0.997763	0.0600953	0.0292747	-0.0608211	0.997846	0.0245674	-0.0277353	-0.026293	0.999269
1.43333	0.997744	0.0603108	0.0294843	-0.0610433	0.997832	0.0246062	-0.0279364	-0.0263505	0.999262
1.46667	0.997699	0.0609457	0.0296883	-0.0617024	0.997774	0.0252766	-0.0280817	-0.0270503	0.99924
1.5	0.997678	0.0612086	0.0298627	-0.0619924	0.997736	0.0260697	-0.0281994	-0.0278605	0.999214
1.53333	0.997684	0.060911	0.0302841	-0.0616949	0.997765	0.0256622	-0.0286533	-0.0274711	0.999212
1.56667	0.997646	0.0612279	0.0308954	-0.0620215	0.997751	0.0254167	-0.0292697	-0.0272731	0.999199
1.6	0.997602	0.0615794	0.0315884	-0.0624243	0.997698	0.0264969	-0.029884	-0.0284052	0.99915
1.63333	0.997556	0.0617883	0.0326269	-0.0626746	0.997672	0.0268809	-0.0308901	-0.02886	0.999106
1.66667	0.997475	0.0624932	0.0337403	-0.0634508	0.997589	0.0280972	-0.0319031	-0.0301671	0.999036
1.7	0.997407	0.0631558	0.0345043	-0.0641642	0.99752	0.0289411	-0.0325909	-0.03108	0.998985
1.73333	0.997395	0.0630076	0.0351219	-0.0640315	0.997531	0.028833	-0.0332185	-0.0310068	0.998967
1.76667	0.997361	0.0629466	0.0361656	-0.0639781	0.997555	0.028107	-0.0343079	-0.0303466	0.99895
1.8	0.997269	0.0634638	0.0377851	-0.0645007	0.997555	0.0268832	-0.0359867	-0.0292469	0.998924
1.83333	0.99726	0.0629897	0.0387922	-0.064015	0.997616	0.0257807	-0.0370758	-0.0281934	0.998915
1.86667	0.997219	0.0632723	0.0393821	-0.0642714	0.997628	0.0246416	-0.0377295	-0.0271042	0.99892
1.9	0.997164	0.0637661	0.0399712	-0.0646834	0.997661	0.0220919	-0.038469	-0.0246147	0.998957
1.93333	0.997108	0.0643294	0.0404729	-0.0651667	0.99768	0.0197199	-0.0391104	-0.0223003	0.998986
1.96667	0.997146	0.0633236	0.0411072	-0.0640555	0.997806	0.0167387	-0.0399571	-0.0193241	0.999015
2	0.997185	0.0625826	0.0413077	-0.0632242	0.997895	0.014414	-0.0403187	-0.0169851	0.999042
2.03333	0.997246	0.0615595	0.0413649	-0.0621149	0.997993	0.0122783	-0.0405261	-0.0148138	0.999069
2.06667	0.997365	0.0596658	0.0412603	-0.0600939	0.99815	0.00921424	-0.0406342	-0.0116695	0.999106
2.1	0.997483	0.0570408	0.0421291	-0.0573011	0.998344	0.004995	-0.0417744	-0.00739647	0.9991
2.13333	0.997658	0.0518512	0.0446166	-0.0517467	0.998654	-0.00349629	-0.0447379	0.00117934	0.998998
2.16667	0.997992	0.0420696	0.0473476	-0.0414046	0.999031	-0.0149405	-0.0479302	0.01295	0.998767
2.2	0.998348	0.0279031	0.0502234	-0.0264196	0.999202	-0.0299631	-0.0510194	0.0285867	0.998288
2.23333	0.998527	0.0116324	0.0529978	-0.00925781	0.998952	-0.0448325	-0.0534637	0.0442758	0.997588
2.26667	0.998302	-0.00423802	0.0581003	0.00749727	0.998403	-0.0559943	-0.0577703	0.0563348	0.996739
2.3	0.997829	-0.0165234	0.063752	0.0203897	0.997961	-0.0604806	-0.0626227	0.0616492	0.996131
2.33333	0.997346	-0.0243803	0.0686004	0.0285449	0.997766	-0.0603973	-0.0669747	0.0621952	0.995814
2.36667	0.996899	-0.0310093	0.0723278	0.0353221	0.997625	-0.0591327	-0.0703223	0.0615041	0.995626
2.4	0.996411	-0.0384637	0.0754053	0.0428637	0.997417	-0.0576291	-0.0729939	0.0606544	0.995486
2.43333	0.995873	-0.0459082	0.0782911	0.0503468	0.997178	-0.0556947	-0.0755133	0.0594066	0.995374
2.46667	0.995265	-0.0536092	0.0810778	0.0579165	0.99698	-0.0517402	-0.0780592	0.056191	0.995364
2.5	0.994689	-0.0609104	0.0829734	0.0648525	0.996849	-0.0456728	-0.07993	0.0508113	0.995505
2.53333	0.994289	-0.0666393	0.0833633	0.0701126	0.996759	-0.0394517	-0.080464	0.0450712	0.995738
2.56667	0.993997	-0.0714362	0.0828623	0.0745319	0.996608	-0.0348849	-0.0800892	0.0408514	0.99595
2.6	0.993945	-0.0738573	0.081348	0.0765412	0.996603	-0.0303796	-0.078828	0.0364221	0.996223
2.63333	0.994131	-0.0756561	0.0773282	0.0776695	0.996705	-0.0233654	-0.0753057	0.0292343	0.996732
2.66667	0.994368	-0.0790399	0.0706055	0.0807413	0.996502	-0.021573	-0.0686534	0.0271523	0.997271
2.7	0.994644	-0.0826556	0.0620617	0.0843033	0.996141	-0.0244133	-0.0598044	0.0295146	0.997774
2.73333	0.995027	-0.0859349	0.0503627	0.0875391	0.995692	-0.0305581	-0.0475197	0.0348148	0.998263
2.76667	0.993852	-0.104197	0.0374352	0.105353	0.993971	-0.0303757	-0.0340444	0.0341328	0.998837
2.8	0.99088	-0.132474	0.0246573	0.133216	0.99059	-0.0313812	-0.0202681	0.0343797	0.999203
2.83333	0.989333	-0.144364	0.0194532	0.144953	0.988878	-0.0333162	-0.0144271	0.0357806	0.999256
2.86667	0.989159	-0.145706	0.018305	0.146377	0.988283	-0.0432571	-0.0117877	0.0454676	0.998896
2.9	0.988381	-0.151285	0.0146923	0.151875	0.986834	-0.0556086	-0.00608615	0.0571939	0.998345
2.93333	0.987722	-0.155901	0.00997839	0.156219	0.985825	-0.0611853	-0.000298125	0.0619929	0.998077
2.96667	0.987358	-0.158284	0.00844345	0.158507	0.985665	-0.0577949	0.000825573	0.0584025	0.998293
3	0.988175	-0.15279	0.0128752	0.153235	0.98705	-0.0474577	-0.00545744	0.0488694	0.99879
3.03333	0.989925	-0.1403	0.0190743	0.140804	0.989631	-0.0283687	-0.0148964	0.0307686	0.999416
3.06667	0.992316	-0.12151	0.0233468	0.121649	0.992562	-0.00461755	-0.022612	0.00742217	0.999717
3.1	0.994827	-0.097607	0.0281287	0.0970548	0.99507	0.0203741	-0.0299787	-0.0175387	0.999397
3.13333	0.99668	-0.0737612	0.0344697	0.0723248	0.996529	0.0412106	-0.0373899	-0.0385808	0.998556
3.16667	0.997751	-0.0526804	0.0414388	0.0503136	0.99715	0.056221	-0.0442825	-0.0540097	0.997558
3.2	0.998229	-0.036306	0.0471196	0.0332555	0.997397	0.0639851	-0.04932	-0.0623048	0.996838
3.23333	0.99842	-0.0221254	0.0516524	0.0186398	0.997578	0.067015	-0.05301	-0.0659463	0.996414
3.26667	0.998361	-0.00884599	0.0565453	0.00500635	0.997694	0.0676881	-0.0570137	-0.0672941	0.996103
3.3	0.998111	0.00431998	0.0612763	-0.00842052	0.99773	0.0668194	-0.0608485	-0.0672092	0.995882
3.33333	0.997684	0.0181677	0.0655515	-0.0224544	0.997616	0.0652614	-0.0642096	-0.0665821	0.995713
3.36667	0.996981	0.0319467	0.0707724	-0.0365224	0.99726	0.0643326	-0.0685232	-0.0667231	0.995416
3.4	0.996106	0.0445771	0.0760612	-0.0493833	0.996821	0.0625229	-0.0730323	-0.0660356	0.995141
3.43333	0.995063	0.0559007	0.0820015	-0.0608218	0.996416	0.0587944	-0.078421	-0.0634916	0.994896
3.46667	0.993774	0.0682112	0.088092	-0.0730777	0.995904	0.0532498	-0.084099	-0.0593558	0.994688
3.5	0.9924	0.0801142	0.0934039	-0.0848631	0.995235	0.0480247	-0.0891114	-0.0555863	0.994469
3.53333	0.991158	0.0900769	0.09743	-0.0945111	0.994642	0.0418878	-0.0931348	-0.0507256	0.994361
3.56667	0.990191	0.0976828	0.0998982	-0.101906	0.994065	0.0380749	-0.095586	-0.0478817	0.994269
3.6	0.989699	0.102927	0.0995053	-0.106984	0.993597	0.0363192	-0.0951299	-0.0465905	0.994374
3.63333	0.989634	0.10726	0.0954962	-0.111381	0.993016	0.0389106	-0.0906557	-0.0491437	0.994669
3.66667	0.989348	0.11451	0.0898776	-0.118805	0.991943	0.0439728	-0.0841182	-0.0541824	0.994982
3.7	0.986902	0.135995	0.0867682	-0.140113	0.989191	0.0432475	-0.0799488	-0.0548385	0.995289
3.73333	0.982945	0.16319	0.0847769	-0.166915	0.985206	0.038832	-0.0771858	-0.0523202	0.995643
3.76667	0.978963	0.187052	0.0815012	-0.189995	0.981329	0.0299178	-0.0743833	-0.0447732	0.996224
3.8	0.976885	0.197147	0.0826351	-0.199743	0.979546	0.0243445	-0.0761455	-0.0402876	0.996282
3.83333	0.974535	0.20678	0.0867359	-0.209496	0.97753	0.0233825	-0.0799519	-0.0409579	0.995957
3.86667	0.971557	0.219054	0.089962	-0.221803	0.974851	0.0216618	-0.0829544	-0.0409995	0.99571
3.9	0.969139	0.229575	0.0898087	-0.231961	0.972577	0.0169512	-0.0834543	-0.0372601	0.995815
3.93333	0.968073	0.235398	0.0861558	-0.237274	0.971368	0.0120789	-0.0808456	-0.0321357	0.996208
3.96667	0.969533	0.230747	0.082231	-0.23222	0.972624	0.00869144	-0.0779743	-0.0275223	0.996575
4	0.972214	0.219918	0.0802195	-0.221025	0.975255	0.00507298	-0.0771189	-0.0226625	0.996764
4.03333	0.976149	0.20264	0.0779123	-0.203111	0.979154	-0.00191179	-0.0766756	-0.0139587	0.996958
4.06667	0.979482	0.1866	0.0761315	-0.186656	0.982404	-0.00643489	-0.0759927	-0.00790758	0.997077
4.1	0.982179	0.172351	0.0749567	-0.172058	0.985032	-0.010398	-0.0756269	-0.00268423	0.997133
4.13333	0.984446	0.15965	0.0733386	-0.159212	0.987174	-0.0118218	-0.0742853	-3.84905e-05	0.997237
4.16667	0.986675	0.146256	0.0712907	-0.14541	0.989226	-0.0169514	-0.0730019	0.00635916	0.997312
4.2	0.989004	0.131031	0.0685667	-0.129734	0.991281	-0.0230573	-0.0709901	0.0139083	0.99738
4.23333	0.991187	0.114953	0.0658299	-0.113187	0.993122	-0.0299698	-0.0688222	0.0222546	0.997381
4.26667	0.992869	0.100915	0.0634608	-0.0987958	0.994467	-0.0356983	-0.0667122	0.0291741	0.997346
4.3	0.994283	0.0867629	0.0622439	-0.0843612	0.995623	-0.0402332	-0.0654622	0.0347522	0.99725
4.33333	0.995609	0.0711251	0.0608534	-0.0684724	0.996655	-0.0446221	-0.0638236	0.0402595	0.997149
4.36667	0.996656	0.0556798	0.059801	-0.0528122	0.997426	-0.0485083	-0.062348	0.0451878	0.997031
4.4	0.997333	0.0414969	0.0600489	-0.0385001	0.997995	-0.0502305	-0.0620129	0.0477846	0.996931
4.43333	0.997676	0.0283824	0.061943	-0.02541	0.998512	-0.0482576	-0.0632205	0.0465715	0.996912
4.46667	0.997804	0.0159254	0.0642994	-0.013254	0.99904	-0.0417615	-0.0649028	0.0408175	0.997056
4.5	0.997786	0.00578169	0.0662491	-0.00350482	0.999401	-0.034433	-0.0664085	0.0341246	0.997209
4.53333	0.997677	-0.0028781	0.0680577	0.00461014	0.999669	-0.0253062	-0.0679624	0.0255612	0.99736
4.56667	0.997483	-0.00998779	0.0702034	0.0109988	0.999841	-0.0140297	-0.0700521	0.0147665	0.997434
4.6	0.997336	-0.0162491	0.0711164	0.0165312	0.999858	-0.00338086	-0.0710513	0.00454749	0.997462
4.63333	0.997164	-0.0200562	0.0725334	0.0193923	0.999763	0.00984581	-0.0727137	-0.0084113	0.997317
4.66667	0.99699	-0.0211938	0.0745715	0.0195614	0.999554	0.0225531	-0.0750163	-0.0210265	0.996961
4.7	0.996759	-0.0188205	0.0782098	0.0161752	0.99928	0.0343196	-0.0787994	-0.0329433	0.996346
4.73333	0.996532	-0.0153197	0.081785	0.0121137	0.999144	0.0395537	-0.082321	-0.0384258	0.995865
4.76667	0.996503	-0.0176999	0.0816602	0.0149832	0.999318	0.0337624	-0.0822021	-0.0324208	0.996088
4.8	0.996721	-0.0226949	0.07767	0.0209541	0.999512	0.023155	-0.0781576	-0.0214516	0.99671
4.83333	0.997074	-0.0265761	0.0716721	0.0257521	0.999592	0.0123959	-0.0719723	-0.0105139	0.997351
4.86667	0.99734	-0.0354714	0.063684	0.0349693	0.999348	0.00898076	-0.063961	-0.00672988	0.99793
4.9	0.996419	-0.0684135	0.0496848	0.0676156	0.997557	0.0175692	-0.0507654	-0.0141469	0.99861
4.93333	0.994264	-0.101726	0.0330418	0.100583	0.994328	0.0345801	-0.036372	-0.0310583	0.998856
4.96667	0.993135	-0.113937	0.0264967	0.112713	0.992661	0.0438243	-0.0312954	-0.0405369	0.998688
5	0.992424	-0.120091	0.0259441	0.119198	0.992302	0.0335997	-0.0297794	-0.0302526	0.999099
5.03333	0.991149	-0.1307	0.0232513	0.130417	0.99137	0.0133398	-0.0247942	-0.0101893	0.999641
5.06667	0.989873	-0.140664	0.0191236	0.140827	0.990006	-0.00742478	-0.0178881	0.0100427	0.99979
5.1	0.989785	-0.14135	0.0185963	0.141702	0.989723	-0.0192157	-0.0156891	0.0216546	0.999642
5.13333	0.991628	-0.127592	0.0198392	0.127883	0.991688	-0.0141838	-0.0178646	0.0166022	0.999703
5.16667	0.994297	-0.104584	0.0208699	0.104409	0.994491	0.00932178	-0.0217298	-0.00708963	0.999739
5.2	0.996543	-0.0794305	0.0243438	0.0784367	0.996141	0.0393722	-0.0273772	-0.0373267	0.998928
5.23333	0.998075	-0.0547979	0.0290514	0.0528692	0.996584	0.0634462	-0.0324289	-0.0617882	0.997562
5.26667	0.998797	-0.035116	0.0342379	0.0323737	0.996459	0.0776007	-0.0368417	-0.0763989	0.996396
5.3	0.999033	-0.0182069	0.0400201	0.0146909	0.996147	0.0864595	-0.0414401	-0.085788	0.995451
5.33333	0.998922	-0.0035796	0.04629	-0.000774306	0.9956	0.0936989	-0.0464217	-0.0936337	0.994524
5.36667	0.998594	0.0106842	0.0519151	-0.0159054	0.994736	0.101224	-0.0505603	-0.101908	0.993508
5.4	0.997968	0.0266065	0.0579031	-0.0326784	0.993767	0.10658	-0.0547065	-0.108256	0.992617
5.43333	0.996997	0.0426923	0.0646093	-0.0495334	0.992885	0.108283	-0.0595268	-0.111158	0.992018
5.46667	0.995828	0.0576332	0.0707407	-0.0648157	0.99248	0.103837	-0.0642243	-0.107989	0.992075
5.5	0.994632	0.0713449	0.0749476	-0.0783362	0.992399	0.0949064	-0.0676069	-0.100268	0.992661
5.53333	0.993432	0.0837451	0.0779691	-0.0903165	0.992282	0.0849633	-0.0702521	-0.0914472	0.993329
5.56667	0.99234	0.09419	0.0799305	-0.10029	0.992045	0.0760831	-0.0721284	-0.0835166	0.993893
5.6	0.991313	0.102768	0.0820759	-0.10846	0.991759	0.0681893	-0.0743919	-0.0764989	0.994291
5.63333	0.99033	0.109958	0.0845859	-0.115497	0.991268	0.0636218	-0.0768516	-0.072776	0.994383
5.66667	0.989427	0.115409	0.087838	-0.121014	0.99075	0.0613972	-0.0799398	-0.0713776	0.994241
5.7	0.988575	0.119264	0.0921687	-0.125245	0.990182	0.0620741	-0.0838606	-0.0729086	0.993807
5.73333	0.987792	0.12212	0.0967182	-0.129007	0.989277	0.0684646	-0.0873202	-0.0801061	0.992954
5.76667	0.987081	0.126047	0.0989135	-0.134004	0.987875	0.0783918	-0.0878332	-0.0906339	0.992003
5.8	0.986718	0.129751	0.0977324	-0.138201	0.986724	0.0853022	-0.0853668	-0.0976759	0.99155
5.83333	0.986401	0.133556	0.0957903	-0.14212	0.985843	0.0889722	-0.0825514	-0.101376	0.991417
5.86667	0.984474	0.146786	0.0962547	-0.155014	0.984298	0.08443	-0.0823502	-0.09804	0.991769
5.9	0.981236	0.166964	0.0964322	-0.174663	0.98155	0.0778023	-0.0816628	-0.0931856	0.992294
5.93333	0.977246	0.188417	0.0974111	-0.195687	0.978067	0.0713487	-0.0818314	-0.0887873	0.992683
5.96667	0.974861	0.198189	0.101819	-0.206008	0.975825	0.0729777	-0.084894	-0.0921185	0.992123
6	0.973049	0.203933	0.107642	-0.213018	0.973693	0.0809073	-0.088311	-0.101657	0.990892
6.03333	0.971253	0.210887	0.110423	-0.220857	0.971377	0.087455	-0.0888197	-0.109329	0.990029
6.06667	0.969135	0.219635	0.111974	-0.230092	0.968911	0.0909403	-0.0885192	-0.113898	0.989541
6.1	0.96782	0.224711	0.113272	-0.235467	0.967459	0.0926208	-0.088773	-0.116312	0.989238
6.13333	0.968313	0.220545	0.117178	-0.23171	0.968419	0.0920578	-0.0931744	-0.116292	0.988835
6.16667	0.971757	0.20346	0.119549	-0.214238	0.973039	0.085425	-0.0989455	-0.108624	0.989146
6.2	0.976689	0.18067	0.115922	-0.189471	0.979392	0.069938	-0.100897	-0.0902714	0.990793
6.23333	0.981377	0.156553	0.111312	-0.162599	0.985552	0.0474287	-0.102278	-0.0646446	0.992653
6.26667	0.984875	0.134536	0.109184	-0.138342	0.989988	0.0280282	-0.10432	-0.042709	0.993626
6.3	0.987448	0.115921	0.10728	-0.118079	0.992906	0.013968	-0.1049	-0.0264602	0.994131
6.33333	0.989487	0.0998723	0.104598	-0.10117	0.994843	0.00715885	-0.103344	-0.0176657	0.994489
6.36667	0.991191	0.0847811	0.101747	-0.0854784	0.996337	0.00250551	-0.101162	-0.0111806	0.994807
6.4	0.99269	0.0694599	0.0987053	-0.0696989	0.997568	-0.00102931	-0.0985367	-0.00585787	0.995116
6.43333	0.993829	0.0541818	0.0967864	-0.0538751	0.998531	-0.00578051	-0.0969574	0.000530459	0.995288
6.46667	0.994628	0.0388013	0.0959674	-0.0379734	0.999224	-0.0104383	-0.096298	0.00673799	0.99533
6.5	0.995119	0.0226715	0.096046	-0.0215445	0.999687	-0.0127547	-0.096305	0.0106231	0.995295
6.53333	0.99526	0.00664133	0.0970179	-0.00549085	0.999911	-0.0121205	-0.0970898	0.0115304	0.995209
6.56667	0.99523	-0.00886833	0.0971528	0.00991381	0.999898	-0.0102837	-0.0970517	0.0111978	0.995216
6.6	0.995044	-0.0222429	0.0969168	0.0231446	0.999699	-0.00818949	-0.0967054	0.010392	0.995259
6.63333	0.994694	-0.0333003	0.0973348	0.0339665	0.999409	-0.00519525	-0.0971043	0.00847381	0.995238
6.66667	0.994196	-0.0423395	0.0988977	0.0427668	0.999083	-0.00220342	-0.0987137	0.00642017	0.995095
6.7	0.993751	-0.0480056	0.100772	0.0482639	0.998835	-0.000125264	-0.100649	0.00498813	0.99491
6.73333	0.993558	-0.0499055	0.10174	0.050072	0.998745	0.000917596	-0.101658	0.00418265	0.994811
6.76667	0.99351	-0.0514503	0.101445	0.0520261	0.998641	-0.00303617	-0.101151	0.00829423	0.994837
6.8	0.993604	-0.0518395	0.10032	0.0531452	0.998533	-0.0103853	-0.0996343	0.0156504	0.994901
6.83333	0.993961	-0.0501845	0.0975904	0.0522006	0.998471	-0.0182143	-0.096527	0.0231985	0.99506
6.86667	0.994581	-0.0470915	0.0926828	0.0494953	0.998491	-0.0238088	-0.0914217	0.0282672	0.995411
6.9	0.994982	-0.0527039	0.0850499	0.054712	0.998272	-0.0214531	-0.0837723	0.0259987	0.996146
6.93333	0.994778	-0.0724789	0.0718587	0.0736484	0.997189	-0.0137578	-0.0706596	0.0189783	0.99732
6.96667	0.993499	-0.095961	0.061246	0.096643	0.995285	-0.00826457	-0.0601641	0.0141298	0.998088
7	0.992464	-0.106664	0.0603186	0.107521	0.99414	-0.0111364	-0.0587773	0.017538	0.998117
7.03333	0.991579	-0.113287	0.0627525	0.114745	0.993191	-0.0201305	-0.0600447	0.0271615	0.997826
7.06667	0.991133	-0.119449	0.0582059	0.121096	0.99231	-0.0256354	-0.0546962	0.0324566	0.997975
7.1	0.991273	-0.12315	0.0470358	0.12447	0.991876	-0.02625	-0.043421	0.0318755	0.998548
7.13333	0.991312	-0.126512	0.0360041	0.127515	0.991467	-0.0270689	-0.0322723	0.0314248	0.998985
7.16667	0.991661	-0.125314	0.0300702	0.125946	0.991833	-0.0201175	-0.0273036	0.023737	0.999345
7.2	0.992879	-0.115949	0.027348	0.116115	0.993225	-0.00453794	-0.0266366	0.00768114	0.999616
7.23333	0.994581	-0.100164	0.0278675	0.0997469	0.994885	0.0159639	-0.029324	-0.0130977	0.999484
7.26667	0.996293	-0.0800801	0.0314319	0.0788692	0.996159	0.0380423	-0.0343576	-0.0354223	0.998782
7.3	0.997676	-0.0572604	0.0369405	0.0552785	0.997084	0.0526094	-0.0398452	-0.0504451	0.997932
7.33333	0.998589	-0.0325846	0.0419339	0.0300682	0.997787	0.0593014	-0.0437734	-0.0579568	0.997359
7.36667	0.998866	-0.0104266	0.046445	0.00752903	0.99804	0.0621304	-0.0470017	-0.0617102	0.996987
7.4	0.998698	0.00920032	0.0501817	-0.0126418	0.997557	0.0687005	-0.0494271	-0.0692454	0.996374
7.43333	0.998175	0.0266165	0.0542079	-0.0306614	0.996696	0.0752084	-0.052027	-0.0767332	0.995693
7.46667	0.997321	0.0421189	0.0598143	-0.0467945	0.995772	0.0790498	-0.0562319	-0.0816369	0.995075
7.5	0.996302	0.05645	0.0647678	-0.0615279	0.994951	0.0792903	-0.0599648	-0.0829822	0.994745
7.53333	0.995105	0.0712171	0.0685153	-0.0764196	0.994131	0.0765734	-0.0626598	-0.0814345	0.994707
7.56667	0.993688	0.0859177	0.0721272	-0.0912671	0.993038	0.0744721	-0.0652265	-0.0805849	0.994611
7.6	0.99223	0.0981956	0.0763976	-0.103802	0.991898	0.073242	-0.0685866	-0.0806031	0.994384
7.63333	0.990829	0.109035	0.0798024	-0.114708	0.990906	0.0703314	-0.0714081	-0.0788404	0.994326
7.66667	0.989228	0.120465	0.0831687	-0.126173	0.989732	0.0671612	-0.0742242	-0.0769313	0.99427
7.7	0.987755	0.129677	0.0867459	-0.135264	0.988871	0.0619471	-0.0777474	-0.0729221	0.994303
7.73333	0.986683	0.135809	0.0895106	-0.141058	0.988464	0.0551599	-0.0809868	-0.0670515	0.994457
7.76667	0.986076	0.13963	0.0903179	-0.144344	0.988366	0.0479244	-0.0825755	-0.0602939	0.994759
7.8	0.985806	0.142644	0.0885414	-0.146698	0.988328	0.0410711	-0.0816494	-0.0534769	0.995225
7.83333	0.986053	0.143413	0.0844541	-0.147263	0.988237	0.0412488	-0.0775451	-0.0531105	0.995573
7.86667	0.986583	0.141981	0.0806002	-0.146419	0.98785	0.0520869	-0.0722256	-0.0631894	0.995385
7.9	0.985072	0.152326	0.0801835	-0.15741	0.985622	0.0614165	-0.0696753	-0.0731213	0.994886
7.93333	0.980973	0.178643	0.0760219	-0.183122	0.981457	0.0566465	-0.0644927	-0.0694899	0.995496
7.96667	0.974248	0.214233	0.0703284	-0.21719	0.975412	0.0374237	-0.0605818	-0.0517346	0.996822
8	0.972508	0.222367	0.0691439	-0.224322	0.97427	0.0218326	-0.06251	-0.0367429	0.997368
8.03333	0.972354	0.221287	0.0745663	-0.223013	0.974691	0.0155577	-0.0692364	-0.0317568	0.997095
8.06667	0.971258	0.225024	0.0776014	-0.226668	0.973886	0.0129574	-0.0726592	-0.0301748	0.9969
8.1	0.97015	0.230691	0.0747685	-0.232122	0.972625	0.0109311	-0.0702	-0.0279603	0.997141
8.13333	0.970577	0.230149	0.0707858	-0.231532	0.972755	0.0118872	-0.0661214	-0.0279267	0.997421
8.16667	0.972963	0.220413	0.0690005	-0.221905	0.974958	0.0146623	-0.0640408	-0.0295775	0.997509
8.2	0.976922	0.202361	0.0683607	-0.203667	0.978959	0.0126344	-0.0643656	-0.0262656	0.997581
8.23333	0.981378	0.179517	0.0683408	-0.180117	0.983642	0.002667	-0.0667441	-0.0149267	0.997658
8.26667	0.985769	0.154144	0.0670774	-0.153616	0.988045	-0.0129857	-0.0682772	0.00249674	0.997663
8.3	0.989954	0.126065	0.0640199	-0.124495	0.991826	-0.0279582	-0.0670211	0.0197072	0.997557
8.33333	0.993056	0.101628	0.0592618	-0.099597	0.994366	-0.0362739	-0.0626144	0.0301197	0.997583
8.36667	0.995352	0.0790501	0.0550076	-0.0767928	0.996162	-0.0420091	-0.0581172	0.0375896	0.997602
8.4	0.996935	0.056859	0.0537453	-0.0542247	0.997313	-0.0492648	-0.056402	0.0461994	0.997339
8.43333	0.997907	0.0348908	0.0544435	-0.031807	0.997895	-0.0565161	-0.0563008	0.0546661	0.996916
8.46667	0.998286	0.0134609	0.056957	-0.00980508	0.997903	-0.0639856	-0.0576988	0.0633175	0.996324
8.5	0.998182	-0.00843153	0.0596724	0.0127152	0.99734	-0.0717743	-0.0589085	0.0724026	0.995634
8.53333	0.997636	-0.032227	0.0606954	0.0369667	0.996216	-0.0786592	-0.0579308	0.0807169	0.995052
8.56667	0.99703	-0.0459055	0.06183	0.0505215	0.995881	-0.075287	-0.0581192	0.0781871	0.995243
8.6	0.996264	-0.0600352	0.0620719	0.0643816	0.995427	-0.0705704	-0.0575513	0.074303	0.995574
8.63333	0.995579	-0.069903	0.0627401	0.0737187	0.995429	-0.0607163	-0.0582091	0.065073	0.996181
8.66667	0.995151	-0.074955	0.0636946	0.0780181	0.995841	-0.0470452	-0.0599034	0.0517864	0.99686
8.7	0.995149	-0.0763202	0.0620752	0.0783347	0.996455	-0.0306897	-0.0595128	0.0354035	0.9976
8.73333	0.995666	-0.0736615	0.0567676	0.0744429	0.997156	-0.0117734	-0.0557388	0.0159483	0.998318
8.76667	0.996283	-0.0707633	0.049126	0.0706887	0.997493	0.00325635	-0.0492333	0.000228407	0.998787
8.8	0.996516	-0.07198	0.0421294	0.0717208	0.997396	0.00763382	-0.0425691	-0.00458567	0.999083
8.83333	0.996458	-0.0754844	0.0370626	0.0752588	0.997136	0.00744649	-0.0375186	-0.00463083	0.999285
8.86667	0.995787	-0.0863537	0.0308506	0.0858288	0.996148	0.0179563	-0.0322824	-0.0152327	0.999363
8.9	0.992256	-0.123053	0.0169417	0.122532	0.992042	0.0289504	-0.0203693	-0.0266503	0.999437
8.93333	0.987561	-0.157035	0.00791389	0.15667	0.987029	0.0350451	-0.0133146	-0.0333694	0.999354
8.96667	0.986343	-0.163978	0.0154836	0.163591	0.986245	0.0236215	-0.019144	-0.020766	0.999601
9	0.98621	-0.163858	0.0232654	0.163869	0.986481	0.00144847	-0.0231882	0.00238398	0.999728
9.03333	0.985471	-0.168483	0.0214422	0.16883	0.985522	-0.0155564	-0.0185108	0.0189505	0.999649
9.06667	0.986345	-0.164017	0.0149067	0.164331	0.986136	-0.0230548	-0.0109186	0.0251896	0.999623
9.1	0.987257	-0.1588	0.0102697	0.159016	0.986942	-0.0256922	-0.00605562	0.0269979	0.999617
9.13333	0.989958	-0.14088	0.011637	0.141078	0.989826	-0.0184614	-0.00891775	0.0199177	0.999762
9.16667	0.992757	-0.118605	0.0191394	0.118695	0.992924	-0.00365001	-0.0185711	0.00589532	0.99981
9.2	0.995889	-0.0858506	0.0289056	0.0853842	0.996203	0.0170049	-0.0302557	-0.0144669	0.999437
9.23333	0.997984	-0.0504522	0.0385145	0.0488071	0.997903	0.0425203	-0.0405789	-0.0405548	0.998353
9.26667	0.998796	-0.0135614	0.0471343	0.0100955	0.99728	0.0730063	-0.0479962	-0.0724426	0.996217
9.3	0.998214	0.0188359	0.0566982	-0.0243123	0.994938	0.0975028	-0.0545747	-0.0987071	0.993619
9.33333	0.996743	0.0448724	0.0670067	-0.052202	0.992338	0.11198	-0.0614685	-0.115114	0.991449
9.36667	0.995098	0.0662737	0.0734052	-0.0745487	0.990398	0.116422	-0.0649847	-0.121323	0.990484
9.4	0.992847	0.0882746	0.0803934	-0.0971325	0.988731	0.113913	-0.0694319	-0.120907	0.990233
9.43333	0.990072	0.108655	0.0891713	-0.118023	0.987169	0.107554	-0.0763409	-0.11701	0.990192
9.46667	0.987015	0.126998	0.0983506	-0.136685	0.985658	0.0989693	-0.0843712	-0.111127	0.990218
9.5	0.984074	0.142311	0.106517	-0.152115	0.984222	0.0903806	-0.091974	-0.105144	0.990195
9.53333	0.981748	0.154829	0.110444	-0.164256	0.983	0.0820385	-0.0958646	-0.0986822	0.990491
9.56667	0.979343	0.167377	0.113453	-0.175642	0.982158	0.0671951	-0.100182	-0.0857342	0.991269
9.6	0.976849	0.180066	0.115507	-0.18664	0.981216	0.0487877	-0.104553	-0.0692166	0.992108
9.63333	0.97508	0.188411	0.117131	-0.193377	0.980587	0.0324751	-0.108739	-0.0543163	0.992585
9.66667	0.97475	0.192074	0.113891	-0.196603	0.980028	0.0298653	-0.10588	-0.0515024	0.993044
9.7	0.974714	0.197839	0.103885	-0.202915	0.97835	0.0407038	-0.0935829	-0.0607544	0.993756
9.73333	0.971689	0.214549	0.0989389	-0.220453	0.973952	0.0530841	-0.0849726	-0.0733927	0.993677
9.76667	0.964596	0.245189	0.0971454	-0.251559	0.965998	0.0597147	-0.0792009	-0.0820384	0.993477
9.8	0.955692	0.279231	0.0931857	-0.28483	0.957101	0.0531974	-0.0743338	-0.0773824	0.994227
9.83333	0.953024	0.288511	0.0922348	-0.293735	0.954633	0.0489499	-0.0739278	-0.073743	0.994533
9.86667	0.953601	0.28577	0.0947598	-0.291053	0.955536	0.047322	-0.0770232	-0.0727064	0.994375
9.9	0.95374	0.285201	0.0950807	-0.290087	0.956078	0.0419996	-0.0789263	-0.0676384	0.994583
9.93333	0.952962	0.289107	0.0909942	-0.293075	0.955503	0.033482	-0.0772654	-0.0585751	0.995288
9.96667	0.95308	0.28872	0.0909918	-0.292366	0.955855	0.0293871	-0.0784903	-0.0546112	0.995418
10	0.954695	0.279999	0.100784	-0.284544	0.958071	0.0336728	-0.0871297	-0.0608247	0.994338
10.0333	0.958302	0.264628	0.107838	-0.270062	0.962049	0.0390859	-0.0934021	-0.066579	0.9934
10.0667	0.964514	0.241785	0.10608	-0.246781	0.96838	0.0366109	-0.0938738	-0.0614903	0.993683
10.1	0.971199	0.214501	0.103738	-0.218433	0.97545	0.0280196	-0.0951807	-0.0498724	0.99421
10.1333	0.977429	0.185352	0.101378	-0.187958	0.982035	0.0166982	-0.0964616	-0.0353761	0.994708
10.1667	0.983002	0.156037	0.0967406	-0.157397	0.987514	0.00654298	-0.0945117	-0.0216584	0.995288
10.2	0.987616	0.127518	0.0913982	-0.127795	0.991797	-0.00283525	-0.09101	-0.00888014	0.99581
10.2333	0.991074	0.0996433	0.0885622	-0.0990184	0.99502	-0.0114326	-0.0892603	0.00256127	0.996005
10.2667	0.993285	0.075846	0.0873623	-0.0745876	0.997059	-0.0175836	-0.0884391	0.0109494	0.996021
10.3	0.994731	0.0560175	0.0858633	-0.0543853	0.998294	-0.0212338	-0.0869063	0.0164522	0.996081
10.3333	0.995584	0.0411922	0.0843556	-0.0395724	0.999	-0.0207859	-0.0851275	0.0173559	0.996219
10.3667	0.996182	0.0272922	0.0829225	-0.0260621	0.999534	-0.015881	-0.0833173	0.0136593	0.996429
10.4	0.996705	0.0168761	0.0793391	-0.0163746	0.999842	-0.00696815	-0.0794441	0.00564604	0.996823
10.4333	0.99709	0.0103793	0.0755196	-0.0108943	0.99992	0.00641062	-0.0754471	-0.0072147	0.997124
10.4667	0.997534	0.00392135	0.0700709	-0.00522766	0.999816	0.0184691	-0.0699855	-0.0187899	0.997371
10.5	0.998075	-0.00208756	0.0619888	0.000437186	0.999645	0.0266254	-0.0620224	-0.0265471	0.997722
10.5333	0.998726	-0.0119229	0.0490402	0.0104795	0.999507	0.0295856	-0.0493688	-0.029034	0.998359
10.5667	0.998958	-0.0260998	0.0374386	0.0250036	0.999253	0.029455	-0.0381795	-0.0284883	0.998865
10.6	0.997872	-0.0597072	0.0262093	0.0587404	0.997616	0.0362265	-0.0283098	-0.0346099	0.999
10.6333	0.993064	-0.11718	0.00959549	0.116624	0.992113	0.0459348	-0.0149025	-0.0444971	0.998898
10.6667	0.988684	-0.149946	0.00444126	0.149627	0.987834	0.0423752	-0.0107412	-0.0412311	0.999092
