0	1	0	0	0	1	0	0	0	1
0.0333333	0.992326	0.00309176	-0.123614	-0.00544249	0.999811	-0.0186835	0.123533	0.0192129	0.992154
0.0666667	0.992403	0.00184296	-0.123017	-0.00251144	0.999983	-0.00527912	0.123006	0.00554796	0.99239
0.1	0.99215	0.00319155	-0.12501	-0.0036531	0.999987	-0.00346302	0.124997	0.00389251	0.992149
0.133333	0.992278	0.00518118	-0.123924	-0.00494083	0.999985	0.00224676	0.123934	-0.00161712	0.992289
0.166667	0.992534	0.00756919	-0.121729	-0.00750993	0.999971	0.000945568	0.121733	-2.4329e-05	0.992563
0.2	0.992957	0.00992796	-0.118062	-0.0108106	0.999918	-0.00683826	0.117984	0.00806642	0.992983
0.233333	0.99353	0.013434	-0.112769	-0.0156069	0.999709	-0.0184082	0.112489	0.020049	0.993451
0.266667	0.994176	0.0160017	-0.106575	-0.0195382	0.99929	-0.0322226	0.105984	0.0341172	0.993782
0.3	0.994533	0.018056	-0.102852	-0.0227995	0.998721	-0.0451325	0.101906	0.0472307	0.993672
0.333333	0.994774	0.0181508	-0.100472	-0.0236961	0.998245	-0.0542776	0.0993105	0.0563748	0.993458
0.366667	0.994918	0.0175049	-0.0991591	-0.0234695	0.997964	-0.0593081	0.097919	0.0613338	0.993303
0.4	0.995193	0.0156548	-0.0966772	-0.0215809	0.997931	-0.0605591	0.0955291	0.0623544	0.993472
0.433333	0.995618	0.0145207	-0.0923826	-0.0201222	0.997996	-0.059995	0.0913263	0.061591	0.993915
0.466667	0.996254	0.0129681	-0.0854977	-0.0181247	0.998045	-0.0598152	0.0845549	0.0611408	0.994541
0.5	0.996977	0.0119718	-0.0767717	-0.0157473	0.998686	-0.0487626	0.0760871	0.0498242	0.995856
0.533333	0.997745	0.00963337	-0.0664186	-0.0122286	0.999173	-0.0387793	0.0659901	0.0395041	0.997038
0.566667	0.998529	0.00773724	-0.0536664	-0.00905739	0.999661	-0.0243997	0.0534595	0.0248499	0.998261
0.6	0.999055	0.0066656	-0.0429571	-0.00705707	0.999935	-0.00896764	0.0428946	0.00926231	0.999037
0.633333	0.999307	0.00707312	-0.036538	-0.00693356	0.999968	0.00394506	0.0365648	-0.00368899	0.999324
0.666667	0.99933	0.00787708	-0.0357291	-0.0074406	0.999896	0.0123328	0.0358226	-0.0120587	0.999285
0.7	0.999221	0.00917519	-0.0383759	-0.00837603	0.999746	0.0209338	0.0385582	-0.020596	0.999044
0.733333	0.999055	0.00962809	-0.0423932	-0.00844512	0.999572	0.0279959	0.0426446	-0.0276114	0.998709
0.766667	0.998886	0.00885894	-0.0463562	-0.00731654	0.999417	0.0333373	0.0466246	-0.032961	0.998369
0.8	0.998755	0.00806833	-0.0492349	-0.00623158	0.999283	0.0373458	0.0495009	-0.0369925	0.998089
0.833333	0.99868	0.00750582	-0.0508037	-0.00567709	0.999334	0.036045	0.0510404	-0.035709	0.998058
0.866667	0.998614	0.00736981	-0.0521219	-0.00568427	0.999458	0.0324131	0.0523326	-0.0320718	0.998115
0.9	0.998578	0.00726224	-0.0528171	-0.00609696	0.999735	0.0221904	0.0529643	-0.0218369	0.998358
0.933333	0.998581	0.00717169	-0.0527648	-0.00659572	0.999917	0.0110819	0.0528399	-0.0107181	0.998545
0.966667	0.998614	0.00630109	-0.0522497	-0.00604499	0.999969	0.00505808	0.05228	-0.00473522	0.998621
1	0.998632	0.00389236	-0.0521422	-0.00365007	0.999982	0.00474105	0.0521597	-0.00454424	0.998628
1.03333	0.998625	0.00126551	-0.0524126	-0.000669376	0.999935	0.0113898	0.0524236	-0.011339	0.998561
1.06667	0.998627	-0.00139437	-0.0523616	0.00242032	0.999806	0.0195353	0.0523242	-0.0196353	0.998437
1.1	0.998652	-0.00296135	-0.0518119	0.00406045	0.999769	0.0211209	0.0517374	-0.0213028	0.998433
1.13333	0.998698	-0.00249434	-0.0509562	0.00322787	0.999892	0.0143181	0.050915	-0.0144639	0.998598
1.16667	0.99874	-0.00131255	-0.0501724	0.00153267	0.999989	0.00434896	0.0501661	-0.00442038	0.998731
1.2	0.998808	0.000273091	-0.0488171	-0.000285868	1	-0.000254752	0.048817	0.000268403	0.998808
1.23333	0.998863	0.00137553	-0.0476611	-0.00133742	0.999999	0.000831309	0.0476622	-0.000766621	0.998863
1.26667	0.998907	0.00226108	-0.0466897	-0.00207351	0.99999	0.00406541	0.0466984	-0.00396416	0.998901
1.3	0.998962	0.00395177	-0.0453859	-0.00370097	0.999977	0.00560868	0.045407	-0.00543488	0.998954
1.33333	0.998992	0.00543726	-0.044566	-0.00529553	0.999981	0.0032977	0.0445831	-0.00305837	0.999001
1.36667	0.999012	0.00607004	-0.0440303	-0.00609342	0.999981	-0.000396752	0.0440271	0.000664655	0.99903
1.4	0.99902	0.00634289	-0.0438127	-0.00651059	0.999972	-0.00368608	0.0437881	0.00396771	0.999033
1.43333	0.999019	0.00658653	-0.0437952	-0.00681017	0.999965	-0.00495935	0.043761	0.00525274	0.999028
1.46667	0.998998	0.00647418	-0.0442934	-0.00680317	0.99995	-0.00728091	0.044244	0.00757495	0.998992
1.5	0.998975	0.00705054	-0.0447092	-0.00749958	0.999923	-0.00988379	0.044636	0.010209	0.998951
1.53333	0.998972	0.00762176	-0.0446918	-0.00823173	0.999875	-0.0134802	0.0445835	0.0138342	0.99891
1.56667	0.998983	0.00795918	-0.0443831	-0.00881954	0.999776	-0.0192229	0.0442201	0.0195948	0.99883
1.6	0.998946	0.00887502	-0.0450282	-0.00993198	0.999679	-0.023304	0.0448069	0.0237267	0.998714
1.63333	0.998889	0.00922975	-0.0462208	-0.0105241	0.999557	-0.0278397	0.0459433	0.0282952	0.998543
1.66667	0.998775	0.00963081	-0.0485448	-0.0113225	0.999334	-0.0346952	0.0481784	0.0352023	0.998218
1.7	0.998571	0.00966471	-0.0525636	-0.0120842	0.998873	-0.0459078	0.0520606	0.0464774	0.997562
1.73333	0.998386	0.0097779	-0.0559363	-0.013164	0.998082	-0.0604914	0.0552375	0.0611301	0.9966
1.76667	0.998131	0.00931208	-0.06039	-0.0140397	0.996828	-0.0783402	0.0594689	0.0790417	0.995096
1.8	0.997662	0.00929192	-0.0677121	-0.0161106	0.99477	-0.100862	0.0664208	0.101717	0.992594
1.83333	0.996763	0.00953851	-0.0798237	-0.0193032	0.992285	-0.122468	0.0780397	0.123612	0.989257
1.86667	0.995373	0.0093392	-0.0956355	-0.0224358	0.990345	-0.1368	0.0934345	0.138313	0.985971
1.9	0.993344	0.00803985	-0.114903	-0.0248591	0.989016	-0.145706	0.11247	0.147592	0.982633
1.93333	0.991088	0.00648816	-0.133048	-0.0248695	0.990264	-0.136965	0.130864	0.139053	0.9816
1.96667	0.988989	0.00295889	-0.147957	-0.0203838	0.992994	-0.116394	0.146576	0.118128	0.982121
2	0.987904	-0.00129132	-0.155064	-0.0123656	0.996125	-0.087076	0.154576	0.0879401	0.984059
2.03333	0.987633	-0.00585552	-0.156673	-0.00312622	0.998368	-0.0570202	0.156751	0.0568049	0.986003
2.06667	0.987279	-0.0111793	-0.158604	0.00614164	0.999462	-0.0322169	0.158879	0.030833	0.986817
2.1	0.986852	-0.0156803	-0.160867	0.0136848	0.999815	-0.0135056	0.161049	0.0111266	0.986884
2.13333	0.986654	-0.0185506	-0.161768	0.0191896	0.999813	0.00238827	0.161694	-0.00546066	0.986826
2.16667	0.987189	-0.0219297	-0.158043	0.0249707	0.999539	0.0172814	0.157592	-0.0210065	0.987281
2.2	0.988184	-0.0258994	-0.15107	0.0305649	0.999122	0.0286429	0.150195	-0.0329219	0.988108
2.23333	0.989215	-0.0306	-0.143238	0.0370414	0.998409	0.0425209	0.141708	-0.0473681	0.988774
2.26667	0.989982	-0.0338303	-0.137078	0.0422192	0.997379	0.0587599	0.134731	-0.0639586	0.988816
2.3	0.990237	-0.0353712	-0.134833	0.0469411	0.995392	0.083619	0.131254	-0.0891318	0.987334
2.33333	0.990201	-0.0355779	-0.135039	0.0502586	0.992997	0.106912	0.13029	-0.112652	0.985055
2.36667	0.989676	-0.0358833	-0.138756	0.0532329	0.990925	0.123423	0.133068	-0.129535	0.982605
2.4	0.98818	-0.0340405	-0.149471	0.0540217	0.989813	0.131727	0.143465	-0.138245	0.979952
2.43333	0.987904	-0.0250254	-0.153037	0.0453467	0.990374	0.130776	0.148291	-0.136134	0.979529
2.46667	0.988543	-0.0147832	-0.150214	0.0331958	0.992119	0.120819	0.147244	-0.124421	0.981243
2.5	0.988236	-0.00726187	-0.152763	0.0238498	0.993969	0.107037	0.151064	-0.109421	0.982449
2.53333	0.987739	-0.000350021	-0.156111	0.0149589	0.995608	0.0924149	0.155393	-0.0936171	0.983407
2.56667	0.987526	0.00526051	-0.157367	0.00636075	0.997293	0.0732533	0.157327	-0.0733405	0.98482
2.6	0.987429	0.00948464	-0.157777	-0.00262298	0.999044	0.0436411	0.15804	-0.0426786	0.98651
2.63333	0.987113	0.0128345	-0.15951	-0.0142954	0.999866	-0.00801444	0.159385	0.0101914	0.987164
2.66667	0.986946	0.0168958	-0.160162	-0.0278561	0.997402	-0.0664362	0.158624	0.0700304	0.984852
2.7	0.986913	0.0191156	-0.160117	-0.0391196	0.991669	-0.122731	0.156437	0.127388	0.979439
2.73333	0.987126	0.0141113	-0.159322	-0.0433234	0.982453	-0.181406	0.153966	0.185973	0.970417
2.76667	0.988096	0.0090826	-0.153568	-0.0454187	0.97098	-0.234808	0.146979	0.238987	0.959834
2.8	0.989268	0.00821181	-0.145879	-0.0496067	0.957991	-0.282477	0.137431	0.286682	0.948117
2.83333	0.990224	0.0100598	-0.139124	-0.0543677	0.94635	-0.318538	0.128455	0.322987	0.937645
2.86667	0.990869	0.0125686	-0.134244	-0.0580861	0.938307	-0.34089	0.121678	0.345575	0.930469
2.9	0.9911	0.0160973	-0.132141	-0.0616217	0.93538	-0.348234	0.117997	0.353277	0.928047
2.93333	0.991	0.0221414	-0.132019	-0.0660343	0.938738	-0.338247	0.116442	0.343921	0.931751
2.96667	0.990952	0.0317785	-0.130397	-0.0714597	0.947329	-0.312189	0.113608	0.318682	0.941029
3	0.991611	0.0385914	-0.123363	-0.0714128	0.959074	-0.274002	0.10774	0.280513	0.953784
3.03333	0.992811	0.0350327	-0.114452	-0.0617304	0.969093	-0.238848	0.102547	0.244196	0.964289
3.06667	0.994406	0.0252198	-0.102566	-0.04662	0.976164	-0.211967	0.0947755	0.215563	0.97188
3.1	0.995692	0.0146881	-0.0915563	-0.0320396	0.981057	-0.191049	0.0870159	0.193159	0.977301
3.13333	0.996461	0.00666082	-0.0837914	-0.0205644	0.98588	-0.166185	0.0815013	0.16732	0.982528
3.16667	0.996811	0.00286454	-0.0797509	-0.0132531	0.99142	-0.130041	0.0786942	0.130683	0.988296
3.2	0.996779	0.000815278	-0.0801873	-0.00679053	0.997215	-0.0742717	0.0799035	0.074577	0.994009
3.23333	0.996489	0.00118954	-0.083713	-0.00158795	0.999988	-0.00469278	0.0837064	0.00480924	0.996479
3.26667	0.995992	0.000435896	-0.0894435	0.00531935	0.99793	0.0640966	0.0892863	-0.0643155	0.993927
3.3	0.995662	-0.00422874	-0.0929521	0.0151484	0.993006	0.117088	0.0918068	-0.117988	0.988762
3.33333	0.995628	-0.0111526	-0.0927388	0.0259831	0.986728	0.160287	0.0897203	-0.161996	0.982704
3.36667	0.995489	-0.0205691	-0.0926196	0.0409386	0.973786	0.223754	0.0855892	-0.226536	0.970235
3.4	0.994286	-0.0347642	-0.100933	0.069436	0.928761	0.364118	0.0810846	-0.369046	0.925867
3.43333	0.992143	-0.0453918	-0.116581	0.103495	0.821336	0.560978	0.0702888	-0.568636	0.819581
3.46667	0.990434	-0.049334	-0.128864	0.126703	0.695015	0.707744	0.0546466	-0.717301	0.694617
3.5	0.989655	-0.0499289	-0.134499	0.136154	0.622354	0.770803	0.0452206	-0.781142	0.622714
3.53333	0.989681	-0.0534494	-0.132945	0.138055	0.604144	0.784826	0.0383696	-0.795081	0.605289
3.56667	0.989908	-0.0592356	-0.128738	0.137336	0.625006	0.768444	0.0349425	-0.778369	0.626834
3.6	0.98977	-0.0646298	-0.127197	0.138167	0.656514	0.741552	0.0355805	-0.75154	0.658727
3.63333	0.989201	-0.0674708	-0.130109	0.140452	0.690057	0.709996	0.0418787	-0.720604	0.692081
3.66667	0.988747	-0.0693922	-0.132532	0.141746	0.717831	0.681636	0.0478356	-0.692751	0.719589
3.7	0.98853	-0.0729064	-0.13226	0.142608	0.738874	0.65858	0.0497085	-0.669887	0.740797
3.73333	0.98861	-0.0766977	-0.12949	0.141953	0.761029	0.632997	0.0499962	-0.644168	0.763248
3.76667	0.990139	-0.0743071	-0.11876	0.131036	0.791086	0.597505	0.0495509	-0.607175	0.793022
3.8	0.992577	-0.0638447	-0.103508	0.110329	0.830786	0.545547	0.0511626	-0.552918	0.831664
3.83333	0.99479	-0.0489955	-0.0894038	0.084448	0.887308	0.45338	0.0571151	-0.458568	0.886822
3.86667	0.996527	-0.0306366	-0.0774255	0.0526851	0.952047	0.301383	0.0644793	-0.304416	0.950354
3.9	0.997523	-0.0122854	-0.0692596	0.0211892	0.991375	0.12933	0.0670734	-0.130477	0.98918
3.93333	0.997887	0.0021689	-0.0649313	-0.00346083	0.999798	-0.019791	0.0648753	0.0199739	0.997693
3.96667	0.997902	0.0114015	-0.0637296	-0.019215	0.992175	-0.123371	0.0618243	0.124337	0.990312
4	0.997701	0.0145184	-0.0661976	-0.0268467	0.981542	-0.189351	0.0622266	0.190693	0.979675
4.03333	0.997523	0.0134174	-0.0690455	-0.0291957	0.972062	-0.232902	0.0639916	0.234341	0.970046
4.06667	0.997965	0.0105628	-0.0628773	-0.0262913	0.966609	-0.254905	0.0580853	0.256039	0.96492
4.1	0.998257	0.0103506	-0.0581049	-0.0250834	0.965569	-0.258936	0.0534241	0.259942	0.964145
4.13333	0.99834	0.010812	-0.0565725	-0.024341	0.9694	-0.244279	0.0522002	0.24525	0.968053
4.16667	0.998375	0.0119612	-0.0557208	-0.0231866	0.9784	-0.205418	0.0520602	0.206376	0.977087
4.2	0.99841	0.0106562	-0.0553579	-0.018605	0.989238	-0.145126	0.0532156	0.145925	0.987863
4.23333	0.998259	0.00495693	-0.0587739	-0.00909676	0.997479	-0.0703797	0.0582769	0.0707918	0.995787
4.26667	0.997873	-0.00282494	-0.0651193	0.00337468	0.99996	0.00833358	0.0650931	-0.00853562	0.997843
4.3	0.997598	-0.00968552	-0.0685903	0.0153468	0.996473	0.0824988	0.0675493	-0.0833533	0.994228
4.33333	0.998356	-0.0142972	-0.0555071	0.0220656	0.989625	0.141973	0.0529014	-0.142965	0.988313
4.36667	0.99965	-0.0159279	-0.0211359	0.019869	0.979228	0.201788	0.0174828	-0.202137	0.979201
4.4	0.999765	-0.010945	0.0187207	0.00589955	0.968001	0.250876	-0.0208675	-0.250706	0.967838
4.43333	0.999032	-0.0110435	0.0425693	-0.00193159	0.956005	0.293343	-0.043936	-0.293142	0.955059
4.46667	0.998655	-0.0154026	0.0495001	-0.000875839	0.949693	0.31318	-0.0518337	-0.312802	0.948403
4.5	0.998787	-0.0198843	0.0450438	0.00467609	0.949	0.315243	-0.049015	-0.31465	0.947942
4.53333	0.99909	-0.0215868	0.0367969	0.00929107	0.951928	0.30618	-0.0416375	-0.30556	0.951262
4.56667	0.999245	-0.0211445	0.0326008	0.0110974	0.959331	0.282066	-0.0372391	-0.281491	0.958841
4.6	0.999294	-0.024894	0.0281238	0.0173258	0.969898	0.242893	-0.0333238	-0.242234	0.969645
4.63333	0.999276	-0.0307825	0.0223398	0.0256991	0.979447	0.20006	-0.028039	-0.199341	0.979529
4.66667	0.999162	-0.0350589	0.0211204	0.0311741	0.986243	0.162336	-0.0265212	-0.161541	0.98651
4.7	0.999158	-0.0348955	0.0215705	0.0319154	0.99155	0.125735	-0.0257758	-0.124941	0.991829
4.73333	0.999248	-0.0331574	0.0200892	0.0310064	0.994576	0.099282	-0.0232721	-0.0985845	0.994857
4.76667	0.999341	-0.0318647	0.0173629	0.030249	0.995794	0.0864842	-0.0200456	-0.085902	0.996102
4.8	0.999309	-0.0320365	0.0188341	0.0303701	0.996091	0.0829422	-0.0214176	-0.0823129	0.996376
4.83333	0.999328	-0.0283881	0.0231981	0.0266832	0.997136	0.0707638	-0.0251405	-0.0700973	0.997223
4.86667	0.999382	-0.0221935	0.0272479	0.0211561	0.999062	0.0377898	-0.028061	-0.03719	0.998914
4.9	0.999396	-0.0163602	0.0306444	0.0167885	0.999764	-0.0137735	-0.0304118	0.0142796	0.999435
4.93333	0.999418	-0.0106806	0.032399	0.0132303	0.996745	-0.0795293	-0.0314441	0.0799117	0.996306
4.96667	0.999357	-0.00642825	0.0352758	0.0116382	0.988687	-0.149541	-0.0339154	0.149856	0.988126
5	0.999263	-0.00291801	0.0382783	0.0111353	0.976271	-0.216266	-0.0367389	0.216533	0.975584
5.03333	0.999038	0.00378701	0.0436827	0.00806879	0.96337	-0.268054	-0.0430978	0.268148	0.962413
5.06667	0.998784	0.00952364	0.0483723	0.00410745	0.961679	-0.274148	-0.0491295	0.274013	0.96047
5.1	0.998856	0.012765	0.0460796	-0.00165691	0.972367	-0.23345	-0.0477863	0.233106	0.971276
5.13333	0.999154	0.0125811	0.0391635	-0.00628087	0.987576	-0.157014	-0.0406524	0.156635	0.98682
5.16667	0.99928	0.01069	0.0364126	-0.00834338	0.997915	-0.0639991	-0.0370208	0.0636492	0.997285
5.2	0.999192	0.0068519	0.0395963	-0.0078785	0.999635	0.025829	-0.0394049	-0.0261201	0.998882
5.23333	0.998914	0.001825	0.0465551	-0.00622302	0.995505	0.0945003	-0.0461734	-0.0946874	0.994436
5.26667	0.998411	-0.00436185	0.0561823	-0.00332307	0.990707	0.13597	-0.0562533	-0.135941	0.989119
5.3	0.997941	-0.0107098	0.0632304	0.000989001	0.98841	0.151806	-0.0641234	-0.151431	0.986386
5.33333	0.997742	-0.0163998	0.0651253	0.00626026	0.988215	0.152942	-0.066866	-0.152189	0.986087
5.36667	0.997877	-0.0225013	0.0611218	0.0132107	0.988846	0.148355	-0.0637782	-0.147233	0.987044
5.4	0.99829	-0.0289602	0.050771	0.0211444	0.988728	0.148223	-0.0544913	-0.146896	0.98765
5.43333	0.998749	-0.0339228	0.0367341	0.0279952	0.988088	0.151319	-0.0414297	-0.150102	0.987802
5.46667	0.999171	-0.034719	0.0212615	0.0309984	0.987344	0.155534	-0.0263924	-0.154746	0.987602
5.5	0.999474	-0.0319251	0.00573232	0.0306026	0.986717	0.159539	-0.0107495	-0.159279	0.987175
5.53333	0.999581	-0.0286755	-0.00403747	0.0289473	0.985576	0.166739	-0.000802097	-0.166786	0.985993
5.56667	0.99955	-0.0277108	-0.0114836	0.029238	0.985589	0.16661	0.00670123	-0.166871	0.985956
5.6	0.999314	-0.0288812	-0.0231728	0.0321613	0.987133	0.156636	0.0183508	-0.157274	0.987384
5.63333	0.998952	-0.0283844	-0.035895	0.0325564	0.99205	0.121563	0.0321592	-0.122604	0.991934
5.66667	0.99881	-0.0255252	-0.0415505	0.0280904	0.997658	0.0623722	0.0398611	-0.0634651	0.997188
5.7	0.999145	-0.0183692	-0.0370516	0.0181967	0.999822	-0.00498689	0.0371366	0.00430841	0.999301
5.73333	0.999643	-0.00786694	-0.0255517	0.0063377	0.998215	-0.0593879	0.0259732	0.0592047	0.997908
5.76667	0.999904	2.64811e-05	-0.0138242	-0.00130368	0.995722	-0.0923883	0.0137626	0.0923975	0.995627
5.8	0.999961	0.0034645	-0.00812253	-0.00436963	0.993447	-0.114209	0.00767363	0.11424	0.993423
5.83333	0.999962	0.00498976	-0.00719488	-0.00588835	0.991387	-0.130835	0.00648008	0.130872	0.991378
5.86667	0.999948	0.00618591	-0.00809894	-0.00729612	0.989384	-0.145143	0.00711512	0.145195	0.989378
5.9	0.99992	0.00820949	-0.00959892	-0.0095965	0.987905	-0.154761	0.00821232	0.154841	0.987905
5.93333	0.99986	0.0126864	-0.0109026	-0.0142238	0.98781	-0.155012	0.00880313	0.155145	0.987852
5.96667	0.999704	0.0188806	-0.0153301	-0.0208921	0.989371	-0.143906	0.0124501	0.144183	0.989473
6	0.999489	0.022939	-0.0222679	-0.0255539	0.99179	-0.1253	0.0192109	0.125805	0.991869
6.03333	0.999211	0.024052	-0.0315985	-0.0271802	0.994349	-0.10262	0.0289517	0.103398	0.994219
6.06667	0.998934	0.0226515	-0.0402218	-0.0258345	0.996422	-0.0804682	0.0382552	0.0814216	0.995945
