0	0.955863	-0.293814	0	0.293814	0.955863	0	0	0	1
0.0333333	0.847701	-0.509545	-0.147538	0.502994	0.86043	-0.0815968	0.168523	-0.00504085	0.985685
0.0666667	0.781041	-0.562118	-0.272028	0.538774	0.826807	-0.161596	0.315751	-0.0203484	0.948624
0.1	0.734866	-0.584134	-0.344613	0.544552	0.811076	-0.213585	0.40427	-0.0307033	0.914124
0.133333	0.712471	-0.586474	-0.385272	0.534298	0.809334	-0.243936	0.454875	-0.0320528	0.889978
0.166667	0.709512	-0.574878	-0.407563	0.513113	0.817875	-0.260374	0.483019	-0.024387	0.87527
0.2	0.718497	-0.553318	-0.421429	0.483037	0.832916	-0.27005	0.500438	-0.00953597	0.86572
0.233333	0.73275	-0.526036	-0.431699	0.447529	0.850409	-0.276626	0.512636	0.00949964	0.858554
0.266667	0.74301	-0.503697	-0.440709	0.418175	0.863513	-0.281912	0.522556	0.0251699	0.852233
0.3	0.745397	-0.493334	-0.448336	0.403193	0.869232	-0.286131	0.530867	0.0325152	0.846831
0.333333	0.744632	-0.490712	-0.452465	0.398535	0.870643	-0.28836	0.535437	0.034399	0.843874
0.366667	0.742583	-0.488053	-0.458666	0.392996	0.872058	-0.291667	0.542332	0.0363334	0.839378
0.4	0.741183	-0.478695	-0.470636	0.377204	0.876915	-0.297888	0.555306	0.0432638	0.83052
0.433333	0.741191	-0.461114	-0.487862	0.349277	0.88553	-0.306337	0.573273	0.0566548	0.817403
0.466667	0.738498	-0.440513	-0.510459	0.314981	0.894779	-0.316478	0.596161	0.0729336	0.799545
0.5	0.729719	-0.427217	-0.53385	0.288499	0.900245	-0.326078	0.619902	0.0839306	0.780178
0.533333	0.720384	-0.421999	-0.550422	0.274495	0.902272	-0.332501	0.636945	0.0884407	0.765819
0.566667	0.718643	-0.417972	-0.555744	0.266976	0.903788	-0.334502	0.642087	0.0920171	0.761089
0.6	0.721148	-0.40804	-0.559866	0.252562	0.907372	-0.33599	0.645103	0.100897	0.757404
0.633333	0.719355	-0.40205	-0.566466	0.241921	0.909428	-0.338252	0.651154	0.106283	0.751467
0.666667	0.710239	-0.401611	-0.57816	0.235801	0.909575	-0.342156	0.663294	0.106682	0.740716
0.7	0.694693	-0.405315	-0.59424	0.232701	0.90834	-0.347517	0.680626	0.103138	0.725335
0.733333	0.67924	-0.410875	-0.608124	0.232972	0.906456	-0.352224	0.695958	0.0975684	0.711423
0.766667	0.670453	-0.412913	-0.616438	0.231352	0.905755	-0.355084	0.70496	0.095453	0.702794
0.8	0.67166	-0.410781	-0.616549	0.228415	0.906485	-0.355121	0.704769	0.0976917	0.702678
0.833333	0.681469	-0.405001	-0.609569	0.22432	0.90842	-0.35278	0.69662	0.10367	0.70991
0.866667	0.694339	-0.400355	-0.598005	0.224086	0.909936	-0.349002	0.683871	0.108321	0.721517
0.9	0.708509	-0.396925	-0.583494	0.226819	0.91104	-0.344325	0.668257	0.11161	0.735511
0.933333	0.721903	-0.396573	-0.567085	0.234222	0.911155	-0.339022	0.65115	0.111917	0.750652
0.966667	0.732313	-0.396687	-0.553496	0.240669	0.91112	-0.334572	0.637022	0.111802	0.762695
1	0.74022	-0.397836	-0.542034	0.247277	0.91074	-0.330765	0.625242	0.110807	0.772524
1.03333	0.74973	-0.397774	-0.528849	0.253023	0.910763	-0.326329	0.611461	0.110847	0.783472
1.06667	0.755946	-0.399276	-0.518772	0.259187	0.910252	-0.322897	0.601139	0.109633	0.791589
1.1	0.760223	-0.401219	-0.510964	0.264833	0.909581	-0.320197	0.593232	0.108101	0.79774
1.13333	0.76353	-0.40374	-0.504	0.270757	0.908695	-0.317749	0.58627	0.106149	0.803131
1.16667	0.767355	-0.405285	-0.496901	0.275526	0.908144	-0.315215	0.57901	0.104972	0.808535
1.2	0.771185	-0.405665	-0.490622	0.278538	0.908007	-0.312953	0.572442	0.104688	0.813235
1.23333	0.775972	-0.404873	-0.48368	0.280406	0.908293	-0.310445	0.565014	0.10527	0.818338
1.26667	0.780545	-0.402887	-0.477945	0.280367	0.909008	-0.30838	0.558698	0.106704	0.822478
1.3	0.78442	-0.400382	-0.473687	0.279128	0.909904	-0.306859	0.55387	0.108487	0.825505
1.33333	0.787364	-0.396472	-0.472089	0.275221	0.911283	-0.306296	0.551644	0.111238	0.826628
1.36667	0.787783	-0.392504	-0.474698	0.269609	0.912655	-0.307199	0.553813	0.114023	0.824797
1.4	0.785006	-0.387412	-0.483402	0.260279	0.914371	-0.310131	0.562157	0.117635	0.818621
1.43333	0.781658	-0.379354	-0.495077	0.246208	0.916976	-0.313906	0.573055	0.123475	0.810162
1.46667	0.771512	-0.383948	-0.507299	0.246661	0.915519	-0.31778	0.586453	0.12004	0.801039
1.5	0.762982	-0.386224	-0.518353	0.244775	0.91479	-0.321316	0.598284	0.118278	0.792506
1.53333	0.754624	-0.387155	-0.529768	0.241037	0.914493	-0.324968	0.610282	0.117534	0.783417
1.56667	0.745261	-0.387761	-0.542427	0.236261	0.9143	-0.328991	0.623512	0.11703	0.773005
1.6	0.737085	-0.388491	-0.552974	0.23246	0.91407	-0.332322	0.634562	0.116406	0.764056
1.63333	0.731812	-0.390793	-0.558329	0.232897	0.913341	-0.334016	0.640476	0.114404	0.759409
1.66667	0.726269	-0.39407	-0.563243	0.234747	0.912291	-0.335588	0.646086	0.111507	0.755075
1.7	0.72558	-0.400052	-0.559904	0.243797	0.910319	-0.334488	0.643504	0.106195	0.758041
1.73333	0.733429	-0.406558	-0.544787	0.258774	0.908077	-0.329291	0.628584	0.100535	0.771216
1.76667	0.745368	-0.409706	-0.525897	0.270955	0.906948	-0.322536	0.609106	0.0979136	0.787021
1.8	0.762198	-0.409302	-0.501524	0.28075	0.907095	-0.313621	0.583295	0.0982392	0.806297
1.83333	0.780693	-0.408808	-0.472645	0.291711	0.907278	-0.302903	0.55265	0.0985987	0.82756
1.86667	0.793606	-0.411884	-0.447818	0.304656	0.906113	-0.293503	0.526663	0.0964955	0.84458
1.9	0.796176	-0.423235	-0.432407	0.323186	0.901628	-0.287433	0.511523	0.0890997	0.854638
1.93333	0.791866	-0.440697	-0.422771	0.346384	0.894264	-0.283392	0.502958	0.0779669	0.860787
1.96667	0.784531	-0.462291	-0.413278	0.374123	0.884392	-0.279075	0.494514	0.0643266	0.866786
2	0.781595	-0.480348	-0.397963	0.39979	0.875468	-0.271523	0.478829	0.0531193	0.8763
2.03333	0.795568	-0.477461	-0.372964	0.404984	0.876941	-0.258771	0.450621	0.0548254	0.89103
2.06667	0.824223	-0.451284	-0.342053	0.386021	0.889724	-0.243679	0.414301	0.0688058	0.907535
2.1	0.852886	-0.414852	-0.316991	0.35413	0.905801	-0.232629	0.383637	0.0861497	0.919457
2.13333	0.867819	-0.383622	-0.315792	0.321343	0.918059	-0.232179	0.378984	0.100012	0.919983
2.16667	0.865288	-0.364068	-0.344573	0.292636	0.924978	-0.242446	0.40699	0.108951	0.906912
2.2	0.843559	-0.360594	-0.397971	0.273102	0.926112	-0.260253	0.462412	0.110852	0.879709
2.23333	0.795009	-0.380112	-0.472731	0.270145	0.919629	-0.28514	0.543122	0.0989829	0.833799
2.26667	0.722777	-0.414333	-0.553102	0.279533	0.907227	-0.314325	0.632024	0.0725764	0.771543
2.3	0.635141	-0.449225	-0.628326	0.289063	0.892605	-0.345975	0.716268	0.0381176	0.696784
2.33333	0.547568	-0.473973	-0.689579	0.288487	0.880511	-0.376132	0.785458	0.00702374	0.618875
2.36667	0.481889	-0.488471	-0.727447	0.284485	0.872443	-0.39738	0.828765	-0.0154548	0.559384
2.4	0.448007	-0.493303	-0.745615	0.277701	0.869524	-0.408424	0.849807	-0.0240811	0.526544
2.43333	0.444036	-0.491668	-0.749063	0.271332	0.870531	-0.410555	0.853939	-0.0209434	0.519952
2.46667	0.456833	-0.492713	-0.740633	0.281023	0.869889	-0.405363	0.843996	-0.0229518	0.535858
2.5	0.47794	-0.49619	-0.724823	0.301022	0.867724	-0.395525	0.825202	-0.0291503	0.564084
2.53333	0.495013	-0.495805	-0.71354	0.309337	0.867969	-0.38851	0.811956	-0.0284068	0.583027
2.56667	0.528656	-0.476138	-0.70272	0.283627	0.879366	-0.382454	0.800049	0.00287641	0.599927
2.6	0.594467	-0.439077	-0.673662	0.244026	0.896761	-0.369149	0.766199	0.0550555	0.640241
2.63333	0.670842	-0.410341	-0.61773	0.234492	0.907602	-0.348241	0.703551	0.0887618	0.70508
2.66667	0.731475	-0.400825	-0.551619	0.253778	0.910897	-0.325366	0.632883	0.0980081	0.768019
2.7	0.758503	-0.412478	-0.504514	0.28793	0.906646	-0.308367	0.58461	0.0886326	0.806459
2.73333	0.753929	-0.441733	-0.486274	0.330085	0.894686	-0.300967	0.56801	0.0663961	0.820339
2.76667	0.732816	-0.478679	-0.483577	0.375209	0.87716	-0.299681	0.567625	0.0381689	0.822402
2.8	0.713925	-0.510175	-0.479617	0.414668	0.859965	-0.297508	0.564234	0.0135168	0.825504
2.83333	0.704363	-0.532552	-0.46932	0.445872	0.846388	-0.29125	0.552332	-0.00411074	0.833614
2.86667	0.70573	-0.541533	-0.456824	0.461716	0.840607	-0.283193	0.537367	-0.0110656	0.843276
2.9	0.702992	-0.552124	-0.448287	0.477706	0.833544	-0.277491	0.526876	-0.0190753	0.849728
2.93333	0.695151	-0.566349	-0.442734	0.496748	0.82363	-0.273635	0.519621	-0.0297093	0.85388
2.96667	0.687051	-0.587344	-0.427772	0.527319	0.808076	-0.262579	0.499896	-0.0451669	0.864907
3	0.691686	-0.609499	-0.387403	0.567442	0.790484	-0.23053	0.446743	-0.0603742	0.892623
3.03333	0.726969	-0.607808	-0.319508	0.585012	0.791853	-0.175296	0.35955	-0.0594809	0.931228
3.06667	0.7862	-0.566944	-0.245893	0.555783	0.822658	-0.119745	0.270175	-0.0425196	0.961872
3.1	0.836553	-0.50566	-0.210918	0.496799	0.862412	-0.0971384	0.231017	-0.0235225	0.972665
3.13333	0.850047	-0.464595	-0.248136	0.449459	0.885454	-0.118147	0.274603	-0.0110967	0.961494
3.16667	0.819706	-0.459232	-0.342328	0.427557	0.888273	-0.167828	0.381153	-0.00879564	0.92447
3.2	0.748467	-0.474705	-0.46309	0.414128	0.879969	-0.232707	0.517972	-0.0176051	0.855216
3.23333	0.647	-0.506028	-0.570374	0.412352	0.861426	-0.296497	0.641371	-0.0433611	0.766005
3.26667	0.566982	-0.524257	-0.635363	0.403768	0.849186	-0.340375	0.717985	-0.0635525	0.693151
3.3	0.53055	-0.5215	-0.668248	0.37832	0.851156	-0.363877	0.758545	-0.0597566	0.648874
3.33333	0.524487	-0.503494	-0.686591	0.336125	0.863353	-0.376353	0.782262	-0.0333885	0.622054
3.36667	0.529736	-0.480664	-0.698815	0.289556	0.876905	-0.383661	0.797206	0.000892678	0.603707
3.4	0.524069	-0.468919	-0.710962	0.261011	0.883041	-0.390016	0.810694	0.0188262	0.585167
3.43333	0.487646	-0.477689	-0.730763	0.260797	0.878517	-0.400241	0.833179	0.00459563	0.552985
3.46667	0.410146	-0.502116	-0.761354	0.280042	0.863807	-0.418824	0.867961	-0.0414319	0.494901
3.5	0.320265	-0.523081	-0.78982	0.294994	0.847349	-0.441564	0.900227	-0.0915747	0.425682
3.53333	0.26905	-0.529516	-0.804503	0.290577	0.841008	-0.456366	0.918247	-0.110985	0.380139
3.56667	0.266914	-0.527781	-0.806352	0.281945	0.842865	-0.458351	0.921555	-0.105006	0.373778
3.6	0.31628	-0.521178	-0.792679	0.283896	0.849278	-0.445117	0.905191	-0.084257	0.41657
3.63333	0.414925	-0.502473	-0.758523	0.280178	0.863726	-0.418901	0.865643	-0.0387091	0.499164
3.66667	0.536892	-0.465146	-0.703837	0.257953	0.88483	-0.38799	0.803248	0.0267519	0.595044
3.7	0.640735	-0.42157	-0.641668	0.231566	0.902956	-0.362004	0.732008	0.0833598	0.676177
3.73333	0.70787	-0.397723	-0.583726	0.22989	0.911137	-0.342024	0.667885	0.107916	0.736399
3.76667	0.730303	-0.411572	-0.545221	0.265364	0.90637	-0.328747	0.629476	0.0954027	0.771141
3.8	0.731817	-0.453929	-0.508323	0.333556	0.889016	-0.313674	0.594293	0.0599975	0.802008
3.83333	0.717041	-0.51478	-0.46995	0.422908	0.85724	-0.293749	0.554076	0.0118843	0.832381
3.86667	0.702472	-0.566449	-0.430892	0.499489	0.823667	-0.268485	0.506995	-0.0266228	0.861538
3.9	0.712579	-0.580684	-0.393748	0.529301	0.81332	-0.241559	0.460513	-0.0362812	0.886911
3.93333	0.748052	-0.554464	-0.364674	0.50894	0.83196	-0.220958	0.425908	-0.020309	0.904539
3.96667	0.786105	-0.515773	-0.340613	0.473037	0.856725	-0.205568	0.397838	0.000475416	0.917456
4	0.8125	-0.488518	-0.318111	0.449159	0.872448	-0.19259	0.371618	0.0135972	0.928286
4.03333	0.828228	-0.477289	-0.293655	0.442717	0.878552	-0.179301	0.34357	0.0184956	0.938945
4.06667	0.838351	-0.478123	-0.26185	0.45013	0.878106	-0.162214	0.30749	0.0181254	0.951379
4.1	0.839482	-0.490877	-0.233044	0.468755	0.871122	-0.146338	0.274844	0.0136074	0.961392
4.13333	0.819007	-0.524318	-0.233062	0.503486	0.851519	-0.146347	0.275189	0.00251552	0.961387
4.16667	0.780224	-0.565111	-0.268141	0.539265	0.824921	-0.169408	0.31693	-0.0124226	0.948368
4.2	0.737664	-0.590161	-0.327965	0.551043	0.806933	-0.212631	0.390132	-0.0238726	0.920449
4.23333	0.703573	-0.587621	-0.399608	0.524322	0.808831	-0.266231	0.479658	-0.0222104	0.877174
4.26667	0.671878	-0.569128	-0.473997	0.470703	0.822209	-0.320017	0.571855	-0.00809902	0.820315
4.3	0.625916	-0.562865	-0.539827	0.428217	0.826545	-0.365312	0.651812	-0.00250867	0.758376
4.33333	0.581019	-0.558347	-0.59217	0.389151	0.829605	-0.400397	0.714827	0.00219505	0.699298
4.36667	0.57021	-0.547419	-0.61253	0.359016	0.836708	-0.413555	0.738896	0.0159051	0.673631
4.4	0.597892	-0.529929	-0.601416	0.341329	0.847183	-0.407154	0.725272	0.0381532	0.687404
4.43333	0.625666	-0.516594	-0.584528	0.33374	0.854531	-0.397989	0.705096	0.0539277	0.707059
4.46667	0.628369	-0.515905	-0.582232	0.334258	0.854897	-0.396764	0.702442	0.0546982	0.709636
4.5	0.591511	-0.530944	-0.606805	0.338828	0.84659	-0.410464	0.731649	0.0371918	0.680666
4.53333	0.524286	-0.556308	-0.644706	0.347774	0.830969	-0.434216	0.777289	0.00344157	0.629135
4.56667	0.470531	-0.575061	-0.669257	0.356492	0.8177	-0.451974	0.807164	-0.0259173	0.589758
4.6	0.430926	-0.588551	-0.68404	0.365404	0.806914	-0.464079	0.825096	-0.0499678	0.562779
4.63333	0.392995	-0.602263	-0.694863	0.379479	0.794537	-0.474032	0.837586	-0.0773936	0.540795
4.66667	0.371032	-0.612459	-0.698018	0.396477	0.784197	-0.477327	0.839727	-0.0996448	0.533788
4.7	0.386541	-0.612041	-0.689922	0.405744	0.784637	-0.468739	0.828226	-0.0987446	0.551626
4.73333	0.419614	-0.607137	-0.674766	0.413621	0.789608	-0.453252	0.807986	-0.0889063	0.582455
4.76667	0.448035	-0.605411	-0.657832	0.427941	0.791272	-0.436756	0.784941	-0.0858316	0.613597
4.8	0.472499	-0.607531	-0.638475	0.44963	0.789242	-0.418246	0.758009	-0.0894569	0.646081
4.83333	0.498509	-0.611868	-0.61409	0.477178	0.785091	-0.394885	0.723734	-0.0961764	0.683345
4.86667	0.512339	-0.622548	-0.591559	0.510801	0.774647	-0.372833	0.690356	-0.111152	0.71488
4.9	0.508698	-0.636143	-0.580128	0.539454	0.760665	-0.36108	0.670981	-0.129271	0.730118
4.93333	0.512893	-0.636432	-0.576104	0.542702	0.760361	-0.356828	0.665144	-0.129638	0.735376
4.96667	0.53365	-0.613485	-0.582111	0.504648	0.783338	-0.362922	0.678637	-0.100088	0.727622
5	0.566578	-0.578223	-0.587066	0.450031	0.813951	-0.367364	0.690262	-0.0560574	0.721385
5.03333	0.595446	-0.545336	-0.58996	0.401388	0.83805	-0.36954	0.695939	-0.0167623	0.717905
5.06667	0.608423	-0.532959	-0.588027	0.385255	0.846137	-0.36828	0.69383	-0.00247035	0.720135
5.1	0.613196	-0.538977	-0.577489	0.399874	0.84227	-0.3615	0.681242	-0.00925214	0.732
5.13333	0.614413	-0.551039	-0.564671	0.423818	0.834176	-0.352886	0.665488	-0.0225	0.746069
5.16667	0.619384	-0.556569	-0.55371	0.437492	0.830315	-0.34522	0.651892	-0.02842	0.757779
5.2	0.636763	-0.542115	-0.54831	0.42124	0.840196	-0.341508	0.645824	-0.0135104	0.763366
5.23333	0.646767	-0.515988	-0.561648	0.379516	0.856496	-0.349833	0.661559	0.0131057	0.749779
5.26667	0.634074	-0.501491	-0.588606	0.344946	0.864694	-0.365126	0.692071	0.0284793	0.721267
5.3	0.591706	-0.511599	-0.623017	0.337977	0.859058	-0.384435	0.731885	0.0169069	0.681219
5.33333	0.524668	-0.537863	-0.659869	0.351573	0.842836	-0.407461	0.77532	-0.0182102	0.631306
5.36667	0.426667	-0.568972	-0.703012	0.366959	0.819367	-0.44043	0.826617	-0.0700596	0.558386
5.4	0.315328	-0.591594	-0.742014	0.367207	0.79706	-0.479432	0.875058	-0.121294	0.468573
5.43333	0.222254	-0.598222	-0.769892	0.334071	0.788567	-0.516293	0.915969	-0.14245	0.375111
5.46667	0.181541	-0.593832	-0.783841	0.279412	0.795382	-0.537863	0.942853	-0.12137	0.310319
5.5	0.196792	-0.585975	-0.78607	0.239691	0.806174	-0.540955	0.950695	-0.0819579	0.299101
5.53333	0.275241	-0.57404	-0.771181	0.232468	0.8181	-0.525995	0.932845	-0.0344997	0.358621
5.56667	0.392259	-0.558383	-0.730986	0.255226	0.829542	-0.496709	0.883738	0.0082724	0.467909
5.6	0.487762	-0.547858	-0.679661	0.291016	0.836066	-0.465084	0.823042	0.0290577	0.567237
5.63333	0.58523	-0.532804	-0.611249	0.323874	0.844673	-0.426184	0.743379	0.0514482	0.666889
5.66667	0.675735	-0.507257	-0.534856	0.338275	0.858057	-0.386405	0.654944	0.0801784	0.751412
5.7	0.730431	-0.492447	-0.47325	0.35255	0.865317	-0.356279	0.58496	0.0933928	0.805667
5.73333	0.745933	-0.500427	-0.439496	0.377775	0.861367	-0.339608	0.548516	0.0872943	0.831571
5.76667	0.726961	-0.531103	-0.435267	0.415259	0.844851	-0.337324	0.54689	0.0644728	0.834719
5.8	0.704237	-0.556927	-0.440321	0.443099	0.829365	-0.340318	0.554719	0.0445589	0.830843
5.83333	0.685862	-0.575831	-0.444986	0.4632	0.817041	-0.34335	0.561283	0.0293726	0.827102
5.86667	0.683925	-0.586496	-0.4339	0.481364	0.809687	-0.335702	0.548211	0.0207312	0.836083
5.9	0.69751	-0.588569	-0.408738	0.495711	0.808221	-0.317882	0.517447	0.0191101	0.855502
5.93333	0.717256	-0.579842	-0.386428	0.495499	0.814336	-0.302221	0.489923	0.0252951	0.871399
5.96667	0.738695	-0.564498	-0.368336	0.485604	0.824677	-0.289995	0.46746	0.0353525	0.883307
6	0.746951	-0.555846	-0.364828	0.477334	0.830285	-0.287713	0.462836	0.0407628	0.885506
6.03333	0.741026	-0.560663	-0.369511	0.480875	0.827183	-0.290736	0.468658	0.0377542	0.882573
6.06667	0.726086	-0.572474	-0.380884	0.489562	0.81937	-0.298263	0.482833	0.0300977	0.875195
