0	0.911305	-0.411733	0	0.411733	0.911305	0	0	0	1
0.0333333	0.911465	-0.406551	-0.0628346	0.405184	0.913613	-0.0337246	0.0711173	0.00527924	0.997454
0.0666667	0.94132	-0.278532	-0.190619	0.267779	0.960107	-0.0805495	0.205451	0.0247789	0.978354
0.1	0.935963	-0.151859	-0.317667	0.123643	0.986509	-0.107297	0.329676	0.0611481	0.942112
0.133333	0.900175	-0.0394851	-0.433736	-0.0116012	0.993355	-0.114507	0.435375	0.108108	0.893735
0.166667	0.847046	0.0483747	-0.529314	-0.123291	0.986571	-0.107134	0.517023	0.156007	0.841635
0.2	0.791	0.109321	-0.601971	-0.20505	0.974372	-0.0924877	0.576432	0.196592	0.793144
0.233333	0.742901	0.148217	-0.652786	-0.259686	0.962621	-0.0769688	0.616977	0.2267	0.753622
0.266667	0.708222	0.177521	-0.683306	-0.301239	0.951326	-0.0650714	0.638495	0.251923	0.727227
0.3	0.688279	0.207306	-0.695195	-0.342547	0.937612	-0.0595452	0.639479	0.279121	0.716351
0.333333	0.680802	0.238963	-0.692391	-0.385285	0.920776	-0.0610505	0.622948	0.308331	0.718935
0.366667	0.675372	0.26866	-0.6868	-0.424717	0.903033	-0.0644052	0.6029	0.335193	0.723988
0.4	0.668057	0.284281	-0.687665	-0.445682	0.892912	-0.0638436	0.595875	0.349131	0.723215
0.433333	0.654972	0.286518	-0.699228	-0.449758	0.891391	-0.056032	0.607231	0.351183	0.7127
0.466667	0.636098	0.275882	-0.720603	-0.436664	0.898672	-0.0414005	0.636164	0.340996	0.692111
0.5	0.612533	0.260053	-0.746442	-0.415163	0.909434	-0.0238461	0.672639	0.324502	0.665023
0.533333	0.590502	0.242334	-0.769793	-0.388894	0.921245	-0.00830513	0.707156	0.304272	0.638239
0.566667	0.581616	0.232807	-0.779438	-0.373971	0.927438	-0.0020442	0.722405	0.292676	0.626476
0.6	0.585478	0.223488	-0.779274	-0.359109	0.933293	-0.00214417	0.726812	0.2811	0.626679
0.633333	0.592135	0.212909	-0.777204	-0.342269	0.939596	-0.00337254	0.72954	0.268009	0.62924
0.666667	0.593539	0.202172	-0.778998	-0.325199	0.945643	-0.00235721	0.736177	0.254728	0.627022
0.7	0.58626	0.194517	-0.786424	-0.312902	0.949784	0.00166263	0.747256	0.245099	0.617685
0.733333	0.574515	0.189583	-0.796235	-0.304744	0.95241	0.00688365	0.759647	0.238693	0.604948
0.766667	0.562344	0.183491	-0.806288	-0.294353	0.955619	0.0121786	0.772739	0.230485	0.591398
0.8	0.559008	0.179211	-0.809564	-0.286978	0.957837	0.0138748	0.777917	0.224571	0.586868
0.833333	0.565008	0.17934	-0.805359	-0.287295	0.95777	0.0117244	0.773452	0.224751	0.592671
0.866667	0.57713	0.183929	-0.79567	-0.295144	0.955429	0.00678054	0.761453	0.230924	0.605692
0.9	0.594708	0.19408	-0.780164	-0.311731	0.95017	-0.00125541	0.741044	0.243948	0.625574
0.933333	0.620018	0.208849	-0.756281	-0.334463	0.942305	-0.0139806	0.709727	0.261616	0.654098
0.966667	0.650898	0.227059	-0.724414	-0.360226	0.932335	-0.0314393	0.668258	0.281417	0.688648
1	0.681026	0.245871	-0.689747	-0.384312	0.921801	-0.0508635	0.623304	0.299718	0.722261
1.03333	0.705196	0.26399	-0.658034	-0.40556	0.911463	-0.0689658	0.581567	0.315506	0.749824
1.06667	0.719187	0.278884	-0.636391	-0.422252	0.902802	-0.0815552	0.551791	0.327371	0.767043
1.1	0.721959	0.291073	-0.627736	-0.436452	0.895539	-0.0867126	0.536922	0.336579	0.773582
1.13333	0.716525	0.299666	-0.629914	-0.447381	0.890259	-0.0853742	0.535203	0.342984	0.771958
1.16667	0.708054	0.305402	-0.636702	-0.455327	0.886625	-0.0810736	0.539756	0.347312	0.766836
1.2	0.699206	0.308	-0.645172	-0.459542	0.884935	-0.0755688	0.54766	0.349322	0.760291
1.23333	0.692614	0.307614	-0.652426	-0.459814	0.88519	-0.070778	0.555749	0.349017	0.75454
1.26667	0.687525	0.304452	-0.659256	-0.456432	0.887289	-0.0662437	0.564783	0.346449	0.748995
1.3	0.682305	0.299114	-0.667076	-0.45023	0.890822	-0.0610679	0.57598	0.342005	0.742482
1.33333	0.676609	0.290281	-0.67671	-0.439434	0.896604	-0.0547617	0.590845	0.334422	0.73421
1.36667	0.668925	0.282032	-0.687748	-0.429249	0.901929	-0.0476377	0.606864	0.327081	0.724385
1.4	0.659532	0.273126	-0.7003	-0.417944	0.907608	-0.0396345	0.624773	0.318826	0.712747
1.43333	0.649389	0.264153	-0.713104	-0.40616	0.913257	-0.0315748	0.642906	0.310138	0.700347
1.46667	0.638476	0.254908	-0.726202	-0.393568	0.918997	-0.0234432	0.661402	0.300778	0.687081
1.5	0.626593	0.245936	-0.739524	-0.380904	0.924488	-0.0152896	0.679921	0.291268	0.672956
1.53333	0.617337	0.238131	-0.749792	-0.369477	0.929195	-0.00909743	0.694537	0.282647	0.661611
1.56667	0.611923	0.232211	-0.756061	-0.360585	0.932711	-0.00537573	0.703938	0.275914	0.654479
1.6	0.611571	0.22861	-0.757442	-0.355099	0.934817	-0.00456841	0.707026	0.271761	0.652886
1.63333	0.613413	0.226718	-0.756521	-0.352204	0.93591	-0.00510039	0.706879	0.269578	0.65395
1.66667	0.616496	0.224021	-0.754816	-0.348079	0.937446	-0.00606984	0.70624	0.266478	0.655908
1.7	0.617915	0.220298	-0.754751	-0.342418	0.939528	-0.00610711	0.707764	0.262214	0.655983
1.73333	0.615571	0.216799	-0.757674	-0.337111	0.941454	-0.0045001	0.71234	0.25819	0.652617
1.76667	0.609357	0.212006	-0.764027	-0.329767	0.944062	-0.00104644	0.721067	0.252589	0.645183
1.8	0.602243	0.208805	-0.770522	-0.324767	0.945791	0.00246172	0.729267	0.248758	0.637409
1.83333	0.586591	0.208493	-0.782587	-0.324139	0.945966	0.00905983	0.742189	0.248353	0.622476
1.86667	0.560384	0.214033	-0.8001	-0.332781	0.94281	0.019132	0.758437	0.255536	0.599562
1.9	0.524773	0.224949	-0.820982	-0.350588	0.935971	0.0323598	0.775694	0.270845	0.570037
1.93333	0.479613	0.240346	-0.843923	-0.377113	0.924866	0.0490798	0.792312	0.294715	0.534215
1.96667	0.432495	0.255439	-0.864696	-0.404734	0.911979	0.0669703	0.805691	0.321008	0.497811
2	0.390521	0.269477	-0.88027	-0.432726	0.897711	0.0828424	0.812553	0.348564	0.467185
2.03333	0.355238	0.281943	-0.891243	-0.459871	0.882785	0.0959689	0.813833	0.375765	0.443256
2.06667	0.322837	0.297607	-0.898447	-0.498037	0.860637	0.106125	0.80482	0.413199	0.426065
2.1	0.30117	0.316004	-0.899688	-0.547476	0.829798	0.108189	0.780748	0.459974	0.422915
2.13333	0.302463	0.333793	-0.892804	-0.59766	0.796083	0.0951578	0.742509	0.504811	0.44028
2.16667	0.332153	0.348741	-0.876387	-0.638437	0.767069	0.0632708	0.694315	0.538502	0.477433
2.2	0.391333	0.355608	-0.848765	-0.655702	0.754891	0.0139584	0.645688	0.551075	0.528586
2.23333	0.459847	0.359745	-0.811865	-0.661666	0.74856	-0.0430794	0.592232	0.556993	0.582254
2.26667	0.523495	0.363651	-0.770527	-0.66159	0.743347	-0.0986594	0.536891	0.56142	0.629726
2.3	0.574682	0.365122	-0.732411	-0.655127	0.741603	-0.144337	0.490458	0.56277	0.665387
2.33333	0.617106	0.361249	-0.699056	-0.641196	0.745819	-0.180615	0.456122	0.55969	0.691881
2.36667	0.651934	0.35157	-0.671848	-0.621428	0.75544	-0.207697	0.434521	0.55291	0.710972
2.4	0.680982	0.336285	-0.65052	-0.596997	0.769395	-0.227215	0.424098	0.543088	0.724705
2.43333	0.69353	0.327602	-0.641633	-0.584245	0.776853	-0.234858	0.421515	0.537752	0.73017
2.46667	0.682315	0.335358	-0.649601	-0.595644	0.770204	-0.228021	0.423857	0.542514	0.725275
2.5	0.658447	0.347781	-0.667455	-0.61565	0.759007	-0.211857	0.432923	0.550416	0.713877
2.53333	0.638354	0.354708	-0.683145	-0.628637	0.752398	-0.196754	0.444207	0.555049	0.703279
2.56667	0.625051	0.348308	-0.698565	-0.625559	0.758798	-0.181388	0.466891	0.55037	0.692174
2.6	0.625544	0.33088	-0.70655	-0.606409	0.775998	-0.173482	0.49088	0.536979	0.686069
2.63333	0.632343	0.302635	-0.71313	-0.572725	0.802497	-0.167284	0.521659	0.514208	0.68078
2.66667	0.640171	0.26598	-0.720719	-0.527534	0.834192	-0.16072	0.55847	0.483093	0.674339
2.7	0.626654	0.230989	-0.744277	-0.486426	0.862106	-0.141995	0.608847	0.451018	0.652601
2.73333	0.560095	0.20815	-0.801853	-0.464804	0.880174	-0.0961844	0.685749	0.426576	0.58973
2.76667	0.456574	0.190021	-0.869156	-0.442043	0.896261	-0.0362615	0.7721	0.400761	0.493206
2.8	0.364069	0.168405	-0.916021	-0.395202	0.918518	0.0117929	0.843368	0.35772	0.400958
2.83333	0.314227	0.143259	-0.938477	-0.323792	0.945447	0.035909	0.892424	0.292588	0.343471
2.86667	0.301892	0.116307	-0.946221	-0.238223	0.970247	0.0432546	0.923098	0.212354	0.320617
2.9	0.30821	0.0949188	-0.946571	-0.169153	0.984622	0.0436571	0.936159	0.14666	0.319526
2.93333	0.323886	0.075039	-0.943116	-0.10723	0.993338	0.04221	0.94	0.0874587	0.329775
2.96667	0.335198	0.05576	-0.940496	-0.0493996	0.997914	0.0415579	0.940852	0.03253	0.337254
3	0.33802	0.037748	-0.940382	0.00395575	0.99913	0.0415281	0.941131	-0.0177572	0.337576
3.03333	0.331294	0.0277663	-0.943119	0.0341985	0.998557	0.0414115	0.942908	-0.0459727	0.329866
3.06667	0.325227	0.03486	-0.944993	0.0129925	0.999061	0.041326	0.945547	-0.0257181	0.324469
3.1	0.336269	0.0600328	-0.939851	-0.0634062	0.997145	0.0410063	0.939629	0.0458032	0.339115
3.13333	0.375552	0.0984554	-0.921557	-0.172313	0.984422	0.0349508	0.910642	0.145671	0.386667
3.16667	0.459049	0.138922	-0.877482	-0.269476	0.962939	0.011477	0.846556	0.231192	0.479472
3.2	0.570053	0.168182	-0.80421	-0.322603	0.946032	-0.030831	0.755624	0.277016	0.593544
3.23333	0.665402	0.190556	-0.721754	-0.349609	0.933827	-0.075766	0.659555	0.302747	0.687991
3.26667	0.711141	0.221612	-0.667208	-0.384242	0.917256	-0.104877	0.588759	0.330952	0.737451
3.3	0.707116	0.263764	-0.65606	-0.436339	0.892869	-0.111325	0.556413	0.364984	0.746453
3.33333	0.665783	0.31397	-0.676873	-0.503525	0.858513	-0.0970509	0.550633	0.405437	0.729674
3.36667	0.604929	0.362912	-0.708771	-0.572257	0.817077	-0.0700474	0.553699	0.447973	0.701952
3.4	0.548387	0.401054	-0.733777	-0.6275	0.777368	-0.0440821	0.552735	0.484619	0.677959
3.43333	0.504963	0.429759	-0.748545	-0.669922	0.741978	-0.0259363	0.544258	0.514564	0.662577
3.46667	0.466695	0.456263	-0.75764	-0.709762	0.704321	-0.0130492	0.527668	0.543834	0.652542
3.5	0.426559	0.484497	-0.763747	-0.752935	0.658088	-0.00305007	0.501135	0.576353	0.645508
3.53333	0.397491	0.510252	-0.762656	-0.792517	0.609829	-0.00505005	0.462513	0.606425	0.646785
3.56667	0.378455	0.531337	-0.757927	-0.82432	0.56593	-0.0148674	0.421034	0.630401	0.65217
3.6	0.361312	0.544468	-0.756973	-0.843842	0.536321	-0.0170161	0.396716	0.644914	0.653225
3.63333	0.344972	0.549284	-0.761106	-0.851211	0.524776	-0.00708602	0.395518	0.650306	0.648589
3.66667	0.346276	0.543731	-0.764492	-0.842698	0.538386	0.00121785	0.412254	0.643814	0.644631
3.7	0.379974	0.521917	-0.76369	-0.808876	0.587979	-0.000623176	0.448708	0.617967	0.645583
3.73333	0.445859	0.479131	-0.75607	-0.743674	0.668375	-0.0149915	0.498155	0.568954	0.654319
3.76667	0.529175	0.420738	-0.736854	-0.657442	0.752301	-0.0425867	0.536418	0.506974	0.674709
3.8	0.615395	0.354837	-0.703833	-0.563205	0.822657	-0.0776946	0.551444	0.444215	0.706104
3.83333	0.688928	0.291306	-0.663716	-0.474745	0.873286	-0.109492	0.547718	0.390527	0.739928
3.86667	0.72885	0.24533	-0.639211	-0.413076	0.902109	-0.124772	0.546028	0.354983	0.758842
3.9	0.72293	0.216727	-0.65605	-0.379981	0.91775	-0.115538	0.57705	0.332813	0.745821
3.93333	0.66122	0.193923	-0.724694	-0.359122	0.929956	-0.0788179	0.658649	0.31237	0.684548
3.96667	0.545113	0.170184	-0.820908	-0.330089	0.943656	-0.0235602	0.770644	0.283816	0.570575
4	0.410121	0.141856	-0.900932	-0.272243	0.961835	0.0275153	0.870451	0.233988	0.433088
4.03333	0.296995	0.118517	-0.947495	-0.201755	0.977654	0.059049	0.933321	0.173624	0.31427
4.06667	0.220504	0.106066	-0.969602	-0.148807	0.986091	0.0740286	0.963968	0.12796	0.233221
4.1	0.185512	0.103818	-0.977142	-0.134945	0.987673	0.0793176	0.973332	0.117146	0.197235
4.13333	0.19555	0.107775	-0.974754	-0.156329	0.984659	0.0775085	0.968154	0.137225	0.209399
4.16667	0.242498	0.114471	-0.963375	-0.189949	0.979397	0.0685617	0.951375	0.166366	0.259246
4.2	0.312851	0.123285	-0.941767	-0.225267	0.97288	0.0525255	0.922702	0.195716	0.332139
4.23333	0.382103	0.134356	-0.914301	-0.259365	0.9652	0.0334422	0.886977	0.224359	0.403653
4.26667	0.427351	0.157614	-0.890241	-0.315863	0.948664	0.0163309	0.847113	0.274215	0.455198
4.3	0.418543	0.1972	-0.886529	-0.403307	0.914971	0.0131199	0.813735	0.352052	0.462487
4.33333	0.344342	0.241479	-0.907258	-0.505869	0.8618	0.037382	0.790902	0.446081	0.418911
4.36667	0.262013	0.27026	-0.92645	-0.5832	0.809209	0.0711217	0.768913	0.521671	0.369639
4.4	0.219833	0.281515	-0.934036	-0.618542	0.780616	0.0896955	0.754373	0.558022	0.345734
4.43333	0.225557	0.280298	-0.933037	-0.614571	0.784053	0.0869714	0.755928	0.5538	0.349111
4.46667	0.253733	0.273309	-0.927859	-0.592832	0.801911	0.0740938	0.76431	0.531264	0.365497
4.5	0.26541	0.268677	-0.925943	-0.57875	0.812506	0.0698704	0.771107	0.517345	0.371144
4.53333	0.232274	0.271617	-0.933956	-0.585531	0.805781	0.0887193	0.776661	0.526253	0.346202
4.56667	0.152422	0.279633	-0.947931	-0.609638	0.781524	0.132518	0.777887	0.557696	0.289596
4.6	0.0650383	0.286883	-0.955755	-0.647387	0.740997	0.178366	0.759382	0.607143	0.233917
4.63333	0.0169955	0.289915	-0.956902	-0.692495	0.693751	0.197888	0.721222	0.659287	0.212555
4.66667	0.0114387	0.290873	-0.956693	-0.73547	0.650654	0.189031	0.67746	0.701457	0.221371
4.7	0.0394479	0.291963	-0.955616	-0.766701	0.622149	0.158432	0.640792	0.726421	0.248391
4.73333	0.0941066	0.292136	-0.951736	-0.774974	0.621595	0.11417	0.624947	0.726827	0.284894
4.76667	0.154189	0.288062	-0.945117	-0.758897	0.647059	0.0734084	0.632693	0.705928	0.318379
4.8	0.218225	0.278409	-0.935343	-0.727119	0.685647	0.0344412	0.650903	0.67259	0.352062
4.83333	0.293947	0.261813	-0.919265	-0.681886	0.731394	-0.0097358	0.669796	0.629696	0.393518
4.86667	0.365746	0.238857	-0.899543	-0.627485	0.777099	-0.0487857	0.687381	0.582293	0.4341
4.9	0.40783	0.212116	-0.888077	-0.57048	0.818618	-0.0664545	0.712901	0.533733	0.454865
4.93333	0.413613	0.185974	-0.891256	-0.517739	0.853273	-0.0622234	0.748913	0.487175	0.449211
4.96667	0.376659	0.167166	-0.911144	-0.479165	0.876937	-0.0371924	0.792798	0.450597	0.410406
5	0.306647	0.159277	-0.938402	-0.46025	0.887789	0.000287272	0.833149	0.431812	0.345545
5.03333	0.250597	0.155594	-0.955506	-0.447567	0.893807	0.0281659	0.85842	0.420594	0.293624
5.06667	0.234581	0.154981	-0.959663	-0.444698	0.894964	0.0358294	0.864416	0.418355	0.278861
5.1	0.227458	0.155761	-0.96125	-0.447436	0.893469	0.0389029	0.864907	0.421249	0.27292
5.13333	0.232013	0.156129	-0.960101	-0.449061	0.892749	0.036659	0.862852	0.422639	0.277241
5.16667	0.259527	0.157871	-0.952745	-0.456261	0.889546	0.023114	0.851159	0.428701	0.302892
5.2	0.289407	0.161764	-0.943438	-0.469358	0.882977	0.00741799	0.834234	0.440663	0.331465
5.23333	0.306606	0.169234	-0.936671	-0.491426	0.870912	-0.00350831	0.815165	0.46138	0.350193
5.26667	0.308539	0.181017	-0.933829	-0.524385	0.851442	-0.00821083	0.793615	0.492219	0.357626
5.3	0.300764	0.193828	-0.933794	-0.559716	0.828643	-0.00827591	0.772178	0.525149	0.357715
5.33333	0.295687	0.205514	-0.932917	-0.591729	0.806075	-0.00997611	0.749951	0.554984	0.359954
5.36667	0.294027	0.216821	-0.930879	-0.622135	0.782782	-0.0141812	0.7256	0.583302	0.365051
5.4	0.296812	0.229382	-0.926977	-0.654636	0.755606	-0.0226346	0.695237	0.613551	0.374434
5.43333	0.304414	0.242563	-0.921138	-0.686613	0.726146	-0.0356936	0.660223	0.643331	0.387596
5.46667	0.313116	0.256163	-0.914516	-0.717041	0.695179	-0.0507792	0.622744	0.671645	0.401351
5.5	0.317367	0.269789	-0.909116	-0.745438	0.663562	-0.0633099	0.586175	0.697782	0.411704
5.53333	0.330512	0.281216	-0.900932	-0.76649	0.636951	-0.0823744	0.550685	0.717782	0.426069
5.56667	0.362377	0.289179	-0.886035	-0.776612	0.619301	-0.1155	0.515323	0.72996	0.449
5.6	0.409765	0.290824	-0.864589	-0.771587	0.616071	-0.158458	0.486565	0.732037	0.476841
5.63333	0.463087	0.281707	-0.840352	-0.748532	0.632022	-0.200619	0.474605	0.721934	0.503548
5.66667	0.523639	0.257845	-0.811984	-0.704311	0.667255	-0.242315	0.479321	0.698775	0.531003
5.7	0.598617	0.219758	-0.770301	-0.637549	0.7129	-0.292071	0.484962	0.665944	0.56686
5.73333	0.669479	0.169296	-0.723282	-0.555562	0.760457	-0.336237	0.493101	0.626932	0.603165
5.76667	0.693648	0.125489	-0.709299	-0.498547	0.79438	-0.347005	0.519907	0.594318	0.613582
5.8	0.673731	0.0879877	-0.73372	-0.466293	0.820884	-0.329729	0.573286	0.564277	0.594083
5.83333	0.63518	0.0565826	-0.770288	-0.44406	0.842753	-0.304267	0.631947	0.535318	0.560426
5.86667	0.592838	0.0304692	-0.804745	-0.424201	0.861228	-0.279892	0.684541	0.507304	0.523494
5.9	0.552741	0.00935809	-0.833301	-0.405602	0.876529	-0.259199	0.727986	0.481258	0.488289
5.93333	0.519279	-0.0102447	-0.854543	-0.383218	0.89097	-0.243551	0.763867	0.453948	0.458736
5.96667	0.483871	-0.0332109	-0.874509	-0.351362	0.90783	-0.228887	0.801507	0.418021	0.427604
6	0.440831	-0.0606074	-0.895542	-0.306847	0.927432	-0.213811	0.843512	0.369049	0.390243
6.03333	0.391331	-0.0884054	-0.915994	-0.254003	0.946332	-0.199848	0.884501	0.310872	0.347874
6.06667	0.344542	-0.111955	-0.932071	-0.201007	0.961039	-0.189737	0.916999	0.252725	0.308614
