0	0	1	0	0	0	-1	-1	0	0
0.0333333	0.996425	-0.0778114	-0.0328935	0.0615147	0.93518	-0.348789	0.0579011	0.345519	0.936624
0.0666667	0.998009	-0.0554761	-0.0299983	0.046505	0.968628	-0.244125	0.0426003	0.242244	0.96928
0.1	0.998877	-0.0403526	-0.0248449	0.0354703	0.98434	-0.172677	0.0314238	0.171601	0.984665
0.133333	0.999379	-0.0294351	-0.0193627	0.0269752	0.992775	-0.116923	0.0226645	0.116328	0.992952
0.166667	0.999649	-0.0225366	-0.0139095	0.0214756	0.997158	-0.072216	0.0154975	0.071892	0.997292
0.2	0.999779	-0.0191517	-0.00863776	0.018815	0.999119	-0.0375018	0.00934838	0.037331	0.999259
0.233333	0.999814	-0.0188821	-0.0038739	0.0188336	0.999748	-0.0121998	0.00410328	0.0121245	0.999918
0.266667	0.999793	-0.0203242	0.00044371	0.0203225	0.999787	0.00348695	-0.000514485	-0.00347721	0.999994
0.3	0.999765	-0.0213396	0.00376304	0.0212955	0.999708	0.0114116	-0.00400546	-0.0113288	0.999928
0.333333	0.999738	-0.0218724	0.00672915	0.0217774	0.999667	0.0138746	-0.00703037	-0.0137244	0.999881
0.366667	0.99972	-0.0214344	0.0100086	0.0213084	0.999694	0.0125281	-0.0102741	-0.0123114	0.999871
0.4	0.999714	-0.0199645	0.013172	0.0197755	0.999702	0.0143282	-0.0134541	-0.0140636	0.999811
0.433333	0.999706	-0.0177465	0.0165282	0.017356	0.999574	0.0234792	-0.0169378	-0.0231855	0.999588
0.466667	0.999672	-0.0159966	0.0199909	0.0152465	0.999194	0.0371283	-0.0205687	-0.0368113	0.999111
0.5	0.999641	-0.0147436	0.0223659	0.0136257	0.998689	0.0493371	-0.023064	-0.0490147	0.998532
0.533333	0.99963	-0.0130905	0.0238365	0.0116331	0.998114	0.0602835	-0.0245807	-0.0599839	0.997897
0.566667	0.999655	-0.0113753	0.0236767	0.00981241	0.99783	0.0651098	-0.0243659	-0.064855	0.997597
0.6	0.999703	-0.0103396	0.0220827	0.0089817	0.998114	0.0607314	-0.022669	-0.060515	0.99791
0.633333	0.999754	-0.00921893	0.0201721	0.00815179	0.998595	0.0523593	-0.0206265	-0.052182	0.998425
0.666667	0.99979	-0.00853534	0.0186107	0.00772184	0.99903	0.0433537	-0.0189627	-0.0432009	0.998886
0.7	0.999808	-0.00841268	0.0177019	0.00776995	0.999319	0.0360694	-0.0179932	-0.0359249	0.999192
0.733333	0.999806	-0.00860036	0.0177201	0.0080148	0.999428	0.0328552	-0.0179925	-0.0327068	0.999303
0.766667	0.999798	-0.00873129	0.0180888	0.0081355	0.99943	0.0327525	-0.0183645	-0.0325987	0.9993
0.8	0.999794	-0.00861324	0.0183885	0.00794551	0.999317	0.0360815	-0.0186867	-0.035928	0.99918
0.833333	0.9998	-0.00818515	0.0182355	0.00746784	0.999209	0.0390625	-0.0185408	-0.0389185	0.99907
0.866667	0.999814	-0.00778836	0.0176708	0.00707058	0.999162	0.0403243	-0.01797	-0.0401918	0.99903
0.9	0.999828	-0.00786274	0.0168103	0.00722417	0.999262	0.0377157	-0.0170945	-0.0375877	0.999147
0.933333	0.999835	-0.00824418	0.0162027	0.00769306	0.999399	0.0337869	-0.0164715	-0.0336566	0.999298
0.966667	0.999829	-0.00882083	0.016232	0.00829154	0.999441	0.0323914	-0.0165087	-0.0322513	0.999343
1	0.999812	-0.00964176	0.016812	0.00909892	0.999444	0.0320721	-0.0171119	-0.0319131	0.999344
1.03333	0.999795	-0.0103523	0.0174262	0.00977828	0.999417	0.0327105	-0.0177547	-0.0325334	0.999313
1.06667	0.999773	-0.0113226	0.0180482	0.010713	0.99938	0.0335244	-0.0184166	-0.0333235	0.999275
1.1	0.999763	-0.0122316	0.018031	0.0116089	0.999346	0.034243	-0.0184381	-0.0340255	0.999251
1.13333	0.999756	-0.0128719	0.0179456	0.0122646	0.999362	0.0335524	-0.0183661	-0.0333241	0.999276
1.16667	0.999751	-0.0136764	0.0176186	0.0131066	0.9994	0.0320567	-0.0180464	-0.0318178	0.999331
1.2	0.999756	-0.014139	0.0169812	0.0136473	0.999494	0.0287339	-0.0173789	-0.0284951	0.999443
1.23333	0.999754	-0.0148654	0.016448	0.0144034	0.999508	0.0278558	-0.016854	-0.0276121	0.999477
1.26667	0.999761	-0.014877	0.0160486	0.0144141	0.999487	0.0285838	-0.0164656	-0.0283456	0.999463
1.3	0.999762	-0.0149952	0.0158485	0.0145261	0.999465	0.0293073	-0.0162795	-0.0290701	0.999445
1.33333	0.999763	-0.0151389	0.0156416	0.0146352	0.999386	0.0318337	-0.0161139	-0.0315973	0.999371
1.36667	0.999761	-0.0151572	0.0157338	0.0146212	0.999327	0.0336416	-0.0162331	-0.0334036	0.99931
1.4	0.999759	-0.0152678	0.0157827	0.0147221	0.999309	0.034128	-0.0162928	-0.0338874	0.999293
1.43333	0.999749	-0.0155372	0.01613	0.0149641	0.999273	0.0350633	-0.016663	-0.0348131	0.999255
1.46667	0.99974	-0.0154679	0.0167675	0.0148781	0.999285	0.03475	-0.017293	-0.0344915	0.999255
1.5	0.999725	-0.0156762	0.0174631	0.0150778	0.999312	0.0338863	-0.0179823	-0.0336137	0.999273
1.53333	0.999714	-0.0160815	0.0176749	0.0155173	0.99938	0.0316074	-0.0181722	-0.0313242	0.999344
1.56667	0.999715	-0.0166171	0.0171497	0.0161123	0.999445	0.0291685	-0.0176248	-0.0288839	0.999427
1.6	0.999721	-0.0163287	0.0170728	0.0158296	0.999455	0.0289708	-0.0175366	-0.0286925	0.999434
1.63333	0.999736	-0.0159003	0.0165623	0.0154231	0.999473	0.0285539	-0.0170076	-0.028291	0.999455
1.66667	0.99976	-0.0154297	0.0155475	0.0149696	0.999459	0.0292825	-0.0159909	-0.0290427	0.99945
1.7	0.999799	-0.0147422	0.0135525	0.0143284	0.999443	0.0301409	-0.0139893	-0.0299406	0.999454
1.73333	0.999838	-0.0144056	0.0107753	0.0140578	0.999399	0.0316849	-0.0112252	-0.0315283	0.99944
1.76667	0.999878	-0.013787	0.00736998	0.0135519	0.999426	0.0310587	-0.00779396	-0.030955	0.99949
1.8	0.999912	-0.012622	0.00400845	0.0124846	0.99939	0.0326259	-0.0044178	-0.032573	0.99946
1.83333	0.999928	-0.0120194	0.000631438	0.0119905	0.999336	0.0344136	-0.00104465	-0.0344035	0.999407
1.86667	0.999928	-0.0117146	-0.00269601	0.0117993	0.999355	0.0339171	0.00229695	-0.0339465	0.999421
1.9	0.999913	-0.0121689	-0.00510234	0.0123297	0.999387	0.0327656	0.00470049	-0.0328257	0.99945
1.93333	0.99989	-0.0130471	-0.00703952	0.0132555	0.999449	0.0304149	0.00663882	-0.0305049	0.999513
1.96667	0.999875	-0.0135937	-0.00811665	0.0138126	0.999525	0.0275444	0.00773836	-0.0276531	0.999588
2	0.999882	-0.013092	-0.00798091	0.013301	0.999554	0.0267323	0.00762737	-0.0268353	0.999611
2.03333	0.999899	-0.0124145	-0.0069903	0.0126001	0.999552	0.0271574	0.00665002	-0.0272427	0.999607
2.06667	0.999914	-0.0119191	-0.00549792	0.0120654	0.999552	0.0273892	0.00516901	-0.0274532	0.99961
2.1	0.999921	-0.0118904	-0.00401662	0.011993	0.999575	0.0265805	0.00369886	-0.0266266	0.999639
2.13333	0.99992	-0.0123548	-0.00271367	0.0124201	0.999597	0.0255414	0.00239702	-0.025573	0.99967
2.16667	0.999906	-0.0135704	-0.00171965	0.0136065	0.999642	0.0230485	0.00140625	-0.0230698	0.999733
2.2	0.999898	-0.0142579	-0.00108855	0.0142749	0.999742	0.0176409	0.000836749	-0.0176546	0.999844
2.23333	0.999899	-0.0141939	0.000524137	0.014187	0.999835	0.0113636	-0.000685344	-0.011355	0.999935
2.26667	0.999915	-0.0128379	0.00240324	0.0128201	0.999891	0.00726584	-0.00249626	-0.00723441	0.999971
2.3	0.999944	-0.0095013	0.00471143	0.00947895	0.999944	0.00474255	-0.00475622	-0.00469763	0.999978
2.33333	0.99997	-0.0031475	0.00708879	0.0031365	0.999994	0.00156327	-0.00709367	-0.00154099	0.999974
2.36667	0.999941	0.0072708	0.00803817	-0.0072448	0.999968	-0.00325916	-0.00806161	0.00320074	0.999962
2.4	0.99974	0.0217846	0.00674067	-0.0217209	0.99972	-0.00938314	-0.00694319	0.00923429	0.999933
2.43333	0.999271	0.0381462	0.0017272	-0.0380983	0.999025	-0.0222912	-0.00257585	0.0222091	0.99975
2.46667	0.998571	0.0532341	-0.00462898	-0.0533508	0.998111	-0.0304691	0.00299825	0.0306725	0.999525
2.5	0.997726	0.0629248	-0.0241661	-0.0637731	0.997311	-0.0361011	0.0218295	0.0375601	0.999056
2.53333	0.997295	0.0613684	-0.0404432	-0.0632122	0.996939	-0.0460071	0.037496	0.0484392	0.998122
2.56667	0.997362	0.0566031	-0.0454355	-0.0592477	0.99649	-0.0591394	0.0419285	0.0616754	0.997215
2.6	0.997688	0.0561166	-0.0383422	-0.0583973	0.996415	-0.0612094	0.0347699	0.0633069	0.997388
2.63333	0.998079	0.0573387	-0.0234588	-0.0584928	0.996938	-0.0518907	0.0204116	0.0531632	0.998377
2.66667	0.998286	0.0583959	-0.00387272	-0.0584844	0.997861	-0.0292049	0.00215899	0.0293813	0.999566
2.7	0.998307	0.0558607	0.0161882	-0.0557482	0.998418	-0.00732153	-0.0165716	0.00640667	0.999842
2.73333	0.998116	0.0505467	0.0347717	-0.0508681	0.99867	0.00842002	-0.0342998	-0.0101729	0.99936
2.76667	0.997606	0.0450387	0.0524842	-0.046138	0.998736	0.0199249	-0.0515205	-0.0222987	0.998423
2.8	0.996733	0.0412544	0.0694381	-0.0431559	0.998727	0.0261085	-0.0682726	-0.0290198	0.997245
2.83333	0.99533	0.0394305	0.0881117	-0.0427886	0.998415	0.0365528	-0.0865308	-0.0401522	0.99544
2.86667	0.993282	0.0371999	0.10958	-0.0429262	0.997808	0.0503697	-0.107466	-0.0547352	0.992701
2.9	0.991135	0.0309377	0.129204	-0.0364678	0.998507	0.0406573	-0.127753	-0.0450086	0.990784
2.93333	0.990249	0.0179693	0.138142	-0.021097	0.999552	0.02121	-0.137699	-0.0239175	0.990185
2.96667	0.990629	0.00390861	0.136522	-0.00360988	0.999991	-0.00243561	-0.13653	0.00191996	0.990634
3	0.9928	-0.0094528	0.119407	0.0124204	0.999632	-0.0241333	-0.119135	0.0254426	0.992552
3.03333	0.995453	-0.015796	0.0939347	0.0198953	0.998883	-0.042865	-0.0931527	0.0445389	0.994655
3.06667	0.997908	-0.0140116	0.0631059	0.0176497	0.998191	-0.0574673	-0.0621866	0.0584609	0.996351
3.1	0.999432	-0.00783415	0.0327856	0.0095081	0.998642	-0.0512171	-0.0323398	0.0514997	0.998149
3.13333	0.999993	-0.00304704	-0.00210361	0.00297036	0.999364	-0.0355402	0.00221056	0.0355337	0.999366
3.16667	0.999233	0.00129139	-0.0391352	-0.00220579	0.999725	-0.023331	0.0390944	0.0233994	0.998962
3.2	0.996859	-0.00147546	-0.0791892	-0.0014581	0.999315	-0.0369743	0.0791896	0.0369736	0.996174
3.23333	0.992813	-0.0122888	-0.119042	0.00331862	0.997158	-0.0752601	0.119629	0.0743242	0.990033
3.26667	0.987439	-0.0291114	-0.155295	0.00877382	0.991466	-0.13007	0.157757	0.127074	0.979268
3.3	0.981373	-0.0476967	-0.186094	0.0115339	0.98157	-0.190755	0.191763	0.185056	0.963837
3.33333	0.97589	-0.0611139	-0.209534	0.00674661	0.967988	-0.250907	0.21816	0.243444	0.945061
3.36667	0.971559	-0.0679878	-0.226828	-0.00439655	0.952553	-0.304342	0.236757	0.296684	0.925162
3.4	0.970369	-0.0679122	-0.231888	-0.0168809	0.938291	-0.345435	0.241037	0.339114	0.909342
3.43333	0.974018	-0.0622783	-0.21774	-0.0225998	0.929918	-0.367072	0.225341	0.362455	0.904349
3.46667	0.981388	-0.0519793	-0.184865	-0.0209664	0.927913	-0.372208	0.190886	0.369156	0.909553
3.5	0.989433	-0.0356535	-0.140536	-0.0178962	0.931849	-0.362404	0.143879	0.36109	0.921365
3.53333	0.995513	-0.0230927	-0.0917602	-0.00893633	0.942481	-0.334139	0.0941985	0.33346	0.938047
3.56667	0.998905	-0.0151789	-0.0442434	0.000942423	0.952221	-0.305408	0.0467653	0.305032	0.951193
3.6	0.999917	-0.0121847	-0.00412455	0.0105723	0.961065	-0.27612	0.00732841	0.276053	0.961114
3.63333	0.999417	-0.00329989	0.0339842	0.0107657	0.975004	-0.221929	-0.0324024	0.222165	0.974471
3.66667	0.997587	0.0131001	0.0681811	-0.00258296	0.98836	-0.152109	-0.0693801	0.151566	0.986009
3.7	0.994697	0.0293588	0.098566	-0.0200349	0.995344	-0.0942855	-0.100875	0.0918108	0.990654
3.73333	0.991581	0.0390377	0.123467	-0.0309436	0.997286	-0.0668087	-0.12574	0.0624256	0.990097
3.76667	0.98897	0.0414363	0.142205	-0.0327483	0.997482	-0.0629016	-0.144453	0.0575508	0.987837
3.8	0.98676	0.0391263	0.157398	-0.0288588	0.997336	-0.0669982	-0.1596	0.0615688	0.98526
3.83333	0.985532	0.0320362	0.166437	-0.0209234	0.997459	-0.0680985	-0.168196	0.0636308	0.983698
3.86667	0.986371	0.0201437	0.163297	-0.00834991	0.997327	-0.0725898	-0.164323	0.070237	0.983903
3.9	0.988004	0.010437	0.154078	0.00121454	0.997158	-0.0753335	-0.154427	0.0746169	0.985183
3.93333	0.988752	0.00647862	0.149422	0.00496035	0.997091	-0.0760555	-0.14948	0.0759412	0.985844
3.96667	0.987986	0.00731314	0.154372	0.00607309	0.996271	-0.0860646	-0.154426	0.0859681	0.984257
4	0.987512	0.00473701	0.157474	0.011747	0.994552	-0.103582	-0.157107	0.104138	0.982076
4.03333	0.988154	-0.00163242	0.153456	0.020245	0.992591	-0.119805	-0.152124	0.121493	0.980866
4.06667	0.991083	-0.013685	0.132539	0.032822	0.989135	-0.143301	-0.129138	0.146374	0.980764
4.1	0.994275	-0.0235179	0.104228	0.0399802	0.986502	-0.158795	-0.0990867	0.162053	0.981795
4.13333	0.99665	-0.0263932	0.0774114	0.0385768	0.9863	-0.160389	-0.0721177	0.162838	0.984014
4.16667	0.99832	-0.0290313	0.0501533	0.0363953	0.987588	-0.152795	-0.0450949	0.154364	0.986984
4.2	0.999272	-0.0301168	0.0234025	0.0331182	0.989492	-0.140743	-0.0189178	0.141415	0.98977
4.23333	0.999588	-0.028467	-0.00375747	0.0276632	0.989805	-0.139717	0.0076965	0.139556	0.990184
4.26667	0.999188	-0.0246301	-0.0318969	0.0195557	0.988397	-0.150628	0.0352368	0.149882	0.988076
4.3	0.998015	-0.0207464	-0.0594548	0.010297	0.985227	-0.170942	0.0621229	0.16999	0.983486
4.33333	0.996169	-0.0157972	-0.0860097	-0.00147111	0.980382	-0.197103	0.087436	0.196474	0.976603
4.36667	0.993808	-0.0115055	-0.110514	-0.014415	0.972868	-0.230913	0.110172	0.231076	0.966678
4.4	0.991317	-0.0137952	-0.130771	-0.0223464	0.962343	-0.270917	0.129584	0.271487	0.953679
4.43333	0.990351	-0.020157	-0.137107	-0.0230531	0.951617	-0.30642	0.13665	0.306624	0.94197
4.46667	0.992027	-0.0237647	-0.123768	-0.0186609	0.943537	-0.33074	0.124639	0.330413	0.935571
4.5	0.995087	-0.0209012	-0.0967712	-0.014725	0.935343	-0.353436	0.0979014	0.353124	0.93044
4.53333	0.997854	-0.0160329	-0.0634851	-0.00810773	0.931844	-0.362769	0.0649744	0.362506	0.929714
4.56667	0.999523	-0.014985	-0.0270081	0.00391374	0.928823	-0.370503	0.0306378	0.37022	0.928439
4.6	0.999902	-0.0136041	0.00326018	0.0138676	0.933242	-0.358982	0.00184108	0.358992	0.933339
4.63333	0.999575	-0.00525626	0.0286882	0.0138452	0.951248	-0.308115	-0.0256701	0.308381	0.950916
4.66667	0.998726	0.00786014	0.0498498	0.00446448	0.970162	-0.242416	-0.0502678	0.24233	0.968891
4.7	0.997741	0.0147015	0.0655524	-0.00130845	0.979829	-0.199832	-0.067168	0.199295	0.977635
4.73333	0.996868	0.0164334	0.0773517	-0.00169292	0.98238	-0.186889	-0.07906	0.186173	0.979331
4.76667	0.996087	0.0163749	0.0868515	0.000603892	0.981403	-0.191959	-0.0883796	0.19126	0.977552
4.8	0.995257	0.0160796	0.095939	0.00367005	0.979335	-0.202212	-0.0972079	0.201605	0.974631
4.83333	0.994339	0.0132198	0.105429	0.00805341	0.979999	-0.198837	-0.105949	0.198561	0.974345
4.86667	0.993666	0.00804356	0.112089	0.0108534	0.985903	-0.166963	-0.111852	0.167122	0.979571
4.9	0.993325	0.00516093	0.115231	0.00940017	0.992054	-0.125464	-0.114963	0.12571	0.985383
4.93333	0.99241	0.00342597	0.122922	0.00667235	0.996639	-0.0816463	-0.122789	0.0818469	0.989052
4.96667	0.990243	0.00501002	0.139264	0.00230851	0.998627	-0.0523402	-0.139335	0.052151	0.988871
5	0.987109	0.00608276	0.159932	0.00174839	0.998808	-0.0487793	-0.160038	0.0484301	0.985922
5.03333	0.98429	-0.00239601	0.176542	0.0119252	0.998527	-0.0529356	-0.176155	0.0542093	0.982869
5.06667	0.983102	-0.0118695	0.182671	0.0208238	0.998669	-0.0471787	-0.181868	0.0501854	0.982041
5.1	0.98475	-0.0216058	0.172627	0.0290286	0.998754	-0.0405905	-0.171535	0.0449826	0.984151
5.13333	0.98756	-0.0229468	0.155562	0.0280256	0.999141	-0.0305334	-0.154728	0.0345132	0.987354
5.16667	0.990321	-0.0209038	0.137216	0.0229995	0.999642	-0.0137056	-0.13688	0.0167288	0.990446
5.2	0.993594	-0.0199236	0.111235	0.0197751	0.999801	0.00243825	-0.111262	-0.000222948	0.993791
5.23333	0.996594	-0.0175403	0.0805767	0.0158312	0.999637	0.0218007	-0.0809298	-0.0204508	0.99651
5.26667	0.998945	-0.0132814	0.0439567	0.0123609	0.9997	0.0211458	-0.0442244	-0.0205802	0.99881
5.3	0.999938	-0.0109019	0.00247006	0.0108745	0.999882	0.0108559	-0.00258812	-0.0108284	0.999938
5.33333	0.999071	-0.0125943	-0.0412024	0.011965	0.999809	-0.0154853	0.0413896	0.014978	0.999031
5.36667	0.996272	-0.0159183	-0.0847816	0.0114121	0.998509	-0.0533737	0.0855048	0.0522072	0.994969
5.4	0.991741	-0.0207147	-0.126575	0.00774933	0.994746	-0.102078	0.128025	0.100254	0.986691
5.43333	0.986052	-0.0290303	-0.163884	0.00265364	0.987288	-0.158921	0.166414	0.15627	0.973594
5.46667	0.981143	-0.0411516	-0.188852	-0.00105442	0.975918	-0.218135	0.19328	0.21422	0.957472
5.5	0.979439	-0.0525259	-0.194782	-0.00168608	0.963345	-0.268259	0.201733	0.263072	0.94345
5.53333	0.981223	-0.0577899	-0.184014	-0.00169346	0.951439	-0.307832	0.192867	0.302363	0.933477
5.56667	0.985981	-0.0514366	-0.158733	-0.00460578	0.942549	-0.334037	0.166796	0.330085	0.929098
5.6	0.991383	-0.0416642	-0.124196	-0.00183771	0.943557	-0.331206	0.130985	0.32858	0.935349
5.63333	0.995607	-0.0330966	-0.0875829	0.00267206	0.945101	-0.326768	0.0935896	0.325098	0.941038
5.66667	0.998093	-0.0282548	-0.0548773	0.00958984	0.949264	-0.314333	0.0609745	0.313207	0.947725
5.7	0.999648	-0.0163489	-0.0209083	0.0101061	0.962884	-0.269725	0.024542	0.269419	0.96271
5.73333	0.999906	0.00525878	0.0126618	-0.00270216	0.98099	-0.194041	-0.0134415	0.193988	0.980912
5.76667	0.998678	0.0249597	0.0449287	-0.0191419	0.991902	-0.125554	-0.0476987	0.124529	0.991069
5.8	0.996403	0.0368821	0.0762958	-0.0304185	0.995984	-0.0842091	-0.0790952	0.0815854	0.993523
5.83333	0.993544	0.0408353	0.105843	-0.0340109	0.997273	-0.0654998	-0.108229	0.0614772	0.992223
5.86667	0.99004	0.0421585	0.134326	-0.0336619	0.997323	-0.0649094	-0.136703	0.0597413	0.988809
5.9	0.985906	0.042561	0.161798	-0.0327967	0.997503	-0.0625492	-0.164056	0.0563612	0.98484
5.93333	0.982195	0.0396511	0.183633	-0.0311042	0.998305	-0.0491932	-0.185272	0.0426055	0.981763
5.96667	0.980496	0.03452	0.193483	-0.0290511	0.999096	-0.0310324	-0.194379	0.0248062	0.980613
6	0.980218	0.0319162	0.195328	-0.02939	0.999443	-0.0158187	-0.195724	0.00976513	0.98061
6.03333	0.979571	0.0312282	0.198662	-0.0301587	0.99951	-0.0084075	-0.198827	0.00224437	0.980032
6.06667	0.9775	0.0352383	0.207971	-0.0335082	0.999368	-0.0118369	-0.208257	0.00460178	0.978063
6.1	0.975923	0.0378689	0.214804	-0.0332328	0.999131	-0.0251548	-0.21557	0.0174106	0.976333
6.13333	0.976157	0.03036	0.214934	-0.0231233	0.99908	-0.0361046	-0.215833	0.0302737	0.975961
6.16667	0.979883	0.0171479	0.198836	-0.0084638	0.998976	-0.0444424	-0.199395	0.0418654	0.979024
6.2	0.986431	0.00407967	0.164126	0.00683805	0.997803	-0.0659005	-0.164034	0.0661286	0.984236
6.23333	0.992426	-0.00304853	0.122808	0.0152734	0.994997	-0.0987267	-0.121892	0.0998547	0.987508
6.26667	0.996641	-0.0088068	0.0814163	0.0182807	0.993039	-0.116363	-0.0798247	0.117461	0.989864
6.3	0.999141	-0.01447	0.0388336	0.0195437	0.990838	-0.133634	-0.0365441	0.134278	0.99027
6.33333	0.99984	-0.0177747	-0.00201549	0.017315	0.989919	-0.140571	0.00449378	0.140514	0.990069
6.36667	0.99872	-0.0224766	-0.0453072	0.0150292	0.987249	-0.158475	0.0482914	0.157592	0.986323
6.4	0.995741	-0.0314936	-0.0866486	0.01501	0.982684	-0.184679	0.0909644	0.182592	0.978972
6.43333	0.991465	-0.0426899	-0.123185	0.0158956	0.977404	-0.210783	0.1294	0.207026	0.96974
6.46667	0.986579	-0.0540704	-0.154073	0.0168994	0.972326	-0.233016	0.162409	0.227285	0.96019
