0	0.965573	-0.260132	0	0.260132	0.965573	0	0	0	1
0.0333333	0.897231	-0.439828	-0.0390937	0.439344	0.898081	-0.0206799	0.0442049	0.00137902	0.999022
0.0666667	0.862601	-0.491949	-0.11792	0.487968	0.870617	-0.0625604	0.13344	-0.00357648	0.991051
0.1	0.830592	-0.524252	-0.18782	0.513929	0.851503	-0.104021	0.214463	-0.0101273	0.97668
0.133333	0.80097	-0.544542	-0.248841	0.525702	0.838575	-0.142934	0.286505	-0.0163303	0.95794
0.166667	0.772404	-0.560359	-0.29898	0.532268	0.827939	-0.176658	0.346529	-0.0226862	0.937765
0.2	0.744977	-0.57353	-0.340693	0.53604	0.818666	-0.206027	0.397077	-0.0291399	0.917323
0.233333	0.719041	-0.584661	-0.3757	0.537962	0.8105	-0.231704	0.439973	-0.0355074	0.897309
0.266667	0.694363	-0.594834	-0.405011	0.539501	0.802745	-0.254043	0.476234	-0.0421057	0.87831
0.3	0.670405	-0.605737	-0.428532	0.543184	0.794095	-0.272697	0.505478	-0.0499544	0.861392
0.333333	0.646849	-0.616353	-0.449105	0.547133	0.785307	-0.289721	0.531256	-0.0583141	0.845202
0.366667	0.627561	-0.625179	-0.464025	0.551024	0.777702	-0.302575	0.550037	-0.0658048	0.832544
0.4	0.612816	-0.629813	-0.477276	0.550233	0.773587	-0.314335	0.567187	-0.0699836	0.820611
0.433333	0.600582	-0.633341	-0.488037	0.549061	0.770391	-0.324082	0.581234	-0.0733238	0.810426
0.466667	0.590958	-0.636056	-0.496188	0.548081	0.767892	-0.331587	0.591926	-0.0759971	0.802401
0.5	0.584626	-0.637625	-0.501644	0.547028	0.76643	-0.336669	0.599143	-0.0775876	0.796874
0.533333	0.580679	-0.638663	-0.504897	0.546505	0.765455	-0.339722	0.603444	-0.0786598	0.793516
0.566667	0.579902	-0.638944	-0.505435	0.546559	0.765191	-0.340228	0.604141	-0.0789513	0.792957
0.6	0.581543	-0.638623	-0.503953	0.547004	0.765493	-0.338832	0.602158	-0.0786184	0.794496
0.633333	0.584596	-0.638297	-0.500824	0.548385	0.765799	-0.335894	0.597931	-0.0782821	0.797715
0.666667	0.589063	-0.638067	-0.495858	0.550907	0.766015	-0.331244	0.59119	-0.0780479	0.802747
0.7	0.594028	-0.638309	-0.489583	0.554703	0.765789	-0.325381	0.582611	-0.0782876	0.808972
0.733333	0.598944	-0.638732	-0.482999	0.558802	0.765395	-0.319236	0.573591	-0.0786958	0.815353
0.766667	0.601807	-0.640589	-0.476943	0.564357	0.763658	-0.313573	0.565092	-0.0804562	0.821095
0.8	0.602267	-0.644127	-0.471566	0.571612	0.76032	-0.308501	0.557255	-0.0837527	0.826107
0.833333	0.600461	-0.649672	-0.466232	0.581312	0.755004	-0.303389	0.54911	-0.0888533	0.831013
0.866667	0.59806	-0.654546	-0.462486	0.589318	0.750244	-0.29973	0.543165	-0.0932947	0.834427
0.9	0.596025	-0.658247	-0.459853	0.595274	0.746572	-0.297118	0.538891	-0.0966485	0.836813
0.933333	0.593145	-0.661319	-0.45917	0.599463	0.743486	-0.296433	0.537423	-0.0994281	0.837431
0.966667	0.591654	-0.660915	-0.461668	0.597701	0.743894	-0.298957	0.541017	-0.0990601	0.835157
1	0.587693	-0.661885	-0.465323	0.597058	0.742912	-0.302661	0.546021	-0.0999537	0.831788
1.03333	0.581357	-0.663831	-0.470482	0.596834	0.740925	-0.307929	0.553004	-0.101783	0.826938
1.06667	0.571932	-0.666848	-0.477711	0.596795	0.737802	-0.315411	0.562787	-0.104702	0.819944
1.1	0.556455	-0.673278	-0.486883	0.599957	0.730982	-0.325141	0.574813	-0.111183	0.810697
1.13333	0.536723	-0.681088	-0.498044	0.603574	0.722384	-0.33743	0.589599	-0.1195	0.798807
1.16667	0.516359	-0.689963	-0.507271	0.609655	0.71216	-0.348065	0.60141	-0.129534	0.78837
1.2	0.50264	-0.696263	-0.512417	0.614863	0.70459	-0.354253	0.607698	-0.137005	0.782262
1.23333	0.495751	-0.701613	-0.51183	0.622792	0.697959	-0.35353	0.605277	-0.143501	0.782973
1.26667	0.496256	-0.706456	-0.504628	0.634643	0.69182	-0.344402	0.592417	-0.149347	0.791667
1.3	0.503265	-0.710002	-0.492566	0.647668	0.687269	-0.328919	0.572059	-0.153486	0.805724
1.33333	0.511764	-0.715925	-0.474921	0.666693	0.679597	-0.306052	0.541865	-0.16	0.825095
1.36667	0.522879	-0.723101	-0.451356	0.689315	0.670184	-0.275132	0.50144	-0.167265	0.84887
1.4	0.534484	-0.733131	-0.420529	0.716786	0.656832	-0.234069	0.447821	-0.176323	0.876565
1.43333	0.545263	-0.740757	-0.392387	0.737235	0.64655	-0.196105	0.398964	-0.182353	0.898652
1.46667	0.559418	-0.738825	-0.375751	0.740544	0.649133	-0.173843	0.372352	-0.181009	0.910269
1.5	0.575994	-0.72806	-0.371698	0.729319	0.663072	-0.168611	0.369221	-0.173967	0.912914
1.53333	0.598629	-0.708966	-0.37284	0.707043	0.686425	-0.170034	0.376474	-0.161827	0.912184
1.56667	0.617057	-0.690581	-0.377278	0.684692	0.707477	-0.175139	0.387864	-0.150249	0.909388
1.6	0.623728	-0.678687	-0.387746	0.667942	0.720447	-0.186574	0.405975	-0.14262	0.902687
1.63333	0.628305	-0.665535	-0.402861	0.647942	0.734277	-0.202507	0.430587	-0.133794	0.892577
1.66667	0.636658	-0.643872	-0.424377	0.615139	0.755916	-0.224045	0.465049	-0.118411	0.87733
1.7	0.639407	-0.621668	-0.452424	0.578028	0.776681	-0.250301	0.506994	-0.101469	0.855956
1.73333	0.632179	-0.602909	-0.486673	0.540569	0.793184	-0.280437	0.555099	-0.0857939	0.827348
1.76667	0.606361	-0.593117	-0.529658	0.507256	0.801465	-0.316773	0.612386	-0.0765935	0.78684
1.8	0.563992	-0.59054	-0.577214	0.476422	0.803623	-0.356667	0.674489	-0.0738402	0.734583
1.83333	0.501573	-0.595112	-0.627906	0.447398	0.799646	-0.400501	0.740446	-0.0800433	0.667333
1.86667	0.41602	-0.604136	-0.679667	0.41522	0.791152	-0.449078	0.809024	-0.0953856	0.579985
1.9	0.318652	-0.613213	-0.722793	0.379315	0.78132	-0.495641	0.868666	-0.11623	0.48157
1.93333	0.276186	-0.615524	-0.73814	0.359478	0.778426	-0.514614	0.891346	-0.123216	0.436258
1.96667	0.329709	-0.609383	-0.721072	0.372022	0.785843	-0.494015	0.867693	-0.105374	0.485804
2	0.456042	-0.592588	-0.663977	0.406442	0.802407	-0.436977	0.791727	-0.0705883	0.606784
2.03333	0.567499	-0.576839	-0.587539	0.442611	0.815427	-0.373061	0.694291	-0.04834	0.718069
2.06667	0.617676	-0.588923	-0.521196	0.498198	0.805812	-0.320103	0.608502	-0.0619391	0.791131
2.1	0.628181	-0.621731	-0.467802	0.565488	0.777786	-0.274358	0.534427	-0.0921907	0.840172
2.13333	0.604464	-0.671958	-0.427897	0.643378	0.728525	-0.235196	0.469775	-0.133132	0.872689
2.16667	0.554428	-0.727307	-0.404518	0.718796	0.663467	-0.207713	0.419455	-0.175604	0.890629
2.2	0.508333	-0.769767	-0.386077	0.776491	0.603566	-0.181023	0.372369	-0.207765	0.90453
2.23333	0.534712	-0.764804	-0.359386	0.779582	0.610577	-0.139458	0.326091	-0.205601	0.92271
2.26667	0.555048	-0.759157	-0.340004	0.777829	0.618544	-0.11129	0.294794	-0.202694	0.933816
2.3	0.561712	-0.75871	-0.329907	0.779253	0.619142	-0.0970978	0.277928	-0.20254	0.939007
2.33333	0.581338	-0.745803	-0.325307	0.765855	0.636571	-0.0907962	0.274797	-0.196355	0.941239
2.36667	0.616043	-0.719152	-0.321421	0.737369	0.670014	-0.0858402	0.277089	-0.184125	0.943038
2.4	0.655391	-0.682498	-0.323512	0.697271	0.711365	-0.088158	0.290303	-0.167798	0.942108
2.43333	0.698677	-0.632326	-0.334686	0.641208	0.760942	-0.0990951	0.317337	-0.145368	0.937105
2.46667	0.729899	-0.582575	-0.357565	0.583297	0.803562	-0.118544	0.356387	-0.122041	0.926334
2.5	0.74153	-0.544748	-0.391642	0.535243	0.832292	-0.144241	0.404535	-0.102665	0.908741
2.53333	0.734432	-0.521967	-0.433774	0.500355	0.848249	-0.173548	0.458535	-0.0895817	0.88415
2.56667	0.708801	-0.509596	-0.487763	0.471591	0.856548	-0.209588	0.524598	-0.0814686	0.847443
2.6	0.657295	-0.506525	-0.558028	0.443996	0.858574	-0.256355	0.608958	-0.0792615	0.789232
2.63333	0.548277	-0.518604	-0.656081	0.414012	0.849946	-0.325862	0.726627	-0.0929629	0.680714
2.66667	0.370657	-0.533133	-0.760515	0.355567	0.837912	-0.414095	0.858013	-0.116927	0.500142
2.7	0.204576	-0.530878	-0.822385	0.249998	0.840627	-0.480465	0.946388	-0.107303	0.304691
2.73333	0.128458	-0.528051	-0.839441	0.184418	0.844409	-0.502955	0.974417	-0.0901998	0.205853
2.76667	0.141907	-0.529294	-0.836487	0.203016	0.842637	-0.498745	0.968838	-0.0990448	0.227032
2.8	0.234026	-0.529693	-0.815265	0.259996	0.842108	-0.4725	0.936821	-0.101389	0.334793
2.83333	0.384985	-0.519566	-0.762783	0.309347	0.851321	-0.423742	0.869535	-0.0728305	0.488472
2.86667	0.534573	-0.506141	-0.676796	0.358411	0.861018	-0.360817	0.765358	-0.0496876	0.641684
2.9	0.640244	-0.51723	-0.567945	0.435112	0.853487	-0.286772	0.633061	-0.0635153	0.771492
2.93333	0.673631	-0.569209	-0.471404	0.538314	0.814922	-0.214756	0.506399	-0.109097	0.85537
2.96667	0.663639	-0.625939	-0.409614	0.62321	0.765497	-0.160071	0.413753	-0.149046	0.898105
3	0.699155	-0.617742	-0.359969	0.624539	0.772759	-0.113111	0.348043	-0.145733	0.926082
3.03333	0.7527	-0.580785	-0.31005	0.591051	0.803561	-0.0703487	0.290002	-0.130304	0.948114
3.06667	0.768358	-0.575429	-0.280191	0.587748	0.807679	-0.0469702	0.253332	-0.128592	0.958795
3.1	0.754879	-0.598006	-0.269344	0.612031	0.789899	-0.038446	0.235745	-0.135825	0.962276
3.13333	0.731729	-0.627188	-0.26685	0.642665	0.765281	-0.0364217	0.227059	-0.144844	0.96305
3.16667	0.718122	-0.641632	-0.269462	0.657645	0.752329	-0.0387781	0.227605	-0.149363	0.96223
3.2	0.718401	-0.635409	-0.283117	0.650273	0.757979	-0.0511099	0.247073	-0.147386	0.957723
3.23333	0.722854	-0.615996	-0.313098	0.62704	0.775136	-0.0773635	0.290349	-0.140402	0.946565
3.26667	0.723659	-0.592566	-0.353812	0.596437	0.794894	-0.111387	0.347248	-0.13042	0.92866
3.3	0.718465	-0.569495	-0.399354	0.562674	0.813389	-0.147638	0.408909	-0.118633	0.904831
3.33333	0.700546	-0.550061	-0.454608	0.52725	0.828267	-0.189689	0.480877	-0.106807	0.870258
3.36667	0.654794	-0.541657	-0.527116	0.494095	0.834531	-0.243779	0.57194	-0.100821	0.814076
3.4	0.565267	-0.54321	-0.620802	0.453569	0.83327	-0.316128	0.689019	-0.10288	0.717404
3.43333	0.437607	-0.54333	-0.716445	0.38533	0.833234	-0.396538	0.812417	-0.10254	0.57399
3.46667	0.32529	-0.534536	-0.780037	0.293678	0.841216	-0.453992	0.898855	-0.0814003	0.430621
3.5	0.243017	-0.526749	-0.814542	0.212687	0.848216	-0.485071	0.946418	-0.0553624	0.318164
3.53333	0.198414	-0.521873	-0.829627	0.160145	0.852342	-0.497862	0.966946	-0.0340782	0.252692
3.56667	0.187729	-0.520676	-0.832859	0.146471	0.853293	-0.500437	0.971238	-0.0280431	0.236452
3.6	0.203839	-0.524232	-0.826819	0.177248	0.850356	-0.495458	0.962826	-0.0455588	0.266254
3.63333	0.250325	-0.5291	-0.810796	0.229582	0.846013	-0.4812	0.940547	-0.0656876	0.333251
3.66667	0.323992	-0.531372	-0.782735	0.28198	0.843996	-0.456243	0.90306	-0.0728967	0.423284
3.7	0.40723	-0.534034	-0.740926	0.338362	0.841729	-0.420718	0.848336	-0.0793722	0.523474
3.73333	0.496712	-0.541168	-0.678539	0.406421	0.835818	-0.369093	0.766876	-0.0924395	0.635103
3.76667	0.57404	-0.555562	-0.601523	0.477559	0.823888	-0.305197	0.665143	-0.112068	0.738258
3.8	0.620162	-0.584523	-0.523195	0.552782	0.798841	-0.237248	0.556626	-0.14208	0.818524
3.83333	0.628173	-0.626174	-0.46185	0.625484	0.759446	-0.178917	0.462784	-0.176489	0.868725
3.86667	0.630604	-0.656241	-0.414351	0.673045	0.728251	-0.129076	0.386456	-0.197481	0.900918
3.9	0.659475	-0.657586	-0.364242	0.683029	0.726531	-0.0749945	0.313949	-0.199331	0.92828
3.93333	0.695069	-0.645653	-0.316244	0.673951	0.738315	-0.0260979	0.250338	-0.194993	0.948319
3.96667	0.691825	-0.660346	-0.292097	0.689932	0.72387	-0.00236847	0.213004	-0.199889	0.956386
4	0.659257	-0.688764	-0.301637	0.719648	0.694229	-0.0123556	0.217915	-0.208927	0.953343
4.03333	0.633673	-0.700818	-0.327587	0.731443	0.680653	-0.0412644	0.251892	-0.213463	0.943919
4.06667	0.633884	-0.686425	-0.356387	0.713302	0.696971	-0.0737055	0.298984	-0.207491	0.931427
4.1	0.657883	-0.646382	-0.386498	0.664699	0.739622	-0.105521	0.354069	-0.187484	0.916234
4.13333	0.680355	-0.596216	-0.426196	0.600192	0.786998	-0.142839	0.420578	-0.158618	0.893283
4.16667	0.671016	-0.561113	-0.484655	0.544236	0.816667	-0.191995	0.503533	-0.134935	0.853374
4.2	0.613236	-0.555824	-0.56125	0.511242	0.820924	-0.254391	0.602141	-0.130932	0.787581
4.23333	0.510429	-0.564261	-0.648901	0.478194	0.813422	-0.331172	0.714698	-0.14126	0.68502
4.26667	0.393898	-0.562463	-0.726966	0.410643	0.815275	-0.408287	0.822324	-0.1377	0.552107
4.3	0.311939	-0.545534	-0.777873	0.306857	0.832697	-0.460928	0.899184	-0.0949141	0.427152
4.33333	0.274619	-0.525515	-0.805244	0.203577	0.850233	-0.485448	0.939756	-0.0306159	0.340473
4.36667	0.252322	-0.506539	-0.824471	0.104562	0.861324	-0.49718	0.961977	0.0392409	0.270295
