0	0	1	0	0	0	-1	-1	0	0
0.0333333	0.997842	-0.0577436	-0.0312555	0.0413669	0.922532	-0.383697	0.0509902	0.381576	0.92293
0.0666667	0.998931	-0.0442861	-0.0132787	0.0416628	0.986758	-0.156757	0.020045	0.156036	0.987548
0.1	0.999445	-0.0332106	0.00278345	0.0332596	0.999247	-0.0199625	-0.00211839	0.020044	0.999797
0.133333	0.999568	-0.026651	0.0123976	0.0258676	0.99789	0.0595565	-0.0139587	-0.05921	0.998148
0.166667	0.999612	-0.0223651	0.0166279	0.0205007	0.994271	0.1049	-0.0188788	-0.104518	0.994344
0.2	0.999657	-0.0188045	0.0182477	0.0162317	0.9911	0.132127	-0.0205699	-0.131785	0.991065
0.233333	0.999719	-0.0154538	0.0179997	0.0125932	0.988695	0.149413	-0.0201052	-0.149144	0.988611
0.266667	0.999788	-0.0121148	0.0166426	0.00926855	0.986822	0.161545	-0.0183804	-0.161356	0.986725
0.3	0.999864	-0.00849711	0.0141674	0.00594671	0.985217	0.17121	-0.0154127	-0.171102	0.985133
0.333333	0.99993	-0.00483083	0.0107798	0.0028272	0.983904	0.178674	-0.0114694	-0.178631	0.983849
0.366667	0.999968	-0.00120464	0.0078613	-0.000260026	0.982981	0.183705	-0.00794881	-0.183701	0.98295
0.4	0.999988	0.00187592	0.00450077	-0.00268522	0.982323	0.187176	-0.00407009	-0.187186	0.982316
0.433333	0.99999	0.00431367	0.000885401	-0.00440324	0.982051	0.188562	-5.61144e-05	-0.188564	0.982061
0.466667	0.999976	0.00664923	-0.00194267	-0.00615759	0.981679	0.190443	0.00317338	-0.190426	0.981696
0.5	0.999955	0.00860597	-0.0040752	-0.00766632	0.98146	0.191512	0.00564779	-0.191472	0.981482
0.533333	0.999931	0.0103428	-0.00550631	-0.0090926	0.981333	0.192102	0.00739039	-0.192038	0.98136
0.566667	0.999915	0.0116901	-0.005797	-0.0103482	0.981058	0.193436	0.00794848	-0.193359	0.981096
0.6	0.999902	0.013046	-0.00513075	-0.0117915	0.980636	0.195486	0.00758171	-0.195407	0.980693
0.633333	0.999896	0.0138851	-0.00381235	-0.012855	0.980102	0.198079	0.00648684	-0.198009	0.980179
0.666667	0.999898	0.014189	-0.0018274	-0.0135353	0.979634	0.200335	0.00463274	-0.20029	0.979726
0.7	0.999903	0.0138987	0.00050943	-0.0137142	0.979208	0.202394	0.00231418	-0.202382	0.979304
0.733333	0.999901	0.0137184	0.0031745	-0.0140778	0.978719	0.20472	-0.000298517	-0.204744	0.978815
0.766667	0.999898	0.0129616	0.00603727	-0.0139285	0.978381	0.206342	-0.00323222	-0.206405	0.978461
0.8	0.999887	0.0125111	0.00829707	-0.0139643	0.978003	0.208121	-0.00551074	-0.208213	0.978068
0.833333	0.999874	0.0120555	0.0103644	-0.0139558	0.977823	0.208968	-0.00761536	-0.209086	0.977868
0.866667	0.999863	0.0112644	0.0121547	-0.013565	0.977639	0.209851	-0.00951906	-0.209987	0.977658
0.9	0.999848	0.0108513	0.0136418	-0.0134859	0.977404	0.210951	-0.0110444	-0.211103	0.977401
0.933333	0.999838	0.0101415	0.0148691	-0.0130601	0.977258	0.211652	-0.0123845	-0.211812	0.977232
0.966667	0.999833	0.0102101	0.0151788	-0.0131917	0.977273	0.211574	-0.0126737	-0.211738	0.977244
1	0.99984	0.00921561	0.0153389	-0.0122441	0.977439	0.210865	-0.0130496	-0.211019	0.977395
1.03333	0.999849	0.00849931	0.0151358	-0.0114972	0.977509	0.210582	-0.0130056	-0.210725	0.977459
1.06667	0.999871	0.00659186	0.0146713	-0.0095206	0.977755	0.209535	-0.0129637	-0.209647	0.977691
1.1	0.99989	0.00398735	0.0143117	-0.006875	0.978146	0.207805	-0.0131703	-0.20788	0.978066
1.13333	0.999887	0.000923127	0.0150041	-0.00399018	0.978607	0.2057	-0.0144932	-0.205737	0.9785
1.16667	0.999865	-0.00195914	0.0163286	-0.00141046	0.979005	0.203831	-0.0163851	-0.203826	0.97887
1.2	0.999797	-0.00386366	0.0197887	-0.00026095	0.978906	0.204311	-0.0201607	-0.204275	0.978706
1.23333	0.999686	-0.00409913	0.0247161	-0.00110858	0.978321	0.207092	-0.0250292	-0.207054	0.978009
1.26667	0.999526	-0.00374393	0.0305526	-0.00273894	0.97782	0.209427	-0.030659	-0.209411	0.977347
1.3	0.999337	-0.00374396	0.0362122	-0.00392805	0.977802	0.209496	-0.0361927	-0.209499	0.977139
1.33333	0.999079	-0.00529583	0.0425795	-0.0034647	0.979157	0.203078	-0.0427675	-0.203038	0.978236
1.36667	0.998663	-0.00768533	0.051126	-0.00221681	0.981615	0.190859	-0.0516528	-0.190718	0.980285
1.4	0.997995	-0.00920482	0.062616	-0.00217945	0.983782	0.179357	-0.0632514	-0.179134	0.981789
1.43333	0.996755	-0.0163796	0.0788167	0.0026615	0.985251	0.171095	-0.0804567	-0.17033	0.982097
1.46667	0.995473	-0.0293671	0.0903956	0.0136908	0.985456	0.16938	-0.094055	-0.167376	0.981397
1.5	0.994926	-0.0406875	0.0920181	0.0230208	0.98238	0.185471	-0.0979431	-0.182411	0.978332
1.53333	0.993312	-0.0468648	0.105523	0.0249072	0.979376	0.200503	-0.112743	-0.196534	0.973994
1.56667	0.990666	-0.052247	0.125901	0.0235661	0.975366	0.21933	-0.134258	-0.214316	0.967493
1.6	0.987675	-0.0520657	0.147605	0.0166905	0.972709	0.231427	-0.155627	-0.226111	0.961589
1.63333	0.984232	-0.0427845	0.171628	0.00151019	0.972303	0.233721	-0.176874	-0.229776	0.957036
1.66667	0.980989	-0.0288432	0.191906	-0.0173569	0.971889	0.234799	-0.193283	-0.233666	0.952912
1.7	0.978124	-0.0169997	0.207328	-0.0301367	0.974561	0.222086	-0.205829	-0.223476	0.952729
1.73333	0.97518	-0.0087239	0.221241	-0.0357408	0.979917	0.196177	-0.218509	-0.199215	0.955284
1.76667	0.972003	-0.00341418	0.234944	-0.0358186	0.986055	0.162517	-0.232223	-0.166382	0.958326
1.8	0.967351	-0.00431171	0.253403	-0.0323258	0.98959	0.14024	-0.25137	-0.143853	0.957141
1.83333	0.961688	-0.0141141	0.273783	-0.0230771	0.990962	0.132147	-0.273174	-0.133402	0.95267
1.86667	0.957077	-0.0260587	0.288661	-0.0162123	0.989577	0.143087	-0.289381	-0.141625	0.946679
1.9	0.959937	-0.0379414	0.277636	-0.0220023	0.977526	0.209662	-0.279351	-0.207371	0.937529
1.93333	0.968902	-0.0417331	0.243899	-0.0429344	0.94237	0.331806	-0.24369	-0.331959	0.911273
1.96667	0.980612	-0.039574	0.191923	-0.0473535	0.902516	0.428045	-0.190153	-0.428834	0.883144
2	0.992205	-0.0159389	0.123594	-0.042044	0.89082	0.452407	-0.117311	-0.454076	0.883206
2.03333	0.998446	0.0338376	0.0442843	-0.0494919	0.903667	0.425367	-0.0256249	-0.426898	0.903937
2.06667	0.995729	0.0767539	-0.0513085	-0.0522362	0.926602	0.372398	0.0761256	-0.368128	0.926654
2.1	0.981989	0.118521	-0.147142	-0.0649326	0.943045	0.326265	0.177431	-0.310834	0.933756
2.13333	0.958809	0.17833	-0.221095	-0.100573	0.941075	0.322898	0.26565	-0.287362	0.920246
2.16667	0.933501	0.253976	-0.253125	-0.146708	0.914651	0.376684	0.327189	-0.314499	0.891088
2.2	0.91922	0.31908	-0.230699	-0.180625	0.862344	0.473009	0.34987	-0.393129	0.850318
2.23333	0.9202	0.354413	-0.166205	-0.206321	0.799944	0.56349	0.332663	-0.484232	0.809231
2.26667	0.932154	0.343467	-0.114542	-0.202711	0.757216	0.620913	0.299996	-0.555567	0.775466
2.3	0.951852	0.288764	-0.102921	-0.158348	0.750604	0.641498	0.262494	-0.594314	0.76019
2.33333	0.96872	0.231723	-0.0888016	-0.119287	0.748614	0.652187	0.217605	-0.621194	0.752839
2.36667	0.980719	0.166895	-0.101665	-0.0695778	0.784345	0.61641	0.182616	-0.597451	0.780835
2.4	0.984262	0.11605	-0.133267	-0.0271575	0.844518	0.534839	0.174614	-0.522803	0.834378
2.43333	0.990908	0.0635131	-0.118606	-0.00436543	0.896274	0.443479	0.13447	-0.43893	0.888402
2.46667	0.997855	0.00786516	-0.0649948	0.0178191	0.92265	0.385226	0.0629973	-0.385557	0.920531
2.5	0.999118	-0.0418767	0.00297298	0.0385911	0.943994	0.327699	-0.0165294	-0.327296	0.944777
2.53333	0.994653	-0.0734738	0.0725708	0.0537875	0.968459	0.2433	-0.088158	-0.238096	0.967232
2.56667	0.98769	-0.0697867	0.139997	0.0485318	0.987514	0.149867	-0.148708	-0.141228	0.978744
2.6	0.979063	-0.0260885	0.20188	0.0115569	0.997278	0.0728281	-0.20323	-0.0689702	0.976699
2.63333	0.969048	0.0370425	0.244077	-0.0404206	0.999144	0.00884454	-0.243541	-0.0184365	0.969715
2.66667	0.961411	0.0842508	0.261897	-0.0747893	0.996142	-0.0459055	-0.264754	0.0245469	0.964003
2.7	0.954621	0.101295	0.280068	-0.0824319	0.993511	-0.0783612	-0.286188	0.0517188	0.956777
2.73333	0.956213	0.0731409	0.283385	-0.0500598	0.994874	-0.0878599	-0.288359	0.0698266	0.954973
2.76667	0.969932	0.0276985	0.241796	-0.0175841	0.998882	-0.0438889	-0.242741	0.0383175	0.969334
2.8	0.984669	0.00419558	0.174384	-0.0105661	0.99931	0.0356195	-0.174114	-0.036916	0.984033
2.83333	0.995899	0.000420496	0.0904758	-0.0120645	0.991676	0.128189	-0.0896688	-0.128755	0.987614
2.86667	0.999938	0.0088965	-0.00674883	-0.00739888	0.980517	0.196293	0.00836367	-0.196231	0.980522
2.9	0.99348	0.0350833	-0.108476	-0.00762435	0.96979	0.243822	0.113753	-0.241405	0.963734
2.93333	0.976715	0.0785402	-0.199646	-0.0159494	0.954587	0.297504	0.213946	-0.287392	0.933613
2.96667	0.958066	0.130341	-0.25519	-0.0206245	0.919617	0.392274	0.285806	-0.370561	0.883742
3	0.962619	0.185664	-0.197212	-0.0327352	0.802512	0.595737	0.268872	-0.567012	0.778592
3.03333	0.978833	0.199643	-0.0450474	-0.0986088	0.652921	0.750979	0.17934	-0.730641	0.658787
3.06667	0.983489	0.180886	0.00536432	-0.118353	0.620503	0.775222	0.136899	-0.763057	0.631667
3.1	0.990045	0.139704	0.0171506	-0.101152	0.621463	0.776886	0.0978756	-0.770887	0.629408
3.13333	0.995697	0.0891015	0.0254454	-0.0763658	0.633491	0.769973	0.0524863	-0.768603	0.637569
3.16667	0.999547	0.0295163	0.00582495	-0.0238686	0.660128	0.750774	0.0183148	-0.750573	0.660534
3.2	0.998914	0.0263761	-0.0383961	0.00906158	0.698484	0.715568	0.045693	-0.715139	0.697487
3.23333	0.997948	0.0225184	-0.0599451	0.0206062	0.773406	0.633577	0.060629	-0.633512	0.771354
3.26667	0.9982	0.0120422	-0.0587528	0.0185461	0.869639	0.49334	0.0570347	-0.493542	0.86785
3.3	0.999711	-0.0179195	-0.0160412	0.0225033	0.932308	0.360965	0.00848699	-0.361221	0.932442
3.33333	0.99748	-0.0476292	0.0525785	0.0308381	0.958542	0.283276	-0.0638909	-0.280941	0.957596
3.36667	0.989635	-0.0631445	0.12898	0.0303152	0.969762	0.242163	-0.140371	-0.235743	0.961624
3.4	0.977382	-0.0455931	0.20651	0.00293802	0.979318	0.202307	-0.211463	-0.197125	0.957301
3.43333	0.966145	-0.0216757	0.257089	-0.0275641	0.982089	0.186388	-0.256524	-0.187165	0.948243
3.46667	0.955513	-0.00782301	0.294846	-0.0407513	0.986559	0.15824	-0.292121	-0.163215	0.942351
3.5	0.941162	-0.00161223	0.337952	-0.0394019	0.992646	0.114466	-0.335652	-0.121047	0.934177
3.53333	0.932671	-0.0105326	0.360574	-0.0190032	0.996751	0.0782701	-0.360226	-0.0798523	0.929441
3.56667	0.939921	-0.0346642	0.339628	0.00443145	0.995987	0.0893915	-0.341364	-0.0825159	0.936302
3.6	0.955472	-0.0394377	0.292436	0.0012135	0.991545	0.129754	-0.295081	-0.123622	0.947441
3.63333	0.969316	-0.0440568	0.241837	-0.000241588	0.983637	0.180163	-0.245817	-0.174694	0.953444
3.66667	0.983357	-0.042149	0.176725	0.00160127	0.97469	0.223554	-0.181675	-0.21955	0.958536
3.7	0.994574	-0.0321176	0.0989518	0.00588312	0.966993	0.254733	-0.103867	-0.252769	0.961935
3.73333	0.999698	-0.0160044	0.0186748	0.010442	0.963671	0.26689	-0.0222677	-0.266614	0.963546
3.76667	0.998335	0.00310661	-0.0575976	0.0125115	0.963112	0.268808	0.0563081	-0.269081	0.96147
3.8	0.992344	0.0270731	-0.120497	0.00928142	0.956569	0.291358	0.123151	-0.290246	0.948995
3.83333	0.986601	0.0602831	-0.151606	0.00145018	0.925957	0.377625	0.163145	-0.372785	0.913463
3.86667	0.991526	0.0786665	-0.103385	-0.00732732	0.828411	0.560072	0.129704	-0.554568	0.821968
3.9	0.997976	0.0566104	-0.0289703	-0.020546	0.718162	0.695572	0.060182	-0.693569	0.717872
3.93333	0.999553	0.0287991	-0.00798724	-0.0139363	0.68557	0.727873	0.0264379	-0.727436	0.685666
3.96667	0.999615	-0.0168156	-0.02205	0.0275256	0.698115	0.715456	0.00336264	-0.715788	0.69831
4	0.997128	-0.0197204	-0.0731267	0.0648802	0.720542	0.690369	0.0390765	-0.69313	0.719752
4.03333	0.996209	-0.00603892	-0.0867816	0.0618345	0.750843	0.65758	0.0611882	-0.660453	0.74837
4.06667	0.996308	0.00985935	-0.0852878	0.0443054	0.791854	0.609102	0.0735408	-0.610631	0.788493
4.1	0.997818	0.00898432	-0.0654126	0.0268412	0.849949	0.52618	0.0603247	-0.526788	0.847853
4.13333	0.999695	-0.00483656	-0.0242012	0.0149261	0.899429	0.436813	0.0196546	-0.437041	0.899227
4.16667	0.999298	-0.0229375	0.0296263	0.0105821	0.931299	0.364102	-0.0359425	-0.363533	0.930888
4.2	0.994491	-0.0412627	0.0963577	0.00972653	0.951621	0.307121	-0.104369	-0.304492	0.94678
4.23333	0.983355	-0.0474107	0.175401	0.000642841	0.966258	0.257574	-0.181695	-0.253174	0.950205
4.26667	0.973046	-0.0337306	0.228129	-0.0165523	0.976478	0.214981	-0.230015	-0.212962	0.9496
4.3	0.961957	-0.0344371	0.271022	-0.0177394	0.982057	0.187748	-0.272624	-0.185413	0.944086
4.33333	0.946587	-0.0439878	0.319435	-0.000805686	0.990326	0.13876	-0.322448	-0.131606	0.937394
4.36667	0.93767	-0.0542372	0.343268	0.0178438	0.993958	0.108305	-0.347068	-0.0954296	0.932972
