0	1	0	0	0	1	0	0	0	1
0.0333333	0.999944	-0.000170176	0.0106207	0.000990433	0.997009	-0.0772749	-0.0105757	0.0772811	0.996953
0.0666667	0.999861	-0.000685132	0.0166784	0.00173344	0.998017	-0.0629214	-0.0166022	0.0629416	0.997879
0.1	0.999796	-0.000836472	0.0201922	0.00201532	0.998289	-0.0584318	-0.0201088	0.0584605	0.998087
0.133333	0.999766	-0.000433975	0.0216362	0.00166757	0.998371	-0.0570298	-0.0215762	0.0570525	0.998138
0.166667	0.999752	0.000170285	0.0222806	0.00108321	0.998417	-0.0562352	-0.022255	0.0562454	0.998169
0.2	0.99975	0.00045683	0.0223574	0.000801038	0.998418	-0.0562206	-0.0223477	0.0562245	0.998168
0.233333	0.999742	0.0010148	0.022698	0.000257869	0.998431	-0.0559966	-0.0227192	0.055988	0.998173
0.266667	0.999751	0.000984716	0.022304	0.000258513	0.998449	-0.0556687	-0.0223243	0.0556606	0.9982
0.3	0.999754	0.00121339	0.0221272	1.93239e-05	0.998452	-0.0556253	-0.0221604	0.0556121	0.998206
0.333333	0.999757	0.00136984	0.0219794	-0.000145401	0.998452	-0.0556137	-0.0220215	0.055597	0.99821
0.366667	0.999763	0.00156329	0.0217126	-0.000372584	0.998501	-0.0547354	-0.0217656	0.0547143	0.998265
0.4	0.999773	0.00161959	0.0212251	-0.000462048	0.998518	-0.0544284	-0.0212818	0.0544062	0.998292
0.433333	0.999779	0.00156695	0.0209759	-0.000432681	0.998542	-0.0539707	-0.0210299	0.0539497	0.998322
0.466667	0.999786	0.00133474	0.0206408	-0.000220654	0.998547	-0.0538834	-0.0206827	0.0538673	0.998334
0.5	0.999783	0.00143051	0.0207756	-0.000305287	0.998537	-0.0540632	-0.0208225	0.0540451	0.998321
0.533333	0.99978	0.00152207	0.0209039	-0.000366546	0.998477	-0.055171	-0.020956	0.0551513	0.998258
0.566667	0.999776	0.00169374	0.0210805	-0.000526544	0.998472	-0.0552513	-0.0211419	0.0552279	0.99825
0.6	0.999779	0.00164759	0.0209753	-0.000494389	0.998494	-0.0548658	-0.0210341	0.0548433	0.998273
0.633333	0.999781	0.00162595	0.0208657	-0.0005005	0.99855	-0.05383	-0.020923	0.0538078	0.998332
0.666667	0.999788	0.00144314	0.0205427	-0.000339408	0.998561	-0.0536309	-0.0205906	0.0536125	0.99835
0.7	0.999789	0.00155911	0.0204724	-0.000457089	0.998556	-0.0537244	-0.0205266	0.0537037	0.998346
0.733333	0.99979	0.00169437	0.0204321	-0.00059949	0.998569	-0.0534737	-0.0204934	0.0534502	0.99836
0.766667	0.999796	0.00175215	0.0201263	-0.00069043	0.998613	-0.0526391	-0.0201907	0.0526145	0.998411
0.8	0.999799	0.00162806	0.0199738	-0.000576665	0.998619	-0.052532	-0.0200317	0.0525099	0.998419
0.833333	0.999802	0.00172369	0.0198285	-0.000677485	0.998613	-0.0526489	-0.0198918	0.0526251	0.998416
0.866667	0.999796	0.00198582	0.0201053	-0.000928178	0.998622	-0.0524782	-0.0201818	0.0524488	0.99842
0.9	0.999801	0.00196996	0.019829	-0.000908218	0.998572	-0.0534118	-0.0199059	0.0533832	0.998376
0.933333	0.9998	0.0021218	0.0198937	-0.0010489	0.998552	-0.053788	-0.019979	0.0537564	0.998354
0.966667	0.9998	0.00225573	0.0198544	-0.00118291	0.998547	-0.0538813	-0.0199471	0.053847	0.99835
1	0.999794	0.00252137	0.0201465	-0.00144765	0.998586	-0.0531339	-0.020252	0.0530938	0.998384
1.03333	0.999785	0.00315841	0.0204852	-0.00202102	0.998467	-0.0553074	-0.0206285	0.0552541	0.998259
1.06667	0.99979	0.00306759	0.0202552	-0.00193958	0.998458	-0.0554765	-0.0203941	0.0554255	0.998255
1.1	0.99979	0.00322536	0.0202251	-0.00209921	0.998459	-0.0554573	-0.0203728	0.0554032	0.998256
1.13333	0.999801	0.00284691	0.0197306	-0.00173531	0.998422	-0.0561284	-0.0198593	0.056083	0.998229
1.16667	0.999803	0.00297436	0.0196051	-0.00187933	0.998449	-0.055638	-0.0197402	0.0555902	0.998259
1.2	0.999808	0.00307269	0.0193661	-0.0019888	0.998443	-0.055741	-0.0195073	0.0556917	0.998257
1.23333	0.99981	0.00323536	0.0192409	-0.00216197	0.998454	-0.0555484	-0.0193909	0.0554963	0.998271
1.26667	0.999807	0.00314902	0.0194161	-0.0020837	0.998504	-0.0546459	-0.0195592	0.0545949	0.998317
1.3	0.999802	0.00321	0.0196511	-0.00213394	0.99851	-0.0545363	-0.0197968	0.0544835	0.998318
1.33333	0.99979	0.00336106	0.0201998	-0.00226203	0.998528	-0.0541865	-0.0203522	0.0541294	0.998326
1.36667	0.999783	0.00346754	0.0205533	-0.00235264	0.998537	-0.0540228	-0.0207105	0.0539627	0.998328
1.4	0.99978	0.00349694	0.0206741	-0.00236433	0.998508	-0.0545567	-0.0208341	0.0544958	0.998297
1.43333	0.999777	0.00354805	0.0208392	-0.00239503	0.998478	-0.055096	-0.0210029	0.0550337	0.998264
1.46667	0.999775	0.00348434	0.0209257	-0.00232445	0.998473	-0.0551998	-0.021086	0.0551388	0.998256
1.5	0.999775	0.00339571	0.0209531	-0.00223938	0.998486	-0.0549654	-0.021108	0.0549061	0.998268
1.53333	0.999779	0.00346294	0.0207479	-0.00231052	0.998466	-0.0553127	-0.0209077	0.0552526	0.998253
1.56667	0.999786	0.00327281	0.020429	-0.00214694	0.99849	-0.0548923	-0.0205778	0.0548367	0.998283
1.6	0.99979	0.00315097	0.0202426	-0.00203638	0.998493	-0.0548482	-0.0203849	0.0547955	0.998289
1.63333	0.999781	0.00299385	0.0207343	-0.00184617	0.998476	-0.0551513	-0.0208679	0.0551009	0.998263
1.66667	0.999764	0.00295154	0.0215162	-0.00176453	0.998486	-0.0549797	-0.0216459	0.0549288	0.998256
1.7	0.999748	0.00260576	0.022282	-0.00137353	0.998478	-0.0551391	-0.0223917	0.0550946	0.99823
1.73333	0.999732	0.002533	0.0230014	-0.00122874	0.998399	-0.0565416	-0.0231078	0.0564982	0.998135
1.76667	0.999734	0.00246222	0.0229335	-0.00111491	0.998282	-0.0585771	-0.0230384	0.0585359	0.998019
1.8	0.999755	0.00223621	0.02202	-0.000908511	0.998191	-0.0601217	-0.0221146	0.060087	0.997948
1.83333	0.999794	0.00201509	0.0202193	-0.000755383	0.998069	-0.0621174	-0.0203054	0.0620893	0.997864
1.86667	0.999838	0.00142686	0.0179528	-0.000288979	0.997999	-0.0632254	-0.0180071	0.06321	0.997838
1.9	0.999883	0.000717037	0.0152966	0.000257616	0.997974	-0.0636201	-0.0153112	0.0636165	0.997857
1.93333	0.999933	-0.000689288	0.0115421	0.00142076	0.997982	-0.0634859	-0.0114751	0.0634981	0.997916
1.96667	0.99996	-0.00368724	0.00815252	0.00417361	0.998161	-0.0604698	-0.00791456	0.0605014	0.998137
2	0.999954	-0.00793564	0.00533945	0.00822109	0.998411	-0.0557527	-0.00488853	0.055794	0.99843
2.03333	0.999915	-0.0126378	0.00319224	0.0127695	0.998891	-0.0453109	-0.00261607	0.0453479	0.998968
2.06667	0.999851	-0.0171119	0.00246584	0.0171735	0.999472	-0.027587	-0.00199247	0.0276253	0.999616
2.1	0.999766	-0.0216036	0.000510237	0.021602	0.999762	0.00305903	-0.000576202	-0.00304729	0.999995
2.13333	0.999632	-0.0271075	-0.000561084	0.0271115	0.999112	0.0322402	-0.000313368	-0.0322436	0.99948
2.16667	0.999407	-0.0344292	-0.000941025	0.0344194	0.997383	0.0635754	-0.00125029	-0.06357	0.997977
2.2	0.999094	-0.0425526	-0.000228277	0.0424023	0.995084	0.0894945	-0.00358107	-0.0894231	0.995987
2.23333	0.9988	-0.0489727	-9.12935e-05	0.0486699	0.992414	0.112901	-0.00543846	-0.11277	0.993606
2.26667	0.99862	-0.0524636	-0.00241485	0.0523107	0.989512	0.134647	-0.00467455	-0.134588	0.990891
2.3	0.99862	-0.0521119	-0.00658506	0.0525038	0.986648	0.15417	-0.00153694	-0.154303	0.988022
2.33333	0.998704	-0.0493952	-0.012303	0.0507613	0.984477	0.168013	0.00381295	-0.16842	0.985708
2.36667	0.998769	-0.0468223	-0.0163592	0.0489713	0.983228	0.175682	0.007859	-0.176267	0.984311
2.4	0.998904	-0.0428953	-0.0187166	0.0454977	0.983768	0.173581	0.010967	-0.174242	0.984642
2.43333	0.999034	-0.0388483	-0.0205449	0.0415798	0.986925	0.155723	0.0142267	-0.156427	0.987587
2.46667	0.99902	-0.0360177	-0.0257263	0.0389924	0.991206	0.126454	0.0209455	-0.127333	0.991639
2.5	0.999086	-0.0337562	-0.0262104	0.0360385	0.995094	0.0921413	0.0229714	-0.0930017	0.995401
2.53333	0.99928	-0.0297719	-0.0235278	0.0310595	0.997925	0.0564025	0.0217998	-0.0570927	0.998131
2.56667	0.999506	-0.0257783	-0.0179987	0.026201	0.999377	0.0236591	0.0173776	-0.0241189	0.999558
2.6	0.999732	-0.0204959	-0.0107993	0.0204688	0.999787	-0.0026081	0.0108504	0.00238635	0.999938
2.63333	0.999875	-0.0154836	-0.00331338	0.0154094	0.999653	-0.0213597	0.00364296	0.0213059	0.999766
2.66667	0.999908	-0.0132695	0.00298104	0.0133626	0.99934	-0.0337786	-0.00253085	0.0338153	0.999425
2.7	0.999899	-0.0131665	0.00543181	0.0133886	0.998981	-0.0431006	-0.00485879	0.0431689	0.999056
2.73333	0.999894	-0.0145167	0.000952918	0.0145459	0.998711	-0.048633	-0.000245697	0.0486417	0.998816
2.76667	0.999868	-0.0142539	-0.00780516	0.0138589	0.998727	-0.0485094	0.00848667	0.0483948	0.998792
2.8	0.999776	-0.0155348	-0.0143816	0.0149135	0.998992	-0.0423453	0.0150249	0.0421213	0.999
2.83333	0.999671	-0.0225119	-0.0122908	0.0221972	0.999437	-0.0251696	0.0128505	0.0248885	0.999608
2.86667	0.999483	-0.0310549	-0.00828638	0.0310134	0.999506	-0.0050884	0.0084403	0.00482878	0.999953
2.9	0.999527	-0.0306245	-0.00271711	0.0306483	0.999488	0.0091866	0.00243438	-0.00926553	0.999954
2.93333	0.99973	-0.0232409	-0.000435075	0.0232434	0.999271	0.0302882	-0.000269167	-0.0302901	0.999541
2.96667	0.999719	-0.0234784	0.00328288	0.0232565	0.998143	0.0563065	-0.00459877	-0.0562143	0.998408
3	0.999577	-0.0267289	0.0114604	0.0257396	0.996528	0.0791757	-0.0135369	-0.0788472	0.996795
3.03333	0.999317	-0.0314301	0.0194505	0.0293812	0.994762	0.0979081	-0.0224258	-0.0972697	0.995005
3.06667	0.999051	-0.0359329	0.0246231	0.032818	0.992594	0.116959	-0.0286434	-0.11604	0.992831
3.1	0.998904	-0.0388098	0.0261613	0.0351104	0.990962	0.129468	-0.0309495	-0.128408	0.991238
3.13333	0.998957	-0.0386834	0.0242665	0.0351026	0.990392	0.133757	-0.0292075	-0.132766	0.990717
3.16667	0.999019	-0.0405897	0.0177084	0.037596	0.988687	0.145206	-0.0234019	-0.144398	0.989243
3.2	0.999011	-0.0424677	0.0131718	0.0399819	0.987607	0.151768	-0.0194538	-0.151091	0.988328
3.23333	0.999019	-0.0421277	0.013616	0.0397369	0.988806	0.143817	-0.0195223	-0.143135	0.989511
3.26667	0.999195	-0.0376393	0.0138455	0.0356335	0.991622	0.124162	-0.0184029	-0.123569	0.992165
3.3	0.999332	-0.0346525	0.0116429	0.0332446	0.993938	0.104792	-0.0152036	-0.104335	0.994426
3.33333	0.999245	-0.0343376	0.0181576	0.0327971	0.996316	0.0792367	-0.0208115	-0.0785813	0.99669
3.36667	0.999062	-0.0338803	0.0269638	0.0326074	0.998394	0.046323	-0.0284899	-0.0454003	0.998563
3.4	0.998954	-0.0333339	0.0312956	0.032878	0.999347	0.0149705	-0.0317742	-0.0139259	0.999398
3.43333	0.998996	-0.0303975	0.03291	0.0307178	0.999485	-0.00926992	-0.0326113	0.0102715	0.999415
3.46667	0.999106	-0.0265107	0.0329361	0.0274316	0.999236	-0.0278292	-0.0321732	0.0287079	0.99907
3.5	0.999328	-0.0229884	0.0285484	0.0242807	0.998657	-0.045778	-0.0274577	0.0464404	0.998544
3.53333	0.99957	-0.0208623	0.0206087	0.0221318	0.997741	-0.0634235	-0.019239	0.0638524	0.997774
3.56667	0.999739	-0.0203775	0.010343	0.0211132	0.996818	-0.0768659	-0.00874373	0.0770642	0.996988
3.6	0.999779	-0.020906	0.0020544	0.021002	0.996844	-0.0765619	-0.000447311	0.0765882	0.997063
3.63333	0.999738	-0.0228145	0.00175619	0.0228793	0.997843	-0.0615281	-0.000348668	0.0615522	0.998104
3.66667	0.999648	-0.0258491	0.00598684	0.0260484	0.999012	-0.0360171	-0.00504991	0.0361604	0.999333
3.7	0.999675	-0.0253752	0.00224058	0.0254115	0.999514	-0.0180319	-0.00178193	0.018083	0.999835
3.73333	0.999869	-0.0154805	-0.00466648	0.0154597	0.999871	-0.00446762	0.00473504	0.00439489	0.999979
3.76667	0.99997	-0.0068124	0.00362957	0.00674367	0.999804	0.018625	-0.00375574	-0.0186	0.99982
3.8	0.999818	-0.00494479	0.0184456	0.0043222	0.999425	0.0336415	-0.0186013	-0.0335556	0.999264
3.83333	0.999462	-0.00999871	0.0312229	0.00868521	0.999083	0.0419242	-0.0316134	-0.0416305	0.998633
3.86667	0.999142	-0.0174684	0.0375629	0.0158583	0.99896	0.0427432	-0.0382705	-0.0421108	0.99838
3.9	0.999015	-0.0251008	0.0365956	0.0233664	0.998618	0.0470756	-0.0377266	-0.0461741	0.998221
3.93333	0.999014	-0.033118	0.029564	0.031462	0.998	0.0548229	-0.0313205	-0.0538387	0.998058
3.96667	0.999023	-0.0393873	0.0200541	0.0379506	0.996992	0.0675823	-0.0226556	-0.0667552	0.997512
4	0.999037	-0.0422195	0.0119183	0.0412036	0.996298	0.0754474	-0.0150595	-0.0748837	0.997079
4.03333	0.998876	-0.0462549	0.0103526	0.0453277	0.996022	0.0767131	-0.0138597	-0.0761576	0.996999
4.06667	0.99879	-0.047106	0.0141363	0.0459098	0.996088	0.0755113	-0.0176381	-0.0747709	0.997045
4.1	0.998832	-0.045498	0.0162603	0.0441476	0.996168	0.0754943	-0.0196328	-0.0746883	0.997014
4.13333	0.998823	-0.0460204	0.0152928	0.0445064	0.995143	0.0878088	-0.0192596	-0.0870249	0.99602
4.16667	0.998719	-0.0460999	0.0208518	0.0441966	0.995484	0.0840092	-0.0246305	-0.08298	0.996247
4.2	0.998625	-0.043456	0.0293078	0.0416668	0.997381	0.0591201	-0.0318001	-0.0578177	0.997821
4.23333	0.998696	-0.0391335	0.0327744	0.0380855	0.998762	0.0320134	-0.0339866	-0.0307234	0.99895
4.26667	0.998945	-0.0341635	0.030686	0.0338569	0.999372	0.0104563	-0.031024	-0.00940631	0.999474
4.3	0.999162	-0.0304526	0.0273433	0.030584	0.999523	-0.00440011	-0.0271962	0.00523269	0.999616
4.33333	0.999399	-0.0275406	0.0210287	0.0279146	0.999454	-0.017704	-0.0205297	0.0182804	0.999622
4.36667	0.999589	-0.0254179	0.0132651	0.0258288	0.999161	-0.0317831	-0.0124462	0.0321127	0.999407
4.4	0.999711	-0.0235217	0.00504544	0.0237218	0.998742	-0.0441792	-0.00399992	0.0442861	0.999011
