0	0	1	0	0	0	-1	-1	0	0
0.0333333	0.997353	-0.0667336	-0.028872	0.0520778	0.932708	-0.356852	0.0507432	0.354404	0.933715
0.0666667	0.999133	-0.038044	-0.0169195	0.0338982	0.979207	-0.200012	0.024177	0.199265	0.979647
0.1	0.999633	-0.0261322	-0.00718394	0.0249479	0.990831	-0.132781	0.0105879	0.132553	0.991119
0.133333	0.999816	-0.0191372	-0.0015321	0.01889	0.994864	-0.099446	0.00342735	0.0993988	0.995042
0.166667	0.999894	-0.014445	0.00199479	0.0145589	0.996625	-0.0807915	-0.000821029	0.0808119	0.996729
0.2	0.999923	-0.0114343	0.00476888	0.0117367	0.997539	-0.0691226	-0.00396678	0.0691733	0.997597
0.233333	0.999936	-0.00927636	0.00641083	0.00964688	0.998127	-0.0604118	-0.00583842	0.0604698	0.998153
0.266667	0.999939	-0.00801209	0.00763666	0.00842077	0.998447	-0.0550774	-0.00718351	0.0551384	0.998453
0.3	0.999942	-0.00683284	0.00827893	0.00725101	0.998643	-0.0515799	-0.00791526	0.0516369	0.998635
0.333333	0.999945	-0.00608311	0.00856842	0.00649001	0.998812	-0.0482898	-0.00826449	0.0483428	0.998797
0.366667	0.99995	-0.00550996	0.00838855	0.00589577	0.998892	-0.0466845	-0.00812203	0.0467316	0.998874
0.4	0.999954	-0.00477042	0.00832834	0.00513445	0.999007	-0.0442505	-0.00810898	0.0442912	0.998986
0.433333	0.999957	-0.00450857	0.00810046	0.00485183	0.999069	-0.0428669	-0.00789965	0.0429044	0.999048
0.466667	0.99996	-0.00411906	0.00799686	0.0044515	0.999107	-0.042008	-0.00781669	0.0420419	0.999085
0.5	0.999963	-0.00364727	0.00775228	0.00396097	0.999158	-0.0408429	-0.00759678	0.0408721	0.999136
0.533333	0.999964	-0.00363484	0.00762682	0.00393834	0.999185	-0.0401634	-0.00747462	0.040192	0.999164
0.566667	0.999964	-0.00370064	0.00765424	0.00400282	0.999198	-0.0398471	-0.00750064	0.0398763	0.999176
0.6	0.999963	-0.00377658	0.00766924	0.00408003	0.999194	-0.0399449	-0.0075122	0.0399747	0.999172
0.633333	0.999964	-0.00366103	0.00763184	0.00395463	0.999239	-0.0388165	-0.00748392	0.0388453	0.999217
0.666667	0.999962	-0.00363056	0.00791763	0.00393049	0.999262	-0.0381999	-0.0077731	0.0382296	0.999239
0.7	0.999961	-0.00353938	0.00810399	0.00384059	0.999291	-0.0374601	-0.00796565	0.0374897	0.999265
0.733333	0.999961	-0.00344437	0.00809419	0.00373499	0.999339	-0.0361673	-0.00796427	0.0361961	0.999313
0.766667	0.999964	-0.0032911	0.00786006	0.00356773	0.999365	-0.035444	-0.00773842	0.0354708	0.999341
0.8	0.999966	-0.00312578	0.00761817	0.00338955	0.999386	-0.03486	-0.00750453	0.0348847	0.999363
0.833333	0.999971	-0.00294039	0.00703343	0.00317776	0.999417	-0.0339798	-0.00692942	0.0340011	0.999398
0.866667	0.999975	-0.00267668	0.00650499	0.00288827	0.99946	-0.0327377	-0.00641385	0.0327557	0.999443
0.9	0.999978	-0.00267363	0.00602424	0.00286725	0.999472	-0.0323655	-0.00593453	0.032382	0.999458
0.933333	0.999982	-0.00240373	0.00546327	0.00257494	0.999499	-0.0315501	-0.0053847	0.0315636	0.999487
0.966667	0.999985	-0.00217614	0.0050837	0.00232676	0.999553	-0.0298137	-0.00501654	0.0298251	0.999543
1	0.999989	-0.00139542	0.00457066	0.00151763	0.999639	-0.0268433	-0.00453155	0.02685	0.999629
1.03333	0.99999	-0.00096017	0.00437201	0.00106695	0.9997	-0.0244862	-0.00434719	0.0244906	0.999691
1.06667	0.999992	-0.000868822	0.00393122	0.000961577	0.99972	-0.0236543	-0.00390957	0.0236579	0.999712
1.1	0.999994	-0.000368437	0.00339122	0.000444651	0.999747	-0.0225007	-0.00338207	0.022502	0.999741
1.13333	0.999995	-0.00041775	0.00300525	0.000483348	0.999761	-0.0218604	-0.0029954	0.0218618	0.999757
1.16667	0.999998	-0.000104822	0.00216559	0.000148006	0.999801	-0.0199505	-0.00216307	0.0199507	0.999799
1.2	0.999999	3.92106e-07	0.00115984	2.20492e-05	0.999813	-0.0193485	-0.00115963	0.0193485	0.999812
1.23333	1	0.000437439	0.000189993	-0.000434065	0.999848	-0.0174131	-0.000197581	0.017413	0.999848
1.26667	0.999999	0.00100593	-0.000738537	-0.00101685	0.999888	-0.014938	0.000723427	0.0149387	0.999888
1.3	0.999998	0.00132282	-0.00177964	-0.00134524	0.999919	-0.0126575	0.00176275	0.0126599	0.999918
1.33333	0.999994	0.00163708	-0.00302015	-0.00167149	0.999933	-0.0114243	0.00300124	0.0114293	0.99993
1.36667	0.999988	0.00210481	-0.00432254	-0.00214918	0.999945	-0.0102858	0.00430066	0.010295	0.999938
1.4	0.999982	0.00264135	-0.00541997	-0.00268821	0.999959	-0.00865647	0.00539688	0.00867089	0.999948
1.43333	0.999974	0.00325538	-0.00641663	-0.00330288	0.999967	-0.00740567	0.00639231	0.00742667	0.999952
1.46667	0.999969	0.00372876	-0.0069966	-0.00377588	0.99997	-0.00673407	0.00697128	0.00676028	0.999953
1.5	0.999961	0.00423753	-0.00779392	-0.0042686	0.999983	-0.0039738	0.00777695	0.00400692	0.999962
1.53333	0.999952	0.00469645	-0.00859444	-0.0046992	0.999989	-0.000300615	0.00859294	0.000340988	0.999963
1.56667	0.999937	0.00546859	-0.00976552	-0.00543127	0.999978	0.00384347	0.00978632	-0.00379019	0.999945
1.6	0.999919	0.00695001	-0.0106822	-0.0068588	0.99994	0.00855227	0.010741	-0.0084783	0.999906
1.63333	0.999886	0.00925285	-0.0118935	-0.00909188	0.999867	0.0135177	0.012017	-0.013408	0.999838
1.66667	0.999849	0.0112971	-0.0131777	-0.0110277	0.999732	0.0203392	0.0134039	-0.0201909	0.999706
1.7	0.999806	0.0121518	-0.0155252	-0.0117612	0.999618	0.0250094	0.0158232	-0.0248219	0.999567
1.73333	0.999758	0.0122593	-0.0182694	-0.0117477	0.999543	0.0278508	0.0186025	-0.0276295	0.999445
1.76667	0.999694	0.0123462	-0.0214481	-0.011725	0.999515	0.0288528	0.0217939	-0.0285924	0.999354
1.8	0.999593	0.0127844	-0.0254954	-0.01203	0.999492	0.0295271	0.0258599	-0.0292083	0.999239
1.83333	0.99947	0.0134469	-0.0296304	-0.0125809	0.999494	0.0292192	0.0300083	-0.028831	0.999134
1.86667	0.999324	0.0144377	-0.0338034	-0.0134826	0.999508	0.0283134	0.0341955	-0.0278385	0.999027
1.9	0.999165	0.0159339	-0.0376142	-0.0149223	0.999523	0.0270225	0.0380269	-0.0264387	0.998927
1.93333	0.999037	0.0165981	-0.0406079	-0.0157181	0.999637	0.0218937	0.0409565	-0.0212344	0.998935
1.96667	0.998955	0.0170406	-0.0424116	-0.0165018	0.999779	0.013022	0.0426241	-0.0123086	0.999015
2	0.998922	0.0212205	-0.0412971	-0.0210546	0.999768	0.0044488	0.0413819	-0.00357451	0.999137
2.03333	0.998923	0.0315819	-0.0339994	-0.0312581	0.999461	0.010014	0.0342974	-0.00894048	0.999372
2.06667	0.998689	0.0467037	-0.0209402	-0.046341	0.998773	0.0174832	0.021731	-0.0164899	0.999628
2.1	0.99781	0.0659788	-0.00475364	-0.065776	0.997235	0.0345871	0.00702251	-0.0341986	0.99939
2.13333	0.996268	0.085357	0.0128163	-0.0859643	0.994584	0.0584263	-0.00775981	-0.05931	0.998209
2.16667	0.994323	0.100238	0.0356939	-0.102906	0.991218	0.0830446	-0.0270562	-0.0862462	0.995906
2.2	0.992017	0.11224	0.0574892	-0.117405	0.988418	0.0961526	-0.0460312	-0.102135	0.993705
2.23333	0.989329	0.125432	0.0741239	-0.13338	0.984446	0.114346	-0.0586284	-0.123012	0.990672
2.26667	0.9859	0.145686	0.0823164	-0.155889	0.978452	0.135388	-0.0608186	-0.146311	0.987367
2.3	0.981277	0.17287	0.0849256	-0.18398	0.971766	0.147724	-0.0569907	-0.160583	0.985376
2.33333	0.97573	0.202653	0.0829639	-0.213197	0.96563	0.14868	-0.049982	-0.162759	0.985399
2.36667	0.969822	0.230106	0.0806038	-0.238806	0.963155	0.123709	-0.0491677	-0.139224	0.989039
2.4	0.965272	0.247392	0.0839437	-0.252873	0.965485	0.062397	-0.0656098	-0.0814572	0.994515
2.43333	0.962068	0.25309	0.101838	-0.254654	0.967029	0.00243531	-0.097864	-0.0282763	0.994798
2.46667	0.965502	0.231589	0.119047	-0.232028	0.972654	-0.010351	-0.118188	-0.0176283	0.992835
2.5	0.972524	0.19149	0.132396	-0.196015	0.980356	0.0219184	-0.125598	-0.0472679	0.990954
2.53333	0.980756	0.151387	0.123289	-0.158444	0.986124	0.0495461	-0.114077	-0.068127	0.991133
2.56667	0.989428	0.113562	0.0901999	-0.118512	0.991614	0.0515474	-0.0835896	-0.0616923	0.994589
2.6	0.99609	0.0806393	0.0360924	-0.0821652	0.99569	0.0430052	-0.032469	-0.0458026	0.998423
2.63333	0.997972	0.0544505	-0.0329645	-0.0535368	0.998173	0.0279943	0.0344286	-0.0261727	0.999064
2.66667	0.992785	0.0300166	-0.116092	-0.031548	0.999437	-0.0113761	0.115685	0.0149565	0.993173
2.7	0.978483	-0.0030721	-0.206306	-0.014583	0.996359	-0.0840023	0.205813	0.0852034	0.974875
2.73333	0.955338	-0.0449676	-0.292076	-0.00826017	0.983905	-0.178499	0.295401	0.172939	0.93959
2.76667	0.928279	-0.0845714	-0.36214	-0.0179555	0.96247	-0.270794	0.37145	0.257875	0.891922
2.8	0.908827	-0.116892	-0.400461	-0.0307479	0.938561	-0.343741	0.416038	0.324715	0.849396
2.83333	0.910486	-0.123481	-0.394675	-0.0447798	0.91933	-0.390932	0.411109	0.373612	0.831507
2.86667	0.928578	-0.0959687	-0.358515	-0.0607077	0.913704	-0.40182	0.366139	0.394886	0.842619
2.9	0.951594	-0.0462322	-0.303862	-0.0826978	0.913653	-0.397993	0.296024	0.403857	0.865603
2.93333	0.96465	0.0246529	-0.262379	-0.11721	0.931857	-0.343372	0.236035	0.361988	0.901805
2.96667	0.97743	0.0725681	-0.198403	-0.125102	0.9556	-0.266794	0.170233	0.285593	0.94311
3	0.986007	0.124482	-0.110882	-0.142914	0.973634	-0.177797	0.0858258	0.191156	0.9778
3.03333	0.98465	0.174235	-0.0103448	-0.174471	0.98084	-0.0866804	-0.0049562	0.0871547	0.996182
3.06667	0.972177	0.215097	0.0927632	-0.21592	0.97641	-0.00118778	-0.0908304	-0.0188747	0.995687
3.1	0.95041	0.246417	0.189733	-0.263343	0.962197	0.0694767	-0.165441	-0.115996	0.979374
3.13333	0.924824	0.26641	0.271527	-0.305817	0.945215	0.114215	-0.226224	-0.188666	0.95563
3.16667	0.906546	0.277028	0.318481	-0.334203	0.931947	0.140653	-0.257843	-0.233945	0.937436
3.2	0.89542	0.294643	0.333778	-0.350289	0.928965	0.119668	-0.274809	-0.224072	0.935025
3.23333	0.890209	0.314512	0.329561	-0.348764	0.935935	0.0488844	-0.293073	-0.158456	0.942868
3.26667	0.893803	0.31554	0.318669	-0.333167	0.942867	0.000858901	-0.300192	-0.106938	0.947866
3.3	0.916443	0.270038	0.295317	-0.296438	0.95386	0.0477131	-0.268806	-0.131269	0.954207
3.33333	0.942938	0.205819	0.261736	-0.252249	0.954669	0.158045	-0.217343	-0.215049	0.952111
3.36667	0.968274	0.151155	0.198992	-0.195985	0.953385	0.229448	-0.155034	-0.261168	0.952762
3.4	0.989629	0.102669	0.100469	-0.122078	0.969718	0.211528	-0.075709	-0.221599	0.972194
3.43333	0.998279	0.0549006	-0.0206076	-0.0521476	0.991852	0.116238	0.0268211	-0.114963	0.993008
3.46667	0.989469	0.00458722	-0.144675	-0.00705422	0.999838	-0.0165437	0.144575	0.01739	0.989341
3.5	0.964764	-0.041034	-0.259896	0.000487799	0.988041	-0.154187	0.263115	0.148628	0.953247
3.53333	0.931651	-0.0880328	-0.352529	-0.015606	0.959617	-0.280876	0.363019	0.26718	0.892654
3.56667	0.898082	-0.128958	-0.420499	-0.0456542	0.923554	-0.38074	0.437453	0.361133	0.82354
3.6	0.875268	-0.153511	-0.458628	-0.0748757	0.893844	-0.442081	0.477807	0.42128	0.770859
3.63333	0.874446	-0.152956	-0.460379	-0.090709	0.880705	-0.464898	0.476567	0.448289	0.756255
3.66667	0.891357	-0.123069	-0.436275	-0.100831	0.884498	-0.455517	0.441945	0.450018	0.775995
3.7	0.913825	-0.0914705	-0.395674	-0.102091	0.891273	-0.441825	0.393067	0.444146	0.805129
3.73333	0.936796	-0.0576249	-0.345097	-0.0978678	0.903811	-0.41659	0.335909	0.424034	0.841047
3.76667	0.96224	-0.0156705	-0.271753	-0.083043	0.933849	-0.347894	0.259227	0.357325	0.897285
3.8	0.985123	0.0326464	-0.16872	-0.0782114	0.95939	-0.271025	0.15302	0.280189	0.94767
3.83333	0.995736	0.0817038	-0.0428246	-0.0879521	0.980874	-0.173637	0.0278187	0.176663	0.983878
3.86667	0.988	0.122221	0.0944337	-0.116163	0.990954	-0.067201	-0.101793	0.055425	0.99326
3.9	0.962203	0.152095	0.225902	-0.167397	0.984617	0.0500842	-0.21481	-0.0860066	0.972862
3.93333	0.925966	0.168036	0.338158	-0.22577	0.9642	0.139092	-0.302679	-0.205141	0.930754
3.96667	0.8902	0.182322	0.417496	-0.278749	0.942842	0.182617	-0.360337	-0.278942	0.89014
4	0.861846	0.199717	0.466192	-0.316562	0.929993	0.186818	-0.396245	-0.308587	0.864734
4.03333	0.841989	0.218835	0.493118	-0.333296	0.929743	0.156498	-0.424226	-0.296125	0.85577
4.06667	0.833196	0.244187	0.496142	-0.335455	0.93647	0.102444	-0.439607	-0.251789	0.862177
4.1	0.847442	0.255872	0.465157	-0.31285	0.94858	0.0481725	-0.428913	-0.186348	0.883916
4.13333	0.884804	0.239418	0.399752	-0.278079	0.959695	0.0407178	-0.373891	-0.14719	0.915719
4.16667	0.924094	0.208323	0.320394	-0.236826	0.970145	0.0522664	-0.29994	-0.124177	0.945841
4.2	0.959982	0.158703	0.230756	-0.174162	0.983541	0.0481091	-0.219323	-0.0863727	0.971822
4.23333	0.986402	0.106564	0.125119	-0.108665	0.994027	0.0100679	-0.123299	-0.0235271	0.992091
4.26667	0.997998	0.0619894	0.0125163	-0.0614376	0.997289	-0.0404936	-0.0149925	0.0396436	0.999101
4.3	0.994864	0.0275858	-0.0973937	-0.036311	0.995371	-0.0889831	0.0944882	0.0920625	0.99126
4.33333	0.978627	-0.00489657	-0.205585	-0.0303944	0.985292	-0.168151	0.203385	0.170806	0.964085
4.36667	0.953065	-0.0401943	-0.300086	-0.0417655	0.964219	-0.261796	0.299872	0.262041	0.917285
4.4	0.924355	-0.080717	-0.372898	-0.0633839	0.931296	-0.358706	0.376232	0.355207	0.855732
