0	1	0	0	0	1	0	0	0	1
0.0333333	0.998365	0.0509778	0.0258382	-0.0525766	0.996465	0.0655222	-0.0224067	-0.0667736	0.997517
0.0666667	0.999875	-0.0157879	0.000549158	0.0157694	0.999567	0.024855	-0.000941328	-0.0248433	0.999691
0.1	0.999854	-0.0169374	-0.0020331	0.0169629	0.999768	0.0132556	0.00180812	-0.0132882	0.99991
0.133333	0.999853	-0.0169242	-0.0026257	0.0169457	0.999821	0.00841751	0.00248277	-0.00846077	0.999961
0.166667	0.999836	-0.0179192	-0.00257948	0.0179344	0.999821	0.00600504	0.00247141	-0.00605032	0.999979
0.2	0.999814	-0.0191295	-0.00253297	0.0191416	0.999805	0.0048486	0.00243973	-0.00489618	0.999985
0.233333	0.999785	-0.0205578	-0.0028503	0.0205687	0.999781	0.00382841	0.00277098	-0.00388621	0.999989
0.266667	0.99975	-0.0220958	-0.00329957	0.0221057	0.999751	0.00298236	0.00323286	-0.00305456	0.99999
0.3	0.999722	-0.0232309	-0.00396615	0.0232399	0.999727	0.00224938	0.00391281	-0.00234093	0.99999
0.333333	0.999701	-0.0240207	-0.00454158	0.0240354	0.999706	0.0032023	0.00446333	-0.00331051	0.999985
0.366667	0.999686	-0.024711	-0.00418521	0.0247177	0.999693	0.00156875	0.00414516	-0.00167171	0.99999
0.4	0.999675	-0.0251396	-0.00414021	0.0251457	0.999683	0.00140825	0.0041035	-0.0015119	0.99999
0.433333	0.999666	-0.0255167	-0.00401964	0.0255213	0.999674	0.00109084	0.00399049	-0.00119306	0.999991
0.466667	0.99965	-0.0261778	-0.00382538	0.0261831	0.999656	0.00134735	0.0037888	-0.00144704	0.999992
0.5	0.999637	-0.0267159	-0.00357063	0.0267219	0.999642	0.00165518	0.00352513	-0.00174999	0.999992
0.533333	0.999634	-0.026879	-0.00320636	0.0268873	0.999635	0.00256806	0.00313617	-0.00265333	0.999992
0.566667	0.999633	-0.0269219	-0.00299321	0.026935	0.999627	0.00442413	0.00287298	-0.00450313	0.999986
0.6	0.999625	-0.0273008	-0.00207521	0.0273078	0.999621	0.00344211	0.00198045	-0.00349749	0.999992
0.633333	0.99962	-0.0274979	-0.00172694	0.0275044	0.999614	0.00384438	0.00162056	-0.00389042	0.999991
0.666667	0.99961	-0.0279061	-0.00129151	0.0279099	0.999606	0.00300895	0.00120704	-0.00304382	0.999995
0.7	0.999605	-0.028082	-0.000672968	0.0280829	0.999605	0.00141824	0.000632875	-0.00143657	0.999999
0.733333	0.999588	-0.028684	-0.000362784	0.0286831	0.999586	-0.00232117	0.000429214	0.00230981	0.999997
0.766667	0.999604	-0.0281215	-0.000333773	0.0281217	0.999604	0.000659343	0.0003151	-0.000668469	1
0.8	0.999604	-0.0281482	-0.00025018	0.0281484	0.999603	0.00101729	0.000221446	-0.00102393	0.999999
0.833333	0.999597	-0.0283847	2.3781e-05	0.0283847	0.999597	0.000845336	-4.7766e-05	-0.00084432	1
0.866667	0.999593	-0.0285183	0.000236041	0.0285181	0.999593	0.000855446	-0.00026034	-0.000848367	1
0.9	0.999581	-0.0289485	0.000451368	0.0289483	0.999581	0.000498637	-0.000465613	-0.000485362	1
0.933333	0.999576	-0.0291107	1.93384e-05	0.0291106	0.999574	0.0020091	-7.78162e-05	-0.00200768	0.999998
0.966667	0.999554	-0.0298555	0.000669021	0.0298551	0.999554	0.000513972	-0.000684068	-0.000493769	1
1	0.999529	-0.0306704	0.00107057	0.0306706	0.99953	-0.000171288	-0.00106481	0.000204042	0.999999
1.03333	0.999507	-0.0313716	0.000962303	0.031372	0.999508	-0.000434236	-0.000948206	0.000464212	0.999999
1.06667	0.999492	-0.0318394	0.00113387	0.0318407	0.999492	-0.00114225	-0.00109692	0.00117778	0.999999
1.1	0.999478	-0.0322646	0.00137869	0.0322668	0.999478	-0.00166283	-0.00132432	0.00170644	0.999998
1.13333	0.999466	-0.0326553	0.00151885	0.0326586	0.999464	-0.00215432	-0.00144769	0.00220277	0.999997
1.16667	0.99945	-0.0331002	0.00184549	0.0331043	0.999449	-0.00224745	-0.00177008	0.00230731	0.999996
1.2	0.999429	-0.033717	0.00216039	0.0337222	0.999428	-0.00241193	-0.00207783	0.00248341	0.999995
1.23333	0.999427	-0.0337766	0.0022432	0.0337803	0.999428	-0.00163936	-0.00218655	0.0017142	0.999996
1.26667	0.999416	-0.034072	0.00255352	0.0340769	0.999417	-0.00191129	-0.00248691	0.00199719	0.999995
1.3	0.999413	-0.0341497	0.00262826	0.0341534	0.999416	-0.00140012	-0.00257891	0.00148907	0.999996
1.33333	0.999394	-0.0347094	0.00261117	0.034714	0.999396	-0.00173265	-0.00254945	0.00182225	0.999995
1.36667	0.999374	-0.0352708	0.00265094	0.0352762	0.999376	-0.00198415	-0.0025793	0.00207642	0.999995
1.4	0.999362	-0.035604	0.0026769	0.0356089	0.999364	-0.00182139	-0.00261035	0.00191555	0.999995
1.43333	0.999355	-0.0357975	0.00288337	0.0358035	0.999357	-0.00204208	-0.00280842	0.002144	0.999994
1.46667	0.999351	-0.0359138	0.00276558	0.0359187	0.999353	-0.0017132	-0.00270226	0.00181142	0.999995
1.5	0.999343	-0.0361302	0.00276524	0.0361353	0.999345	-0.00180102	-0.00269836	0.00189976	0.999995
1.53333	0.999346	-0.0360784	0.00259454	0.0360828	0.999347	-0.00168223	-0.00253215	0.00177475	0.999995
1.56667	0.999338	-0.0362955	0.00240663	0.0362999	0.999339	-0.0018022	-0.00233963	0.00188837	0.999995
1.6	0.999335	-0.036377	0.00258528	0.0363831	0.999335	-0.00235166	-0.00249802	0.00244415	0.999994
1.63333	0.999331	-0.036456	0.0028294	0.0364626	0.999332	-0.002332	-0.00274249	0.00243361	0.999993
1.66667	0.999317	-0.0367983	0.00324488	0.0368072	0.999319	-0.00270715	-0.00314305	0.00282474	0.999991
1.7	0.999307	-0.0370139	0.00389353	0.0370249	0.99931	-0.00279047	-0.00378756	0.00293269	0.999989
1.73333	0.99929	-0.0374157	0.00438562	0.0374291	0.999295	-0.00301747	-0.00426962	0.00317948	0.999986
1.76667	0.999282	-0.0376182	0.00448185	0.0376293	0.999289	-0.00242	-0.00438763	0.00258691	0.999987
1.8	0.999252	-0.0382803	0.00552115	0.0383076	0.999254	-0.00493671	-0.00532805	0.00514452	0.999973
1.83333	0.999186	-0.0397256	0.00698	0.0397843	0.999172	-0.00849306	-0.00663683	0.00876384	0.99994
1.86667	0.99912	-0.0411301	0.00819341	0.0412172	0.999092	-0.0107561	-0.00774357	0.0110844	0.999909
1.9	0.999125	-0.0409783	0.00838425	0.0410475	0.999123	-0.00825037	-0.00803881	0.0085873	0.999931
1.93333	0.999091	-0.0416498	0.00905188	0.04173	0.99909	-0.00886364	-0.00867447	0.00923332	0.99992
1.96667	0.999088	-0.0411678	0.0113367	0.0412347	0.999133	-0.00572678	-0.0110911	0.00618902	0.999919
2	0.999034	-0.0406322	0.0167125	0.0406839	0.999168	-0.0027624	-0.0165864	0.00343966	0.999857
2.03333	0.99891	-0.0403323	0.0235023	0.0404002	0.999181	-0.00242278	-0.0233853	0.00336963	0.999721
2.06667	0.998733	-0.0402848	0.0301438	0.040367	0.999183	-0.00212306	-0.0300337	0.00333719	0.999543
2.1	0.998472	-0.0411369	0.0369048	0.0411316	0.999153	0.000905189	-0.0369108	0.000614148	0.999318
2.13333	0.998015	-0.0434603	0.0455865	0.0433191	0.999053	0.00408062	-0.0457207	-0.00209775	0.998952
2.16667	0.997575	-0.0407118	0.0564518	0.0400058	0.999107	0.0135804	-0.0569543	-0.011289	0.998313
2.2	0.997264	-0.0272306	0.0687278	0.0255177	0.999345	0.025679	-0.069382	-0.023855	0.997305
2.23333	0.996629	-0.00543542	0.0818594	0.00189594	0.999062	0.0432544	-0.0820177	-0.0429534	0.995705
2.26667	0.995055	0.0141279	0.0983189	-0.0200964	0.997997	0.0599827	-0.0972745	-0.0616619	0.993346
2.3	0.993218	0.0308812	0.112089	-0.0396634	0.996243	0.0769854	-0.10929	-0.0809092	0.990712
2.33333	0.991383	0.0501337	0.121022	-0.0618509	0.993545	0.0950888	-0.115474	-0.101755	0.988085
2.36667	0.989263	0.0735636	0.126283	-0.0880988	0.989605	0.113664	-0.116609	-0.123569	0.985461
2.4	0.98614	0.100141	0.132284	-0.117264	0.984724	0.128717	-0.117373	-0.142445	0.982819
2.43333	0.982271	0.125059	0.139654	-0.144168	0.980116	0.136337	-0.119827	-0.154053	0.98077
2.46667	0.978327	0.146544	0.146292	-0.16687	0.976277	0.13798	-0.122601	-0.159401	0.979571
2.5	0.974619	0.163965	0.152425	-0.18474	0.973622	0.13391	-0.126448	-0.15867	0.979201
2.53333	0.970879	0.180615	0.157394	-0.201114	0.971459	0.125778	-0.130184	-0.153769	0.979493
2.56667	0.966603	0.199365	0.161034	-0.21906	0.96886	0.115427	-0.133007	-0.146848	0.980176
2.6	0.962117	0.217517	0.164369	-0.236397	0.965913	0.105491	-0.13582	-0.140351	0.980742
2.63333	0.957658	0.233653	0.168218	-0.252934	0.961889	0.103893	-0.137532	-0.142042	0.98026
2.66667	0.952992	0.250494	0.170468	-0.271363	0.95589	0.112408	-0.134791	-0.153383	0.97893
2.7	0.94884	0.267283	0.168115	-0.289613	0.948802	0.126093	-0.125805	-0.16833	0.97767
2.73333	0.940619	0.296323	0.165618	-0.318645	0.938949	0.129766	-0.117055	-0.174834	0.977615
2.76667	0.929609	0.33059	0.162904	-0.351654	0.927935	0.123598	-0.110304	-0.172184	0.97887
2.8	0.922215	0.353219	0.15734	-0.372177	0.921211	0.113377	-0.104896	-0.163117	0.981015
2.83333	0.924617	0.350098	0.150051	-0.366152	0.925501	0.0968589	-0.104962	-0.144499	0.983922
2.86667	0.934084	0.327025	0.143326	-0.338615	0.938673	0.0650567	-0.113261	-0.109301	0.987535
2.9	0.949765	0.280618	0.138561	-0.287266	0.957376	0.0301577	-0.124192	-0.0684467	0.989895
2.93333	0.968041	0.210918	0.135684	-0.212306	0.977194	-0.00432459	-0.133501	-0.02462	0.990743
2.96667	0.981923	0.135678	0.131979	-0.131193	0.99046	-0.0421483	-0.136438	0.0240716	0.990356
3	0.988931	0.0654095	0.133178	-0.0551649	0.99533	-0.0792155	-0.137738	0.0709919	0.987921
3.03333	0.989753	0.0020259	0.142774	0.0136793	0.993955	-0.108933	-0.142132	0.10977	0.983742
3.06667	0.986312	-0.0550331	0.155432	0.0765996	0.987693	-0.136364	-0.146015	0.146403	0.978389
3.1	0.980474	-0.103558	0.167171	0.130923	0.978068	-0.161991	-0.146729	0.180715	0.972529
3.13333	0.973628	-0.14529	0.175896	0.176143	0.968713	-0.174837	-0.144991	0.201209	0.968758
3.16667	0.966338	-0.1823	0.181543	0.213439	0.96204	-0.170068	-0.143648	0.203092	0.968565
3.2	0.959465	-0.210851	0.186998	0.241368	0.95732	-0.158997	-0.145492	0.197687	0.969408
3.23333	0.954993	-0.225157	0.193114	0.256288	0.954092	-0.154998	-0.14935	0.197515	0.968856
3.26667	0.952776	-0.234803	0.192577	0.267263	0.949453	-0.164648	-0.144183	0.208342	0.96737
3.3	0.945656	-0.2638	0.190115	0.297916	0.937188	-0.18145	-0.130308	0.228228	0.964848
3.33333	0.93483	-0.303472	0.184385	0.33718	0.921469	-0.192883	-0.111371	0.242484	0.963742
3.36667	0.922827	-0.342413	0.176478	0.374001	0.906145	-0.197546	-0.0922727	0.248304	0.964277
3.4	0.915922	-0.362996	0.171236	0.392025	0.900584	-0.187789	-0.0860455	0.239129	0.967168
3.43333	0.912694	-0.373111	0.166669	0.398981	0.901798	-0.166057	-0.0883437	0.218057	0.971929
3.46667	0.917711	-0.363371	0.160526	0.385476	0.912218	-0.138804	-0.0959974	0.18926	0.977223
3.5	0.935601	-0.319668	0.14988	0.336637	0.935676	-0.105768	-0.106428	0.149411	0.983031
3.53333	0.95756	-0.252353	0.139269	0.262653	0.962958	-0.0610337	-0.118709	0.0950229	0.988372
3.56667	0.973327	-0.186251	0.133961	0.189807	0.981719	-0.0141702	-0.128873	0.039219	0.990885
3.6	0.982824	-0.124777	0.135972	0.122361	0.992145	0.0260157	-0.13815	-0.00893125	0.990371
3.63333	0.988051	-0.0637687	0.140315	0.0559984	0.996707	0.0586494	-0.143593	-0.0500912	0.988368
3.66667	0.989389	-0.0043018	0.145224	-0.00882022	0.995939	0.0895926	-0.145019	-0.0899228	0.985334
3.7	0.987816	0.0486436	0.147826	-0.0658866	0.991284	0.114081	-0.140989	-0.122431	0.982412
3.73333	0.984763	0.092243	0.147421	-0.110768	0.986227	0.122831	-0.13406	-0.137289	0.981417
3.76667	0.980325	0.128611	0.149741	-0.146626	0.982342	0.116208	-0.132151	-0.135877	0.981872
3.8	0.97488	0.158769	0.156211	-0.176274	0.978684	0.105379	-0.13615	-0.130268	0.982086
3.83333	0.97099	0.180997	0.156264	-0.198704	0.974288	0.106203	-0.133024	-0.134172	0.981989
3.86667	0.968435	0.201558	0.146653	-0.220087	0.967636	0.123461	-0.117023	-0.15184	0.981453
3.9	0.962082	0.234797	0.138811	-0.253471	0.957589	0.137023	-0.100751	-0.167012	0.980794
3.93333	0.950353	0.28222	0.131076	-0.2993	0.944288	0.136893	-0.0851394	-0.169328	0.981875
3.96667	0.94165	0.312348	0.125433	-0.327557	0.936132	0.127916	-0.0774678	-0.161539	0.983821
4	0.942609	0.30914	0.126174	-0.323817	0.938522	0.119659	-0.0814261	-0.153649	0.984765
4.03333	0.953107	0.274981	0.126382	-0.287925	0.952537	0.0988573	-0.0932	-0.13061	0.987043
4.06667	0.96925	0.215792	0.118274	-0.223615	0.972993	0.0572768	-0.10272	-0.0819633	0.991328
4.1	0.984617	0.137798	0.107429	-0.139225	0.990243	0.00586259	-0.105573	-0.0207292	0.994195
4.13333	0.992103	0.0623193	0.108851	-0.0575977	0.99728	-0.0459982	-0.111422	0.0393653	0.992993
4.16667	0.992495	-0.00237603	0.122264	0.0134951	0.995833	-0.090196	-0.12154	0.091169	0.988391
4.2	0.988039	-0.0609175	0.141659	0.0797251	0.988154	-0.131129	-0.131993	0.140854	0.981192
4.23333	0.981307	-0.108832	0.158718	0.135604	0.976244	-0.168993	-0.136555	0.187357	0.972754
4.26667	0.974166	-0.14747	0.171034	0.180086	0.96427	-0.194302	-0.136269	0.220084	0.965916
4.3	0.967821	-0.176318	0.179541	0.211395	0.956724	-0.199977	-0.136511	0.231496	0.96321
4.33333	0.960872	-0.20213	0.189389	0.238351	0.951694	-0.193565	-0.141115	0.231132	0.962634
4.36667	0.956454	-0.220009	0.191813	0.256328	0.947443	-0.191438	-0.139614	0.232269	0.962579
4.4	0.949962	-0.245833	0.192713	0.283362	0.937825	-0.200477	-0.131447	0.245053	0.960558
4.43333	0.937122	-0.29076	0.193029	0.328743	0.921113	-0.208518	-0.117173	0.258864	0.958781
4.46667	0.920964	-0.339727	0.190814	0.375147	0.905444	-0.198585	-0.105307	0.254473	0.961329
4.5	0.918035	-0.350085	0.18615	0.382152	0.90639	-0.180047	-0.105692	0.236427	0.965884
4.53333	0.925272	-0.332396	0.182716	0.36177	0.91813	-0.161742	-0.113995	0.215756	0.96977
4.56667	0.939057	-0.299499	0.168739	0.322425	0.937602	-0.13017	-0.119224	0.176643	0.977028
4.6	0.961134	-0.233064	0.147996	0.24686	0.965517	-0.0826909	-0.12362	0.116011	0.985525
4.63333	0.97844	-0.15658	0.134674	0.162698	0.986032	-0.0356253	-0.127214	0.0567684	0.990249
4.66667	0.986996	-0.086714	0.135348	0.0863269	0.996229	0.00873752	-0.135595	0.00306026	0.99076
4.7	0.989471	-0.0223081	0.143005	0.0149976	0.998535	0.0519964	-0.143955	-0.0493041	0.988355
4.73333	0.988249	0.0350204	0.148787	-0.0492777	0.994423	0.0932447	-0.144692	-0.0994808	0.984463
4.76667	0.984462	0.0857124	0.153256	-0.106272	0.985614	0.13142	-0.139787	-0.145665	0.979409
4.8	0.980333	0.122502	0.15473	-0.145792	0.977964	0.149438	-0.133014	-0.169057	0.976589
4.83333	0.975987	0.150117	0.157845	-0.173684	0.973622	0.147965	-0.131469	-0.171827	0.976315
4.86667	0.970909	0.174764	0.163686	-0.198472	0.969791	0.141824	-0.133955	-0.170186	0.976265
4.9	0.966936	0.197262	0.161623	-0.221443	0.963801	0.148497	-0.12648	-0.179377	0.975616
4.93333	0.96306	0.220084	0.155169	-0.24525	0.954811	0.167894	-0.111206	-0.199748	0.973516
4.96667	0.952378	0.26348	0.153477	-0.288155	0.942296	0.170424	-0.0997173	-0.206533	0.973345
5	0.93912	0.309861	0.148461	-0.332273	0.929015	0.162865	-0.0874566	-0.20228	0.975415
5.03333	0.934688	0.324339	0.145471	-0.34499	0.926326	0.151332	-0.085671	-0.191634	0.97772
5.06667	0.940578	0.305954	0.147324	-0.325842	0.935311	0.137916	-0.095598	-0.177725	0.979426
5.1	0.953924	0.263141	0.144174	-0.279746	0.953725	0.11023	-0.108496	-0.145483	0.983394
5.13333	0.971336	0.19748	0.132316	-0.20743	0.976017	0.0660631	-0.116096	-0.0916158	0.989004
5.16667	0.985197	0.119356	0.123048	-0.122105	0.992403	0.0150245	-0.12032	-0.0298269	0.992287
5.2	0.990453	0.0485471	0.129017	-0.0440107	0.998316	-0.0377848	-0.130634	0.031746	0.990922
5.23333	0.989666	-0.0126341	0.142834	0.0248839	0.996129	-0.0843052	-0.141216	0.0869882	0.98615
5.26667	0.985809	-0.0651331	0.154717	0.0849676	0.988479	-0.125255	-0.144777	0.136624	0.979987
5.3	0.981096	-0.104584	0.162827	0.13078	0.978495	-0.159514	-0.142643	0.177794	0.973675
5.33333	0.976294	-0.134179	0.169841	0.164323	0.970197	-0.178091	-0.140883	0.201778	0.969246
5.36667	0.970895	-0.160088	0.178144	0.192115	0.964702	-0.180114	-0.143022	0.209096	0.96738
5.4	0.96621	-0.180774	0.183739	0.213689	0.960399	-0.178803	-0.14414	0.212024	0.966576
5.43333	0.963786	-0.195801	0.181051	0.228921	0.955693	-0.18506	-0.136794	0.219804	0.965906
5.46667	0.957026	-0.225977	0.181757	0.260919	0.944514	-0.199536	-0.126581	0.238385	0.962886
5.5	0.945805	-0.271014	0.178895	0.304727	0.931091	-0.200527	-0.112222	0.244174	0.963216
5.53333	0.933575	-0.314094	0.172578	0.344475	0.919299	-0.19033	-0.0988695	0.237136	0.966432
5.56667	0.93089	-0.324651	0.167471	0.351842	0.920116	-0.172028	-0.0982436	0.219062	0.970752
5.6	0.93797	-0.306324	0.162415	0.330392	0.931723	-0.150778	-0.105139	0.195085	0.975135
5.63333	0.953142	-0.264078	0.14759	0.281872	0.95238	-0.116279	-0.109855	0.152432	0.98219
5.66667	0.971987	-0.196017	0.129689	0.205312	0.976696	-0.0625432	-0.114407	0.0874179	0.98958
5.7	0.984604	-0.126427	0.120708	0.128115	0.991739	-0.00629793	-0.118915	0.0216655	0.992668
5.73333	0.989894	-0.0645948	0.126244	0.0593166	0.997218	0.0451349	-0.128808	-0.0371904	0.990972
5.76667	0.990447	-0.00997674	0.13753	-0.00271654	0.995774	0.0917993	-0.137865	-0.0912959	0.986234
5.8	0.988746	0.0382243	0.144636	-0.057745	0.989396	0.133274	-0.138008	-0.140126	0.980468
5.83333	0.985926	0.0778485	0.147952	-0.102065	0.981188	0.163868	-0.132411	-0.176663	0.975324
5.86667	0.983584	0.105283	0.146553	-0.130177	0.976419	0.172218	-0.124966	-0.188469	0.974096
5.9	0.981	0.129537	0.14443	-0.152467	0.9751	0.16104	-0.119973	-0.180001	0.976323
5.93333	0.97692	0.156922	0.144921	-0.178739	0.972026	0.152373	-0.116956	-0.174759	0.97764
5.96667	0.974433	0.174079	0.142044	-0.196385	0.967037	0.162089	-0.109146	-0.18584	0.976499
6	0.968956	0.204147	0.139458	-0.226967	0.958169	0.17435	-0.0980316	-0.200589	0.974758
6.03333	0.960769	0.24292	0.133836	-0.263882	0.949186	0.171501	-0.0853739	-0.200089	0.976051
6.06667	0.95507	0.268069	0.126415	-0.286221	0.944944	0.158615	-0.0769347	-0.187671	0.979214
6.1	0.95749	0.261118	0.122594	-0.276878	0.951147	0.136594	-0.080938	-0.164731	0.983012
6.13333	0.96422	0.233404	0.125706	-0.247195	0.962902	0.108236	-0.0957796	-0.135438	0.986145
6.16667	0.974455	0.184057	0.128683	-0.194455	0.978158	0.073443	-0.112355	-0.0965901	0.988962
6.2	0.984878	0.123421	0.121582	-0.127296	0.991559	0.0246116	-0.117518	-0.0397163	0.992276
6.23333	0.990518	0.0655428	0.120744	-0.0628343	0.997682	-0.026108	-0.122175	0.0182736	0.99234
6.26667	0.990992	0.0169681	0.132839	-0.00771886	0.997529	-0.0698351	-0.133696	0.0681807	0.988674
6.3	0.988776	-0.0235071	0.147545	0.0400031	0.993143	-0.109853	-0.143951	0.114522	0.982936
6.33333	0.986024	-0.057079	0.156521	0.080657	0.985589	-0.148691	-0.145778	0.159238	0.976418
6.36667	0.983753	-0.0813899	0.16002	0.10984	0.977903	-0.177877	-0.142007	0.192563	0.970955
