0	-0.185501	0.176351	0.713241	0.998621	0.00935498	-0.0516493	-0.00353664	0.993746	0.111612	0.0523704	-0.111276	0.992409
0.0333333	0.179974	0.951702	-1.93642	0.0734062	0.996173	-0.0474482	-0.993896	0.0770014	0.0790046	0.0823558	0.0413591	0.995744
0.0666667	0.177992	0.952436	-1.93558	0.0341753	0.999362	-0.0103943	-0.999245	0.0343598	0.0181172	0.0184628	0.00976729	0.999782
0.1	0.176545	0.95294	-1.9344	0.0195723	0.999789	0.00623964	-0.999687	0.0194723	0.0157103	0.0155855	-0.00654517	0.999857
0.133333	0.175675	0.953093	-1.93387	0.0129175	0.999833	0.0129475	-0.999793	0.0127111	0.0158949	0.0157277	-0.0131501	0.99979
0.166667	0.174926	0.95311	-1.93336	0.00933532	0.999831	0.0158409	-0.999834	0.00908488	0.0158089	0.0156624	-0.0159858	0.99975
0.2	0.174224	0.953049	-1.93288	0.00742161	0.999824	0.0172114	-0.999855	0.00715602	0.0154415	0.0153156	-0.0173235	0.999733
0.233333	0.173447	0.952939	-1.9323	0.00592849	0.999816	0.0182327	-0.999871	0.00565522	0.0150031	0.0148972	-0.0183193	0.999721
0.266667	0.172741	0.952896	-1.93178	0.00543948	0.999816	0.0184142	-0.999876	0.00516579	0.0148781	0.0147803	-0.0184929	0.99972
0.3	0.171934	0.952763	-1.93118	0.00531495	0.999815	0.0184937	-0.999878	0.0050422	0.0147637	0.0146678	-0.0185699	0.99972
0.333333	0.17103	0.952603	-1.93064	0.00538164	0.999819	0.0182712	-0.999881	0.00511565	0.0145735	0.0144774	-0.0183474	0.999727
0.366667	0.170148	0.952468	-1.93023	0.00538445	0.999811	0.018661	-0.999884	0.00511648	0.0143782	0.01428	-0.0187362	0.999722
0.4	0.169257	0.952344	-1.9298	0.00541767	0.999816	0.0183759	-0.999884	0.00515446	0.0143409	0.0142435	-0.0184514	0.999728
0.433333	0.16835	0.952213	-1.92951	0.00546746	0.999814	0.018479	-0.999887	0.00520752	0.0140854	0.0139866	-0.018554	0.99973
0.466667	0.167416	0.952081	-1.92928	0.00565027	0.999818	0.0182277	-0.999889	0.00539787	0.0138666	0.0137657	-0.018304	0.999738
0.5	0.166479	0.95191	-1.92904	0.00585197	0.999825	0.0177677	-0.999893	0.00561187	0.0135335	0.0134315	-0.017845	0.999751
0.533333	0.16558	0.951769	-1.92879	0.00615797	0.999833	0.0171988	-0.999895	0.00593121	0.0132048	0.0131006	-0.0172783	0.999765
0.566667	0.164793	0.951707	-1.92854	0.00639989	0.999828	0.0173962	-0.999898	0.00617607	0.0128892	0.0127796	-0.017477	0.999766
0.6	0.163989	0.951649	-1.92841	0.00695801	0.999817	0.0178423	-0.999898	0.0067332	0.0126289	0.0125064	-0.0179284	0.999761
0.633333	0.162973	0.951449	-1.9281	0.00694299	0.999827	0.0172426	-0.999903	0.00673396	0.0121514	0.0120332	-0.0173253	0.999777
0.666667	0.162214	0.951405	-1.92792	0.00710617	0.999809	0.0182283	-0.9999	0.006881	0.0123862	0.0122584	-0.0183145	0.999757
0.7	0.161435	0.95122	-1.92784	0.00737324	0.999804	0.018373	-0.999906	0.00715912	0.0116926	0.0115588	-0.0184575	0.999763
0.733333	0.160766	0.951179	-1.92764	0.00750476	0.999794	0.0188754	-0.999904	0.00728283	0.0117995	0.0116596	-0.0189621	0.999752
0.766667	0.159951	0.951079	-1.9274	0.00753311	0.999804	0.0183166	-0.999908	0.00732544	0.0113787	0.0112423	-0.0184007	0.999767
0.8	0.159266	0.951029	-1.9273	0.0076021	0.999796	0.0187361	-0.999913	0.00739855	0.0109096	0.0107688	-0.0188174	0.999765
0.833333	0.158677	0.950953	-1.92745	0.00799819	0.999775	0.0196327	-0.999921	0.00780584	0.00985479	0.00969933	-0.0197099	0.999759
0.866667	0.157904	0.950931	-1.92729	0.00801972	0.99978	0.0193611	-0.999925	0.0078385	0.00941791	0.00926408	-0.0194352	0.999768
0.9	0.157604	0.950985	-1.9275	0.00835324	0.999757	0.0204202	-0.999926	0.00817129	0.0089773	0.00880826	-0.0204937	0.999751
0.933333	0.15689	0.950861	-1.92748	0.00800728	0.999769	0.0199323	-0.999937	0.00784831	0.00804136	0.00788307	-0.0199954	0.999769
0.966667	0.156569	0.950905	-1.92755	0.00803467	0.999755	0.0206443	-0.999939	0.00787666	0.00772405	0.00755954	-0.0207051	0.999757
1	0.156432	0.950885	-1.92793	0.00860764	0.999749	0.0207	-0.999941	0.00846716	0.00686497	0.00668797	-0.0207579	0.999762
1.03333	0.156097	0.950847	-1.92791	0.00874499	0.999748	0.0206737	-0.999941	0.00860917	0.00664961	0.00646996	-0.0207306	0.999764
1.06667	0.156018	0.950794	-1.92812	0.00903957	0.999725	0.0216174	-0.999941	0.00890884	0.0061363	0.00594203	-0.0216716	0.999747
1.1	0.155894	0.950744	-1.92819	0.00918467	0.999704	0.0225247	-0.999941	0.00905255	0.00596087	0.00575519	-0.0225782	0.999729
1.13333	0.155901	0.95079	-1.92818	0.009488	0.999697	0.022727	-0.999938	0.00935463	0.00596736	0.00575294	-0.0227822	0.999724
1.16667	0.155842	0.950721	-1.92825	0.00974095	0.999692	0.0228306	-0.999939	0.00961997	0.00540285	0.00518156	-0.0228819	0.999725
1.2	0.15606	0.950768	-1.92867	0.00913543	0.999615	0.0262083	-0.999947	0.00900608	0.00504912	0.00481114	-0.026253	0.999644
1.23333	0.156203	0.950808	-1.92874	0.00901981	0.9996	0.0268151	-0.999948	0.00889011	0.00495244	0.00471206	-0.0268584	0.999628
1.26667	0.156289	0.950839	-1.92884	0.00915663	0.999606	0.0265273	-0.999949	0.00904055	0.00449267	0.00425108	-0.0265671	0.999638
1.3	0.156392	0.950879	-1.92887	0.00899337	0.999623	0.025946	-0.999951	0.00888367	0.00434024	0.00410811	-0.0259837	0.999654
1.33333	0.156492	0.950911	-1.9289	0.00884185	0.999638	0.025399	-0.999953	0.00873797	0.00419818	0.00397473	-0.025435	0.999669
1.36667	0.156672	0.950927	-1.92896	0.00880444	0.999646	0.0250975	-0.999953	0.0087018	0.00419592	0.00397604	-0.0251333	0.999676
1.4	0.156883	0.950949	-1.92903	0.00872902	0.999648	0.0250573	-0.999953	0.0086204	0.0044394	0.00422183	-0.0250948	0.999676
1.43333	0.156881	0.950971	-1.92895	0.00813353	0.999666	0.024516	-0.999957	0.00802427	0.00455181	0.00435356	-0.024552	0.999689
1.46667	0.157061	0.951017	-1.92902	0.00786469	0.999678	0.0241213	-0.99996	0.00776242	0.00433047	0.00414183	-0.0241544	0.9997
1.5	0.157212	0.951057	-1.92899	0.00741546	0.999703	0.023216	-0.999964	0.00732037	0.00417806	0.00400687	-0.0232462	0.999722
1.53333	0.157442	0.950993	-1.92902	0.0072721	0.999723	0.0223764	-0.999968	0.00719344	0.00359383	0.00343188	-0.0224018	0.999743
1.56667	0.157757	0.951045	-1.92899	0.00707942	0.99973	0.022134	-0.99997	0.00700612	0.0033875	0.00323151	-0.0221574	0.999749
1.6	0.157943	0.951019	-1.92878	0.00629848	0.999748	0.0215584	-0.999976	0.00623837	0.00285427	0.00271906	-0.0215759	0.999764
1.63333	0.158344	0.950936	-1.92859	0.00556993	0.999757	0.0213151	-0.999983	0.00553769	0.00157106	0.00145264	-0.0213235	0.999772
1.66667	0.158919	0.950838	-1.92836	0.00481183	0.99977	0.0208937	-0.999988	0.004808	0.000233206	0.000132695	-0.0208946	0.999782
1.7	0.159631	0.95075	-1.92798	0.00365215	0.999783	0.0205205	-0.999993	0.00366649	-0.00066141	-0.000736505	-0.020518	0.999789
1.73333	0.160528	0.950558	-1.9275	0.00303095	0.999796	0.0199744	-0.999994	0.00306797	-0.00182324	-0.00188415	-0.0199688	0.999799
1.76667	0.161431	0.950337	-1.92689	0.00224949	0.999819	0.0188697	-0.999994	0.00230207	-0.00276537	-0.00280831	-0.0188633	0.999818
1.8	0.162797	0.950111	-1.92652	0.00153792	0.999836	0.0180247	-0.99999	0.00161267	-0.00413365	-0.00416204	-0.0180182	0.999829
1.83333	0.164095	0.949743	-1.92586	0.000553626	0.999868	0.0162664	-0.999983	0.000647711	-0.00577934	-0.00578911	-0.0162629	0.999851
1.86667	0.165777	0.949425	-1.92525	-0.000451417	0.999883	0.0152814	-0.999972	-0.000337507	-0.00745593	-0.0074499	-0.0152843	0.999855
1.9	0.167855	0.948967	-1.92464	-0.00147245	0.999889	0.0148202	-0.999955	-0.00133262	-0.00944028	-0.00941949	-0.0148335	0.999846
1.93333	0.170134	0.948377	-1.92404	-0.00242376	0.999889	0.0146987	-0.999926	-0.00224838	-0.0119362	-0.0119019	-0.0147265	0.999821
1.96667	0.172985	0.947848	-1.92332	-0.0029867	0.999881	0.015152	-0.999903	-0.00277986	-0.0136537	-0.0136099	-0.0151913	0.999792
2	0.176108	0.947244	-1.92249	-0.00318073	0.999864	0.016201	-0.999885	-0.00293955	-0.0148884	-0.0148388	-0.0162465	0.999758
2.03333	0.179573	0.94664	-1.92167	-0.00293292	0.999837	0.017819	-0.999866	-0.00264542	-0.0161369	-0.0160872	-0.0178639	0.999711
2.06667	0.183371	0.946104	-1.92067	-0.0025014	0.999805	0.0195769	-0.999857	-0.00217262	-0.0167976	-0.0167518	-0.0196161	0.999667
2.1	0.187503	0.945463	-1.91964	-0.00249005	0.99977	0.0213158	-0.999846	-0.00211916	-0.0174048	-0.0173556	-0.0213559	0.999621
2.13333	0.191866	0.94476	-1.91854	-0.00226294	0.999734	0.022964	-0.999843	-0.00185802	-0.0176386	-0.0175913	-0.0230003	0.999581
2.16667	0.196226	0.943931	-1.91747	-0.00141897	0.999706	0.024201	-0.999838	-0.00098453	-0.0179537	-0.0179246	-0.0242226	0.999546
2.2	0.200411	0.943021	-1.91644	-0.000126025	0.999689	0.024953	-0.999841	0.000319144	-0.0178355	-0.0178379	-0.0249513	0.99953
2.23333	0.204405	0.942107	-1.91539	-0.000313052	0.999661	0.0260486	-0.999844	0.000147558	-0.0176789	-0.0176768	-0.0260501	0.999504
2.26667	0.208366	0.941325	-1.91444	-0.00201019	0.999636	0.0268992	-0.999838	-0.00152844	-0.017918	-0.0178704	-0.0269309	0.999478
2.3	0.212351	0.940745	-1.91359	-0.00556347	0.999605	0.0275413	-0.99982	-0.00506098	-0.0182811	-0.0181345	-0.0276381	0.999453
2.33333	0.216146	0.940218	-1.91295	-0.00942061	0.999608	0.0263517	-0.999769	-0.00890706	-0.0195384	-0.0192961	-0.0265297	0.999462
2.36667	0.219809	0.939683	-1.9125	-0.0130816	0.999639	0.0234824	-0.99971	-0.0125999	-0.0205438	-0.0202405	-0.0237444	0.999513
2.4	0.223329	0.938951	-1.91221	-0.014671	0.99971	0.0191109	-0.999647	-0.0142412	-0.0224367	-0.022158	-0.0194333	0.999566
2.43333	0.226306	0.938269	-1.91163	-0.0154834	0.999773	0.0146149	-0.999588	-0.0151239	-0.0244009	-0.0241743	-0.0149867	0.999595
2.46667	0.228457	0.937816	-1.91052	-0.0178552	0.999791	0.0099278	-0.999502	-0.0175899	-0.0261983	-0.0260182	-0.0103906	0.999607
2.5	0.230116	0.937631	-1.90878	-0.0232722	0.999719	0.00458566	-0.999343	-0.0231356	-0.0278849	-0.0277709	-0.0052316	0.999601
2.53333	0.231115	0.937823	-1.90565	-0.0340039	0.999419	0.00225319	-0.999079	-0.0339332	-0.0262435	-0.0261518	-0.0031435	0.999653
2.56667	0.231851	0.937822	-1.90296	-0.0409951	0.999143	-0.00573143	-0.998798	-0.0411339	-0.0266698	-0.0268827	0.00463121	0.999628
2.6	0.23198	0.937685	-1.90035	-0.0462129	0.998798	-0.016321	-0.998488	-0.0466729	-0.0290303	-0.0297572	0.0149548	0.999445
2.63333	0.231561	0.937499	-1.89655	-0.0548651	0.998321	-0.0185871	-0.99803	-0.0553975	-0.029455	-0.0304352	0.0169344	0.999393
2.66667	0.23049	0.936985	-1.89326	-0.0604009	0.997847	-0.0255512	-0.997678	-0.0611585	-0.0299869	-0.031485	0.0236806	0.999224
2.7	0.228988	0.936215	-1.89013	-0.0627225	0.997361	-0.036556	-0.997358	-0.0639827	-0.0343865	-0.0366348	0.0343027	0.99874
2.73333	0.22728	0.935459	-1.88628	-0.065101	0.996786	-0.0466925	-0.997026	-0.0669076	-0.0382317	-0.0412328	0.0440647	0.998177
2.76667	0.225529	0.934662	-1.88229	-0.0668469	0.996111	-0.0573894	-0.996681	-0.0693425	-0.0426532	-0.0464669	0.0543476	0.99744
2.8	0.223722	0.933802	-1.8774	-0.0689264	0.995507	-0.0649161	-0.996353	-0.0719736	-0.0458309	-0.0502972	0.0615204	0.996838
2.83333	0.222014	0.932807	-1.87158	-0.0711947	0.995151	-0.0678698	-0.996068	-0.0745271	-0.0479004	-0.0527262	0.0641927	0.996544
2.86667	0.220168	0.931702	-1.86463	-0.0726017	0.995078	-0.0674453	-0.995876	-0.0760159	-0.0495135	-0.0543967	0.0635725	0.996494
2.9	0.218145	0.930643	-1.85682	-0.0716648	0.995284	-0.0653819	-0.995813	-0.0751243	-0.0520832	-0.0567493	0.0613756	0.9965
2.93333	0.215656	0.929619	-1.84796	-0.0711741	0.995549	-0.0617807	-0.995699	-0.0745943	-0.0549415	-0.0593054	0.0576046	0.996576
2.96667	0.212866	0.928598	-1.83791	-0.070516	0.995949	-0.0557916	-0.995602	-0.0737288	-0.0577914	-0.0616707	0.0514711	0.996769
3	0.209674	0.927546	-1.82684	-0.0680867	0.996525	-0.0479778	-0.99558	-0.0709828	-0.0614942	-0.0646861	0.0435788	0.996954
3.03333	0.20585	0.926406	-1.8146	-0.0650223	0.997151	-0.0382332	-0.995536	-0.0674486	-0.0660268	-0.0684175	0.0337693	0.997085
3.06667	0.20134	0.925819	-1.80203	-0.0679981	0.997233	-0.0300425	-0.994986	-0.0699969	-0.0714315	-0.0733367	0.0250347	0.996993
3.1	0.196493	0.926193	-1.78878	-0.0771361	0.996779	-0.0219419	-0.99382	-0.0786319	-0.0783533	-0.0798263	0.0157624	0.996684
3.13333	0.191293	0.926893	-1.77596	-0.0796125	0.996624	-0.0200492	-0.993073	-0.0810403	-0.085074	-0.0864116	0.0131374	0.996173
3.16667	0.185989	0.927479	-1.76178	-0.0815517	0.99662	-0.00991436	-0.99256	-0.0821138	-0.0898975	-0.0904077	0.0025093	0.995902
3.2	0.180251	0.928091	-1.7468	-0.0873178	0.996175	0.00323372	-0.991733	-0.086621	-0.094674	-0.0940317	-0.0114737	0.995503
3.23333	0.173844	0.929035	-1.73139	-0.0955441	0.995305	0.0154498	-0.99067	-0.093561	-0.0990915	-0.0971808	-0.0247732	0.994958
3.26667	0.167388	0.930249	-1.71615	-0.100935	0.994557	0.0258409	-0.989952	-0.0978138	-0.102119	-0.0990353	-0.0358886	0.994437
3.3	0.161111	0.931343	-1.70099	-0.105472	0.993835	0.0341565	-0.989544	-0.101495	-0.102478	-0.0983799	-0.044608	0.994149
3.33333	0.154828	0.931847	-1.68574	-0.109678	0.993219	0.0385621	-0.989259	-0.105305	-0.101381	-0.0966329	-0.0492672	0.9941
3.36667	0.148733	0.931765	-1.67065	-0.11266	0.992793	0.0408659	-0.98916	-0.10816	-0.0993219	-0.0941861	-0.0516126	0.994216
3.4	0.142844	0.931351	-1.65581	-0.115742	0.992389	0.0420481	-0.989074	-0.111257	-0.0967167	-0.0913024	-0.0527829	0.994423
3.43333	0.137312	0.930997	-1.64208	-0.118325	0.991935	0.0454344	-0.988962	-0.113614	-0.0951108	-0.0891817	-0.0561868	0.994429
3.46667	0.132119	0.930893	-1.62929	-0.117064	0.991977	0.0477256	-0.989308	-0.11227	-0.0930889	-0.0869839	-0.0581127	0.994513
3.5	0.127585	0.93076	-1.61763	-0.113282	0.992222	0.0516053	-0.989899	-0.108255	-0.0915499	-0.0852513	-0.061455	0.994462
3.53333	0.123864	0.930561	-1.60706	-0.106232	0.992721	0.0567511	-0.990775	-0.100849	-0.0905176	-0.0841354	-0.0658435	0.994277
3.56667	0.12079	0.930377	-1.59716	-0.0972629	0.993383	0.0610761	-0.991791	-0.0916227	-0.0892009	-0.0830147	-0.0692506	0.994139
3.6	0.118073	0.930352	-1.58757	-0.0846343	0.994592	0.0601899	-0.993046	-0.0792329	-0.087079	-0.0818391	-0.0671412	0.994381
3.63333	0.115606	0.930528	-1.57796	-0.0708489	0.995876	0.056671	-0.994213	-0.0659025	-0.0848423	-0.0807576	-0.062354	0.994781
3.66667	0.113432	0.930943	-1.56842	-0.0556447	0.997079	0.0523107	-0.995264	-0.0512082	-0.0826317	-0.0797116	-0.056661	0.995206
3.7	0.111688	0.9315	-1.55889	-0.0412939	0.997892	0.0500644	-0.996111	-0.0372134	-0.0798639	-0.0778325	-0.0531675	0.995548
3.73333	0.110399	0.931948	-1.54957	-0.0276399	0.998433	0.0486488	-0.996749	-0.0238436	-0.0769558	-0.0756753	-0.0506178	0.995847
3.76667	0.109642	0.932093	-1.54016	-0.0143331	0.998715	0.0486126	-0.997236	-0.0107331	-0.0735247	-0.0729085	-0.0495321	0.996108
3.8	0.109461	0.931933	-1.53085	-0.000992193	0.998803	0.0489102	-0.997538	0.00244122	-0.0700886	-0.0701241	-0.0488593	0.996341
3.83333	0.109853	0.931625	-1.52176	0.012311	0.998629	0.0508813	-0.997647	0.0156996	-0.0667438	-0.0674511	-0.0499398	0.996472
3.86667	0.110734	0.931107	-1.51302	0.0256405	0.998206	0.0541107	-0.997513	0.0291027	-0.0641982	-0.0656577	-0.05233	0.996469
3.9	0.111872	0.930429	-1.50473	0.0391354	0.997658	0.0560989	-0.997141	0.0426239	-0.0623983	-0.0646433	-0.0534965	0.996473
3.93333	0.113319	0.929626	-1.49672	0.0504856	0.996965	0.0592604	-0.996624	0.0541368	-0.0617163	-0.0647372	-0.0559446	0.996333
3.96667	0.114788	0.92883	-1.48844	0.0597281	0.996114	0.064725	-0.996122	0.0636741	-0.0607225	-0.0646078	-0.0608471	0.996054
4	0.116206	0.927994	-1.48033	0.0689556	0.995319	0.0677194	-0.995468	0.0731045	-0.0608278	-0.0654937	-0.0632181	0.995848
4.03333	0.117617	0.927206	-1.47191	0.0775506	0.994617	0.068727	-0.994783	0.0817772	-0.0609791	-0.0662711	-0.0636395	0.99577
4.06667	0.119363	0.926493	-1.46308	0.0844824	0.994108	0.0679087	-0.994146	0.0886996	-0.0616871	-0.0673471	-0.0622997	0.995783
4.1	0.121174	0.925855	-1.45366	0.0897081	0.993876	0.0645205	-0.993623	0.0937522	-0.062648	-0.0683133	-0.0584889	0.995948
4.13333	0.123031	0.925152	-1.44329	0.0941704	0.9938	0.0591076	-0.993171	0.0978862	-0.0634769	-0.0688692	-0.0527263	0.996231
4.16667	0.124926	0.924254	-1.43177	0.0967488	0.993973	0.0515532	-0.992897	0.0999883	-0.0644798	-0.0692459	-0.0449486	0.996586
4.2	0.127081	0.923281	-1.41907	0.0970485	0.994383	0.0422451	-0.992814	0.0997068	-0.0661748	-0.0700152	-0.0355193	0.996913
4.23333	0.129712	0.922366	-1.40519	0.0955341	0.994947	0.0308913	-0.992859	0.0974693	-0.0687864	-0.0714498	-0.0240992	0.997153
4.26667	0.132572	0.921366	-1.38975	0.0922739	0.995576	0.0177317	-0.993026	0.0933208	-0.0720468	-0.0733828	-0.01096	0.997244
4.3	0.136174	0.920514	-1.37308	0.0919666	0.995755	0.00369408	-0.992949	0.0919848	-0.074775	-0.0747974	0.00320878	0.997194
4.33333	0.140707	0.92072	-1.35631	0.0996133	0.994997	-0.00757092	-0.991894	0.0986937	-0.0800329	-0.0788853	0.0154819	0.996763
4.36667	0.145256	0.921405	-1.33928	0.105798	0.994233	-0.017537	-0.991048	0.103982	-0.0837336	-0.0814272	0.0262388	0.996334
4.4	0.150249	0.922563	-1.32206	0.117147	0.992711	-0.0283217	-0.990011	0.11448	-0.0822998	-0.0784576	0.0376799	0.996205
4.43333	0.155072	0.923675	-1.30439	0.126328	0.991127	-0.0413316	-0.989046	0.122637	-0.0821425	-0.0763449	0.0512558	0.995763
4.46667	0.160333	0.924616	-1.28701	0.130865	0.990022	-0.0522535	-0.988473	0.12625	-0.0835581	-0.0761273	0.0625861	0.995132
4.5	0.165824	0.925055	-1.27012	0.134149	0.989177	-0.0594442	-0.988176	0.129036	-0.0828177	-0.0742509	0.0698512	0.99479
4.53333	0.171179	0.925032	-1.25411	0.137734	0.988462	-0.0630248	-0.987866	0.132484	-0.0810433	-0.0717584	0.0734225	0.994716
4.56667	0.175806	0.924759	-1.23947	0.139184	0.988037	-0.0664167	-0.987679	0.133663	-0.0813839	-0.0715328	0.0769258	0.994467
4.6	0.179558	0.924415	-1.22615	0.138724	0.987722	-0.0718345	-0.987787	0.132807	-0.081485	-0.0709444	0.0822611	0.994082
4.63333	0.182864	0.92415	-1.21367	0.135703	0.987805	-0.0763308	-0.988328	0.129586	-0.0800903	-0.0692221	0.0863084	0.993861
4.66667	0.185909	0.924097	-1.20181	0.128438	0.988604	-0.0785238	-0.989388	0.122311	-0.0784246	-0.0679265	0.0877633	0.993823
4.7	0.188703	0.924277	-1.19027	0.118104	0.989979	-0.0774174	-0.990683	0.112146	-0.077264	-0.0678076	0.0858213	0.994
4.73333	0.19137	0.924596	-1.17889	0.104842	0.991852	-0.0723709	-0.992174	0.0993582	-0.0756211	-0.0678144	0.0797328	0.994507
4.76667	0.19374	0.924961	-1.16763	0.0898859	0.993861	-0.0645107	-0.993738	0.0851815	-0.0723057	-0.0663667	0.070606	0.995294
4.8	0.195792	0.92525	-1.15633	0.0763465	0.995478	-0.0565283	-0.994997	0.0724009	-0.0688341	-0.0644301	0.0615007	0.996025
4.83333	0.197349	0.925471	-1.14482	0.0627556	0.996816	-0.0491911	-0.996111	0.0595044	-0.0649823	-0.0618483	0.0530777	0.996673
4.86667	0.198276	0.92562	-1.13323	0.0475882	0.997994	-0.0417458	-0.99715	0.0450156	-0.0605399	-0.0585392	0.0445078	0.997292
4.9	0.198275	0.925595	-1.12164	0.0317272	0.998864	-0.0355518	-0.997985	0.0297033	-0.0560768	-0.0549571	0.0372593	0.997793
4.93333	0.197522	0.925258	-1.11067	0.0153839	0.99947	-0.0286732	-0.998494	0.0138457	-0.0530932	-0.0526681	0.0294468	0.998178
4.96667	0.196022	0.924696	-1.10011	0.00192883	0.999689	-0.0248459	-0.99863	0.000626137	-0.0523325	-0.0523007	0.0249128	0.998321
5	0.193682	0.92394	-1.08923	-0.00588718	0.999577	-0.0284663	-0.998582	-0.00738296	-0.0527294	-0.0529173	0.0281155	0.998203
5.03333	0.191354	0.922903	-1.07921	-0.0104331	0.9995	-0.029856	-0.998298	-0.0121245	-0.0570432	-0.0573767	0.0292101	0.997925
5.06667	0.189033	0.921793	-1.06935	-0.0132117	0.9994	-0.0320107	-0.997868	-0.0152242	-0.0634671	-0.0639164	0.0311039	0.99747
5.1	0.186551	0.920726	-1.05894	-0.0166942	0.999249	-0.0349573	-0.997379	-0.0191045	-0.0697909	-0.0704063	0.0337005	0.996949
5.13333	0.183895	0.919714	-1.04769	-0.0200345	0.999065	-0.0383045	-0.996891	-0.0228816	-0.0753946	-0.0762006	0.036675	0.996418
5.16667	0.181145	0.918756	-1.03526	-0.0231078	0.998965	-0.039168	-0.996445	-0.0261891	-0.0800753	-0.0810182	0.0371784	0.996019
5.2	0.178362	0.917803	-1.02125	-0.025902	0.999049	-0.0350874	-0.996086	-0.0287605	-0.0835773	-0.0845069	0.0327853	0.995883
5.23333	0.175443	0.91676	-1.00585	-0.0269691	0.999225	-0.0286754	-0.995746	-0.0293814	-0.0873315	-0.0881063	0.0261982	0.995767
5.26667	0.172472	0.915544	-0.988736	-0.0282426	0.99946	-0.0168187	-0.995494	-0.0296463	-0.0900757	-0.0905257	0.014199	0.995793
5.3	0.169308	0.915001	-0.971279	-0.0363678	0.999329	-0.00438308	-0.995165	-0.036616	-0.0911421	-0.0912414	0.00104725	0.995828
5.33333	0.165822	0.91551	-0.953839	-0.0470732	0.998876	0.00554619	-0.994323	-0.0463267	-0.0957936	-0.095429	-0.010024	0.995386
5.36667	0.161845	0.916608	-0.936041	-0.0562223	0.998325	0.0136467	-0.993507	-0.0545864	-0.0998246	-0.0989124	-0.0191705	0.994911
5.4	0.157863	0.917688	-0.917455	-0.0628449	0.997732	0.0241124	-0.993098	-0.0601192	-0.100706	-0.0990275	-0.0302748	0.994624
5.43333	0.153684	0.918485	-0.898371	-0.070663	0.99685	0.0360063	-0.992682	-0.0667322	-0.100644	-0.0979242	-0.0428546	0.994271
5.46667	0.149546	0.919156	-0.879515	-0.0788788	0.995811	0.0462531	-0.992122	-0.0738875	-0.101169	-0.0973272	-0.0538688	0.993794
5.5	0.145352	0.919874	-0.861457	-0.0842571	0.995123	0.0512878	-0.991797	-0.078788	-0.100652	-0.0961204	-0.0593478	0.993599
5.53333	0.141338	0.920674	-0.843764	-0.0885606	0.994525	0.0554721	-0.991825	-0.0829099	-0.0969987	-0.0918684	-0.0636089	0.993737
5.56667	0.137658	0.921328	-0.827635	-0.088477	0.994513	0.0558132	-0.992056	-0.0829507	-0.0945758	-0.0894271	-0.0637376	0.993952
5.6	0.134504	0.921763	-0.812741	-0.0874846	0.994416	0.0590241	-0.99232	-0.0817921	-0.0927988	-0.0874529	-0.0666893	0.993934
5.63333	0.13182	0.921954	-0.79924	-0.0850752	0.994222	0.0654518	-0.992696	-0.0789389	-0.0912272	-0.0855334	-0.0727349	0.993677
5.66667	0.129502	0.922046	-0.786624	-0.0785828	0.994239	0.0728998	-0.993488	-0.0720517	-0.0882652	-0.0825042	-0.0793611	0.993426
5.7	0.127364	0.922222	-0.77439	-0.0681287	0.994654	0.0776054	-0.994552	-0.0615581	-0.0841246	-0.0788976	-0.0829139	0.993429
5.73333	0.125418	0.922656	-0.76217	-0.0557849	0.995207	0.0803145	-0.995548	-0.0493224	-0.0803164	-0.0759702	-0.0844374	0.993528
5.76667	0.123751	0.923296	-0.750115	-0.041159	0.99601	0.0791775	-0.99643	-0.0350714	-0.0767969	-0.0737137	-0.0820557	0.993898
5.8	0.122396	0.924092	-0.738139	-0.0265117	0.996709	0.0766058	-0.997187	-0.0209944	-0.0719505	-0.0701054	-0.0782979	0.994462
5.83333	0.12153	0.924839	-0.726319	-0.0118439	0.997277	0.0727841	-0.997706	-0.00693477	-0.0673342	-0.0666461	-0.0734147	0.995072
5.86667	0.121259	0.925367	-0.7147	0.00266135	0.997647	0.0685126	-0.998023	0.00695182	-0.0624612	-0.0627905	-0.0682109	0.995693
5.9	0.12164	0.925687	-0.70312	0.0166909	0.997687	0.0658916	-0.998127	0.0205045	-0.0576313	-0.0588491	-0.0648063	0.996161
5.93333	0.122797	0.925878	-0.691609	0.0300938	0.997363	0.0660417	-0.998038	0.0336122	-0.052828	-0.0549085	-0.0643223	0.996417
5.96667	0.124693	0.926006	-0.680504	0.0425439	0.996816	0.0674329	-0.997762	0.0458745	-0.0486367	-0.0515753	-0.0652128	0.996538
6	0.127196	0.92602	-0.66983	0.0534007	0.996128	0.0698328	-0.997355	0.0566577	-0.0455208	-0.0493012	-0.0672172	0.99652
6.03333	0.129928	0.925848	-0.659488	0.0633863	0.995349	0.0725396	-0.996791	0.0667034	-0.0442558	-0.0488886	-0.0695016	0.996383
6.06667	0.132877	0.925398	-0.649177	0.0728742	0.994429	0.076165	-0.996115	0.0763573	-0.0438629	-0.0494343	-0.0726726	0.99613
6.1	0.135756	0.924604	-0.638551	0.0808893	0.993611	0.0787017	-0.995475	0.0844866	-0.0435014	-0.0498727	-0.0748267	0.995949
6.13333	0.138601	0.923423	-0.627265	0.0873192	0.993041	0.0790196	-0.994926	0.0909135	-0.0430867	-0.0499708	-0.0748563	0.995941
6.16667	0.141644	0.921841	-0.615151	0.0918978	0.992766	0.0772675	-0.994545	0.0953528	-0.0422745	-0.0493364	-0.0729611	0.996114
6.2	0.144853	0.919872	-0.602547	0.0944839	0.992988	0.0710433	-0.994296	0.0976734	-0.0428405	-0.0494791	-0.0665903	0.996553
6.23333	0.148249	0.917724	-0.588867	0.0946012	0.993519	0.0630138	-0.994226	0.0975101	-0.0448027	-0.0506568	-0.0584115	0.997007
6.26667	0.151754	0.915466	-0.573823	0.0921897	0.994244	0.0545884	-0.9944	0.0947717	-0.0467624	-0.0516666	-0.0499717	0.997413
6.3	0.155404	0.913163	-0.557305	0.0888015	0.995067	0.0442185	-0.994623	0.0909621	-0.0495133	-0.0532913	-0.0395839	0.997794
6.33333	0.159264	0.910702	-0.539231	0.0862971	0.995842	0.0291797	-0.994732	0.0877533	-0.0529788	-0.0553191	-0.0244541	0.998169
6.36667	0.164259	0.909657	-0.52093	0.0987529	0.994979	0.016292	-0.993392	0.0995313	-0.0571555	-0.0584901	-0.01054	0.998232
6.4	0.169356	0.910058	-0.502524	0.109686	0.993943	0.00685907	-0.991674	0.109899	-0.0671132	-0.0674604	0.000559396	0.997722
6.43333	0.174628	0.911674	-0.484713	0.118277	0.992979	-0.00203426	-0.990618	0.117854	-0.0691873	-0.0684618	0.0101984	0.997602
6.46667	0.179798	0.913316	-0.467273	0.122178	0.992447	-0.0110311	-0.990351	0.121172	-0.0672506	-0.065406	0.0191412	0.997675
6.5	0.185223	0.914488	-0.449933	0.122333	0.992333	-0.0175824	-0.99048	0.120939	-0.065754	-0.0631235	0.0254589	0.997681
6.53333	0.190694	0.915157	-0.432901	0.12221	0.992293	-0.0204784	-0.990569	0.120658	-0.0649275	-0.0619562	0.02822	0.99768
6.56667	0.195535	0.915718	-0.417285	0.121964	0.992271	-0.0228604	-0.990613	0.120264	-0.0649749	-0.0617234	0.0305704	0.997625
6.6	0.199541	0.916343	-0.403375	0.119588	0.992473	-0.0263773	-0.990892	0.117657	-0.065491	-0.0618946	0.033969	0.997504
6.63333	0.202948	0.916888	-0.39068	0.11465	0.992995	-0.0285728	-0.991543	0.112627	-0.0644873	-0.0608175	0.0357246	0.997509
6.66667	0.206426	0.917345	-0.37863	0.107682	0.99386	-0.0254321	-0.99237	0.105905	-0.0631269	-0.0600459	0.0320357	0.997681
6.7	0.209667	0.917822	-0.36734	0.0975404	0.995022	-0.0204028	-0.993324	0.0960643	-0.0638669	-0.061589	0.0264962	0.99775
6.73333	0.212722	0.918297	-0.35657	0.0860082	0.996192	-0.014294	-0.994292	0.0849173	-0.0645971	-0.0631373	0.0197683	0.997809
6.76667	0.215487	0.918645	-0.346064	0.0720193	0.997378	-0.00708616	-0.995437	0.0714297	-0.0632647	-0.0625927	0.0116101	0.997972
6.8	0.217882	0.918809	-0.335879	0.0583417	0.998296	0.000696143	-0.996392	0.0582734	-0.0617005	-0.061636	0.00290608	0.998094
6.83333	0.219889	0.918828	-0.325746	0.045852	0.998911	0.00857334	-0.997111	0.0462863	-0.0602249	-0.0605562	-0.00578714	0.998148
6.86667	0.221193	0.918762	-0.315612	0.0330776	0.99935	0.0143065	-0.997739	0.0338554	-0.058052	-0.0584986	-0.0123539	0.998211
6.9	0.221862	0.918644	-0.305386	0.0195748	0.999654	0.0175684	-0.998256	0.0205203	-0.0553561	-0.0556974	-0.0164542	0.998312
6.93333	0.221863	0.918491	-0.295153	0.00671435	0.999794	0.0191489	-0.998567	0.00772038	-0.0529568	-0.0530937	-0.0187659	0.998413
6.96667	0.221263	0.918261	-0.285012	-0.004319	0.999809	0.0190408	-0.998707	-0.00334812	-0.0507297	-0.0506563	-0.0192353	0.998531
7	0.220186	0.917879	-0.275128	-0.0135293	0.999755	0.0175246	-0.998686	-0.0126443	-0.0496609	-0.0494272	-0.0181735	0.998612
7.03333	0.218776	0.91728	-0.265497	-0.0199305	0.999712	0.0133793	-0.998545	-0.019233	-0.0503784	-0.0501066	-0.0143639	0.998641
7.06667	0.217134	0.916546	-0.255881	-0.023433	0.999704	0.00650864	-0.998336	-0.0230568	-0.0528573	-0.0526915	-0.00773641	0.998581
7.1	0.215409	0.915755	-0.246206	-0.0259268	0.999663	-0.00112345	-0.998086	-0.0259489	-0.0561421	-0.0561523	-0.00033428	0.998422
7.13333	0.213618	0.91496	-0.236282	-0.028854	0.999554	-0.00771586	-0.997855	-0.029257	-0.0585553	-0.0587549	0.00600976	0.998254
7.16667	0.211907	0.914158	-0.225868	-0.0324561	0.999416	-0.0106448	-0.997669	-0.0330354	-0.0597115	-0.0600283	0.00868201	0.998159
7.2	0.210362	0.913359	-0.214982	-0.035265	0.999325	-0.0102654	-0.997519	-0.0358238	-0.0606067	-0.0609335	0.0081026	0.998109
7.23333	0.208898	0.912573	-0.203652	-0.036573	0.999309	-0.00655887	-0.99736	-0.0369121	-0.0625311	-0.06273	0.00425461	0.998021
7.26667	0.207386	0.911706	-0.191729	-0.0384715	0.99926	3.5056e-05	-0.997146	-0.0383879	-0.0650032	-0.0649538	-0.00253573	0.997885
7.3	0.205989	0.910624	-0.179123	-0.0399065	0.999169	0.00830534	-0.996932	-0.0392542	-0.0677182	-0.0673359	-0.0109823	0.99767
7.33333	0.204622	0.909282	-0.165643	-0.0398542	0.999043	0.0180169	-0.996737	-0.0384827	-0.0709518	-0.0701906	-0.0207858	0.997317
7.36667	0.202963	0.907754	-0.151111	-0.0383291	0.998854	0.0286639	-0.996527	-0.0360864	-0.0750413	-0.073921	-0.0314406	0.996768
7.4	0.200915	0.906134	-0.135478	-0.0365311	0.998466	0.0415981	-0.996385	-0.033197	-0.078199	-0.0766981	-0.0443044	0.99607
7.43333	0.198282	0.904757	-0.118764	-0.0385511	0.997789	0.0541341	-0.996129	-0.0340914	-0.0810175	-0.0789929	-0.0570479	0.995242
7.46667	0.194936	0.904963	-0.101898	-0.0513181	0.996701	0.0628793	-0.995321	-0.0458821	-0.0850399	-0.0818743	-0.0669491	0.994391
7.5	0.190941	0.906262	-0.0852642	-0.0615994	0.995624	0.0702773	-0.994472	-0.0552243	-0.0893079	-0.085036	-0.0753901	0.993522
7.53333	0.187105	0.907685	-0.0681261	-0.0670046	0.994476	0.0807954	-0.994089	-0.0596061	-0.0907445	-0.0854274	-0.0863981	0.992591
7.56667	0.18317	0.908728	-0.0504963	-0.072723	0.993027	0.0927801	-0.993729	-0.0642222	-0.0915345	-0.0849377	-0.0988549	0.99147
7.6	0.178811	0.90935	-0.0327778	-0.0803033	0.991514	0.102228	-0.993105	-0.0707989	-0.0934325	-0.085402	-0.109026	0.990363
7.63333	0.174417	0.909691	-0.0153697	-0.0869924	0.990263	0.108677	-0.992658	-0.0769625	-0.0933084	-0.0840358	-0.115997	0.989688
7.66667	0.17041	0.909947	0.00161602	-0.0930145	0.989311	0.112304	-0.992351	-0.0829179	-0.0914601	-0.0811704	-0.119953	0.989456
7.7	0.16666	0.910129	0.0178024	-0.0972713	0.988841	0.112837	-0.992104	-0.0873187	-0.0900322	-0.0791748	-0.120703	0.989526
7.73333	0.163167	0.91018	0.0329123	-0.0987235	0.988699	0.112822	-0.992161	-0.0890659	-0.0876625	-0.0766232	-0.120592	0.989741
7.76667	0.160199	0.910126	0.0467776	-0.0969652	0.988589	0.115279	-0.992507	-0.0873909	-0.0854004	-0.0743515	-0.122696	0.989655
7.8	0.157783	0.910168	0.0594645	-0.0935176	0.98824	0.120982	-0.992922	-0.0836383	-0.0843184	-0.0732081	-0.128011	0.989067
7.83333	0.15577	0.910358	0.0709396	-0.0868662	0.988191	0.126227	-0.993579	-0.0767175	-0.0831585	-0.0724927	-0.13264	0.98851
7.86667	0.153959	0.910648	0.0817291	-0.0784827	0.988547	0.128902	-0.994399	-0.0684463	-0.0805326	-0.0707874	-0.134501	0.988382
7.9	0.152503	0.910937	0.0918175	-0.0676446	0.98929	0.129341	-0.995285	-0.0578779	-0.0778383	-0.0695187	-0.133996	0.98854
7.93333	0.151154	0.911132	0.101354	-0.0572165	0.989953	0.129304	-0.995982	-0.0476621	-0.0758163	-0.0688916	-0.133123	0.988702
7.96667	0.149968	0.911275	0.110554	-0.0480739	0.990501	0.128826	-0.996567	-0.0388594	-0.0731105	-0.0674099	-0.131898	0.988969
8	0.148983	0.911454	0.119484	-0.0383267	0.991286	0.126032	-0.997094	-0.0296285	-0.0701811	-0.0658354	-0.128356	0.989541
8.03333	0.148345	0.911712	0.128494	-0.0276292	0.992071	0.122605	-0.997541	-0.0194603	-0.0673326	-0.0644127	-0.124164	0.990169
8.06667	0.148139	0.912029	0.137537	-0.0172988	0.992639	0.119869	-0.997897	-0.00964974	-0.064101	-0.0624725	-0.120726	0.990718
8.1	0.148699	0.912338	0.146375	-0.00522451	0.992879	0.119012	-0.99818	0.0019728	-0.0602774	-0.0600829	-0.119111	0.991061
8.13333	0.149791	0.912541	0.154973	0.00678201	0.992704	0.120384	-0.998346	0.0135958	-0.0558695	-0.0570986	-0.119806	0.991154
8.16667	0.151458	0.912577	0.163458	0.0189204	0.992153	0.123589	-0.998316	0.0255264	-0.0520882	-0.0548343	-0.122396	0.990965
8.2	0.153627	0.912405	0.171771	0.0304326	0.991367	0.127536	-0.998102	0.0369738	-0.0492384	-0.0535288	-0.125796	0.990611
8.23333	0.15618	0.912002	0.179895	0.0404545	0.990443	0.131858	-0.997759	0.0470836	-0.0475495	-0.0533034	-0.129639	0.990128
8.26667	0.158983	0.911367	0.188037	0.049334	0.989547	0.135507	-0.997326	0.0561308	-0.0468018	-0.0539187	-0.132836	0.98967
8.3	0.162037	0.91055	0.1963	0.0574943	0.988719	0.13831	-0.996765	0.0646437	-0.0477632	-0.0561653	-0.135117	0.989237
8.33333	0.165251	0.909591	0.204868	0.0655691	0.987883	0.140666	-0.996131	0.0730701	-0.048834	-0.0585208	-0.13692	0.988852
8.36667	0.16856	0.908299	0.213975	0.0721067	0.987264	0.14181	-0.995501	0.0800003	-0.0507661	-0.0614644	-0.137512	0.988591
8.4	0.171809	0.906583	0.223914	0.0779202	0.986929	0.141064	-0.994897	0.0860732	-0.0526401	-0.0640939	-0.136243	0.9886
8.43333	0.17517	0.904616	0.234847	0.08156	0.987057	0.138085	-0.994457	0.0898188	-0.054664	-0.0663591	-0.132861	0.988911
8.46667	0.178613	0.902584	0.246789	0.0841504	0.987726	0.131592	-0.994044	0.0923897	-0.0578038	-0.0692521	-0.125944	0.989617
8.5	0.182144	0.90064	0.259924	0.084829	0.988932	0.121723	-0.993838	0.0927246	-0.0607284	-0.071343	-0.115822	0.990705
8.53333	0.185904	0.898793	0.274286	0.0839375	0.990484	0.109068	-0.99376	0.0912742	-0.0641057	-0.0734508	-0.103007	0.991965
8.56667	0.19053	0.897639	0.289045	0.0894985	0.991201	0.097525	-0.99288	0.0965186	-0.0698084	-0.0786071	-0.0905829	0.992782
8.6	0.195587	0.897663	0.303839	0.0978629	0.991304	0.087975	-0.991307	0.104909	-0.0793949	-0.0879339	-0.0794405	0.992954
8.63333	0.200834	0.898509	0.318743	0.105968	0.991201	0.0793177	-0.989946	0.112676	-0.0855054	-0.0936902	-0.0694594	0.993175
8.66667	0.20637	0.899541	0.333787	0.111564	0.991275	0.0701962	-0.988813	0.117769	-0.0915411	-0.0990093	-0.0591982	0.993324
8.7	0.212394	0.900334	0.349212	0.117142	0.991327	0.0595623	-0.987655	0.122568	-0.0975383	-0.103993	-0.0474012	0.993448
8.73333	0.218927	0.900891	0.365171	0.123572	0.991191	0.0476466	-0.986519	0.127897	-0.102093	-0.107288	-0.0343884	0.993633
8.76667	0.22571	0.901427	0.381074	0.129427	0.990833	0.0387027	-0.985398	0.132876	-0.106468	-0.110635	-0.0243576	0.993563
8.8	0.232323	0.901981	0.396322	0.133622	0.990455	0.0338149	-0.984381	0.136595	-0.111064	-0.114622	-0.0184462	0.993238
8.83333	0.238774	0.902378	0.410815	0.13598	0.990181	0.0324163	-0.983896	0.138804	-0.112614	-0.116008	-0.0165811	0.99311
8.86667	0.245017	0.902439	0.424612	0.138074	0.989881	0.0327411	-0.983708	0.140906	-0.111647	-0.115131	-0.0167921	0.993208
8.9	0.250814	0.902175	0.437235	0.140362	0.98957	0.0324075	-0.983327	0.143149	-0.112141	-0.11561	-0.0161268	0.993164
8.93333	0.255855	0.9017	0.447886	0.139445	0.989731	0.0314202	-0.983034	0.14218	-0.115879	-0.119157	-0.0147284	0.992766
8.96667	0.260107	0.901403	0.457853	0.137011	0.990262	0.0246666	-0.983108	0.138988	-0.119087	-0.121356	-0.00793371	0.992577
9	0.264055	0.901434	0.467362	0.130021	0.991296	0.0206408	-0.984025	0.131564	-0.119938	-0.121609	-0.00471669	0.992567
9.03333	0.267226	0.901618	0.476176	0.121647	0.992452	0.0155002	-0.984865	0.12263	-0.122486	-0.123462	-0.000365627	0.992349
9.06667	0.269984	0.90199	0.485238	0.110279	0.993786	0.0150681	-0.986098	0.111297	-0.123381	-0.124291	-0.00125227	0.992245
9.1	0.272497	0.902424	0.494246	0.0986375	0.994978	0.0169904	-0.987472	0.099978	-0.122077	-0.123163	-0.00473611	0.992375
9.13333	0.274522	0.90277	0.503474	0.0877733	0.995958	0.0190435	-0.988734	0.0894317	-0.120028	-0.121246	-0.00829371	0.992588
9.16667	0.276239	0.903011	0.512901	0.0758867	0.996913	0.020124	-0.990096	0.0777278	-0.11691	-0.118114	-0.0110528	0.992939
9.2	0.277702	0.903146	0.522394	0.0631605	0.997779	0.0211547	-0.991522	0.0651481	-0.112429	-0.113558	-0.0138742	0.993434
9.23333	0.278613	0.903168	0.531894	0.050421	0.998483	0.0221204	-0.992857	0.0525103	-0.107133	-0.108132	-0.0165607	0.993999
9.26667	0.278812	0.903079	0.541153	0.0376896	0.99906	0.0214068	-0.993984	0.0396854	-0.10208	-0.102834	-0.0174306	0.994546
9.3	0.278517	0.902874	0.550237	0.0248738	0.999502	0.0194403	-0.994919	0.026648	-0.0970829	-0.0975526	-0.0169267	0.995086
9.33333	0.277741	0.902543	0.559209	0.0132253	0.99977	0.016912	-0.995589	0.0147374	-0.0926559	-0.0928837	-0.015612	0.995555
9.36667	0.276608	0.902221	0.568171	0.00389081	0.999877	0.0151791	-0.995973	0.00523437	-0.0895038	-0.0895722	-0.0147697	0.995871
9.4	0.27513	0.901953	0.576674	-0.00309205	0.999917	0.0125061	-0.99611	-0.0019784	-0.0881	-0.0880679	-0.0127299	0.996033
9.43333	0.273576	0.901795	0.585281	-0.0100127	0.999886	0.0113453	-0.996137	-0.00898391	-0.087357	-0.0872451	-0.0121762	0.996112
9.46667	0.271901	0.901544	0.593516	-0.0136323	0.999886	0.00651291	-0.995952	-0.0129994	-0.0889398	-0.088845	-0.00769901	0.996016
9.5	0.270277	0.901318	0.602096	-0.0172143	0.999848	0.00276657	-0.995822	-0.0168967	-0.0897398	-0.0896794	-0.00429982	0.995961
9.53333	0.268485	0.901126	0.611175	-0.0213193	0.999771	0.00174828	-0.995566	-0.0210693	-0.0916808	-0.091623	-0.00369509	0.995787
9.56667	0.266444	0.900826	0.620638	-0.0253622	0.999672	0.00347466	-0.995308	-0.0249265	-0.0934945	-0.0933773	-0.00582958	0.995614
9.6	0.264367	0.900255	0.630836	-0.0284074	0.999567	0.0076955	-0.99509	-0.0275483	-0.0950647	-0.0948115	-0.0103583	0.995441
9.63333	0.262253	0.899313	0.641851	-0.0309231	0.999433	0.0133182	-0.99481	-0.0294824	-0.0973821	-0.0969342	-0.0162605	0.995158
9.66667	0.260006	0.897941	0.653956	-0.0309736	0.999336	0.0192059	-0.994604	-0.028912	-0.0996371	-0.0990156	-0.0221884	0.994838
9.7	0.257624	0.896265	0.667485	-0.0281476	0.999265	0.0260341	-0.994506	-0.0253677	-0.101559	-0.100824	-0.0287497	0.994489
9.73333	0.254672	0.894683	0.681565	-0.0276964	0.999049	0.0336874	-0.99417	-0.0240169	-0.105111	-0.104201	-0.0364022	0.99389
9.76667	0.251013	0.894332	0.695327	-0.0374384	0.99859	0.0376312	-0.993105	-0.0329938	-0.112487	-0.111087	-0.0415831	0.99294
9.8	0.246682	0.894927	0.70938	-0.0481914	0.998009	0.0406931	-0.991871	-0.0430118	-0.11976	-0.117772	-0.0461337	0.991969
9.83333	0.242277	0.895828	0.72367	-0.0544903	0.99747	0.045654	-0.991014	-0.0484308	-0.124685	-0.122159	-0.0520378	0.991145
9.86667	0.237885	0.896807	0.739006	-0.0602535	0.996754	0.0534033	-0.990209	-0.0529376	-0.129164	-0.125918	-0.0606631	0.990184
9.9	0.233052	0.897852	0.754436	-0.067022	0.99583	0.0618925	-0.989077	-0.0581494	-0.135444	-0.13128	-0.0702941	0.98885
9.93333	0.228221	0.89899	0.770027	-0.0734488	0.994772	0.0709551	-0.988466	-0.0631656	-0.13764	-0.132439	-0.0802463	0.987937
9.96667	0.223616	0.900169	0.78535	-0.0798984	0.99363	0.0794727	-0.988188	-0.0684962	-0.137088	-0.130771	-0.0894871	0.987366
10	0.219292	0.901207	0.800091	-0.0857815	0.99261	0.085828	-0.987839	-0.0735231	-0.137001	-0.129679	-0.0965364	0.986846
10.0333	0.215405	0.901968	0.813893	-0.0905927	0.991654	0.0917396	-0.987762	-0.0777276	-0.135221	-0.126962	-0.102867	0.986559
10.0667	0.212205	0.902359	0.826419	-0.0938487	0.990527	0.100247	-0.987863	-0.0801295	-0.133064	-0.123771	-0.111518	0.986025
10.1	0.210008	0.90259	0.837644	-0.0943052	0.989171	0.112463	-0.988114	-0.0792272	-0.131733	-0.121396	-0.123549	0.984885
10.1333	0.20861	0.902823	0.847792	-0.0918319	0.98796	0.124509	-0.988597	-0.0754691	-0.130307	-0.119341	-0.135055	0.983625
10.1667	0.207419	0.903141	0.857815	-0.0865246	0.987468	0.131984	-0.989396	-0.0696595	-0.127445	-0.116654	-0.141612	0.983025
10.2	0.206221	0.903444	0.867211	-0.0749789	0.988736	0.129532	-0.99031	-0.0586035	-0.125907	-0.116898	-0.137717	0.983549
10.2333	0.205275	0.903808	0.877203	-0.0646221	0.989731	0.127499	-0.991206	-0.0488774	-0.122968	-0.115474	-0.134324	0.984186
10.2667	0.204354	0.904202	0.887448	-0.0536776	0.990865	0.123718	-0.992118	-0.038872	-0.119123	-0.113225	-0.129137	0.985141
10.3	0.203547	0.904603	0.897982	-0.0426512	0.991847	0.120086	-0.993062	-0.0289032	-0.113983	-0.109583	-0.124114	0.986198
10.3333	0.203091	0.904897	0.908565	-0.0309211	0.992585	0.117557	-0.993985	-0.018174	-0.107998	-0.105061	-0.120189	0.987176
10.3667	0.203106	0.905062	0.91909	-0.0196466	0.993015	0.116339	-0.994738	-0.00771145	-0.102164	-0.100554	-0.117734	0.987941
10.4	0.203501	0.905072	0.92963	-0.00800593	0.9934	0.114425	-0.995319	0.00310469	-0.0965928	-0.0963105	-0.114663	0.988725
10.4333	0.204404	0.904932	0.940208	0.00500709	0.993699	0.111973	-0.995761	0.015239	-0.0907105	-0.0918453	-0.111044	0.989562
10.4667	0.20564	0.904491	0.950849	0.0178253	0.993842	0.109364	-0.995993	0.0272377	-0.0851848	-0.0876391	-0.107407	0.990345
10.5	0.207463	0.903757	0.961256	0.0290524	0.99369	0.108335	-0.995981	0.0379637	-0.0811239	-0.0847248	-0.105543	0.990799
10.5333	0.209475	0.902763	0.971404	0.0389629	0.993424	0.107656	-0.995769	0.0475748	-0.0786197	-0.0832244	-0.104137	0.991075
10.5667	0.211773	0.901612	0.981975	0.0469531	0.992774	0.110435	-0.995571	0.0555242	-0.0758613	-0.0814449	-0.106384	0.990984
10.6	0.213971	0.900278	0.992529	0.0546941	0.992264	0.111446	-0.995208	0.0632326	-0.0745773	-0.0810474	-0.106833	0.990968
10.6333	0.216341	0.89897	1.00398	0.0593776	0.991711	0.113947	-0.995059	0.0679004	-0.0724319	-0.0795685	-0.109083	0.990843
10.6667	0.218531	0.897602	1.01527	0.0642598	0.99198	0.10884	-0.994668	0.072483	-0.0733603	-0.080661	-0.103546	0.991349
