0	0.998949	0.0102712	0.0446594	-0.0101683	0.999945	-0.00252984	-0.0446829	0.00207307	0.998999
0.0333333	0.225262	0.623614	0.748574	-0.633496	0.677485	-0.37376	-0.74023	-0.390025	0.547668
0.0666667	0.14155	0.648227	0.748175	-0.665877	0.621599	-0.41258	-0.73251	-0.439792	0.519627
0.1	0.137071	0.653183	0.744691	-0.676015	0.611185	-0.411651	-0.724027	-0.446996	0.525337
0.133333	0.137955	0.655876	0.742156	-0.682648	0.605874	-0.408544	-0.717607	-0.450271	0.531316
0.166667	0.138847	0.657866	0.740226	-0.686978	0.602359	-0.406479	-0.71329	-0.45208	0.535575
0.2	0.139219	0.65917	0.738995	-0.689424	0.600218	-0.405503	-0.710853	-0.453027	0.53801
0.233333	0.139724	0.660171	0.738005	-0.690605	0.599092	-0.405159	-0.709607	-0.453059	0.539625
0.266667	0.140068	0.660507	0.737639	-0.691245	0.598619	-0.404766	-0.708916	-0.453195	0.540419
0.3	0.140155	0.660438	0.737684	-0.691636	0.598437	-0.404367	-0.708517	-0.453535	0.540657
0.333333	0.140216	0.659915	0.738141	-0.691696	0.598707	-0.403864	-0.708446	-0.453941	0.540409
0.366667	0.139857	0.659178	0.738867	-0.691543	0.599082	-0.403571	-0.708667	-0.454516	0.539635
0.4	0.140097	0.657709	0.740129	-0.691351	0.60009	-0.4024	-0.708806	-0.455314	0.538779
0.433333	0.13963	0.655931	0.741794	-0.691134	0.601031	-0.401368	-0.70911	-0.456636	0.537258
0.466667	0.138941	0.654011	0.743616	-0.69122	0.601772	-0.400108	-0.709162	-0.458411	0.535676
0.5	0.138973	0.651591	0.745731	-0.690907	0.603283	-0.398369	-0.709461	-0.459868	0.534029
0.533333	0.138324	0.649334	0.747818	-0.690965	0.604222	-0.396841	-0.709531	-0.461823	0.532245
0.566667	0.137767	0.646518	0.750357	-0.690427	0.60587	-0.395262	-0.710162	-0.463613	0.529842
0.6	0.1366	0.643492	0.753166	-0.689896	0.607405	-0.393831	-0.710904	-0.465808	0.526914
0.633333	0.135849	0.639983	0.756285	-0.689646	0.609138	-0.391586	-0.71129	-0.468372	0.524113
0.666667	0.13377	0.636053	0.759962	-0.689591	0.610491	-0.389569	-0.711737	-0.47195	0.520282
0.7	0.132723	0.631235	0.764151	-0.689323	0.612768	-0.386457	-0.712193	-0.475455	0.516453
0.733333	0.131462	0.626848	0.767971	-0.689082	0.61471	-0.383793	-0.712659	-0.478741	0.512761
0.766667	0.131357	0.623282	0.770885	-0.689048	0.61647	-0.381021	-0.712711	-0.481128	0.510449
0.8	0.130716	0.620765	0.773023	-0.688735	0.617709	-0.379578	-0.713132	-0.482791	0.508287
0.833333	0.129776	0.618773	0.774776	-0.688483	0.618543	-0.378676	-0.713547	-0.484277	0.506287
0.866667	0.129628	0.61789	0.775506	-0.688134	0.619162	-0.378299	-0.713911	-0.484613	0.505451
0.9	0.128729	0.616724	0.776582	-0.687458	0.619892	-0.378333	-0.714724	-0.485166	0.50377
0.933333	0.129083	0.615844	0.777222	-0.687179	0.620626	-0.377635	-0.714928	-0.485344	0.503307
0.966667	0.128261	0.614804	0.778181	-0.686838	0.621092	-0.377489	-0.715404	-0.486067	0.501932
1	0.127246	0.613821	0.779123	-0.686771	0.62128	-0.377303	-0.715649	-0.487069	0.50061
1.03333	0.127201	0.613393	0.779467	-0.686384	0.621735	-0.377257	-0.716029	-0.487026	0.500108
1.06667	0.126634	0.613088	0.779799	-0.685947	0.621993	-0.377625	-0.716547	-0.487081	0.499312
1.1	0.126665	0.613368	0.779574	-0.685374	0.622256	-0.378232	-0.71709	-0.486391	0.499205
1.13333	0.127222	0.614187	0.778839	-0.684783	0.622442	-0.378995	-0.717556	-0.485119	0.499773
1.16667	0.127344	0.615625	0.777682	-0.684451	0.622005	-0.380311	-0.717851	-0.483855	0.500574
1.2	0.126627	0.615998	0.777504	-0.683977	0.621905	-0.381326	-0.718429	-0.483509	0.500079
1.23333	0.126545	0.61593	0.777571	-0.683807	0.622026	-0.381434	-0.718605	-0.48344	0.499892
1.26667	0.126514	0.616261	0.777314	-0.683696	0.621928	-0.381793	-0.718717	-0.483144	0.500018
1.3	0.126328	0.616563	0.777104	-0.683815	0.621637	-0.382051	-0.718636	-0.483132	0.500145
1.33333	0.126594	0.616781	0.776888	-0.684137	0.621402	-0.381859	-0.718283	-0.483157	0.500628
1.36667	0.126662	0.616851	0.776822	-0.684239	0.621321	-0.381806	-0.718173	-0.483171	0.500772
1.4	0.126661	0.617094	0.776628	-0.684524	0.62101	-0.381803	-0.717902	-0.483261	0.501074
1.43333	0.127337	0.617466	0.776223	-0.684797	0.620867	-0.381545	-0.717523	-0.48297	0.501898
1.46667	0.127664	0.617464	0.77617	-0.685078	0.620787	-0.381171	-0.717196	-0.483076	0.502263
1.5	0.127972	0.61789	0.77578	-0.685529	0.620376	-0.38103	-0.71671	-0.483059	0.502972
1.53333	0.128445	0.617742	0.77582	-0.685801	0.620422	-0.380466	-0.716365	-0.483189	0.503338
1.56667	0.128231	0.617583	0.775982	-0.686048	0.620262	-0.38028	-0.716167	-0.483598	0.503228
1.6	0.128743	0.617194	0.776206	-0.686354	0.620415	-0.379478	-0.715782	-0.483897	0.503488
1.63333	0.129005	0.616512	0.776705	-0.686308	0.620866	-0.378824	-0.715779	-0.484188	0.503212
1.66667	0.129225	0.615074	0.777808	-0.68696	0.621196	-0.377097	-0.715114	-0.485592	0.502805
1.7	0.129257	0.612665	0.779702	-0.687728	0.621846	-0.374617	-0.714369	-0.487801	0.501724
1.73333	0.12958	0.610151	0.781617	-0.688157	0.622861	-0.372135	-0.713897	-0.489654	0.50059
1.76667	0.130269	0.608019	0.783162	-0.688562	0.623818	-0.369776	-0.713381	-0.491085	0.499922
1.8	0.130663	0.604908	0.785502	-0.689177	0.624981	-0.366653	-0.712715	-0.493442	0.498551
1.83333	0.131619	0.601798	0.787728	-0.690176	0.626037	-0.362953	-0.711572	-0.495899	0.497745
1.86667	0.133144	0.598516	0.789969	-0.690541	0.627773	-0.359243	-0.710933	-0.497675	0.496884
1.9	0.134878	0.594656	0.792586	-0.690731	0.629931	-0.355075	-0.710421	-0.499572	0.495711
1.93333	0.136871	0.5897	0.79594	-0.690962	0.63259	-0.349859	-0.709816	-0.502078	0.494044
1.96667	0.138095	0.584667	0.799434	-0.690674	0.635366	-0.345369	-0.709859	-0.504454	0.491555
2	0.139045	0.579609	0.802944	-0.68976	0.638474	-0.34144	-0.710561	-0.506363	0.488568
2.03333	0.140509	0.575392	0.805718	-0.68828	0.641752	-0.338269	-0.711708	-0.507029	0.486203
2.06667	0.14096	0.572503	0.807695	-0.687145	0.643903	-0.336484	-0.712715	-0.507573	0.484157
2.1	0.143075	0.569918	0.809149	-0.685307	0.646905	-0.334466	-0.714061	-0.506662	0.483125
2.13333	0.145577	0.569224	0.809192	-0.683507	0.649197	-0.33371	-0.71528	-0.504507	0.483577
2.16667	0.148838	0.568809	0.80889	-0.681465	0.651746	-0.332915	-0.716556	-0.50168	0.484628
2.2	0.152256	0.568445	0.80851	-0.68002	0.653885	-0.331673	-0.717211	-0.499304	0.486112
2.23333	0.154975	0.567058	0.808967	-0.679618	0.655505	-0.329291	-0.717009	-0.498757	0.48697
2.26667	0.157183	0.563917	0.810735	-0.678787	0.657976	-0.326062	-0.717316	-0.499064	0.486203
2.3	0.158805	0.559401	0.813543	-0.677498	0.661126	-0.322348	-0.718176	-0.499984	0.483983
2.33333	0.159774	0.555044	0.816333	-0.675925	0.664202	-0.319313	-0.719443	-0.500762	0.48129
2.36667	0.160525	0.548393	0.820668	-0.674813	0.667754	-0.314217	-0.720319	-0.503358	0.477254
2.4	0.160749	0.540326	0.825959	-0.675429	0.670425	-0.307125	-0.719691	-0.508506	0.472722
2.43333	0.159518	0.532793	0.831075	-0.675047	0.673144	-0.301976	-0.720324	-0.512844	0.467039
2.46667	0.159536	0.523388	0.837026	-0.675065	0.676498	-0.294344	-0.720303	-0.518089	0.461247
2.5	0.157145	0.512111	0.844421	-0.676164	0.678994	-0.285952	-0.719797	-0.526032	0.452972
2.53333	0.156666	0.500157	0.851645	-0.676541	0.682564	-0.276404	-0.719548	-0.532869	0.445311
2.56667	0.156759	0.490799	0.857055	-0.677201	0.685078	-0.268452	-0.718906	-0.538316	0.439762
2.6	0.158811	0.484909	0.860025	-0.676578	0.687844	-0.262892	-0.719042	-0.540124	0.437316
2.63333	0.162005	0.482285	0.860904	-0.672186	0.692651	-0.261536	-0.72244	-0.536318	0.436398
2.66667	0.166232	0.478819	0.862032	-0.671052	0.695478	-0.256902	-0.722534	-0.535763	0.436924
2.7	0.174125	0.475716	0.862192	-0.669701	0.699112	-0.250486	-0.721929	-0.533794	0.440321
2.73333	0.180595	0.474161	0.861718	-0.667468	0.702581	-0.246711	-0.722407	-0.530614	0.443369
2.76667	0.18611	0.471405	0.862056	-0.666627	0.705127	-0.241672	-0.721784	-0.529692	0.445482
2.8	0.191205	0.466723	0.863487	-0.665847	0.708028	-0.235254	-0.721172	-0.529968	0.446145
2.83333	0.194542	0.46014	0.866271	-0.664403	0.711513	-0.22873	-0.721611	-0.531055	0.444138
2.86667	0.197148	0.452252	0.869828	-0.662674	0.715332	-0.221728	-0.722493	-0.532699	0.440722
2.9	0.19814	0.446052	0.872799	-0.661166	0.718189	-0.216941	-0.723602	-0.534081	0.437216
2.93333	0.198712	0.441448	0.875007	-0.660084	0.720226	-0.213456	-0.724432	-0.535162	0.434511
2.96667	0.197044	0.438585	0.876822	-0.659308	0.721196	-0.212578	-0.725594	-0.536209	0.43127
3	0.193646	0.437393	0.878174	-0.658796	0.721254	-0.213965	-0.726973	-0.537104	0.42782
3.03333	0.189067	0.438617	0.878561	-0.658611	0.720259	-0.217852	-0.728345	-0.537441	0.425055
3.06667	0.179875	0.439548	0.880024	-0.660024	0.717275	-0.223352	-0.729393	-0.540661	0.419132
3.1	0.164401	0.438878	0.883379	-0.66495	0.710792	-0.229383	-0.72857	-0.549692	0.408687
3.13333	0.145827	0.439656	0.886249	-0.672611	0.700991	-0.237078	-0.725485	-0.561528	0.397941
3.16667	0.124615	0.443629	0.887505	-0.677435	0.691587	-0.250578	-0.72495	-0.570001	0.386712
3.2	0.0990215	0.448114	0.888476	-0.68083	0.681676	-0.267933	-0.725717	-0.57837	0.37259
3.23333	0.0687133	0.450322	0.890218	-0.686983	0.668412	-0.285094	-0.723417	-0.591976	0.355293
3.26667	0.0335744	0.44945	0.892675	-0.698965	0.648977	-0.300462	-0.714368	-0.61386	0.335938
3.3	-0.00157232	0.446568	0.894748	-0.714416	0.625573	-0.313478	-0.69972	-0.639715	0.318052
3.33333	-0.0364025	0.444384	0.895097	-0.729292	0.600558	-0.327815	-0.683233	-0.66472	0.302224
3.36667	-0.0720979	0.438939	0.89562	-0.742855	0.57557	-0.341884	-0.665559	-0.689965	0.28457
3.4	-0.107567	0.426184	0.898219	-0.757508	0.550003	-0.35168	-0.643903	-0.718237	0.263676
3.43333	-0.147086	0.40184	0.90382	-0.776269	0.519399	-0.357254	-0.613002	-0.754154	0.23554
3.46667	-0.183307	0.368449	0.911397	-0.798959	0.484331	-0.356493	-0.572768	-0.793516	0.205595
3.5	-0.219197	0.332236	0.917372	-0.822172	0.443363	-0.357018	-0.525343	-0.832495	0.175972
3.53333	-0.246047	0.29616	0.922903	-0.843241	0.404089	-0.354482	-0.477918	-0.865449	0.15031
3.56667	-0.239446	0.23491	0.942063	-0.875965	0.366213	-0.313964	-0.418749	-0.900392	0.118085
3.6	-0.198615	0.151662	0.968272	-0.915927	0.322834	-0.238444	-0.348754	-0.934225	0.074791
3.63333	-0.148221	0.0707005	0.986424	-0.943569	0.288588	-0.162466	-0.296156	-0.95484	0.0239359
3.66667	-0.095011	-0.00281043	0.995472	-0.960068	0.264594	-0.0908849	-0.263141	-0.964356	-0.0278376
3.7	-0.0569151	-0.0605149	0.996543	-0.9643	0.261899	-0.0391699	-0.258623	-0.963196	-0.0732605
3.73333	-0.0408573	-0.0997335	0.994175	-0.95532	0.295417	-0.00962495	-0.292736	-0.950148	-0.107347
3.76667	-0.0359486	-0.122713	0.991791	-0.935477	0.353252	0.00979995	-0.351554	-0.927445	-0.127494
3.8	-0.0320922	-0.134184	0.990437	-0.910918	0.41175	0.0262681	-0.411337	-0.901364	-0.135445
3.83333	-0.0318001	-0.13817	0.989898	-0.883656	0.466691	0.0367536	-0.467055	-0.873561	-0.136936
3.86667	-0.038507	-0.127997	0.991027	-0.847569	0.5295	0.0354549	-0.529286	-0.838598	-0.128875
3.9	-0.0406426	-0.105394	0.9936	-0.801876	0.596712	0.030495	-0.596107	-0.795504	-0.108765
3.93333	-0.0369475	-0.0720324	0.996718	-0.749547	0.661648	0.0200319	-0.660919	-0.746347	-0.0784379
3.96667	-0.0300803	-0.0314914	0.999051	-0.694486	0.719504	0.00176949	-0.718877	-0.693774	-0.0435132
4	-0.0209582	0.0105809	0.999724	-0.645703	0.763283	-0.021615	-0.763301	-0.645978	-0.00916491
4.03333	-0.0124015	0.0485035	0.998746	-0.608231	0.792424	-0.046036	-0.793663	-0.608039	0.0196741
4.06667	-0.00576283	0.0809064	0.996705	-0.584367	0.80855	-0.0690118	-0.811469	-0.582839	0.0426195
4.1	0.00379607	0.107638	0.994183	-0.575659	0.813172	-0.0858423	-0.817681	-0.571984	0.0650497
4.13333	0.014855	0.130869	0.991288	-0.580616	0.808257	-0.0980046	-0.814042	-0.574102	0.0879913
4.16667	0.0214683	0.156067	0.987513	-0.590082	0.799326	-0.113497	-0.807058	-0.580277	0.109252
4.2	0.0245367	0.184858	0.982459	-0.597788	0.79041	-0.133793	-0.801278	-0.58402	0.1299
4.23333	0.0226455	0.22008	0.975219	-0.605336	0.779348	-0.161821	-0.795648	-0.58667	0.150871
4.26667	0.0176546	0.265637	0.963912	-0.61355	0.764084	-0.19933	-0.789459	-0.587889	0.176471
4.3	0.0122837	0.32001	0.947335	-0.615342	0.749187	-0.245097	-0.788164	-0.579924	0.206118
4.33333	-0.0303311	0.401955	0.915157	-0.613328	0.715464	-0.334574	-0.789246	-0.571439	0.224829
4.36667	-0.0375978	0.47938	0.876802	-0.612575	0.682174	-0.399237	-0.789518	-0.552117	0.268007
4.4	-0.0220037	0.53474	0.84473	-0.61106	0.661547	-0.434696	-0.791278	-0.525746	0.312202
4.43333	-0.00374799	0.572386	0.819976	-0.615872	0.644695	-0.452846	-0.787837	-0.506698	0.3501
4.46667	0.0121773	0.595979	0.802907	-0.61935	0.634888	-0.461869	-0.78502	-0.491657	0.376851
4.5	0.0267609	0.60449	0.796163	-0.627635	0.630057	-0.457277	-0.778048	-0.487463	0.39626
4.53333	0.0380779	0.605709	0.794774	-0.630029	0.631904	-0.451398	-0.775637	-0.483543	0.405676
4.56667	0.0494172	0.601793	0.797122	-0.632475	0.636541	-0.441352	-0.773003	-0.482349	0.412075
4.6	0.0601732	0.591026	0.804405	-0.637114	0.643105	-0.424855	-0.768417	-0.486933	0.415249
4.63333	0.0699439	0.577123	0.813656	-0.641537	0.650629	-0.406341	-0.763897	-0.493569	0.415753
4.66667	0.079912	0.564256	0.821723	-0.643308	0.658896	-0.389886	-0.761426	-0.497464	0.415644
4.7	0.0856894	0.551932	0.829475	-0.64347	0.666273	-0.376864	-0.76066	-0.501449	0.412244
4.73333	0.0900407	0.53921	0.837344	-0.642745	0.673694	-0.364712	-0.76077	-0.50536	0.407235
4.76667	0.0942874	0.528112	0.843924	-0.640173	0.681361	-0.35486	-0.762422	-0.506799	0.402327
4.8	0.0971956	0.519997	0.84862	-0.634592	0.689231	-0.349649	-0.766711	-0.504543	0.396976
4.83333	0.104684	0.517908	0.849007	-0.629415	0.69547	-0.34664	-0.769986	-0.49809	0.398783
4.86667	0.111203	0.519819	0.847008	-0.623358	0.700267	-0.347923	-0.773989	-0.489299	0.401905
4.9	0.120463	0.520995	0.845017	-0.619784	0.704406	-0.345947	-0.775471	-0.482055	0.407759
4.93333	0.12991	0.520542	0.843896	-0.617168	0.708584	-0.34207	-0.776033	-0.476387	0.413314
4.96667	0.140737	0.520165	0.842391	-0.61421	0.7132	-0.337776	-0.776492	-0.469867	0.419864
5	0.152309	0.521482	0.839559	-0.612173	0.716676	-0.334097	-0.775917	-0.463069	0.428393
5.03333	0.160831	0.522168	0.837541	-0.610162	0.719604	-0.331471	-0.775781	-0.457724	0.434341
5.06667	0.167045	0.520136	0.837588	-0.609131	0.722448	-0.327153	-0.775278	-0.455551	0.437512
5.1	0.171149	0.513402	0.840908	-0.610505	0.725159	-0.318478	-0.773299	-0.458872	0.437544
5.13333	0.17084	0.50514	0.84596	-0.611389	0.727645	-0.311023	-0.772669	-0.464075	0.433148
5.16667	0.168613	0.496604	0.851442	-0.612464	0.729601	-0.304252	-0.772306	-0.470177	0.427173
5.2	0.165603	0.490358	0.855643	-0.613485	0.730535	-0.299925	-0.772148	-0.475255	0.421806
5.23333	0.161779	0.487656	0.857916	-0.615254	0.729559	-0.298676	-0.771551	-0.479516	0.418059
5.26667	0.155706	0.488693	0.858449	-0.617432	0.726511	-0.301594	-0.77106	-0.483074	0.414857
5.3	0.142645	0.485937	0.862275	-0.626322	0.718892	-0.301521	-0.766403	-0.497051	0.406899
5.33333	0.120274	0.479156	0.86945	-0.643681	0.704401	-0.299155	-0.755783	-0.523668	0.393145
5.36667	0.0917943	0.472191	0.876703	-0.662334	0.686378	-0.300333	-0.743564	-0.553101	0.375754
5.4	0.0597015	0.470743	0.880248	-0.675276	0.668471	-0.311688	-0.735145	-0.575802	0.35779
5.43333	0.0261536	0.47064	0.881938	-0.688373	0.64822	-0.325505	-0.724885	-0.598589	0.340929
5.46667	-0.0125445	0.468483	0.883383	-0.706998	0.620587	-0.339154	-0.707104	-0.628805	0.323432
5.5	-0.0566325	0.462031	0.885054	-0.730038	0.585547	-0.352391	-0.681056	-0.66608	0.304139
5.53333	-0.100971	0.448271	0.888177	-0.755691	0.546101	-0.361532	-0.647098	-0.707691	0.283614
5.56667	-0.143928	0.424425	0.893951	-0.78512	0.500922	-0.364231	-0.602388	-0.754282	0.261128
5.6	-0.187154	0.395531	0.899182	-0.813046	0.45134	-0.36776	-0.551297	-0.799905	0.237115
5.63333	-0.226079	0.363095	0.903908	-0.838764	0.399299	-0.370182	-0.495341	-0.841856	0.214278
5.66667	-0.232043	0.314564	0.920438	-0.871239	0.353578	-0.340477	-0.432548	-0.880927	0.192015
5.7	-0.19469	0.244916	0.949796	-0.90781	0.321711	-0.269041	-0.371452	-0.914614	0.159703
5.73333	-0.140671	0.163718	0.976426	-0.937449	0.295179	-0.184548	-0.318435	-0.941311	0.111954
5.76667	-0.0894653	0.0832919	0.992501	-0.957765	0.266226	-0.108676	-0.273282	-0.960305	0.055956
5.8	-0.0525379	0.0193963	0.998431	-0.964324	0.258784	-0.0557706	-0.25946	-0.96574	0.00510835
5.83333	-0.0406104	-0.0194818	0.998985	-0.95614	0.291023	-0.0331932	-0.290081	-0.956518	-0.0304459
5.86667	-0.0440827	-0.0372436	0.998333	-0.934831	0.353982	-0.0280731	-0.352346	-0.934511	-0.0504209
5.9	-0.0508809	-0.0446267	0.997707	-0.906146	0.422081	-0.0273321	-0.419894	-0.905459	-0.0619142
5.93333	-0.0580918	-0.0406906	0.997482	-0.872892	0.48693	-0.0309724	-0.484444	-0.872493	-0.0638052
5.96667	-0.0611571	-0.0226389	0.997871	-0.833398	0.551326	-0.0385689	-0.549279	-0.833983	-0.0525847
6	-0.0588393	0.00959523	0.998221	-0.783484	0.619222	-0.0521339	-0.61862	-0.785158	-0.0289168
6.03333	-0.0548104	0.0588359	0.996762	-0.726073	0.682921	-0.0802364	-0.68543	-0.728119	0.00528801
6.06667	-0.0427871	0.112266	0.992757	-0.668517	0.735221	-0.111955	-0.742465	-0.668465	0.0435938
6.1	-0.0262108	0.160769	0.986644	-0.627808	0.765417	-0.1414	-0.777927	-0.623129	0.08087
6.13333	-0.0142273	0.204906	0.978678	-0.607337	0.775767	-0.171252	-0.794317	-0.596824	0.11341
6.16667	0.000329633	0.24054	0.970639	-0.600648	0.776087	-0.192123	-0.799514	-0.582949	0.144736
6.2	0.0153289	0.276508	0.960889	-0.60298	0.769151	-0.211713	-0.797609	-0.576152	0.178519
6.23333	0.0234625	0.312166	0.949738	-0.611568	0.75599	-0.233375	-0.790844	-0.575353	0.208648
6.26667	0.0316308	0.342496	0.938986	-0.629036	0.736893	-0.247593	-0.776732	-0.582825	0.238751
6.3	0.0374402	0.370486	0.928083	-0.645915	0.71762	-0.260413	-0.762491	-0.589713	0.26617
6.33333	0.0329021	0.399446	0.916166	-0.659676	0.697309	-0.280334	-0.750829	-0.59515	0.286448
6.36667	-0.00520806	0.44146	0.897266	-0.671361	0.663449	-0.330318	-0.741112	-0.60411	0.292924
6.4	-0.017202	0.484282	0.874743	-0.669919	0.643874	-0.369641	-0.742235	-0.592365	0.313354
6.43333	-0.0139653	0.51883	0.854763	-0.666555	0.63237	-0.394731	-0.745325	-0.575259	0.336998
6.46667	0.00128335	0.554557	0.832145	-0.662238	0.623992	-0.414819	-0.749292	-0.550546	0.36805
6.5	0.0144763	0.587329	0.809219	-0.653795	0.617889	-0.436767	-0.756533	-0.52274	0.392937
6.53333	0.0311431	0.609011	0.79255	-0.647894	0.61609	-0.447957	-0.761094	-0.499538	0.413762
6.56667	0.0464197	0.620859	0.782547	-0.647386	0.615304	-0.449769	-0.760747	-0.485732	0.430498
6.6	0.0604967	0.63026	0.774024	-0.646799	0.615371	-0.450522	-0.760258	-0.473383	0.444879
6.63333	0.0714063	0.636069	0.768321	-0.644299	0.617437	-0.451277	-0.761433	-0.462804	0.453907
6.66667	0.0816704	0.640139	0.763905	-0.640906	0.620707	-0.451622	-0.763262	-0.452707	0.460963
6.7	0.0915856	0.644068	0.759466	-0.637766	0.623665	-0.451992	-0.764766	-0.442965	0.467883
6.73333	0.0981479	0.646558	0.756525	-0.633945	0.626614	-0.453286	-0.767125	-0.435106	0.471383
6.76667	0.105604	0.645635	0.756309	-0.631867	0.630848	-0.450305	-0.767849	-0.430332	0.474575
6.8	0.108851	0.641759	0.759142	-0.629197	0.635711	-0.447194	-0.769586	-0.428973	0.47299
6.83333	0.113505	0.636719	0.762696	-0.626005	0.641944	-0.442749	-0.771515	-0.427197	0.471453
6.86667	0.119379	0.630304	0.767115	-0.623671	0.648784	-0.436021	-0.772517	-0.426376	0.470554
6.9	0.126758	0.621978	0.772707	-0.62335	0.655905	-0.425704	-0.771601	-0.427705	0.470851
6.93333	0.135705	0.615074	0.776703	-0.623434	0.662303	-0.415554	-0.770009	-0.42783	0.473336
6.96667	0.14277	0.607979	0.781011	-0.622554	0.668611	-0.406677	-0.769444	-0.42816	0.473957
7	0.148978	0.600389	0.785709	-0.622704	0.674199	-0.397109	-0.768144	-0.430104	0.474305
7.03333	0.15361	0.589846	0.792771	-0.623996	0.679989	-0.385024	-0.76618	-0.435543	0.472515
7.06667	0.157321	0.576563	0.801764	-0.62674	0.685712	-0.37013	-0.763182	-0.444268	0.469232
7.1	0.158915	0.559296	0.813593	-0.630651	0.69154	-0.35221	-0.759622	-0.457122	0.462617
7.13333	0.158139	0.5366	0.828886	-0.636211	0.697346	-0.330065	-0.755134	-0.475151	0.451668
7.16667	0.153689	0.513111	0.84445	-0.639719	0.702997	-0.310732	-0.753086	-0.492455	0.43629
7.2	0.150496	0.489411	0.858969	-0.643385	0.708173	-0.290769	-0.750604	-0.508889	0.421457
7.23333	0.145893	0.469799	0.870634	-0.64561	0.712035	-0.276033	-0.749602	-0.521819	0.407187
7.26667	0.141114	0.453395	0.880068	-0.647202	0.714943	-0.26455	-0.749144	-0.53225	0.394326
7.3	0.136081	0.439323	0.887963	-0.648902	0.716799	-0.255194	-0.748604	-0.541474	0.38262
7.33333	0.132005	0.428375	0.893907	-0.650204	0.718105	-0.248111	-0.748204	-0.54847	0.373325
7.36667	0.129091	0.423145	0.896819	-0.649927	0.719161	-0.245768	-0.748953	-0.55114	0.36785
7.4	0.125014	0.4223	0.897794	-0.649366	0.718981	-0.24777	-0.75013	-0.552022	0.36411
7.43333	0.115949	0.422249	0.899034	-0.652147	0.715074	-0.251741	-0.749173	-0.557113	0.35828
7.46667	0.095454	0.416497	0.904112	-0.662153	0.704741	-0.254744	-0.743265	-0.574344	0.343055
7.5	0.0662213	0.40944	0.909931	-0.679435	0.686355	-0.259391	-0.730741	-0.601062	0.323639
7.53333	0.0324291	0.407999	0.912406	-0.694141	0.666003	-0.273144	-0.719108	-0.624481	0.304807
7.56667	-0.00380324	0.411488	0.911407	-0.705509	0.644811	-0.294067	-0.708691	-0.644124	0.287856
7.6	-0.039089	0.417089	0.908025	-0.717133	0.621096	-0.316164	-0.695839	-0.663533	0.27483
7.63333	-0.0732482	0.42384	0.90277	-0.729475	0.594493	-0.338295	-0.680074	-0.683328	0.265636
7.66667	-0.107362	0.42635	0.898165	-0.745405	0.563283	-0.356487	-0.657909	-0.70777	0.257328
7.7	-0.141851	0.419775	0.896475	-0.765107	0.52813	-0.368361	-0.628084	-0.738152	0.246257
7.73333	-0.17692	0.403044	0.897917	-0.789872	0.486148	-0.373847	-0.587198	-0.775381	0.232344
7.76667	-0.210507	0.380737	0.900403	-0.813243	0.442931	-0.377423	-0.542516	-0.811697	0.216392
7.8	-0.24408	0.359004	0.900856	-0.831614	0.400365	-0.38487	-0.498841	-0.843104	0.200832
7.83333	-0.261671	0.330756	0.906713	-0.851441	0.36329	-0.378244	-0.454507	-0.870988	0.186557
7.86667	-0.247641	0.283138	0.926556	-0.881649	0.330665	-0.336684	-0.401708	-0.900274	0.167742
7.9	-0.209529	0.21764	0.953274	-0.910128	0.312977	-0.2715	-0.357442	-0.924488	0.132503
7.93333	-0.170632	0.162491	0.971844	-0.921148	0.323857	-0.21588	-0.349817	-0.932048	0.0944177
7.96667	-0.141631	0.119369	0.982696	-0.92222	0.344895	-0.17481	-0.359794	-0.93102	0.0612362
8	-0.112838	0.0739981	0.990854	-0.92437	0.357934	-0.131998	-0.364428	-0.93081	0.0280131
8.03333	-0.0827512	0.0215935	0.996336	-0.927267	0.364645	-0.0849176	-0.365142	-0.930896	-0.0101518
8.06667	-0.0608612	-0.027652	0.997763	-0.926456	0.373561	-0.0461588	-0.371449	-0.927193	-0.0483538
8.1	-0.0467841	-0.0649436	0.996792	-0.918936	0.394019	-0.0174586	-0.391621	-0.916805	-0.0781129
8.13333	-0.0450468	-0.0893135	0.994984	-0.904555	0.426349	-0.00268204	-0.423971	-0.900139	-0.0999946
8.16667	-0.0498246	-0.100516	0.993687	-0.879806	0.475316	0.00396579	-0.472714	-0.874054	-0.112117
8.2	-0.0585732	-0.0973352	0.993527	-0.847634	0.530577	0.00200816	-0.527338	-0.84203	-0.113582
8.23333	-0.0654865	-0.0784547	0.994764	-0.811876	0.583783	-0.0074052	-0.580146	-0.80811	-0.101925
8.26667	-0.0721363	-0.0454631	0.996358	-0.771529	0.635628	-0.0268554	-0.632092	-0.770656	-0.0809278
8.3	-0.0674063	-0.00455472	0.997715	-0.728508	0.683484	-0.0460983	-0.681713	-0.729951	-0.0493893
8.33333	-0.0557371	0.0366766	0.997772	-0.685028	0.725616	-0.0649394	-0.726381	-0.687121	-0.0153192
8.36667	-0.0382197	0.0854984	0.995605	-0.645542	0.758414	-0.0899107	-0.762768	-0.646141	0.0262065
8.4	-0.0210029	0.126118	0.991793	-0.615203	0.780336	-0.112257	-0.788089	-0.612512	0.0611988
8.43333	-0.00334927	0.156496	0.987673	-0.60309	0.787526	-0.126828	-0.797666	-0.596081	0.0917436
8.46667	0.00678775	0.185203	0.982677	-0.6032	0.784539	-0.143694	-0.797561	-0.591775	0.11704
8.5	0.0147718	0.208688	0.977871	-0.610949	0.776069	-0.156392	-0.791532	-0.595119	0.138962
8.53333	0.0147995	0.234207	0.972074	-0.620674	0.764356	-0.174711	-0.783929	-0.600755	0.156678
8.56667	-0.00907492	0.27242	0.962136	-0.627173	0.747848	-0.217662	-0.778827	-0.605401	0.164068
8.6	-0.035769	0.318554	0.947229	-0.630388	0.728284	-0.268727	-0.775456	-0.606734	0.174763
8.63333	-0.0427162	0.360372	0.93183	-0.628065	0.715658	-0.305562	-0.776988	-0.598302	0.195767
8.66667	-0.0444342	0.401258	0.914887	-0.626959	0.701792	-0.338247	-0.777784	-0.588626	0.220389
8.7	-0.0277096	0.440432	0.897358	-0.617524	0.69838	-0.361841	-0.786063	-0.564167	0.252626
8.73333	-0.0124296	0.463492	0.886014	-0.615755	0.694597	-0.371996	-0.78784	-0.550191	0.276764
8.76667	0.0036971	0.47401	0.880512	-0.615756	0.694869	-0.371486	-0.787928	-0.540807	0.294443
8.8	0.0180954	0.476118	0.879195	-0.620038	0.695178	-0.363704	-0.784363	-0.538553	0.307791
8.83333	0.0303945	0.475599	0.879137	-0.621325	0.697958	-0.356104	-0.782964	-0.535406	0.316716
8.86667	0.0383823	0.469738	0.881971	-0.621486	0.702368	-0.347036	-0.782484	-0.534813	0.318895
8.9	0.0470481	0.45871	0.88734	-0.625452	0.70616	-0.331886	-0.778843	-0.539374	0.320124
8.93333	0.0555228	0.443807	0.894401	-0.631114	0.709738	-0.312997	-0.773701	-0.54709	0.319499
8.96667	0.0647367	0.428878	0.90104	-0.636121	0.713432	-0.293877	-0.768869	-0.554146	0.319004
9	0.0698353	0.415633	0.906848	-0.637738	0.717636	-0.2798	-0.767081	-0.558792	0.315181
9.03333	0.0741537	0.400015	0.913504	-0.639143	0.722221	-0.264371	-0.765504	-0.564256	0.309222
9.06667	0.0765648	0.385479	0.919535	-0.638916	0.726983	-0.25156	-0.765457	-0.568245	0.30195
9.1	0.0796203	0.373995	0.924007	-0.637177	0.731951	-0.241355	-0.766594	-0.569539	0.296579
9.13333	0.0823996	0.364924	0.927384	-0.634691	0.736652	-0.233478	-0.768361	-0.569363	0.292314
9.16667	0.087007	0.355517	0.930611	-0.633852	0.740429	-0.223601	-0.768545	-0.570415	0.289768
9.2	0.0917229	0.346298	0.93363	-0.634783	0.742718	-0.213123	-0.767227	-0.573104	0.287948
9.23333	0.0961281	0.336121	0.9369	-0.633746	0.746488	-0.202785	-0.767545	-0.574264	0.284774
9.26667	0.0992876	0.324484	0.940666	-0.633014	0.74998	-0.191892	-0.767747	-0.576402	0.279867
9.3	0.103985	0.309936	0.945054	-0.634684	0.752258	-0.176873	-0.765743	-0.581419	0.274935
9.33333	0.106899	0.295124	0.94946	-0.637456	0.753189	-0.162346	-0.763035	-0.587884	0.268644
9.36667	0.110706	0.28241	0.952884	-0.638157	0.755215	-0.149686	-0.761905	-0.591519	0.263829
9.4	0.113911	0.272007	0.955529	-0.640915	0.75501	-0.138521	-0.759113	-0.596634	0.260337
9.43333	0.116612	0.264484	0.957314	-0.64377	0.754109	-0.129924	-0.756281	-0.60114	0.258205
9.46667	0.118013	0.261195	0.958045	-0.646866	0.752223	-0.125399	-0.753417	-0.604928	0.25773
9.5	0.119352	0.260331	0.958114	-0.650429	0.749599	-0.122651	-0.750131	-0.608547	0.258793
9.53333	0.119545	0.26068	0.957995	-0.653858	0.74678	-0.121614	-0.747114	-0.611854	0.259721
9.56667	0.119257	0.261743	0.957741	-0.657031	0.744005	-0.121517	-0.744371	-0.614774	0.260701
9.6	0.119541	0.262929	0.957381	-0.66015	0.741298	-0.121157	-0.74156	-0.617532	0.262189
9.63333	0.121231	0.26452	0.95673	-0.661607	0.74006	-0.12078	-0.739986	-0.618337	0.264727
9.66667	0.124549	0.266612	0.955722	-0.661887	0.739912	-0.120152	-0.739184	-0.617615	0.268622
9.7	0.127858	0.270823	0.9541	-0.661561	0.740001	-0.121395	-0.738911	-0.615674	0.273781
9.73333	0.128437	0.276978	0.952254	-0.66287	0.738175	-0.125304	-0.737637	-0.615126	0.27841
9.76667	0.121291	0.280868	0.952051	-0.668818	0.731847	-0.130697	-0.733465	-0.620897	0.276616
9.8	0.107554	0.284535	0.952613	-0.679717	0.720299	-0.138402	-0.725546	-0.632621	0.270874
9.83333	0.0876823	0.291308	0.952602	-0.690212	0.707298	-0.152763	-0.718275	-0.644103	0.263082
9.86667	0.0607389	0.300713	0.951779	-0.69779	0.694614	-0.174932	-0.713723	-0.653516	0.252025
9.9	0.0298501	0.310066	0.950246	-0.707192	0.678395	-0.199146	-0.706391	-0.666062	0.239527
9.93333	-0.00500842	0.318116	0.948039	-0.722685	0.654111	-0.223306	-0.69116	-0.686251	0.226621
9.96667	-0.0444328	0.324475	0.94485	-0.743919	0.620517	-0.248078	-0.666791	-0.713915	0.213812
10	-0.0880189	0.32863	0.940348	-0.768291	0.578458	-0.274072	-0.634021	-0.746584	0.201568
10.0333	-0.133657	0.32231	0.937151	-0.795174	0.529498	-0.295516	-0.591467	-0.784696	0.185522
10.0667	-0.172749	0.298558	0.938627	-0.822388	0.480729	-0.304266	-0.542066	-0.824477	0.162485
10.1	-0.198625	0.261634	0.944508	-0.848436	0.436522	-0.299341	-0.490616	-0.860811	0.135276
10.1333	-0.193437	0.203762	0.95972	-0.881676	0.393002	-0.261147	-0.430383	-0.896678	0.103631
10.1667	-0.158642	0.127784	0.979032	-0.918844	0.343778	-0.193759	-0.361329	-0.930316	0.0628758
10.2	-0.112861	0.0531325	0.992189	-0.945328	0.301755	-0.123689	-0.30597	-0.951904	0.0161713
10.2333	-0.0701116	-0.01238	0.997462	-0.960593	0.270453	-0.0641633	-0.268972	-0.962654	-0.0308541
10.2667	-0.033464	-0.07186	0.996853	-0.966914	0.254712	-0.0140975	-0.252898	-0.964343	-0.0780062
10.3	-0.0172483	-0.115194	0.993193	-0.961106	0.275757	0.0152921	-0.275642	-0.9543	-0.11547
10.3333	-0.0166184	-0.145293	0.989249	-0.945879	0.322983	0.0315474	-0.324094	-0.935186	-0.142797
10.3667	-0.0247504	-0.1644	0.986083	-0.924705	0.378586	0.039908	-0.379878	-0.910849	-0.161392
10.4	-0.0367573	-0.167335	0.985215	-0.896886	0.440326	0.041326	-0.440731	-0.882107	-0.166266
10.4333	-0.0472363	-0.157784	0.986343	-0.861245	0.506629	0.0397996	-0.50599	-0.847603	-0.159822
10.4667	-0.0578304	-0.137919	0.988754	-0.818978	0.572931	0.0320164	-0.570904	-0.807916	-0.146085
10.5	-0.0624904	-0.106786	0.992316	-0.767832	0.640322	0.0205535	-0.637596	-0.760648	-0.122008
10.5333	-0.063477	-0.06525	0.995848	-0.71299	0.701174	0.000495193	-0.698295	-0.709998	-0.091031
10.5667	-0.0585285	-0.0193889	0.998097	-0.6634	0.747868	-0.0243739	-0.745973	-0.663564	-0.0566342
10.6	-0.0495157	0.0224172	0.998522	-0.626046	0.778276	-0.0485175	-0.778213	-0.627523	-0.0245027
10.6333	-0.042939	0.0585469	0.997361	-0.603845	0.79379	-0.072594	-0.795945	-0.605368	0.00126876
10.6667	-0.0354426	0.0862816	0.99564	-0.595822	0.798016	-0.0903656	-0.802334	-0.596427	0.0231248
10.7	-0.0267888	0.110999	0.993459	-0.594072	0.797513	-0.105125	-0.803966	-0.593002	0.0445767
10.7333	-0.0186075	0.136899	0.99041	-0.594668	0.794808	-0.121034	-0.803756	-0.591218	0.06662
10.7667	-0.00878934	0.160589	0.986982	-0.600312	0.78852	-0.133644	-0.799717	-0.593672	0.0894732
10.8	-0.000573314	0.184554	0.982822	-0.609491	0.77911	-0.146657	-0.792793	-0.599105	0.112038
10.8333	0.00157321	0.212147	0.977237	-0.620495	0.766566	-0.165414	-0.784209	-0.606111	0.132842
10.8667	-0.0216861	0.244945	0.969294	-0.630493	0.749071	-0.203399	-0.775892	-0.615544	0.138192
10.9	-0.0303525	0.281419	0.959105	-0.633557	0.736752	-0.236227	-0.773101	-0.614817	0.155933
10.9333	-0.0334185	0.325717	0.944877	-0.624323	0.731451	-0.274226	-0.780451	-0.599073	0.178909
10.9667	-0.0219089	0.367033	0.92995	-0.618662	0.725711	-0.300999	-0.785351	-0.58192	0.21117
11	-0.00307197	0.403113	0.915145	-0.61236	0.722737	-0.320414	-0.790573	-0.561383	0.24463
11.0333	0.0152339	0.431582	0.901945	-0.608911	0.719496	-0.333995	-0.793092	-0.544116	0.273756
11.0667	0.0308291	0.451897	0.891537	-0.607677	0.716658	-0.342242	-0.793585	-0.531216	0.296701
11.1	0.0471727	0.469749	0.881539	-0.605489	0.715352	-0.348791	-0.794454	-0.517309	0.318173
11.1333	0.0593588	0.482732	0.873754	-0.603876	0.714337	-0.353633	-0.794865	-0.506648	0.333912
11.1667	0.0700195	0.489566	0.86915	-0.605448	0.713313	-0.353012	-0.792799	-0.501508	0.346353
11.2	0.0797688	0.491613	0.867152	-0.608897	0.712795	-0.348091	-0.789228	-0.50024	0.356201
11.2333	0.0861697	0.487774	0.868707	-0.61411	0.712605	-0.339208	-0.784502	-0.504252	0.360952
11.2667	0.0888418	0.472742	0.876711	-0.623531	0.712785	-0.321164	-0.776734	-0.518124	0.358094
11.3	0.0912428	0.451488	0.8876	-0.630787	0.715905	-0.29931	-0.770573	-0.532577	0.350114
11.3333	0.0953232	0.431613	0.897008	-0.63505	0.720289	-0.279096	-0.766567	-0.543041	0.342756
11.3667	0.0995074	0.413976	0.904833	-0.637836	0.724485	-0.261319	-0.763717	-0.551132	0.33614
11.4	0.103761	0.39939	0.91089	-0.637537	0.72965	-0.2473	-0.7634	-0.555066	0.330335
11.4333	0.108359	0.388082	0.915232	-0.635904	0.734718	-0.236252	-0.764123	-0.5564	0.326397
11.4667	0.112085	0.377481	0.919209	-0.631244	0.741463	-0.227516	-0.767443	-0.554744	0.321389
11.5	0.118155	0.36446	0.923693	-0.630746	0.745994	-0.213663	-0.766941	-0.55737	0.318025
11.5333	0.122051	0.349257	0.929044	-0.632871	0.748452	-0.198225	-0.764577	-0.563771	0.312384
11.5667	0.127785	0.329527	0.935459	-0.636768	0.750383	-0.177348	-0.760393	-0.573008	0.30572
11.6	0.136104	0.305476	0.942423	-0.64336	0.750645	-0.1504	-0.753368	-0.585847	0.298697
11.6333	0.142213	0.277777	0.950061	-0.650516	0.749661	-0.12181	-0.746059	-0.600707	0.28731
11.6667	0.146891	0.250446	0.956922	-0.656934	0.74795	-0.0949115	-0.7395	-0.614693	0.274394
11.7	0.149982	0.223816	0.963022	-0.663277	0.745105	-0.0698706	-0.733191	-0.628271	0.260205
11.7333	0.150993	0.199179	0.968261	-0.670203	0.740635	-0.0478411	-0.726656	-0.641707	0.245321
11.7667	0.150768	0.179415	0.972152	-0.675339	0.736845	-0.031252	-0.721933	-0.65182	0.232258
11.8	0.147179	0.163591	0.975488	-0.679903	0.73302	-0.0203474	-0.71838	-0.660242	0.219111
11.8333	0.141286	0.155445	0.977689	-0.683391	0.729848	-0.0172832	-0.716251	-0.665701	0.209347
11.8667	0.133796	0.155555	0.978724	-0.685665	0.727588	-0.0219071	-0.715516	-0.668146	0.204007
11.9	0.126118	0.16262	0.978595	-0.6882	0.724826	-0.0317569	-0.714476	-0.669464	0.203329
11.9333	0.114529	0.172229	0.978376	-0.693352	0.719165	-0.0454353	-0.71144	-0.673155	0.201781
11.9667	0.0964678	0.18343	0.978288	-0.704066	0.707317	-0.0631955	-0.703551	-0.682683	0.19738
12	0.0716456	0.200052	0.977162	-0.716359	0.692013	-0.0891507	-0.694044	-0.693611	0.192889
12.0333	0.04237	0.22151	0.974237	-0.726459	0.676264	-0.122166	-0.685903	-0.702567	0.189571
12.0667	0.00700184	0.246012	0.969242	-0.73759	0.655747	-0.161113	-0.675213	-0.713774	0.186047
12.1	-0.0288049	0.269565	0.962551	-0.750777	0.629907	-0.198874	-0.659927	-0.72839	0.184238
12.1333	-0.0669142	0.293114	0.953733	-0.763063	0.600833	-0.238192	-0.642851	-0.743697	0.18346
