0	0	1	0	0	0	-1	-1	0	0
0.0333333	0.978875	0.176926	0.102477	-0.0667161	0.750165	-0.657876	-0.19327	0.637142	0.746121
0.0666667	0.991402	0.102907	0.0808215	-0.0201471	0.730344	-0.682782	-0.12929	0.675283	0.726138
0.1	0.991883	0.0912133	0.0885902	-0.00283395	0.712402	-0.701766	-0.127122	0.695819	0.706878
0.133333	0.991792	0.087373	0.0933557	0.00502861	0.702897	-0.711274	-0.127766	0.705905	0.696688
0.166667	0.991673	0.0855826	0.0962257	0.0092724	0.697829	-0.716204	-0.128444	0.711133	0.691225
0.2	0.991589	0.0845703	0.0979737	0.0116893	0.695376	-0.718551	-0.128897	0.713653	0.688539
0.233333	0.991526	0.0832832	0.0996986	0.0140798	0.694043	-0.719796	-0.129142	0.7151	0.686989
0.266667	0.991458	0.0827048	0.100855	0.0154092	0.693564	-0.72023	-0.129516	0.715632	0.686365
0.3	0.99138	0.0823175	0.101927	0.016459	0.693558	-0.720213	-0.129978	0.715682	0.686225
0.333333	0.991339	0.0817021	0.102822	0.0174838	0.693853	-0.719904	-0.130161	0.715467	0.686415
0.366667	0.991336	0.0808077	0.103557	0.0186551	0.693775	-0.71995	-0.130023	0.715644	0.686256
0.4	0.991301	0.0800409	0.104477	0.0197498	0.694365	-0.719352	-0.130123	0.715158	0.686744
0.433333	0.99135	0.0787033	0.105028	0.0209958	0.694838	-0.718859	-0.129554	0.714847	0.687176
0.466667	0.99141	0.077471	0.105377	0.0220733	0.695031	-0.718641	-0.128914	0.714794	0.687351
0.5	0.991472	0.0761162	0.105778	0.0232296	0.695466	-0.718183	-0.12823	0.714516	0.687768
0.533333	0.991549	0.0747728	0.10602	0.0242709	0.695863	-0.717765	-0.127445	0.714272	0.688167
0.566667	0.991648	0.0731878	0.106197	0.0254258	0.696304	-0.717296	-0.126442	0.714005	0.688628
0.6	0.991787	0.0715032	0.106048	0.02646	0.696497	-0.717072	-0.125135	0.713989	0.688884
0.633333	0.991911	0.0691809	0.106423	0.0282533	0.697055	-0.716461	-0.123748	0.713673	0.689462
0.666667	0.99203	0.0672495	0.106551	0.029819	0.696321	-0.717111	-0.122419	0.714573	0.688766
0.7	0.992219	0.0652737	0.10602	0.030877	0.695937	-0.717439	-0.120613	0.71513	0.688506
0.733333	0.992239	0.0646365	0.10623	0.0315318	0.695581	-0.717756	-0.120285	0.715534	0.688144
0.766667	0.992244	0.0639814	0.106578	0.0321863	0.695898	-0.717419	-0.120069	0.715285	0.688441
0.8	0.992286	0.0632164	0.106642	0.0328068	0.695647	-0.717635	-0.119551	0.715597	0.688206
0.833333	0.992469	0.0617638	0.105789	0.0332485	0.695354	-0.717898	-0.117901	0.716008	0.688063
0.866667	0.992459	0.0609943	0.10632	0.0340578	0.696021	-0.717213	-0.117747	0.715426	0.688696
0.9	0.992561	0.0604469	0.105686	0.033971	0.696078	-0.717162	-0.116916	0.715417	0.688846
0.933333	0.992616	0.0590278	0.105967	0.0350357	0.696852	-0.716358	-0.116129	0.714781	0.689639
0.966667	0.992665	0.0586601	0.105711	0.0351423	0.696631	-0.716569	-0.115675	0.715028	0.68946
1	0.992841	0.0580646	0.104378	0.0345428	0.696955	-0.716282	-0.114337	0.71476	0.68996
1.03333	0.99284	0.0578645	0.104501	0.0346866	0.697484	-0.71576	-0.114305	0.71426	0.690483
1.06667	0.992945	0.0573483	0.103784	0.0345572	0.697306	-0.71594	-0.113427	0.714475	0.690405
1.1	0.992961	0.0571558	0.103738	0.0346506	0.697355	-0.715888	-0.113259	0.714443	0.690466
1.13333	0.992928	0.0577014	0.103749	0.0341857	0.697939	-0.715341	-0.113687	0.713829	0.69103
1.16667	0.992977	0.0575023	0.103393	0.033978	0.698507	-0.714796	-0.113323	0.713289	0.691647
1.2	0.993123	0.0559885	0.102817	0.0348913	0.696773	-0.716442	-0.111753	0.715103	0.690028
1.23333	0.993142	0.0559386	0.102665	0.0348507	0.696553	-0.716658	-0.111601	0.715321	0.689827
1.26667	0.993201	0.0558434	0.10214	0.0345077	0.696749	-0.716484	-0.111177	0.715138	0.690085
1.3	0.9932	0.055946	0.102097	0.0343636	0.697015	-0.716233	-0.111233	0.714871	0.690352
1.33333	0.993209	0.0559713	0.101995	0.0342811	0.69696	-0.71629	-0.111178	0.714922	0.690308
1.36667	0.993219	0.056094	0.101829	0.0340686	0.697005	-0.716256	-0.111153	0.714869	0.690368
1.4	0.993213	0.0562409	0.101805	0.0339595	0.696941	-0.716324	-0.111239	0.71492	0.690301
1.43333	0.993155	0.0560763	0.10246	0.0345571	0.696871	-0.716363	-0.111573	0.715	0.690164
1.46667	0.993187	0.0558715	0.102263	0.034593	0.696644	-0.716582	-0.111277	0.715238	0.689965
1.5	0.99317	0.055872	0.102426	0.034688	0.696787	-0.716439	-0.111398	0.715099	0.69009
1.53333	0.993239	0.0556109	0.101897	0.0344687	0.696912	-0.716328	-0.110849	0.714997	0.690284
1.56667	0.993273	0.0556934	0.101524	0.0341859	0.696631	-0.716614	-0.110636	0.715264	0.690041
1.6	0.993285	0.0551415	0.101709	0.0346785	0.696793	-0.716434	-0.110375	0.71515	0.690201
1.63333	0.993389	0.0545807	0.100994	0.0345761	0.696644	-0.716583	-0.109469	0.715338	0.690151
1.66667	0.9935	0.0543131	0.100036	0.0341364	0.696216	-0.717021	-0.108591	0.715775	0.689836
1.7	0.993561	0.0541638	0.0995138	0.033974	0.695481	-0.717741	-0.108085	0.7165	0.689162
1.73333	0.99366	0.0540594	0.0985729	0.033396	0.695286	-0.717956	-0.107349	0.716697	0.689073
1.76667	0.993706	0.0541146	0.0980832	0.0330194	0.695182	-0.718075	-0.107044	0.716794	0.68902
1.8	0.993867	0.0540715	0.0964613	0.0319965	0.694375	-0.718902	-0.105852	0.717579	0.688386
1.83333	0.993986	0.0541258	0.0951992	0.0311238	0.693843	-0.719454	-0.104994	0.718089	0.687985
1.86667	0.994125	0.0542835	0.0936448	0.0299733	0.693263	-0.720061	-0.104008	0.718637	0.687563
1.9	0.994308	0.0546046	0.091489	0.0283331	0.692256	-0.721095	-0.102709	0.719583	0.686769
1.93333	0.994584	0.0543636	0.0885882	0.026576	0.69097	-0.722395	-0.100484	0.720836	0.685783
1.96667	0.994782	0.0553625	0.0856958	0.0239125	0.690042	-0.723374	-0.0991815	0.721649	0.685117
2	0.99495	0.0566831	0.0828366	0.0210997	0.68873	-0.724711	-0.0981309	0.722799	0.684056
2.03333	0.995159	0.0576974	0.0795525	0.0181571	0.687617	-0.725847	-0.0965811	0.723778	0.683241
2.06667	0.995284	0.0597969	0.0763792	0.0146112	0.685996	-0.727459	-0.0958956	0.725144	0.681887
2.1	0.995354	0.0620062	0.0736598	0.0112833	0.684641	-0.728794	-0.0956202	0.726239	0.68076
2.13333	0.995352	0.0650002	0.0710592	0.00749475	0.683343	-0.730059	-0.0960118	0.727198	0.67968
2.16667	0.995338	0.0683153	0.0680803	0.00319312	0.682159	-0.731197	-0.0963936	0.728006	0.678761
2.2	0.995258	0.07243	0.0649283	-0.00170857	0.680409	-0.732831	-0.0972567	0.729245	0.677306
2.23333	0.995165	0.07571	0.0625614	-0.00538719	0.678113	-0.734938	-0.0980658	0.731048	0.675242
2.26667	0.995129	0.0775303	0.0608916	-0.0076595	0.676602	-0.736309	-0.0982856	0.732256	0.6739
2.3	0.995133	0.0778292	0.060433	-0.00811424	0.675945	-0.736907	-0.0982023	0.732831	0.673287
2.33333	0.995238	0.0769761	0.0598001	-0.00809329	0.676629	-0.736279	-0.0971384	0.732289	0.67403
2.36667	0.99531	0.0769629	0.0585988	-0.00900286	0.676857	-0.73606	-0.0963123	0.732081	0.674375
2.4	0.995426	0.078015	0.0551486	-0.0123862	0.677746	-0.735192	-0.0947327	0.731146	0.675612
2.43333	0.995601	0.077927	0.05201	-0.0150001	0.680556	-0.732542	-0.0924806	0.72854	0.678732
2.46667	0.995758	0.0761748	0.0516016	-0.0146626	0.685056	-0.728343	-0.0908314	0.724497	0.683267
2.5	0.995927	0.0724387	0.0536931	-0.0110077	0.688699	-0.724964	-0.0894939	0.72142	0.686691
2.53333	0.995641	0.0683801	0.0634244	-0.00126472	0.689876	-0.723926	-0.0932572	0.720691	0.686956
2.56667	0.995443	0.0652926	0.0694973	0.0046096	0.695009	-0.718986	-0.0952458	0.71603	0.691541
2.6	0.995372	0.0612412	0.0740512	0.00967588	0.702821	-0.711301	-0.0956056	0.708726	0.698976
2.63333	0.994917	0.0555403	0.083998	0.0202676	0.706631	-0.707292	-0.0986388	0.705399	0.701914
2.66667	0.994589	0.0498889	0.0911242	0.0286635	0.711318	-0.702286	-0.0998546	0.701098	0.706039
2.7	0.994639	0.0421752	0.0944212	0.0353443	0.719428	-0.693667	-0.0971848	0.693285	0.71408
2.73333	0.99449	0.0353785	0.098682	0.0421983	0.726605	-0.685758	-0.0959639	0.686144	0.721109
2.76667	0.994406	0.0284201	0.10173	0.0484795	0.732879	-0.67863	-0.0938422	0.679765	0.727401
2.8	0.994062	0.0231357	0.106327	0.0548876	0.737111	-0.673539	-0.0939575	0.675376	0.731464
2.83333	0.99348	0.0199551	0.112244	0.0608906	0.739482	-0.670417	-0.0963805	0.672881	0.733446
2.86667	0.992711	0.0193463	0.118958	0.0657373	0.740362	-0.668987	-0.101014	0.67193	0.733693
2.9	0.992	0.0210259	0.124472	0.0681771	0.740622	-0.668454	-0.106242	0.671593	0.733264
2.93333	0.991067	0.0231323	0.131341	0.0714576	0.739428	-0.669432	-0.112603	0.672838	0.73117
2.96667	0.989915	0.0266328	0.139134	0.074657	0.736618	-0.672176	-0.12039	0.675785	0.727201
3	0.988737	0.031331	0.146348	0.0768364	0.732874	-0.676012	-0.128434	0.679643	0.722212
3.03333	0.987391	0.0360809	0.154135	0.0797403	0.727765	-0.681175	-0.136752	0.684877	0.715711
3.06667	0.985536	0.035769	0.165651	0.0890429	0.722379	-0.68574	-0.144191	0.690572	0.708745
3.1	0.98323	0.0299264	0.1799	0.104277	0.71703	-0.689198	-0.149619	0.696399	0.701885
3.13333	0.981573	0.0269266	0.189181	0.113169	0.715807	-0.689067	-0.153971	0.697779	0.699569
3.16667	0.979211	0.0245975	0.201345	0.124333	0.711505	-0.691594	-0.16027	0.70225	0.693656
3.2	0.976014	0.0177344	0.216986	0.14171	0.704876	-0.695031	-0.165274	0.709109	0.685456
3.23333	0.972239	0.00611066	0.23391	0.16354	0.697213	-0.697961	-0.16735	0.716838	0.676858
3.26667	0.968903	-0.0040658	0.247409	0.182797	0.685657	-0.704599	-0.166773	0.727914	0.665078
3.3	0.965309	-0.0113342	0.260864	0.200929	0.670268	-0.714401	-0.166752	0.742033	0.649293
3.33333	0.961343	-0.0178615	0.274775	0.219216	0.65351	-0.724478	-0.166628	0.756707	0.632163
3.36667	0.957857	-0.0209053	0.286483	0.235329	0.62901	-0.740923	-0.164711	0.777116	0.607421
3.4	0.95487	-0.022458	0.296173	0.250773	0.595311	-0.76336	-0.159171	0.803182	0.574077
3.43333	0.953513	-0.024652	0.300342	0.264093	0.548395	-0.793421	-0.145147	0.835856	0.529413
3.46667	0.954507	-0.0281984	0.296852	0.271516	0.493731	-0.826141	-0.123269	0.869157	0.478926
3.5	0.957525	-0.0365641	0.286023	0.273245	0.431893	-0.859538	-0.092103	0.901183	0.423539
3.53333	0.961623	-0.0532136	0.269166	0.269291	0.371022	-0.888721	-0.0525742	0.927098	0.371113
3.56667	0.965414	-0.0765219	0.249239	0.260509	0.321679	-0.910306	-0.0105166	0.943752	0.330488
3.6	0.968286	-0.105118	0.226653	0.248227	0.301737	-0.92051	0.0283728	0.947579	0.318261
3.63333	0.969807	-0.134169	0.203647	0.23601	0.306017	-0.922309	0.0614261	0.942524	0.328443
3.66667	0.970739	-0.160721	0.178425	0.223054	0.328233	-0.917883	0.0889576	0.930823	0.354478
3.7	0.971503	-0.182763	0.150927	0.209118	0.361132	-0.908765	0.111584	0.914429	0.38906
3.73333	0.9722	-0.200857	0.120348	0.193559	0.400152	-0.895775	0.131766	0.894167	0.427905
3.76667	0.97272	-0.215048	0.0870097	0.176744	0.444058	-0.878393	0.150259	0.869808	0.469953
3.8	0.973	-0.225121	0.0509029	0.158652	0.49218	-0.855914	0.167631	0.84088	0.514607
3.83333	0.973024	-0.230414	0.0115424	0.138548	0.54361	-0.827824	0.184467	0.807092	0.560869
3.86667	0.972418	-0.23114	-0.0312682	0.115833	0.594916	-0.795398	0.20245	0.769837	0.60528
3.9	0.970982	-0.227239	-0.0745362	0.0914799	0.640885	-0.762167	0.220963	0.733232	0.643076
3.93333	0.968077	-0.221919	-0.116528	0.0672557	0.677829	-0.732137	0.241461	0.700927	0.671116
3.96667	0.964322	-0.216447	-0.152426	0.0451615	0.701836	-0.710905	0.260851	0.678658	0.686571
4	0.959955	-0.210862	-0.184452	0.0234226	0.716503	-0.697191	0.279172	0.664952	0.692749
4.03333	0.955699	-0.205265	-0.210962	0.00330906	0.724166	-0.689618	0.294326	0.65837	0.692764
4.06667	0.951804	-0.200053	-0.232482	-0.0141521	0.728541	-0.684856	0.306381	0.655139	0.690597
4.1	0.948628	-0.195572	-0.24871	-0.0271152	0.732932	-0.679761	0.31523	0.651584	0.689977
4.13333	0.947143	-0.18858	-0.259532	-0.0370803	0.739215	-0.672448	0.318661	0.646528	0.69315
4.16667	0.947436	-0.180672	-0.264052	-0.0433389	0.745223	-0.665405	0.316997	0.641873	0.698221
4.2	0.94965	-0.171609	-0.262136	-0.0480155	0.747063	-0.663017	0.309611	0.642221	0.701208
4.23333	0.953516	-0.160857	-0.254817	-0.0521244	0.744819	-0.665227	0.296799	0.647587	0.701813
4.26667	0.959032	-0.147949	-0.241595	-0.0546497	0.740165	-0.670201	0.277976	0.655947	0.701757
4.3	0.964895	-0.127275	-0.229737	-0.0618568	0.739999	-0.669758	0.255248	0.660457	0.706148
4.33333	0.96729	-0.104598	-0.231104	-0.0798434	0.739192	-0.668745	0.240779	0.665323	0.706662
4.36667	0.96921	-0.0917058	-0.228521	-0.0859077	0.74381	-0.662847	0.230763	0.66207	0.71303
4.4	0.971974	-0.0674937	-0.22519	-0.100204	0.74758	-0.656569	0.212662	0.660733	0.719866
4.43333	0.975076	-0.0453439	-0.217187	-0.109015	0.754667	-0.646988	0.193241	0.654539	0.730915
4.46667	0.977046	-0.030857	-0.21078	-0.116512	0.75094	-0.650011	0.17834	0.659649	0.730108
4.5	0.978825	-0.0153886	-0.204122	-0.124468	0.74691	-0.653172	0.162512	0.664747	0.729178
4.53333	0.980211	0.00307861	-0.197932	-0.134424	0.744346	-0.654125	0.145316	0.667787	0.73003
4.56667	0.981342	0.0140179	-0.191761	-0.13888	0.74141	-0.656524	0.13297	0.670906	0.729523
4.6	0.982441	0.0211221	-0.185375	-0.140744	0.736147	-0.662026	0.12248	0.676492	0.726194
4.63333	0.983856	0.0290466	-0.17659	-0.141391	0.731066	-0.667496	0.109711	0.681688	0.723371
4.66667	0.985722	0.0356091	-0.164573	-0.138488	0.727397	-0.672097	0.0957771	0.685292	0.721943
4.7	0.987673	0.0402741	-0.151262	-0.133099	0.724656	-0.676135	0.0823824	0.687933	0.721084
4.73333	0.989731	0.0432817	-0.136234	-0.125237	0.722006	-0.680458	0.0689104	0.690532	0.720012
4.76667	0.991909	0.0464952	-0.118134	-0.115277	0.719683	-0.684666	0.0531855	0.692744	0.71922
4.8	0.993715	0.0515009	-0.0993904	-0.105969	0.718929	-0.686959	0.0360756	0.693173	0.719868
4.83333	0.995331	0.0560094	-0.0786035	-0.0947753	0.7212	-0.686213	0.0182544	0.690459	0.723141
4.86667	0.996798	0.057402	-0.0556608	-0.0799524	0.723011	-0.686194	0.000854483	0.688448	0.725286
4.9	0.997914	0.0565691	-0.0310952	-0.0624764	0.725211	-0.685687	-0.0162381	0.686199	0.727232
4.93333	0.99865	0.0514094	-0.00744334	-0.0425383	0.72712	-0.685191	-0.029813	0.684583	0.728325
4.96667	0.998901	0.0450028	0.0130639	-0.0240042	0.730827	-0.68214	-0.0402456	0.681077	0.731104
5	0.998667	0.0416869	0.0304317	-0.0102489	0.738044	-0.674675	-0.0505851	0.673464	0.737487
5.03333	0.998528	0.0349011	0.0415285	0.00175879	0.744318	-0.667823	-0.0542182	0.666913	0.743161
5.06667	0.998415	0.0273799	0.049167	0.012056	0.749322	-0.662096	-0.05497	0.661639	0.747805
5.1	0.998164	0.0199956	0.0571685	0.0227087	0.751499	-0.659344	-0.056146	0.659432	0.749665
5.13333	0.997715	0.0149598	0.0658843	0.0322232	0.751748	-0.658663	-0.0593818	0.659281	0.749548
5.16667	0.997016	0.0121954	0.0762317	0.041156	0.751466	-0.658487	-0.065316	0.659659	0.748721
5.2	0.995984	0.0115779	0.0887799	0.0500228	0.750435	-0.659049	-0.0742539	0.660843	0.746842
5.23333	0.99474	0.0142477	0.101432	0.0568195	0.747184	-0.662184	-0.0852227	0.664464	0.742445
5.26667	0.993065	0.0186331	0.116079	0.064397	0.739849	-0.669684	-0.0983591	0.672515	0.733518
5.3	0.990711	0.0217324	0.134238	0.0769228	0.724472	-0.684999	-0.112138	0.688962	0.71607
5.33333	0.988621	0.0180873	0.149337	0.0933128	0.704924	-0.703118	-0.117988	0.709052	0.695215
5.36667	0.986306	0.0153051	0.164212	0.109292	0.685014	-0.720285	-0.123511	0.728369	0.673961
5.4	0.983281	0.013788	0.181572	0.125854	0.669182	-0.732363	-0.131602	0.74297	0.656259
5.43333	0.979754	0.0100941	0.199948	0.145517	0.650017	-0.745857	-0.137499	0.759852	0.635388
5.46667	0.9765	0.00351842	0.215488	0.166224	0.624112	-0.763449	-0.137175	0.781327	0.60886
5.5	0.974175	-0.0021035	0.225784	0.183108	0.592449	-0.784523	-0.132115	0.805605	0.577534
5.53333	0.972609	-0.00528004	0.232388	0.197087	0.548792	-0.812394	-0.123243	0.835942	0.534801
5.56667	0.973538	-0.0103726	0.228289	0.203391	0.494779	-0.844882	-0.104189	0.868957	0.483796
5.6	0.975645	-0.0235449	0.218086	0.206673	0.431809	-0.877968	-0.0734999	0.901658	0.426158
5.63333	0.977787	-0.0460608	0.204478	0.20693	0.367379	-0.906759	-0.0333548	0.92893	0.368749
5.66667	0.979164	-0.0750162	0.188705	0.202825	0.315701	-0.926928	0.00996004	0.945889	0.324339
5.7	0.979018	-0.10904	0.172147	0.197141	0.293005	-0.935566	0.0515741	0.949873	0.308353
5.73333	0.977525	-0.143116	0.154797	0.191363	0.294271	-0.936368	0.0884564	0.944946	0.315045
5.76667	0.975812	-0.172344	0.134492	0.183974	0.315088	-0.93106	0.118086	0.933283	0.339173
5.8	0.974424	-0.194721	0.11217	0.17572	0.349099	-0.920463	0.140075	0.916632	0.374387
5.83333	0.973864	-0.210123	0.0862356	0.164564	0.391076	-0.905527	0.156547	0.896051	0.415433
5.86667	0.97353	-0.221307	0.0571237	0.15238	0.442172	-0.883892	0.170353	0.869199	0.46419
5.9	0.973639	-0.226755	0.0246945	0.137558	0.497362	-0.856568	0.181949	0.837385	0.515443
5.93333	0.974239	-0.225253	-0.0108828	0.119011	0.554525	-0.823613	0.191556	0.801101	0.567048
5.96667	0.974678	-0.218167	-0.0490466	0.0965104	0.608281	-0.787832	0.201713	0.76315	0.613934
6	0.974158	-0.207965	-0.0881277	0.0711846	0.652974	-0.754028	0.214357	0.728269	0.650903
6.03333	0.972047	-0.197717	-0.126623	0.0443333	0.68417	-0.727974	0.230564	0.702011	0.67381
6.06667	0.968805	-0.188137	-0.16131	0.0173549	0.700816	-0.713131	0.247215	0.688086	0.682219
6.1	0.964993	-0.180505	-0.19028	-0.00698287	0.707558	-0.706621	0.262183	0.683213	0.681528
6.13333	0.9616	-0.172838	-0.213196	-0.0274643	0.7123	-0.701337	0.273078	0.680261	0.680201
6.16667	0.959417	-0.162954	-0.230139	-0.0450507	0.717069	-0.695545	0.278368	0.677686	0.680627
6.2	0.958218	-0.152027	-0.242293	-0.0598387	0.721779	-0.689532	0.279709	0.675221	0.682524
6.23333	0.958095	-0.141821	-0.248878	-0.0709712	0.724221	-0.685906	0.277518	0.674826	0.683808
6.26667	0.959411	-0.13359	-0.248365	-0.0758023	0.726117	-0.68338	0.271634	0.674468	0.686518
6.3	0.962506	-0.123472	-0.241529	-0.0775737	0.727924	-0.681256	0.25993	0.674449	0.691053
6.33333	0.967168	-0.107124	-0.230457	-0.0788874	0.735476	-0.672942	0.241584	0.669028	0.702879
6.36667	0.968797	-0.0813745	-0.234116	-0.097126	0.744383	-0.660652	0.228032	0.662776	0.713252
6.4	0.968639	-0.0725851	-0.237634	-0.105016	0.747167	-0.656287	0.225189	0.66066	0.716113
6.43333	0.970454	-0.059882	-0.233736	-0.11221	0.74558	-0.656901	0.213605	0.66372	0.716832
6.46667	0.973841	-0.0433556	-0.223057	-0.115649	0.750418	-0.650768	0.1956	0.65954	0.725774
6.5	0.976981	-0.0240136	-0.211969	-0.12104	0.755809	-0.643508	0.175661	0.654352	0.735505
6.53333	0.979503	-0.00855219	-0.201249	-0.125128	0.757114	-0.641187	0.157852	0.653226	0.740526
6.56667	0.98162	0.00229839	-0.190831	-0.126626	0.755964	-0.642249	0.142785	0.654609	0.742361
6.6	0.983644	0.0119958	-0.179726	-0.126125	0.758227	-0.639675	0.1286	0.65188	0.747338
6.63333	0.985776	0.0210465	-0.166739	-0.12411	0.760132	-0.637806	0.11332	0.649428	0.751932
6.66667	0.987771	0.0282901	-0.153327	-0.120988	0.759353	-0.639331	0.0983423	0.650063	0.75349
6.7	0.989661	0.031535	-0.139917	-0.115031	0.757203	-0.642971	0.0856699	0.652418	0.753002
6.73333	0.991427	0.0336994	-0.126244	-0.107927	0.755823	-0.645819	0.0736547	0.653908	0.752981
6.76667	0.993237	0.0350074	-0.110705	-0.0989767	0.753757	-0.649657	0.0607017	0.656221	0.752124
6.8	0.99485	0.0353632	-0.0949913	-0.0891592	0.751086	-0.654157	0.0482136	0.659257	0.75037
6.83333	0.996206	0.0358015	-0.0793218	-0.0793023	0.74886	-0.657967	0.0358447	0.661761	0.748858
6.86667	0.997451	0.0352135	-0.0620675	-0.0675596	0.746065	-0.662438	0.0229797	0.664942	0.746541
6.9	0.998465	0.0343012	-0.0434791	-0.0545787	0.742583	-0.667527	0.00938989	0.668875	0.743315
6.93333	0.999188	0.0320947	-0.0243539	-0.0401454	0.74219	-0.668986	-0.00339568	0.669421	0.742876
6.96667	0.999546	0.0294406	-0.00633603	-0.026095	0.741725	-0.670196	-0.0150314	0.670057	0.742157
7	0.999632	0.0253468	0.00961477	-0.012399	0.742883	-0.669306	-0.0241074	0.668941	0.742925
7.03333	0.99955	0.0206696	0.0217357	-0.000878951	0.744528	-0.667591	-0.0299817	0.667271	0.744211
7.06667	0.999405	0.0159408	0.0305833	0.00840955	0.747369	-0.664356	-0.0334474	0.664218	0.74679
7.1	0.999234	0.0107501	0.0376157	0.016863	0.749245	-0.662078	-0.0353007	0.662206	0.74849
7.13333	0.998968	0.00566464	0.0450747	0.0257239	0.747274	-0.664018	-0.0374445	0.664492	0.746357
7.16667	0.99853	0.00174963	0.0541795	0.0349627	0.743018	-0.668357	-0.0414257	0.669269	0.741865
7.2	0.997972	0.00139688	0.0636386	0.0419082	0.738089	-0.6734	-0.0479116	0.674702	0.736534
7.23333	0.99739	0.00187027	0.0721717	0.0475964	0.734622	-0.676805	-0.0542848	0.678474	0.732616
7.26667	0.996687	0.0028354	0.0812776	0.053466	0.730222	-0.681115	-0.0612819	0.683204	0.727652
7.3	0.995884	0.00663487	0.0903926	0.0574796	0.724876	-0.686478	-0.0700781	0.688848	0.721511
7.33333	0.994993	0.0123698	0.0991782	0.0600465	0.719281	-0.69212	-0.0798983	0.69461	0.714936
7.36667	0.993925	0.0196997	0.108282	0.0619071	0.713385	-0.698032	-0.090998	0.700495	0.707832
7.4	0.992479	0.0281517	0.119136	0.064724	0.705375	-0.705873	-0.103907	0.708275	0.698248
7.43333	0.990496	0.0337501	0.133334	0.0723777	0.696438	-0.713957	-0.116955	0.716822	0.687377
7.46667	0.988002	0.0295539	0.151588	0.0909105	0.682167	-0.725523	-0.12485	0.730599	0.671295
7.5	0.985866	0.0233496	0.165904	0.108818	0.663692	-0.740048	-0.127389	0.747641	0.65177
7.53333	0.983441	0.0202407	0.180097	0.124627	0.645951	-0.753137	-0.131578	0.763111	0.632732
7.56667	0.980541	0.0161651	0.19565	0.142652	0.626016	-0.766652	-0.134873	0.779643	0.611528
7.6	0.97744	0.00924354	0.211012	0.1632	0.601139	-0.782303	-0.134079	0.799091	0.586069
7.63333	0.974215	0.00353699	0.225593	0.182784	0.573793	-0.798343	-0.132267	0.818993	0.558351
7.66667	0.971276	-6.35764e-05	0.237954	0.199782	0.543452	-0.81532	-0.129265	0.83944	0.527855
7.7	0.96968	-0.0041343	0.244344	0.212685	0.50672	-0.835464	-0.12036	0.862101	0.492235
7.73333	0.969739	-0.00907117	0.243976	0.220431	0.462145	-0.858972	-0.10496	0.886758	0.450159
7.76667	0.971525	-0.0185453	0.236209	0.222695	0.411886	-0.883605	-0.0809045	0.911047	0.404287
7.8	0.974125	-0.0347087	0.223328	0.220734	0.358357	-0.907115	-0.0485464	0.932939	0.356746
7.83333	0.976985	-0.0551001	0.206068	0.212944	0.308299	-0.92715	-0.0124444	0.949692	0.312937
7.86667	0.978644	-0.0803213	0.189221	0.20429	0.277766	-0.938675	0.0228365	0.957285	0.288243
7.9	0.979143	-0.109157	0.171359	0.194891	0.266273	-0.94399	0.0574144	0.957697	0.281993
7.93333	0.978165	-0.139571	0.153992	0.186801	0.265646	-0.9458	0.0910986	0.953914	0.285918
7.96667	0.976043	-0.167579	0.138771	0.181211	0.273089	-0.944767	0.120426	0.94728	0.296914
8	0.973851	-0.190998	0.123021	0.175671	0.289701	-0.940857	0.144062	0.937866	0.315679
8.03333	0.972096	-0.209659	0.105224	0.168932	0.314444	-0.934124	0.162761	0.925834	0.341088
8.06667	0.970998	-0.223121	0.0859016	0.161321	0.346247	-0.924169	0.176458	0.911224	0.3722
8.1	0.97091	-0.231384	0.0616086	0.14971	0.385808	-0.910351	0.186872	0.893092	0.409225
8.13333	0.971176	-0.235977	0.0336428	0.135311	0.429593	-0.892827	0.196234	0.871645	0.449141
8.16667	0.971224	-0.238164	0.00108999	0.118011	0.47726	-0.870802	0.206873	0.845873	0.491633
8.2	0.970628	-0.238038	-0.03493	0.0986224	0.526095	-0.844688	0.219444	0.816433	0.534118
8.23333	0.969034	-0.235986	-0.072687	0.0783776	0.5731	-0.815729	0.234157	0.784772	0.573849
8.26667	0.966635	-0.231046	-0.110615	0.0578768	0.617643	-0.784326	0.249535	0.751755	0.610407
8.3	0.963367	-0.223676	-0.147963	0.03649	0.65591	-0.753956	0.265692	0.720937	0.640044
8.33333	0.959448	-0.214977	-0.182332	0.0144392	0.683459	-0.729846	0.281516	0.697617	0.658847
8.36667	0.955251	-0.206612	-0.211675	-0.00599726	0.701939	-0.712212	0.295734	0.681611	0.669289
8.4	0.951641	-0.199543	-0.233585	-0.0234538	0.710928	-0.702874	0.306316	0.674362	0.671868
8.43333	0.949354	-0.192706	-0.248175	-0.0358436	0.718268	-0.694842	0.312156	0.668547	0.674984
8.46667	0.948666	-0.185153	-0.25642	-0.0440184	0.725556	-0.686754	0.313202	0.662787	0.68016
8.5	0.950294	-0.176783	-0.256297	-0.0475793	0.731051	-0.680661	0.307696	0.659023	0.686303
8.53333	0.953917	-0.167628	-0.248884	-0.0468919	0.735953	-0.675406	0.296384	0.655952	0.694178
8.56667	0.956647	-0.150975	-0.249065	-0.0539328	0.74854	-0.660893	0.286214	0.645674	0.707945
8.6	0.957586	-0.137367	-0.253298	-0.0646374	0.754247	-0.653401	0.280805	0.64206	0.713377
8.63333	0.958751	-0.129104	-0.253237	-0.0716336	0.752408	-0.654791	0.275073	0.645922	0.712124
8.66667	0.960245	-0.121122	-0.251515	-0.0765828	0.75211	-0.654573	0.26845	0.647812	0.712934
8.7	0.962194	-0.106819	-0.250543	-0.0843518	0.757784	-0.64703	0.258972	0.643702	0.720126
8.73333	0.964892	-0.0863919	-0.248031	-0.0936229	0.769186	-0.632129	0.245393	0.633158	0.734094
8.76667	0.967013	-0.0715276	-0.244479	-0.101251	0.772755	-0.626576	0.23374	0.630661	0.740022
8.8	0.968553	-0.0610462	-0.241204	-0.107692	0.771064	-0.627585	0.224295	0.633824	0.740242
8.83333	0.970679	-0.0459027	-0.235955	-0.115497	0.771806	-0.625281	0.210814	0.634199	0.743874
8.86667	0.972764	-0.0299581	-0.229854	-0.124188	0.769934	-0.625923	0.195724	0.63742	0.745243
8.9	0.973925	-0.0197238	-0.226013	-0.131392	0.763099	-0.632784	0.184951	0.64598	0.740609
8.93333	0.974449	-0.0161046	-0.224029	-0.13466	0.756397	-0.640102	0.179763	0.653915	0.734902
8.96667	0.975632	-0.0107092	-0.219151	-0.135673	0.755524	-0.640918	0.172437	0.655033	0.735661
9	0.977609	-0.00700617	-0.210312	-0.133054	0.753714	-0.643593	0.163024	0.657166	0.735905
9.03333	0.979437	-0.00568342	-0.20167	-0.128254	0.754085	-0.644133	0.155737	0.656753	0.737849
9.06667	0.981779	-0.00487602	-0.189966	-0.121189	0.753932	-0.645678	0.14637	0.656934	0.739604
9.1	0.984407	-0.00200306	-0.175892	-0.114058	0.75397	-0.646931	0.133913	0.656905	0.741986
9.13333	0.98696	0.00117679	-0.160963	-0.106564	0.75424	-0.647893	0.120642	0.656597	0.74453
9.16667	0.989552	0.00300416	-0.144142	-0.0969544	0.753815	-0.649894	0.106704	0.657079	0.746231
9.2	0.99201	0.00376116	-0.126105	-0.0857772	0.753087	-0.652306	0.0925149	0.657911	0.747392
9.23333	0.994276	0.00411146	-0.106762	-0.0734229	0.752209	-0.654821	0.0776151	0.658912	0.748205
9.26667	0.996176	0.00268315	-0.087327	-0.0596397	0.751309	-0.657251	0.063846	0.659946	0.748596
9.3	0.997683	0.000254353	-0.0680272	-0.0452286	0.749447	-0.660518	0.0508148	0.662064	0.747722
9.33333	0.998772	-0.00254475	-0.0494775	-0.0309399	0.74795	-0.663033	0.0386939	0.66375	0.746953
9.36667	0.999455	-0.00610661	-0.0324517	-0.0169362	0.74885	-0.662523	0.0283472	0.662711	0.748339
9.4	0.999772	-0.0102284	-0.018741	-0.00476224	0.748831	-0.662744	0.0208127	0.662682	0.748612
9.43333	0.999872	-0.0151127	-0.00520216	0.00787293	0.748957	-0.662572	0.0139094	0.662446	0.74898
9.46667	0.999816	-0.0187079	0.00429311	0.0168843	0.75084	-0.660268	0.00912879	0.660219	0.751018
9.5	0.999674	-0.0209461	0.0145994	0.0253767	0.75217	-0.65848	0.00281135	0.658636	0.752457
9.53333	0.999398	-0.0243363	0.0247127	0.0345914	0.751361	-0.658984	-0.00253096	0.659443	0.751751
9.56667	0.998993	-0.0276703	0.0353174	0.0441193	0.748884	-0.661231	-0.00815222	0.662123	0.749351
9.6	0.998542	-0.0283142	0.0459685	0.0517409	0.745009	-0.665045	-0.0154167	0.666454	0.745387
9.63333	0.998045	-0.0261864	0.0567482	0.0574988	0.740576	-0.669508	-0.0244943	0.671462	0.740634
9.66667	0.997548	-0.0195265	0.0672042	0.0598612	0.735534	-0.674838	-0.0362538	0.677207	0.734899
9.7	0.996953	-0.008138	0.0775773	0.0588963	0.73062	-0.680239	-0.0511437	0.682736	0.728873
9.73333	0.996028	-0.000461635	0.0890403	0.0616292	0.725328	-0.685639	-0.064267	0.688403	0.722476
9.76667	0.994634	-0.00527684	0.103322	0.075533	0.719495	-0.690378	-0.0706964	0.694478	0.716033
9.8	0.992935	-0.0137646	0.117863	0.0925158	0.711789	-0.696273	-0.0743095	0.702258	0.708034
9.83333	0.99114	-0.0200211	0.131304	0.107489	0.701631	-0.704386	-0.0780245	0.712259	0.697567
9.86667	0.988976	-0.0260974	0.145759	0.123441	0.68898	-0.714191	-0.0817869	0.72431	0.684606
9.9	0.986588	-0.0373393	0.158899	0.142369	0.673005	-0.725807	-0.079839	0.738695	0.669295
9.93333	0.983798	-0.0481035	0.172708	0.161919	0.651982	-0.740744	-0.0769704	0.756707	0.649207
9.96667	0.980763	-0.0605916	0.18556	0.182386	0.623215	-0.760486	-0.0695648	0.7797	0.622277
10	0.977972	-0.076537	0.194198	0.201847	0.583808	-0.786401	-0.0531858	0.808276	0.586397
10.0333	0.975639	-0.0924863	0.198933	0.217354	0.530485	-0.819355	-0.0297516	0.842634	0.537664
10.0667	0.973877	-0.111511	0.19781	0.227047	0.464394	-0.85603	0.00359534	0.87858	0.477581
10.1	0.972773	-0.133932	0.189143	0.227104	0.388084	-0.893205	0.0462254	0.911841	0.407934
10.1333	0.971489	-0.159837	0.175102	0.218663	0.318644	-0.922308	0.0916237	0.934301	0.34451
10.1667	0.969419	-0.187127	0.158778	0.206659	0.273515	-0.939405	0.13236	0.94349	0.303822
10.2	0.967059	-0.214949	0.136359	0.191083	0.259075	-0.946767	0.168179	0.941635	0.291614
10.2333	0.964125	-0.239007	0.115496	0.179142	0.264758	-0.947529	0.195887	0.934227	0.298075
10.2667	0.961642	-0.258198	0.0926231	0.167935	0.287165	-0.943045	0.216895	0.922426	0.31951
10.3	0.959791	-0.272412	0.0677675	0.156794	0.319997	-0.934354	0.232844	0.90741	0.349843
10.3333	0.958097	-0.283743	0.0392538	0.144336	0.359848	-0.921779	0.247423	0.888819	0.385723
10.3667	0.956161	-0.292743	0.00758003	0.131295	0.405414	-0.904655	0.261759	0.865992	0.426076
10.4	0.954743	-0.296191	-0.0271551	0.116833	0.457422	-0.881541	0.273525	0.838472	0.471326
10.4333	0.954201	-0.291911	-0.0654865	0.0990855	0.514914	-0.851496	0.282281	0.80601	0.520255
10.4667	0.953584	-0.282113	-0.105307	0.0790768	0.572039	-0.816405	0.290558	0.770184	0.567796
10.5	0.952096	-0.269727	-0.144087	0.0569305	0.619285	-0.7831	0.300454	0.737383	0.604974
10.5333	0.949169	-0.258049	-0.180246	0.0350771	0.655781	-0.754135	0.312806	0.70948	0.631499
10.5667	0.94569	-0.247514	-0.210729	0.0144249	0.679573	-0.733466	0.324749	0.690592	0.646236
10.6	0.941806	-0.239168	-0.23622	-0.00453355	0.693607	-0.720339	0.336126	0.679491	0.652159
10.6333	0.938947	-0.232151	-0.253938	-0.0188376	0.702266	-0.711666	0.343546	0.673	0.655017
10.6667	0.936303	-0.226415	-0.268464	-0.0293372	0.711337	-0.702239	0.349965	0.665384	0.659384
10.7	0.93521	-0.219749	-0.277656	-0.0369261	0.719331	-0.693685	0.352163	0.658994	0.664611
10.7333	0.935829	-0.210921	-0.282378	-0.0434549	0.726013	-0.686306	0.349766	0.654536	0.670258
10.7667	0.938468	-0.201249	-0.280673	-0.0468238	0.731035	-0.680731	0.342179	0.651986	0.67663
10.8	0.943314	-0.190419	-0.271845	-0.0467784	0.7346	-0.676886	0.328589	0.651233	0.68405
10.8333	0.949602	-0.174769	-0.260214	-0.0458667	0.743734	-0.6669	0.310083	0.645225	0.698236
10.8667	0.952098	-0.151982	-0.265349	-0.0602033	0.757599	-0.649938	0.299807	0.63478	0.712159
10.9	0.952611	-0.145914	-0.266911	-0.0626093	0.764607	-0.641448	0.297678	0.627762	0.719238
10.9333	0.954655	-0.137836	-0.263885	-0.066966	0.764237	-0.641449	0.290086	0.630034	0.720352
10.9667	0.958756	-0.121148	-0.257118	-0.0727207	0.76995	-0.633947	0.27477	0.626498	0.729385
11	0.962501	-0.101225	-0.251683	-0.0805805	0.779216	-0.621554	0.259032	0.618527	0.74184
11.0333	0.966072	-0.0855586	-0.24369	-0.0845787	0.786705	-0.611508	0.244032	0.611372	0.752777
11.0667	0.96938	-0.0706428	-0.235185	-0.0894439	0.790365	-0.606072	0.228696	0.60855	0.759845
11.1	0.972228	-0.054331	-0.227644	-0.0953477	0.796348	-0.597276	0.213734	0.602394	0.769051
11.1333	0.974613	-0.0430583	-0.219716	-0.0983623	0.799218	-0.592937	0.201132	0.599496	0.774693
11.1667	0.9765	-0.0352222	-0.212618	-0.101157	0.796222	-0.596488	0.190301	0.603979	0.773948
11.2	0.977992	-0.0300462	-0.206469	-0.102688	0.79211	-0.601678	0.181625	0.609639	0.771591
11.2333	0.979811	-0.0259484	-0.198236	-0.102424	0.786388	-0.609183	0.171698	0.617188	0.767853
11.2667	0.981711	-0.0228315	-0.189006	-0.101303	0.777918	-0.620146	0.16119	0.62795	0.761378
11.3	0.983704	-0.0207679	-0.178591	-0.0979972	0.770859	-0.629423	0.15074	0.636667	0.756262
11.3333	0.985769	-0.0207011	-0.166829	-0.0919443	0.764412	-0.638139	0.140736	0.644396	0.75163
11.3667	0.988387	-0.0191158	-0.15075	-0.0836818	0.759605	-0.644979	0.12684	0.650104	0.749184
11.4	0.991187	-0.0145295	-0.131669	-0.0751318	0.756972	-0.649114	0.109101	0.653286	0.749209
11.4333	0.993813	-0.0101636	-0.110599	-0.0647036	0.756385	-0.650919	0.0902711	0.654048	0.751048
11.4667	0.996103	-0.00806812	-0.0878267	-0.0514611	0.755553	-0.653063	0.0716267	0.655038	0.752193
11.5	0.997894	-0.00864655	-0.0642796	-0.0356908	0.754316	-0.655541	0.0541553	0.656454	0.752419
11.5333	0.999094	-0.0113076	-0.0410189	-0.0184916	0.752849	-0.657934	0.0383207	0.658097	0.751958
11.5667	0.999668	-0.0138855	-0.0216859	-0.00390086	0.750778	-0.660543	0.0254533	0.660409	0.750475
11.6	0.999839	-0.0167259	-0.00645908	0.00817709	0.745972	-0.665927	0.0159565	0.665768	0.745989
11.6333	0.999796	-0.0191714	0.00632565	0.0184746	0.742539	-0.669548	0.00813912	0.669528	0.742742
11.6667	0.999598	-0.0229236	0.0166602	0.0281615	0.737988	-0.674226	0.00316066	0.674424	0.738337
11.7	0.999352	-0.0259733	0.0249048	0.0359772	0.734775	-0.677356	-0.000706203	0.677814	0.735233
11.7333	0.999047	-0.0283671	0.0331642	0.0433665	0.730444	-0.681594	-0.00488976	0.682383	0.730978
11.7667	0.99865	-0.0293719	0.0428522	0.0507578	0.72747	-0.68426	-0.0110757	0.685511	0.727978
11.8	0.99817	-0.0283147	0.0534245	0.0573635	0.722774	-0.688699	-0.0191136	0.690504	0.723076
11.8333	0.997634	-0.0258404	0.0637149	0.0629104	0.716969	-0.694261	-0.0277416	0.696626	0.716898
11.8667	0.99689	-0.0207189	0.076027	0.0681662	0.710765	-0.700119	-0.0395316	0.703125	0.709967
11.9	0.995862	-0.013285	0.0898971	0.0732312	0.703068	-0.707342	-0.0538067	0.710998	0.701132
11.9333	0.99402	-0.0107852	0.108665	0.0857039	0.693717	-0.71513	-0.0676699	0.720167	0.690493
11.9667	0.991889	-0.0132511	0.126415	0.101737	0.678964	-0.727088	-0.0761968	0.734052	0.674805
12	0.989566	-0.0153847	0.143258	0.1171	0.66518	-0.737443	-0.0839469	0.746524	0.660041
12.0333	0.986892	-0.0176009	0.16042	0.133236	0.649763	-0.748369	-0.0910629	0.759933	0.643591
12.0667	0.983693	-0.0216899	0.178544	0.152123	0.629943	-0.761598	-0.0959536	0.776339	0.62297
12.1	0.979717	-0.027814	0.198445	0.174707	0.603583	-0.777924	-0.0981407	0.796815	0.5962
12.1333	0.9753	-0.03446	0.218179	0.198022	0.574026	-0.794532	-0.0978609	0.818112	0.566671
