0	0	1	0	0	0	-1	-1	0	0
0.0333333	0.998371	-0.0567201	0.00617882	0.0553412	0.936327	-0.34674	0.0138817	0.346517	0.937941
0.0666667	0.999843	-0.0173939	0.00351808	0.0177068	0.964629	-0.263016	0.00118123	0.263036	0.964785
0.1	0.999987	-0.001725	0.00472379	0.0026689	0.978171	-0.207783	-0.00426225	0.207793	0.978164
0.133333	0.999963	0.00757769	0.00398929	-0.0067901	0.985447	-0.169846	-0.00521828	0.169813	0.985462
0.166667	0.999888	0.0147154	0.00282526	-0.0141679	0.989843	-0.141454	-0.00487812	0.141398	0.989941
0.2	0.999793	0.0202449	0.00205356	-0.0198367	0.992155	-0.123432	-0.00453631	0.123365	0.992351
0.233333	0.999696	0.0246567	0.000711389	-0.0244296	0.993656	-0.109775	-0.00341355	0.109724	0.993956
0.266667	0.999626	0.0273441	-0.000990155	-0.0272988	0.994203	-0.103994	-0.00185922	0.103983	0.994577
0.3	0.999551	0.0298743	-0.00247164	-0.0299716	0.994526	-0.100103	-0.000532383	0.100132	0.994974
0.333333	0.999473	0.0321446	-0.00446317	-0.0324252	0.994818	-0.0963666	0.00134237	0.0964606	0.995336
0.366667	0.999418	0.0334476	-0.00670886	-0.0339349	0.994877	-0.0952269	0.00348938	0.0953991	0.995433
0.4	0.999361	0.0346382	-0.00887382	-0.0353215	0.994918	-0.0942934	0.00556256	0.0945465	0.995505
0.433333	0.999287	0.0360744	-0.0111467	-0.0369597	0.994939	-0.0934345	0.00771966	0.0937798	0.995563
0.466667	0.999243	0.0367338	-0.0128207	-0.0377823	0.994816	-0.094407	0.00928636	0.0948199	0.995451
0.5	0.999206	0.0373663	-0.0138236	-0.0385206	0.994663	-0.095718	0.0101732	0.0961745	0.995313
0.533333	0.999165	0.0383628	-0.014088	-0.0395572	0.994441	-0.0975792	0.0102663	0.0980549	0.995128
0.566667	0.999148	0.0388975	-0.0138133	-0.0400936	0.994108	-0.100709	0.00981453	0.101177	0.99482
0.6	0.999145	0.039003	-0.0136771	-0.0402217	0.993708	-0.104532	0.00951396	0.104993	0.994427
0.633333	0.999131	0.0398888	-0.0120546	-0.0409435	0.993527	-0.10596	0.00774995	0.106361	0.994297
0.666667	0.99917	0.0391311	-0.0113601	-0.0401518	0.99301	-0.110993	0.00693736	0.111357	0.993756
0.7	0.999173	0.0392053	-0.010802	-0.040171	0.992875	-0.112188	0.00632666	0.112529	0.993628
0.733333	0.999177	0.0390492	-0.0109575	-0.040022	0.993074	-0.110463	0.00656813	0.110811	0.99382
0.766667	0.999249	0.0378768	-0.00813597	-0.0385707	0.992333	-0.117421	0.00362604	0.117647	0.993049
0.8	0.999301	0.0367501	-0.00679075	-0.0373052	0.991781	-0.122387	0.00223721	0.122554	0.992459
0.833333	0.999336	0.0357833	-0.00681687	-0.036352	0.991656	-0.123678	0.0023344	0.123843	0.992299
0.866667	0.9994	0.0341387	-0.00578582	-0.0345969	0.991332	-0.12674	0.00140891	0.126865	0.991919
0.9	0.999466	0.0318851	-0.00716659	-0.0325546	0.990613	-0.13276	0.00286627	0.132922	0.991122
0.933333	0.999494	0.0310756	-0.00683123	-0.0317126	0.990391	-0.134609	0.00258254	0.134758	0.990875
0.966667	0.999542	0.0290848	-0.00840645	-0.0299669	0.989986	-0.137948	0.00431007	0.138137	0.990404
1	0.999566	0.0274521	-0.0107206	-0.0286913	0.989575	-0.141129	0.00673451	0.141375	0.989933
1.03333	0.999601	0.0259365	-0.0112264	-0.0272871	0.989139	-0.144427	0.00735852	0.144676	0.989452
1.06667	0.999606	0.0251095	-0.0125216	-0.0266814	0.988733	-0.14729	0.00868214	0.147566	0.989014
1.1	0.999601	0.0245706	-0.0139333	-0.0263528	0.9888	-0.1469	0.0101679	0.147208	0.989053
1.13333	0.999631	0.022901	-0.0145842	-0.0248517	0.988097	-0.151811	0.0109339	0.152117	0.988302
1.16667	0.99962	0.0227319	-0.0155624	-0.0248128	0.988357	-0.150116	0.0119688	0.150445	0.988546
1.2	0.999624	0.0216007	-0.0168839	-0.0239451	0.98779	-0.153943	0.0133525	0.154289	0.987936
1.23333	0.999642	0.0204425	-0.0172362	-0.0229089	0.987206	-0.157793	0.01379	0.158132	0.987322
1.26667	0.999666	0.0191356	-0.0173435	-0.0216746	0.986789	-0.160554	0.014042	0.160876	0.986875
1.3	0.999692	0.0177827	-0.0173341	-0.0203684	0.986467	-0.16269	0.0142064	0.162993	0.986525
1.33333	0.999717	0.0167047	-0.0169557	-0.0192649	0.986234	-0.164231	0.0139789	0.164511	0.986276
1.36667	0.999732	0.0156536	-0.0170444	-0.018257	0.986086	-0.16523	0.0142208	0.165497	0.986108
1.4	0.999745	0.0147345	-0.0171122	-0.0173763	0.985933	-0.166237	0.0144221	0.166492	0.985937
1.43333	0.999772	0.013627	-0.0164352	-0.0161812	0.985836	-0.166929	0.0139277	0.167157	0.985832
1.46667	0.999781	0.0124152	-0.0168407	-0.0150636	0.985743	-0.16758	0.01452	0.167797	0.985715
1.5	0.999794	0.0113164	-0.0168525	-0.0139913	0.985656	-0.168187	0.0147075	0.168388	0.985611
1.53333	0.999786	0.0111733	-0.0174067	-0.0139072	0.986054	-0.165845	0.0153109	0.166051	0.985998
1.56667	0.999795	0.00950332	-0.0178575	-0.0123783	0.985623	-0.168504	0.0159994	0.168691	0.985539
1.6	0.999806	0.00831458	-0.0178538	-0.0112191	0.985498	-0.169315	0.0161871	0.169482	0.9854
1.63333	0.999794	0.0084981	-0.018436	-0.0114607	0.985877	-0.167077	0.0167558	0.167254	0.985771
1.66667	0.999778	0.00903052	-0.0190168	-0.0120592	0.986098	-0.165724	0.0172559	0.165917	0.985989
1.7	0.999772	0.00923554	-0.0192781	-0.0123179	0.985971	-0.166462	0.0174703	0.166661	0.985859
1.73333	0.999762	0.0099915	-0.019389	-0.0130708	0.986067	-0.165834	0.0174619	0.166048	0.985963
1.76667	0.999768	0.010465	-0.0188246	-0.0134531	0.985972	-0.166366	0.0168195	0.166581	0.985884
1.8	0.999745	0.0113622	-0.0194908	-0.0144574	0.985876	-0.166849	0.0173197	0.167088	0.98579
1.83333	0.999731	0.0137904	-0.0186447	-0.0166723	0.986234	-0.164514	0.0161193	0.16478	0.986199
1.86667	0.99971	0.0153527	-0.0185639	-0.018215	0.986052	-0.165437	0.0157651	0.165727	0.986046
1.9	0.999668	0.0180307	-0.0184131	-0.020831	0.986006	-0.165405	0.0151731	0.165734	0.986054
1.93333	0.999609	0.0213133	-0.0181048	-0.023994	0.986204	-0.163787	0.0143641	0.164157	0.98633
1.96667	0.999562	0.0235292	-0.0179752	-0.0261994	0.985664	-0.166675	0.0137958	0.167073	0.985848
2	0.999501	0.0260233	-0.0178904	-0.0286821	0.985119	-0.169462	0.0132143	0.16989	0.985374
2.03333	0.999425	0.0288093	-0.017888	-0.0314565	0.984646	-0.171708	0.0126665	0.172172	0.984985
2.06667	0.999329	0.0319351	-0.0179485	-0.0345688	0.984225	-0.17351	0.0121243	0.174014	0.984669
2.1	0.999221	0.034813	-0.0185937	-0.0375332	0.983865	-0.174933	0.0122037	0.175494	0.984405
2.13333	0.999112	0.037424	-0.0193623	-0.0402601	0.98346	-0.176595	0.0124331	0.177218	0.984093
2.16667	0.999026	0.0393576	-0.0199715	-0.0422965	0.983021	-0.17855	0.0126051	0.179221	0.983728
2.2	0.99895	0.0410183	-0.0203821	-0.0440219	0.982695	-0.179926	0.0126491	0.180634	0.983469
2.23333	0.998934	0.0415692	-0.0200558	-0.0445507	0.981985	-0.18363	0.0120611	0.184328	0.982791
2.26667	0.998876	0.0425281	-0.0209386	-0.045698	0.981319	-0.186879	0.0125999	0.187626	0.98216
2.3	0.998814	0.0435127	-0.0218456	-0.0468909	0.980471	-0.190994	0.0131083	0.191792	0.981348
2.33333	0.998527	0.0481579	-0.0250082	-0.0520165	0.980724	-0.188349	0.0154557	0.189372	0.981784
2.36667	0.998449	0.0488115	-0.0267675	-0.0530058	0.980516	-0.189155	0.017013	0.190281	0.981582
2.4	0.998341	0.0492141	-0.029895	-0.0540515	0.979936	-0.191842	0.0198539	0.19314	0.98097
2.43333	0.998287	0.0490187	-0.0319301	-0.0542962	0.979542	-0.193779	0.0217781	0.195181	0.980526
2.46667	0.998327	0.0471377	-0.0334818	-0.0528318	0.978973	-0.197029	0.0234903	0.198468	0.979826
2.5	0.998352	0.045611	-0.0348352	-0.0516202	0.978907	-0.197678	0.0250841	0.199151	0.979648
2.53333	0.998438	0.0445552	-0.0337182	-0.0503306	0.979232	-0.196394	0.0242676	0.197784	0.979945
2.56667	0.998463	0.0434075	-0.0344581	-0.0492764	0.979865	-0.193486	0.0253655	0.194886	0.980498
2.6	0.998523	0.0409909	-0.0356515	-0.0470654	0.980486	-0.190874	0.0271317	0.19227	0.980967
2.63333	0.998736	0.0370075	-0.0340202	-0.0428432	0.980657	-0.190985	0.0262943	0.192201	0.981003
2.66667	0.998886	0.0327502	-0.0339629	-0.0386478	0.98086	-0.19084	0.0270628	0.19194	0.981034
2.7	0.998977	0.028688	-0.0349536	-0.0348323	0.981114	-0.190267	0.028835	0.19129	0.98111
2.73333	0.999033	0.0255608	-0.0357747	-0.0318833	0.981434	-0.189134	0.030276	0.190092	0.981299
2.76667	0.99903	0.0235528	-0.0372177	-0.0301179	0.981884	-0.187076	0.0321373	0.188015	0.98164
2.8	0.999043	0.0219789	-0.0378203	-0.028633	0.982218	-0.185548	0.0330696	0.186453	0.981907
2.83333	0.999095	0.0210665	-0.03695	-0.0275523	0.98237	-0.184904	0.0324033	0.185755	0.982062
2.86667	0.999137	0.0204088	-0.0361749	-0.0268029	0.982148	-0.186189	0.0317292	0.186998	0.981848
2.9	0.999308	0.0176106	-0.0327611	-0.0235154	0.98157	-0.18965	0.0288175	0.190289	0.981305
2.93333	0.999389	0.0171523	-0.0304539	-0.0226587	0.981356	-0.190859	0.0266124	0.191433	0.981145
2.96667	0.999477	0.0170544	-0.0274897	-0.0220047	0.981291	-0.191267	0.0237134	0.191772	0.981153
3	0.999563	0.0165251	-0.0245128	-0.0209295	0.981172	-0.191998	0.0208785	0.192427	0.981089
3.03333	0.999654	0.0151126	-0.0215432	-0.01896	0.981333	-0.19138	0.0182488	0.191722	0.98128
3.06667	0.999728	0.0127978	-0.0195061	-0.0163115	0.981214	-0.192233	0.0166795	0.192499	0.981155
3.1	0.99977	0.0109572	-0.0184363	-0.0142908	0.981345	-0.191725	0.0159916	0.191945	0.981275
3.13333	0.999756	0.00934743	-0.0200221	-0.0129164	0.982407	-0.186306	0.0179284	0.186519	0.982288
3.16667	0.999799	0.00713205	-0.0187142	-0.0104657	0.98276	-0.184591	0.0170751	0.18475	0.982637
3.2	0.999849	0.00211972	-0.0172417	-0.00534022	0.981971	-0.188955	0.0165304	0.189018	0.981834
3.23333	0.999854	-0.0037458	-0.0166879	0.000388989	0.98045	-0.196768	0.0170987	0.196733	0.980308
3.26667	0.999787	-0.00649944	-0.0195862	0.00248013	0.980072	-0.198626	0.0204868	0.198535	0.97988
3.3	0.999673	-0.00697569	-0.0246051	0.00204802	0.980828	-0.194862	0.0254927	0.194748	0.980522
3.33333	0.999503	-0.0075792	-0.0306125	0.00162885	0.981803	-0.189897	0.0314947	0.189753	0.981327
3.36667	0.999277	-0.00864378	-0.037033	0.001536	0.982205	-0.187808	0.0379973	0.187615	0.981507
3.4	0.999	-0.00954069	-0.0436757	0.00122419	0.982434	-0.186606	0.0446888	0.186366	0.981464
3.43333	0.998612	-0.00929673	-0.0518469	-0.000551526	0.982402	-0.186779	0.0526709	0.186548	0.981033
3.46667	0.998056	-0.00789967	-0.0618248	-0.00375708	0.982506	-0.186192	0.0622141	0.186062	0.980566
3.5	0.997253	-0.0059842	-0.0738325	-0.00798959	0.982227	-0.187526	0.0736425	0.1876	0.979481
3.53333	0.995956	-0.00175643	-0.0898198	-0.0146794	0.98319	-0.181997	0.0886296	0.182579	0.979188
3.56667	0.994859	-0.0024023	-0.101242	-0.0173066	0.980979	-0.193342	0.0997807	0.1941	0.975894
3.6	0.993614	-0.00183638	-0.112819	-0.0210542	0.979289	-0.201368	0.110852	0.202457	0.972997
3.63333	0.992353	0.000590844	-0.123431	-0.0255414	0.979328	-0.200659	0.120761	0.202277	0.971854
3.66667	0.991573	0.00135622	-0.129542	-0.0277895	0.978895	-0.202466	0.126533	0.204359	0.970684
3.7	0.990969	0.00365387	-0.134039	-0.0304618	0.979627	-0.198504	0.130583	0.200795	0.970891
3.73333	0.990949	0.004008	-0.134182	-0.0311007	0.979214	-0.200433	0.13059	0.202792	0.970475
3.76667	0.990875	0.00910221	-0.134477	-0.0350447	0.980801	-0.191835	0.130149	0.194798	0.97217
3.8	0.991498	0.0116449	-0.129598	-0.0365929	0.980745	-0.191833	0.124869	0.194945	0.972833
3.83333	0.992167	0.0149561	-0.124017	-0.0388093	0.980582	-0.19223	0.118734	0.195537	0.973482
3.86667	0.992995	0.0176	-0.116835	-0.0402684	0.980054	-0.19461	0.11108	0.197952	0.973897
3.9	0.994007	0.0184147	-0.107752	-0.0401199	0.978377	-0.202901	0.101685	0.206008	0.973253
3.93333	0.994613	0.0217338	-0.101355	-0.0419366	0.97855	-0.201697	0.0947974	0.204861	0.97419
3.96667	0.995445	0.0232076	-0.0924736	-0.0417707	0.978039	-0.204193	0.085704	0.207126	0.974553
4	0.995996	0.0254356	-0.0857051	-0.0423229	0.978591	-0.201416	0.0787471	0.204237	0.975749
4.03333	0.996526	0.0272925	-0.0786827	-0.0423038	0.9797	-0.195956	0.0717373	0.198604	0.977451
4.06667	0.997153	0.028019	-0.0700058	-0.0413302	0.979607	-0.196626	0.0630689	0.19896	0.977976
4.1	0.997693	0.0287591	-0.0614955	-0.0404439	0.979335	-0.198158	0.0545259	0.200187	0.978239
4.13333	0.998059	0.0310604	-0.0539835	-0.0409604	0.980293	-0.193255	0.0469171	0.195091	0.979662
4.16667	0.998418	0.0331808	-0.0454037	-0.0411483	0.981371	-0.187662	0.0383311	0.189234	0.981184
4.2	0.998865	0.0340919	-0.0332743	-0.0399333	0.980067	-0.194613	0.0259763	0.195721	0.980316
4.23333	0.998766	0.0404574	-0.0287956	-0.0448834	0.983569	-0.174866	0.0212478	0.175943	0.984171
4.26667	0.998729	0.0458478	-0.0209186	-0.0486239	0.985762	-0.16096	0.0132411	0.161773	0.986739
4.3	0.998599	0.0507967	-0.0148496	-0.0523983	0.988389	-0.142624	0.00743235	0.143202	0.989666
4.33333	0.998303	0.056849	-0.0126504	-0.0579622	0.991	-0.120662	0.00567699	0.121191	0.992613
4.36667	0.998443	0.0555725	-0.0048617	-0.0557106	0.988829	-0.138252	-0.0028756	0.138307	0.990385
4.4	0.998516	0.0543966	-0.00260395	-0.054168	0.987109	-0.150604	-0.00562199	0.150522	0.988591
4.43333	0.998574	0.0532429	-0.00381746	-0.0532059	0.987013	-0.151576	-0.00430247	0.151563	0.988438
4.46667	0.998568	0.0524894	-0.0103093	-0.0534244	0.988306	-0.142819	0.00269222	0.143166	0.989695
4.5	0.998589	0.050449	-0.0165794	-0.0523374	0.987827	-0.146485	0.00898758	0.147146	0.989074
4.53333	0.998517	0.0477789	-0.0260906	-0.0512771	0.98642	-0.156036	0.0182811	0.157142	0.987407
4.56667	0.998198	0.044393	-0.040364	-0.0504323	0.985235	-0.163609	0.0325049	0.16535	0.985699
4.6	0.997523	0.0407519	-0.0573265	-0.0498538	0.984599	-0.167567	0.0496149	0.17001	0.984192
4.63333	0.996407	0.0401615	-0.0745631	-0.0521159	0.984742	-0.166033	0.0667573	0.169323	0.983297
4.66667	0.994917	0.0430619	-0.09103	-0.0572775	0.985481	-0.159834	0.0828256	0.164235	0.982938
4.7	0.993231	0.047801	-0.105868	-0.063532	0.986551	-0.1506	0.0972458	0.156306	0.98291
4.73333	0.99171	0.0521645	-0.117432	-0.0691833	0.986882	-0.145868	0.108283	0.152783	0.98231
4.76667	0.99038	0.0564816	-0.126319	-0.0746129	0.986796	-0.143758	0.116532	0.1518	0.981518
4.8	0.989534	0.0591415	-0.131624	-0.0785699	0.985908	-0.147691	0.121034	0.156486	0.980236
4.83333	0.989179	0.060752	-0.133544	-0.0814046	0.984541	-0.155087	0.122058	0.16428	0.978833
4.86667	0.989304	0.0611579	-0.132426	-0.0829143	0.982704	-0.165583	0.120009	0.174792	0.977264
4.9	0.989859	0.0603495	-0.128594	-0.0828621	0.980601	-0.177638	0.115379	0.186492	0.975658
4.93333	0.990674	0.0571542	-0.123683	-0.0801946	0.978467	-0.19019	0.11015	0.198335	0.973925
4.96667	0.991682	0.052792	-0.117391	-0.0757215	0.976783	-0.200401	0.104086	0.207623	0.972656
5	0.993017	0.0466335	-0.108367	-0.0686239	0.975494	-0.209049	0.0959624	0.215026	0.971882
5.03333	0.994042	0.0411504	-0.100935	-0.0622137	0.974545	-0.215386	0.089503	0.220382	0.971299
5.06667	0.994973	0.0353768	-0.0936861	-0.0554332	0.973687	-0.221043	0.0834012	0.225125	0.970754
5.1	0.995897	0.0299108	-0.0854132	-0.0486125	0.972887	-0.226115	0.0763341	0.22934	0.970349
5.13333	0.996759	0.0252713	-0.0763705	-0.0420523	0.973015	-0.226876	0.0685762	0.229353	0.970925
5.16667	0.997467	0.0231301	-0.067262	-0.0374236	0.974838	-0.219749	0.0604868	0.221709	0.973235
5.2	0.998175	0.0215893	-0.056392	-0.0329986	0.977144	-0.210003	0.0505693	0.21148	0.976073
5.23333	0.998847	0.0193992	-0.0439179	-0.0278832	0.97905	-0.201701	0.039085	0.202693	0.978462
5.26667	0.999441	0.016464	-0.0291047	-0.0219459	0.979666	-0.19943	0.0252295	0.199957	0.97948
5.3	0.999696	0.0146001	-0.0198543	-0.0181064	0.981652	-0.189819	0.0167186	0.19012	0.981618
5.33333	0.999833	0.0121385	-0.0136738	-0.0143871	0.98381	-0.178638	0.011284	0.178805	0.98382
5.36667	0.999894	0.0112309	-0.00923678	-0.0125782	0.986736	-0.161847	0.00729658	0.161946	0.986773
5.4	0.99993	0.0103721	-0.00563631	-0.0110623	0.989982	-0.140762	0.00411986	0.140814	0.990027
5.43333	0.99999	0.00438821	-0.00125271	-0.0045156	0.991154	-0.132643	0.000659561	0.132647	0.991163
5.46667	0.999997	-0.00257847	0.000225077	0.00258577	0.991425	-0.130655	0.000113743	0.130655	0.991428
5.5	0.999972	-0.00738815	-0.000919426	0.00721166	0.991883	-0.126949	0.00184988	0.126939	0.991909
5.53333	0.999936	-0.0103588	-0.00453479	0.00975889	0.993118	-0.116709	0.00571254	0.116657	0.993156
5.56667	0.999843	-0.0125136	-0.0125242	0.0111471	0.994537	-0.10379	0.0137546	0.103634	0.99452
5.6	0.999663	-0.013879	-0.0219352	0.0117355	0.995409	-0.0949944	0.0231529	0.094705	0.995236
5.63333	0.999359	-0.0134933	-0.0331598	0.0104637	0.995896	-0.0898948	0.0342367	0.0894902	0.995399
5.66667	0.998911	-0.011529	-0.0452089	0.00750749	0.99608	-0.0881341	0.0460478	0.0876987	0.995082
5.7	0.998355	-0.00930213	-0.0565735	0.00420629	0.995975	-0.089535	0.0571787	0.0891498	0.994376
5.73333	0.997781	-0.00767281	-0.0661395	0.00152972	0.995718	-0.0924353	0.0665655	0.092129	0.99352
5.76667	0.997178	-0.0065723	-0.074788	-0.000523725	0.995528	-0.094469	0.0750744	0.0942416	0.992715
5.8	0.996598	-0.00576623	-0.0822158	-0.00207377	0.995479	-0.094956	0.0823916	0.0948035	0.992081
5.83333	0.996091	-0.00348417	-0.0882645	-0.00458225	0.995838	-0.0910219	0.0882143	0.0910706	0.99193
5.86667	0.995713	0.00095855	-0.0924865	-0.00874637	0.996441	-0.0838364	0.092077	0.084286	0.992178
5.9	0.995594	0.00530418	-0.0936184	-0.012931	0.996626	-0.08105	0.0928727	0.0819035	0.992304
5.93333	0.995677	0.00938473	-0.0924055	-0.0170747	0.996421	-0.0827849	0.0912979	0.0840048	0.992274
5.96667	0.995825	0.0135993	-0.090259	-0.0216448	0.995817	-0.0887664	0.0886743	0.0903495	0.991955
6	0.995952	0.0189762	-0.0878637	-0.027457	0.994969	-0.0963433	0.0855934	0.0983658	0.991463
6.03333	0.996087	0.0242183	-0.0849913	-0.0330708	0.993991	-0.104347	0.0819535	0.106749	0.990903
6.06667	0.996234	0.0291101	-0.0816683	-0.0381809	0.992997	-0.111804	0.0778418	0.114501	0.990369
6.1	0.996451	0.032425	-0.077676	-0.0415385	0.992055	-0.118747	0.0732086	0.121552	0.989882
6.13333	0.996705	0.0353651	-0.0729926	-0.0441677	0.991455	-0.122741	0.0680282	0.125561	0.989751
6.16667	0.996979	0.0377982	-0.0678503	-0.0461403	0.990966	-0.125928	0.0624775	0.128679	0.989716
6.2	0.997237	0.0397338	-0.0627589	-0.0474996	0.990695	-0.127541	0.0571072	0.13017	0.989846
6.23333	0.997537	0.0420424	-0.0561451	-0.0487967	0.990965	-0.124926	0.0503857	0.127358	0.990576
6.26667	0.997858	0.0445652	-0.0478962	-0.0499098	0.991889	-0.116902	0.042298	0.119042	0.991988
6.3	0.998356	0.0446228	-0.0359653	-0.048503	0.99213	-0.115434	0.0305313	0.116989	0.992664
6.33333	0.998778	0.0440868	-0.0223166	-0.0463571	0.992367	-0.114277	0.0171082	0.115172	0.993198
6.36667	0.998793	0.0478858	-0.0109377	-0.0487949	0.99283	-0.109126	0.00563368	0.109528	0.993968
6.4	0.998712	0.0506645	-0.00276204	-0.0506741	0.993176	-0.105038	-0.00257848	0.105042	0.994464
6.43333	0.998635	0.0522361	0.000468908	-0.0519319	0.993709	-0.0992281	-0.00564925	0.0990682	0.995065
6.46667	0.99863	0.0523313	0.000497197	-0.0520517	0.99419	-0.0942193	-0.00542493	0.0940643	0.995551
6.5	0.998713	0.0507126	-0.000803227	-0.0505591	0.994184	-0.095091	-0.00402376	0.0950092	0.995468
6.53333	0.998849	0.0477986	-0.00393755	-0.0479509	0.99363	-0.101979	-0.000962001	0.102051	0.994779
6.56667	0.998943	0.0446554	-0.0109035	-0.0455846	0.992899	-0.109876	0.00591955	0.110257	0.993885
6.6	0.998795	0.0431311	-0.0233944	-0.045382	0.993307	-0.106215	0.0186567	0.107149	0.994068
6.63333	0.998504	0.0422504	-0.0347077	-0.0458713	0.99274	-0.111187	0.029758	0.112613	0.993193
6.66667	0.997841	0.0450003	-0.0478463	-0.0500052	0.992767	-0.10915	0.0425884	0.111307	0.992873
6.7	0.996907	0.0494367	-0.0610888	-0.055674	0.99291	-0.105022	0.0554638	0.108098	0.992592
6.73333	0.99579	0.0549987	-0.0733359	-0.0622063	0.993049	-0.099923	0.0673305	0.104064	0.992289
6.76667	0.994723	0.0597825	-0.0833808	-0.0677627	0.993032	-0.0964155	0.0770358	0.101557	0.991843
6.8	0.993853	0.0628426	-0.0911478	-0.0717087	0.992648	-0.097505	0.0843502	0.103442	0.991052
6.83333	0.993355	0.0643734	-0.0954057	-0.0742155	0.991858	-0.103486	0.0879672	0.109878	0.990045
6.86667	0.993255	0.0643029	-0.0964852	-0.0750182	0.990885	-0.111886	0.0884112	0.118369	0.989026
6.9	0.993522	0.0634401	-0.0942807	-0.074656	0.989885	-0.12064	0.0856736	0.126897	0.988209
6.93333	0.994083	0.0613124	-0.0896655	-0.0726506	0.988952	-0.12921	0.0807527	0.13496	0.987555
6.96667	0.994836	0.0585695	-0.0828963	-0.0695084	0.98828	-0.135909	0.0739647	0.140969	0.987247
7	0.995677	0.0553025	-0.0746255	-0.0653137	0.988111	-0.139179	0.0660413	0.143452	0.987451
7.03333	0.996552	0.0510495	-0.0654088	-0.0599695	0.987961	-0.142608	0.0573413	0.146039	0.987616
7.06667	0.997454	0.045201	-0.0551606	-0.0529677	0.987475	-0.148621	0.0477519	0.151165	0.987355
7.1	0.998209	0.0398624	-0.0446026	-0.0463245	0.986865	-0.154761	0.0378476	0.15655	0.986945
7.13333	0.998729	0.0366422	-0.0346125	-0.0416173	0.986861	-0.156118	0.0284372	0.15736	0.987132
7.16667	0.998982	0.0363944	-0.0266638	-0.0399645	0.988085	-0.148633	0.0209367	0.149547	0.988533
7.2	0.999029	0.0382291	-0.0218805	-0.040785	0.990452	-0.131686	0.0166374	0.132451	0.99105
7.23333	0.999087	0.0386007	-0.0183047	-0.0405029	0.992128	-0.118495	0.0135866	0.119129	0.992786
7.26667	0.999346	0.0342372	-0.0116077	-0.035458	0.990865	-0.130114	0.00704689	0.13044	0.991431
7.3	0.999532	0.0294052	-0.00839865	-0.0302889	0.98979	-0.13928	0.00421734	0.139469	0.990217
7.33333	0.999568	0.0274809	-0.0103974	-0.028609	0.990934	-0.131268	0.00669579	0.131508	0.991292
7.36667	0.999643	0.0247964	-0.00995756	-0.0258889	0.991028	-0.131127	0.00661675	0.131338	0.991316
7.4	0.999717	0.0221159	-0.00879531	-0.0230985	0.990643	-0.13451	0.0057382	0.134676	0.990873
7.43333	0.999781	0.0195424	-0.00753604	-0.0204052	0.989946	-0.139964	0.00472504	0.140087	0.990128
7.46667	0.999797	0.0181962	-0.00868669	-0.019257	0.989414	-0.143839	0.0059774	0.143977	0.989563
7.5	0.99977	0.0175299	-0.0123298	-0.0190916	0.989866	-0.140714	0.00973812	0.140917	0.989973
7.53333	0.999711	0.0183459	-0.0155129	-0.0202414	0.990979	-0.132481	0.0129425	0.132757	0.991064
7.56667	0.999687	0.0166009	-0.018728	-0.0188461	0.991738	-0.126891	0.0164667	0.127205	0.99174
7.6	0.999699	0.0110598	-0.0219168	-0.0138133	0.991449	-0.129759	0.0202943	0.130022	0.991303
7.63333	0.999642	0.00730532	-0.025751	-0.0106579	0.991117	-0.132566	0.0245538	0.132793	0.99084
7.66667	0.999514	0.00807241	-0.0301059	-0.0119384	0.991372	-0.130534	0.0287924	0.13083	0.990987
7.7	0.999342	0.00898561	-0.0351415	-0.0134982	0.991374	-0.130364	0.0336669	0.130753	0.990843
7.73333	0.999165	0.0061423	-0.0403995	-0.0117541	0.990057	-0.140176	0.0391368	0.140534	0.989302
7.76667	0.998943	-0.000380214	-0.0459581	-0.00693814	0.987258	-0.158975	0.045433	0.159126	0.986212
7.8	0.99861	-0.00686594	-0.0522535	-0.00251607	0.984136	-0.177396	0.0526426	0.177281	0.982751
7.83333	0.998168	-0.010463	-0.0595973	-0.000848842	0.982418	-0.186691	0.0605028	0.1864	0.980609
7.86667	0.997684	-0.00937712	-0.0673764	-0.00307569	0.983223	-0.182384	0.0679563	0.182168	0.980916
7.9	0.99711	-0.00388836	-0.0758659	-0.00881393	0.986023	-0.166379	0.0754525	0.166567	0.983139
7.93333	0.996506	0.00209451	-0.0834927	-0.014448	0.988937	-0.147632	0.0822598	0.148323	0.985512
7.96667	0.996008	0.00711677	-0.0889778	-0.0187237	0.991297	-0.130304	0.0872762	0.13145	0.987473
8	0.995686	0.0107323	-0.0921618	-0.0215723	0.992845	-0.117443	0.090242	0.118925	0.988794
8.03333	0.995594	0.0135459	-0.0927897	-0.0236393	0.993809	-0.108559	0.0907447	0.110274	0.98975
8.06667	0.995609	0.0168935	-0.0920754	-0.0262275	0.994528	-0.101126	0.0898632	0.103097	0.990604
8.1	0.995631	0.0209427	-0.0909978	-0.0297187	0.99492	-0.0961844	0.0885211	0.0984685	0.991195
8.13333	0.995656	0.0242991	-0.0898842	-0.032795	0.995005	-0.0942862	0.0871441	0.0968243	0.991479
8.16667	0.995734	0.02693	-0.0882505	-0.0354698	0.994684	-0.0966754	0.0851779	0.0993932	0.991396
8.2	0.99574	0.0300058	-0.0871816	-0.0387062	0.994246	-0.0998854	0.0836828	0.102834	0.991172
8.23333	0.995703	0.0331181	-0.0864845	-0.0420132	0.993778	-0.103147	0.0825304	0.106337	0.990899
8.26667	0.995667	0.036363	-0.0855845	-0.0454212	0.993286	-0.106392	0.0811412	0.109818	0.990634
8.3	0.995659	0.0400608	-0.0840172	-0.0490691	0.992933	-0.108055	0.0790947	0.111708	0.990588
8.33333	0.995652	0.0445224	-0.0818187	-0.0530838	0.992987	-0.105634	0.0765418	0.109518	0.991033
8.36667	0.99549	0.0509981	-0.0799986	-0.0583557	0.994001	-0.0925067	0.0748009	0.0967578	0.992493
8.4	0.996025	0.0529479	-0.0716254	-0.0602312	0.992786	-0.103676	0.0656193	0.107578	0.992029
8.43333	0.996328	0.0556311	-0.0650761	-0.0624453	0.992204	-0.107854	0.0585687	0.111522	0.992035
8.46667	0.996657	0.0576871	-0.0578545	-0.0637678	0.991945	-0.10945	0.0510746	0.112773	0.992307
8.5	0.997005	0.0591631	-0.0498154	-0.0642952	0.991998	-0.108659	0.0429882	0.111537	0.99283
8.53333	0.997295	0.0603754	-0.0419201	-0.0644003	0.992652	-0.102439	0.0354273	0.104862	0.993856
8.56667	0.997426	0.0625002	-0.0351305	-0.0656667	0.993048	-0.0976937	0.0287804	0.0997491	0.994596
8.6	0.997421	0.0640749	-0.0323477	-0.0668427	0.993389	-0.0933304	0.0261537	0.0952518	0.99511
8.63333	0.997484	0.063301	-0.0319286	-0.0660322	0.993442	-0.0933406	0.0258107	0.0952141	0.995122
8.66667	0.997539	0.0612893	-0.0340379	-0.0642668	0.993433	-0.0946566	0.028013	0.0966112	0.994928
8.7	0.997575	0.0591673	-0.0366642	-0.0625425	0.993117	-0.0990273	0.0305527	0.10108	0.994409
8.73333	0.997739	0.0565165	-0.036377	-0.0603464	0.991574	-0.114624	0.0295924	0.11656	0.992743
8.76667	0.997758	0.055109	-0.0379697	-0.0595104	0.990155	-0.126694	0.0306139	0.128669	0.991215
8.8	0.997702	0.0529166	-0.042304	-0.0582658	0.988819	-0.137268	0.0345672	0.139418	0.98963
8.83333	0.997485	0.0509751	-0.0492437	-0.0576613	0.987661	-0.145606	0.0412139	0.148079	0.988116
8.86667	0.997043	0.0505069	-0.0579138	-0.0588409	0.986527	-0.15265	0.0494237	0.155606	0.986582
8.9	0.99607	0.0524635	-0.0713603	-0.0625526	0.987093	-0.147427	0.0627047	0.151312	0.986495
8.93333	0.994939	0.0530089	-0.0853663	-0.0654553	0.986468	-0.150322	0.0762427	0.155149	0.984945
8.96667	0.993614	0.0542543	-0.0989306	-0.0687368	0.986381	-0.149422	0.0894765	0.155268	0.983812
9	0.9922	0.0574698	-0.110621	-0.0732895	0.986755	-0.144721	0.100839	0.151699	0.983269
9.03333	0.990951	0.0597704	-0.120181	-0.0766959	0.986956	-0.141547	0.110153	0.149483	0.982609
9.06667	0.990179	0.0607394	-0.125926	-0.0786848	0.986615	-0.142828	0.115565	0.151333	0.981704
9.1	0.989705	0.0616121	-0.129178	-0.080459	0.985982	-0.146173	0.118361	0.155062	0.980789
9.13333	0.989673	0.0612176	-0.129612	-0.0808447	0.985062	-0.152045	0.118368	0.160953	0.979838
9.16667	0.989927	0.0605598	-0.127974	-0.0807348	0.983993	-0.158869	0.116305	0.1676	0.978971
9.2	0.990475	0.0595735	-0.124141	-0.080066	0.982658	-0.167253	0.112024	0.175599	0.978067
9.23333	0.991172	0.0585468	-0.118951	-0.0788884	0.981538	-0.17424	0.106554	0.182086	0.977492
9.26667	0.991991	0.0566837	-0.112873	-0.0764357	0.98084	-0.179192	0.100553	0.186384	0.977318
9.3	0.992869	0.0547205	-0.105906	-0.0733538	0.980753	-0.180947	0.0939664	0.187426	0.977774
9.33333	0.993813	0.0519817	-0.0981539	-0.0691707	0.981089	-0.180778	0.0869006	0.186449	0.978614
9.36667	0.994762	0.0482978	-0.0900919	-0.063937	0.981638	-0.179718	0.0797577	0.184536	0.979584
9.4	0.995585	0.0431488	-0.0833628	-0.0575631	0.982145	-0.179103	0.0741463	0.183111	0.980292
9.43333	0.996281	0.0377418	-0.0774596	-0.0511161	0.982576	-0.178697	0.0693656	0.181991	0.98085
9.46667	0.996739	0.0326963	-0.0737732	-0.0453173	0.983258	-0.176495	0.0667673	0.179262	0.981533
9.5	0.997036	0.0290049	-0.0712613	-0.040851	0.984447	-0.170866	0.065197	0.173271	0.982714
9.53333	0.997253	0.0261199	-0.0693163	-0.0371297	0.985986	-0.162645	0.0640967	0.164772	0.984247
9.56667	0.997655	0.0207506	-0.0652155	-0.0312834	0.985815	-0.164897	0.0608687	0.16655	0.984152
9.6	0.9979	0.017038	-0.0624919	-0.0270921	0.986128	-0.163758	0.058835	0.165107	0.984519
9.63333	0.998079	0.0146279	-0.0602008	-0.0241493	0.986721	-0.160616	0.0570519	0.161762	0.985179
9.66667	0.998271	0.0134999	-0.057214	-0.0222854	0.987533	-0.155823	0.0543971	0.156829	0.986127
9.7	0.998496	0.0138312	-0.0530449	-0.0215839	0.988678	-0.148495	0.0503904	0.149416	0.98749
9.73333	0.998647	0.0145542	-0.0499179	-0.0214271	0.989913	-0.140045	0.0473762	0.140925	0.988886
9.76667	0.99864	0.0157662	-0.0496967	-0.0221937	0.991059	-0.131563	0.0471781	0.132487	0.990061
9.8	0.998594	0.0169224	-0.0502368	-0.022894	0.992415	-0.120783	0.0478118	0.121764	0.991407
9.83333	0.998556	0.0182875	-0.0505157	-0.0237877	0.993589	-0.110522	0.0481706	0.111564	0.992589
9.86667	0.998642	0.0170629	-0.0492218	-0.0222639	0.993996	-0.107131	0.0470983	0.108081	0.993026
9.9	0.998792	0.0119302	-0.0476575	-0.0173731	0.993158	-0.115481	0.0459537	0.116169	0.992166
9.93333	0.998828	0.00794195	-0.0477373	-0.0138076	0.992207	-0.123832	0.0463818	0.124346	0.991154
9.96667	0.998731	0.00697272	-0.0498749	-0.0133507	0.991592	-0.128716	0.048558	0.129219	0.990427
10	0.998464	0.00658706	-0.0550049	-0.0137112	0.991398	-0.130165	0.0536743	0.130719	0.989965
10.0333	0.997993	0.00716594	-0.0629254	-0.0152968	0.991435	-0.129702	0.061457	0.130404	0.989554
10.0667	0.997315	0.00798129	-0.0727957	-0.0176156	0.991002	-0.132684	0.0710817	0.13361	0.988481
10.1	0.996346	0.0102176	-0.0847994	-0.0219549	0.990097	-0.13866	0.0825429	0.140015	0.986703
10.1333	0.995111	0.0114326	-0.0981014	-0.0260614	0.988469	-0.149165	0.0952649	0.150992	0.983934
10.1667	0.994003	0.00816882	-0.109043	-0.0264752	0.985515	-0.167511	0.106095	0.169393	0.979821
10.2	0.992769	0.0041603	-0.119965	-0.0256047	0.983738	-0.177776	0.117274	0.179563	0.976731
10.2333	0.991463	0.00772097	-0.130162	-0.0291005	0.98617	-0.163165	0.127102	0.16556	0.977975
10.2667	0.990847	0.0105185	-0.13458	-0.0313141	0.987675	-0.153355	0.131308	0.156166	0.978964
10.3	0.990556	0.0140603	-0.136383	-0.0339642	0.988887	-0.144735	0.132833	0.148	0.980026
10.3333	0.99059	0.0184533	-0.135615	-0.0376121	0.989422	-0.140102	0.131596	0.143885	0.980806
10.3667	0.990902	0.0232082	-0.132572	-0.0418069	0.98937	-0.139283	0.12793	0.143558	0.981338
10.4	0.99138	0.0282206	-0.127942	-0.0462711	0.989015	-0.14039	0.122574	0.1451	0.981795
10.4333	0.991892	0.0336506	-0.122544	-0.0510706	0.988561	-0.141915	0.116367	0.147023	0.982264
10.4667	0.992424	0.0386871	-0.116613	-0.0554451	0.988011	-0.144082	0.109641	0.149456	0.982671
10.5	0.992799	0.0440107	-0.11141	-0.0600995	0.987539	-0.145449	0.103621	0.151097	0.983073
10.5333	0.992885	0.0503358	-0.107911	-0.0653403	0.987942	-0.140361	0.0995447	0.146414	0.984202
10.5667	0.993378	0.054515	-0.101131	-0.0690798	0.986777	-0.146624	0.0918003	0.152639	0.984009
10.6	0.993617	0.0580644	-0.0967173	-0.0722162	0.986056	-0.149927	0.0866632	0.155954	0.983955
10.6333	0.993791	0.0620369	-0.0923671	-0.0753905	0.98597	-0.148926	0.0818323	0.154965	0.984525
10.6667	0.993854	0.064437	-0.0900065	-0.0772045	0.986199	-0.146459	0.0793269	0.152508	0.985113
10.7	0.993923	0.0669367	-0.0873863	-0.0788447	0.98689	-0.140828	0.0768141	0.146862	0.98617
10.7333	0.994083	0.0686802	-0.0841603	-0.0796282	0.987706	-0.134519	0.0738869	0.140425	0.987331
10.7667	0.994397	0.0693192	-0.0798058	-0.0792094	0.988567	-0.128298	0.0699999	0.1339	0.988519
10.8	0.994902	0.0685503	-0.0739625	-0.0773334	0.989353	-0.123289	0.0647235	0.12838	0.989611
10.8333	0.995515	0.0672302	-0.0665566	-0.0747813	0.99015	-0.118364	0.0579434	0.12281	0.990737
10.8667	0.995688	0.0694585	-0.0614845	-0.0760572	0.990743	-0.112447	0.0531049	0.116638	0.991754
10.9	0.995884	0.0692181	-0.0585123	-0.0752877	0.991204	-0.108842	0.0504638	0.112799	0.992336
10.9333	0.996049	0.067341	-0.0578877	-0.0733656	0.991312	-0.109173	0.0500329	0.112989	0.992336
10.9667	0.996193	0.0653967	-0.057638	-0.0713815	0.991502	-0.108763	0.0500355	0.112463	0.992395
11	0.996211	0.064565	-0.0582595	-0.0706416	0.991516	-0.109111	0.0507204	0.112813	0.992321
11.0333	0.996137	0.0640258	-0.0600965	-0.0703837	0.991387	-0.110446	0.0525075	0.114249	0.992064
11.0667	0.996041	0.0626276	-0.0630906	-0.0694521	0.991218	-0.112527	0.0554892	0.116463	0.991644
11.1	0.995883	0.059841	-0.0680865	-0.0675362	0.990834	-0.116993	0.0604613	0.12111	0.990796
11.1333	0.995624	0.0544913	-0.075921	-0.0638196	0.989921	-0.126423	0.0682668	0.130715	0.989067
11.1667	0.995075	0.0498804	-0.0856559	-0.0612708	0.988817	-0.135969	0.0779158	0.140547	0.987003
11.2	0.994164	0.0485207	-0.0963513	-0.0616984	0.988385	-0.138879	0.0884938	0.144013	0.985611
11.2333	0.992983	0.0508318	-0.106774	-0.0652808	0.988485	-0.136516	0.0986048	0.142528	0.984867
11.2667	0.991949	0.0538324	-0.11463	-0.0691987	0.988481	-0.1346	0.106064	0.141448	0.984247
11.3	0.991158	0.0561913	-0.120201	-0.0723844	0.988211	-0.134904	0.111203	0.142411	0.983541
11.3333	0.990667	0.0577733	-0.123454	-0.0747068	0.987713	-0.137267	0.114007	0.145209	0.982811
11.3667	0.990584	0.0592967	-0.123397	-0.0766037	0.987097	-0.140611	0.113467	0.148739	0.982345
11.4	0.990886	0.0602257	-0.120486	-0.0778059	0.986074	-0.146985	0.109956	0.15502	0.981773
11.4333	0.991407	0.0601494	-0.116164	-0.0779014	0.984854	-0.154899	0.105087	0.162618	0.981077
11.4667	0.992047	0.0590769	-0.111139	-0.0765907	0.984046	-0.160585	0.0998788	0.167821	0.980745
11.5	0.993099	0.0541056	-0.104049	-0.0715837	0.982428	-0.17237	0.0928944	0.178628	0.979522
11.5333	0.994393	0.0462336	-0.0951069	-0.0637613	0.979626	-0.190439	0.0843646	0.195435	0.977081
11.5667	0.994956	0.0423169	-0.0909478	-0.0590951	0.979895	-0.19056	0.0810555	0.194973	0.977454
11.6	0.995991	0.0341445	-0.0826863	-0.050392	0.977839	-0.203203	0.0739156	0.206555	0.975639
11.6333	0.996263	0.0310112	-0.0806157	-0.0464018	0.979365	-0.1967	0.0728523	0.199706	0.977144
11.6667	0.996549	0.0276596	-0.0782587	-0.0421532	0.980858	-0.190108	0.0715023	0.192751	0.978639
11.7	0.997027	0.0217892	-0.0739017	-0.0358922	0.980095	-0.195259	0.0681761	0.197331	0.977963
11.7333	0.99695	0.0200872	-0.0754072	-0.0338178	0.982063	-0.185496	0.0703285	0.187481	0.979747
11.7667	0.997081	0.0172318	-0.0743765	-0.0305302	0.982906	-0.181561	0.0699765	0.183302	0.980563
11.8	0.997491	0.0119083	-0.0697892	-0.0250613	0.981318	-0.190754	0.0662138	0.192025	0.979154
11.8333	0.997431	0.0125558	-0.0705254	-0.0252109	0.983061	-0.181537	0.0670514	0.182848	0.980852
11.8667	0.997784	0.0101209	-0.0657685	-0.0220195	0.982903	-0.182804	0.0627939	0.183847	0.980947
11.9	0.998098	0.00809464	-0.0611172	-0.0191849	0.982902	-0.183126	0.0585899	0.18395	0.981188
11.9333	0.998101	0.00831552	-0.0610336	-0.0188069	0.984672	-0.173398	0.0586562	0.174216	0.982959
11.9667	0.998131	0.0087623	-0.0604851	-0.0186155	0.986231	-0.164322	0.0582125	0.165141	0.984551
12	0.998112	0.0110391	-0.060428	-0.0199075	0.988758	-0.148193	0.0581128	0.149116	0.987111
12.0333	0.998169	0.0122555	-0.0592384	-0.0201119	0.99079	-0.133907	0.0570517	0.134853	0.989222
12.0667	0.998303	0.0081776	-0.0576629	-0.0156671	0.991304	-0.130656	0.056093	0.131338	0.989749
12.1	0.998403	0.00185612	-0.0564709	-0.00945546	0.990854	-0.134604	0.0557046	0.134923	0.989289
12.1333	0.998363	0.00024023	-0.0571975	-0.00797636	0.990805	-0.135063	0.0566391	0.135298	0.989185
