0	0.911305	-0.411733	0	0.411733	0.911305	0	0	0	1
0.0333333	0.918586	-0.379041	-0.111928	0.375019	0.925333	-0.0558508	0.124741	0.00932848	0.992146
0.0666667	0.931453	-0.247347	-0.266862	0.226605	0.968156	-0.106417	0.284685	0.0386503	0.957841
0.1	0.912467	-0.135191	-0.386171	0.0924902	0.987558	-0.127183	0.39856	0.080333	0.913617
0.133333	0.880227	-0.0460482	-0.472313	-0.0183329	0.991238	-0.130807	0.474199	0.123798	0.871671
0.166667	0.846475	0.0217449	-0.531984	-0.104891	0.986395	-0.12658	0.521994	0.162947	0.83724
0.2	0.8171	0.0716775	-0.572023	-0.169802	0.978147	-0.119985	0.550922	0.19517	0.811414
0.233333	0.794067	0.108524	-0.598064	-0.218121	0.969273	-0.113722	0.567346	0.220753	0.793339
0.266667	0.777599	0.135938	-0.613889	-0.254034	0.961037	-0.108969	0.575157	0.240684	0.781835
0.3	0.76688	0.155648	-0.622631	-0.279693	0.954226	-0.10595	0.577639	0.255396	0.77531
0.333333	0.760111	0.169802	-0.627215	-0.297964	0.948871	-0.104216	0.57745	0.266103	0.771842
0.366667	0.756011	0.179887	-0.629355	-0.310854	0.944821	-0.103357	0.576035	0.273776	0.770214
0.4	0.753361	0.1863	-0.630666	-0.319051	0.942145	-0.10281	0.575026	0.278667	0.769214
0.433333	0.751013	0.190519	-0.632204	-0.32454	0.94034	-0.102152	0.575025	0.281893	0.768038
0.466667	0.748802	0.193481	-0.633925	-0.328485	0.93905	-0.101403	0.575667	0.284166	0.766718
0.5	0.746686	0.195184	-0.635896	-0.330889	0.938299	-0.100535	0.577037	0.285479	0.765199
0.533333	0.744999	0.196212	-0.637556	-0.332405	0.937842	-0.0997968	0.578345	0.286275	0.763913
0.566667	0.743421	0.19687	-0.639193	-0.333454	0.937547	-0.0990642	0.579771	0.286788	0.762639
0.6	0.742066	0.197426	-0.640594	-0.334341	0.937298	-0.0984344	0.580994	0.287222	0.761544
0.633333	0.740897	0.197048	-0.642063	-0.334058	0.937468	-0.0977727	0.582647	0.286926	0.760392
0.666667	0.740076	0.196887	-0.643058	-0.333985	0.93754	-0.0973238	0.583731	0.286799	0.759608
0.7	0.73976	0.196288	-0.643604	-0.333298	0.93781	-0.0970774	0.584524	0.286326	0.759177
0.733333	0.739866	0.196461	-0.64343	-0.333495	0.937732	-0.097156	0.584278	0.286463	0.759315
0.766667	0.74046	0.196734	-0.642662	-0.33374	0.937609	-0.0975019	0.583384	0.286678	0.75992
0.8	0.741556	0.196778	-0.641384	-0.333626	0.93759	-0.0980776	0.582056	0.286712	0.760925
0.833333	0.742552	0.196275	-0.640385	-0.332858	0.937816	-0.0985262	0.581224	0.286318	0.761709
0.866667	0.743344	0.196066	-0.63953	-0.332481	0.937909	-0.0989088	0.580428	0.286155	0.762377
0.9	0.744014	0.196549	-0.638601	-0.332966	0.937693	-0.0993244	0.579289	0.286531	0.763101
0.933333	0.745021	0.196709	-0.637377	-0.333004	0.937621	-0.0998716	0.577973	0.286656	0.764052
0.966667	0.745601	0.197018	-0.636603	-0.333289	0.937483	-0.100218	0.57706	0.286895	0.764652
1	0.74608	0.197292	-0.635956	-0.333545	0.937361	-0.100507	0.576291	0.287106	0.765152
1.03333	0.746704	0.196922	-0.635338	-0.332998	0.937526	-0.100783	0.5758	0.286821	0.765629
1.06667	0.746806	0.196467	-0.635359	-0.332429	0.937729	-0.100773	0.575996	0.28647	0.765613
1.1	0.746926	0.195937	-0.635382	-0.331766	0.937965	-0.100763	0.576223	0.286061	0.765596
1.13333	0.746907	0.196138	-0.635343	-0.332013	0.937875	-0.100781	0.576105	0.286216	0.765626
1.16667	0.747044	0.195848	-0.63527	-0.33164	0.938004	-0.100813	0.576142	0.285993	0.765682
1.2	0.746635	0.195613	-0.635823	-0.331419	0.938108	-0.100567	0.576799	0.285811	0.765255
1.23333	0.7462	0.19528	-0.636436	-0.331083	0.938256	-0.100295	0.577555	0.285553	0.764781
1.26667	0.745965	0.195285	-0.63671	-0.331127	0.938254	-0.100174	0.577833	0.285558	0.764569
1.3	0.745715	0.195269	-0.637008	-0.331145	0.938261	-0.100042	0.578145	0.285545	0.764338
1.33333	0.745371	0.195183	-0.637437	-0.331095	0.9383	-0.0998508	0.578618	0.285478	0.764005
1.36667	0.744912	0.194934	-0.638049	-0.330864	0.93841	-0.0995791	0.57934	0.285285	0.76353
1.4	0.744257	0.195051	-0.638778	-0.331108	0.938358	-0.0992552	0.580043	0.285376	0.762962
1.43333	0.743517	0.194948	-0.63967	-0.331098	0.938404	-0.0988581	0.580997	0.285296	0.762266
1.46667	0.742695	0.194961	-0.64062	-0.331241	0.938398	-0.0984348	0.581966	0.285306	0.761522
1.5	0.742081	0.194901	-0.64135	-0.33126	0.938425	-0.0981092	0.582737	0.285259	0.76095
1.53333	0.741874	0.194695	-0.641652	-0.33104	0.938517	-0.0979745	0.583126	0.285097	0.760713
1.56667	0.742113	0.19507	-0.641262	-0.331462	0.938349	-0.0981486	0.582582	0.285392	0.761019
1.6	0.742764	0.195519	-0.640371	-0.331912	0.938149	-0.0985467	0.581495	0.285743	0.761718
1.63333	0.743532	0.195689	-0.639426	-0.332002	0.938073	-0.0989687	0.580461	0.285877	0.762456
1.66667	0.744074	0.195405	-0.638882	-0.331571	0.938199	-0.0992112	0.580013	0.285656	0.76288
1.7	0.744542	0.195697	-0.638247	-0.331854	0.938069	-0.0994942	0.57925	0.285883	0.763375
1.73333	0.744816	0.195726	-0.637919	-0.331846	0.938056	-0.0996404	0.578902	0.285905	0.76363
1.76667	0.744622	0.194815	-0.638424	-0.330766	0.938462	-0.0994159	0.579769	0.285196	0.763237
1.8	0.74467	0.194741	-0.638391	-0.330668	0.938495	-0.0994305	0.579763	0.285139	0.763263
1.83333	0.745112	0.194168	-0.638049	-0.329901	0.938749	-0.0995821	0.579632	0.284693	0.763529
1.86667	0.74467	0.19374	-0.638695	-0.329448	0.938938	-0.099296	0.580458	0.28436	0.763026
1.9	0.744204	0.193001	-0.639461	-0.328617	0.939265	-0.0989574	0.581525	0.283782	0.762428
1.93333	0.743828	0.191629	-0.640311	-0.326998	0.939869	-0.098583	0.582917	0.282709	0.761763
1.96667	0.743632	0.191137	-0.640685	-0.326426	0.940085	-0.0984186	0.583487	0.282323	0.76147
2	0.743548	0.19018	-0.641068	-0.325265	0.940505	-0.098251	0.584242	0.281572	0.76117
2.03333	0.743338	0.189656	-0.641467	-0.324655	0.940734	-0.0980766	0.584849	0.281159	0.760856
2.06667	0.742744	0.189356	-0.642242	-0.324378	0.940864	-0.097738	0.585755	0.280924	0.760245
2.1	0.742083	0.189317	-0.643017	-0.324431	0.940882	-0.0973993	0.586564	0.280893	0.759633
2.13333	0.741259	0.189155	-0.644015	-0.324356	0.940953	-0.0969628	0.587647	0.280765	0.758843
2.16667	0.74065	0.189004	-0.64476	-0.324261	0.941019	-0.0966372	0.588466	0.280645	0.758252
2.2	0.73986	0.188818	-0.645721	-0.324151	0.9411	-0.0962164	0.58952	0.280497	0.757487
2.23333	0.739198	0.188815	-0.646479	-0.324245	0.941101	-0.0958843	0.590297	0.280495	0.756883
2.26667	0.737757	0.188123	-0.648324	-0.323601	0.941405	-0.0950753	0.592449	0.279941	0.755405
2.3	0.735711	0.187518	-0.65082	-0.323149	0.94167	-0.0939803	0.595234	0.279454	0.753393
2.33333	0.732755	0.186213	-0.654519	-0.321944	0.942243	-0.0923557	0.599519	0.278393	0.750383
2.36667	0.728887	0.185138	-0.659126	-0.321135	0.942716	-0.0903296	0.604645	0.277509	0.746588
2.4	0.724856	0.184047	-0.66386	-0.320302	0.943197	-0.0882415	0.60991	0.276598	0.742633
2.43333	0.721308	0.182697	-0.668084	-0.31905	0.943794	-0.086374	0.614753	0.275455	0.739056
2.46667	0.719231	0.181352	-0.670685	-0.317596	0.944388	-0.0852239	0.617931	0.274303	0.73683
2.5	0.718355	0.180597	-0.671827	-0.316739	0.944722	-0.0847196	0.619389	0.273653	0.735848
2.53333	0.71858	0.179678	-0.671832	-0.315531	0.945126	-0.0847169	0.619744	0.27286	0.735843
2.56667	0.71974	0.177915	-0.671059	-0.313121	0.945897	-0.0850549	0.61962	0.27134	0.736509
2.6	0.721672	0.175552	-0.669605	-0.309846	0.946918	-0.0856835	0.61902	0.26931	0.737758
2.63333	0.723494	0.173163	-0.66826	-0.306554	0.947937	-0.0862573	0.618532	0.267264	0.73891
2.66667	0.726238	0.170384	-0.665994	-0.302646	0.949105	-0.0872098	0.617239	0.264895	0.740842
2.7	0.7284	0.167297	-0.664414	-0.298425	0.95038	-0.0878624	0.616747	0.262276	0.742182
2.73333	0.731393	0.164415	-0.661839	-0.294359	0.951551	-0.0889082	0.615156	0.259845	0.744355
2.76667	0.734831	0.162013	-0.658617	-0.290847	0.952509	-0.0901951	0.612725	0.257834	0.747054
2.8	0.73847	0.160113	-0.655001	-0.287944	0.953255	-0.0916163	0.609714	0.256259	0.750053
2.83333	0.742133	0.158433	-0.651259	-0.285313	0.953905	-0.0930656	0.606495	0.25488	0.753127
2.86667	0.745267	0.156744	-0.64808	-0.282746	0.95455	-0.0942796	0.603847	0.253505	0.755714
2.9	0.747433	0.155854	-0.645796	-0.281317	0.954887	-0.0951425	0.601834	0.252786	0.757559
2.93333	0.748003	0.15548	-0.645227	-0.280767	0.955027	-0.0953566	0.601383	0.252485	0.758017
2.96667	0.748143	0.154836	-0.645219	-0.279943	0.955269	-0.0953594	0.601593	0.251967	0.758023
3	0.748355	0.154809	-0.64498	-0.279878	0.955279	-0.0954489	0.601359	0.251946	0.758215
3.03333	0.748311	0.155508	-0.644863	-0.280756	0.955017	-0.0954927	0.601005	0.252508	0.758309
3.06667	0.749533	0.15519	-0.643519	-0.280178	0.955136	-0.095996	0.599751	0.252252	0.759387
3.1	0.752801	0.153802	-0.640028	-0.277963	0.955652	-0.0972925	0.596681	0.251146	0.762167
3.13333	0.754574	0.154046	-0.637877	-0.277993	0.955562	-0.0980854	0.594422	0.251338	0.763866
3.16667	0.75376	0.155184	-0.638564	-0.279525	0.955141	-0.0978319	0.594736	0.252236	0.763325
3.2	0.752947	0.155367	-0.639478	-0.279875	0.955073	-0.0974924	0.595602	0.25238	0.762603
3.23333	0.752038	0.154387	-0.640784	-0.278799	0.955437	-0.0970076	0.597252	0.251603	0.761568
3.26667	0.74911	0.154105	-0.644272	-0.278888	0.955542	-0.0957118	0.600879	0.251379	0.758784
3.3	0.746136	0.154275	-0.647673	-0.279539	0.955478	-0.0944421	0.604267	0.251517	0.756043
3.33333	0.744875	0.153921	-0.649207	-0.279279	0.955611	-0.0938673	0.605941	0.25123	0.754797
3.36667	0.744835	0.152709	-0.649539	-0.277766	0.956064	-0.0937432	0.606686	0.250243	0.754527
3.4	0.74526	0.151388	-0.649361	-0.276047	0.956555	-0.0938095	0.606948	0.249167	0.754673
3.43333	0.745396	0.149592	-0.649621	-0.273774	0.957218	-0.0937134	0.607809	0.247703	0.754461
3.46667	0.74555	0.14923	-0.649528	-0.273297	0.95735	-0.0937475	0.607836	0.247408	0.754536
3.5	0.745419	0.147839	-0.649996	-0.27157	0.957859	-0.0935763	0.60877	0.246273	0.754155
3.53333	0.745099	0.146324	-0.650705	-0.269711	0.958409	-0.0933184	0.609987	0.245034	0.753575
3.56667	0.745865	0.14346	-0.650465	-0.265997	0.959438	-0.0934052	0.61068	0.24269	0.753771
3.6	0.747321	0.14052	-0.649435	-0.262089	0.960477	-0.09377	0.610591	0.240286	0.754614
3.63333	0.749171	0.137857	-0.647872	-0.258472	0.961404	-0.0943142	0.609864	0.238114	0.755888
3.66667	0.75051	0.135765	-0.646763	-0.255649	0.962121	-0.0946944	0.609408	0.236414	0.756789
3.7	0.750331	0.134165	-0.647305	-0.253665	0.962664	-0.0945106	0.610457	0.235113	0.756349
3.73333	0.748655	0.132408	-0.649603	-0.251696	0.963256	-0.0937359	0.613323	0.233678	0.754473
3.76667	0.746131	0.130644	-0.652855	-0.249828	0.963848	-0.092645	0.61715	0.232227	0.751796
3.8	0.744339	0.129375	-0.65515	-0.248471	0.964272	-0.0918783	0.619856	0.231174	0.749892
3.83333	0.744075	0.128935	-0.655537	-0.247948	0.964419	-0.0917492	0.620382	0.230808	0.749569
3.86667	0.74547	0.129313	-0.653875	-0.248233	0.964293	-0.0923028	0.618591	0.231122	0.750951
3.9	0.748756	0.131868	-0.649596	-0.250996	0.963439	-0.0937321	0.613486	0.233228	0.754479
3.93333	0.752572	0.134636	-0.644599	-0.253917	0.962509	-0.0954124	0.607586	0.235479	0.758544
3.96667	0.756328	0.137419	-0.639596	-0.256827	0.961567	-0.0971051	0.60167	0.237709	0.762553
4	0.759122	0.13976	-0.635768	-0.259302	0.96077	-0.098408	0.597073	0.239559	0.765582
4.03333	0.761102	0.141686	-0.632968	-0.261371	0.96011	-0.0993659	0.593641	0.241067	0.767774
4.06667	0.762289	0.143638	-0.631098	-0.263585	0.959438	-0.10001	0.591134	0.242584	0.769229
4.1	0.763541	0.145028	-0.629263	-0.265091	0.958956	-0.100645	0.58884	0.243658	0.770648
4.13333	0.764795	0.146489	-0.627399	-0.266677	0.958448	-0.101293	0.586491	0.244781	0.772082
4.16667	0.766006	0.14968	-0.625165	-0.270374	0.957329	-0.102076	0.58321	0.247219	0.773789
4.2	0.76695	0.153205	-0.623151	-0.274504	0.956076	-0.102792	0.580031	0.249893	0.775317
4.23333	0.767141	0.157461	-0.621852	-0.27963	0.954539	-0.103261	0.577322	0.253104	0.776297
4.26667	0.766705	0.162805	-0.621014	-0.286162	0.952567	-0.10357	0.574696	0.257118	0.776927
4.3	0.765535	0.168702	-0.620882	-0.293467	0.950337	-0.10362	0.572567	0.261533	0.777025
4.33333	0.764801	0.174358	-0.620225	-0.300394	0.948142	-0.103875	0.56995	0.265756	0.777516
4.36667	0.762914	0.180449	-0.620806	-0.308024	0.945716	-0.103644	0.568404	0.270294	0.777083
4.4	0.760717	0.185608	-0.62198	-0.31458	0.943608	-0.103164	0.567758	0.274141	0.776207
4.43333	0.757343	0.189259	-0.62499	-0.319523	0.942083	-0.101908	0.569505	0.276878	0.773953
4.46667	0.751357	0.191601	-0.631468	-0.323312	0.941084	-0.0991504	0.575267	0.278659	0.769036
4.5	0.743102	0.193781	-0.640506	-0.327235	0.940133	-0.0952199	0.583709	0.280354	0.762027
4.53333	0.731712	0.195776	-0.652893	-0.331332	0.939241	-0.0896912	0.595665	0.281953	0.752121
4.56667	0.720808	0.197525	-0.664394	-0.334972	0.938439	-0.0844157	0.606819	0.283401	0.7426
4.6	0.710981	0.197828	-0.674811	-0.336562	0.938297	-0.0795297	0.61744	0.28366	0.733693
4.63333	0.702768	0.196104	-0.683857	-0.335263	0.939116	-0.0752324	0.627467	0.282143	0.725727
4.66667	0.696141	0.19278	-0.691537	-0.331605	0.940699	-0.0715733	0.636731	0.279142	0.718786
4.7	0.690729	0.189082	-0.697955	-0.327233	0.942456	-0.0685262	0.644835	0.275727	0.712855
4.73333	0.6838	0.185362	-0.705732	-0.322883	0.944215	-0.0648492	0.654342	0.272213	0.705504
4.76667	0.6739	0.182395	-0.715954	-0.319693	0.945619	-0.060011	0.666074	0.269327	0.695563
4.8	0.664344	0.179873	-0.725461	-0.316946	0.946819	-0.055487	0.676899	0.266794	0.686023
4.83333	0.657925	0.177542	-0.731856	-0.314126	0.947932	-0.0524329	0.684441	0.264392	0.679439
4.86667	0.657159	0.175502	-0.733035	-0.311277	0.948903	-0.0518719	0.686475	0.262265	0.67821
4.9	0.660626	0.173564	-0.730376	-0.308272	0.949814	-0.0531229	0.684501	0.260249	0.680977
4.93333	0.668025	0.172223	-0.723935	-0.305826	0.950433	-0.0561011	0.678389	0.258875	0.687584
4.96667	0.678744	0.170885	-0.714216	-0.303098	0.951037	-0.0604969	0.668908	0.25754	0.697306
5	0.690668	0.169229	-0.703093	-0.299776	0.951765	-0.0653967	0.658113	0.255938	0.708084
5.03333	0.703579	0.168046	-0.690462	-0.296931	0.95227	-0.0708064	0.645608	0.254838	0.719895
5.06667	0.714801	0.167185	-0.679049	-0.294601	0.952628	-0.0755709	0.634247	0.254067	0.730192
5.1	0.724795	0.166367	-0.668577	-0.292392	0.952959	-0.0798463	0.623842	0.253359	0.739344
5.13333	0.734462	0.164438	-0.658427	-0.288736	0.953726	-0.083892	0.614164	0.251727	0.747955
5.16667	0.744245	0.161425	-0.648106	-0.28365	0.954892	-0.0878885	0.604683	0.249246	0.756462
5.2	0.753264	0.158861	-0.638245	-0.279195	0.955856	-0.0915943	0.595519	0.247189	0.764365
5.23333	0.760189	0.157322	-0.630367	-0.276282	0.956421	-0.0944844	0.588032	0.245985	0.770526
5.26667	0.762277	0.157805	-0.62772	-0.276557	0.956246	-0.0954452	0.585193	0.246356	0.772566
5.3	0.76454	0.158704	-0.624733	-0.277308	0.95592	-0.0965291	0.581875	0.247044	0.774849
5.33333	0.769997	0.159362	-0.617826	-0.277249	0.955681	-0.0990274	0.574663	0.247542	0.780054
5.36667	0.770435	0.160454	-0.616997	-0.278497	0.955287	-0.0993265	0.573472	0.248356	0.780672
5.4	0.771511	0.161327	-0.615422	-0.279375	0.954971	-0.0998962	0.571595	0.249005	0.781841
5.43333	0.771078	0.161388	-0.615949	-0.279519	0.954949	-0.0997056	0.572108	0.24905	0.781451
5.46667	0.76824	0.161415	-0.619478	-0.280007	0.954939	-0.0984233	0.575677	0.249071	0.778819
5.5	0.763642	0.162142	-0.624948	-0.28161	0.954672	-0.0964191	0.580987	0.249621	0.774689
5.53333	0.757882	0.163722	-0.631515	-0.284415	0.954084	-0.0939774	0.587132	0.250836	0.769648
5.56667	0.753184	0.163536	-0.637158	-0.284874	0.954154	-0.091852	0.592925	0.250691	0.765241
5.6	0.747961	0.162981	-0.643422	-0.284926	0.954364	-0.0894749	0.599476	0.250251	0.760265
5.63333	0.741856	0.161143	-0.650909	-0.283456	0.955066	-0.0866186	0.607703	0.248762	0.754198
5.66667	0.735184	0.159087	-0.658935	-0.28172	0.955852	-0.0835478	0.616553	0.247058	0.747546
5.7	0.73004	0.156709	-0.665195	-0.279319	0.956763	-0.0811512	0.623717	0.245045	0.742247
5.73333	0.727804	0.154557	-0.668142	-0.27682	0.957583	-0.0800274	0.627433	0.2432	0.739717
5.76667	0.727918	0.152894	-0.6684	-0.274661	0.958213	-0.0799297	0.628249	0.241766	0.739494
5.8	0.730154	0.152426	-0.666064	-0.273787	0.958389	-0.0808086	0.626031	0.241363	0.741504
5.83333	0.733412	0.152476	-0.662463	-0.273452	0.958371	-0.0821549	0.622358	0.241405	0.744576
5.86667	0.737474	0.152528	-0.657927	-0.273007	0.958352	-0.0838397	0.617737	0.241448	0.7484
5.9	0.741732	0.152705	-0.653081	-0.272681	0.958287	-0.0856269	0.612763	0.241595	0.752432
5.93333	0.746466	0.153335	-0.647516	-0.272843	0.958056	-0.0876661	0.606914	0.24211	0.756993
5.96667	0.75049	0.155197	-0.642401	-0.27462	0.957375	-0.0895363	0.601123	0.243612	0.761121
6	0.753415	0.157803	-0.638329	-0.277447	0.956419	-0.0910307	0.596145	0.245687	0.764362
6.03333	0.75521	0.160775	-0.63546	-0.280865	0.955319	-0.0920923	0.592261	0.248028	0.766622
6.06667	0.75567	0.163675	-0.634171	-0.284373	0.954234	-0.0925742	0.589996	0.250297	0.76763
6.1	0.755504	0.166223	-0.633707	-0.287532	0.95327	-0.09275	0.588676	0.252284	0.767993
6.13333	0.754616	0.168648	-0.634123	-0.290644	0.952341	-0.0925902	0.588287	0.254174	0.767668
6.16667	0.754053	0.171337	-0.634072	-0.29403	0.951299	-0.09261	0.587324	0.256269	0.767708
6.2	0.754362	0.174403	-0.632868	-0.297746	0.950096	-0.0930818	0.585052	0.258651	0.768644
6.23333	0.756774	0.177524	-0.62911	-0.301201	0.948859	-0.0945712	0.580148	0.261058	0.771542
6.26667	0.761178	0.180944	-0.62279	-0.304676	0.947494	-0.0970935	0.572521	0.263654	0.776341
6.3	0.762958	0.184359	-0.619602	-0.308509	0.946121	-0.0983755	0.568082	0.266209	0.778727
6.33333	0.763208	0.188392	-0.618079	-0.313308	0.944477	-0.0989957	0.565112	0.269204	0.779858
6.36667	0.762724	0.192009	-0.617563	-0.317715	0.942982	-0.0992087	0.563302	0.271878	0.780239
6.4	0.760474	0.196913	-0.618793	-0.323939	0.940916	-0.0986898	0.5628	0.275502	0.77933
6.43333	0.75685	0.204146	-0.620889	-0.333165	0.937784	-0.0977815	0.562298	0.280865	0.777776
6.46667	0.752089	0.212256	-0.623947	-0.343621	0.934147	-0.0964101	0.562394	0.28691	0.775497
6.5	0.746831	0.216908	-0.628644	-0.350011	0.931993	-0.0942387	0.565451	0.290413	0.771962
6.53333	0.740541	0.219323	-0.635213	-0.353857	0.930849	-0.0911338	0.5713	0.292263	0.766941
6.56667	0.733471	0.221208	-0.642718	-0.357148	0.929939	-0.0875151	0.57833	0.293736	0.761088
6.6	0.725706	0.223138	-0.650815	-0.360556	0.92899	-0.0835323	0.585961	0.295275	0.754627
6.63333	0.717673	0.224653	-0.659149	-0.363444	0.928231	-0.0793511	0.594015	0.296511	0.747815
6.66667	0.709742	0.224003	-0.6679	-0.363543	0.928562	-0.074894	0.60341	0.295966	0.740474
6.7	0.701353	0.220582	-0.677825	-0.360056	0.930315	-0.0698052	0.615193	0.293013	0.731902
6.73333	0.690368	0.215183	-0.690715	-0.354061	0.933085	-0.0631928	0.630898	0.288182	0.72036
6.76667	0.679634	0.209071	-0.703127	-0.34681	0.936211	-0.056846	0.64639	0.282486	0.708789
6.8	0.666637	0.203237	-0.71714	-0.339796	0.939185	-0.0497024	0.663425	0.276815	0.695155
6.83333	0.656175	0.198607	-0.728004	-0.333984	0.941543	-0.0441687	0.676675	0.272124	0.684149
6.86667	0.650569	0.195273	-0.733913	-0.32956	0.943237	-0.0411661	0.684216	0.26865	0.677994
6.9	0.649877	0.192743	-0.735194	-0.325967	0.944512	-0.0405199	0.68659	0.265982	0.676645
6.93333	0.652943	0.190532	-0.733051	-0.322625	0.945613	-0.0415878	0.685258	0.263655	0.678902
6.96667	0.659375	0.18845	-0.727813	-0.319284	0.94663	-0.0441522	0.680649	0.261491	0.684353
7	0.66933	0.186454	-0.719188	-0.315841	0.947583	-0.0482788	0.672489	0.259464	0.693136
7.03333	0.682512	0.184507	-0.707202	-0.312209	0.948486	-0.0538526	0.660835	0.25755	0.704957
7.06667	0.695646	0.183077	-0.694665	-0.309215	0.949128	-0.0595124	0.648431	0.256201	0.716867
7.1	0.70707	0.181444	-0.683469	-0.30602	0.949842	-0.0644288	0.637497	0.254711	0.727131
7.13333	0.71628	0.179485	-0.674336	-0.302556	0.950679	-0.0683374	0.628811	0.252973	0.735256
7.16667	0.725154	0.177001	-0.665449	-0.298414	0.951714	-0.0720447	0.620565	0.250823	0.742958
7.2	0.731109	0.174594	-0.659542	-0.294673	0.952694	-0.0744507	0.615343	0.248781	0.747971
7.23333	0.735554	0.172589	-0.655113	-0.291612	0.953495	-0.0762213	0.611493	0.247104	0.751676
7.26667	0.739049	0.170631	-0.651684	-0.288721	0.954266	-0.0775711	0.608643	0.245484	0.754514
7.3	0.741348	0.169112	-0.649464	-0.286529	0.954856	-0.0784334	0.606881	0.244237	0.756336
7.33333	0.742684	0.167825	-0.64827	-0.284745	0.955351	-0.0788931	0.606086	0.243185	0.757312
7.36667	0.744292	0.166932	-0.646656	-0.283425	0.955693	-0.0795099	0.604731	0.242457	0.758627
7.4	0.745677	0.166862	-0.645076	-0.283167	0.955719	-0.0801107	0.603144	0.242401	0.759908
7.43333	0.748491	0.167201	-0.641721	-0.283237	0.955591	-0.0813825	0.599615	0.242673	0.762608
7.46667	0.75345	0.166415	-0.636097	-0.28162	0.955886	-0.083498	0.594141	0.242049	0.767078
7.5	0.756922	0.166001	-0.63207	-0.280646	0.95604	-0.0849966	0.590175	0.241724	0.770236
7.53333	0.757408	0.166829	-0.631269	-0.281602	0.955733	-0.0852938	0.589095	0.242369	0.77086
7.56667	0.756393	0.167875	-0.632209	-0.283028	0.955343	-0.0849435	0.589716	0.243183	0.770128
7.6	0.754084	0.168011	-0.634924	-0.283504	0.955292	-0.0839251	0.592438	0.24329	0.768002
7.63333	0.75064	0.168216	-0.638939	-0.284208	0.955214	-0.0824107	0.596461	0.243452	0.76483
7.66667	0.747406	0.168953	-0.642525	-0.285538	0.954934	-0.0810467	0.599876	0.24404	0.761966
7.7	0.746648	0.168752	-0.643459	-0.285383	0.955011	-0.0806899	0.600894	0.243879	0.761216
7.73333	0.747287	0.16787	-0.642948	-0.2842	0.955347	-0.0808846	0.600661	0.24317	0.761627
7.76667	0.748537	0.166822	-0.641765	-0.282732	0.955744	-0.081333	0.599795	0.242328	0.762576
7.8	0.748127	0.165738	-0.642524	-0.28143	0.956153	-0.0810468	0.600919	0.241459	0.761967
7.83333	0.745671	0.164322	-0.645735	-0.279963	0.956685	-0.0798405	0.604645	0.240317	0.759376
7.86667	0.742488	0.162562	-0.649834	-0.278136	0.957345	-0.0783035	0.609386	0.238882	0.756032
7.9	0.739629	0.160666	-0.653556	-0.276075	0.958054	-0.0769126	0.613785	0.237317	0.75296
7.93333	0.737062	0.158341	-0.657014	-0.273415	0.958919	-0.0756268	0.618048	0.235379	0.750076
7.96667	0.735888	0.155894	-0.658913	-0.270422	0.959822	-0.0749261	0.620759	0.233322	0.748478
8	0.734864	0.153823	-0.66054	-0.267884	0.960579	-0.0743313	0.623067	0.231572	0.747102
8.03333	0.735485	0.15278	-0.660091	-0.266475	0.960959	-0.0744947	0.622939	0.230687	0.747483
8.06667	0.740615	0.153926	-0.654061	-0.26735	0.960544	-0.0766757	0.616452	0.23165	0.752546
8.1	0.745391	0.15545	-0.648249	-0.268712	0.959994	-0.0787724	0.61007	0.232909	0.757342
8.13333	0.751818	0.157743	-0.640225	-0.270791	0.959168	-0.0816648	0.601201	0.234764	0.763835
8.16667	0.757804	0.160466	-0.632442	-0.273394	0.958186	-0.0844701	0.592443	0.236918	0.769988
8.2	0.762759	0.162561	-0.625917	-0.275297	0.957431	-0.086824	0.585158	0.238539	0.775041
8.23333	0.76696	0.164979	-0.620124	-0.277656	0.956557	-0.0889173	0.578514	0.240377	0.779449
8.26667	0.769432	0.167297	-0.61643	-0.280111	0.955715	-0.0902575	0.574032	0.242116	0.78222
8.3	0.771348	0.169999	-0.613288	-0.28309	0.954728	-0.0914053	0.569985	0.244121	0.784552
8.33333	0.77326	0.173195	-0.609978	-0.286644	0.953549	-0.0926259	0.565601	0.24647	0.786986
8.36667	0.775038	0.176335	-0.606813	-0.290127	0.95238	-0.0938049	0.561375	0.248755	0.78929
8.4	0.775457	0.179276	-0.605414	-0.293569	0.951272	-0.0943312	0.559003	0.250881	0.790301
8.43333	0.776384	0.181945	-0.603427	-0.296596	0.950257	-0.0950873	0.55611	0.252798	0.791729
8.46667	0.776305	0.184111	-0.602872	-0.299179	0.949426	-0.0953004	0.554836	0.254349	0.792126
8.5	0.775947	0.186073	-0.60273	-0.30156	0.948667	-0.0953555	0.554047	0.25575	0.792227
8.53333	0.775092	0.188258	-0.603152	-0.304283	0.947813	-0.0951907	0.553755	0.257311	0.791926
8.56667	0.774876	0.189704	-0.602975	-0.306031	0.947244	-0.0952602	0.553093	0.258344	0.792052
8.6	0.772713	0.193475	-0.604552	-0.310836	0.945741	-0.0946319	0.55344	0.26104	0.790925
8.63333	0.769559	0.196788	-0.607497	-0.315255	0.944396	-0.0934359	0.555331	0.263421	0.788807
8.66667	0.765006	0.200295	-0.612085	-0.320121	0.942944	-0.0915363	0.558827	0.265967	0.785477
8.7	0.759934	0.202318	-0.617712	-0.323291	0.94209	-0.0891639	0.5639	0.267459	0.781333
8.73333	0.754863	0.202406	-0.62387	-0.324116	0.942051	-0.0865348	0.570203	0.267528	0.776722
8.76667	0.749581	0.202732	-0.630101	-0.325232	0.94191	-0.0838477	0.5765	0.267779	0.771973
8.8	0.74316	0.204556	-0.637079	-0.328304	0.941111	-0.0807941	0.583035	0.269198	0.766552
8.83333	0.735891	0.206339	-0.644894	-0.331408	0.940315	-0.0773094	0.590451	0.270614	0.760352
8.86667	0.728089	0.208105	-0.65313	-0.334525	0.939511	-0.0735644	0.598314	0.27205	0.753664
8.9	0.720206	0.207132	-0.662118	-0.334152	0.939959	-0.0694176	0.607985	0.271243	0.746178
8.93333	0.712728	0.204378	-0.671006	-0.331374	0.941238	-0.0652918	0.618232	0.268889	0.738572
8.96667	0.705571	0.200368	-0.679722	-0.326826	0.943098	-0.0612485	0.628773	0.265366	0.730908
9	0.699224	0.19584	-0.687555	-0.321402	0.945187	-0.0576352	0.638581	0.261282	0.723841
9.03333	0.693829	0.190826	-0.694397	-0.315141	0.947478	-0.0545089	0.647524	0.256653	0.717525
9.06667	0.687957	0.185734	-0.701583	-0.308699	0.949777	-0.0512639	0.656826	0.251846	0.710742
9.1	0.682247	0.180519	-0.708485	-0.30196	0.952102	-0.0481858	0.665852	0.246809	0.704078
9.13333	0.676063	0.175852	-0.715552	-0.295894	0.954157	-0.0450734	0.674822	0.2422	0.697104
9.16667	0.671701	0.171423	-0.720717	-0.289952	0.956082	-0.0428269	0.681723	0.23774	0.691906
9.2	0.669971	0.167904	-0.723151	-0.285085	0.957591	-0.0417829	0.685468	0.234153	0.689425
9.23333	0.67283	0.165033	-0.721155	-0.280863	0.958801	-0.0426248	0.684409	0.231225	0.691461
9.26667	0.676509	0.163591	-0.718034	-0.278613	0.959399	-0.0439195	0.681696	0.229766	0.694621
9.3	0.679192	0.164378	-0.715317	-0.279551	0.959074	-0.0450393	0.678638	0.230558	0.697347
9.33333	0.682567	0.166043	-0.71171	-0.281653	0.958387	-0.0465277	0.674369	0.232214	0.70093
9.36667	0.688943	0.166745	-0.705375	-0.282197	0.958097	-0.0491359	0.667625	0.232906	0.707129
9.4	0.697478	0.166942	-0.696889	-0.28185	0.958016	-0.0525922	0.658851	0.2331	0.715248
9.43333	0.706764	0.167242	-0.687397	-0.281525	0.957895	-0.0564037	0.649021	0.233383	0.724088
9.46667	0.717273	0.166775	-0.676539	-0.280006	0.958078	-0.0606875	0.638056	0.232965	0.733902
9.5	0.728264	0.166343	-0.664802	-0.278412	0.958245	-0.0652228	0.626194	0.232588	0.744166
9.53333	0.739661	0.165418	-0.652334	-0.276057	0.958594	-0.0699339	0.613754	0.231809	0.754699
9.56667	0.749404	0.164935	-0.641241	-0.274364	0.958772	-0.0740348	0.602592	0.231415	0.76376
9.6	0.756508	0.165523	-0.632691	-0.274254	0.958558	-0.0771495	0.593701	0.231882	0.770552
9.63333	0.762396	0.16657	-0.625305	-0.274813	0.958179	-0.0798198	0.585858	0.232696	0.776288
9.66667	0.765604	0.168632	-0.620817	-0.276924	0.957434	-0.0814407	0.580658	0.23427	0.779714
9.7	0.766683	0.17171	-0.618638	-0.280536	0.956314	-0.082234	0.577492	0.236598	0.78136
9.73333	0.766647	0.175108	-0.617729	-0.284674	0.955062	-0.0825696	0.575511	0.239153	0.782044
9.76667	0.768592	0.176327	-0.614959	-0.285891	0.954609	-0.0835998	0.572304	0.240065	0.784115
9.8	0.770786	0.176865	-0.612052	-0.28624	0.954409	-0.0846798	0.569171	0.240464	0.786271
9.83333	0.771088	0.177251	-0.61156	-0.286663	0.954265	-0.0848627	0.568548	0.240749	0.786634
9.86667	0.769918	0.176914	-0.613129	-0.286419	0.95439	-0.0842794	0.570254	0.2405	0.785474
9.9	0.766295	0.175432	-0.618074	-0.285114	0.954942	-0.08244	0.575762	0.239395	0.781785
9.93333	0.759792	0.173765	-0.626516	-0.283922	0.955563	-0.0792923	0.584898	0.238127	0.775365
9.96667	0.755088	0.173987	-0.632116	-0.28478	0.95548	-0.0771891	0.590545	0.238298	0.771019
10	0.752008	0.1731	-0.63602	-0.28405	0.955815	-0.0757154	0.594811	0.2376	0.767949
10.0333	0.750963	0.171667	-0.63764	-0.28239	0.956355	-0.0751047	0.596917	0.236464	0.766665
10.0667	0.750454	0.170128	-0.638651	-0.280529	0.956932	-0.0747256	0.598433	0.235238	0.76586
10.1	0.749029	0.167419	-0.641035	-0.277306	0.95794	-0.0738387	0.601711	0.23307	0.763952
10.1333	0.747699	0.165069	-0.643194	-0.274509	0.958806	-0.0730427	0.604642	0.231177	0.762211
10.1667	0.747679	0.163763	-0.643551	-0.272868	0.959285	-0.0729121	0.605409	0.230119	0.761922
10.2	0.748647	0.162306	-0.642794	-0.270926	0.959814	-0.0731876	0.605084	0.228941	0.762535
10.2333	0.749856	0.161458	-0.641597	-0.269723	0.960119	-0.0736199	0.604123	0.228258	0.763501
10.2667	0.751521	0.160369	-0.63992	-0.268165	0.96051	-0.0742211	0.602746	0.227383	0.764849
10.3	0.752316	0.159362	-0.639237	-0.26681	0.960868	-0.0744638	0.602356	0.226575	0.765396
10.3333	0.751777	0.157917	-0.640229	-0.265062	0.961379	-0.074113	0.603799	0.225417	0.764601
10.3667	0.750245	0.155845	-0.64253	-0.262634	0.962107	-0.0733044	0.606759	0.223746	0.762746
10.4	0.748122	0.154162	-0.645405	-0.260751	0.962695	-0.0723006	0.610182	0.22238	0.760411
10.4333	0.746133	0.153081	-0.64796	-0.259605	0.963071	-0.0714114	0.613099	0.221496	0.75832
10.4667	0.745558	0.152538	-0.648749	-0.258979	0.96326	-0.0711372	0.614063	0.22105	0.75767
10.5	0.746496	0.152956	-0.647571	-0.259406	0.963115	-0.0715461	0.612742	0.221393	0.758639
10.5333	0.749175	0.154279	-0.644155	-0.260778	0.962655	-0.0727323	0.608878	0.22247	0.761429
10.5667	0.752769	0.15657	-0.639394	-0.263246	0.961856	-0.0743908	0.603358	0.224317	0.765272
10.6	0.756633	0.159123	-0.634182	-0.265976	0.960962	-0.0762159	0.597297	0.226345	0.769418
10.6333	0.75972	0.162696	-0.629568	-0.270031	0.9597	-0.0778447	0.591531	0.229143	0.773036
10.6667	0.762418	0.165766	-0.625492	-0.273479	0.958604	-0.0792992	0.586454	0.231518	0.77619
10.7	0.764874	0.169982	-0.621349	-0.278332	0.957081	-0.0807957	0.580947	0.23474	0.779357
10.7333	0.767114	0.174996	-0.617182	-0.284147	0.95524	-0.0823256	0.57515	0.238523	0.782502
10.7667	0.768688	0.18076	-0.613551	-0.290917	0.953081	-0.0836853	0.569637	0.24282	0.785208
10.8	0.769883	0.18648	-0.610332	-0.297642	0.950893	-0.0849166	0.564526	0.247037	0.787581
10.8333	0.769414	0.192646	-0.609008	-0.305105	0.948479	-0.0854354	0.561172	0.251546	0.78855
10.8667	0.770142	0.197152	-0.60664	-0.310387	0.946677	-0.0863823	0.557262	0.25482	0.79027
10.9	0.768961	0.20309	-0.606179	-0.31763	0.944254	-0.0865705	0.554805	0.25911	0.790603
10.9333	0.765975	0.209006	-0.607947	-0.325099	0.941777	-0.0858297	0.554611	0.263386	0.789325
10.9667	0.761007	0.213885	-0.612472	-0.331612	0.939679	-0.0838833	0.557586	0.266939	0.786029
11	0.756231	0.21697	-0.617284	-0.335958	0.938321	-0.0817681	0.561469	0.269217	0.78248
11.0333	0.749889	0.218223	-0.624536	-0.338294	0.937758	-0.0785255	0.568528	0.270162	0.777038
11.0667	0.740821	0.22003	-0.634642	-0.341602	0.936933	-0.0739207	0.578352	0.271557	0.769263
11.1	0.729402	0.222322	-0.646951	-0.345715	0.93586	-0.0681701	0.5903	0.273384	0.759478
11.1333	0.716189	0.223327	-0.66121	-0.348296	0.935376	-0.0613277	0.604784	0.274219	0.74769
11.1667	0.702417	0.222476	-0.676102	-0.348387	0.935793	-0.0540178	0.620674	0.273488	0.734825
11.2	0.690156	0.218868	-0.68977	-0.34453	0.937587	-0.0472215	0.636384	0.270236	0.722487
11.2333	0.679488	0.213311	-0.701993	-0.337705	0.940353	-0.0411381	0.651346	0.265019	0.710994
11.2667	0.669509	0.207234	-0.71331	-0.329868	0.943358	-0.0355448	0.665541	0.259096	0.699946
11.3	0.652182	0.20095	-0.730943	-0.321727	0.946451	-0.0268623	0.686404	0.252683	0.68191
11.3333	0.633644	0.195918	-0.748406	-0.314923	0.948942	-0.0182183	0.706625	0.247234	0.662991
11.3667	0.624033	0.195325	-0.756591	-0.314233	0.949241	-0.0141182	0.71543	0.246556	0.653735
11.4	0.623515	0.195386	-0.757003	-0.314335	0.94921	-0.0139106	0.715837	0.246626	0.653264
11.4333	0.631811	0.195834	-0.749976	-0.314844	0.948983	-0.0174386	0.7083	0.247143	0.661235
11.4667	0.643911	0.196219	-0.739512	-0.315095	0.948791	-0.0226125	0.697205	0.247577	0.672764
11.5	0.65832	0.19717	-0.726456	-0.315969	0.948328	-0.0289452	0.683212	0.248593	0.686603
11.5333	0.674389	0.197599	-0.711446	-0.315852	0.948123	-0.0360664	0.667411	0.249034	0.701815
11.5667	0.691024	0.196885	-0.695501	-0.313936	0.948451	-0.0434243	0.651099	0.24835	0.717212
11.6	0.706645	0.194514	-0.680307	-0.309701	0.949507	-0.0502066	0.63619	0.24617	0.731206
11.6333	0.718547	0.192257	-0.668377	-0.305812	0.950481	-0.0553622	0.624636	0.244178	0.741759
11.6667	0.72638	0.190144	-0.660467	-0.302408	0.95137	-0.0586957	0.617188	0.242366	0.748557
11.7	0.732781	0.186633	-0.65437	-0.297328	0.952812	-0.0612043	0.612069	0.239412	0.753693
11.7333	0.738897	0.182913	-0.648517	-0.292012	0.954301	-0.06355	0.607256	0.236332	0.758543
11.7667	0.744637	0.180103	-0.642712	-0.287891	0.955399	-0.0658201	0.602192	0.234043	0.763275
11.8	0.750465	0.177845	-0.636532	-0.28445	0.956263	-0.0681864	0.596565	0.232233	0.76823
11.8333	0.755612	0.1761	-0.630903	-0.281715	0.956919	-0.0703023	0.591343	0.230856	0.77267
11.8667	0.760087	0.174587	-0.625929	-0.279336	0.957479	-0.072143	0.586719	0.22968	0.776536
11.9	0.762589	0.173726	-0.623119	-0.277985	0.957794	-0.0731711	0.584108	0.229017	0.778697
11.9333	0.765054	0.172399	-0.62046	-0.276064	0.958276	-0.0741356	0.581791	0.228005	0.780726
11.9667	0.769781	0.170321	-0.615164	-0.272951	0.959019	-0.0760299	0.577005	0.226436	0.784724
12	0.771071	0.169187	-0.613861	-0.271409	0.95942	-0.07649	0.57601	0.225587	0.785699
12.0333	0.769457	0.168331	-0.616118	-0.270566	0.959721	-0.0756963	0.578559	0.224945	0.784008
12.0667	0.769954	0.167043	-0.615847	-0.268933	0.960172	-0.0757909	0.578659	0.223977	0.784212
12.1	0.766999	0.167191	-0.619483	-0.269473	0.960121	-0.0745173	0.58232	0.224089	0.781465
12.1333	0.764476	0.167166	-0.622602	-0.269743	0.960129	-0.0734193	0.585505	0.224069	0.779087
