0	0	1	0	0	0	-1	-1	0	0
0.0333333	0.995147	-0.0759352	-0.0625849	0.0545111	0.954912	-0.291842	0.0819241	0.287014	0.954417
0.0666667	0.997331	-0.0501505	-0.0530563	0.0397892	0.982691	-0.180929	0.0612117	0.178335	0.982064
0.1	0.998452	-0.0348467	-0.0433547	0.0295405	0.992631	-0.117522	0.0471305	0.116059	0.992123
0.133333	0.999011	-0.0258533	-0.0361732	0.0229333	0.996616	-0.0789313	0.0380914	0.0780236	0.996224
0.166667	0.999341	-0.0199499	-0.0303252	0.0183416	0.998457	-0.0524184	0.0313241	0.0518277	0.998165
0.2	0.999546	-0.0162633	-0.0253528	0.0154225	0.999336	-0.0330175	0.0258729	0.0326116	0.999133
0.233333	0.999679	-0.0144031	-0.0208246	0.0140252	0.999736	-0.0181796	0.021081	0.0178817	0.999618
0.266667	0.999767	-0.0142611	-0.0162244	0.0141273	0.999865	-0.00833715	0.0163411	0.008106	0.999834
0.3	0.999812	-0.0143739	-0.013006	0.0143927	0.999896	0.00135063	0.0129852	-0.00153757	0.999915
0.333333	0.999844	-0.0141813	-0.0105251	0.014308	0.999825	0.0120587	0.0103523	-0.0122074	0.999872
0.366667	0.999867	-0.0137673	-0.00877853	0.0139515	0.999676	0.0212706	0.00848285	-0.0213902	0.999735
0.4	0.999894	-0.0123343	-0.00777119	0.0125664	0.999454	0.030562	0.00738999	-0.0306564	0.999503
0.433333	0.999913	-0.0105447	-0.00792403	0.0108482	0.999169	0.0392969	0.00750307	-0.0393794	0.999196
0.466667	0.999922	-0.00883623	-0.00885203	0.00924048	0.998865	0.0467189	0.00842917	-0.046797	0.998869
0.5	0.999918	-0.00786733	-0.0101478	0.0083867	0.998602	0.0521972	0.00972294	-0.052278	0.998585
0.533333	0.999902	-0.00723798	-0.0119868	0.00788411	0.998468	0.0547639	0.011572	-0.0548531	0.998427
0.566667	0.999887	-0.00720208	-0.0131636	0.00793126	0.998388	0.0562083	0.0127376	-0.0563064	0.998332
0.6	0.999874	-0.00753772	-0.0139884	0.00831341	0.998382	0.0562488	0.0135418	-0.056358	0.998319
0.633333	0.999856	-0.00688982	-0.0155201	0.00778978	0.998246	0.0586928	0.0150885	-0.0588053	0.998155
0.666667	0.999866	-0.00728087	-0.0146369	0.00814135	0.998188	0.0596155	0.0141763	-0.0597267	0.998114
0.7	0.999866	-0.00678866	-0.0149199	0.00769465	0.998076	0.0615303	0.0144735	-0.0616368	0.997994
0.733333	0.999881	-0.00714914	-0.0136346	0.00797641	0.998068	0.0616177	0.0131678	-0.0617192	0.998007
0.766667	0.99989	-0.00666777	-0.0132836	0.00749063	0.997992	0.062891	0.0128376	-0.0629835	0.997932
0.8	0.999898	-0.00590764	-0.0129692	0.00676048	0.997748	0.0667321	0.0125458	-0.066813	0.997687
0.833333	0.999905	-0.00399477	-0.0131637	0.00494532	0.997321	0.0729876	0.0128369	-0.0730458	0.997246
0.866667	0.999914	-0.00243601	-0.0128846	0.0034214	0.997024	0.0770187	0.0126586	-0.0770562	0.996946
0.9	0.999925	-0.00211721	-0.0120378	0.00305902	0.996888	0.0787666	0.0118336	-0.0787975	0.99682
0.933333	0.999906	-0.000711831	-0.0136673	0.00183627	0.996595	0.0824366	0.0135621	-0.0824539	0.996503
0.966667	0.999913	-6.12422e-05	-0.0131637	0.00116916	0.99645	0.084174	0.0131118	-0.0841821	0.996364
1	0.999899	0.00090644	-0.0141977	0.000311603	0.996333	0.0855551	0.0142232	-0.0855509	0.996232
1.03333	0.999884	0.00229526	-0.0150854	-0.000946202	0.996046	0.0888338	0.0152297	-0.0888092	0.995932
1.06667	0.999855	0.00385332	-0.016605	-0.00231394	0.99578	0.0917468	0.0168885	-0.091695	0.995644
1.1	0.999822	0.00499543	-0.0181902	-0.00324968	0.995494	0.0947665	0.0185817	-0.0946905	0.995333
1.13333	0.999808	0.00563036	-0.018761	-0.00383793	0.995542	0.0942416	0.0192079	-0.0941516	0.995373
1.16667	0.999757	0.00672581	-0.0209699	-0.00464744	0.995212	0.0976302	0.0215261	-0.097509	0.995002
1.2	0.99972	0.00755906	-0.0224291	-0.00530686	0.995091	0.0988259	0.0230661	-0.0986792	0.994852
1.23333	0.999689	0.00808958	-0.023581	-0.00569809	0.994994	0.0997737	0.0242701	-0.0996083	0.994731
1.26667	0.999646	0.00859673	-0.0251629	-0.00600251	0.994826	0.101414	0.0259045	-0.101227	0.994526
1.3	0.999613	0.00902136	-0.0263113	-0.00628395	0.994731	0.102325	0.0270958	-0.10212	0.994403
1.33333	0.999571	0.00973044	-0.0276142	-0.0068239	0.99461	0.103462	0.0284721	-0.103229	0.99425
1.36667	0.999533	0.0104669	-0.0287211	-0.0074335	0.994575	0.10376	0.0296513	-0.103498	0.994188
1.4	0.999495	0.0112034	-0.0297506	-0.00805061	0.994539	0.104054	0.0307538	-0.103762	0.994127
1.43333	0.999464	0.0118165	-0.0305373	-0.00855989	0.994472	0.104656	0.0316051	-0.104338	0.99404
1.46667	0.999445	0.0124488	-0.0308852	-0.00912958	0.994391	0.105372	0.0320237	-0.105032	0.993953
1.5	0.999425	0.0135155	-0.0311046	-0.0101517	0.994329	0.105865	0.032359	-0.105489	0.993894
1.53333	0.999383	0.014891	-0.0318237	-0.0113602	0.994044	0.108382	0.0332481	-0.107954	0.9936
1.56667	0.9994	0.0151384	-0.031145	-0.0116662	0.993996	0.108791	0.0326049	-0.108362	0.993577
1.6	0.999398	0.0152356	-0.0311819	-0.0117604	0.994	0.108747	0.0326516	-0.108315	0.99358
1.63333	0.999368	0.0158827	-0.0317862	-0.0123305	0.993967	0.108981	0.0333254	-0.108521	0.993535
1.66667	0.999359	0.0166625	-0.0316967	-0.0130696	0.993806	0.11036	0.0333392	-0.109875	0.993386
1.7	0.999363	0.0166749	-0.0315618	-0.0131612	0.994017	0.108434	0.033181	-0.107949	0.993603
1.73333	0.999353	0.0168868	-0.0317581	-0.0133782	0.994103	0.107615	0.0333881	-0.10712	0.993685
1.76667	0.999353	0.017102	-0.0316478	-0.0135998	0.994086	0.107744	0.0333033	-0.107244	0.993675
1.8	0.999343	0.016217	-0.0324229	-0.0127503	0.994453	0.104406	0.0339362	-0.103924	0.994006
1.83333	0.999302	0.0159432	-0.0337805	-0.0123506	0.9945	0.10401	0.0352529	-0.10352	0.994002
1.86667	0.999332	0.0147379	-0.0334505	-0.011283	0.9948	0.101216	0.0347683	-0.100771	0.994302
1.9	0.999329	0.0136002	-0.0340002	-0.0101945	0.995094	0.0984062	0.0351718	-0.0979936	0.994565
1.93333	0.999299	0.0132918	-0.034988	-0.00980895	0.995148	0.0978968	0.0361194	-0.097485	0.994581
1.96667	0.999332	0.0119157	-0.0345565	-0.00866324	0.995648	0.0927878	0.0355118	-0.0924264	0.995086
2	0.99937	0.0110048	-0.0337305	-0.0078576	0.995723	0.0920569	0.0345993	-0.0917339	0.995182
2.03333	0.999406	0.0110661	-0.0326321	-0.00801777	0.995717	0.0921092	0.0335117	-0.0917928	0.995214
2.06667	0.999457	0.0113083	-0.0309569	-0.0084902	0.995933	0.0896956	0.0318454	-0.089384	0.995488
2.1	0.999514	0.0113519	-0.0290158	-0.00874329	0.996038	0.088499	0.0299055	-0.0882024	0.995654
2.13333	0.999576	0.0119022	-0.0265734	-0.00949619	0.995995	0.0889012	0.0275251	-0.0886112	0.995686
2.16667	0.999622	0.0123339	-0.0245713	-0.0100629	0.995846	0.0904934	0.0255854	-0.0902119	0.995594
2.2	0.999636	0.0134785	-0.0233509	-0.0112252	0.995502	0.0940725	0.0245138	-0.0937762	0.995291
2.23333	0.99965	0.0141211	-0.0223544	-0.0118792	0.995172	0.0974274	0.0236223	-0.0971278	0.994992
2.26667	0.999622	0.0157349	-0.0225585	-0.01343	0.995005	0.0989142	0.0240023	-0.0985738	0.99484
2.3	0.999564	0.0179688	-0.0234381	-0.0155918	0.995071	0.097928	0.0250822	-0.0975198	0.994917
2.33333	0.999427	0.0216422	-0.02602	-0.0189705	0.994919	0.0988719	0.0280276	-0.0983216	0.99476
2.36667	0.999222	0.0259858	-0.0296799	-0.0229242	0.994803	0.0992021	0.0321035	-0.0984445	0.994625
2.4	0.998929	0.0308442	-0.0345022	-0.0273133	0.994762	0.0985033	0.0373597	-0.0974553	0.994538
2.43333	0.998689	0.0330688	-0.0390847	-0.0292071	0.994996	0.0955482	0.0420488	-0.0942813	0.994657
2.46667	0.998554	0.0322348	-0.0430102	-0.0282953	0.995607	0.0892527	0.0456983	-0.0879067	0.99508
2.5	0.998483	0.0292782	-0.0466238	-0.0255987	0.996652	0.0776496	0.0487412	-0.0763383	0.99589
2.53333	0.998566	0.0254142	-0.0471265	-0.0222523	0.997542	0.0664443	0.0486993	-0.0653003	0.996677
2.56667	0.998533	0.0226265	-0.0491912	-0.019677	0.998026	0.059638	0.0504435	-0.0585826	0.997007
2.6	0.99847	0.019711	-0.0516552	-0.0166839	0.998154	0.0583922	0.0527108	-0.0574411	0.996956
2.63333	0.998554	0.0166724	-0.05111	-0.0135977	0.99811	0.0599264	0.0520126	-0.0591448	0.996893
2.66667	0.998548	0.0116641	-0.052593	-0.00848791	0.998149	0.0602168	0.053198	-0.0596829	0.996799
2.7	0.998483	0.00574754	-0.0547522	-0.00245038	0.99819	0.0600975	0.0549985	-0.0598722	0.99669
2.73333	0.998461	0.000230595	-0.0554549	0.0032308	0.998051	0.0623204	0.0553612	-0.0624036	0.996514
2.76667	0.998381	-0.00408366	-0.0567416	0.00778793	0.997841	0.0652162	0.0563528	-0.0655525	0.996257
2.8	0.998321	-0.00789183	-0.0573828	0.0116448	0.997793	0.0653658	0.0567403	-0.0659242	0.99621
2.83333	0.998277	-0.0101334	-0.0577936	0.0138683	0.997815	0.0645934	0.0570128	-0.0652836	0.996237
2.86667	0.998287	-0.0109577	-0.0574687	0.0146647	0.997811	0.0644856	0.0566363	-0.0652179	0.996262
2.9	0.998299	-0.0115513	-0.0571425	0.0152191	0.997823	0.0641748	0.0562768	-0.0649353	0.996301
2.93333	0.998348	-0.0120233	-0.0561812	0.0156398	0.997803	0.0643817	0.0552837	-0.0651541	0.996343
2.96667	0.998454	-0.012057	-0.0542523	0.0155451	0.997807	0.0643395	0.0533576	-0.0650834	0.996452
3	0.998572	-0.0121873	-0.0520059	0.0155146	0.997825	0.0640616	0.0511121	-0.064777	0.99659
3.03333	0.998721	-0.0121684	-0.0490783	0.0153352	0.997789	0.0646737	0.0481828	-0.0653436	0.996699
3.06667	0.998811	-0.0131405	-0.0469414	0.0163011	0.99758	0.0675951	0.0459395	-0.06828	0.996608
3.1	0.998895	-0.0113861	-0.0456043	0.0148389	0.996989	0.0761046	0.0446004	-0.0766972	0.996056
3.13333	0.998817	-0.00808544	-0.0479602	0.012288	0.996046	0.0879896	0.0470591	-0.0884748	0.994966
3.16667	0.998757	-0.00498439	-0.0495857	0.00958562	0.995621	0.0929935	0.0489051	-0.0933532	0.994431
3.2	0.998659	-0.00447019	-0.0515805	0.0091219	0.995872	0.090304	0.050964	-0.0906534	0.994578
3.23333	0.998518	-0.00536693	-0.0541572	0.0101298	0.996064	0.0880573	0.0534714	-0.0884754	0.994642
3.26667	0.998347	-0.00539456	-0.0572283	0.0104076	0.996096	0.087665	0.056532	-0.0881157	0.994505
3.3	0.998183	-0.00367492	-0.0601352	0.0091267	0.995842	0.0906371	0.0595521	-0.0910213	0.994067
3.33333	0.998002	-0.00120406	-0.0631687	0.00734726	0.995247	0.097109	0.0627515	-0.0973791	0.993267
3.36667	0.997749	0.00147999	-0.0670356	0.00568332	0.994292	0.106541	0.0668107	-0.106683	0.992046
3.4	0.997407	0.00299432	-0.0719075	0.00532959	0.993318	0.115288	0.0717722	-0.115373	0.990726
3.43333	0.996896	0.00311169	-0.0786659	0.00653739	0.992496	0.122104	0.0784555	-0.12224	0.989395
3.46667	0.996101	-0.000794724	-0.0882219	0.0111016	0.99314	0.1164	0.0875242	-0.116926	0.989276
3.5	0.995094	-0.00538086	-0.0987909	0.0161272	0.993987	0.108305	0.0976141	-0.109367	0.989197
3.53333	0.993874	-0.00981787	-0.110082	0.0207143	0.994943	0.0982838	0.10856	-0.0999619	0.989051
3.56667	0.992643	-0.0125484	-0.12043	0.0237961	0.995436	0.0924182	0.11872	-0.094604	0.988411
3.6	0.991499	-0.0147196	-0.129278	0.0264333	0.995648	0.0893654	0.1274	-0.0920229	0.987573
3.63333	0.990646	-0.0159323	-0.135521	0.028271	0.995575	0.0896154	0.133494	-0.0926085	0.986713
3.66667	0.989973	-0.0171172	-0.140218	0.0298476	0.995567	0.0891967	0.13807	-0.0924874	0.986095
3.7	0.989543	-0.0182199	-0.143085	0.0308697	0.995757	0.0866916	0.140899	-0.0902021	0.985906
3.73333	0.98933	-0.0185412	-0.144506	0.0307945	0.996072	0.0830254	0.142398	-0.0865895	0.986015
3.76667	0.989485	-0.0176021	-0.143563	0.0293235	0.996368	0.0799439	0.141634	-0.083313	0.986407
3.8	0.989918	-0.015808	-0.14076	0.0271895	0.99648	0.0793053	0.139011	-0.0823329	0.986862
3.83333	0.990567	-0.0136063	-0.136349	0.0248237	0.996412	0.0809102	0.134759	-0.0835317	0.987351
3.86667	0.991326	-0.011104	-0.130956	0.0223861	0.99613	0.0849976	0.129505	-0.0871919	0.987738
3.9	0.992058	-0.00933749	-0.125433	0.0206077	0.995831	0.0888565	0.12408	-0.0907357	0.988115
3.93333	0.992816	-0.00695551	-0.119447	0.0181101	0.995543	0.0925552	0.118271	-0.0940535	0.988517
3.96667	0.99367	-0.00463009	-0.112246	0.0155382	0.995212	0.0965013	0.111262	-0.0976345	0.988983
4	0.99444	-0.001691	-0.105291	0.012343	0.994851	0.100598	0.104579	-0.101338	0.98934
4.03333	0.995154	0.0011998	-0.098326	0.00902938	0.994586	0.103522	0.0979179	-0.103908	0.989755
4.06667	0.99584	0.00532333	-0.0909626	0.00452002	0.994177	0.107666	0.0910061	-0.107629	0.990017
4.1	0.996494	0.0100909	-0.0830518	-0.000590047	0.993522	0.113634	0.0836605	-0.113187	0.990045
4.13333	0.997144	0.0141489	-0.0741872	-0.00518089	0.992795	0.119709	0.0753465	-0.118983	0.990033
4.16667	0.997732	0.0168412	-0.0651654	-0.00873699	0.992405	0.122705	0.0667369	-0.121857	0.990301
4.2	0.998264	0.0187826	-0.0558291	-0.0117753	0.992301	0.123288	0.0577149	-0.122417	0.990799
4.23333	0.998713	0.0199881	-0.0466065	-0.0143178	0.992795	0.118969	0.0486487	-0.118148	0.991804
4.26667	0.999098	0.0198629	-0.0375208	-0.0155437	0.993577	0.112088	0.0395062	-0.111403	0.99299
4.3	0.999367	0.0202211	-0.0292602	-0.0171436	0.994652	0.101853	0.0311633	-0.101287	0.994369
4.33333	0.999457	0.0222013	-0.0243669	-0.0198423	0.995458	0.0931129	0.0263234	-0.0925788	0.995357
4.36667	0.999453	0.0234554	-0.0233259	-0.0214943	0.996479	0.0810372	0.0251445	-0.0804915	0.996438
4.4	0.999379	0.0259441	-0.0238576	-0.024235	0.997299	0.0693324	0.0255919	-0.0687112	0.997308
4.43333	0.999214	0.0311771	-0.0245006	-0.0295901	0.997596	0.0626666	0.0263954	-0.0618924	0.997734
4.46667	0.998868	0.0401903	-0.0254302	-0.0384741	0.997162	0.064713	0.0279588	-0.0636613	0.99758
4.5	0.99846	0.0467264	-0.029898	-0.0449276	0.997291	0.0582462	0.0325387	-0.0568133	0.997854
4.53333	0.998078	0.0505929	-0.0357961	-0.0487524	0.997531	0.050543	0.0382649	-0.0487007	0.99808
4.56667	0.997768	0.0488151	-0.0455694	-0.047139	0.998197	0.0371579	0.0473011	-0.0349269	0.99827
4.6	0.99745	0.045552	-0.0549427	-0.0438702	0.998542	0.0314373	0.0562947	-0.0289468	0.997994
4.63333	0.997013	0.0441358	-0.0633884	-0.0419391	0.998486	0.0355788	0.0648628	-0.032814	0.997355
4.66667	0.996451	0.0450302	-0.0711148	-0.04177	0.998036	0.0466855	0.0730774	-0.0435493	0.996375
4.7	0.995849	0.0454864	-0.0788448	-0.0410947	0.997559	0.0564569	0.0812203	-0.0529824	0.995287
4.73333	0.995298	0.0446904	-0.0859376	-0.0395742	0.997393	0.0603431	0.0884103	-0.0566584	0.994471
4.76667	0.994805	0.0422192	-0.0926266	-0.0369578	0.997644	0.0578007	0.0948487	-0.0540772	0.994022
4.8	0.994418	0.0394054	-0.0978821	-0.0344297	0.998053	0.0520131	0.0997411	-0.0483526	0.993838
4.83333	0.994263	0.0364054	-0.100578	-0.031876	0.99842	0.0462795	0.102104	-0.042808	0.993852
4.86667	0.994378	0.0339749	-0.100292	-0.0296415	0.998575	0.0443864	0.101657	-0.041164	0.993967
4.9	0.994771	0.0313429	-0.0971975	-0.0268194	0.998511	0.0475017	0.0985416	-0.0446465	0.994131
4.93333	0.995282	0.0282892	-0.0928072	-0.023212	0.998198	0.0553381	0.0942054	-0.0529228	0.994145
4.96667	0.995866	0.0245195	-0.0874672	-0.0187654	0.997642	0.0660113	0.0888795	-0.064097	0.993978
5	0.99656	0.0181584	-0.0808648	-0.0120225	0.997056	0.0757294	0.0820019	-0.0744966	0.993844
5.03333	0.996976	0.0108049	-0.0769493	-0.00467513	0.996832	0.0793991	0.0775634	-0.0787993	0.993868
5.06667	0.997152	0.00184171	-0.0753993	0.00373957	0.997265	0.0738149	0.075329	-0.0738866	0.994418
5.1	0.997187	-0.00760369	-0.0745691	0.0123367	0.997923	0.0632181	0.0739336	-0.0639602	0.99521
5.13333	0.997163	-0.0148273	-0.0738041	0.018893	0.998324	0.0546988	0.0728694	-0.0559379	0.995772
5.16667	0.997239	-0.0181323	-0.0720085	0.0219477	0.998377	0.0525525	0.0709387	-0.0539878	0.996019
5.2	0.997492	-0.0179249	-0.0684728	0.0218007	0.998177	0.0562827	0.0673391	-0.0576343	0.996064
5.23333	0.997806	-0.0168193	-0.0640367	0.0206759	0.997981	0.0600467	0.0628975	-0.061239	0.996139
5.26667	0.998307	-0.0142804	-0.0563784	0.0180141	0.997638	0.066283	0.0552987	-0.0671864	0.996207
5.3	0.998518	-0.0164061	-0.0518888	0.0193828	0.998163	0.0573942	0.0508519	-0.0583149	0.997002
5.33333	0.998418	-0.0207852	-0.0522398	0.0230223	0.998827	0.0425939	0.0512932	-0.0437292	0.997726
5.36667	0.998564	-0.0183975	-0.0503115	0.0210785	0.998357	0.0532866	0.0492485	-0.0542706	0.997311
5.4	0.998491	-0.0178679	-0.0519199	0.0204031	0.998604	0.0487158	0.050977	-0.0497016	0.997462
5.43333	0.998484	-0.0156791	-0.052757	0.0183449	0.998559	0.0504304	0.0518902	-0.0513217	0.997333
5.46667	0.998439	-0.0117034	-0.0546189	0.0149464	0.998125	0.0593495	0.053822	-0.0600732	0.996742
5.5	0.998258	-0.00746482	-0.0585251	0.0116796	0.997336	0.0720092	0.0578316	-0.0725673	0.995685
5.53333	0.998016	-0.00464966	-0.0627932	0.00980532	0.99658	0.0820488	0.0621969	-0.0825017	0.994648
5.56667	0.997486	-0.00242379	-0.0708233	0.00869175	0.996054	0.088328	0.0703297	-0.0887215	0.99357
5.6	0.996707	-0.00087345	-0.081079	0.00821015	0.99589	0.0901992	0.080667	-0.0905679	0.992618
5.63333	0.995677	-0.000706733	-0.0928827	0.0088477	0.996146	0.0872653	0.092463	-0.0877098	0.991846
5.66667	0.994585	-0.00191998	-0.103904	0.0103845	0.996661	0.0809852	0.103402	-0.0816257	0.991285
5.7	0.993646	-0.00397273	-0.112484	0.0128327	0.996859	0.0781525	0.11182	-0.0790993	0.990575
5.73333	0.993051	-0.00495233	-0.117576	0.0145173	0.996638	0.0806345	0.116782	-0.0817811	0.989785
5.76667	0.992798	-0.00571343	-0.119662	0.0160949	0.996168	0.0859704	0.118713	-0.0872772	0.989085
5.8	0.992791	-0.00638665	-0.119688	0.017371	0.995703	0.0909583	0.118593	-0.0923816	0.988636
5.83333	0.992966	-0.00549532	-0.118268	0.0170156	0.995176	0.0966198	0.117167	-0.0979527	0.98827
5.86667	0.993232	-0.0028348	-0.116112	0.0150264	0.994437	0.104258	0.115171	-0.105297	0.987749
5.9	0.993584	0.00184421	-0.113085	0.0112028	0.993345	0.114629	0.112544	-0.115161	0.986951
5.93333	0.993946	0.00769234	-0.109597	0.00612471	0.992115	0.125179	0.109696	-0.125093	0.986062
5.96667	0.994224	0.0134394	-0.106479	0.000761833	0.99122	0.132221	0.107322	-0.131538	0.985485
6	0.994417	0.0183194	-0.103916	-0.00425038	0.990969	0.134025	0.105432	-0.132836	0.985514
6.03333	0.994499	0.0220714	-0.102393	-0.00842343	0.991234	0.131853	0.104406	-0.130265	0.985967
6.06667	0.994571	0.0255703	-0.100873	-0.0124625	0.991632	0.128493	0.103314	-0.126538	0.986567
6.1	0.994742	0.0283711	-0.098403	-0.015968	0.992077	0.124612	0.101159	-0.122385	0.987314
6.13333	0.995092	0.0303314	-0.0941877	-0.0188845	0.992579	0.120126	0.0971323	-0.117758	0.98828
6.16667	0.995638	0.031969	-0.0876477	-0.0215832	0.9929	0.116979	0.0907651	-0.114577	0.989259
6.2	0.996203	0.0336124	-0.0803113	-0.0241396	0.99294	0.116138	0.083648	-0.113758	0.989981
6.23333	0.996768	0.0347554	-0.0724239	-0.0262694	0.993019	0.114993	0.0759149	-0.112718	0.990723
6.26667	0.99734	0.0345239	-0.0642001	-0.0272642	0.99348	0.110703	0.0676034	-0.108658	0.991778
6.3	0.998013	0.0356805	-0.0519332	-0.0296213	0.993143	0.113095	0.0556123	-0.111332	0.992226
6.33333	0.998581	0.0352031	-0.0399594	-0.0306587	0.993554	0.109137	0.0435438	-0.107757	0.993223
6.36667	0.998896	0.0362963	-0.0298139	-0.0329619	0.993863	0.105591	0.0334635	-0.104492	0.993963
6.4	0.999108	0.0361086	-0.0218822	-0.0338684	0.994873	0.095294	0.0252109	-0.0944679	0.995209
6.43333	0.999272	0.0341953	-0.016889	-0.0328701	0.996766	0.0733295	0.0193419	-0.072721	0.997165
6.46667	0.999264	0.0357976	-0.0138193	-0.03501	0.997951	0.053548	0.0157079	-0.0530247	0.99847
6.5	0.998917	0.0452855	-0.0106903	-0.0446647	0.997621	0.0525177	0.0130431	-0.0519833	0.998563
6.53333	0.998425	0.0554449	-0.00861163	-0.054859	0.996828	0.0576509	0.0117808	-0.0570877	0.9983
6.56667	0.998192	0.0591746	-0.010531	-0.0584484	0.99652	0.0594322	0.0140113	-0.0587093	0.998177
6.6	0.998193	0.0574356	-0.0176392	-0.0563994	0.99692	0.0544959	0.0207149	-0.0534026	0.998358
6.63333	0.998218	0.0528181	-0.0277691	-0.05148	0.997573	0.0468741	0.0301775	-0.045361	0.998515
6.66667	0.998043	0.0494953	-0.0382194	-0.0479753	0.998059	0.0397132	0.0401108	-0.0378019	0.99848
6.7	0.997692	0.0472267	-0.0487941	-0.0455182	0.998331	0.035554	0.0503917	-0.0332509	0.998176
6.73333	0.997264	0.0450766	-0.0585924	-0.0432846	0.998566	0.0315024	0.0599284	-0.0288801	0.997785
6.76667	0.996798	0.0438016	-0.0669026	-0.0417367	0.998617	0.0319577	0.0682099	-0.0290631	0.997248
6.8	0.99636	0.0438562	-0.0731021	-0.0411347	0.998418	0.0383285	0.0746674	-0.0351819	0.996588
6.83333	0.996009	0.0436643	-0.0778425	-0.0403665	0.99824	0.043447	0.0796025	-0.0401314	0.996019
6.86667	0.995849	0.0409828	-0.0812722	-0.0376476	0.998402	0.0421543	0.0828699	-0.0389196	0.9958
6.9	0.995866	0.036719	-0.0830824	-0.0338114	0.998775	0.0361373	0.0843075	-0.0331787	0.995887
6.93333	0.996107	0.0310447	-0.0825022	-0.0285523	0.999105	0.0312208	0.0833976	-0.0287437	0.996102
6.96667	0.996503	0.0251682	-0.0796748	-0.0227678	0.999263	0.0308942	0.0803936	-0.0289721	0.996342
7	0.99692	0.0187438	-0.0761578	-0.0161806	0.999286	0.0341345	0.0767433	-0.032797	0.996511
7.03333	0.99727	0.0122763	-0.0728136	-0.00949893	0.999219	0.0383686	0.0732277	-0.0375722	0.996607
7.06667	0.99751	0.00413303	-0.0703997	-0.00160779	0.999354	0.035889	0.0705026	-0.0356864	0.996873
7.1	0.99758	-0.00353648	-0.0694407	0.00567673	0.999514	0.0306481	0.0692986	-0.0309682	0.997115
7.13333	0.997547	-0.00963455	-0.0693374	0.011511	0.999577	0.0267141	0.0690506	-0.0274467	0.997236
7.16667	0.997527	-0.0134262	-0.0689891	0.0152104	0.999562	0.0254018	0.0686178	-0.0263883	0.997294
7.2	0.997504	-0.0153615	-0.0689151	0.0172202	0.999502	0.0264581	0.0684743	-0.0275788	0.997272
7.23333	0.997489	-0.0164908	-0.0688764	0.0185608	0.999392	0.0295229	0.0683477	-0.0307272	0.997188
7.26667	0.997478	-0.0176271	-0.0687564	0.0198012	0.999321	0.0310678	0.0681621	-0.0323509	0.99715
7.3	0.99748	-0.0185774	-0.068476	0.0206798	0.999332	0.0301233	0.0678706	-0.0314634	0.997198
7.33333	0.997567	-0.0185404	-0.0672013	0.0206221	0.999325	0.0304159	0.066592	-0.0317278	0.997276
7.36667	0.997707	-0.0178726	-0.0652762	0.0200597	0.999254	0.0330047	0.0646376	-0.0342384	0.997321
7.4	0.997891	-0.0173283	-0.0625641	0.0195994	0.999164	0.0358707	0.0618903	-0.0370213	0.997396
7.43333	0.998073	-0.0185103	-0.0592225	0.0206226	0.999165	0.0352573	0.0585205	-0.0364107	0.997622
7.46667	0.998127	-0.0192531	-0.0580627	0.0215892	0.998971	0.0398796	0.0572352	-0.0410584	0.997516
7.5	0.99811	-0.0165516	-0.059184	0.0197578	0.998345	0.0540049	0.0581921	-0.0550722	0.996785
7.53333	0.998063	-0.0124124	-0.0609591	0.0163293	0.997805	0.0641827	0.0600287	-0.0650538	0.996075
7.56667	0.997967	-0.0101646	-0.0629223	0.0143636	0.997673	0.0666448	0.0620985	-0.0674131	0.995791
7.6	0.997797	-0.00955399	-0.0656473	0.0139717	0.997644	0.0671684	0.0648509	-0.0679376	0.99558
7.63333	0.997566	-0.0100961	-0.068992	0.0147439	0.997631	0.0671936	0.0681502	-0.0680472	0.995352
7.66667	0.99734	-0.0105024	-0.072135	0.0155252	0.997466	0.0694262	0.071223	-0.0703614	0.994976
7.7	0.997018	-0.0103813	-0.0764697	0.0160904	0.997097	0.0744252	0.075475	-0.0754337	0.99429
7.73333	0.9966	-0.00891832	-0.0819033	0.0158168	0.996343	0.0839689	0.0808549	-0.0849789	0.993097
7.76667	0.995955	-0.00836834	-0.0894644	0.0163524	0.995908	0.0888867	0.0883544	-0.0899901	0.992016
7.8	0.995203	-0.00836964	-0.0974767	0.0171679	0.995814	0.0897751	0.0963173	-0.0910179	0.99118
7.83333	0.994381	-0.00832007	-0.10553	0.0177061	0.995935	0.0883201	0.104366	-0.0896924	0.990486
7.86667	0.993626	-0.00870814	-0.11239	0.0183685	0.996194	0.085207	0.11122	-0.0867284	0.990004
7.9	0.992969	-0.00867965	-0.118058	0.0184658	0.996457	0.0820539	0.116927	-0.083657	0.989611
7.93333	0.992588	-0.0079604	-0.121269	0.0182406	0.996307	0.0838999	0.120153	-0.08549	0.989068
7.96667	0.992493	-0.0068355	-0.12211	0.0178661	0.995829	0.0894687	0.120989	-0.0909786	0.988476
8	0.992823	-0.00422652	-0.119516	0.0166076	0.994565	0.102789	0.118432	-0.104036	0.987497
8.03333	0.993407	-0.00251566	-0.11461	0.0159976	0.993019	0.116866	0.113516	-0.117929	0.986512
8.06667	0.993857	-0.00430653	-0.110592	0.0175709	0.992709	0.119248	0.109272	-0.120458	0.986686
8.1	0.994623	-0.00299353	-0.103516	0.0164358	0.991476	0.129249	0.102247	-0.130256	0.986194
8.13333	0.995183	-0.00249055	-0.0980024	0.0154102	0.991223	0.131296	0.0968152	-0.132173	0.986487
8.16667	0.995754	-0.000320623	-0.0920534	0.0125112	0.991186	0.131883	0.0911998	-0.132475	0.986982
8.2	0.99631	0.00403197	-0.0857285	0.00752399	0.990946	0.134048	0.0854928	-0.134198	0.98726
8.23333	0.996725	0.0096408	-0.0802915	0.00135987	0.99073	0.135841	0.0808568	-0.135505	0.987472
8.26667	0.997099	0.0163902	-0.0743252	-0.0057597	0.989987	0.141043	0.0758927	-0.140206	0.987209
8.3	0.99727	0.0228888	-0.0702045	-0.0125893	0.989529	0.143784	0.0727605	-0.142507	0.987116
8.33333	0.997319	0.028854	-0.0672477	-0.0188358	0.989237	0.145107	0.0707108	-0.143452	0.987128
8.36667	0.997269	0.0330043	-0.0660691	-0.0233659	0.989638	0.141673	0.0700603	-0.139743	0.987706
8.4	0.997227	0.0368696	-0.0646435	-0.0274594	0.989651	0.140846	0.0691674	-0.13868	0.987919
8.43333	0.997166	0.0382515	-0.0647808	-0.0293947	0.990742	0.132539	0.0692509	-0.130259	0.989059
8.46667	0.997187	0.0395438	-0.0636684	-0.0311422	0.991294	0.127928	0.0681729	-0.125585	0.989738
8.5	0.997296	0.0399665	-0.0616644	-0.0320653	0.991741	0.124184	0.0661183	-0.121871	0.990341
8.53333	0.997464	0.0399112	-0.0589211	-0.0325523	0.992123	0.12096	0.0632847	-0.118736	0.990907
8.56667	0.997531	0.0405186	-0.0573574	-0.0335453	0.992481	0.117709	0.0616956	-0.115494	0.99139
8.6	0.997538	0.0400069	-0.0576047	-0.0333179	0.993067	0.112729	0.0617153	-0.110532	0.991955
8.63333	0.997549	0.0377812	-0.0589026	-0.0315777	0.99419	0.102905	0.0624482	-0.100792	0.992946
8.66667	0.997492	0.0358461	-0.0610336	-0.0302371	0.99544	0.0904657	0.0639982	-0.0883933	0.994028
8.7	0.997282	0.0390456	-0.0624872	-0.0335638	0.995687	0.0864925	0.0655948	-0.0841601	0.994291
8.73333	0.996966	0.0452162	-0.0633516	-0.0393767	0.995111	0.0905726	0.0671372	-0.0878033	0.993873
8.76667	0.996574	0.050473	-0.0655122	-0.0441334	0.994513	0.0948495	0.0699401	-0.0916333	0.993334
8.8	0.99616	0.0524236	-0.07012	-0.0457113	0.99451	0.094126	0.0746695	-0.0905593	0.993088
8.83333	0.995675	0.0521428	-0.0768952	-0.0453102	0.995083	0.0880711	0.0811094	-0.084206	0.993142
8.86667	0.995085	0.0519788	-0.0842824	-0.04502	0.995577	0.082463	0.0881959	-0.0782633	0.993024
8.9	0.994213	0.053816	-0.0929741	-0.0463384	0.995653	0.0807947	0.096918	-0.0760188	0.992385
8.93333	0.99288	0.0552533	-0.105529	-0.0467431	0.995578	0.081482	0.109564	-0.0759691	0.991072
8.96667	0.991376	0.0561598	-0.118406	-0.0462135	0.995297	0.0851369	0.122631	-0.0789307	0.989309
9	0.9896	0.0571837	-0.131989	-0.0456042	0.994974	0.0891459	0.136424	-0.0821996	0.987234
9.03333	0.987628	0.0557177	-0.14658	-0.0427299	0.994997	0.0903101	0.150878	-0.0829295	0.985068
9.06667	0.985913	0.0528103	-0.158702	-0.0390792	0.995315	0.0884315	0.162628	-0.0809838	0.983358
9.1	0.984484	0.0483062	-0.168692	-0.0347835	0.996007	0.0822179	0.17199	-0.0750746	0.982234
9.13333	0.983648	0.0425958	-0.174994	-0.0299095	0.996772	0.0745047	0.177603	-0.0680524	0.981746
9.16667	0.983445	0.0373658	-0.177314	-0.0255501	0.997327	0.0684593	0.179398	-0.0627955	0.98177
9.2	0.983786	0.0337905	-0.176133	-0.0222293	0.997492	0.0672039	0.177962	-0.062199	0.98207
9.23333	0.984602	0.031713	-0.171911	-0.0198054	0.997312	0.0705443	0.173686	-0.0660533	0.982583
9.26667	0.985777	0.0301776	-0.165325	-0.017235	0.996712	0.079168	0.167171	-0.0751927	0.983056
9.3	0.986865	0.0264882	-0.159361	-0.0133425	0.99646	0.0830017	0.160995	-0.0797852	0.983725
9.33333	0.987779	0.02082	-0.154461	-0.00831859	0.996668	0.0811449	0.155636	-0.0788683	0.984661
9.36667	0.988727	0.0153193	-0.148942	-0.00340811	0.996797	0.0799005	0.149689	-0.0784922	0.985613
9.4	0.989569	0.0111461	-0.143628	0.00037534	0.996799	0.0799416	0.14406	-0.0791617	0.986398
9.43333	0.990589	0.00917036	-0.136566	0.00215985	0.996582	0.0825869	0.136856	-0.0821046	0.987182
9.46667	0.99155	0.00875696	-0.129432	0.00259963	0.996178	0.0873132	0.129702	-0.0869118	0.987737
9.5	0.992583	0.00965393	-0.121189	0.00178834	0.995575	0.0939551	0.121559	-0.0934749	0.988173
9.53333	0.993627	0.0103953	-0.112236	0.00107471	0.994819	0.101655	0.112711	-0.101128	0.988468
9.56667	0.994616	0.0108104	-0.103064	0.000549862	0.993979	0.109565	0.103628	-0.109032	0.988622
9.6	0.995529	0.00987758	-0.0939391	0.000844898	0.993546	0.113424	0.0944532	-0.112996	0.989096
9.63333	0.996239	0.00737856	-0.0863277	0.00221824	0.993868	0.110546	0.0866141	-0.110322	0.990115
9.66667	0.996791	0.0035086	-0.0799675	0.00472555	0.994717	0.102547	0.0799048	-0.102596	0.991509
9.7	0.997176	-0.00163162	-0.0750872	0.00832322	0.996007	0.0888913	0.0746423	-0.0892652	0.993207
9.73333	0.997339	-0.006921	-0.0725678	0.0125373	0.996935	0.0772267	0.0718109	-0.077931	0.994369
9.76667	0.997337	-0.00935464	-0.0723351	0.0150485	0.996795	0.0785752	0.0713682	-0.0794544	0.99428
9.8	0.997301	-0.00705037	-0.0730833	0.0137519	0.995701	0.0916042	0.0721232	-0.092362	0.99311
9.83333	0.997121	-0.00293975	-0.0757762	0.0108633	0.99448	0.104366	0.0750511	-0.104889	0.991648
9.86667	0.996911	-0.000357942	-0.0785353	0.00905307	0.993847	0.110388	0.0780126	-0.110758	0.990781
9.9	0.996575	-3.3698e-05	-0.0826926	0.00931306	0.993683	0.111832	0.0821665	-0.112219	0.990281
9.93333	0.996257	-0.00119999	-0.0864311	0.0107018	0.993923	0.109556	0.0857744	-0.110071	0.990216
9.96667	0.99569	-0.00586799	-0.0925602	0.0148437	0.995214	0.0965837	0.0915504	-0.0975414	0.991012
10	0.995158	-0.00795264	-0.0979639	0.0170792	0.99555	0.0926791	0.0967909	-0.0939036	0.990865
10.0333	0.994468	-0.0079414	-0.104744	0.0178289	0.995431	0.0938022	0.10352	-0.0951507	0.990066
10.0667	0.993506	-0.00687719	-0.113574	0.0179398	0.995155	0.0966721	0.112358	-0.0980817	0.988815
10.1	0.992283	-0.00444281	-0.123914	0.0168575	0.994913	0.0993209	0.122842	-0.100643	0.98731
10.1333	0.990676	-0.00303484	-0.136202	0.0162158	0.995271	0.0957698	0.135268	-0.0970855	0.986041
10.1667	0.988924	-0.00434262	-0.148358	0.0173733	0.996087	0.08665	0.147401	-0.0882678	0.98513
10.2	0.987031	-0.00642052	-0.1604	0.0194291	0.996632	0.0796643	0.159349	-0.0817476	0.983832
10.2333	0.985476	-0.00892236	-0.169577	0.0218063	0.997	0.0742668	0.168406	-0.0768861	0.982715
10.2667	0.984178	-0.0116738	-0.176798	0.0245208	0.997199	0.0706556	0.175478	-0.0738729	0.981708
10.3	0.983267	-0.0141146	-0.181622	0.0269839	0.99728	0.0685828	0.180161	-0.0723361	0.980974
10.3333	0.982745	-0.0152755	-0.184332	0.0281296	0.997335	0.0673216	0.182812	-0.0713451	0.980556
10.3667	0.982676	-0.0151889	-0.184707	0.028103	0.997323	0.0675005	0.183188	-0.071522	0.980473
10.4	0.983034	-0.0149905	-0.18281	0.0276428	0.997379	0.0668597	0.181329	-0.0707787	0.980872
10.4333	0.983958	-0.0132122	-0.17791	0.0258475	0.997289	0.0688916	0.176518	-0.0723849	0.981632
10.4667	0.985341	-0.00916598	-0.170352	0.0222931	0.996911	0.0753066	0.169135	-0.0780003	0.982502
10.5	0.986891	-0.00275893	-0.161362	0.0167772	0.99619	0.0855771	0.160511	-0.0871625	0.983178
10.5333	0.988463	0.00655922	-0.151321	0.00878494	0.994897	0.10051	0.151209	-0.10068	0.983361
10.5667	0.990076	0.0156021	-0.139663	0.000749387	0.993218	0.116268	0.140529	-0.115219	0.983349
10.6	0.991508	0.0238094	-0.127849	-0.00711136	0.991553	0.129507	0.129852	-0.127498	0.983302
10.6333	0.992951	0.0304818	-0.114542	-0.0144546	0.990295	0.13823	0.117644	-0.1356	0.983754
10.6667	0.994108	0.0339588	-0.102936	-0.019169	0.989767	0.141401	0.106684	-0.138594	0.984586
10.7	0.995132	0.0359132	-0.091775	-0.0226617	0.989671	0.141552	0.0959107	-0.138784	0.985667
10.7333	0.995987	0.0364755	-0.0817255	-0.0250231	0.990254	0.13701	0.0859265	-0.134416	0.987193
10.7667	0.99674	0.0355764	-0.0724069	-0.0260153	0.99131	0.128947	0.0763652	-0.126643	0.989004
10.8	0.997404	0.0336605	-0.0636561	-0.026029	0.992776	0.117127	0.0671388	-0.115166	0.991075
10.8333	0.997949	0.0316412	-0.055649	-0.0257321	0.994258	0.103869	0.058616	-0.102224	0.993033
10.8667	0.998209	0.0317034	-0.0507338	-0.0267437	0.995059	0.0956165	0.0535144	-0.0940884	0.994125
10.9	0.998369	0.0300589	-0.0485302	-0.02583	0.996001	0.0855304	0.050907	-0.0841374	0.995153
10.9333	0.998453	0.0273524	-0.04841	-0.0240496	0.997427	0.06754	0.0501328	-0.0662712	0.996541
10.9667	0.99853	0.0262471	-0.0474244	-0.0239017	0.998495	0.0493645	0.0486487	-0.0481584	0.997654
11	0.99836	0.0325529	-0.0470848	-0.0302234	0.998323	0.0493679	0.0486129	-0.0478639	0.99767
11.0333	0.997952	0.0412326	-0.0488982	-0.0384077	0.997614	0.0573671	0.0511469	-0.0553715	0.997155
11.0667	0.997474	0.0464436	-0.053755	-0.0432798	0.997343	0.0585954	0.0563335	-0.0561208	0.996833
11.1	0.996993	0.0469523	-0.0616428	-0.0438947	0.997781	0.0500539	0.0638562	-0.0471977	0.996842
11.1333	0.996497	0.0440707	-0.0710742	-0.0413305	0.998361	0.039576	0.0727019	-0.0364998	0.996686
11.1667	0.995922	0.0401137	-0.0808057	-0.0377108	0.998806	0.0310475	0.0819547	-0.0278737	0.996246
11.2	0.995257	0.0365944	-0.0901395	-0.0342066	0.999025	0.0278948	0.0910725	-0.0246791	0.995538
11.2333	0.994544	0.0351882	-0.0982019	-0.0322648	0.998992	0.0312009	0.0992009	-0.0278622	0.994677
11.2667	0.993828	0.0364156	-0.104781	-0.0321827	0.998607	0.0418098	0.106157	-0.0381797	0.993616
11.3	0.993052	0.0397228	-0.110765	-0.0337789	0.997913	0.0550329	0.11272	-0.050909	0.992322
11.3333	0.992286	0.0430221	-0.116268	-0.0354529	0.997163	0.0664036	0.118795	-0.0617693	0.990996
11.3667	0.991581	0.0388637	-0.123515	-0.0324461	0.998038	0.0535526	0.125353	-0.0490942	0.990897
11.4	0.99126	0.0327131	-0.127799	-0.0281537	0.998907	0.0373211	0.12888	-0.0333969	0.991098
11.4333	0.991331	0.0271647	-0.12855	-0.0237372	0.999323	0.0281198	0.129227	-0.0248246	0.991304
11.4667	0.991814	0.0232925	-0.125546	-0.0195358	0.999326	0.0310719	0.126185	-0.0283649	0.991601
11.5	0.992604	0.0196001	-0.119809	-0.0148547	0.999074	0.0403735	0.120489	-0.0382952	0.991976
11.5333	0.993536	0.0162554	-0.112345	-0.0103111	0.998526	0.0532906	0.113045	-0.0517878	0.992239
11.5667	0.994353	0.0121373	-0.105423	-0.00537589	0.997924	0.0641851	0.105983	-0.063256	0.992354
11.6	0.994878	0.00693271	-0.100844	0.000210024	0.997501	0.0706473	0.101082	-0.0703066	0.992391
11.6333	0.995107	-0.000503773	-0.0987994	0.00722297	0.997682	0.0676626	0.0985364	-0.0680451	0.992804
11.6667	0.994913	-0.0101597	-0.100222	0.0156971	0.998384	0.0546189	0.0995051	-0.0559142	0.993465
11.7	0.99451	-0.0176707	-0.103135	0.0222218	0.998822	0.0431471	0.102251	-0.0452021	0.993731
11.7333	0.994228	-0.0223736	-0.104927	0.0265062	0.99892	0.0381576	0.10396	-0.0407186	0.993748
11.7667	0.994157	-0.0249841	-0.105016	0.0291528	0.998839	0.03835	0.103936	-0.0411874	0.993731
11.8	0.994281	-0.0262436	-0.103526	0.0307284	0.998646	0.0419667	0.102284	-0.0449079	0.993741
11.8333	0.994544	-0.0264749	-0.100903	0.0313337	0.998409	0.0468765	0.099501	-0.0497824	0.993791
11.8667	0.994943	-0.0261755	-0.0969754	0.0313075	0.998168	0.051782	0.0954423	-0.0545561	0.993939
11.9	0.995412	-0.0258591	-0.0921209	0.030778	0.998153	0.0523825	0.0905962	-0.0549775	0.994369
11.9333	0.995642	-0.0272311	-0.0891905	0.0318417	0.998207	0.0506847	0.0876504	-0.0533038	0.994724
11.9667	0.995752	-0.0248292	-0.0886665	0.029906	0.99796	0.0563961	0.0870854	-0.0588082	0.994464
12	0.995707	-0.0221178	-0.0898782	0.0279405	0.997555	0.0640514	0.0882418	-0.0662876	0.993891
12.0333	0.995749	-0.0185004	-0.0902316	0.025229	0.996938	0.0740092	0.0885862	-0.075971	0.993167
12.0667	0.995706	-0.0173959	-0.0909262	0.0244478	0.996729	0.0770275	0.0892888	-0.0789196	0.992874
12.1	0.995574	-0.0169859	-0.0924328	0.0244044	0.996518	0.0797301	0.0907567	-0.081633	0.992522
12.1333	0.995427	-0.0175202	-0.0939065	0.0253257	0.996262	0.0825836	0.0921086	-0.0845842	0.99215
