0	0	1	0	0	0	-1	-1	0	0
0.0333333	0.99542	-0.0580705	-0.0759336	0.0398601	0.974131	-0.22244	0.0868865	0.218395	0.971985
0.0666667	0.997696	-0.0471257	-0.0488099	0.0453288	0.998276	-0.0372909	0.0504831	0.0349925	0.998112
0.1	0.998869	-0.0344833	-0.0327498	0.0369403	0.996296	0.0776475	0.0299509	-0.0787694	0.996443
0.133333	0.999396	-0.0254479	-0.0236741	0.0285933	0.989202	0.143742	0.0197605	-0.144332	0.989332
0.166667	0.999636	-0.0193751	-0.018785	0.0224693	0.983094	0.181718	0.0149466	-0.182074	0.983171
0.2	0.999747	-0.0152751	-0.0165004	0.0183323	0.978637	0.204776	0.0130199	-0.205027	0.97867
0.233333	0.999809	-0.012641	-0.0149095	0.0155937	0.975732	0.218414	0.0117867	-0.218605	0.975742
0.266667	0.99984	-0.0106463	-0.0143405	0.0136357	0.973583	0.227924	0.0115351	-0.228084	0.973573
0.3	0.999861	-0.00944165	-0.0137531	0.0123978	0.972177	0.233918	0.0111619	-0.234056	0.972159
0.333333	0.999875	-0.00850438	-0.0133548	0.0114545	0.970866	0.239347	0.0109302	-0.23947	0.970842
0.366667	0.999888	-0.00799075	-0.0126251	0.0108156	0.970067	0.242597	0.0103086	-0.242707	0.970045
0.4	0.999901	-0.00767741	-0.0117651	0.0103345	0.969262	0.245814	0.00951628	-0.245911	0.969246
0.433333	0.999912	-0.00761093	-0.0109004	0.0100725	0.968834	0.247507	0.00867689	-0.247595	0.968825
0.466667	0.999921	-0.00750038	-0.0101138	0.00978203	0.968481	0.248897	0.00792817	-0.248976	0.968477
0.5	0.999925	-0.0076829	-0.00952231	0.00981511	0.968359	0.249369	0.00730514	-0.249443	0.968362
0.533333	0.999929	-0.00787064	-0.00889149	0.00983928	0.968369	0.249328	0.00664787	-0.249398	0.968378
0.566667	0.999933	-0.00813383	-0.00823043	0.00993015	0.968332	0.24947	0.00594064	-0.249535	0.968348
0.6	0.999932	-0.00798175	-0.0085003	0.00984781	0.968429	0.249095	0.00624372	-0.249162	0.968442
0.633333	0.999933	-0.00796558	-0.0083934	0.00980366	0.968504	0.248803	0.00614719	-0.248869	0.968518
0.666667	0.999936	-0.00770373	-0.0082255	0.00950701	0.968558	0.248605	0.00605169	-0.248667	0.96857
0.7	0.999939	-0.00772607	-0.00795161	0.00945955	0.968602	0.248438	0.0057825	-0.248498	0.968615
0.733333	0.99994	-0.00739049	-0.00804711	0.00916049	0.96851	0.248808	0.00595489	-0.248867	0.968519
0.766667	0.999942	-0.0071359	-0.00806425	0.00891774	0.96853	0.248738	0.00603549	-0.248796	0.968537
0.8	0.99994	-0.00699669	-0.0084385	0.00888526	0.968171	0.250131	0.00641982	-0.250191	0.968175
0.833333	0.999939	-0.0071029	-0.00846837	0.00900032	0.967985	0.250848	0.0064155	-0.250909	0.967989
0.866667	0.999936	-0.00700519	-0.0088857	0.00902276	0.967531	0.25259	0.00682775	-0.252654	0.967533
0.9	0.99993	-0.00687202	-0.00964854	0.00910127	0.967042	0.254452	0.00758195	-0.254522	0.967037
0.933333	0.999923	-0.00688262	-0.010287	0.00929002	0.966542	0.256339	0.00817859	-0.256415	0.966532
0.966667	0.999915	-0.0070132	-0.0110275	0.00961009	0.966424	0.256771	0.00885644	-0.256855	0.966409
1	0.999915	-0.00697896	-0.0110327	0.00959489	0.965944	0.258575	0.00885243	-0.258659	0.965928
1.03333	0.999912	-0.00693739	-0.0112709	0.00962147	0.965797	0.259121	0.00908775	-0.259207	0.965779
1.06667	0.999917	-0.00675958	-0.0109922	0.00938838	0.96548	0.260308	0.00885319	-0.260389	0.965463
1.1	0.999924	-0.0068095	-0.0103245	0.0092626	0.965484	0.260297	0.00819562	-0.260373	0.965473
1.13333	0.99993	-0.0067801	-0.00973037	0.00908673	0.965239	0.26121	0.0076211	-0.26128	0.965233
1.16667	0.999934	-0.00699795	-0.0091552	0.00914636	0.965252	0.261159	0.0070095	-0.261225	0.965252
1.2	0.999937	-0.00720178	-0.00858045	0.00919197	0.965293	0.261007	0.00640293	-0.26107	0.965299
1.23333	0.999941	-0.00745412	-0.00793551	0.0092664	0.965328	0.260876	0.00571577	-0.260934	0.96534
1.26667	0.999942	-0.00775891	-0.0074861	0.00944218	0.965386	0.260654	0.00520459	-0.260709	0.965403
1.3	0.999941	-0.0080506	-0.0073388	0.00968454	0.965427	0.260493	0.00498795	-0.260548	0.965448
1.33333	0.99994	-0.00829733	-0.00721933	0.00989177	0.965418	0.26052	0.00480805	-0.260576	0.965441
1.36667	0.999938	-0.00847746	-0.00717765	0.0100518	0.965583	0.259902	0.00472731	-0.259958	0.965608
1.4	0.999938	-0.00858303	-0.00712554	0.010139	0.965651	0.259645	0.00465224	-0.259701	0.965678
1.43333	0.999946	-0.00826996	-0.00628498	0.00962918	0.964931	0.262327	0.00389513	-0.262374	0.964958
1.46667	0.99997	-0.00589753	-0.0050842	0.00705591	0.962456	0.271347	0.00329305	-0.271374	0.962468
1.5	0.999994	-0.00221975	-0.00277924	0.00292547	0.957719	0.287691	0.00202313	-0.287697	0.957719
1.53333	0.999995	0.00203445	-0.00253475	-0.00116575	0.952485	0.304582	0.00303397	-0.304577	0.952483
1.56667	0.999984	0.0054084	-0.00174362	-0.00458615	0.949297	0.314348	0.00335533	-0.314335	0.949306
1.6	0.999964	0.00823492	-0.00209151	-0.00714988	0.948581	0.316455	0.00458995	-0.316428	0.948605
1.63333	0.999946	0.0102464	-0.00175504	-0.00918118	0.949638	0.313213	0.00487596	-0.31318	0.949681
1.66667	0.999929	0.0118965	-0.000924003	-0.0110321	0.951221	0.308313	0.00454677	-0.308281	0.951284
1.7	0.999903	0.0139061	-0.00025254	-0.0131628	0.95201	0.305784	0.00449267	-0.305751	0.952101
1.73333	0.99988	0.0154699	0.000388036	-0.0148545	0.952469	0.304275	0.00433751	-0.304244	0.952584
1.76667	0.999842	0.0177727	-0.00023001	-0.0168552	0.952176	0.305086	0.0056412	-0.305034	0.952325
1.8	0.999804	0.019756	-0.00154878	-0.0183195	0.951243	0.307898	0.00755611	-0.307809	0.951418
1.83333	0.999751	0.0220024	-0.00378288	-0.0197403	0.950355	0.310541	0.0104277	-0.310389	0.950552
1.86667	0.999703	0.0236277	-0.00597102	-0.0205624	0.949289	0.313732	0.013081	-0.313516	0.949493
1.9	0.999682	0.0238388	-0.0082702	-0.0199728	0.947882	0.317995	0.0154198	-0.317728	0.948056
1.93333	0.999691	0.0227171	-0.0100613	-0.0182076	0.945384	0.325448	0.016905	-0.325165	0.945506
1.96667	0.999744	0.0193313	-0.0117489	-0.0142875	0.942254	0.334595	0.0175386	-0.334341	0.942289
2	0.999768	0.0166683	-0.013613	-0.0108697	0.937039	0.349056	0.0185741	-0.348827	0.937003
2.03333	0.999641	0.0208072	-0.0168707	-0.0133381	0.932805	0.360133	0.0232304	-0.359779	0.932748
2.06667	0.999314	0.0335338	-0.0157129	-0.0252313	0.927112	0.373935	0.0271071	-0.373282	0.927322
2.1	0.999002	0.0423214	-0.0142676	-0.0335271	0.921696	0.386461	0.029506	-0.385597	0.922195
2.13333	0.998669	0.0471709	-0.0208724	-0.0354756	0.92184	0.385944	0.0374463	-0.38469	0.922286
2.16667	0.997699	0.057424	-0.0360404	-0.0395964	0.925053	0.377769	0.0550323	-0.375473	0.925198
2.2	0.995763	0.0739631	-0.0546353	-0.0486604	0.927991	0.369411	0.0780238	-0.365187	0.927659
2.23333	0.992974	0.0918761	-0.0745807	-0.0591628	0.931259	0.359522	0.102485	-0.352584	0.930151
2.26667	0.989407	0.108278	-0.0966941	-0.0682486	0.93483	0.348476	0.128125	-0.338186	0.932317
2.3	0.986144	0.11747	-0.117139	-0.071065	0.937172	0.341552	0.149902	-0.328495	0.932535
2.33333	0.984418	0.114892	-0.133119	-0.0640579	0.939322	0.337002	0.163761	-0.323223	0.932046
2.36667	0.984644	0.101649	-0.141929	-0.05089	0.944818	0.32362	0.166993	-0.311427	0.935482
2.4	0.986208	0.0805343	-0.144598	-0.0353803	0.956022	0.291153	0.161687	-0.282022	0.945686
2.43333	0.988531	0.0578331	-0.139504	-0.0231936	0.970947	0.238168	0.149225	-0.232201	0.961153
2.46667	0.991869	0.038608	-0.121263	-0.0164523	0.983776	0.178646	0.126193	-0.175199	0.976412
2.5	0.995719	0.0195845	-0.0903299	-0.0077683	0.991568	0.129352	0.0921015	-0.128096	0.987476
2.53333	0.998447	-0.00199618	-0.0556828	0.00829489	0.993547	0.113118	0.0550977	-0.113404	0.99202
2.56667	0.999353	-0.021497	-0.0288236	0.025117	0.990962	0.131768	0.0257305	-0.132407	0.990861
2.6	0.9997	-0.0241892	-0.00378745	0.024477	0.983713	0.178072	-0.000581652	-0.178111	0.98401
2.63333	0.999598	-0.0177256	0.0221383	0.0121276	0.972804	0.231312	-0.0256364	-0.23095	0.972628
2.66667	0.998738	-0.00958144	0.0493014	-0.00387202	0.964023	0.265791	-0.0500744	-0.265646	0.962769
2.7	0.996993	0.00506548	0.0773223	-0.025247	0.964645	0.262339	-0.0732597	-0.263503	0.961873
2.73333	0.994877	0.0339681	0.0952133	-0.0552183	0.971535	0.230369	-0.0846779	-0.234447	0.968434
2.76667	0.993996	0.0508328	0.0968909	-0.0688983	0.978707	0.193353	-0.0849991	-0.198868	0.976333
2.8	0.993757	0.05695	0.0959351	-0.0713235	0.985528	0.153775	-0.0857892	-0.159658	0.983438
2.83333	0.99284	0.056424	0.105283	-0.068316	0.991244	0.112999	-0.0979851	-0.119383	0.988001
2.86667	0.991245	0.0520741	0.121336	-0.0625399	0.994492	0.0841058	-0.116288	-0.0909578	0.989042
2.9	0.992129	0.0416141	0.118099	-0.0504343	0.996077	0.0727054	-0.11461	-0.0780894	0.990337
2.93333	0.996387	0.0270416	0.0805083	-0.033959	0.995731	0.0858319	-0.0778435	-0.0882558	0.993052
2.96667	0.998912	0.0363992	0.0291536	-0.0395166	0.992617	0.114675	-0.0247643	-0.115702	0.992975
3	0.998688	0.0471786	-0.0198969	-0.0437979	0.988414	0.145326	0.0265226	-0.144264	0.989184
3.03333	0.996079	0.0512349	-0.0721226	-0.0384184	0.984861	0.169038	0.0796913	-0.165604	0.982967
3.06667	0.990298	0.0542803	-0.127924	-0.0293139	0.98144	0.189515	0.135836	-0.183926	0.973509
3.1	0.98194	0.0600265	-0.179418	-0.0205965	0.976613	0.214015	0.188069	-0.206454	0.960212
3.13333	0.972905	0.0755281	-0.218519	-0.0181579	0.967179	0.253448	0.230489	-0.242613	0.942345
3.16667	0.964573	0.0986307	-0.244685	-0.0209321	0.953173	0.3017	0.262984	-0.28589	0.92147
3.2	0.961338	0.125449	-0.245135	-0.0271987	0.929106	0.368811	0.274023	-0.347885	0.896598
3.23333	0.964809	0.146094	-0.218632	-0.0342454	0.894184	0.446387	0.260712	-0.423191	0.86772
3.26667	0.973233	0.138648	-0.183287	-0.0297741	0.866869	0.497647	0.227884	-0.478869	0.847793
3.3	0.982201	0.104463	-0.156106	-0.01399	0.869462	0.493801	0.187312	-0.482828	0.855448
3.33333	0.988307	0.0696914	-0.135622	-0.00426074	0.901715	0.43231	0.152421	-0.426677	0.891468
3.36667	0.993009	0.0232501	-0.115728	0.0148198	0.948096	0.317639	0.117106	-0.317134	0.941123
3.4	0.995649	-0.0129412	-0.0922755	0.031234	0.979367	0.199662	0.0877877	-0.201675	0.97551
3.43333	0.998131	-0.0170804	-0.0586684	0.0248597	0.990596	0.134544	0.0558186	-0.135751	0.989169
3.46667	0.999907	-0.00733602	-0.0114531	0.00894394	0.989046	0.147335	0.0102468	-0.147424	0.98902
3.5	0.999155	-0.00712857	0.0404728	-4.3263e-06	0.984822	0.173566	-0.0410958	-0.173419	0.98399
3.53333	0.995787	-0.00833233	0.0913135	-0.00689057	0.986246	0.165137	-0.0914336	-0.165071	0.982034
3.56667	0.990064	0.00395318	0.140561	-0.021172	0.9924	0.121218	-0.139013	-0.12299	0.982623
3.6	0.985118	0.0268611	0.169765	-0.0378404	0.997373	0.0617721	-0.16766	-0.0672769	0.983547
3.63333	0.983138	0.0370927	0.179062	-0.036175	0.99931	-0.00838823	-0.179249	0.00176923	0.983802
3.66667	0.982847	0.0388113	0.180292	-0.0243653	0.996362	-0.0816605	-0.182806	0.0758669	0.980217
3.7	0.981067	0.0337769	0.1907	-0.00843954	0.991195	-0.132143	-0.193484	0.128032	0.972714
3.73333	0.981147	0.0170931	0.192506	0.0125702	0.988328	-0.151823	-0.192854	0.15138	0.96948
3.76667	0.986725	2.84017e-05	0.162398	0.0212539	0.991376	-0.129311	-0.161001	0.131046	0.978215
3.8	0.99366	0.00353636	0.112374	0.00553761	0.996753	-0.0803333	-0.112293	0.0804463	0.990413
3.83333	0.998612	0.00526225	0.0524038	-0.00438452	0.999848	-0.0168503	-0.0524845	0.0165971	0.998484
3.86667	0.99992	0.00225264	-0.0124112	-0.00174012	0.999151	0.0411513	0.0124934	-0.0411264	0.999076
3.9	0.996584	0.0017396	-0.0825656	0.00537843	0.996288	0.0859099	0.0824086	-0.0860605	0.992876
3.93333	0.98824	0.00389609	-0.15286	0.0155691	0.991916	0.125936	0.152115	-0.126835	0.980191
3.96667	0.976907	0.0190466	-0.212816	0.0214021	0.982287	0.186157	0.212592	-0.186413	0.959195
4	0.968242	0.0518856	-0.244571	0.024185	0.954203	0.29818	0.248842	-0.294626	0.922645
4.03333	0.975721	0.0893633	-0.199957	0.0257157	0.859915	0.50979	0.217503	-0.502554	0.836739
4.06667	0.991281	0.104766	-0.0799173	-0.0173439	0.704965	0.70903	0.130621	-0.701462	0.700635
4.1	0.995032	0.0966634	-0.0238384	-0.0431143	0.634188	0.771976	0.0897398	-0.767113	0.635205
4.13333	0.998011	0.0627208	-0.00630053	-0.0343285	0.624606	0.780185	0.0528692	-0.778417	0.625517
4.16667	0.99972	0.0236514	-5.57988e-05	-0.0152293	0.645529	0.763584	0.0180959	-0.76337	0.645708
4.2	0.999743	-0.0202043	-0.010234	0.0212819	0.683465	0.729673	-0.00774796	-0.729703	0.68372
4.23333	0.999122	-0.0305276	-0.0286874	0.0418898	0.734267	0.677567	0.000379724	-0.678174	0.734901
4.26667	0.999208	-0.0208581	-0.0338875	0.0368841	0.805062	0.592043	0.0149326	-0.592824	0.805193
4.3	0.99979	-0.00888821	-0.0184533	0.0167231	0.874423	0.484876	0.0118263	-0.485083	0.874388
4.33333	0.999748	-0.00684619	0.0213775	-0.00183623	0.92422	0.381857	-0.0223718	-0.3818	0.923974
4.36667	0.996857	-0.00320744	0.0791556	-0.0214372	0.95098	0.308507	-0.0762649	-0.309235	0.947923
4.4	0.989998	0.0125394	0.140521	-0.0477688	0.967002	0.250249	-0.132747	-0.254459	0.95793
4.43333	0.983706	0.0221437	0.178418	-0.0551418	0.981718	0.182181	-0.171122	-0.189051	0.966942
4.46667	0.977127	0.0241255	0.211282	-0.0467381	0.993614	0.102695	-0.207455	-0.110221	0.972015
4.5	0.969367	0.0248847	0.244354	-0.0225312	0.999669	-0.0124224	-0.244582	0.00653627	0.969607
4.53333	0.961265	0.0214764	0.274787	0.00988175	0.993633	-0.112227	-0.275448	0.110596	0.954933
4.56667	0.960273	0.0152418	0.278647	0.0299738	0.987098	-0.157289	-0.277449	0.159393	0.947426
4.6	0.966865	0.00842363	0.25515	0.028088	0.989878	-0.139117	-0.253739	0.141674	0.956841
4.63333	0.976814	0.00494317	0.214035	0.016948	0.994811	-0.100323	-0.21342	0.101624	0.971661
4.66667	0.987441	0.00309884	0.157955	0.00677118	0.998059	-0.0619098	-0.15784	0.0622018	0.985504
4.7	0.995234	-0.00211533	0.097494	0.00523637	0.999482	-0.0317679	-0.0973762	0.032127	0.994729
4.73333	0.999459	-0.00767616	0.031978	0.00737134	0.999926	0.0096391	-0.0320496	-0.00939817	0.999442
4.76667	0.999342	-0.00817149	-0.0353353	0.0105225	0.997706	0.066869	0.0347078	-0.0671969	0.997136
4.8	0.995391	-0.000775318	-0.0959016	0.0143939	0.989848	0.141396	0.0948184	-0.142125	0.985297
4.83333	0.989465	0.0161827	-0.143868	0.0189123	0.97077	0.239266	0.143535	-0.239466	0.960236
4.86667	0.988117	0.0356344	-0.149517	0.0282662	0.914037	0.404645	0.151084	-0.404063	0.902168
4.9	0.997276	0.0398567	-0.0620657	0.0108569	0.75296	0.657977	0.0729577	-0.656859	0.750476
4.93333	0.998908	0.0348185	0.0311522	-0.0458407	0.601647	0.797446	0.00902319	-0.798003	0.602586
4.96667	0.997648	0.0232188	0.0644886	-0.066958	0.531205	0.844594	-0.0146462	-0.846925	0.53151
