0	0	1	0	0	0	-1	-1	0	0
0.0333333	0.986184	0.106732	0.126687	-0.0286478	0.863131	-0.504167	-0.163158	0.493572	0.854264
0.0666667	0.99101	0.0418477	0.127077	0.0240011	0.878807	-0.476573	-0.131619	0.475338	0.869902
0.1	0.991391	0.0348074	0.126225	0.0284142	0.883855	-0.466897	-0.127816	0.466464	0.875257
0.133333	0.99148	0.0327111	0.126087	0.0296526	0.885865	-0.462995	-0.126841	0.462789	0.877347
0.166667	0.991503	0.0326976	0.125908	0.0294269	0.886427	-0.461931	-0.126712	0.461711	0.877933
0.2	0.991487	0.031503	0.126338	0.0303717	0.887568	-0.459673	-0.126615	0.459597	0.879056
0.233333	0.991672	0.0301486	0.12521	0.0308273	0.888385	-0.458064	-0.125045	0.458109	0.880057
0.266667	0.991866	0.0292856	0.123871	0.0308019	0.889025	-0.456822	-0.123503	0.456922	0.880891
0.3	0.992131	0.0280794	0.122019	0.030832	0.889731	-0.455443	-0.121352	0.455621	0.881864
0.333333	0.992462	0.0281317	0.119276	0.029586	0.889504	-0.455969	-0.118924	0.456062	0.881967
0.366667	0.992805	0.0259101	0.116907	0.0303009	0.890175	-0.454611	-0.115847	0.454882	0.882984
0.4	0.993136	0.0248302	0.114296	0.0298494	0.891041	-0.45294	-0.113089	0.453243	0.884184
0.433333	0.993432	0.0232539	0.112039	0.0299245	0.892262	-0.450525	-0.110445	0.450919	0.885706
0.466667	0.993731	0.0220431	0.1096	0.0295997	0.893502	-0.448083	-0.107805	0.448518	0.887248
0.5	0.99393	0.0206139	0.108063	0.0299437	0.894509	-0.446047	-0.105858	0.446575	0.888462
0.533333	0.994076	0.0191168	0.106993	0.030586	0.895423	-0.444164	-0.104295	0.444805	0.889534
0.566667	0.994155	0.0177553	0.106493	0.0313474	0.896419	-0.442097	-0.103312	0.442851	0.890623
0.6	0.994225	0.0166385	0.106013	0.0318952	0.897444	-0.439974	-0.102462	0.440815	0.891731
0.633333	0.99432	0.0153551	0.105323	0.0325502	0.898262	-0.438254	-0.101337	0.439193	0.892659
0.666667	0.994418	0.014142	0.104557	0.0331864	0.898756	-0.437192	-0.100154	0.438222	0.89327
0.7	0.99443	0.0128542	0.104614	0.0342384	0.899314	-0.43596	-0.099685	0.437114	0.893865
0.733333	0.994485	0.0119513	0.104193	0.034762	0.899762	-0.434995	-0.0989481	0.436218	0.894384
0.766667	0.994452	0.0111147	0.1046	0.0356702	0.899848	-0.434742	-0.0989558	0.436061	0.89446
0.8	0.994464	0.00988514	0.10461	0.0366734	0.900307	-0.433708	-0.0984681	0.435143	0.894961
0.833333	0.994429	0.00956785	0.104971	0.037118	0.900297	-0.433691	-0.0986549	0.435171	0.894926
0.866667	0.994399	0.0089588	0.105308	0.0377983	0.900354	-0.433514	-0.0986986	0.435067	0.894972
0.9	0.994396	0.00864098	0.105365	0.038048	0.900618	-0.432944	-0.0986343	0.434526	0.895242
0.933333	0.994399	0.00928391	0.105278	0.0375279	0.900203	-0.433851	-0.0987997	0.435372	0.894813
0.966667	0.994381	0.0081935	0.105544	0.0385518	0.900509	-0.433124	-0.0985919	0.434759	0.895133
1	0.994392	0.00824313	0.10544	0.0384954	0.900362	-0.433436	-0.0985066	0.435064	0.894995
1.03333	0.994424	0.00772653	0.105174	0.038879	0.900201	-0.433736	-0.0980288	0.435406	0.894881
1.06667	0.994422	0.00753327	0.105203	0.0389964	0.900506	-0.43309	-0.097999	0.434777	0.89519
1.1	0.994436	0.00650994	0.105143	0.0397668	0.901044	-0.431901	-0.0975499	0.433679	0.895772
1.13333	0.994432	0.00597061	0.10521	0.0402345	0.901246	-0.431436	-0.0973962	0.433267	0.895988
1.16667	0.994483	0.00586996	0.104737	0.0401363	0.901171	-0.431601	-0.0969196	0.433424	0.895964
1.2	0.994495	0.00472008	0.104675	0.0410273	0.901682	-0.43045	-0.0964155	0.432375	0.896524
1.23333	0.994494	0.00446967	0.104695	0.0412136	0.901892	-0.429991	-0.0963453	0.431939	0.896742
1.26667	0.994521	0.00453117	0.104443	0.0410149	0.902047	-0.429685	-0.0961594	0.431614	0.896919
1.3	0.994558	0.00443255	0.104091	0.0409832	0.901904	-0.429988	-0.0957861	0.431914	0.896814
1.33333	0.994529	0.00440818	0.104365	0.0411516	0.901778	-0.430237	-0.0960106	0.432178	0.896663
1.36667	0.994578	0.00415756	0.10391	0.0411667	0.901836	-0.430113	-0.0954979	0.432058	0.896775
1.4	0.99454	0.00402895	0.104274	0.0415113	0.901513	-0.430757	-0.0957399	0.432734	0.896424
1.43333	0.994558	0.00389025	0.104109	0.0415725	0.901476	-0.430828	-0.0955282	0.432812	0.896409
1.46667	0.994551	0.00399002	0.104175	0.0415714	0.901205	-0.431395	-0.0956046	0.433375	0.896128
1.5	0.994577	0.00388585	0.103933	0.0415819	0.901105	-0.431603	-0.095332	0.433584	0.896056
1.53333	0.994541	0.00365944	0.104281	0.0420406	0.900629	-0.43255	-0.0955016	0.434573	0.895559
1.56667	0.994585	0.00376864	0.103856	0.04175	0.900664	-0.432507	-0.0951689	0.434501	0.895629
1.6	0.99458	0.00341563	0.103921	0.0421049	0.900618	-0.432567	-0.0950707	0.434598	0.895593
1.63333	0.994567	0.00356582	0.104036	0.0420531	0.900467	-0.432887	-0.0952241	0.43491	0.895425
1.66667	0.99457	0.00342873	0.104014	0.0421434	0.900573	-0.432657	-0.0951555	0.434692	0.895538
1.7	0.994534	0.00352316	0.104358	0.042243	0.900416	-0.432974	-0.0954913	0.435015	0.895345
1.73333	0.994414	0.00328584	0.105499	0.0430533	0.899959	-0.433843	-0.0963702	0.435962	0.894791
1.76667	0.994349	0.00339055	0.106102	0.0432556	0.899811	-0.43413	-0.0969437	0.436266	0.89458
1.8	0.994302	0.00373021	0.106538	0.0431292	0.899869	-0.434023	-0.0974895	0.436145	0.89458
1.83333	0.994189	0.00341255	0.107598	0.0439658	0.899471	-0.434764	-0.098265	0.436968	0.894093
1.86667	0.994164	0.00349353	0.107824	0.0440109	0.899387	-0.434933	-0.0984946	0.43714	0.893984
1.9	0.994053	0.00291689	0.108862	0.0450743	0.898974	-0.435676	-0.0991348	0.437991	0.893496
1.93333	0.994018	0.00199737	0.109194	0.0460636	0.898878	-0.43577	-0.0990224	0.438194	0.89341
1.96667	0.993926	0.000847761	0.110049	0.0476238	0.89818	-0.437041	-0.0992143	0.439627	0.892684
2	0.993888	7.54746e-05	0.110394	0.0486262	0.897464	-0.4384	-0.0991078	0.441088	0.891975
2.03333	0.993824	-0.000354233	0.110964	0.0494772	0.896502	-0.440269	-0.0993237	0.44304	0.890983
2.06667	0.993817	-0.000702406	0.111027	0.0500644	0.895385	-0.44247	-0.0991007	0.445293	0.889884
2.1	0.99374	-0.0024306	0.111695	0.0520248	0.894819	-0.443387	-0.0988693	0.446422	0.889344
2.13333	0.993651	-0.00331002	0.11246	0.0532683	0.894276	-0.444335	-0.0990997	0.447504	0.888774
2.16667	0.993493	-0.00302089	0.113855	0.0539009	0.893089	-0.446639	-0.100334	0.44987	0.88744
2.2	0.993355	-0.00279771	0.115055	0.0545712	0.891627	-0.449471	-0.101329	0.452763	0.885855
2.23333	0.993083	-0.00187027	0.117402	0.0551748	0.890037	-0.452537	-0.103645	0.455884	0.883984
2.26667	0.992705	-0.00166807	0.120559	0.0570738	0.887284	-0.457679	-0.106207	0.461221	0.880906
2.3	0.992402	-0.00119464	0.123033	0.0587236	0.883311	-0.465094	-0.108121	0.468785	0.87667
2.33333	0.991987	-0.00131196	0.12633	0.0620259	0.876196	-0.477948	-0.110063	0.481954	0.869256
2.36667	0.991593	-0.00239999	0.129373	0.0673289	0.863386	-0.500032	-0.110499	0.504539	0.856289
2.4	0.991278	-0.00759456	0.131565	0.0782856	0.83703	-0.541528	-0.106011	0.547105	0.830324
2.43333	0.991252	-0.0173026	0.130847	0.094623	0.784305	-0.613116	-0.0920158	0.620134	0.779081
2.46667	0.992043	-0.0276989	0.122812	0.107645	0.6925	-0.713342	-0.0652885	0.720886	0.689972
2.5	0.99399	-0.0469769	0.0988788	0.108297	0.553893	-0.825515	-0.0159882	0.831262	0.555652
2.53333	0.994516	-0.08114	0.0659818	0.0929151	0.395948	-0.91356	0.0480009	0.914681	0.401316
2.56667	0.992601	-0.117116	0.0320581	0.0646547	0.2863	-0.955956	0.102779	0.950956	0.291753
2.6	0.989904	-0.14172	-0.00221276	0.0344526	0.255734	-0.966133	0.137486	0.956303	0.258035
2.63333	0.98681	-0.15753	-0.0372771	0.00923655	0.284693	-0.958574	0.161617	0.945587	0.282393
2.66667	0.983756	-0.164029	-0.0729237	-0.0105572	0.352671	-0.935688	0.179198	0.921259	0.345211
2.7	0.980763	-0.160982	-0.110404	-0.0273548	0.446658	-0.894287	0.193277	0.880103	0.433662
2.73333	0.977304	-0.147046	-0.152495	-0.0457802	0.556242	-0.829758	0.206837	0.817907	0.536886
2.76667	0.971913	-0.124742	-0.199561	-0.068082	0.662679	-0.745803	0.225278	0.738442	0.635574
2.8	0.964102	-0.0974822	-0.246992	-0.0921957	0.749414	-0.655651	0.249014	0.654886	0.713524
2.83333	0.953998	-0.0720545	-0.291027	-0.116107	0.806159	-0.580196	0.27642	0.587296	0.760707
2.86667	0.943321	-0.0495066	-0.328169	-0.138934	0.839091	-0.52595	0.301401	0.541733	0.784654
2.9	0.935096	-0.0353534	-0.352625	-0.150357	0.861444	-0.485085	0.320916	0.506621	0.800217
2.93333	0.932848	-0.0306019	-0.358968	-0.140134	0.8871	-0.43979	0.331899	0.460561	0.823241
2.96667	0.938519	-0.029918	-0.343929	-0.125321	0.898755	-0.420159	0.321679	0.437429	0.839749
3	0.949035	-0.0235191	-0.314292	-0.115695	0.901597	-0.416819	0.293168	0.431937	0.852926
3.03333	0.956874	-0.00278655	-0.290489	-0.112054	0.919032	-0.377922	0.268022	0.394174	0.879086
3.06667	0.966113	0.0193537	-0.257392	-0.115054	0.924931	-0.362305	0.231057	0.379642	0.895815
3.1	0.973818	0.042868	-0.223252	-0.1295	0.911747	-0.389803	0.186839	0.408508	0.893427
3.13333	0.981604	0.0587361	-0.181669	-0.131095	0.899102	-0.417647	0.138808	0.43378	0.890262
3.16667	0.989197	0.0686652	-0.129516	-0.118387	0.895239	-0.429571	0.0864508	0.440263	0.893697
3.2	0.994742	0.0752691	-0.0694407	-0.0978898	0.898063	-0.428835	0.0300841	0.433378	0.90071
3.23333	0.997502	0.0699356	-0.0099141	-0.0675418	0.903301	-0.423657	-0.0206733	0.423269	0.905768
3.26667	0.997823	0.0621247	0.022111	-0.047735	0.911834	-0.407774	-0.0454944	0.405831	0.912815
3.3	0.996861	0.0667841	0.0425256	-0.0445242	0.917002	-0.39639	-0.0654687	0.393253	0.917097
3.33333	0.995624	0.0627976	0.0692002	-0.0311951	0.92141	-0.387337	-0.0880856	0.383483	0.919338
3.36667	0.993811	0.0545782	0.0967534	-0.0131593	0.92269	-0.385319	-0.110303	0.381661	0.917697
3.4	0.991189	0.0411309	0.125909	0.0114335	0.92045	-0.390693	-0.131962	0.38869	0.91187
3.43333	0.987476	0.0236059	0.155995	0.0407409	0.917056	-0.396671	-0.15242	0.398058	0.904609
3.46667	0.982465	0.000749043	0.186445	0.0758598	0.911872	-0.403405	-0.170316	0.410475	0.895825
3.5	0.975715	-0.0160305	0.218459	0.107614	0.903744	-0.414325	-0.190789	0.427772	0.883522
3.53333	0.970837	-0.0120428	0.239437	0.116248	0.897116	-0.426226	-0.20967	0.44163	0.872354
3.56667	0.969894	0.00229417	0.243515	0.104818	0.898656	-0.425947	-0.219813	0.438648	0.871361
3.6	0.970568	0.0102588	0.240607	0.0934123	0.904835	-0.415389	-0.221971	0.425639	0.877246
3.63333	0.970841	0.0169391	0.239126	0.0834952	0.911149	-0.40353	-0.224715	0.411729	0.883166
3.66667	0.968715	0.0269042	0.246714	0.0770167	0.912437	-0.401905	-0.235924	0.408333	0.881819
3.7	0.961797	0.0289321	0.27223	0.0887969	0.907668	-0.410187	-0.258962	0.41869	0.870424
3.73333	0.949596	0.0316293	0.311876	0.109246	0.899136	-0.423816	-0.293824	0.436525	0.85036
3.76667	0.936616	0.0358093	0.348522	0.130058	0.888147	-0.440773	-0.325322	0.458163	0.827195
3.8	0.926538	0.031543	0.374876	0.154131	0.877178	-0.454755	-0.343177	0.479128	0.807877
3.83333	0.915915	0.0109811	0.401222	0.194491	0.862286	-0.467586	-0.351103	0.506303	0.787645
3.86667	0.91094	0.0145062	0.412283	0.219867	0.828544	-0.514949	-0.349065	0.559736	0.751565
3.9	0.916	0.071737	0.394712	0.229714	0.712835	-0.662645	-0.328901	0.697654	0.636478
3.93333	0.936555	0.151247	0.31621	0.217028	0.458189	-0.861952	-0.275252	0.875892	0.396294
3.96667	0.961603	0.169167	0.216109	0.181867	0.196936	-0.9634	-0.205535	0.965712	0.158608
4	0.98113	0.119263	0.152182	0.147632	0.0461591	-0.987965	-0.124852	0.991789	0.0276812
4.03333	0.993416	0.039462	0.107552	0.10876	-0.0298492	-0.99362	-0.0359999	0.998775	-0.0339445
4.06667	0.996934	-0.0342045	0.0703751	0.0681511	-0.062334	-0.995726	0.0384451	0.997469	-0.0598118
4.1	0.995212	-0.0919147	0.0332331	0.0273098	-0.0649661	-0.997514	0.0938452	0.993645	-0.0621449
4.13333	0.990813	-0.1351	-0.00608801	-0.0103029	-0.0305209	-0.999481	0.134844	0.990362	-0.0316325
4.16667	0.984945	-0.166615	-0.0460798	-0.0399196	0.0401362	-0.998396	0.168198	0.985205	0.0328807
4.2	0.980544	-0.176912	-0.0850586	-0.0563562	0.161363	-0.985285	0.188034	0.970909	0.148254
4.23333	0.978823	-0.158663	-0.129352	-0.0657245	0.354855	-0.932608	0.193872	0.92136	0.336913
4.26667	0.975631	-0.116052	-0.186213	-0.0856509	0.579909	-0.810166	0.202008	0.806373	0.555838
4.3	0.964925	-0.074788	-0.251647	-0.118468	0.731365	-0.671618	0.234275	0.677873	0.696853
4.33333	0.950498	-0.0426694	-0.307786	-0.153671	0.796366	-0.584967	0.27007	0.603309	0.750387
4.36667	0.939528	-0.0270464	-0.341404	-0.15395	0.857125	-0.491566	0.305921	0.514398	0.801128
4.4	0.944454	-0.0176296	-0.328171	-0.134222	0.890793	-0.434134	0.299986	0.454067	0.838946
4.43333	0.953257	0.00757828	-0.302065	-0.126236	0.918251	-0.375339	0.274527	0.395926	0.876286
4.46667	0.958873	0.0308787	-0.282152	-0.143772	0.909942	-0.389017	0.244729	0.413583	0.876959
4.5	0.965639	0.0684451	-0.250713	-0.17345	0.888137	-0.425591	0.193538	0.454453	0.869491
4.53333	0.974807	0.094621	-0.201985	-0.178295	0.874673	-0.450731	0.134022	0.475389	0.869508
4.56667	0.984763	0.106768	-0.137264	-0.15838	0.876602	-0.454405	0.0718102	0.469222	0.880156
4.6	0.991409	0.108539	-0.0729948	-0.129941	0.881183	-0.454568	0.0149832	0.460148	0.887716
4.63333	0.994574	0.100885	-0.0253844	-0.101545	0.88847	-0.447559	-0.0225987	0.447708	0.893894
4.66667	0.995734	0.0921806	0.00403949	-0.0813431	0.897649	-0.433139	-0.0435531	0.430963	0.901318
4.7	0.996251	0.0797787	0.0334448	-0.0583741	0.905322	-0.420696	-0.0638409	0.417167	0.906585
4.73333	0.995628	0.0679235	0.0641192	-0.0343218	0.904458	-0.425179	-0.0868728	0.421119	0.902835
4.76667	0.993283	0.0527658	0.102981	-0.00171716	0.896599	-0.442839	-0.1157	0.439688	0.890667
4.8	0.988941	0.0298819	0.145269	0.0397871	0.890134	-0.453959	-0.142874	0.454718	0.879101
4.83333	0.981749	0.00498136	0.190115	0.0840976	0.885237	-0.457474	-0.170575	0.465113	0.868662
4.86667	0.971968	-0.0113599	0.234837	0.122812	0.876261	-0.465922	-0.200485	0.481703	0.853093
4.9	0.963682	-0.00800865	0.266934	0.139138	0.868222	-0.476267	-0.227943	0.496111	0.837804
4.93333	0.961061	0.00896092	0.27619	0.127748	0.871853	-0.472813	-0.245034	0.489685	0.83676
4.96667	0.961065	0.0257726	0.275119	0.107862	0.881664	-0.459384	-0.254403	0.471173	0.844557
5	0.959397	0.0459388	0.278293	0.0881186	0.888446	-0.450442	-0.267941	0.456676	0.848325
5.03333	0.952154	0.0650866	0.298608	0.0834524	0.884558	-0.458904	-0.294005	0.461866	0.836804
5.06667	0.936227	0.0725865	0.343816	0.108755	0.870538	-0.479933	-0.334141	0.486718	0.807128
5.1	0.917612	0.0719851	0.390904	0.143626	0.856964	-0.49496	-0.37062	0.510325	0.776022
5.13333	0.902768	0.0458787	0.427674	0.192879	0.845543	-0.49785	-0.384458	0.531933	0.75448
5.16667	0.895219	0.0321348	0.444466	0.22533	0.827852	-0.5137	-0.38446	0.560025	0.733868
5.2	0.898581	0.065238	0.433931	0.231748	0.769171	-0.595541	-0.372619	0.635705	0.676044
5.23333	0.908352	0.130537	0.397311	0.237771	0.620346	-0.747419	-0.344037	0.773389	0.532455
5.26667	0.93106	0.194983	0.308399	0.218488	0.378996	-0.899236	-0.292218	0.904624	0.310266
5.3	0.956971	0.193924	0.215871	0.183533	0.171739	-0.967895	-0.224772	0.965867	0.128758
5.33333	0.979371	0.131993	0.153003	0.146091	0.0606081	-0.987413	-0.139605	0.989396	0.0400748
5.36667	0.99259	0.0517534	0.109944	0.109314	0.014853	-0.993896	-0.0530705	0.998549	0.00908552
5.4	0.997103	-0.0222739	0.0727244	0.0729782	0.0108024	-0.997275	0.0214276	0.999694	0.0123966
5.43333	0.996009	-0.082102	0.0349939	0.0386617	0.0435171	-0.998304	0.0804399	0.995673	0.0465176
5.46667	0.992392	-0.122965	-0.00607677	0.00827127	0.115838	-0.993234	0.122837	0.985627	0.115974
5.5	0.988567	-0.141793	-0.0512854	-0.0166177	0.235601	-0.971708	0.149864	0.96145	0.230551
5.53333	0.985177	-0.139603	-0.0996875	-0.0370435	0.394281	-0.918243	0.167495	0.908325	0.383265
5.56667	0.981133	-0.117866	-0.153253	-0.0609187	0.563826	-0.823644	0.183488	0.817439	0.546008
5.6	0.974101	-0.0853157	-0.2094	-0.0890336	0.706548	-0.702042	0.207846	0.702503	0.680654
5.63333	0.962676	-0.0572276	-0.264536	-0.116088	0.795615	-0.594576	0.244495	0.603093	0.759276
5.66667	0.950868	-0.0341629	-0.307704	-0.143731	0.83158	-0.536485	0.274209	0.554354	0.785813
5.7	0.944975	-0.0275087	-0.325984	-0.139306	0.867764	-0.477054	0.296	0.496215	0.816183
5.73333	0.951525	-0.0242676	-0.306613	-0.119939	0.888686	-0.442551	0.283222	0.457873	0.842696
5.76667	0.960656	-0.00207087	-0.277734	-0.107444	0.919346	-0.378494	0.256118	0.393444	0.882953
5.8	0.969409	0.0194932	-0.244675	-0.108489	0.92821	-0.355887	0.220172	0.371545	0.901931
5.83333	0.977924	0.0496426	-0.202979	-0.124933	0.917541	-0.377506	0.167501	0.39453	0.903487
5.86667	0.986044	0.0740629	-0.149101	-0.130532	0.899821	-0.416273	0.103334	0.429927	0.896931
5.9	0.994366	0.0726881	-0.0771486	-0.0991861	0.894772	-0.435367	0.0373844	0.440567	0.896941
5.93333	0.998145	0.0575463	-0.0198889	-0.0606143	0.908331	-0.413836	-0.00574903	0.414273	0.910134
5.96667	0.997753	0.0669709	0.00201496	-0.0609091	0.919151	-0.389167	-0.0279149	0.388169	0.921165
6	0.997538	0.0650701	0.0261311	-0.050707	0.926793	-0.372134	-0.048433	0.369893	0.927811
6.03333	0.996916	0.0604097	0.0500932	-0.0377324	0.928664	-0.368998	-0.0688108	0.36597	0.928079
6.06667	0.995106	0.0549155	0.082149	-0.0197654	0.92517	-0.379037	-0.0968168	0.375558	0.921728
6.1	0.99202	0.0425453	0.118688	0.00799745	0.918219	-0.395992	-0.125829	0.393781	0.910551
6.13333	0.987909	0.0210389	0.1536	0.0439563	0.912083	-0.407643	-0.148673	0.409466	0.90013
6.16667	0.98196	-0.002386	0.189075	0.0825083	0.905115	-0.417084	-0.17014	0.42516	0.888983
6.2	0.974489	-0.0161725	0.22385	0.113694	0.895523	-0.430246	-0.193505	0.44472	0.874517
6.23333	0.969114	-0.00883022	0.246454	0.119815	0.890344	-0.439241	-0.21555	0.455204	0.863903
6.26667	0.968485	0.0130204	0.24873	0.100323	0.89365	-0.437408	-0.227973	0.448576	0.86418
6.3	0.96892	0.0361389	0.244718	0.0752139	0.899396	-0.430615	-0.235661	0.435638	0.868725
6.33333	0.966781	0.0564812	0.249287	0.0581169	0.901163	-0.429566	-0.248911	0.429784	0.867945
6.36667	0.95984	0.0709552	0.271426	0.0593398	0.894251	-0.443614	-0.2742	0.441905	0.854128
6.4	0.946394	0.0734469	0.314554	0.0874293	0.879212	-0.46834	-0.310958	0.470735	0.82566
6.43333	0.931291	0.0717396	0.357143	0.12004	0.865218	-0.486815	-0.34393	0.496238	0.797157
6.46667	0.91837	0.0518717	0.392308	0.164462	0.85167	-0.497605	-0.359929	0.521505	0.773617
6.5	0.909131	0.0371682	0.414848	0.202677	0.830658	-0.518585	-0.363871	0.555542	0.747644
6.53333	0.91012	0.0708272	0.408247	0.214435	0.76256	-0.610345	-0.354542	0.643029	0.678833
6.56667	0.92253	0.138376	0.360264	0.217148	0.585596	-0.780977	-0.319037	0.798705	0.510182
6.6	0.945162	0.187354	0.26752	0.196884	0.326692	-0.924397	-0.260586	0.926375	0.27189
6.63333	0.967312	0.17168	0.186639	0.164472	0.135465	-0.977035	-0.19302	0.975795	0.102801
6.66667	0.985292	0.107218	0.133058	0.130562	0.0300108	-0.990986	-0.110244	0.993783	0.0155709
6.7	0.995434	0.0341178	0.0891517	0.0899459	-0.0224945	-0.995693	-0.0319654	0.999165	-0.0254606
6.73333	0.998309	-0.0275842	0.0511661	0.0501714	-0.0356206	-0.998105	0.0293545	0.998985	-0.0341764
6.76667	0.996972	-0.0762721	0.0151555	0.0142995	-0.0117556	-0.999829	0.0764372	0.997018	-0.0106294
6.8	0.993571	-0.111363	-0.0203849	-0.0136785	0.0606562	-0.998065	0.112384	0.991927	0.0587429
6.83333	0.990577	-0.125465	-0.054925	-0.0290001	0.199794	-0.979409	0.133855	0.971772	0.194273
6.86667	0.988463	-0.117604	-0.0954512	-0.0408613	0.399775	-0.915702	0.145849	0.909038	0.390357
6.9	0.984995	-0.0898606	-0.147346	-0.0636679	0.604339	-0.794179	0.160412	0.791643	0.58955
6.93333	0.976328	-0.0624019	-0.207097	-0.0947059	0.737483	-0.668692	0.194459	0.672476	0.714116
6.96667	0.964569	-0.0393027	-0.260886	-0.130909	0.787229	-0.602605	0.229061	0.615407	0.754192
7	0.955532	-0.0286986	-0.293486	-0.145558	0.819654	-0.554058	0.256458	0.572139	0.779029
7.03333	0.957548	-0.0277787	-0.286934	-0.12765	0.851587	-0.508434	0.258473	0.523477	0.811889
7.06667	0.967371	-0.0164898	-0.252826	-0.104599	0.882879	-0.457803	0.230764	0.469311	0.852347
7.1	0.973648	0.00474417	-0.228005	-0.0972938	0.912874	-0.396479	0.206259	0.408214	0.88928
7.13333	0.979621	0.0314865	-0.198371	-0.110041	0.910359	-0.39892	0.168028	0.412619	0.895272
7.16667	0.985681	0.0599405	-0.157605	-0.122741	0.895933	-0.426895	0.115615	0.440127	0.890461
7.2	0.99254	0.0699459	-0.0998609	-0.107699	0.886901	-0.449231	0.0571448	0.456634	0.887817
7.23333	0.997567	0.0601471	-0.0352489	-0.0695905	0.889311	-0.451977	0.00416206	0.45333	0.891333
7.26667	0.998696	0.0509751	0.00277401	-0.0450403	0.905397	-0.422169	-0.0240317	0.421494	0.906513
7.3	0.998288	0.0539049	0.0227093	-0.0403853	0.916033	-0.399064	-0.042314	0.397464	0.916642
7.33333	0.997687	0.0506357	0.045353	-0.0295011	0.923604	-0.382211	-0.0612418	0.379989	0.922961
7.36667	0.996697	0.0449121	0.0676657	-0.0160218	0.925538	-0.378316	-0.0796182	0.375982	0.9232
7.4	0.994595	0.0369551	0.0970296	0.00366359	0.921442	-0.388498	-0.103764	0.386754	0.916327
7.43333	0.991264	0.0179057	0.130669	0.0360243	0.91631	-0.398847	-0.126875	0.40007	0.90766
7.46667	0.986168	-0.00558869	0.165655	0.0731198	0.911594	-0.404538	-0.148749	0.411055	0.899393
7.5	0.978851	-0.0265277	0.202847	0.110214	0.903737	-0.413658	-0.172347	0.427266	0.887547
7.53333	0.972288	-0.0249218	0.232455	0.125103	0.895428	-0.427269	-0.197498	0.444509	0.873731
7.56667	0.970994	-0.000362081	0.239104	0.106027	0.896958	-0.429214	-0.214311	0.442115	0.870979
7.6	0.971317	0.0192276	0.23701	0.0847852	0.90321	-0.420742	-0.222159	0.428768	0.875673
7.63333	0.970248	0.0401338	0.238765	0.0654717	0.905933	-0.418329	-0.233094	0.421515	0.876352
7.66667	0.964124	0.0556191	0.25956	0.0643227	0.899713	-0.431716	-0.257541	0.432924	0.863857
7.7	0.95183	0.0626595	0.300156	0.0848001	0.886925	-0.454063	-0.294667	0.457644	0.838888
7.73333	0.93549	0.0673937	0.346866	0.114181	0.871326	-0.477236	-0.334396	0.486055	0.807422
7.76667	0.923439	0.055185	0.379756	0.152269	0.855671	-0.494611	-0.352241	0.514569	0.781758
7.8	0.914302	0.0404997	0.403004	0.192607	0.831815	-0.520563	-0.356307	0.553573	0.75273
7.83333	0.915564	0.0690175	0.396207	0.207427	0.762982	-0.612236	-0.344553	0.642725	0.684242
7.86667	0.929293	0.133022	0.344557	0.208115	0.582103	-0.786031	-0.305126	0.80216	0.513261
7.9	0.950006	0.174866	0.258671	0.191084	0.329586	-0.924586	-0.246933	0.92779	0.279694
7.93333	0.968525	0.160955	0.189874	0.16406	0.160896	-0.97324	-0.187198	0.973759	0.129425
7.96667	0.984235	0.100363	0.14563	0.138628	0.0735606	-0.987609	-0.109832	0.992228	0.0584878
8	0.993693	0.0291663	0.108275	0.107616	0.0233113	-0.993919	-0.031513	0.999303	0.0200255
8.03333	0.997212	-0.0293331	0.0686187	0.0688642	0.00744187	-0.997598	0.028752	0.999542	0.00944112
8.06667	0.996955	-0.07259	0.0284685	0.0304305	0.0260676	-0.999197	0.0717896	0.997021	0.0281972
8.1	0.994354	-0.105451	-0.0118684	-0.00292543	0.0845603	-0.996414	0.106076	0.990823	0.0837743
8.13333	0.991019	-0.122951	-0.0525728	-0.0282833	0.19153	-0.981079	0.130694	0.973755	0.186332
8.16667	0.987624	-0.123782	-0.0963212	-0.046272	0.356839	-0.933019	0.149862	0.925929	0.346695
8.2	0.982962	-0.106728	-0.149646	-0.0695192	0.5378	-0.840201	0.170153	0.836289	0.521218
8.23333	0.97427	-0.0791433	-0.211032	-0.101213	0.682968	-0.723402	0.201381	0.726148	0.657385
8.26667	0.961541	-0.0487413	-0.2703	-0.134752	0.773829	-0.618894	0.239332	0.631516	0.737501
8.3	0.948601	-0.023893	-0.31557	-0.155807	0.83267	-0.531399	0.275463	0.553254	0.786149
8.33333	0.944664	-0.0158272	-0.327656	-0.144495	0.876639	-0.458938	0.2945	0.480888	0.825843
8.36667	0.952878	-0.0140906	-0.303025	-0.123365	0.894589	-0.429525	0.277135	0.446668	0.850696
8.4	0.965359	-0.0102795	-0.260721	-0.104041	0.901187	-0.420758	0.239284	0.433308	0.8689
8.43333	0.971354	0.0076163	-0.237515	-0.0993758	0.920915	-0.376882	0.215861	0.389689	0.895291
8.46667	0.977564	0.0261591	-0.20901	-0.104279	0.922235	-0.372302	0.183017	0.385745	0.904271
8.5	0.983371	0.0554593	-0.172933	-0.121229	0.909476	-0.397691	0.135223	0.412042	0.901075
8.53333	0.990192	0.0698792	-0.120982	-0.114595	0.901577	-0.417166	0.0799237	0.426939	0.900742
8.56667	0.995851	0.0700026	-0.0581477	-0.0881073	0.90157	-0.423567	0.0227734	0.426933	0.903997
