0	0.96308	-0.269216	0	0.269216	0.96308	0	0	0	1
0.0333333	0.964612	-0.226682	-0.134679	0.222623	0.973881	-0.0446703	0.141287	0.0131068	0.989882
0.0666667	0.96918	-0.0295001	-0.24458	0.0154925	0.998138	-0.0589995	0.245865	0.053392	0.967832
0.1	0.941785	0.138795	-0.306232	-0.162951	0.98512	-0.0546471	0.29409	0.101366	0.950387
0.133333	0.902694	0.268676	-0.33609	-0.301092	0.95242	-0.0473158	0.307387	0.143906	0.94064
0.166667	0.864009	0.363158	-0.348717	-0.401618	0.914826	-0.0423709	0.303629	0.17666	0.93627
0.2	0.831403	0.429371	-0.352718	-0.471947	0.880704	-0.040342	0.293318	0.200004	0.93486
0.233333	0.806256	0.474837	-0.352819	-0.520092	0.853159	-0.0402936	0.281878	0.215985	0.934824
0.266667	0.788694	0.505174	-0.350372	-0.552035	0.832765	-0.0419427	0.270589	0.226498	0.935671
0.3	0.776745	0.525509	-0.347141	-0.573303	0.818147	-0.0442674	0.260749	0.233401	0.936768
0.333333	0.768707	0.538963	-0.344395	-0.5873	0.808043	-0.0463299	0.253316	0.237877	0.937681
0.366667	0.763847	0.54785	-0.341172	-0.59643	0.801179	-0.04882	0.246594	0.240776	0.938732
0.4	0.761365	0.552746	-0.338816	-0.601408	0.797334	-0.0506704	0.242142	0.242345	0.939487
0.433333	0.760351	0.55529	-0.336926	-0.603943	0.795318	-0.0521674	0.238995	0.24315	0.940085
0.466667	0.760497	0.556076	-0.335296	-0.604652	0.794693	-0.0534626	0.236729	0.243396	0.940595
0.5	0.76176	0.554959	-0.334279	-0.603413	0.79558	-0.0542695	0.235829	0.243049	0.94091
0.533333	0.763294	0.552788	-0.334377	-0.601152	0.797295	-0.0541919	0.236641	0.242376	0.94088
0.566667	0.765295	0.550203	-0.334065	-0.59843	0.799323	-0.0544367	0.237075	0.241575	0.940977
0.6	0.767775	0.547302	-0.333138	-0.595334	0.801583	-0.0551577	0.23685	0.240677	0.941263
0.633333	0.77031	0.544622	-0.331675	-0.592431	0.803652	-0.0562868	0.235897	0.239853	0.941713
0.666667	0.772443	0.542397	-0.33036	-0.590013	0.805358	-0.0572947	0.234981	0.239174	0.942115
0.7	0.773928	0.54074	-0.329601	-0.588229	0.806621	-0.0578729	0.234568	0.23867	0.942345
0.733333	0.774612	0.539703	-0.329692	-0.587155	0.807408	-0.0578038	0.234999	0.238356	0.942317
0.766667	0.7745	0.539147	-0.330863	-0.586662	0.807829	-0.0569164	0.236594	0.238186	0.941961
0.8	0.774344	0.538796	-0.331798	-0.586365	0.808095	-0.0562084	0.237839	0.238079	0.941675
0.833333	0.774327	0.538173	-0.332847	-0.58579	0.808566	-0.0554142	0.239306	0.237887	0.941351
0.866667	0.774509	0.537445	-0.3336	-0.585083	0.809117	-0.0548447	0.240446	0.237661	0.941118
0.9	0.774835	0.536648	-0.334124	-0.584288	0.809718	-0.0544496	0.241326	0.237414	0.940955
0.933333	0.775198	0.53571	-0.334788	-0.583354	0.810425	-0.0539493	0.242419	0.237121	0.940748
0.966667	0.775566	0.535045	-0.334997	-0.582673	0.810925	-0.0537918	0.242877	0.236913	0.940682
1	0.775269	0.535107	-0.335588	-0.582778	0.810879	-0.0533481	0.243574	0.236932	0.940497
1.03333	0.77457	0.535753	-0.336169	-0.583494	0.810392	-0.0529106	0.244082	0.237135	0.940314
1.06667	0.774015	0.536268	-0.336626	-0.584064	0.810004	-0.0525664	0.244478	0.237298	0.94017
1.1	0.773697	0.53676	-0.336573	-0.584575	0.809632	-0.0526061	0.244264	0.237453	0.940187
1.13333	0.773617	0.53686	-0.336598	-0.584682	0.809557	-0.0525873	0.244263	0.237485	0.940179
1.16667	0.773838	0.536671	-0.33639	-0.58447	0.8097	-0.0527443	0.244069	0.237425	0.940245
1.2	0.774078	0.536538	-0.33605	-0.584308	0.8098	-0.0530013	0.243696	0.237384	0.940352
1.23333	0.774285	0.53647	-0.335682	-0.584211	0.809851	-0.0532792	0.243269	0.237362	0.940468
1.26667	0.774521	0.536455	-0.335162	-0.584159	0.809863	-0.0536711	0.242643	0.237357	0.940631
1.3	0.774497	0.536721	-0.33479	-0.584411	0.809662	-0.0539515	0.24211	0.237441	0.940747
1.33333	0.774408	0.536874	-0.334752	-0.584568	0.809547	-0.0539808	0.242016	0.237488	0.940759
1.36667	0.774306	0.536919	-0.334915	-0.584627	0.809513	-0.0538577	0.2422	0.237502	0.940708
1.4	0.774167	0.537002	-0.335104	-0.584727	0.80945	-0.0537144	0.242406	0.237528	0.940649
1.43333	0.774258	0.536977	-0.334933	-0.584689	0.809469	-0.0538435	0.242205	0.237521	0.940702
1.46667	0.774124	0.536931	-0.335316	-0.584668	0.809503	-0.0535545	0.242684	0.237506	0.940582
1.5	0.773949	0.536858	-0.335837	-0.584627	0.809559	-0.0531608	0.24334	0.237483	0.940419
1.53333	0.774079	0.536463	-0.336169	-0.584237	0.809857	-0.0529104	0.243864	0.237359	0.940314
1.56667	0.774288	0.536081	-0.336297	-0.583846	0.810145	-0.0528137	0.244137	0.237239	0.940274
1.6	0.7743	0.535893	-0.336568	-0.583667	0.810287	-0.0526092	0.244524	0.237179	0.940188
1.63333	0.77427	0.535944	-0.336556	-0.58372	0.810248	-0.0526188	0.244493	0.237195	0.940192
1.66667	0.774274	0.5358	-0.336777	-0.583584	0.810357	-0.0524523	0.244805	0.23715	0.940123
1.7	0.774178	0.535776	-0.337036	-0.583577	0.810375	-0.0522568	0.245127	0.237142	0.94004
1.73333	0.774302	0.535535	-0.337133	-0.58333	0.810557	-0.0521836	0.245319	0.237066	0.94001
1.76667	0.774527	0.535136	-0.33725	-0.582921	0.810857	-0.0520958	0.245583	0.23694	0.939973
1.8	0.774728	0.534696	-0.337487	-0.582476	0.811188	-0.0519171	0.246006	0.2368	0.939897
1.83333	0.774905	0.534474	-0.33743	-0.58224	0.811355	-0.0519599	0.246004	0.236729	0.939915
1.86667	0.775125	0.534163	-0.33742	-0.581913	0.811589	-0.0519678	0.246087	0.236631	0.939919
1.9	0.775371	0.533842	-0.337361	-0.581574	0.811829	-0.0520118	0.246113	0.236529	0.939937
1.93333	0.775281	0.533761	-0.337696	-0.581511	0.81189	-0.0517609	0.246544	0.236503	0.939831
1.96667	0.775018	0.533898	-0.338084	-0.58168	0.811788	-0.0514692	0.246974	0.236547	0.939707
2	0.77445	0.534452	-0.338509	-0.582289	0.811371	-0.0511505	0.247319	0.236723	0.939572
2.03333	0.774442	0.533914	-0.339375	-0.581782	0.811776	-0.0504992	0.248534	0.236551	0.939295
2.06667	0.774568	0.533413	-0.339875	-0.581289	0.812152	-0.050124	0.249293	0.23639	0.939134
2.1	0.774712	0.532968	-0.340245	-0.580847	0.812485	-0.0498462	0.249878	0.236247	0.939015
2.13333	0.774918	0.532679	-0.340229	-0.580542	0.812702	-0.0498581	0.249947	0.236153	0.93902
2.16667	0.775349	0.532337	-0.339783	-0.580155	0.812958	-0.0501927	0.24951	0.236043	0.939164
2.2	0.775736	0.53212	-0.339238	-0.579892	0.81312	-0.0505998	0.248916	0.235974	0.939339
2.23333	0.775681	0.532424	-0.338887	-0.580187	0.812893	-0.0508624	0.248399	0.236071	0.939451
2.26667	0.775405	0.532777	-0.338963	-0.580562	0.812629	-0.0508055	0.248383	0.236184	0.939427
2.3	0.774842	0.533451	-0.33919	-0.581284	0.812124	-0.0506354	0.248453	0.2364	0.939354
2.33333	0.774619	0.533343	-0.339868	-0.581215	0.812204	-0.0501265	0.249308	0.236366	0.939136
2.36667	0.774788	0.532741	-0.340426	-0.580619	0.812656	-0.0497079	0.250168	0.236171	0.938956
2.4	0.775147	0.531938	-0.340864	-0.579805	0.813257	-0.0493799	0.250943	0.235912	0.938815
2.43333	0.776332	0.529832	-0.341447	-0.577632	0.814828	-0.0489451	0.252288	0.235228	0.938626
2.46667	0.780069	0.524401	-0.341316	-0.571923	0.81884	-0.0490422	0.253765	0.233463	0.938668
2.5	0.786797	0.515873	-0.33886	-0.562821	0.825015	-0.0508231	0.253346	0.230705	0.939463
2.53333	0.795897	0.506468	-0.331718	-0.552495	0.831642	-0.0558584	0.24758	0.22773	0.941723
2.56667	0.806102	0.4979	-0.319836	-0.54268	0.837499	-0.0639821	0.236006	0.225145	0.94531
2.6	0.81553	0.491799	-0.305033	-0.535104	0.841554	-0.0738208	0.220397	0.223428	0.949476
2.63333	0.822322	0.488143	-0.292411	-0.530141	0.843932	-0.0820305	0.206732	0.222474	0.952768
2.66667	0.824789	0.48801	-0.285603	-0.529308	0.844018	-0.0864101	0.198885	0.222442	0.954444
2.7	0.823453	0.489583	-0.286766	-0.53104	0.843006	-0.0856619	0.199807	0.222822	0.954163
2.73333	0.819723	0.491904	-0.293401	-0.534094	0.841501	-0.081361	0.206876	0.223397	0.952521
2.76667	0.815181	0.494043	-0.302327	-0.537151	0.840099	-0.0755137	0.216678	0.223953	0.950208
2.8	0.811786	0.496618	-0.307202	-0.540251	0.838394	-0.0722866	0.221658	0.224648	0.948895
2.83333	0.810896	0.498389	-0.306687	-0.542033	0.837213	-0.0726302	0.220564	0.22513	0.949035
2.86667	0.812617	0.49913	-0.300872	-0.542262	0.836718	-0.0765125	0.213555	0.225327	0.95059
2.9	0.81491	0.499789	-0.293484	-0.542223	0.836279	-0.0814349	0.204734	0.225496	0.952489
2.93333	0.816475	0.501304	-0.286465	-0.543055	0.835271	-0.0861053	0.196111	0.225869	0.954214
2.96667	0.816548	0.502772	-0.283672	-0.544258	0.834293	-0.0879651	0.192439	0.226219	0.954878
3	0.815233	0.504283	-0.284768	-0.54592	0.833284	-0.0872326	0.193303	0.226576	0.954619
3.03333	0.812978	0.506284	-0.287652	-0.548272	0.831939	-0.0852941	0.196126	0.227053	0.95393
3.06667	0.808667	0.510668	-0.29202	-0.553212	0.828962	-0.0823255	0.200033	0.228123	0.952862
3.1	0.801468	0.518697	-0.297662	-0.562015	0.823401	-0.0784161	0.204421	0.230138	0.951445
3.13333	0.793111	0.523864	-0.310711	-0.568546	0.819739	-0.0691596	0.218471	0.231505	0.947985
3.16667	0.783567	0.527799	-0.327798	-0.573993	0.81689	-0.0567679	0.237813	0.232635	0.943041
3.2	0.773293	0.531572	-0.345615	-0.57909	0.814099	-0.0435581	0.258211	0.233826	0.937365
3.23333	0.768101	0.53096	-0.357913	-0.579059	0.814564	-0.0342952	0.273334	0.233595	0.933125
3.26667	0.77283	0.52166	-0.361392	-0.56933	0.821498	-0.0316914	0.280351	0.230244	0.931875
3.3	0.781395	0.510012	-0.359597	-0.556878	0.829939	-0.0329888	0.281619	0.226029	0.932525
3.33333	0.787684	0.500439	-0.359326	-0.546697	0.836673	-0.033176	0.284036	0.222575	0.932622
3.36667	0.793058	0.492036	-0.359109	-0.537763	0.842437	-0.033325	0.28613	0.219544	0.9327
3.4	0.798198	0.48494	-0.357371	-0.530155	0.847199	-0.0344958	0.286036	0.216996	0.933325
3.43333	0.802313	0.480992	-0.35347	-0.525796	0.849802	-0.0370755	0.282547	0.215599	0.934711
3.46667	0.804827	0.481274	-0.347317	-0.525796	0.849617	-0.0411044	0.275304	0.2157	0.936846
3.5	0.805566	0.484521	-0.341032	-0.52888	0.847491	-0.0452166	0.267113	0.21679	0.938963
3.53333	0.803672	0.491316	-0.335739	-0.535706	0.842998	-0.0487078	0.259096	0.219002	0.940695
3.56667	0.801577	0.498725	-0.329769	-0.543086	0.838021	-0.0527107	0.250065	0.221344	0.942589
3.6	0.802756	0.502808	-0.320573	-0.546703	0.835249	-0.0589538	0.238116	0.222584	0.945387
3.63333	0.804354	0.505923	-0.311539	-0.549239	0.833125	-0.0651112	0.22661	0.223482	0.948
3.66667	0.806069	0.50878	-0.302316	-0.551409	0.831173	-0.0714118	0.214944	0.224262	0.950529
3.7	0.807616	0.511445	-0.293564	-0.553344	0.829349	-0.0774055	0.203878	0.224956	0.9528
3.73333	0.810053	0.513036	-0.283916	-0.554012	0.828259	-0.0840136	0.192054	0.225348	0.955161
3.76667	0.81053	0.51642	-0.276319	-0.556654	0.825939	-0.0892206	0.182147	0.22613	0.956916
3.8	0.810044	0.520374	-0.27026	-0.559995	0.823215	-0.0933933	0.173882	0.226997	0.958247
3.83333	0.80846	0.524945	-0.266131	-0.564152	0.820041	-0.0962595	0.167707	0.22796	0.959119
3.86667	0.806847	0.529259	-0.262455	-0.56808	0.817017	-0.0988361	0.16212	0.228841	0.959869
3.9	0.806465	0.530378	-0.261371	-0.569079	0.816228	-0.0996017	0.160511	0.229066	0.960086
3.93333	0.807943	0.526411	-0.2648	-0.565478	0.819017	-0.0971875	0.165715	0.228261	0.959393
3.96667	0.809671	0.519687	-0.272687	-0.559571	0.823693	-0.091702	0.176954	0.226836	0.957723
4	0.8103	0.512416	-0.284329	-0.553417	0.828687	-0.0837098	0.192726	0.225183	0.955065
4.03333	0.808127	0.508869	-0.296621	-0.550988	0.831106	-0.0753284	0.208192	0.22431	0.95202
4.06667	0.807053	0.506392	-0.303698	-0.549076	0.832793	-0.0705102	0.217212	0.223659	0.950156
4.1	0.808721	0.501712	-0.307012	-0.544527	0.835961	-0.0682664	0.2224	0.222385	0.949254
4.13333	0.81079	0.497002	-0.309206	-0.539838	0.839114	-0.0667956	0.226262	0.221079	0.948646
4.16667	0.811043	0.493133	-0.31469	-0.536267	0.841683	-0.0631544	0.233725	0.219978	0.947091
4.2	0.808842	0.490427	-0.324432	-0.534171	0.843472	-0.0567122	0.245836	0.219173	0.944207
4.23333	0.80214	0.490583	-0.340439	-0.535356	0.843368	-0.0460826	0.264508	0.219221	0.939137
4.26667	0.790254	0.494043	-0.36252	-0.54009	0.84103	-0.0311785	0.289486	0.220432	0.931455
4.3	0.774658	0.497754	-0.390058	-0.544841	0.838452	-0.0121084	0.321017	0.221899	0.920711
4.33333	0.757726	0.501293	-0.4178	-0.548798	0.83592	0.0076658	0.35309	0.223479	0.908507
4.36667	0.741844	0.503408	-0.442998	-0.550592	0.834366	0.0261252	0.382774	0.22453	0.896142
4.4	0.72998	0.503952	-0.461694	-0.550369	0.833957	0.040105	0.405244	0.224827	0.886132
4.43333	0.72559	0.501938	-0.470721	-0.54752	0.835477	0.0469115	0.416823	0.22369	0.881034
4.46667	0.728593	0.500255	-0.467864	-0.545765	0.836742	0.0447649	0.413875	0.222728	0.882666
4.5	0.736564	0.502374	-0.452873	-0.548982	0.83516	0.0335695	0.395085	0.223893	0.890943
4.53333	0.749229	0.504335	-0.429304	-0.551966	0.833711	0.0161224	0.366047	0.224882	0.903016
4.56667	0.770014	0.498157	-0.398646	-0.545364	0.838178	-0.00600654	0.331144	0.222032	0.917085
4.6	0.795318	0.484217	-0.364695	-0.529589	0.847747	-0.0293345	0.294965	0.216469	0.930665
4.63333	0.819629	0.467848	-0.330646	-0.510608	0.858281	-0.0513068	0.259783	0.210883	0.942359
4.66667	0.831613	0.463456	-0.305987	-0.504282	0.860976	-0.0664851	0.232634	0.209594	0.949711
4.7	0.830599	0.474323	-0.291759	-0.514285	0.854315	-0.0752111	0.21358	0.212518	0.95353
4.73333	0.821598	0.494463	-0.283695	-0.534197	0.841535	-0.0803244	0.199022	0.217543	0.955544
4.76667	0.812003	0.511582	-0.280954	-0.551441	0.830161	-0.0821342	0.191219	0.221623	0.9562
4.8	0.807137	0.51688	-0.285246	-0.557288	0.826534	-0.0791905	0.194833	0.222882	0.955177
4.83333	0.806198	0.512812	-0.295075	-0.554036	0.829337	-0.0724181	0.207579	0.221865	0.952726
4.86667	0.804462	0.508753	-0.306613	-0.550832	0.832119	-0.0645099	0.222319	0.220788	0.949646
4.9	0.798097	0.511833	-0.317914	-0.554883	0.829992	-0.0567244	0.234833	0.221677	0.946421
4.93333	0.790519	0.518951	-0.325223	-0.562798	0.824984	-0.0515842	0.241534	0.223813	0.944229
4.96667	0.788802	0.522974	-0.322939	-0.566842	0.822106	-0.0532152	0.23766	0.225032	0.944923
5	0.794434	0.52195	-0.310551	-0.564874	0.82284	-0.062064	0.22314	0.224728	0.948528
5.03333	0.803499	0.519109	-0.291402	-0.560294	0.824842	-0.07554	0.201147	0.223967	0.953614
5.06667	0.814087	0.514055	-0.270204	-0.552957	0.82832	-0.0901306	0.177483	0.222785	0.958575
5.1	0.824592	0.507372	-0.250243	-0.543825	0.832794	-0.103487	0.155895	0.221423	0.962636
5.13333	0.832291	0.502946	-0.233102	-0.53711	0.835682	-0.114666	0.137128	0.220637	0.965668
5.16667	0.834734	0.504257	-0.221234	-0.536737	0.834837	-0.122314	0.123017	0.220845	0.96752
5.2	0.832753	0.509133	-0.217498	-0.541057	0.831684	-0.124733	0.117384	0.22155	0.968058
5.23333	0.829152	0.511505	-0.225541	-0.54461	0.830136	-0.119471	0.126119	0.221892	0.966881
5.26667	0.826259	0.508672	-0.241969	-0.544028	0.832002	-0.108655	0.146049	0.221416	0.964181
5.3	0.821022	0.506459	-0.263481	-0.544443	0.833464	-0.0944421	0.171771	0.22099	0.96003
5.33333	0.813138	0.50625	-0.287259	-0.546749	0.833601	-0.0785749	0.199681	0.220951	0.954625
5.36667	0.805232	0.507052	-0.307406	-0.549363	0.833057	-0.0649332	0.223162	0.221164	0.94936
5.4	0.800417	0.506997	-0.319824	-0.550243	0.833096	-0.056427	0.237835	0.221146	0.945795
5.43333	0.797571	0.50719	-0.326555	-0.5509	0.832963	-0.0517866	0.245742	0.221203	0.943759
5.46667	0.79701	0.504918	-0.33141	-0.548829	0.83453	-0.0484364	0.252115	0.220491	0.942243
5.5	0.796893	0.500492	-0.338334	-0.544584	0.837568	-0.043683	0.261515	0.219062	0.940012
5.53333	0.793871	0.496593	-0.350947	-0.541096	0.840229	-0.0350723	0.27746	0.217739	0.935738
5.56667	0.78517	0.496717	-0.369838	-0.541914	0.840143	-0.0221206	0.299729	0.217789	0.928833
5.6	0.770348	0.500353	-0.395235	-0.546272	0.837597	-0.00436548	0.328863	0.219269	0.91857
5.63333	0.751577	0.504713	-0.424732	-0.550825	0.83445	0.0168813	0.362938	0.221266	0.905162
5.66667	0.732618	0.507316	-0.453764	-0.552673	0.832511	0.0384513	0.397271	0.222613	0.890292
5.7	0.717214	0.507369	-0.477682	-0.551168	0.832469	0.0566555	0.426401	0.222649	0.876704
5.73333	0.706832	0.506658	-0.493646	-0.548927	0.833018	0.0689892	0.446171	0.222212	0.866922
5.76667	0.704397	0.504822	-0.498979	-0.54622	0.834443	0.0731271	0.453285	0.221042	0.863524
5.8	0.71053	0.503727	-0.49133	-0.545687	0.835288	0.0672264	0.444266	0.220346	0.868375
5.83333	0.72292	0.504897	-0.471663	-0.548685	0.834397	0.052217	0.419918	0.221046	0.880231
5.86667	0.736128	0.510287	-0.44466	-0.556386	0.830316	0.0317738	0.385422	0.224013	0.895136
5.9	0.756393	0.508662	-0.411258	-0.555446	0.831524	0.00687902	0.34547	0.223229	0.911493
5.93333	0.78389	0.495408	-0.374282	-0.540768	0.840946	-0.0194816	0.305099	0.217671	0.92711
5.96667	0.808859	0.478597	-0.341601	-0.521656	0.852156	-0.0412962	0.271333	0.211601	0.938937
6	0.822563	0.472851	-0.315916	-0.514085	0.855803	-0.0576104	0.24312	0.209796	0.947037
6.03333	0.824942	0.482201	-0.294877	-0.522126	0.849921	-0.0708473	0.21646	0.212408	0.952905
6.06667	0.821485	0.499699	-0.274706	-0.538178	0.83865	-0.083844	0.188485	0.216717	0.957866
6.1	0.819475	0.511855	-0.257808	-0.548702	0.830599	-0.0950391	0.165488	0.219342	0.961511
6.13333	0.821607	0.513219	-0.248128	-0.548923	0.829686	-0.101516	0.153769	0.21961	0.963393
6.16667	0.825501	0.507548	-0.246868	-0.543041	0.833445	-0.102353	0.153802	0.218552	0.963629
6.2	0.827539	0.502126	-0.251095	-0.538079	0.83699	-0.0995926	0.160156	0.217526	0.962825
6.23333	0.824953	0.502683	-0.258383	-0.539503	0.836625	-0.0948475	0.168492	0.217643	0.961375
6.26667	0.820197	0.506696	-0.265587	-0.544388	0.83398	-0.0901048	0.175839	0.218486	0.959867
6.3	0.818069	0.508385	-0.268901	-0.546467	0.832855	-0.0878992	0.179269	0.218853	0.959149
6.33333	0.819195	0.506646	-0.268754	-0.544681	0.834014	-0.0879972	0.179561	0.218472	0.959181
6.36667	0.821715	0.502859	-0.268173	-0.540763	0.836519	-0.0883823	0.179888	0.217643	0.959308
6.4	0.823499	0.499745	-0.268522	-0.53763	0.83856	-0.0881533	0.181118	0.21696	0.959231
6.43333	0.824788	0.497875	-0.26804	-0.535673	0.839778	-0.0884673	0.181048	0.216549	0.959337
6.46667	0.824548	0.499249	-0.266216	-0.536875	0.838885	-0.0896529	0.178566	0.216848	0.959735
6.5	0.824537	0.501208	-0.262543	-0.538463	0.837607	-0.092049	0.173772	0.217268	0.96052
6.53333	0.825083	0.501538	-0.260189	-0.538533	0.837391	-0.093588	0.170942	0.217338	0.961012
6.56667	0.825563	0.498468	-0.264529	-0.535898	0.83939	-0.0907574	0.176803	0.216686	0.960098
6.6	0.824045	0.493621	-0.278008	-0.532366	0.842531	-0.0820211	0.193743	0.215591	0.957071
6.63333	0.819357	0.490483	-0.296786	-0.530881	0.84456	-0.0698781	0.216379	0.214813	0.952384
6.66667	0.812224	0.490392	-0.315925	-0.532283	0.844617	-0.057417	0.238679	0.214797	0.947045
6.7	0.805697	0.492093	-0.329692	-0.534959	0.843494	-0.0483407	0.254305	0.21532	0.94285
6.73333	0.802187	0.493784	-0.335669	-0.537077	0.842366	-0.0443565	0.260854	0.215862	0.940935
6.76667	0.802177	0.493146	-0.336629	-0.536459	0.842793	-0.0437139	0.262151	0.215654	0.940622
6.8	0.801028	0.493728	-0.338507	-0.537172	0.842404	-0.0424555	0.264198	0.215844	0.940006
6.83333	0.797516	0.494313	-0.345865	-0.538156	0.842011	-0.0375029	0.272684	0.216039	0.937534
6.86667	0.789361	0.495417	-0.362589	-0.539997	0.841261	-0.0261394	0.292082	0.21643	0.931582
6.9	0.773876	0.5003	-0.388349	-0.545814	0.837866	-0.00825961	0.321252	0.218358	0.921476
6.93333	0.752833	0.50695	-0.419815	-0.552974	0.833075	0.0143655	0.35702	0.221332	0.907496
6.96667	0.72968	0.512009	-0.453225	-0.557445	0.82928	0.0393683	0.396007	0.223922	0.890526
7	0.709657	0.512702	-0.483243	-0.556124	0.82874	0.0625764	0.432566	0.224335	0.873247
7.03333	0.695741	0.510074	-0.505736	-0.550738	0.830808	0.0802858	0.461121	0.22267	0.858944
7.06667	0.689378	0.506355	-0.518038	-0.544758	0.833749	0.0900114	0.477491	0.220153	0.850609
7.1	0.693275	0.502025	-0.51705	-0.539653	0.837145	0.0892374	0.477645	0.217161	0.851291
7.13333	0.70673	0.499583	-0.500949	-0.538634	0.839028	0.0768454	0.458701	0.215519	0.862059
7.16667	0.723334	0.503517	-0.472503	-0.545864	0.836048	0.055285	0.422872	0.217933	0.879594
7.2	0.739095	0.510867	-0.439037	-0.556197	0.830507	0.0300568	0.379978	0.221976	0.897966
7.23333	0.760322	0.510843	-0.401186	-0.556993	0.830515	0.00191732	0.33417	0.222	0.915995
7.26667	0.785019	0.499748	-0.366057	-0.544536	0.838418	-0.0231485	0.295341	0.217503	0.930304
7.3	0.806236	0.485603	-0.337895	-0.528391	0.847955	-0.0421398	0.266056	0.212515	0.94024
7.33333	0.819838	0.479217	-0.313394	-0.520207	0.852072	-0.0579416	0.239268	0.210533	0.947854
7.36667	0.827824	0.48235	-0.286437	-0.521271	0.85009	-0.0749898	0.207326	0.21139	0.95516
7.4	0.831566	0.491201	-0.259268	-0.527576	0.844492	-0.0921797	0.173671	0.213437	0.961396
7.43333	0.833735	0.498414	-0.237634	-0.5323	0.839898	-0.105963	0.146775	0.214838	0.965558
7.46667	0.835012	0.500586	-0.228403	-0.533281	0.83851	-0.111861	0.135522	0.215209	0.967119
7.5	0.833825	0.500309	-0.233294	-0.533649	0.838686	-0.108736	0.141259	0.215164	0.966308
7.53333	0.826554	0.504258	-0.250064	-0.539723	0.836129	-0.0979171	0.15971	0.215899	0.963265
7.56667	0.813784	0.513274	-0.272589	-0.551371	0.830124	-0.0829658	0.183699	0.217814	0.958547
7.6	0.809444	0.512252	-0.287053	-0.551718	0.830817	-0.0731472	0.201019	0.217581	0.955118
7.63333	0.806811	0.507662	-0.302216	-0.548271	0.833936	-0.062845	0.220125	0.2164	0.951165
7.66667	0.813832	0.500811	-0.294732	-0.540596	0.83854	-0.0678709	0.213154	0.214566	0.953167
7.7	0.823343	0.496853	-0.274306	-0.534677	0.841137	-0.0812979	0.190335	0.213601	0.9582
7.73333	0.828968	0.496289	-0.257895	-0.532383	0.841501	-0.0918984	0.171411	0.21348	0.961792
7.76667	0.828031	0.50128	-0.251162	-0.536677	0.838281	-0.096241	0.162301	0.214484	0.963149
7.8	0.82263	0.512248	-0.246743	-0.547247	0.831078	-0.0991458	0.154275	0.21659	0.963996
7.83333	0.816591	0.52398	-0.242122	-0.55852	0.823163	-0.102266	0.14572	0.21874	0.964841
7.86667	0.814877	0.527428	-0.240405	-0.561778	0.820795	-0.103447	0.142762	0.219351	0.965145
7.9	0.81511	0.522781	-0.24959	-0.558218	0.82399	-0.0971295	0.154882	0.218497	0.963468
7.93333	0.815386	0.51429	-0.265803	-0.551428	0.829768	-0.0860988	0.176275	0.216775	0.960175
7.96667	0.814979	0.506746	-0.281099	-0.545246	0.83484	-0.075817	0.196253	0.215058	0.956679
8	0.815764	0.501415	-0.28829	-0.540424	0.838389	-0.0710306	0.206083	0.213743	0.954905
8.03333	0.817716	0.49845	-0.287903	-0.537343	0.840346	-0.0712859	0.206405	0.212994	0.955003
8.06667	0.820382	0.496074	-0.284402	-0.534594	0.8419	-0.0735787	0.202938	0.212402	0.955877
8.1	0.821215	0.494253	-0.285167	-0.532792	0.843084	-0.0730811	0.2043	0.21195	0.955688
8.13333	0.817145	0.494029	-0.297002	-0.53356	0.843232	-0.0653708	0.218147	0.211886	0.952636
8.16667	0.807547	0.495294	-0.320236	-0.536522	0.8424	-0.0500598	0.244972	0.212239	0.946014
8.2	0.791553	0.498985	-0.352786	-0.541997	0.83991	-0.0281108	0.282282	0.21346	0.935282
8.23333	0.769635	0.505385	-0.390188	-0.549594	0.83543	-0.00197986	0.324974	0.215969	0.920733
8.26667	0.745073	0.512552	-0.426798	-0.556932	0.83019	0.0247447	0.367006	0.21926	0.904009
8.3	0.722533	0.518158	-0.457666	-0.561726	0.825914	0.0482639	0.403001	0.222211	0.887813
8.33333	0.706931	0.520207	-0.4792	-0.562383	0.824303	0.0651953	0.428921	0.223405	0.875281
8.36667	0.700611	0.518838	-0.489848	-0.559729	0.825394	0.0736836	0.442547	0.222558	0.868689
8.4	0.702599	0.515599	-0.49042	-0.555852	0.827969	0.0741392	0.444279	0.220511	0.868327
8.43333	0.713913	0.51039	-0.479406	-0.550833	0.832039	0.0655348	0.432333	0.217286	0.875143
8.46667	0.72876	0.508575	-0.458541	-0.550401	0.833425	0.0496129	0.407391	0.216225	0.887287
8.5	0.742176	0.512551	-0.431818	-0.556334	0.830435	0.029511	0.373722	0.218332	0.901478
8.53333	0.756435	0.515825	-0.402157	-0.560688	0.827994	0.00740085	0.336801	0.219887	0.915541
8.56667	0.77513	0.512777	-0.369097	-0.557194	0.830213	-0.0167531	0.297839	0.218645	0.92924
