0	1	0	0	0	1	0	0	0	1
0.0333333	0.999919	-0.000394258	-0.0126902	-8.7701e-05	0.999279	-0.037956	0.012696	0.037954	0.999199
0.0666667	0.999979	-0.000741311	-0.00645474	0.000589256	0.999723	-0.0235272	0.00647039	0.0235229	0.999702
0.1	0.999994	-0.000671288	-0.00337495	0.000608515	0.999827	-0.0185666	0.00338683	0.0185644	0.999822
0.133333	0.999998	-0.000253288	-0.00217231	0.000216734	0.999859	-0.0168109	0.00217626	0.0168104	0.999856
0.166667	0.999999	0.000119348	-0.0015851	-0.000144477	0.999874	-0.0158624	0.00158301	0.0158626	0.999873
0.2	0.999999	0.000497492	-0.00139817	-0.000519103	0.99988	-0.0154985	0.00139029	0.0154992	0.999879
0.233333	0.999999	0.000759463	-0.00112085	-0.000776809	0.999879	-0.0155571	0.0011089	0.0155579	0.999878
0.266667	0.999999	0.000953467	-0.000980519	-0.000968794	0.999875	-0.0157513	0.000965378	0.0157522	0.999875
0.3	0.999999	0.000984728	-0.000870755	-0.000998565	0.999871	-0.0160353	0.000854852	0.0160361	0.999871
0.333333	0.999999	0.00094166	-0.000761515	-0.000954142	0.999862	-0.0165601	0.000745816	0.0165609	0.999863
0.366667	0.999999	0.00101698	-0.000474674	-0.00102532	0.999839	-0.0179027	0.000456391	0.0179032	0.99984
0.4	0.999999	0.00126608	3.74823e-05	-0.00126514	0.999819	-0.0189729	-6.14968e-05	0.0189728	0.99982
0.433333	0.999999	0.00128837	0.000531327	-0.00127852	0.999835	-0.0181442	-0.000554616	0.0181435	0.999835
0.466667	0.999999	0.00113309	-0.000149355	-0.00113558	0.999838	-0.0179584	0.000128982	0.0179586	0.999839
0.5	0.999999	0.00100581	-0.00049548	-0.0010143	0.999847	-0.0174487	0.000477854	0.0174492	0.999848
0.533333	0.999999	0.00117937	-0.00013092	-0.00118157	0.999831	-0.0183676	0.000109236	0.0183677	0.999831
0.566667	0.999998	0.00148015	0.000996511	-0.00146099	0.999819	-0.0189617	-0.0010244	0.0189602	0.99982
0.6	0.999997	0.00151759	0.00215042	-0.0014761	0.999815	-0.019163	-0.00217911	0.0191597	0.999814
0.633333	0.999993	0.00146104	0.0033864	-0.00139814	0.999828	-0.0185039	-0.00341285	0.018499	0.999823
0.666667	0.999989	0.00121555	0.00463279	-0.00113608	0.999853	-0.0171193	-0.00465292	0.0171138	0.999843
0.7	0.999981	0.000927958	0.00609402	-0.000828135	0.999866	-0.0163625	-0.00610838	0.0163572	0.999848
0.733333	0.999973	0.000808227	0.00731705	-0.000685428	0.999859	-0.0167696	-0.00732957	0.0167641	0.999833
0.766667	0.999965	0.00074616	0.00831586	-0.000596452	0.999838	-0.0179906	-0.00832794	0.017985	0.999804
0.8	0.999958	0.000730908	0.00910205	-0.000557085	0.999818	-0.019085	-0.00911434	0.0190791	0.999776
0.833333	0.999955	0.000600487	0.0095029	-0.00041813	0.999816	-0.01918	-0.00951267	0.0191751	0.999771
0.866667	0.999955	0.000514434	0.00948152	-0.000320536	0.999791	-0.0204403	-0.00949005	0.0204363	0.999746
0.9	0.999958	0.000514742	0.00913895	-0.000319367	0.999772	-0.0213669	-0.00914787	0.0213631	0.99973
0.933333	0.999961	0.000428332	0.00883968	-0.000238826	0.99977	-0.021428	-0.00884683	0.0214251	0.999731
0.966667	0.999964	0.000378285	0.00844208	-0.000188234	0.999747	-0.0225017	-0.00844845	0.0224993	0.999711
1	0.999963	0.00016416	0.00859687	2.04866e-05	0.999769	-0.0214738	-0.00859842	0.0214732	0.999732
1.03333	0.999963	-6.33773e-06	0.00863284	0.000195171	0.999761	-0.0218731	-0.00863064	0.021874	0.999723
1.06667	0.999964	-0.000141197	0.00845221	0.000330971	0.999748	-0.0224554	-0.0084469	0.0224574	0.999712
1.1	0.999964	-2.57984e-05	0.00843968	0.00022529	0.999721	-0.0236372	-0.00843671	0.0236383	0.999685
1.13333	0.999965	7.69814e-05	0.00833848	0.000131892	0.999686	-0.0250459	-0.00833779	0.0250461	0.999652
1.16667	0.999965	8.68791e-05	0.00832871	0.000134552	0.999647	-0.0265823	-0.00832808	0.0265825	0.999612
1.2	0.999965	-0.000309016	0.00837773	0.000533097	0.999642	-0.0267583	-0.00836646	0.0267618	0.999607
1.23333	0.999964	-0.000902065	0.00838224	0.00112251	0.999653	-0.0263317	-0.00835557	0.0263402	0.999618
1.26667	0.999967	-0.00180987	0.00796034	0.00200127	0.999707	-0.0241034	-0.00791438	0.0241185	0.999678
1.3	0.999969	-0.00284231	0.00736862	0.00300112	0.999762	-0.0216314	-0.00730538	0.0216528	0.999739
1.33333	0.999968	-0.00433932	0.0066667	0.00444707	0.999858	-0.0162328	-0.00659531	0.016262	0.999846
1.36667	0.999966	-0.00633307	0.00534281	0.00638372	0.999934	-0.00951738	-0.00528219	0.00955117	0.99994
1.4	0.999958	-0.00778163	0.00483723	0.00778578	0.999969	-0.000841262	-0.00483054	0.000878888	0.999988
1.43333	0.999938	-0.010284	0.00428854	0.0102345	0.999883	0.0114059	-0.00440533	-0.0113613	0.999926
1.46667	0.999907	-0.0127472	0.00494096	0.0126051	0.999534	0.0278084	-0.00529314	-0.0277435	0.999601
1.5	0.999872	-0.0149051	0.00586768	0.014615	0.998801	0.0467118	-0.00655689	-0.0466201	0.998891
1.53333	0.999842	-0.0167362	0.00592353	0.0163108	0.997702	0.0657582	-0.00701046	-0.0656512	0.997818
1.56667	0.999816	-0.0186676	0.00447719	0.0182218	0.996242	0.0846702	-0.00604096	-0.084573	0.996399
1.6	0.999778	-0.0209409	0.00218633	0.020614	0.994694	0.100792	-0.0042854	-0.100724	0.994905
1.63333	0.99972	-0.0236709	0.000523004	0.0234364	0.992471	0.120218	-0.00336473	-0.120172	0.992747
1.66667	0.99965	-0.0264148	0.0011397	0.0260421	0.99116	0.130094	-0.00456604	-0.130019	0.991501
1.7	0.99958	-0.0289226	0.0015981	0.0284635	0.990957	0.131125	-0.00537613	-0.131025	0.991365
1.73333	0.999496	-0.031469	0.00423115	0.0305584	0.989535	0.141022	-0.00862468	-0.140821	0.989997
1.76667	0.999399	-0.0342543	0.00528314	0.0331576	0.989307	0.142028	-0.0100917	-0.141767	0.989849
1.8	0.999308	-0.0367128	0.00594628	0.0354443	0.988543	0.146718	-0.0112646	-0.146406	0.98916
1.83333	0.999252	-0.0382419	0.00580246	0.0369601	0.988255	0.148274	-0.0114046	-0.147949	0.988929
1.86667	0.999245	-0.0386604	0.00394805	0.0376364	0.988044	0.14951	-0.00968096	-0.149248	0.988752
1.9	0.999271	-0.0381603	0.00117631	0.0375488	0.987898	0.15049	-0.00690483	-0.150336	0.988611
1.93333	0.99931	-0.0370623	-0.00257228	0.037027	0.98791	0.150539	-0.00303815	-0.150531	0.988601
1.96667	0.999333	-0.0358705	-0.00677314	0.0364822	0.987844	0.151106	0.00127055	-0.151253	0.988494
2	0.999349	-0.0341225	-0.0116846	0.035493	0.987991	0.15038	0.00641294	-0.150697	0.988559
2.03333	0.999345	-0.0320285	-0.0168451	0.0341719	0.988403	0.147961	0.0119107	-0.148439	0.98885
2.06667	0.999263	-0.0298854	-0.0240822	0.0331226	0.988475	0.147715	0.0193902	-0.148404	0.988737
2.1	0.999185	-0.0288046	-0.0282803	0.0327109	0.988277	0.149129	0.0236532	-0.149932	0.988413
2.13333	0.999181	-0.0287711	-0.0284459	0.0326828	0.988402	0.148302	0.0238492	-0.14911	0.988533
2.16667	0.999201	-0.0286416	-0.0278756	0.0322277	0.989893	0.138107	0.0236382	-0.138895	0.990025
2.2	0.999294	-0.0267855	-0.0263444	0.0297152	0.992573	0.117964	0.0229891	-0.118663	0.992668
2.23333	0.999463	-0.0239408	-0.0223677	0.0259128	0.995376	0.0924908	0.02005	-0.0930208	0.995462
2.26667	0.99964	-0.020267	-0.0176029	0.0212285	0.99819	0.0562723	0.0164305	-0.0566257	0.99826
2.3	0.999772	-0.0154753	-0.0146889	0.0156962	0.999764	0.0150402	0.0144527	-0.0152673	0.999779
2.33333	0.99986	-0.00963527	-0.0137057	0.00934684	0.999737	-0.0209554	0.013904	0.0208244	0.999686
2.36667	0.999905	-0.00439825	-0.0130308	0.00370806	0.998613	-0.0525251	0.0132438	0.0524718	0.998535
2.4	0.999919	0.000111265	-0.0127637	-0.00116171	0.996605	-0.0823212	0.0127112	0.0823294	0.996524
2.43333	0.999898	0.00430091	-0.0135904	-0.00572957	0.994253	-0.106898	0.0130525	0.106965	0.994177
2.46667	0.999838	0.00803951	-0.0160847	-0.0100225	0.991817	-0.127275	0.0149298	0.127416	0.991737
2.5	0.999726	0.0119825	-0.0201121	-0.0147896	0.989203	-0.145805	0.0181478	0.146063	0.989109
2.53333	0.999562	0.0168027	-0.0243413	-0.0206006	0.986028	-0.165303	0.0212236	0.165732	0.985942
2.56667	0.999367	0.021307	-0.0284914	-0.0260663	0.983545	-0.178771	0.0242135	0.179401	0.983478
2.6	0.99922	0.0240312	-0.0313497	-0.0294287	0.982296	-0.185008	0.0263487	0.185786	0.982237
2.63333	0.999162	0.0245702	-0.0327255	-0.0302575	0.981981	-0.186543	0.0275524	0.187377	0.981902
2.66667	0.999153	0.0230772	-0.0340564	-0.0290249	0.982113	-0.186041	0.029154	0.186872	0.981952
2.7	0.999012	0.0206436	-0.0393591	-0.0275123	0.982752	-0.18287	0.0349051	0.183773	0.982349
2.73333	0.998913	0.0200866	-0.0420684	-0.0272072	0.983976	-0.176211	0.0378549	0.177164	0.983453
2.76667	0.998841	0.0199652	-0.0437931	-0.026924	0.985997	-0.164573	0.0398941	0.165562	0.985392
2.8	0.999002	0.0192753	-0.0402951	-0.0249413	0.989086	-0.145215	0.0370563	0.146075	0.988579
2.83333	0.999285	0.0159627	-0.0342667	-0.0201058	0.992055	-0.12419	0.0320121	0.12479	0.991667
2.86667	0.999553	0.0107492	-0.0278799	-0.013548	0.994669	-0.102227	0.0266324	0.102559	0.99437
2.9	0.999758	0.00568561	-0.0212454	-0.00731641	0.996966	-0.0774888	0.0207404	0.0776255	0.996767
2.93333	0.999887	-9.24418e-05	-0.0150026	-0.000662142	0.998735	-0.0502841	0.0149883	0.0502884	0.998622
2.96667	0.999925	-0.00582966	-0.0107285	0.00558351	0.999724	-0.0228323	0.0108586	0.0227707	0.999682
3	0.999909	-0.0106296	-0.00826737	0.0106601	0.999936	0.00365712	0.00822797	-0.00374492	0.999959
3.03333	0.999864	-0.0146512	-0.00752885	0.014837	0.999571	0.025254	0.00715562	-0.0253623	0.999653
3.06667	0.999797	-0.0177801	-0.00951816	0.0181847	0.998854	0.044268	0.00872016	-0.0444321	0.998974
3.1	0.999714	-0.0191643	-0.0143174	0.0199889	0.998007	0.059858	0.0131418	-0.0601271	0.998104
3.13333	0.999611	-0.0198119	-0.0196444	0.0211355	0.997348	0.0696372	0.0182127	-0.0700253	0.997379
3.16667	0.999535	-0.0199391	-0.0230539	0.0216101	0.996975	0.0746604	0.0214955	-0.075124	0.996942
3.2	0.999494	-0.0200229	-0.0247071	0.0218594	0.996834	0.0764518	0.0230981	-0.0769532	0.996767
3.23333	0.999455	-0.0203083	-0.0260127	0.0223092	0.996617	0.0790957	0.0243184	-0.0796329	0.996528
3.26667	0.999347	-0.021909	-0.0287462	0.0243686	0.995804	0.0882063	0.026693	-0.0888492	0.995687
3.3	0.999297	-0.0250624	-0.0278671	0.0277847	0.994393	0.10203	0.0251537	-0.102733	0.994391
3.33333	0.999376	-0.0258827	-0.0240205	0.028184	0.994486	0.101014	0.0212735	-0.101628	0.994595
3.36667	0.999561	-0.0244901	-0.016699	0.0257556	0.996435	0.0803335	0.0146721	-0.0807283	0.996628
3.4	0.999698	-0.0217197	-0.0114763	0.0223192	0.998238	0.0549862	0.0102618	-0.0552257	0.998421
3.43333	0.999804	-0.0177676	-0.00869199	0.0180305	0.999351	0.031174	0.00813247	-0.0313247	0.999476
3.46667	0.999888	-0.0132638	-0.00689641	0.013287	0.999906	0.00333123	0.00685158	-0.00342249	0.999971
3.5	0.999932	-0.00912287	-0.00723549	0.00894731	0.999673	-0.0239362	0.00745149	0.0238698	0.999687
3.53333	0.999936	-0.00543323	-0.00990503	0.004944	0.998798	-0.0487647	0.0101581	0.0487126	0.998761
3.56667	0.999898	-0.00216378	-0.0141349	0.00114039	0.997403	-0.0720129	0.014254	0.0719894	0.997304
3.6	0.99981	0.00192953	-0.0193913	-0.00369495	0.995805	-0.091423	0.0191336	0.0914773	0.995623
3.63333	0.999656	0.00605536	-0.0255032	-0.00878123	0.994094	-0.108167	0.0246976	0.108354	0.993806
3.66667	0.999471	0.00983114	-0.0310059	-0.0135621	0.992374	-0.122517	0.0295649	0.122873	0.991982
3.7	0.999384	0.0117952	-0.0330442	-0.0160172	0.991309	-0.130573	0.0312169	0.131022	0.990888
3.73333	0.999409	0.0122262	-0.0321183	-0.0164055	0.990944	-0.133267	0.0301981	0.133715	0.99056
3.76667	0.999406	0.0114149	-0.0325083	-0.0157267	0.990634	-0.135636	0.0306555	0.136067	0.990225
3.8	0.999318	0.0121861	-0.0348678	-0.0169732	0.989938	-0.140477	0.0328051	0.140973	0.98947
3.83333	0.999267	0.0142723	-0.0355137	-0.0192764	0.98927	-0.14482	0.0330657	0.145399	0.98882
3.86667	0.999385	0.0152147	-0.0315818	-0.0194984	0.989945	-0.140104	0.0291326	0.140634	0.989633
3.9	0.999641	0.0149488	-0.0222526	-0.0175844	0.992202	-0.123397	0.0202344	0.123744	0.992108
3.93333	0.999844	0.0121062	-0.0128933	-0.0133817	0.994494	-0.10394	0.011564	0.104096	0.9945
3.96667	0.999959	0.00740146	-0.00518809	-0.0077962	0.996706	-0.0807243	0.00457352	0.0807614	0.996723
4	0.999996	0.00226923	0.00161003	-0.00218061	0.998589	-0.053063	-0.00172817	0.0530593	0.99859
4.03333	0.999978	-0.00252357	0.0061768	0.00270248	0.999572	-0.029129	-0.00610065	0.0291451	0.999557
4.06667	0.999943	-0.00678931	0.00821601	0.00688367	0.99991	-0.0115124	-0.00813711	0.0115683	0.9999
4.1	0.999913	-0.010581	0.00791719	0.0105787	0.999944	0.000332837	-0.00792027	-0.000249054	0.999969
4.13333	0.999891	-0.0141468	0.00421116	0.0140965	0.999832	0.0117375	-0.00437649	-0.0116769	0.999922
4.16667	0.999849	-0.0172072	-0.00239077	0.0172503	0.999664	0.0193723	0.00205662	-0.0194107	0.999809
4.2	0.999763	-0.0195393	-0.00957156	0.0197428	0.999571	0.0216425	0.00914457	-0.0218264	0.99972
4.23333	0.999668	-0.0211296	-0.0147434	0.021417	0.999578	0.0196188	0.0143227	-0.019928	0.999699
4.26667	0.999587	-0.0226302	-0.0177304	0.0230199	0.999491	0.0220892	0.0172215	-0.0224882	0.999599
4.3	0.999514	-0.0223442	-0.0217599	0.0229186	0.999386	0.0265165	0.021154	-0.0270023	0.999412
4.33333	0.999346	-0.023122	-0.0278096	0.0241531	0.999011	0.037334	0.0269188	-0.0379813	0.998916
4.36667	0.999306	-0.0243322	-0.0281916	0.0255964	0.998642	0.0453869	0.027049	-0.046077	0.998572
4.4	0.999423	-0.0234418	-0.0245645	0.0243186	0.999055	0.0360267	0.0236967	-0.0366033	0.999049
4.43333	0.999588	-0.0212756	-0.0192599	0.0215204	0.999689	0.012598	0.0189858	-0.0130073	0.999735
4.46667	0.999685	-0.0182383	-0.0172579	0.0180945	0.999801	-0.0084545	0.0174086	0.00813956	0.999815
4.5	0.999788	-0.0139952	-0.0150717	0.0135075	0.999397	-0.031992	0.0155104	0.0317816	0.999374
4.53333	0.999877	-0.0094518	-0.012494	0.00869602	0.998207	-0.0592202	0.0130314	0.0591043	0.998167
4.56667	0.999936	-0.00499971	-0.0101134	0.00412196	0.99637	-0.0850231	0.0105018	0.084976	0.996328
4.6	0.99997	-0.00108634	-0.00762485	0.000267756	0.994308	-0.106547	0.00769719	0.106542	0.994278
4.63333	0.999972	0.0028758	-0.00687082	-0.00369854	0.992412	-0.122905	0.00646524	0.122927	0.992395
4.66667	0.999941	0.00628912	-0.00881242	-0.00740015	0.991179	-0.132322	0.0079025	0.132379	0.991168
4.7	0.999873	0.00886682	-0.0132516	-0.0106019	0.990487	-0.137195	0.011909	0.137318	0.990455
4.73333	0.999792	0.0102438	-0.0176179	-0.012575	0.990386	-0.137761	0.0160374	0.137954	0.990309
4.76667	0.999767	0.0103366	-0.0189307	-0.0127922	0.990821	-0.13457	0.0173659	0.134781	0.990723
