0	0.919675	-0.39268	0	0.39268	0.919675	0	0	0	1
0.0333333	0.838676	-0.525041	-0.144758	0.517328	0.851077	-0.0896637	0.170277	0.000311516	0.985396
0.0666667	0.80991	-0.52484	-0.261893	0.499174	0.851201	-0.162121	0.308011	0.000573248	0.951383
0.1	0.784357	-0.515937	-0.344373	0.470227	0.856614	-0.212366	0.404562	0.00463732	0.914499
0.133333	0.763618	-0.505339	-0.401895	0.441396	0.862855	-0.246274	0.471229	0.0106647	0.881946
0.166667	0.747665	-0.495842	-0.441744	0.416924	0.868249	-0.268921	0.516886	0.0168886	0.855888
0.2	0.735692	-0.488005	-0.469689	0.397302	0.87255	-0.284266	0.548551	0.0225243	0.835814
0.233333	0.727262	-0.481698	-0.488934	0.382148	0.87591	-0.294523	0.570134	0.0273501	0.821096
0.266667	0.721278	-0.476489	-0.502709	0.370168	0.878616	-0.301679	0.585435	0.0315075	0.810107
0.3	0.716733	-0.472573	-0.512806	0.361104	0.880607	-0.306814	0.596572	0.0347273	0.801808
0.333333	0.713433	-0.4693	-0.520356	0.35381	0.882243	-0.310589	0.60484	0.0374771	0.795465
0.366667	0.711198	-0.466569	-0.525842	0.348022	0.883588	-0.313292	0.610801	0.0398082	0.790783
0.4	0.710342	-0.464129	-0.529148	0.343526	0.884775	-0.3149	0.614332	0.0419108	0.787934
0.433333	0.710786	-0.46178	-0.530606	0.339952	0.885905	-0.315602	0.615805	0.0439444	0.786672
0.466667	0.711452	-0.460027	-0.531236	0.337487	0.88674	-0.315901	0.616391	0.0454633	0.786127
0.5	0.711612	-0.458635	-0.532225	0.335313	0.887399	-0.316369	0.617393	0.0466702	0.785269
0.533333	0.711318	-0.457789	-0.533344	0.33376	0.887796	-0.316895	0.618572	0.0474043	0.784297
0.566667	0.711073	-0.456992	-0.534354	0.332313	0.88817	-0.317368	0.619632	0.0480988	0.783417
0.6	0.711218	-0.456479	-0.534599	0.331564	0.888409	-0.317482	0.619866	0.0485451	0.783204
0.633333	0.711709	-0.455801	-0.534523	0.330751	0.888724	-0.317447	0.619737	0.0491359	0.78327
0.666667	0.712046	-0.455456	-0.534369	0.330389	0.888885	-0.317376	0.619543	0.0494364	0.783404
0.7	0.711786	-0.455734	-0.534478	0.330688	0.888755	-0.317426	0.619682	0.049194	0.78331
0.733333	0.711538	-0.456092	-0.534504	0.331123	0.888589	-0.317438	0.619735	0.0488828	0.783287
0.766667	0.711087	-0.456585	-0.534683	0.331659	0.888359	-0.317522	0.619966	0.0484527	0.783131
0.8	0.711067	-0.456815	-0.534512	0.332023	0.888252	-0.317442	0.619794	0.0482524	0.78328
0.833333	0.711247	-0.456576	-0.534477	0.33174	0.888364	-0.317425	0.619739	0.0484606	0.783311
0.866667	0.711396	-0.456271	-0.53454	0.33133	0.888506	-0.317455	0.619787	0.0487268	0.783256
0.9	0.710841	-0.456699	-0.534913	0.331698	0.888306	-0.317629	0.620227	0.0483537	0.78293
0.933333	0.710214	-0.45681	-0.53565	0.331507	0.888255	-0.317973	0.621046	0.0482567	0.782287
0.966667	0.709759	-0.456835	-0.536231	0.331279	0.888243	-0.318244	0.621689	0.0482342	0.781778
1	0.709282	-0.456741	-0.536942	0.330842	0.888287	-0.318575	0.622465	0.0483171	0.781155
1.03333	0.708891	-0.456464	-0.537694	0.330157	0.888416	-0.318926	0.623274	0.0485604	0.780494
1.06667	0.708399	-0.456468	-0.538337	0.329873	0.888414	-0.319226	0.623983	0.0485564	0.779928
1.1	0.707754	-0.456483	-0.539173	0.329514	0.888407	-0.319615	0.624904	0.0485434	0.779191
1.13333	0.706619	-0.456656	-0.540514	0.329125	0.888326	-0.320239	0.626392	0.0483902	0.778005
1.16667	0.705121	-0.457732	-0.541559	0.330003	0.887824	-0.320727	0.627617	0.0474351	0.777076
1.2	0.704257	-0.458371	-0.542143	0.330543	0.887525	-0.321001	0.628303	0.0468656	0.776556
1.23333	0.703523	-0.459164	-0.542425	0.331414	0.887152	-0.321133	0.628666	0.0461575	0.776305
1.26667	0.702809	-0.460631	-0.542106	0.333409	0.886458	-0.320983	0.628409	0.0448464	0.776589
1.3	0.703784	-0.461182	-0.540369	0.334896	0.886196	-0.320158	0.626524	0.0443546	0.778139
1.33333	0.706999	-0.460259	-0.536948	0.335285	0.886635	-0.318533	0.622685	0.0451717	0.781168
1.36667	0.711691	-0.458667	-0.532091	0.335467	0.887388	-0.316236	0.617218	0.0465638	0.785413
1.4	0.719026	-0.454993	-0.525341	0.333875	0.889106	-0.313078	0.609532	0.0497129	0.791201
1.43333	0.728408	-0.450364	-0.516327	0.332055	0.891236	-0.30893	0.5993	0.0535779	0.798729
1.46667	0.741503	-0.440145	-0.506405	0.323777	0.895796	-0.304497	0.587658	0.0618233	0.806744
1.5	0.75715	-0.424023	-0.496919	0.308268	0.902596	-0.300484	0.575929	0.0743273	0.814114
1.53333	0.772628	-0.401604	-0.491691	0.28374	0.911273	-0.298451	0.567924	0.0910786	0.818026
1.56667	0.786752	-0.374381	-0.490775	0.252116	0.920629	-0.298127	0.563434	0.11082	0.818694
1.6	0.795496	-0.348359	-0.495815	0.219807	0.928391	-0.299624	0.564687	0.129367	0.815103
1.63333	0.796992	-0.32894	-0.506559	0.193042	0.933426	-0.302409	0.57231	0.14323	0.807432
1.66667	0.791765	-0.317828	-0.521626	0.174193	0.935993	-0.305898	0.585461	0.151336	0.79645
1.7	0.781625	-0.313425	-0.539283	0.162037	0.936932	-0.309681	0.602334	0.154671	0.783116
1.73333	0.767783	-0.311694	-0.559781	0.151689	0.937281	-0.313839	0.622494	0.156048	0.766909
1.76667	0.751845	-0.314241	-0.579639	0.146573	0.93678	-0.31774	0.642842	0.153932	0.750373
1.8	0.735255	-0.317171	-0.599002	0.14194	0.936212	-0.321497	0.662762	0.15136	0.733373
1.83333	0.719987	-0.319819	-0.615901	0.137843	0.935703	-0.324745	0.68016	0.148915	0.717779
1.86667	0.707512	-0.321626	-0.629273	0.134104	0.935359	-0.327291	0.693861	0.147174	0.704909
1.9	0.698346	-0.321063	-0.639712	0.128482	0.935464	-0.32924	0.704134	0.147732	0.694529
1.93333	0.691291	-0.319621	-0.648043	0.122584	0.935725	-0.330744	0.712103	0.149201	0.686039
1.96667	0.686335	-0.318913	-0.653635	0.118933	0.935849	-0.331725	0.717495	0.149936	0.680235
2	0.684756	-0.318348	-0.655564	0.117227	0.935947	-0.332057	0.719282	0.150528	0.678214
2.03333	0.687769	-0.317224	-0.652949	0.11696	0.936139	-0.33161	0.716445	0.151702	0.68095
2.06667	0.692615	-0.317215	-0.647812	0.119413	0.93614	-0.330729	0.711355	0.151711	0.686264
2.1	0.69643	-0.321305	-0.641676	0.127839	0.935412	-0.32964	0.706147	0.14754	0.692524
2.13333	0.702994	-0.32531	-0.632433	0.137527	0.934651	-0.327893	0.697771	0.14353	0.701793
2.16667	0.709399	-0.329515	-0.623035	0.147434	0.933801	-0.326004	0.689214	0.139411	0.71102
2.2	0.713627	-0.337172	-0.614045	0.161578	0.932138	-0.324055	0.681637	0.132039	0.719678
2.23333	0.717192	-0.346288	-0.604748	0.177637	0.929976	-0.321853	0.673855	0.123404	0.728486
2.26667	0.718821	-0.357341	-0.596326	0.195694	0.927103	-0.319663	0.667084	0.113083	0.73635
2.3	0.717342	-0.371332	-0.589519	0.216743	0.923086	-0.317703	0.66215	0.100127	0.742652
2.33333	0.71436	-0.387099	-0.582962	0.239927	0.918057	-0.315604	0.657363	0.0855868	0.748698
2.36667	0.710515	-0.4034	-0.576573	0.263694	0.912297	-0.313337	0.652406	0.0705915	0.754575
2.4	0.706547	-0.418768	-0.57046	0.286117	0.906335	-0.310958	0.647247	0.0564884	0.760185
2.43333	0.701568	-0.433328	-0.565711	0.30689	0.900203	-0.308954	0.643133	0.0431416	0.764538
2.46667	0.695508	-0.446727	-0.562764	0.325404	0.894139	-0.307616	0.64061	0.0308241	0.767248
2.5	0.692299	-0.452794	-0.561871	0.333606	0.891259	-0.307189	0.639866	0.0252227	0.768073
2.53333	0.690681	-0.454986	-0.562092	0.336333	0.890197	-0.307294	0.640187	0.0231921	0.767869
2.56667	0.689731	-0.460272	-0.558946	0.34454	0.887589	-0.305742	0.636839	0.0183006	0.77078
2.6	0.688912	-0.471336	-0.550675	0.36238	0.881916	-0.301503	0.627759	0.00815555	0.778365
2.63333	0.686527	-0.488576	-0.538493	0.389645	0.87249	-0.294853	0.613888	-0.00739661	0.789359
2.66667	0.685103	-0.510128	-0.520003	0.42465	0.859695	-0.283894	0.591866	-0.026323	0.805606
2.7	0.687187	-0.533445	-0.493164	0.464362	0.844591	-0.266522	0.558697	-0.0458565	0.828103
2.73333	0.695267	-0.553445	-0.458588	0.501324	0.83062	-0.242372	0.515052	-0.0613879	0.854958
2.76667	0.713135	-0.560012	-0.421693	0.521055	0.825852	-0.21557	0.468978	-0.0659941	0.880741
2.8	0.737694	-0.5518	-0.389006	0.520875	0.831747	-0.192059	0.429532	-0.0609427	0.900993
2.83333	0.760849	-0.536842	-0.364568	0.510177	0.842036	-0.175201	0.401035	-0.052693	0.914546
2.86667	0.7778	-0.516836	-0.357641	0.489676	0.855035	-0.170682	0.394011	-0.0423718	0.918129
2.9	0.788568	-0.490521	-0.370877	0.457717	0.870952	-0.178711	0.410678	-0.028831	0.911325
2.93333	0.79322	-0.459098	-0.400038	0.415854	0.888307	-0.194872	0.444822	-0.0117806	0.895541
2.96667	0.789232	-0.425236	-0.443043	0.366268	0.905044	-0.216202	0.492911	0.00836147	0.87004
3	0.775228	-0.393483	-0.494158	0.314346	0.918856	-0.238515	0.547912	0.0295666	0.836013
3.03333	0.747677	-0.371224	-0.550611	0.268834	0.927378	-0.26019	0.607213	0.0465153	0.793176
3.06667	0.710238	-0.358894	-0.605604	0.232735	0.931617	-0.27915	0.664376	0.0573172	0.745197
3.1	0.667588	-0.353495	-0.655261	0.204703	0.933328	-0.294951	0.715837	0.0627721	0.69544
3.13333	0.624908	-0.352606	-0.696534	0.184141	0.933592	-0.307406	0.758671	0.0638402	0.648338
3.16667	0.585643	-0.354234	-0.729068	0.169826	0.933112	-0.316956	0.792579	0.0618085	0.606629
3.2	0.552683	-0.357068	-0.753023	0.160952	0.932286	-0.32394	0.817702	0.0578356	0.57273
3.23333	0.529325	-0.35912	-0.768666	0.155038	0.931686	-0.328519	0.834133	0.0547204	0.548842
3.26667	0.513277	-0.362419	-0.777945	0.155049	0.930704	-0.331285	0.844101	0.0494214	0.533902
3.3	0.506137	-0.368725	-0.779658	0.165437	0.928722	-0.331823	0.846437	0.0389642	0.531061
3.33333	0.517077	-0.373183	-0.770302	0.179549	0.927218	-0.328678	0.836895	0.0316447	0.546448
3.36667	0.548612	-0.371767	-0.748876	0.190122	0.927708	-0.321266	0.814174	0.033872	0.579633
3.4	0.586676	-0.368984	-0.720876	0.20113	0.928665	-0.311655	0.784448	0.0378509	0.619039
3.43333	0.619043	-0.369734	-0.69288	0.216477	0.928402	-0.302005	0.754933	0.0369611	0.65476
3.46667	0.642563	-0.376419	-0.667399	0.238273	0.925991	-0.292861	0.728243	0.0291587	0.684698
3.5	0.659473	-0.388535	-0.643534	0.266	0.921297	-0.283648	0.703093	0.0158782	0.710921
3.53333	0.673664	-0.403702	-0.619033	0.297104	0.91489	-0.273322	0.676688	0.000210468	0.73627
3.56667	0.687389	-0.421928	-0.591163	0.332406	0.906461	-0.260451	0.645758	-0.0174748	0.763342
3.6	0.696516	-0.443259	-0.564257	0.37003	0.895635	-0.246813	0.614771	-0.0368823	0.787843
3.63333	0.704714	-0.466547	-0.534521	0.409694	0.882677	-0.230286	0.579249	-0.0567044	0.813176
3.66667	0.711162	-0.492048	-0.502133	0.451282	0.867172	-0.210613	0.539067	-0.0768239	0.838752
3.7	0.713064	-0.522302	-0.467697	0.497316	0.847023	-0.187693	0.494183	-0.0987565	0.863731
3.73333	0.709781	-0.555246	-0.433489	0.544408	0.822902	-0.162639	0.447023	-0.120557	0.886361
3.76667	0.70606	-0.583024	-0.401948	0.582961	0.800781	-0.137504	0.40204	-0.137234	0.905279
3.8	0.711119	-0.59543	-0.373862	0.601886	0.790404	-0.113993	0.363377	-0.14396	0.920452
3.83333	0.730686	-0.585565	-0.351015	0.594333	0.798586	-0.0950179	0.335955	-0.139191	0.931536
3.86667	0.756582	-0.558609	-0.339911	0.566357	0.819623	-0.0863566	0.326838	-0.127175	0.936485
3.9	0.773187	-0.528675	-0.350264	0.532631	0.841132	-0.0938199	0.344219	-0.114021	0.93194
3.93333	0.776606	-0.50261	-0.379823	0.500072	0.858505	-0.113565	0.383159	-0.101743	0.918062
3.96667	0.77055	-0.478456	-0.421109	0.466249	0.873599	-0.139419	0.434586	-0.0889127	0.896231
4	0.757945	-0.452821	-0.469545	0.426915	0.888586	-0.167806	0.493217	-0.073268	0.866815
4.03333	0.739986	-0.425532	-0.520906	0.381749	0.903325	-0.19563	0.553794	-0.0540921	0.830895
4.06667	0.71627	-0.40002	-0.571788	0.335266	0.915891	-0.220771	0.612009	-0.0335693	0.790138
4.1	0.68538	-0.380199	-0.62105	0.292885	0.924776	-0.242914	0.666688	-0.0154079	0.745178
4.13333	0.649186	-0.366928	-0.666274	0.257295	0.930248	-0.261606	0.715791	-0.00159788	0.698313
4.16667	0.611771	-0.357885	-0.705447	0.227167	0.933722	-0.276691	0.757715	0.00901744	0.652523
4.2	0.575733	-0.352444	-0.737776	0.203184	0.935693	-0.288434	0.791989	0.0161568	0.610321
4.23333	0.541985	-0.351304	-0.763438	0.187788	0.936092	-0.297437	0.819138	0.017842	0.573318
4.26667	0.513297	-0.353987	-0.781805	0.182053	0.935151	-0.303892	0.83868	0.0136566	0.544454
4.3	0.495982	-0.356596	-0.791733	0.180852	0.934212	-0.307474	0.849291	0.00931462	0.527844
4.33333	0.484305	-0.360836	-0.797023	0.185581	0.932627	-0.309461	0.85499	0.00196064	0.51864
4.36667	0.484911	-0.367558	-0.793576	0.20069	0.929948	-0.30809	0.851225	-0.00986663	0.524707
4.4	0.50717	-0.372114	-0.777374	0.219152	0.928021	-0.301248	0.833518	-0.0175792	0.552213
4.43333	0.546729	-0.371786	-0.750242	0.233738	0.928163	-0.289622	0.804023	-0.017015	0.594354
4.46667	0.586665	-0.369508	-0.720616	0.244763	0.929125	-0.27716	0.771955	-0.0137805	0.635527
4.5	0.618095	-0.370533	-0.693299	0.258602	0.928698	-0.265792	0.74235	-0.0150036	0.669844
4.53333	0.639534	-0.376763	-0.670109	0.277365	0.926044	-0.255951	0.716984	-0.0221752	0.696737
4.56667	0.657253	-0.387401	-0.646483	0.301618	0.921296	-0.245438	0.690685	-0.0336765	0.722372
4.6	0.672575	-0.401155	-0.621865	0.329454	0.91477	-0.233784	0.662648	-0.0476385	0.747414
4.63333	0.684362	-0.420533	-0.595651	0.364194	0.904867	-0.220407	0.631673	-0.066094	0.772412
4.66667	0.69664	-0.442073	-0.565035	0.401615	0.892924	-0.20345	0.594473	-0.0851949	0.79959
4.7	0.704808	-0.466292	-0.534619	0.440638	0.878372	-0.185202	0.555953	-0.105042	0.82455
4.73333	0.71651	-0.488664	-0.497817	0.477018	0.863933	-0.161474	0.508987	-0.121769	0.852118
4.76667	0.727964	-0.511526	-0.456519	0.512529	0.848275	-0.133208	0.455393	-0.137008	0.879685
