0	0	1	0	0	0	-1	-1	0	0
0.0333333	0.992902	-0.116174	-0.0254633	0.110131	0.978937	-0.171911	0.0448985	0.167886	0.984783
0.0666667	0.996545	-0.0812423	-0.0172828	0.0799896	0.994751	-0.0638059	0.0223758	0.0622029	0.997813
0.1	0.997544	-0.0690563	-0.0117087	0.0688206	0.997439	-0.0194632	0.0130227	0.0186096	0.999742
0.133333	0.99802	-0.0622711	-0.00884528	0.0622694	0.998059	-0.000464362	0.00885703	-8.73481e-05	0.999961
0.166667	0.998315	-0.0575795	-0.00720355	0.057646	0.998293	0.00938446	0.0066509	-0.0097839	0.99993
0.2	0.998516	-0.0541058	-0.00614347	0.0541903	0.998425	0.0145457	0.00534679	-0.014857	0.999875
0.233333	0.998649	-0.0516907	-0.0052686	0.0517792	0.99849	0.0183272	0.0043133	-0.0185753	0.999818
0.266667	0.998727	-0.0502272	-0.00461556	0.0503107	0.998529	0.0202351	0.00359242	-0.0204416	0.999785
0.3	0.998762	-0.0495777	-0.00407822	0.0496542	0.998536	0.021476	0.00300752	-0.0216519	0.999761
0.333333	0.998769	-0.0494476	-0.00381638	0.0495268	0.99847	0.024605	0.00259388	-0.0247637	0.99969
0.366667	0.998826	-0.0483542	-0.00287822	0.0484142	0.998466	0.0268701	0.00157452	-0.0269779	0.999635
0.4	0.998885	-0.0471895	-0.00133282	0.0472083	0.998498	0.0277991	1.89958e-05	-0.027831	0.999613
0.433333	0.998934	-0.0461669	0.000115542	0.0461431	0.998494	0.0296694	-0.00148511	-0.0296324	0.99956
0.466667	0.999009	-0.0445183	-3.21652e-05	0.0444989	0.99855	0.0303004	-0.00131681	-0.0302718	0.999541
0.5	0.999008	-0.0445289	-0.000968296	0.0445387	0.998637	0.0272107	-0.000244683	-0.0272268	0.999629
0.533333	0.998975	-0.0452048	-0.00233393	0.045246	0.998722	0.0225279	0.00131258	-0.0226104	0.999743
0.566667	0.998955	-0.045574	-0.0035921	0.0456394	0.998739	0.020921	0.00263411	-0.021063	0.999775
0.6	0.998941	-0.045743	-0.00485012	0.0458456	0.998667	0.0237004	0.00375952	-0.0238977	0.999707
0.633333	0.998946	-0.0455463	-0.00560903	0.0456771	0.998619	0.0259553	0.00441912	-0.0261841	0.999647
0.666667	0.998923	-0.0460425	-0.00576697	0.0461841	0.998556	0.0274495	0.0044948	-0.0276862	0.999607
0.7	0.998895	-0.0467522	-0.00475162	0.0468592	0.998571	0.0256753	0.00354446	-0.0258696	0.999659
0.733333	0.998858	-0.047625	-0.00369523	0.0477016	0.998559	0.0245662	0.00251995	-0.0247144	0.999691
0.766667	0.998851	-0.0478574	-0.00250242	0.0479047	0.998547	0.0246866	0.00131735	-0.0247782	0.999692
0.8	0.998889	-0.0470983	-0.00186385	0.0471319	0.998504	0.0277096	0.000555986	-0.0277667	0.999614
0.833333	0.998906	-0.0467438	-0.00126337	0.0467606	0.998447	0.030277	-0.00015385	-0.030303	0.999541
0.866667	0.998925	-0.0463474	-0.000962458	0.0463548	0.998434	0.0313077	-0.000490078	-0.0313187	0.999509
0.9	0.99895	-0.045799	-0.000836016	0.0458036	0.99851	0.0296538	-0.000523345	-0.029661	0.99956
0.933333	0.998965	-0.0454788	-0.00108627	0.0454912	0.998551	0.0287546	-0.000223029	-0.0287742	0.999586
0.966667	0.998977	-0.04516	-0.00216596	0.045203	0.998585	0.0280056	0.000898163	-0.0280749	0.999605
1	0.998982	-0.0450309	-0.00267335	0.0450899	0.998555	0.0292359	0.00135297	-0.0293267	0.999569
1.03333	0.998979	-0.0450332	-0.00351515	0.0451191	0.998524	0.0302284	0.00214867	-0.0303562	0.999537
1.06667	0.998947	-0.0456719	-0.00443544	0.0457867	0.998481	0.0306372	0.00302945	-0.030808	0.999521
1.1	0.998901	-0.0465723	-0.00528482	0.046713	0.998437	0.0306756	0.00384793	-0.0308888	0.999515
1.13333	0.99884	-0.0478146	-0.00565692	0.0479673	0.99837	0.0309342	0.00416859	-0.0311697	0.999505
1.16667	0.99877	-0.0493221	-0.00514785	0.0494616	0.998267	0.0318701	0.00356703	-0.0320855	0.999479
1.2	0.998677	-0.0512827	-0.00371753	0.0513824	0.99805	0.0354285	0.00189341	-0.0355726	0.999365
1.23333	0.998567	-0.053521	-0.000233407	0.0534924	0.997871	0.037307	-0.0017638	-0.037266	0.999304
1.26667	0.998464	-0.0552116	0.00461516	0.055018	0.997877	0.0348553	-0.00652978	-0.0345479	0.999382
1.3	0.99841	-0.0553013	0.0109083	0.0549374	0.998001	0.0312334	-0.0126137	-0.0305845	0.999453
1.33333	0.998438	-0.0530465	0.0175179	0.0525778	0.998273	0.0262108	-0.0188781	-0.0252488	0.999503
1.36667	0.998562	-0.0484091	0.02305	0.0479909	0.998679	0.0183624	-0.0239084	-0.0172298	0.999566
1.4	0.998807	-0.0413234	0.0260005	0.0411029	0.999115	0.00895703	-0.0263476	-0.00787766	0.999622
1.43333	0.999205	-0.0315728	0.0243384	0.0316507	0.999495	-0.00282272	-0.024237	0.0035908	0.9997
1.46667	0.999734	-0.0151391	0.0173897	0.0152838	0.999849	-0.00822171	-0.0172626	0.0084853	0.999815
1.5	0.999943	0.0101051	0.00349386	-0.0100788	0.999921	-0.0074548	-0.00356892	0.00741916	0.999966
1.53333	0.999109	0.03696	-0.0203558	-0.0370422	0.999307	-0.00367531	0.0202059	0.00442606	0.999786
1.56667	0.996783	0.0596139	-0.0535662	-0.0595291	0.998222	0.00317919	0.0536604	1.97851e-05	0.998559
1.6	0.993337	0.0702474	-0.0913598	-0.0696099	0.997523	0.0101495	0.0918464	-0.00372235	0.995766
1.63333	0.988924	0.0751924	-0.12797	-0.0730144	0.997096	0.021633	0.129225	-0.0120497	0.991542
1.66667	0.983377	0.0803905	-0.162813	-0.074874	0.9964	0.0397501	0.165422	-0.0268988	0.985856
1.7	0.976899	0.0858026	-0.195718	-0.0755094	0.99537	0.0594743	0.199915	-0.0433218	0.978855
1.73333	0.970401	0.0886989	-0.22462	-0.0732388	0.994394	0.0762653	0.230126	-0.0575571	0.971457
1.76667	0.963632	0.0909381	-0.251286	-0.0695399	0.993255	0.0927783	0.258028	-0.0719297	0.963456
1.8	0.956716	0.0901647	-0.276703	-0.0638912	0.992673	0.102559	0.283922	-0.0804407	0.955467
1.83333	0.949585	0.0890822	-0.300587	-0.0584755	0.992283	0.109344	0.308008	-0.086254	0.947466
1.86667	0.942301	0.089791	-0.3225	-0.055992	0.99206	0.11261	0.330051	-0.0880554	0.939847
1.9	0.935471	0.0915849	-0.341329	-0.0575199	0.992416	0.10864	0.34869	-0.0819966	0.933644
1.93333	0.930637	0.0928847	-0.353961	-0.0607597	0.993046	0.10084	0.360865	-0.0723393	0.929808
1.96667	0.928762	0.0947144	-0.358372	-0.0652755	0.993487	0.0934005	0.364885	-0.0633539	0.928895
2	0.930597	0.0975405	-0.35281	-0.0722534	0.993828	0.0841802	0.358843	-0.0528462	0.931901
2.03333	0.936075	0.0995037	-0.337435	-0.0803888	0.994289	0.0701926	0.342492	-0.0385796	0.938728
2.06667	0.944349	0.0997823	-0.313447	-0.0849017	0.994532	0.0608074	0.3178	-0.0308113	0.947657
2.1	0.956832	0.0895855	-0.276491	-0.0766332	0.99541	0.0573228	0.280357	-0.0336599	0.959305
2.13333	0.969927	0.0645934	-0.23467	-0.0564667	0.997554	0.0411932	0.236757	-0.0267033	0.971202
2.16667	0.980078	0.030187	-0.196305	-0.0285257	0.999529	0.0112857	0.196553	-0.00546111	0.980478
2.2	0.987252	-0.00294193	-0.159136	0.00034817	0.999867	-0.0163245	0.159163	0.016061	0.987122
2.23333	0.992207	-0.028594	-0.121277	0.0245273	0.99909	-0.0348937	0.122164	0.0316472	0.992005
2.26667	0.994722	-0.0544719	-0.0869486	0.0506853	0.997692	-0.04518	0.089209	0.0405346	0.995188
2.3	0.994805	-0.084652	-0.0565509	0.0821056	0.995565	-0.0459332	0.0601884	0.0410514	0.997343
2.33333	0.992866	-0.116436	-0.0256828	0.115469	0.992644	-0.0363914	0.0297311	0.0331662	0.999008
2.36667	0.988367	-0.151947	0.00650409	0.152054	0.988134	-0.0216809	-0.00313257	0.0224176	0.999744
2.4	0.980919	-0.190597	0.0383497	0.191269	0.981429	-0.0146405	-0.034847	0.0216962	0.999157
2.43333	0.971235	-0.227092	0.0716333	0.228861	0.973303	-0.0174308	-0.0657625	0.0333235	0.997279
2.46667	0.958645	-0.26382	0.106762	0.268624	0.962673	-0.0331832	-0.094023	0.0604899	0.993731
2.5	0.9418	-0.30466	0.14211	0.315239	0.947206	-0.0585191	-0.116779	0.0999117	0.98812
2.53333	0.923064	-0.342932	0.174216	0.360139	0.929608	-0.0782891	-0.135105	0.135008	0.98159
2.56667	0.903933	-0.374095	0.207261	0.397243	0.913967	-0.082843	-0.158438	0.157217	0.974772
2.6	0.883878	-0.398859	0.244277	0.427989	0.900371	-0.0784726	-0.188641	0.173908	0.966525
2.63333	0.864771	-0.413657	0.284708	0.451111	0.889003	-0.0785579	-0.22061	0.19637	0.95539
2.66667	0.853962	-0.411631	0.318291	0.457621	0.885275	-0.0828932	-0.247654	0.216444	0.944362
2.7	0.856085	-0.393246	0.335373	0.444208	0.89154	-0.0885138	-0.264191	0.224751	0.937918
2.73333	0.87196	-0.355227	0.336897	0.410545	0.905437	-0.107877	-0.266718	0.232376	0.935341
2.76667	0.899901	-0.298084	0.318313	0.356031	0.923692	-0.141543	-0.251832	0.240704	0.937359
2.8	0.931265	-0.233068	0.280044	0.282106	0.947677	-0.149415	-0.230567	0.218147	0.948288
2.83333	0.959799	-0.170212	0.223189	0.2011	0.971724	-0.123737	-0.195816	0.163646	0.96689
2.86667	0.981965	-0.108477	0.154848	0.12183	0.989362	-0.0794977	-0.144577	0.0969291	0.984735
2.9	0.99534	-0.0511205	0.0817597	0.0530892	0.998345	-0.0220877	-0.0804952	0.0263253	0.996407
2.93333	0.999961	-0.00409734	0.0078502	0.00389003	0.999648	0.0262449	-0.00795497	-0.0262134	0.999625
2.96667	0.997295	0.0295394	-0.0673073	-0.0254222	0.9978	0.0612267	0.0689678	-0.0593499	0.995852
3	0.988585	0.0496836	-0.142239	-0.0381113	0.995824	0.0829579	0.145767	-0.07659	0.98635
3.03333	0.974422	0.0577067	-0.217192	-0.0372441	0.994572	0.0971583	0.22162	-0.086584	0.971282
3.06667	0.955523	0.0597781	-0.288795	-0.0276614	0.993091	0.114039	0.293617	-0.100979	0.950575
3.1	0.935057	0.0629624	-0.34886	-0.015205	0.990318	0.137979	0.35417	-0.123714	0.926962
3.13333	0.918259	0.072084	-0.389365	-0.00632722	0.985837	0.167589	0.39593	-0.151426	0.905709
3.16667	0.910821	0.0827492	-0.404423	-0.000242847	0.97981	0.199932	0.412802	-0.182004	0.892451
3.2	0.91375	0.0865098	-0.396959	0.00738218	0.97337	0.22912	0.40621	-0.212289	0.888778
3.23333	0.923198	0.0807639	-0.375742	0.0165345	0.968418	0.248782	0.383968	-0.235888	0.892707
3.26667	0.937359	0.0666576	-0.341928	0.0291831	0.963048	0.267745	0.34714	-0.260952	0.900776
3.3	0.95309	0.0409256	-0.299907	0.0461998	0.959539	0.27776	0.29914	-0.278586	0.912636
3.33333	0.966728	0.0166868	-0.255263	0.0499225	0.966376	0.252238	0.25089	-0.256589	0.93339
3.36667	0.977449	-0.00917243	-0.210971	0.0500688	0.980635	0.189338	0.205149	-0.195632	0.95898
3.4	0.985508	-0.0446128	-0.163656	0.0644236	0.990944	0.117815	0.156918	-0.126651	0.979457
3.43333	0.990334	-0.0833925	-0.110839	0.0901702	0.994259	0.0576048	0.105399	-0.0670423	0.992168
3.46667	0.991341	-0.118628	-0.0563098	0.119612	0.992716	0.0144364	0.054187	-0.0210467	0.998309
3.5	0.988677	-0.150034	-0.00281167	0.15002	0.988672	-0.00455342	0.00346299	0.00408005	0.999986
3.53333	0.982799	-0.178256	0.0482839	0.178758	0.983873	-0.00625575	-0.0463901	0.0147793	0.998814
3.56667	0.97492	-0.201742	0.0939728	0.202471	0.979287	0.00180746	-0.0923909	0.0172647	0.995573
3.6	0.966813	-0.21511	0.137839	0.216699	0.976232	0.00355297	-0.135327	0.0264345	0.990448
3.63333	0.959128	-0.222266	0.175135	0.224827	0.974384	0.00533711	-0.171835	0.034256	0.98453
3.66667	0.95024	-0.229444	0.210711	0.232588	0.972523	0.0100848	-0.207235	0.0394258	0.977496
3.7	0.937614	-0.243028	0.248633	0.245552	0.969149	0.0213041	-0.24614	0.0410775	0.968363
3.73333	0.921871	-0.26332	0.284281	0.262326	0.964052	0.0422954	-0.285199	0.0355835	0.957808
3.76667	0.915022	-0.261147	0.30747	0.262525	0.96419	0.0376603	-0.306294	0.0462586	0.950812
3.8	0.919454	-0.244264	0.308123	0.250757	0.967864	0.0190004	-0.302862	0.059794	0.951157
3.83333	0.938025	-0.203636	0.280432	0.214661	0.976649	-0.00883111	-0.272085	0.0684815	0.959833
3.86667	0.959972	-0.15332	0.234407	0.163017	0.986368	-0.0224502	-0.227769	0.0597639	0.971879
3.9	0.977741	-0.103925	0.182267	0.108796	0.99392	-0.0169064	-0.179402	0.03636	0.983104
3.93333	0.990628	-0.0639417	0.120699	0.0628422	0.99794	0.0128976	-0.121275	-0.00519177	0.992605
3.96667	0.998066	-0.0316146	0.0535279	0.0288634	0.99826	0.0514126	-0.0550601	-0.0497682	0.997242
4	0.999862	-0.00826457	-0.0144008	0.00958866	0.995484	0.0944458	0.0135552	-0.0945708	0.995426
4.03333	0.996542	0.00826837	-0.08268	0.0025135	0.991582	0.129458	0.0830543	-0.129218	0.988132
4.06667	0.988189	0.0184645	-0.152122	0.00488628	0.988412	0.151715	0.15316	-0.150666	0.976648
4.1	0.97494	0.0186746	-0.221681	0.0179923	0.986587	0.16224	0.221737	-0.162163	0.961528
4.13333	0.957157	0.0144859	-0.289206	0.037653	0.984042	0.173906	0.28711	-0.177345	0.941338
4.16667	0.937227	0.0151399	-0.348392	0.0533917	0.981048	0.186265	0.344609	-0.193174	0.918656
4.2	0.920777	0.0193496	-0.38961	0.0642784	0.977591	0.200462	0.384758	-0.209624	0.898899
4.23333	0.914119	0.0247715	-0.404689	0.0715523	0.97261	0.221158	0.399083	-0.231121	0.887308
4.26667	0.918387	0.023081	-0.395011	0.0835652	0.964467	0.250641	0.38676	-0.263195	0.883824
4.3	0.928625	0.0230998	-0.3703	0.0865501	0.957037	0.276749	0.360783	-0.289045	0.886729
4.33333	0.94319	0.0164213	-0.331848	0.0916077	0.947212	0.307243	0.319376	-0.320188	0.891896
4.36667	0.958426	0.000880654	-0.285339	0.0933899	0.94395	0.3166	0.269625	-0.330086	0.904625
4.4	0.971443	-0.0163362	-0.23671	0.0859528	0.954097	0.286899	0.221157	-0.299052	0.928255
4.43333	0.980779	-0.0430986	-0.190302	0.0859492	0.971009	0.223056	0.175172	-0.235125	0.95605
4.46667	0.986964	-0.0799141	-0.139697	0.101941	0.982098	0.158405	0.124538	-0.170581	0.977442
4.5	0.989618	-0.116609	-0.0840131	0.12499	0.986841	0.10258	0.0709459	-0.112015	0.991171
4.53333	0.988247	-0.150564	-0.0264315	0.15179	0.986992	0.0529851	0.01811	-0.0563744	0.998245
4.56667	0.983324	-0.179446	0.0295586	0.178767	0.983593	0.0242258	-0.0334209	-0.0185378	0.999269
4.6	0.975317	-0.203892	0.0847567	0.203635	0.978976	0.0117613	-0.0853728	0.00578843	0.996332
4.63333	0.966714	-0.217398	0.134918	0.21803	0.975888	0.0102564	-0.133894	0.0195011	0.990804
4.66667	0.958001	-0.223097	0.180171	0.225245	0.974263	0.00871136	-0.177478	0.0322373	0.983597
4.7	0.948735	-0.224927	0.222058	0.232347	0.972604	-0.00752121	-0.214283	0.0587302	0.975004
4.73333	0.937765	-0.227304	0.262545	0.244173	0.969168	-0.0330654	-0.246934	0.095114	0.964353
4.76667	0.923721	-0.235013	0.302503	0.263965	0.962783	-0.0580605	-0.2776	0.133482	0.951378
