0	-0.00316224	0.999995	-0.000515835	0.0889399	-0.000232542	-0.996037	-0.996032	-0.00319559	-0.0889387
0.0333333	0.933498	0.0146662	-0.358282	-0.282979	-0.583541	-0.761185	-0.220236	0.811952	-0.540584
0.0666667	0.964923	-0.1339	-0.225818	-0.216281	-0.893012	-0.394654	-0.148814	0.429651	-0.890648
0.1	0.96941	-0.162777	-0.183705	-0.20251	-0.953337	-0.223914	-0.138685	0.254267	-0.957139
0.133333	0.969458	-0.175984	-0.170823	-0.203262	-0.966278	-0.158085	-0.137242	0.187979	-0.972537
0.166667	0.969162	-0.182209	-0.165908	-0.205137	-0.969591	-0.133464	-0.136545	0.163383	-0.977068
0.2	0.96908	-0.184736	-0.163573	-0.206099	-0.970522	-0.124938	-0.135671	0.154787	-0.978588
0.233333	0.969027	-0.186098	-0.162338	-0.20662	-0.971007	-0.120228	-0.135257	0.150046	-0.979383
0.266667	0.968945	-0.187245	-0.161509	-0.20708	-0.971405	-0.116147	-0.135143	0.145985	-0.980013
0.3	0.968752	-0.188421	-0.161298	-0.208058	-0.971343	-0.114915	-0.135023	0.144883	-0.980193
0.333333	0.968611	-0.188961	-0.161511	-0.208883	-0.970948	-0.116743	-0.134759	0.146815	-0.979941
0.366667	0.968164	-0.190068	-0.162886	-0.210567	-0.970261	-0.119393	-0.13535	0.14989	-0.979394
0.4	0.968097	-0.191076	-0.162104	-0.211669	-0.96983	-0.120939	-0.134104	0.151393	-0.979334
0.433333	0.968054	-0.193246	-0.159773	-0.213342	-0.969592	-0.119902	-0.131744	0.150158	-0.979845
0.466667	0.968391	-0.193936	-0.156868	-0.213112	-0.970083	-0.116284	-0.129623	0.146038	-0.98075
0.5	0.968687	-0.194046	-0.154892	-0.213033	-0.970003	-0.117092	-0.127525	0.146422	-0.980968
0.533333	0.968859	-0.194853	-0.152789	-0.213413	-0.970027	-0.116198	-0.125568	0.145186	-0.981404
0.566667	0.969118	-0.196077	-0.149544	-0.213602	-0.970509	-0.111746	-0.123223	0.140238	-0.98242
0.6	0.969258	-0.19737	-0.146914	-0.214073	-0.970817	-0.108103	-0.12129	0.13623	-0.983224
0.633333	0.969355	-0.197732	-0.145782	-0.214302	-0.970745	-0.108298	-0.120103	0.136221	-0.983371
0.666667	0.969441	-0.197366	-0.145708	-0.214174	-0.970544	-0.110336	-0.119639	0.138172	-0.983156
0.7	0.969481	-0.196537	-0.146558	-0.213479	-0.970683	-0.110462	-0.120551	0.138378	-0.983015
0.733333	0.969383	-0.196547	-0.147196	-0.213476	-0.970779	-0.109621	-0.121349	0.137688	-0.983014
0.766667	0.969367	-0.196024	-0.147991	-0.213152	-0.970769	-0.110333	-0.122037	0.138498	-0.982815
0.8	0.969327	-0.195058	-0.149525	-0.21263	-0.970675	-0.112151	-0.123264	0.140505	-0.982377
0.833333	0.969312	-0.194144	-0.150809	-0.212038	-0.970677	-0.113256	-0.124398	0.141758	-0.982054
0.866667	0.96924	-0.193894	-0.151589	-0.211872	-0.970739	-0.113033	-0.125237	0.141674	-0.981959
0.9	0.969122	-0.193579	-0.152741	-0.211689	-0.97081	-0.112767	-0.126454	0.141619	-0.981811
0.933333	0.969065	-0.193053	-0.153767	-0.211356	-0.970841	-0.113122	-0.127445	0.142122	-0.981611
0.966667	0.968967	-0.193185	-0.154213	-0.211533	-0.970821	-0.112962	-0.12789	0.142078	-0.981559
1	0.96896	-0.193116	-0.154347	-0.211452	-0.970866	-0.112727	-0.128081	0.141865	-0.981565
1.03333	0.968916	-0.193074	-0.154676	-0.211338	-0.970997	-0.111807	-0.128602	0.141021	-0.981618
1.06667	0.968825	-0.193338	-0.154914	-0.211647	-0.97092	-0.111892	-0.128776	0.141191	-0.981571
1.1	0.968557	-0.193816	-0.155987	-0.212492	-0.970551	-0.113485	-0.129398	0.143063	-0.981218
1.13333	0.968196	-0.194042	-0.15794	-0.213477	-0.969913	-0.117029	-0.13048	0.147023	-0.980489
1.16667	0.96774	-0.194387	-0.160291	-0.21478	-0.969075	-0.121501	-0.131716	0.152009	-0.979563
1.2	0.967221	-0.195282	-0.162322	-0.216573	-0.96813	-0.125776	-0.132587	0.156808	-0.978689
1.23333	0.966443	-0.197244	-0.164566	-0.219452	-0.966949	-0.129809	-0.133522	0.161568	-0.977787
1.26667	0.966035	-0.19839	-0.16558	-0.221308	-0.965986	-0.133766	-0.133411	0.165866	-0.977082
1.3	0.965742	-0.198763	-0.166841	-0.222672	-0.964871	-0.139433	-0.133266	0.171807	-0.976075
1.33333	0.965594	-0.198518	-0.167982	-0.22399	-0.963072	-0.1494	-0.13212	0.181886	-0.974403
1.36667	0.96563	-0.197638	-0.168813	-0.224913	-0.960891	-0.161562	-0.13028	0.193977	-0.972317
1.4	0.965827	-0.197492	-0.167857	-0.22673	-0.957562	-0.177956	-0.125589	0.209932	-0.969616
1.43333	0.965683	-0.200389	-0.165227	-0.232552	-0.950409	-0.2065	-0.115652	0.237837	-0.964395
1.46667	0.966502	-0.198395	-0.162829	-0.236086	-0.936085	-0.260784	-0.100684	0.29049	-0.951566
1.5	0.96859	-0.193717	-0.155908	-0.237716	-0.905331	-0.351948	-0.0729693	0.377955	-0.922944
1.53333	0.971067	-0.1969	-0.135126	-0.238186	-0.839347	-0.488635	-0.0172057	0.506682	-0.861961
1.56667	0.970723	-0.218929	-0.098824	-0.231374	-0.741752	-0.6295	0.0645127	0.633936	-0.77069
1.6	0.965053	-0.257545	-0.048415	-0.211731	-0.657439	-0.723148	0.154413	0.708127	-0.688994
1.63333	0.956183	-0.292765	0.00158544	-0.188962	-0.621276	-0.760467	0.223623	0.726846	-0.649375
1.66667	0.948766	-0.311901	0.0506009	-0.168447	-0.634743	-0.75414	0.267336	0.706979	-0.654761
1.7	0.944063	-0.31337	0.102683	-0.148247	-0.681452	-0.716691	0.294564	0.66138	-0.689789
1.73333	0.942392	-0.297042	0.153829	-0.13169	-0.752173	-0.645673	0.307499	0.588219	-0.74796
1.76667	0.941308	-0.268448	0.204632	-0.114536	-0.824282	-0.554473	0.317522	0.498492	-0.806651
1.8	0.939484	-0.231053	0.252951	-0.10016	-0.891326	-0.442161	0.327625	0.390068	-0.860529
1.83333	0.934731	-0.190651	0.299883	-0.0884896	-0.942191	-0.32318	0.344162	0.275549	-0.897566
1.86667	0.925512	-0.159033	0.343709	-0.0811882	-0.969776	-0.230094	0.369914	0.18505	-0.910451
1.9	0.915385	-0.134334	0.379507	-0.0807297	-0.984789	-0.153861	0.394403	0.110205	-0.912305
1.93333	0.908018	-0.11241	0.403569	-0.0823297	-0.992424	-0.0911897	0.410762	0.0495761	-0.910394
1.96667	0.904935	-0.095184	0.414769	-0.0790549	-0.9953	-0.0559279	0.418143	0.0178216	-0.908206
2	0.908501	-0.0782196	0.410496	-0.0673945	-0.996892	-0.0408005	0.412412	0.00940211	-0.910949
2.03333	0.917223	-0.066074	0.392857	-0.0412036	-0.996595	-0.0714155	0.396238	0.0493168	-0.916822
2.06667	0.919232	-0.0545539	0.389919	0.00108135	-0.99	-0.141061	0.393716	0.130089	-0.909981
2.1	0.923885	-0.0385837	0.38072	0.0379579	-0.980757	-0.191506	0.380783	0.19138	-0.904642
2.13333	0.93362	-0.00412349	0.35824	0.081362	-0.971366	-0.223221	0.348903	0.237551	-0.906552
2.16667	0.945062	0.0275282	0.32573	0.11438	-0.961306	-0.250616	0.306227	0.274105	-0.911642
2.2	0.961605	0.0295542	0.272842	0.106501	-0.956457	-0.271748	0.252931	0.290372	-0.922881
2.23333	0.980957	0.0143583	0.193694	0.0705817	-0.955437	-0.286633	0.180947	0.294846	-0.938256
2.26667	0.994357	-0.00923767	0.105683	0.0210848	-0.959118	-0.28222	0.103969	0.282856	-0.953511
2.3	0.998968	-0.0395454	0.0223436	-0.0322751	-0.964142	-0.263415	0.0319593	0.262422	-0.964424
2.33333	0.9958	-0.0715764	-0.0570877	-0.0832627	-0.967299	-0.239581	-0.0380725	0.243328	-0.969196
2.36667	0.985789	-0.101434	-0.133904	-0.12892	-0.967861	-0.215926	-0.107698	0.23012	-0.967184
2.4	0.970406	-0.129471	-0.203836	-0.16822	-0.968049	-0.185967	-0.173246	0.214753	-0.96118
2.43333	0.950968	-0.159101	-0.265231	-0.204375	-0.966898	-0.152771	-0.232145	0.199487	-0.952005
2.46667	0.929618	-0.186389	-0.317913	-0.235288	-0.964144	-0.122744	-0.283636	0.188906	-0.940141
2.5	0.908768	-0.204986	-0.363484	-0.254837	-0.962364	-0.0944092	-0.330452	0.178425	-0.926804
2.53333	0.888126	-0.21297	-0.407278	-0.266267	-0.960717	-0.078264	-0.374611	0.177953	-0.909945
2.56667	0.863458	-0.222231	-0.452828	-0.287259	-0.954566	-0.0792831	-0.414635	0.198536	-0.888066
2.6	0.83634	-0.228738	-0.498211	-0.313783	-0.944939	-0.0929042	-0.449528	0.234029	-0.862064
2.63333	0.808783	-0.23203	-0.5404	-0.343281	-0.932357	-0.113444	-0.477523	0.277261	-0.833726
2.66667	0.775478	-0.24245	-0.582969	-0.386536	-0.91238	-0.134731	-0.499224	0.329819	-0.801246
2.7	0.738982	-0.261515	-0.620899	-0.446993	-0.879853	-0.161419	-0.504087	0.396823	-0.767091
2.73333	0.722995	-0.210778	-0.657914	-0.502077	-0.814462	-0.29081	-0.47455	0.540577	-0.694679
2.76667	0.745693	-0.110091	-0.657132	-0.534123	-0.688365	-0.490782	-0.398315	0.716962	-0.572111
2.8	0.803735	-0.0582192	-0.592132	-0.514917	-0.566695	-0.643208	-0.298111	0.821868	-0.485451
2.83333	0.868475	-0.0674145	-0.491127	-0.458089	-0.487821	-0.743092	-0.189487	0.870337	-0.454542
2.86667	0.913376	-0.122693	-0.388188	-0.396929	-0.480343	-0.782124	-0.0905024	0.868457	-0.487435
2.9	0.938633	-0.187395	-0.289571	-0.344886	-0.521445	-0.78048	-0.00473783	0.832453	-0.554076
2.93333	0.951403	-0.24179	-0.190707	-0.300963	-0.598919	-0.742103	0.0652152	0.763435	-0.642584
2.96667	0.956507	-0.277288	-0.0905821	-0.263375	-0.687417	-0.676824	0.125407	0.671244	-0.73055
3	0.956849	-0.290389	0.0107047	-0.233679	-0.790839	-0.565656	0.172726	0.538746	-0.824572
3.03333	0.953544	-0.277676	0.116831	-0.210403	-0.891412	-0.401391	0.215602	0.358162	-0.908425
3.06667	0.94378	-0.243115	0.223996	-0.193209	-0.955485	-0.222977	0.268234	0.167164	-0.94874
3.1	0.926419	-0.212015	0.311122	-0.194873	-0.977088	-0.0855734	0.322137	0.0186475	-0.94651
3.13333	0.914554	-0.181752	0.361326	-0.201344	-0.979373	0.0169851	0.350786	-0.0882846	-0.932285
3.16667	0.917675	-0.15394	0.3663	-0.187289	-0.980645	0.0570823	0.350423	-0.120987	-0.928744
3.2	0.931066	-0.124188	0.343063	-0.134829	-0.990842	0.00723979	0.339023	-0.0529957	-0.939284
3.23333	0.939366	-0.0651098	0.336677	-0.0435201	-0.996506	-0.0712879	0.340142	0.0523133	-0.938918
3.26667	0.94153	-0.0128777	0.336683	0.0540608	-0.980549	-0.188685	0.332564	0.195854	-0.92252
3.3	0.951701	0.0232829	0.306142	0.107931	-0.958849	-0.262601	0.28743	0.28296	-0.915051
3.33333	0.969829	0.0526131	0.238043	0.116399	-0.957881	-0.262516	0.214205	0.282304	-0.935105
3.36667	0.987262	0.0277423	0.156668	0.0753189	-0.94885	-0.306612	0.140148	0.314506	-0.938853
3.4	0.9979	0.00539179	0.0645412	0.0253063	-0.949769	-0.311928	0.0596173	0.312907	-0.947911
3.43333	0.999549	-0.0153692	-0.0258159	-0.0221362	-0.957697	-0.286926	-0.020314	0.287368	-0.957605
3.46667	0.993463	-0.0377054	-0.107751	-0.0653537	-0.961752	-0.266012	-0.0936	0.271315	-0.957929
3.5	0.981246	-0.0638798	-0.181865	-0.10852	-0.962837	-0.247321	-0.159308	0.262419	-0.951713
3.53333	0.965686	-0.0904509	-0.243452	-0.145282	-0.965143	-0.217699	-0.215275	0.245598	-0.945166
3.56667	0.947098	-0.120196	-0.297586	-0.180925	-0.965802	-0.185723	-0.265086	0.229739	-0.936456
3.6	0.925759	-0.147338	-0.348228	-0.210132	-0.966119	-0.149861	-0.314349	0.211909	-0.925354
3.63333	0.902994	-0.161225	-0.398256	-0.229114	-0.964827	-0.128898	-0.363466	0.20764	-0.908173
3.66667	0.876338	-0.161514	-0.453812	-0.249554	-0.958051	-0.140929	-0.412013	0.236752	-0.879883
3.7	0.84417	-0.16385	-0.510422	-0.282326	-0.945286	-0.163484	-0.455708	0.282114	-0.844241
3.73333	0.808707	-0.17905	-0.560299	-0.324697	-0.930156	-0.171409	-0.490475	0.320547	-0.810361
3.76667	0.758671	-0.211213	-0.616285	-0.397064	-0.899888	-0.180392	-0.516487	0.381563	-0.766584
3.8	0.729569	-0.182621	-0.659074	-0.462599	-0.841558	-0.278894	-0.503717	0.508359	-0.698455
3.83333	0.744607	-0.0612582	-0.664686	-0.504676	-0.703398	-0.500532	-0.436877	0.708151	-0.554671
3.86667	0.800394	0.00901586	-0.599406	-0.498055	-0.546477	-0.673279	-0.333632	0.837426	-0.432906
3.9	0.864823	-0.00354297	-0.502065	-0.449799	-0.449762	-0.771619	-0.223076	0.893142	-0.390558
3.93333	0.911688	-0.0626134	-0.406085	-0.392437	-0.425502	-0.81544	-0.121732	0.902789	-0.412497
3.96667	0.939641	-0.13635	-0.31382	-0.340209	-0.470131	-0.814392	-0.0364941	0.872001	-0.488142
4	0.953117	-0.203562	-0.223898	-0.301039	-0.562766	-0.76985	0.0307103	0.80116	-0.597662
4.03333	0.957898	-0.254465	-0.132964	-0.274554	-0.676409	-0.68344	0.0839737	0.691172	-0.717795
4.06667	0.957971	-0.284443	-0.0371981	-0.2556	-0.787488	-0.560831	0.130231	0.546768	-0.827094
4.1	0.956928	-0.281773	0.0699504	-0.236396	-0.896087	-0.375693	0.168542	0.342975	-0.924101
4.13333	0.94938	-0.258195	0.178924	-0.226535	-0.957328	-0.179456	0.217623	0.12984	-0.967358
4.16667	0.935518	-0.234868	0.263899	-0.233951	-0.971605	-0.035369	0.264713	-0.028651	-0.963902
4.2	0.925	-0.212555	0.314952	-0.238181	-0.970189	0.0447651	0.296048	-0.116423	-0.948051
4.23333	0.92974	-0.171661	0.325755	-0.211601	-0.973097	0.0911451	0.301345	-0.153671	-0.941051
4.26667	0.942644	-0.127832	0.308354	-0.141427	-0.989703	0.0220513	0.30236	-0.064396	-0.951016
4.3	0.951747	-0.0587302	0.301213	-0.0408527	-0.997028	-0.0653168	0.304154	0.0498597	-0.951317
4.33333	0.954517	-0.0257704	0.29704	0.0358872	-0.979084	-0.200264	0.295988	0.201815	-0.933628
4.36667	0.965483	0.0120834	0.260184	0.0781124	-0.966377	-0.244977	0.248476	0.256845	-0.933965
4.4	0.980211	0.0235973	0.196545	0.0754993	-0.962386	-0.260986	0.182994	0.27066	-0.945122
4.43333	0.993364	-0.00319435	0.11497	0.030704	-0.955971	-0.291851	0.11084	0.293444	-0.949529
4.46667	0.999197	-0.0193668	0.0350617	-0.00822199	-0.95587	-0.293676	0.039202	0.293152	-0.955262
4.5	0.998598	-0.0298467	-0.0437216	-0.0407865	-0.960287	-0.276017	-0.033747	0.277414	-0.960158
4.53333	0.992029	-0.0451366	-0.117647	-0.0745168	-0.963034	-0.258866	-0.101613	0.26557	-0.958722
4.56667	0.979881	-0.0673088	-0.187893	-0.111625	-0.965232	-0.236362	-0.165451	0.25258	-0.953325
4.6	0.963643	-0.0915537	-0.251019	-0.146384	-0.966826	-0.209328	-0.223527	0.238463	-0.945077
4.63333	0.945143	-0.115087	-0.305713	-0.180755	-0.963802	-0.195994	-0.272091	0.240501	-0.931733
4.66667	0.923621	-0.137896	-0.357644	-0.208638	-0.96358	-0.167284	-0.32155	0.229125	-0.918753
4.7	0.900009	-0.150667	-0.409002	-0.227549	-0.96275	-0.146065	-0.371759	0.224528	-0.900768
4.73333	0.873061	-0.157244	-0.46156	-0.251341	-0.95626	-0.149645	-0.417841	0.246658	-0.874396
4.76667	0.843715	-0.159848	-0.512439	-0.282731	-0.943816	-0.171097	-0.456299	0.28924	-0.841506
