0	0	1	0	0	0	-1	-1	0	0
0.0333333	0.992989	-0.111173	-0.0401742	0.0911121	0.936338	-0.339071	0.0753121	0.333033	0.939903
0.0666667	0.996755	-0.0754436	-0.0280541	0.0700318	0.984667	-0.159773	0.0396778	0.15729	0.986755
0.1	0.998183	-0.0570545	-0.0193819	0.0553941	0.995454	-0.0774777	0.0237143	0.0762633	0.996806
0.133333	0.99878	-0.0472594	-0.0143347	0.0466601	0.998125	-0.0396034	0.0161795	0.0388862	0.999113
0.166667	0.999078	-0.0413903	-0.0113929	0.0411493	0.99894	-0.0206335	0.0122348	0.0201456	0.999722
0.2	0.999242	-0.0377734	-0.00943064	0.0376816	0.999242	-0.00973041	0.00979104	0.00936767	0.999908
0.233333	0.999352	-0.0350961	-0.00796687	0.0350819	0.999383	-0.00191488	0.00802916	0.00163415	0.999966
0.266667	0.999417	-0.0334195	-0.00699303	0.033444	0.999435	0.00341121	0.00687508	-0.00364309	0.99997
0.3	0.999449	-0.0325635	-0.00642567	0.0326006	0.999452	0.00576643	0.00623437	-0.00597274	0.999963
0.333333	0.999475	-0.0317782	-0.00630985	0.0318243	0.999467	0.00734262	0.00607315	-0.00753957	0.999953
0.366667	0.99951	-0.0308441	-0.00541143	0.0308904	0.999485	0.00869789	0.00514037	-0.00886078	0.999948
0.4	0.999539	-0.0300355	-0.0043801	0.0300848	0.999479	0.0116707	0.00402728	-0.0117971	0.999922
0.433333	0.999565	-0.0292113	-0.00412316	0.0292693	0.999462	0.0147736	0.00368939	-0.0148879	0.999882
0.466667	0.999562	-0.0288656	-0.00655984	0.0289564	0.99948	0.0141906	0.00614681	-0.0143743	0.999878
0.5	0.99954	-0.0286799	-0.00984915	0.0288092	0.999497	0.0132468	0.00946428	-0.0135244	0.999864
0.533333	0.99953	-0.0279406	-0.0125802	0.0281353	0.999483	0.0155687	0.0121387	-0.0159154	0.9998
0.566667	0.999518	-0.0273537	-0.0146694	0.0276331	0.999434	0.0191952	0.0141361	-0.0195913	0.999708
0.6	0.999453	-0.0284914	-0.0168071	0.0288044	0.99941	0.0186822	0.0162649	-0.0191561	0.999684
0.633333	0.999388	-0.0299758	-0.0180485	0.0302979	0.999382	0.0178445	0.0175024	-0.0183804	0.999678
0.666667	0.99937	-0.0306018	-0.0179592	0.0309461	0.999336	0.0192215	0.017359	-0.0197652	0.999654
0.7	0.999397	-0.0303666	-0.0168317	0.0307323	0.999287	0.0219139	0.0161543	-0.0224179	0.999618
0.733333	0.999413	-0.0308043	-0.0149609	0.0311321	0.999269	0.0221936	0.0142663	-0.0226463	0.999642
0.766667	0.99943	-0.0312778	-0.0126696	0.0315407	0.999279	0.0211116	0.0120002	-0.0214992	0.999697
0.8	0.999454	-0.0314569	-0.0100661	0.0316525	0.999301	0.0199011	0.009433	-0.0202089	0.999751
0.833333	0.999489	-0.0311074	-0.00729982	0.0312435	0.999325	0.0193389	0.00669331	-0.0195571	0.999786
0.866667	0.999529	-0.0303546	-0.00461945	0.0304365	0.999359	0.0188361	0.00404473	-0.0189678	0.999812
0.9	0.999565	-0.0293939	-0.00233338	0.0294333	0.999383	0.0191816	0.00176812	-0.019242	0.999813
0.933333	0.999587	-0.0286947	-0.00130988	0.0287151	0.999388	0.019992	0.000735412	-0.0200214	0.999799
0.966667	0.999604	-0.0281406	-0.000385518	0.0281428	0.999409	0.0197361	-0.000170097	-0.0197392	0.999805
1	0.999623	-0.027441	-0.00108268	0.0274579	0.999394	0.0213741	0.000495495	-0.0213957	0.999771
1.03333	0.999628	-0.0271633	-0.00258957	0.0272119	0.999408	0.0210697	0.00201572	-0.0211323	0.999775
1.06667	0.999618	-0.0272426	-0.00462565	0.0273304	0.999424	0.0201255	0.00407472	-0.0202443	0.999787
1.1	0.999612	-0.0269963	-0.0068689	0.0271277	0.999436	0.0198168	0.00633004	-0.0199954	0.99978
1.13333	0.999593	-0.0269905	-0.00928955	0.0271678	0.99944	0.0195249	0.00875737	-0.0197693	0.999766
1.16667	0.999562	-0.0274572	-0.0110452	0.0276652	0.999434	0.0191462	0.0105133	-0.0194434	0.999756
1.2	0.999522	-0.0282434	-0.0125346	0.0284646	0.999436	0.0178317	0.0120239	-0.01818	0.999762
1.23333	0.999496	-0.0289556	-0.0130311	0.0291751	0.99943	0.0169811	0.0125319	-0.0173528	0.999771
1.26667	0.99948	-0.0291569	-0.0137487	0.0293551	0.999465	0.0144378	0.0133204	-0.0148338	0.999801
1.3	0.999507	-0.0283192	-0.0135902	0.0284441	0.999554	0.00908933	0.0133267	-0.0094714	0.999866
1.33333	0.999596	-0.0257489	-0.0120408	0.0258051	0.999657	0.00453847	0.0119198	-0.00484735	0.999917
1.36667	0.999742	-0.020848	-0.00906121	0.0208542	0.999782	0.000587098	0.00904699	-0.000775911	0.999959
1.4	0.999909	-0.0131987	-0.00287386	0.0131906	0.999909	-0.00280743	0.00291066	0.00276927	0.999992
1.43333	0.999975	-0.00202073	0.00680429	0.00204028	0.999994	-0.00286753	-0.00679846	0.00288134	0.999973
1.46667	0.999709	0.0124987	0.0206088	-0.012521	0.999921	0.000957258	-0.0205952	-0.00121502	0.999787
1.5	0.998831	0.0313676	0.0367693	-0.031621	0.99948	0.00632866	-0.0365516	-0.00748395	0.999304
1.53333	0.997291	0.0530359	0.0509752	-0.053387	0.998558	0.00555064	-0.0506073	-0.00825702	0.998684
1.56667	0.995374	0.0718192	0.0638235	-0.0723729	0.997357	0.00640388	-0.0631949	-0.0109934	0.997941
1.6	0.993018	0.0866415	0.0800573	-0.0878288	0.99607	0.0114235	-0.0787529	-0.018375	0.996725
1.63333	0.98925	0.101055	0.105695	-0.104358	0.994195	0.0261898	-0.102435	-0.0369384	0.994054
1.66667	0.983943	0.114953	0.136539	-0.121293	0.991849	0.0390283	-0.130939	-0.0549628	0.989866
1.7	0.977389	0.126217	0.169644	-0.136049	0.989558	0.0475952	-0.161865	-0.069599	0.984355
1.73333	0.969478	0.13422	0.205178	-0.150145	0.986587	0.0640557	-0.193828	-0.092907	0.976626
1.76667	0.962543	0.137456	0.233704	-0.158595	0.984558	0.0741167	-0.219907	-0.108405	0.969479
1.8	0.957367	0.13537	0.255192	-0.160596	0.983719	0.0806601	-0.240119	-0.118204	0.96352
1.83333	0.954925	0.12816	0.267755	-0.154513	0.984771	0.0796995	-0.253463	-0.117479	0.960185
1.86667	0.954702	0.118695	0.272864	-0.145869	0.985942	0.0814852	-0.259357	-0.117597	0.958595
1.9	0.955785	0.109595	0.272881	-0.139068	0.986087	0.0910635	-0.259104	-0.124986	0.957728
1.93333	0.958463	0.100915	0.266766	-0.131669	0.986238	0.0999901	-0.253004	-0.130962	0.95856
1.96667	0.962849	0.0938453	0.253209	-0.122624	0.987367	0.100347	-0.240593	-0.127669	0.962193
2	0.967715	0.0899341	0.235458	-0.114053	0.989309	0.09088	-0.224767	-0.114801	0.967626
2.03333	0.972459	0.0863568	0.216484	-0.10516	0.991479	0.076878	-0.208	-0.0975262	0.973255
2.06667	0.978072	0.0809149	0.191904	-0.0956638	0.993029	0.068864	-0.184994	-0.0857123	0.978995
2.1	0.98297	0.0741963	0.168123	-0.0860203	0.994225	0.0641641	-0.162391	-0.0775334	0.983676
2.13333	0.987826	0.0589835	0.143947	-0.0687208	0.995604	0.0636342	-0.139561	-0.0727516	0.987537
2.16667	0.992998	0.0349214	0.11285	-0.041402	0.997594	0.0556023	-0.110637	-0.0598852	0.992055
2.2	0.996972	0.0122858	0.0767783	-0.0153592	0.999099	0.0395674	-0.076223	-0.0406268	0.996263
2.23333	0.999241	-0.00546264	0.0385689	0.0044379	0.999636	0.0266048	-0.0387002	-0.0264134	0.998902
2.26667	0.999833	-0.017944	0.00338008	0.0178536	0.999525	0.0251052	-0.00382896	-0.0250406	0.999679
2.3	0.999096	-0.0247017	-0.0346018	0.0255097	0.999407	0.0231066	0.0340105	-0.0239684	0.999134
2.33333	0.996569	-0.0269396	-0.0782653	0.0279429	0.99954	0.0117521	0.0779128	-0.0138988	0.996863
2.36667	0.99172	-0.0311257	-0.124587	0.028989	0.999401	-0.0189266	0.125101	0.0151582	0.992028
2.4	0.984391	-0.0398864	-0.171415	0.029019	0.997434	-0.0654438	0.173585	0.059448	0.983023
2.43333	0.974541	-0.0505798	-0.21843	0.0254276	0.99287	-0.116462	0.222763	0.107943	0.968878
2.46667	0.962733	-0.064466	-0.262659	0.0191777	0.985004	-0.171463	0.269773	0.160036	0.949532
2.5	0.949331	-0.0797009	-0.304002	0.0104988	0.974812	-0.222783	0.314101	0.208303	0.926256
2.53333	0.935908	-0.0997568	-0.337824	0.00156443	0.960228	-0.279214	0.352242	0.26079	0.898841
2.56667	0.925423	-0.12144	-0.35895	-0.00473261	0.943479	-0.331399	0.378906	0.308383	0.872542
2.6	0.921213	-0.138372	-0.36362	-0.00638062	0.929116	-0.369732	0.389006	0.342922	0.855031
2.63333	0.924359	-0.14578	-0.352573	-0.00544146	0.918989	-0.394245	0.381484	0.366342	0.848683
2.66667	0.932607	-0.141199	-0.332124	-0.00466696	0.915489	-0.402317	0.360862	0.376753	0.853133
2.7	0.943671	-0.132278	-0.303296	-0.00196291	0.914362	-0.404894	0.330881	0.382682	0.862597
2.73333	0.956366	-0.108246	-0.271379	-0.00600212	0.921362	-0.388658	0.292109	0.373328	0.88051
2.76667	0.967858	-0.0764628	-0.239592	-0.00975544	0.940531	-0.339568	0.251308	0.33099	0.909555
2.8	0.978312	-0.0493425	-0.201173	-0.0079736	0.961522	-0.274612	0.206982	0.270261	0.940275
2.83333	0.987491	-0.0314569	-0.154503	-0.00401269	0.974565	-0.224069	0.157622	0.221886	0.962248
2.86667	0.994461	-0.0185409	-0.103455	-0.00207231	0.980667	-0.195671	0.105083	0.194802	0.975197
2.9	0.998698	-0.00292598	-0.0509386	-0.0057941	0.985392	-0.170201	0.0506925	0.170274	0.984092
2.93333	0.999836	0.0177441	0.00360081	-0.0171093	0.991002	-0.132746	-0.00592388	0.132663	0.991144
2.96667	0.997559	0.0380059	0.0585848	-0.0326881	0.995477	-0.0891996	-0.0617099	0.0870669	0.994289
3	0.992233	0.0546796	0.111731	-0.0498593	0.99772	-0.0454918	-0.113963	0.0395676	0.992697
3.03333	0.98523	0.0636645	0.15896	-0.0627139	0.997971	-0.0109945	-0.159337	0.000863121	0.987224
3.06667	0.978377	0.0648321	0.196407	-0.0694354	0.997448	0.0166355	-0.194828	-0.0299134	0.980381
3.1	0.972139	0.0649176	0.225238	-0.0756896	0.996348	0.039515	-0.22185	-0.0554623	0.973502
3.13333	0.965897	0.0663156	0.250292	-0.083572	0.994757	0.0589471	-0.245071	-0.0778542	0.966374
3.16667	0.959076	0.0689391	0.274627	-0.0927938	0.99287	0.0748245	-0.26751	-0.0972461	0.958635
3.2	0.952644	0.0708491	0.295718	-0.100393	0.99123	0.0859291	-0.287036	-0.111548	0.951403
3.23333	0.950863	0.0660366	0.302489	-0.0968877	0.991386	0.0881326	-0.294063	-0.113109	0.94907
3.26667	0.9558	0.0576293	0.288314	-0.0890627	0.99128	0.0971137	-0.280204	-0.118499	0.952598
3.3	0.967184	0.0461763	0.249845	-0.073121	0.992331	0.0996589	-0.243327	-0.114657	0.963144
3.33333	0.979522	0.0285246	0.199306	-0.0457353	0.995558	0.0822899	-0.196073	-0.0897201	0.976476
3.36667	0.989616	0.00660209	0.143585	-0.0133962	0.998833	0.0464022	-0.143111	-0.0478439	0.988549
3.4	0.996673	-0.0146422	0.0801743	0.0137507	0.999837	0.011661	-0.080332	-0.0105197	0.996713
3.43333	0.999444	-0.0315626	0.0107414	0.0317723	0.999296	-0.019947	-0.0101043	0.0202772	0.999743
3.46667	0.997116	-0.046222	-0.0601973	0.0426931	0.997366	-0.058645	0.0627494	0.0559059	0.996462
3.5	0.989298	-0.0610241	-0.132538	0.047543	0.993586	-0.102601	0.137949	0.0952019	0.985853
3.53333	0.975903	-0.0790717	-0.203374	0.0485809	0.987374	-0.150772	0.212728	0.137259	0.967423
3.56667	0.958035	-0.0998397	-0.268701	0.0442757	0.977675	-0.205407	0.28321	0.18489	0.941067
3.6	0.937432	-0.125233	-0.324865	0.0355516	0.962624	-0.268497	0.346348	0.240148	0.906847
3.63333	0.917085	-0.152884	-0.368215	0.0232302	0.942478	-0.333461	0.398015	0.297258	0.867883
3.66667	0.90203	-0.180541	-0.392106	0.0128359	0.919155	-0.393686	0.431483	0.350084	0.831423
3.7	0.89676	-0.199481	-0.395004	0.00730439	0.899182	-0.437514	0.442456	0.38946	0.807808
3.73333	0.902113	-0.202465	-0.38105	0.00206191	0.885097	-0.465401	0.431494	0.419059	0.798876
3.76667	0.91276	-0.197643	-0.3575	-0.00036251	0.874769	-0.484539	0.408496	0.442398	0.798383
3.8	0.927888	-0.184917	-0.323774	-0.00418674	0.863133	-0.50496	0.372835	0.469902	0.800116
3.83333	0.94272	-0.160621	-0.292368	-0.00781635	0.865569	-0.500728	0.333492	0.474332	0.814734
3.86667	0.956969	-0.133188	-0.257821	-0.00161599	0.885993	-0.463695	0.290187	0.444159	0.847653
3.9	0.970757	-0.105787	-0.2155	0.00956734	0.914009	-0.405581	0.239875	0.391659	0.888293
3.93333	0.98337	-0.0788105	-0.163624	0.0157614	0.934574	-0.355419	0.180929	0.34693	0.920274
3.96667	0.992986	-0.0495558	-0.107345	0.0141452	0.951194	-0.308269	0.117382	0.304589	0.945223
4	0.998596	-0.0176639	-0.0499436	0.00431358	0.966754	-0.255672	0.0527993	0.255097	0.965473
4.03333	0.999864	0.0139028	0.00882238	-0.0118042	0.978774	-0.204602	-0.0114796	0.20447	0.978806
4.06667	0.996929	0.0382583	0.0683301	-0.027205	0.987394	-0.155927	-0.0734343	0.15359	0.985402
4.1	0.990897	0.0494566	0.125212	-0.0350419	0.992769	-0.114813	-0.129985	0.10938	0.985464
4.13333	0.983433	0.0504989	0.174098	-0.0384516	0.996671	-0.071892	-0.177148	0.0640066	0.982101
4.16667	0.975431	0.0474808	0.215127	-0.0412652	0.998593	-0.0332951	-0.216405	0.0235998	0.976018
4.2	0.966022	0.0440437	0.254681	-0.0476662	0.998831	0.0080665	-0.254028	-0.0199321	0.966992
4.23333	0.955037	0.0458379	0.292922	-0.062713	0.996854	0.0484756	-0.289778	-0.064666	0.954907
4.26667	0.944986	0.0499477	0.323275	-0.0812581	0.99314	0.0840854	-0.316857	-0.105728	0.942562
4.3	0.940775	0.0518376	0.335045	-0.0923845	0.990041	0.10623	-0.326201	-0.130891	0.936195
4.33333	0.946257	0.0523409	0.319153	-0.0946732	0.988419	0.118597	-0.309249	-0.142438	0.940253
4.36667	0.958222	0.049005	0.281796	-0.0846955	0.989643	0.115898	-0.273198	-0.134923	0.952449
4.4	0.971629	0.0386373	0.233334	-0.0621872	0.993587	0.0944286	-0.228189	-0.10626	0.967801
4.43333	0.984109	0.0232447	0.176038	-0.0355251	0.997125	0.0669328	-0.173976	-0.0721229	0.982105
4.46667	0.994465	0.00928837	0.104657	-0.0125504	0.999454	0.0305534	-0.104316	-0.0316977	0.994039
4.5	0.999557	-0.00410635	0.0294848	0.00432582	0.999963	-0.00738352	-0.0294534	0.00750779	0.999538
4.53333	0.998871	-0.0154023	-0.044949	0.0133414	0.998862	-0.0457946	0.0456031	0.0451432	0.997939
4.56667	0.992294	-0.0267063	-0.12099	0.0161632	0.996051	-0.0872984	0.122844	0.0846701	0.988808
4.6	0.980332	-0.0373704	-0.193785	0.0122797	0.991556	-0.129095	0.196973	0.124176	0.972513
4.63333	0.962739	-0.0536735	-0.265053	0.00432305	0.983036	-0.183363	0.270399	0.175385	0.946639
4.66667	0.94069	-0.0774568	-0.330306	-0.00601558	0.969628	-0.24451	0.339213	0.231995	0.911654
4.7	0.917525	-0.112996	-0.381288	-0.0147211	0.948475	-0.316509	0.397407	0.296018	0.868586
4.73333	0.899918	-0.156136	-0.407147	-0.0189824	0.918785	-0.394301	0.435645	0.362567	0.823868
4.76667	0.893708	-0.19249	-0.405257	-0.018383	0.886814	-0.46176	0.448272	0.420129	0.789015
