0	1	0	0	0	1	0	0	0	1
0.0333333	0.968574	0.229012	0.097044	-0.238719	0.965485	0.104175	-0.0698372	-0.124068	0.989813
0.0666667	0.990973	0.130772	0.0295041	-0.132458	0.989043	0.0651884	-0.020656	-0.0685081	0.997437
0.1	0.996107	0.0865527	0.0167019	-0.0872487	0.995087	0.0467988	-0.0125693	-0.0480738	0.998765
0.133333	0.997478	0.0697536	0.0131139	-0.0702258	0.996734	0.0398803	-0.0102893	-0.0407007	0.999118
0.166667	0.997982	0.0624677	0.0114186	-0.0628474	0.997351	0.0366316	-0.00910009	-0.0372753	0.999264
0.2	0.998231	0.058529	0.0104315	-0.0588648	0.997635	0.0354776	-0.00833035	-0.0360288	0.999316
0.233333	0.998364	0.0563007	0.00994193	-0.0566147	0.99779	0.0347935	-0.00796105	-0.0352995	0.999345
0.266667	0.998437	0.0549798	0.0100282	-0.055292	0.997888	0.0340895	-0.00813275	-0.0345907	0.999368
0.3	0.998451	0.054615	0.0106384	-0.0549458	0.997918	0.0337841	-0.00877112	-0.0343163	0.999373
0.333333	0.998452	0.054362	0.011801	-0.0547343	0.997925	0.0339196	-0.00993257	-0.034513	0.999355
0.366667	0.998413	0.0547287	0.0132416	-0.055156	0.997885	0.0344042	-0.0113307	-0.0350799	0.99932
0.4	0.998444	0.0543371	0.0125339	-0.0547568	0.99785	0.0360041	-0.0105506	-0.0366344	0.999273
0.433333	0.998442	0.0546119	0.0114362	-0.0549966	0.997817	0.0365702	-0.00941408	-0.0371422	0.999266
0.466667	0.998518	0.0529291	0.0126614	-0.0533171	0.998046	0.0325675	-0.0109129	-0.0331943	0.999389
0.5	0.998559	0.0514092	0.0153707	-0.0518833	0.998133	0.0322265	-0.0136852	-0.0329776	0.999362
0.533333	0.998579	0.0504048	0.017306	-0.0509602	0.998145	0.0333086	-0.015595	-0.0341432	0.999295
0.566667	0.998631	0.0493816	0.0172388	-0.0499417	0.998182	0.0337286	-0.0155419	-0.0345434	0.999282
0.6	0.998656	0.0488699	0.0172825	-0.0494287	0.998214	0.0335363	-0.0156128	-0.0343455	0.999288
0.633333	0.998662	0.0485147	0.0178994	-0.0490895	0.998242	0.033205	-0.016257	-0.0340392	0.999288
0.666667	0.99866	0.0483931	0.0183447	-0.0489906	0.998232	0.0336572	-0.0166835	-0.0345108	0.999265
0.7	0.998679	0.0479541	0.0184652	-0.0485415	0.998283	0.0327976	-0.0168607	-0.0336506	0.999291
0.733333	0.998676	0.0483523	0.0175807	-0.0489044	0.998276	0.0324666	-0.0159806	-0.0332834	0.999318
0.766667	0.998689	0.048538	0.0162849	-0.0490313	0.998303	0.0314038	-0.014733	-0.0321611	0.999374
0.8	0.998701	0.0484949	0.0156102	-0.0489587	0.998324	0.0308427	-0.0140883	-0.0315669	0.999402
0.833333	0.9987	0.0487338	0.0149661	-0.0491771	0.998314	0.0308325	-0.0134383	-0.0315284	0.999413
0.866667	0.998701	0.048952	0.0141118	-0.0493722	0.998295	0.0311475	-0.012563	-0.0318038	0.999415
0.9	0.998712	0.0488534	0.0137084	-0.0492566	0.998311	0.0308048	-0.0121803	-0.0314404	0.999431
0.933333	0.998717	0.0487866	0.0136056	-0.0491819	0.998327	0.0304083	-0.0120993	-0.0310384	0.999445
0.966667	0.998711	0.0490071	0.013184	-0.0494025	0.99828	0.0315515	-0.0116151	-0.0321621	0.999415
1	0.99871	0.0491681	0.0126729	-0.04954	0.998293	0.0309252	-0.0111307	-0.0315132	0.999441
1.03333	0.9987	0.0493853	0.0126282	-0.0497475	0.998305	0.0301897	-0.0111158	-0.0307786	0.999464
1.06667	0.998657	0.0501424	0.0130249	-0.0505178	0.998264	0.0302959	-0.0114831	-0.0309132	0.999456
1.1	0.998593	0.0511258	0.0140568	-0.0515414	0.99819	0.0309944	-0.0124468	-0.0316753	0.999421
1.13333	0.998514	0.0520749	0.0160768	-0.0525777	0.998084	0.0326198	-0.0143473	-0.0334165	0.999339
1.16667	0.998423	0.0529312	0.018718	-0.0535728	0.997928	0.0356246	-0.0167936	-0.0365712	0.99919
1.2	0.998274	0.0546955	0.0213938	-0.055511	0.997673	0.0395885	-0.0191787	-0.0407078	0.998987
1.23333	0.998097	0.0566004	0.0244883	-0.0576635	0.997315	0.0451363	-0.0218678	-0.0464624	0.998681
1.26667	0.997972	0.0574139	0.027486	-0.0586706	0.997154	0.0473356	-0.0246901	-0.0488523	0.998501
1.3	0.997896	0.0569952	0.0309058	-0.0583688	0.997256	0.0455283	-0.0282261	-0.0472364	0.998485
1.33333	0.997788	0.0568041	0.0345354	-0.0581387	0.997548	0.0389507	-0.0322382	-0.0408724	0.998644
1.36667	0.997702	0.0553874	0.0390291	-0.0564422	0.998055	0.0264642	-0.0374874	-0.0286063	0.998888
1.4	0.997715	0.0525997	0.0423937	-0.0531203	0.998525	0.0112502	-0.0417394	-0.0134765	0.999038
1.43333	0.997738	0.0493567	0.0456386	-0.0490767	0.998769	-0.00723635	-0.0459396	0.00498019	0.998932
1.46667	0.998073	0.0361795	0.0504151	-0.0346478	0.998921	-0.0309303	-0.0514797	0.0291239	0.998249
1.5	0.998221	0.0101233	0.0587584	-0.00648698	0.998071	-0.0617494	-0.0592701	0.0612584	0.996361
1.53333	0.997117	-0.0205722	0.0730346	0.0275029	0.995078	-0.0951968	-0.0707168	0.096931	0.992776
1.56667	0.994642	-0.0458808	0.0926352	0.0567716	0.99132	-0.118583	-0.0863904	0.123207	0.988614
1.6	0.992237	-0.0614566	0.108117	0.0755453	0.988439	-0.131457	-0.0987883	0.138604	0.985408
1.63333	0.990609	-0.073401	0.11535	0.0897898	0.985496	-0.143998	-0.103107	0.153003	0.982832
1.66667	0.988521	-0.0888852	0.12217	0.10774	0.98161	-0.157588	-0.105916	0.168941	0.979919
1.7	0.985867	-0.107977	0.128091	0.129032	0.977049	-0.169489	-0.10685	0.183622	0.977173
1.73333	0.983443	-0.12466	0.131525	0.147848	0.971635	-0.18457	-0.104786	0.20096	0.973979
1.76667	0.981698	-0.136631	0.132672	0.1612	0.967093	-0.19684	-0.101412	0.214625	0.971417
1.8	0.980934	-0.141377	0.133343	0.166568	0.965094	-0.202113	-0.100115	0.22047	0.970242
1.83333	0.980705	-0.143021	0.13328	0.167989	0.965218	-0.200335	-0.0999925	0.218859	0.97062
1.86667	0.980375	-0.14611	0.132351	0.17021	0.966057	-0.194323	-0.0994664	0.213037	0.971968
1.9	0.979466	-0.152175	0.132248	0.175367	0.96668	-0.186481	-0.0994634	0.205844	0.973517
1.93333	0.977631	-0.162842	0.133116	0.185471	0.965928	-0.180508	-0.0991859	0.201159	0.974524
1.96667	0.974643	-0.177883	0.135754	0.200919	0.962746	-0.180976	-0.0985045	0.203662	0.974073
2	0.970053	-0.198536	0.139931	0.223375	0.955453	-0.192905	-0.0953987	0.218386	0.971188
2.03333	0.961649	-0.231932	0.14642	0.259152	0.94316	-0.208059	-0.0898422	0.238025	0.967095
2.06667	0.946488	-0.285553	0.150397	0.312723	0.926636	-0.208686	-0.0797727	0.244551	0.966349
2.1	0.937205	-0.318311	0.142564	0.342963	0.915407	-0.210729	-0.0634267	0.24639	0.967093
2.13333	0.932212	-0.336708	0.1327	0.357893	0.912154	-0.199717	-0.0537961	0.233671	0.970826
2.16667	0.933078	-0.339099	0.119906	0.355606	0.919749	-0.166148	-0.053943	0.197669	0.978784
2.2	0.945367	-0.307634	0.107899	0.320702	0.937036	-0.138252	-0.0585742	0.165302	0.984502
2.23333	0.961951	-0.25179	0.106079	0.262893	0.958721	-0.108354	-0.0744177	0.132118	0.988437
2.26667	0.977159	-0.185153	0.104302	0.192131	0.979453	-0.0613018	-0.0908082	0.0799412	0.992655
2.3	0.987408	-0.117147	0.106311	0.118339	0.992961	-0.00495365	-0.104982	0.017472	0.994321
2.33333	0.991398	-0.0567952	0.117915	0.0520703	0.997727	0.0427745	-0.120076	-0.0362667	0.992102
2.36667	0.9907	-0.00535748	0.135956	-0.00630048	0.996346	0.0851729	-0.135916	-0.0852375	0.987047
2.4	0.98708	0.0360859	0.156113	-0.0563512	0.990249	0.127402	-0.149993	-0.134553	0.979488
2.43333	0.982018	0.068357	0.175979	-0.0978063	0.98151	0.164533	-0.161479	-0.178787	0.970546
2.46667	0.976676	0.0929318	0.193564	-0.130326	0.973009	0.190443	-0.170642	-0.211228	0.962426
2.5	0.972329	0.104794	0.208792	-0.148384	0.967343	0.205498	-0.180439	-0.230793	0.956126
2.53333	0.968539	0.108533	0.223946	-0.158478	0.962819	0.218778	-0.191875	-0.247386	0.949729
2.56667	0.963391	0.12225	0.238607	-0.178731	0.956222	0.231721	-0.199833	-0.265884	0.943065
2.6	0.958202	0.146312	0.245848	-0.207112	0.947583	0.24329	-0.197365	-0.284039	0.93828
2.63333	0.953141	0.178528	0.244232	-0.240323	0.937192	0.252818	-0.183757	-0.299665	0.936181
2.66667	0.941232	0.229226	0.248069	-0.290265	0.924507	0.24705	-0.172711	-0.304537	0.936711
2.7	0.916231	0.309621	0.254275	-0.3641	0.908302	0.20596	-0.167189	-0.281288	0.944947
2.73333	0.897709	0.364151	0.248018	-0.409494	0.897327	0.16468	-0.162585	-0.249396	0.954656
2.76667	0.894449	0.376554	0.241181	-0.416317	0.898099	0.141769	-0.163221	-0.227213	0.960069
2.8	0.913999	0.339579	0.222019	-0.37226	0.919523	0.126091	-0.161334	-0.197896	0.966855
2.83333	0.940676	0.277975	0.194571	-0.30179	0.947537	0.105336	-0.155082	-0.157807	0.975216
2.86667	0.962991	0.211563	0.167003	-0.225845	0.971533	0.0715308	-0.147116	-0.1066	0.983358
2.9	0.977805	0.149923	0.146356	-0.154983	0.987632	0.0237431	-0.140987	-0.0458989	0.988947
2.93333	0.9867	0.0912173	0.134543	-0.0885114	0.995737	-0.0259705	-0.136338	0.0137165	0.990567
2.96667	0.990745	0.0404316	0.129577	-0.0313041	0.996933	-0.07172	-0.132079	0.0669999	0.988972
3	0.991586	-0.000103504	0.129453	0.0146437	0.993671	-0.111374	-0.128622	0.112332	0.985311
3.03333	0.990843	-0.0258494	0.13252	0.0445393	0.989138	-0.140076	-0.127459	0.144696	0.981232
3.06667	0.98976	-0.0391163	0.137275	0.0607728	0.985678	-0.157307	-0.129156	0.164039	0.977962
3.1	0.988354	-0.0498654	0.143769	0.0744264	0.982476	-0.170885	-0.132728	0.179596	0.974745
3.13333	0.986331	-0.0662988	0.150848	0.0943927	0.977723	-0.187477	-0.135058	0.199154	0.970617
3.16667	0.983181	-0.0970599	0.154708	0.128659	0.969302	-0.209524	-0.129622	0.225905	0.965487
3.2	0.97876	-0.140679	0.149126	0.172404	0.958417	-0.227409	-0.110933	0.248288	0.962313
3.23333	0.967724	-0.212617	0.135291	0.238658	0.94562	-0.221007	-0.0809436	0.246162	0.965843
3.26667	0.949518	-0.286885	0.126933	0.307565	0.93101	-0.196529	-0.061795	0.225648	0.972247
3.3	0.944549	-0.302954	0.126673	0.322296	0.929174	-0.181	-0.062867	0.211789	0.975291
3.33333	0.952526	-0.279187	0.121444	0.296975	0.939889	-0.168566	-0.0670827	0.196629	0.97818
3.36667	0.971682	-0.209414	0.109453	0.223935	0.963951	-0.143704	-0.0754134	0.164144	0.983549
3.4	0.986228	-0.129489	0.102895	0.139598	0.985347	-0.0980018	-0.0886971	0.111016	0.989853
3.43333	0.992463	-0.06088	0.106352	0.0654046	0.997073	-0.0395844	-0.103631	0.0462419	0.99354
3.46667	0.993116	-0.00498097	0.117031	0.00223672	0.99972	0.0235686	-0.117116	-0.0231446	0.992849
3.5	0.990272	0.0417068	0.13275	-0.0529514	0.995197	0.0823337	-0.128679	-0.088562	0.987724
3.53333	0.986006	0.0773277	0.147691	-0.0977823	0.985778	0.136678	-0.135021	-0.149207	0.979544
3.56667	0.980437	0.108589	0.164168	-0.138397	0.973381	0.182689	-0.13996	-0.201835	0.969368
3.6	0.975217	0.126915	0.181233	-0.164652	0.963452	0.211304	-0.147791	-0.235908	0.960471
3.63333	0.971569	0.127636	0.199406	-0.172775	0.958074	0.228569	-0.161872	-0.256522	0.952887
3.66667	0.967416	0.127513	0.218738	-0.181761	0.951195	0.24938	-0.176263	-0.281013	0.943379
3.7	0.961305	0.151602	0.230019	-0.210866	0.942235	0.260248	-0.177278	-0.298681	0.937743
3.73333	0.953706	0.199135	0.225365	-0.254014	0.934557	0.249159	-0.161001	-0.29487	0.941876
3.76667	0.927786	0.288732	0.236321	-0.338692	0.917442	0.208778	-0.15653	-0.273741	0.948981
3.8	0.902152	0.361759	0.23506	-0.404155	0.899296	0.16711	-0.150935	-0.245759	0.957508
3.83333	0.892384	0.385143	0.235192	-0.424279	0.893603	0.146499	-0.153745	-0.23052	0.960845
3.86667	0.907505	0.353967	0.226146	-0.39096	0.908649	0.146657	-0.153576	-0.221506	0.96299
3.9	0.935589	0.291731	0.198914	-0.321415	0.936866	0.137747	-0.146171	-0.192809	0.970288
3.93333	0.960793	0.220629	0.167927	-0.241029	0.96397	0.112543	-0.137046	-0.148606	0.979354
3.96667	0.978148	0.150279	0.143674	-0.161317	0.984524	0.0684801	-0.13116	-0.0901608	0.987253
4	0.988107	0.0860456	0.127436	-0.0880818	0.996059	0.0104194	-0.126037	-0.0215203	0.991792
4.03333	0.992524	0.0334917	0.117365	-0.0278984	0.99841	-0.0489802	-0.118819	0.0453398	0.99188
4.06667	0.993841	-0.00505381	0.110701	0.016051	0.99499	-0.0986774	-0.109648	0.0998465	0.988943
4.1	0.993468	-0.0333398	0.109132	0.0480361	0.989689	-0.134941	-0.103508	0.139302	0.984825
4.13333	0.992291	-0.0461519	0.115012	0.0645438	0.984724	-0.161716	-0.105792	0.167893	0.980112
4.16667	0.990218	-0.0532699	0.128961	0.0757691	0.981398	-0.176401	-0.117165	0.184447	0.975834
4.2	0.98811	-0.0699205	0.136932	0.0947104	0.97838	-0.183853	-0.121117	0.194636	0.973369
4.23333	0.985789	-0.102852	0.132823	0.127861	0.972206	-0.19613	-0.108959	0.210326	0.97154
4.26667	0.98138	-0.148196	0.122193	0.171544	0.962423	-0.210509	-0.0864048	0.227551	0.969925
4.3	0.96594	-0.231104	0.116404	0.251233	0.945319	-0.207976	-0.0619748	0.230137	0.971183
4.33333	0.948262	-0.294802	0.117855	0.312837	0.930915	-0.188497	-0.0541439	0.215614	0.974976
4.36667	0.94309	-0.310956	0.117843	0.328072	0.927919	-0.177015	-0.0543049	0.205602	0.977128
4.4	0.952673	-0.283504	0.109728	0.298604	0.940378	-0.162865	-0.0570132	0.187923	0.980528
4.43333	0.971669	-0.213416	0.101553	0.225851	0.965057	-0.132875	-0.0696465	0.152046	0.985916
4.46667	0.984301	-0.145825	0.099433	0.155006	0.983633	-0.0918674	-0.084409	0.105838	0.990794
4.5	0.99075	-0.0892475	0.102221	0.0936917	0.994816	-0.0395236	-0.0981637	0.0487352	0.993976
4.53333	0.993329	-0.0379698	0.108885	0.0360097	0.999153	0.019913	-0.109549	-0.0158592	0.993855
4.56667	0.992803	0.009626	0.119369	-0.0187747	0.99695	0.0757567	-0.118275	-0.0774527	0.989956
4.6	0.990505	0.0467053	0.129302	-0.0634157	0.989706	0.128297	-0.121979	-0.135279	0.983271
4.63333	0.987196	0.0755806	0.140472	-0.0993607	0.980276	0.170843	-0.124789	-0.182613	0.975234
4.66667	0.98352	0.092623	0.155273	-0.12211	0.973636	0.19267	-0.133334	-0.208455	0.968901
4.7	0.979709	0.101069	0.173075	-0.135654	0.97007	0.2014	-0.14754	-0.220791	0.964097
4.73333	0.975247	0.115363	0.18864	-0.155025	0.965054	0.211279	-0.157673	-0.235293	0.95905
4.76667	0.970808	0.143071	0.192514	-0.185079	0.957358	0.221834	-0.152567	-0.250989	0.955891
