0	0	1	0	0	0	-1	-1	0	0
0.0333333	0.997562	-0.0677229	0.016842	0.0696406	0.950508	-0.302796	0.00449781	0.303231	0.952906
0.0666667	0.999279	-0.0352899	0.0139872	0.0373054	0.981105	-0.189845	-0.0070233	0.19023	0.981714
0.1	0.99952	-0.0271369	0.0149195	0.028668	0.993021	-0.114398	-0.011711	0.114771	0.993323
0.133333	0.999618	-0.0226142	0.0158891	0.023563	0.997778	-0.0623133	-0.0144447	0.0626639	0.99793
0.166667	0.99969	-0.0188201	0.0162905	0.0192649	0.999434	-0.0275922	-0.015762	0.0278975	0.999487
0.2	0.999742	-0.0149502	0.0170784	0.015009	0.999882	-0.00332369	-0.0170267	0.00357917	0.999849
0.233333	0.99977	-0.0123556	0.01753	0.0121326	0.999845	0.0127687	-0.0176851	-0.012553	0.999765
0.266667	0.999767	-0.0117162	0.0181191	0.0113103	0.999686	0.0223429	-0.0183752	-0.0221328	0.999586
0.3	0.99974	-0.0123563	0.0191381	0.0118034	0.999517	0.0287387	-0.019484	-0.0285053	0.999404
0.333333	0.999732	-0.0130905	0.0190809	0.0124414	0.999353	0.0337486	-0.0195104	-0.0335022	0.999248
0.366667	0.999716	-0.0144751	0.018916	0.0137475	0.999182	0.0380409	-0.0194511	-0.03777	0.999097
0.4	0.999718	-0.0157499	0.0177448	0.0150063	0.999035	0.0412888	-0.018378	-0.0410109	0.99899
0.433333	0.999721	-0.0171949	0.0161901	0.0164672	0.998893	0.0440576	-0.0169298	-0.0437787	0.998898
0.466667	0.999754	-0.0178005	0.0132539	0.0171665	0.998771	0.0465048	-0.0140654	-0.0462658	0.99883
0.5	0.999774	-0.0186581	0.0101609	0.0181392	0.998635	0.0489716	-0.0110608	-0.0487762	0.998748
0.533333	0.999785	-0.0198378	0.0060106	0.0195003	0.998468	0.0517839	-0.00702867	-0.0516556	0.99864
0.566667	0.999764	-0.0215682	0.00245845	0.0214014	0.998271	0.0547473	-0.003635	-0.0546818	0.998497
0.6	0.999712	-0.0239762	-0.000541804	0.023969	0.998149	0.0558921	-0.00079928	-0.055889	0.998437
0.633333	0.99968	-0.0252058	-0.0020607	0.0252813	0.998136	0.0555488	0.00065671	-0.0555831	0.998454
0.666667	0.99968	-0.0251282	-0.00301315	0.0252568	0.998136	0.055563	0.00161134	-0.0556213	0.998451
0.7	0.999688	-0.0247764	-0.00327938	0.024918	0.998214	0.0542999	0.00192817	-0.0543646	0.998519
0.733333	0.999712	-0.0238725	-0.00258073	0.0239734	0.998399	0.0512402	0.00135337	-0.0512873	0.998683
0.766667	0.999724	-0.0232918	-0.00320347	0.0234155	0.998647	0.0464367	0.00211754	-0.0464989	0.998916
0.8	0.999734	-0.0227883	-0.00355422	0.0229227	0.998769	0.0439899	0.00254739	-0.0440597	0.999026
0.833333	0.999719	-0.023337	-0.00423343	0.0234951	0.998833	0.0422087	0.00324347	-0.0422963	0.9991
0.866667	0.999725	-0.0229726	-0.00460673	0.0231529	0.998767	0.0439158	0.00359219	-0.0440104	0.999025
0.9	0.999744	-0.0221357	-0.00473948	0.022329	0.99871	0.0456021	0.00372393	-0.0456963	0.998948
0.933333	0.999761	-0.0214716	-0.00421971	0.0216428	0.998711	0.0459216	0.00322826	-0.0460019	0.998936
0.966667	0.99979	-0.0202491	-0.00327483	0.0203801	0.998699	0.0467375	0.00232418	-0.0467944	0.998902
1	0.999809	-0.0194345	-0.00206909	0.0195093	0.998743	0.0461773	0.00116905	-0.0462089	0.998931
1.03333	0.999825	-0.0186706	-0.00148683	0.018719	0.998786	0.0455684	0.000634232	-0.0455882	0.99896
1.06667	0.99985	-0.0172945	0.000574955	0.0172496	0.998785	0.046153	-0.00137245	-0.0461362	0.998934
1.1	0.999853	-0.0169447	0.00265893	0.0168087	0.998856	0.0447665	-0.00341444	-0.0447152	0.998994
1.13333	0.999857	-0.0163784	0.004326	0.0161746	0.99892	0.0435563	-0.00503471	-0.0434801	0.999042
1.16667	0.999865	-0.0153478	0.00594255	0.0150767	0.99895	0.0432554	-0.00660019	-0.0431599	0.999046
1.2	0.999871	-0.0142291	0.00750042	0.0138923	0.99897	0.0431909	-0.00810726	-0.0430811	0.999039
1.23333	0.99988	-0.012752	0.00875979	0.0123659	0.999007	0.0428046	-0.00929694	-0.0426911	0.999045
1.26667	0.999883	-0.0111295	0.0104673	0.0106886	0.999091	0.0412709	-0.0109171	-0.0411542	0.999093
1.3	0.999883	-0.00984609	0.0117364	0.00937629	0.999178	0.0394332	-0.0121151	-0.0393185	0.999153
1.33333	0.999873	-0.00911266	0.0130791	0.008618	0.999264	0.0373914	-0.0134102	-0.037274	0.999215
1.36667	0.99986	-0.00844033	0.0144287	0.00791863	0.999326	0.0358397	-0.0147215	-0.0357204	0.999253
1.4	0.999856	-0.00709912	0.01541	0.00653757	0.999324	0.0361903	-0.0156564	-0.0360843	0.999226
1.43333	0.999852	-0.00617938	0.0160861	0.00558361	0.999306	0.036822	-0.0163025	-0.0367267	0.999192
1.46667	0.99984	-0.00573261	0.0169203	0.0051159	0.999329	0.0362689	-0.0171168	-0.0361766	0.999199
1.5	0.999815	-0.00615969	0.0182416	0.00556018	0.999449	0.0327353	-0.0184332	-0.0326278	0.999298
1.53333	0.999791	-0.00646033	0.0193763	0.00591866	0.999594	0.0278839	-0.0195486	-0.0277634	0.999423
1.56667	0.999766	-0.00714006	0.0204127	0.00666191	0.999704	0.0233972	-0.0205737	-0.0232558	0.999518
1.6	0.999734	-0.0077613	0.0217099	0.00730942	0.999757	0.0208169	-0.0218662	-0.0206526	0.999548
1.63333	0.999682	-0.00796954	0.0239392	0.00751212	0.999789	0.0191371	-0.0240867	-0.0189512	0.99953
1.66667	0.999583	-0.0085749	0.0275687	0.00814081	0.999842	0.0158195	-0.0277	-0.0155885	0.999495
1.7	0.99944	-0.00933585	0.0321342	0.00893993	0.999883	0.0124424	-0.0322466	-0.0121482	0.999406
1.73333	0.999289	-0.00931592	0.0365252	0.00892094	0.9999	0.0109621	-0.0366236	-0.0106285	0.999273
1.76667	0.999108	-0.00900251	0.0412642	0.00851397	0.999892	0.0119997	-0.0413678	-0.0116377	0.999076
1.8	0.99889	-0.00934314	0.0461579	0.00871057	0.999866	0.0138868	-0.0462815	-0.0134693	0.998838
1.83333	0.998638	-0.0106477	0.0510664	0.00993741	0.999851	0.014143	-0.0512093	-0.0136163	0.998595
1.86667	0.99833	-0.0123853	0.0564325	0.0116176	0.999836	0.0139121	-0.0565955	-0.0132332	0.998309
1.9	0.997788	-0.0166231	0.0643707	0.0162081	0.999844	0.00696283	-0.0644765	-0.0059041	0.997902
1.93333	0.996871	-0.0240508	0.0753045	0.024865	0.999642	-0.00989267	-0.0750396	0.0117341	0.997112
1.96667	0.994766	-0.0427042	0.0928245	0.0475586	0.997579	-0.0507283	-0.0904335	0.0548774	0.994389
2	0.989512	-0.0754147	0.123205	0.0913226	0.987425	-0.129041	-0.111924	0.138939	0.983956
2.03333	0.981721	-0.104523	0.159054	0.13531	0.971007	-0.197071	-0.133844	0.214991	0.967401
2.06667	0.973797	-0.125789	0.189465	0.168037	0.959351	-0.226736	-0.153243	0.252632	0.95535
2.1	0.969261	-0.133688	0.206543	0.178821	0.959381	-0.218198	-0.168983	0.248425	0.953798
2.13333	0.972178	-0.110119	0.206745	0.147053	0.973928	-0.172743	-0.182333	0.19834	0.963025
2.16667	0.980574	-0.0588212	0.187123	0.0820818	0.989485	-0.11909	-0.178151	0.132136	0.975091
2.2	0.989783	-0.00836743	0.142334	0.0171182	0.998029	-0.0603676	-0.141548	0.0621873	0.987976
2.23333	0.995809	0.0265035	0.0875381	-0.0248543	0.999493	-0.0198762	-0.0880205	0.0176172	0.995963
2.26667	0.998795	0.0425868	0.0244009	-0.0429526	0.998969	0.0146681	-0.023751	-0.0156985	0.999595
2.3	0.998864	0.0250424	-0.0405406	-0.0238972	0.999308	0.028492	0.0412261	-0.0274909	0.998772
2.33333	0.993694	-0.0259841	-0.109078	0.0328956	0.997531	0.0620499	0.107196	-0.0652468	0.992095
2.36667	0.980767	-0.072877	-0.181069	0.106973	0.976644	0.186344	0.16326	-0.202129	0.965655
2.4	0.97009	-0.0769686	-0.230218	0.151375	0.93322	0.325861	0.189763	-0.350964	0.916959
2.43333	0.966806	-0.0769652	-0.243645	0.169342	0.907063	0.385434	0.191336	-0.413899	0.889988
2.46667	0.970345	-0.0821504	-0.227336	0.169085	0.902775	0.395483	0.172744	-0.422194	0.889894
2.5	0.978224	-0.076848	-0.192801	0.149832	0.904285	0.399775	0.143625	-0.419957	0.896107
2.53333	0.986996	-0.0573563	-0.150165	0.10863	0.926574	0.360084	0.118486	-0.371714	0.920755
2.56667	0.996857	-0.00523401	-0.0790444	0.0320532	0.939136	0.342048	0.0724431	-0.343507	0.936352
2.6	0.998212	0.0594371	0.00634067	-0.0573706	0.922885	0.380778	0.0167806	-0.38046	0.924645
2.63333	0.993984	0.0843217	0.0699017	-0.105175	0.912958	0.394266	-0.0305721	-0.399246	0.916334
2.66667	0.992796	0.0551465	0.106376	-0.0859741	0.946234	0.311848	-0.0834595	-0.318747	0.944158
2.7	0.991238	0.0172296	0.130959	-0.0423501	0.98057	0.191542	-0.125114	-0.19541	0.972708
2.73333	0.988493	0.000633821	0.151265	-0.0146323	0.995702	0.0914477	-0.150557	-0.0926087	0.984254
2.76667	0.98639	-0.000602193	0.164424	-0.00695926	0.998944	0.0454076	-0.164278	-0.0459338	0.985344
2.8	0.984119	-0.000257505	0.177511	-0.00698393	0.999169	0.0401683	-0.177374	-0.0407701	0.983299
2.83333	0.982976	-0.00525831	0.18366	-0.00443617	0.99862	0.0523342	-0.183682	-0.052258	0.981596
2.86667	0.982182	-0.0205206	0.18681	0.0080382	0.997698	0.0673323	-0.187762	-0.0646309	0.980086
2.9	0.977305	-0.0533052	0.205021	0.0343197	0.994879	0.0950706	-0.209038	-0.0858767	0.974129
2.93333	0.967603	-0.0908648	0.235559	0.0626305	0.990216	0.1247	-0.244586	-0.105907	0.963827
2.96667	0.964007	-0.0858216	0.251643	0.0525578	0.989306	0.136056	-0.260629	-0.117933	0.958209
3	0.969543	-0.0609126	0.237226	0.0212709	0.985862	0.166206	-0.243996	-0.156098	0.957131
3.03333	0.977475	-0.0333086	0.208405	-0.0124647	0.976633	0.214554	-0.210682	-0.212319	0.954219
3.06667	0.985363	-0.0369498	0.166417	-0.00723734	0.966279	0.257396	-0.170316	-0.254833	0.951868
3.1	0.990577	-0.0951571	0.0985019	0.0565806	0.939298	0.338405	-0.124724	-0.329643	0.935831
3.13333	0.987984	-0.152716	0.0237791	0.116371	0.836278	0.535814	-0.101713	-0.526608	0.844001
3.16667	0.985364	-0.169396	-0.019031	0.137391	0.723147	0.676891	-0.1009	-0.669599	0.735837
3.2	0.995124	-0.085306	-0.0495166	0.0919595	0.620836	0.778529	-0.0356715	-0.779286	0.625653
3.23333	0.993764	0.0328152	-0.106566	0.0612689	0.637806	0.767756	0.0931624	-0.769498	0.631818
3.26667	0.986873	0.119271	-0.108884	-0.0358886	0.819324	0.572206	0.157458	-0.560787	0.812849
3.3	0.997309	0.0466517	-0.0565579	-0.0169973	0.897537	0.440612	0.0713181	-0.438465	0.895914
3.33333	0.999084	0.00799561	-0.0420333	0.015456	0.848608	0.528796	0.0398978	-0.528962	0.847707
3.36667	0.998386	-0.0170034	-0.0541815	0.0453585	0.812838	0.58072	0.0341666	-0.582241	0.812298
3.4	0.997859	-0.00985079	-0.0646524	0.0462184	0.805646	0.590592	0.0462691	-0.592316	0.804376
3.43333	0.998768	0.000156451	-0.0496143	0.0273985	0.83195	0.554174	0.0413633	-0.554851	0.830921
3.46667	0.999781	-0.0127467	0.0166269	0.00250653	0.860694	0.509117	-0.0208002	-0.508963	0.860537
3.5	0.992616	-0.0376345	0.11531	-0.0301524	0.84425	0.5351	-0.117489	-0.534626	0.836882
3.53333	0.975825	-0.092962	0.197798	-0.0261706	0.848816	0.528041	-0.216982	-0.520452	0.825862
3.56667	0.960026	-0.139239	0.242822	-0.0136567	0.843166	0.53748	-0.279577	-0.519311	0.80756
3.6	0.95921	-0.203484	0.196239	0.0668673	0.837792	0.54188	-0.274671	-0.506655	0.817225
3.63333	0.973357	-0.227423	0.0292437	0.174914	0.818909	0.54662	-0.148262	-0.526941	0.83687
3.66667	0.963897	-0.178481	-0.197606	0.261263	0.777257	0.572376	0.0514318	-0.603338	0.795825
3.7	0.955773	-0.0386113	-0.29156	0.229009	0.719716	0.655411	0.184534	-0.693194	0.696727
3.73333	0.974989	0.0160763	-0.221671	0.13846	0.736253	0.66239	0.173855	-0.676516	0.715612
3.76667	0.993389	-0.017272	-0.11349	0.0769525	0.833801	0.546675	0.0851861	-0.551795	0.829618
3.8	0.998818	0.0146191	0.0463496	-0.0345236	0.884669	0.464939	-0.0342071	-0.465989	0.884129
3.83333	0.979911	0.0130629	0.199006	-0.120479	0.833969	0.538499	-0.158931	-0.551657	0.818789
3.86667	0.964707	-0.0849962	0.24923	-0.052507	0.865376	0.498365	-0.258036	-0.493863	0.830371
3.9	0.97492	-0.0938475	0.201802	-0.0390553	0.820532	0.570265	-0.219103	-0.563844	0.796288
3.93333	0.99513	-0.0757056	0.0631267	0.0198564	0.781247	0.623906	-0.0965507	-0.619614	0.778946
3.96667	0.998079	-0.0242597	-0.0570034	0.0560605	0.745279	0.664391	0.0263655	-0.666311	0.745208
4	0.995705	0.0264636	-0.088721	0.0490398	0.662059	0.747845	0.0785293	-0.748984	0.657918
4.03333	0.995697	0.0256233	-0.0890562	0.0532976	0.627818	0.776533	0.0758085	-0.777938	0.623751
4.06667	0.993118	0.0272407	-0.113908	0.0693318	0.647115	0.759233	0.0943935	-0.761905	0.640773
4.1	0.992258	0.0208938	-0.122424	0.0787412	0.656457	0.750243	0.0960413	-0.754074	0.649729
4.13333	0.989611	0.0572032	-0.1319	0.0799282	0.543693	0.835469	0.119505	-0.837332	0.533473
4.16667	0.987475	0.114368	-0.108686	0.0442899	0.460231	0.886694	0.15143	-0.880402	0.449401
4.2	0.988138	0.128043	-0.0847859	0.00749009	0.511259	0.859394	0.153387	-0.849835	0.504236
4.23333	0.993791	0.0888746	-0.066942	0.000463264	0.598334	0.801247	0.111264	-0.796303	0.594578
4.26667	0.993022	0.0921777	-0.0735588	0.000167479	0.622644	0.782506	0.11793	-0.777057	0.618283
4.3	0.989481	0.114058	-0.088986	-0.00167374	0.624105	0.781338	0.144655	-0.77297	0.617731
4.33333	0.990106	0.116248	-0.0785899	-0.013731	0.637649	0.770204	0.139647	-0.761505	0.632937
4.36667	0.992743	0.1018	-0.064021	-0.0241704	0.690405	0.72302	0.117804	-0.716225	0.687855
4.4	0.996238	0.0836768	-0.0225394	-0.0446053	0.718128	0.69448	0.074298	-0.690862	0.719159
4.43333	0.996953	0.0769204	-0.0129412	-0.0522067	0.781286	0.621987	0.0579542	-0.619416	0.782921
4.46667	0.996727	0.0807821	-0.0032411	-0.064118	0.814265	0.576942	0.0492457	-0.574846	0.816779
4.5	0.996832	0.078287	0.0140445	-0.07367	0.842237	0.534051	0.0299805	-0.533394	0.845336
4.53333	0.99685	0.072288	0.0326202	-0.0790736	0.8744	0.478719	0.0060825	-0.47979	0.877362
4.56667	0.996096	0.0688891	0.0552076	-0.0861247	0.89568	0.436279	-0.0193935	-0.43933	0.898116
4.6	0.996341	0.0512519	0.0683893	-0.0743243	0.91465	0.397355	-0.042187	-0.400985	0.915113
4.63333	0.996473	0.037046	0.0752919	-0.0623205	0.927575	0.368403	-0.056191	-0.371796	0.926612
4.66667	0.997018	0.0283889	0.0717538	-0.0533405	0.925488	0.375002	-0.0557614	-0.377712	0.924243
4.7	0.99804	0.0161272	0.0604666	-0.0371665	0.930114	0.365384	-0.0503483	-0.366915	0.928891
4.73333	0.998442	0.0161099	0.0534278	-0.0348515	0.927758	0.371551	-0.0435825	-0.372834	0.926874
4.76667	0.998104	0.0186633	0.0586577	-0.0400238	0.920758	0.388075	-0.0467668	-0.389687	0.919759
4.8	0.99769	0.015157	0.0662212	-0.0400513	0.918597	0.393161	-0.0548715	-0.394905	0.917082
4.83333	0.996915	0.0197866	0.0759538	-0.0491344	0.911958	0.40733	-0.061207	-0.409806	0.910117
4.86667	0.996935	0.00906327	0.0777026	-0.040217	0.911337	0.409692	-0.0671001	-0.411561	0.908909
4.9	0.997764	-0.00210316	0.0667969	-0.0236687	0.9236	0.382627	-0.0624983	-0.383353	0.921485
4.93333	0.998616	0.00656043	0.0521787	-0.0253217	0.929584	0.367739	-0.0460919	-0.368552	0.928464
4.96667	0.998918	0.0125794	0.0447761	-0.0270789	0.94003	0.340015	-0.0378137	-0.340859	0.939354
5	0.998858	0.0144495	0.0455477	-0.0273914	0.954176	0.29799	-0.0391547	-0.298897	0.953482
5.03333	0.998676	0.0212147	0.0468614	-0.0336144	0.958726	0.282339	-0.0389375	-0.28354	0.95817
5.06667	0.998523	0.0210525	0.050095	-0.0340815	0.960665	0.275611	-0.0423222	-0.276911	0.959963
5.1	0.998395	0.0150326	0.0546008	-0.0291128	0.963216	0.267147	-0.0485765	-0.268308	0.962108
5.13333	0.998233	0.0114343	0.0583132	-0.026801	0.962468	0.270069	-0.0530365	-0.271155	0.961074
