0	0.955863	-0.293814	0	0.293814	0.955863	0	0	0	1
0.0333333	0.859143	-0.463039	-0.21787	0.449975	0.886328	-0.109292	0.243711	-0.00413824	0.969839
0.0666667	0.796091	-0.464633	-0.387758	0.419781	0.885494	-0.199211	0.435917	-0.00418371	0.899977
0.1	0.748312	-0.45055	-0.486861	0.374609	0.892737	-0.250376	0.547446	0.00497689	0.836826
0.133333	0.718115	-0.43492	-0.543282	0.335122	0.900301	-0.277762	0.609921	0.0173989	0.792271
0.166667	0.700907	-0.421431	-0.575434	0.305003	0.906385	-0.2923	0.644749	0.0293659	0.76383
0.2	0.691907	-0.410764	-0.593748	0.283284	0.91089	-0.30005	0.664089	0.0394077	0.746614
0.233333	0.687782	-0.402591	-0.60405	0.267956	0.914155	-0.304172	0.674652	0.0473452	0.736616
0.266667	0.686593	-0.39592	-0.609785	0.25652	0.9167	-0.306362	0.680285	0.053924	0.730961
0.3	0.686825	-0.39097	-0.612711	0.248597	0.918521	-0.307439	0.682987	0.0588385	0.728057
0.333333	0.687615	-0.388134	-0.613627	0.244395	0.919538	-0.307768	0.683708	0.0616585	0.727146
0.366667	0.688164	-0.386676	-0.613931	0.24231	0.920054	-0.307875	0.683898	0.0631074	0.726843
0.4	0.688769	-0.385868	-0.613761	0.241306	0.920338	-0.307816	0.683643	0.06391	0.727013
0.433333	0.689613	-0.385716	-0.612909	0.241482	0.920391	-0.307517	0.68273	0.0640612	0.727857
0.466667	0.690324	-0.385972	-0.611946	0.242254	0.920301	-0.307179	0.681737	0.0638071	0.728809
0.5	0.689944	-0.386863	-0.611813	0.2435	0.919988	-0.307132	0.681678	0.0629274	0.728941
0.533333	0.688215	-0.388187	-0.61292	0.244774	0.919519	-0.307525	0.682968	0.0616165	0.727845
0.566667	0.684568	-0.389618	-0.616088	0.245268	0.919008	-0.308655	0.686447	0.0601888	0.724684
0.6	0.679801	-0.390547	-0.620761	0.244402	0.918674	-0.310331	0.691476	0.0592485	0.719966
0.633333	0.676189	-0.390311	-0.624841	0.24221	0.918759	-0.311795	0.695775	0.0594893	0.715792
0.666667	0.674274	-0.389556	-0.627376	0.240011	0.919029	-0.3127	0.698391	0.0602684	0.713175
0.7	0.674376	-0.388308	-0.62804	0.238001	0.919471	-0.312935	0.69898	0.0615622	0.712487
0.733333	0.676126	-0.386936	-0.627005	0.236611	0.919953	-0.312571	0.69776	0.0629811	0.713557
0.766667	0.678687	-0.384635	-0.625651	0.23411	0.920753	-0.312101	0.696115	0.0653477	0.71495
0.8	0.680481	-0.383491	-0.624404	0.233131	0.921146	-0.311672	0.694691	0.0665189	0.716226
0.833333	0.680163	-0.383274	-0.624884	0.232618	0.92122	-0.311837	0.695175	0.0667406	0.715736
0.866667	0.679029	-0.38455	-0.625333	0.234141	0.920782	-0.311991	0.695771	0.065435	0.715276
0.9	0.677599	-0.385358	-0.626386	0.234753	0.920503	-0.312355	0.696958	0.0646051	0.714195
0.933333	0.676444	-0.385303	-0.627667	0.234087	0.920522	-0.312798	0.698303	0.0646616	0.712876
0.966667	0.676311	-0.385207	-0.627868	0.233863	0.920555	-0.312868	0.698506	0.0647614	0.712667
1	0.677101	-0.384733	-0.627308	0.233478	0.920719	-0.312674	0.69787	0.0652496	0.713246
1.03333	0.678167	-0.384886	-0.62606	0.234261	0.920666	-0.312244	0.696571	0.0650924	0.714529
1.06667	0.680055	-0.384201	-0.624431	0.234081	0.920902	-0.311682	0.694788	0.0657932	0.716198
1.1	0.681488	-0.383563	-0.62326	0.233754	0.921121	-0.311279	0.693494	0.0664438	0.717392
1.13333	0.682583	-0.382935	-0.622448	0.233276	0.921336	-0.311001	0.692577	0.0670821	0.718218
1.16667	0.683041	-0.382628	-0.622134	0.233004	0.921441	-0.310894	0.692216	0.0673938	0.718536
1.2	0.683344	-0.382245	-0.622037	0.232532	0.921572	-0.310861	0.692077	0.0677813	0.718634
1.23333	0.684145	-0.381321	-0.621723	0.231429	0.921885	-0.310754	0.691655	0.068716	0.718952
1.26667	0.685246	-0.380053	-0.621287	0.22992	0.922312	-0.310607	0.691068	0.0699963	0.719392
1.3	0.686067	-0.379283	-0.620852	0.229081	0.92257	-0.310462	0.690532	0.0707721	0.719831
1.33333	0.686419	-0.378571	-0.620897	0.228103	0.922807	-0.310477	0.690505	0.0714883	0.719786
1.36667	0.686551	-0.37712	-0.621633	0.225818	0.923287	-0.31072	0.691125	0.0729493	0.719044
1.4	0.686736	-0.376408	-0.621861	0.224758	0.923521	-0.310795	0.691287	0.0736657	0.718815
1.43333	0.686525	-0.376559	-0.622002	0.224898	0.923471	-0.310841	0.691451	0.0735133	0.718674
1.46667	0.686384	-0.376832	-0.621992	0.225269	0.923382	-0.310838	0.69147	0.0732387	0.718683
1.5	0.686742	-0.375721	-0.622269	0.223649	0.923745	-0.310928	0.69164	0.0743574	0.718405
1.53333	0.688236	-0.37375	-0.621806	0.22121	0.924383	-0.310778	0.69094	0.0763393	0.71887
1.56667	0.689444	-0.371668	-0.621715	0.218455	0.925047	-0.310749	0.690611	0.0784273	0.718961
1.6	0.690443	-0.370672	-0.621201	0.217352	0.925362	-0.310587	0.689961	0.0794235	0.719476
1.63333	0.692502	-0.37033	-0.619109	0.217833	0.925469	-0.309929	0.687743	0.0797637	0.721559
1.66667	0.696353	-0.369829	-0.615077	0.218961	0.925627	-0.30866	0.683483	0.0802582	0.725541
1.7	0.701346	-0.369647	-0.609487	0.221181	0.925684	-0.3069	0.677637	0.0804359	0.730984
1.73333	0.708261	-0.369246	-0.601684	0.224041	0.925811	-0.304433	0.669456	0.0808167	0.738442
1.76667	0.715658	-0.369136	-0.592936	0.227624	0.925846	-0.301656	0.660319	0.0809157	0.746613
1.8	0.721785	-0.369741	-0.58508	0.231688	0.925653	-0.299144	0.652187	0.0803613	0.753787
1.83333	0.727329	-0.37093	-0.577411	0.236361	0.925269	-0.296666	0.644303	0.0792966	0.760648
1.86667	0.732455	-0.371338	-0.57063	0.239624	0.925136	-0.294454	0.637252	0.0789383	0.766602
1.9	0.737471	-0.371949	-0.563729	0.243145	0.924935	-0.29219	0.630092	0.0784137	0.772551
1.93333	0.744824	-0.372701	-0.553471	0.248099	0.924685	-0.288798	0.619422	0.0777879	0.781195
1.96667	0.754412	-0.367974	-0.543561	0.246041	0.926241	-0.285554	0.608545	0.0816866	0.789304
2	0.769726	-0.35143	-0.532934	0.229799	0.9314	-0.282287	0.595579	0.0948164	0.797681
2.03333	0.788082	-0.33623	-0.515632	0.217751	0.93576	-0.277378	0.57577	0.106317	0.81067
2.06667	0.797464	-0.341271	-0.497579	0.22993	0.934331	-0.272318	0.557838	0.102756	0.823564
2.1	0.797893	-0.365377	-0.479443	0.264171	0.926864	-0.266714	0.54183	0.0861546	0.836061
2.13333	0.797743	-0.399903	-0.451314	0.313245	0.914372	-0.256519	0.515252	0.0632638	0.854701
2.16667	0.799575	-0.435347	-0.413707	0.365237	0.899321	-0.240466	0.476741	0.0411696	0.878079
2.2	0.80428	-0.451997	-0.385787	0.392009	0.891463	-0.227206	0.446612	0.0315054	0.894173
2.23333	0.803895	-0.446716	-0.39268	0.384179	0.894011	-0.230544	0.454048	0.0344741	0.89031
2.26667	0.78355	-0.434198	-0.444434	0.354177	0.899831	-0.254681	0.510498	0.0421472	0.858846
2.3	0.710911	-0.438059	-0.550191	0.319449	0.898094	-0.302291	0.626544	0.0391443	0.778402
2.33333	0.558396	-0.449922	-0.696968	0.258351	0.892685	-0.36928	0.78832	0.0261417	0.61471
2.36667	0.349044	-0.446412	-0.823945	0.135142	0.894031	-0.427135	0.927311	0.0377394	0.372385
2.4	0.214681	-0.417856	-0.882784	-0.0598304	0.896535	-0.438915	0.97485	0.147044	0.167468
2.43333	0.159181	-0.388892	-0.907427	-0.266777	0.868009	-0.418796	0.950522	0.308745	0.034423
2.46667	0.110617	-0.371838	-0.921684	-0.417568	0.824164	-0.38261	0.901887	0.427189	-0.0641008
2.5	0.115684	-0.369158	-0.922139	-0.437137	0.814713	-0.380992	0.891924	0.447175	-0.0671237
2.53333	0.169794	-0.376959	-0.910534	-0.362603	0.835235	-0.413403	0.916345	0.400356	0.00513109
2.56667	0.244748	-0.397891	-0.884184	-0.225523	0.863546	-0.45103	0.942994	0.309793	0.121618
2.6	0.378667	-0.426129	-0.821599	-0.0524194	0.876405	-0.478714	0.924047	0.224341	0.309528
2.63333	0.525578	-0.438135	-0.72925	0.0692347	0.876374	-0.476629	0.847923	0.200017	0.490937
2.66667	0.658757	-0.404871	-0.634128	0.0951043	0.880908	-0.463634	0.74632	0.245114	0.61881
2.7	0.7605	-0.340594	-0.552843	0.0672493	0.888129	-0.454647	0.645846	0.308581	0.698327
2.73333	0.821645	-0.290119	-0.490643	0.0459167	0.891669	-0.450354	0.568148	0.347502	0.745956
2.76667	0.844498	-0.276944	-0.458393	0.0491862	0.892406	-0.448544	0.533295	0.356248	0.767258
2.8	0.839436	-0.296542	-0.455423	0.0715347	0.891009	-0.448315	0.53873	0.343753	0.769158
2.83333	0.823179	-0.322082	-0.467589	0.0923226	0.888505	-0.449483	0.560226	0.326836	0.761134
2.86667	0.796147	-0.355143	-0.489921	0.116122	0.884273	-0.452302	0.593856	0.303208	0.745252
2.9	0.756769	-0.401484	-0.51586	0.153561	0.876265	-0.456705	0.63539	0.266404	0.724782
2.93333	0.712412	-0.451832	-0.536952	0.200147	0.86419	-0.461646	0.672614	0.221413	0.706092
2.96667	0.695562	-0.482353	-0.532475	0.240329	0.854639	-0.460255	0.677079	0.192167	0.710378
3	0.694228	-0.504252	-0.513592	0.279547	0.846448	-0.453188	0.66325	0.171043	0.72859
3.03333	0.68236	-0.530192	-0.503271	0.317985	0.835186	-0.448721	0.658233	0.146157	0.73849
3.06667	0.633304	-0.559528	-0.534653	0.333152	0.820671	-0.46423	0.698524	0.115878	0.706142
3.1	0.502335	-0.589962	-0.632143	0.291831	0.803857	-0.518313	0.813937	0.0758885	0.575975
3.13333	0.317726	-0.592331	-0.740401	0.141502	0.80174	-0.58068	0.937564	0.0797293	0.33855
3.16667	0.212142	-0.560441	-0.800563	-0.110501	0.800198	-0.589468	0.970971	0.213514	0.107826
3.2	0.179041	-0.542476	-0.82077	-0.249644	0.781897	-0.57124	0.951642	0.307176	0.00456566
3.23333	0.240379	-0.542315	-0.805054	-0.203413	0.782813	-0.58807	0.949126	0.305118	0.0778578
3.26667	0.46343	-0.530258	-0.709971	-0.0621013	0.779796	-0.622945	0.883955	0.332782	0.328452
3.3	0.444716	-0.530741	-0.721486	-0.0766315	0.780025	-0.621038	0.892387	0.331474	0.306218
3.33333	0.335113	-0.549869	-0.765078	-0.107019	0.784561	-0.610747	0.93608	0.286547	0.20407
3.36667	0.313359	-0.554184	-0.771159	-0.108124	0.785956	-0.608754	0.943459	0.27414	0.186366
3.4	0.373819	-0.560823	-0.73874	-0.0349769	0.787393	-0.615458	0.926842	0.255909	0.274727
3.43333	0.484183	-0.548172	-0.681963	0.0239037	0.787412	-0.615963	0.87464	0.281937	0.394355
3.46667	0.591356	-0.529091	-0.608572	0.0799713	0.789425	-0.608615	0.802435	0.31124	0.509144
3.5	0.64186	-0.541943	-0.542507	0.161011	0.786952	-0.595636	0.749728	0.294966	0.592371
3.53333	0.662852	-0.551332	-0.506616	0.204744	0.784292	-0.585633	0.720213	0.284462	0.632752
3.56667	0.652722	-0.575644	-0.492533	0.246208	0.776013	-0.580676	0.716475	0.257755	0.648249
3.6	0.599833	-0.592249	-0.537997	0.224136	0.769845	-0.59758	0.768091	0.237864	0.594523
3.63333	0.523589	-0.587934	-0.616594	0.132098	0.770997	-0.622988	0.841668	0.244738	0.481351
3.66667	0.44193	-0.557904	-0.702453	-0.0311559	0.773053	-0.633576	0.896508	0.301882	0.324253
3.7	0.358961	-0.521679	-0.77395	-0.217341	0.7597	-0.612878	0.907695	0.388211	0.159321
3.73333	0.324123	-0.499747	-0.803241	-0.316929	0.742651	-0.589937	0.891347	0.445783	0.0823258
3.76667	0.412238	-0.491704	-0.766999	-0.271917	0.737089	-0.618677	0.869552	0.463602	0.170153
3.8	0.555487	-0.499228	-0.664986	-0.123093	0.741538	-0.659522	0.822364	0.448211	0.350463
3.83333	0.651173	-0.518854	-0.553863	0.0244199	0.743742	-0.668021	0.758537	0.421472	0.496975
3.86667	0.689329	-0.516831	-0.507653	0.0679048	0.743754	-0.664995	0.721259	0.423928	0.547787
3.9	0.6558	-0.568423	-0.496811	0.135515	0.736032	-0.663244	0.742672	0.367629	0.55972
3.93333	0.589893	-0.603169	-0.536855	0.133391	0.728507	-0.671926	0.796387	0.324753	0.510199
3.96667	0.482882	-0.635471	-0.602496	0.0937517	0.72159	-0.685944	0.870652	0.274745	0.408019
4	0.311563	-0.658946	-0.68463	-0.00970824	0.718247	-0.69572	0.950176	0.223407	0.217382
4.03333	0.196292	-0.642997	-0.740286	-0.217008	0.707765	-0.672291	0.95623	0.292614	-0.000606775
4.06667	0.182692	-0.609113	-0.771755	-0.462183	0.639616	-0.61423	0.867762	0.468907	-0.164669
4.1	0.232278	-0.569386	-0.788573	-0.628883	0.530567	-0.568335	0.741993	0.627932	-0.234838
4.13333	0.23812	-0.567555	-0.78815	-0.631796	0.525811	-0.569523	0.737654	0.633565	-0.233372
4.16667	0.235211	-0.591438	-0.771282	-0.534093	0.584347	-0.610969	0.812047	0.555643	-0.178438
4.2	0.229197	-0.608066	-0.760082	-0.463511	0.618472	-0.634547	0.855936	0.497743	-0.140093
4.23333	0.233857	-0.605415	-0.760779	-0.472505	0.613092	-0.633132	0.849735	0.507534	-0.142686
4.26667	0.245592	-0.60851	-0.754586	-0.448376	0.618842	-0.644976	0.859444	0.496739	-0.120859
4.3	0.241541	-0.622888	-0.744089	-0.384659	0.642518	-0.662727	0.890896	0.446296	-0.084405
4.33333	0.24091	-0.633089	-0.735636	-0.334716	0.657263	-0.675256	0.911003	0.408905	-0.0535639
4.36667	0.262115	-0.640733	-0.721635	-0.277961	0.665964	-0.692265	0.924139	0.382039	-0.00353971
4.4	0.274364	-0.650148	-0.708542	-0.221178	0.674398	-0.704463	0.935844	0.349993	0.0412326
4.43333	0.315914	-0.653096	-0.688233	-0.166617	0.67592	-0.717893	0.934043	0.341464	0.104715
4.46667	0.351341	-0.658669	-0.665368	-0.106537	0.677933	-0.727363	0.930166	0.326439	0.168013
4.5	0.385258	-0.66089	-0.644051	-0.0606051	0.678297	-0.732284	0.920817	0.321151	0.221266
4.53333	0.444477	-0.653148	-0.613057	-0.0187483	0.677443	-0.735337	0.895594	0.338334	0.288862
4.56667	0.482655	-0.651271	-0.585568	0.0219615	0.677392	-0.735295	0.875535	0.342034	0.341249
4.6	0.514783	-0.645891	-0.563758	0.0466926	0.677728	-0.733828	0.856048	0.351439	0.379041
4.63333	0.535421	-0.64489	-0.545381	0.0710157	0.677827	-0.731783	0.841594	0.353082	0.40872
4.66667	0.554304	-0.644709	-0.526401	0.096229	0.677854	-0.728871	0.826733	0.353361	0.437777
4.7	0.568202	-0.642106	-0.514633	0.108325	0.67832	-0.726738	0.815728	0.357186	0.454978
4.73333	0.575335	-0.645405	-0.502436	0.127706	0.677636	-0.724224	0.807887	0.352507	0.47229
4.76667	0.569959	-0.654687	-0.496519	0.146146	0.675416	-0.72281	0.808572	0.339407	0.48064
4.8	0.573597	-0.658163	-0.487656	0.161428	0.674479	-0.72043	0.803074	0.334515	0.493125
4.83333	0.583928	-0.660209	-0.472389	0.182755	0.67387	-0.715891	0.790967	0.331697	0.514148
4.86667	0.591887	-0.658159	-0.465291	0.189028	0.674515	-0.713651	0.783542	0.334448	0.523648
4.9	0.603524	-0.652389	-0.458418	0.190678	0.676338	-0.711483	0.774209	0.341987	0.532583
4.93333	0.616472	-0.649014	-0.445806	0.201604	0.677424	-0.707426	0.76113	0.346232	0.548457
4.96667	0.633252	-0.64064	-0.434249	0.205549	0.680149	-0.703666	0.746151	0.356338	0.562389
5	0.64703	-0.632524	-0.425752	0.206216	0.682752	-0.700946	0.734048	0.365736	0.572197
5.03333	0.659884	-0.627277	-0.413614	0.21371	0.684437	-0.697047	0.720334	0.371577	0.585704
5.06667	0.656033	-0.632148	-0.412322	0.220142	0.682833	-0.696618	0.721913	0.366235	0.587124
5.1	0.642761	-0.641342	-0.418974	0.22266	0.679708	-0.69887	0.732995	0.355918	0.579691
5.13333	0.624357	-0.654707	-0.426073	0.229124	0.674953	-0.701385	0.74678	0.340291	0.571421
