0	-0.0937414	-0.0312161	0.754607	0.999593	0.00232367	-0.0284208	-0.00151537	0.999595	0.028429	0.0284753	-0.0283744	0.999192
0.0333333	0.148221	0.970454	-1.95007	0.084115	0.995699	-0.038828	-0.996179	0.0849462	0.0202756	0.0234867	0.0369742	0.99904
0.0666667	0.147427	0.969715	-1.9497	0.0178286	0.999841	0.000845596	-0.999833	0.0178319	-0.00406229	-0.00407673	-0.000773029	0.999991
0.1	0.147355	0.969108	-1.94928	0.0178869	0.999796	0.00939011	-0.999797	0.0179723	-0.00909664	-0.00926355	-0.0092255	0.999915
0.133333	0.147367	0.968858	-1.94894	0.0201802	0.999732	0.0113156	-0.999736	0.0203016	-0.010717	-0.0109439	-0.0110964	0.999879
0.166667	0.147361	0.968743	-1.94869	0.0207271	0.999719	0.0114649	-0.999723	0.0208525	-0.0109222	-0.0111582	-0.0112354	0.999875
0.2	0.147288	0.968642	-1.94846	0.0206981	0.999728	0.0107409	-0.999726	0.0208129	-0.010685	-0.0109056	-0.0105168	0.999885
0.233333	0.14734	0.968667	-1.94824	0.0203833	0.99974	0.0102259	-0.999738	0.0204873	-0.010169	-0.0103758	-0.0100159	0.999896
0.266667	0.147344	0.968671	-1.94797	0.0204361	0.999744	0.00968439	-0.99974	0.0205319	-0.00990622	-0.0101025	-0.00947943	0.999904
0.3	0.147333	0.968722	-1.94769	0.0202981	0.999752	0.0091396	-0.999747	0.0203849	-0.00950911	-0.00969307	-0.00894427	0.999913
0.333333	0.147368	0.968713	-1.94738	0.0199615	0.999762	0.00878849	-0.999755	0.0200443	-0.00943804	-0.00961195	-0.00859793	0.999917
0.366667	0.147357	0.968703	-1.94701	0.0194836	0.999778	0.00797648	-0.999765	0.0195583	-0.00939846	-0.00955239	-0.00779149	0.999924
0.4	0.147356	0.968757	-1.94661	0.0189286	0.999797	0.00696258	-0.999781	0.0189898	-0.00883546	-0.00896589	-0.00679381	0.999937
0.433333	0.147315	0.968816	-1.94621	0.0185025	0.999812	0.00584494	-0.999793	0.0185513	-0.00840256	-0.00850941	-0.00568826	0.999948
0.466667	0.147431	0.968934	-1.94585	0.0184542	0.999814	0.00557707	-0.999801	0.018496	-0.00753808	-0.00763983	-0.00543685	0.999956
0.5	0.14739	0.968986	-1.94548	0.0179253	0.999827	0.00502797	-0.999817	0.017958	-0.0065321	-0.00662126	-0.00490996	0.999966
0.533333	0.147338	0.969047	-1.94521	0.0168983	0.999847	0.00457564	-0.999842	0.0169232	-0.00547208	-0.00554867	-0.00448245	0.999975
0.566667	0.147283	0.969146	-1.94495	0.0161837	0.999859	0.00437504	-0.999859	0.0162032	-0.00446149	-0.00453176	-0.00430221	0.99998
0.6	0.147231	0.969272	-1.94475	0.0153304	0.999874	0.00404515	-0.999876	0.0153446	-0.00350057	-0.0035622	-0.00399099	0.999986
0.633333	0.147323	0.969448	-1.94467	0.0146528	0.999884	0.00415346	-0.99989	0.0146617	-0.00212141	-0.00218207	-0.00412192	0.999989
0.666667	0.147313	0.969639	-1.94462	0.0141276	0.999893	0.00377862	-0.9999	0.0141311	-0.000909784	-0.000963083	-0.00376539	0.999992
0.7	0.147415	0.96981	-1.9446	0.0134727	0.999902	0.00391045	-0.999909	0.0134727	4.01355e-05	-1.25527e-05	-0.00391064	0.999992
0.733333	0.147551	0.969876	-1.94462	0.0125468	0.999913	0.00407718	-0.999921	0.0125446	0.000585328	0.00053413	-0.0040842	0.999992
0.766667	0.147624	0.969933	-1.94464	0.0115665	0.999925	0.00402424	-0.999932	0.0115611	0.00135852	0.00131189	-0.00403968	0.999991
0.8	0.147677	0.970064	-1.94474	0.0111936	0.99993	0.00383908	-0.999935	0.0111859	0.00201097	0.00196789	-0.00386134	0.999991
0.833333	0.147822	0.970242	-1.94487	0.0103245	0.999938	0.00415849	-0.999943	0.0103134	0.00268171	0.00263865	-0.00418594	0.999988
0.866667	0.147933	0.970375	-1.94496	0.00973577	0.999943	0.00430833	-0.999947	0.00972066	0.0035133	0.00347123	-0.0043423	0.999985
0.9	0.148173	0.970451	-1.94502	0.00926921	0.999945	0.0049252	-0.999949	0.00924889	0.00413378	0.004088	-0.00496327	0.999979
0.933333	0.148405	0.970538	-1.94503	0.00898665	0.999945	0.00547739	-0.999951	0.00896316	0.00429721	0.00424788	-0.00551574	0.999976
0.966667	0.148685	0.970575	-1.94493	0.00888537	0.999939	0.00663113	-0.999953	0.00886013	0.00382654	0.00376755	-0.00666483	0.999971
1	0.149047	0.970499	-1.94472	0.00885229	0.999927	0.00823068	-0.999956	0.00882676	0.00313297	0.00306009	-0.00825806	0.999961
1.03333	0.149447	0.970343	-1.94441	0.00801758	0.999917	0.0101199	-0.999964	0.0079906	0.00270369	0.0026226	-0.0101412	0.999945
1.06667	0.149734	0.970225	-1.94402	0.0078752	0.9999	0.0117653	-0.999966	0.00784413	0.00268534	0.00259279	-0.0117861	0.999927
1.1	0.150121	0.970075	-1.94356	0.00799329	0.999869	0.0140409	-0.999963	0.00794819	0.0032644	0.00315238	-0.0140665	0.999896
1.13333	0.150391	0.969839	-1.94301	0.00798477	0.999829	0.0166663	-0.999964	0.00793451	0.00307976	0.002947	-0.0166903	0.999856
1.16667	0.15054	0.969604	-1.94232	0.00827931	0.99978	0.0192855	-0.999964	0.00824542	0.00183613	0.00167671	-0.0193	0.999812
1.2	0.150613	0.969388	-1.94149	0.00883479	0.999737	0.0211799	-0.999961	0.00884096	-0.000197872	-0.00038507	-0.0211773	0.999776
1.23333	0.150399	0.969144	-1.94043	0.00889996	0.999712	0.0222671	-0.999958	0.00895073	-0.00218117	-0.00237985	-0.0222468	0.99975
1.26667	0.150163	0.968768	-1.93921	0.0096311	0.999684	0.0232003	-0.999945	0.00972273	-0.00384011	-0.00406446	-0.023162	0.999723
1.3	0.149609	0.968434	-1.93782	0.00971705	0.999668	0.02388	-0.999941	0.00982932	-0.00458827	-0.00482147	-0.023834	0.999704
1.33333	0.148893	0.968121	-1.93625	0.00906006	0.999673	0.0239301	-0.999943	0.00919238	-0.00542508	-0.00564328	-0.0238796	0.999699
1.36667	0.147975	0.967763	-1.93452	0.00797477	0.9997	0.0231486	-0.999948	0.0081207	-0.00621661	-0.00640273	-0.0230978	0.999713
1.4	0.147055	0.967217	-1.93272	0.00745791	0.999733	0.0218593	-0.99995	0.0076025	-0.00653904	-0.00670349	-0.0218095	0.99974
1.43333	0.14596	0.966566	-1.93064	0.00693593	0.999764	0.0205708	-0.999955	0.0070661	-0.00626211	-0.00640599	-0.0205264	0.999769
1.46667	0.144874	0.965971	-1.92817	0.0072931	0.999762	0.020584	-0.999953	0.00742339	-0.00626036	-0.00641167	-0.0205374	0.999769
1.5	0.143852	0.965323	-1.92528	0.00776161	0.999713	0.0226793	-0.999939	0.00793656	-0.0076345	-0.0078123	-0.0226187	0.999714
1.53333	0.14281	0.964476	-1.92181	0.00945169	0.999587	0.0271361	-0.999906	0.00971761	-0.00968439	-0.00994409	-0.027042	0.999585
1.56667	0.141476	0.963346	-1.91767	0.0098245	0.999412	0.0328394	-0.999863	0.0102564	-0.0130079	-0.0133371	-0.0327071	0.999376
1.6	0.139928	0.962114	-1.91287	0.00965481	0.999205	0.0386818	-0.999801	0.0103204	-0.0170434	-0.0174291	-0.0385096	0.999106
1.63333	0.137956	0.960715	-1.90736	0.00906941	0.999058	0.0424365	-0.999732	0.00996318	-0.0208975	-0.0213006	-0.0422356	0.998881
1.66667	0.135594	0.95904	-1.90119	0.00815717	0.99896	0.0448603	-0.999677	0.0092266	-0.0236841	-0.0240734	-0.0446526	0.998712
1.7	0.132665	0.956961	-1.89449	0.00580144	0.998917	0.0461586	-0.999657	0.00697185	-0.0252358	-0.0255302	-0.0459964	0.998615
1.73333	0.129392	0.954548	-1.88726	0.00424297	0.998953	0.0455501	-0.999655	0.00541738	-0.0256904	-0.0259103	-0.0454254	0.998632
1.76667	0.125308	0.952618	-1.87968	0.0110938	0.999164	0.0393425	-0.999602	0.0121021	-0.0254844	-0.0259393	-0.0390442	0.998901
1.8	0.120258	0.95133	-1.87185	0.0303108	0.99912	0.0290078	-0.99912	0.0311271	-0.0281158	-0.028994	-0.02813	0.999184
1.83333	0.115408	0.950113	-1.86405	0.0521384	0.998414	0.0212204	-0.99815	0.0527669	-0.0302183	-0.0312901	-0.0196056	0.999318
1.86667	0.111704	0.947956	-1.85562	0.0743187	0.997119	0.0152121	-0.996646	0.0747903	-0.0332226	-0.0342645	-0.012692	0.999332
1.9	0.110114	0.945282	-1.84576	0.0959682	0.995323	0.0110323	-0.994648	0.0963177	-0.0373997	-0.0382874	-0.00738409	0.999239
1.93333	0.109733	0.942641	-1.83275	0.122652	0.992406	0.00932175	-0.991371	0.122951	-0.0454498	-0.0462508	-0.00366679	0.998923
1.96667	0.110684	0.939752	-1.8173	0.156544	0.987562	0.0147009	-0.986032	0.157124	-0.0552485	-0.0568711	-0.00584673	0.998364
2	0.112529	0.9354	-1.80029	0.190585	0.981361	0.0246605	-0.979275	0.191814	-0.0650175	-0.0685359	-0.011758	0.997579
2.03333	0.115426	0.929275	-1.78215	0.220619	0.97465	0.0372128	-0.971981	0.222867	-0.0747143	-0.0811138	-0.0196868	0.99651
2.06667	0.118457	0.921439	-1.76217	0.245807	0.968118	0.048232	-0.964882	0.249134	-0.0832731	-0.0926344	-0.026069	0.995359
2.1	0.121444	0.912377	-1.73987	0.266522	0.962016	0.0590857	-0.958105	0.271112	-0.0923743	-0.104884	-0.0319906	0.99397
2.13333	0.124157	0.902823	-1.71465	0.284314	0.956441	0.0662266	-0.951471	0.289972	-0.103053	-0.117768	-0.0337132	0.992469
2.16667	0.125915	0.89371	-1.68487	0.302465	0.95135	0.0587194	-0.94469	0.307402	-0.114298	-0.126787	-0.0209007	0.99171
2.2	0.12829	0.886267	-1.64799	0.330529	0.942995	0.0388789	-0.934039	0.332742	-0.129824	-0.13536	0.00659628	0.990774
2.23333	0.133032	0.882239	-1.60383	0.362568	0.931666	0.0232913	-0.920387	0.36188	-0.14809	-0.146399	0.0322558	0.9887
2.26667	0.139077	0.884798	-1.55673	0.401887	0.915131	0.0319739	-0.902327	0.401725	-0.156279	-0.155861	0.0339558	0.987195
2.3	0.150394	0.892845	-1.50656	0.435884	0.898221	0.0566044	-0.883917	0.439083	-0.160922	-0.169397	0.0201095	0.985343
2.33333	0.161323	0.905433	-1.45559	0.418597	0.905173	0.073744	-0.892922	0.425027	-0.148463	-0.165728	-0.00370131	0.986164
2.36667	0.166329	0.920807	-1.40456	0.349267	0.933706	0.0787745	-0.926121	0.356769	-0.122543	-0.142523	-0.0301545	0.989332
2.4	0.170441	0.935297	-1.35269	0.245845	0.965098	0.090261	-0.961712	0.254494	-0.101698	-0.12112	-0.0618032	0.990712
2.43333	0.17507	0.945866	-1.30255	0.126132	0.986518	0.104277	-0.987024	0.135332	-0.0864262	-0.0993729	-0.0920225	0.990786
2.46667	0.1793	0.949909	-1.25573	0.0210729	0.992808	0.117848	-0.997334	0.0291121	-0.066917	-0.0698665	-0.116123	0.990774
2.5	0.183253	0.946857	-1.21075	-0.0567156	0.989625	0.132006	-0.997921	-0.0521381	-0.0378813	-0.0306057	-0.13388	0.990525
2.53333	0.187196	0.937847	-1.1661	-0.114247	0.98274	0.145497	-0.993406	-0.114426	-0.00716864	0.00960363	-0.145356	0.989333
2.56667	0.189282	0.925222	-1.11999	-0.160176	0.975912	0.14812	-0.986379	-0.163938	0.0134659	0.037424	-0.143945	0.988878
2.6	0.188628	0.912397	-1.07133	-0.197281	0.969549	0.145101	-0.979281	-0.201798	0.0169509	0.0457158	-0.138751	0.989272
2.63333	0.185383	0.902594	-1.02086	-0.239807	0.96072	0.139678	-0.969592	-0.244247	0.01531	0.0488246	-0.131759	0.990079
2.66667	0.182306	0.895407	-0.96454	-0.293423	0.945258	0.142793	-0.954063	-0.29901	0.0188912	0.0605534	-0.13069	0.989572
2.7	0.179974	0.891	-0.89951	-0.338309	0.926871	0.162656	-0.938804	-0.344323	0.00945527	0.0647701	-0.149503	0.986638
2.73333	0.174242	0.891982	-0.833621	-0.388278	0.906329	0.16676	-0.919675	-0.392607	-0.0075474	0.0586306	-0.156295	0.985969
2.76667	0.166954	0.897079	-0.769257	-0.434796	0.887874	0.150437	-0.898442	-0.439059	-0.00538609	0.0612687	-0.137501	0.988605
2.8	0.159157	0.903948	-0.709833	-0.428036	0.895365	0.122908	-0.901705	-0.432264	0.00872722	0.0609426	-0.107091	0.99238
2.83333	0.155618	0.914847	-0.65029	-0.373221	0.922034	0.102763	-0.925724	-0.377419	0.0242656	0.0611584	-0.0860737	0.99441
2.86667	0.151702	0.929455	-0.591053	-0.287756	0.954633	0.0766243	-0.956406	-0.290609	0.0288838	0.0498411	-0.0649724	0.996642
2.9	0.148371	0.944699	-0.532958	-0.171264	0.984059	0.0479184	-0.984368	-0.172941	0.0333276	0.0410834	-0.0414616	0.998295
2.93333	0.146036	0.955524	-0.476866	-0.0460121	0.9988	0.0167725	-0.998138	-0.0466418	0.0393118	0.0400469	-0.0149325	0.999086
2.96667	0.144851	0.958769	-0.421898	0.054749	0.998441	-0.0108462	-0.997626	0.0551522	0.0412363	0.0417702	0.00856276	0.999091
3	0.144933	0.953929	-0.367719	0.120474	0.992015	-0.0373139	-0.991583	0.122047	0.0432092	0.0474182	0.0317943	0.998369
3.03333	0.147175	0.942361	-0.313892	0.17195	0.983611	-0.0542382	-0.983909	0.174194	0.0397454	0.0485419	0.0465312	0.997737
3.06667	0.151773	0.926948	-0.261492	0.215015	0.975186	-0.0527368	-0.975393	0.21713	0.0382635	0.0487648	0.0432119	0.997875
3.1	0.155363	0.911076	-0.208445	0.249528	0.967356	-0.0442546	-0.966878	0.251418	0.0439953	0.0536855	0.0318108	0.998051
3.13333	0.156695	0.896242	-0.149197	0.288844	0.95637	-0.0438805	-0.956113	0.290514	0.0380819	0.0491683	0.030955	0.998311
3.16667	0.156715	0.884799	-0.0827303	0.338066	0.938943	-0.0640039	-0.940498	0.339536	0.0133451	0.0342619	0.0556841	0.99786
3.2	0.158207	0.881443	-0.0166765	0.413398	0.90802	-0.0678382	-0.910372	0.413643	-0.0110502	0.018027	0.0663261	0.997635
3.23333	0.165265	0.884078	0.0476785	0.454647	0.889223	-0.0507783	-0.890645	0.454336	-0.0181738	0.00690984	0.0534882	0.998545
3.26667	0.169518	0.893273	0.110676	0.420761	0.906487	-0.0352298	-0.907109	0.420871	-0.00458688	0.0106693	0.0338873	0.999369
3.3	0.172792	0.909199	0.173377	0.357047	0.934039	-0.00941945	-0.93405	0.357104	0.00519905	0.00821984	0.00694194	0.999942
3.33333	0.178601	0.927282	0.234431	0.256643	0.966039	0.0300658	-0.966506	0.256538	0.00735212	-0.000610585	-0.0309456	0.999521
3.36667	0.183821	0.942562	0.29399	0.143138	0.987356	0.0681162	-0.989665	0.142195	0.018528	0.00860793	-0.0700643	0.997505
3.4	0.187778	0.950298	0.352094	0.0345439	0.993718	0.106452	-0.998975	0.0312155	0.0327759	0.0292471	-0.107475	0.993778
3.43333	0.190755	0.949051	0.409382	-0.0496957	0.98873	0.14122	-0.997216	-0.0569913	0.0480924	0.0555987	-0.138437	0.988809
3.46667	0.191743	0.939991	0.467047	-0.100578	0.981449	0.163226	-0.991936	-0.111634	0.0600141	0.0771223	-0.155874	0.984762
3.5	0.190438	0.926278	0.524842	-0.129394	0.975323	0.178893	-0.987649	-0.142839	0.0643891	0.0883531	-0.168352	0.981759
3.53333	0.187945	0.912451	0.582247	-0.158135	0.969217	0.188713	-0.982494	-0.173508	0.0678289	0.0984841	-0.174684	0.979687
3.56667	0.18609	0.899709	0.644034	-0.188459	0.962099	0.197103	-0.977137	-0.203809	0.0605485	0.098425	-0.181186	0.978511
3.6	0.185674	0.889363	0.712571	-0.2253	0.949751	0.217284	-0.968564	-0.242478	0.0555798	0.105474	-0.197931	0.974525
3.63333	0.184037	0.882473	0.782672	-0.278704	0.931047	0.235531	-0.954604	-0.295419	0.0382032	0.105149	-0.214191	0.971116
3.66667	0.178678	0.881136	0.850304	-0.353742	0.909094	0.220032	-0.928657	-0.369433	0.0333817	0.111634	-0.192526	0.974921
3.7	0.168411	0.88398	0.91239	-0.387344	0.900136	0.199298	-0.91467	-0.402291	0.0392585	0.115514	-0.167086	0.979152
3.73333	0.165396	0.893373	0.973361	-0.356682	0.913176	0.197199	-0.927376	-0.371603	0.0434112	0.112922	-0.167393	0.979402
3.76667	0.16171	0.908618	1.0351	-0.283086	0.943078	0.174546	-0.954662	-0.294549	0.0431475	0.092104	-0.154418	0.983703
3.8	0.155345	0.925695	1.09521	-0.183311	0.974498	0.129424	-0.980594	-0.19057	0.0460245	0.0695151	-0.118476	0.990521
3.83333	0.15054	0.938921	1.15266	-0.0794364	0.993299	0.0839488	-0.995159	-0.083909	0.0511606	0.0578619	-0.0794785	0.995156
3.86667	0.147361	0.944646	1.20711	0.00758525	0.999006	0.0439259	-0.998656	0.00531555	0.0515594	0.0512746	-0.0442579	0.997703
3.9	0.145393	0.942529	1.25976	0.0689153	0.997589	0.00813065	-0.996441	0.0684347	0.049224	0.0485489	-0.011494	0.998755
3.93333	0.146566	0.934745	1.31234	0.113743	0.993409	-0.0141858	-0.99235	0.114288	0.0466865	0.0480001	0.00876699	0.998809
3.96667	0.150288	0.923213	1.36316	0.15728	0.987279	-0.0233043	-0.986452	0.158175	0.0435068	0.0466395	0.0161459	0.998781
4	0.154093	0.911213	1.41403	0.201881	0.979038	-0.0269819	-0.978263	0.202901	0.0428212	0.0473983	0.0177506	0.998718
4.03333	0.156292	0.898808	1.46874	0.23556	0.971321	-0.0323568	-0.970966	0.236641	0.0350174	0.0416701	0.0231686	0.998863
4.06667	0.155661	0.887037	1.53117	0.275314	0.959401	-0.0612521	-0.960612	0.277046	0.0216794	0.0377688	0.0528709	0.997887
4.1	0.15569	0.879225	1.59652	0.33603	0.937235	-0.0931379	-0.941222	0.337775	0.00317864	0.0344388	0.0865953	0.995648
4.13333	0.157948	0.87763	1.65987	0.416352	0.903757	-0.0993691	-0.908655	0.417404	-0.0109612	0.0315707	0.0948559	0.99499
4.16667	0.160668	0.879906	1.72044	0.437239	0.893855	-0.099219	-0.898103	0.439767	0.00405795	0.0472605	0.0873345	0.995057
4.2	0.161319	0.886898	1.7792	0.380616	0.919452	-0.0986906	-0.922327	0.385152	0.0311691	0.0666693	0.0791615	0.99463
4.23333	0.160649	0.899442	1.83695	0.30024	0.94984	-0.0875259	-0.950992	0.305188	0.049749	0.0739654	0.0682998	0.994919
4.26667	0.161411	0.91438	1.89308	0.206744	0.976559	-0.0599147	-0.975544	0.210426	0.0635205	0.0746391	0.0453169	0.99618
4.3	0.163689	0.92713	1.94633	0.112512	0.993388	-0.0228128	-0.990272	0.113991	0.079791	0.0818639	0.0136135	0.996551
4.33333	0.166417	0.934651	1.99774	0.0325221	0.999267	0.0202177	-0.994764	0.0304014	0.0975709	0.0968847	-0.0232851	0.995023
4.36667	0.169086	0.936462	2.04876	-0.0229586	0.997653	0.0645022	-0.99295	-0.03026	0.114606	0.116288	-0.0614163	0.991315
4.4	0.170361	0.933537	2.10015	-0.0673517	0.992034	0.106449	-0.989383	-0.0801783	0.121213	0.128782	-0.097155	0.986902
4.43333	0.168738	0.926773	2.15136	-0.106942	0.984519	0.138872	-0.985823	-0.123157	0.113952	0.129291	-0.124717	0.983732
4.46667	0.164318	0.917922	2.20208	-0.137369	0.978657	0.15284	-0.982432	-0.154294	0.10498	0.126322	-0.135734	0.982659
4.5	0.160544	0.907718	2.25244	-0.163942	0.972959	0.162707	-0.978146	-0.181714	0.10105	0.127884	-0.142585	0.981486
4.53333	0.158323	0.896531	2.30693	-0.180961	0.965865	0.185359	-0.975371	-0.200418	0.0921075	0.126113	-0.164126	0.978345
4.56667	0.154162	0.885755	2.36615	-0.210228	0.95568	0.206104	-0.969702	-0.230663	0.0804519	0.124427	-0.182946	0.975217
4.6	0.148116	0.87975	2.42283	-0.285663	0.936266	0.204459	-0.949111	-0.305923	0.0748296	0.132609	-0.172678	0.976011
4.63333	0.140612	0.878523	2.47656	-0.339016	0.919936	0.196942	-0.930182	-0.359105	0.0761972	0.140819	-0.15736	0.97745
4.66667	0.136588	0.882475	2.52483	-0.319101	0.922687	0.216388	-0.935719	-0.34296	0.082515	0.150348	-0.176148	0.972814
4.7	0.137296	0.892791	2.57151	-0.254743	0.937139	0.238488	-0.954802	-0.28282	0.0914628	0.153162	-0.204409	0.966829
4.73333	0.135862	0.907199	2.61815	-0.176012	0.959246	0.221057	-0.973664	-0.202705	0.104352	0.144908	-0.196868	0.969662
4.76667	0.133154	0.921659	2.66262	-0.10183	0.977265	0.185969	-0.984983	-0.125248	0.118836	0.139426	-0.171075	0.975343
4.8	0.131429	0.933199	2.70511	-0.0379977	0.987725	0.151511	-0.989547	-0.0583006	0.1319	0.139115	-0.144916	0.979616
4.83333	0.130952	0.939902	2.74568	0.012923	0.99304	0.11707	-0.989997	-0.00374364	0.141037	0.140494	-0.117722	0.983058
4.86667	0.132665	0.941937	2.78496	0.0546972	0.994763	0.0863398	-0.988753	0.0419061	0.143566	0.139196	-0.0932214	0.985867
