0	1	0	0	0	1	0	0	0	1
0.0333333	0.999162	0.00948928	-0.0398215	-0.00993756	0.999889	-0.0110746	0.039712	0.011461	0.999145
0.0666667	0.999084	0.0109574	-0.0413565	-0.0112834	0.999907	-0.00765663	0.0412688	0.00811626	0.999115
0.1	0.999031	0.0123053	-0.0422555	-0.0127457	0.999867	-0.0101695	0.0421248	0.0106982	0.999055
0.133333	0.999024	0.0138957	-0.0419215	-0.0143662	0.999837	-0.0109436	0.0417626	0.0115351	0.999061
0.166667	0.999039	0.0152655	-0.0410962	-0.0156737	0.999831	-0.00962827	0.0409423	0.0102631	0.999109
0.2	0.999043	0.0162335	-0.0406128	-0.016476	0.999848	-0.00564354	0.040515	0.00630727	0.999159
0.233333	0.999086	0.016384	-0.0394811	-0.0164836	0.999862	-0.00220042	0.0394396	0.0028492	0.999218
0.266667	0.999116	0.0160148	-0.0388648	-0.0159892	0.999872	0.000968288	0.0388753	-0.000346014	0.999244
0.3	0.999161	0.0154775	-0.0379199	-0.0154108	0.999879	0.00205041	0.0379471	-0.00146431	0.999279
0.333333	0.999182	0.0148075	-0.0376305	-0.0146623	0.999884	0.00413329	0.0376874	-0.00357816	0.999283
0.366667	0.999189	0.014258	-0.0376561	-0.014066	0.999887	0.00535805	0.0377283	-0.00482404	0.999276
0.4	0.9992	0.0140612	-0.0374457	-0.0139063	0.999894	0.00439368	0.0375035	-0.00386943	0.999289
0.433333	0.999194	0.0141517	-0.0375683	-0.0140583	0.999897	0.0027497	0.0376034	-0.00221934	0.99929
0.466667	0.999191	0.013991	-0.0377052	-0.0139566	0.999902	0.00117559	0.037718	-0.000648406	0.999288
0.5	0.999167	0.013552	-0.0384905	-0.0135019	0.999908	0.00156075	0.0385081	-0.00103975	0.999258
0.533333	0.999148	0.0131664	-0.0391183	-0.0131545	0.999913	0.000560882	0.0391223	-4.58223e-05	0.999234
0.566667	0.999134	0.0129563	-0.0395487	-0.012966	0.999916	1.14393e-05	0.0395455	0.000501359	0.999218
0.6	0.999117	0.0128948	-0.0399788	-0.0129425	0.999916	-0.000934269	0.0399634	0.00145087	0.9992
0.633333	0.999096	0.0132626	-0.0403843	-0.0133489	0.999909	-0.00186796	0.0403559	0.00240536	0.999182
0.666667	0.999078	0.0137112	-0.0406736	-0.0138077	0.999902	-0.00209214	0.0406409	0.00265182	0.99917
0.7	0.999057	0.0138604	-0.041134	-0.0139377	0.999902	-0.00159249	0.0411079	0.0021643	0.999152
0.733333	0.999029	0.0140142	-0.0417685	-0.0141273	0.999897	-0.00241324	0.0417304	0.00300097	0.999124
0.766667	0.998988	0.0140376	-0.0427409	-0.0141478	0.999897	-0.00227683	0.0427045	0.00287921	0.999084
0.8	0.998957	0.014111	-0.0434194	-0.0142552	0.999894	-0.00301208	0.0433723	0.00362789	0.999052
0.833333	0.998933	0.0140016	-0.0440117	-0.0141891	0.999892	-0.00395085	0.0439516	0.00457111	0.999023
0.866667	0.998927	0.0139048	-0.0441647	-0.0141709	0.999883	-0.00571925	0.04408	0.00633897	0.999008
0.9	0.998926	0.0136887	-0.0442605	-0.0139927	0.999881	-0.0065655	0.0441653	0.00717778	0.998998
0.933333	0.998941	0.0136109	-0.0439444	-0.0139608	0.999873	-0.00766572	0.0438345	0.0082711	0.999005
0.966667	0.99896	0.0134178	-0.0435658	-0.0137578	0.999877	-0.00751457	0.0434596	0.00810612	0.999022
1	0.998968	0.0132993	-0.0434384	-0.0135832	0.999888	-0.00624625	0.0433505	0.00682983	0.999037
1.03333	0.998969	0.0133728	-0.0433927	-0.0136213	0.999892	-0.00543576	0.0433153	0.00602122	0.999043
1.06667	0.998977	0.013637	-0.0431207	-0.0139095	0.999885	-0.00602712	0.0430336	0.00662074	0.999052
1.1	0.99899	0.0140497	-0.042672	-0.0143494	0.999874	-0.00672528	0.0425722	0.00733081	0.999066
1.13333	0.99901	0.0143071	-0.0421273	-0.014601	0.999871	-0.00667803	0.0420263	0.00728652	0.99909
1.16667	0.999041	0.014346	-0.0413558	-0.0145859	0.999878	-0.00550359	0.0412718	0.00610152	0.999129
1.2	0.999083	0.0142341	-0.0403686	-0.0144324	0.999885	-0.0046252	0.0402981	0.00520357	0.999174
1.23333	0.999128	0.0142506	-0.0392408	-0.014446	0.999885	-0.00470022	0.0391693	0.00526299	0.999219
1.26667	0.999136	0.0141484	-0.0390851	-0.0143105	0.99989	-0.00386959	0.039026	0.00442558	0.999228
1.3	0.999145	0.0140475	-0.0388951	-0.0142689	0.999884	-0.0054203	0.0388144	0.00597065	0.999229
1.33333	0.999167	0.0141172	-0.0382834	-0.0144169	0.999867	-0.00756569	0.0381715	0.00811131	0.999238
1.36667	0.999196	0.0144034	-0.0374075	-0.0147443	0.999852	-0.00885509	0.0372744	0.00939952	0.999261
1.4	0.999225	0.0147947	-0.0364841	-0.015157	0.999838	-0.00967417	0.0363351	0.0102197	0.999287
1.43333	0.999248	0.0151654	-0.0356859	-0.0155043	0.999837	-0.00923897	0.0355399	0.00978531	0.99932
1.46667	0.999291	0.0153856	-0.0343708	-0.0157158	0.999833	-0.00935768	0.0342211	0.00989121	0.999365
1.5	0.999337	0.0157547	-0.0328162	-0.0161093	0.999814	-0.0105712	0.0326435	0.0110928	0.999405
1.53333	0.999385	0.0161657	-0.0311068	-0.0165901	0.999772	-0.0134331	0.0308825	0.0139409	0.999426
1.56667	0.999402	0.0167434	-0.0302615	-0.0172042	0.999739	-0.0150292	0.030002	0.0155408	0.999429
1.6	0.999418	0.0173807	-0.0293429	-0.0179604	0.999646	-0.019609	0.0289917	0.0201246	0.999377
1.63333	0.999435	0.0176807	-0.0285833	-0.0183957	0.999519	-0.0249511	0.0281284	0.0254628	0.99928
1.66667	0.999445	0.0174158	-0.0284137	-0.0182732	0.999377	-0.0302014	0.02787	0.0307038	0.99914
1.7	0.99944	0.0167886	-0.0289472	-0.0178522	0.99916	-0.0368852	0.0283037	0.0373813	0.9989
1.73333	0.999406	0.0160025	-0.0305205	-0.0174556	0.998697	-0.0479569	0.0297133	0.0484612	0.998383
1.76667	0.999377	0.0153394	-0.0317771	-0.0173712	0.997755	-0.0646814	0.0307136	0.0651931	0.9974
1.8	0.999337	0.0145382	-0.0333682	-0.0171471	0.996705	-0.0792826	0.0321056	0.0798022	0.996294
1.83333	0.999265	0.0143029	-0.0355531	-0.0177085	0.995088	-0.0973997	0.0339854	0.0979577	0.99461
1.86667	0.999135	0.0127307	-0.0395999	-0.0175505	0.992145	-0.123855	0.037712	0.124443	0.99151
1.9	0.998946	0.0122784	-0.0442291	-0.0186294	0.989083	-0.146179	0.0419514	0.146849	0.988269
1.93333	0.998821	0.0112098	-0.047227	-0.0189263	0.985899	-0.166265	0.0446973	0.166963	0.98495
1.96667	0.998695	0.011497	-0.0497623	-0.02014	0.984032	-0.176848	0.0469345	0.177619	0.982979
2	0.998572	0.0110437	-0.0522641	-0.0210657	0.980518	-0.195297	0.049089	0.196119	0.979351
2.03333	0.998341	0.0124157	-0.0562208	-0.0241122	0.976877	-0.21244	0.0522831	0.213443	0.975555
2.06667	0.998018	0.0144129	-0.0612542	-0.0283042	0.972207	-0.232405	0.0562021	0.233678	0.970688
2.1	0.99758	0.0164758	-0.0675531	-0.0329673	0.967456	-0.250883	0.0612211	0.252503	0.965657
2.13333	0.997009	0.0179797	-0.0751685	-0.0374398	0.96319	-0.2662	0.0676154	0.268218	0.960982
2.16667	0.996328	0.0186093	-0.0835658	-0.0419489	0.957004	-0.287027	0.0746314	0.289479	0.95427
2.2	0.995631	0.0180292	-0.091618	-0.0455344	0.950356	-0.307814	0.0815201	0.310641	0.947025
2.23333	0.995187	0.0178609	-0.0963499	-0.0476958	0.947207	-0.317056	0.0856003	0.320125	0.9435
2.26667	0.994762	0.0200069	-0.10024	-0.0508959	0.947397	-0.31599	0.0886451	0.319436	0.943452
2.3	0.994894	0.0234665	-0.0981608	-0.0527857	0.949952	-0.307905	0.0860226	0.311514	0.94634
2.33333	0.995455	0.0268925	-0.0913558	-0.0517077	0.958208	-0.281362	0.0799713	0.284807	0.955243
2.36667	0.996034	0.0268847	-0.0848131	-0.0466754	0.969439	-0.240849	0.075746	0.243853	0.96685
2.4	0.99663	0.0235603	-0.0785755	-0.0385674	0.979977	-0.195338	0.0723999	0.19771	0.977583
2.43333	0.997092	0.0185109	-0.0739191	-0.0291081	0.989008	-0.14497	0.0704231	0.1467	0.986671
2.46667	0.997278	0.0122047	-0.0727104	-0.0190389	0.995385	-0.0940531	0.071227	0.0951815	0.992908
2.5	0.997229	0.00513784	-0.0742134	-0.00829447	0.999071	-0.0422891	0.0739272	0.0427875	0.996345
2.53333	0.997035	-0.00028197	-0.0769551	0.000493907	0.999996	0.00273501	0.0769541	-0.0027649	0.997031
2.56667	0.997053	-0.00471889	-0.0765642	0.00805265	0.99903	0.0432919	0.0762856	-0.0437809	0.996124
2.6	0.997148	-0.00811537	-0.075027	0.0137799	0.997066	0.075293	0.0741958	-0.0761122	0.994335
2.63333	0.997043	-0.010317	-0.0761456	0.0175666	0.995307	0.0951616	0.0748064	-0.0962179	0.992545
2.66667	0.996779	-0.0106357	-0.0794889	0.019002	0.994264	0.105249	0.0779136	-0.10642	0.991264
2.7	0.996379	-0.00961537	-0.0844776	0.019136	0.993453	0.112625	0.0828416	-0.113834	0.99004
2.73333	0.995723	-0.00809564	-0.0920376	0.0188869	0.992953	0.11699	0.090442	-0.118228	0.988859
2.76667	0.995022	-0.00868212	-0.0992727	0.0197272	0.993644	0.110827	0.0976795	-0.112233	0.988869
2.8	0.994677	-0.0100734	-0.102553	0.0191818	0.995916	0.0882226	0.101245	-0.0897201	0.990808
2.83333	0.994909	-0.0105213	-0.100227	0.0152549	0.998798	0.0465796	0.0996162	-0.0478714	0.993874
2.86667	0.995565	-0.0104183	-0.0934969	0.0103711	0.999946	-0.000990788	0.0935021	1.6725e-05	0.995619
2.9	0.996267	-0.00818453	-0.0859398	0.00440271	0.999017	-0.0441031	0.0862163	0.0435601	0.995324
2.93333	0.996952	-0.00379113	-0.0779298	-0.00306295	0.996147	-0.0876447	0.0779618	0.0876162	0.993099
2.96667	0.997472	0.0032556	-0.0709827	-0.0124216	0.991557	-0.129074	0.0699632	0.12963	0.989091
3	0.997775	0.0108346	-0.0657907	-0.0214839	0.986327	-0.163391	0.0631209	0.164441	0.984365
3.03333	0.997859	0.0179349	-0.0628993	-0.0297041	0.981042	-0.191506	0.0582722	0.192964	0.979474
3.06667	0.997676	0.0259279	-0.0630051	-0.0392531	0.974597	-0.220501	0.0556874	0.222462	0.97335
3.1	0.997158	0.034036	-0.067212	-0.0494343	0.968816	-0.242801	0.0568521	0.245433	0.967745
3.13333	0.996524	0.0373913	-0.0744376	-0.0554981	0.964406	-0.258537	0.062121	0.261769	0.963129
3.16667	0.995969	0.0357449	-0.0822645	-0.0565428	0.962181	-0.26648	0.069628	0.270057	0.960323
3.2	0.99485	0.0336649	-0.095609	-0.058268	0.96175	-0.267661	0.0829412	0.271853	0.958758
3.23333	0.994084	0.0378687	-0.101795	-0.0635558	0.962845	-0.262471	0.088073	0.267388	0.959556
3.26667	0.994281	0.0434268	-0.0975707	-0.0653061	0.970109	-0.233717	0.0845046	0.238752	0.967397
3.3	0.994965	0.0470848	-0.0884751	-0.0640066	0.977821	-0.199422	0.077123	0.204081	0.975911
3.33333	0.995886	0.0465709	-0.0777292	-0.0592487	0.983708	-0.169727	0.0685585	0.173635	0.982421
3.36667	0.996889	0.0428684	-0.0661437	-0.0518189	0.988772	-0.140158	0.0593927	0.143149	0.987917
3.4	0.997673	0.0379734	-0.0566186	-0.0439343	0.993174	-0.108055	0.0521289	0.110291	0.992531
3.43333	0.998212	0.0318007	-0.050602	-0.0357342	0.996247	-0.0788308	0.0479053	0.0804981	0.995603
3.46667	0.998615	0.024724	-0.0464365	-0.0272173	0.998178	-0.0538511	0.0450204	0.0550404	0.997469
3.5	0.998829	0.0194269	-0.0443163	-0.0209424	0.999203	-0.0339918	0.0436206	0.03488	0.998439
3.53333	0.998839	0.0168868	-0.0451241	-0.017836	0.999626	-0.020716	0.0447574	0.0214967	0.998767
3.56667	0.998729	0.0155309	-0.0479433	-0.0162274	0.999768	-0.0141721	0.047712	0.0149321	0.99875
3.6	0.998457	0.0156932	-0.0532729	-0.016325	0.999801	-0.0114468	0.0530827	0.0122988	0.998514
3.63333	0.997757	0.0157856	-0.0650574	-0.0164319	0.999821	-0.00941134	0.0648972	0.0104592	0.997837
3.66667	0.996556	0.0122565	-0.0820094	-0.0129964	0.999879	-0.00849375	0.0818954	0.00953033	0.996595
3.7	0.99592	0.00525936	-0.0900836	-0.0071422	0.999762	-0.0205915	0.0899539	0.0211509	0.995721
3.73333	0.995671	0.00194892	-0.0929227	-0.00661513	0.998731	-0.0499345	0.0927075	0.050333	0.99442
3.76667	0.996101	-0.0017998	-0.0882003	-0.00492176	0.997101	-0.0759312	0.0880813	0.0760692	0.993204
3.8	0.996818	-0.00443826	-0.0795937	-0.00279402	0.99589	-0.090524	0.0796684	0.0904583	0.992709
3.83333	0.997453	-0.00405524	-0.0712125	-0.00314321	0.994914	-0.100682	0.0712586	0.100649	0.992367
3.86667	0.997863	-0.000370008	-0.0653394	-0.00701385	0.9936	-0.112742	0.0649629	0.112959	0.991474
3.9	0.997987	0.00615013	-0.0631122	-0.0142222	0.991638	-0.128262	0.0617956	0.128902	0.98973
3.93333	0.997918	0.0145755	-0.0628282	-0.0235894	0.989119	-0.145212	0.0600281	0.146391	0.987404
3.96667	0.997659	0.0233318	-0.0642787	-0.0336001	0.985951	-0.163622	0.0595581	0.165399	0.984427
4	0.997214	0.0311267	-0.0677849	-0.0428535	0.982899	-0.179091	0.0610512	0.181497	0.981495
4.03333	0.996691	0.0353804	-0.0731862	-0.0488578	0.980281	-0.191476	0.0649685	0.194418	0.978765
4.06667	0.99627	0.0337747	-0.0794036	-0.0490293	0.978808	-0.198825	0.0710056	0.201977	0.976813
4.1	0.995805	0.0305561	-0.0862477	-0.0472731	0.978855	-0.199017	0.0783428	0.202259	0.976194
4.13333	0.995057	0.0325248	-0.0938246	-0.0503782	0.979565	-0.194714	0.0855743	0.198478	0.976362
4.16667	0.995011	0.0389275	-0.0918542	-0.0550392	0.982127	-0.17999	0.083206	0.184148	0.97937
4.2	0.995403	0.0467734	-0.0835722	-0.0587724	0.987324	-0.147438	0.0756167	0.151672	0.985534
4.23333	0.996303	0.0500425	-0.069833	-0.0573646	0.992589	-0.107124	0.0639548	0.110734	0.99179
4.26667	0.997405	0.046467	-0.0549954	-0.0503014	0.996241	-0.0705242	0.0515116	0.0731075	0.995993
4.3	0.998368	0.0384036	-0.0422618	-0.0401864	0.998302	-0.042178	0.0405702	0.0438075	0.998216
4.33333	0.999019	0.0296398	-0.0328908	-0.0302285	0.999389	-0.0175501	0.0323505	0.0185271	0.999305
4.36667	0.999408	0.0209223	-0.0272932	-0.0207968	0.999772	0.00487165	0.0273889	-0.00430116	0.999616
4.4	0.999629	0.0128485	-0.0240329	-0.0122304	0.999595	0.0256922	0.0243532	-0.0253887	0.999381
4.43333	0.999716	0.00601717	-0.0230803	-0.00494269	0.998914	0.0463319	0.023334	-0.0462046	0.998659
4.46667	0.999623	0.00089304	-0.027444	0.000698466	0.998321	0.0579269	0.0274496	-0.0579242	0.997944
4.5	0.999343	-0.00144981	-0.0362229	0.00348931	0.998408	0.0563046	0.0360836	-0.056394	0.997756
4.53333	0.998836	-0.00189058	-0.0482061	0.00403452	0.999005	0.044416	0.0480742	-0.0445588	0.997849
4.56667	0.998155	-0.00260228	-0.0606661	0.00451892	0.999494	0.0314776	0.0605535	-0.0316937	0.997662
4.6	0.997129	-0.00307875	-0.0756549	0.00451392	0.999813	0.0188062	0.0755829	-0.0190937	0.996957
4.63333	0.996602	-0.00653549	-0.082104	0.00672327	0.999975	0.00201084	0.0820889	-0.00255602	0.996622
4.66667	0.99659	-0.0110267	-0.081767	0.00898908	0.999641	-0.0252457	0.082016	0.0244246	0.996332
4.7	0.997132	-0.0151928	-0.0741393	0.0109817	0.998321	-0.0568814	0.074879	0.0559041	0.995624
4.73333	0.997943	-0.0180634	-0.061513	0.0130948	0.99669	-0.0802382	0.0627587	0.0792677	0.994876
4.76667	0.998622	-0.018085	-0.0492562	0.0132569	0.995231	-0.0966402	0.050769	0.0958541	0.9941
4.8	0.999135	-0.0160384	-0.0383671	0.0117982	0.994049	-0.108295	0.0398756	0.107749	0.993378
4.83333	0.999454	-0.0122117	-0.0306899	0.0081386	0.991546	-0.129499	0.0320119	0.129179	0.991105
4.86667	0.999607	-0.00689195	-0.0271895	0.00254767	0.987646	-0.156683	0.0279335	0.156552	0.987275
