0	0.0285115	0.999585	0.00422727	0.0865157	0.00174545	-0.996249	-0.995842	0.0287703	-0.08643
0.0333333	0.961771	0.137737	-0.236694	-0.131317	-0.526502	-0.839971	-0.240315	0.838942	-0.488288
0.0666667	0.978283	0.0330463	-0.20462	-0.100189	-0.788826	-0.606396	-0.181449	0.613727	-0.768385
0.1	0.978136	-0.00570834	-0.207886	-0.115736	-0.845464	-0.52134	-0.172784	0.534002	-0.82764
0.133333	0.977592	-0.0186625	-0.20968	-0.122861	-0.859401	-0.496322	-0.170937	0.510962	-0.842436
0.166667	0.97734	-0.0223228	-0.210497	-0.125052	-0.863231	-0.489075	-0.17079	0.504315	-0.846462
0.2	0.977198	-0.0235148	-0.211025	-0.125913	-0.864422	-0.486744	-0.170969	0.502216	-0.847672
0.233333	0.977079	-0.0237908	-0.211544	-0.126287	-0.864763	-0.486042	-0.171372	0.501616	-0.847946
0.266667	0.97695	-0.0242149	-0.212088	-0.126887	-0.864843	-0.485742	-0.171661	0.501457	-0.847982
0.3	0.976841	-0.0241847	-0.212593	-0.12712	-0.864821	-0.485721	-0.172108	0.501497	-0.847868
0.333333	0.976772	-0.0240428	-0.212928	-0.127142	-0.864894	-0.485586	-0.172485	0.501379	-0.847861
0.366667	0.976724	-0.0238083	-0.213175	-0.126978	-0.865156	-0.485161	-0.172879	0.500937	-0.848042
0.4	0.976603	-0.0231379	-0.213801	-0.1267	-0.865227	-0.485107	-0.173762	0.500846	-0.847915
0.433333	0.976499	-0.022683	-0.214325	-0.126538	-0.865342	-0.484945	-0.174464	0.500668	-0.847876
0.466667	0.976256	-0.0224629	-0.215451	-0.126841	-0.865543	-0.484506	-0.175598	0.50033	-0.847842
0.5	0.976086	-0.0216667	-0.216303	-0.126603	-0.865519	-0.484612	-0.176714	0.500408	-0.847564
0.533333	0.976005	-0.0201286	-0.216815	-0.125653	-0.865267	-0.485308	-0.177834	0.500906	-0.847035
0.566667	0.975883	-0.0190481	-0.217461	-0.125056	-0.865298	-0.485407	-0.178923	0.500896	-0.846812
0.6	0.975806	-0.0180199	-0.217894	-0.124369	-0.865403	-0.485397	-0.17982	0.500752	-0.846707
0.633333	0.975672	-0.0168415	-0.218587	-0.123807	-0.865168	-0.485959	-0.18093	0.5012	-0.846205
0.666667	0.975547	-0.0156429	-0.219232	-0.123223	-0.864884	-0.486612	-0.181999	0.501727	-0.845663
0.7	0.975439	-0.0146244	-0.219782	-0.122616	-0.864953	-0.486643	-0.182984	0.50164	-0.845502
0.733333	0.97544	-0.0135818	-0.219847	-0.121689	-0.865179	-0.486474	-0.1836	0.50128	-0.845583
0.766667	0.975375	-0.0125535	-0.220197	-0.120838	-0.865617	-0.485906	-0.184507	0.500549	-0.845818
0.8	0.9753	-0.0120839	-0.220553	-0.120567	-0.865758	-0.485723	-0.185076	0.500317	-0.845831
0.833333	0.9753	-0.0110767	-0.220607	-0.119678	-0.865941	-0.485617	-0.185654	0.500024	-0.845878
0.866667	0.975194	-0.0104551	-0.221103	-0.119233	-0.866394	-0.484918	-0.186493	0.499252	-0.846149
0.9	0.975077	-0.0101644	-0.221634	-0.119085	-0.866839	-0.484157	-0.1872	0.498484	-0.846446
0.933333	0.975005	-0.0102246	-0.221946	-0.119176	-0.867144	-0.48359	-0.187514	0.497953	-0.846688
0.966667	0.97499	-0.0104572	-0.222004	-0.119175	-0.867741	-0.482517	-0.187596	0.496907	-0.847285
1	0.974982	-0.010698	-0.222026	-0.119105	-0.868494	-0.481178	-0.187681	0.495585	-0.84804
1.03333	0.975011	-0.0105709	-0.221904	-0.118552	-0.869511	-0.479475	-0.18788	0.493801	-0.849036
1.06667	0.97493	-0.0105574	-0.222263	-0.118611	-0.869788	-0.478958	-0.188265	0.493313	-0.849234
1.1	0.974755	-0.010107	-0.22305	-0.118786	-0.869346	-0.479717	-0.189059	0.494101	-0.848599
1.13333	0.974701	-0.00974194	-0.2233	-0.118709	-0.869063	-0.480248	-0.189383	0.494606	-0.848233
1.16667	0.974774	-0.00976378	-0.222979	-0.118597	-0.868991	-0.480405	-0.189076	0.494731	-0.848228
1.2	0.974847	-0.0108567	-0.222608	-0.119131	-0.869533	-0.479292	-0.188362	0.493756	-0.848955
1.23333	0.974985	-0.0113971	-0.221977	-0.119103	-0.869993	-0.478463	-0.187665	0.492933	-0.849587
1.26667	0.97503	-0.0125076	-0.221719	-0.119936	-0.869937	-0.478357	-0.186899	0.493004	-0.849715
1.3	0.974979	-0.0115807	-0.221997	-0.119293	-0.869925	-0.478539	-0.187579	0.493048	-0.84954
1.33333	0.974929	-0.0098238	-0.222301	-0.117743	-0.870484	-0.477907	-0.188815	0.492099	-0.849816
1.36667	0.974915	-0.0072061	-0.222461	-0.115546	-0.870634	-0.478169	-0.190237	0.491878	-0.849627
1.4	0.974774	-0.00548088	-0.223127	-0.114686	-0.869928	-0.479659	-0.191476	0.493149	-0.848612
1.43333	0.974638	-0.00338351	-0.223761	-0.113846	-0.868327	-0.48275	-0.192665	0.49598	-0.84669
1.46667	0.974504	-0.00168215	-0.224362	-0.113608	-0.866004	-0.486959	-0.193479	0.500033	-0.844116
1.5	0.974617	-4.40934e-05	-0.22388	-0.113118	-0.863063	-0.492267	-0.193201	0.505097	-0.84116
1.53333	0.974472	0.00107838	-0.224508	-0.113215	-0.861173	-0.495543	-0.193875	0.50831	-0.839067
1.56667	0.974427	0.00388268	-0.224673	-0.111201	-0.860504	-0.497159	-0.195262	0.509429	-0.838066
1.6	0.974363	0.00787363	-0.224845	-0.108142	-0.859974	-0.498748	-0.197288	0.510277	-0.837075
1.63333	0.974276	0.0132191	-0.22497	-0.104301	-0.858475	-0.502137	-0.199769	0.512684	-0.835013
1.66667	0.973903	0.0204848	-0.226036	-0.0993764	-0.856889	-0.505832	-0.20405	0.515094	-0.832491
1.7	0.973159	0.0299103	-0.22818	-0.0931239	-0.855532	-0.509306	-0.210449	0.516885	-0.829784
1.73333	0.971925	0.0389106	-0.23205	-0.0885594	-0.853211	-0.513992	-0.217988	0.520112	-0.825812
1.76667	0.970036	0.0406889	-0.239532	-0.0927883	-0.849109	-0.520003	-0.224547	0.526647	-0.819891
1.8	0.967129	0.0357459	-0.251762	-0.105368	-0.844738	-0.524705	-0.231429	0.533985	-0.813204
1.83333	0.963352	0.0195621	-0.267527	-0.124467	-0.850873	-0.510415	-0.237616	0.525007	-0.817255
1.86667	0.958475	0.0033424	-0.285156	-0.144102	-0.857201	-0.494409	-0.246089	0.51497	-0.821125
1.9	0.952974	-0.0148012	-0.30269	-0.16665	-0.859825	-0.482627	-0.253117	0.510374	-0.821858
1.93333	0.946148	-0.0353114	-0.321803	-0.192197	-0.861164	-0.470593	-0.260507	0.5071	-0.821575
1.96667	0.936407	-0.0635847	-0.345108	-0.223852	-0.865602	-0.447911	-0.270246	0.49668	-0.824789
2	0.924629	-0.0916002	-0.36969	-0.255367	-0.869246	-0.423319	-0.282576	0.48582	-0.827122
2.03333	0.912363	-0.11337	-0.393372	-0.283917	-0.867483	-0.40849	-0.294933	0.484376	-0.823647
2.06667	0.899643	-0.129099	-0.417104	-0.307768	-0.865113	-0.396054	-0.309711	0.484678	-0.818025
2.1	0.886702	-0.141482	-0.440162	-0.325911	-0.866538	-0.378012	-0.327935	0.478638	-0.814472
2.13333	0.872861	-0.15102	-0.464012	-0.341658	-0.868071	-0.360171	-0.348402	0.472913	-0.809302
2.16667	0.856194	-0.15345	-0.493342	-0.359571	-0.862657	-0.355712	-0.371001	0.48195	-0.793778
2.2	0.833029	-0.160877	-0.529321	-0.391114	-0.847941	-0.357807	-0.39127	0.505088	-0.769281
2.23333	0.805923	-0.172777	-0.566247	-0.428926	-0.829662	-0.357327	-0.408056	0.530856	-0.742753
2.26667	0.775224	-0.172992	-0.607537	-0.470173	-0.800316	-0.372063	-0.421858	0.57408	-0.701761
2.3	0.753815	-0.11399	-0.647124	-0.517069	-0.710616	-0.477143	-0.405467	0.694285	-0.594613
2.33333	0.783561	0.0094692	-0.621242	-0.518704	-0.540445	-0.662469	-0.34202	0.841326	-0.41856
2.36667	0.852842	0.0634125	-0.518304	-0.45859	-0.38372	-0.801532	-0.249711	0.92127	-0.298173
2.4	0.914323	0.0106219	-0.404846	-0.374867	-0.356099	-0.85596	-0.153257	0.934388	-0.321607
2.43333	0.95455	-0.0709408	-0.289486	-0.292367	-0.411646	-0.863174	-0.0579316	0.908578	-0.413678
2.46667	0.973097	-0.143452	-0.18029	-0.228218	-0.49276	-0.839705	0.0316175	0.858259	-0.512241
2.5	0.976644	-0.196387	-0.0871692	-0.186557	-0.573791	-0.797471	0.106596	0.795107	-0.597027
2.53333	0.971965	-0.235086	-0.00435047	-0.162296	-0.657399	-0.735858	0.17013	0.715934	-0.677122
2.56667	0.96327	-0.255043	0.0840447	-0.144333	-0.755657	-0.638866	0.226447	0.603271	-0.764713
2.6	0.954255	-0.233017	0.187354	-0.11859	-0.87018	-0.47825	0.274472	0.434154	-0.858007
2.63333	0.945665	-0.160368	0.282842	-0.0695036	-0.9495	-0.305973	0.317627	0.26969	-0.909055
2.66667	0.944981	-0.0839736	0.316162	-0.0113221	-0.974307	-0.224938	0.326928	0.208983	-0.921653
2.7	0.952315	-0.0234961	0.304211	0.0603272	-0.962849	-0.263217	0.299094	0.269018	-0.915517
2.73333	0.953115	0.0505081	0.298363	0.1332	-0.955342	-0.26378	0.271716	0.291155	-0.917278
2.76667	0.948922	0.10415	0.297825	0.211991	-0.909593	-0.357351	0.233681	0.402235	-0.885212
2.8	0.953895	0.1309	0.270092	0.242907	-0.865266	-0.438533	0.176297	0.483921	-0.857169
2.83333	0.971463	0.147327	0.185888	0.22013	-0.85186	-0.475266	0.0883309	0.502622	-0.859982
2.86667	0.986051	0.143225	0.084788	0.166441	-0.847963	-0.503246	-0.000180543	0.510339	-0.859973
2.9	0.992443	0.118514	-0.0318111	0.0833678	-0.841433	-0.533891	-0.0900404	0.527205	-0.844955
2.93333	0.984714	0.0774495	-0.156011	-0.0204331	-0.838149	-0.545059	-0.172975	0.539915	-0.823755
2.96667	0.963594	0.0397036	-0.264406	-0.111308	-0.839574	-0.53172	-0.243099	0.541793	-0.804589
3	0.934906	0.01601	-0.354535	-0.1787	-0.841863	-0.509248	-0.306623	0.539454	-0.784201
3.03333	0.90238	-0.00765351	-0.430873	-0.237283	-0.843452	-0.48196	-0.359732	0.53715	-0.76293
3.06667	0.868257	-0.0211771	-0.495662	-0.283421	-0.841178	-0.460534	-0.407187	0.540343	-0.736361
3.1	0.829431	-0.0202375	-0.558243	-0.315284	-0.841913	-0.437925	-0.461129	0.539234	-0.704689
3.13333	0.787275	-0.0267903	-0.616019	-0.351577	-0.840244	-0.412775	-0.506548	0.541546	-0.670922
3.16667	0.745376	-0.0264515	-0.66612	-0.406921	-0.809521	-0.423191	-0.528044	0.586494	-0.614161
3.2	0.696999	-0.0126089	-0.716961	-0.48857	-0.740204	-0.46195	-0.524872	0.672265	-0.522082
3.23333	0.690944	0.105808	-0.715123	-0.547233	-0.569837	-0.613043	-0.472368	0.814917	-0.335824
3.26667	0.754289	0.187095	-0.629319	-0.528182	-0.396412	-0.75092	-0.389963	0.898806	-0.200189
3.3	0.825108	0.120375	-0.552003	-0.486182	-0.346412	-0.802263	-0.287793	0.930327	-0.227303
3.33333	0.890841	0.0111978	-0.454178	-0.416518	-0.379087	-0.82632	-0.181426	0.925293	-0.333042
3.36667	0.937696	-0.074554	-0.339365	-0.333421	-0.46788	-0.818486	-0.0977606	0.880642	-0.463587
3.4	0.968957	-0.122213	-0.214911	-0.245235	-0.585305	-0.772837	-0.0313379	0.80155	-0.597106
3.43333	0.985247	-0.139707	-0.0988433	-0.169031	-0.704059	-0.689731	0.0267689	0.696263	-0.717287
3.46667	0.989011	-0.147806	0.00318909	-0.119275	-0.810471	-0.573507	0.0873527	0.566824	-0.819195
3.5	0.983676	-0.147018	0.103761	-0.0935089	-0.910282	-0.40329	0.153743	0.387004	-0.909171
3.53333	0.972381	-0.130812	0.193296	-0.0825189	-0.967371	-0.239551	0.218325	0.216984	-0.951447
3.56667	0.962526	-0.110166	0.247806	-0.0763525	-0.986893	-0.142172	0.26022	0.117923	-0.958321
3.6	0.966932	-0.0765132	0.243287	-0.0295497	-0.981122	-0.191117	0.253317	0.177608	-0.950939
3.63333	0.968557	-0.0328625	0.246611	0.0301961	-0.968382	-0.247637	0.246952	0.247298	-0.936941
3.66667	0.964145	0.0142836	0.26499	0.114248	-0.923616	-0.365898	0.239522	0.383053	-0.892132
3.7	0.962657	0.0761762	0.259787	0.18434	-0.887214	-0.42293	0.19827	0.455025	-0.868125
3.73333	0.974714	0.100379	0.199641	0.184226	-0.866619	-0.463716	0.126465	0.48877	-0.863198
3.76667	0.988632	0.103585	0.108978	0.144165	-0.858886	-0.491458	0.0426917	0.501582	-0.864056
3.8	0.994784	0.101996	0.00156185	0.0884863	-0.855203	-0.510685	-0.050752	0.508159	-0.859767
3.83333	0.990186	0.0887488	-0.107963	0.019274	-0.851833	-0.523459	-0.138423	0.51624	-0.845183
3.86667	0.976534	0.0682305	-0.204271	-0.0498286	-0.851171	-0.522518	-0.209521	0.520435	-0.827797
3.9	0.956724	0.0480544	-0.287	-0.108304	-0.856614	-0.504463	-0.27009	0.513715	-0.814339
3.93333	0.932331	0.0325502	-0.360137	-0.15763	-0.859749	-0.485782	-0.32544	0.509679	-0.79644
3.96667	0.904281	0.0193416	-0.4265	-0.208618	-0.851573	-0.480938	-0.372498	0.523879	-0.766026
4	0.869529	0.00475778	-0.493858	-0.259607	-0.84626	-0.46524	-0.420146	0.532749	-0.734613
4.03333	0.835794	-0.00239966	-0.549038	-0.29843	-0.841357	-0.45062	-0.460855	0.540475	-0.703917
4.06667	0.796023	-0.00111198	-0.605266	-0.348088	-0.818924	-0.456288	-0.495159	0.573902	-0.652269
4.1	0.749765	-0.000299776	-0.661704	-0.423203	-0.768954	-0.479175	-0.508676	0.639304	-0.576661
4.13333	0.703909	0.0335338	-0.709498	-0.515664	-0.662811	-0.542929	-0.48847	0.748036	-0.449266
4.16667	0.717463	0.159448	-0.678103	-0.545643	-0.476506	-0.689359	-0.433037	0.864592	-0.254873
4.2	0.785172	0.205121	-0.58432	-0.505064	-0.333889	-0.795882	-0.35835	0.920024	-0.158561
4.23333	0.857742	0.15225	-0.491017	-0.438674	-0.281231	-0.853507	-0.268036	0.947486	-0.174436
4.26667	0.914998	0.0692291	-0.397475	-0.361344	-0.297617	-0.88366	-0.17947	0.952172	-0.247303
4.3	0.952749	-0.0129013	-0.303486	-0.287788	-0.358045	-0.888246	-0.0972021	0.933615	-0.34484
4.33333	0.972901	-0.0774331	-0.217869	-0.229281	-0.444862	-0.865753	-0.0298839	0.892245	-0.450561
4.36667	0.980841	-0.124369	-0.149942	-0.193861	-0.54734	-0.814148	0.019185	0.827618	-0.560964
4.4	0.98446	-0.154185	-0.0840559	-0.167237	-0.677126	-0.716612	0.0535744	0.719533	-0.692389
4.43333	0.987124	-0.159945	-0.00200271	-0.134394	-0.822511	-0.552642	0.0867451	0.545796	-0.833416
4.46667	0.986353	-0.13985	0.0868939	-0.100044	-0.928229	-0.358303	0.130766	0.34472	-0.929553
4.5	0.980154	-0.126605	0.15254	-0.08447	-0.962873	-0.256399	0.179338	0.238425	-0.954459
4.53333	0.978704	-0.121867	0.165188	-0.0735725	-0.959492	-0.27196	0.19164	0.254015	-0.948025
4.56667	0.984224	-0.0854781	0.154907	-0.0338661	-0.950378	-0.309248	0.173654	0.299123	-0.93828
4.6	0.985428	-0.02595	0.168104	0.0347573	-0.936721	-0.348347	0.166507	0.349113	-0.922169
4.63333	0.983136	0.0156171	0.182209	0.0977333	-0.886999	-0.451309	0.154571	0.461506	-0.873567
4.66667	0.989931	0.0370213	0.136623	0.10004	-0.865826	-0.490242	0.100142	0.498974	-0.860812
4.7	0.997632	0.0320491	0.0608592	0.0588657	-0.855507	-0.514435	0.0355783	0.516799	-0.855367
4.73333	0.999221	0.0324623	-0.0224416	0.0151876	-0.841176	-0.540549	-0.0364247	0.539787	-0.841013
4.76667	0.993474	0.04006	-0.106792	-0.025716	-0.833513	-0.551901	-0.111122	0.551046	-0.827043
4.8	0.981604	0.0436489	-0.185874	-0.0676662	-0.8308	-0.552442	-0.178538	0.554857	-0.812563
4.83333	0.965763	0.0436045	-0.255734	-0.10862	-0.827242	-0.551247	-0.23559	0.560152	-0.794183
4.86667	0.947789	0.0443175	-0.315803	-0.148619	-0.814794	-0.560378	-0.282149	0.578054	-0.765667
