0	0.955863	-0.293814	0	0.293814	0.955863	0	0	0	1
0.0333333	0.862415	-0.465325	-0.199284	0.454468	0.88513	-0.100021	0.222934	-0.00430827	0.974824
0.0666667	0.803005	-0.47276	-0.362877	0.433835	0.881167	-0.187968	0.40862	-0.00648929	0.912682
0.1	0.75404	-0.463704	-0.465191	0.395136	0.88599	-0.242672	0.524682	-0.000829473	0.851298
0.133333	0.720599	-0.450344	-0.527188	0.357209	0.892806	-0.274408	0.594254	0.00942212	0.804222
0.166667	0.700407	-0.436608	-0.564626	0.324912	0.899398	-0.29243	0.635501	0.021366	0.771804
0.2	0.688672	-0.424518	-0.587805	0.299255	0.90483	-0.302868	0.660437	0.0326732	0.750171
0.233333	0.681033	-0.414554	-0.603605	0.278985	0.909036	-0.30955	0.677024	0.0424169	0.734738
0.266667	0.675508	-0.407158	-0.614746	0.26393	0.911995	-0.314014	0.688499	0.0498692	0.723521
0.3	0.670159	-0.401776	-0.624069	0.252247	0.914059	-0.317595	0.698038	0.0554193	0.713913
0.333333	0.665485	-0.397571	-0.631718	0.242831	0.915618	-0.320432	0.705807	0.059842	0.705872
0.366667	0.662161	-0.393568	-0.637688	0.234413	0.917057	-0.32258	0.711753	0.0641176	0.699497
0.4	0.660681	-0.389414	-0.641762	0.226657	0.918505	-0.324	0.715631	0.0686005	0.695102
0.433333	0.66122	-0.38559	-0.643513	0.220481	0.919798	-0.324592	0.717061	0.0727444	0.693204
0.466667	0.662557	-0.382348	-0.644071	0.215699	0.920866	-0.324776	0.717281	0.0762566	0.692599
0.5	0.663923	-0.380339	-0.643855	0.213014	0.921516	-0.324705	0.71682	0.0784291	0.692833
0.533333	0.666116	-0.378291	-0.642795	0.210693	0.922168	-0.324367	0.715471	0.0806335	0.693974
0.566667	0.670002	-0.375193	-0.640568	0.207494	0.923138	-0.323671	0.712772	0.0839458	0.696354
0.6	0.675601	-0.37175	-0.636683	0.204632	0.924192	-0.322482	0.7083	0.0875833	0.700457
0.633333	0.682432	-0.368114	-0.63149	0.20214	0.925281	-0.320927	0.702443	0.091361	0.705852
0.666667	0.68951	-0.365147	-0.625495	0.200934	0.926153	-0.319165	0.695846	0.0943849	0.711962
0.7	0.695085	-0.364362	-0.619755	0.202523	0.926382	-0.317493	0.689812	0.0951697	0.717706
0.733333	0.698776	-0.364707	-0.615387	0.204967	0.926281	-0.316215	0.685347	0.0948292	0.722016
0.766667	0.701173	-0.365321	-0.612288	0.207179	0.9261	-0.315302	0.682226	0.0942285	0.725044
0.8	0.702486	-0.365715	-0.610546	0.20848	0.925984	-0.314786	0.680477	0.0938467	0.726735
0.833333	0.703297	-0.365855	-0.609527	0.209122	0.925942	-0.314484	0.679442	0.0937103	0.727721
0.866667	0.703151	-0.366683	-0.609198	0.210359	0.925695	-0.314386	0.679211	0.0929104	0.728038
0.9	0.701577	-0.367423	-0.610566	0.21072	0.925473	-0.314796	0.680725	0.0921946	0.726714
0.933333	0.699809	-0.367948	-0.612275	0.210646	0.925315	-0.31531	0.682565	0.0916834	0.725051
0.966667	0.697658	-0.368944	-0.614128	0.211127	0.925015	-0.315869	0.684615	0.0907092	0.723238
1	0.69603	-0.369298	-0.615761	0.210857	0.924908	-0.316363	0.686354	0.0903604	0.721632
1.03333	0.695736	-0.368608	-0.616506	0.209601	0.925116	-0.316588	0.687036	0.0910415	0.720897
1.06667	0.696151	-0.367738	-0.616557	0.20842	0.925377	-0.316603	0.686975	0.0919005	0.720847
1.1	0.697473	-0.367379	-0.615275	0.208526	0.925485	-0.31622	0.6856	0.0922539	0.722109
1.13333	0.699674	-0.367729	-0.612562	0.210217	0.92538	-0.315406	0.682836	0.0919108	0.724767
1.16667	0.701872	-0.368069	-0.609837	0.21189	0.925277	-0.314586	0.680058	0.0915807	0.727416
1.2	0.703258	-0.368072	-0.608236	0.212611	0.925276	-0.314102	0.678399	0.0915775	0.728964
1.23333	0.70271	-0.368645	-0.608523	0.213237	0.925103	-0.314189	0.67877	0.0910241	0.728687
1.26667	0.699089	-0.37107	-0.611213	0.215229	0.924362	-0.315011	0.681873	0.0886696	0.726076
1.3	0.69418	-0.374155	-0.614916	0.217644	0.923403	-0.31616	0.686109	0.0856394	0.722441
1.33333	0.689306	-0.377127	-0.618573	0.219935	0.922463	-0.317317	0.69028	0.0826825	0.718802
1.36667	0.68568	-0.379009	-0.621446	0.221132	0.92186	-0.318238	0.693501	0.0807883	0.715912
1.4	0.683787	-0.380127	-0.622847	0.221984	0.921498	-0.318691	0.695095	0.0796549	0.714491
1.43333	0.683177	-0.380167	-0.623492	0.221737	0.921485	-0.318901	0.695774	0.0796143	0.713835
1.46667	0.683184	-0.379331	-0.623994	0.220376	0.921755	-0.319063	0.6962	0.0804655	0.713324
1.5	0.681608	-0.378905	-0.625973	0.218874	0.921893	-0.3197	0.698216	0.0809007	0.711301
1.53333	0.680374	-0.378276	-0.627693	0.217215	0.922094	-0.320251	0.699935	0.081546	0.709536
1.56667	0.678767	-0.377413	-0.629948	0.21498	0.922368	-0.320968	0.702181	0.0824363	0.70721
1.6	0.678016	-0.375905	-0.631656	0.212119	0.922843	-0.321505	0.703775	0.0839993	0.70544
1.63333	0.678312	-0.374771	-0.632013	0.210407	0.923197	-0.321616	0.704004	0.0851761	0.705069
1.66667	0.680326	-0.373883	-0.630372	0.209976	0.923471	-0.321109	0.702187	0.0860956	0.706768
1.7	0.687365	-0.373741	-0.622774	0.213339	0.923515	-0.318756	0.694273	0.0862398	0.714526
1.73333	0.699678	-0.373002	-0.60936	0.218482	0.923745	-0.314579	0.680233	0.0869694	0.727819
1.76667	0.717769	-0.369215	-0.590328	0.22191	0.924922	-0.308667	0.659972	0.0905518	0.745813
1.8	0.738249	-0.361308	-0.569601	0.220544	0.927324	-0.302376	0.637455	0.0976065	0.76428
1.83333	0.759662	-0.352405	-0.546557	0.218696	0.929933	-0.295629	0.612443	0.105048	0.783504
1.86667	0.783446	-0.338319	-0.521299	0.211239	0.933857	-0.2886	0.584457	0.115983	0.803093
1.9	0.804691	-0.322926	-0.498188	0.2014	0.937854	-0.282609	0.558489	0.127079	0.81972
1.93333	0.819684	-0.309943	-0.48172	0.192065	0.940997	-0.278633	0.539657	0.135869	0.830849
1.96667	0.826332	-0.307263	-0.471981	0.19228	0.941622	-0.276363	0.529343	0.137615	0.837172
2	0.822738	-0.317658	-0.471376	0.204336	0.939121	-0.276222	0.530423	0.130939	0.83756
2.03333	0.804282	-0.34303	-0.485244	0.228763	0.932363	-0.279939	0.548451	0.114144	0.828356
2.06667	0.772241	-0.385607	-0.504926	0.27166	0.918843	-0.286231	0.574321	0.0838711	0.814323
2.1	0.746435	-0.428551	-0.509095	0.321539	0.902065	-0.287909	0.582621	0.0512118	0.811129
2.13333	0.745608	-0.446273	-0.494883	0.348322	0.894111	-0.281491	0.568102	0.0375033	0.822103
2.16667	0.741152	-0.453169	-0.495309	0.35644	0.890842	-0.281695	0.568897	0.0322308	0.821777
2.2	0.707979	-0.467236	-0.529581	0.359914	0.883887	-0.298673	0.607641	0.0208506	0.793938
2.23333	0.623216	-0.494544	-0.605829	0.359298	0.869133	-0.339872	0.694627	-0.00585923	0.719346
2.26667	0.464024	-0.512761	-0.722328	0.307475	0.857966	-0.411525	0.830747	-0.03114	0.555778
2.3	0.286437	-0.51202	-0.809808	0.198648	0.858595	-0.472603	0.937279	-0.0254961	0.347645
2.33333	0.169717	-0.49458	-0.852401	0.0322292	0.867272	-0.496791	0.984966	0.0568419	0.163131
2.36667	0.099367	-0.477523	-0.872982	-0.176557	0.854942	-0.487752	0.979262	0.202598	0.000642879
2.4	0.0698615	-0.46716	-0.881408	-0.349389	0.816142	-0.460261	0.93437	0.340109	-0.106204
2.43333	0.0675425	-0.461533	-0.884548	-0.434009	0.784705	-0.442578	0.898373	0.413794	-0.147308
2.46667	0.148796	-0.46155	-0.874547	-0.38823	0.786117	-0.480934	0.909471	0.411086	-0.0622167
2.5	0.316254	-0.469791	-0.824185	-0.249135	0.797153	-0.54998	0.915377	0.379267	0.135061
2.53333	0.512011	-0.467004	-0.720938	-0.110385	0.796566	-0.594389	0.851856	0.383915	0.3563
2.56667	0.651309	-0.456901	-0.605837	-0.0051699	0.795711	-0.605655	0.758795	0.3976	0.515891
2.6	0.720808	-0.445469	-0.53103	0.0472235	0.79591	-0.60357	0.691524	0.409981	0.594735
2.63333	0.761117	-0.432456	-0.483407	0.0716416	0.796783	-0.600003	0.644646	0.422041	0.637427
2.66667	0.792648	-0.428573	-0.43363	0.105736	0.797097	-0.594522	0.600441	0.425396	0.677133
2.7	0.81917	-0.424466	-0.385732	0.136659	0.797612	-0.587485	0.557032	0.428536	0.711387
2.73333	0.83914	-0.417907	-0.348134	0.15675	0.798704	-0.580949	0.520839	0.432928	0.735731
2.76667	0.850388	-0.414494	-0.32409	0.169963	0.799339	-0.576342	0.497949	0.43503	0.750197
2.8	0.85317	-0.420076	-0.309253	0.185211	0.798175	-0.573248	0.487646	0.431801	0.758782
2.83333	0.851314	-0.431595	-0.298313	0.20333	0.795555	-0.570744	0.483655	0.425226	0.765023
2.86667	0.840059	-0.453381	-0.297903	0.224035	0.790054	-0.570633	0.494074	0.412625	0.765266
2.9	0.822681	-0.481289	-0.302583	0.247213	0.782149	-0.571952	0.511939	0.395732	0.76244
2.93333	0.80828	-0.502824	-0.306353	0.26512	0.775376	-0.573152	0.525733	0.382047	0.76003
2.96667	0.793604	-0.52083	-0.31453	0.276589	0.769268	-0.575956	0.541933	0.370086	0.75455
3	0.775951	-0.540729	-0.324827	0.288368	0.76207	-0.579736	0.561021	0.356177	0.747258
3.03333	0.754581	-0.562451	-0.338017	0.299783	0.753685	-0.584884	0.583727	0.340011	0.73733
3.06667	0.722288	-0.591811	-0.357855	0.313602	0.741447	-0.59322	0.616405	0.316252	0.721131
3.1	0.661962	-0.638479	-0.392621	0.332569	0.719626	-0.609538	0.671717	0.272917	0.688703
3.13333	0.561594	-0.693935	-0.45063	0.337169	0.689285	-0.641251	0.755599	0.208184	0.621071
3.16667	0.437041	-0.735829	-0.517253	0.305246	0.662292	-0.684247	0.846061	0.141155	0.514058
3.2	0.342448	-0.747019	-0.569817	0.228558	0.654504	-0.720684	0.911313	0.11656	0.394871
3.23333	0.29908	-0.739832	-0.60266	0.138814	0.658583	-0.739594	0.944077	0.137541	0.299668
3.26667	0.313422	-0.727731	-0.61006	0.095222	0.663277	-0.742291	0.944828	0.174559	0.277181
3.3	0.392373	-0.708541	-0.586526	0.108422	0.668846	-0.735452	0.913394	0.224979	0.339259
3.33333	0.508597	-0.675323	-0.534105	0.143807	0.678241	-0.720631	0.84891	0.289703	0.442067
3.36667	0.588352	-0.652906	-0.477028	0.19018	0.685124	-0.703162	0.785922	0.322985	0.527264
3.4	0.612573	-0.654871	-0.442605	0.232371	0.684426	-0.69106	0.755485	0.320477	0.571434
3.43333	0.499138	-0.718603	-0.484222	0.256832	0.656388	-0.70936	0.827586	0.229705	0.512189
3.46667	0.200398	-0.792539	-0.575954	0.178544	0.607578	-0.773932	0.963308	0.0522611	0.263261
3.5	0.0647877	-0.792793	-0.606038	-0.0807371	0.601158	-0.795041	0.994628	0.100439	-0.0250601
3.53333	0.083896	-0.783678	-0.615475	-0.33424	0.55974	-0.758271	0.938747	0.269332	-0.214976
3.56667	0.0870223	-0.771443	-0.630319	-0.541844	0.494291	-0.679766	0.835962	0.400689	-0.374987
3.6	0.12266	-0.767239	-0.629523	-0.551749	0.474534	-0.68585	0.824941	0.431465	-0.365117
3.63333	0.262584	-0.760338	-0.594085	-0.429118	0.459434	-0.777675	0.864238	0.459137	-0.205635
3.66667	0.444538	-0.744246	-0.498482	-0.225876	0.445374	-0.866385	0.866814	0.497736	0.0298785
3.7	0.572771	-0.732635	-0.367667	-0.00844155	0.443234	-0.896366	0.819672	0.516516	0.247687
3.73333	0.609604	-0.743064	-0.276115	0.137537	0.442181	-0.886318	0.780683	0.502327	0.371754
3.76667	0.618027	-0.767736	-0.169185	0.306295	0.433348	-0.847581	0.724034	0.472007	0.502975
3.8	0.600091	-0.792416	-0.109396	0.405154	0.419001	-0.812581	0.68974	0.443301	0.572489
3.83333	0.613227	-0.784335	-0.0936552	0.420455	0.424482	-0.801893	0.668708	0.452365	0.590081
3.86667	0.619174	-0.777903	-0.107191	0.398305	0.428766	-0.810871	0.676739	0.459376	0.575324
3.9	0.615776	-0.776547	-0.133396	0.36264	0.429623	-0.826992	0.699509	0.460867	0.546159
3.93333	0.602945	-0.782596	-0.154923	0.337421	0.426128	-0.839382	0.722914	0.453827	0.520996
3.96667	0.583128	-0.794971	-0.16728	0.328634	0.419151	-0.846352	0.742941	0.438558	0.505673
4	0.5376	-0.823541	-0.181018	0.328671	0.402365	-0.854446	0.776506	0.399854	0.486986
4.03333	0.496867	-0.846601	-0.190762	0.330091	0.387662	-0.860673	0.802598	0.364671	0.472071
4.06667	0.461127	-0.864847	-0.198498	0.330663	0.375072	-0.866016	0.823422	0.333707	0.458929
4.1	0.413025	-0.887437	-0.204611	0.337444	0.357802	-0.870695	0.845897	0.290574	0.447241
4.13333	0.348559	-0.914721	-0.20443	0.362665	0.332741	-0.870493	0.864281	0.229278	0.447717
4.16667	0.288541	-0.934155	-0.209995	0.367411	0.31056	-0.876677	0.884168	0.175803	0.432828
4.2	0.270592	-0.938407	-0.214877	0.356938	0.305091	-0.882901	0.894078	0.162208	0.417508
4.23333	0.278294	-0.93611	-0.215057	0.353756	0.308058	-0.883152	0.892978	0.169698	0.416885
4.26667	0.317379	-0.924512	-0.211065	0.353064	0.321771	-0.878527	0.880123	0.204307	0.428536
4.3	0.374779	-0.904257	-0.204595	0.349763	0.342276	-0.872074	0.858607	0.255275	0.444553
4.33333	0.431266	-0.880501	-0.196795	0.345627	0.362715	-0.865436	0.833398	0.305215	0.460751
4.36667	0.479618	-0.857326	-0.186972	0.345229	0.380259	-0.858032	0.806711	0.34698	0.478353
4.4	0.514416	-0.839248	-0.17618	0.349683	0.392881	-0.850509	0.783006	0.375908	0.495575
4.43333	0.542783	-0.823148	-0.166775	0.352613	0.403568	-0.844273	0.762267	0.39945	0.509303
4.46667	0.567856	-0.808432	-0.154843	0.359855	0.41301	-0.836617	0.7403	0.419357	0.525448
4.5	0.581737	-0.800479	-0.144275	0.369432	0.418059	-0.829907	0.724639	0.429488	0.538923
4.53333	0.585023	-0.799109	-0.138466	0.3767	0.418938	-0.826189	0.718224	0.431179	0.546113
4.56667	0.603018	-0.785952	-0.136563	0.369997	0.427222	-0.824975	0.706733	0.446947	0.548422
4.6	0.621276	-0.770293	-0.143751	0.349255	0.436431	-0.829186	0.701453	0.464948	0.540173
4.63333	0.631482	-0.759625	-0.155569	0.326069	0.442182	-0.835556	0.703499	0.476912	0.52692
4.66667	0.621842	-0.763635	-0.173704	0.304584	0.440167	-0.844679	0.721485	0.47235	0.506305
4.7	0.592474	-0.780788	-0.198354	0.282411	0.431903	-0.856565	0.754465	0.451476	0.476395
4.73333	0.55398	-0.801575	-0.224906	0.257973	0.422128	-0.869055	0.791553	0.42342	0.440636
4.76667	0.511828	-0.822107	-0.249342	0.233925	0.412642	-0.880344	0.826626	0.392258	0.403513
4.8	0.473157	-0.838842	-0.269196	0.212085	0.405037	-0.889362	0.855068	0.363716	0.369552
4.83333	0.446799	-0.848987	-0.282121	0.195857	0.400522	-0.89511	0.872932	0.344679	0.345233
4.86667	0.434626	-0.8526	-0.290127	0.182827	0.398964	-0.898555	0.881858	0.337493	0.329278
4.9	0.435723	-0.850044	-0.295922	0.168507	0.399999	-0.900892	0.884167	0.342674	0.317528
4.93333	0.449366	-0.842675	-0.296596	0.160466	0.402744	-0.901137	0.878818	0.357346	0.3162
4.96667	0.4532	-0.840896	-0.29581	0.160447	0.403376	-0.900858	0.87685	0.360807	0.317729
5	0.480698	-0.830054	-0.282736	0.176191	0.407284	-0.896145	0.859003	0.38096	0.342029
5.03333	0.514649	-0.817	-0.26009	0.206025	0.412297	-0.887448	0.83228	0.40314	0.380511
