0	0	1	0	0	0	-1	-1	0	0
0.0333333	0.998633	-0.0509443	-0.0117117	0.0444805	0.945849	-0.321546	0.0274584	0.320585	0.946822
0.0666667	0.999446	-0.0317571	-0.00991229	0.0288711	0.975997	-0.215862	0.0165295	0.215457	0.976373
0.1	0.999711	-0.0226829	-0.0080115	0.0211258	0.987111	-0.158635	0.0115065	0.15842	0.987305
0.133333	0.99981	-0.0179243	-0.00768539	0.0168626	0.9925	-0.121076	0.00979795	0.120923	0.992614
0.166667	0.999858	-0.0146663	-0.00835918	0.0138387	0.995692	-0.0916891	0.00966791	0.0915603	0.995753
0.2	0.999874	-0.0120136	-0.0103314	0.0112379	0.997332	-0.0721245	0.0111704	0.0719993	0.997342
0.233333	0.999891	-0.00932255	-0.011425	0.00868178	0.998454	-0.054906	0.0119192	0.0548008	0.998426
0.266667	0.999914	-0.00639029	-0.0114115	0.00593835	0.999213	-0.0392085	0.0116531	0.0391374	0.999166
0.3	0.999926	-0.00430069	-0.0113733	0.00395951	0.999546	-0.0298526	0.0114966	0.0298054	0.99949
0.333333	0.999926	-0.00358777	-0.011658	0.003282	0.999653	-0.0261432	0.0117477	0.026103	0.99959
0.366667	0.999934	-0.00350846	-0.0109445	0.00329105	0.999798	-0.0198203	0.0110119	0.019783	0.999744
0.4	0.999947	-0.00428931	-0.00931002	0.00420976	0.999955	-0.00854724	0.00934626	0.00850759	0.99992
0.433333	0.999955	-0.00584317	-0.00749701	0.00585185	0.999982	0.00113637	0.00749024	-0.00118019	0.999971
0.466667	0.999948	-0.00820402	-0.00599187	0.00828089	0.999882	0.0129191	0.00588518	-0.0129681	0.999899
0.5	0.99993	-0.010694	-0.00505505	0.010809	0.99967	0.0232931	0.00480428	-0.0233461	0.999716
0.533333	0.9999	-0.0134621	-0.00438213	0.0135886	0.99945	0.0302547	0.00397243	-0.0303112	0.999533
0.566667	0.999861	-0.0163089	-0.00349626	0.0164211	0.999256	0.0349058	0.00292438	-0.0349584	0.999384
0.6	0.999826	-0.0185887	-0.00175339	0.0186434	0.99905	0.0393784	0.00101973	-0.0394042	0.999223
0.633333	0.999792	-0.0204027	0.000263273	0.0203729	0.99888	0.0427026	-0.00113423	-0.0426884	0.999088
0.666667	0.999758	-0.0216794	0.00380281	0.0214629	0.998524	0.0498926	-0.00487884	-0.0497989	0.998747
0.7	0.999743	-0.0215186	0.00711639	0.0210743	0.998122	0.0575222	-0.00834083	-0.0573575	0.998319
0.733333	0.999717	-0.021223	0.0107748	0.0204962	0.997766	0.06359	-0.0121003	-0.0633512	0.997918
0.766667	0.99969	-0.0208492	0.0136193	0.019859	0.997406	0.0691837	-0.0150264	-0.0688917	0.997511
0.8	0.999678	-0.0207729	0.0145686	0.0197058	0.997358	0.0699146	-0.0159824	-0.069605	0.997447
0.833333	0.999659	-0.0214476	0.0149101	0.0203755	0.997431	0.068673	-0.0163446	-0.0683457	0.997528
0.866667	0.999668	-0.0214513	0.014275	0.0204446	0.997525	0.0672787	-0.0156829	-0.0669645	0.997632
0.9	0.999695	-0.0208754	0.0132183	0.0199639	0.99764	0.0656937	-0.0145585	-0.0654098	0.997752
0.933333	0.999717	-0.020405	0.0121969	0.0196037	0.997849	0.0625563	-0.0134472	-0.0622996	0.997967
0.966667	0.999736	-0.0200788	0.0111383	0.0193572	0.99792	0.0614942	-0.0123498	-0.0612623	0.998045
1	0.999741	-0.0200617	0.0107146	0.0193621	0.997899	0.0618241	-0.0119324	-0.0616007	0.99803
1.03333	0.999748	-0.0198755	0.0103961	0.0191902	0.997872	0.0623161	-0.0116125	-0.0621009	0.998002
1.06667	0.999754	-0.0196435	0.0103213	0.0189448	0.997776	0.0639122	-0.0115538	-0.0637009	0.997902
1.1	0.999755	-0.0195955	0.0102724	0.0188825	0.997678	0.065432	-0.0115308	-0.065222	0.997804
1.13333	0.999749	-0.0198631	0.0103801	0.0191518	0.997725	0.0646375	-0.0116404	-0.0644225	0.997855
1.16667	0.999743	-0.0201588	0.0103245	0.019457	0.997756	0.064071	-0.011593	-0.0638537	0.997892
1.2	0.999734	-0.0204168	0.0107353	0.0197039	0.997833	0.0627777	-0.0119937	-0.0625495	0.99797
1.23333	0.999729	-0.0203924	0.0112211	0.0196439	0.997808	0.0631956	-0.0124852	-0.0629581	0.997938
1.26667	0.999732	-0.0198801	0.0118211	0.019084	0.997766	0.0640171	-0.0130673	-0.0637744	0.997879
1.3	0.999737	-0.019683	0.0117976	0.0188858	0.997755	0.0642498	-0.0130357	-0.0640101	0.997864
1.33333	0.999731	-0.0199027	0.0119344	0.0191086	0.99781	0.0633192	-0.0131685	-0.0630741	0.997922
1.36667	0.999731	-0.0198354	0.0120541	0.0190418	0.997849	0.0627271	-0.0132724	-0.0624806	0.997958
1.4	0.999734	-0.0197173	0.011972	0.018924	0.997827	0.0631053	-0.0131902	-0.0628619	0.997935
1.43333	0.999733	-0.0199198	0.0117486	0.0191394	0.99782	0.0631639	-0.0129812	-0.0629221	0.997934
1.46667	0.999732	-0.0199858	0.0116687	0.0191984	0.99776	0.064084	-0.0129233	-0.0638428	0.997876
1.5	0.999737	-0.0200145	0.0111529	0.0192504	0.997709	0.0648553	-0.0124254	-0.0646236	0.997832
1.53333	0.999751	-0.0194633	0.0109079	0.0187101	0.997687	0.0653495	-0.0121546	-0.0651291	0.997803
1.56667	0.999747	-0.0196976	0.0109007	0.0189522	0.997724	0.0647117	-0.0121505	-0.0644887	0.997844
1.6	0.999726	-0.0206632	0.0110152	0.0199594	0.997964	0.0605691	-0.0122443	-0.0603326	0.998103
1.63333	0.999683	-0.0220096	0.0122119	0.02131	0.998274	0.0547276	-0.0133953	-0.05445	0.998427
1.66667	0.999621	-0.0230528	0.01504	0.0222568	0.998445	0.0511041	-0.0161947	-0.05075	0.99858
1.7	0.999581	-0.0230063	0.0175367	0.022198	0.998742	0.0449673	-0.0185492	-0.0445592	0.998835
1.73333	0.999549	-0.0221176	0.0203196	0.0213911	0.999148	0.0353023	-0.0210831	-0.0348517	0.99917
1.76667	0.999613	-0.0187995	0.0205225	0.0183751	0.999617	0.0206777	-0.0209034	-0.0202926	0.999576
1.8	0.999757	-0.0106688	0.019278	0.0105762	0.999932	0.00490272	-0.019329	-0.00469764	0.999802
1.83333	0.999874	0.00357867	0.0154653	-0.00332025	0.999855	-0.0167032	-0.0155228	0.0166497	0.999741
1.86667	0.9997	0.0223572	0.0100515	-0.0219227	0.998901	-0.0414325	-0.0109667	0.0411997	0.999091
1.9	0.999195	0.0400864	0.00184976	-0.0398809	0.997078	-0.0651479	-0.0044559	0.0650217	0.997874
1.93333	0.99874	0.0487661	-0.0118146	-0.0495318	0.995815	-0.0768096	0.00801944	0.077298	0.996976
1.96667	0.998776	0.0465696	-0.0166823	-0.0477439	0.99575	-0.0787521	0.0129439	0.0794522	0.996755
2	0.999191	0.0398863	-0.00509278	-0.0401806	0.995271	-0.088437	0.00154126	0.0885701	0.996069
2.03333	0.999169	0.0369323	0.0172445	-0.0351088	0.994744	-0.0961821	-0.0207061	0.0954967	0.995214
2.06667	0.998264	0.0364115	0.0463001	-0.0315611	0.994336	-0.10149	-0.0497333	0.0998522	0.993759
2.1	0.996209	0.0371038	0.0786817	-0.0294859	0.994958	-0.095862	-0.0818418	0.0931786	0.99228
2.13333	0.992802	0.0344665	0.114704	-0.0259437	0.996847	-0.0749832	-0.116927	0.0714676	0.990566
2.16667	0.988385	0.0285109	0.149271	-0.0238401	0.999171	-0.0329873	-0.150088	0.0290455	0.988246
2.2	0.983635	0.0220581	0.178818	-0.0270936	0.999301	0.0257663	-0.178124	-0.0301894	0.983545
2.23333	0.979506	0.0175381	0.200648	-0.0354084	0.995681	0.085824	-0.198276	-0.0911698	0.975897
2.26667	0.975974	0.0190432	0.217053	-0.0478844	0.990565	0.128403	-0.21256	-0.135712	0.967678
2.3	0.973603	0.0236607	0.22702	-0.0574524	0.987993	0.14342	-0.2209	-0.152677	0.963272
2.33333	0.975557	0.0217322	0.218669	-0.054422	0.987992	0.144604	-0.212901	-0.15297	0.965025
2.36667	0.98071	0.0220567	0.194221	-0.0498926	0.988947	0.13962	-0.188995	-0.146617	0.970971
2.4	0.98696	0.0202457	0.159687	-0.0409584	0.990992	0.127505	-0.155667	-0.132383	0.978899
2.43333	0.993464	0.012283	0.113484	-0.0238038	0.994629	0.100729	-0.111637	-0.102772	0.988421
2.46667	0.997916	0.00327835	0.0644503	-0.00804816	0.997234	0.073888	-0.0640298	-0.0742527	0.995182
2.5	0.999881	-0.00360307	0.0150083	0.00286062	0.998785	0.0492007	-0.0151673	-0.0491519	0.998676
2.53333	0.999388	-0.00610799	-0.0344545	0.00743703	0.999228	0.0385783	0.0341923	-0.0388109	0.998661
2.56667	0.996396	-0.00605363	-0.0846087	0.00860197	0.999519	0.0297871	0.0843878	-0.0304075	0.995969
2.6	0.990485	-0.0109261	-0.137183	0.0118708	0.999911	0.00607009	0.137105	-0.00764081	0.990527
2.63333	0.981717	-0.0257355	-0.188601	0.0179302	0.998915	-0.0429755	0.189502	0.0388082	0.981113
2.66667	0.970309	-0.0503207	-0.236576	0.024339	0.993468	-0.111489	0.240641	0.102421	0.965195
2.7	0.95787	-0.0777567	-0.276476	0.0263729	0.982399	-0.184921	0.285989	0.169839	0.943062
2.73333	0.946619	-0.100759	-0.306203	0.0194729	0.966033	-0.257683	0.321767	0.237964	0.916427
2.76667	0.93821	-0.117043	-0.325673	0.00441961	0.945046	-0.326906	0.346039	0.305267	0.887169
2.8	0.935236	-0.124743	-0.331319	-0.0104119	0.92577	-0.377945	0.353871	0.356917	0.864514
2.83333	0.940316	-0.1239	-0.316946	-0.0168286	0.913295	-0.40695	0.339886	0.387995	0.856701
2.86667	0.953434	-0.108376	-0.281457	-0.0147792	0.9153	-0.402503	0.301239	0.387919	0.871076
2.9	0.968623	-0.0847978	-0.233622	-0.0120915	0.922803	-0.385083	0.248241	0.375825	0.892823
2.93333	0.98261	-0.0602364	-0.175638	-0.00515232	0.936707	-0.350076	0.185609	0.344893	0.920108
2.96667	0.992863	-0.0375185	-0.113205	0.00186508	0.953995	-0.299817	0.119245	0.297466	0.947256
3	0.998664	-0.0211288	-0.047158	0.0100197	0.974444	-0.224405	0.0506943	0.223633	0.973354
3.03333	0.99979	-0.00346776	0.0201796	0.00600926	0.991848	-0.127283	-0.0195737	0.127377	0.991661
3.06667	0.996204	0.0195733	0.0848256	-0.0182836	0.999706	-0.0159545	-0.0851129	0.014343	0.996268
3.1	0.989677	0.0360211	0.138717	-0.0445522	0.99727	0.0588936	-0.136217	-0.0644658	0.988579
3.13333	0.982513	0.0460284	0.180415	-0.0629756	0.994007	0.0893593	-0.175221	-0.0991584	0.979523
3.16667	0.975968	0.0505183	0.211977	-0.0687083	0.994477	0.0793382	-0.206799	-0.0919961	0.974049
3.2	0.969412	0.0525494	0.239749	-0.065586	0.996753	0.04672	-0.236515	-0.0610151	0.96971
3.23333	0.963841	0.0522539	0.261303	-0.0587299	0.998129	0.0170309	-0.259924	-0.0317614	0.965106
3.26667	0.96125	0.0509871	0.270924	-0.0538369	0.998545	0.00309236	-0.270372	-0.0175582	0.962596
3.3	0.959992	0.0492814	0.275656	-0.0538729	0.998506	0.00910463	-0.274795	-0.0235907	0.961213
3.33333	0.95792	0.0461289	0.283304	-0.0569517	0.997924	0.0300808	-0.281328	-0.0449497	0.958558
3.36667	0.953642	0.0468525	0.297274	-0.0650543	0.996545	0.0516288	-0.293828	-0.0685743	0.953395
3.4	0.951893	0.0421011	0.303524	-0.0638622	0.996023	0.0621249	-0.299701	-0.0785199	0.950796
3.43333	0.954981	0.0313864	0.295001	-0.0535709	0.996285	0.0674214	-0.291789	-0.0801897	0.953115
3.46667	0.965653	0.0202004	0.259048	-0.0377123	0.997313	0.0628101	-0.257083	-0.0704221	0.96382
3.5	0.978546	0.0106285	0.205754	-0.0197842	0.998901	0.0424919	-0.205076	-0.045651	0.977681
3.53333	0.9889	0.00342142	0.148541	-0.00693455	0.999708	0.0231395	-0.148419	-0.0239127	0.988635
3.56667	0.996076	-0.00424464	0.0883958	0.00348339	0.999956	0.00876434	-0.0884291	-0.00842203	0.996047
3.6	0.999594	-0.0125466	0.0256009	0.0127066	0.999901	-0.00609787	-0.0255218	0.00642069	0.999654
3.63333	0.999061	-0.0229858	-0.0367374	0.0215134	0.998969	-0.0399824	0.0376186	0.0391545	0.998525
3.66667	0.99472	-0.0365994	-0.0958747	0.0276756	0.995299	-0.0928074	0.0988207	0.089664	0.991057
3.7	0.987693	-0.0535673	-0.146944	0.0313741	0.988281	-0.149387	0.153224	0.142938	0.977799
3.73333	0.97957	-0.0699881	-0.18853	0.0308531	0.97869	-0.203012	0.198721	0.193048	0.960855
3.76667	0.972287	-0.0795178	-0.219853	0.0216973	0.967013	-0.2538	0.232783	0.241996	0.94194
3.8	0.966567	-0.0847417	-0.242007	0.00704176	0.952227	-0.30531	0.256318	0.293398	0.920988
3.83333	0.963573	-0.0863366	-0.253126	-0.00648174	0.938643	-0.344829	0.267366	0.333908	0.903892
3.86667	0.965307	-0.0836186	-0.247367	-0.0120936	0.932005	-0.362243	0.260838	0.352667	0.89866
3.9	0.971783	-0.0777107	-0.222709	-0.010849	0.928447	-0.371306	0.235628	0.363245	0.901406
3.93333	0.980469	-0.0663773	-0.185136	-0.00889793	0.925392	-0.378906	0.196475	0.373153	0.906728
3.96667	0.989033	-0.0576428	-0.135983	0.00241188	0.926877	-0.375357	0.147676	0.370913	0.916851
4	0.995483	-0.0476488	-0.0821181	0.0144472	0.930892	-0.36501	0.0938353	0.362175	0.927375
4.03333	0.998984	-0.0365494	-0.0263727	0.0256007	0.941732	-0.335387	0.0370942	0.334371	0.941711
4.06667	0.999377	-0.0158705	0.0315364	0.0234552	0.966099	-0.257105	-0.0263869	0.257685	0.965869
4.1	0.996137	0.0098718	0.0872618	0.00357866	0.988273	-0.152654	-0.0877455	0.152377	0.98442
4.13333	0.990019	0.0292581	0.137861	-0.0208826	0.997869	-0.0618131	-0.139375	0.0583172	0.988521
4.16667	0.982662	0.0403468	0.180964	-0.0409854	0.99916	-0.000210913	-0.180821	-0.00720964	0.98349
4.2	0.976235	0.0429744	0.212409	-0.0473133	0.998762	0.0153843	-0.211485	-0.0250684	0.97706
4.23333	0.970243	0.0427227	0.238336	-0.0461668	0.998894	0.00888459	-0.237693	-0.0196234	0.971142
4.26667	0.965467	0.039799	0.257467	-0.0418475	0.999121	0.00247952	-0.257142	-0.0131683	0.966284
4.3	0.963407	0.0358938	0.265629	-0.0400537	0.999145	0.0102582	-0.265034	-0.0205223	0.964021
4.33333	0.962715	0.0340336	0.26837	-0.045957	0.99821	0.038271	-0.266587	-0.0491776	0.962556
4.36667	0.963109	0.0336299	0.267001	-0.0517407	0.996791	0.0610855	-0.26409	-0.0726469	0.961758
4.4	0.962484	0.0366986	0.268846	-0.0566286	0.996161	0.0667533	-0.265364	-0.0794733	0.960867
4.43333	0.962449	0.0384279	0.268729	-0.0535682	0.99735	0.0492341	-0.266125	-0.0617806	0.961957
4.46667	0.964384	0.0278321	0.263038	-0.0376648	0.998765	0.0324123	-0.261811	-0.0411651	0.964241
4.5	0.970807	0.0141777	0.239442	-0.0210731	0.999433	0.0262621	-0.238934	-0.0305412	0.970555
4.53333	0.979371	0.000775494	0.202067	-0.00306791	0.999934	0.0110319	-0.202045	-0.0114243	0.97931
4.56667	0.986866	-0.00986316	0.161238	0.0105419	0.999939	-0.00335444	-0.161195	0.00501014	0.98691
4.6	0.992829	-0.016986	0.118331	0.0182544	0.999787	-0.0096436	-0.118142	0.0117345	0.992927
4.63333	0.997082	-0.0223805	0.0729852	0.0227555	0.999732	-0.0043102	-0.0728692	0.00595844	0.997324
4.66667	0.999397	-0.0224373	0.0264891	0.022492	0.999745	-0.00176961	-0.0264426	0.00236433	0.999648
4.7	0.999474	-0.0227584	-0.0230841	0.0223952	0.999623	-0.0158687	0.0234366	0.0153434	0.999608
4.73333	0.996931	-0.0267933	-0.0735553	0.023808	0.998869	-0.0411659	0.0745751	0.0392883	0.996441
4.76667	0.992118	-0.0349002	-0.120346	0.0259383	0.996828	-0.0752466	0.12259	0.071532	0.989876
4.8	0.986348	-0.0426268	-0.159063	0.0243559	0.993056	-0.115096	0.162865	0.10965	0.980537
4.83333	0.980125	-0.0518269	-0.19149	0.0190905	0.985432	-0.168995	0.197459	0.16198	0.966836
4.86667	0.974574	-0.0635611	-0.214863	0.0122449	0.972597	-0.232175	0.223732	0.223641	0.948646
4.9	0.971987	-0.0739785	-0.223087	0.00765831	0.958637	-0.284529	0.234909	0.27485	0.932349
4.93333	0.973906	-0.0778416	-0.213183	0.00715327	0.949401	-0.313985	0.226837	0.304267	0.925184
4.96667	0.979579	-0.0737734	-0.187038	0.0079295	0.943704	-0.330696	0.200905	0.322459	0.925017
5	0.986482	-0.0624291	-0.151515	0.00929501	0.944419	-0.328613	0.163609	0.322763	0.932232
5.03333	0.992552	-0.0520002	-0.110162	0.0154175	0.950666	-0.309834	0.120839	0.305829	0.944387
5.06667	0.996761	-0.0426584	-0.0681788	0.0210307	0.956493	-0.290997	0.077626	0.288621	0.954292
5.1	0.999038	-0.0339135	-0.0278139	0.0255793	0.965638	-0.258631	0.0356292	0.25767	0.965576
5.13333	0.999785	-0.0139749	0.0153213	0.0165562	0.982799	-0.183933	-0.0124873	0.184147	0.982819
5.16667	0.997893	0.0107861	0.0639756	-0.00491478	0.995818	-0.0912312	-0.0646921	0.0907245	0.993773
5.2	0.99358	0.0294379	0.109238	-0.026555	0.999262	-0.0277526	-0.109974	0.0246736	0.993628
5.23333	0.987527	0.0410141	0.152015	-0.042894	0.999038	0.00910632	-0.151495	-0.0155133	0.988336
5.26667	0.981384	0.0476448	0.186052	-0.0492373	0.998779	0.00394547	-0.185637	-0.0130327	0.982532
5.3	0.975172	0.0523418	0.215173	-0.0496493	0.998606	-0.0179028	-0.21581	0.00677518	0.976412
5.33333	0.969657	0.052985	0.238657	-0.0474656	0.998457	-0.0288194	-0.239816	0.0166169	0.970676
5.36667	0.966263	0.0492979	0.252794	-0.0461466	0.998766	-0.0183839	-0.253388	0.0060981	0.967346
5.4	0.965929	0.0453501	0.254802	-0.0476535	0.99886	0.00287085	-0.254382	-0.0149153	0.966989
5.43333	0.967703	0.0435803	0.248298	-0.0490303	0.998672	0.015805	-0.24728	-0.0274686	0.968555
5.46667	0.969734	0.0463119	0.239733	-0.0497768	0.998725	0.00841522	-0.239037	-0.0200936	0.970802
5.5	0.971153	0.0494753	0.233267	-0.0469463	0.998763	-0.0163846	-0.233789	0.00496098	0.972275
5.53333	0.974013	0.0421438	0.222536	-0.032812	0.998427	-0.0454676	-0.224102	0.0369842	0.973864
5.56667	0.977658	0.0301127	0.208035	-0.0164074	0.997598	-0.067294	-0.209562	0.0623772	0.975804
5.6	0.98334	0.0144455	0.181203	0.00295716	0.995434	-0.0954035	-0.181754	0.0943499	0.978807
5.63333	0.9884	0.00139119	0.151867	0.0185637	0.991353	-0.1299	-0.150735	0.131212	0.979828
5.66667	0.992221	-0.00610505	0.124335	0.0246099	0.988704	-0.147846	-0.122028	0.149756	0.981164
5.7	0.995328	-0.0127268	0.0957116	0.0268473	0.988663	-0.147729	-0.0927465	0.149608	0.984386
5.73333	0.997558	-0.0169412	0.0677611	0.0259132	0.990669	-0.133806	-0.064862	0.135236	0.988688
5.76667	0.999103	-0.0186368	0.0380196	0.0229298	0.993007	-0.115804	-0.0355956	0.116572	0.992544
5.8	0.99978	-0.0191871	0.00848923	0.0200578	0.992763	-0.118402	-0.00615599	0.118547	0.992929
5.83333	0.999568	-0.022229	-0.019207	0.019545	0.991306	-0.130116	0.0219324	0.129684	0.991313
5.86667	0.998701	-0.0240325	-0.0449366	0.0173425	0.989463	-0.143742	0.0479176	0.142776	0.988594
5.9	0.997387	-0.0239207	-0.0681676	0.01259	0.986705	-0.162036	0.0711373	0.160754	0.984428
5.93333	0.995747	-0.0250367	-0.0886628	0.00832297	0.982877	-0.184073	0.0917532	0.182553	0.978905
5.96667	0.994196	-0.0276254	-0.103981	0.00625768	0.979684	-0.200448	0.107406	0.198634	0.974171
6	0.993414	-0.0294727	-0.110724	0.00586545	0.978166	-0.207745	0.114429	0.205727	0.971896
6.03333	0.993666	-0.0325349	-0.107564	0.00928269	0.977665	-0.209962	0.111993	0.207634	0.971775
6.06667	0.995032	-0.0337456	-0.0936636	0.0130866	0.976972	-0.212964	0.0986934	0.21068	0.97256
6.1	0.996479	-0.0363462	-0.0755549	0.0181492	0.973294	-0.228844	0.0818547	0.226667	0.970527
6.13333	0.998426	-0.0349275	-0.0438705	0.0246498	0.97606	-0.216098	0.050368	0.214677	0.975386
6.16667	0.999442	-0.0324379	-0.00795922	0.0300776	0.977708	-0.207806	0.0145226	0.207451	0.978138
6.2	0.999271	-0.0308496	0.0225092	0.0348542	0.977626	-0.207441	-0.0156062	0.208074	0.977989
6.23333	0.998504	-0.0233893	0.0494296	0.0327349	0.979721	-0.197674	-0.0438038	0.198996	0.979021
6.26667	0.997489	-0.00783067	0.0703846	0.0196866	0.985356	-0.169371	-0.0680276	0.170332	0.983036
6.3	0.996548	0.00755745	0.0826731	0.00352264	0.991101	-0.133062	-0.082943	0.132894	0.987654
6.33333	0.995891	0.0172403	0.0889053	-0.0078505	0.994451	-0.104903	-0.0902206	0.103774	0.9905
6.36667	0.99577	0.0200144	0.0896781	-0.0114403	0.9954	-0.0951226	-0.0911694	0.0936943	0.991418
