0	-0.0937414	-0.0312161	0.754607	0.999593	0.00232367	-0.0284208	-0.00151537	0.999595	0.028429	0.0284753	-0.0283744	0.999192
0.0333333	0.161005	0.962295	-1.95454	0.0938043	0.995	-0.0342811	-0.99559	0.0937022	-0.00457796	-0.00134286	0.0345594	0.999402
0.0666667	0.1593	0.961975	-1.95482	0.015613	0.999872	0.00336868	-0.999586	0.0156898	-0.0241222	-0.0241719	-0.00299066	0.999703
0.1	0.159564	0.961461	-1.95459	0.0168668	0.999769	0.0133469	-0.999429	0.0172491	-0.0290671	-0.0292906	-0.012849	0.999488
0.133333	0.159532	0.96116	-1.95462	0.0196764	0.999692	0.0151371	-0.999304	0.0201442	-0.0314037	-0.0316989	-0.0145087	0.999392
0.166667	0.159567	0.960926	-1.95417	0.0198916	0.999685	0.0152931	-0.999276	0.020375	-0.0321299	-0.0324314	-0.0146429	0.999367
0.2	0.159999	0.960771	-1.95427	0.0208091	0.999656	0.0159637	-0.999234	0.0213244	-0.0328196	-0.0331487	-0.0152685	0.999334
0.233333	0.160006	0.960568	-1.95418	0.0204388	0.99967	0.0155902	-0.999228	0.020948	-0.0332253	-0.0335409	-0.0148991	0.999326
0.266667	0.16013	0.960392	-1.95428	0.0203217	0.999671	0.0156235	-0.999213	0.0208397	-0.0337395	-0.034054	-0.0149256	0.999309
0.3	0.160221	0.960299	-1.95426	0.0204413	0.999672	0.0154494	-0.999202	0.0209573	-0.0340159	-0.0343285	-0.0147417	0.999302
0.333333	0.160256	0.960225	-1.95428	0.0204468	0.999679	0.0149637	-0.999197	0.020948	-0.0341431	-0.0344456	-0.0142535	0.999305
0.366667	0.160221	0.960165	-1.95428	0.0200826	0.999691	0.0146152	-0.999199	0.0205745	-0.0343229	-0.034613	-0.0139142	0.999304
0.4	0.160077	0.960103	-1.95427	0.0196829	0.999706	0.014187	-0.999202	0.0201625	-0.0344934	-0.0347693	-0.0134968	0.999304
0.433333	0.160023	0.960028	-1.95417	0.0195861	0.999712	0.0138528	-0.999204	0.020054	-0.034486	-0.0347539	-0.0131664	0.999309
0.466667	0.159955	0.959976	-1.95414	0.0190987	0.999727	0.0134845	-0.99922	0.0195517	-0.0343003	-0.0345546	-0.0128189	0.999321
0.5	0.159862	0.959961	-1.95406	0.0188489	0.999739	0.0129415	-0.999218	0.019286	-0.0345221	-0.0347627	-0.0122807	0.99932
0.533333	0.160158	0.960003	-1.95407	0.0187674	0.999731	0.0136595	-0.999205	0.0192347	-0.0349196	-0.035173	-0.0129933	0.999297
0.566667	0.159724	0.959925	-1.95373	0.0178793	0.999769	0.0118984	-0.999218	0.0182866	-0.0350537	-0.0352632	-0.0112623	0.999315
0.6	0.159589	0.959872	-1.95348	0.0169151	0.999801	0.0105856	-0.999225	0.0172798	-0.0353638	-0.0355396	-0.00997923	0.999318
0.633333	0.159566	0.959865	-1.95321	0.0166439	0.999817	0.00946461	-0.999229	0.0169692	-0.0353944	-0.0355486	-0.00886821	0.999329
0.666667	0.159571	0.959843	-1.95295	0.01648	0.999827	0.00858747	-0.999226	0.0167757	-0.0355745	-0.0357125	-0.00799455	0.99933
0.7	0.159645	0.959836	-1.95272	0.0161519	0.999836	0.00813128	-0.999234	0.016431	-0.0355176	-0.0356454	-0.00755138	0.999336
0.733333	0.159778	0.959807	-1.95251	0.0161436	0.999839	0.00789566	-0.999237	0.0164138	-0.0354526	-0.0355765	-0.0073173	0.99934
0.766667	0.159871	0.959777	-1.95231	0.0160803	0.99984	0.0078871	-0.999236	0.0163506	-0.0355032	-0.0356265	-0.00731017	0.999338
0.8	0.160039	0.959728	-1.95206	0.0159382	0.999841	0.00798168	-0.999225	0.0162147	-0.0358558	-0.0359795	-0.00740402	0.999325
0.833333	0.160237	0.959684	-1.95184	0.0161618	0.999835	0.00831434	-0.999208	0.0164528	-0.0362179	-0.0363487	-0.00772242	0.999309
0.866667	0.160258	0.959594	-1.95166	0.0157545	0.999842	0.00823704	-0.999201	0.016046	-0.0366135	-0.0367399	-0.00765363	0.999296
0.9	0.160303	0.959494	-1.95142	0.0156826	0.999844	0.00811387	-0.999191	0.0159718	-0.0368969	-0.0370208	-0.00752867	0.999286
0.933333	0.160344	0.959395	-1.95113	0.0155483	0.999847	0.00797362	-0.999176	0.0158358	-0.0373608	-0.0374814	-0.00738615	0.99927
0.966667	0.160413	0.959304	-1.95083	0.0153962	0.99985	0.00797803	-0.999166	0.0156865	-0.0377121	-0.0378316	-0.00739075	0.999257
1	0.160457	0.959196	-1.95057	0.0153889	0.999849	0.0080939	-0.999152	0.0156863	-0.0380647	-0.0381859	-0.00750126	0.999242
1.03333	0.160512	0.959066	-1.95033	0.0156282	0.999844	0.00819636	-0.999128	0.0159334	-0.038604	-0.0387286	-0.0075859	0.999221
1.06667	0.160454	0.958956	-1.94999	0.015	0.999859	0.00753693	-0.999132	0.0152812	-0.0387542	-0.0388639	-0.00694908	0.99922
1.1	0.160451	0.958858	-1.94964	0.0144044	0.999869	0.00735677	-0.999123	0.0146821	-0.0392128	-0.0393157	-0.00678548	0.999204
1.13333	0.160497	0.958776	-1.94935	0.0143182	0.999871	0.00725166	-0.999106	0.014595	-0.0396739	-0.0397746	-0.00667711	0.999186
1.16667	0.160514	0.958701	-1.94907	0.0139299	0.999878	0.00705706	-0.999116	0.0141986	-0.0395638	-0.0396591	-0.0064997	0.999192
1.2	0.160563	0.95862	-1.94886	0.013602	0.999881	0.00733192	-0.999113	0.013883	-0.0397553	-0.0398523	-0.00678467	0.999183
1.23333	0.160689	0.95858	-1.94865	0.0139125	0.999874	0.00758961	-0.999101	0.0142049	-0.0399397	-0.0400425	-0.00702713	0.999173
1.26667	0.160776	0.958514	-1.94849	0.0135988	0.999875	0.00803652	-0.999096	0.0139111	-0.0401663	-0.0402731	-0.00748304	0.999161
1.3	0.160853	0.958425	-1.94836	0.0137169	0.99987	0.00843137	-0.999087	0.0140464	-0.040352	-0.0404652	-0.00787016	0.99915
1.33333	0.160953	0.958332	-1.94826	0.0135239	0.999868	0.00900035	-0.999085	0.0138776	-0.0404665	-0.0405861	-0.00844485	0.99914
1.36667	0.161026	0.958251	-1.94821	0.0132311	0.99987	0.0091968	-0.999078	0.0135953	-0.0407321	-0.0408518	-0.00864938	0.999128
1.4	0.161096	0.958193	-1.94812	0.0129028	0.999873	0.00939296	-0.99907	0.0132777	-0.0410136	-0.0411331	-0.00885504	0.999114
1.43333	0.161188	0.958134	-1.94802	0.0130751	0.999871	0.00929105	-0.999053	0.013449	-0.0413838	-0.0415034	-0.00874115	0.9991
1.46667	0.161314	0.958042	-1.94792	0.0125638	0.999877	0.00935028	-0.999041	0.0129445	-0.0418348	-0.0419507	-0.00881571	0.999081
1.5	0.161486	0.957964	-1.94777	0.0126272	0.999876	0.00942959	-0.999026	0.013014	-0.0421515	-0.042269	-0.00888816	0.999067
1.53333	0.161644	0.957885	-1.9476	0.0124717	0.999877	0.00949439	-0.99901	0.0128652	-0.0425771	-0.042694	-0.00895398	0.999048
1.56667	0.161737	0.957794	-1.94736	0.0120945	0.999884	0.00929909	-0.998992	0.0124847	-0.043122	-0.0432331	-0.00876817	0.999027
1.6	0.161852	0.957705	-1.94706	0.0117636	0.99989	0.00902911	-0.998973	0.012147	-0.0436481	-0.043753	-0.00850638	0.999006
1.63333	0.16203	0.957638	-1.94664	0.0117384	0.999892	0.00889447	-0.998948	0.0121207	-0.0442224	-0.0443254	-0.00836602	0.998982
1.66667	0.162206	0.957577	-1.94621	0.011835	0.999891	0.00880532	-0.998911	0.01222	-0.0450375	-0.0451402	-0.00826271	0.998946
1.7	0.162438	0.957518	-1.9458	0.0118082	0.999889	0.00912101	-0.998885	0.0122124	-0.045606	-0.0457123	-0.00857232	0.998918
1.73333	0.162616	0.957416	-1.94545	0.0113016	0.999892	0.0094208	-0.998877	0.0117227	-0.0459066	-0.046012	-0.0088914	0.998901
1.76667	0.162791	0.95729	-1.94505	0.0112593	0.999895	0.00910915	-0.998859	0.0116694	-0.046302	-0.0464034	-0.00857743	0.998886
1.8	0.163012	0.95717	-1.94461	0.0110577	0.999898	0.00899414	-0.998836	0.0114674	-0.0468575	-0.0469558	-0.00846554	0.998861
1.83333	0.163181	0.957019	-1.94416	0.0111033	0.999904	0.00825694	-0.998807	0.0114831	-0.047466	-0.0475563	-0.00772006	0.998839
1.86667	0.16365	0.956888	-1.9439	0.0111321	0.999907	0.00786684	-0.998793	0.0114954	-0.0477477	-0.0478337	-0.00732581	0.998828
1.9	0.16378	0.956702	-1.94334	0.0107198	0.999925	0.00586851	-0.998784	0.0109897	-0.0480631	-0.048124	-0.00534615	0.998827
1.93333	0.163977	0.956541	-1.94277	0.00980925	0.999946	0.00340146	-0.998751	0.0099641	-0.0489686	-0.0489999	-0.00291687	0.998795
1.96667	0.164239	0.956379	-1.94213	0.00856011	0.999963	0.000356157	-0.998705	0.0085672	-0.0501483	-0.0501495	7.35792e-05	0.998742
2	0.164396	0.956178	-1.94133	0.00730064	0.999968	-0.0032303	-0.998651	0.00712487	-0.0514335	-0.0514089	0.00360144	0.998671
2.03333	0.164917	0.956001	-1.94069	0.00593014	0.999966	-0.00576044	-0.998599	0.00561898	-0.0526085	-0.0525744	0.00606434	0.998599
2.06667	0.165546	0.955754	-1.93991	0.00530101	0.999948	-0.00868151	-0.998534	0.00482552	-0.0539041	-0.0538595	0.00895453	0.998508
2.1	0.16643	0.955441	-1.939	0.00476326	0.999931	-0.0106947	-0.998448	0.00416227	-0.0555305	-0.0554822	0.0109426	0.9984
2.13333	0.167446	0.955123	-1.93801	0.00437256	0.99992	-0.0118979	-0.998345	0.00368288	-0.0573832	-0.0573347	0.0121291	0.998281
2.16667	0.168653	0.954771	-1.93671	0.00343457	0.999922	-0.0119971	-0.99826	0.00272214	-0.0589035	-0.0588663	0.0121785	0.998192
2.2	0.170073	0.954429	-1.93538	0.00383215	0.999923	-0.0118332	-0.998158	0.00310835	-0.0605901	-0.0605486	0.0120436	0.998093
2.23333	0.171561	0.954054	-1.93386	0.00404605	0.999923	-0.011725	-0.998073	0.00331194	-0.0619676	-0.061924	0.0119531	0.998009
2.26667	0.173219	0.953657	-1.93216	0.00453905	0.999922	-0.0116219	-0.997991	0.00379522	-0.0632429	-0.0631938	0.0118856	0.99793
2.3	0.174904	0.953247	-1.93032	0.0048708	0.999923	-0.0114122	-0.997933	0.00412924	-0.0641254	-0.0640734	0.0117009	0.997877
2.33333	0.176688	0.952788	-1.92833	0.00549854	0.999921	-0.0112893	-0.997876	0.00475373	-0.0649733	-0.0649145	0.0116226	0.997823
2.36667	0.178584	0.952306	-1.92616	0.00546075	0.999925	-0.0109538	-0.997825	0.00472912	-0.0657413	-0.0656846	0.011289	0.997777
2.4	0.180462	0.951929	-1.92393	0.00451079	0.999934	-0.0105234	-0.997745	0.00379575	-0.0670046	-0.0669603	0.0108019	0.997697
2.43333	0.182338	0.951577	-1.92182	0.00309491	0.999949	-0.00964307	-0.997607	0.00242129	-0.0691007	-0.0690738	0.00983385	0.997563
2.46667	0.184248	0.951141	-1.91956	0.00276825	0.999948	-0.00981046	-0.997445	0.00206079	-0.0714033	-0.0713794	0.00998306	0.997399
2.5	0.186235	0.950593	-1.91728	0.00198601	0.999943	-0.0104674	-0.997256	0.00120577	-0.074026	-0.0740091	0.0105856	0.997201
2.53333	0.188337	0.949969	-1.91492	0.0017534	0.999933	-0.0114554	-0.997054	0.000869746	-0.0766923	-0.0766772	0.0115562	0.996989
2.56667	0.190337	0.949321	-1.91239	0.00100517	0.99991	-0.0133895	-0.996843	-6.10567e-05	-0.0793939	-0.0793875	0.013427	0.996753
2.6	0.192282	0.948738	-1.90981	0.000142092	0.999883	-0.0152894	-0.996611	-0.00111603	-0.0822469	-0.0822544	0.0152493	0.996495
2.63333	0.194195	0.948112	-1.90699	-0.000966806	0.999864	-0.0164426	-0.996403	-0.00235654	-0.0847124	-0.0847396	0.0163016	0.99627
2.66667	0.196123	0.947365	-1.90395	-0.00195219	0.999852	-0.0170864	-0.996251	-0.0034224	-0.0864444	-0.0864901	0.0168536	0.99611
2.7	0.198165	0.946597	-1.90067	-0.00259328	0.999849	-0.0171552	-0.996167	-0.00408285	-0.0873728	-0.0874297	0.0168628	0.996028
2.73333	0.200363	0.945829	-1.89714	-0.00344246	0.999856	-0.0165989	-0.996108	-0.00489061	-0.0880091	-0.0880776	0.0162313	0.995981
2.76667	0.20286	0.94507	-1.89352	-0.00463614	0.999874	-0.0152051	-0.9961	-0.00595726	-0.0880269	-0.0881064	0.0147377	0.996002
2.8	0.205862	0.944297	-1.88976	-0.00804179	0.999901	-0.0115202	-0.996101	-0.00902233	-0.08776	-0.0878553	0.0107695	0.996075
2.83333	0.209236	0.943645	-1.88591	-0.0115412	0.999912	-0.00656115	-0.99616	-0.0120669	-0.0867152	-0.0867867	0.00553515	0.996212
2.86667	0.212844	0.942686	-1.88219	-0.0164311	0.999865	-0.000984775	-0.996259	-0.0164554	-0.0848414	-0.0848462	-0.000412946	0.996394
2.9	0.216371	0.941506	-1.87855	-0.0229073	0.999733	0.00311863	-0.996357	-0.0225733	-0.0822445	-0.0821521	-0.00499126	0.996607
2.93333	0.219275	0.940288	-1.8747	-0.0289486	0.999571	0.00443543	-0.996376	-0.0285004	-0.0801456	-0.0799849	-0.00673946	0.996773
2.96667	0.221406	0.939289	-1.87069	-0.0376201	0.99928	0.00492285	-0.996172	-0.0371132	-0.0791427	-0.078903	-0.00788136	0.996851
3	0.222449	0.938525	-1.86659	-0.0481582	0.998833	0.00367764	-0.99574	-0.0477185	-0.0788963	-0.0786287	-0.00746148	0.996876
3.03333	0.222096	0.937843	-1.86167	-0.0594504	0.998231	-0.000576708	-0.995029	-0.0593059	-0.0800032	-0.0798959	-0.00418238	0.996794
3.06667	0.220461	0.937545	-1.85561	-0.076538	0.997057	-0.00432688	-0.993678	-0.0766347	-0.082047	-0.0821372	-0.00198019	0.996619
3.1	0.217451	0.937537	-1.84815	-0.0973728	0.995204	-0.00937192	-0.991724	-0.0978154	-0.0831561	-0.083674	0.00119721	0.996492
3.13333	0.212995	0.937663	-1.83953	-0.122691	0.992326	-0.0153402	-0.988888	-0.123544	-0.0826893	-0.08395	0.00502444	0.996457
3.16667	0.207312	0.937459	-1.8303	-0.149537	0.988495	-0.0227017	-0.985048	-0.150924	-0.0830829	-0.0855533	0.0099383	0.996284
3.2	0.200859	0.936676	-1.82004	-0.173177	0.984438	-0.0298582	-0.980806	-0.175138	-0.0857127	-0.0896081	0.0144417	0.995872
3.23333	0.194088	0.935265	-1.80944	-0.190113	0.981068	-0.0369157	-0.977011	-0.192754	-0.0910762	-0.0964676	0.0187523	0.995159
3.26667	0.187679	0.933074	-1.79752	-0.202487	0.978508	-0.0390046	-0.973896	-0.205386	-0.0966639	-0.102597	0.0184132	0.994553
3.3	0.182382	0.929846	-1.78247	-0.205956	0.978066	-0.0311303	-0.973001	-0.208069	-0.0998778	-0.104164	0.00971936	0.994513
3.33333	0.178493	0.926979	-1.76364	-0.213553	0.976852	-0.0124458	-0.971741	-0.213713	-0.100226	-0.100566	-0.00930944	0.994887
3.36667	0.174591	0.927173	-1.74487	-0.237789	0.971314	-0.00245063	-0.966288	-0.236814	-0.10103	-0.0987125	-0.0216559	0.99488
3.4	0.170497	0.929307	-1.72643	-0.247089	0.968954	0.00869267	-0.963937	-0.244874	-0.104219	-0.0988545	-0.0341304	0.994516
3.43333	0.165928	0.931598	-1.70869	-0.242156	0.969886	0.026105	-0.965261	-0.238105	-0.107602	-0.0981458	-0.0512546	0.993851
3.46667	0.160535	0.933219	-1.6911	-0.240176	0.969975	0.038275	-0.965918	-0.234879	-0.108784	-0.0965275	-0.0630977	0.993328
3.5	0.15474	0.934497	-1.67341	-0.24308	0.969098	0.0419676	-0.965259	-0.237388	-0.109192	-0.0958549	-0.0670519	0.993134
3.53333	0.148989	0.935799	-1.65603	-0.243438	0.968931	0.0437187	-0.964936	-0.23738	-0.112022	-0.0981641	-0.0694562	0.992743
3.56667	0.143335	0.937114	-1.63966	-0.240046	0.969624	0.0469748	-0.96548	-0.233419	-0.115601	-0.101125	-0.0731028	0.992184
3.6	0.137706	0.938302	-1.6241	-0.235861	0.970528	0.0494385	-0.966552	-0.229013	-0.115455	-0.10073	-0.0750161	0.992082
3.63333	0.132236	0.939023	-1.60926	-0.229771	0.971931	0.0505464	-0.968111	-0.222924	-0.114307	-0.0998306	-0.075199	0.992159
3.66667	0.127125	0.939393	-1.59514	-0.222218	0.973649	0.0512602	-0.969818	-0.21532	-0.114412	-0.10036	-0.0751375	0.99211
3.7	0.122386	0.939706	-1.58202	-0.209113	0.976631	0.0496292	-0.972737	-0.202539	-0.112964	-0.100272	-0.0718984	0.992359
3.73333	0.118212	0.94005	-1.56938	-0.192497	0.980096	0.0485539	-0.976342	-0.186324	-0.109723	-0.0984927	-0.0685266	0.992776
3.76667	0.115	0.940349	-1.55735	-0.171137	0.984101	0.047516	-0.980499	-0.165385	-0.106154	-0.096608	-0.0647564	0.993214
3.8	0.112899	0.940677	-1.54589	-0.146163	0.988067	0.0485799	-0.984773	-0.140653	-0.102169	-0.094117	-0.0627735	0.99358
3.83333	0.111747	0.941032	-1.53455	-0.120116	0.991445	0.0510853	-0.98861	-0.114755	-0.0973766	-0.0906812	-0.0621999	0.993936
3.86667	0.11099	0.94129	-1.52299	-0.0930224	0.994359	0.0509575	-0.991859	-0.0880756	-0.0919667	-0.0869599	-0.0590976	0.994457
3.9	0.110699	0.941526	-1.51136	-0.0634167	0.996797	0.0487295	-0.994504	-0.059044	-0.0864637	-0.0833096	-0.0539449	0.995063
3.93333	0.11098	0.941712	-1.49957	-0.0314931	0.998485	0.0451256	-0.99634	-0.0277716	-0.0808468	-0.0794711	-0.0475065	0.995705
3.96667	0.111818	0.941793	-1.48792	0.00244419	0.999147	0.0412146	-0.997092	0.00557448	-0.0760081	-0.0761731	-0.040909	0.996255
4	0.113586	0.941655	-1.47628	0.0374243	0.998504	0.0398536	-0.996575	0.0402356	-0.0722452	-0.0737407	-0.0370134	0.99659
4.03333	0.116292	0.941182	-1.46504	0.0708952	0.996571	0.0426637	-0.994753	0.0737992	-0.0708537	-0.0737593	-0.0374167	0.996574
4.06667	0.119758	0.940369	-1.45401	0.0995064	0.993872	0.0481367	-0.992109	0.102806	-0.0717651	-0.0762741	-0.0406158	0.996259
4.1	0.123749	0.939248	-1.44295	0.122706	0.990977	0.0539306	-0.989044	0.126598	-0.0759209	-0.0820634	-0.0440238	0.995654
4.13333	0.127661	0.937819	-1.43098	0.142419	0.988187	0.0566031	-0.985819	0.146741	-0.0814142	-0.0887584	-0.0442055	0.995072
4.16667	0.131455	0.935984	-1.41729	0.157583	0.986005	0.0544187	-0.983008	0.16188	-0.0865393	-0.0941375	-0.0398569	0.994761
4.2	0.134822	0.933622	-1.40148	0.167564	0.984763	0.0465289	-0.981045	0.171219	-0.09075	-0.0973338	-0.0304405	0.994786
4.23333	0.13785	0.93085	-1.38277	0.171135	0.984744	0.0315097	-0.980294	0.173391	-0.0946517	-0.0986712	-0.0146906	0.995012
4.26667	0.140625	0.928886	-1.36249	0.175966	0.984278	0.0152368	-0.979268	0.176607	-0.0992183	-0.100349	0.00253818	0.994949
4.3	0.144245	0.929202	-1.34248	0.192196	0.981329	0.00740039	-0.975951	0.191922	-0.103372	-0.102862	0.0126453	0.994615
4.33333	0.148381	0.93092	-1.32269	0.205981	0.978548	0.00395571	-0.972805	0.205206	-0.107432	-0.105939	0.0182808	0.994205
4.36667	0.153176	0.932349	-1.30263	0.213067	0.977033	-0.00287519	-0.970932	0.211406	-0.112247	-0.109062	0.0267078	0.993676
4.4	0.158282	0.933107	-1.28241	0.221239	0.975135	-0.012828	-0.9689	0.218291	-0.11654	-0.110842	0.0382122	0.993103
4.43333	0.163413	0.933691	-1.26271	0.231091	0.972759	-0.018365	-0.966439	0.227331	-0.11965	-0.112216	0.0453988	0.992646
4.46667	0.168454	0.934495	-1.24388	0.23781	0.971086	-0.0209563	-0.964464	0.233521	-0.123599	-0.115132	0.0496047	0.992111
4.5	0.17344	0.935204	-1.22587	0.240168	0.970392	-0.0256466	-0.963568	0.235109	-0.127517	-0.117712	0.0553378	0.991505
4.53333	0.178197	0.935528	-1.2086	0.238686	0.970601	-0.031018	-0.963976	0.232954	-0.128385	-0.117384	0.0605442	0.991239
4.56667	0.182788	0.935432	-1.19205	0.234045	0.971657	-0.0332395	-0.965398	0.228221	-0.126186	-0.115023	0.0616226	0.99145
4.6	0.187027	0.935275	-1.17639	0.225235	0.973798	-0.0313972	-0.967862	0.219929	-0.121961	-0.111861	0.0578581	0.992038
4.63333	0.190819	0.935406	-1.16093	0.207238	0.97792	-0.026913	-0.972383	0.20289	-0.115356	-0.107349	0.050076	0.99296
4.66667	0.193943	0.935629	-1.14582	0.183912	0.982722	-0.0208229	-0.97753	0.180638	-0.108654	-0.103015	0.0403378	0.993862
4.7	0.196591	0.935747	-1.13176	0.162831	0.986524	-0.0160425	-0.981619	0.160338	-0.10352	-0.099553	0.0326039	0.994498
4.73333	0.198369	0.935778	-1.11758	0.138204	0.990364	-0.00890382	-0.985935	0.136722	-0.0961214	-0.0939778	0.0220629	0.99533
4.76667	0.199632	0.935743	-1.10392	0.112166	0.993689	0.000992444	-0.9898	0.111815	-0.0882758	-0.0878296	0.00891919	0.996096
4.8	0.200066	0.935796	-1.09028	0.0840857	0.996413	0.00949745	-0.993104	0.0845802	-0.0811796	-0.0816917	-0.00260591	0.996654
4.83333	0.199778	0.935971	-1.07693	0.0548154	0.998371	0.0157995	-0.995606	0.055853	-0.0751572	-0.0759172	-0.0116103	0.997047
4.86667	0.19896	0.936169	-1.06394	0.0247309	0.999482	0.0206131	-0.997192	0.0261216	-0.0701822	-0.0706842	-0.0188195	0.997321
4.9	0.197382	0.93638	-1.05132	-0.00780086	0.999686	0.0237964	-0.997814	-0.00622001	-0.0657976	-0.0656289	-0.0242577	0.997549
4.93333	0.195021	0.936408	-1.03903	-0.0390387	0.998917	0.0253302	-0.997324	-0.0373834	-0.062824	-0.061809	-0.027715	0.997703
4.96667	0.191987	0.936168	-1.02682	-0.0676185	0.997417	0.024231	-0.995881	-0.066004	-0.0621712	-0.0604113	-0.0283351	0.997771
5	0.188343	0.935738	-1.01447	-0.0933185	0.995411	0.021199	-0.993811	-0.0918375	-0.0624971	-0.0602634	-0.0269	0.99782
5.03333	0.184189	0.9351	-1.00155	-0.114831	0.993241	0.0168958	-0.991485	-0.113544	-0.0637525	-0.0614032	-0.0240728	0.997823
5.06667	0.179835	0.934178	-0.987846	-0.130612	0.991362	0.0119065	-0.989324	-0.129541	-0.0667628	-0.0646437	-0.0204994	0.997698
5.1	0.175433	0.93285	-0.972985	-0.140924	0.989992	0.00751102	-0.987608	-0.140048	-0.0708365	-0.0690757	-0.0174005	0.99746
5.13333	0.171221	0.930915	-0.956065	-0.146192	0.98924	0.00563656	-0.986584	-0.145376	-0.0742783	-0.0726597	-0.0164198	0.997222
5.16667	0.167654	0.928088	-0.93653	-0.149514	0.988687	0.0120066	-0.985912	-0.148151	-0.0776438	-0.0749866	-0.0234463	0.996909
5.2	0.164534	0.924228	-0.913938	-0.150219	0.988306	0.0261964	-0.985837	-0.14774	-0.079367	-0.0745686	-0.0377478	0.996501
5.23333	0.160934	0.922156	-0.890588	-0.17349	0.984088	0.0383573	-0.982239	-0.170075	-0.079251	-0.0714663	-0.0514253	0.996116
5.26667	0.157738	0.923369	-0.867452	-0.20066	0.978598	0.0456179	-0.976991	-0.196461	-0.0830147	-0.0722759	-0.0612261	0.995504
5.3	0.154745	0.926776	-0.845621	-0.207174	0.976742	0.0552652	-0.975551	-0.202025	-0.0865228	-0.0733455	-0.0718392	0.994716
5.33333	0.151155	0.930078	-0.824401	-0.202783	0.976755	0.0694927	-0.976539	-0.196467	-0.0881566	-0.0724544	-0.085739	0.99368
5.36667	0.147409	0.931588	-0.802989	-0.197586	0.976819	0.0823696	-0.977814	-0.190427	-0.0872745	-0.069566	-0.0977863	0.992773
5.4	0.143719	0.931787	-0.781937	-0.199333	0.975932	0.0884469	-0.97754	-0.191732	-0.0874897	-0.0684258	-0.1039	0.992231
5.43333	0.139911	0.931617	-0.761347	-0.202454	0.974838	0.0932914	-0.976732	-0.194123	-0.0911673	-0.0707634	-0.109578	0.991456
5.46667	0.136059	0.931485	-0.741926	-0.200039	0.974605	0.100649	-0.97712	-0.190863	-0.0938539	-0.0722603	-0.117121	0.990485
5.5	0.13215	0.93153	-0.723501	-0.190921	0.976058	0.104212	-0.979015	-0.181634	-0.0924026	-0.0712619	-0.119667	0.990253
5.53333	0.128336	0.931653	-0.705868	-0.175284	0.97929	0.101322	-0.981877	-0.166352	-0.0908004	-0.0720648	-0.115402	0.990701
5.56667	0.125018	0.931603	-0.689262	-0.156957	0.982898	0.0963075	-0.984756	-0.148356	-0.0908063	-0.0749656	-0.109092	0.991201
5.6	0.122406	0.931253	-0.67335	-0.137506	0.986265	0.0915046	-0.987572	-0.129414	-0.0891827	-0.0761159	-0.10263	0.991803
5.63333	0.120287	0.930712	-0.657965	-0.11726	0.989468	0.084869	-0.990202	-0.109965	-0.0860628	-0.0758238	-0.0941292	0.992668
5.66667	0.118573	0.930078	-0.642939	-0.096056	0.992372	0.0772765	-0.992508	-0.0896009	-0.0830654	-0.0755077	-0.0846765	0.993543
5.7	0.117525	0.929584	-0.62848	-0.0722443	0.994911	0.0702342	-0.994558	-0.0665606	-0.0801495	-0.0750668	-0.0756423	0.994305
5.73333	0.117292	0.92937	-0.614482	-0.0464087	0.996752	0.0658132	-0.9962	-0.0413207	-0.0766693	-0.0737008	-0.0691213	0.994882
5.76667	0.117667	0.929477	-0.601148	-0.0175056	0.997914	0.0621368	-0.99725	-0.0129503	-0.0729705	-0.0720136	-0.0632434	0.995397
5.8	0.118913	0.929826	-0.587594	0.0120246	0.998099	0.0604545	-0.997365	0.0162975	-0.0706907	-0.0715415	-0.0594452	0.995665
5.83333	0.121091	0.930229	-0.5743	0.0440653	0.997317	0.0584569	-0.996378	0.0481324	-0.0700948	-0.0727204	-0.0551564	0.995826
5.86667	0.124249	0.930537	-0.561083	0.0753965	0.995467	0.0579687	-0.99433	0.0794275	-0.0707017	-0.0749855	-0.0523093	0.995812
5.9	0.128171	0.930604	-0.547683	0.103074	0.992775	0.0614226	-0.99159	0.107417	-0.072183	-0.0782593	-0.0534658	0.995498
5.93333	0.132999	0.930286	-0.533596	0.128979	0.989382	0.0669961	-0.988174	0.133883	-0.0747534	-0.0829293	-0.0565622	0.994949
5.96667	0.137939	0.929391	-0.518469	0.150615	0.985959	0.0721173	-0.98464	0.15613	-0.0781524	-0.0883147	-0.0592387	0.99433
6	0.142534	0.927673	-0.501768	0.165715	0.983354	0.0745244	-0.98174	0.171656	-0.0819797	-0.0934076	-0.0595783	0.993844
6.03333	0.146265	0.924983	-0.482253	0.176373	0.98187	0.0694514	-0.979587	0.182001	-0.085357	-0.0964497	-0.0529789	0.993927
6.06667	0.148686	0.920983	-0.458724	0.182806	0.981775	0.0519507	-0.978474	0.186829	-0.0876499	-0.0957585	-0.0348095	0.994796
6.1	0.150467	0.916294	-0.432416	0.187216	0.981967	0.026282	-0.978021	0.18883	-0.0884226	-0.0917909	-0.00915017	0.995736
6.13333	0.152621	0.913782	-0.406559	0.206114	0.978508	0.00629996	-0.974443	0.205836	-0.0899612	-0.0893245	0.0124033	0.995925
6.16667	0.154731	0.91505	-0.381671	0.236729	0.9715	-0.0120979	-0.967567	0.234604	-0.0936725	-0.0881647	0.0338805	0.99553
6.2	0.156995	0.919123	-0.358281	0.253923	0.966725	-0.0310934	-0.963373	0.249915	-0.0972393	-0.0862329	0.0546458	0.994775
6.23333	0.15974	0.922741	-0.336225	0.253617	0.966026	-0.0497146	-0.963581	0.247802	-0.100532	-0.0847969	0.0734006	0.993691
6.26667	0.163029	0.924304	-0.31541	0.250569	0.966051	-0.0629386	-0.964358	0.243362	-0.10387	-0.0850269	0.0867219	0.992597
6.3	0.166345	0.92449	-0.295438	0.250022	0.966014	-0.0656225	-0.964421	0.242449	-0.105406	-0.085914	0.0896416	0.992262
6.33333	0.169255	0.924626	-0.276618	0.244363	0.967617	-0.0632762	-0.965778	0.23701	-0.105349	-0.0869409	0.0868543	0.99242
6.36667	0.171792	0.925282	-0.258853	0.228088	0.971758	-0.0605182	-0.969681	0.221121	-0.104036	-0.0877155	0.0824126	0.992731
6.4	0.174201	0.926124	-0.242062	0.204183	0.977347	-0.055696	-0.975108	0.198031	-0.0997385	-0.0864496	0.0746745	0.993454
6.43333	0.176529	0.926687	-0.225801	0.176635	0.983172	-0.046611	-0.980743	0.171795	-0.0928926	-0.0833219	0.0621215	0.994585
6.46667	0.17849	0.926775	-0.209547	0.150522	0.987926	-0.0366727	-0.985297	0.146882	-0.0872664	-0.0808262	0.049269	0.99551
6.5	0.180123	0.926654	-0.193667	0.123404	0.992038	-0.0251399	-0.989191	0.120949	-0.0828963	-0.0791957	0.0350979	0.996241
6.53333	0.181184	0.926607	-0.177795	0.093966	0.995449	-0.0158356	-0.992683	0.0924695	-0.077654	-0.0758363	0.0230165	0.996855
6.56667	0.181699	0.926547	-0.161898	0.0600227	0.998169	-0.00745949	-0.995651	0.0593346	-0.0718239	-0.0712497	0.0117381	0.997389
6.6	0.181764	0.926392	-0.146115	0.0240341	0.99971	0.00172993	-0.997551	0.0240959	-0.0656655	-0.0656881	-0.000147474	0.99784
6.63333	0.181145	0.926031	-0.130417	-0.0122741	0.999885	0.00885555	-0.998151	-0.0117246	-0.0596436	-0.059533	-0.00957125	0.99818
6.66667	0.179665	0.925506	-0.114888	-0.0468167	0.998819	0.012987	-0.997392	-0.046027	-0.0555924	-0.054929	-0.0155558	0.998369
6.7	0.177134	0.924696	-0.0995309	-0.0784584	0.996814	0.0143402	-0.995485	-0.0775668	-0.0547024	-0.0534158	-0.0185673	0.9984
6.73333	0.174138	0.923468	-0.0841919	-0.105137	0.994347	0.0148369	-0.992976	-0.104155	-0.0561285	-0.0542659	-0.0206339	0.998313
6.76667	0.170873	0.921798	-0.0685122	-0.123698	0.992234	0.013048	-0.990643	-0.122714	-0.0597275	-0.0576625	-0.0203141	0.998129
6.8	0.167414	0.919665	-0.0519333	-0.134642	0.99084	0.0103442	-0.988895	-0.1337	-0.0648865	-0.0629092	-0.0189658	0.997839
6.83333	0.16399	0.916966	-0.0337411	-0.141418	0.989893	0.0105806	-0.987617	-0.140343	-0.0701184	-0.0679248	-0.0203656	0.997483
6.86667	0.161085	0.91352	-0.0125636	-0.144756	0.989309	0.0177101	-0.986949	-0.143089	-0.0738801	-0.0705561	-0.0281735	0.99711
6.9	0.159039	0.909291	0.0122641	-0.146697	0.988605	0.0337725	-0.986737	-0.14385	-0.075214	-0.0694987	-0.0443582	0.996595
6.93333	0.155904	0.90531	0.0387134	-0.15748	0.986343	0.0482426	-0.985223	-0.153594	-0.0757943	-0.0673494	-0.0594658	0.995956
6.96667	0.15292	0.904937	0.0646799	-0.193303	0.979441	0.0577069	-0.97887	-0.188524	-0.0791966	-0.0666892	-0.0717965	0.995187
7	0.15006	0.908201	0.0892878	-0.218658	0.973725	0.0636276	-0.973305	-0.212973	-0.0855564	-0.0697575	-0.0806366	0.9943
7.03333	0.146836	0.912896	0.112097	-0.222173	0.971919	0.0775462	-0.972359	-0.21501	-0.0910384	-0.0718087	-0.095629	0.992824
7.06667	0.143136	0.91648	0.13403	-0.214705	0.972079	0.0946811	-0.973932	-0.205828	-0.0953447	-0.0731945	-0.112684	0.990931
7.1	0.138705	0.918268	0.15557	-0.209619	0.972073	0.105517	-0.97521	-0.200023	-0.094637	-0.0708883	-0.122739	0.989904
7.13333	0.134367	0.918861	0.176364	-0.210307	0.971546	0.108949	-0.975068	-0.200376	-0.0953557	-0.0708117	-0.126286	0.989463
7.16667	0.13016	0.919464	0.196075	-0.20589	0.972253	0.111055	-0.975911	-0.195635	-0.0965641	-0.0721584	-0.128262	0.989112
7.2	0.126433	0.920404	0.214796	-0.191235	0.97469	0.115792	-0.978933	-0.180795	-0.094887	-0.0715508	-0.131498	0.988731
7.23333	0.123015	0.921442	0.232942	-0.170352	0.978404	0.117069	-0.982841	-0.160181	-0.0914667	-0.0707393	-0.130641	0.988903
7.26667	0.120016	0.922233	0.250849	-0.147436	0.982434	0.11439	-0.986459	-0.137659	-0.0891605	-0.0718475	-0.125986	0.989427
7.3	0.117408	0.922562	0.268386	-0.122594	0.986346	0.109969	-0.989672	-0.113201	-0.0879531	-0.0743036	-0.119616	0.990036
7.33333	0.11536	0.922686	0.285571	-0.0981928	0.989361	0.107344	-0.992437	-0.0893672	-0.0841575	-0.0736691	-0.114795	0.990654
7.36667	0.113669	0.922683	0.302179	-0.0748983	0.99177	0.103843	-0.994554	-0.0667259	-0.0800603	-0.0724724	-0.109274	0.991366
7.4	0.112488	0.922651	0.318651	-0.0498018	0.993904	0.0983586	-0.996212	-0.0424045	-0.0759179	-0.0712843	-0.101767	0.992251
7.43333	0.111898	0.92262	0.334732	-0.0232596	0.995597	0.0908031	-0.997304	-0.0167844	-0.0714342	-0.0695956	-0.0922198	0.993304
7.46667	0.111949	0.922605	0.350267	0.0013371	0.996333	0.0855469	-0.997606	0.00724387	-0.0687741	-0.0691417	-0.0852501	0.993958
7.5	0.112925	0.922612	0.365868	0.0257421	0.996298	0.0820174	-0.997273	0.0312708	-0.066854	-0.0691713	-0.0800727	0.994386
7.53333	0.114361	0.922485	0.380887	0.051536	0.995757	0.0762368	-0.99617	0.0566562	-0.0665984	-0.0706351	-0.0725127	0.994863
7.56667	0.116668	0.922243	0.396466	0.0758183	0.994482	0.0725036	-0.994495	0.0806924	-0.0668397	-0.0723214	-0.0670369	0.995126
7.6	0.119698	0.921792	0.412448	0.0996084	0.992584	0.0696832	-0.992193	0.104362	-0.0682762	-0.0750422	-0.0623383	0.99523
7.63333	0.12314	0.920955	0.429551	0.123193	0.990295	0.0643438	-0.989294	0.127663	-0.0707092	-0.0782373	-0.054944	0.99542
7.66667	0.1267	0.919475	0.447061	0.139238	0.988371	0.0611222	-0.986747	0.143673	-0.0754254	-0.0833299	-0.0498101	0.995276
7.7	0.130287	0.917252	0.466655	0.150999	0.986992	0.0551847	-0.984634	0.155122	-0.080205	-0.0877221	-0.0422259	0.99525
7.73333	0.133284	0.913954	0.488959	0.159394	0.986337	0.0416222	-0.983071	0.162443	-0.0847574	-0.0903606	-0.0274077	0.995532
7.76667	0.135651	0.909714	0.514235	0.161163	0.986691	0.0216258	-0.98266	0.162463	-0.0893578	-0.0916819	-0.00684956	0.995765
7.8	0.13812	0.907013	0.539924	0.179119	0.983818	0.0042318	-0.979377	0.178715	-0.0942421	-0.0934734	0.012736	0.99554
7.83333	0.140903	0.90734	0.564472	0.207158	0.978273	-0.00822397	-0.973577	0.205323	-0.0999494	-0.0960892	0.028712	0.994959
7.86667	0.144325	0.910389	0.588248	0.225268	0.974034	-0.0226178	-0.969495	0.221795	-0.104338	-0.0966121	0.0454318	0.994285
7.9	0.148434	0.913705	0.611688	0.228478	0.97278	-0.0386965	-0.968588	0.223127	-0.109777	-0.0981546	0.0625627	0.993203
7.93333	0.153186	0.915713	0.634121	0.22423	0.973263	-0.0498042	-0.969335	0.217468	-0.114446	-0.100555	0.0739391	0.99218
7.96667	0.157739	0.916752	0.655525	0.221494	0.97355	-0.0560516	-0.969958	0.214018	-0.115661	-0.100606	0.079986	0.991706
8	0.162011	0.917441	0.675679	0.216124	0.974699	-0.0570286	-0.971173	0.208592	-0.115377	-0.100562	0.0803204	0.991683
8.03333	0.165888	0.918035	0.695073	0.201769	0.977938	-0.054088	-0.974364	0.194808	-0.112538	-0.0995182	0.075408	0.992174
8.06667	0.169411	0.918586	0.714019	0.178867	0.982702	-0.0479893	-0.978962	0.172895	-0.108356	-0.098185	0.0663611	0.992953
8.1	0.172643	0.918899	0.732407	0.152249	0.987567	-0.0391441	-0.983693	0.147577	-0.102806	-0.095751	0.0541578	0.993931
8.13333	0.175397	0.91874	0.750277	0.125782	0.991601	-0.0300972	-0.987732	0.122346	-0.0970447	-0.0925474	0.0419345	0.994825
8.16667	0.177784	0.918366	0.76803	0.100296	0.994748	-0.0204401	-0.991007	0.0980479	-0.0910549	-0.0885725	0.0293887	0.995636
8.2	0.179672	0.918047	0.785876	0.0726193	0.997306	-0.0103325	-0.993822	0.0714861	-0.0848933	-0.083926	0.0164335	0.996336
8.23333	0.181027	0.917923	0.803413	0.0412676	0.999148	-0.000632916	-0.996013	0.041088	-0.0791803	-0.0790868	0.00389797	0.99686
8.26667	0.181829	0.917767	0.820449	0.00908814	0.999922	0.008575	-0.997162	0.00970331	-0.07466	-0.0747374	-0.00787214	0.997172
8.3	0.181766	0.917607	0.837041	-0.0225047	0.999636	0.0148957	-0.997244	-0.0213924	-0.0710364	-0.0706918	-0.0164533	0.997362
8.33333	0.180672	0.917276	0.853048	-0.0531553	0.998427	0.0178337	-0.99626	-0.0518048	-0.0691494	-0.0681167	-0.0214427	0.997447
8.36667	0.178347	0.916727	0.868631	-0.0810866	0.996563	0.0169628	-0.994378	-0.0797226	-0.0696923	-0.0681004	-0.0225186	0.997424
8.4	0.175456	0.915892	0.884344	-0.105965	0.994264	0.0145411	-0.991895	-0.104659	-0.0720469	-0.0701117	-0.0220577	0.997295
8.43333	0.172084	0.914678	0.900035	-0.126489	0.991914	0.0103848	-0.989157	-0.125336	-0.0765401	-0.0746196	-0.0199537	0.997012
8.46667	0.168435	0.91301	0.916763	-0.140891	0.990018	0.00379388	-0.986723	-0.140108	-0.0821382	-0.0807867	-0.0153161	0.996614
8.5	0.164633	0.91077	0.935064	-0.150167	0.988659	-0.00173435	-0.984691	-0.149721	-0.0892601	-0.0885075	-0.0116962	0.996007
8.53333	0.161411	0.907846	0.955921	-0.15583	0.987781	-0.00241438	-0.983188	-0.15534	-0.095969	-0.0951714	-0.0125811	0.995381
8.56667	0.159379	0.904089	0.980417	-0.15711	0.987563	0.00597741	-0.982792	-0.15575	-0.099308	-0.0971419	-0.0214768	0.995039
8.6	0.158322	0.89945	1.00844	-0.158484	0.987024	0.0258053	-0.982836	-0.155205	-0.0997259	-0.0944268	-0.0411674	0.99468
8.63333	0.15679	0.89722	1.03585	-0.189749	0.981055	0.0390585	-0.97767	-0.185136	-0.0994269	-0.0903122	-0.0570525	0.994278
8.66667	0.155876	0.898503	1.06285	-0.226352	0.972943	0.0463409	-0.96991	-0.220756	-0.102674	-0.0896658	-0.068187	0.993635
8.7	0.154311	0.902381	1.08806	-0.241082	0.96888	0.0561327	-0.966523	-0.234457	-0.104228	-0.0878235	-0.0793809	0.992968
8.73333	0.151573	0.906109	1.11232	-0.233022	0.97003	0.0688694	-0.968637	-0.225238	-0.104934	-0.0862775	-0.0911615	0.992092
8.76667	0.148106	0.908173	1.13584	-0.225673	0.971052	0.0782895	-0.9706	-0.217206	-0.10372	-0.083713	-0.0993947	0.99152
8.8	0.144536	0.909174	1.15794	-0.224737	0.971333	0.0774907	-0.970939	-0.216509	-0.101986	-0.0822851	-0.0981588	0.991763
8.83333	0.14149	0.90994	1.17854	-0.217398	0.973021	0.0772528	-0.972644	-0.209315	-0.100756	-0.0818678	-0.0970437	0.991907
8.86667	0.138729	0.911108	1.19791	-0.197003	0.977315	0.0777478	-0.977049	-0.189156	-0.0979584	-0.0810298	-0.0952614	0.992149
8.9	0.136042	0.912358	1.21616	-0.171898	0.982466	0.0721939	-0.981786	-0.164837	-0.0944706	-0.0809139	-0.0871183	0.992907
8.93333	0.133623	0.91312	1.23356	-0.1467	0.98713	0.0636711	-0.985776	-0.140556	-0.0921428	-0.0820076	-0.0762828	0.993708
8.96667	0.131874	0.913262	1.25029	-0.121143	0.990987	0.0571696	-0.989145	-0.115692	-0.0905911	-0.0831606	-0.0675236	0.994246
9	0.130606	0.913172	1.26653	-0.0956544	0.994069	0.0517442	-0.991958	-0.0908647	-0.0881132	-0.0828888	-0.0597565	0.994766
9.03333	0.129753	0.913099	1.28252	-0.0701335	0.996541	0.0445819	-0.994142	-0.0661407	-0.0854776	-0.0822333	-0.0503156	0.995342
9.06667	0.129404	0.912998	1.29795	-0.0401196	0.998567	0.0354067	-0.995776	-0.0370282	-0.084024	-0.0825926	-0.0386281	0.995834
9.1	0.130138	0.912683	1.31312	-0.00792212	0.999555	0.0287711	-0.996548	-0.00551413	-0.0828298	-0.0826343	-0.029328	0.996148
9.13333	0.131669	0.912119	1.32806	0.0215837	0.99946	0.0247864	-0.996279	0.0235709	-0.0829007	-0.0834401	-0.0229049	0.99625
9.16667	0.134162	0.911486	1.34283	0.0481779	0.998522	0.0251466	-0.995178	0.0501395	-0.084299	-0.0854352	-0.020964	0.996123
9.2	0.137315	0.910797	1.35757	0.0738139	0.996908	0.0269327	-0.993303	0.0759003	-0.0871088	-0.0888837	-0.0203225	0.995835
9.23333	0.140887	0.909994	1.37297	0.0964279	0.994949	0.0278891	-0.990974	0.0985888	-0.0908356	-0.0931263	-0.0188783	0.995475
9.26667	0.144658	0.909075	1.38881	0.114418	0.99301	0.028961	-0.988585	0.116688	-0.0953037	-0.098017	-0.017726	0.995027
9.3	0.148564	0.90787	1.40564	0.129237	0.991187	0.0290874	-0.986192	0.131538	-0.100617	-0.103557	-0.0156823	0.9945
9.33333	0.152788	0.906076	1.42423	0.140658	0.989681	0.027334	-0.984062	0.142786	-0.105987	-0.108796	-0.0119905	0.993992
9.36667	0.156853	0.903443	1.44551	0.147896	0.988774	0.0212687	-0.982429	0.149354	-0.111919	-0.113839	-0.00434258	0.99349
9.4	0.160341	0.899767	1.47046	0.150998	0.988493	0.00903973	-0.981509	0.151007	-0.117632	-0.117644	0.00888969	0.993016
9.43333	0.164535	0.895945	1.49649	0.159186	0.987248	-0.00101605	-0.979882	0.157873	-0.122095	-0.120378	0.0204314	0.992518
9.46667	0.168956	0.893475	1.52238	0.175564	0.984463	-0.00304406	-0.97642	0.173733	-0.128145	-0.125625	0.0254699	0.991751
9.5	0.17355	0.893607	1.54817	0.203467	0.979079	-0.00239724	-0.970372	0.20133	-0.133582	-0.130305	0.0295058	0.991035
9.53333	0.178418	0.896135	1.5735	0.228972	0.973418	-0.00543454	-0.964032	0.225983	-0.139905	-0.134958	0.0372734	0.99015
9.56667	0.183563	0.898905	1.59847	0.238532	0.971056	-0.0123728	-0.961215	0.23426	-0.145563	-0.138451	0.0466142	0.989272
9.6	0.188611	0.900518	1.62347	0.244007	0.969589	-0.018932	-0.959538	0.238556	-0.149589	-0.140524	0.0546668	0.988567
9.63333	0.193438	0.900925	1.64772	0.250908	0.967745	-0.0226959	-0.957736	0.24477	-0.151092	-0.140663	0.0596469	0.988259
9.66667	0.197535	0.901048	1.671	0.256555	0.966177	-0.0261194	-0.956514	0.249924	-0.150394	-0.138779	0.0635679	0.988281
9.7	0.200684	0.901329	1.69358	0.25519	0.966383	-0.0313374	-0.957374	0.248009	-0.148076	-0.135326	0.0677892	0.988479
9.73333	0.203327	0.901823	1.71556	0.242851	0.969405	-0.0357429	-0.961379	0.235594	-0.142292	-0.129518	0.0689182	0.989179
9.76667	0.205479	0.902425	1.73692	0.219083	0.975037	-0.0361351	-0.967774	0.212441	-0.135211	-0.124159	0.0645931	0.990158
9.8	0.206949	0.902941	1.75791	0.18856	0.981496	-0.033315	-0.974776	0.182929	-0.127863	-0.119403	0.0565844	0.991232
9.83333	0.207877	0.903221	1.77832	0.153383	0.987743	-0.0289269	-0.981545	0.148907	-0.119983	-0.114205	0.0467964	0.992354
9.86667	0.208087	0.903194	1.79792	0.118079	0.99266	-0.0261445	-0.987103	0.114471	-0.111909	-0.108095	0.0390215	0.993374
9.9	0.20755	0.903021	1.81699	0.0812005	0.996389	-0.0248197	-0.991538	0.0782247	-0.103597	-0.101282	0.0330218	0.99431
9.93333	0.206439	0.902702	1.83571	0.0443557	0.998739	-0.0235287	-0.994483	0.0419011	-0.0961693	-0.0950621	0.0276645	0.995087
9.96667	0.204408	0.902373	1.8546	0.00911391	0.999683	-0.0234905	-0.995853	0.00694747	-0.0907111	-0.0905191	0.0242199	0.9956
10	0.201447	0.902045	1.87392	-0.0261215	0.99938	-0.0236101	-0.995881	-0.028067	-0.086221	-0.0868302	0.0212606	0.995996
10.0333	0.197267	0.90176	1.8937	-0.0612232	0.997796	-0.0255849	-0.994581	-0.0631438	-0.0825973	-0.0840308	0.0203894	0.996255
10.0667	0.191877	0.90128	1.91376	-0.0967055	0.994857	-0.0301198	-0.99177	-0.0988683	-0.0813503	-0.0839098	0.0220049	0.99623
10.1	0.185433	0.900351	1.93401	-0.127578	0.991139	-0.0369718	-0.988033	-0.130259	-0.0826082	-0.0866921	0.0259904	0.995896
10.1333	0.178654	0.898748	1.95433	-0.151336	0.987468	-0.0447667	-0.983972	-0.154812	-0.0885052	-0.0943265	0.0306552	0.995069
10.1667	0.172247	0.896519	1.97583	-0.170067	0.984056	-0.0520647	-0.980036	-0.174421	-0.0954294	-0.102989	0.034796	0.994074
10.2	0.166261	0.893277	1.99951	-0.182755	0.981624	-0.0549036	-0.976745	-0.187648	-0.10372	-0.112116	0.0346715	0.99309
10.2333	0.160851	0.888624	2.02729	-0.189778	0.980645	-0.0481566	-0.974776	-0.194056	-0.11025	-0.117461	0.0260189	0.992737
10.2667	0.156488	0.882685	2.06012	-0.198386	0.979829	-0.0240509	-0.973343	-0.199836	-0.112555	-0.115091	0.00108046	0.993354
10.3	0.15119	0.880297	2.09263	-0.23873	0.971034	-0.0100746	-0.964722	-0.238338	-0.111829	-0.110991	-0.0169777	0.993676
10.3333	0.146096	0.883437	2.12387	-0.276001	0.961157	-0.000338898	-0.954421	-0.274109	-0.118086	-0.113592	-0.0322684	0.993003
10.3667	0.140709	0.889707	2.15239	-0.276314	0.960883	0.0188239	-0.954128	-0.271917	-0.125307	-0.115287	-0.0525846	0.991939
10.4	0.134767	0.895296	2.17826	-0.251297	0.967215	0.0366652	-0.960982	-0.244795	-0.128797	-0.115599	-0.067601	0.990993
10.4333	0.129004	0.898581	2.20315	-0.23103	0.971967	0.0436496	-0.966592	-0.224171	-0.124285	-0.111016	-0.0709049	0.991286
10.4667	0.124246	0.899876	2.22739	-0.217376	0.975204	0.0415334	-0.970187	-0.211194	-0.118888	-0.107168	-0.0661386	0.992039
10.5	0.121159	0.900395	2.251	-0.195174	0.979812	0.0432971	-0.975105	-0.18912	-0.115775	-0.105249	-0.0648155	0.992331
10.5333	0.118909	0.90132	2.27385	-0.161513	0.98575	0.0470179	-0.981605	-0.155553	-0.110701	-0.10181	-0.0640326	0.992741
10.5667	0.116888	0.90259	2.29576	-0.125904	0.990835	0.0489222	-0.987283	-0.120323	-0.103897	-0.0970583	-0.0613811	0.993384
10.6	0.11515	0.903679	2.317	-0.088988	0.994865	0.0482241	-0.991494	-0.083862	-0.0995314	-0.0949761	-0.056671	0.993865
10.6333	0.114033	0.904609	2.33804	-0.0508847	0.997603	0.0468888	-0.994381	-0.0462444	-0.0952301	-0.0928335	-0.0514711	0.99435
10.6667	0.113368	0.905391	2.35883	-0.012325	0.998986	0.0432974	-0.996084	-0.00847497	-0.0880038	-0.0875476	-0.0442125	0.995179
10.7	0.113299	0.905975	2.37958	0.0241905	0.998989	0.0378896	-0.996285	0.0272237	-0.0816984	-0.0826473	-0.0357725	0.995937
10.7333	0.113925	0.906328	2.40035	0.058588	0.99773	0.0331914	-0.995105	0.0610196	-0.0777288	-0.0795777	-0.028475	0.996422
10.7667	0.115525	0.906372	2.42138	0.0920397	0.9953	0.0301135	-0.992761	0.0940646	-0.074684	-0.0771655	-0.0230216	0.996752
