0	0	1	0	0	0	-1	-1	0	0
0.0333333	0.985253	0.0821013	0.150116	0.010038	0.848108	-0.529727	-0.170806	0.523423	0.834778
0.0666667	0.984162	-0.0195494	0.17619	0.11056	0.844605	-0.523851	-0.13857	0.535033	0.833389
0.1	0.984825	-0.0264657	0.171519	0.114202	0.843002	-0.525647	-0.130679	0.537259	0.833232
0.133333	0.985416	-0.0266611	0.168063	0.112716	0.84217	-0.527299	-0.127479	0.538553	0.832893
0.166667	0.985442	-0.0269512	0.167862	0.112662	0.842959	-0.526048	-0.127323	0.537302	0.833724
0.2	0.985696	-0.026635	0.166416	0.111421	0.84384	-0.5249	-0.126447	0.535934	0.834737
0.233333	0.985639	-0.027559	0.166604	0.112277	0.843887	-0.524641	-0.126137	0.535812	0.834862
0.266667	0.985699	-0.028034	0.166166	0.112529	0.843496	-0.525217	-0.125436	0.536404	0.834588
0.3	0.985755	-0.0279764	0.165845	0.112256	0.843729	-0.524899	-0.125244	0.536039	0.834851
0.333333	0.985769	-0.0279741	0.165765	0.112059	0.844379	-0.523897	-0.125313	0.535016	0.835497
0.366667	0.985721	-0.0287084	0.16592	0.112714	0.844536	-0.523502	-0.125097	0.534729	0.835713
0.4	0.985677	-0.0292539	0.166086	0.113366	0.844061	-0.524127	-0.124854	0.535449	0.835288
0.433333	0.98565	-0.0289908	0.166296	0.113291	0.843924	-0.524363	-0.12514	0.535678	0.835098
0.466667	0.985537	-0.029468	0.166878	0.113936	0.844184	-0.523805	-0.125441	0.535242	0.835333
0.5	0.985511	-0.0297033	0.166992	0.114171	0.844272	-0.523612	-0.125433	0.535091	0.835431
0.533333	0.985614	-0.0294517	0.166424	0.113757	0.84386	-0.524366	-0.124995	0.535754	0.835071
0.566667	0.985386	-0.0305431	0.167573	0.115243	0.843987	-0.523836	-0.12543	0.535493	0.835174
0.6	0.985258	-0.0312872	0.168192	0.116201	0.843934	-0.52371	-0.125558	0.535534	0.835128
0.633333	0.985183	-0.0312637	0.168634	0.116384	0.844075	-0.523442	-0.125975	0.535313	0.835207
0.666667	0.985155	-0.0311866	0.168809	0.116445	0.843937	-0.523651	-0.126133	0.535534	0.835041
0.7	0.985094	-0.0312628	0.169154	0.116777	0.843573	-0.524163	-0.126307	0.536103	0.83465
0.733333	0.985081	-0.0310171	0.169271	0.116672	0.843421	-0.524432	-0.126501	0.536357	0.834457
0.766667	0.98505	-0.0311529	0.169427	0.11684	0.843537	-0.524207	-0.126588	0.536166	0.834567
0.8	0.985058	-0.0309251	0.169423	0.116633	0.843605	-0.524144	-0.126717	0.536073	0.834607
0.833333	0.98512	-0.0306598	0.169108	0.116256	0.843565	-0.524292	-0.126579	0.536151	0.834578
0.866667	0.985082	-0.0312244	0.169227	0.116811	0.843462	-0.524336	-0.126364	0.536281	0.834527
0.9	0.985076	-0.0311885	0.169268	0.116823	0.843377	-0.52447	-0.126399	0.536417	0.834434
0.933333	0.985068	-0.0313539	0.169287	0.116893	0.843702	-0.52393	-0.1264	0.535895	0.834769
0.966667	0.985047	-0.0312689	0.169425	0.116874	0.843796	-0.523783	-0.126582	0.535753	0.834833
1	0.985046	-0.031302	0.169426	0.116955	0.843572	-0.524125	-0.126517	0.536103	0.834618
1.03333	0.985108	-0.0314439	0.169038	0.116846	0.84366	-0.524009	-0.126134	0.535956	0.83477
1.06667	0.984979	-0.0318197	0.169716	0.117453	0.843931	-0.523436	-0.126573	0.535507	0.834992
1.1	0.984903	-0.0322739	0.170072	0.118008	0.843978	-0.523235	-0.12665	0.535406	0.835045
1.13333	0.984896	-0.032544	0.170061	0.118244	0.843902	-0.523305	-0.126484	0.53551	0.835003
1.16667	0.984799	-0.0325796	0.170613	0.118615	0.843699	-0.523548	-0.126889	0.535827	0.834739
1.2	0.984753	-0.0330066	0.170801	0.119074	0.843675	-0.523483	-0.126822	0.535839	0.834741
1.23333	0.984802	-0.0325203	0.170611	0.118563	0.843705	-0.52355	-0.126919	0.535821	0.834738
1.26667	0.984764	-0.0326778	0.170797	0.118824	0.843573	-0.523703	-0.126966	0.536019	0.834604
1.3	0.984778	-0.0325233	0.170749	0.118691	0.843486	-0.523874	-0.126986	0.536166	0.834506
1.33333	0.984749	-0.0327412	0.17087	0.118907	0.843608	-0.523628	-0.127003	0.53596	0.834636
1.36667	0.984725	-0.0331281	0.170936	0.119199	0.843874	-0.523132	-0.126918	0.535517	0.834933
1.4	0.984702	-0.0333131	0.171035	0.119387	0.843949	-0.522969	-0.126923	0.535388	0.835015
1.43333	0.984745	-0.0329414	0.170856	0.118948	0.844099	-0.522828	-0.126996	0.535175	0.835141
1.46667	0.984735	-0.0331243	0.17088	0.119127	0.844039	-0.522883	-0.126909	0.535258	0.835101
1.5	0.98477	-0.0329735	0.170709	0.118929	0.843963	-0.523051	-0.126825	0.535387	0.835031
1.53333	0.984793	-0.0330858	0.170554	0.118946	0.843936	-0.523091	-0.126629	0.535423	0.835037
1.56667	0.984773	-0.0334604	0.170597	0.119261	0.844014	-0.522893	-0.12649	0.535277	0.835152
1.6	0.984757	-0.0335449	0.170669	0.119367	0.844025	-0.522851	-0.12651	0.535253	0.835164
1.63333	0.984787	-0.0330021	0.170603	0.118871	0.84407	-0.522891	-0.126744	0.535216	0.835153
1.66667	0.984854	-0.0324763	0.170318	0.118327	0.843893	-0.523301	-0.126736	0.535528	0.834954
1.7	0.98488	-0.0320256	0.170253	0.118	0.843546	-0.523934	-0.126837	0.536102	0.83457
1.73333	0.984823	-0.032348	0.170522	0.118489	0.843216	-0.524354	-0.126825	0.536601	0.834251
1.76667	0.984831	-0.0323376	0.170476	0.118408	0.843416	-0.52405	-0.126835	0.536287	0.834452
1.8	0.984851	-0.032258	0.170376	0.118296	0.843387	-0.524122	-0.126786	0.536337	0.834427
1.83333	0.984911	-0.0315488	0.170163	0.117667	0.843085	-0.52475	-0.126907	0.536854	0.834076
1.86667	0.985012	-0.0305181	0.169767	0.116732	0.842537	-0.525838	-0.126987	0.537774	0.833471
1.9	0.984954	-0.0298942	0.170212	0.116488	0.842391	-0.526125	-0.127657	0.538036	0.833199
1.93333	0.984932	-0.0298359	0.170348	0.116486	0.842506	-0.525942	-0.127828	0.537861	0.833286
1.96667	0.984876	-0.0301204	0.170622	0.116802	0.842779	-0.525434	-0.12797	0.537416	0.833551
2	0.984792	-0.0304927	0.17104	0.117379	0.842586	-0.525614	-0.128089	0.537697	0.833352
2.03333	0.984742	-0.0309037	0.171254	0.117994	0.841909	-0.526561	-0.127907	0.538734	0.83271
2.06667	0.984778	-0.0305383	0.171116	0.117607	0.841958	-0.526569	-0.127992	0.538678	0.832733
2.1	0.98487	-0.0298522	0.170706	0.116735	0.842316	-0.52619	-0.128081	0.538156	0.833057
2.13333	0.985011	-0.0291847	0.170002	0.115747	0.842569	-0.526004	-0.127887	0.537798	0.833318
2.16667	0.985026	-0.0288836	0.169967	0.11556	0.842226	-0.526593	-0.127941	0.53835	0.832953
2.2	0.985267	-0.0271046	0.168864	0.113622	0.841707	-0.527845	-0.127827	0.539254	0.832385
2.23333	0.985461	-0.0249277	0.168065	0.111508	0.841223	-0.529065	-0.128192	0.540113	0.831772
2.26667	0.985688	-0.0219263	0.167145	0.108619	0.840858	-0.530245	-0.128919	0.540812	0.831205
2.3	0.985817	-0.018772	0.166773	0.105995	0.84009	-0.53199	-0.130118	0.542122	0.830165
2.33333	0.98599	-0.0147081	0.166154	0.102622	0.838768	-0.53473	-0.1315	0.54429	0.828527
2.36667	0.986051	-0.0115175	0.166043	0.100218	0.837577	-0.537049	-0.132888	0.546199	0.827048
2.4	0.986064	-0.00968864	0.166086	0.0989571	0.836661	-0.538708	-0.133738	0.547636	0.82596
2.43333	0.986141	-0.00911742	0.16566	0.0984983	0.835656	-0.540349	-0.133508	0.549178	0.824972
2.46667	0.986268	-0.00826639	0.164948	0.0974143	0.835627	-0.54059	-0.133366	0.549234	0.824958
2.5	0.986405	-0.007372	0.164168	0.0963121	0.835373	-0.54118	-0.133152	0.549634	0.824726
2.53333	0.98661	-0.00540689	0.163006	0.0941473	0.834999	-0.542137	-0.133179	0.550225	0.824328
2.56667	0.986709	-0.00366381	0.162458	0.0924847	0.834695	-0.542891	-0.133614	0.550701	0.823939
2.6	0.986831	-0.00234019	0.161739	0.0910962	0.834296	-0.543739	-0.133666	0.551312	0.823522
2.63333	0.986883	-0.000961594	0.161431	0.0899707	0.833558	-0.545056	-0.134038	0.552431	0.822711
2.66667	0.986831	0.00143823	0.161748	0.0885668	0.831942	-0.547749	-0.135352	0.554861	0.820859
2.7	0.986718	0.00489863	0.162369	0.086708	0.829358	-0.551949	-0.137365	0.558696	0.817918
2.73333	0.986493	0.00826423	0.163596	0.0851813	0.827187	-0.555433	-0.139915	0.561866	0.81531
2.76667	0.986159	0.0118086	0.165381	0.0837995	0.825185	-0.558612	-0.143066	0.564739	0.812774
2.8	0.985535	0.0146031	0.168839	0.0839638	0.82333	-0.561317	-0.147207	0.567374	0.810195
2.83333	0.984813	0.0169909	0.172786	0.0847112	0.821679	-0.56362	-0.151551	0.569697	0.807761
2.86667	0.983867	0.016746	0.178114	0.0882675	0.82055	-0.564718	-0.155609	0.571329	0.805834
2.9	0.982513	0.0166443	0.185448	0.0925496	0.820584	-0.563983	-0.161562	0.571283	0.804694
2.93333	0.981089	0.0171337	0.192797	0.0960982	0.82152	-0.562023	-0.168016	0.569922	0.804338
2.96667	0.979412	0.0141199	0.201377	0.103303	0.821988	-0.560057	-0.173438	0.569329	0.803607
3	0.977454	0.00784054	0.211001	0.113767	0.822294	-0.557575	-0.177877	0.569009	0.802863
3.03333	0.975154	-0.000467969	0.221527	0.125933	0.823867	-0.552615	-0.18225	0.566783	0.803457
3.06667	0.971655	-0.0145831	0.235954	0.144864	0.825475	-0.545532	-0.186818	0.56425	0.804189
3.1	0.966527	-0.030298	0.254771	0.16803	0.825161	-0.539328	-0.193886	0.564084	0.802632
3.13333	0.959231	-0.0487109	0.278395	0.196526	0.822867	-0.533167	-0.203111	0.566142	0.798892
3.16667	0.950341	-0.0694836	0.303356	0.227382	0.82056	-0.524384	-0.212486	0.567321	0.795611
3.2	0.941217	-0.0884225	0.326025	0.255201	0.818461	-0.514775	-0.221321	0.567717	0.792915
3.23333	0.933245	-0.10438	0.343742	0.277435	0.817286	-0.505048	-0.228219	0.566699	0.791687
3.26667	0.92552	-0.11764	0.359964	0.296833	0.815617	-0.496649	-0.235167	0.566507	0.789788
3.3	0.918818	-0.119868	0.376038	0.307869	0.813842	-0.492827	-0.246962	0.568589	0.784676
3.33333	0.909363	-0.117033	0.399203	0.320322	0.809265	-0.492427	-0.265431	0.575668	0.773403
3.36667	0.894832	-0.127254	0.427882	0.345611	0.804155	-0.48362	-0.28254	0.580639	0.763563
3.4	0.886343	-0.128995	0.444698	0.358968	0.798068	-0.483973	-0.292469	0.588599	0.753667
3.43333	0.882796	-0.12161	0.453743	0.364	0.787658	-0.49709	-0.296944	0.603991	0.739607
3.46667	0.877233	-0.117868	0.465371	0.374032	0.775489	-0.508643	-0.300937	0.620261	0.72437
3.5	0.869508	-0.120906	0.478892	0.389174	0.764738	-0.513537	-0.304137	0.632896	0.711999
3.53333	0.864216	-0.124646	0.487436	0.401829	0.754005	-0.519625	-0.30276	0.644935	0.701709
3.56667	0.861777	-0.125556	0.491504	0.412247	0.737953	-0.534301	-0.295622	0.663069	0.687711
3.6	0.860106	-0.119643	0.495886	0.422254	0.712411	-0.56051	-0.286213	0.691488	0.663269
3.63333	0.861049	-0.108622	0.496786	0.430426	0.675896	-0.598246	-0.270793	0.728949	0.628733
3.66667	0.864917	-0.0985314	0.492148	0.436696	0.631081	-0.641118	-0.247415	0.769434	0.588861
3.7	0.872531	-0.0913093	0.47995	0.436856	0.585647	-0.68277	-0.218738	0.805407	0.550884
3.73333	0.882932	-0.0886226	0.461061	0.431707	0.539267	-0.723063	-0.184555	0.837459	0.514395
3.76667	0.896563	-0.0946218	0.432691	0.419028	0.4977	-0.759415	-0.143493	0.862173	0.485869
3.8	0.911541	-0.110606	0.396056	0.399383	0.467463	-0.788651	-0.0979116	0.877066	0.470286
3.83333	0.925163	-0.134523	0.354932	0.375881	0.454742	-0.807417	-0.0527862	0.880405	0.471276
3.86667	0.936091	-0.164203	0.311079	0.351575	0.465188	-0.812401	-0.0113112	0.869849	0.493188
3.9	0.945323	-0.194123	0.262071	0.325139	0.498168	-0.803812	0.0254834	0.845071	0.534046
3.93333	0.953604	-0.218629	0.20698	0.295385	0.546535	-0.783612	0.0581989	0.808394	0.585758
3.96667	0.960947	-0.235563	0.145225	0.261981	0.605344	-0.751614	0.0891411	0.760308	0.643417
4	0.967572	-0.240324	0.0777701	0.222833	0.667122	-0.710841	0.11895	0.705119	0.69904
4.03333	0.972147	-0.234295	0.00594883	0.17854	0.723886	-0.666417	0.151832	0.648918	0.745555
4.06667	0.973233	-0.22042	-0.0650589	0.133478	0.772568	-0.620743	0.187087	0.595444	0.78131
4.1	0.970849	-0.19977	-0.132452	0.08908	0.813735	-0.57437	0.222522	0.545828	0.807809
4.13333	0.966281	-0.174688	-0.189171	0.0480257	0.844048	-0.534113	0.252972	0.507018	0.823977
4.16667	0.961654	-0.148524	-0.230571	0.0126839	0.863866	-0.503563	0.273974	0.481328	0.832623
4.2	0.959368	-0.125391	-0.252764	-0.0127546	0.875639	-0.482797	0.281868	0.466404	0.838461
4.23333	0.961396	-0.107274	-0.253397	-0.0290472	0.87617	-0.481126	0.273631	0.469913	0.839231
4.26667	0.964856	-0.094012	-0.245386	-0.0417673	0.867076	-0.496422	0.259438	0.489225	0.832677
4.3	0.966901	-0.0724949	-0.244635	-0.0648218	0.857535	-0.510325	0.246779	0.509291	0.824453
4.33333	0.968636	-0.0540812	-0.242526	-0.0852524	0.844454	-0.5288	0.2334	0.532891	0.813358
4.36667	0.971062	-0.0328034	-0.236565	-0.101351	0.840306	-0.532553	0.216257	0.541118	0.812665
4.4	0.973435	-0.00654385	-0.228871	-0.118521	0.840847	-0.528137	0.195901	0.541233	0.817734
4.43333	0.975202	0.0180253	-0.22058	-0.134657	0.839291	-0.526743	0.175636	0.543383	0.820906
4.46667	0.976293	0.0377622	-0.213135	-0.148492	0.833271	-0.53255	0.157489	0.551573	0.819124
4.5	0.977489	0.0561074	-0.203391	-0.158873	0.830066	-0.534556	0.138835	0.554836	0.820294
4.53333	0.979245	0.0736946	-0.188807	-0.165137	0.830204	-0.532439	0.117511	0.552568	0.825142
4.56667	0.981072	0.089549	-0.171695	-0.168982	0.828917	-0.533238	0.0945701	0.552158	0.828359
4.6	0.98315	0.100935	-0.152406	-0.16835	0.824828	-0.539738	0.0712306	0.556302	0.827922
4.63333	0.98644	0.104523	-0.126533	-0.157433	0.820482	-0.549567	0.0463759	0.562036	0.825812
4.66667	0.989868	0.103711	-0.0969781	-0.140353	0.81806	-0.557744	0.0214895	0.565705	0.824328
4.7	0.9924	0.101787	-0.0691558	-0.123057	0.819574	-0.559602	-0.000281943	0.563859	0.825871
4.73333	0.994777	0.0950309	-0.0372474	-0.0994898	0.821237	-0.561846	-0.0228038	0.562618	0.826403
4.76667	0.996398	0.0846691	-0.00477578	-0.0724168	0.820203	-0.567471	-0.0441301	0.565772	0.82338
4.8	0.997011	0.0717994	0.0285433	-0.0425536	0.818605	-0.572778	-0.0644908	0.569851	0.819214
4.83333	0.996399	0.0575109	0.0623059	-0.0111626	0.817392	-0.575974	-0.0840531	0.573204	0.81509
4.86667	0.994447	0.0417443	0.096603	0.0214569	0.818248	-0.574465	-0.103026	0.573347	0.812809
4.9	0.991001	0.0230608	0.131851	0.0569897	0.818611	-0.571515	-0.121114	0.573886	0.80993
4.93333	0.986398	0.003262	0.164341	0.0920841	0.817218	-0.568924	-0.136158	0.576319	0.805802
4.96667	0.980932	-0.0162954	0.193669	0.124982	0.816005	-0.564372	-0.148838	0.577815	0.802482
5	0.974586	-0.0356109	0.221164	0.156051	0.816247	-0.556227	-0.160717	0.576604	0.80106
5.03333	0.967799	-0.0527205	0.24614	0.183669	0.816552	-0.547273	-0.172134	0.574859	0.799942
5.06667	0.961436	-0.06588	0.267023	0.20575	0.816554	-0.539357	-0.182506	0.573497	0.798619
5.1	0.955803	-0.073855	0.284582	0.22198	0.815963	-0.533787	-0.192785	0.573367	0.796294
5.13333	0.950386	-0.0750637	0.301881	0.23276	0.815411	-0.530026	-0.206371	0.573995	0.792427
5.16667	0.944485	-0.0725859	0.320436	0.242111	0.813063	-0.529445	-0.222104	0.577633	0.785499
5.2	0.938007	-0.0628447	0.340872	0.248938	0.806453	-0.536343	-0.241191	0.58795	0.772102
5.23333	0.925224	-0.0665765	0.373535	0.276353	0.792818	-0.543203	-0.259981	0.605811	0.751933
5.26667	0.912908	-0.0762146	0.400988	0.307025	0.775563	-0.551578	-0.268953	0.626653	0.731417
5.3	0.907217	-0.0766895	0.413614	0.323223	0.756367	-0.568715	-0.269229	0.649637	0.710976
5.33333	0.904573	-0.0720226	0.420191	0.334964	0.729773	-0.596012	-0.263718	0.679885	0.684258
5.36667	0.900781	-0.0680057	0.428916	0.348024	0.703804	-0.619306	-0.259757	0.707132	0.657641
5.4	0.894379	-0.0725393	0.44139	0.367503	0.681704	-0.63263	-0.255007	0.728023	0.63636
5.43333	0.889584	-0.0771546	0.450208	0.386893	0.651201	-0.652879	-0.242803	0.754973	0.609149
5.46667	0.888606	-0.0778451	0.452017	0.400425	0.612288	-0.681736	-0.223695	0.786793	0.575254
5.5	0.891311	-0.077501	0.446719	0.40622	0.574106	-0.710906	-0.201368	0.815105	0.54319
5.53333	0.898289	-0.0827409	0.431545	0.403242	0.545394	-0.734807	-0.174563	0.834086	0.523286
5.56667	0.90808	-0.0944492	0.408007	0.39425	0.52143	-0.756755	-0.141272	0.848051	0.510737
5.6	0.91767	-0.11201	0.381228	0.382544	0.508463	-0.771444	-0.107431	0.853768	0.50945
5.63333	0.926546	-0.133802	0.351582	0.368739	0.508026	-0.778422	-0.0744583	0.850886	0.520048
5.66667	0.934931	-0.158646	0.31739	0.352522	0.517161	-0.779919	-0.040411	0.841057	0.539435
5.7	0.94328	-0.183868	0.276435	0.331972	0.53317	-0.778155	-0.00430851	0.825786	0.563967
5.73333	0.950913	-0.207845	0.229269	0.307713	0.556524	-0.771748	0.0328101	0.804414	0.593162
5.76667	0.95797	-0.227288	0.175023	0.278412	0.589599	-0.758195	0.0691353	0.775057	0.628098
5.8	0.963837	-0.240519	0.114755	0.245336	0.632694	-0.734513	0.104059	0.736104	0.668822
5.83333	0.969008	-0.242622	0.0464537	0.204717	0.683464	-0.700691	0.138253	0.688485	0.711951
5.86667	0.972126	-0.233075	-0.0254443	0.159132	0.735602	-0.658457	0.172187	0.636054	0.752188
5.9	0.972222	-0.213653	-0.0955873	0.112039	0.783361	-0.611386	0.205504	0.583693	0.785538
5.93333	0.969742	-0.18226	-0.162422	0.0605845	0.824161	-0.563105	0.236494	0.536227	0.810266
5.96667	0.964359	-0.14805	-0.219302	0.0128802	0.854095	-0.519957	0.264284	0.498601	0.825561
6	0.957751	-0.117411	-0.262542	-0.0280163	0.870442	-0.491473	0.286232	0.478064	0.830377
6.03333	0.953766	-0.0923541	-0.28601	-0.0578253	0.877452	-0.476166	0.294936	0.470689	0.831544
6.06667	0.956086	-0.0723867	-0.284006	-0.0757322	0.875095	-0.477989	0.283132	0.478507	0.831184
6.1	0.961497	-0.0517885	-0.269891	-0.0915739	0.865579	-0.492328	0.259109	0.498087	0.827509
6.13333	0.963432	-0.0270776	-0.26658	-0.111763	0.863599	-0.491636	0.243531	0.503452	0.828993
6.16667	0.96439	0.000378746	-0.264483	-0.138198	0.853346	-0.502694	0.225505	0.521345	0.823011
6.2	0.966667	0.0257103	-0.254741	-0.158081	0.84259	-0.514832	0.201406	0.537941	0.818569
6.23333	0.970742	0.0465021	-0.23558	-0.165167	0.841431	-0.514503	0.174299	0.53836	0.824493
6.26667	0.974019	0.0656472	-0.216744	-0.169838	0.844839	-0.507348	0.149807	0.530978	0.834039
6.3	0.976404	0.0819781	-0.199785	-0.174493	0.844551	-0.506247	0.127228	0.529163	0.838928
6.33333	0.979114	0.0913998	-0.181609	-0.173863	0.839448	-0.514878	0.105391	0.535699	0.837806
6.36667	0.983013	0.0914565	-0.159125	-0.162695	0.835488	-0.524871	0.0849445	0.541844	0.836176
6.4	0.987441	0.0870625	-0.131838	-0.144685	0.833494	-0.533248	0.0634601	0.545626	0.835623
6.43333	0.991539	0.0808585	-0.101547	-0.123279	0.831542	-0.541609	0.040647	0.549546	0.834474
6.46667	0.99462	0.0741478	-0.0723373	-0.101835	0.827846	-0.551634	0.0189817	0.556033	0.830943
6.5	0.997053	0.0640463	-0.042229	-0.0767062	0.823912	-0.561503	-0.00116921	0.563088	0.826396
6.53333	0.99857	0.0527694	-0.00856672	-0.0482803	0.821348	-0.56838	-0.0229568	0.567981	0.822722
6.56667	0.998841	0.0383179	0.0291124	-0.0148138	0.820415	-0.571576	-0.0457859	0.570483	0.820033
6.6	0.997439	0.0215115	0.0682074	0.0216256	0.818335	-0.574334	-0.0681713	0.574338	0.815775
6.63333	0.994169	0.00363336	0.107772	0.0594637	0.81527	-0.57602	-0.0899564	0.57907	0.8103
6.66667	0.989197	-0.014239	0.145899	0.0963844	0.813066	-0.574138	-0.11045	0.581998	0.805655
6.7	0.983018	-0.0332552	0.180472	0.131876	0.811895	-0.568714	-0.127612	0.582856	0.802492
6.73333	0.97625	-0.0512155	0.210508	0.163312	0.812434	-0.559714	-0.142358	0.580799	0.801502
6.76667	0.969933	-0.0644271	0.234689	0.186722	0.81549	-0.547824	-0.156092	0.575174	0.803
6.8	0.964426	-0.0723838	0.25425	0.202799	0.819536	-0.535942	-0.169574	0.568438	0.805061
6.83333	0.959197	-0.0752898	0.272529	0.214853	0.820665	-0.529479	-0.18379	0.566428	0.803356
6.86667	0.953577	-0.0719103	0.292436	0.22395	0.818556	-0.528972	-0.201337	0.569907	0.796661
6.9	0.946676	-0.060933	0.316373	0.231118	0.812582	-0.535066	-0.224476	0.579654	0.783334
6.93333	0.936581	-0.0545074	0.346185	0.246927	0.80361	-0.541515	-0.248682	0.592655	0.766105
6.96667	0.920968	-0.0691252	0.383458	0.285234	0.790053	-0.542639	-0.265442	0.609129	0.747331
7	0.909365	-0.0826403	0.407709	0.315931	0.774795	-0.547613	-0.270636	0.626788	0.73068
7.03333	0.904602	-0.0871594	0.41725	0.33455	0.751759	-0.568273	-0.264142	0.653652	0.709203
7.06667	0.903363	-0.0890255	0.419535	0.349358	0.720155	-0.599438	-0.248765	0.688078	0.681663
7.1	0.900493	-0.0937427	0.424646	0.368237	0.683815	-0.629919	-0.231329	0.723608	0.650291
7.13333	0.89687	-0.105771	0.42946	0.390399	0.645672	-0.656275	-0.207875	0.756254	0.620377
7.16667	0.896971	-0.115692	0.426684	0.404677	0.603443	-0.68709	-0.177988	0.788969	0.588089
7.2	0.902343	-0.121162	0.413639	0.405858	0.561938	-0.720767	-0.145109	0.818258	0.556235
7.23333	0.91056	-0.129235	0.392656	0.397873	0.531697	-0.74766	-0.11215	0.837017	0.535561
7.26667	0.919021	-0.145223	0.366484	0.386284	0.517222	-0.763719	-0.0786443	0.843441	0.531435
7.3	0.927625	-0.165279	0.334956	0.370808	0.515243	-0.772675	-0.0448772	0.840957	0.539238
7.33333	0.934891	-0.187026	0.301662	0.354641	0.526792	-0.772476	-0.0144407	0.829163	0.55882
7.36667	0.941028	-0.210544	0.264834	0.337991	0.550095	-0.763648	0.0150978	0.808126	0.588817
7.4	0.947274	-0.231885	0.221134	0.317427	0.584957	-0.746368	0.0437178	0.777209	0.627722
7.43333	0.953525	-0.248152	0.170911	0.292622	0.627382	-0.72164	0.0718499	0.738114	0.67084
7.46667	0.958466	-0.260566	0.115963	0.265816	0.66877	-0.694326	0.103365	0.696313	0.710256
7.5	0.962977	-0.263405	0.0573777	0.233824	0.71018	-0.664057	0.134168	0.652888	0.745477
7.53333	0.966615	-0.256183	-0.00501305	0.195601	0.750386	-0.631397	0.165515	0.609337	0.775444
7.56667	0.96872	-0.239208	-0.066034	0.153677	0.787212	-0.597228	0.194844	0.568399	0.799349
7.6	0.968995	-0.213188	-0.124897	0.107618	0.819185	-0.563342	0.222412	0.532434	0.816729
7.63333	0.96755	-0.179405	-0.177934	0.0601107	0.847399	-0.527543	0.245425	0.499728	0.830685
7.66667	0.963237	-0.151217	-0.222055	0.0206007	0.865688	-0.500161	0.267862	0.477199	0.836977
7.7	0.959515	-0.124063	-0.252862	-0.013573	0.876354	-0.481475	0.281331	0.465415	0.839191
7.73333	0.959035	-0.0985815	-0.26558	-0.0402138	0.880628	-0.472099	0.280417	0.46344	0.840589
7.76667	0.962403	-0.0797975	-0.259639	-0.0590949	0.871466	-0.486883	0.265119	0.483921	0.833986
7.8	0.964451	-0.0547168	-0.258535	-0.0841564	0.8638	-0.496757	0.250503	0.500855	0.828488
7.83333	0.96559	-0.0332197	-0.257938	-0.106822	0.85362	-0.509826	0.237117	0.519837	0.820698
7.86667	0.968003	-0.0110338	-0.250698	-0.126517	0.84131	-0.525538	0.216713	0.54044	0.812995
7.9	0.971432	0.0131239	-0.236954	-0.140086	0.837666	-0.527912	0.19156	0.546025	0.815574
7.93333	0.975523	0.0336261	-0.217309	-0.143706	0.845495	-0.514282	0.166441	0.532923	0.829633
7.96667	0.978954	0.0520691	-0.197325	-0.147844	0.847463	-0.509851	0.140678	0.528294	0.837326
8	0.981601	0.066181	-0.17911	-0.151499	0.840887	-0.519573	0.116226	0.537148	0.835442
8.03333	0.985148	0.0737634	-0.155057	-0.145797	0.836354	-0.528446	0.0907025	0.543204	0.834687
8.06667	0.989151	0.0751963	-0.126199	-0.131743	0.834146	-0.535578	0.0649948	0.546393	0.835003
8.1	0.992798	0.0725845	-0.0953089	-0.112998	0.831626	-0.543718	0.0397959	0.550572	0.833839
8.13333	0.995692	0.0669156	-0.0641913	-0.0912669	0.829573	-0.55089	0.0163883	0.554375	0.832106
8.16667	0.997641	0.0605804	-0.0322756	-0.0682795	0.827586	-0.557171	-0.00704278	0.55806	0.82977
8.2	0.998582	0.0531705	0.00245515	-0.0425429	0.825007	-0.563518	-0.0319881	0.562615	0.8261
8.23333	0.998335	0.0422017	0.0393309	-0.012375	0.822584	-0.568509	-0.056345	0.567076	0.821736
8.26667	0.996673	0.0289318	0.0762016	0.0197322	0.821434	-0.569963	-0.0790847	0.56957	0.81813
8.3	0.993508	0.0138692	0.112917	0.0530713	0.821423	-0.567845	-0.100628	0.570151	0.815354
8.33333	0.989011	-0.00335209	0.147805	0.0869573	0.821716	-0.563224	-0.119566	0.569887	0.812978
8.36667	0.983608	-0.021618	0.179018	0.119635	0.821051	-0.558177	-0.134917	0.570445	0.810179
8.4	0.977471	-0.0400575	0.207235	0.150376	0.82114	-0.55056	-0.148115	0.56932	0.808664
8.43333	0.971161	-0.0579127	0.231285	0.177736	0.822437	-0.540377	-0.158922	0.5659	0.809012
8.46667	0.965159	-0.0702672	0.252054	0.198476	0.824315	-0.5302	-0.170516	0.561754	0.809541
8.5	0.959663	-0.0779777	0.270123	0.214355	0.824631	-0.523485	-0.181932	0.560271	0.808082
8.53333	0.954166	-0.080178	0.288338	0.226388	0.823515	-0.520166	-0.195745	0.561601	0.803921
8.56667	0.948299	-0.0715568	0.309205	0.232867	0.818829	-0.524683	-0.215642	0.56956	0.793158
8.6	0.940522	-0.0563392	0.33503	0.240256	0.807535	-0.538669	-0.2402	0.587122	0.77304
8.63333	0.925121	-0.0634076	0.374341	0.275967	0.789446	-0.548286	-0.260756	0.610537	0.747831
8.66667	0.909217	-0.0783719	0.40888	0.317084	0.766786	-0.558118	-0.269783	0.6371	0.722025
8.7	0.899935	-0.0839216	0.427872	0.345048	0.737003	-0.581178	-0.26657	0.670659	0.692212
8.73333	0.899191	-0.0797154	0.430233	0.358623	0.697607	-0.620269	-0.250689	0.712032	0.65587
8.76667	0.899359	-0.080164	0.429798	0.374044	0.65006	-0.661447	-0.22637	0.755643	0.614623
8.8	0.899023	-0.0896379	0.42863	0.392454	0.599157	-0.697847	-0.194263	0.795598	0.573835
8.83333	0.902206	-0.106202	0.418025	0.403275	0.551413	-0.730282	-0.152947	0.827444	0.540318
8.86667	0.910617	-0.124934	0.393914	0.399157	0.512731	-0.760119	-0.107007	0.849411	0.51677
8.9	0.919573	-0.151763	0.362428	0.388247	0.492785	-0.778734	-0.0604161	0.856815	0.512073
8.93333	0.926323	-0.185958	0.327637	0.376478	0.488829	-0.786963	-0.0138167	0.852329	0.522823
8.96667	0.931721	-0.221179	0.288055	0.361748	0.494964	-0.790031	0.0321616	0.840292	0.54118
9	0.935793	-0.253891	0.244602	0.344709	0.513425	-0.785856	0.0739371	0.819716	0.567978
9.03333	0.938837	-0.282624	0.196744	0.325941	0.544951	-0.772523	0.111118	0.7894	0.603739
9.06667	0.942561	-0.303365	0.139814	0.30116	0.59071	-0.748575	0.144502	0.747684	0.648141
9.1	0.946461	-0.313599	0.0765995	0.271358	0.644333	-0.714982	0.174862	0.697489	0.694934
9.13333	0.94898	-0.315106	0.012056	0.239407	0.695065	-0.677915	0.205235	0.646214	0.735042
9.16667	0.949712	-0.308463	-0.053823	0.204936	0.742288	-0.637974	0.236743	0.594861	0.768175
9.2	0.949225	-0.291601	-0.118069	0.167427	0.785986	-0.595142	0.266345	0.545156	0.794899
9.23333	0.94682	-0.269383	-0.175967	0.131415	0.822941	-0.552718	0.293704	0.5002	0.814578
9.26667	0.943111	-0.245028	-0.224727	0.0984728	0.851451	-0.515106	0.31756	0.463673	0.827142
9.3	0.9388	-0.221675	-0.263657	0.0701324	0.872387	-0.483759	0.337248	0.435662	0.834543
9.33333	0.936716	-0.198022	-0.288705	0.0465409	0.887775	-0.45792	0.346983	0.415504	0.840809
9.36667	0.938441	-0.176407	-0.296999	0.0277977	0.89555	-0.444092	0.344318	0.408499	0.845325
9.4	0.94593	-0.156049	-0.284368	0.0111843	0.891845	-0.452202	0.324178	0.424571	0.845368
9.43333	0.953044	-0.125516	-0.275597	-0.014942	0.889464	-0.456762	0.302464	0.439432	0.845822
9.46667	0.957155	-0.0985804	-0.272278	-0.0414614	0.883927	-0.465784	0.286591	0.457117	0.841968
9.5	0.959876	-0.0655121	-0.272665	-0.077252	0.87293	-0.481689	0.269574	0.483426	0.832844
9.53333	0.96224	-0.0282863	-0.270728	-0.113898	0.861491	-0.494835	0.247227	0.506985	0.825739
9.56667	0.966043	0.00121192	-0.25838	-0.132731	0.860288	-0.492226	0.221684	0.509807	0.831236
9.6	0.969341	0.029372	-0.243959	-0.149417	0.858643	-0.490312	0.195072	0.511731	0.836707
9.63333	0.971626	0.0559584	-0.229806	-0.165778	0.854129	-0.492931	0.168701	0.517041	0.839171
9.66667	0.973525	0.0792888	-0.214388	-0.17959	0.845544	-0.502795	0.141409	0.527985	0.837398
9.7	0.975969	0.0971237	-0.195066	-0.186196	0.836738	-0.514976	0.113203	0.538921	0.834715
9.73333	0.979924	0.107439	-0.167944	-0.181473	0.829496	-0.528208	0.0825588	0.548081	0.832341
9.76667	0.985072	0.10784	-0.134175	-0.164015	0.824626	-0.541379	0.0522619	0.555304	0.830004
9.8	0.990217	0.100999	-0.0962793	-0.137609	0.821126	-0.553909	0.0231133	0.561739	0.826992
9.83333	0.994461	0.0894549	-0.055185	-0.104971	0.818493	-0.564845	-0.0053596	0.567509	0.82335
9.86667	0.996938	0.0771152	-0.0129832	-0.0707119	0.818061	-0.570768	-0.0333938	0.569938	0.821009
9.9	0.997568	0.0626791	0.0304809	-0.0337347	0.816908	-0.575781	-0.0609895	0.573353	0.817035
9.93333	0.996188	0.0471811	0.0733736	0.00410026	0.814859	-0.579644	-0.0871375	0.577736	0.811559
9.96667	0.992769	0.0311278	0.115931	0.0421694	0.813794	-0.579622	-0.112386	0.580319	0.806597
10	0.987245	0.0141073	0.15858	0.0811297	0.812454	-0.577353	-0.136984	0.582854	0.800947
10.0333	0.979479	-0.00523915	0.201477	0.121958	0.811275	-0.571803	-0.160457	0.584641	0.795266
10.0667	0.96969	-0.0259618	0.242955	0.162778	0.810193	-0.563108	-0.182221	0.585588	0.789862
10.1	0.958826	-0.0460846	0.280231	0.200173	0.809626	-0.551758	-0.201455	0.585134	0.785515
10.1333	0.948698	-0.0641684	0.309604	0.230954	0.809398	-0.53994	-0.215946	0.583744	0.782694
10.1667	0.938577	-0.0794432	0.335802	0.256773	0.810895	-0.525849	-0.230525	0.579774	0.781486
10.2	0.928862	-0.0889783	0.35958	0.27684	0.811718	-0.51427	-0.246119	0.577232	0.778607
10.2333	0.9188	-0.0872883	0.384951	0.291186	0.808305	-0.511717	-0.266491	0.582258	0.768088
10.2667	0.905227	-0.0746454	0.418321	0.307818	0.793852	-0.52445	-0.292937	0.603513	0.741593
10.3	0.880111	-0.0860615	0.466904	0.354602	0.773086	-0.525924	-0.315695	0.628436	0.710919
10.3333	0.859035	-0.107591	0.500484	0.402994	0.745023	-0.531542	-0.315683	0.658305	0.683359
10.3667	0.855802	-0.111772	0.505084	0.426776	0.704332	-0.567255	-0.292344	0.701016	0.650471
10.4	0.867981	-0.100342	0.486355	0.426468	0.652394	-0.626504	-0.25443	0.751208	0.609058
10.4333	0.87985	-0.0951328	0.465632	0.423905	0.600059	-0.678406	-0.214868	0.794279	0.568289
10.4667	0.88935	-0.10828	0.44422	0.423144	0.562988	-0.709925	-0.17322	0.819341	0.546512
10.5	0.902995	-0.127492	0.410301	0.410571	0.537479	-0.736579	-0.12662	0.833584	0.537685
10.5333	0.919411	-0.148727	0.364093	0.385099	0.528472	-0.756582	-0.0798884	0.835822	0.543158
10.5667	0.933951	-0.175252	0.311483	0.355939	0.534829	-0.766332	-0.0322894	0.826586	0.561883
10.6	0.946332	-0.203234	0.251301	0.322735	0.552632	-0.768401	0.0172883	0.808266	0.588564
10.6333	0.956004	-0.227405	0.185319	0.28614	0.583632	-0.759933	0.0646546	0.779526	0.623024
10.6667	0.963445	-0.241225	0.116554	0.246621	0.628616	-0.737577	0.104655	0.73936	0.665128
10.7	0.968734	-0.243955	0.0451759	0.204667	0.682853	-0.701301	0.140238	0.68862	0.711432
10.7333	0.971145	-0.23669	-0.0292393	0.161012	0.74115	-0.651745	0.175932	0.628231	0.757875
10.7667	0.970845	-0.216157	-0.103618	0.11367	0.795716	-0.594908	0.211043	0.565785	0.797087
10.8	0.966519	-0.190812	-0.171554	0.0695822	0.838437	-0.540538	0.246979	0.510503	0.823643
10.8333	0.959015	-0.164075	-0.231017	0.0295946	0.868835	-0.494216	0.281805	0.467124	0.838082
10.8667	0.950727	-0.138245	-0.277499	-0.00346605	0.890282	-0.455397	0.310009	0.43392	0.845936
10.9	0.945	-0.116807	-0.305503	-0.0233209	0.907614	-0.419158	0.326239	0.403229	0.854971
10.9333	0.945318	-0.106108	-0.308408	-0.02858	0.915012	-0.402412	0.324896	0.389222	0.861945
10.9667	0.952205	-0.0933078	-0.290858	-0.03992	0.906023	-0.421342	0.302839	0.412816	0.858995
