0	0	1	0	0	0	-1	-1	0	0
0.0333333	0.999047	-0.0436101	0.0016391	0.0424234	0.961682	-0.270867	0.0102362	0.270678	0.962615
0.0666667	0.999986	0.00260616	-0.00463078	-0.00346975	0.980281	-0.197576	0.00402455	0.197589	0.980277
0.1	0.999807	0.0185967	-0.00627525	-0.019372	0.986386	-0.163303	0.00315293	0.163393	0.986556
0.133333	0.999655	0.0249272	-0.00830029	-0.0258885	0.988422	-0.149502	0.00447753	0.149665	0.988727
0.166667	0.999526	0.0299118	-0.00732524	-0.0306497	0.989369	-0.142158	0.00299517	0.142315	0.989817
0.2	0.999397	0.0335044	-0.00907639	-0.0344506	0.989393	-0.141121	0.00425195	0.141348	0.989951
0.233333	0.999352	0.0345994	-0.0099609	-0.0356541	0.989509	-0.140003	0.00501238	0.140267	0.990101
0.266667	0.999342	0.0344491	-0.0113821	-0.035708	0.989433	-0.140523	0.00642096	0.140837	0.990012
0.3	0.999363	0.0335287	-0.0121971	-0.0349348	0.989008	-0.143677	0.00724567	0.144012	0.989549
0.333333	0.999387	0.0324699	-0.0131226	-0.0340533	0.988456	-0.147633	0.0081775	0.14799	0.988955
0.366667	0.999393	0.0319842	-0.0137914	-0.0336957	0.988068	-0.150288	0.00882005	0.150661	0.988546
0.4	0.999389	0.0320152	-0.0140163	-0.0337685	0.987927	-0.151194	0.00900658	0.151575	0.988405
0.433333	0.999396	0.0317599	-0.0141214	-0.0335428	0.987757	-0.152353	0.00910981	0.152735	0.988225
0.466667	0.999414	0.0311269	-0.0142553	-0.0329523	0.987535	-0.153912	0.00928677	0.154291	0.987982
0.5	0.999434	0.0305648	-0.0140269	-0.0323684	0.987439	-0.154647	0.00912395	0.155013	0.98787
0.533333	0.999426	0.0305692	-0.0146259	-0.0324693	0.987378	-0.155018	0.00970249	0.155403	0.987803
0.566667	0.999478	0.0293245	-0.0135761	-0.0310646	0.98763	-0.153694	0.00890122	0.154035	0.988025
0.6	0.999502	0.0286249	-0.013258	-0.0303226	0.987681	-0.153516	0.00870031	0.153842	0.988057
0.633333	0.999516	0.0282411	-0.0130436	-0.0299098	0.987705	-0.153442	0.00854987	0.153758	0.988072
0.666667	0.999528	0.0278344	-0.0129997	-0.0294998	0.987741	-0.153287	0.00857373	0.153598	0.988096
0.7	0.999534	0.027498	-0.0132193	-0.0291936	0.987879	-0.152457	0.00886678	0.152772	0.988222
0.733333	0.999537	0.0270755	-0.0139107	-0.0288817	0.987888	-0.152457	0.00961437	0.152788	0.988212
0.766667	0.999543	0.0265666	-0.0144567	-0.0284667	0.987833	-0.152892	0.010219	0.153233	0.988137
0.8	0.999534	0.0264461	-0.0152605	-0.0284734	0.987797	-0.153122	0.0110248	0.153485	0.98809
0.833333	0.999499	0.0270362	-0.01647	-0.0292304	0.987924	-0.152155	0.0121574	0.15256	0.988219
0.866667	0.999475	0.0273709	-0.0173399	-0.0296942	0.987908	-0.152172	0.0129652	0.152607	0.988202
0.9	0.999442	0.0280563	-0.0181324	-0.0304721	0.988112	-0.150687	0.0136891	0.151156	0.988415
0.933333	0.999408	0.028889	-0.0187078	-0.031377	0.98814	-0.150316	0.0141435	0.150814	0.988461
0.966667	0.999378	0.029842	-0.0187852	-0.0323314	0.988104	-0.150348	0.0140751	0.150862	0.988455
1	0.999335	0.0312778	-0.0187211	-0.0337286	0.988197	-0.149428	0.0138263	0.14996	0.988595
1.03333	0.999291	0.032657	-0.01873	-0.0350823	0.988274	-0.148608	0.0136573	0.149159	0.988719
1.06667	0.999266	0.0338505	-0.0179291	-0.0361442	0.988224	-0.148687	0.0126848	0.149226	0.988722
1.1	0.999247	0.0348072	-0.0171322	-0.0369771	0.988121	-0.149166	0.0117367	0.149687	0.988664
1.13333	0.999223	0.0358888	-0.0162744	-0.0379223	0.988028	-0.149541	0.0107127	0.150042	0.988622
1.16667	0.999198	0.036925	-0.0154765	-0.0388185	0.988125	-0.148669	0.00980307	0.149151	0.988766
1.2	0.999186	0.0375261	-0.014835	-0.0393196	0.988066	-0.148929	0.00906925	0.149391	0.988737
1.23333	0.999169	0.0381624	-0.0143477	-0.0398773	0.988022	-0.149073	0.00848682	0.149522	0.988722
1.26667	0.999157	0.0385264	-0.0141683	-0.0402061	0.988086	-0.14856	0.008276	0.149005	0.988802
1.3	0.999146	0.0388196	-0.0141211	-0.0404828	0.988186	-0.147813	0.00821619	0.148259	0.988914
1.33333	0.999133	0.0391517	-0.0141589	-0.0408107	0.988284	-0.147068	0.00823509	0.147518	0.989025
1.36667	0.999137	0.0390586	-0.0141451	-0.0407235	0.988164	-0.147895	0.00820106	0.148344	0.988902
1.4	0.999134	0.0390837	-0.01424	-0.040759	0.988223	-0.147492	0.00830772	0.147945	0.988961
1.43333	0.999128	0.0392359	-0.0142543	-0.0409104	0.988238	-0.147352	0.00830519	0.147806	0.988981
1.46667	0.999122	0.0393624	-0.0143681	-0.0410468	0.98833	-0.146695	0.00842618	0.147156	0.989077
1.5	0.999112	0.0396533	-0.0142149	-0.0413138	0.988287	-0.146908	0.00822303	0.147365	0.989048
1.53333	0.999109	0.039823	-0.013966	-0.0414463	0.988257	-0.147075	0.00794502	0.147523	0.989027
1.56667	0.999112	0.0398858	-0.0135672	-0.0414538	0.988174	-0.14763	0.0075184	0.148061	0.98895
1.6	0.999102	0.0402695	-0.0131946	-0.0417779	0.988164	-0.147599	0.00709469	0.148018	0.988959
1.63333	0.999088	0.0407995	-0.0126317	-0.0422155	0.988222	-0.14709	0.0064817	0.147489	0.989042
1.66667	0.99908	0.0410448	-0.0124633	-0.0424359	0.988151	-0.147499	0.00626155	0.147892	0.988984
1.7	0.999068	0.0412853	-0.0126072	-0.0426951	0.988137	-0.14752	0.00636724	0.14792	0.988979
1.73333	0.999044	0.0416684	-0.0132223	-0.0431614	0.988195	-0.146996	0.00694111	0.147426	0.989049
1.76667	0.999029	0.041795	-0.0139447	-0.0433964	0.988121	-0.147427	0.00761733	0.147889	0.988975
1.8	0.999005	0.0420377	-0.0149261	-0.0437789	0.988152	-0.147104	0.00856537	0.147611	0.989008
1.83333	0.998992	0.042147	-0.0154638	-0.0439704	0.988077	-0.147546	0.00906078	0.148077	0.988934
1.86667	0.998958	0.0424844	-0.0166811	-0.0445043	0.987764	-0.149472	0.0101268	0.150059	0.988625
1.9	0.998962	0.0424295	-0.0165438	-0.0444284	0.987782	-0.149377	0.0100037	0.149957	0.988642
1.93333	0.998966	0.0424237	-0.0163429	-0.0443954	0.98774	-0.149665	0.00979317	0.150236	0.988602
1.96667	0.998977	0.0423276	-0.015906	-0.044251	0.987485	-0.151379	0.00929941	0.151928	0.988348
2	0.998988	0.0424643	-0.0148271	-0.0442191	0.987542	-0.151018	0.00822954	0.15152	0.98842
2.03333	0.998961	0.0430898	-0.0148542	-0.0448442	0.987465	-0.151333	0.00814714	0.151842	0.988371
2.06667	0.998933	0.0436156	-0.0152122	-0.0454188	0.987429	-0.151395	0.0084178	0.151925	0.988356
2.1	0.998892	0.0444275	-0.0155495	-0.0462821	0.987222	-0.152484	0.0085763	0.153034	0.988184
2.13333	0.998855	0.0449966	-0.0162594	-0.0469621	0.987042	-0.153436	0.00914459	0.154024	0.988025
2.16667	0.998811	0.0457166	-0.016905	-0.0477667	0.987104	-0.152785	0.00970221	0.153411	0.988115
2.2	0.998772	0.0461445	-0.0180323	-0.0483634	0.987063	-0.152864	0.0107452	0.153548	0.988083
2.23333	0.998755	0.0460206	-0.0192519	-0.0484312	0.987022	-0.153105	0.011956	0.153847	0.988022
2.26667	0.998756	0.0455907	-0.0201775	-0.0481558	0.986953	-0.15364	0.0129097	0.15442	0.987921
2.3	0.998763	0.0450691	-0.0210168	-0.0477794	0.986866	-0.154316	0.0137859	0.155129	0.987798
2.33333	0.998775	0.0446386	-0.0213375	-0.0474085	0.986833	-0.154638	0.0141537	0.155461	0.987741
2.36667	0.998782	0.0445112	-0.0213115	-0.0472763	0.986864	-0.154481	0.0141554	0.1553	0.987766
2.4	0.998797	0.0441001	-0.0214596	-0.0469163	0.98663	-0.15608	0.0142896	0.156899	0.987511
2.43333	0.998796	0.0437497	-0.022174	-0.0466807	0.986658	-0.155973	0.0150544	0.15682	0.987512
2.46667	0.9988	0.0432145	-0.0230598	-0.0462847	0.986738	-0.155584	0.0160305	0.156464	0.987554
2.5	0.998807	0.0421925	-0.0245655	-0.0455126	0.986757	-0.155688	0.0176713	0.15662	0.987501
2.53333	0.998797	0.0413533	-0.0263455	-0.0449466	0.986909	-0.154888	0.0195955	0.155885	0.987581
2.56667	0.998762	0.041084	-0.0280576	-0.0449295	0.987041	-0.154051	0.021365	0.155121	0.987664
2.6	0.998728	0.0408241	-0.0296102	-0.044831	0.987593	-0.150499	0.0230988	0.151635	0.988167
2.63333	0.998722	0.0401967	-0.0306368	-0.0443982	0.987414	-0.1518	0.0241493	0.152967	0.987936
2.66667	0.998719	0.0394871	-0.0316521	-0.0438398	0.987512	-0.151321	0.0252816	0.152515	0.987978
2.7	0.998697	0.0393349	-0.0325119	-0.0437606	0.987859	-0.149059	0.0262539	0.150288	0.988294
2.73333	0.99858	0.04123	-0.0337382	-0.0457925	0.987916	-0.14807	0.0272256	0.149405	0.988401
2.76667	0.998394	0.0446224	-0.0349017	-0.0492347	0.988213	-0.144955	0.028022	0.14644	0.988823
2.8	0.998071	0.0507148	-0.0358111	-0.0551947	0.988918	-0.13782	0.0284248	0.139531	0.98981
2.83333	0.997669	0.0569731	-0.037546	-0.061568	0.988869	-0.135451	0.0294111	0.137447	0.990072
2.86667	0.997199	0.0639926	-0.0387182	-0.068725	0.988223	-0.13672	0.0295132	0.138998	0.989853
2.9	0.996642	0.0717011	-0.0395532	-0.0764543	0.987776	-0.13584	0.0293299	0.138408	0.989941
2.93333	0.996071	0.0791904	-0.0396438	-0.0839222	0.987012	-0.136986	0.0282809	0.139774	0.989779
2.96667	0.995363	0.0876841	-0.039557	-0.0922335	0.986734	-0.133602	0.0273175	0.136631	0.990245
3	0.995052	0.0916463	-0.0383617	-0.0961027	0.985802	-0.137693	0.0251979	0.140699	0.989732
3.03333	0.99467	0.0961932	-0.0371386	-0.100344	0.985907	-0.133856	0.0237392	0.13687	0.990305
3.06667	0.99462	0.097347	-0.0354328	-0.101186	0.986227	-0.130831	0.0222088	0.133712	0.990771
3.1	0.994855	0.0958036	-0.0329288	-0.0992816	0.98668	-0.128866	0.0201444	0.131472	0.991115
3.13333	0.99535	0.091506	-0.0300942	-0.094586	0.987572	-0.125517	0.0182346	0.12778	0.991635
3.16667	0.996029	0.0845039	-0.0280377	-0.0873443	0.98847	-0.123688	0.0172623	0.125646	0.991925
3.2	0.996766	0.0756829	-0.0270006	-0.0784366	0.989382	-0.122355	0.0174537	0.124078	0.992119
3.23333	0.997325	0.0671933	-0.0287609	-0.0701446	0.990498	-0.11829	0.0205394	0.119991	0.992562
3.26667	0.997557	0.0619328	-0.032332	-0.0652089	0.991486	-0.112707	0.0250765	0.11454	0.993102
3.3	0.997515	0.0615741	-0.0342312	-0.0649487	0.991998	-0.108263	0.0272911	0.110217	0.993533
3.33333	0.997254	0.0660363	-0.0335064	-0.0693319	0.991594	-0.109243	0.0260108	0.111266	0.99345
3.36667	0.996733	0.0730631	-0.0344144	-0.0764517	0.990937	-0.11045	0.0260327	0.11272	0.993286
3.4	0.996068	0.0812553	-0.03531	-0.0842903	0.991878	-0.0952576	0.027283	0.0978593	0.994826
3.43333	0.995645	0.085051	-0.0381848	-0.0875824	0.993666	-0.070412	0.0319543	0.0734496	0.996787
3.46667	0.996106	0.0771834	-0.0426192	-0.0798754	0.994646	-0.0655618	0.0373308	0.0687107	0.996938
3.5	0.996933	0.0610212	-0.0490016	-0.0650137	0.9943	-0.0845063	0.0435656	0.0874329	0.995217
3.53333	0.997361	0.0460161	-0.0561532	-0.0515035	0.993598	-0.100547	0.051167	0.103173	0.993346
3.56667	0.99718	0.0382777	-0.0645533	-0.0440735	0.994885	-0.0908908	0.060744	0.0934796	0.993766
3.6	0.996604	0.0345861	-0.0747253	-0.0397105	0.99688	-0.0682151	0.0721329	0.0709509	0.994868
3.63333	0.99586	0.0276655	-0.086589	-0.0320995	0.998221	-0.0502414	0.085045	0.0528128	0.994976
3.66667	0.994949	0.0170497	-0.0989197	-0.0212535	0.998908	-0.0415998	0.0981024	0.0434921	0.994226
3.7	0.993796	0.00565235	-0.111073	-0.00937886	0.999409	-0.0330562	0.110821	0.0338929	0.993262
3.73333	0.992571	-0.00393672	-0.1216	0.00145352	0.999789	-0.0205031	0.121655	0.020174	0.992367
3.76667	0.991351	-0.0114885	-0.130734	0.0102005	0.999893	-0.0105175	0.130841	0.00909296	0.991362
3.8	0.990296	-0.0165733	-0.137979	0.0160257	0.999859	-0.0050789	0.138044	0.0028184	0.990422
3.83333	0.989714	-0.0185312	-0.141857	0.0183025	0.999828	-0.00291719	0.141887	0.000290848	0.989883
3.86667	0.989716	-0.0190084	-0.141775	0.0190371	0.999818	-0.00115401	0.141771	-0.00155684	0.989898
3.9	0.990301	-0.0185402	-0.137699	0.0185489	0.999827	-0.00122035	0.137698	-0.00134565	0.990473
3.93333	0.991381	-0.0168574	-0.129919	0.0165889	0.999857	-0.00314883	0.129953	0.000966485	0.99152
3.96667	0.992769	-0.0130479	-0.119333	0.0124654	0.999906	-0.00562689	0.119395	0.00409867	0.992838
4	0.994289	-0.00639009	-0.106528	0.00535756	0.999936	-0.00997603	0.106585	0.00934833	0.99426
4.03333	0.995665	0.00268191	-0.0929708	-0.00429154	0.999844	-0.0171177	0.0929104	0.0174425	0.995522
4.06667	0.996761	0.0140104	-0.0791908	-0.0160887	0.999541	-0.0256677	0.0787948	0.0268586	0.996529
4.1	0.997573	0.0255834	-0.0647518	-0.0280311	0.998915	-0.0371793	0.0637304	0.0389041	0.997209
4.13333	0.997986	0.0389028	-0.0501065	-0.0409306	0.998357	-0.0401008	0.0484641	0.0420709	0.997939
4.16667	0.998289	0.048251	-0.0330147	-0.0496831	0.997794	-0.0440283	0.0308175	0.0455933	0.998485
4.2	0.998506	0.0528755	-0.0137912	-0.0534966	0.997344	-0.0494191	0.0111415	0.050083	0.998683
4.23333	0.998564	0.0529317	0.00829502	-0.0523866	0.997056	-0.0559928	-0.0112344	0.0554778	0.998397
4.26667	0.998336	0.0500529	0.0286243	-0.0480749	0.996657	-0.0660508	-0.0318347	0.0645648	0.997406
4.3	0.99788	0.0495744	0.0421637	-0.046199	0.995916	-0.0775753	-0.0458372	0.075463	0.996095
4.33333	0.997745	0.0487025	0.0461794	-0.0446895	0.99544	-0.0842739	-0.0500731	0.0820201	0.995372
4.36667	0.997972	0.0471728	0.0427494	-0.0435837	0.995735	-0.0813171	-0.0464031	0.0792889	0.995771
4.4	0.998408	0.0454059	0.033452	-0.0429266	0.996521	-0.0714351	-0.0365792	0.0698854	0.996884
4.43333	0.998898	0.0432063	0.0183461	-0.0420434	0.997335	-0.0596331	-0.0208738	0.058796	0.998052
4.46667	0.999137	0.0414825	-0.00218734	-0.0415398	0.99796	-0.0484833	0.000171669	0.0485323	0.998822
4.5	0.998751	0.0421646	-0.0267915	-0.0430512	0.998514	-0.0334232	0.0253424	0.0345349	0.999082
4.53333	0.997525	0.0464177	-0.0528108	-0.0472188	0.998786	-0.0140235	0.0520957	0.0164825	0.998506
4.56667	0.995298	0.055439	-0.0794313	-0.0549833	0.998456	0.00791457	0.0797474	-0.00350997	0.996809
4.6	0.992234	0.0661801	-0.105321	-0.0638588	0.997639	0.0252651	0.106744	-0.0183432	0.994117
4.63333	0.988656	0.077201	-0.128836	-0.0732744	0.996699	0.0349507	0.131109	-0.0251139	0.99105
4.66667	0.984793	0.0874352	-0.150128	-0.0824226	0.995822	0.0393045	0.152937	-0.0263328	0.987885
4.7	0.980534	0.0976989	-0.170316	-0.0917424	0.994875	0.0425186	0.173597	-0.0260658	0.984472
4.73333	0.976681	0.105895	-0.186762	-0.0997755	0.994128	0.0418962	0.190102	-0.022285	0.981511
4.76667	0.97272	0.114537	-0.201734	-0.107881	0.993202	0.0437224	0.205371	-0.0207664	0.978464
4.8	0.969314	0.122906	-0.212894	-0.115392	0.992188	0.0474144	0.217058	-0.0213932	0.975924
4.83333	0.966612	0.130686	-0.220416	-0.122172	0.991152	0.0518864	0.225247	-0.0232253	0.974025
4.86667	0.964836	0.137024	-0.22431	-0.127865	0.990269	0.0549313	0.229654	-0.0243183	0.972968
4.9	0.964355	0.140871	-0.223997	-0.131745	0.989742	0.055255	0.229483	-0.0237749	0.973022
4.93333	0.965277	0.14167	-0.219477	-0.133474	0.989697	0.0518097	0.224556	-0.0207162	0.974241
4.96667	0.967559	0.13934	-0.210745	-0.13322	0.990152	0.043039	0.214666	-0.0135674	0.976593
5	0.970942	0.133826	-0.198398	-0.130979	0.991005	0.0274643	0.200289	-0.000680216	0.979737
5.03333	0.975177	0.125557	-0.182388	-0.126713	0.991925	0.00534593	0.181586	0.0178978	0.983212
5.06667	0.979738	0.116015	-0.163262	-0.120827	0.992476	-0.0198265	0.159734	0.0391513	0.986383
5.1	0.98413	0.107036	-0.141534	-0.114244	0.992487	-0.0437997	0.135783	0.0592741	0.988964
5.13333	0.988196	0.0987764	-0.117101	-0.107018	0.992044	-0.0663069	0.10962	0.0780562	0.990904
5.16667	0.991619	0.0922863	-0.0904118	-0.100106	0.99124	-0.0861528	0.081669	0.0944816	0.992171
5.2	0.994349	0.0861076	-0.0620951	-0.0922067	0.990381	-0.103168	0.0526143	0.108311	0.992724
5.23333	0.996095	0.0807544	-0.0356763	-0.0844126	0.989541	-0.116975	0.0258569	0.11953	0.992494
5.26667	0.99689	0.0776432	-0.0134877	-0.0787225	0.989019	-0.125079	0.00362806	0.125751	0.992055
5.3	0.997222	0.0744661	0.00154776	-0.0737873	0.990538	-0.115716	-0.01015	0.11528	0.993281
5.33333	0.997769	0.0659775	0.0102456	-0.0647366	0.993516	-0.0934598	-0.0163454	0.0925879	0.99557
5.36667	0.998712	0.0484368	0.0151045	-0.0471198	0.995847	-0.0778948	-0.0188147	0.0770828	0.996847
5.4	0.999609	0.0231733	0.0156341	-0.0218231	0.996425	-0.0816113	-0.0174694	0.0812382	0.996542
5.43333	0.999912	-0.00310465	0.012924	0.00428443	0.995724	-0.0922839	-0.0125822	0.0923311	0.995649
5.46667	0.999737	-0.0224191	0.00491282	0.022765	0.995847	-0.0881519	-0.00291613	0.0882406	0.996095
5.5	0.99954	-0.029113	-0.00851018	0.0284949	0.997449	-0.0654483	0.0103939	0.0651757	0.99782
5.53333	0.999347	-0.0262155	-0.0248495	0.0251932	0.998858	-0.0405971	0.0258854	0.0399446	0.998867
5.56667	0.998914	-0.0193466	-0.0423829	0.0183192	0.999532	-0.0244968	0.042837	0.0236938	0.998801
5.6	0.998234	-0.0126834	-0.0580342	0.0115128	0.999724	-0.0204604	0.0582777	0.0197561	0.998105
5.63333	0.99735	-0.00727135	-0.0723855	0.00560717	0.999716	-0.0231673	0.0725334	0.0227	0.997108
5.66667	0.996392	-0.00390452	-0.0847816	0.00141704	0.999567	-0.0293802	0.0848596	0.0291541	0.995966
5.7	0.995483	-0.00450819	-0.0948323	0.000356188	0.999042	-0.043754	0.0949387	0.0435226	0.994531
5.73333	0.994725	-0.00570547	-0.102416	-0.000267837	0.998304	-0.0582157	0.102574	0.057936	0.993037
5.76667	0.994073	-0.0057846	-0.108558	-0.00180122	0.99757	-0.0696505	0.108697	0.0694332	0.991647
5.8	0.993666	-0.00411995	-0.112299	-0.00493073	0.996767	-0.0801981	0.112266	0.0802438	0.990433
5.83333	0.993402	-0.000105149	-0.114685	-0.0102278	0.995934	-0.0895059	0.114229	0.0900883	0.989361
5.86667	0.993253	0.00826764	-0.115672	-0.0189985	0.99558	-0.0919774	0.1144	0.0935544	0.98902
5.9	0.993006	0.0217788	-0.11604	-0.0317181	0.995918	-0.0845079	0.113726	0.0875974	0.989643
5.93333	0.992684	0.0368721	-0.114972	-0.0458199	0.996041	-0.0761804	0.111707	0.0808911	0.990443
5.96667	0.992538	0.0501387	-0.111154	-0.0583124	0.995731	-0.0715454	0.107092	0.0774932	0.991225
6	0.992981	0.0589608	-0.102533	-0.0664354	0.995256	-0.0710796	0.0978559	0.0773925	0.992187
6.03333	0.99434	0.0610491	-0.0869515	-0.0675119	0.995012	-0.0734336	0.0820348	0.0788883	0.993502
6.06667	0.996373	0.0559786	-0.0640806	-0.0605812	0.995542	-0.0722922	0.0597481	0.0759121	0.995323
6.1	0.998229	0.0465111	-0.0370955	-0.0490042	0.996385	-0.069401	0.0337334	0.0710959	0.996899
6.13333	0.999053	0.0419104	-0.0116512	-0.0426268	0.996624	-0.0701653	0.00867123	0.0705955	0.997467
6.16667	0.999121	0.0409589	0.00893649	-0.0402366	0.996745	-0.0698604	-0.0117688	0.0694394	0.997517
6.2	0.99885	0.0428539	0.0215223	-0.0415114	0.997373	-0.0593661	-0.0240099	0.0584044	0.998004
6.23333	0.998528	0.0472592	0.0266277	-0.0462765	0.998266	-0.0363856	-0.0283011	0.0350998	0.998983
6.26667	0.998427	0.0501408	0.0251042	-0.0498394	0.998679	-0.0124917	-0.0256974	0.0112209	0.999607
6.3	0.998639	0.0493236	0.0169693	-0.0493041	0.998783	-0.00156423	-0.0170258	0.000725446	0.999855
6.33333	0.998934	0.0461144	0.0019784	-0.0460955	0.998899	-0.00872359	-0.0023785	0.00862309	0.99996
6.36667	0.998818	0.0448186	-0.0188278	-0.0452221	0.998744	-0.0215818	0.0178369	0.0224078	0.99959
6.4	0.997718	0.0502918	-0.0450453	-0.0512015	0.998502	-0.0192734	0.0440085	0.0215358	0.998799
6.43333	0.995162	0.0637067	-0.0747955	-0.0636972	0.997966	0.00251416	0.0748035	0.00226227	0.997196
6.46667	0.991215	0.0813101	-0.104319	-0.0784293	0.996424	0.031434	0.106502	-0.0229762	0.994047
6.5	0.985907	0.10127	-0.133161	-0.09383	0.993716	0.0610239	0.138504	-0.0476693	0.989214
6.53333	0.980574	0.116701	-0.157659	-0.105433	0.991358	0.0780651	0.165406	-0.0599262	0.984403
6.56667	0.97569	0.128085	-0.17783	-0.114786	0.9899	0.0832014	0.186691	-0.0607663	0.980538
6.6	0.971416	0.136303	-0.194353	-0.122778	0.989199	0.0800704	0.203168	-0.0539194	0.977658
6.63333	0.967904	0.143031	-0.206649	-0.130096	0.988664	0.0749505	0.215026	-0.0456607	0.97554
6.66667	0.965597	0.14703	-0.214489	-0.13555	0.988478	0.0673668	0.221922	-0.0359753	0.9744
6.7	0.964479	0.148082	-0.218749	-0.138648	0.988645	0.0579555	0.224848	-0.0255678	0.974058
6.73333	0.96465	0.145865	-0.219483	-0.139541	0.989232	0.0441308	0.223557	-0.0119438	0.974618
6.76667	0.965996	0.141393	-0.21647	-0.138795	0.989946	0.0272403	0.218145	0.00373087	0.975909
6.8	0.96835	0.136184	-0.209169	-0.137365	0.99048	0.00894045	0.208395	0.020075	0.977839
6.83333	0.971687	0.130312	-0.197085	-0.135247	0.990743	-0.0117301	0.193732	0.0380531	0.980316
6.86667	0.976006	0.124094	-0.178923	-0.132603	0.990502	-0.0363592	0.172712	0.0592124	0.983191
6.9	0.980901	0.119198	-0.153707	-0.130225	0.989433	-0.0637549	0.144483	0.0825537	0.986058
6.93333	0.985752	0.112105	-0.1254	-0.123902	0.988151	-0.0905908	0.113758	0.104837	0.987962
6.96667	0.989479	0.107813	-0.0964718	-0.118845	0.985989	-0.117051	0.0825006	0.127284	0.988429
7	0.991961	0.105581	-0.0697541	-0.113847	0.985258	-0.127696	0.0552436	0.13461	0.989357
7.03333	0.993562	0.101674	-0.049974	-0.106848	0.987602	-0.115	0.037662	0.119599	0.992108
7.06667	0.995512	0.087815	-0.035271	-0.0909019	0.990987	-0.0983903	0.026313	0.101155	0.994523
7.1	0.997683	0.0624759	-0.0269333	-0.0647716	0.993362	-0.0950623	0.0208154	0.0965865	0.995107
7.13333	0.999223	0.0307997	-0.0245941	-0.0332574	0.993732	-0.106731	0.0211526	0.107466	0.993984
7.16667	0.999609	0.00205503	-0.0278878	-0.00515161	0.99376	-0.111425	0.0274848	0.111525	0.993381
7.2	0.999162	-0.0162189	-0.0375881	0.0128195	0.995951	-0.0889774	0.038879	0.0884209	0.995324
7.23333	0.998365	-0.0232017	-0.05224	0.0209094	0.998812	-0.0440072	0.053199	0.0428429	0.997664
7.26667	0.997376	-0.0256563	-0.0676924	0.0255894	0.999671	-0.00185578	0.0677177	0.00011871	0.997705
7.3	0.996261	-0.02732	-0.0819635	0.029561	0.999218	0.0262534	0.0811822	-0.0285781	0.996289
7.33333	0.995178	-0.0295442	-0.0935311	0.0330559	0.998797	0.0362219	0.0923484	-0.0391389	0.994957
7.36667	0.994181	-0.0307349	-0.103241	0.0344099	0.998829	0.0340054	0.102075	-0.0373601	0.994075
7.4	0.99344	-0.0301628	-0.110305	0.0331308	0.999134	0.0251731	0.10945	-0.0286625	0.993579
7.43333	0.993003	-0.0275084	-0.114844	0.0291783	0.999491	0.0128846	0.114431	-0.0161454	0.9933
7.46667	0.992846	-0.021759	-0.117399	0.0219263	0.99976	0.000133982	0.117368	-0.00270716	0.993085
7.5	0.993037	-0.0128785	-0.117101	0.0114951	0.999856	-0.0124812	0.117244	0.0110482	0.993042
7.53333	0.993242	-0.00256029	-0.116036	-0.000484943	0.999656	-0.026208	0.116063	0.0260871	0.992899
7.56667	0.993615	0.00864052	-0.112496	-0.0134694	0.999017	-0.0422356	0.112021	0.0434811	0.992754
7.6	0.993975	0.0202273	-0.107729	-0.0265809	0.99797	-0.0578718	0.10634	0.0603867	0.992495
7.63333	0.9944	0.031228	-0.100961	-0.0385507	0.996702	-0.0714122	0.0983982	0.0749044	0.992324
7.66667	0.994695	0.0411143	-0.0942948	-0.0488548	0.995491	-0.0813057	0.0905269	0.0854812	0.992219
7.7	0.995251	0.0482083	-0.0845709	-0.0558943	0.994281	-0.0910038	0.0797001	0.0952986	0.992253
7.73333	0.996135	0.0507343	-0.0716981	-0.0577023	0.993441	-0.0987161	0.0662195	0.102472	0.992529
7.76667	0.997241	0.0488585	-0.0558874	-0.0544107	0.993236	-0.102573	0.0504978	0.105331	0.993154
7.8	0.997912	0.0495261	-0.0414569	-0.0536635	0.992971	-0.105494	0.0359408	0.107498	0.993555
7.83333	0.99812	0.052269	-0.0320189	-0.0554329	0.992653	-0.10755	0.0261622	0.109123	0.993684
7.86667	0.998004	0.0564563	-0.0282975	-0.0590636	0.993045	-0.101847	0.0223508	0.103315	0.994398
7.9	0.997698	0.0611696	-0.0292718	-0.0634394	0.994427	-0.0842016	0.0239581	0.0858647	0.996019
7.93333	0.997306	0.0646279	-0.0346961	-0.066638	0.995954	-0.0602954	0.0306589	0.0624451	0.997577
7.96667	0.99694	0.0645585	-0.0440747	-0.0663091	0.997018	-0.0394832	0.0413943	0.042285	0.998248
8	0.996399	0.0631127	-0.0566278	-0.0646564	0.997573	-0.0258529	0.0548587	0.0294212	0.998061
8.03333	0.995539	0.062621	-0.0705786	-0.0640443	0.997783	-0.0180858	0.0692895	0.0225253	0.997342
8.06667	0.994214	0.0653905	-0.0852181	-0.066534	0.997727	-0.010645	0.0843284	0.0162533	0.996305
8.1	0.992275	0.0721838	-0.100893	-0.0724885	0.997369	0.000647477	0.100675	0.00667113	0.994897
8.13333	0.989767	0.081533	-0.117108	-0.0802423	0.996652	0.0157026	0.117996	-0.00614488	0.992995
8.16667	0.986857	0.0928832	-0.132236	-0.0891788	0.995446	0.0336788	0.134762	-0.0214435	0.990646
8.2	0.984132	0.103057	-0.144444	-0.097235	0.994159	0.0468228	0.148426	-0.0320348	0.988405
8.23333	0.981649	0.111527	-0.154685	-0.104336	0.993082	0.0538769	0.159623	-0.0367491	0.986494
8.26667	0.979547	0.117938	-0.163027	-0.110411	0.99239	0.0545148	0.168216	-0.0353997	0.985114
8.3	0.978034	0.122124	-0.168923	-0.114964	0.99203	0.0515733	0.173875	-0.0310203	0.984279
8.33333	0.97709	0.124377	-0.172698	-0.117932	0.991902	0.0471344	0.177162	-0.025688	0.983846
8.36667	0.976886	0.123928	-0.174169	-0.118385	0.992083	0.041899	0.177983	-0.0203115	0.983824
8.4	0.977336	0.122173	-0.172881	-0.117915	0.992416	0.0347311	0.175813	-0.0135588	0.98433
8.43333	0.97832	0.118583	-0.169788	-0.116062	0.992934	0.024731	0.171521	-0.00448886	0.98517
8.46667	0.979917	0.114416	-0.163316	-0.113772	0.993418	0.0133221	0.163765	0.00552615	0.986484
8.5	0.982049	0.109818	-0.15336	-0.111033	0.993817	0.00064556	0.152482	0.016394	0.98817
8.53333	0.984598	0.106062	-0.138985	-0.109215	0.993901	-0.0152351	0.136522	0.0301798	0.990177
8.56667	0.987411	0.104183	-0.119022	-0.108969	0.993449	-0.0344177	0.114656	0.0469541	0.992295
8.6	0.990123	0.103192	-0.094912	-0.108688	0.992571	-0.0546776	0.0885646	0.0644534	0.993983
8.63333	0.992008	0.102298	-0.073861	-0.107746	0.991422	-0.0739872	0.0656587	0.0813541	0.99452
8.66667	0.99313	0.10357	-0.0544606	-0.108003	0.990427	-0.0859689	0.0450354	0.0912602	0.994808
8.7	0.994161	0.100591	-0.0390531	-0.103554	0.991138	-0.0831995	0.0303378	0.0867578	0.995767
8.73333	0.995832	0.0867144	-0.0282537	-0.0886137	0.993248	-0.0748766	0.02157	0.0770682	0.996792
8.76667	0.998071	0.0582069	-0.0215762	-0.0598008	0.994788	-0.0825905	0.0166564	0.0837215	0.99635
8.8	0.999535	0.02307	-0.0199495	-0.0250241	0.994262	-0.104005	0.0174357	0.104455	0.994377
8.83333	0.99972	-0.00685461	-0.0226306	0.00423758	0.993503	-0.113726	0.0232631	0.113598	0.993254
8.86667	0.999262	-0.024833	-0.0292939	0.0220173	0.99544	-0.09281	0.0314651	0.0920965	0.995253
8.9	0.998747	-0.0316224	-0.0387976	0.0296931	0.998341	-0.0493344	0.0402933	0.0481206	0.998028
8.93333	0.99834	-0.0311853	-0.0484321	0.0309115	0.999502	-0.00639289	0.0486074	0.00488516	0.998806
8.96667	0.997989	-0.0290565	-0.056343	0.0302556	0.999331	0.0205478	0.0557082	-0.0222111	0.9982
9	0.997749	-0.0270624	-0.0613485	0.0289949	0.999104	0.0308334	0.0604591	-0.0325428	0.99764
9.03333	0.997649	-0.0266022	-0.0631573	0.0282888	0.999263	0.0259631	0.0624201	-0.0276887	0.997666
9.06667	0.997655	-0.0275336	-0.0626627	0.0284966	0.999488	0.0145261	0.0622307	-0.0162777	0.997929
9.1	0.997856	-0.0256151	-0.0602309	0.0258041	0.999664	0.00236063	0.0601502	-0.00390977	0.998182
9.13333	0.998156	-0.0209382	-0.0569713	0.0204107	0.999743	-0.00982619	0.0571624	0.00864525	0.998327
9.16667	0.998473	-0.0122131	-0.0538731	0.0110184	0.999688	-0.0224181	0.0541301	0.0217903	0.998296
9.2	0.998693	-0.00113286	-0.0510902	-0.000791683	0.999291	-0.0376335	0.0510966	0.0376248	0.997985
9.23333	0.998762	0.0113915	-0.0484123	-0.0137682	0.998702	-0.0490461	0.0477907	0.0496519	0.997623
9.26667	0.99863	0.0238936	-0.0465469	-0.0264997	0.998068	-0.0562003	0.0451141	0.0573568	0.997334
9.3	0.998374	0.034789	-0.0451554	-0.0375019	0.997452	-0.0606914	0.042929	0.0622862	0.997135
9.33333	0.998159	0.0427596	-0.043022	-0.0455246	0.996814	-0.0654872	0.0400848	0.0673251	0.996926
9.36667	0.998147	0.0469111	-0.0387581	-0.0495199	0.996363	-0.0693439	0.0353642	0.0711347	0.99684
9.4	0.998479	0.0457241	-0.0308085	-0.0479293	0.996022	-0.0751175	0.0272513	0.0764799	0.996699
9.43333	0.998694	0.0449212	-0.0243399	-0.0468389	0.995281	-0.0849845	0.0204074	0.0860136	0.996085
9.46667	0.998668	0.0463299	-0.0227055	-0.048356	0.993934	-0.098773	0.0179916	0.0997393	0.994851
9.5	0.998412	0.0497803	-0.0263613	-0.0525019	0.991943	-0.115295	0.0204095	0.116496	0.992981
9.53333	0.9979	0.053504	-0.0365221	-0.0579104	0.989454	-0.13277	0.0290332	0.134606	0.990474
9.56667	0.997008	0.0572182	-0.0519684	-0.0641374	0.987633	-0.143067	0.0431397	0.145972	0.988348
9.6	0.995618	0.0608419	-0.0710186	-0.0703845	0.987548	-0.140691	0.0615744	0.145073	0.987503
9.63333	0.993533	0.0654015	-0.0928189	-0.076917	0.988984	-0.126467	0.0835252	0.132789	0.987619
9.66667	0.990746	0.0686851	-0.11707	-0.081643	0.990601	-0.109746	0.108432	0.118288	0.987041
9.7	0.98751	0.069323	-0.141487	-0.0835204	0.991774	-0.0970024	0.133598	0.107608	0.985176
9.73333	0.983848	0.0701341	-0.164696	-0.0851441	0.992658	-0.0859141	0.157461	0.0985493	0.982596
9.76667	0.979905	0.0735107	-0.185422	-0.0881143	0.993521	-0.0717782	0.178944	0.0866742	0.980034
9.8	0.975477	0.0822882	-0.204139	-0.0940486	0.994382	-0.0485765	0.198995	0.0665842	0.977736
9.83333	0.971349	0.0914608	-0.219352	-0.0997045	0.994656	-0.0267871	0.21573	0.04789	0.975278
9.86667	0.967704	0.0984179	-0.232085	-0.103613	0.994565	-0.0102719	0.229812	0.0339872	0.972641
9.9	0.965045	0.101838	-0.24149	-0.105254	0.994445	-0.00125357	0.240021	0.0266277	0.970402
9.93333	0.963355	0.102533	-0.247861	-0.105383	0.99443	0.00178018	0.246663	0.0244053	0.968794
9.96667	0.962689	0.102947	-0.250262	-0.105373	0.994426	0.00372391	0.249251	0.022786	0.968171
10	0.96304	0.103651	-0.248618	-0.105379	0.994412	0.00638473	0.24789	0.0200503	0.968581
10.0333	0.96426	0.105062	-0.243236	-0.105493	0.994356	0.0112916	0.243049	0.0147716	0.969901
10.0667	0.966367	0.105685	-0.234445	-0.104659	0.994365	0.0168514	0.234905	0.00825215	0.971983
10.1	0.969086	0.10439	-0.223549	-0.102493	0.994531	0.0201062	0.224425	0.00342751	0.974485
10.1333	0.972279	0.101051	-0.210859	-0.0993727	0.994877	0.0185678	0.211655	0.00290047	0.97734
10.1667	0.97595	0.0982125	-0.194615	-0.0977574	0.995138	0.0119654	0.194844	0.00734747	0.980807
10.2	0.980178	0.0954344	-0.173617	-0.0969416	0.99529	-0.000202412	0.17278	0.0170291	0.984813
10.2333	0.985111	0.0923424	-0.145012	-0.0962032	0.995164	-0.0198256	0.14248	0.033481	0.989231
10.2667	0.990073	0.0901924	-0.107803	-0.0956195	0.994342	-0.0462714	0.103019	0.0561201	0.993095
10.3	0.993619	0.0867723	-0.0720583	-0.0927456	0.992126	-0.0841633	0.0641879	0.0903094	0.993843
10.3333	0.995821	0.0827205	-0.0387062	-0.0870667	0.987828	-0.128898	0.0275725	0.13173	0.990902
10.3667	0.997089	0.0745983	-0.0157613	-0.0761357	0.985226	-0.153408	0.00408449	0.154161	0.988037
10.4	0.998506	0.0543572	-0.00551844	-0.054531	0.985206	-0.162467	-0.00339443	0.162525	0.986699
10.4333	0.999729	0.0230165	-0.00344039	-0.0232636	0.984382	-0.1745	-0.000629712	0.174533	0.984651
10.4667	0.999887	-0.0118337	-0.00931276	0.00977196	0.980428	-0.196637	0.0114574	0.196524	0.980432
10.5	0.998992	-0.0389903	-0.0222309	0.033608	0.978128	-0.205271	0.0297482	0.204317	0.978453
10.5333	0.997866	-0.0513164	-0.0403787	0.043305	0.982902	-0.178966	0.0488721	0.176835	0.983026
10.5667	0.997087	-0.0442368	-0.0621303	0.0367919	0.992539	-0.11624	0.0668088	0.113616	0.991276
10.6	0.996171	-0.0293585	-0.0823541	0.0251242	0.998332	-0.0519895	0.083743	0.0497213	0.995246
10.6333	0.995146	-0.0153341	-0.0972072	0.0141295	0.999815	-0.013068	0.0973896	0.0116311	0.995178
10.6667	0.994234	-0.00779957	-0.106952	0.00708673	0.99995	-0.00704349	0.107002	0.00624494	0.994239
10.7	0.993752	-0.003867	-0.111548	0.00146655	0.999766	-0.0215935	0.111605	0.021295	0.993524
10.7333	0.993799	0.00142143	-0.111185	-0.00593432	0.999171	-0.0402685	0.111036	0.0406786	0.992984
10.7667	0.994328	0.0104166	-0.105846	-0.0167284	0.998123	-0.0589202	0.105034	0.0603567	0.992635
10.8	0.994954	0.021858	-0.0979239	-0.0293412	0.996703	-0.0756426	0.0959477	0.0781341	0.992315
10.8333	0.995524	0.03358	-0.088344	-0.041565	0.99506	-0.0901569	0.0848801	0.0934254	0.992002
10.8667	0.996065	0.0456638	-0.0759514	-0.0533903	0.993245	-0.103026	0.0707338	0.106676	0.991775
10.9	0.99663	0.0551486	-0.0607272	-0.061812	0.99156	-0.113961	0.0539299	0.11733	0.991628
10.9333	0.997382	0.0596336	-0.0409042	-0.0641444	0.990739	-0.119675	0.0333888	0.121985	0.99197
10.9667	0.998046	0.0595372	-0.0189757	-0.0613162	0.991617	-0.113738	0.012045	0.114679	0.99333
