0	0	1	0	0	0	-1	-1	0	0
0.0333333	0.99876	-0.0189848	-0.046029	0.0117963	0.988358	-0.15169	0.048373	0.150959	0.987356
0.0666667	0.999164	-0.0032134	-0.0407626	-0.00196704	0.991975	-0.126415	0.0408417	0.12639	0.99114
0.1	0.999345	0.00941888	-0.0349346	-0.0125469	0.995824	-0.0904306	0.0339369	0.0908097	0.99529
0.133333	0.999433	0.0168777	-0.0291177	-0.0186281	0.997968	-0.0609303	0.0280302	0.0614382	0.997717
0.166667	0.999398	0.0240787	-0.0249959	-0.0248557	0.999202	-0.0312533	0.0242234	0.0318558	0.999199
0.2	0.999374	0.0284176	-0.0210836	-0.0286156	0.999549	-0.00915366	0.0208139	0.00975124	0.999736
0.233333	0.999345	0.0316709	-0.017519	-0.0314895	0.999449	0.0105333	0.0178429	-0.00997472	0.999791
0.266667	0.999325	0.0339325	-0.0140894	-0.0335335	0.999055	0.0276474	0.0150142	-0.0271563	0.999518
0.3	0.999267	0.0367644	-0.0106739	-0.0363198	0.99857	0.0392156	0.0121003	-0.0387992	0.999174
0.333333	0.999272	0.0373854	-0.00755465	-0.0369683	0.998097	0.0493533	0.00938537	-0.0490381	0.998753
0.366667	0.999259	0.0382025	-0.00472997	-0.0378654	0.997606	0.0578675	0.00692933	-0.0576455	0.998313
0.4	0.999182	0.040353	-0.00252692	-0.0401058	0.997105	0.0645968	0.00512628	-0.0644427	0.997908
0.433333	0.99914	0.0414477	-0.000765295	-0.0412918	0.996677	0.0702102	0.0036728	-0.0701183	0.997532
0.466667	0.999088	0.042708	0.000328133	-0.0426171	0.996398	0.0733113	0.00280403	-0.0732584	0.997309
0.5	0.999042	0.0437485	0.000441382	-0.0436601	0.996275	0.0743678	0.00281374	-0.0743158	0.997231
0.533333	0.998999	0.0447229	0.000246546	-0.0446194	0.996279	0.0737357	0.00305205	-0.0736729	0.997278
0.566667	0.998919	0.0464794	-0.000499841	-0.0463169	0.996218	0.0735145	0.00391486	-0.0734119	0.997294
0.6	0.998876	0.0473783	-0.00168181	-0.0471347	0.996294	0.0719533	0.0050846	-0.0717932	0.997407
0.633333	0.998855	0.047757	-0.00298128	-0.0474241	0.996335	0.0711808	0.00636973	-0.0709579	0.997459
0.666667	0.998812	0.0485218	-0.00443888	-0.0480973	0.996426	0.0694427	0.0077925	-0.0691467	0.997576
0.7	0.998778	0.0490466	-0.00609278	-0.0485275	0.996558	0.0672137	0.00936841	-0.0668359	0.99772
0.733333	0.998784	0.0487471	-0.00742397	-0.0481465	0.996618	0.0665854	0.0106447	-0.0661469	0.997753
0.766667	0.998735	0.0495726	-0.00842944	-0.0489137	0.996638	0.0657338	0.0116597	-0.0652383	0.997802
0.8	0.99874	0.0493449	-0.00915558	-0.0486479	0.996697	0.0650245	0.012334	-0.0644971	0.997842
0.833333	0.998784	0.0483761	-0.00953176	-0.0476417	0.996668	0.0662107	0.012703	-0.0656761	0.99776
0.866667	0.998803	0.0479085	-0.00989824	-0.0471593	0.996732	0.065585	0.013008	-0.0650397	0.997798
0.9	0.998824	0.0474422	-0.00996871	-0.0466968	0.996791	0.0650093	0.0130209	-0.0644673	0.997835
0.933333	0.998877	0.0464005	-0.00960937	-0.0456769	0.996821	0.0652876	0.0126082	-0.0647753	0.99782
0.966667	0.998951	0.0449091	-0.0089182	-0.0442104	0.996758	0.0672214	0.0119081	-0.0667567	0.997698
1	0.998966	0.0447206	-0.00816737	-0.0440623	0.996703	0.0681285	0.0111872	-0.0676982	0.997643
1.03333	0.999066	0.0425407	-0.00756907	-0.0419232	0.996765	0.0685724	0.0104617	-0.068191	0.997617
1.06667	0.999088	0.0421944	-0.00655491	-0.0416522	0.996815	0.0680091	0.00940364	-0.0676741	0.997663
1.1	0.999149	0.0408812	-0.00556464	-0.0404041	0.996826	0.0685985	0.00835136	-0.0683153	0.997629
1.13333	0.99918	0.0402453	-0.00450162	-0.0398351	0.99678	0.069595	0.00728799	-0.0693586	0.997565
1.16667	0.999202	0.0397679	-0.00380074	-0.0394082	0.996804	0.0694868	0.00655194	-0.0692816	0.997576
1.2	0.999247	0.0386554	-0.00332883	-0.0383333	0.996872	0.0691145	0.00599006	-0.0689349	0.997603
1.23333	0.999293	0.0374761	-0.00310304	-0.037178	0.996984	0.0681165	0.00564643	-0.067953	0.997673
1.26667	0.999311	0.036997	-0.00284225	-0.036719	0.997016	0.0678963	0.00534573	-0.0677451	0.997688
1.3	0.999331	0.0364682	-0.00291198	-0.0361852	0.997017	0.0681733	0.00538945	-0.0680223	0.997669
1.33333	0.999344	0.0360808	-0.00310598	-0.0357818	0.996987	0.0688245	0.00557987	-0.0686682	0.997624
1.36667	0.999379	0.0350604	-0.00341975	-0.0347399	0.996995	0.0692328	0.00583681	-0.069071	0.997595
1.4	0.999389	0.0347715	-0.00360406	-0.0344371	0.996985	0.0695326	0.00601094	-0.069366	0.997573
1.43333	0.999397	0.0345387	-0.00364476	-0.0341991	0.996958	0.0700305	0.00605244	-0.0698636	0.997538
1.46667	0.999401	0.0343976	-0.00386076	-0.0340509	0.99705	0.0687914	0.00621562	-0.0686187	0.997624
1.5	0.999412	0.0340868	-0.00381225	-0.0337446	0.997065	0.0687262	0.00614372	-0.0685571	0.997628
1.53333	0.999419	0.0338751	-0.00363837	-0.0335402	0.997013	0.069572	0.00598426	-0.0694096	0.99757
1.56667	0.999428	0.033646	-0.00344673	-0.0333225	0.996989	0.0700157	0.0057921	-0.0698608	0.99754
1.6	0.99943	0.0335874	-0.00330534	-0.0332732	0.996983	0.0701282	0.00565079	-0.0699783	0.997533
1.63333	0.999417	0.034	-0.00302091	-0.0337061	0.996987	0.0698687	0.00538734	-0.0697262	0.997552
1.66667	0.999426	0.0337754	-0.0027464	-0.0335065	0.997065	0.0688382	0.00506338	-0.0687066	0.997624
1.7	0.999425	0.0338079	-0.00267723	-0.0335467	0.997107	0.0682091	0.00497549	-0.06808	0.997667
1.73333	0.999413	0.0341363	-0.00272535	-0.0338707	0.997089	0.0683056	0.00504912	-0.0681732	0.997661
1.76667	0.99942	0.0339391	-0.00277843	-0.0336657	0.997034	0.0692023	0.00511886	-0.0690686	0.997599
1.8	0.999414	0.0341187	-0.00275408	-0.0338393	0.99693	0.0706145	0.0051549	-0.07048	0.9975
1.83333	0.999415	0.0340558	-0.00308798	-0.0337469	0.996854	0.0717201	0.00552075	-0.0715739	0.99742
1.86667	0.999418	0.0338732	-0.00401624	-0.0335093	0.996983	0.0700148	0.00637575	-0.0698394	0.997538
1.9	0.999425	0.0335623	-0.00484713	-0.0331458	0.997041	0.0693655	0.00716085	-0.069165	0.99758
1.93333	0.999436	0.0331254	-0.00559995	-0.0326639	0.997109	0.0686024	0.00785625	-0.0683808	0.997628
1.96667	0.999458	0.0324349	-0.00561647	-0.0319803	0.997188	0.0677784	0.00779906	-0.0675621	0.997685
2	0.999468	0.032047	-0.00601601	-0.0315646	0.997187	0.0679868	0.00817786	-0.0677608	0.997668
2.03333	0.999494	0.0311913	-0.0062013	-0.030703	0.997251	0.0674305	0.0082875	-0.067206	0.997705
2.06667	0.999498	0.0311173	-0.00592827	-0.0306506	0.99728	0.0670319	0.007998	-0.0668166	0.997733
2.1	0.999456	0.0325655	-0.00521384	-0.0321404	0.997206	0.06744	0.00739549	-0.0672358	0.99771
2.13333	0.999435	0.0332995	-0.00466387	-0.0329114	0.997198	0.0671826	0.00688795	-0.0669912	0.99773
2.16667	0.999422	0.0337864	-0.00363745	-0.0334657	0.997175	0.0672505	0.00589933	-0.0670899	0.997729
2.2	0.999417	0.0340388	-0.00281149	-0.0337811	0.997271	0.0656419	0.00503819	-0.0655086	0.997839
2.23333	0.999393	0.0348067	-0.00174009	-0.034619	0.997266	0.0652873	0.00400777	-0.0651874	0.997865
2.26667	0.999337	0.0364062	-0.000552827	-0.0362864	0.99707	0.067334	0.00300258	-0.0672692	0.99773
2.3	0.999303	0.0373403	-8.22087e-05	-0.0372487	0.997002	0.0678179	0.0026143	-0.0677675	0.997698
2.33333	0.999273	0.0381328	-0.000107256	-0.0380362	0.996934	0.0683859	0.00271467	-0.0683321	0.997659
2.36667	0.999228	0.0392768	-0.000970628	-0.0391267	0.997044	0.0661186	0.00356469	-0.0660296	0.997811
2.4	0.999181	0.0404329	-0.00173446	-0.040233	0.997047	0.0654129	0.00437416	-0.0652895	0.997857
2.43333	0.999132	0.0415003	-0.00347165	-0.0411979	0.997145	0.063275	0.00608767	-0.0630771	0.99799
2.46667	0.999073	0.0427515	-0.0050957	-0.0423759	0.997348	0.0591793	0.00761219	-0.0589085	0.998234
2.5	0.999005	0.0441158	-0.00660771	-0.0436916	0.997558	0.0544823	0.0089951	-0.0541393	0.998493
2.53333	0.998924	0.0456823	-0.00801721	-0.0452259	0.997723	0.0500254	0.0102842	-0.0496089	0.998716
2.56667	0.998848	0.0471689	-0.00882988	-0.0466951	0.997764	0.0478138	0.0110655	-0.0473464	0.998817
2.6	0.998787	0.0482894	-0.00965109	-0.0477957	0.997792	0.0461165	0.0118567	-0.0455993	0.998889
2.63333	0.998708	0.0497083	-0.0105702	-0.0491996	0.997824	0.0439041	0.0127296	-0.0433273	0.99898
2.66667	0.998598	0.0516538	-0.0115699	-0.0511718	0.997941	0.0386737	0.0135437	-0.0380274	0.999185
2.7	0.998454	0.0542951	-0.0119199	-0.0539024	0.998061	0.0311101	0.0135859	-0.0304195	0.999445
2.73333	0.998213	0.058523	-0.0120655	-0.0582344	0.998037	0.0230263	0.0133894	-0.0222825	0.999662
2.76667	0.997914	0.0634467	-0.0119329	-0.0632821	0.997902	0.0136986	0.012777	-0.0129149	0.999835
2.8	0.997539	0.0690756	-0.0120552	-0.0690525	0.99761	0.00232089	0.0121867	-0.00148273	0.999925
2.83333	0.997185	0.0740842	-0.0115716	-0.0742277	0.997163	-0.0125099	0.010612	0.0133336	0.999855
2.86667	0.996708	0.0799959	-0.0131594	-0.0803315	0.996393	-0.0273376	0.0109251	0.0283047	0.99954
2.9	0.99618	0.0859077	-0.0156634	-0.0864799	0.99543	-0.0405036	0.0121122	0.0417034	0.999057
2.93333	0.995674	0.0910436	-0.0185815	-0.0918561	0.994569	-0.0489483	0.0140242	0.0504433	0.998628
2.96667	0.995223	0.0950639	-0.0222352	-0.0961955	0.993726	-0.0570465	0.0166726	0.0589129	0.998124
3	0.994942	0.0968582	-0.0266199	-0.0984519	0.992879	-0.0670722	0.0199338	0.0693537	0.997393
3.03333	0.994809	0.0972849	-0.0298487	-0.0992416	0.99237	-0.0731647	0.0225032	0.0757471	0.996873
3.06667	0.994934	0.0959534	-0.0299977	-0.0979922	0.99227	-0.0761387	0.02246	0.0786925	0.996646
3.1	0.995323	0.0927369	-0.0270546	-0.0945096	0.992773	-0.0739578	0.0200005	0.0761688	0.996894
3.13333	0.995964	0.0869413	-0.0223041	-0.0882878	0.993708	-0.0689212	0.0161717	0.0706122	0.997373
3.16667	0.996735	0.0788134	-0.017517	-0.0797263	0.995034	-0.0595982	0.0127328	0.0608002	0.998069
3.2	0.997459	0.0700409	-0.013015	-0.0706261	0.996153	-0.0518795	0.00933121	0.0526669	0.998569
3.23333	0.998062	0.0613278	-0.0105613	-0.0617541	0.997013	-0.0463755	0.00768561	0.0469378	0.998868
3.26667	0.998471	0.054672	-0.00811132	-0.0549735	0.997546	-0.0433562	0.00572105	0.0437358	0.999027
3.3	0.998501	0.0546755	-0.00247379	-0.0547308	0.997688	-0.0402908	0.000265149	0.0403658	0.999185
3.33333	0.998174	0.0597282	0.00905921	-0.059362	0.997573	-0.0363892	-0.0112107	0.035785	0.999297
3.36667	0.998011	0.0601424	0.0189175	-0.0597538	0.998003	-0.020476	-0.0201112	0.0193049	0.999611
3.4	0.997929	0.0600729	0.0229869	-0.0599862	0.998189	-0.00444282	-0.0232122	0.00305472	0.999726
3.43333	0.998111	0.0584662	0.018877	-0.0582768	0.998246	-0.0104346	-0.019454	0.00931479	0.999767
3.46667	0.998329	0.0567778	0.0107413	-0.056445	0.997982	-0.0290914	-0.0123713	0.0284365	0.999519
3.5	0.998386	0.0567378	0.00241504	-0.0565752	0.997413	-0.0443378	-0.00492442	0.0441296	0.999014
3.53333	0.998256	0.0587035	-0.00623654	-0.0589357	0.997109	-0.0479697	0.00340252	0.0482536	0.998829
3.56667	0.998095	0.0590885	-0.0177206	-0.0598396	0.997176	-0.0453726	0.0149896	0.0463466	0.998813
3.6	0.99801	0.0547778	-0.0312374	-0.056252	0.99724	-0.0484508	0.0284972	0.0501116	0.998337
3.63333	0.997866	0.0467634	-0.0455616	-0.0494469	0.996993	-0.0596681	0.0426343	0.0617936	0.997178
3.66667	0.997552	0.0371854	-0.0592274	-0.0413651	0.996619	-0.0709836	0.0563876	0.0732597	0.995718
3.7	0.996995	0.0284246	-0.0720568	-0.0338532	0.996588	-0.0752721	0.0696714	0.0774853	0.994556
3.73333	0.996352	0.0209044	-0.0827362	-0.0271651	0.996792	-0.0752831	0.080897	0.077256	0.993724
3.76667	0.995644	0.0151451	-0.0920011	-0.021979	0.997036	-0.0737279	0.0906119	0.0754288	0.993026
3.8	0.994954	0.0106345	-0.099771	-0.017869	0.997252	-0.0718996	0.0987322	0.0733195	0.992409
3.83333	0.994365	0.00844098	-0.105677	-0.0159225	0.997409	-0.0701541	0.104811	0.0714414	0.991923
3.86667	0.994001	0.00691445	-0.109153	-0.0143314	0.997629	-0.0673126	0.108429	0.0684731	0.991743
3.9	0.993798	0.00594797	-0.111039	-0.0131105	0.997871	-0.0638861	0.110423	0.0649456	0.99176
3.93333	0.993741	0.00608569	-0.111546	-0.0128244	0.998128	-0.0597948	0.110973	0.060851	0.991959
3.96667	0.993692	0.00628913	-0.111965	-0.0125644	0.998384	-0.0554293	0.111436	0.0564864	0.992165
4	0.993677	0.00735835	-0.112037	-0.0132503	0.998563	-0.0519359	0.111494	0.053092	0.992346
4.03333	0.993536	0.00790823	-0.113238	-0.0139494	0.998515	-0.0526567	0.112653	0.0538959	0.992172
4.06667	0.993291	0.00758641	-0.115389	-0.0144201	0.998183	-0.0585044	0.114735	0.0597758	0.991596
4.1	0.992963	0.00705039	-0.118216	-0.014922	0.997719	-0.0658345	0.117483	0.0671353	0.990803
4.13333	0.992791	0.00623218	-0.119694	-0.014612	0.997492	-0.0692611	0.118962	0.0705107	0.990392
4.16667	0.992925	0.00638732	-0.118567	-0.0144932	0.997605	-0.0676298	0.117851	0.0688698	0.99064
4.2	0.993407	0.00668579	-0.114448	-0.0137638	0.998033	-0.0611671	0.113814	0.062339	0.991544
4.23333	0.994353	0.0078179	-0.105836	-0.0131829	0.998658	-0.0500872	0.105302	0.0511996	0.993121
4.26667	0.995531	0.00738322	-0.0941499	-0.0109145	0.999254	-0.0370475	0.0938062	0.0379095	0.994868
4.3	0.996552	0.00746303	-0.0826371	-0.00952147	0.999653	-0.0245433	0.0824253	0.0252455	0.996277
4.33333	0.997442	0.00776751	-0.0710553	-0.00936328	0.999711	-0.0221526	0.0708627	0.0227613	0.997226
4.36667	0.998162	0.0127268	-0.0592435	-0.0141762	0.999609	-0.024109	0.0589134	0.0249045	0.997952
4.4	0.998558	0.0245582	-0.0477433	-0.0253325	0.999556	-0.0156811	0.047337	0.016868	0.998737
4.43333	0.998491	0.039088	-0.0385698	-0.039044	0.999236	0.00189435	0.0386144	-0.000385578	0.999254
4.46667	0.998131	0.0511866	-0.0333963	-0.0508304	0.998642	0.0114312	0.0339361	-0.00971226	0.999377
4.5	0.997637	0.0600432	-0.0334025	-0.0599859	0.998196	0.00271326	0.0335052	-0.000703167	0.999438
4.53333	0.996962	0.068068	-0.0378625	-0.0686244	0.99755	-0.0135927	0.0368445	0.0161497	0.999191
4.56667	0.99597	0.0774245	-0.0452646	-0.078664	0.996555	-0.0262738	0.0430744	0.0297286	0.998629
4.6	0.994742	0.0867412	-0.0544511	-0.0887253	0.995436	-0.0351408	0.0511545	0.0397872	0.997898
4.63333	0.993593	0.0938229	-0.0630055	-0.096725	0.994307	-0.0447032	0.0584526	0.050511	0.997012
4.66667	0.99253	0.100061	-0.0698033	-0.103813	0.993218	-0.0523594	0.0640907	0.0592147	0.996186
4.7	0.991411	0.106619	-0.0757374	-0.111033	0.9922	-0.0566666	0.0691049	0.0645892	0.995516
4.73333	0.990567	0.112983	-0.0775308	-0.11745	0.991516	-0.055693	0.0705806	0.0642737	0.995433
4.76667	0.989959	0.119087	-0.0761566	-0.123154	0.991069	-0.0511327	0.0693872	0.0599983	0.995784
4.8	0.989834	0.123113	-0.0712159	-0.12645	0.990978	-0.044409	0.0651061	0.0529629	0.996472
4.83333	0.990197	0.124204	-0.0638972	-0.126847	0.991151	-0.0391083	0.0584744	0.0468301	0.99719
4.86667	0.990798	0.123512	-0.0553472	-0.125558	0.991464	-0.035132	0.0505355	0.0417579	0.997849
4.9	0.991617	0.12056	-0.0464882	-0.122084	0.992021	-0.0314634	0.042324	0.0368752	0.998423
4.93333	0.992455	0.116662	-0.0377236	-0.117696	0.992697	-0.0264504	0.0343624	0.0306908	0.998938
4.96667	0.99326	0.112024	-0.0297695	-0.112636	0.99344	-0.0197417	0.0273626	0.0229617	0.999362
5	0.993977	0.10732	-0.0221839	-0.107609	0.994117	-0.0123027	0.020733	0.0146158	0.999678
5.03333	0.994673	0.102031	-0.0146979	-0.10212	0.994757	-0.0054069	0.0140692	0.00687904	0.999877
5.06667	0.995312	0.0963144	-0.00884304	-0.0963626	0.995333	-0.00518852	0.00830204	0.00601634	0.999947
5.1	0.995836	0.0910581	-0.00432371	-0.091106	0.995761	-0.012605	0.00315759	0.0129465	0.999911
5.13333	0.995952	0.0896248	0.00689754	-0.0895702	0.995949	-0.00786137	-0.00757418	0.00721173	0.999945
5.16667	0.995674	0.0910965	0.0183187	-0.090855	0.995771	-0.0136152	-0.0194816	0.011892	0.999739
5.2	0.994902	0.0953773	0.0327513	-0.0945793	0.995201	-0.0251125	-0.0349893	0.0218869	0.999148
5.23333	0.994651	0.0919864	0.0469879	-0.0907612	0.995491	-0.0275806	-0.0493131	0.0231684	0.998515
5.26667	0.994839	0.0833582	0.0578546	-0.0823576	0.996413	-0.0194729	-0.0592703	0.0146076	0.998135
5.3	0.995408	0.0745655	0.0600188	-0.0733745	0.997066	-0.0218114	-0.0614691	0.0173074	0.997959
5.33333	0.996189	0.0675081	0.0552198	-0.0655899	0.997203	-0.0358439	-0.0574851	0.0320855	0.997831
5.36667	0.996454	0.0689425	0.0482248	-0.0665752	0.996573	-0.049085	-0.0514436	0.0457004	0.99763
5.4	0.996514	0.0733517	0.0397419	-0.0711013	0.995932	-0.0553553	-0.0436406	0.0523367	0.997675
5.43333	0.996682	0.0758014	0.0296605	-0.0741565	0.995832	-0.0531043	-0.0335622	0.0507285	0.998148
5.46667	0.997226	0.0727756	0.0156032	-0.071877	0.996058	-0.0519834	-0.0193248	0.0507177	0.998526
5.5	0.997976	0.0635927	-0.000334776	-0.0635243	0.996628	-0.0519318	-0.00296884	0.051848	0.998651
5.53333	0.998562	0.0504221	-0.0182332	-0.0513769	0.997087	-0.0563677	0.0153379	0.0572234	0.998244
5.56667	0.99861	0.0371275	-0.037412	-0.0393739	0.997348	-0.0612122	0.0350401	0.0626001	0.997423
5.6	0.998034	0.0265429	-0.0567709	-0.0300472	0.997637	-0.061791	0.0549966	0.0633754	0.996473
5.63333	0.99696	0.0189705	-0.0755709	-0.02325	0.998151	-0.0561571	0.0743659	0.0577434	0.995558
5.66667	0.995509	0.013268	-0.0937375	-0.0178593	0.998673	-0.0483125	0.0929721	0.0497696	0.994424
5.7	0.993705	0.00847191	-0.111709	-0.0132106	0.999041	-0.0417483	0.111248	0.0429612	0.992864
5.73333	0.991572	0.00420405	-0.129485	-0.00910946	0.999262	-0.0373151	0.129233	0.0381801	0.990879
5.76667	0.989203	0.000777239	-0.146549	-0.00635365	0.999273	-0.0375872	0.146414	0.0381125	0.988489
5.8	0.987129	-0.00131269	-0.159922	-0.00529836	0.999149	-0.0409057	0.15984	0.0412265	0.986282
5.83333	0.985176	-0.00165464	-0.171541	-0.00611705	0.998979	-0.0447667	0.17144	0.0451524	0.984159
5.86667	0.983371	0.000457583	-0.181606	-0.0090173	0.998886	-0.0463105	0.181383	0.047178	0.98228
5.9	0.98187	0.00476466	-0.189497	-0.0135405	0.998893	-0.0450438	0.189072	0.046793	0.980848
5.93333	0.980798	0.0110101	-0.194717	-0.0197517	0.998879	-0.0430095	0.194025	0.0460296	0.979916
5.96667	0.980195	0.0165729	-0.19734	-0.0252568	0.998816	-0.0415698	0.196418	0.0457307	0.979453
6	0.980261	0.0215714	-0.19653	-0.0294411	0.998874	-0.0372097	0.195506	0.0422613	0.979792
6.03333	0.981547	0.0260954	-0.189433	-0.0316714	0.999148	-0.0264672	0.188581	0.0319784	0.981537
6.06667	0.984319	0.0303575	-0.173767	-0.0326129	0.999417	-0.0101385	0.173357	0.0156465	0.984735
6.1	0.987851	0.034917	-0.151434	-0.0338266	0.99938	0.00977148	0.151681	-0.00453028	0.988419
6.13333	0.991108	0.0387571	-0.127288	-0.0344141	0.998754	0.0361439	0.128531	-0.031442	0.991207
6.16667	0.994049	0.038816	-0.101786	-0.032753	0.997626	0.0605762	0.103895	-0.0568819	0.99296
6.2	0.996164	0.0384383	-0.0786178	-0.0330419	0.997081	0.0688255	0.0810338	-0.0659638	0.994526
6.23333	0.99711	0.0466279	-0.0599716	-0.0425925	0.996851	0.0668924	0.0629018	-0.0641448	0.995956
6.26667	0.996694	0.0677235	-0.0448944	-0.0645061	0.995487	0.0696074	0.0494058	-0.0664812	0.996564
6.3	0.995203	0.0922005	-0.0327224	-0.0896755	0.993388	0.0716802	0.039115	-0.0684019	0.996891
6.33333	0.993605	0.110514	-0.0231471	-0.108729	0.991756	0.0678103	0.0304503	-0.0648599	0.99743
6.36667	0.992738	0.119087	-0.0169975	-0.118154	0.99183	0.0480909	0.0225856	-0.0457334	0.998698
6.4	0.992375	0.122527	-0.0133722	-0.122269	0.992322	0.0186624	0.0155562	-0.0168851	0.999736
6.43333	0.991861	0.126978	-0.00940338	-0.12702	0.991892	-0.00405246	0.00881257	0.00521389	0.999948
6.46667	0.991032	0.133606	-0.00235121	-0.133623	0.990982	-0.00994416	0.00100141	0.0101692	0.999948
6.5	0.990155	0.13985	0.00594746	-0.139815	0.990159	-0.006015	-0.00673013	0.00512424	0.999964
6.53333	0.989565	0.143319	0.0148481	-0.143341	0.989673	0.000397178	-0.0146379	-0.00252138	0.99989
6.56667	0.989226	0.144613	0.0227896	-0.144749	0.989458	0.00443956	-0.0219074	-0.00769052	0.99973
6.6	0.989207	0.143611	0.0290726	-0.143849	0.98958	0.00626888	-0.0278693	-0.0103833	0.999558
6.63333	0.9895	0.140523	0.0337938	-0.140909	0.989979	0.00931709	-0.0321459	-0.0139811	0.999385
6.66667	0.990205	0.134913	0.0359401	-0.135459	0.990695	0.0132048	-0.0338242	-0.0179438	0.999267
6.7	0.991375	0.126175	0.0354188	-0.126816	0.99179	0.0164606	-0.0330511	-0.0208103	0.999237
6.73333	0.992734	0.115919	0.0322905	-0.116511	0.993042	0.0170995	-0.0300837	-0.0207374	0.999332
6.76667	0.993997	0.105771	0.0279593	-0.106247	0.994209	0.0161141	-0.026093	-0.018988	0.999479
6.8	0.995076	0.0962266	0.0237726	-0.0965811	0.995223	0.0142368	-0.022289	-0.0164627	0.999616
6.83333	0.995808	0.0888985	0.0215159	-0.0891823	0.995935	0.0126103	-0.0203075	-0.0144763	0.999689
6.86667	0.99604	0.0856717	0.0237443	-0.0859176	0.996257	0.00953371	-0.0228387	-0.011536	0.999673
6.9	0.995627	0.0881587	0.0308999	-0.0883146	0.996086	0.00371551	-0.0304514	-0.00642818	0.999516
6.93333	0.995429	0.086841	0.0397433	-0.0869422	0.996213	0.000820345	-0.0395216	-0.00427197	0.99921
6.96667	0.995877	0.0782821	0.0458343	-0.0787972	0.996845	0.00953964	-0.0449429	-0.0131119	0.998904
7	0.996621	0.0687429	0.0449661	-0.0695283	0.997449	0.016141	-0.0437418	-0.0192129	0.998858
7.03333	0.997568	0.0597827	0.0358354	-0.0600174	0.998182	0.00550806	-0.035441	-0.00764541	0.999343
7.06667	0.998273	0.054633	0.0216085	-0.0543085	0.998406	-0.0153315	-0.0224116	0.0141315	0.999649
7.1	0.99854	0.0536431	0.00641588	-0.0534244	0.998108	-0.0304288	-0.00803604	0.0300416	0.999516
7.13333	0.998492	0.0541611	-0.00892481	-0.0544468	0.997879	-0.0356907	0.00697283	0.0361228	0.999323
7.16667	0.998327	0.0517371	-0.0258234	-0.0526278	0.997997	-0.0350959	0.023956	0.0363962	0.99905
7.2	0.997978	0.0455271	-0.0443508	-0.0472622	0.998125	-0.0388928	0.0424969	0.0409102	0.998259
7.23333	0.997358	0.0351933	-0.0635477	-0.0383595	0.998047	-0.0493113	0.0616881	0.0516187	0.99676
7.26667	0.996338	0.0240777	-0.0820442	-0.0292435	0.997626	-0.0623539	0.0803481	0.0645248	0.994676
7.3	0.994965	0.0152989	-0.0990495	-0.0224464	0.997191	-0.0714543	0.0976781	0.0733178	0.992514
7.33333	0.993308	0.0100865	-0.115058	-0.0190142	0.996868	-0.0767608	0.113924	0.0784348	0.990388
7.36667	0.99149	0.00691726	-0.13	-0.0173022	0.99673	-0.0789256	0.129029	0.0805032	0.988368
7.4	0.989693	0.00677576	-0.143043	-0.0179363	0.996879	-0.076878	0.142076	0.0786513	0.986726
7.43333	0.987884	0.00847926	-0.154962	-0.0199717	0.99715	-0.0727575	0.153903	0.0749709	0.985238
7.46667	0.986144	0.0116338	-0.165484	-0.0229367	0.997519	-0.0665559	0.164299	0.0694294	0.983964
7.5	0.984603	0.0157178	-0.174098	-0.0271227	0.997624	-0.0633241	0.172689	0.0670711	0.98269
7.53333	0.983184	0.0191907	-0.181609	-0.0311368	0.997518	-0.0631586	0.179946	0.0677513	0.981341
7.56667	0.982372	0.0231578	-0.185495	-0.0356382	0.997298	-0.0642326	0.183506	0.0697111	0.980544
7.6	0.982207	0.0289621	-0.185554	-0.0411667	0.99721	-0.0622618	0.183233	0.0687927	0.98066
7.63333	0.982881	0.0358858	-0.180712	-0.0469259	0.99726	-0.0571913	0.178164	0.0646923	0.981872
7.66667	0.983964	0.0431976	-0.173059	-0.0522782	0.997466	-0.0482595	0.170536	0.0565328	0.983728
7.7	0.985997	0.0516647	-0.15856	-0.0574823	0.997823	-0.0323228	0.156545	0.0409845	0.98682
7.73333	0.988434	0.0555043	-0.141129	-0.059663	0.997895	-0.0254053	0.139422	0.0335316	0.989665
7.76667	0.991644	0.0594454	-0.114495	-0.0610305	0.998082	-0.0103858	0.113658	0.0172867	0.99337
7.8	0.994575	0.0612887	-0.0840547	-0.0600765	0.998051	0.0168783	0.0849253	-0.011737	0.996318
7.83333	0.996678	0.0580228	-0.0571451	-0.0560463	0.997793	0.0356042	0.0590849	-0.0322831	0.997731
7.86667	0.997991	0.0543097	-0.0326202	-0.0529932	0.997795	0.0399518	0.034718	-0.0381429	0.998669
7.9	0.998233	0.0582319	-0.0117877	-0.0577813	0.997698	0.0355097	0.0138284	-0.0347659	0.9993
7.93333	0.997077	0.0760842	0.00692113	-0.0763238	0.99601	0.0462537	-0.00337433	-0.0466468	0.998906
7.96667	0.994825	0.0994754	0.0206865	-0.100623	0.992806	0.064893	-0.0140824	-0.0666387	0.997678
8	0.992582	0.118811	0.0257685	-0.120391	0.990083	0.0723994	-0.0169111	-0.0749646	0.997043
8.03333	0.991291	0.129705	0.0227985	-0.130817	0.989765	0.057031	-0.0151679	-0.0595168	0.998112
8.06667	0.991043	0.132601	0.0158289	-0.133001	0.990729	0.0276767	-0.0120122	-0.029534	0.999492
8.1	0.991294	0.131488	0.00688486	-0.131453	0.991308	-0.00524658	-0.00751488	0.00429587	0.999963
8.13333	0.991318	0.131463	0.00242434	-0.131392	0.991139	-0.0194724	-0.00496277	0.0189848	0.999807
8.16667	0.991084	0.133216	0.00239399	-0.133139	0.99088	-0.0207432	-0.00513548	0.0202395	0.999782
8.2	0.990834	0.134952	0.00603068	-0.134831	0.990719	-0.017241	-0.00830142	0.0162699	0.999833
8.23333	0.99066	0.135917	0.0109037	-0.135774	0.990656	-0.0128973	-0.0125547	0.0112964	0.999857
8.26667	0.990542	0.136263	0.0161075	-0.136172	0.990663	-0.00661646	-0.0168586	0.00436049	0.999848
8.3	0.990834	0.133541	0.0203569	-0.133542	0.991042	-0.00134412	-0.0203541	-0.0013867	0.999792
8.33333	0.991546	0.127718	0.022911	-0.127826	0.991791	0.00332161	-0.0222987	-0.00622217	0.999732
8.36667	0.992584	0.119207	0.0237885	-0.119442	0.992803	0.00868034	-0.0225825	-0.0114573	0.999679
8.4	0.993599	0.110393	0.0239832	-0.110735	0.993759	0.0134394	-0.0223499	-0.0160091	0.999622
8.43333	0.994627	0.100966	0.0228754	-0.101341	0.994725	0.0158826	-0.0211511	-0.0181155	0.999612
8.46667	0.995433	0.0925284	0.0234767	-0.0930063	0.995462	0.0201539	-0.0215054	-0.0222454	0.999521
8.5	0.996087	0.0852224	0.0234048	-0.0856419	0.996171	0.0175448	-0.02182	-0.0194805	0.999572
8.53333	0.99615	0.0824743	0.029702	-0.0832047	0.996237	0.0242548	-0.0275898	-0.0266328	0.999264
8.56667	0.995652	0.0846828	0.0388116	-0.0856335	0.996049	0.0235224	-0.0366663	-0.0267437	0.99897
8.6	0.99471	0.0901833	0.0491881	-0.0906874	0.995846	0.00810956	-0.0482525	-0.0125274	0.998757
8.63333	0.994561	0.0862293	0.0584173	-0.0868453	0.996189	0.00808434	-0.0574976	-0.0131136	0.99826
8.66667	0.99491	0.0782194	0.0635287	-0.0793858	0.996715	0.0160442	-0.062065	-0.0210058	0.997851
8.7	0.995948	0.0673194	0.0596363	-0.0683311	0.997549	0.0150891	-0.0584743	-0.0191029	0.998106
8.73333	0.997079	0.0587181	0.0488352	-0.0587893	0.99827	2.06147e-05	-0.0487495	-0.00289154	0.998807
8.76667	0.997762	0.0565434	0.0356806	-0.0560202	0.998309	-0.0154974	-0.0364965	0.0134639	0.999243
8.8	0.998133	0.0574134	0.0208235	-0.0569789	0.998157	-0.0208896	-0.0219845	0.0196641	0.999565
8.83333	0.998286	0.0584588	0.00280807	-0.0583856	0.998064	-0.0214198	-0.00405481	0.0212191	0.999767
8.86667	0.99831	0.0551927	-0.0182045	-0.0556582	0.998108	-0.0261389	0.0167273	0.0271079	0.999493
8.9	0.99806	0.0465557	-0.0413311	-0.0481177	0.998132	-0.0376389	0.0395016	0.0395547	0.998436
8.93333	0.997235	0.0351408	-0.0654849	-0.03897	0.997547	-0.0581461	0.063281	0.0605372	0.996158
8.96667	0.995707	0.0254282	-0.0889961	-0.032509	0.996341	-0.0790409	0.0866606	0.0815948	0.992891
9	0.993565	0.0204416	-0.111404	-0.0306579	0.995399	-0.0907776	0.109036	0.0936089	0.98962
9.03333	0.991076	0.0192993	-0.13189	-0.0317189	0.995186	-0.0927243	0.129466	0.0960803	0.986918
9.06667	0.988286	0.0197524	-0.151327	-0.0333363	0.995584	-0.0877615	0.148925	0.0917782	0.98458
9.1	0.985187	0.0219139	-0.170076	-0.0361626	0.996047	-0.0811386	0.167626	0.0860871	0.982085
9.13333	0.98197	0.025156	-0.187357	-0.0395855	0.996496	-0.0736771	0.184847	0.0797653	0.979525
9.16667	0.978667	0.0302377	-0.203216	-0.0442993	0.996901	-0.0650056	0.200621	0.0726211	0.976974
9.2	0.975461	0.033955	-0.217539	-0.0485065	0.996903	-0.0619028	0.214764	0.0709358	0.974087
9.23333	0.972639	0.035524	-0.229591	-0.0511891	0.996723	-0.0626371	0.226614	0.0726758	0.97127
9.26667	0.970283	0.0355614	-0.239344	-0.0520997	0.996645	-0.0631285	0.236296	0.0737223	0.96888
9.3	0.968642	0.0356146	-0.245897	-0.0523015	0.996726	-0.0616658	0.242895	0.0725928	0.967332
9.33333	0.968165	0.0364761	-0.247639	-0.0527558	0.996838	-0.0594231	0.244689	0.0705958	0.967028
9.36667	0.969472	0.0369499	-0.242403	-0.0518094	0.99713	-0.0552134	0.239667	0.0660865	0.968603
9.4	0.972879	0.037406	-0.22827	-0.0489339	0.997786	-0.0450505	0.226079	0.0549988	0.972555
9.43333	0.976943	0.0402696	-0.209668	-0.0466737	0.99858	-0.0256841	0.208336	0.0348779	0.977435
9.46667	0.981372	0.0424072	-0.187379	-0.0423121	0.999094	0.00450902	0.187401	0.00350338	0.982277
9.5	0.986271	0.0401996	-0.160168	-0.0344777	0.99867	0.0383459	0.161497	-0.0322972	0.986345
9.53333	0.990873	0.0369139	-0.129644	-0.0281223	0.99722	0.0690019	0.13183	-0.0647263	0.989157
9.56667	0.994385	0.0371928	-0.0990731	-0.0279406	0.995256	0.0931909	0.102069	-0.0898995	0.990707
9.6	0.996484	0.0485762	-0.0682651	-0.0399087	0.991598	0.123045	0.0736686	-0.119888	0.99005
9.63333	0.996782	0.0689254	-0.0409327	-0.0616531	0.985498	0.158092	0.0512356	-0.15506	0.986576
9.66667	0.995852	0.0887454	-0.0200589	-0.0836868	0.979953	0.180798	0.0357018	-0.17837	0.983316
9.7	0.994639	0.103153	-0.00727877	-0.100209	0.978844	0.178388	0.025526	-0.176702	0.983933
9.73333	0.993572	0.113197	-0.00032744	-0.111745	0.98128	0.156854	0.0180767	-0.155809	0.987622
9.76667	0.992565	0.121697	0.00216252	-0.120947	0.984143	0.129745	0.0136614	-0.129042	0.991545
9.8	0.991644	0.128953	0.00366909	-0.128571	0.985581	0.109997	0.0105683	-0.10955	0.993925
9.83333	0.990484	0.137587	0.00331634	-0.137245	0.985648	0.0982931	0.0102551	-0.0978129	0.995152
9.86667	0.989464	0.144774	0.00128579	-0.14432	0.985582	0.088321	0.0115193	-0.087576	0.996091
9.9	0.988849	0.148898	-0.00272427	-0.148257	0.985987	0.0764805	0.0140739	-0.0752238	0.997067
9.93333	0.988428	0.151501	-0.00765211	-0.15071	0.986503	0.0640114	0.0172466	-0.0621174	0.99792
9.96667	0.988526	0.150593	-0.0117581	-0.149846	0.987477	0.0493425	0.0190415	-0.0470144	0.998713
10	0.989111	0.146457	-0.014501	-0.145901	0.988717	0.0339275	0.0193063	-0.0314424	0.999319
10.0333	0.990263	0.138458	-0.0144595	-0.138145	0.990194	0.0208007	0.0171978	-0.0186006	0.999679
10.0667	0.99177	0.127426	-0.0124624	-0.127262	0.991782	0.0131358	0.0140339	-0.0114417	0.999836
10.1	0.993403	0.114349	-0.00864282	-0.114256	0.993395	0.0105829	0.00979588	-0.00952554	0.999907
10.1333	0.99494	0.100354	-0.00484619	-0.100296	0.994897	0.0110105	0.00592641	-0.0104688	0.999928
10.1667	0.996187	0.0872416	-0.000549455	-0.0872248	0.996086	0.0143259	0.00179712	-0.0142233	0.999897
10.2	0.997005	0.0771697	0.00509914	-0.0772591	0.996798	0.0206131	-0.00349211	-0.0209453	0.999775
10.2333	0.997321	0.0718897	0.0135051	-0.07215	0.997195	0.0198925	-0.0120372	-0.0208136	0.999711
10.2667	0.996958	0.0725437	0.0285003	-0.0731188	0.997129	0.0196816	-0.0269907	-0.0217056	0.9994
10.3	0.997187	0.0631317	0.0404141	-0.0645408	0.997316	0.0345661	-0.0381235	-0.0370772	0.998585
10.3333	0.997707	0.050305	0.045289	-0.0528435	0.996991	0.0567177	-0.0422996	-0.0589808	0.997363
10.3667	0.998632	0.0356485	0.0382515	-0.0378642	0.997548	0.0588565	-0.0360596	-0.0602244	0.997533
10.4	0.99951	0.0235347	0.020617	-0.0242968	0.999	0.0375258	-0.0197132	-0.0380083	0.999083
10.4333	0.999792	0.0203833	0.000530673	-0.0203894	0.999647	0.0170309	-0.00018334	-0.0170382	0.999855
10.4667	0.999518	0.0239223	-0.0198043	-0.023746	0.999677	0.00908993	0.0200153	-0.00861527	0.999763
10.5	0.998602	0.0331967	-0.0411374	-0.0322052	0.99918	0.0245365	0.0419182	-0.0231773	0.998852
10.5333	0.996986	0.0412656	-0.0656976	-0.038116	0.998096	0.0484939	0.0675736	-0.0458436	0.996661
10.5667	0.994671	0.0439704	-0.0932533	-0.0378572	0.997079	0.0663407	0.0958979	-0.0624568	0.99343
10.6	0.991264	0.0382266	-0.12623	-0.030893	0.997747	0.0595527	0.128222	-0.0551328	0.990212
10.6333	0.986375	0.0243001	-0.162707	-0.0201812	0.999434	0.0269205	0.163269	-0.0232701	0.986307
10.6667	0.979754	0.00658657	-0.200098	-0.0103954	0.999784	-0.01799	0.199936	0.0197059	0.979611
10.7	0.972144	-0.0089656	-0.234214	-0.00496545	0.998256	-0.0588227	0.234333	0.0583471	0.970404
10.7333	0.964961	-0.0181561	-0.261763	-0.00447861	0.996318	-0.0856154	0.262354	0.0837878	0.961327
10.7667	0.958581	-0.018078	-0.284245	-0.0102511	0.995147	-0.0978622	0.284634	0.0967227	0.953744
10.8	0.953561	-0.0129953	-0.300919	-0.0191972	0.994415	-0.103777	0.300587	0.104735	0.947986
10.8333	0.950664	-0.00653741	-0.310154	-0.0279179	0.993918	-0.106522	0.308964	0.109925	0.9447
10.8667	0.950661	0.000317639	-0.31023	-0.0354446	0.993562	-0.107598	0.308199	0.113285	0.944553
10.9	0.953709	0.00664028	-0.300657	-0.0408852	0.993337	-0.107752	0.297938	0.115057	0.947626
10.9333	0.960126	0.013578	-0.279237	-0.0433145	0.993984	-0.100599	0.276191	0.108683	0.954938
10.9667	0.969023	0.020416	-0.246126	-0.0432239	0.995215	-0.0876247	0.243159	0.0955489	0.965269
