0	0.0285115	0.999585	0.00422727	0.0865157	0.00174545	-0.996249	-0.995842	0.0287703	-0.08643
0.0333333	0.963901	0.116548	-0.239398	-0.151401	-0.499699	-0.852865	-0.219026	0.858323	-0.464015
0.0666667	0.981601	0.00152518	-0.190938	-0.116733	-0.786547	-0.606396	-0.151107	0.617528	-0.771898
0.1	0.980251	-0.0444679	-0.192691	-0.138518	-0.84982	-0.508546	-0.141139	0.525194	-0.839197
0.133333	0.979367	-0.0598642	-0.193021	-0.147358	-0.865161	-0.479356	-0.138298	0.497909	-0.856131
0.166667	0.979068	-0.0637579	-0.193292	-0.149267	-0.870536	-0.468921	-0.13837	0.487957	-0.86183
0.2	0.978825	-0.0669804	-0.193432	-0.151606	-0.872139	-0.465176	-0.137542	0.484651	-0.863826
0.233333	0.978861	-0.067611	-0.193026	-0.151873	-0.872405	-0.464591	-0.136985	0.484086	-0.864232
0.266667	0.978886	-0.0686281	-0.192541	-0.152434	-0.872654	-0.463938	-0.136183	0.483492	-0.86469
0.3	0.978854	-0.0692817	-0.192468	-0.15284	-0.873058	-0.463044	-0.135955	0.48267	-0.865186
0.333333	0.97883	-0.0697111	-0.192435	-0.153147	-0.873205	-0.462665	-0.135783	0.482341	-0.865396
0.366667	0.97888	-0.0697523	-0.192167	-0.15299	-0.873437	-0.46228	-0.1356	0.481916	-0.865661
0.4	0.978964	-0.0694834	-0.19184	-0.152592	-0.87349	-0.46231	-0.135447	0.481858	-0.865718
0.433333	0.978943	-0.0695072	-0.191934	-0.152633	-0.873577	-0.462133	-0.135547	0.481698	-0.865791
0.466667	0.978991	-0.0690744	-0.191848	-0.152189	-0.873704	-0.462039	-0.135703	0.481529	-0.86586
0.5	0.979055	-0.0690684	-0.191521	-0.152014	-0.873761	-0.461989	-0.135435	0.481426	-0.86596
0.533333	0.979049	-0.0695032	-0.191393	-0.1523	-0.873842	-0.461741	-0.135155	0.481216	-0.86612
0.566667	0.979223	-0.068261	-0.190953	-0.151019	-0.87391	-0.462034	-0.135337	0.481272	-0.866061
0.6	0.979389	-0.0674078	-0.190405	-0.150046	-0.873872	-0.462422	-0.135219	0.48146	-0.865975
0.633333	0.979392	-0.0671527	-0.19048	-0.149858	-0.873895	-0.46244	-0.135406	0.481455	-0.865948
0.666667	0.979394	-0.0672153	-0.190447	-0.14986	-0.874021	-0.4622	-0.135388	0.481216	-0.866084
0.7	0.979385	-0.0670542	-0.190549	-0.149795	-0.873937	-0.46238	-0.135523	0.481392	-0.865965
0.733333	0.979325	-0.067028	-0.190866	-0.150005	-0.873645	-0.462864	-0.135724	0.481925	-0.865637
0.766667	0.979289	-0.0671545	-0.191005	-0.150121	-0.873849	-0.462441	-0.135854	0.481538	-0.865832
0.8	0.979276	-0.0673594	-0.191	-0.150244	-0.874021	-0.462077	-0.135813	0.481197	-0.866028
0.833333	0.979203	-0.0678093	-0.191217	-0.150711	-0.874082	-0.461808	-0.135825	0.481022	-0.866123
0.866667	0.97927	-0.0677437	-0.190895	-0.150488	-0.874135	-0.46178	-0.135586	0.480935	-0.866209
0.9	0.979257	-0.0678724	-0.190917	-0.150555	-0.874326	-0.461398	-0.135608	0.480571	-0.866408
0.933333	0.979265	-0.0681287	-0.190785	-0.150615	-0.874661	-0.460742	-0.135483	0.479924	-0.866786
0.966667	0.979255	-0.0682831	-0.190782	-0.15073	-0.874713	-0.460605	-0.135428	0.479806	-0.86686
1	0.979244	-0.0685699	-0.190732	-0.150987	-0.874584	-0.460767	-0.135216	0.480002	-0.866784
1.03333	0.979207	-0.0692698	-0.190671	-0.151549	-0.874599	-0.460554	-0.134858	0.479873	-0.866911
1.06667	0.979291	-0.0687054	-0.190445	-0.150918	-0.874756	-0.460462	-0.134956	0.479668	-0.86701
1.1	0.97937	-0.0683712	-0.190159	-0.150419	-0.875044	-0.460079	-0.134941	0.479191	-0.867275
1.13333	0.979393	-0.0684009	-0.19003	-0.150443	-0.874834	-0.460469	-0.134748	0.479569	-0.867097
1.16667	0.97938	-0.0681341	-0.190191	-0.150274	-0.874898	-0.460404	-0.135028	0.479491	-0.867096
1.2	0.979409	-0.067888	-0.190129	-0.149974	-0.875115	-0.460089	-0.13515	0.479129	-0.867277
1.23333	0.979317	-0.0684126	-0.190415	-0.150553	-0.875121	-0.459888	-0.135174	0.479044	-0.867321
1.26667	0.97935	-0.0683201	-0.190279	-0.150404	-0.875144	-0.459893	-0.135102	0.479015	-0.867348
1.3	0.979306	-0.0686687	-0.190378	-0.150715	-0.875255	-0.459579	-0.135071	0.478761	-0.867493
1.33333	0.979302	-0.0686703	-0.190398	-0.150684	-0.875402	-0.45931	-0.135133	0.478493	-0.867631
1.36667	0.979344	-0.0688147	-0.190131	-0.150665	-0.875461	-0.459204	-0.134852	0.478365	-0.867745
1.4	0.979385	-0.0687058	-0.189959	-0.150425	-0.875699	-0.458829	-0.134823	0.477945	-0.867981
1.43333	0.979356	-0.0691101	-0.189961	-0.150773	-0.875689	-0.458734	-0.134643	0.477905	-0.868031
1.46667	0.97945	-0.0689434	-0.189537	-0.150409	-0.875771	-0.458697	-0.134367	0.477779	-0.868143
1.5	0.979407	-0.0694158	-0.189586	-0.150772	-0.875994	-0.458151	-0.134274	0.477301	-0.868421
1.53333	0.979415	-0.0697015	-0.18944	-0.1509	-0.876159	-0.457793	-0.13407	0.476955	-0.868642
1.56667	0.979477	-0.0697005	-0.18912	-0.150704	-0.876321	-0.457547	-0.133839	0.476658	-0.868841
1.6	0.979509	-0.0698422	-0.188901	-0.15066	-0.876544	-0.457134	-0.133653	0.476227	-0.869106
1.63333	0.979509	-0.0699797	-0.188851	-0.15078	-0.876452	-0.457272	-0.133519	0.476377	-0.869044
1.66667	0.979513	-0.0704169	-0.18867	-0.151074	-0.876429	-0.457219	-0.13316	0.476355	-0.869111
1.7	0.979487	-0.0706928	-0.188699	-0.151277	-0.876591	-0.45684	-0.133116	0.476015	-0.869304
1.73333	0.979526	-0.0703046	-0.188643	-0.150908	-0.876636	-0.456876	-0.133251	0.47599	-0.869297
1.76667	0.97949	-0.0705987	-0.188722	-0.151282	-0.876326	-0.457348	-0.133094	0.476518	-0.869032
1.8	0.979476	-0.0710752	-0.188614	-0.151647	-0.876291	-0.457293	-0.132779	0.47651	-0.869085
1.83333	0.979428	-0.0719071	-0.188549	-0.152463	-0.875793	-0.457976	-0.132198	0.477301	-0.868739
1.86667	0.97928	-0.0733025	-0.188781	-0.153937	-0.875148	-0.458716	-0.131586	0.478271	-0.868298
1.9	0.979238	-0.0734899	-0.188924	-0.154294	-0.874672	-0.459503	-0.131477	0.479112	-0.867851
1.93333	0.979337	-0.0733736	-0.188456	-0.153988	-0.874627	-0.459691	-0.1311	0.479212	-0.867853
1.96667	0.979528	-0.0730199	-0.187599	-0.153221	-0.874863	-0.459497	-0.130571	0.478834	-0.868141
2	0.979722	-0.0725032	-0.186785	-0.152328	-0.875123	-0.459299	-0.13016	0.478438	-0.868421
2.03333	0.9799	-0.0722333	-0.185953	-0.151671	-0.875261	-0.459254	-0.129584	0.478227	-0.868624
2.06667	0.979992	-0.0726802	-0.185293	-0.151826	-0.874951	-0.459793	-0.128704	0.478726	-0.86848
2.1	0.980009	-0.0735305	-0.184867	-0.152342	-0.87498	-0.459567	-0.127963	0.478542	-0.86869
2.13333	0.980022	-0.0743644	-0.184461	-0.152917	-0.874772	-0.459772	-0.127171	0.478794	-0.868668
2.16667	0.980003	-0.0744686	-0.184521	-0.153078	-0.874606	-0.460033	-0.127126	0.47908	-0.868517
2.2	0.979744	-0.0763168	-0.18514	-0.155059	-0.874158	-0.460223	-0.126719	0.479608	-0.868285
2.23333	0.979403	-0.0783274	-0.186104	-0.157389	-0.873522	-0.460639	-0.126485	0.480442	-0.867858
2.26667	0.978973	-0.0810652	-0.187188	-0.160433	-0.872726	-0.461097	-0.125985	0.481433	-0.867381
2.3	0.978537	-0.0832961	-0.188487	-0.163213	-0.871669	-0.462119	-0.125805	0.482964	-0.866556
2.33333	0.978064	-0.0853084	-0.190035	-0.166198	-0.869555	-0.465029	-0.125575	0.486412	-0.864659
2.36667	0.977619	-0.0872135	-0.191456	-0.169004	-0.86753	-0.467792	-0.125296	0.489679	-0.862853
2.4	0.977406	-0.0881676	-0.192105	-0.170479	-0.866119	-0.469867	-0.124959	0.492	-0.861581
2.43333	0.97739	-0.0888166	-0.191888	-0.170952	-0.865997	-0.46992	-0.124438	0.492099	-0.8616
2.46667	0.977183	-0.0900417	-0.192369	-0.172197	-0.866066	-0.469338	-0.124344	0.491754	-0.86181
2.5	0.977005	-0.0911544	-0.192747	-0.173271	-0.866241	-0.468619	-0.124249	0.49124	-0.862117
2.53333	0.976687	-0.0925687	-0.193684	-0.175076	-0.865588	-0.469155	-0.124221	0.492127	-0.861615
2.56667	0.976438	-0.0941463	-0.194179	-0.17687	-0.864672	-0.470169	-0.123636	0.493435	-0.86095
2.6	0.976256	-0.0958998	-0.194238	-0.178593	-0.863783	-0.471151	-0.122596	0.494653	-0.8604
2.63333	0.976033	-0.0974223	-0.194596	-0.180116	-0.863488	-0.471113	-0.122134	0.494872	-0.86034
2.66667	0.975669	-0.0990468	-0.195599	-0.182135	-0.862793	-0.471609	-0.12205	0.49576	-0.85984
2.7	0.97511	-0.100572	-0.197602	-0.184972	-0.860393	-0.474879	-0.122256	0.49961	-0.85758
2.73333	0.974432	-0.102774	-0.199797	-0.188939	-0.856046	-0.481131	-0.121588	0.506579	-0.853577
2.76667	0.973743	-0.106308	-0.201305	-0.194183	-0.849398	-0.49073	-0.11882	0.516935	-0.847738
2.8	0.973156	-0.110026	-0.202142	-0.199692	-0.840315	-0.503978	-0.114412	0.530815	-0.839729
2.83333	0.972364	-0.115654	-0.202809	-0.207438	-0.826588	-0.523185	-0.107131	0.550797	-0.827736
2.86667	0.97174	-0.123096	-0.201417	-0.21655	-0.804486	-0.55309	-0.0939538	0.581077	-0.808407
2.9	0.971399	-0.132358	-0.197142	-0.225714	-0.772508	-0.593535	-0.073735	0.621058	-0.780289
2.93333	0.971087	-0.144939	-0.189689	-0.23412	-0.73352	-0.638072	-0.0466587	0.664034	-0.746245
2.96667	0.971302	-0.159878	-0.176101	-0.237527	-0.690579	-0.683141	-0.0123928	0.705365	-0.708736
3	0.971845	-0.177293	-0.15519	-0.233916	-0.646915	-0.725799	0.0282842	0.741665	-0.670173
3.03333	0.971648	-0.199454	-0.126956	-0.225602	-0.621496	-0.750231	0.0707341	0.757602	-0.648872
3.06667	0.971851	-0.21836	-0.0884515	-0.209763	-0.631068	-0.746829	0.107259	0.74436	-0.659108
3.1	0.973	-0.226995	-0.0417553	-0.18735	-0.671122	-0.717283	0.134797	0.70574	-0.69553
3.13333	0.97587	-0.217982	0.0127347	-0.15459	-0.730908	-0.664737	0.154209	0.646728	-0.746969
3.16667	0.97824	-0.194484	0.0722671	-0.113787	-0.794162	-0.596959	0.17349	0.575746	-0.799011
3.2	0.978485	-0.161066	0.128939	-0.0715971	-0.851192	-0.519948	0.193498	0.499529	-0.84441
3.23333	0.975209	-0.126244	0.181744	-0.0324076	-0.893922	-0.447049	0.218902	0.430076	-0.875852
3.26667	0.970375	-0.0970207	0.221268	-0.00453044	-0.922975	-0.384833	0.241562	0.37243	-0.896071
3.3	0.968947	-0.0802266	0.233891	0.00346778	-0.9414	-0.337274	0.247244	0.327611	-0.911889
3.33333	0.973901	-0.064218	0.217698	0.011952	-0.943299	-0.331729	0.226657	0.325674	-0.917912
3.36667	0.975836	-0.0393298	0.214937	0.041627	-0.932191	-0.359565	0.214504	0.359824	-0.908028
3.4	0.9778	-0.0253208	0.208004	0.0573967	-0.922339	-0.382094	0.201525	0.38555	-0.90041
3.43333	0.980766	-0.0161096	0.194523	0.0617563	-0.919782	-0.387541	0.185162	0.3921	-0.901095
3.46667	0.983738	-0.00118782	0.179606	0.0695708	-0.919395	-0.387134	0.165589	0.393334	-0.904361
3.5	0.985826	0.0179313	0.166812	0.0830895	-0.915956	-0.392582	0.145753	0.400877	-0.904463
3.53333	0.987005	0.034962	0.15684	0.0960615	-0.910813	-0.401487	0.128815	0.411336	-0.902336
3.56667	0.988307	0.0499218	0.144073	0.104492	-0.909872	-0.401516	0.111044	0.411875	-0.904449
3.6	0.989403	0.065183	0.129742	0.112921	-0.907149	-0.405375	0.0912716	0.41573	-0.904897
3.63333	0.990305	0.0769148	0.115675	0.118404	-0.902843	-0.413346	0.072644	0.423035	-0.903197
3.66667	0.991012	0.0858449	0.102598	0.121487	-0.898613	-0.421588	0.0560046	0.430263	-0.900965
3.7	0.992303	0.0887387	0.0863675	0.117406	-0.895939	-0.42838	0.0393661	0.435223	-0.899462
3.73333	0.993825	0.0881727	0.0673566	0.108787	-0.893764	-0.435145	0.021833	0.439786	-0.897837
3.76667	0.995647	0.0812505	0.0456663	0.0930752	-0.892535	-0.441269	0.00490553	0.443598	-0.896212
3.8	0.997324	0.0695949	0.0224088	0.0722608	-0.891576	-0.44707	-0.0111346	0.447492	-0.894218
3.83333	0.998406	0.0563633	-0.00298882	0.0489363	-0.890801	-0.451752	-0.0281247	0.450885	-0.892139
3.86667	0.998633	0.0423921	-0.0305703	0.0238979	-0.890547	-0.454262	-0.0464814	0.452911	-0.890343
3.9	0.997863	0.0252659	-0.060259	-0.00485457	-0.891001	-0.453976	-0.0651609	0.453298	-0.888974
3.93333	0.995816	0.00445526	-0.0912743	-0.0375456	-0.890667	-0.453103	-0.0833137	0.454634	-0.886773
3.96667	0.992332	-0.0179624	-0.122291	-0.071908	-0.888618	-0.452975	-0.100534	0.458295	-0.883096
4	0.987195	-0.0428444	-0.153658	-0.108395	-0.886879	-0.449106	-0.117034	0.460011	-0.880166
4.03333	0.980758	-0.0683701	-0.182863	-0.144075	-0.885556	-0.441625	-0.131742	0.459473	-0.878367
4.06667	0.97383	-0.0925006	-0.2076	-0.176158	-0.884358	-0.432295	-0.143606	0.457552	-0.87751
4.1	0.966945	-0.114737	-0.227713	-0.204057	-0.883701	-0.421228	-0.1529	0.453771	-0.877903
4.13333	0.959684	-0.137142	-0.245353	-0.23029	-0.884112	-0.406587	-0.161159	0.446698	-0.880051
4.16667	0.953015	-0.15267	-0.261637	-0.250472	-0.882914	-0.397149	-0.170371	0.444022	-0.879669
4.2	0.946999	-0.159961	-0.278577	-0.264611	-0.880131	-0.394146	-0.182136	0.44697	-0.87581
4.23333	0.941772	-0.15792	-0.29686	-0.272829	-0.874917	-0.400106	-0.196543	0.4578	-0.867058
4.26667	0.936186	-0.153319	-0.316306	-0.281177	-0.866653	-0.412132	-0.210939	0.47477	-0.854458
4.3	0.927597	-0.154987	-0.339915	-0.298354	-0.854924	-0.424371	-0.22483	0.49506	-0.839266
4.33333	0.91928	-0.156446	-0.361176	-0.314276	-0.844196	-0.434239	-0.236969	0.512696	-0.82522
4.36667	0.912071	-0.155549	-0.379382	-0.328083	-0.831827	-0.447689	-0.245943	0.532793	-0.809718
4.4	0.903543	-0.156541	-0.398881	-0.346143	-0.815353	-0.464095	-0.252579	0.557399	-0.790892
4.43333	0.893614	-0.16113	-0.418917	-0.367192	-0.799193	-0.475879	-0.258117	0.579075	-0.773336
4.46667	0.8848	-0.167165	-0.434954	-0.387261	-0.782929	-0.486879	-0.259149	0.599231	-0.757472
4.5	0.878071	-0.171295	-0.446822	-0.406153	-0.760528	-0.506594	-0.253044	0.626303	-0.737369
4.53333	0.873377	-0.169895	-0.456453	-0.422175	-0.731399	-0.535559	-0.24286	0.660448	-0.710512
4.56667	0.871485	-0.161739	-0.462984	-0.433138	-0.696608	-0.571952	-0.230011	0.698983	-0.677139
4.6	0.873281	-0.150743	-0.463311	-0.437893	-0.65976	-0.61071	-0.213614	0.736202	-0.642165
4.63333	0.880318	-0.142229	-0.452561	-0.432635	-0.632043	-0.642921	-0.194596	0.761769	-0.617932
4.66667	0.890644	-0.140152	-0.432563	-0.420893	-0.614072	-0.667656	-0.172051	0.776707	-0.605908
4.7	0.900741	-0.146523	-0.408896	-0.409729	-0.599103	-0.687894	-0.144178	0.787151	-0.599671
4.73333	0.911887	-0.155351	-0.379904	-0.392545	-0.600432	-0.696699	-0.119874	0.78444	-0.608509
4.76667	0.92345	-0.166954	-0.345495	-0.371141	-0.61726	-0.693718	-0.0974417	0.768841	-0.631972
4.8	0.935815	-0.177907	-0.3043	-0.344572	-0.643661	-0.683352	-0.0742934	0.744345	-0.66365
4.83333	0.948296	-0.187532	-0.256059	-0.313741	-0.67581	-0.666969	-0.0479696	0.71282	-0.699705
4.86667	0.959969	-0.194025	-0.202024	-0.279505	-0.710761	-0.64552	-0.0183435	0.676145	-0.73654
4.9	0.97059	-0.194206	-0.14226	-0.240328	-0.747266	-0.619545	0.0140134	0.635513	-0.771963
4.93333	0.978424	-0.190365	-0.0802935	-0.20061	-0.782408	-0.58957	0.0494113	0.592958	-0.803716
4.96667	0.982949	-0.183049	-0.0174613	-0.161963	-0.816921	-0.553542	0.0870606	0.546931	-0.832638
5	0.984431	-0.170528	0.0426084	-0.124844	-0.848994	-0.513443	0.123731	0.50013	-0.857065
5.03333	0.983134	-0.154944	0.0971637	-0.0914692	-0.876621	-0.472408	0.158373	0.455553	-0.876008
5.06667	0.97978	-0.138646	0.144249	-0.0632298	-0.898589	-0.434211	0.189823	0.416311	-0.889187
5.1	0.975527	-0.122243	0.182768	-0.0395332	-0.91518	-0.401102	0.216297	0.38406	-0.897615
5.13333	0.972192	-0.107436	0.208089	-0.023392	-0.928665	-0.37018	0.233015	0.355019	-0.905354
5.16667	0.971557	-0.0929756	0.217788	-0.0132624	-0.939618	-0.341967	0.236432	0.329353	-0.914126
5.2	0.974977	-0.0773485	0.208415	-0.0039881	-0.943452	-0.331484	0.22227	0.322358	-0.920153
5.23333	0.978835	-0.0400335	0.200699	0.0299316	-0.942131	-0.333907	0.202453	0.332847	-0.920992
5.26667	0.980239	-0.00754255	0.197674	0.0666674	-0.928219	-0.366013	0.186245	0.371959	-0.909373
5.3	0.982857	0.00351711	0.184338	0.0761409	-0.91832	-0.388448	0.167915	0.395824	-0.902844
5.33333	0.985925	0.0151637	0.166498	0.0816276	-0.912771	-0.400232	0.145905	0.40819	-0.901162
5.36667	0.988878	0.0281287	0.146042	0.0852895	-0.911697	-0.401913	0.121841	0.409898	-0.903957
5.4	0.990799	0.0427696	0.128409	0.0916392	-0.91019	-0.403925	0.0996006	0.411976	-0.905735
5.43333	0.991355	0.056971	0.118194	0.10164	-0.903119	-0.417188	0.0829759	0.425595	-0.901102
5.46667	0.992068	0.0704836	0.104078	0.10825	-0.899925	-0.422395	0.0638902	0.430311	-0.900417
5.5	0.99317	0.080163	0.0847729	0.108929	-0.897388	-0.427585	0.0417977	0.433899	-0.899991
5.53333	0.994544	0.0829727	0.0632335	0.102303	-0.89436	-0.435494	0.0204194	0.439587	-0.897968
5.56667	0.995787	0.0813005	0.0424101	0.091676	-0.89264	-0.44135	0.00197495	0.443379	-0.896332
5.6	0.996806	0.0775137	0.0192011	0.0779245	-0.891587	-0.446096	-0.017459	0.446167	-0.894779
5.63333	0.997396	0.0719289	-0.00519672	0.0618323	-0.890028	-0.451694	-0.0371151	0.450197	-0.892158
5.66667	0.997467	0.0644214	-0.0301565	0.0435475	-0.888293	-0.457209	-0.0562418	0.454738	-0.888848
5.7	0.997043	0.0530108	-0.055641	0.0213603	-0.886639	-0.461969	-0.0738228	0.459414	-0.885149
5.73333	0.995783	0.039287	-0.0828996	-0.0038955	-0.884735	-0.466078	-0.0916549	0.464436	-0.880851
5.76667	0.993566	0.0215851	-0.111179	-0.0332103	-0.882988	-0.468219	-0.108276	0.468899	-0.87659
5.8	0.990141	0.00251791	-0.140055	-0.0638297	-0.881892	-0.46711	-0.124689	0.471445	-0.873036
5.83333	0.985433	-0.0206993	-0.168802	-0.0983164	-0.879233	-0.466136	-0.138767	0.475942	-0.86846
5.86667	0.979473	-0.0458518	-0.19629	-0.133873	-0.875982	-0.463394	-0.150699	0.48016	-0.864139
5.9	0.972657	-0.0683169	-0.22197	-0.165704	-0.873807	-0.45717	-0.162726	0.481451	-0.861235
5.93333	0.964779	-0.0909054	-0.246857	-0.196964	-0.871658	-0.448795	-0.174377	0.48161	-0.858862
5.96667	0.95687	-0.10883	-0.269362	-0.223688	-0.867616	-0.444078	-0.185374	0.485178	-0.85454
6	0.94936	-0.119886	-0.290418	-0.243927	-0.86383	-0.440792	-0.198027	0.489311	-0.849329
6.03333	0.941535	-0.124787	-0.312953	-0.260179	-0.859447	-0.440065	-0.214052	0.495761	-0.841667
6.06667	0.933059	-0.120975	-0.338772	-0.2723	-0.852918	-0.445402	-0.235063	0.507834	-0.828764
6.1	0.923511	-0.109206	-0.367699	-0.28256	-0.841971	-0.459613	-0.259399	0.528355	-0.808426
6.13333	0.910148	-0.109634	-0.399513	-0.306852	-0.826301	-0.472302	-0.278338	0.552456	-0.785698
6.16667	0.894018	-0.121837	-0.431146	-0.344724	-0.801733	-0.488252	-0.286177	0.585133	-0.758764
6.2	0.8826	-0.129425	-0.451958	-0.374991	-0.773635	-0.510755	-0.283546	0.620273	-0.731343
6.23333	0.878022	-0.128784	-0.460969	-0.392982	-0.743753	-0.540737	-0.273208	0.655931	-0.703641
6.26667	0.875827	-0.12669	-0.4657	-0.40747	-0.711215	-0.572836	-0.25864	0.691464	-0.674524
6.3	0.873459	-0.128011	-0.469769	-0.421071	-0.683041	-0.596787	-0.244476	0.719075	-0.65051
6.33333	0.875702	-0.128203	-0.465521	-0.427362	-0.654525	-0.623665	-0.22474	0.745091	-0.627958
6.36667	0.88467	-0.126468	-0.448737	-0.42214	-0.625816	-0.65586	-0.197881	0.769649	-0.607028
6.4	0.897104	-0.125369	-0.423658	-0.408099	-0.602547	-0.685851	-0.169289	0.788175	-0.591711
6.43333	0.910385	-0.128485	-0.393307	-0.389073	-0.589274	-0.708081	-0.140788	0.797652	-0.586456
6.46667	0.922717	-0.138716	-0.359654	-0.369532	-0.583884	-0.722859	-0.109724	0.799898	-0.59002
6.5	0.934498	-0.155407	-0.320254	-0.347836	-0.589864	-0.728746	-0.0756542	0.792407	-0.605283
6.53333	0.945521	-0.173981	-0.275175	-0.322973	-0.607656	-0.725564	-0.0409774	0.77491	-0.630742
6.56667	0.956164	-0.190376	-0.222504	-0.292764	-0.637957	-0.71225	-0.00635245	0.746169	-0.665726
6.6	0.965357	-0.20306	-0.163865	-0.259419	-0.679384	-0.686395	0.028052	0.705127	-0.708526
6.63333	0.972836	-0.208351	-0.100893	-0.222759	-0.723953	-0.652894	0.0629898	0.657634	-0.750699
6.66667	0.977793	-0.206752	-0.0342755	-0.184202	-0.769843	-0.611073	0.0999538	0.603817	-0.790832
6.7	0.979703	-0.197426	0.0346991	-0.144718	-0.816405	-0.559053	0.1387	0.542685	-0.828406
6.73333	0.978085	-0.181947	0.10122	-0.10825	-0.859662	-0.499263	0.177854	0.477365	-0.860518
6.76667	0.972913	-0.165871	0.16102	-0.0797165	-0.894538	-0.439826	0.216993	0.415077	-0.88353
6.8	0.965799	-0.150716	0.210992	-0.0599852	-0.921516	-0.383679	0.252259	0.357901	-0.89904
6.83333	0.959568	-0.136363	0.246239	-0.0484565	-0.941782	-0.332713	0.277273	0.307329	-0.910312
6.86667	0.957993	-0.123895	0.258651	-0.0422196	-0.952972	-0.300103	0.283668	0.276577	-0.918171
6.9	0.963001	-0.110567	0.245771	-0.0321053	-0.952536	-0.302728	0.267578	0.283637	-0.920843
6.93333	0.968976	-0.084173	0.232379	-0.0132016	-0.956504	-0.291419	0.246801	0.279311	-0.927941
6.96667	0.9734	-0.0416462	0.225293	0.0290292	-0.952996	-0.301588	0.227264	0.300106	-0.926438
7	0.975097	-0.0122036	0.221441	0.0649897	-0.938928	-0.337921	0.212041	0.343897	-0.914753
7.03333	0.978905	0.0058751	0.204233	0.0785895	-0.93351	-0.349832	0.188598	0.358503	-0.914279
7.06667	0.982936	0.0165377	0.183204	0.0805875	-0.934002	-0.348061	0.165357	0.356885	-0.919397
7.1	0.986574	0.0307023	0.160405	0.085021	-0.935137	-0.343933	0.139441	0.352953	-0.925192
7.13333	0.98846	0.044194	0.144894	0.0937405	-0.929814	-0.355892	0.118996	0.365367	-0.923226
7.16667	0.990248	0.0537691	0.128522	0.0979471	-0.924734	-0.367795	0.0990729	0.376796	-0.920983
7.2	0.992784	0.0567699	0.105627	0.0925164	-0.923013	-0.373481	0.0762921	0.380559	-0.921604
7.23333	0.99536	0.0542472	0.0794775	0.0804878	-0.922016	-0.378692	0.0527366	0.383332	-0.922104
7.26667	0.997369	0.0479285	0.0543804	0.0653474	-0.919175	-0.38839	0.0313702	0.390921	-0.919889
7.3	0.998823	0.0384457	0.0295676	0.047038	-0.91646	-0.397351	0.0118212	0.398274	-0.91719
7.33333	0.999548	0.0299673	0.00246134	0.0284013	-0.91409	-0.404515	-0.00987233	0.404402	-0.914528
7.36667	0.999454	0.0218597	-0.0247673	0.00978996	-0.912064	-0.40993	-0.0315504	0.409464	-0.911781
7.4	0.998524	0.0114145	-0.0530975	-0.0117182	-0.909356	-0.415853	-0.0530313	0.415862	-0.90788
7.43333	0.996638	-0.00161438	-0.0819138	-0.0361804	-0.905709	-0.422354	-0.0735082	0.423898	-0.902722
7.46667	0.993965	-0.0142799	-0.108766	-0.0595491	-0.902928	-0.425647	-0.0921299	0.429555	-0.898329
7.5	0.990386	-0.0278292	-0.135502	-0.0837846	-0.900115	-0.42752	-0.11007	0.434762	-0.893793
7.53333	0.985958	-0.0446402	-0.160916	-0.111024	-0.895028	-0.431971	-0.124741	0.44377	-0.887416
7.56667	0.980523	-0.060796	-0.186759	-0.137644	-0.891014	-0.432606	-0.140104	0.449886	-0.882028
7.6	0.974213	-0.0774154	-0.211933	-0.164359	-0.887004	-0.43152	-0.154579	0.455226	-0.876855
7.63333	0.966935	-0.0937402	-0.237171	-0.191409	-0.881311	-0.432035	-0.168522	0.463146	-0.870113
7.66667	0.960541	-0.104797	-0.257639	-0.211137	-0.877719	-0.430151	-0.181056	0.467575	-0.865212
7.7	0.954011	-0.110316	-0.278736	-0.226381	-0.874644	-0.428659	-0.196507	0.472046	-0.859394
7.73333	0.94724	-0.109302	-0.301312	-0.238027	-0.869452	-0.432893	-0.21466	0.481775	-0.849596
7.76667	0.941052	-0.0985668	-0.323582	-0.243142	-0.862152	-0.444494	-0.235164	0.496969	-0.835296
7.8	0.9309	-0.0981718	-0.351835	-0.26333	-0.847894	-0.460145	-0.253145	0.520997	-0.815156
7.83333	0.918343	-0.10969	-0.380281	-0.296646	-0.826819	-0.477881	-0.262005	0.551668	-0.791843
7.86667	0.907618	-0.11878	-0.402641	-0.327755	-0.799814	-0.502866	-0.262307	0.588379	-0.764857
7.9	0.900572	-0.123986	-0.416651	-0.350149	-0.774901	-0.526236	-0.257617	0.619803	-0.741267
7.93333	0.895904	-0.127822	-0.425462	-0.368025	-0.749966	-0.549644	-0.248826	0.649009	-0.718939
7.96667	0.89295	-0.126893	-0.4319	-0.385439	-0.711162	-0.587951	-0.232544	0.691482	-0.683941
8	0.893515	-0.126352	-0.430889	-0.398348	-0.665926	-0.630763	-0.207242	0.73524	-0.645347
8.03333	0.898563	-0.128131	-0.419722	-0.401436	-0.626391	-0.668194	-0.177294	0.768906	-0.614288
8.06667	0.907927	-0.131286	-0.398037	-0.393249	-0.595377	-0.700629	-0.144999	0.792648	-0.592187
8.1	0.918647	-0.138873	-0.369868	-0.378722	-0.576134	-0.72432	-0.112505	0.805471	-0.581858
8.13333	0.928711	-0.152296	-0.338086	-0.362255	-0.567315	-0.739544	-0.0791717	0.809296	-0.582042
8.16667	0.937687	-0.168787	-0.303732	-0.34421	-0.570839	-0.745428	-0.0475632	0.803526	-0.593366
8.2	0.946183	-0.186468	-0.264513	-0.323072	-0.592261	-0.738141	-0.0190211	0.783873	-0.62063
8.23333	0.954651	-0.202855	-0.217923	-0.297598	-0.628753	-0.718404	0.00871252	0.750679	-0.660609
8.26667	0.962255	-0.216069	-0.16547	-0.269617	-0.674065	-0.687709	0.0370551	0.706365	-0.706878
8.3	0.969099	-0.222439	-0.106622	-0.237216	-0.721859	-0.650114	0.0676452	0.655317	-0.752319
8.33333	0.974534	-0.220237	-0.0421683	-0.200069	-0.769056	-0.607062	0.101268	0.60004	-0.793535
8.36667	0.977448	-0.209591	0.0258388	-0.160296	-0.816018	-0.555356	0.137483	0.538689	-0.831211
8.4	0.977062	-0.191837	0.0924608	-0.120923	-0.857173	-0.500631	0.175295	0.477967	-0.860709
8.43333	0.973275	-0.16951	0.154926	-0.0843025	-0.891271	-0.445567	0.213609	0.420598	-0.881742
8.46667	0.967123	-0.145295	0.208716	-0.0529895	-0.917837	-0.393405	0.248727	0.369412	-0.89536
8.5	0.960362	-0.120547	0.251343	-0.0284288	-0.939314	-0.341879	0.277303	0.321183	-0.905508
8.53333	0.956181	-0.0990844	0.2755	-0.0127043	-0.954147	-0.299068	0.292501	0.282463	-0.913596
8.56667	0.957888	-0.0821421	0.275141	0.00201097	-0.956266	-0.29249	0.287134	0.280726	-0.915831
8.6	0.964585	-0.0627245	0.256204	0.0197989	-0.951357	-0.307455	0.263026	0.301639	-0.916423
8.63333	0.967907	-0.0243345	0.250128	0.0546951	-0.951044	-0.304176	0.245285	0.308095	-0.919191
8.66667	0.968127	0.00567194	0.250395	0.0977571	-0.929004	-0.356924	0.230594	0.370026	-0.899949
8.7	0.971441	0.0279788	0.235624	0.119388	-0.915804	-0.38347	0.205057	0.40065	-0.89299
8.73333	0.976755	0.0427332	0.210057	0.122352	-0.915762	-0.382634	0.176011	0.399441	-0.899704
8.76667	0.980931	0.0571067	0.185777	0.126067	-0.914453	-0.384555	0.147923	0.400642	-0.904215
8.8	0.983016	0.0709568	0.16925	0.135143	-0.903826	-0.405998	0.124164	0.421975	-0.898065
8.83333	0.985488	0.0796229	0.14991	0.136614	-0.896209	-0.422073	0.100744	0.436428	-0.894081
8.86667	0.989253	0.0796782	0.1226	0.125176	-0.894842	-0.428472	0.0755681	0.439214	-0.895199
8.9	0.992848	0.073519	0.0940616	0.107489	-0.893337	-0.436343	0.0519492	0.443333	-0.89485
8.93333	0.995565	0.0652445	0.0677769	0.0888023	-0.889581	-0.448061	0.0310596	0.452093	-0.89143
8.96667	0.997581	0.0554908	0.0418745	0.0685352	-0.885951	-0.458686	0.011646	0.460446	-0.887611
9	0.998854	0.0458299	0.0138204	0.0470056	-0.88451	-0.464147	-0.00904752	0.464265	-0.88565
9.03333	0.99925	0.0354709	-0.0155603	0.0240678	-0.883354	-0.468088	-0.0303487	0.467362	-0.883545
9.06667	0.998795	0.0182218	-0.0455653	-0.00546069	-0.881473	-0.472204	-0.0487689	0.471884	-0.880311
9.1	0.997052	-0.00273963	-0.0766762	-0.0388308	-0.879941	-0.473494	-0.0661733	0.475075	-0.877454
9.13333	0.994148	-0.0230452	-0.105536	-0.0705719	-0.878224	-0.473014	-0.0817836	0.477694	-0.874711
9.16667	0.990265	-0.0428773	-0.132428	-0.100482	-0.878574	-0.466917	-0.0963279	0.475678	-0.874329
9.2	0.985491	-0.0633737	-0.157449	-0.129947	-0.878484	-0.459761	-0.10918	0.47355	-0.873974
9.23333	0.980108	-0.0822726	-0.180609	-0.157089	-0.877753	-0.452628	-0.121291	0.471996	-0.873217
9.26667	0.974712	-0.0975315	-0.201058	-0.179846	-0.876399	-0.446743	-0.132636	0.471605	-0.871778
9.3	0.96932	-0.108837	-0.220391	-0.199151	-0.87329	-0.444638	-0.144072	0.474888	-0.868173
9.33333	0.963763	-0.115526	-0.240447	-0.215615	-0.868086	-0.447144	-0.157072	0.482785	-0.861538
9.36667	0.958257	-0.115922	-0.261353	-0.22771	-0.862214	-0.452476	-0.17289	0.493101	-0.85262
9.4	0.952715	-0.107743	-0.284122	-0.234046	-0.856518	-0.459999	-0.193794	0.504745	-0.841235
9.43333	0.944889	-0.101678	-0.311202	-0.244918	-0.850314	-0.465813	-0.217257	0.51636	-0.828355
9.46667	0.935396	-0.104273	-0.337878	-0.263238	-0.843338	-0.468494	-0.236094	0.52717	-0.816304
9.5	0.922457	-0.115573	-0.368396	-0.292959	-0.831009	-0.472863	-0.25149	0.544121	-0.800428
9.53333	0.909901	-0.128441	-0.394441	-0.325619	-0.810253	-0.487301	-0.257008	0.571833	-0.779073
9.56667	0.902062	-0.132464	-0.410776	-0.348613	-0.784741	-0.512494	-0.254465	0.605503	-0.754064
9.6	0.895334	-0.134862	-0.424487	-0.369118	-0.75803	-0.537719	-0.249256	0.638124	-0.72847
9.63333	0.887689	-0.140028	-0.438634	-0.391383	-0.731281	-0.558612	-0.242544	0.667548	-0.703955
9.66667	0.881771	-0.141743	-0.449877	-0.410833	-0.699368	-0.584894	-0.231725	0.700567	-0.674915
9.7	0.880073	-0.140609	-0.453543	-0.422334	-0.668371	-0.612303	-0.21704	0.730417	-0.647599
9.73333	0.88421	-0.138248	-0.446161	-0.422341	-0.644611	-0.637264	-0.1995	0.751907	-0.628359
9.76667	0.894927	-0.135188	-0.42524	-0.409129	-0.628974	-0.661064	-0.178097	0.765582	-0.618195
9.8	0.909092	-0.133606	-0.394589	-0.387707	-0.617902	-0.684018	-0.152429	0.774821	-0.61353
9.83333	0.924291	-0.137146	-0.356197	-0.362109	-0.610123	-0.704718	-0.120675	0.780347	-0.613593
9.86667	0.938596	-0.145689	-0.312749	-0.33489	-0.602723	-0.724275	-0.0829825	0.784538	-0.614503
9.9	0.95146	-0.15906	-0.263483	-0.304898	-0.603843	-0.736485	-0.0419571	0.781072	-0.62303
9.93333	0.961567	-0.177797	-0.20923	-0.274563	-0.616848	-0.737641	0.00208743	0.766738	-0.641957
9.96667	0.968668	-0.197228	-0.150939	-0.24416	-0.644972	-0.724153	0.0454716	0.738317	-0.672919
10	0.973808	-0.209544	-0.0882589	-0.211151	-0.689431	-0.692893	0.0843434	0.693381	-0.715618
10.0333	0.977751	-0.208736	-0.0207971	-0.172773	-0.745116	-0.644168	0.118964	0.633429	-0.764601
10.0667	0.980035	-0.191957	0.0517963	-0.127577	-0.806947	-0.57668	0.152495	0.558559	-0.815326
10.1	0.979064	-0.162531	0.122546	-0.0812479	-0.864033	-0.496835	0.186635	0.476477	-0.859149
10.1333	0.973279	-0.130302	0.189075	-0.0407351	-0.908321	-0.416285	0.225983	0.397459	-0.889358
10.1667	0.964458	-0.101941	0.243779	-0.0100154	-0.936025	-0.351792	0.264045	0.336847	-0.903778
10.2	0.955923	-0.0800883	0.282484	0.00385617	-0.958574	-0.284819	0.293592	0.273354	-0.916014
10.2333	0.953328	-0.0649922	0.294859	0.00799785	-0.970781	-0.239836	0.301831	0.231	-0.924952
10.2667	0.959203	-0.0476972	0.278666	0.0234274	-0.968866	-0.246474	0.281746	0.242947	-0.928222
10.3	0.96354	-0.00710264	0.26747	0.0646857	-0.963811	-0.258619	0.259628	0.266491	-0.928211
10.3333	0.964932	0.0307101	0.260699	0.111448	-0.947109	-0.300939	0.237668	0.31944	-0.917318
10.3667	0.97015	0.0513669	0.237004	0.126141	-0.94158	-0.312273	0.207118	0.332848	-0.919954
10.4	0.977688	0.0571265	0.202147	0.118405	-0.944743	-0.305683	0.173515	0.322797	-0.930427
10.4333	0.984047	0.0609899	0.167128	0.111132	-0.944304	-0.309741	0.138929	0.323373	-0.936018
10.4667	0.988293	0.0638557	0.138559	0.10663	-0.938651	-0.32797	0.109116	0.338905	-0.934472
10.5	0.992584	0.0550837	0.108363	0.0894451	-0.934623	-0.344208	0.0823181	0.351348	-0.932619
10.5333	0.996727	0.0365936	0.0720785	0.0600687	-0.931982	-0.357492	0.054094	0.360652	-0.931131
10.5667	0.999264	0.0167431	0.0345105	0.0283725	-0.928094	-0.371264	0.0258129	0.37197	-0.927886
10.6	0.999991	-0.00407543	-0.00141721	-0.00430703	-0.923078	-0.384589	0.000259175	0.384592	-0.923087
10.6333	0.998931	-0.0255748	-0.0385062	-0.0387175	-0.917991	-0.394708	-0.0252538	0.395777	-0.918
10.6667	0.99583	-0.0456207	-0.0790005	-0.0738358	-0.911654	-0.404272	-0.053578	0.408419	-0.911221
10.7	0.990875	-0.0638755	-0.118685	-0.107624	-0.905067	-0.411426	-0.081138	0.420445	-0.903683
10.7333	0.98416	-0.083405	-0.156439	-0.141816	-0.899902	-0.41239	-0.106384	0.428043	-0.897475
10.7667	0.975531	-0.104633	-0.19337	-0.177325	-0.894397	-0.41062	-0.129985	0.434862	-0.891066
10.8	0.96677	-0.118428	-0.226561	-0.205659	-0.886702	-0.414082	-0.151853	0.446916	-0.881593
10.8333	0.958126	-0.127527	-0.25638	-0.228328	-0.880571	-0.415283	-0.172801	0.456433	-0.872817
10.8667	0.949019	-0.132325	-0.286101	-0.247094	-0.875844	-0.414539	-0.195726	0.464099	-0.863889
10.9	0.939886	-0.129072	-0.316155	-0.26131	-0.867863	-0.422529	-0.219842	0.479744	-0.849421
10.9333	0.930953	-0.115776	-0.346298	-0.268255	-0.860282	-0.433537	-0.247721	0.496499	-0.831939
10.9667	0.920092	-0.0978166	-0.379292	-0.276799	-0.847506	-0.452898	-0.277151	0.521696	-0.806859
