0	0.857478	-0.514521	0	0.514521	0.857478	0	0	0	1
0.0333333	0.820969	-0.547422	-0.162294	0.53211	0.836605	-0.1302	0.20705	0.0205316	0.978115
0.0666667	0.838733	-0.396793	-0.372937	0.326114	0.914477	-0.239544	0.436092	0.0792931	0.896402
0.1	0.803642	-0.281457	-0.524348	0.147021	0.947677	-0.283359	0.576667	0.150629	0.802974
0.133333	0.75411	-0.198535	-0.62602	0.00794437	0.955901	-0.293583	0.6567	0.216421	0.722432
0.166667	0.708957	-0.140633	-0.691088	-0.0935942	0.952487	-0.289841	0.699014	0.270167	0.66211
0.2	0.673535	-0.101118	-0.732206	-0.164876	0.945087	-0.282182	0.720532	0.310783	0.619877
0.233333	0.64821	-0.0743434	-0.757824	-0.213825	0.937407	-0.274858	0.730823	0.340208	0.59174
0.266667	0.631654	-0.0556791	-0.773248	-0.247633	0.930674	-0.269302	0.734637	0.361588	0.574076
0.3	0.621575	-0.043324	-0.782155	-0.269739	0.925572	-0.265628	0.735449	0.376085	0.563626
0.333333	0.615738	-0.0341977	-0.787209	-0.285523	0.921476	-0.26336	0.7344	0.386927	0.557623
0.366667	0.612832	-0.0274973	-0.789735	-0.296637	0.918301	-0.262163	0.732423	0.394926	0.554608
0.4	0.611829	-0.0229179	-0.790658	-0.30389	0.916056	-0.26171	0.730285	0.400395	0.553505
0.433333	0.611804	-0.0193581	-0.790773	-0.309264	0.914272	-0.261652	0.728047	0.404637	0.553369
0.466667	0.612041	-0.0167974	-0.790648	-0.313033	0.912971	-0.261715	0.726234	0.40768	0.553517
0.5	0.612436	-0.0146859	-0.790383	-0.316067	0.911886	-0.261851	0.724585	0.410181	0.55383
0.533333	0.612132	-0.0126184	-0.790655	-0.31926	0.910813	-0.26171	0.723441	0.412626	0.553509
0.566667	0.611785	-0.0115975	-0.790939	-0.320901	0.910279	-0.261562	0.723009	0.413833	0.553174
0.6	0.611325	-0.010877	-0.791305	-0.32213	0.9099	-0.261369	0.722852	0.414684	0.552741
0.633333	0.610632	-0.0101958	-0.791849	-0.323376	0.90954	-0.261082	0.72288	0.41549	0.552097
0.666667	0.609706	-0.00948914	-0.792571	-0.324738	0.909165	-0.260698	0.723052	0.416328	0.551242
0.7	0.609051	-0.00869306	-0.793084	-0.326145	0.90874	-0.260425	0.722971	0.417272	0.550633
0.733333	0.608402	-0.00826972	-0.793586	-0.326992	0.908513	-0.260155	0.723135	0.417775	0.550037
0.766667	0.607675	-0.00829731	-0.794142	-0.327188	0.908528	-0.259856	0.723656	0.417742	0.549375
0.8	0.607037	-0.00847147	-0.794629	-0.327136	0.908622	-0.259594	0.724216	0.417535	0.548795
0.833333	0.607018	-0.00871001	-0.79464	-0.326784	0.90875	-0.259588	0.72439	0.41725	0.548781
0.866667	0.606915	-0.00949679	-0.79471	-0.325635	0.909173	-0.25955	0.724993	0.416311	0.548698
0.9	0.606885	-0.0103116	-0.794723	-0.32442	0.909609	-0.259543	0.725564	0.415337	0.548683
0.933333	0.606959	-0.0107564	-0.79466	-0.323726	0.909847	-0.259577	0.725811	0.414805	0.548758
0.966667	0.607087	-0.0107993	-0.794562	-0.32362	0.90987	-0.259629	0.725752	0.414754	0.548875
1	0.607315	-0.0109125	-0.794386	-0.323375	0.90993	-0.259723	0.72567	0.414618	0.549085
1.03333	0.60789	-0.0108775	-0.793946	-0.32324	0.909911	-0.259957	0.725249	0.41466	0.54961
1.06667	0.608	-0.0112904	-0.793857	-0.322583	0.910131	-0.260004	0.725449	0.414168	0.549717
1.1	0.608719	-0.0114459	-0.793304	-0.322114	0.910213	-0.260298	0.725055	0.413982	0.550377
1.13333	0.609231	-0.0118408	-0.792904	-0.321353	0.910422	-0.260509	0.724962	0.413512	0.550852
1.16667	0.609831	-0.0118946	-0.792442	-0.321075	0.91045	-0.260752	0.72458	0.413448	0.551402
1.2	0.610351	-0.011688	-0.792045	-0.321214	0.910341	-0.260961	0.724081	0.413694	0.551873
1.23333	0.610903	-0.0115037	-0.791622	-0.321307	0.910244	-0.261184	0.723574	0.413912	0.552375
1.26667	0.611122	-0.0113709	-0.791455	-0.321434	0.910174	-0.261272	0.723333	0.414069	0.552572
1.3	0.611319	-0.0110455	-0.791307	-0.321855	0.910003	-0.26135	0.722979	0.414454	0.552747
1.33333	0.611358	-0.0107561	-0.791281	-0.322275	0.909851	-0.261363	0.722759	0.414796	0.552778
1.36667	0.611527	-0.0104525	-0.791154	-0.322672	0.909691	-0.26143	0.722438	0.415155	0.552928
1.4	0.611332	-0.0108168	-0.7913	-0.322193	0.909883	-0.261353	0.722817	0.414725	0.552755
1.43333	0.611466	-0.0111075	-0.791193	-0.321714	0.910036	-0.26141	0.722917	0.414381	0.552882
1.46667	0.611419	-0.0117916	-0.791219	-0.320707	0.910395	-0.261396	0.723404	0.413572	0.552851
1.5	0.611747	-0.0121371	-0.790961	-0.320082	0.910576	-0.261531	0.723404	0.413163	0.553157
1.53333	0.612207	-0.0122206	-0.790603	-0.319805	0.91062	-0.261718	0.723137	0.413065	0.553579
1.56667	0.612498	-0.0122921	-0.790377	-0.319602	0.910657	-0.261836	0.722981	0.41298	0.553847
1.6	0.612843	-0.0122409	-0.79011	-0.319564	0.91063	-0.261975	0.722705	0.413041	0.554161
1.63333	0.612517	-0.0122503	-0.790362	-0.319658	0.910635	-0.261844	0.72294	0.413029	0.553864
1.66667	0.612854	-0.0121204	-0.790103	-0.31974	0.910567	-0.261979	0.722617	0.413183	0.55417
1.7	0.613332	-0.0119602	-0.789735	-0.319821	0.910484	-0.262171	0.722176	0.413371	0.554604
1.73333	0.613533	-0.0120192	-0.789578	-0.319666	0.910515	-0.262253	0.722074	0.413302	0.554789
1.76667	0.613939	-0.0119894	-0.789262	-0.319575	0.910499	-0.262417	0.721769	0.413337	0.55516
1.8	0.614399	-0.0118085	-0.788907	-0.319692	0.910405	-0.262602	0.721326	0.41355	0.555577
1.83333	0.614581	-0.0117642	-0.788766	-0.319697	0.910382	-0.262676	0.721168	0.413602	0.555743
1.86667	0.614441	-0.0117314	-0.788875	-0.319792	0.910365	-0.262619	0.721245	0.41364	0.555614
1.9	0.613875	-0.0119268	-0.789314	-0.31969	0.910467	-0.262391	0.721773	0.413411	0.555099
1.93333	0.613442	-0.0120255	-0.789648	-0.319686	0.910518	-0.262216	0.722142	0.413294	0.554706
1.96667	0.613254	-0.0125096	-0.789787	-0.319027	0.91077	-0.262144	0.722593	0.412724	0.554543
2	0.613359	-0.0129369	-0.789698	-0.318354	0.910992	-0.26219	0.722801	0.412221	0.554647
2.03333	0.613372	-0.0127992	-0.78969	-0.318556	0.910921	-0.262194	0.722701	0.412383	0.554656
2.06667	0.613385	-0.0127545	-0.789681	-0.318618	0.910897	-0.262199	0.722663	0.412436	0.554667
2.1	0.613385	-0.0127926	-0.78968	-0.318561	0.910917	-0.2622	0.722687	0.412391	0.554668
2.13333	0.613479	-0.0124506	-0.789613	-0.31904	0.91074	-0.262234	0.722397	0.412794	0.554747
2.16667	0.613634	-0.0124144	-0.789493	-0.319043	0.910721	-0.262297	0.722264	0.412836	0.554889
2.2	0.613835	-0.0124154	-0.789337	-0.318974	0.910721	-0.262378	0.722123	0.412835	0.555072
2.23333	0.614135	-0.0123145	-0.789105	-0.319025	0.910669	-0.262499	0.721846	0.412954	0.555345
2.26667	0.614567	-0.0122561	-0.78877	-0.318968	0.910638	-0.262673	0.721503	0.413022	0.555739
2.3	0.615144	-0.0122567	-0.78832	-0.318775	0.910639	-0.262906	0.721097	0.413022	0.556267
2.33333	0.614543	-0.0120285	-0.788792	-0.319315	0.91052	-0.262661	0.72137	0.413289	0.555713
2.36667	0.613159	-0.0124089	-0.789862	-0.319208	0.910718	-0.262104	0.722594	0.412842	0.554454
2.4	0.61131	-0.0125239	-0.791292	-0.319648	0.910778	-0.261358	0.723965	0.412706	0.552764
2.43333	0.609442	-0.0132902	-0.79272	-0.319115	0.911179	-0.260611	0.725773	0.411796	0.551069
2.46667	0.606359	-0.0139048	-0.795069	-0.319198	0.911502	-0.259377	0.728314	0.411061	0.548259
2.5	0.602753	-0.0143996	-0.797798	-0.319619	0.911764	-0.257935	0.731117	0.410463	0.544965
2.53333	0.599604	-0.0155253	-0.800146	-0.318916	0.912362	-0.256688	0.734008	0.409091	0.542104
2.56667	0.597101	-0.0162977	-0.802	-0.318532	0.912773	-0.255701	0.736212	0.408142	0.539827
2.6	0.595542	-0.0167321	-0.80315	-0.318359	0.913005	-0.255087	0.737548	0.407605	0.538406
2.63333	0.594197	-0.0172357	-0.804135	-0.318008	0.913274	-0.25456	0.738783	0.40698	0.537184
2.66667	0.591527	-0.0178179	-0.806089	-0.317948	0.913587	-0.253512	0.740949	0.406253	0.534746
2.7	0.586786	-0.0185367	-0.80953	-0.318308	0.913975	-0.251653	0.744555	0.405346	0.530408
2.73333	0.580465	-0.0196453	-0.814048	-0.31851	0.91458	-0.249188	0.749408	0.403927	0.524625
2.76667	0.573006	-0.0212127	-0.819277	-0.318268	0.915446	-0.246301	0.755228	0.401882	0.517805
2.8	0.564685	-0.0227698	-0.824993	-0.318218	0.916318	-0.243102	0.761491	0.399804	0.510185
2.83333	0.555883	-0.0238532	-0.830918	-0.318996	0.916936	-0.23973	0.767617	0.398321	0.5021
2.86667	0.547543	-0.0249261	-0.836407	-0.319578	0.917558	-0.236552	0.773348	0.396819	0.494436
2.9	0.540443	-0.0259488	-0.84098	-0.319827	0.918161	-0.233862	0.778224	0.395357	0.487915
2.93333	0.535464	-0.0267153	-0.844135	-0.319883	0.918617	-0.231985	0.781635	0.394244	0.483341
2.96667	0.530783	-0.0271465	-0.847073	-0.320412	0.918877	-0.23022	0.784606	0.393609	0.479026
3	0.525858	-0.0277108	-0.850121	-0.320751	0.919221	-0.228369	0.787777	0.392767	0.474491
3.03333	0.523511	-0.0292258	-0.851517	-0.318701	0.920144	-0.227518	0.790168	0.390487	0.472392
3.06667	0.522504	-0.0309597	-0.852075	-0.31589	0.921196	-0.227179	0.791961	0.387864	0.471549
3.1	0.524927	-0.0325553	-0.850524	-0.312409	0.922153	-0.22811	0.79174	0.385452	0.473893
3.13333	0.531304	-0.0339864	-0.846499	-0.308163	0.922993	-0.230476	0.789146	0.383312	0.479917
3.16667	0.540531	-0.0350323	-0.840595	-0.303805	0.92359	-0.233848	0.784557	0.381779	0.488585
3.2	0.550529	-0.0357846	-0.834048	-0.299706	0.924005	-0.23747	0.779162	0.380703	0.497967
3.23333	0.560941	-0.0362257	-0.827063	-0.295966	0.924239	-0.241216	0.773142	0.380091	0.507722
3.26667	0.570829	-0.0365972	-0.820253	-0.292438	0.924431	-0.244759	0.767225	0.379589	0.51699
3.3	0.578893	-0.0354739	-0.814631	-0.291836	0.92386	-0.247615	0.76139	0.381082	0.524464
3.33333	0.585827	-0.0329391	-0.809767	-0.293774	0.922587	-0.250059	0.755317	0.38438	0.530799
3.36667	0.600461	-0.0292056	-0.79912	-0.295038	0.920735	-0.255342	0.743236	0.389094	0.544249
3.4	0.615208	-0.0243154	-0.787989	-0.29771	0.918351	-0.260769	0.729991	0.39502	0.557738
3.43333	0.619852	-0.0188679	-0.784492	-0.304321	0.915694	-0.262477	0.723307	0.401434	0.561852
3.46667	0.614069	-0.0149497	-0.789111	-0.312087	0.913736	-0.26017	0.724929	0.406033	0.556431
3.5	0.604858	-0.0142761	-0.796205	-0.316105	0.913388	-0.256514	0.730907	0.406839	0.547957
3.53333	0.59452	-0.0174254	-0.803892	-0.314569	0.915042	-0.252475	0.739995	0.402981	0.538529
3.56667	0.582008	-0.0229952	-0.812858	-0.309706	0.917996	-0.247719	0.751897	0.395921	0.527159
3.6	0.568932	-0.0284611	-0.821892	-0.304819	0.920917	-0.242893	0.763808	0.388718	0.515263
3.63333	0.55703	-0.0328242	-0.829844	-0.301064	0.92327	-0.238608	0.774001	0.382748	0.504407
3.66667	0.547377	-0.0369699	-0.836069	-0.296786	0.925518	-0.235232	0.782494	0.376894	0.495635
3.7	0.540609	-0.0411136	-0.840269	-0.29153	0.927761	-0.232958	0.789147	0.370902	0.48957
3.73333	0.537046	-0.0457718	-0.84231	-0.284376	0.930252	-0.231865	0.794173	0.364055	0.486572
3.76667	0.536926	-0.0496914	-0.842164	-0.277515	0.932303	-0.231941	0.796678	0.358249	0.486788
3.8	0.538588	-0.0530162	-0.840899	-0.271202	0.933998	-0.232588	0.797729	0.353322	0.488663
3.83333	0.541077	-0.0555695	-0.839135	-0.266021	0.935268	-0.233467	0.79779	0.349551	0.491269
3.86667	0.545391	-0.0572424	-0.836225	-0.261887	0.93608	-0.234882	0.796218	0.347099	0.495539
3.9	0.550714	-0.0584574	-0.832644	-0.258272	0.936656	-0.236582	0.793731	0.345338	0.500732
3.93333	0.556209	-0.0594125	-0.828916	-0.255057	0.937098	-0.238312	0.790935	0.343972	0.506069
3.96667	0.561536	-0.0602377	-0.825257	-0.252108	0.937473	-0.239972	0.788111	0.342807	0.511238
4	0.566649	-0.060602	-0.821728	-0.249996	0.937635	-0.241543	0.785118	0.342299	0.516159
4.03333	0.571091	-0.0604752	-0.818656	-0.248898	0.937579	-0.24289	0.782244	0.342475	0.52039
4.06667	0.574107	-0.0600885	-0.816572	-0.248646	0.93741	-0.243796	0.780113	0.343003	0.523233
4.1	0.576378	-0.0592412	-0.815033	-0.249374	0.937043	-0.244463	0.778203	0.344151	0.525318
4.13333	0.578433	-0.0591304	-0.813584	-0.24894	0.936995	-0.245089	0.776817	0.344301	0.527269
4.16667	0.581315	-0.0589484	-0.811541	-0.248369	0.936917	-0.245965	0.774846	0.344544	0.530003
4.2	0.584799	-0.0586764	-0.809053	-0.247753	0.936802	-0.247022	0.772417	0.344904	0.533304
4.23333	0.588748	-0.0579202	-0.806239	-0.247771	0.936484	-0.248209	0.769406	0.345895	0.537002
4.26667	0.59364	-0.0563859	-0.802753	-0.24873	0.935841	-0.249671	0.765327	0.347883	0.541527
4.3	0.599563	-0.0532419	-0.798554	-0.251892	0.934523	-0.25143	0.759654	0.351898	0.546894
4.33333	0.603155	-0.0485614	-0.796144	-0.258146	0.932539	-0.252451	0.754695	0.357789	0.54993
4.36667	0.603339	-0.0440066	-0.79627	-0.265231	0.930564	-0.252396	0.752087	0.363476	0.549773
4.4	0.603734	-0.0409128	-0.796135	-0.26994	0.929193	-0.252455	0.750092	0.367324	0.549941
4.43333	0.602482	-0.0395462	-0.797152	-0.272471	0.928578	-0.251998	0.750183	0.369025	0.548676
4.46667	0.596021	-0.0377168	-0.802083	-0.277374	0.927736	-0.249739	0.75354	0.371327	0.542488
4.5	0.585039	-0.03477	-0.81026	-0.285435	0.92633	-0.245846	0.759116	0.375106	0.532014
4.53333	0.572402	-0.0326098	-0.819324	-0.292709	0.925249	-0.24132	0.765949	0.377955	0.52007
4.56667	0.55803	-0.0321731	-0.829197	-0.297598	0.925019	-0.236167	0.774621	0.378556	0.506613
4.6	0.542173	-0.033479	-0.8396	-0.299818	0.925726	-0.230521	0.784957	0.37671	0.491866
4.63333	0.527225	-0.034985	-0.849005	-0.301219	0.926572	-0.225236	0.794544	0.374487	0.477974
4.66667	0.514192	-0.0364489	-0.8569	-0.301995	0.927419	-0.220664	0.802749	0.372244	0.465864
4.7	0.503345	-0.0380058	-0.863249	-0.301889	0.928342	-0.216898	0.809634	0.36978	0.455803
4.73333	0.495825	-0.0397478	-0.867512	-0.300492	0.929391	-0.214329	0.814777	0.36695	0.448871
4.76667	0.491176	-0.0410556	-0.870092	-0.299147	0.930185	-0.212763	0.818081	0.364789	0.444603
4.8	0.489627	-0.0413647	-0.87095	-0.298933	0.930373	-0.21224	0.819088	0.364274	0.44317
4.83333	0.490691	-0.0409864	-0.870369	-0.299399	0.930142	-0.212594	0.81828	0.364906	0.444141
4.86667	0.493956	-0.0399787	-0.868567	-0.300522	0.929528	-0.213692	0.815901	0.366578	0.447131
4.9	0.498922	-0.0387801	-0.865779	-0.301561	0.928801	-0.215383	0.812489	0.368544	0.451704
4.93333	0.505118	-0.038336	-0.862198	-0.30084	0.928534	-0.217532	0.80892	0.369263	0.457486
4.96667	0.51385	-0.037218	-0.857072	-0.300674	0.927873	-0.220559	0.803463	0.371034	0.465598
5	0.523974	-0.0360356	-0.850972	-0.300175	0.927188	-0.224092	0.797086	0.372859	0.475005
5.03333	0.534691	-0.0347875	-0.844331	-0.299527	0.92648	-0.227854	0.790183	0.374732	0.484961
5.06667	0.545855	-0.0335483	-0.837208	-0.298625	0.925793	-0.2318	0.782857	0.37654	0.49533
5.1	0.558273	-0.0325864	-0.829017	-0.296772	0.925271	-0.23622	0.774763	0.377904	0.506883
5.13333	0.5632	-0.0315653	-0.825718	-0.297061	0.92473	-0.237967	0.771078	0.379311	0.511431
5.16667	0.564596	-0.0298153	-0.824829	-0.299553	0.923805	-0.238438	0.76909	0.381701	0.512645
5.2	0.562704	-0.0279757	-0.826185	-0.303139	0.922821	-0.237712	0.769071	0.384211	0.510795
5.23333	0.568035	-0.0249394	-0.822626	-0.30659	0.921183	-0.239632	0.763766	0.388328	0.515619
5.26667	0.581798	-0.0196522	-0.813096	-0.311041	0.918339	-0.244757	0.751508	0.395306	0.528176
5.3	0.595047	-0.0123924	-0.803595	-0.318367	0.91445	-0.249847	0.737944	0.404509	0.540196
5.33333	0.600419	-0.00561819	-0.799666	-0.327068	0.910788	-0.251974	0.729742	0.412836	0.545017
5.36667	0.596564	-0.00294629	-0.80256	-0.332348	0.909315	-0.250381	0.730518	0.416098	0.541485
5.4	0.588226	-0.00557338	-0.808678	-0.330883	0.910784	-0.246959	0.737907	0.412845	0.533902
5.43333	0.578869	-0.0108663	-0.815348	-0.325413	0.913759	-0.24321	0.747674	0.406111	0.525411
5.46667	0.569776	-0.0163564	-0.821637	-0.319305	0.916842	-0.239678	0.757232	0.398916	0.517171
5.5	0.561231	-0.021216	-0.827387	-0.31383	0.919565	-0.236456	0.765853	0.392366	0.50943
5.53333	0.55636	-0.0248292	-0.83057	-0.309214	0.921582	-0.234678	0.771265	0.38739	0.505053
5.56667	0.554046	-0.0281777	-0.832009	-0.304255	0.923433	-0.233881	0.774895	0.382723	0.503051
5.6	0.55402	-0.031413	-0.831911	-0.298815	0.925194	-0.233934	0.777028	0.378191	0.503189
5.63333	0.556747	-0.0351616	-0.829938	-0.29173	0.927187	-0.234983	0.77777	0.372944	0.505951
5.66667	0.560087	-0.0390607	-0.827513	-0.284227	0.929198	-0.236234	0.778151	0.367513	0.509329
5.7	0.56271	-0.0427585	-0.825548	-0.277272	0.931047	-0.237217	0.778767	0.362386	0.512054
5.73333	0.56499	-0.0457468	-0.823828	-0.27161	0.932501	-0.238054	0.779111	0.358258	0.514429
5.76667	0.564477	-0.0491361	-0.823985	-0.266074	0.934115	-0.237979	0.78139	0.353575	0.514212
5.8	0.559861	-0.0538231	-0.826836	-0.25948	0.936306	-0.236646	0.786909	0.347036	0.510236
5.83333	0.553216	-0.0588354	-0.830958	-0.252781	0.938613	-0.234749	0.793759	0.339917	0.504383
5.86667	0.54701	-0.0641911	-0.834661	-0.245207	0.941037	-0.233073	0.800408	0.332158	0.499016
5.9	0.540404	-0.0696397	-0.838519	-0.237414	0.943454	-0.231362	0.807216	0.324105	0.493313
5.93333	0.533466	-0.0746127	-0.842524	-0.230389	0.945619	-0.229619	0.81384	0.316602	0.487265
5.96667	0.527834	-0.078275	-0.845733	-0.225244	0.947191	-0.228243	0.818936	0.310971	0.482328
6	0.525384	-0.0806986	-0.84703	-0.221446	0.948218	-0.227694	0.821543	0.307198	0.480308
6.03333	0.526024	-0.0815754	-0.846549	-0.219656	0.948585	-0.227896	0.821614	0.305828	0.48106
6.06667	0.528617	-0.0810652	-0.844981	-0.219892	0.948374	-0.228548	0.819885	0.306619	0.483501
6.1	0.534283	-0.079232	-0.841584	-0.22169	0.947615	-0.229955	0.815718	0.309432	0.48873
6.13333	0.543781	-0.0751342	-0.835857	-0.226419	0.945917	-0.232328	0.808107	0.31559	0.49736
6.16667	0.558182	-0.0676242	-0.826958	-0.235494	0.942774	-0.236049	0.795597	0.326502	0.510315
6.2	0.570994	-0.057153	-0.818962	-0.249563	0.938279	-0.239479	0.782102	0.341124	0.521489
6.23333	0.57864	-0.0467255	-0.814243	-0.264563	0.933618	-0.241587	0.77148	0.35521	0.527867
6.26667	0.580097	-0.040101	-0.81356	-0.274934	0.930534	-0.241904	0.766746	0.364003	0.528775
6.3	0.575048	-0.0376258	-0.817254	-0.280468	0.929341	-0.240133	0.768542	0.367302	0.523863
6.33333	0.562761	-0.0367345	-0.825803	-0.28551	0.928892	-0.235887	0.775748	0.368523	0.512256
6.36667	0.546932	-0.0347405	-0.836456	-0.29332	0.927853	-0.230329	0.78411	0.371324	0.497282
6.4	0.535078	-0.0299608	-0.844271	-0.304798	0.925213	-0.226006	0.787902	0.378263	0.485929
6.43333	0.528318	-0.0253957	-0.848667	-0.314587	0.922555	-0.223446	0.788616	0.38503	0.479413
6.46667	0.526886	-0.0226094	-0.849635	-0.319864	0.920879	-0.222863	0.78745	0.389191	0.477967
6.5	0.527373	-0.0209115	-0.849377	-0.322719	0.919845	-0.22302	0.785958	0.391724	0.478353
6.53333	0.530535	-0.0187892	-0.847455	-0.325593	0.918545	-0.224197	0.782638	0.39487	0.481202
6.56667	0.536171	-0.0159281	-0.843959	-0.329038	0.916789	-0.226342	0.777338	0.399053	0.486315
6.6	0.54271	-0.0131417	-0.839817	-0.332023	0.915082	-0.22888	0.77151	0.403054	0.49226
6.63333	0.549806	-0.0112148	-0.835217	-0.333311	0.913908	-0.231683	0.765909	0.405767	0.498734
6.66667	0.557294	-0.0100473	-0.830254	-0.333149	0.913204	-0.234672	0.760549	0.40738	0.505576
6.7	0.564919	-0.00966329	-0.82509	-0.331602	0.912975	-0.237733	0.755583	0.407902	0.512553
6.73333	0.571978	-0.010033	-0.820208	-0.328957	0.913188	-0.240571	0.751418	0.407415	0.519023
6.76667	0.577558	-0.0112957	-0.816272	-0.325297	0.913906	-0.242812	0.748738	0.405769	0.524159
6.8	0.58234	-0.0134598	-0.812834	-0.32044	0.91511	-0.244727	0.747127	0.402979	0.528592
6.83333	0.585651	-0.0159255	-0.810407	-0.315554	0.916453	-0.246049	0.746618	0.399826	0.531696
6.86667	0.586765	-0.0180282	-0.809557	-0.311908	0.917578	-0.246504	0.747276	0.397147	0.532779
6.9	0.58434	-0.0193922	-0.811278	-0.310494	0.918302	-0.24559	0.749761	0.395404	0.530579
6.93333	0.582421	-0.0200103	-0.812641	-0.310094	0.918631	-0.244865	0.751417	0.394609	0.528825
6.96667	0.588623	-0.0195195	-0.808172	-0.308988	0.918371	-0.247229	0.747027	0.39524	0.534543
7	0.598933	-0.0168422	-0.800622	-0.309963	0.916972	-0.251169	0.738378	0.398597	0.543984
7.03333	0.604262	-0.0131301	-0.796678	-0.313969	0.915043	-0.253219	0.732319	0.403143	0.548803
7.06667	0.599294	-0.0110231	-0.800453	-0.318753	0.913935	-0.251234	0.734332	0.40571	0.544202
7.1	0.590143	-0.0131834	-0.807191	-0.318255	0.915093	-0.247624	0.74192	0.403026	0.53584
7.13333	0.581622	-0.0190947	-0.813235	-0.311542	0.918272	-0.244374	0.751437	0.39549	0.528138
7.16667	0.574237	-0.0259985	-0.818276	-0.302667	0.921942	-0.241693	0.760687	0.386454	0.521545
7.2	0.567103	-0.031992	-0.823025	-0.294962	0.925084	-0.239202	0.76902	0.378414	0.515182
7.23333	0.562273	-0.0359459	-0.82617	-0.289798	0.927134	-0.237569	0.77451	0.373001	0.510886
7.26667	0.558055	-0.0389701	-0.828888	-0.285931	0.928692	-0.236168	0.778985	0.3688	0.507118
7.3	0.555452	-0.0419328	-0.830491	-0.281661	0.930203	-0.235349	0.782394	0.364642	0.504872
7.33333	0.553623	-0.0452902	-0.831535	-0.276464	0.931894	-0.234822	0.785537	0.359893	0.503397
7.36667	0.552694	-0.048391	-0.831978	-0.271423	0.93343	-0.234602	0.787946	0.355481	0.502767
7.4	0.552542	-0.0513451	-0.831902	-0.266397	0.934868	-0.234639	0.789766	0.351264	0.502875
7.43333	0.552391	-0.0542413	-0.831818	-0.261457	0.936251	-0.234679	0.79152	0.347119	0.502995
7.46667	0.550622	-0.0578216	-0.832749	-0.25577	0.93793	-0.234243	0.794605	0.341972	0.501656
7.5	0.548448	-0.0609948	-0.833957	-0.250865	0.939392	-0.233686	0.797666	0.337375	0.499906
7.53333	0.545121	-0.0637297	-0.835931	-0.247006	0.940637	-0.232788	0.801143	0.333377	0.49702
7.56667	0.541426	-0.0662075	-0.838137	-0.243657	0.941756	-0.231792	0.804667	0.329716	0.493759
7.6	0.538313	-0.0684586	-0.83996	-0.240511	0.942764	-0.230976	0.807697	0.326356	0.491037
7.63333	0.53686	-0.069868	-0.840773	-0.238389	0.943392	-0.230614	0.809291	0.324238	0.489814
7.66667	0.53777	-0.0702148	-0.840162	-0.237517	0.943545	-0.230885	0.808943	0.323716	0.490733
7.7	0.539335	-0.0700765	-0.83917	-0.237333	0.943485	-0.231321	0.807955	0.323923	0.492223
7.73333	0.547458	-0.0663548	-0.834199	-0.241657	0.941847	-0.233509	0.801182	0.329426	0.499586
7.76667	0.55747	-0.061709	-0.827901	-0.24688	0.939797	-0.236287	0.79264	0.336115	0.508673
7.8	0.567998	-0.0563447	-0.821099	-0.252942	0.93742	-0.2393	0.783198	0.343612	0.5182
7.83333	0.583656	-0.0473421	-0.81062	-0.263161	0.933389	-0.243991	0.768174	0.355731	0.532319
7.86667	0.598908	-0.0351305	-0.800047	-0.277973	0.927802	-0.248828	0.751027	0.371416	0.545902
7.9	0.611352	-0.0226758	-0.791034	-0.293265	0.921926	-0.253078	0.735013	0.386702	0.556971
7.93333	0.617489	-0.0151141	-0.786435	-0.302674	0.918265	-0.2553	0.726014	0.395679	0.562443
7.96667	0.615186	-0.0130308	-0.788275	-0.306541	0.917233	-0.254393	0.726347	0.398137	0.560274
8	0.602825	-0.0131445	-0.797765	-0.310312	0.917282	-0.249598	0.735057	0.39802	0.548882
8.03333	0.584121	-0.012496	-0.81157	-0.31704	0.916937	-0.242305	0.747187	0.398836	0.531641
8.06667	0.567804	-0.00910461	-0.823114	-0.327218	0.915044	-0.235844	0.755333	0.403251	0.516586
8.1	0.56109	-0.00332299	-0.827748	-0.3385	0.911634	-0.233112	0.755378	0.410989	0.510384
8.13333	0.556946	-0.000123381	-0.830549	-0.344875	0.909679	-0.2314	0.755561	0.415313	0.506599
8.16667	0.555192	0.00104846	-0.831722	-0.347278	0.908949	-0.23067	0.755751	0.416905	0.505006
8.2	0.556324	0.0023841	-0.830962	-0.349146	0.908113	-0.231146	0.754056	0.418719	0.506038
8.23333	0.559337	0.00375004	-0.828932	-0.350524	0.907256	-0.232419	0.751182	0.420561	0.508777
8.26667	0.563961	0.00430614	-0.82579	-0.350117	0.90691	-0.234378	0.747908	0.421303	0.512969
8.3	0.569784	0.00451203	-0.821782	-0.348781	0.906783	-0.236849	0.744109	0.421574	0.518244
8.33333	0.575946	0.00437569	-0.817476	-0.346775	0.906865	-0.239464	0.740292	0.421399	0.523823
8.36667	0.582483	0.00343383	-0.812836	-0.343372	0.907425	-0.242229	0.736756	0.420199	0.529739
8.4	0.588754	0.00155763	-0.808311	-0.338582	0.908517	-0.244864	0.733983	0.417844	0.535421
8.43333	0.594751	-0.000796564	-0.803909	-0.333135	0.909853	-0.247363	0.731637	0.41493	0.540871
8.46667	0.598911	-0.00411272	-0.800805	-0.326783	0.911686	-0.249079	0.731108	0.410866	0.544675
8.5	0.60406	-0.00727815	-0.796905	-0.32036	0.913389	-0.251177	0.729713	0.407022	0.549411
8.53333	0.602804	-0.0111495	-0.797812	-0.314872	0.915426	-0.250701	0.733133	0.402332	0.548312
8.56667	0.59816	-0.0135765	-0.801261	-0.312606	0.916693	-0.2489	0.73789	0.399361	0.544085
8.6	0.59259	-0.0144562	-0.805374	-0.312963	0.917155	-0.24674	0.74222	0.398268	0.538973
8.63333	0.593354	-0.0141083	-0.804818	-0.31327	0.916971	-0.247033	0.74148	0.398703	0.539669
8.66667	0.600975	-0.01258	-0.799169	-0.313268	0.916168	-0.25	0.735317	0.400598	0.546653
8.7	0.60833	-0.00904114	-0.793633	-0.31633	0.914321	-0.252887	0.727922	0.404889	0.553349
8.73333	0.606951	-0.00536794	-0.794721	-0.322306	0.91239	-0.252317	0.72645	0.409288	0.552045
8.76667	0.597314	-0.00528845	-0.80199	-0.32545	0.912346	-0.248408	0.733006	0.409386	0.543236
8.8	0.585664	-0.0110487	-0.810478	-0.320083	0.915489	-0.243777	0.744677	0.402192	0.532633
8.83333	0.574037	-0.0203736	-0.818576	-0.308692	0.920545	-0.239386	0.758413	0.390104	0.522138
8.86667	0.560794	-0.0301322	-0.827407	-0.296495	0.925754	-0.234671	0.773046	0.376924	0.510224
8.9	0.546155	-0.0385701	-0.836796	-0.286268	0.930205	-0.229715	0.787252	0.365008	0.496994
8.93333	0.532539	-0.0453217	-0.845191	-0.278119	0.933749	-0.225308	0.799407	0.355048	0.484653
8.96667	0.520663	-0.0516822	-0.852197	-0.269772	0.937067	-0.22165	0.810021	0.345304	0.473953
9	0.510637	-0.0591088	-0.857762	-0.258611	0.940878	-0.218791	0.819982	0.33355	0.465161
9.03333	0.501329	-0.0670379	-0.862656	-0.245933	0.944834	-0.216347	0.82957	0.320617	0.457186
9.06667	0.492758	-0.0749438	-0.866933	-0.232725	0.948641	-0.214286	0.838468	0.307348	0.45001
9.1	0.486533	-0.0822951	-0.869778	-0.219697	0.952038	-0.212971	0.845588	0.294705	0.445118
9.13333	0.480758	-0.0888449	-0.872341	-0.20791	0.954933	-0.211839	0.851848	0.283211	0.44062
9.16667	0.474125	-0.0949807	-0.87532	-0.196942	0.957534	-0.210577	0.858149	0.272227	0.435285
9.2	0.467255	-0.100237	-0.878422	-0.187622	0.959681	-0.20931	0.863986	0.262612	0.429609
9.23333	0.461031	-0.104594	-0.881198	-0.179852	0.961406	-0.20821	0.868967	0.254477	0.424426
9.26667	0.456037	-0.107824	-0.883405	-0.174074	0.962653	-0.207359	0.87277	0.248341	0.420236
9.3	0.453112	-0.110373	-0.884595	-0.169217	0.963615	-0.20691	0.875246	0.243442	0.417948
9.33333	0.450515	-0.112598	-0.88564	-0.164949	0.964438	-0.206524	0.877399	0.239128	0.41592
9.36667	0.449937	-0.113215	-0.885855	-0.163726	0.964663	-0.206445	0.877924	0.237925	0.415501
9.4	0.452698	-0.111888	-0.884616	-0.16599	0.964179	-0.206897	0.876077	0.240499	0.41791
9.43333	0.459901	-0.109048	-0.881249	-0.170447	0.963135	-0.208133	0.871458	0.245927	0.42436
9.46667	0.475454	-0.102779	-0.873716	-0.179938	0.960795	-0.21094	0.861142	0.257507	0.438319
9.5	0.501882	-0.0913205	-0.860102	-0.196426	0.956395	-0.216162	0.842337	0.277434	0.462059
9.53333	0.536636	-0.0742695	-0.840539	-0.219389	0.949582	-0.223972	0.814795	0.304596	0.493286
9.56667	0.572816	-0.0552683	-0.817819	-0.242375	0.941689	-0.233403	0.78303	0.331916	0.526019
9.6	0.603713	-0.039176	-0.796238	-0.259252	0.934854	-0.242563	0.753869	0.352865	0.554227
9.63333	0.622713	-0.028873	-0.781917	-0.269137	0.930438	-0.248696	0.734706	0.365309	0.571625
9.66667	0.625823	-0.0227329	-0.779634	-0.277354	0.927756	-0.249688	0.728986	0.372495	0.574305
9.7	0.61507	-0.0184238	-0.788257	-0.287246	0.925789	-0.245774	0.734288	0.377592	0.564133
9.73333	0.598345	-0.0139089	-0.801118	-0.299279	0.923602	-0.239563	0.743246	0.383099	0.54847
9.76667	0.58447	-0.00888693	-0.811366	-0.31122	0.921009	-0.234276	0.749357	0.389441	0.535536
9.8	0.571571	-0.00494314	-0.820538	-0.321174	0.918851	-0.229259	0.755085	0.394573	0.523601
9.83333	0.560756	-0.00251084	-0.827977	-0.328102	0.917457	-0.224993	0.760198	0.397827	0.513646
9.86667	0.552207	-0.000513462	-0.833707	-0.33369	0.91627	-0.221584	0.764015	0.40056	0.505799
9.9	0.545628	0.000817578	-0.838027	-0.337641	0.915458	-0.218941	0.767	0.402413	0.499776
9.93333	0.541478	0.0017023	-0.840713	-0.340207	0.914907	-0.217264	0.768805	0.40366	0.495981
9.96667	0.538938	0.00292898	-0.84234	-0.342935	0.914132	-0.216235	0.769377	0.405406	0.493665
10	0.53718	0.00321863	-0.843462	-0.343876	0.913948	-0.215519	0.770186	0.405819	0.492061
10.0333	0.53715	0.00287967	-0.843482	-0.343307	0.914165	-0.215506	0.770461	0.405332	0.492032
10.0667	0.540403	0.00192887	-0.841404	-0.340862	0.914768	-0.216826	0.769271	0.403976	0.495
10.1	0.546306	5.87148e-05	-0.837586	-0.336182	0.915931	-0.219207	0.767158	0.401336	0.500398
10.1333	0.554664	-0.00234053	-0.832071	-0.329979	0.917381	-0.222547	0.763846	0.398004	0.508066
10.1667	0.565805	-0.00478218	-0.824525	-0.322957	0.9188	-0.226948	0.758659	0.394694	0.518317
10.2	0.578618	-0.00662418	-0.815572	-0.316413	0.919826	-0.231954	0.751721	0.39227	0.530132
10.2333	0.591415	-0.00714129	-0.806335	-0.311902	0.920102	-0.236917	0.743603	0.391614	0.541935
10.2667	0.601367	-0.00535624	-0.798955	-0.311698	0.919169	-0.240775	0.735664	0.393827	0.551089
10.3	0.619979	-0.00242549	-0.784615	-0.310371	0.917673	-0.248083	0.720622	0.397328	0.568185
10.3333	0.645912	0.00274738	-0.763407	-0.309392	0.915131	-0.25848	0.697908	0.403147	0.591944
10.3667	0.663554	0.00977516	-0.748065	-0.313075	0.911778	-0.265792	0.679471	0.410567	0.608074
10.4	0.666208	0.0166195	-0.74558	-0.321456	0.908507	-0.266984	0.672928	0.417538	0.610598
10.4333	0.660374	0.0184487	-0.75071	-0.326016	0.907614	-0.264481	0.676476	0.4194	0.605379
10.4667	0.653808	0.012959	-0.75655	-0.320762	0.910315	-0.261608	0.685308	0.413714	0.599327
10.5	0.650169	0.00311567	-0.759783	-0.308281	0.915061	-0.260052	0.694437	0.403304	0.595905
10.5333	0.646971	-0.00892017	-0.762462	-0.292322	0.920632	-0.258815	0.704255	0.39033	0.593015
10.5667	0.645129	-0.018625	-0.763846	-0.279012	0.924924	-0.258201	0.711309	0.379696	0.591499
10.6	0.640713	-0.0246916	-0.767384	-0.271681	0.927527	-0.256679	0.718107	0.372941	0.58757
10.6333	0.632289	-0.0274649	-0.774246	-0.270372	0.928716	-0.253744	0.726024	0.369774	0.579791
10.6667	0.617307	-0.0309819	-0.786112	-0.26988	0.930252	-0.24859	0.738984	0.365612	0.565889
10.7	0.59299	-0.0410637	-0.804162	-0.261593	0.934701	-0.240629	0.761532	0.353054	0.543527
10.7333	0.574523	-0.047635	-0.817101	-0.256308	0.937624	-0.234877	0.777322	0.344372	0.526478
10.7667	0.553885	-0.0572305	-0.830624	-0.24588	0.941895	-0.228858	0.795458	0.330995	0.50763
10.8	0.526232	-0.0704379	-0.847418	-0.229785	0.947709	-0.221466	0.818705	0.311266	0.482529
10.8333	0.498494	-0.0841979	-0.862795	-0.210812	0.953621	-0.214862	0.84087	0.288995	0.457624
10.8667	0.474572	-0.0966147	-0.874898	-0.191703	0.958754	-0.209861	0.859087	0.267315	0.436477
10.9	0.457145	-0.106612	-0.882979	-0.174707	0.962683	-0.206686	0.872064	0.248748	0.42146
10.9333	0.447374	-0.113232	-0.88715	-0.162507	0.965148	-0.205136	0.879459	0.235941	0.413381
10.9667	0.445326	-0.115753	-0.887855	-0.157382	0.96605	-0.204887	0.881428	0.230973	0.411989
