0	0.898366	-0.439248	0	0.439248	0.898366	0	0	0	1
0.0333333	0.768178	-0.629666	-0.115859	0.623026	0.776863	-0.0912269	0.147449	-0.00210457	0.989067
0.0666667	0.720069	-0.65821	-0.219681	0.633388	0.752768	-0.179335	0.283409	-0.0100093	0.958947
0.1	0.684705	-0.668155	-0.291115	0.622446	0.743879	-0.243322	0.379131	-0.0145995	0.925228
0.133333	0.658011	-0.671404	-0.340939	0.606267	0.740907	-0.288959	0.446612	-0.0165619	0.894574
0.166667	0.638921	-0.671648	-0.375058	0.590505	0.740681	-0.320461	0.493035	-0.0167247	0.869848
0.2	0.625738	-0.670747	-0.398184	0.577334	0.741514	-0.341823	0.524535	-0.0159934	0.851238
0.233333	0.617885	-0.668586	-0.413778	0.565999	0.743501	-0.356162	0.545769	-0.0141306	0.837817
0.266667	0.612465	-0.666824	-0.424537	0.557552	0.745109	-0.365989	0.560377	-0.0125461	0.828143
0.3	0.608569	-0.665478	-0.432184	0.55128	0.746332	-0.372934	0.570732	-0.0112983	0.821059
0.333333	0.605915	-0.664587	-0.437255	0.54705	0.747138	-0.377521	0.577585	-0.0104549	0.816264
0.366667	0.604227	-0.663731	-0.440876	0.543723	0.74791	-0.380784	0.582473	-0.00963381	0.812793
0.4	0.603207	-0.662909	-0.443501	0.541043	0.748648	-0.383143	0.586015	-0.00883831	0.810252
0.433333	0.602902	-0.662144	-0.445054	0.539105	0.749333	-0.384534	0.588111	-0.00809427	0.80874
0.466667	0.602932	-0.661455	-0.446038	0.53762	0.749948	-0.385412	0.589438	-0.0074214	0.807779
0.5	0.603835	-0.660243	-0.446612	0.535746	0.751026	-0.385923	0.59022	-0.00623666	0.807218
0.533333	0.605093	-0.659158	-0.446512	0.53446	0.751987	-0.385834	0.590097	-0.00517687	0.807316
0.566667	0.605478	-0.658772	-0.446559	0.533951	0.752327	-0.385876	0.590163	-0.00480093	0.80727
0.6	0.60684	-0.657702	-0.446288	0.532795	0.753268	-0.385638	0.589809	-0.0037596	0.807534
0.633333	0.607588	-0.657117	-0.446132	0.532167	0.753782	-0.385501	0.589606	-0.00319071	0.807685
0.666667	0.608259	-0.656544	-0.446061	0.531502	0.754283	-0.385439	0.589514	-0.00263568	0.807754
0.7	0.608864	-0.656058	-0.445951	0.530968	0.754708	-0.385343	0.58937	-0.00216434	0.80786
0.733333	0.609148	-0.655763	-0.445997	0.530574	0.754964	-0.385383	0.589432	-0.00187916	0.807816
0.766667	0.609567	-0.65556	-0.445723	0.530495	0.755141	-0.385144	0.589069	-0.00168258	0.808081
0.8	0.609876	-0.655596	-0.445248	0.53084	0.75511	-0.384731	0.588439	-0.00171731	0.80854
0.833333	0.610788	-0.655045	-0.444807	0.530436	0.755589	-0.384348	0.587856	-0.0011868	0.808964
0.866667	0.611857	-0.654164	-0.444636	0.529454	0.756353	-0.384199	0.58763	-0.000339273	0.809129
0.9	0.611928	-0.653845	-0.445006	0.528828	0.756628	-0.384519	0.58812	-3.35151e-05	0.808774
0.933333	0.611569	-0.65365	-0.445786	0.528095	0.756797	-0.385193	0.58915	0.000154781	0.808023
0.966667	0.611784	-0.653168	-0.446197	0.52724	0.757213	-0.385548	0.589694	0.000618747	0.807627
1	0.611234	-0.653268	-0.446805	0.52698	0.757127	-0.386072	0.590496	0.000522799	0.80704
1.03333	0.612365	-0.652051	-0.447033	0.525329	0.758173	-0.386268	0.590795	0.00169723	0.80682
1.06667	0.613768	-0.6508	-0.446933	0.523844	0.759244	-0.386182	0.590658	0.002903	0.806917
1.1	0.615124	-0.649785	-0.446545	0.522833	0.760108	-0.385851	0.590143	0.00387791	0.807289
1.13333	0.616458	-0.648622	-0.446396	0.521489	0.761095	-0.385725	0.589939	0.00499273	0.807432
1.16667	0.617247	-0.647809	-0.446486	0.520431	0.761781	-0.385801	0.59005	0.00576953	0.807346
1.2	0.618054	-0.647005	-0.446536	0.519406	0.762458	-0.385843	0.590107	0.00653842	0.807298
1.23333	0.617524	-0.647363	-0.44675	0.519714	0.762157	-0.386024	0.590391	0.0061961	0.807093
1.26667	0.617243	-0.647412	-0.447067	0.519577	0.762115	-0.38629	0.590806	0.00614912	0.80679
1.3	0.617071	-0.647564	-0.447084	0.519754	0.761987	-0.386304	0.590829	0.00600353	0.806775
1.33333	0.617208	-0.647431	-0.447088	0.519587	0.7621	-0.386308	0.590833	0.00613135	0.806771
1.36667	0.617823	-0.646866	-0.447056	0.51891	0.762574	-0.386281	0.590786	0.00667141	0.806801
1.4	0.618167	-0.646463	-0.447163	0.518346	0.762912	-0.386371	0.590921	0.0070565	0.806699
1.43333	0.618052	-0.64657	-0.447167	0.518475	0.762823	-0.386374	0.590927	0.0069541	0.806695
1.46667	0.617947	-0.646555	-0.447335	0.518351	0.762836	-0.386515	0.591146	0.00696906	0.806534
1.5	0.618247	-0.646154	-0.4475	0.517753	0.763172	-0.386653	0.591357	0.00735292	0.806376
1.53333	0.618712	-0.645827	-0.447329	0.517457	0.763445	-0.38651	0.59113	0.00766493	0.80654
1.56667	0.61916	-0.646023	-0.446425	0.518262	0.763282	-0.385754	0.589954	0.00747822	0.807402
1.6	0.619351	-0.646238	-0.445848	0.518887	0.763101	-0.38527	0.589203	0.00727323	0.807952
1.63333	0.620229	-0.64563	-0.445509	0.518349	0.76361	-0.384986	0.588754	0.00785062	0.808274
1.66667	0.620706	-0.645179	-0.445497	0.517801	0.763986	-0.384977	0.588733	0.0082787	0.808285
1.7	0.620466	-0.645152	-0.44587	0.517536	0.764009	-0.385288	0.589218	0.00830426	0.807931
1.73333	0.620034	-0.645259	-0.446317	0.517389	0.76392	-0.385661	0.589802	0.00820319	0.807506
1.76667	0.619588	-0.645712	-0.44628	0.517971	0.763541	-0.38563	0.589759	0.00777175	0.807542
1.8	0.620383	-0.645011	-0.44619	0.517163	0.764127	-0.385555	0.589633	0.00843865	0.807627
1.83333	0.620569	-0.644742	-0.44632	0.516752	0.76435	-0.385663	0.589798	0.00869396	0.807504
1.86667	0.619994	-0.645224	-0.446423	0.517281	0.763949	-0.385749	0.589939	0.00823635	0.807406
1.9	0.620677	-0.644758	-0.446147	0.516878	0.764337	-0.385519	0.589574	0.00867904	0.807668
1.93333	0.621146	-0.644687	-0.445596	0.517133	0.764396	-0.385061	0.588856	0.00874632	0.808191
1.96667	0.620895	-0.644922	-0.445607	0.517415	0.764201	-0.385069	0.588873	0.00852369	0.808181
2	0.621266	-0.644484	-0.445723	0.516804	0.764566	-0.385166	0.589017	0.00893913	0.808071
2.03333	0.62169	-0.644332	-0.445352	0.516847	0.764692	-0.384857	0.588533	0.00908292	0.808422
2.06667	0.622313	-0.644013	-0.444943	0.516708	0.764957	-0.384517	0.587996	0.00938453	0.808809
2.1	0.621693	-0.644548	-0.445035	0.517309	0.764512	-0.384594	0.588124	0.00887885	0.808722
2.13333	0.621653	-0.644419	-0.445277	0.517	0.76462	-0.384796	0.588438	0.00900132	0.808493
2.16667	0.621584	-0.644222	-0.445657	0.516523	0.764783	-0.385112	0.588929	0.00918708	0.808133
2.2	0.622036	-0.643709	-0.445768	0.515823	0.765209	-0.385204	0.589065	0.00967305	0.808028
2.23333	0.622652	-0.643137	-0.445734	0.515141	0.765683	-0.385175	0.589011	0.0102144	0.80806
2.26667	0.623563	-0.642167	-0.44586	0.51387	0.766484	-0.385279	0.589158	0.0111315	0.807941
2.3	0.625248	-0.641141	-0.444975	0.513156	0.767328	-0.384551	0.587993	0.0120987	0.808775
2.33333	0.626371	-0.640621	-0.444144	0.513028	0.767754	-0.38387	0.586908	0.0125864	0.809555
2.36667	0.628707	-0.639179	-0.442919	0.512011	0.768932	-0.382869	0.585297	0.0139334	0.8107
2.4	0.629493	-0.638769	-0.442394	0.511829	0.769265	-0.382442	0.58461	0.0143143	0.811188
2.43333	0.628756	-0.639704	-0.442092	0.513155	0.768504	-0.382196	0.584242	0.0134463	0.811468
2.46667	0.62506	-0.642745	-0.442921	0.516371	0.766007	-0.382877	0.585372	0.0106096	0.810695
2.5	0.620121	-0.646582	-0.444277	0.520247	0.762813	-0.384005	0.587191	0.00699602	0.809418
2.53333	0.613479	-0.65196	-0.445637	0.526031	0.758251	-0.385157	0.589012	0.0018673	0.808122
2.56667	0.60611	-0.657096	-0.448169	0.530798	0.7538	-0.387349	0.592355	-0.00311107	0.805671
2.6	0.598952	-0.662991	-0.44911	0.537542	0.748574	-0.388181	0.593552	-0.00891343	0.804746
2.63333	0.599294	-0.662013	-0.450095	0.535682	0.74945	-0.389063	0.594888	-0.00794472	0.803769
2.66667	0.599011	-0.663159	-0.448784	0.537964	0.748424	-0.387888	0.593112	-0.00908008	0.805069
2.7	0.594859	-0.662744	-0.454878	0.533457	0.748796	-0.393355	0.601304	-0.00866722	0.798973
2.73333	0.594298	-0.669582	-0.4455	0.548169	0.742576	-0.384825	0.58849	-0.0155085	0.808356
2.76667	0.592945	-0.674104	-0.440454	0.55706	0.738367	-0.38013	0.581464	-0.0199628	0.813327
2.8	0.595067	-0.675787	-0.43498	0.562629	0.736781	-0.37497	0.573885	-0.0216003	0.818651
2.83333	0.600597	-0.674718	-0.428998	0.565038	0.737789	-0.369324	0.565699	-0.0205855	0.824355
2.86667	0.608289	-0.671629	-0.422964	0.564923	0.740675	-0.363678	0.557536	-0.0177213	0.829964
2.9	0.618349	-0.666204	-0.416913	0.561915	0.745659	-0.358111	0.54945	-0.0128321	0.835428
2.93333	0.628933	-0.6597	-0.411387	0.557264	0.751495	-0.353145	0.542126	-0.00714674	0.840267
2.96667	0.639057	-0.653197	-0.406127	0.552443	0.757186	-0.348534	0.535175	-0.00162855	0.84474
3	0.645686	-0.649296	-0.401875	0.550132	0.760534	-0.344882	0.52957	0.00160132	0.848265
3.03333	0.647026	-0.649342	-0.399639	0.551375	0.760495	-0.342977	0.526633	0.00156386	0.850091
3.06667	0.642644	-0.654913	-0.397614	0.558999	0.755698	-0.341233	0.523954	-0.00297418	0.851741
3.1	0.638883	-0.660405	-0.394581	0.567064	0.750873	-0.338568	0.519872	-0.00744748	0.854212
3.13333	0.635466	-0.665605	-0.391348	0.574886	0.746213	-0.335667	0.51545	-0.0116748	0.85684
3.16667	0.631826	-0.669613	-0.390404	0.580095	0.74256	-0.334804	0.514088	-0.0149336	0.857608
3.2	0.632447	-0.668964	-0.39051	0.579276	0.743155	-0.334902	0.514247	-0.0144058	0.857521
3.23333	0.639252	-0.661173	-0.392692	0.568971	0.75019	-0.336878	0.517328	-0.00807984	0.855749
3.26667	0.648849	-0.648057	-0.39877	0.550367	0.761587	-0.342172	0.525445	0.00254796	0.850824
3.3	0.656802	-0.632759	-0.410155	0.526315	0.774203	-0.351571	0.540003	0.015042	0.841528
3.33333	0.660984	-0.617625	-0.426192	0.499682	0.785985	-0.364068	0.559838	0.0276831	0.82814
3.36667	0.657003	-0.608728	-0.444744	0.478574	0.792589	-0.377849	0.582506	0.0354052	0.812055
3.4	0.646226	-0.601956	-0.469086	0.455862	0.797444	-0.395313	0.612031	0.0416232	0.789738
3.43333	0.631224	-0.600201	-0.491238	0.43968	0.798673	-0.410856	0.638935	0.0433554	0.768038
3.46667	0.614324	-0.599373	-0.513184	0.423862	0.799247	-0.426082	0.665543	0.0442329	0.745048
3.5	0.593697	-0.601041	-0.535045	0.410373	0.798095	-0.441178	0.692183	0.0423581	0.720478
3.53333	0.569964	-0.605405	-0.555541	0.400566	0.795054	-0.455451	0.717418	0.0370595	0.695657
3.56667	0.545109	-0.611712	-0.573293	0.394849	0.790556	-0.468097	0.739561	0.0287995	0.672473
3.6	0.522729	-0.617881	-0.587348	0.391516	0.786014	-0.478432	0.757278	0.0201345	0.652782
3.63333	0.504958	-0.62384	-0.596525	0.392008	0.781471	-0.485421	0.768992	0.0112746	0.63916
3.66667	0.49476	-0.628493	-0.600174	0.395714	0.777805	-0.488293	0.773707	0.00409087	0.63353
3.7	0.492835	-0.632114	-0.597951	0.403599	0.774874	-0.486496	0.770857	-0.00157016	0.637006
3.73333	0.49923	-0.634887	-0.58965	0.415999	0.772583	-0.479647	0.760075	-0.00583995	0.649809
3.76667	0.509552	-0.639251	-0.575947	0.435532	0.768899	-0.468087	0.74207	-0.0123283	0.670209
3.8	0.522335	-0.6447	-0.558147	0.459507	0.764173	-0.45265	0.718345	-0.0200378	0.695399
3.83333	0.540392	-0.64719	-0.537701	0.480148	0.761972	-0.434576	0.690966	-0.0233345	0.722511
3.86667	0.556443	-0.64815	-0.519877	0.495333	0.761118	-0.418741	0.667095	-0.0245072	0.744569
3.9	0.569404	-0.648795	-0.504821	0.50721	0.760545	-0.405352	0.646929	-0.0252407	0.762133
3.93333	0.577138	-0.652184	-0.491496	0.520971	0.757506	-0.393414	0.628889	-0.0290008	0.776954
3.96667	0.580629	-0.658626	-0.478624	0.537979	0.751614	-0.381648	0.611104	-0.0358938	0.790736
4	0.582203	-0.665251	-0.467419	0.553758	0.745394	-0.371133	0.595308	-0.0427622	0.802359
4.03333	0.584865	-0.670311	-0.456746	0.566893	0.740535	-0.360887	0.580143	-0.047856	0.813108
4.06667	0.591797	-0.670429	-0.447551	0.572615	0.740421	-0.351979	0.567352	-0.0479741	0.822076
4.1	0.604541	-0.665487	-0.437786	0.572158	0.745149	-0.342619	0.554225	-0.0433556	0.831237
4.13333	0.624626	-0.654249	-0.426381	0.564718	0.755542	-0.332039	0.539385	-0.0333847	0.841398
4.16667	0.650448	-0.63639	-0.414638	0.549377	0.771145	-0.321744	0.524501	-0.0185148	0.851208
4.2	0.673381	-0.618438	-0.405084	0.532861	0.785821	-0.313918	0.512462	-0.00446722	0.858698
4.23333	0.687217	-0.607183	-0.398825	0.522654	0.794552	-0.309063	0.504545	0.00394585	0.863376
4.26667	0.699532	-0.597543	-0.391914	0.514612	0.801762	-0.303894	0.495811	0.0108998	0.868362
4.3	0.707712	-0.591947	-0.385671	0.510896	0.805841	-0.299343	0.487985	0.0148106	0.872726
4.33333	0.712145	-0.589387	-0.381408	0.509777	0.807681	-0.296275	0.482677	0.0165581	0.875642
4.36667	0.71399	-0.585724	-0.383597	0.504708	0.810287	-0.297834	0.485272	0.0190459	0.874156
4.4	0.715148	-0.579061	-0.391473	0.493817	0.814942	-0.303339	0.49468	0.0236167	0.868755
4.43333	0.714203	-0.56982	-0.406473	0.476764	0.821217	-0.313526	0.512456	0.0301299	0.858185
4.46667	0.708676	-0.564066	-0.423802	0.462328	0.825014	-0.324968	0.532946	0.0343614	0.845451
4.5	0.698979	-0.561208	-0.443253	0.449814	0.826866	-0.33758	0.555963	0.0365797	0.830402
4.53333	0.684126	-0.562745	-0.463994	0.441318	0.825875	-0.350954	0.580698	0.0353279	0.813352
4.56667	0.664043	-0.567854	-0.486404	0.435644	0.822551	-0.365546	0.607669	0.0308392	0.793591
4.6	0.639039	-0.575459	-0.510369	0.431466	0.817491	-0.381505	0.636762	0.0235898	0.770699
4.63333	0.610653	-0.584366	-0.534433	0.42806	0.811364	-0.398062	0.666234	0.0143087	0.745606
4.66667	0.584483	-0.592404	-0.55447	0.425343	0.805625	-0.412374	0.690987	0.00518595	0.722849
4.7	0.562564	-0.600535	-0.568225	0.426704	0.799585	-0.422597	0.708128	-0.00472582	0.706068
4.73333	0.544161	-0.608363	-0.57774	0.43064	0.79352	-0.429971	0.720027	-0.0148242	0.693788
4.76667	0.532394	-0.615491	-0.581144	0.438379	0.787767	-0.432721	0.724141	-0.0243834	0.68922
4.8	0.530226	-0.619557	-0.5788	0.446293	0.784382	-0.430775	0.72089	-0.0299061	0.692404
4.83333	0.5337	-0.623413	-0.57142	0.457895	0.781105	-0.424508	0.710983	-0.0350902	0.702333
4.86667	0.543275	-0.626865	-0.558473	0.472962	0.778121	-0.413321	0.693656	-0.0395894	0.719217
4.9	0.560542	-0.625954	-0.542194	0.48365	0.778912	-0.399222	0.672216	-0.0384514	0.739356
4.93333	0.577349	-0.622546	-0.528304	0.488562	0.781824	-0.387374	0.654198	-0.0344593	0.755538
4.96667	0.587527	-0.622504	-0.517011	0.495911	0.78186	-0.377844	0.63944	-0.0343977	0.768071
5	0.59453	-0.625134	-0.505709	0.50651	0.779631	-0.368272	0.624486	-0.0371981	0.78015
5.03333	0.600167	-0.6283	-0.495015	0.517139	0.776919	-0.359117	0.610219	-0.0404615	0.791199
5.06667	0.605519	-0.630752	-0.485282	0.526021	0.774797	-0.350702	0.597201	-0.0429115	0.800943
5.1	0.613956	-0.629859	-0.475747	0.530303	0.775571	-0.342445	0.584668	-0.0420439	0.810182
5.13333	0.627065	-0.624744	-0.465279	0.529598	0.779939	-0.333499	0.571241	-0.0372858	0.819935
5.16667	0.646804	-0.614177	-0.45214	0.523369	0.788672	-0.322615	0.554733	-0.0279676	0.831558
5.2	0.672531	-0.596742	-0.437722	0.509293	0.802318	-0.311297	0.536956	-0.0135722	0.843501
5.23333	0.697048	-0.57697	-0.425711	0.491314	0.816764	-0.302502	0.52224	0.00170032	0.852797
5.26667	0.714027	-0.562426	-0.416944	0.478097	0.826755	-0.296478	0.511458	0.0123531	0.85922
5.3	0.725751	-0.552437	-0.409999	0.469418	0.833329	-0.291908	0.502925	0.0193917	0.864113
5.33333	0.733256	-0.547329	-0.403443	0.466175	0.836605	-0.287703	0.494991	0.0228845	0.868597
5.36667	0.736597	-0.546904	-0.397895	0.467853	0.836875	-0.284173	0.488404	0.0231652	0.87231
5.4	0.737688	-0.546494	-0.396434	0.46795	0.837135	-0.283245	0.486661	0.0234353	0.873277
5.43333	0.73564	-0.545258	-0.401904	0.464429	0.837917	-0.286708	0.493092	0.0242581	0.869639
5.46667	0.729914	-0.543826	-0.4141	0.457953	0.838818	-0.294385	0.507449	0.0252374	0.861312
5.5	0.720017	-0.544627	-0.430065	0.452284	0.838315	-0.304412	0.526321	0.0246701	0.849928
5.53333	0.707572	-0.547054	-0.447297	0.447646	0.836785	-0.315283	0.546768	0.0228545	0.836972
5.56667	0.691381	-0.551671	-0.466532	0.444314	0.833841	-0.327557	0.569717	0.0191799	0.821617
5.6	0.670852	-0.557932	-0.488538	0.44114	0.829772	-0.341869	0.596115	0.0138302	0.80278
5.63333	0.645278	-0.567198	-0.511765	0.440435	0.823565	-0.357432	0.624206	0.00524371	0.781242
5.66667	0.615571	-0.578394	-0.535287	0.44135	0.815735	-0.373881	0.652903	-0.00609896	0.757417
5.7	0.587441	-0.588203	-0.555815	0.441579	0.808536	-0.388944	0.678174	-0.0169546	0.734706
5.73333	0.560106	-0.59822	-0.573074	0.443727	0.800808	-0.402261	0.699563	-0.0289798	0.713983
5.76667	0.534406	-0.608763	-0.58636	0.449175	0.792207	-0.413098	0.715997	-0.0426165	0.696801
5.8	0.51228	-0.619566	-0.594732	0.458768	0.782835	-0.420359	0.726017	-0.0575023	0.685268
5.83333	0.498976	-0.627786	-0.597417	0.469189	0.775293	-0.422827	0.728618	-0.0693211	0.681403
5.86667	0.492006	-0.635545	-0.59499	0.483332	0.767836	-0.420498	0.724099	-0.0806902	0.684959
5.9	0.49492	-0.641159	-0.586489	0.499208	0.762246	-0.412033	0.711228	-0.0888564	0.697323
5.93333	0.51395	-0.639733	-0.571487	0.509073	0.763673	-0.39705	0.690435	-0.0868648	0.71816
5.96667	0.539294	-0.633631	-0.554683	0.512578	0.769594	-0.380774	0.668151	-0.0789689	0.739823
6	0.561979	-0.62741	-0.539014	0.514454	0.775399	-0.366189	0.647701	-0.0715075	0.758531
6.03333	0.578876	-0.624928	-0.5238	0.520638	0.777653	-0.352409	0.627565	-0.0687087	0.775526
6.06667	0.590723	-0.625675	-0.509486	0.530086	0.776983	-0.339567	0.608321	-0.0694816	0.790644
6.1	0.599715	-0.626836	-0.497412	0.538372	0.775942	-0.328739	0.592028	-0.070643	0.802815
6.13333	0.609378	-0.6261	-0.486474	0.543285	0.776601	-0.318956	0.577494	-0.0699288	0.813394
6.16667	0.622142	-0.622516	-0.474777	0.544722	0.779767	-0.308613	0.562332	-0.0666204	0.824224
6.2	0.641388	-0.614488	-0.459376	0.542149	0.78667	-0.295337	0.542858	-0.0596248	0.837705
6.23333	0.666454	-0.600546	-0.441796	0.533026	0.798129	-0.280845	0.521271	-0.0483182	0.852023
6.26667	0.691506	-0.583926	-0.425264	0.520026	0.811016	-0.268002	0.50139	-0.0358231	0.86448
6.3	0.708981	-0.572081	-0.412395	0.511074	0.819737	-0.258525	0.485952	-0.0274745	0.873553
6.33333	0.722023	-0.56312	-0.401967	0.504483	0.826096	-0.251123	0.473476	-0.021469	0.880545
6.36667	0.731116	-0.558629	-0.391668	0.502879	0.829209	-0.243976	0.461067	-0.0185866	0.887171
6.4	0.736345	-0.558019	-0.382637	0.505158	0.829628	-0.237764	0.450124	-0.0182159	0.89278
6.43333	0.738754	-0.556725	-0.379868	0.504593	0.830514	-0.235866	0.446798	-0.017431	0.894465
6.46667	0.740212	-0.551448	-0.384695	0.497102	0.834088	-0.239138	0.452742	-0.0142202	0.891528
6.5	0.738876	-0.544686	-0.396711	0.485503	0.83858	-0.247123	0.467278	-0.010011	0.884054
6.53333	0.732943	-0.54121	-0.412172	0.476236	0.840851	-0.257231	0.485792	-0.00775547	0.87404
6.56667	0.723171	-0.542207	-0.427827	0.471743	0.840203	-0.267428	0.504462	-0.00842819	0.863393
6.6	0.708646	-0.546661	-0.446074	0.469989	0.837273	-0.279435	0.526242	-0.0116295	0.850255
6.63333	0.684871	-0.556897	-0.469913	0.4724	0.830351	-0.29556	0.554789	-0.0195665	0.831761
6.66667	0.655596	-0.569003	-0.496417	0.475264	0.821792	-0.314294	0.586786	-0.0298793	0.80919
6.7	0.621375	-0.58236	-0.524166	0.478248	0.811819	-0.335007	0.620622	-0.0425165	0.782957
6.73333	0.581227	-0.596603	-0.55339	0.480492	0.800464	-0.358308	0.656736	-0.057641	0.751914
