0	0	1	0	0	0	-1	-1	0	0
0.0333333	0.992323	0.0871289	0.0877703	-0.0354748	0.880404	-0.472895	-0.118476	0.466151	0.876736
0.0666667	0.996809	0.017435	0.0778927	0.0186418	0.898015	-0.439569	-0.0776127	0.439619	0.894825
0.1	0.997051	0.00894426	0.0762167	0.0242513	0.905562	-0.423521	-0.072807	0.42412	0.902675
0.133333	0.997064	0.00562286	0.0763627	0.0266752	0.909315	-0.415253	-0.0717727	0.416071	0.906495
0.166667	0.997043	0.00428703	0.07672	0.0277192	0.911146	-0.41115	-0.0716657	0.412061	0.908334
0.2	0.997039	0.00349432	0.0768194	0.0282819	0.912289	-0.408569	-0.0715092	0.409531	0.909489
0.233333	0.997088	0.00319247	0.0761878	0.028141	0.913194	-0.406553	-0.0708722	0.407513	0.910445
0.266667	0.99716	0.00307002	0.0752551	0.0277562	0.913868	-0.405062	-0.0700168	0.406	0.911187
0.3	0.997239	0.0028502	0.0742019	0.0274471	0.914348	-0.403998	-0.0689979	0.404919	0.911745
0.333333	0.997292	0.00231602	0.0735114	0.0275926	0.914716	-0.403153	-0.0681758	0.40409	0.912175
0.366667	0.997356	0.00197858	0.0726433	0.0274891	0.915079	-0.402336	-0.0672704	0.403269	0.912606
0.4	0.997408	0.00181633	0.0719366	0.0272823	0.915502	-0.401387	-0.0665872	0.402309	0.913079
0.433333	0.997458	0.00124614	0.0712416	0.0274772	0.915784	-0.40073	-0.0657413	0.401669	0.913422
0.466667	0.997489	0.000441014	0.070826	0.0280031	0.916048	-0.400089	-0.0650565	0.401068	0.913735
0.5	0.997497	-2.31229e-05	0.0707144	0.0283332	0.916353	-0.399368	-0.0647901	0.400372	0.914059
0.533333	0.99745	-0.000319967	0.0713702	0.0287791	0.916891	-0.398098	-0.0653113	0.399137	0.914562
0.566667	0.997378	-0.000516813	0.0723642	0.0292416	0.917579	-0.396477	-0.0661949	0.397554	0.915188
0.6	0.997326	-0.00079816	0.0730786	0.02974	0.917835	-0.395846	-0.0667582	0.396961	0.915405
0.633333	0.997275	-0.00263627	0.073721	0.031685	0.917788	-0.395805	-0.0666168	0.397062	0.915371
0.666667	0.99713	-0.00601723	0.0754694	0.0356076	0.916976	-0.39735	-0.0668126	0.398897	0.914559
0.7	0.996846	-0.0113626	0.0785385	0.042092	0.914709	-0.401915	-0.0672731	0.403953	0.912303
0.733333	0.996377	-0.0167035	0.083395	0.0495199	0.911119	-0.409157	-0.0691484	0.411804	0.908645
0.766667	0.995958	-0.0185792	0.0878771	0.0536808	0.907541	-0.416518	-0.0720135	0.419552	0.90487
0.8	0.995504	-0.0191575	0.092758	0.0567607	0.904664	-0.422329	-0.075824	0.425695	0.901684
0.833333	0.995118	-0.0189212	0.0968577	0.0586732	0.902588	-0.426489	-0.0793529	0.43009	0.899292
0.866667	0.994819	-0.0180444	0.100044	0.059652	0.900497	-0.43075	-0.0823168	0.434487	0.896909
0.9	0.994578	-0.0172603	0.102556	0.0605144	0.898045	-0.435721	-0.0845789	0.439565	0.89422
0.933333	0.994327	-0.0150028	0.105302	0.0606076	0.893478	-0.444999	-0.0874085	0.448856	0.889319
0.966667	0.994107	-0.0124709	0.107686	0.061115	0.884926	-0.461705	-0.0895359	0.465565	0.880473
1	0.993759	-0.0128399	0.110804	0.0668403	0.863807	-0.499369	-0.0893011	0.503659	0.859275
1.03333	0.993259	-0.0109126	0.115403	0.0771914	0.804983	-0.588255	-0.0864782	0.593198	0.800399
1.06667	0.994662	-0.00938104	0.10276	0.0837646	0.654966	-0.751001	-0.0602595	0.7556	0.652256
1.1	0.997577	-0.0561438	0.041094	0.0593445	0.378294	-0.923781	0.036319	0.923981	0.380709
1.13333	0.988194	-0.150822	-0.0269218	0.000908039	0.181485	-0.983393	0.153203	0.971759	0.17948
1.16667	0.969894	-0.227371	-0.0872178	-0.050393	0.163007	-0.985337	0.238255	0.960068	0.146641
1.2	0.953499	-0.259431	-0.153413	-0.0843916	0.25884	-0.962227	0.289341	0.930429	0.22491
1.23333	0.943506	-0.248116	-0.219624	-0.104955	0.404901	-0.908317	0.314294	0.880053	0.355985
1.26667	0.93433	-0.21316	-0.285639	-0.126907	0.549936	-0.825509	0.333048	0.807548	0.48677
1.3	0.922758	-0.163419	-0.349015	-0.152421	0.677035	-0.719994	0.353956	0.717578	0.599831
1.33333	0.907601	-0.10994	-0.405183	-0.176864	0.775162	-0.6065	0.380761	0.622123	0.684094
1.36667	0.890126	-0.0679241	-0.450625	-0.199409	0.831084	-0.519167	0.409771	0.551983	0.726225
1.4	0.876839	-0.0535779	-0.47779	-0.204936	0.857318	-0.472235	0.434919	0.511991	0.74075
1.43333	0.880154	-0.0497084	-0.472078	-0.185873	0.879	-0.439102	0.436783	0.474224	0.764416
1.46667	0.897038	-0.0381955	-0.4403	-0.177931	0.880739	-0.438908	0.404554	0.47206	0.78326
1.5	0.909992	-0.0190107	-0.41419	-0.200236	0.854589	-0.479149	0.363071	0.518958	0.773862
1.53333	0.92132	-0.00433619	-0.38878	-0.22567	0.808302	-0.543802	0.31661	0.588752	0.743726
1.56667	0.938346	0.0500908	-0.342051	-0.245013	0.794381	-0.555813	0.243877	0.605351	0.757677
1.6	0.956357	0.0841133	-0.279834	-0.239584	0.77396	-0.586162	0.167276	0.627623	0.760334
1.63333	0.976681	0.0869208	-0.196314	-0.18923	0.780465	-0.595874	0.101422	0.619127	0.778713
1.66667	0.986482	0.0760431	-0.145155	-0.149119	0.783842	-0.602789	0.0679406	0.616286	0.784586
1.7	0.993927	0.0688285	-0.0858635	-0.106603	0.79583	-0.596063	0.0273066	0.601596	0.798333
1.73333	0.998313	0.0548229	-0.0190969	-0.0555895	0.807912	-0.586675	-0.0167346	0.586747	0.809597
1.76667	0.998073	0.0318259	0.0532719	0.00403167	0.823396	-0.567452	-0.0619236	0.566574	0.821681
1.8	0.991764	0.00522226	0.127973	0.0656578	0.837165	-0.542996	-0.10997	0.546926	0.829927
1.83333	0.97831	-0.0245925	0.20568	0.127803	0.853078	-0.50589	-0.16302	0.521204	0.837718
1.86667	0.957197	-0.057473	0.283673	0.190927	0.861986	-0.469603	-0.217533	0.503663	0.836064
1.9	0.94281	-0.0265546	0.332271	0.184418	0.871917	-0.453598	-0.277668	0.488933	0.826949
1.93333	0.937577	0.0401417	0.345452	0.128625	0.882857	-0.451685	-0.323116	0.467924	0.822583
1.96667	0.923268	0.0708174	0.377572	0.123643	0.875782	-0.466604	-0.363714	0.477485	0.799825
2	0.899484	0.0652211	0.432058	0.173225	0.85455	-0.489629	-0.401149	0.515257	0.757357
2.03333	0.875268	0.0601151	0.479888	0.233514	0.816395	-0.528177	-0.423529	0.574357	0.700527
2.06667	0.867359	0.0830749	0.4907	0.285787	0.724065	-0.627738	-0.407448	0.68471	0.604283
2.1	0.881917	0.197459	0.428057	0.308814	0.444075	-0.84109	-0.35617	0.873961	0.330659
2.13333	0.932216	0.251299	0.260427	0.244938	0.09164	-0.965198	-0.266419	0.963562	0.0238757
2.16667	0.971755	0.184333	0.147356	0.164088	-0.0789976	-0.983277	-0.16961	0.979684	-0.107013
2.2	0.995206	0.0538993	0.0816133	0.0868197	-0.102612	-0.990925	-0.0450357	0.99326	-0.106799
2.23333	0.996964	-0.0724945	0.0284115	0.0241708	-0.0587177	-0.997982	0.0740165	0.995639	-0.0567871
2.26667	0.986494	-0.162161	-0.0230797	-0.0207133	0.0162684	-0.999653	0.162481	0.98663	0.0126897
2.3	0.974004	-0.212591	-0.0782408	-0.0530973	0.121514	-0.991168	0.220221	0.969556	0.107068
2.33333	0.965434	-0.225207	-0.131224	-0.0679787	0.268474	-0.960885	0.251629	0.936591	0.243885
2.36667	0.964257	-0.191671	-0.182949	-0.068814	0.485615	-0.87146	0.255877	0.852901	0.455068
2.4	0.960796	-0.116362	-0.251658	-0.0899787	0.727677	-0.679993	0.262251	0.675978	0.688679
2.43333	0.94674	-0.0529567	-0.317616	-0.126503	0.845903	-0.518116	0.29611	0.5307	0.794151
2.46667	0.941684	-0.0279873	-0.335332	-0.125847	0.894927	-0.428098	0.312079	0.445333	0.839217
2.5	0.954045	-0.0115896	-0.29944	-0.112991	0.911584	-0.395282	0.277546	0.410951	0.868382
2.53333	0.967866	0.0278943	-0.249915	-0.140314	0.884638	-0.444667	0.20868	0.465444	0.860124
2.56667	0.98314	0.0425837	-0.177824	-0.131202	0.841662	-0.523824	0.127362	0.538323	0.833059
2.6	0.990785	0.0443912	-0.127965	-0.109237	0.820472	-0.561154	0.0800817	0.569961	0.81776
2.63333	0.991726	0.0809031	-0.0996693	-0.123461	0.813796	-0.567884	0.0351669	0.575491	0.817052
2.66667	0.99371	0.0971538	-0.0556964	-0.111597	0.81764	-0.564811	-0.00933398	0.567474	0.823338
2.7	0.996557	0.0828845	0.00184013	-0.0680355	0.830302	-0.553146	-0.0473751	0.551116	0.833082
2.73333	0.995633	0.0672389	0.0647569	-0.0222756	0.844772	-0.534663	-0.090655	0.530886	0.84258
2.76667	0.989718	0.0466396	0.135217	0.0272791	0.866444	-0.498528	-0.140409	0.497091	0.856263
2.8	0.978921	0.0134234	0.203798	0.0837416	0.883726	-0.460451	-0.186283	0.467811	0.863974
2.83333	0.962158	-0.0166945	0.271979	0.143229	0.8801	-0.452668	-0.231812	0.474494	0.849187
2.86667	0.947881	0.0059002	0.318569	0.150719	0.872592	-0.464615	-0.280722	0.488414	0.826224
2.9	0.942041	0.0688084	0.328364	0.0989423	0.878232	-0.467887	-0.320575	0.473258	0.820523
2.93333	0.929791	0.102975	0.353391	0.0888727	0.868864	-0.487008	-0.357198	0.484223	0.79871
2.96667	0.907561	0.107207	0.406004	0.137246	0.838032	-0.528078	-0.396858	0.534986	0.745851
3	0.8815	0.108979	0.459435	0.208453	0.783237	-0.585737	-0.423679	0.612098	0.667707
3.03333	0.869368	0.154727	0.469317	0.274163	0.639129	-0.718574	-0.411137	0.753375	0.513219
3.06667	0.89071	0.261936	0.371518	0.280745	0.325809	-0.902791	-0.357517	0.908426	0.216664
3.1	0.932708	0.28235	0.224351	0.217224	0.0567299	-0.974472	-0.287869	0.957633	-0.00842061
3.13333	0.968356	0.208668	0.136909	0.152828	-0.0621038	-0.986299	-0.197307	0.976013	-0.092029
3.16667	0.992849	0.0856002	0.0832096	0.0896163	-0.0739406	-0.993228	-0.078868	0.993582	-0.081083
3.2	0.99859	-0.0301012	0.0437363	0.0430768	-0.0222204	-0.998825	0.0310376	0.9993	-0.0208924
3.23333	0.993518	-0.113469	0.00689443	0.0139079	0.0611352	-0.998033	0.112824	0.991659	0.062317
3.26667	0.985398	-0.167727	-0.029309	-0.00158698	0.163079	-0.986612	0.170261	0.972251	0.160432
3.3	0.977816	-0.198576	-0.0666573	-0.00288882	0.305412	-0.952216	0.209445	0.931285	0.298063
3.33333	0.975953	-0.186219	-0.11331	-0.0017061	0.51327	-0.858226	0.217976	0.837781	0.500609
3.36667	0.974091	-0.137725	-0.179385	-0.0192411	0.739842	-0.672505	0.225337	0.658533	0.718024
3.4	0.963781	-0.0877358	-0.251851	-0.0541496	0.860294	-0.506915	0.26114	0.502192	0.824384
3.43333	0.956527	-0.0673123	-0.283771	-0.0571104	0.910932	-0.408585	0.285998	0.407029	0.867486
3.46667	0.965703	-0.0628358	-0.251933	-0.0366355	0.927595	-0.371786	0.257053	0.368265	0.893479
3.5	0.977193	-0.0295756	-0.210285	-0.0472069	0.93522	-0.350905	0.207041	0.352829	0.912494
3.53333	0.985785	0.00477207	-0.167943	-0.082491	0.884564	-0.459066	0.146366	0.466395	0.872384
3.56667	0.993683	0.0133061	-0.111435	-0.0705797	0.846092	-0.528343	0.0872538	0.532871	0.841686
3.6	0.994218	0.0528582	-0.0934721	-0.0966166	0.820217	-0.563835	0.0468641	0.569605	0.820581
3.63333	0.994159	0.0913766	-0.0574357	-0.107808	0.815663	-0.568394	-0.0050898	0.571266	0.820749
3.66667	0.994659	0.101559	-0.0184262	-0.09412	0.819143	-0.565815	-0.04237	0.564527	0.824326
3.7	0.995288	0.0919106	0.0309064	-0.0585845	0.823937	-0.563644	-0.0772698	0.559178	0.825439
3.73333	0.992511	0.0799228	0.0923769	-0.0163928	0.836552	-0.547643	-0.121047	0.542028	0.831597
3.76667	0.98585	0.0594383	0.156735	0.0323387	0.850019	-0.525758	-0.164478	0.523387	0.83607
3.8	0.974299	0.0303889	0.223201	0.088901	0.858555	-0.504955	-0.206976	0.51182	0.833787
3.83333	0.957438	0.0128098	0.288354	0.142046	0.848757	-0.509348	-0.251267	0.528629	0.810812
3.86667	0.948945	0.0500954	0.311437	0.121243	0.853542	-0.506721	-0.291209	0.51861	0.803891
3.9	0.943846	0.0977803	0.315583	0.0767537	0.864171	-0.49731	-0.321345	0.493606	0.80814
3.93333	0.932047	0.114731	0.343695	0.0826843	0.856172	-0.510031	-0.352778	0.503791	0.788506
3.96667	0.910708	0.11582	0.396481	0.130239	0.8304	-0.541733	-0.391981	0.544997	0.741167
4	0.883747	0.120926	0.452071	0.1921	0.787144	-0.58609	-0.426719	0.604798	0.672406
4.03333	0.870495	0.142294	0.471159	0.252904	0.691925	-0.676224	-0.42223	0.707808	0.566331
4.06667	0.876128	0.228984	0.424223	0.290641	0.451177	-0.843781	-0.384612	0.862557	0.328737
4.1	0.913065	0.292688	0.283982	0.252803	0.140192	-0.957307	-0.320004	0.945875	0.0540125
4.13333	0.949356	0.259215	0.177571	0.198042	-0.0549011	-0.978655	-0.243933	0.964258	-0.103456
4.16667	0.979941	0.164209	0.112923	0.13626	-0.138588	-0.980932	-0.145428	0.976642	-0.158183
4.2	0.996146	0.0520303	0.0706099	0.0770286	-0.13396	-0.987988	-0.0419464	0.98962	-0.137452
4.23333	0.99835	-0.0445471	0.0362366	0.0320032	-0.0923244	-0.995215	0.0476794	0.994732	-0.0907464
4.26667	0.992953	-0.117652	0.0142032	0.0117384	-0.0216162	-0.999697	0.117924	0.99282	-0.0200828
4.3	0.985061	-0.171856	-0.0109934	0.00383133	0.0856933	-0.996314	0.172165	0.981388	0.0850716
4.33333	0.980325	-0.192126	-0.045283	0.00347093	0.246152	-0.969225	0.19736	0.949998	0.241976
4.36667	0.981811	-0.164498	-0.0948023	0.000219847	0.500311	-0.865846	0.18986	0.850076	0.491247
4.4	0.979284	-0.111823	-0.168815	-0.0263897	0.756099	-0.653925	0.200765	0.644833	0.737484
4.43333	0.968276	-0.0757494	-0.238125	-0.0636417	0.846765	-0.528146	0.241642	0.526546	0.815082
4.46667	0.961549	-0.0645003	-0.266953	-0.0651273	0.890749	-0.449805	0.266801	0.449895	0.852298
4.5	0.969618	-0.0742354	-0.233089	-0.0275019	0.913721	-0.40541	0.243074	0.399503	0.883919
4.53333	0.978076	-0.0482064	-0.202593	-0.0251808	0.938324	-0.344839	0.206721	0.34238	0.916538
4.56667	0.984576	-0.0172594	-0.174104	-0.0478342	0.930652	-0.362765	0.168291	0.365498	0.915472
4.6	0.99094	0.0260285	-0.131761	-0.0800262	0.902302	-0.423611	0.107863	0.430317	0.89621
4.63333	0.99694	0.0304012	-0.0720218	-0.0612815	0.87593	-0.478531	0.0485381	0.48148	0.875112
4.66667	0.998587	0.0363869	-0.0387315	-0.050463	0.877769	-0.476418	0.0166619	0.477699	0.878365
4.7	0.999082	0.0411835	-0.0117712	-0.0419699	0.886383	-0.461046	-0.00855368	0.461117	0.887298
4.73333	0.999405	0.0314132	0.0142688	-0.0223144	0.903929	-0.427099	-0.0263145	0.426526	0.904092
4.76667	0.998921	0.0193674	0.042212	-0.00077429	0.915719	-0.401819	-0.0464365	0.401353	0.914746
4.8	0.997251	-0.00569126	0.0738727	0.0329457	0.927115	-0.373327	-0.0663637	0.374735	0.924754
4.83333	0.99508	-0.0231045	0.0963456	0.0578683	0.924856	-0.375888	-0.0804211	0.379614	0.921643
4.86667	0.992523	-0.0264949	0.119148	0.0730266	0.911072	-0.405728	-0.0978029	0.411395	0.906195
4.9	0.989649	-0.0160492	0.142607	0.0765365	0.899629	-0.429895	-0.121394	0.43636	0.891545
4.93333	0.988399	0.0125116	0.15136	0.0559266	0.896589	-0.439319	-0.141205	0.442688	0.885488
4.96667	0.984614	0.0224089	0.173302	0.0577466	0.8943	-0.443725	-0.164927	0.446906	0.879246
5	0.98284	0.0299942	0.182007	0.0577918	0.886947	-0.458242	-0.175176	0.460896	0.869993
5.03333	0.982449	0.0204695	0.185404	0.0686614	0.884486	-0.461487	-0.173433	0.466118	0.867557
5.06667	0.982998	0.0223056	0.182254	0.0652264	0.885433	-0.460167	-0.171638	0.464232	0.868924
5.1	0.982708	0.0198983	0.184092	0.0660752	0.891069	-0.449032	-0.172974	0.453431	0.874346
5.13333	0.983296	0.0150336	0.181394	0.0666741	0.897564	-0.435814	-0.169364	0.440628	0.881568
5.16667	0.98422	0.00860054	0.176741	0.0686745	0.901962	-0.42632	-0.16308	0.43173	0.887138
5.2	0.984984	0.00187771	0.172637	0.0710545	0.906921	-0.415266	-0.157348	0.421297	0.893169
5.23333	0.984719	-0.00520418	0.174076	0.0762828	0.911453	-0.404271	-0.156558	0.411372	0.897921
5.26667	0.984132	-0.0157789	0.176736	0.0852548	0.915583	-0.392988	-0.155616	0.401819	0.9024
5.3	0.981966	-0.0321644	0.186301	0.103006	0.917338	-0.384553	-0.158532	0.396808	0.904108
5.33333	0.981371	-0.0329199	0.189279	0.104558	0.918043	-0.382445	-0.161176	0.395112	0.904383
5.36667	0.982022	-0.0268852	0.186842	0.0983313	0.917765	-0.384758	-0.161133	0.396214	0.903909
5.4	0.982247	-0.0228074	0.186202	0.094618	0.91731	-0.386768	-0.161984	0.397519	0.903183
5.43333	0.982562	-0.0213078	0.184712	0.0922758	0.918327	-0.384918	-0.161425	0.39525	0.904279
5.46667	0.983377	-0.0237754	0.180011	0.0917567	0.920561	-0.379669	-0.156685	0.389875	0.90744
5.5	0.9845	-0.0251758	0.173567	0.0895259	0.923136	-0.373906	-0.150812	0.383649	0.911081
5.53333	0.985196	-0.0259071	0.169466	0.0882097	0.924225	-0.371519	-0.146999	0.380968	0.912828
5.56667	0.985546	-0.0232531	0.167805	0.0857622	0.922711	-0.375832	-0.146097	0.384791	0.911368
5.6	0.985572	-0.0216265	0.16787	0.0846598	0.921809	-0.378286	-0.146563	0.387039	0.91034
5.63333	0.985607	-0.02066	0.167785	0.0836508	0.922083	-0.377844	-0.146906	0.386441	0.910539
5.66667	0.985503	-0.0212826	0.168317	0.0843166	0.922346	-0.377053	-0.147222	0.385779	0.910769
5.7	0.985704	-0.0233366	0.166863	0.0854894	0.922681	-0.375966	-0.145188	0.384857	0.911486
5.73333	0.985722	-0.0249534	0.166522	0.0867891	0.922763	-0.375468	-0.144291	0.38456	0.911753
5.76667	0.985998	-0.0271377	0.164534	0.0879197	0.922993	-0.374638	-0.141697	0.383859	0.912455
