0	0.999535	0.00423112	-0.0301946	-0.00418055	0.99999	0.00173751	0.0302016	-0.00161047	0.999543
0.0333333	0.182286	0.346564	0.920144	-0.373086	0.890217	-0.261381	-0.909714	-0.295647	0.291572
0.0666667	0.159668	0.368731	0.91572	-0.3592	0.885734	-0.294025	-0.9195	-0.28198	0.273872
0.1	0.16125	0.385421	0.908542	-0.341615	0.885478	-0.315005	-0.925903	-0.259577	0.274449
0.133333	0.162741	0.3994	0.902216	-0.331304	0.883437	-0.331326	-0.929383	-0.244987	0.276095
0.166667	0.163024	0.41039	0.89722	-0.325638	0.880807	-0.343715	-0.931334	-0.236134	0.277231
0.2	0.16411	0.419166	0.892955	-0.32224	0.878346	-0.353086	-0.932325	-0.2298	0.279217
0.233333	0.165057	0.426121	0.889482	-0.319335	0.876361	-0.360578	-0.933157	-0.224527	0.280725
0.266667	0.165957	0.43188	0.886532	-0.317649	0.874493	-0.366552	-0.933572	-0.220774	0.282315
0.3	0.166654	0.436502	0.884134	-0.316403	0.872928	-0.37133	-0.933871	-0.217859	0.283587
0.333333	0.167408	0.440459	0.882027	-0.316335	0.871346	-0.375085	-0.933759	-0.216224	0.285202
0.366667	0.168164	0.443512	0.880351	-0.315698	0.870262	-0.378125	-0.933839	-0.214338	0.286363
0.4	0.168637	0.446135	0.878934	-0.315185	0.869295	-0.380769	-0.933927	-0.212815	0.28721
0.433333	0.169543	0.448371	0.877621	-0.314939	0.868468	-0.382854	-0.933846	-0.211487	0.288452
0.466667	0.170078	0.450508	0.876422	-0.31556	0.867445	-0.384656	-0.933539	-0.211142	0.289696
0.5	0.170703	0.452245	0.875406	-0.316573	0.866514	-0.38592	-0.933082	-0.211252	0.291085
0.533333	0.171308	0.453739	0.874514	-0.317683	0.865664	-0.386916	-0.932594	-0.211536	0.29244
0.566667	0.172049	0.454579	0.873932	-0.318742	0.865125	-0.387249	-0.932096	-0.211933	0.293737
0.6	0.17182	0.4548	0.873862	-0.319646	0.864798	-0.387234	-0.931828	-0.212792	0.293965
0.633333	0.170814	0.454274	0.874333	-0.32056	0.86472	-0.386654	-0.931699	-0.21423	0.293328
0.666667	0.170968	0.453178	0.874871	-0.32059	0.865212	-0.385525	-0.931661	-0.214563	0.293208
0.7	0.173051	0.451179	0.875495	-0.322417	0.865879	-0.382494	-0.930645	-0.216083	0.295308
0.733333	0.175975	0.448122	0.876481	-0.325547	0.86677	-0.377796	-0.929006	-0.218853	0.298414
0.766667	0.178616	0.443636	0.878227	-0.329482	0.868017	-0.371468	-0.927113	-0.22301	0.301212
0.8	0.183315	0.438414	0.87988	-0.332082	0.870049	-0.36433	-0.925266	-0.225405	0.305083
0.833333	0.189161	0.43276	0.88144	-0.334783	0.872287	-0.35642	-0.923113	-0.227671	0.309884
0.866667	0.19636	0.425785	0.883261	-0.338323	0.874899	-0.34654	-0.920315	-0.230781	0.315848
0.9	0.198627	0.412683	0.888954	-0.345909	0.878174	-0.330389	-0.917003	-0.241873	0.31718
0.933333	0.194559	0.389503	0.900241	-0.358679	0.88247	-0.304297	-0.91296	-0.263694	0.311399
0.966667	0.178154	0.34396	0.921929	-0.382828	0.887331	-0.257074	-0.906479	-0.307141	0.289759
1	0.138327	0.253716	0.957337	-0.436097	0.883478	-0.171129	-0.889205	-0.39382	0.232854
1.03333	0.080059	0.0879936	0.992899	-0.542463	0.83952	-0.030661	-0.836256	-0.536156	0.114944
1.06667	0.0266809	-0.207981	0.977769	-0.72291	0.671545	0.162571	-0.690427	-0.711176	-0.132434
1.1	0.0270413	-0.534679	0.844623	-0.896981	0.359976	0.256596	-0.441241	-0.764549	-0.469862
1.13333	0.0834344	-0.713162	0.696016	-0.949745	0.154552	0.27221	-0.301701	-0.683749	-0.664427
1.16667	0.102539	-0.789799	0.604734	-0.952441	0.0974206	0.28873	-0.286952	-0.60558	-0.742248
1.2	0.0979417	-0.823224	0.559204	-0.943581	0.101789	0.31511	-0.316327	-0.558516	-0.766809
1.23333	0.0773712	-0.839437	0.537921	-0.919282	0.148779	0.364396	-0.385919	-0.522695	-0.760168
1.26667	0.0352874	-0.839629	0.542012	-0.864351	0.246598	0.438277	-0.501649	-0.483955	-0.717033
1.3	-0.00626731	-0.817144	0.576399	-0.756862	0.380594	0.531327	-0.653544	-0.432925	-0.620851
1.33333	-0.00379655	-0.786862	0.617118	-0.606597	0.492428	0.624143	-0.795	-0.371973	-0.479178
1.36667	0.00832139	-0.766408	0.6423	-0.445144	0.572329	0.688685	-0.89542	-0.291647	-0.336399
1.4	0.0117402	-0.748201	0.663368	-0.335458	0.62202	0.707502	-0.941982	-0.230838	-0.243687
1.43333	0.00165595	-0.723328	0.690503	-0.343739	0.648016	0.679646	-0.939064	-0.238478	-0.247563
1.46667	-0.0900788	-0.691875	0.716376	-0.414115	0.680191	0.604855	-0.905757	-0.242177	-0.347786
1.5	-0.133471	-0.668419	0.731712	-0.470587	0.692519	0.546777	-0.8722	-0.271356	-0.40698
1.53333	-0.150649	-0.601754	0.784345	-0.465701	0.74305	0.480624	-0.872025	-0.292865	-0.392177
1.56667	-0.138903	-0.567315	0.811702	-0.512616	0.742482	0.431214	-0.847308	-0.356194	-0.393948
1.6	-0.116189	-0.495338	0.860895	-0.479506	0.787039	0.388127	-0.869812	-0.367709	-0.328963
1.63333	-0.0657198	-0.443292	0.893965	-0.491915	0.793864	0.357492	-0.868159	-0.41626	-0.270235
1.66667	-0.0156053	-0.375693	0.926613	-0.479267	0.81614	0.32283	-0.87753	-0.439057	-0.192793
1.7	0.0367598	-0.310394	0.949897	-0.478813	0.828856	0.289371	-0.877147	-0.46546	-0.118152
1.73333	0.0872277	-0.231342	0.968954	-0.457416	0.854763	0.245256	-0.884964	-0.464608	-0.0312604
1.76667	0.130017	-0.15487	0.979342	-0.442312	0.87494	0.197081	-0.887387	-0.458798	0.0452559
1.8	0.169271	-0.074443	0.982754	-0.411358	0.900799	0.139088	-0.895618	-0.427808	0.121856
1.83333	0.20893	0.00908539	0.977888	-0.377285	0.923292	0.0720303	-0.902222	-0.383992	0.196331
1.86667	0.246473	0.0986316	0.964118	-0.340113	0.940339	-0.0092505	-0.90751	-0.325629	0.265314
1.9	0.24949	0.173328	0.952739	-0.320762	0.943102	-0.0875778	-0.91371	-0.283753	0.290892
1.93333	0.220883	0.226922	0.948534	-0.322205	0.934928	-0.148636	-0.92054	-0.272792	0.279625
1.96667	0.172138	0.257976	0.950693	-0.312705	0.929492	-0.195603	-0.934122	-0.263616	0.240672
2	0.0970687	0.272479	0.957253	-0.298691	0.925436	-0.233134	-0.949401	-0.263293	0.171218
2.03333	-0.0301158	0.257692	0.965758	-0.322926	0.911875	-0.253384	-0.945945	-0.319499	0.0557536
2.06667	-0.252133	0.168366	0.952933	-0.439961	0.857141	-0.267849	-0.861895	-0.486787	-0.142039
2.1	-0.4003	-0.0449602	0.915281	-0.647683	0.720461	-0.247875	-0.64828	-0.692036	-0.317521
2.13333	-0.347452	-0.25682	0.901843	-0.854607	0.48254	-0.19184	-0.385907	-0.837376	-0.387139
2.16667	-0.252113	-0.410799	0.876175	-0.95254	0.264973	-0.149853	-0.170603	-0.872372	-0.458106
2.2	-0.164311	-0.476503	0.863682	-0.97586	0.20623	-0.0718724	-0.14387	-0.854643	-0.498886
2.23333	-0.0864629	-0.542933	0.835313	-0.988464	0.151404	-0.00390679	-0.124349	-0.826015	-0.549761
2.26667	-0.0228447	-0.596816	0.802053	-0.989711	0.126848	0.066199	-0.141247	-0.792288	-0.593573
2.3	0.00204304	-0.630523	0.776168	-0.97774	0.16159	0.133842	-0.209811	-0.759164	-0.616157
2.33333	0.0100976	-0.656225	0.754498	-0.947012	0.235973	0.217912	-0.32104	-0.716719	-0.61907
2.36667	-0.0271006	-0.662927	0.748194	-0.868042	0.386796	0.311274	-0.49575	-0.641028	-0.585931
2.4	-0.0680841	-0.611429	0.788365	-0.672219	0.612015	0.416604	-0.737215	-0.50159	-0.452683
2.43333	-0.0270395	-0.525776	0.850193	-0.437992	0.77075	0.462717	-0.898572	-0.359866	-0.251126
2.46667	0.0438659	-0.439754	0.897046	-0.359604	0.830775	0.424851	-0.932073	-0.341218	-0.121695
2.5	-0.134461	-0.330564	0.934156	-0.374134	0.889877	0.261042	-0.917575	-0.3144	-0.243329
2.53333	-0.214577	-0.254762	0.942896	-0.391368	0.906919	0.155977	-0.894868	-0.33555	-0.294309
2.56667	-0.171182	-0.232221	0.957481	-0.473747	0.871504	0.12667	-0.863864	-0.43192	-0.259199
2.6	-0.104583	-0.204893	0.973181	-0.527962	0.84071	0.120265	-0.842804	-0.501224	-0.196099
2.63333	-0.0425558	-0.178394	0.983038	-0.550719	0.825141	0.1259	-0.833605	-0.53602	-0.13336
2.66667	0.0119272	-0.130084	0.991431	-0.526775	0.841941	0.116807	-0.849921	-0.523654	-0.0584828
2.7	0.0607523	-0.0795741	0.994976	-0.498953	0.860919	0.0993184	-0.864497	-0.50248	0.0125991
2.73333	0.107615	-0.0188172	0.994015	-0.454756	0.888164	0.0660468	-0.884091	-0.459142	0.0870227
2.76667	0.148401	0.0480636	0.987759	-0.403979	0.914625	0.016189	-0.90265	-0.401436	0.155148
2.8	0.187618	0.115486	0.975429	-0.355748	0.933633	-0.0421115	-0.915556	-0.339107	0.216251
2.83333	0.220774	0.173483	0.959772	-0.333991	0.938005	-0.0927213	-0.916357	-0.300085	0.265028
2.86667	0.234466	0.220221	0.946852	-0.326233	0.935344	-0.136761	-0.91575	-0.276829	0.291149
2.9	0.219311	0.251247	0.94275	-0.325701	0.929696	-0.172001	-0.919686	-0.269333	0.285724
2.93333	0.182631	0.265929	0.946535	-0.317368	0.927135	-0.199243	-0.93055	-0.264011	0.253721
2.96667	0.118595	0.262894	0.957508	-0.323747	0.921855	-0.213006	-0.938682	-0.284729	0.194439
3	-0.00440746	0.220238	0.975436	-0.386636	0.899211	-0.204774	-0.922222	-0.378042	0.0811887
3.03333	-0.209678	0.0896016	0.973656	-0.55276	0.810534	-0.193627	-0.806531	-0.578798	-0.120423
3.06667	-0.338692	-0.123855	0.93271	-0.762859	0.616408	-0.195161	-0.550758	-0.777625	-0.303256
3.1	-0.313368	-0.29223	0.90355	-0.90286	0.386608	-0.18809	-0.294354	-0.87472	-0.384994
3.13333	-0.266567	-0.404549	0.874804	-0.958632	0.205299	-0.197171	-0.0998311	-0.891175	-0.442539
3.16667	-0.210551	-0.459994	0.862597	-0.976005	0.149021	-0.158764	-0.055515	-0.875328	-0.480333
3.2	-0.148613	-0.509091	0.847785	-0.985944	0.142461	-0.0872848	-0.0763404	-0.848841	-0.523107
3.23333	-0.0830734	-0.557611	0.825935	-0.988411	0.151772	0.00304977	-0.127054	-0.81611	-0.563757
3.26667	-0.0362958	-0.59588	0.802253	-0.978404	0.184656	0.0928892	-0.203491	-0.781556	-0.589713
3.3	-0.0115957	-0.628655	0.777598	-0.949771	0.250137	0.188062	-0.312732	-0.736359	-0.599978
3.33333	-0.0317826	-0.637699	0.76963	-0.873311	0.392233	0.288932	-0.486125	-0.662943	-0.569376
3.36667	-0.0620894	-0.579947	0.812285	-0.686442	0.615615	0.38706	-0.724529	-0.533554	-0.436323
3.4	-0.0135924	-0.478954	0.877735	-0.43587	0.792864	0.425893	-0.899907	-0.376789	-0.219538
3.43333	0.0774679	-0.388751	0.91808	-0.332126	0.858188	0.391416	-0.940048	-0.33524	-0.0626325
3.46667	0.0402075	-0.291634	0.955684	-0.343756	0.894036	0.287284	-0.938198	-0.340073	-0.0643039
3.5	-0.157546	-0.209007	0.96514	-0.386678	0.91236	0.134457	-0.908658	-0.352016	-0.224557
3.53333	-0.188008	-0.124797	0.974207	-0.389747	0.919935	0.0426289	-0.901527	-0.371679	-0.221595
3.56667	-0.153748	-0.118239	0.98101	-0.489984	0.871274	0.0282202	-0.858066	-0.476341	-0.191892
3.6	-0.0956094	-0.110166	0.989304	-0.539734	0.840814	0.0414692	-0.836389	-0.529996	-0.13985
3.63333	-0.0394191	-0.0922298	0.994957	-0.558154	0.827937	0.054634	-0.828801	-0.553186	-0.0841149
3.66667	0.00677305	-0.0709781	0.997455	-0.551199	0.831996	0.062947	-0.834347	-0.550222	-0.0334879
3.7	0.0482891	-0.0425454	0.997927	-0.523267	0.849943	0.0615568	-0.850799	-0.525155	0.0187804
3.73333	0.0866162	-0.00803498	0.996209	-0.485835	0.87266	0.0492798	-0.869748	-0.488262	0.0716828
3.76667	0.119971	0.0372141	0.99208	-0.434551	0.900451	0.0187727	-0.892621	-0.433362	0.124199
3.8	0.151918	0.0860808	0.984638	-0.391645	0.919899	-0.0199951	-0.907488	-0.382591	0.173462
3.83333	0.183899	0.1333	0.973865	-0.351948	0.934004	-0.0613847	-0.917777	-0.331461	0.218677
3.86667	0.204207	0.170179	0.964022	-0.341682	0.935231	-0.0927186	-0.917362	-0.310455	0.249128
3.9	0.217091	0.193879	0.956704	-0.351803	0.929754	-0.108588	-0.910553	-0.312998	0.270048
3.93333	0.21252	0.198707	0.95674	-0.353379	0.928466	-0.114339	-0.911021	-0.313792	0.267537
3.96667	0.177957	0.187731	0.965965	-0.356069	0.927401	-0.114639	-0.917358	-0.32355	0.231883
4	0.0917353	0.151726	0.984156	-0.401571	0.910032	-0.102867	-0.911222	-0.385772	0.144411
4.03333	-0.0583839	0.0541433	0.996825	-0.538675	0.838976	-0.0771198	-0.840488	-0.541468	-0.019817
4.06667	-0.207251	-0.124155	0.970378	-0.75706	0.648587	-0.0787078	-0.619602	-0.750947	-0.228413
4.1	-0.266909	-0.284491	0.920774	-0.899329	0.416912	-0.131879	-0.346363	-0.863278	-0.367129
4.13333	-0.24341	-0.392864	0.886797	-0.960675	0.22361	-0.164625	-0.133621	-0.891996	-0.431844
4.16667	-0.195367	-0.462946	0.864588	-0.980592	0.107024	-0.164273	-0.0164817	-0.879902	-0.47487
4.2	-0.150529	-0.496618	0.854817	-0.988576	0.0822832	-0.126279	-0.00762439	-0.86406	-0.503331
4.23333	-0.0954888	-0.532881	0.840785	-0.995057	0.0742443	-0.0659543	-0.0272778	-0.842927	-0.537336
4.26667	-0.0409323	-0.575048	0.817095	-0.996233	0.0860588	0.0106595	-0.076448	-0.813581	-0.576404
4.3	0.00688073	-0.612901	0.79013	-0.987168	0.121896	0.103151	-0.159535	-0.780701	-0.604197
4.33333	0.0181133	-0.651742	0.758225	-0.96152	0.196571	0.191935	-0.274137	-0.732525	-0.623102
4.36667	-0.0437863	-0.650235	0.75847	-0.88476	0.377833	0.272839	-0.463985	-0.659118	-0.591846
4.4	-0.0569743	-0.568352	0.820811	-0.687426	0.618548	0.380584	-0.724016	-0.542563	-0.425941
4.43333	0.0455259	-0.450396	0.891668	-0.447589	0.788787	0.421282	-0.89308	-0.41828	-0.165682
4.46667	0.159816	-0.330128	0.930309	-0.350889	0.861876	0.366123	-0.922678	-0.384948	0.0219035
4.5	0.107266	-0.211959	0.971374	-0.348288	0.907091	0.236392	-0.93123	-0.363675	0.0234772
4.53333	-0.0684184	-0.110515	0.991517	-0.372979	0.924612	0.0773211	-0.925314	-0.364525	-0.10448
4.56667	-0.198831	0.049635	0.978776	-0.300293	0.947592	-0.109056	-0.932893	-0.315603	-0.173506
4.6	-0.173959	0.0643838	0.982646	-0.416172	0.899563	-0.132615	-0.892491	-0.432019	-0.129692
4.63333	-0.129034	0.104733	0.986094	-0.462486	0.873278	-0.153269	-0.877187	-0.475832	-0.0642452
4.66667	-0.084033	0.127329	0.988294	-0.508094	0.847708	-0.152418	-0.857193	-0.514955	-0.00654052
4.7	-0.0347724	0.161251	0.986301	-0.513331	0.843881	-0.156065	-0.857486	-0.511726	0.0534316
4.73333	-0.00591648	0.198489	0.980085	-0.504597	0.845579	-0.174295	-0.863335	-0.495579	0.0951543
4.76667	0.0241911	0.242623	0.969819	-0.481587	0.85295	-0.201373	-0.876065	-0.46218	0.137478
4.8	0.0519743	0.299451	0.952695	-0.439313	0.863575	-0.247472	-0.896829	-0.405669	0.176436
4.83333	0.0617035	0.335974	0.939848	-0.419722	0.863069	-0.280972	-0.905553	-0.377138	0.19427
4.86667	0.067806	0.359262	0.93077	-0.402502	0.863479	-0.303967	-0.912904	-0.354026	0.203153
4.9	0.0733844	0.377235	0.923206	-0.377542	0.867315	-0.324387	-0.92308	-0.324744	0.206069
4.93333	0.0791035	0.384603	0.919687	-0.350893	0.874277	-0.335432	-0.933069	-0.296177	0.204113
4.96667	0.0866385	0.391254	0.916196	-0.331506	0.878567	-0.343836	-0.939467	-0.273935	0.205821
5	0.0958825	0.394583	0.913844	-0.320612	0.88139	-0.34693	-0.942345	-0.259725	0.211018
5.03333	0.0979199	0.393591	0.914056	-0.326019	0.880474	-0.344205	-0.940278	-0.264295	0.214534
5.06667	0.0933976	0.387679	0.917051	-0.328825	0.881403	-0.33912	-0.939761	-0.269876	0.2098
5.1	0.0877664	0.380052	0.920792	-0.331368	0.882855	-0.332809	-0.939411	-0.275911	0.203422
5.13333	0.0859202	0.37212	0.924199	-0.333336	0.884907	-0.32531	-0.938885	-0.280118	0.200072
5.16667	0.0905401	0.363898	0.927028	-0.33603	0.887425	-0.315533	-0.937489	-0.282941	0.202628
5.2	0.103737	0.357908	0.927977	-0.338787	0.889931	-0.305361	-0.935127	-0.28271	0.213573
5.23333	0.124212	0.358406	0.925266	-0.332009	0.893751	-0.301628	-0.935062	-0.269731	0.230009
5.26667	0.15096	0.367745	0.917592	-0.321992	0.8959	-0.306078	-0.93463	-0.249252	0.253656
5.3	0.167455	0.381814	0.908943	-0.31572	0.894175	-0.317445	-0.933959	-0.233813	0.270281
5.33333	0.169697	0.391328	0.90447	-0.318226	0.890374	-0.325524	-0.932703	-0.232585	0.275624
5.36667	0.162639	0.393535	0.904809	-0.321103	0.88821	-0.328597	-0.932975	-0.237094	0.270823
5.4	0.158136	0.391726	0.906391	-0.322797	0.888014	-0.327466	-0.933164	-0.240796	0.266875
5.43333	0.158726	0.39026	0.90692	-0.318246	0.889761	-0.327178	-0.934626	-0.236692	0.265426
5.46667	0.16496	0.391709	0.905181	-0.314145	0.890824	-0.328246	-0.934934	-0.230211	0.270004
5.5	0.172204	0.395064	0.902369	-0.310649	0.891089	-0.330843	-0.934796	-0.223347	0.276176
5.53333	0.177065	0.398616	0.899863	-0.309059	0.89058	-0.333691	-0.934415	-0.219026	0.280886
5.56667	0.178423	0.401612	0.898261	-0.309248	0.889538	-0.336285	-0.934094	-0.217785	0.282912
5.6	0.178303	0.404491	0.896992	-0.308433	0.888633	-0.339411	-0.934386	-0.216144	0.283204
5.63333	0.177561	0.408233	0.895443	-0.303416	0.888284	-0.344804	-0.936168	-0.210468	0.281589
5.66667	0.178034	0.412727	0.893286	-0.296658	0.888065	-0.351189	-0.938242	-0.202477	0.280545
5.7	0.181851	0.418186	0.889973	-0.292083	0.887187	-0.357194	-0.938945	-0.19499	0.283481
5.73333	0.184683	0.423367	0.886934	-0.287911	0.886172	-0.363053	-0.93968	-0.188308	0.285553
5.76667	0.186483	0.429504	0.883601	-0.284999	0.884354	-0.369722	-0.940212	-0.182879	0.287325
