0	0	1	0	0	0	-1	-1	0	0
0.0333333	0.960464	0.23118	0.155129	-0.140491	0.88352	-0.446827	-0.240357	0.407367	0.881068
0.0666667	0.980682	0.0946921	0.171162	-0.0198971	0.918771	-0.39429	-0.194595	0.383268	0.902906
0.1	0.98119	0.0365178	0.189559	0.0373388	0.927501	-0.371952	-0.189399	0.372034	0.908691
0.133333	0.980141	0.0105541	0.198022	0.0623512	0.931535	-0.358266	-0.188245	0.363498	0.912377
0.166667	0.979523	0.000188045	0.20133	0.0721063	0.933337	-0.351687	-0.187975	0.359003	0.914211
0.2	0.979168	-0.00432708	0.203005	0.0764122	0.934132	-0.348653	-0.188125	0.356902	0.915003
0.233333	0.978893	-0.00717824	0.204249	0.0790971	0.934809	-0.346231	-0.188448	0.355079	0.915645
0.266667	0.978703	-0.00859341	0.2051	0.0802875	0.93556	-0.343919	-0.188928	0.353062	0.916326
0.3	0.978618	-0.00976119	0.205455	0.0812902	0.935909	-0.342735	-0.188941	0.352108	0.91669
0.333333	0.978653	-0.0103335	0.205261	0.0817017	0.935988	-0.34242	-0.188583	0.35188	0.916851
0.366667	0.978626	-0.0112106	0.205345	0.0825758	0.935903	-0.342443	-0.188344	0.35208	0.916824
0.4	0.978627	-0.0117444	0.205309	0.0827162	0.936526	-0.340702	-0.188276	0.350402	0.91748
0.433333	0.978662	-0.0119785	0.205125	0.0826706	0.936888	-0.339715	-0.18811	0.349425	0.917887
0.466667	0.978726	-0.0121645	0.204809	0.0826056	0.93712	-0.339091	-0.187805	0.348796	0.918189
0.5	0.978812	-0.0118014	0.204419	0.0822178	0.936974	-0.339589	-0.187527	0.349201	0.918092
0.533333	0.978842	-0.0117284	0.204282	0.0822155	0.936766	-0.340162	-0.187375	0.34976	0.91791
0.566667	0.978892	-0.011257	0.204066	0.0818394	0.936524	-0.340917	-0.187275	0.350422	0.917678
0.6	0.978968	-0.0108763	0.203725	0.0814864	0.936313	-0.341582	-0.187035	0.350999	0.917506
0.633333	0.979054	-0.0113969	0.203282	0.0816332	0.936639	-0.340653	-0.186519	0.350112	0.91795
0.666667	0.979191	-0.0116341	0.202608	0.0812481	0.937328	-0.338843	-0.185968	0.348254	0.918768
0.7	0.979276	-0.011778	0.202185	0.0811732	0.937441	-0.33855	-0.185549	0.347946	0.91897
0.733333	0.979401	-0.011702	0.201587	0.0810424	0.937167	-0.339338	-0.18495	0.348685	0.91881
0.766667	0.979353	-0.012122	0.201796	0.0815879	0.936998	-0.339674	-0.184965	0.349125	0.91864
0.8	0.979417	-0.012581	0.201456	0.0816277	0.937491	-0.338301	-0.184607	0.347783	0.919221
0.833333	0.979365	-0.0131234	0.201673	0.0820325	0.937802	-0.337341	-0.184702	0.346924	0.919527
0.866667	0.979401	-0.0128843	0.201512	0.0817415	0.937834	-0.337322	-0.184639	0.346845	0.919569
0.9	0.97942	-0.012186	0.201467	0.0812797	0.937474	-0.338433	-0.184746	0.347843	0.919171
0.933333	0.979428	-0.011394	0.201474	0.0804951	0.937594	-0.338288	-0.185046	0.347546	0.919222
0.966667	0.979252	-0.0114531	0.202322	0.0808049	0.937663	-0.338023	-0.185838	0.347358	0.919134
1	0.979239	-0.0113046	0.202392	0.0807349	0.937586	-0.338253	-0.185936	0.347571	0.919033
1.03333	0.979236	-0.011121	0.202418	0.0807564	0.937248	-0.339181	-0.185944	0.348485	0.918686
1.06667	0.97923	-0.0107618	0.202466	0.0805866	0.936983	-0.339955	-0.186048	0.34921	0.918389
1.1	0.979215	-0.0113552	0.202505	0.0811228	0.937019	-0.339728	-0.185893	0.349095	0.918464
1.13333	0.979186	-0.0118123	0.202619	0.0815247	0.937122	-0.339347	-0.18587	0.348803	0.91858
1.16667	0.979258	-0.0118019	0.202273	0.0815316	0.936865	-0.340054	-0.185489	0.349492	0.918395
1.2	0.979363	-0.0115195	0.201779	0.0810761	0.936915	-0.340026	-0.185133	0.349369	0.918514
1.23333	0.979513	-0.012415	0.200997	0.0815563	0.937039	-0.339568	-0.184126	0.349004	0.918855
1.26667	0.979613	-0.0129381	0.200478	0.0816486	0.937429	-0.338468	-0.183555	0.347937	0.919374
1.3	0.979632	-0.0128359	0.200392	0.0813332	0.937793	-0.337534	-0.183594	0.346957	0.919736
1.33333	0.979702	-0.013033	0.200035	0.081195	0.938162	-0.336541	-0.183279	0.345952	0.920177
1.36667	0.979685	-0.013181	0.200109	0.0812744	0.938315	-0.336094	-0.183335	0.34553	0.920324
1.4	0.979607	-0.0126936	0.200522	0.0808416	0.938558	-0.335521	-0.183943	0.344889	0.920444
1.43333	0.979477	-0.0118967	0.201203	0.0802891	0.938665	-0.335354	-0.184873	0.344626	0.920356
1.46667	0.979414	-0.0116388	0.201524	0.0800802	0.938819	-0.334972	-0.185296	0.344214	0.920425
1.5	0.97943	-0.0111031	0.20148	0.0795037	0.938951	-0.334738	-0.185463	0.343871	0.92052
1.53333	0.979418	-0.0111553	0.201535	0.0796647	0.938776	-0.33519	-0.185458	0.344346	0.920343
1.56667	0.97952	-0.0109144	0.20105	0.0793084	0.93872	-0.335433	-0.185068	0.344508	0.920361
1.6	0.979548	-0.0113085	0.200891	0.0793716	0.939172	-0.33415	-0.184892	0.343261	0.920862
1.63333	0.97956	-0.0116273	0.200817	0.0794265	0.939564	-0.333032	-0.184808	0.342175	0.921283
1.66667	0.97965	-0.0111807	0.200402	0.0788803	0.939557	-0.333182	-0.184564	0.342209	0.921319
1.7	0.979763	-0.0109487	0.19986	0.078479	0.939566	-0.333252	-0.184133	0.342193	0.921411
1.73333	0.979839	-0.0109991	0.199487	0.078312	0.939726	-0.332838	-0.183802	0.34175	0.921642
1.76667	0.979928	-0.0107534	0.199063	0.0777932	0.940005	-0.332173	-0.183549	0.340991	0.921973
1.8	0.979975	-0.011178	0.198808	0.0779221	0.940328	-0.331227	-0.183243	0.340086	0.922369
1.83333	0.980074	-0.0111965	0.198318	0.0776948	0.940474	-0.330866	-0.182808	0.339681	0.922604
1.86667	0.980157	-0.011102	0.197909	0.077401	0.940603	-0.330568	-0.182484	0.339327	0.922798
1.9	0.980181	-0.0109103	0.197806	0.0770487	0.940866	-0.329902	-0.182509	0.338604	0.923059
1.93333	0.980231	-0.0107599	0.197563	0.0768229	0.940877	-0.329922	-0.182333	0.338577	0.923104
1.96667	0.980286	-0.0106203	0.1973	0.0766426	0.940809	-0.330158	-0.182115	0.33877	0.923076
2	0.980335	-0.0108994	0.197037	0.0769085	0.940626	-0.330617	-0.181735	0.33927	0.922967
2.03333	0.980414	-0.0104819	0.196666	0.0765008	0.940438	-0.331247	-0.18148	0.339804	0.922821
2.06667	0.980411	-0.010571	0.196677	0.0764219	0.940745	-0.330391	-0.18153	0.33895	0.923125
2.1	0.980461	-0.0100189	0.196461	0.0758898	0.940656	-0.330766	-0.181488	0.339213	0.923037
2.13333	0.980549	-0.00970312	0.196032	0.0755204	0.940534	-0.331197	-0.181161	0.33956	0.922973
2.16667	0.980572	-0.00945118	0.19593	0.0751785	0.940677	-0.33087	-0.18118	0.339172	0.923112
2.2	0.980598	-0.00921215	0.195815	0.0748574	0.940794	-0.330609	-0.181176	0.338852	0.92323
2.23333	0.980645	-0.00912271	0.195581	0.0746914	0.940803	-0.330621	-0.180987	0.33883	0.923276
2.26667	0.980695	-0.00912221	0.19533	0.0745097	0.940984	-0.330147	-0.18079	0.338327	0.923499
2.3	0.980685	-0.00900581	0.195388	0.0743203	0.941175	-0.329645	-0.180926	0.337799	0.923665
2.33333	0.980703	-0.00903799	0.195292	0.0742555	0.941291	-0.329329	-0.18085	0.337475	0.923798
2.36667	0.980733	-0.00857912	0.195165	0.0738592	0.941163	-0.329782	-0.180853	0.337843	0.923664
2.4	0.980712	-0.00865499	0.195266	0.0739481	0.941191	-0.329682	-0.180929	0.337763	0.923678
2.43333	0.980649	-0.00847135	0.195592	0.0738116	0.941335	-0.329302	-0.181328	0.337366	0.923745
2.46667	0.98065	-0.00777032	0.195614	0.0731695	0.941344	-0.32942	-0.18158	0.337359	0.923698
2.5	0.980672	-0.00764604	0.19551	0.0730511	0.941287	-0.329609	-0.181511	0.337521	0.923652
2.53333	0.980688	-0.00728465	0.195442	0.072716	0.941249	-0.329791	-0.181557	0.337634	0.923602
2.56667	0.980644	-0.00720334	0.195664	0.0727642	0.94116	-0.330036	-0.181774	0.337885	0.923467
2.6	0.980679	-0.00712192	0.195495	0.0725962	0.941227	-0.329882	-0.181656	0.337701	0.923558
2.63333	0.980676	-0.00707084	0.19551	0.0725843	0.941171	-0.330043	-0.181675	0.337856	0.923497
2.66667	0.980703	-0.00725515	0.195368	0.0728225	0.940954	-0.330609	-0.181434	0.338457	0.923325
2.7	0.980677	-0.00728593	0.195497	0.0728827	0.940975	-0.330535	-0.181549	0.338397	0.923324
2.73333	0.98063	-0.00722699	0.195736	0.072956	0.940888	-0.330768	-0.181775	0.338641	0.92319
2.76667	0.980612	-0.00712795	0.195831	0.0728612	0.940954	-0.330599	-0.181911	0.338458	0.92323
2.8	0.98061	-0.00748553	0.195826	0.0732277	0.940881	-0.330726	-0.181774	0.338653	0.923186
2.83333	0.980572	-0.00761024	0.196012	0.0734001	0.940891	-0.330661	-0.18191	0.338625	0.92317
2.86667	0.980543	-0.00779354	0.196147	0.0736503	0.940824	-0.330797	-0.181962	0.338807	0.923092
2.9	0.980471	-0.00825002	0.196491	0.0742123	0.940774	-0.330813	-0.182124	0.338934	0.923014
2.93333	0.98043	-0.00847571	0.196686	0.0744218	0.940892	-0.330428	-0.18226	0.3386	0.92311
2.96667	0.980428	-0.00884254	0.19668	0.074724	0.940954	-0.330186	-0.182147	0.33842	0.923198
3	0.980328	-0.00905041	0.197166	0.0751186	0.940879	-0.330308	-0.18252	0.338621	0.92305
3.03333	0.980247	-0.00939837	0.197556	0.0756485	0.940733	-0.330604	-0.18274	0.339018	0.922861
3.06667	0.980239	-0.00902294	0.19761	0.0753637	0.940656	-0.330889	-0.182897	0.339243	0.922747
3.1	0.980178	-0.00932021	0.197898	0.0757786	0.940573	-0.33103	-0.183052	0.339465	0.922635
3.13333	0.980115	-0.00947205	0.198202	0.0760616	0.940496	-0.331181	-0.183271	0.339671	0.922516
3.16667	0.980055	-0.00932483	0.198509	0.0760244	0.940508	-0.331158	-0.183612	0.339644	0.922458
3.2	0.980025	-0.00946241	0.19865	0.0761927	0.940518	-0.33109	-0.183701	0.339613	0.922452
3.23333	0.980015	-0.00953839	0.198697	0.0763123	0.940455	-0.331242	-0.183706	0.339785	0.922387
3.26667	0.979972	-0.00995064	0.198888	0.0767565	0.940452	-0.331147	-0.183749	0.339781	0.92238
3.3	0.979962	-0.0100492	0.198929	0.0768534	0.940466	-0.331086	-0.183759	0.33974	0.922393
3.33333	0.979994	-0.0102662	0.198761	0.0768564	0.940724	-0.330352	-0.183588	0.339019	0.922693
3.36667	0.97994	-0.0104844	0.199019	0.0772154	0.940591	-0.330647	-0.183728	0.339381	0.922532
3.4	0.97989	-0.0104512	0.199266	0.0773985	0.94035	-0.331287	-0.183917	0.340048	0.922248
3.43333	0.979868	-0.0103842	0.199374	0.0773937	0.940313	-0.331394	-0.184033	0.340152	0.922187
3.46667	0.97981	-0.0103059	0.199667	0.0775138	0.940141	-0.331852	-0.184295	0.340629	0.921958
3.5	0.979773	-0.0102036	0.199852	0.0776177	0.939892	-0.332532	-0.184447	0.341318	0.921673
3.53333	0.979753	-0.010238	0.19995	0.0777183	0.939826	-0.332697	-0.184512	0.3415	0.921593
3.56667	0.97968	-0.0102567	0.200304	0.0778352	0.939863	-0.332563	-0.184847	0.341396	0.921564
3.6	0.979641	-0.0103967	0.200489	0.0780729	0.939778	-0.33275	-0.184956	0.341629	0.921456
3.63333	0.979618	-0.0104132	0.200598	0.078192	0.939653	-0.333073	-0.185024	0.341969	0.921316
3.66667	0.979621	-0.0106322	0.200576	0.0784114	0.939605	-0.333158	-0.18492	0.342096	0.92129
3.7	0.979557	-0.0108134	0.200875	0.0786438	0.93967	-0.332919	-0.185156	0.341911	0.921311
3.73333	0.979568	-0.0110022	0.200812	0.0788149	0.939634	-0.33298	-0.185027	0.342003	0.921303
3.76667	0.97948	-0.0114558	0.201216	0.0794321	0.939515	-0.333171	-0.185228	0.342317	0.921146
3.8	0.979396	-0.0118894	0.2016	0.0800458	0.939355	-0.333474	-0.185409	0.34274	0.920952
3.83333	0.979385	-0.0115872	0.201672	0.0797763	0.939388	-0.333447	-0.185584	0.342661	0.920946
3.86667	0.979317	-0.0112362	0.202019	0.0797053	0.939144	-0.334149	-0.18597	0.343339	0.920616
3.9	0.979272	-0.0110729	0.202247	0.0796437	0.939126	-0.334215	-0.186235	0.343395	0.920541
3.93333	0.979242	-0.0114489	0.202369	0.080082	0.939028	-0.334384	-0.186202	0.343649	0.920453
3.96667	0.97924	-0.011487	0.202381	0.0801215	0.939027	-0.334377	-0.1862	0.34365	0.920453
4	0.97927	-0.0112392	0.202248	0.0798607	0.939006	-0.334498	-0.186153	0.343716	0.920438
4.03333	0.979294	-0.0113616	0.202123	0.0799888	0.938898	-0.334772	-0.18597	0.344008	0.920366
4.06667	0.97929	-0.0116789	0.202126	0.0803573	0.938755	-0.335085	-0.185834	0.344388	0.920252
4.1	0.979265	-0.0115352	0.202254	0.0803261	0.93865	-0.335386	-0.185977	0.344678	0.920114
4.13333	0.979283	-0.0112065	0.202186	0.0800321	0.938595	-0.33561	-0.18601	0.344839	0.920047
4.16667	0.979297	-0.0110716	0.202127	0.0801085	0.938186	-0.336733	-0.185904	0.345954	0.91965
4.2	0.979325	-0.0102399	0.202032	0.0797283	0.937416	-0.338961	-0.185917	0.34806	0.918852
4.23333	0.979495	-0.00909177	0.201263	0.079278	0.935781	-0.343552	-0.185215	0.352464	0.917314
4.26667	0.979709	-0.00750338	0.200284	0.0783881	0.934044	-0.34845	-0.18446	0.35708	0.915679
4.3	0.979884	-0.0061024	0.199477	0.0776792	0.932371	-0.353058	-0.183832	0.361451	0.914089
4.33333	0.979974	-0.00379109	0.199092	0.0766505	0.92996	-0.359583	-0.183784	0.367642	0.911626
4.36667	0.979876	6.71257e-05	0.199608	0.0748619	0.926883	-0.367809	-0.185038	0.37535	0.908225
4.4	0.979676	0.00464021	0.200534	0.0727066	0.923532	-0.376566	-0.186947	0.383492	0.904425
4.43333	0.979809	0.00938162	0.199716	0.0697556	0.920091	-0.385443	-0.187373	0.391591	0.900859
4.46667	0.980646	0.0124775	0.195391	0.0669455	0.916447	-0.394515	-0.183988	0.399961	0.897875
4.5	0.981661	0.0142819	0.190101	0.0651398	0.91204	-0.404894	-0.179163	0.409852	0.894384
4.53333	0.982503	0.0174931	0.185423	0.0624366	0.907033	-0.416404	-0.175469	0.420695	0.890071
4.56667	0.983074	0.0209118	0.18201	0.0599404	0.902077	-0.427393	-0.173125	0.431068	0.885555
4.6	0.983451	0.0243233	0.179535	0.0572804	0.898374	-0.43548	-0.171882	0.438557	0.882114
4.63333	0.983162	0.0288471	0.180445	0.0539253	0.897685	-0.437325	-0.174598	0.439692	0.881014
4.66667	0.982151	0.0328048	0.18521	0.0520712	0.898768	-0.435321	-0.180741	0.437195	0.881018
4.7	0.980831	0.0365211	0.191408	0.0507672	0.900464	-0.431957	-0.188131	0.433394	0.881349
4.73333	0.979532	0.0395316	0.197371	0.0501556	0.901667	-0.429513	-0.194942	0.430621	0.881228
4.76667	0.977364	0.0381223	0.2081	0.0567504	0.900341	-0.43147	-0.203809	0.433513	0.877797
4.8	0.973748	0.032222	0.225335	0.0709954	0.897558	-0.435143	-0.216272	0.439717	0.871708
4.83333	0.969721	0.0202895	0.243372	0.0896074	0.897477	-0.431863	-0.227183	0.440595	0.868484
4.86667	0.966171	0.001624	0.257898	0.113739	0.8948	-0.431737	-0.231468	0.446464	0.864345
4.9	0.96172	-0.0187286	0.273395	0.139307	0.892547	-0.428898	-0.235985	0.450565	0.860989
4.93333	0.957154	-0.0409766	0.286665	0.164393	0.891844	-0.421413	-0.238393	0.450483	0.860369
4.96667	0.952426	-0.0642742	0.297917	0.188482	0.892379	-0.410041	-0.239499	0.446686	0.862039
5	0.947039	-0.0848248	0.309712	0.211534	0.89044	-0.402953	-0.2416	0.447126	0.861224
5.03333	0.940189	-0.105409	0.323933	0.235628	0.887977	-0.394939	-0.246015	0.447645	0.859704
5.06667	0.933003	-0.123848	0.337885	0.256994	0.886552	-0.384682	-0.25191	0.445744	0.858984
5.1	0.924048	-0.137682	0.356622	0.277213	0.883707	-0.377115	-0.263227	0.447333	0.854754
5.13333	0.910361	-0.155727	0.383396	0.304725	0.879108	-0.366486	-0.279975	0.450465	0.847759
5.16667	0.893948	-0.161903	0.417904	0.316873	0.887751	-0.333901	-0.316935	0.430913	0.844906
5.2	0.880027	-0.168716	0.443945	0.323042	0.897863	-0.29914	-0.348132	0.406664	0.844647
5.23333	0.870534	-0.171593	0.461223	0.330838	0.897899	-0.290385	-0.364304	0.40538	0.838421
5.26667	0.856986	-0.169118	0.486801	0.34354	0.891589	-0.295039	-0.38413	0.42008	0.822178
5.3	0.838054	-0.17369	0.517201	0.36596	0.882042	-0.296774	-0.404646	0.437987	0.802763
5.33333	0.819589	-0.183755	0.542685	0.399443	0.862292	-0.311284	-0.410753	0.471897	0.780125
5.36667	0.798161	-0.206225	0.566048	0.45174	0.826516	-0.33586	-0.398585	0.523777	0.752853
5.4	0.776871	-0.214727	0.591915	0.508093	0.769018	-0.387883	-0.371904	0.602083	0.706529
5.43333	0.773933	-0.151628	0.614847	0.534268	0.677586	-0.505406	-0.339978	0.719643	0.605416
5.46667	0.798041	-0.0775979	0.597586	0.524374	0.578053	-0.625209	-0.296921	0.812301	0.502001
5.5	0.848931	-0.033044	0.52747	0.476197	0.480736	-0.736294	-0.229244	0.876243	0.423847
5.53333	0.908594	-0.0350688	0.416206	0.393082	0.408713	-0.823675	-0.141223	0.911989	0.385139
5.56667	0.949793	-0.0709895	0.304718	0.307423	0.39281	-0.866713	-0.0581686	0.916876	0.394912
5.6	0.97116	-0.124426	0.203385	0.237772	0.442259	-0.864795	0.0176539	0.888214	0.45909
5.63333	0.976912	-0.178584	0.117261	0.196827	0.538909	-0.819046	0.0830755	0.823216	0.561617
5.66667	0.975251	-0.21895	0.0307634	0.170053	0.653864	-0.737254	0.141307	0.724239	0.674915
5.7	0.970313	-0.233798	-0.0618913	0.148228	0.7771	-0.611673	0.191104	0.58434	0.788686
5.73333	0.96178	-0.229725	-0.149018	0.139785	0.879863	-0.454203	0.235458	0.416013	0.878347
5.76667	0.947453	-0.22596	-0.226437	0.15668	0.944922	-0.287355	0.278897	0.236778	0.930673
5.8	0.925367	-0.223095	-0.30647	0.191278	0.972808	-0.130603	0.327273	0.062235	0.942878
5.83333	0.91058	-0.209527	-0.356289	0.214596	0.976364	-0.0257318	0.353259	-0.0530273	0.934022
5.86667	0.919587	-0.179956	-0.349251	0.192945	0.981207	0.00244977	0.342246	-0.0696388	0.937026
5.9	0.943135	-0.136501	-0.303091	0.127296	0.990603	-0.0500232	0.307071	0.00859645	0.951648
5.93333	0.959615	-0.0708631	-0.272244	0.0312863	0.988633	-0.147055	0.279571	0.132599	0.950925
5.96667	0.963299	0.00752266	-0.268324	-0.0822343	0.959814	-0.268317	0.255523	0.280535	0.925207
6	0.972705	0.0575892	-0.224784	-0.129528	0.9385	-0.320063	0.192528	0.340442	0.920343
6.03333	0.98632	0.0665736	-0.1508	-0.117755	0.924733	-0.361944	0.115353	0.37475	0.919922
6.06667	0.996374	0.0610353	-0.0592712	-0.0797939	0.912104	-0.402117	0.0295181	0.405389	0.913668
6.1	0.997807	0.0460886	0.0475133	-0.0218461	0.906853	-0.420881	-0.0624854	0.41892	0.905871
6.13333	0.988896	0.0281665	0.145913	0.0352488	0.909394	-0.414439	-0.144365	0.414981	0.898304
6.16667	0.974358	0.0167034	0.224382	0.0802168	0.905924	-0.415773	-0.210218	0.423111	0.881355
6.2	0.95803	-0.000652344	0.286668	0.128104	0.89557	-0.42608	-0.256453	0.444921	0.858066
6.23333	0.936178	-0.0227674	0.350789	0.177132	0.892506	-0.414798	-0.303638	0.450461	0.839577
6.26667	0.910064	-0.0305744	0.413338	0.210158	0.893606	-0.396614	-0.357235	0.44781	0.819664
6.3	0.882789	-0.023945	0.46916	0.231821	0.890833	-0.390736	-0.408587	0.453699	0.791969
6.33333	0.854708	-0.0167295	0.518839	0.266248	0.872134	-0.410481	-0.44563	0.488982	0.749874
6.36667	0.823243	-0.0227894	0.567232	0.323381	0.840055	-0.435583	-0.46658	0.542023	0.698939
6.4	0.784302	-0.0389897	0.619152	0.399665	0.795078	-0.456202	-0.474487	0.605253	0.639164
6.43333	0.750986	-0.0459337	0.658719	0.477461	0.726869	-0.493653	-0.456127	0.685239	0.5678
6.46667	0.762882	0.0343263	0.645626	0.495399	0.610622	-0.617836	-0.415442	0.791178	0.448827
6.5	0.817438	0.0987485	0.567489	0.465896	0.466	-0.752187	-0.338727	0.879257	0.33492
6.53333	0.893555	0.0889443	0.440055	0.377517	0.381632	-0.843705	-0.242982	0.920025	0.307432
6.56667	0.946514	0.0259694	0.321615	0.287263	0.386087	-0.876594	-0.146936	0.922097	0.357977
6.6	0.973679	-0.0449014	0.223455	0.217853	0.471529	-0.854518	-0.0669965	0.880707	0.4689
6.63333	0.983716	-0.111777	0.140742	0.179697	0.597062	-0.781809	0.00335604	0.79437	0.607425
6.66667	0.986847	-0.153011	0.0521583	0.148283	0.728301	-0.669022	0.0643805	0.667956	0.74141
6.7	0.9856	-0.165042	-0.0367968	0.123329	0.850498	-0.511316	0.115684	0.499414	0.858605
6.73333	0.979595	-0.170153	-0.106962	0.129955	0.942235	-0.308716	0.153312	0.288516	0.945121
6.76667	0.967669	-0.195843	-0.158944	0.178136	0.97678	-0.11903	0.178564	0.0868679	0.980086
6.8	0.954893	-0.214796	-0.205041	0.223135	0.974618	0.0181687	0.195934	-0.063101	0.978585
6.83333	0.953384	-0.206392	-0.22014	0.221966	0.97386	0.0482476	0.204428	-0.094862	0.974274
6.86667	0.965533	-0.167641	-0.199104	0.164738	0.985844	-0.0311786	0.201512	-0.00269606	0.979482
6.9	0.97879	-0.0694085	-0.192752	0.0373451	0.985545	-0.165249	0.201435	0.154546	0.967233
6.93333	0.979504	0.0114927	-0.201095	-0.0687589	0.957478	-0.280194	0.189323	0.288279	0.938644
6.96667	0.984778	0.0693074	-0.159401	-0.120019	0.934485	-0.33516	0.125729	0.34919	0.928579
7	0.993445	0.0757177	-0.085637	-0.102785	0.91952	-0.379365	0.0500203	0.385681	0.921275
7.03333	0.998038	0.0625925	0.00160376	-0.056227	0.907221	-0.416879	-0.0275485	0.415971	0.90896
7.06667	0.99416	0.0487032	0.0963006	-0.00268131	0.903241	-0.429126	-0.107882	0.426361	0.898097
7.1	0.982404	0.0430507	0.181737	0.0385963	0.905269	-0.423083	-0.182734	0.422653	0.887678
7.13333	0.966626	0.0328918	0.254071	0.0800788	0.90324	-0.421597	-0.243354	0.427873	0.870462
7.16667	0.949795	0.0173721	0.312392	0.125035	0.894185	-0.429883	-0.286804	0.44736	0.84712
7.2	0.92846	0.00222094	0.371426	0.171065	0.885058	-0.432907	-0.329695	0.465475	0.821361
7.23333	0.901795	-0.00112285	0.432162	0.203924	0.882773	-0.423235	-0.381026	0.469799	0.796309
7.26667	0.872649	0.00539425	0.488318	0.231479	0.875899	-0.423341	-0.430001	0.482464	0.763104
7.3	0.843116	0.0167741	0.537469	0.27258	0.848249	-0.454064	-0.463524	0.529332	0.7106
7.33333	0.807948	0.0199457	0.588916	0.336052	0.805368	-0.488315	-0.484034	0.592439	0.643993
7.36667	0.768637	0.0117635	0.639577	0.415284	0.751313	-0.512902	-0.486556	0.659842	0.572602
7.4	0.740124	0.0381626	0.671386	0.488138	0.656216	-0.575415	-0.462534	0.753608	0.467053
7.43333	0.7624	0.101999	0.639017	0.50506	0.52356	-0.686148	-0.404551	0.845861	0.347647
7.46667	0.827288	0.12009	0.548793	0.465021	0.401718	-0.78891	-0.3152	0.907855	0.276492
7.5	0.902444	0.0738978	0.424422	0.372211	0.362308	-0.854513	-0.216918	0.929125	0.299457
7.53333	0.952783	-0.00134515	0.30365	0.277082	0.41293	-0.867591	-0.124219	0.910762	0.393805
7.56667	0.97767	-0.0738549	0.19674	0.206687	0.507104	-0.836735	-0.0379708	0.858715	0.511045
7.6	0.983857	-0.141429	0.10965	0.174539	0.623057	-0.762454	0.0395145	0.769284	0.637684
7.63333	0.982021	-0.185299	0.036053	0.162687	0.733862	-0.65953	0.0957523	0.653538	0.750813
7.66667	0.977675	-0.207781	-0.0312882	0.165854	0.854514	-0.492237	0.129014	0.476059	0.869899
7.7	0.972414	-0.213092	-0.0948802	0.178431	0.941517	-0.285847	0.150243	0.261032	0.953567
