0	0.919675	-0.39268	0	0.39268	0.919675	0	0	0	1
0.0333333	0.832575	-0.531648	-0.155465	0.522694	0.846965	-0.0971632	0.18333	-0.000365182	0.983051
0.0666667	0.794838	-0.537651	-0.281362	0.507646	0.843165	-0.177109	0.332457	-0.00205963	0.943116
0.1	0.761447	-0.532531	-0.369606	0.47878	0.84641	-0.233151	0.436999	0.000572275	0.899462
0.133333	0.735825	-0.52319	-0.429922	0.447871	0.852191	-0.270522	0.50791	0.00650705	0.861385
0.166667	0.716705	-0.514091	-0.471216	0.421066	0.857634	-0.295241	0.555911	0.0131878	0.831137
0.2	0.703556	-0.505641	-0.499336	0.398814	0.862512	-0.311481	0.588181	0.0200021	0.808482
0.233333	0.695168	-0.497849	-0.518543	0.380477	0.866853	-0.322184	0.6099	0.0266784	0.792029
0.266667	0.690544	-0.490987	-0.531112	0.365967	0.870549	-0.328955	0.623873	0.0327885	0.780838
0.3	0.68735	-0.485501	-0.540221	0.354643	0.873419	-0.333719	0.63386	0.0377968	0.772524
0.333333	0.684141	-0.482275	-0.54714	0.347144	0.875069	-0.33726	0.641437	0.0407974	0.76609
0.366667	0.681176	-0.480573	-0.552313	0.342395	0.875929	-0.339873	0.64712	0.0424045	0.761208
0.4	0.679374	-0.479134	-0.555771	0.338809	0.87665	-0.341605	0.650891	0.0437776	0.757908
0.433333	0.677831	-0.477938	-0.558678	0.335798	0.877244	-0.34305	0.654053	0.044927	0.755113
0.466667	0.67642	-0.477437	-0.560812	0.334066	0.877492	-0.344106	0.656397	0.0454117	0.753048
0.5	0.675295	-0.477254	-0.562321	0.333059	0.877582	-0.34485	0.658064	0.0455898	0.751581
0.533333	0.67424	-0.477484	-0.563391	0.332811	0.877468	-0.345378	0.65927	0.045365	0.750536
0.566667	0.673404	-0.477735	-0.564178	0.332734	0.877345	-0.345767	0.660163	0.0451195	0.749766
0.6	0.673022	-0.477661	-0.564696	0.332371	0.877381	-0.346023	0.660735	0.0451924	0.749258
0.633333	0.672998	-0.47757	-0.564801	0.332198	0.877426	-0.346075	0.660846	0.0452818	0.749154
0.666667	0.672967	-0.477444	-0.564945	0.331961	0.877488	-0.346146	0.660997	0.0454051	0.749013
0.7	0.673052	-0.477535	-0.564767	0.33217	0.877443	-0.346058	0.660806	0.045316	0.749187
0.733333	0.673049	-0.477517	-0.564785	0.332137	0.877452	-0.346067	0.660825	0.045334	0.74917
0.766667	0.67301	-0.477636	-0.564732	0.33232	0.877394	-0.34604	0.660773	0.0452169	0.749222
0.8	0.67312	-0.47759	-0.564639	0.332309	0.877416	-0.345995	0.660667	0.0452614	0.749313
0.833333	0.673028	-0.477758	-0.564607	0.332543	0.877333	-0.345979	0.660643	0.0450975	0.749345
0.866667	0.67279	-0.478184	-0.56453	0.333138	0.877123	-0.345941	0.660585	0.0446792	0.74942
0.9	0.672388	-0.478605	-0.564652	0.333624	0.876914	-0.346001	0.66075	0.0442654	0.7493
0.933333	0.671507	-0.479183	-0.565209	0.334092	0.876626	-0.346278	0.661408	0.0436961	0.748752
0.966667	0.670745	-0.479602	-0.565759	0.334354	0.876418	-0.346552	0.662049	0.0432839	0.74821
1	0.670307	-0.479807	-0.566103	0.334446	0.876316	-0.346723	0.662445	0.0430804	0.74787
1.03333	0.669947	-0.479945	-0.566412	0.334466	0.876247	-0.346878	0.662799	0.0429441	0.747565
1.06667	0.669466	-0.480567	-0.566454	0.335258	0.875936	-0.346898	0.662885	0.0423286	0.747524
1.1	0.669629	-0.480722	-0.56613	0.335628	0.875858	-0.346736	0.662534	0.0421755	0.747844
1.13333	0.669665	-0.481024	-0.56583	0.336179	0.875707	-0.346586	0.662218	0.0418765	0.748141
1.16667	0.669754	-0.481069	-0.565688	0.336311	0.875684	-0.346514	0.662061	0.0418323	0.748281
1.2	0.669837	-0.481371	-0.565331	0.336891	0.875532	-0.346335	0.661682	0.0415334	0.748634
1.23333	0.669697	-0.481303	-0.565556	0.336685	0.875567	-0.346448	0.661929	0.0416013	0.748411
1.26667	0.669629	-0.480959	-0.565929	0.336042	0.875739	-0.346635	0.662324	0.041941	0.748043
1.3	0.669957	-0.480314	-0.566088	0.335117	0.876062	-0.346715	0.662461	0.0425788	0.747886
1.33333	0.670516	-0.479261	-0.566319	0.33362	0.876588	-0.34683	0.662651	0.04362	0.747657
1.36667	0.670785	-0.478879	-0.566324	0.333118	0.876778	-0.346833	0.662632	0.0439977	0.747652
1.4	0.671509	-0.478154	-0.566078	0.332298	0.877137	-0.346711	0.662309	0.0447133	0.747895
1.43333	0.671977	-0.477856	-0.565774	0.332066	0.877284	-0.346561	0.661951	0.0450063	0.748194
1.46667	0.671916	-0.477919	-0.565794	0.332137	0.877254	-0.346571	0.661978	0.044945	0.748175
1.5	0.671781	-0.477763	-0.566085	0.331784	0.87733	-0.346714	0.662291	0.0450985	0.747888
1.53333	0.671735	-0.477921	-0.566007	0.33203	0.877253	-0.346676	0.662215	0.044943	0.747965
1.56667	0.671838	-0.478024	-0.565798	0.332272	0.877202	-0.346572	0.661989	0.0448414	0.748171
1.6	0.672017	-0.478121	-0.565503	0.332552	0.877153	-0.346426	0.661666	0.0447454	0.748462
1.63333	0.672311	-0.478015	-0.565243	0.332547	0.877206	-0.346298	0.66137	0.0448498	0.748718
1.66667	0.672167	-0.47839	-0.565096	0.333113	0.87702	-0.346225	0.661231	0.0444806	0.748862
1.7	0.672191	-0.478659	-0.56484	0.333595	0.876887	-0.346098	0.660964	0.0442163	0.749114
1.73333	0.672249	-0.478457	-0.564943	0.333278	0.876987	-0.346149	0.661065	0.0444152	0.749013
1.76667	0.671704	-0.47858	-0.565486	0.333159	0.876926	-0.346419	0.661679	0.0442936	0.748478
1.8	0.671372	-0.478269	-0.566144	0.332413	0.87708	-0.346745	0.662391	0.044601	0.74783
1.83333	0.671277	-0.477819	-0.566636	0.331571	0.877303	-0.346988	0.662909	0.0450448	0.747344
1.86667	0.671131	-0.477538	-0.567046	0.330992	0.877441	-0.34719	0.663346	0.0453225	0.746939
1.9	0.67106	-0.477459	-0.567196	0.33081	0.87748	-0.347264	0.663508	0.0454009	0.74679
1.93333	0.670763	-0.477333	-0.567654	0.330409	0.877543	-0.34749	0.664009	0.0455255	0.746337
1.96667	0.670661	-0.477186	-0.567897	0.330091	0.877615	-0.34761	0.66427	0.0456706	0.746097
2	0.670818	-0.476848	-0.567996	0.329597	0.877781	-0.347658	0.664356	0.0460056	0.745999
2.03333	0.671169	-0.476512	-0.567864	0.329226	0.877946	-0.347593	0.664186	0.0463383	0.74613
2.06667	0.671106	-0.476403	-0.568029	0.328997	0.878	-0.347674	0.664362	0.0464464	0.745966
2.1	0.671071	-0.476554	-0.567943	0.32924	0.877925	-0.347632	0.664277	0.0462963	0.746051
2.13333	0.670993	-0.476245	-0.568295	0.328654	0.878077	-0.347805	0.664647	0.0466022	0.745703
2.16667	0.670931	-0.47634	-0.568289	0.328781	0.87803	-0.347802	0.664646	0.0465079	0.745709
2.2	0.670701	-0.476515	-0.568414	0.328945	0.877945	-0.347863	0.664798	0.0463352	0.745585
2.23333	0.670288	-0.477048	-0.568454	0.329621	0.877683	-0.347883	0.664879	0.0458069	0.745545
2.26667	0.669885	-0.477517	-0.568535	0.330194	0.877452	-0.347923	0.665001	0.0453411	0.745465
2.3	0.669811	-0.477529	-0.568611	0.33017	0.877446	-0.34796	0.665087	0.0453293	0.745389
2.33333	0.669859	-0.477502	-0.568578	0.330153	0.877459	-0.347944	0.665048	0.0453558	0.745422
2.36667	0.670314	-0.476937	-0.568515	0.329445	0.877737	-0.347913	0.664939	0.0459162	0.745485
2.4	0.670695	-0.476386	-0.568529	0.328716	0.878008	-0.347919	0.664916	0.046463	0.745471
2.43333	0.670969	-0.476299	-0.568278	0.328733	0.87805	-0.347796	0.664632	0.0465489	0.74572
2.46667	0.671066	-0.475895	-0.568502	0.328088	0.878248	-0.347906	0.664853	0.0469495	0.745498
2.5	0.671108	-0.47579	-0.56854	0.32793	0.878299	-0.347925	0.664888	0.0470537	0.74546
2.53333	0.671003	-0.475967	-0.568516	0.328174	0.878213	-0.347913	0.664873	0.0468784	0.745484
2.56667	0.670957	-0.476053	-0.568498	0.328297	0.878171	-0.347904	0.664859	0.0467924	0.745502
2.6	0.670916	-0.476127	-0.568484	0.3284	0.878135	-0.347898	0.664849	0.0467197	0.745515
2.63333	0.670859	-0.476024	-0.568638	0.328186	0.878185	-0.347973	0.665013	0.0468216	0.745363
2.66667	0.670661	-0.476289	-0.56865	0.328527	0.878055	-0.347979	0.665045	0.0465589	0.745351
2.7	0.670669	-0.476211	-0.568707	0.328395	0.878094	-0.348006	0.665102	0.0466368	0.745295
2.73333	0.670651	-0.476198	-0.568738	0.328362	0.8781	-0.348022	0.665136	0.0466491	0.745264
2.76667	0.671046	-0.475875	-0.568543	0.32804	0.878258	-0.347926	0.664896	0.0469695	0.745457
2.8	0.670968	-0.476342	-0.568243	0.328807	0.878029	-0.34778	0.664596	0.0465067	0.745754
2.83333	0.671282	-0.476494	-0.567744	0.329265	0.877955	-0.347535	0.664052	0.0463559	0.746248
2.86667	0.671863	-0.475795	-0.567644	0.328402	0.878297	-0.347486	0.663892	0.0470475	0.746347
2.9	0.671987	-0.475531	-0.567718	0.328019	0.878426	-0.347522	0.663956	0.0473082	0.746274
2.93333	0.671966	-0.475544	-0.567732	0.328028	0.87842	-0.347529	0.663972	0.0472956	0.74626
2.96667	0.671694	-0.476118	-0.567573	0.328861	0.878139	-0.347451	0.663836	0.0467281	0.746417
3	0.671507	-0.476407	-0.567552	0.32925	0.877997	-0.347441	0.663832	0.0464425	0.746438
3.03333	0.671429	-0.476356	-0.567687	0.329114	0.878022	-0.347507	0.663979	0.0464927	0.746305
3.06667	0.671345	-0.475993	-0.568091	0.328429	0.8782	-0.347705	0.664402	0.0468522	0.745905
3.1	0.671267	-0.475839	-0.568312	0.328114	0.878275	-0.347813	0.664637	0.0470044	0.745686
3.13333	0.671018	-0.475999	-0.568472	0.32824	0.878197	-0.347891	0.664826	0.0468459	0.745528
3.16667	0.670646	-0.476481	-0.568507	0.328853	0.877961	-0.347908	0.664899	0.0463681	0.745493
3.2	0.670159	-0.47746	-0.568259	0.330263	0.87748	-0.347786	0.66469	0.0453971	0.745739
3.23333	0.669597	-0.47844	-0.568098	0.33163	0.876996	-0.347707	0.664576	0.0444253	0.745899
3.26667	0.669346	-0.478498	-0.568344	0.331577	0.876967	-0.347829	0.664855	0.0443679	0.745654
3.3	0.66931	-0.478384	-0.568482	0.331357	0.877023	-0.347897	0.665001	0.0444804	0.745517
3.33333	0.669333	-0.478185	-0.568623	0.331023	0.877122	-0.347967	0.665145	0.0446783	0.745377
3.36667	0.669587	-0.477718	-0.568716	0.330362	0.877353	-0.348013	0.665217	0.0451426	0.745284
3.4	0.669731	-0.477367	-0.568842	0.329837	0.877526	-0.348075	0.665333	0.0454917	0.74516
3.43333	0.670111	-0.476861	-0.568818	0.329187	0.877774	-0.348063	0.665272	0.0459936	0.745183
3.46667	0.670288	-0.476633	-0.568801	0.328897	0.877887	-0.348055	0.665237	0.0462202	0.7452
3.5	0.670434	-0.476957	-0.568358	0.329551	0.877728	-0.347837	0.664767	0.0458992	0.74564
3.53333	0.670443	-0.477341	-0.568025	0.330226	0.877539	-0.347673	0.664423	0.0455184	0.74597
3.56667	0.670334	-0.477761	-0.5678	0.330893	0.877331	-0.347562	0.6642	0.0451016	0.746193
3.6	0.670242	-0.477896	-0.567795	0.331073	0.877265	-0.34756	0.664203	0.044968	0.746198
3.63333	0.670045	-0.478414	-0.56759	0.331857	0.877008	-0.347459	0.664011	0.0444544	0.7464
3.66667	0.66972	-0.479029	-0.567455	0.332732	0.876703	-0.347392	0.663901	0.0438449	0.746534
3.7	0.669265	-0.47975	-0.567383	0.333713	0.876344	-0.347356	0.663867	0.04313	0.746606
3.73333	0.669008	-0.480064	-0.567422	0.334104	0.876188	-0.347375	0.66393	0.042819	0.746568
3.76667	0.668978	-0.480284	-0.567271	0.33447	0.876078	-0.3473	0.663776	0.0426004	0.746717
3.8	0.668953	-0.480289	-0.567296	0.334463	0.876076	-0.347312	0.663805	0.0425957	0.746692
3.83333	0.668936	-0.480187	-0.567401	0.334276	0.876126	-0.347365	0.663916	0.0426966	0.746588
3.86667	0.669279	-0.479479	-0.567597	0.333247	0.87648	-0.347462	0.664088	0.0433996	0.746394
3.9	0.669601	-0.478874	-0.567727	0.332388	0.87678	-0.347527	0.664193	0.0439991	0.746265
3.93333	0.669808	-0.478394	-0.567887	0.331676	0.877018	-0.347606	0.66434	0.0444753	0.746106
3.96667	0.670066	-0.478066	-0.56786	0.33126	0.877181	-0.347593	0.664288	0.0448012	0.746133
4	0.670232	-0.478142	-0.567599	0.331495	0.877143	-0.347464	0.664003	0.0447254	0.746391
4.03333	0.670413	-0.478113	-0.567409	0.331556	0.877157	-0.34737	0.66379	0.0447539	0.746579
4.06667	0.67048	-0.478043	-0.567389	0.331475	0.877192	-0.34736	0.663763	0.0448231	0.746599
4.1	0.670586	-0.477669	-0.567579	0.330887	0.877377	-0.347454	0.663949	0.0451937	0.746411
4.13333	0.670633	-0.477659	-0.567532	0.330898	0.877381	-0.347431	0.663896	0.0452034	0.746457
4.16667	0.670346	-0.478013	-0.567574	0.33134	0.877207	-0.347451	0.663966	0.0448528	0.746416
4.2	0.669949	-0.478182	-0.567899	0.331392	0.877123	-0.347613	0.66434	0.0446854	0.746094
4.23333	0.669636	-0.478661	-0.567866	0.332036	0.876886	-0.347596	0.664334	0.0442108	0.746127
4.26667	0.669144	-0.479379	-0.56784	0.33299	0.876529	-0.347583	0.664353	0.0434979	0.746152
4.3	0.668458	-0.480344	-0.567832	0.334259	0.876048	-0.347579	0.664405	0.042539	0.746161
4.33333	0.667681	-0.481378	-0.567871	0.335594	0.875529	-0.347598	0.664514	0.0415105	0.746122
4.36667	0.666996	-0.481333	-0.568714	0.335096	0.875552	-0.348022	0.665453	0.0415556	0.745282
4.4	0.664813	-0.48226	-0.570481	0.33539	0.875085	-0.348911	0.667486	0.0406274	0.743514
4.43333	0.660606	-0.484711	-0.573285	0.337145	0.873842	-0.350334	0.670771	0.0381522	0.740683
4.46667	0.654929	-0.488006	-0.576991	0.33954	0.872147	-0.352239	0.675115	0.0347803	0.736892
4.5	0.648779	-0.491902	-0.58062	0.34278	0.870108	-0.354138	0.679403	0.0307318	0.733122
4.53333	0.642547	-0.496455	-0.583665	0.347234	0.867675	-0.355765	0.683053	0.0259274	0.729909
4.56667	0.638622	-0.501915	-0.583303	0.354818	0.864683	-0.355566	0.682837	0.0201064	0.730294
4.6	0.637622	-0.505499	-0.5813	0.360783	0.862674	-0.354443	0.680642	0.0162774	0.732435
4.63333	0.64137	-0.506227	-0.576523	0.364402	0.862261	-0.351735	0.675171	0.0155064	0.737498
4.66667	0.649579	-0.504527	-0.56877	0.366327	0.863223	-0.347347	0.666222	0.0172735	0.745554
4.7	0.659466	-0.501976	-0.559575	0.367804	0.864654	-0.34219	0.65561	0.0198488	0.754839
4.73333	0.669143	-0.498527	-0.551107	0.367641	0.866563	-0.337504	0.645824	0.023229	0.763133
4.76667	0.678064	-0.493592	-0.544607	0.36452	0.869245	-0.333973	0.638243	0.0279348	0.769328
4.8	0.688918	-0.484953	-0.538713	0.356371	0.8738	-0.330866	0.631183	0.0359584	0.7748
4.83333	0.699094	-0.473642	-0.53566	0.343532	0.879504	-0.32933	0.627099	0.0462161	0.777567
4.86667	0.706083	-0.460675	-0.537797	0.326234	0.885684	-0.330355	0.628505	0.0578102	0.775654
4.9	0.708346	-0.44769	-0.545729	0.306191	0.89149	-0.333906	0.635998	0.0694237	0.768562
4.93333	0.707197	-0.436946	-0.555833	0.287823	0.895998	-0.33815	0.645779	0.0791575	0.75941
4.96667	0.700261	-0.429915	-0.569919	0.272027	0.898794	-0.34376	0.660027	0.0856881	0.746339
5	0.688801	-0.426558	-0.586175	0.259551	0.900078	-0.34999	0.676895	0.0889312	0.730688
5.03333	0.674592	-0.425323	-0.603346	0.249012	0.900536	-0.356409	0.694924	0.0901898	0.713405
5.06667	0.659658	-0.424317	-0.620327	0.238486	0.900902	-0.362629	0.712724	0.0912718	0.695481
5.1	0.644498	-0.422949	-0.636975	0.227247	0.901389	-0.368589	0.730056	0.0928041	0.677057
5.13333	0.626149	-0.421117	-0.656199	0.213375	0.902022	-0.37527	0.749939	0.0949586	0.654656
5.16667	0.606888	-0.417174	-0.676501	0.195123	0.903327	-0.382005	0.770464	0.0998332	0.629618
5.2	0.587864	-0.411519	-0.696469	0.173703	0.905074	-0.38816	0.790091	0.107207	0.603542
5.23333	0.568277	-0.405714	-0.715861	0.151517	0.90671	-0.393598	0.808767	0.115207	0.576735
5.26667	0.549037	-0.403226	-0.732098	0.135989	0.907352	-0.397768	0.824661	0.118832	0.553004
5.3	0.537024	-0.401834	-0.741711	0.126604	0.907689	-0.400089	0.834012	0.120953	0.538325
5.33333	0.538848	-0.398993	-0.741922	0.121664	0.908347	-0.40013	0.833571	0.125344	0.538003
5.36667	0.553264	-0.397008	-0.732314	0.125399	0.908798	-0.397946	0.823514	0.128338	0.552589
5.4	0.570972	-0.400588	-0.716604	0.142252	0.907946	-0.394207	0.808552	0.123143	0.575396
5.43333	0.59164	-0.409229	-0.694618	0.170514	0.905619	-0.388304	0.787964	0.111294	0.60558
5.46667	0.612487	-0.414989	-0.672788	0.193098	0.903875	-0.381736	0.766533	0.103894	0.633745
5.5	0.621419	-0.425813	-0.657664	0.218198	0.900264	-0.376715	0.752481	0.0905972	0.652353
5.53333	0.619439	-0.445885	-0.646128	0.254167	0.892624	-0.37232	0.742761	0.0664056	0.666255
5.56667	0.619635	-0.467941	-0.630145	0.295296	0.882844	-0.365222	0.727222	0.0402253	0.685222
5.6	0.627284	-0.487957	-0.606971	0.336846	0.872697	-0.353461	0.702175	0.0172647	0.711795
5.63333	0.63951	-0.50552	-0.579203	0.376069	0.862813	-0.337826	0.670522	-0.00177735	0.741888
5.66667	0.648537	-0.523781	-0.552317	0.414142	0.85161	-0.32132	0.63866	-0.0203494	0.76922
5.7	0.650683	-0.544811	-0.528953	0.452775	0.837576	-0.305713	0.609595	-0.0405748	0.791674
5.73333	0.650674	-0.56686	-0.505266	0.491718	0.821573	-0.288498	0.57865	-0.0607307	0.813311
5.76667	0.648443	-0.58881	-0.482518	0.528984	0.804326	-0.27062	0.547446	-0.0797627	0.833031
5.8	0.648438	-0.606745	-0.459769	0.560172	0.789265	-0.251531	0.515495	-0.0944471	0.851671
5.83333	0.649734	-0.62537	-0.432154	0.592747	0.772727	-0.227031	0.475916	-0.108649	0.872754
5.86667	0.645631	-0.650509	-0.399999	0.632785	0.748946	-0.196628	0.427486	-0.126164	0.895175
5.9	0.639319	-0.676359	-0.3658	0.671931	0.722699	-0.161909	0.373872	-0.142281	0.916502
5.93333	0.645833	-0.685332	-0.336482	0.688635	0.7132	-0.130871	0.329669	-0.147193	0.932552
5.96667	0.672511	-0.668031	-0.318534	0.672989	0.731071	-0.112346	0.307922	-0.138816	0.94123
6	0.709701	-0.627722	-0.319826	0.629012	0.769048	-0.113618	0.317282	-0.12054	0.940639
6.03333	0.730479	-0.586251	-0.3503	0.578335	0.803826	-0.139259	0.363221	-0.100866	0.926227
6.06667	0.716069	-0.565576	-0.409107	0.541868	0.819855	-0.184977	0.440027	-0.0892257	0.893541
6.1	0.674774	-0.560444	-0.480191	0.513957	0.823781	-0.239234	0.529649	-0.0853687	0.84391
6.13333	0.628543	-0.554933	-0.544962	0.48048	0.82802	-0.289	0.611615	-0.0801949	0.787081
6.16667	0.593494	-0.53755	-0.599003	0.429137	0.840987	-0.329518	0.680886	-0.0614875	0.729804
6.2	0.564263	-0.514392	-0.645762	0.367045	0.856926	-0.361877	0.739517	-0.03283	0.672337
6.23333	0.530914	-0.49275	-0.68944	0.302871	0.870167	-0.388688	0.791454	-0.00245168	0.611223
6.26667	0.484594	-0.478124	-0.732507	0.243707	0.87804	-0.41189	0.840105	0.0210817	0.542015
6.3	0.432226	-0.470169	-0.769494	0.19453	0.881843	-0.429548	0.880533	0.035972	0.472617
6.33333	0.383105	-0.465893	-0.797606	0.155251	0.883678	-0.441599	0.910565	0.0453499	0.410872
6.36667	0.343639	-0.465197	-0.815784	0.131233	0.88395	-0.448788	0.929887	0.0471633	0.364809
6.4	0.317401	-0.466637	-0.825534	0.121746	0.883397	-0.452536	0.940444	0.0431296	0.337202
6.43333	0.303909	-0.468224	-0.829702	0.120147	0.882778	-0.454167	0.945095	0.0383391	0.324539
6.46667	0.302771	-0.471246	-0.828406	0.130851	0.881527	-0.45364	0.944038	0.028951	0.328564
6.5	0.327422	-0.472557	-0.818221	0.14901	0.880942	-0.449153	0.933055	0.0251397	0.358855
6.53333	0.384688	-0.469261	-0.794864	0.169832	0.882413	-0.438754	0.907289	0.0337902	0.419149
6.56667	0.458966	-0.463389	-0.758037	0.195013	0.884946	-0.422895	0.866787	0.0462676	0.496528
6.6	0.531638	-0.460214	-0.71103	0.228425	0.886298	-0.402862	0.815587	0.0517597	0.576314
6.63333	0.589772	-0.464482	-0.660625	0.2703	0.884395	-0.380504	0.760991	0.045844	0.647141
6.66667	0.626655	-0.478162	-0.615357	0.31757	0.877781	-0.358677	0.711655	0.0293475	0.701916
6.7	0.644874	-0.504432	-0.574182	0.376013	0.863451	-0.336254	0.665396	0.000941505	0.74649
6.73333	0.65493	-0.538111	-0.530569	0.441842	0.84226	-0.308827	0.61306	-0.0321677	0.789381
6.76667	0.664315	-0.571187	-0.48211	0.504874	0.818525	-0.274078	0.55117	-0.0613304	0.832136
6.8	0.676435	-0.598266	-0.42955	0.55734	0.797075	-0.232474	0.481465	-0.0821522	0.872607
6.83333	0.689095	-0.622295	-0.371346	0.602735	0.776663	-0.183044	0.402318	-0.0976886	0.910273
6.86667	0.693486	-0.648986	-0.312882	0.645509	0.752565	-0.130249	0.319994	-0.111643	0.940819
6.9	0.698581	-0.665646	-0.262487	0.671045	0.736805	-0.0825617	0.248358	-0.118464	0.961397
6.93333	0.708259	-0.666136	-0.233735	0.674379	0.736332	-0.0550298	0.208764	-0.118651	0.970742
6.96667	0.728148	-0.64456	-0.233115	0.652	0.756259	-0.0544859	0.211415	-0.112317	0.970921
7	0.74307	-0.613503	-0.267321	0.616263	0.783041	-0.0840641	0.260897	-0.102275	0.959934
7.03333	0.734446	-0.59314	-0.32981	0.585131	0.799616	-0.13504	0.343819	-0.0938023	0.934339
7.06667	0.703521	-0.584878	-0.403703	0.558908	0.80621	-0.194031	0.438954	-0.0891281	0.894078
7.1	0.666865	-0.574636	-0.474432	0.523745	0.814324	-0.250137	0.530078	-0.0816737	0.844006
7.13333	0.635549	-0.556659	-0.534984	0.475476	0.828137	-0.296834	0.608276	-0.0657197	0.791
7.16667	0.608704	-0.531939	-0.58866	0.414749	0.84584	-0.335466	0.67636	-0.0399464	0.735487
7.2	0.573704	-0.508426	-0.642158	0.34869	0.861029	-0.370196	0.741134	-0.0115313	0.671258
7.23333	0.524492	-0.490812	-0.69571	0.28315	0.871163	-0.401125	0.802953	0.0133967	0.595891
7.26667	0.464055	-0.479599	-0.744741	0.222208	0.876893	-0.426242	0.857483	0.0323123	0.513497
7.3	0.391114	-0.476514	-0.787378	0.172192	0.878308	-0.44601	0.90409	0.0388606	0.425571
7.33333	0.329018	-0.4772	-0.814879	0.139094	0.878001	-0.458004	0.934024	0.0373472	0.355253
7.36667	0.293677	-0.477996	-0.827813	0.122072	0.877662	-0.463473	0.948078	0.0350584	0.316099
7.4	0.27582	-0.478434	-0.833681	0.113769	0.877478	-0.465929	0.954453	0.0336655	0.296456
7.43333	0.27806	-0.480178	-0.831933	0.122215	0.876735	-0.465188	0.952757	0.027675	0.302469
7.46667	0.306952	-0.481229	-0.821096	0.142454	0.876258	-0.460304	0.941003	0.0243228	0.337522
7.5	0.376989	-0.477651	-0.793555	0.169771	0.877889	-0.447761	0.910526	0.0340785	0.412045
7.53333	0.456549	-0.476645	-0.751247	0.212022	0.878345	-0.428435	0.864066	0.0363204	0.502067
7.56667	0.528283	-0.48398	-0.697625	0.270211	0.87475	-0.402242	0.804925	0.0239918	0.592892
7.6	0.583982	-0.499865	-0.639609	0.335295	0.866101	-0.370738	0.739285	0.00204684	0.67339
7.63333	0.620968	-0.52458	-0.582422	0.403987	0.850939	-0.335705	0.671709	-0.0268284	0.740329
7.66667	0.641505	-0.558341	-0.526047	0.47708	0.827378	-0.29638	0.600721	-0.0608376	0.797141
7.7	0.64751	-0.599687	-0.47022	0.552853	0.79434	-0.251749	0.524485	-0.0969525	0.845882
