0	0	1	0	0	0	-1	-1	0	0
0.0333333	0.995351	-0.0879854	-0.0391909	0.0685201	0.932775	-0.353887	0.0676931	0.349556	0.934467
0.0666667	0.99808	-0.0541621	-0.0300495	0.0476266	0.981253	-0.186744	0.0396007	0.184955	0.981949
0.1	0.998951	-0.0402155	-0.0218966	0.0373439	0.992232	-0.118663	0.0264986	0.117721	0.992693
0.133333	0.999331	-0.0322173	-0.017322	0.0305913	0.995729	-0.0871118	0.0200545	0.0865236	0.996048
0.166667	0.999543	-0.0266906	-0.0141793	0.0256423	0.997247	-0.0695768	0.0159973	0.0691814	0.997476
0.2	0.999671	-0.0227805	-0.0117784	0.0220629	0.998082	-0.0578329	0.0130732	0.057554	0.998257
0.233333	0.999754	-0.0197304	-0.0101089	0.0192064	0.998587	-0.0495507	0.0110723	0.0493444	0.99872
0.266667	0.999816	-0.0169728	-0.00889847	0.0165887	0.998997	-0.0415884	0.00959542	0.0414332	0.999095
0.3	0.999847	-0.0156288	-0.00782836	0.0153207	0.999161	-0.0379816	0.0084154	0.0378558	0.999248
0.333333	0.999865	-0.0145266	-0.00765283	0.0142569	0.999313	-0.0341967	0.00814434	0.034083	0.999386
0.366667	0.99987	-0.0145134	-0.00703059	0.0142637	0.999308	-0.0343562	0.00752435	0.0342515	0.999385
0.4	0.999871	-0.0146126	-0.00673185	0.0143839	0.999357	-0.0328485	0.00720752	0.0327474	0.999438
0.433333	0.999873	-0.0147049	-0.00616749	0.0145014	0.999388	-0.0318342	0.00663184	0.0317407	0.999474
0.466667	0.999866	-0.015253	-0.00594347	0.0150623	0.999409	-0.0309057	0.00641136	0.0308121	0.999505
0.5	0.999861	-0.0155884	-0.00589323	0.0154095	0.999453	-0.0292721	0.00634631	0.0291772	0.999554
0.533333	0.999856	-0.0158817	-0.00596214	0.0157042	0.999464	-0.028715	0.00641499	0.0286173	0.99957
0.566667	0.999843	-0.0167335	-0.00577508	0.0165636	0.999462	-0.0283046	0.00624561	0.0282045	0.999583
0.6	0.999837	-0.0171404	-0.00561081	0.0169751	0.999455	-0.028297	0.00609278	0.0281971	0.999584
0.633333	0.999838	-0.017073	-0.00566451	0.016921	0.999522	-0.0258826	0.0061037	0.0257826	0.999649
0.666667	0.999827	-0.0177227	-0.0055966	0.0175694	0.999498	-0.0263498	0.00606078	0.026247	0.999637
0.7	0.999821	-0.0179236	-0.00607334	0.0177569	0.999492	-0.0264629	0.00654456	0.0263503	0.999631
0.733333	0.999811	-0.0183033	-0.00651395	0.0181186	0.999461	-0.0273711	0.00701142	0.0272479	0.999604
0.766667	0.999819	-0.0176691	-0.00701382	0.0174786	0.9995	-0.0263581	0.00747603	0.0262307	0.999628
0.8	0.999825	-0.0171214	-0.00755206	0.0169208	0.999522	-0.025865	0.0079913	0.0257327	0.999637
0.833333	0.999829	-0.0167051	-0.007957	0.0164958	0.999534	-0.0256767	0.00838222	0.025541	0.999639
0.866667	0.999828	-0.0165443	-0.00842117	0.0163175	0.99952	-0.0263256	0.00885267	0.0261836	0.999618
0.9	0.999833	-0.0160398	-0.00875985	0.0158098	0.999544	-0.0257249	0.00916847	0.0255821	0.999631
0.933333	0.999827	-0.0164332	-0.00869474	0.0161976	0.999517	-0.0265123	0.00912623	0.0263669	0.999611
0.966667	0.999833	-0.0161103	-0.00862482	0.0158924	0.999567	-0.024759	0.00901996	0.0246178	0.999656
1	0.999848	-0.0150338	-0.0088164	0.0148344	0.999642	-0.022253	0.00914779	0.0221188	0.999713
1.03333	0.999843	-0.0151315	-0.00917273	0.0149091	0.999605	-0.0238421	0.00952986	0.0237016	0.999674
1.06667	0.999844	-0.0146987	-0.00975886	0.0144626	0.999611	-0.023848	0.0101056	0.0237032	0.999668
1.1	0.999848	-0.0143165	-0.00998588	0.0140641	0.999591	-0.0248997	0.0103383	0.0247555	0.99964
1.13333	0.999846	-0.0141525	-0.0104072	0.0138913	0.999597	-0.0247494	0.0107532	0.024601	0.99964
1.16667	0.99984	-0.0141137	-0.0109793	0.0138598	0.999642	-0.0228671	0.0112981	0.0227113	0.999678
1.2	0.999838	-0.0140786	-0.0112013	0.0138188	0.999641	-0.0229394	0.0115203	0.0227809	0.999674
1.23333	0.999833	-0.0138889	-0.0118845	0.0136184	0.999653	-0.0225503	0.0121936	0.0223847	0.999675
1.26667	0.99983	-0.0136198	-0.012393	0.0133559	0.999688	-0.0211287	0.0126769	0.0209596	0.9997
1.3	0.999831	-0.0132054	-0.0127637	0.0129571	0.999729	-0.0193439	0.0130157	0.0191753	0.999731
1.33333	0.99982	-0.0130392	-0.0138102	0.0127842	0.999749	-0.0183918	0.0140465	0.0182119	0.999735
1.36667	0.999812	-0.0126677	-0.0146835	0.0124192	0.99978	-0.0168938	0.0148943	0.0167082	0.999749
1.4	0.999799	-0.0125728	-0.015586	0.0123072	0.999779	-0.0170223	0.0157966	0.0168271	0.999734
1.43333	0.999786	-0.0120587	-0.0167804	0.0117826	0.999795	-0.0164608	0.0169754	0.0162595	0.999724
1.46667	0.999763	-0.011854	-0.0182328	0.0115469	0.999791	-0.0168576	0.0184289	0.0166431	0.999692
1.5	0.999744	-0.0117345	-0.0193605	0.0114206	0.999803	-0.0162468	0.0195473	0.0160215	0.999681
1.53333	0.999725	-0.0116014	-0.0203606	0.0112711	0.999804	-0.0162619	0.0205453	0.016028	0.99966
1.56667	0.999703	-0.0119614	-0.0212195	0.0115923	0.999781	-0.0174326	0.0214233	0.0171815	0.999623
1.6	0.999691	-0.012116	-0.0216906	0.0117255	0.999769	-0.0180393	0.0219041	0.0177794	0.999602
1.63333	0.999687	-0.0122946	-0.0217914	0.01193	0.999788	-0.0167844	0.0219931	0.0165192	0.999622
1.66667	0.999686	-0.0124367	-0.0217575	0.0120721	0.999786	-0.0168069	0.0219619	0.016539	0.999622
1.7	0.999687	-0.0128167	-0.0215037	0.0124552	0.99978	-0.0168618	0.0217151	0.0165887	0.999627
1.73333	0.999694	-0.0131338	-0.0209601	0.0127831	0.999778	-0.016778	0.0211758	0.016505	0.99964
1.76667	0.99969	-0.0139941	-0.020594	0.0136347	0.999754	-0.0174862	0.0208337	0.0172	0.999635
1.8	0.999696	-0.0144971	-0.0199415	0.0141644	0.99976	-0.0167262	0.0201792	0.0164386	0.999661
1.83333	0.999704	-0.0148263	-0.019273	0.0145364	0.99978	-0.0150992	0.0194926	0.0148146	0.9997
1.86667	0.999705	-0.0154461	-0.0187659	0.015153	0.999763	-0.0156593	0.0190033	0.0153704	0.999701
1.9	0.999706	-0.0158382	-0.018373	0.0155243	0.999733	-0.0171028	0.018639	0.0168126	0.999685
1.93333	0.999704	-0.0161758	-0.0181979	0.0158538	0.999718	-0.0177014	0.0184791	0.0174076	0.999678
1.96667	0.999706	-0.0163897	-0.0178943	0.0160679	0.999709	-0.0179815	0.0181838	0.0176887	0.999678
2	0.99971	-0.0165087	-0.0175486	0.016185	0.999699	-0.0184319	0.0178476	0.0181425	0.999676
2.03333	0.999717	-0.0165695	-0.0170739	0.0162465	0.99969	-0.0188885	0.0173816	0.0186057	0.999676
2.06667	0.999725	-0.0164536	-0.0167341	0.0161397	0.999694	-0.0187246	0.017037	0.0184493	0.999685
2.1	0.999733	-0.0165252	-0.0161393	0.0162088	0.999678	-0.0195424	0.016457	0.0192756	0.999679
2.13333	0.999733	-0.0165322	-0.0161642	0.0162021	0.999662	-0.020345	0.0164951	0.0200776	0.999662
2.16667	0.999737	-0.01637	-0.0160389	0.0160476	0.999671	-0.0200283	0.0163615	0.0197656	0.999671
2.2	0.999737	-0.0164474	-0.0159579	0.0161416	0.999687	-0.0191049	0.0162672	0.0188423	0.99969
2.23333	0.999736	-0.0163883	-0.0160735	0.0161009	0.999711	-0.0178474	0.0163614	0.0175839	0.999712
2.26667	0.999719	-0.0169044	-0.0166318	0.0166004	0.999696	-0.0182477	0.0169352	0.0179664	0.999695
2.3	0.999698	-0.017265	-0.0174787	0.016944	0.999688	-0.0183502	0.0177901	0.0180485	0.999679
2.33333	0.99968	-0.0172782	-0.018471	0.0169491	0.999697	-0.0178272	0.0187734	0.0175084	0.99967
2.36667	0.999659	-0.0175346	-0.0193596	0.0171835	0.999688	-0.018155	0.0196719	0.0178161	0.999648
2.4	0.999631	-0.0179789	-0.0203798	0.0175877	0.999661	-0.0192149	0.0207184	0.0188493	0.999608
2.43333	0.99961	-0.0182156	-0.0211475	0.0177979	0.999646	-0.0197761	0.0215003	0.019392	0.999581
2.46667	0.999592	-0.018853	-0.0214341	0.0184363	0.99964	-0.0194751	0.0217936	0.019072	0.999581
2.5	0.999585	-0.0190533	-0.0216215	0.0186379	0.999641	-0.0192539	0.0219805	0.0188429	0.999581
2.53333	0.999574	-0.0194528	-0.021743	0.0190389	0.999637	-0.0190865	0.0221064	0.0186644	0.999581
2.56667	0.999573	-0.01933	-0.0219231	0.0189039	0.999632	-0.0194809	0.0222916	0.0190581	0.99957
2.6	0.999579	-0.0190982	-0.0218458	0.0186868	0.999647	-0.0188842	0.0221987	0.018468	0.999583
2.63333	0.999591	-0.0189607	-0.0214293	0.0185626	0.999654	-0.0186267	0.0217751	0.0182213	0.999597
2.66667	0.999602	-0.0188195	-0.0210308	0.0184321	0.99966	-0.0184626	0.0213711	0.0180676	0.999608
2.7	0.999609	-0.0189041	-0.0206045	0.0185348	0.999667	-0.0179689	0.0209373	0.01758	0.999626
2.73333	0.999623	-0.0186918	-0.0201319	0.0182995	0.999642	-0.0194973	0.0204891	0.0191216	0.999607
2.76667	0.999633	-0.0184994	-0.0197947	0.0181328	0.999664	-0.0185432	0.0201311	0.0181775	0.999632
2.8	0.999637	-0.018318	-0.0197758	0.0179537	0.999669	-0.018445	0.0201071	0.0180833	0.999634
2.83333	0.99964	-0.0180796	-0.0198384	0.0177097	0.999669	-0.0186645	0.0201692	0.0183065	0.999629
2.86667	0.999642	-0.0181585	-0.0196619	0.0177946	0.99967	-0.0185283	0.0199919	0.0181718	0.999635
2.9	0.99965	-0.018063	-0.0193447	0.0177261	0.999691	-0.017448	0.0196538	0.017099	0.999661
2.93333	0.999652	-0.0180259	-0.0192478	0.0177149	0.999712	-0.0162049	0.0195344	0.0158583	0.999683
2.96667	0.999651	-0.018077	-0.0192621	0.0177498	0.999698	-0.0170233	0.019564	0.0166755	0.99967
3	0.999649	-0.017889	-0.0195195	0.017561	0.999704	-0.0168475	0.0198151	0.0164988	0.999668
3.03333	0.999655	-0.0174224	-0.0196375	0.0170909	0.999711	-0.0169218	0.0199266	0.0165804	0.999664
3.06667	0.999663	-0.0174298	-0.0192613	0.0170923	0.9997	-0.0175524	0.0195614	0.0172173	0.99966
3.1	0.999657	-0.0176533	-0.0193432	0.0173227	0.999703	-0.0171254	0.0196398	0.0167844	0.999666
3.13333	0.99966	-0.0178453	-0.0190154	0.0174963	0.999678	-0.0183675	0.019337	0.0180286	0.99965
3.16667	0.999661	-0.018037	-0.0187975	0.0176898	0.999673	-0.0184758	0.0191246	0.018137	0.999653
3.2	0.999666	-0.017896	-0.0186194	0.0175542	0.999677	-0.0183646	0.018942	0.0180316	0.999658
3.23333	0.999669	-0.0178387	-0.0185168	0.0175297	0.999707	-0.0167165	0.0188096	0.0163864	0.999689
3.26667	0.999666	-0.0182538	-0.0182934	0.017943	0.999694	-0.017009	0.0185983	0.0166751	0.999688
3.3	0.999664	-0.018303	-0.0183402	0.0179957	0.999697	-0.0167834	0.0186418	0.0164477	0.999691
3.33333	0.999665	-0.0184348	-0.0181836	0.0181302	0.999695	-0.0167789	0.0184873	0.0164436	0.999694
3.36667	0.99966	-0.0186793	-0.0182177	0.0183747	0.999691	-0.0167476	0.0185249	0.0164072	0.999694
3.4	0.999663	-0.018626	-0.0180754	0.018315	0.999684	-0.0172211	0.0183905	0.0168843	0.999688
3.43333	0.999663	-0.0184774	-0.0182235	0.0181763	0.999698	-0.0165495	0.0185238	0.0162127	0.999697
3.46667	0.999666	-0.0184194	-0.0181495	0.0181118	0.999692	-0.0169713	0.0184565	0.0166369	0.999691
3.5	0.999664	-0.0184378	-0.0182082	0.0181322	0.999694	-0.0168084	0.0185126	0.0164726	0.999693
3.53333	0.999669	-0.0182846	-0.0181099	0.017986	0.999702	-0.0165124	0.0184064	0.0161812	0.9997
3.56667	0.999672	-0.0182993	-0.017897	0.0179959	0.999694	-0.0169723	0.0182021	0.0166447	0.999696
3.6	0.999682	-0.0178779	-0.017802	0.0175755	0.999701	-0.0169972	0.0181006	0.0166789	0.999697
3.63333	0.999684	-0.0180182	-0.0175005	0.0177164	0.999694	-0.0172516	0.017806	0.0169361	0.999698
3.66667	0.999685	-0.0181346	-0.0173419	0.017834	0.999691	-0.0173373	0.0176509	0.0170226	0.999699
3.7	0.99969	-0.0181843	-0.0170238	0.0179013	0.999701	-0.0166301	0.0173212	0.0163202	0.999717
3.73333	0.999695	-0.018213	-0.0166584	0.0179406	0.999705	-0.0163551	0.0169514	0.0160513	0.999727
3.76667	0.999693	-0.0184355	-0.0165635	0.0181739	0.99971	-0.0158073	0.0168502	0.0155014	0.999738
3.8	0.999698	-0.01829	-0.0163938	0.0180426	0.999723	-0.0151186	0.0166658	0.0148182	0.999751
3.83333	0.9997	-0.0182279	-0.0163522	0.0179822	0.999725	-0.0150481	0.016622	0.0147495	0.999753
3.86667	0.999704	-0.0181409	-0.016206	0.0179021	0.999731	-0.0147632	0.0164695	0.0144688	0.99976
3.9	0.999704	-0.0181828	-0.0161772	0.017935	0.999722	-0.0153291	0.0164514	0.0150345	0.999752
3.93333	0.999701	-0.0180245	-0.0165333	0.0177621	0.999716	-0.015885	0.016815	0.0155866	0.999737
3.96667	0.999701	-0.0178102	-0.0167541	0.0175505	0.999725	-0.0155246	0.0170259	0.015226	0.999739
4	0.999702	-0.0175087	-0.0170164	0.0172449	0.999731	-0.0155284	0.0172837	0.0152303	0.999735
4.03333	0.999703	-0.0170794	-0.0173879	0.0168041	0.999733	-0.0158542	0.017654	0.0155573	0.999723
4.06667	0.999709	-0.0162493	-0.0178196	0.0159861	0.999762	-0.0148157	0.0180561	0.0145265	0.999731
4.1	0.999719	-0.0156376	-0.0178022	0.0153857	0.999781	-0.0141992	0.0180204	0.0139213	0.999741
4.13333	0.999723	-0.0151519	-0.01799	0.0149117	0.999799	-0.0134103	0.0181896	0.0131383	0.999748
4.16667	0.999726	-0.0147177	-0.0181915	0.014484	0.999812	-0.0129124	0.0183782	0.0126454	0.999751
4.2	0.99973	-0.0139701	-0.0185551	0.0137412	0.999829	-0.0124052	0.0187253	0.0121468	0.999751
4.23333	0.99973	-0.013719	-0.0187722	0.0134697	0.99982	-0.0133402	0.0189519	0.0130837	0.999735
4.26667	0.999736	-0.0130956	-0.0188568	0.0128483	0.999831	-0.0131741	0.0190261	0.0129283	0.999735
4.3	0.999745	-0.0125962	-0.0187444	0.0123809	0.999857	-0.0115615	0.0188874	0.0113265	0.999757
4.33333	0.999761	-0.0115042	-0.0185871	0.0113511	0.999901	-0.00832198	0.018681	0.008109	0.999793
4.36667	0.999777	-0.0104213	-0.0183549	0.0103833	0.999944	-0.00216162	0.0183764	0.00197056	0.999829
4.4	0.999775	-0.0100111	-0.0187191	0.0100541	0.999947	0.00220384	0.0186961	-0.00239154	0.999822
4.43333	0.999768	-0.00899087	-0.0195748	0.00909704	0.999944	0.00534152	0.0195256	-0.00551835	0.999794
4.46667	0.999716	-0.0095033	-0.021842	0.00955229	0.999952	0.00213996	0.0218207	-0.00234799	0.999759
4.5	0.999666	-0.00918109	-0.0241585	0.00913764	0.999956	-0.00190859	0.0241749	0.0016872	0.999706
4.53333	0.999602	-0.00938824	-0.0266041	0.00922525	0.999938	-0.00624248	0.026661	0.00599457	0.999627
4.56667	0.999548	-0.00917709	-0.0286339	0.00891967	0.999919	-0.00910494	0.0287151	0.00884542	0.999548
4.6	0.999519	-0.00914832	-0.0296252	0.00878418	0.999885	-0.0123983	0.0297352	0.0121321	0.999484
4.63333	0.999506	-0.0103668	-0.0296618	0.00967481	0.99968	-0.0233782	0.0298946	0.0230797	0.999287
4.66667	0.999509	-0.010363	-0.0295693	0.0092213	0.999216	-0.0384911	0.029945	0.0381996	0.998821
4.7	0.99958	-0.007326	-0.0280492	0.00580001	0.998518	-0.0541037	0.0284041	0.0539183	0.998141
4.73333	0.999724	-0.00242866	-0.0233691	0.00101744	0.998185	-0.0602116	0.023473	0.0601712	0.997912
4.76667	0.999868	0.00761344	-0.0143357	-0.00837509	0.998514	-0.0538417	0.0139045	0.0539547	0.998447
4.8	0.999721	0.0236118	0.000228802	-0.023572	0.998512	-0.0491694	-0.00138944	0.0491503	0.99879
4.83333	0.99872	0.0475944	0.0171178	-0.0467939	0.997914	-0.044465	-0.0191984	0.0436071	0.998864
4.86667	0.996213	0.0788146	0.0367206	-0.0775825	0.996411	-0.0338512	-0.0392568	0.0308742	0.998752
4.9	0.992129	0.109379	0.0609536	-0.108436	0.99393	-0.0185774	-0.0626156	0.0118216	0.997968
4.93333	0.987562	0.130641	0.087491	-0.129941	0.991427	-0.0136726	-0.0885272	0.00213389	0.996071
4.96667	0.983027	0.143976	0.113705	-0.142231	0.989558	-0.0233536	-0.11588	0.0067849	0.99324
5	0.978032	0.152636	0.141971	-0.150795	0.988281	-0.0236998	-0.143925	0.00177059	0.989587
5.03333	0.973398	0.155134	0.168613	-0.155106	0.987807	-0.0134219	-0.16864	-0.0130881	0.985591
5.06667	0.969617	0.155625	0.188741	-0.157614	0.98749	-0.00452038	-0.187083	-0.0253651	0.982017
5.1	0.966761	0.156211	0.202413	-0.159796	0.987149	0.00138928	-0.199595	-0.033688	0.979299
5.13333	0.964453	0.163706	0.207436	-0.168412	0.985703	0.0051093	-0.203634	-0.0398624	0.978235
5.16667	0.963228	0.172338	0.206132	-0.176172	0.984359	0.000246595	-0.202866	-0.0365522	0.978524
5.2	0.963921	0.176744	0.199043	-0.178659	0.983875	-0.00844777	-0.197326	-0.0274178	0.979954
5.23333	0.967577	0.175533	0.181613	-0.174897	0.984391	-0.0196382	-0.182225	-0.0127621	0.983174
5.26667	0.973428	0.167956	0.155654	-0.163074	0.985645	-0.0437105	-0.160761	0.0171659	0.986844
5.3	0.979733	0.152806	0.129509	-0.144066	0.986766	-0.0744133	-0.139166	0.0542473	0.988782
5.33333	0.984297	0.136633	0.111766	-0.126774	0.987745	-0.091036	-0.122835	0.0754374	0.989556
5.36667	0.987797	0.120729	0.0983965	-0.113053	0.990348	-0.0801913	-0.107128	0.0680887	0.991911
5.4	0.990908	0.103635	0.0857984	-0.100047	0.993959	-0.0451185	-0.0899559	0.0361244	0.99529
5.43333	0.994169	0.0825681	0.0693554	-0.0820208	0.996573	-0.0107072	-0.0700018	0.00495616	0.997535
5.46667	0.997703	0.0519107	0.043515	-0.0519385	0.99865	-0.000491082	-0.0434817	-0.00177015	0.999053
5.5	0.999856	0.0141968	0.00929119	-0.014057	0.999789	-0.0149455	-0.00950141	0.0148127	0.999845
5.53333	0.999171	-0.0217364	-0.0344258	0.020439	0.999084	-0.0376033	0.0352116	0.0368685	0.9987
5.56667	0.995176	-0.0496172	-0.0846329	0.0443868	0.997051	-0.0626025	0.0874895	0.058544	0.994444
5.6	0.987696	-0.0703945	-0.139647	0.0576552	0.993971	-0.0932658	0.14537	0.0840669	0.985799
5.63333	0.976109	-0.0901938	-0.197679	0.063293	0.988349	-0.138417	0.207861	0.122598	0.970445
5.66667	0.959966	-0.110633	-0.257342	0.0601514	0.978685	-0.196359	0.273581	0.173018	0.94616
5.7	0.939844	-0.132961	-0.314667	0.0478163	0.963279	-0.26421	0.338242	0.23327	0.911689
5.73333	0.916175	-0.1584	-0.368149	0.0279967	0.941633	-0.335476	0.3998	0.297048	0.867134
5.76667	0.890086	-0.188791	-0.414856	0.00887695	0.917192	-0.398347	0.455707	0.35088	0.818055
5.8	0.868085	-0.214338	-0.447759	-0.00810361	0.895745	-0.444494	0.49635	0.389487	0.775846
5.83333	0.85999	-0.237485	-0.451684	-0.0172023	0.87112	-0.490768	0.510021	0.429825	0.745069
5.86667	0.871213	-0.253513	-0.420379	-0.0156762	0.841532	-0.53998	0.490654	0.477028	0.72918
5.9	0.896155	-0.246573	-0.368928	-0.00311299	0.827891	-0.560881	0.44373	0.503785	0.741151
5.93333	0.923674	-0.214082	-0.317799	0.0108469	0.843647	-0.536788	0.383027	0.49237	0.781577
5.96667	0.952735	-0.14514	-0.266889	0.0018659	0.881277	-0.472596	0.303796	0.449761	0.839895
6	0.974601	-0.0673437	-0.213584	-0.0140176	0.933501	-0.3583	0.22351	0.352193	0.908847
6.03333	0.990269	-0.00519463	-0.13907	-0.0274202	0.972431	-0.231573	0.136439	0.233133	0.962826
6.06667	0.99797	0.0379637	-0.0511387	-0.0447282	0.989367	-0.138394	0.045341	0.140401	0.989056
6.1	0.997172	0.068197	0.0315744	-0.0647724	0.992969	-0.099077	-0.0381092	0.0967517	0.994579
6.13333	0.990845	0.0956445	0.0952851	-0.0854295	0.990683	-0.106061	-0.104541	0.0969494	0.989784
6.16667	0.981625	0.127244	0.142203	-0.10687	0.983974	-0.142738	-0.158087	0.124918	0.979492
6.2	0.970659	0.162263	0.177461	-0.129362	0.97448	-0.18345	-0.202699	0.15511	0.966878
6.23333	0.958848	0.192811	0.208408	-0.149261	0.966744	-0.207671	-0.241518	0.168018	0.95574
6.26667	0.947992	0.210983	0.238321	-0.164494	0.965754	-0.200649	-0.272493	0.151012	0.950233
6.3	0.940128	0.212153	0.266741	-0.172342	0.971125	-0.164968	-0.294037	0.109121	0.949545
6.33333	0.936905	0.202845	0.284714	-0.170083	0.976042	-0.135695	-0.305418	0.0787085	0.94896
6.36667	0.938628	0.193202	0.285747	-0.157173	0.976975	-0.144276	-0.307042	0.0905093	0.947382
6.4	0.945119	0.180501	0.272339	-0.136009	0.975242	-0.17437	-0.297071	0.12776	0.94627
6.43333	0.958382	0.158693	0.237321	-0.113661	0.974647	-0.192729	-0.261889	0.157734	0.952121
6.46667	0.974293	0.127611	0.185656	-0.0936263	0.978919	-0.181524	-0.204906	0.159476	0.965702
6.5	0.988829	0.088915	0.11963	-0.0656662	0.980375	-0.185884	-0.13381	0.175952	0.975262
6.53333	0.997938	0.0413739	0.0490668	-0.0286907	0.971427	-0.2356	-0.0574125	0.233706	0.970611
6.56667	0.999682	-0.00984542	-0.023208	0.00239717	0.95354	-0.301258	0.0250957	0.301107	0.95326
6.6	0.994	-0.05808	-0.0926903	0.0213891	0.934234	-0.356019	0.107272	0.3519	0.92987
6.63333	0.981498	-0.101476	-0.162372	0.0301906	0.919424	-0.392108	0.189078	0.379951	0.905476
6.66667	0.962652	-0.130753	-0.237075	0.0259253	0.916146	-0.400006	0.269498	0.378921	0.885319
6.7	0.937119	-0.145902	-0.31705	0.0114712	0.920811	-0.389839	0.348821	0.361689	0.864584
6.73333	0.903426	-0.152898	-0.400555	-0.00663249	0.929155	-0.369631	0.428694	0.336591	0.838408
6.76667	0.865215	-0.162367	-0.474385	-0.0211015	0.933487	-0.357989	0.500958	0.319748	0.804241
6.8	0.8343	-0.184919	-0.519372	-0.0279697	0.926659	-0.374861	0.5506	0.327273	0.76794
6.83333	0.825705	-0.214628	-0.521676	-0.0314191	0.905857	-0.422417	0.563227	0.365182	0.741227
6.86667	0.843645	-0.237887	-0.481324	-0.037167	0.868458	-0.494367	0.535613	0.43496	0.723829
6.9	0.875846	-0.242497	-0.41724	-0.037541	0.827727	-0.559873	0.481128	0.506027	0.715858
6.93333	0.91381	-0.204912	-0.350661	-0.0526269	0.796372	-0.602513	0.402719	0.569036	0.716949
6.96667	0.943757	-0.148163	-0.295585	-0.0590487	0.80408	-0.591581	0.325325	0.575762	0.750108
7	0.966701	-0.0938864	-0.238063	-0.0478	0.847652	-0.528395	0.251404	0.522179	0.814939
7.03333	0.985773	-0.0279929	-0.165737	-0.046108	0.903176	-0.426787	0.161637	0.428356	0.889036
7.06667	0.996913	0.0335876	-0.0709699	-0.0541253	0.948778	-0.311273	0.0568798	0.314154	0.947667
7.1	0.996479	0.0782733	0.0300617	-0.0717068	0.98136	-0.1783	-0.0434575	0.175517	0.983517
7.13333	0.985869	0.102183	0.132747	-0.0939866	0.993342	-0.0666225	-0.138671	0.0532045	0.988908
7.16667	0.968407	0.108307	0.224626	-0.112777	0.993595	0.00712352	-0.222415	-0.032231	0.974419
7.2	0.948589	0.108832	0.29721	-0.127732	0.990793	0.0448669	-0.289591	-0.0805235	0.953757
7.23333	0.928009	0.101921	0.358345	-0.146029	0.984396	0.0981888	-0.342745	-0.143449	0.928412
7.26667	0.912242	0.0934336	0.398855	-0.172318	0.970834	0.166694	-0.371647	-0.220795	0.901736
7.3	0.90154	0.0915991	0.422889	-0.200634	0.954414	0.220995	-0.383369	-0.284082	0.878821
7.33333	0.897913	0.103864	0.427744	-0.213912	0.952259	0.217816	-0.3847	-0.287079	0.877264
7.36667	0.906517	0.126987	0.402617	-0.201898	0.967962	0.149287	-0.37076	-0.216619	0.903113
7.4	0.930249	0.138549	0.339765	-0.167502	0.984207	0.0572689	-0.326464	-0.110186	0.938765
7.43333	0.958322	0.12636	0.256227	-0.124268	0.991948	-0.0244048	-0.257248	-0.00845322	0.966309
7.46667	0.981193	0.0916438	0.169888	-0.0748575	0.99189	-0.10272	-0.177924	0.088071	0.980095
7.5	0.995368	0.0399751	0.0874304	-0.0236617	0.983341	-0.180225	-0.0931783	0.177321	0.979732
7.53333	0.999945	-0.0105125	-0.00020241	0.0101879	0.973468	-0.228597	0.00260016	0.228583	0.973521
7.56667	0.994114	-0.0541973	-0.0938108	0.0289095	0.967186	-0.252418	0.104413	0.24822	0.96306
7.6	0.978767	-0.0830226	-0.187411	0.0342714	0.967714	-0.24971	0.202092	0.237985	0.950012
7.63333	0.953639	-0.0926113	-0.286349	0.0249864	0.972554	-0.231331	0.299914	0.213452	0.92978
7.66667	0.915721	-0.111966	-0.3859	0.0180748	0.970899	-0.238808	0.401408	0.211706	0.891096
7.7	0.872093	-0.145241	-0.467289	0.00846088	0.959269	-0.282366	0.489267	0.242296	0.837801
