0	1	0	0	0	1	0	0	0	1
0.0333333	0.965376	0.239885	0.102488	-0.24914	0.964306	0.0896874	-0.0773148	-0.112116	0.990683
0.0666667	0.987523	0.153222	0.0363527	-0.154924	0.98667	0.0498146	-0.0282354	-0.054825	0.998097
0.1	0.99393	0.107687	0.0225021	-0.108332	0.993669	0.0297633	-0.0191546	-0.0320203	0.999304
0.133333	0.996046	0.0869334	0.0182972	-0.0873199	0.995948	0.0215072	-0.0163533	-0.0230199	0.999601
0.166667	0.996788	0.0782632	0.0169805	-0.0785781	0.996732	0.0187495	-0.0154576	-0.0200236	0.99968
0.2	0.997109	0.0741054	0.0168045	-0.074404	0.997067	0.0179016	-0.0154286	-0.0191002	0.999699
0.233333	0.997326	0.0711505	0.0166951	-0.0714396	0.997293	0.0174127	-0.015411	-0.0185588	0.999709
0.266667	0.997479	0.0691178	0.016061	-0.0693927	0.99744	0.0172383	-0.0148284	-0.0183094	0.999722
0.3	0.997545	0.0680319	0.0166218	-0.0683163	0.997516	0.0171891	-0.0154111	-0.0182825	0.999714
0.333333	0.997595	0.0673278	0.0164767	-0.067589	0.997588	0.0158397	-0.0153705	-0.0169152	0.999739
0.366667	0.997642	0.066355	0.0175188	-0.0666326	0.997653	0.0157719	-0.0164312	-0.016902	0.999722
0.4	0.997686	0.0657846	0.0171778	-0.0660609	0.997687	0.0160424	-0.0160827	-0.0171401	0.999724
0.433333	0.997716	0.0653111	0.017256	-0.0655944	0.997712	0.0163923	-0.016146	-0.0174867	0.999717
0.466667	0.997695	0.0655343	0.0176011	-0.06583	0.99769	0.0167794	-0.0164608	-0.0178994	0.999704
0.5	0.997717	0.0651704	0.0177332	-0.0654624	0.99772	0.0164172	-0.0166229	-0.0175406	0.999708
0.533333	0.997744	0.0645783	0.0183374	-0.064872	0.997767	0.0159009	-0.0172696	-0.0170546	0.999705
0.566667	0.997685	0.0651055	0.019634	-0.0654352	0.997718	0.0166458	-0.0185055	-0.017892	0.999669
0.6	0.997645	0.0654522	0.020488	-0.0658103	0.997682	0.0173236	-0.0193066	-0.0186311	0.99964
0.633333	0.997698	0.0649563	0.019484	-0.0652937	0.997718	0.0172112	-0.0183215	-0.0184437	0.999662
0.666667	0.997662	0.0655805	0.01921	-0.0659255	0.997664	0.0179123	-0.0179905	-0.0191369	0.999655
0.7	0.99767	0.0654741	0.0191636	-0.06581	0.997679	0.0174557	-0.0179762	-0.0186762	0.999664
0.733333	0.997627	0.0659934	0.0196453	-0.0663382	0.997645	0.01745	-0.0184474	-0.0187118	0.999655
0.766667	0.997662	0.0653521	0.0199721	-0.0656857	0.997703	0.01653	-0.0188459	-0.0178033	0.999664
0.8	0.99764	0.0656322	0.0201522	-0.0659667	0.997687	0.0164086	-0.0190287	-0.0176993	0.999662
0.833333	0.997653	0.0655241	0.0198758	-0.0658469	0.997701	0.0160442	-0.0187788	-0.0173153	0.999674
0.866667	0.997623	0.0660099	0.0197639	-0.0663363	0.997664	0.016339	-0.0186392	-0.0176112	0.999671
0.9	0.997631	0.0660225	0.0193205	-0.0663477	0.997657	0.0167046	-0.0181723	-0.0179469	0.999674
0.933333	0.997544	0.06707	0.0201811	-0.0674618	0.997533	0.0194031	-0.0188299	-0.0207169	0.999608
0.966667	0.997549	0.0669119	0.0204745	-0.0673336	0.997517	0.0206506	-0.0190418	-0.0219786	0.999577
1	0.997546	0.0670541	0.020131	-0.0674653	0.997511	0.0204913	-0.0187069	-0.0217992	0.999587
1.03333	0.997526	0.0672706	0.0204017	-0.0676848	0.997499	0.0203407	-0.0189824	-0.0216713	0.999585
1.06667	0.99752	0.0674268	0.0201972	-0.0678146	0.997514	0.01917	-0.0188544	-0.0204921	0.999612
1.1	0.997541	0.0670587	0.0203738	-0.0674478	0.997541	0.0190472	-0.0190464	-0.0203745	0.999611
1.13333	0.997534	0.0671519	0.0204156	-0.0675422	0.997534	0.0190696	-0.0190847	-0.0204015	0.99961
1.16667	0.997511	0.0675411	0.0202563	-0.0679418	0.997493	0.0197922	-0.0188687	-0.0211192	0.999599
1.2	0.997429	0.0686806	0.0204696	-0.069106	0.997391	0.0208539	-0.0189839	-0.0222148	0.999573
1.23333	0.997443	0.0685639	0.0201752	-0.0689877	0.997394	0.0211182	-0.0186747	-0.0224561	0.999573
1.26667	0.997388	0.0692421	0.020549	-0.06969	0.997327	0.021943	-0.0189747	-0.0233178	0.999548
1.3	0.997319	0.0700392	0.0211791	-0.0705126	0.997257	0.0224996	-0.0195452	-0.0239327	0.999522
1.33333	0.997273	0.0705944	0.0214979	-0.0710963	0.997191	0.0235496	-0.0197751	-0.0250138	0.999491
1.36667	0.997248	0.0707293	0.0222268	-0.0712819	0.997139	0.0251387	-0.0203852	-0.0266539	0.999437
1.4	0.997224	0.0707463	0.0232257	-0.0713787	0.997066	0.0276343	-0.0212026	-0.0292154	0.999348
1.43333	0.997211	0.070528	0.0244057	-0.0712297	0.997033	0.0291898	-0.0222746	-0.0308468	0.999276
1.46667	0.997203	0.0702662	0.0254748	-0.0710364	0.997001	0.0307091	-0.0232406	-0.0324328	0.999204
1.5	0.997194	0.0703175	0.0256933	-0.0711195	0.996962	0.0317614	-0.0233819	-0.0334996	0.999165
1.53333	0.997262	0.0694329	0.0254331	-0.0702145	0.997042	0.0312506	-0.0231881	-0.0329509	0.999188
1.56667	0.997266	0.069501	0.0250842	-0.0702692	0.997041	0.0311631	-0.0228442	-0.0328405	0.9992
1.6	0.99731	0.0690267	0.0246781	-0.0697766	0.997083	0.0309406	-0.0224704	-0.0325793	0.999217
1.63333	0.997322	0.0688147	0.0247738	-0.0695668	0.997099	0.030899	-0.0225756	-0.0325397	0.999215
1.66667	0.997289	0.0690702	0.0253725	-0.069825	0.997103	0.0301749	-0.0232148	-0.0318648	0.999223
1.7	0.997284	0.0690735	0.025568	-0.0698176	0.997125	0.0294542	-0.02346	-0.0311593	0.999239
1.73333	0.997323	0.0686635	0.0251611	-0.069384	0.997169	0.0289788	-0.0231001	-0.0306469	0.999263
1.76667	0.997299	0.068989	0.0251853	-0.0697023	0.997157	0.0286378	-0.023138	-0.0303159	0.999273
1.8	0.99733	0.0686285	0.0249448	-0.0693282	0.997191	0.0283602	-0.0229284	-0.0300139	0.999286
1.83333	0.997328	0.0687465	0.0247205	-0.0694373	0.997186	0.0282626	-0.022708	-0.0299036	0.999295
1.86667	0.997327	0.0688818	0.0243731	-0.0695614	0.997178	0.0282302	-0.0223598	-0.0298502	0.999304
1.9	0.997353	0.0686631	0.023921	-0.0693207	0.997206	0.0278427	-0.0219424	-0.0294272	0.999326
1.93333	0.997362	0.0686011	0.0237161	-0.069241	0.997226	0.0273035	-0.0217773	-0.0288736	0.999346
1.96667	0.997372	0.0685433	0.0234917	-0.0691734	0.997235	0.0271459	-0.0215661	-0.0286996	0.999355
2	0.997407	0.0681922	0.0229978	-0.0687993	0.997272	0.0267265	-0.0211126	-0.0282394	0.999378
2.03333	0.997409	0.0683577	0.022434	-0.0689503	0.99726	0.0267991	-0.0205406	-0.0282765	0.999389
2.06667	0.997429	0.0682721	0.0217941	-0.0688443	0.997271	0.0266787	-0.0199132	-0.0281105	0.999406
2.1	0.997403	0.0686641	0.0217271	-0.0692412	0.997234	0.027029	-0.019811	-0.0284632	0.999399
2.13333	0.997384	0.0689294	0.0217851	-0.0695039	0.997221	0.0268144	-0.0198762	-0.0282584	0.999403
2.16667	0.997373	0.0690511	0.0219075	-0.0696332	0.997207	0.0270256	-0.0199801	-0.0284801	0.999395
2.2	0.99736	0.0691966	0.0220284	-0.0697954	0.997177	0.0276883	-0.0200502	-0.0291527	0.999374
2.23333	0.997336	0.0694805	0.0221998	-0.0700935	0.997143	0.0281422	-0.020181	-0.0296233	0.999357
2.26667	0.997301	0.069883	0.0225056	-0.0705275	0.997081	0.0292408	-0.0203964	-0.0307491	0.999319
2.3	0.997312	0.0697227	0.0225471	-0.0703747	0.997083	0.0295462	-0.0204213	-0.0310535	0.999309
2.33333	0.997341	0.0694067	0.0222168	-0.0700358	0.997125	0.0289147	-0.020146	-0.0303937	0.999335
2.36667	0.997346	0.0693664	0.0221165	-0.0699798	0.997147	0.0282883	-0.0200911	-0.0297609	0.999355
2.4	0.997355	0.0692273	0.0221707	-0.0698379	0.997163	0.0280653	-0.0201649	-0.0295394	0.99936
2.43333	0.997384	0.0688013	0.0221592	-0.0694151	0.997188	0.0282322	-0.0201545	-0.0296965	0.999356
2.46667	0.99737	0.069046	0.0220222	-0.0696661	0.997156	0.0287561	-0.019974	-0.0302146	0.999344
2.5	0.997396	0.0688118	0.0215708	-0.0694164	0.997176	0.0286607	-0.0195377	-0.0300835	0.999356
2.53333	0.997386	0.0689516	0.0216182	-0.069563	0.997158	0.0289365	-0.0195615	-0.0303647	0.999347
2.56667	0.997407	0.068584	0.0218206	-0.069196	0.997192	0.0286521	-0.0197943	-0.0300877	0.999351
2.6	0.997435	0.0682798	0.0214864	-0.0688765	0.997221	0.0283823	-0.0194888	-0.0297894	0.999366
2.63333	0.997449	0.0681066	0.0213615	-0.0687063	0.997223	0.0287255	-0.0193458	-0.0301199	0.999359
2.66667	0.997469	0.0678689	0.0212223	-0.0684592	0.997248	0.0284446	-0.0192334	-0.0298255	0.99937
2.7	0.997447	0.0681159	0.0214296	-0.0687194	0.99722	0.0288167	-0.0194071	-0.0302157	0.999355
2.73333	0.997451	0.0680286	0.0215159	-0.0686397	0.997218	0.0290652	-0.0194787	-0.0304679	0.999346
2.76667	0.997473	0.0678937	0.0209461	-0.0684874	0.997228	0.0290657	-0.0189147	-0.0304268	0.999358
2.8	0.997495	0.0676475	0.020699	-0.068217	0.997273	0.0281661	-0.0187372	-0.0295075	0.999389
2.83333	0.997501	0.0675321	0.0207782	-0.0680897	0.997302	0.0274161	-0.0188707	-0.0287624	0.999408
2.86667	0.997482	0.0677711	0.0209154	-0.0683434	0.997269	0.0279797	-0.0189621	-0.0293387	0.99939
2.9	0.997485	0.0676861	0.0210097	-0.0682665	0.997267	0.0282608	-0.0190394	-0.029624	0.99938
2.93333	0.997482	0.0678328	0.0207045	-0.0684137	0.997242	0.0287666	-0.0186961	-0.0301107	0.999372
2.96667	0.997475	0.0679096	0.0207828	-0.0684953	0.997233	0.0288987	-0.0187628	-0.0302493	0.999366
3	0.997489	0.0677206	0.0207214	-0.0682968	0.997258	0.0284918	-0.0187351	-0.0298355	0.999379
3.03333	0.997534	0.0671242	0.0205169	-0.0676845	0.997315	0.0279598	-0.018585	-0.0292796	0.999398
3.06667	0.997514	0.0674988	0.0202594	-0.068057	0.997281	0.02826	-0.0182968	-0.0295685	0.999395
3.1	0.997531	0.0673048	0.0200536	-0.0678453	0.997314	0.0276127	-0.0181412	-0.028905	0.999418
3.13333	0.997532	0.0672985	0.0200037	-0.0678346	0.997319	0.0274525	-0.0181025	-0.0287417	0.999423
3.16667	0.997524	0.0674987	0.0197611	-0.0680267	0.997307	0.027391	-0.017859	-0.0286675	0.999429
3.2	0.997542	0.0673645	0.0192681	-0.0678695	0.997332	0.0268783	-0.017406	-0.0281199	0.999453
3.23333	0.997545	0.0674352	0.0188627	-0.0679242	0.997335	0.0266124	-0.0170178	-0.0278284	0.999468
3.26667	0.997522	0.0675984	0.0194943	-0.0681244	0.997292	0.0277154	-0.017568	-0.0289748	0.999426
3.3	0.997548	0.06733	0.0190928	-0.0678461	0.997308	0.0278149	-0.0171686	-0.0290421	0.999431
3.33333	0.997553	0.0673793	0.0186689	-0.0678868	0.997299	0.0280303	-0.0167299	-0.029229	0.999433
3.36667	0.997562	0.0672824	0.01852	-0.0677866	0.997304	0.0280954	-0.0165798	-0.0292823	0.999434
3.4	0.997554	0.0673896	0.0185631	-0.067895	0.997297	0.0280922	-0.0166198	-0.0292838	0.999433
3.43333	0.99755	0.0676208	0.0179132	-0.0681047	0.997287	0.0279365	-0.0159755	-0.0290881	0.999449
3.46667	0.997553	0.0676032	0.017825	-0.0680869	0.997284	0.0280897	-0.0158777	-0.0292346	0.999446
3.5	0.99755	0.0676801	0.0177031	-0.0681599	0.99728	0.0280669	-0.0157553	-0.0292048	0.999449
3.53333	0.997547	0.0678009	0.0173832	-0.068269	0.997276	0.0279205	-0.0154428	-0.0290388	0.999459
3.56667	0.997536	0.0679684	0.0173854	-0.0684409	0.997256	0.0282031	-0.0154208	-0.0293235	0.999451
3.6	0.997559	0.0676764	0.0171824	-0.0681351	0.997292	0.0276792	-0.0152626	-0.0287824	0.999469
3.63333	0.997545	0.0679167	0.0170879	-0.0683753	0.997271	0.0278609	-0.015149	-0.0289609	0.999466
3.66667	0.997521	0.068238	0.0171944	-0.0687016	0.997245	0.0279902	-0.015237	-0.0291021	0.99946
3.7	0.997525	0.0682134	0.0170568	-0.0686724	0.997248	0.027948	-0.0151035	-0.0290501	0.999464
3.73333	0.997515	0.068449	0.0167182	-0.0688956	0.997237	0.0277833	-0.0147703	-0.028866	0.999474
3.76667	0.997532	0.0682517	0.0165049	-0.0686854	0.997264	0.0273162	-0.0145953	-0.0283824	0.999491
3.8	0.997575	0.0677238	0.0160647	-0.0681399	0.997312	0.0269471	-0.0141966	-0.0279764	0.999508
3.83333	0.997537	0.0682815	0.0160294	-0.0687077	0.997251	0.0277399	-0.0140912	-0.0287729	0.999487
3.86667	0.997517	0.0685733	0.0160423	-0.0690014	0.997228	0.0278562	-0.0140876	-0.028894	0.999483
3.9	0.997493	0.0689109	0.0160935	-0.0693412	0.997202	0.0279188	-0.0141245	-0.0289648	0.999481
3.93333	0.997505	0.0687661	0.015995	-0.0691901	0.99722	0.0276647	-0.0140481	-0.0287024	0.999489
3.96667	0.997475	0.0692166	0.0159182	-0.0696435	0.997178	0.0280375	-0.0139326	-0.0290753	0.99948
4	0.997437	0.0697173	0.0161183	-0.0701621	0.997117	0.0289052	-0.0140566	-0.029962	0.999452
4.03333	0.997423	0.0698079	0.0165515	-0.0702654	0.99711	0.0288926	-0.0144868	-0.0299811	0.999445
4.06667	0.997441	0.0695081	0.0167263	-0.0699733	0.997126	0.0290547	-0.0146586	-0.0301508	0.999438
4.1	0.997422	0.0696787	0.0171817	-0.0701693	0.997089	0.029822	-0.0150538	-0.0309508	0.999408
4.13333	0.997378	0.0701859	0.0176474	-0.0706974	0.997039	0.0302573	-0.0154715	-0.0314256	0.999386
4.16667	0.99736	0.0703198	0.0181342	-0.0708473	0.997027	0.0302999	-0.0159496	-0.0315046	0.999376
4.2	0.997326	0.0705861	0.0189585	-0.0711373	0.99701	0.0301713	-0.0167722	-0.0314392	0.999365
4.23333	0.997274	0.0710192	0.0199984	-0.0716111	0.996962	0.0306245	-0.0177627	-0.0319731	0.999331
4.26667	0.997226	0.0715052	0.0206512	-0.072111	0.996938	0.0302526	-0.0184247	-0.0316578	0.999329
4.3	0.997171	0.0718466	0.0220968	-0.0724996	0.996907	0.0303245	-0.0198497	-0.0318407	0.999296
4.33333	0.997008	0.0730797	0.025181	-0.073847	0.996787	0.031023	-0.022833	-0.0327897	0.999201
4.36667	0.996788	0.0744431	0.0295154	-0.0754159	0.996595	0.0333424	-0.0269327	-0.0354612	0.999008
4.4	0.996591	0.0752378	0.0338399	-0.0764753	0.996389	0.0368954	-0.0309418	-0.0393575	0.998746
4.43333	0.996376	0.0768379	0.0364848	-0.0783119	0.996092	0.0408522	-0.0332032	-0.0435613	0.998499
4.46667	0.996335	0.0779575	0.0351993	-0.0794574	0.995891	0.0434375	-0.0316684	-0.0460751	0.998436
4.5	0.996355	0.0786565	0.0330103	-0.0801511	0.995688	0.0467014	-0.0291945	-0.049177	0.998363
4.53333	0.996308	0.0797025	0.0318947	-0.0812859	0.99534	0.0518828	-0.0276109	-0.0542838	0.998144
4.56667	0.996324	0.0799268	0.030833	-0.0815643	0.995087	0.0561176	-0.0261962	-0.0584261	0.997948
4.6	0.996351	0.0802299	0.0291193	-0.0818576	0.994846	0.0598413	-0.0241682	-0.0620065	0.997783
4.63333	0.996276	0.0811121	0.0292518	-0.0828617	0.994464	0.0646123	-0.023849	-0.0667955	0.997482
4.66667	0.996148	0.081403	0.0325967	-0.0833973	0.994369	0.0653896	-0.0270902	-0.0678562	0.997327
4.7	0.996042	0.0818497	0.0346513	-0.0837794	0.994767	0.0584807	-0.0296833	-0.0611523	0.997687
4.73333	0.99601	0.0822909	0.0345218	-0.0837763	0.995511	0.0440494	-0.0307419	-0.0467657	0.998433
4.76667	0.996547	0.0747984	0.0360423	-0.0755552	0.996939	0.0201138	-0.0344274	-0.0227676	0.999148
4.8	0.997607	0.0550328	0.0418618	-0.0547274	0.998466	-0.00840911	-0.0422604	0.006098	0.999088
4.83333	0.998382	0.0289752	0.0489181	-0.0268836	0.998718	-0.0428875	-0.0500981	0.041503	0.997882
4.86667	0.998191	0.0012564	0.0601106	0.00345983	0.996925	-0.0782908	-0.0600241	0.0783571	0.995117
4.9	0.996822	-0.023354	0.0761643	0.0312528	0.994063	-0.104224	-0.0732781	0.106273	0.991633
4.93333	0.995113	-0.0429411	0.0889163	0.0539594	0.990628	-0.125477	-0.0826948	0.129662	0.988104
4.96667	0.993473	-0.0588405	0.0977215	0.0720979	0.987775	-0.138211	-0.0883945	0.144354	0.98557
5	0.991535	-0.0725866	0.107655	0.0876367	0.985922	-0.142399	-0.0958034	0.150629	0.983937
5.03333	0.989185	-0.0857741	0.118978	0.102084	0.985078	-0.138562	-0.105317	0.149209	0.983181
5.06667	0.98658	-0.100501	0.128687	0.117384	0.984389	-0.131147	-0.113497	0.144493	0.982975
5.1	0.982827	-0.122803	0.137735	0.139835	0.982671	-0.121668	-0.120407	0.138839	0.982968
5.13333	0.975175	-0.160757	0.152285	0.179303	0.976807	-0.117038	-0.129939	0.141437	0.981382
5.16667	0.968186	-0.179436	0.174407	0.200873	0.97295	-0.114099	-0.149216	0.145503	0.978041
5.2	0.964084	-0.190912	0.184648	0.214058	0.970067	-0.114667	-0.15723	0.150074	0.976093
5.23333	0.961515	-0.201438	0.186845	0.226446	0.966135	-0.123712	-0.155597	0.161261	0.974569
5.26667	0.956658	-0.213191	0.198381	0.243342	0.959426	-0.142427	-0.159968	0.184528	0.969721
5.3	0.949054	-0.236078	0.208718	0.271311	0.949067	-0.160192	-0.160269	0.208659	0.964767
5.33333	0.940706	-0.269296	0.206283	0.307684	0.933413	-0.18458	-0.142841	0.237106	0.960925
5.36667	0.923642	-0.327812	0.198557	0.365148	0.910061	-0.196101	-0.116415	0.25363	0.960271
5.4	0.903631	-0.386815	0.183919	0.419011	0.887361	-0.192406	-0.0887769	0.250928	0.963926
5.43333	0.897105	-0.407299	0.171204	0.435258	0.881263	-0.184191	-0.0758555	0.239756	0.967865
5.46667	0.906274	-0.392362	0.157223	0.414068	0.898834	-0.143684	-0.0849409	0.195318	0.977055
5.5	0.931328	-0.336677	0.138843	0.350809	0.931737	-0.0938015	-0.0977842	0.136067	0.985862
5.53333	0.958908	-0.254711	0.124971	0.262623	0.963535	-0.0512733	-0.107354	0.0819867	0.990835
5.56667	0.976372	-0.175485	0.126109	0.177402	0.98413	-0.00404234	-0.123398	0.0263188	0.992008
5.6	0.985021	-0.105213	0.136613	0.0991036	0.99378	0.0507957	-0.141107	-0.036496	0.989321
5.63333	0.987309	-0.0519241	0.150086	0.0355322	0.993307	0.109906	-0.154788	-0.103178	0.982545
5.66667	0.985732	-0.00472078	0.168257	-0.0230477	0.986406	0.162701	-0.166738	-0.164257	0.972223
5.7	0.980684	0.040167	0.19143	-0.0788499	0.976827	0.198979	-0.179002	-0.21023	0.961125
5.73333	0.972619	0.069262	0.221845	-0.119715	0.967486	0.222798	-0.199201	-0.243255	0.949287
5.76667	0.963321	0.0757328	0.257445	-0.13946	0.960911	0.239166	-0.229269	-0.266297	0.936227
5.8	0.958056	0.0734728	0.277004	-0.144232	0.958858	0.244516	-0.247643	-0.274212	0.929237
5.83333	0.954118	0.0887956	0.285962	-0.166069	0.9516	0.258608	-0.249158	-0.294232	0.922685
5.86667	0.944501	0.133735	0.300055	-0.219772	0.936119	0.274558	-0.244169	-0.325264	0.913556
5.9	0.93068	0.199509	0.306646	-0.287884	0.916618	0.27737	-0.22574	-0.346421	0.910513
5.93333	0.899544	0.295127	0.322058	-0.379331	0.893362	0.240857	-0.216631	-0.338828	0.915569
5.96667	0.874336	0.375845	0.307046	-0.439751	0.881184	0.173593	-0.20532	-0.286802	0.935729
6	0.877149	0.387455	0.283704	-0.437053	0.888893	0.137309	-0.198982	-0.244434	0.94903
6.03333	0.910015	0.33731	0.241029	-0.372162	0.920835	0.116444	-0.18267	-0.195667	0.963507
6.06667	0.947678	0.254261	0.193021	-0.274909	0.957379	0.0886006	-0.162266	-0.137028	0.977186
6.1	0.975155	0.157127	0.156151	-0.165638	0.985249	0.0429941	-0.147092	-0.0677905	0.986797
6.13333	0.986438	0.0836396	0.141226	-0.0815207	0.996456	-0.0207338	-0.14246	0.00893978	0.98976
6.16667	0.989346	0.0420138	0.139392	-0.029589	0.995499	-0.0900401	-0.142548	0.0849563	0.986135
6.2	0.99015	0.00416917	0.139947	0.0163773	0.989246	-0.145343	-0.139048	0.146204	0.979434
6.23333	0.988378	-0.0288523	0.149251	0.0558614	0.982064	-0.180082	-0.141378	0.186327	0.972263
6.26667	0.984549	-0.042645	0.169836	0.07723	0.976215	-0.202584	-0.157157	0.212571	0.964425
6.3	0.979906	-0.0500811	0.193069	0.0925275	0.971648	-0.217576	-0.176699	0.231068	0.956758
6.33333	0.975243	-0.0769626	0.20731	0.126831	0.962632	-0.239276	-0.181148	0.259645	0.948562
6.36667	0.969331	-0.129454	0.208901	0.184016	0.94574	-0.267794	-0.162899	0.298022	0.940557
6.4	0.95665	-0.208312	0.203536	0.259793	0.926246	-0.273085	-0.131638	0.314124	0.940212
6.43333	0.931396	-0.30924	0.192022	0.34986	0.906147	-0.237689	-0.100497	0.288563	0.952172
6.46667	0.928147	-0.325613	0.180331	0.359747	0.909087	-0.210103	-0.0955242	0.25988	0.960905
6.5	0.942833	-0.289632	0.164859	0.318751	0.928104	-0.19241	-0.0972778	0.233959	0.967368
6.53333	0.970761	-0.196153	0.138372	0.218045	0.961626	-0.166529	-0.100397	0.191831	0.976279
6.56667	0.986789	-0.106159	0.122384	0.120977	0.98528	-0.120784	-0.10776	0.133994	0.985106
6.6	0.991868	-0.0312209	0.123382	0.0383742	0.997691	-0.0560318	-0.121348	0.0603108	0.990776
6.63333	0.990989	0.0177718	0.132761	-0.0215365	0.999404	0.0269743	-0.132202	-0.0295904	0.990781
6.66667	0.986736	0.0626085	0.149775	-0.0793209	0.990944	0.108344	-0.141635	-0.118788	0.982766
6.7	0.979534	0.102637	0.173145	-0.131726	0.977308	0.165886	-0.15219	-0.185298	0.970826
6.73333	0.971827	0.113934	0.206326	-0.15774	0.964853	0.210184	-0.175127	-0.236808	0.955642
6.76667	0.96483	0.0974556	0.244143	-0.158357	0.956787	0.243888	-0.209825	-0.273973	0.938569
6.8	0.958167	0.102432	0.26725	-0.178547	0.943714	0.278433	-0.223687	-0.314502	0.922525
6.83333	0.953911	0.132967	0.269024	-0.214396	0.929233	0.300931	-0.209972	-0.344739	0.914913
6.86667	0.946151	0.183189	0.266907	-0.26036	0.920579	0.291113	-0.19238	-0.344928	0.918703
6.9	0.911429	0.297887	0.283831	-0.366492	0.901309	0.230924	-0.18703	-0.314493	0.930653
6.93333	0.89189	0.362818	0.26999	-0.41572	0.892778	0.173562	-0.17807	-0.267039	0.947091
6.96667	0.893835	0.362879	0.263398	-0.411769	0.896807	0.161815	-0.177498	-0.253095	0.951019
7	0.926518	0.302063	0.224328	-0.338892	0.928986	0.148786	-0.163454	-0.213876	0.963089
7.03333	0.961548	0.213891	0.172267	-0.235521	0.964844	0.116644	-0.141261	-0.152731	0.97812
7.06667	0.982822	0.124999	0.135782	-0.135687	0.988095	0.0725086	-0.125102	-0.0896869	0.988082
7.1	0.989926	0.0683158	0.124011	-0.0700621	0.997495	0.00977061	-0.123033	-0.0183606	0.992233
7.13333	0.992205	0.0263417	0.121801	-0.0203565	0.998535	-0.0501256	-0.122943	0.0472555	0.991288
7.16667	0.992341	-0.0111214	0.123028	0.0228243	0.995298	-0.0941284	-0.121403	0.0962155	0.987929
7.2	0.990256	-0.0389676	0.133693	0.057389	0.98893	-0.136833	-0.126881	0.143173	0.981531
7.23333	0.986965	-0.0472252	0.153849	0.0721066	0.984415	-0.160401	-0.143876	0.169403	0.974988
7.26667	0.983445	-0.0532038	0.17322	0.0839798	0.980888	-0.175514	-0.160571	0.187156	0.969118
7.3	0.980905	-0.078769	0.17782	0.115118	0.972092	-0.204416	-0.156756	0.220983	0.962598
7.33333	0.976617	-0.129608	0.171527	0.168898	0.956181	-0.239148	-0.133015	0.262526	0.955713
7.36667	0.964839	-0.205604	0.163743	0.24229	0.937211	-0.250862	-0.101883	0.281715	0.954074
7.4	0.941505	-0.293729	0.165203	0.326265	0.91722	-0.228603	-0.0843798	0.269131	0.9594
7.43333	0.938357	-0.306552	0.159721	0.335828	0.917949	-0.211161	-0.081884	0.251783	0.964313
7.46667	0.954394	-0.264747	0.137988	0.287987	0.938249	-0.19171	-0.0787129	0.222705	0.971703
7.5	0.978839	-0.172846	0.109541	0.187376	0.972219	-0.140285	-0.0822502	0.157842	0.984033
7.53333	0.991511	-0.0826182	0.100405	0.0897141	0.99362	-0.0683362	-0.0941182	0.0767637	0.992597
7.56667	0.993983	-0.0132079	0.108732	0.0121739	0.999874	0.0101678	-0.108852	-0.00878294	0.994019
7.6	0.991782	0.0339179	0.123363	-0.0450836	0.995022	0.0888755	-0.119735	-0.0937067	0.988374
7.63333	0.986478	0.0665805	0.149762	-0.0890007	0.984918	0.148375	-0.137624	-0.159697	0.977526
7.66667	0.979101	0.0871391	0.183762	-0.125662	0.96965	0.209735	-0.159908	-0.228444	0.960335
7.7	0.972363	0.0879432	0.216277	-0.140672	0.960002	0.242091	-0.186336	-0.265824	0.945842
