0	1	0	0	0	1	0	0	0	1
0.0333333	0.973082	0.0525424	0.224388	-0.0766808	0.992003	0.100248	-0.217327	-0.114756	0.96933
0.0666667	0.985561	0.0264845	0.167239	-0.037537	0.99729	0.0632759	-0.16511	-0.0686399	0.983884
0.1	0.986369	0.0199999	0.163328	-0.0272785	0.998726	0.0424436	-0.162272	-0.0463204	0.985658
0.133333	0.986819	0.0135145	0.161261	-0.0187997	0.999333	0.0312935	-0.160731	-0.0339127	0.986416
0.166667	0.987442	0.00365503	0.157941	-0.00770903	0.999656	0.0250628	-0.157795	-0.0259657	0.98713
0.2	0.988179	-0.00535954	0.153209	0.00259126	0.99983	0.0182627	-0.15328	-0.0176498	0.988025
0.233333	0.98905	-0.01073	0.147193	0.00923568	0.999899	0.0108319	-0.147294	-0.00935389	0.989048
0.266667	0.989677	-0.0131094	0.142715	0.0133281	0.999911	-0.000576295	-0.142695	0.00247247	0.989764
0.3	0.989969	-0.0141268	0.140575	0.0158404	0.999813	-0.0110787	-0.140393	0.0131943	0.990008
0.333333	0.990174	-0.0152285	0.139007	0.0178962	0.999679	-0.017961	-0.138689	0.0202722	0.990129
0.366667	0.990132	-0.0171419	0.139084	0.0203578	0.999557	-0.0217327	-0.138649	0.0243497	0.990042
0.4	0.989727	-0.0177271	0.141868	0.0211278	0.999524	-0.0225006	-0.141401	0.0252668	0.98963
0.433333	0.989085	-0.0181152	0.146228	0.0218129	0.999481	-0.0237233	-0.145722	0.026654	0.988966
0.466667	0.98847	-0.019145	0.150202	0.0230022	0.999448	-0.0239849	-0.14966	0.0271633	0.988364
0.5	0.987935	-0.0211859	0.153415	0.0249138	0.999438	-0.0224179	-0.152854	0.0259695	0.987908
0.533333	0.987385	-0.0238653	0.156532	0.0270021	0.999474	-0.0179432	-0.156021	0.0219436	0.98751
0.566667	0.986841	-0.0265031	0.159509	0.0294164	0.99944	-0.0159302	-0.158998	0.0204128	0.987068
0.6	0.986379	-0.0283901	0.162018	0.030733	0.999456	-0.0119726	-0.16159	0.0167888	0.986715
0.633333	0.985934	-0.0310383	0.16423	0.0329618	0.999416	-0.00899932	-0.163855	0.014286	0.986381
0.666667	0.985498	-0.0338672	0.166272	0.0352996	0.999361	-0.0056666	-0.165974	0.0114538	0.986064
0.7	0.985109	-0.036192	0.168079	0.0371549	0.999306	-0.00258658	-0.167869	0.00879301	0.98577
0.733333	0.984654	-0.0378515	0.170366	0.0390084	0.999233	-0.00344693	-0.170105	0.0100397	0.985375
0.766667	0.984314	-0.0389642	0.17207	0.0402403	0.999182	-0.00393324	-0.171776	0.0107957	0.985077
0.8	0.984312	-0.0402586	0.171785	0.0421472	0.999084	-0.00735944	-0.171331	0.0144842	0.985107
0.833333	0.984483	-0.0409755	0.170628	0.0428211	0.999057	-0.00714895	-0.170174	0.0143445	0.98531
0.866667	0.984747	-0.0413892	0.168995	0.0432683	0.999036	-0.00745037	-0.168524	0.0146489	0.985589
0.9	0.984797	-0.0424102	0.168453	0.0447313	0.998949	-0.0100062	-0.167852	0.0173893	0.985659
0.933333	0.984407	-0.0421735	0.170778	0.043346	0.999055	-0.00314111	-0.170484	0.0104947	0.985304
0.966667	0.983908	-0.0422234	0.173613	0.0424955	0.999094	0.002151	-0.173547	0.00526141	0.984812
1	0.98343	-0.0427453	0.176177	0.042265	0.999085	0.00647923	-0.176293	0.00107426	0.984337
1.03333	0.982911	-0.0424417	0.17912	0.0411109	0.999093	0.0111364	-0.17943	-0.00358227	0.983764
1.06667	0.982216	-0.0414738	0.183119	0.0395622	0.999118	0.0140811	-0.183542	-0.00658612	0.98299
1.1	0.981756	-0.0387861	0.18615	0.0365972	0.999215	0.0151817	-0.186592	-0.00809217	0.982404
1.13333	0.981595	-0.0369107	0.187374	0.0348289	0.99929	0.0143918	-0.187772	-0.00760086	0.982183
1.16667	0.981421	-0.034613	0.18872	0.032722	0.999378	0.0131278	-0.189057	-0.00670864	0.981943
1.2	0.981155	-0.0323487	0.190495	0.0305791	0.999458	0.0122228	-0.190787	-0.00616734	0.981612
1.23333	0.980921	-0.0304502	0.192009	0.0290088	0.999526	0.0103142	-0.192232	-0.00454741	0.981339
1.26667	0.980802	-0.0280733	0.192977	0.026436	0.999589	0.0110549	-0.193208	-0.00574112	0.981141
1.3	0.98063	-0.0266331	0.194048	0.0248842	0.999625	0.0114448	-0.19428	-0.00639435	0.980925
1.33333	0.980264	-0.0252783	0.19607	0.0236636	0.999664	0.0105739	-0.196271	-0.00572547	0.980533
1.36667	0.97997	-0.0240103	0.197691	0.0226125	0.999701	0.00932527	-0.197856	-0.00466819	0.98022
1.4	0.979699	-0.0232267	0.199122	0.0222231	0.999727	0.00727376	-0.199236	-0.002701	0.979948
1.43333	0.97924	-0.0226769	0.201433	0.0214927	0.999736	0.00806396	-0.201562	-0.00356721	0.979469
1.46667	0.978686	-0.0229193	0.204079	0.0216242	0.999729	0.00857379	-0.20422	-0.003978	0.978917
1.5	0.97848	-0.0225719	0.205102	0.0207804	0.999725	0.0108843	-0.205291	-0.00638796	0.97868
1.53333	0.978291	-0.0225349	0.206009	0.0208205	0.999728	0.0104861	-0.20619	-0.00596927	0.978494
1.56667	0.977921	-0.0224818	0.207764	0.0209277	0.999734	0.0096753	-0.207926	-0.00511364	0.978131
1.6	0.977497	-0.0236798	0.209617	0.0225718	0.999716	0.00767679	-0.209739	-0.0027726	0.977753
1.63333	0.977221	-0.0244167	0.210817	0.0230803	0.999695	0.00879745	-0.210967	-0.00373133	0.977486
1.66667	0.977095	-0.0251015	0.211316	0.0236668	0.999676	0.00931617	-0.211482	-0.00410161	0.977373
1.7	0.976985	-0.0263404	0.211677	0.0251976	0.99965	0.00809524	-0.211816	-0.00257518	0.977306
1.73333	0.977195	-0.026611	0.210668	0.0250619	0.999636	0.0100198	-0.210858	-0.00451159	0.977506
1.76667	0.977918	-0.027296	0.207199	0.0250751	0.999597	0.013338	-0.207479	-0.00784791	0.978208
1.8	0.979052	-0.0276998	0.201716	0.025083	0.999565	0.0155178	-0.202058	-0.0101331	0.979321
1.83333	0.980384	-0.0275705	0.195157	0.0252569	0.999578	0.0143337	-0.19547	-0.00912344	0.980667
1.86667	0.9821	-0.0267428	0.186452	0.0250832	0.999622	0.011255	-0.186683	-0.00637672	0.9824
1.9	0.983864	-0.0261216	0.177002	0.0263129	0.999653	0.0012669	-0.176974	0.00341098	0.98421
1.93333	0.984265	-0.0275783	0.174532	0.0318828	0.999252	-0.021907	-0.173797	0.0271268	0.984408
1.96667	0.982351	-0.0362252	0.183507	0.0473809	0.997262	-0.056775	-0.180948	0.0644677	0.981378
2	0.977224	-0.0630468	0.20263	0.0828042	0.992444	-0.0905484	-0.19539	0.105265	0.97506
2.03333	0.969267	-0.090881	0.228611	0.116015	0.988302	-0.0989959	-0.21694	0.122476	0.968471
2.06667	0.961796	-0.121395	0.245381	0.148723	0.984205	-0.0960267	-0.229848	0.128852	0.964659
2.1	0.952711	-0.160817	0.257835	0.191038	0.976814	-0.0966358	-0.236316	0.141322	0.961344
2.13333	0.94314	-0.187462	0.27449	0.219827	0.971186	-0.0920507	-0.249325	0.147157	0.957174
2.16667	0.939784	-0.183901	0.288073	0.215506	0.973065	-0.0818596	-0.26526	0.139012	0.954103
2.2	0.941253	-0.159967	0.297411	0.187629	0.979971	-0.0667198	-0.280781	0.118603	0.952416
2.23333	0.940253	-0.125192	0.316626	0.151053	0.9868	-0.0583921	-0.305136	0.102731	0.946752
2.26667	0.93231	-0.105361	0.345973	0.13481	0.988923	-0.0621164	-0.335596	0.104552	0.936186
2.3	0.927974	-0.117575	0.353609	0.152046	0.985803	-0.0712343	-0.340214	0.119868	0.932677
2.33333	0.927722	-0.149966	0.341823	0.180647	0.981742	-0.059568	-0.326649	0.117012	0.937875
2.36667	0.931045	-0.161913	0.327017	0.185906	0.981614	-0.0432718	-0.313998	0.101082	0.944027
2.4	0.93673	-0.160114	0.311289	0.176344	0.984023	-0.0245117	-0.302391	0.0778549	0.949999
2.43333	0.946261	-0.152987	0.28493	0.161509	0.98685	-0.00650916	-0.280187	0.0521781	0.958526
2.46667	0.953149	-0.134459	0.270976	0.138597	0.990341	0.00389881	-0.268883	0.0338404	0.962578
2.5	0.958228	-0.108157	0.264766	0.10892	0.99398	0.0118445	-0.264453	0.0174887	0.96424
2.53333	0.963102	-0.0830574	0.256001	0.0811581	0.996539	0.0179937	-0.256609	0.00344674	0.966509
2.56667	0.966874	-0.0622788	0.24754	0.0595829	0.998054	0.018375	-0.248202	-0.00301721	0.968704
2.6	0.970075	-0.0360825	0.240109	0.0317979	0.999259	0.0216962	-0.240714	-0.013412	0.970503
2.63333	0.973518	0.00327804	0.228585	-0.0107882	0.999442	0.031613	-0.228354	-0.0332419	0.973011
2.66667	0.974704	0.0480356	0.218278	-0.0599145	0.997043	0.0481285	-0.215321	-0.059989	0.974699
2.7	0.970435	0.0735946	0.229868	-0.0901582	0.993971	0.0623912	-0.22389	-0.0812711	0.97122
2.73333	0.964929	0.0891092	0.246923	-0.114401	0.989347	0.0900251	-0.236271	-0.115116	0.964844
2.76667	0.956963	0.113826	0.266957	-0.14946	0.981803	0.117149	-0.248764	-0.152007	0.956562
2.8	0.953987	0.12755	0.271367	-0.157771	0.98313	0.0925445	-0.254985	-0.1311	0.958016
2.83333	0.95436	0.147842	0.259498	-0.164014	0.985577	0.0416909	-0.249592	-0.0823495	0.964843
2.86667	0.959429	0.136495	0.246707	-0.138623	0.990306	-0.00880502	-0.245518	-0.0257516	0.96905
2.9	0.966895	0.103422	0.233275	-0.0922107	0.99402	-0.0584963	-0.23793	0.0350494	0.97065
2.93333	0.968337	0.0940964	0.231234	-0.0866003	0.995341	-0.04238	-0.234144	0.0210132	0.971975
2.96667	0.963484	0.0626743	0.260327	-0.0617696	0.998022	-0.0116634	-0.260543	-0.00484273	0.96545
3	0.964753	0.0256799	0.261901	-0.0307211	0.999413	0.0151713	-0.261358	-0.0226825	0.964976
3.03333	0.969885	-0.0036996	0.243534	0.00325604	0.999992	0.00222386	-0.243541	-0.00136393	0.96989
3.06667	0.970975	-4.67946e-06	0.239181	0.000510195	0.999998	-0.00205161	-0.239181	0.0021141	0.970973
3.1	0.971285	0.0123212	0.237599	-0.0129307	0.999916	0.00100679	-0.237566	-0.00405019	0.971363
3.13333	0.974325	-0.000179907	0.225146	0.00292369	0.999925	-0.0118533	-0.225127	0.0122072	0.974253
3.16667	0.978629	-0.033856	0.202827	0.0423441	0.998393	-0.0376556	-0.201226	0.0454394	0.97849
3.2	0.973912	-0.0836524	0.210945	0.0950822	0.994469	-0.0446179	-0.206046	0.063511	0.976479
3.23333	0.972995	-0.0955688	0.210113	0.105229	0.993823	-0.0352627	-0.205445	0.0564205	0.977041
3.26667	0.974195	-0.0866671	0.208406	0.0922438	0.995588	-0.0171716	-0.205998	0.0359526	0.977892
3.3	0.974354	-0.0592846	0.217071	0.0626794	0.997995	-0.00878165	-0.216115	0.0221623	0.976116
3.33333	0.973957	-0.029304	0.224829	0.0305515	0.999531	-0.00207131	-0.224663	0.00888625	0.974396
3.36667	0.974375	-0.00312636	0.224907	-3.20099e-05	0.999901	0.014038	-0.224928	-0.0136855	0.974279
3.4	0.975267	0.0171394	0.220363	-0.022369	0.999524	0.0212582	-0.219893	-0.0256618	0.975186
3.43333	0.977266	0.0240942	0.210645	-0.0251802	0.99968	0.00247446	-0.210518	-0.00772227	0.97756
3.46667	0.979417	0.0328512	0.199158	-0.03046	0.999423	-0.0150595	-0.199538	0.00868317	0.979852
3.5	0.981503	0.0633746	0.180651	-0.0645022	0.997917	0.000368133	-0.180251	-0.0120137	0.983547
3.53333	0.980424	0.104672	0.166769	-0.107391	0.99419	0.0073402	-0.165031	-0.0251059	0.985969
3.56667	0.973666	0.166349	0.155894	-0.170627	0.985231	0.014376	-0.1512	-0.0405971	0.987669
3.6	0.972589	0.164913	0.163933	-0.170355	0.985188	0.0196103	-0.158271	-0.0469996	0.986277
3.63333	0.979485	0.116519	0.164415	-0.122036	0.99224	0.0238276	-0.160363	-0.0434032	0.986103
3.66667	0.984681	0.0574616	0.164627	-0.0595227	0.998198	0.00760991	-0.163893	-0.0172924	0.986327
3.7	0.984614	0.00806936	0.174557	-0.00444336	0.999766	-0.0211534	-0.174687	0.0200523	0.98442
3.73333	0.981364	-0.0203416	0.191079	0.0281282	0.998877	-0.0381265	-0.190089	0.0427906	0.980834
3.76667	0.981398	-0.0334928	0.189042	0.0389169	0.998928	-0.0250532	-0.188	0.0319441	0.981649
3.8	0.984755	-0.031246	0.171118	0.0286491	0.999434	0.0176251	-0.171572	-0.012454	0.985093
3.83333	0.987564	-0.0403551	0.151951	0.0350985	0.998694	0.0371198	-0.153251	-0.0313249	0.987691
3.86667	0.987881	-0.0674787	0.139775	0.065923	0.997701	0.0157356	-0.140516	-0.00633045	0.990058
3.9	0.987475	-0.0952307	0.125795	0.0992589	0.994718	-0.0261374	-0.122642	0.0382963	0.991712
3.93333	0.985244	-0.128123	0.113484	0.13142	0.991082	-0.0220245	-0.10965	0.0366136	0.993296
3.96667	0.981445	-0.148563	0.12122	0.149685	0.988734	-0.000151234	-0.119832	0.0182932	0.992626
4	0.983499	-0.129865	0.125959	0.128908	0.991531	0.0157587	-0.126939	0.000738373	0.99191
4.03333	0.988598	-0.0795801	0.127829	0.0788101	0.996828	0.0110789	-0.128305	-0.000878342	0.991734
4.06667	0.990005	-0.0302924	0.13774	0.0288609	0.999507	0.0123784	-0.138047	-0.0082794	0.990391
4.1	0.988874	0.00670642	0.148606	-0.00987371	0.999739	0.0205859	-0.148429	-0.0218242	0.988682
4.13333	0.987003	0.0369618	0.156392	-0.0422979	0.998626	0.0309292	-0.155034	-0.0371423	0.987211
4.16667	0.985514	0.05162	0.16155	-0.0584621	0.99757	0.037887	-0.159202	-0.0467827	0.986137
4.2	0.986232	0.0454194	0.159008	-0.0514167	0.998105	0.0338063	-0.157171	-0.0415165	0.986698
4.23333	0.987482	0.0563206	0.147334	-0.0618966	0.997519	0.0335349	-0.14508	-0.0422346	0.988518
4.26667	0.986506	0.0894787	0.137109	-0.0957867	0.994593	0.0401086	-0.132779	-0.0527007	0.989744
4.3	0.985933	0.112345	0.123755	-0.11741	0.992487	0.0344039	-0.11896	-0.04845	0.991716
4.33333	0.984342	0.142809	0.103329	-0.144958	0.989345	0.0135595	-0.100291	-0.0283256	0.994555
4.36667	0.981674	0.161091	0.101815	-0.164116	0.986195	0.0220171	-0.0968623	-0.038323	0.99456
4.4	0.98242	0.142523	0.12057	-0.145493	0.989227	0.0161531	-0.116969	-0.0334113	0.992573
4.43333	0.984809	0.0963914	0.144428	-0.0995223	0.994928	0.0145951	-0.142289	-0.0287472	0.989408
4.46667	0.98553	0.0556878	0.160089	-0.0574027	0.998332	0.00610436	-0.159482	-0.0152056	0.987084
4.5	0.984078	0.0296246	0.175249	-0.0261184	0.999411	-0.0222804	-0.175805	0.0173484	0.984272
4.53333	0.983423	0.0104623	0.181023	-0.00359057	0.999262	-0.0382467	-0.18129	0.0369627	0.982735
