0	-0.185501	0.176351	0.713241	0.998621	0.00935498	-0.0516493	-0.00353664	0.993746	0.111612	0.0523704	-0.111276	0.992409
0.0333333	0.1965	0.931738	-1.94011	0.0804104	0.990687	-0.109875	-0.996579	0.0820185	0.0101886	0.0191054	0.10868	0.993893
0.0666667	0.204252	0.929636	-1.94111	0.0783202	0.993808	-0.0788111	-0.994445	0.0723044	-0.0764925	-0.0703205	0.0843642	0.993951
0.1	0.211091	0.929042	-1.93872	0.0697753	0.996425	-0.0476212	-0.994511	0.0657511	-0.0813961	-0.077974	0.0530392	0.995544
0.133333	0.216511	0.928782	-1.93779	0.0569361	0.997852	-0.0324056	-0.995473	0.0542666	-0.0780245	-0.0760984	0.0367014	0.996425
0.166667	0.220661	0.928658	-1.93763	0.046175	0.998554	-0.027513	-0.996002	0.0439136	-0.0777921	-0.0764715	0.030995	0.99659
0.2	0.223761	0.92888	-1.93761	0.0362518	0.998947	-0.0281105	-0.996206	0.033897	-0.0801482	-0.079111	0.0309094	0.996387
0.233333	0.226004	0.92943	-1.93686	0.0237904	0.999271	-0.0298662	-0.996426	0.0212795	-0.0817465	-0.0810514	0.0317043	0.996206
0.266667	0.227546	0.930036	-1.93549	0.0115333	0.99943	-0.0317345	-0.996563	0.00888494	-0.0823642	-0.0820353	0.0325754	0.996097
0.3	0.228145	0.930592	-1.93326	-0.00231164	0.999464	-0.0326545	-0.996691	-0.00495614	-0.0811372	-0.0812555	0.0323589	0.996168
0.333333	0.227944	0.930843	-1.93032	-0.0186168	0.999319	-0.0318636	-0.996727	-0.0210572	-0.0780512	-0.078669	0.0303062	0.99644
0.366667	0.226804	0.930687	-1.92751	-0.0332789	0.998902	-0.0329883	-0.996498	-0.0356959	-0.0756111	-0.0767056	0.0303565	0.996592
0.4	0.225163	0.930091	-1.92491	-0.0436063	0.998404	-0.0358815	-0.996064	-0.0462223	-0.0756354	-0.0771732	0.0324421	0.99649
0.433333	0.223242	0.929321	-1.92263	-0.0507053	0.997825	-0.0421103	-0.995535	-0.0538605	-0.0775215	-0.079621	0.0379915	0.996101
0.466667	0.221267	0.92836	-1.92038	-0.0546823	0.997208	-0.0508499	-0.994993	-0.0586862	-0.0809013	-0.0836596	0.0461714	0.995424
0.5	0.219307	0.927393	-1.91781	-0.0547233	0.996601	-0.0615778	-0.994512	-0.0599084	-0.0857748	-0.0891723	0.0565459	0.99441
0.533333	0.217248	0.926549	-1.91452	-0.0541773	0.995942	-0.0718604	-0.994021	-0.0606251	-0.0908118	-0.0947998	0.0665109	0.993272
0.566667	0.215221	0.925832	-1.9103	-0.0543072	0.995372	-0.079285	-0.993554	-0.0617787	-0.0950456	-0.0995038	0.0736123	0.992311
0.6	0.213225	0.925171	-1.90516	-0.0540694	0.995063	-0.0832238	-0.993131	-0.0622505	-0.0990723	-0.103764	0.0772954	0.991594
0.633333	0.211097	0.924483	-1.89915	-0.0546377	0.994938	-0.0843372	-0.9927	-0.0632215	-0.102714	-0.107526	0.0781094	0.991129
0.666667	0.20871	0.92382	-1.8923	-0.0544482	0.994952	-0.0842924	-0.992315	-0.0633107	-0.106313	-0.111113	0.077856	0.990753
0.7	0.205689	0.923216	-1.88458	-0.0540681	0.995052	-0.0833545	-0.991947	-0.0630989	-0.10982	-0.114536	0.0767454	0.99045
0.733333	0.202512	0.922598	-1.87614	-0.0514568	0.995445	-0.0802601	-0.991686	-0.0604231	-0.113616	-0.117948	0.0737465	0.990278
0.766667	0.198824	0.922048	-1.8663	-0.0491727	0.996146	-0.072632	-0.991581	-0.0574099	-0.116063	-0.119785	0.0663134	0.990583
0.8	0.194562	0.921491	-1.8555	-0.0461681	0.997011	-0.0619435	-0.991533	-0.0532721	-0.118425	-0.121371	0.0559515	0.991029
0.833333	0.189535	0.921099	-1.84422	-0.0446534	0.997661	-0.0517505	-0.991385	-0.0506385	-0.120799	-0.123137	0.0459106	0.991327
0.866667	0.18371	0.921372	-1.83281	-0.0492727	0.997824	-0.043822	-0.990815	-0.0543644	-0.123819	-0.125931	0.0373186	0.991337
0.9	0.177327	0.922134	-1.82113	-0.0553985	0.997768	-0.0372819	-0.990087	-0.0597221	-0.127125	-0.129068	0.0298698	0.991186
0.933333	0.170693	0.922954	-1.80905	-0.058237	0.997866	-0.02953	-0.989657	-0.0615919	-0.129557	-0.131099	0.0216796	0.991132
0.966667	0.163901	0.923752	-1.79655	-0.0612701	0.997962	-0.0178514	-0.98926	-0.0630943	-0.131849	-0.132707	0.00958122	0.991109
1	0.156615	0.924747	-1.78372	-0.0669777	0.997745	-0.00439758	-0.988591	-0.0669579	-0.134926	-0.134916	-0.00468964	0.990846
1.03333	0.148832	0.925926	-1.77086	-0.0721268	0.997365	0.00773749	-0.988086	-0.0703939	-0.136863	-0.135958	-0.0175168	0.99056
1.06667	0.14073	0.926964	-1.75796	-0.0769534	0.996869	0.0182022	-0.987919	-0.073774	-0.136286	-0.134517	-0.02847	0.990502
1.1	0.132966	0.927699	-1.74532	-0.0812719	0.996324	0.0270892	-0.987866	-0.0769134	-0.134927	-0.132347	-0.0377263	0.990485
1.13333	0.125565	0.928238	-1.73326	-0.0836401	0.995942	0.0332284	-0.988023	-0.0785438	-0.132818	-0.129669	-0.0439393	0.990583
1.16667	0.118755	0.928468	-1.72161	-0.0855534	0.995573	0.038936	-0.98845	-0.0799053	-0.128768	-0.125087	-0.0495029	0.99091
1.2	0.112569	0.92858	-1.71043	-0.0864928	0.995247	0.0447429	-0.989032	-0.0803821	-0.123909	-0.119724	-0.0549694	0.991284
1.23333	0.107521	0.928657	-1.70029	-0.0869664	0.994736	0.0541919	-0.989493	-0.0799451	-0.120468	-0.115502	-0.0640992	0.991237
1.26667	0.103311	0.928765	-1.69066	-0.085127	0.994226	0.0653308	-0.990255	-0.0771689	-0.115934	-0.110223	-0.0745633	0.991106
1.3	0.0991665	0.928979	-1.68063	-0.078339	0.994437	0.070415	-0.991657	-0.0704778	-0.107928	-0.102365	-0.0782825	0.991662
1.33333	0.0954173	0.929329	-1.67079	-0.067872	0.995043	0.0726773	-0.993186	-0.0604686	-0.0996263	-0.0947378	-0.0789439	0.992367
1.36667	0.0920519	0.929793	-1.66137	-0.0563602	0.995756	0.0727558	-0.994447	-0.0495009	-0.0928655	-0.08887	-0.0775857	0.993017
1.4	0.0891441	0.930458	-1.65228	-0.0432886	0.996521	0.0712172	-0.995611	-0.0371092	-0.085913	-0.0829713	-0.0746237	0.993754
1.43333	0.0866055	0.93117	-1.64335	-0.0301534	0.997106	0.0697818	-0.996603	-0.0246387	-0.0785811	-0.0766343	-0.0719142	0.994462
1.46667	0.0844954	0.931675	-1.63488	-0.0182863	0.997408	0.0695854	-0.997309	-0.0132536	-0.0721103	-0.0710012	-0.0707168	0.994966
1.5	0.0828094	0.932031	-1.62668	-0.00733703	0.997566	0.0693402	-0.997807	-0.00274227	-0.0661283	-0.0657772	-0.0696734	0.995399
1.53333	0.081599	0.93229	-1.61895	0.00298769	0.997612	0.0689963	-0.998155	0.0071597	-0.0602994	-0.0606494	-0.0686888	0.995793
1.56667	0.0808407	0.932282	-1.61181	0.0134534	0.997453	0.0700397	-0.998309	0.0173604	-0.0554762	-0.0565509	-0.0691749	0.996
1.6	0.0803652	0.932151	-1.60544	0.0235675	0.997071	0.0727617	-0.998276	0.0273843	-0.051912	-0.0537525	-0.0714128	0.995997
1.63333	0.0801234	0.931943	-1.59932	0.0313389	0.996495	0.0775558	-0.998166	0.035223	-0.0492308	-0.05179	-0.0758707	0.995772
1.66667	0.0798441	0.931829	-1.5936	0.0391432	0.996098	0.0790971	-0.997959	0.0429675	-0.0472398	-0.0504541	-0.0770865	0.995747
1.7	0.0795266	0.931841	-1.58832	0.0472495	0.995835	0.0779732	-0.997627	0.0509592	-0.0462924	-0.050073	-0.0756009	0.99588
1.73333	0.0791393	0.931961	-1.58284	0.0563305	0.99568	0.0738086	-0.997212	0.0597325	-0.0447246	-0.0489402	-0.0710835	0.996269
1.76667	0.0792102	0.932141	-1.57774	0.0625544	0.995394	0.072647	-0.996853	0.0658654	-0.0441094	-0.0486912	-0.0696591	0.996382
1.8	0.079511	0.932275	-1.57241	0.0688465	0.995183	0.0697893	-0.996465	0.0719739	-0.0433322	-0.0481465	-0.0665593	0.99662
1.83333	0.0800056	0.932243	-1.56691	0.0740654	0.995	0.0669994	-0.996132	0.0769998	-0.0423269	-0.0472743	-0.0636053	0.996855
1.86667	0.0806747	0.93198	-1.56118	0.077497	0.994856	0.0652421	-0.995895	0.0803157	-0.0417468	-0.046772	-0.061739	0.996996
1.9	0.0816242	0.931487	-1.55528	0.0804971	0.99468	0.0642751	-0.995666	0.0832548	-0.0414403	-0.0465711	-0.0606607	0.997071
1.93333	0.0828515	0.93081	-1.54898	0.0826791	0.994556	0.0634175	-0.995501	0.0853781	-0.0410961	-0.0462869	-0.0597343	0.997141
1.96667	0.0841757	0.929983	-1.54216	0.083738	0.994565	0.0618711	-0.995411	0.086372	-0.0411969	-0.046317	-0.0581374	0.997234
2	0.0856355	0.929107	-1.53476	0.083532	0.994634	0.061036	-0.995443	0.0861138	-0.0409666	-0.0460028	-0.0573359	0.997295
2.03333	0.0872272	0.928091	-1.52717	0.0833458	0.994785	0.058797	-0.9954	0.0859039	-0.0424077	-0.0472374	-0.0549921	0.997369
2.06667	0.0887299	0.926922	-1.51913	0.0825598	0.99517	0.0531048	-0.995355	0.0849887	-0.0452304	-0.0495252	-0.0491239	0.997564
2.1	0.0903181	0.925621	-1.51027	0.0814157	0.995651	0.0452746	-0.995304	0.0836058	-0.0487868	-0.0523599	-0.0410899	0.997783
2.13333	0.0921287	0.924375	-1.5007	0.0792073	0.996206	0.0360615	-0.99532	0.0810422	-0.0526335	-0.0553563	-0.0317238	0.997963
2.16667	0.0946697	0.923655	-1.4907	0.0810251	0.996311	0.0282793	-0.994953	0.0825347	-0.0570749	-0.0591984	-0.0235121	0.997969
2.2	0.0977181	0.923784	-1.48023	0.0860359	0.996036	0.0225835	-0.994195	0.0873026	-0.0628811	-0.0646034	-0.0170424	0.997765
2.23333	0.101163	0.924261	-1.46936	0.0879167	0.995955	0.0185342	-0.993731	0.08898	-0.0676893	-0.0690647	-0.012467	0.997534
2.26667	0.105051	0.92451	-1.45774	0.0889785	0.995935	0.0140031	-0.993461	0.0897497	-0.0705688	-0.0715387	-0.00763244	0.997409
2.3	0.109473	0.924384	-1.44558	0.0928156	0.995664	0.00614919	-0.992875	0.0930155	-0.074478	-0.074727	0.000807332	0.997204
2.33333	0.114448	0.924277	-1.43256	0.0988972	0.995097	-0.00125266	-0.991984	0.0984881	-0.0791756	-0.0786641	0.00907287	0.99686
2.36667	0.119421	0.92445	-1.41916	0.102696	0.994678	-0.00836253	-0.991411	0.101668	-0.0822637	-0.0809756	0.0167389	0.996576
2.4	0.124465	0.924841	-1.40586	0.10604	0.994237	-0.0157498	-0.990945	0.10435	-0.084494	-0.0823636	0.0245668	0.9963
2.43333	0.129704	0.925087	-1.39261	0.108531	0.993894	-0.0198743	-0.990521	0.106427	-0.0868386	-0.0841933	0.0291106	0.996024
2.46667	0.135292	0.92488	-1.37943	0.111534	0.993532	-0.0213063	-0.990056	0.109243	-0.0886319	-0.0857311	0.0309799	0.995837
2.5	0.141086	0.924174	-1.36651	0.115248	0.993141	-0.0196957	-0.989482	0.113033	-0.0902707	-0.0874253	0.0298921	0.995722
2.53333	0.146782	0.923298	-1.35416	0.118767	0.992806	-0.0151676	-0.988796	0.116869	-0.092863	-0.0904223	0.0260267	0.995563
2.56667	0.15213	0.922398	-1.34264	0.121417	0.992554	-0.00975884	-0.988203	0.119949	-0.0952266	-0.0933469	0.0212059	0.995408
2.6	0.157211	0.921479	-1.33189	0.122684	0.992439	-0.00357963	-0.98787	0.121772	-0.0963555	-0.0951911	0.0153575	0.995341
2.63333	0.16175	0.920567	-1.32187	0.123098	0.992395	0.000102592	-0.987661	0.122521	-0.0975369	-0.0968076	0.0119053	0.995232
2.66667	0.165497	0.919735	-1.31295	0.122479	0.992471	-0.000859778	-0.987533	0.121783	-0.0997336	-0.098878	0.0130643	0.995014
2.7	0.16837	0.919058	-1.30505	0.119507	0.992815	-0.00602653	-0.987784	0.118285	-0.10145	-0.100008	0.0180769	0.994822
2.73333	0.170746	0.918586	-1.29757	0.113558	0.993466	-0.0113805	-0.988445	0.111812	-0.102342	-0.100401	0.0228707	0.994684
2.76667	0.172919	0.918305	-1.29081	0.102697	0.99465	-0.0111343	-0.989429	0.100993	-0.104071	-0.10239	0.0217045	0.994507
2.8	0.174514	0.91831	-1.28383	0.0919269	0.995676	-0.0133368	-0.990359	0.0900257	-0.105284	-0.103628	0.0228866	0.994353
2.83333	0.17577	0.918362	-1.27662	0.0791965	0.996766	-0.0136416	-0.99155	0.0773568	-0.10414	-0.102748	0.0217738	0.994469
2.86667	0.17675	0.91838	-1.26929	0.0647823	0.997806	-0.013629	-0.992857	0.0630776	-0.101276	-0.100194	0.0200925	0.994765
2.9	0.17751	0.918339	-1.26177	0.0496266	0.998686	-0.0127958	-0.99404	0.0481426	-0.097805	-0.0970604	0.0175733	0.995123
2.93333	0.178009	0.918202	-1.2544	0.0352562	0.999306	-0.0119889	-0.994943	0.0339682	-0.0945248	-0.094052	0.0152609	0.99545
2.96667	0.178092	0.917993	-1.24701	0.0206326	0.999731	-0.0105624	-0.995694	0.019592	-0.0906119	-0.0903807	0.0123865	0.99583
3	0.177455	0.917785	-1.23956	0.0074866	0.9999	-0.0119671	-0.996256	0.00642748	-0.0862135	-0.086128	0.0125677	0.996205
3.03333	0.176365	0.917491	-1.23285	-0.00489144	0.999872	-0.015219	-0.996412	-0.0061594	-0.0844155	-0.0844984	0.0147515	0.996314
3.06667	0.17486	0.917086	-1.22674	-0.0160089	0.999672	-0.019999	-0.996244	-0.01765	-0.0847778	-0.085103	0.0185667	0.996199
3.1	0.173206	0.916549	-1.22107	-0.0238327	0.999368	-0.0263875	-0.995784	-0.0260693	-0.0879455	-0.0885777	0.0241803	0.995776
3.13333	0.171403	0.915928	-1.21535	-0.0296705	0.998988	-0.0337989	-0.995158	-0.0326927	-0.0926897	-0.0937009	0.0308851	0.995121
3.16667	0.169602	0.915201	-1.20947	-0.0346557	0.998572	-0.0406594	-0.994406	-0.0385157	-0.0983494	-0.0997749	0.0370236	0.994321
3.2	0.167994	0.914291	-1.20307	-0.0384877	0.99829	-0.0439992	-0.99364	-0.0428972	-0.104116	-0.105826	0.0397121	0.993591
3.23333	0.166191	0.913341	-1.19571	-0.041798	0.998175	-0.0435934	-0.992981	-0.046333	-0.10882	-0.110642	0.0387389	0.993105
3.26667	0.164306	0.912352	-1.18722	-0.0430985	0.998322	-0.0386712	-0.992535	-0.0472047	-0.112455	-0.114092	0.0335359	0.992904
3.3	0.16218	0.911376	-1.17757	-0.0420564	0.998673	-0.0297279	-0.992303	-0.0452198	-0.11528	-0.116472	0.0246508	0.992888
3.33333	0.15971	0.910399	-1.16646	-0.0395714	0.999056	-0.0179349	-0.99223	-0.0414072	-0.117325	-0.117957	0.0131529	0.992932
3.36667	0.15668	0.909697	-1.15494	-0.040308	0.999155	-0.00801838	-0.991912	-0.0409798	-0.120129	-0.120356	0.00311138	0.992726
3.4	0.15328	0.909863	-1.1434	-0.0458725	0.998947	-0.000396694	-0.991178	-0.0455652	-0.124459	-0.124346	-0.00531605	0.992225
3.43333	0.149311	0.910558	-1.13171	-0.0496935	0.998743	0.00648327	-0.99048	-0.0484459	-0.128852	-0.128376	-0.0128246	0.991643
3.46667	0.145061	0.911428	-1.11985	-0.0521342	0.998534	0.0145608	-0.989755	-0.0497242	-0.133836	-0.132915	-0.0213891	0.990897
3.5	0.140517	0.912422	-1.10708	-0.0572485	0.997947	0.0287053	-0.98907	-0.0527791	-0.137678	-0.13588	-0.0362734	0.990061
3.53333	0.13512	0.913507	-1.09403	-0.0628064	0.997149	0.0418273	-0.988316	-0.0563087	-0.141638	-0.138879	-0.0502344	0.989034
3.56667	0.129484	0.91464	-1.08064	-0.0687742	0.996163	0.0541204	-0.987669	-0.0603391	-0.144465	-0.140645	-0.0633885	0.988029
3.6	0.123775	0.915652	-1.06699	-0.0740999	0.99519	0.0640783	-0.987071	-0.0640345	-0.146935	-0.142125	-0.0741378	0.987068
3.63333	0.11799	0.916459	-1.05308	-0.0780897	0.994406	0.0711205	-0.986601	-0.0668319	-0.148837	-0.143251	-0.0817902	0.986301
3.66667	0.112155	0.916966	-1.03879	-0.082403	0.993612	0.0771009	-0.986443	-0.0703019	-0.148286	-0.141918	-0.0882749	0.985934
3.7	0.106253	0.917162	-1.02461	-0.0870644	0.99289	0.0811699	-0.986393	-0.0745141	-0.146549	-0.139459	-0.0928246	0.985868
3.73333	0.100306	0.917231	-1.01092	-0.0896774	0.992566	0.08229	-0.986236	-0.0769733	-0.146337	-0.138915	-0.0942804	0.985806
3.76667	0.0945546	0.917485	-0.998036	-0.090822	0.992501	0.0818121	-0.986273	-0.0782668	-0.145398	-0.137904	-0.0938943	0.985985
3.8	0.0891212	0.917797	-0.985683	-0.0916141	0.992546	0.0803732	-0.986555	-0.0794983	-0.142791	-0.135337	-0.0923743	0.986484
3.83333	0.0846175	0.917911	-0.975007	-0.0936895	0.992023	0.0843336	-0.986606	-0.0811483	-0.141505	-0.133533	-0.0964616	0.986339
3.86667	0.0809503	0.917749	-0.965006	-0.0937457	0.991634	0.0887322	-0.986829	-0.0807486	-0.140173	-0.131835	-0.100704	0.986143
3.9	0.0776981	0.917586	-0.955408	-0.0900686	0.991825	0.0903908	-0.987503	-0.0771517	-0.137426	-0.129329	-0.101639	0.986379
3.93333	0.0754373	0.917548	-0.946778	-0.0812911	0.99253	0.0909744	-0.988572	-0.0686662	-0.134202	-0.126952	-0.100844	0.986769
3.96667	0.0735336	0.917635	-0.938031	-0.0723182	0.993164	0.0916296	-0.989695	-0.0600738	-0.129978	-0.123585	-0.100085	0.987274
4	0.0721823	0.917991	-0.92942	-0.0615927	0.993965	0.0907733	-0.990793	-0.0499031	-0.125849	-0.12056	-0.097689	0.987888
4.03333	0.0710113	0.918546	-0.920712	-0.0498868	0.994812	0.0886541	-0.991879	-0.0389502	-0.121072	-0.116991	-0.0939741	0.988677
4.06667	0.0701613	0.919092	-0.912042	-0.0376534	0.995527	0.0866462	-0.992898	-0.0274794	-0.115752	-0.112853	-0.0903893	0.989492
4.1	0.069708	0.919337	-0.903461	-0.0253546	0.996021	0.0854403	-0.993749	-0.0158172	-0.110509	-0.108718	-0.0877081	0.990196
4.13333	0.0696797	0.919299	-0.894985	-0.0140941	0.996257	0.0852864	-0.994494	-0.00510852	-0.104672	-0.103844	-0.086292	0.990843
4.16667	0.0700532	0.919107	-0.887053	-0.00344244	0.996297	0.0859126	-0.994972	0.00518679	-0.100017	-0.100092	-0.0858249	0.99127
4.2	0.070735	0.918932	-0.879211	0.00762201	0.996197	0.0867951	-0.995328	0.0159122	-0.0952274	-0.0962463	-0.0856638	0.991664
4.23333	0.0717035	0.918805	-0.871471	0.0172754	0.995745	0.0905149	-0.995612	0.0254585	-0.0900459	-0.0919671	-0.0885622	0.991816
4.26667	0.0731065	0.918538	-0.864421	0.0267365	0.995111	0.095075	-0.995587	0.0350657	-0.0870444	-0.0899527	-0.0923281	0.991657
4.3	0.0745139	0.918292	-0.857194	0.0370749	0.994615	0.0967796	-0.995429	0.0452867	-0.0840813	-0.0880113	-0.09322	0.991748
4.33333	0.0760551	0.917963	-0.850073	0.0467811	0.994017	0.0986965	-0.995111	0.0549791	-0.082048	-0.0869833	-0.0943757	0.991729
4.36667	0.0775231	0.917488	-0.842398	0.0592112	0.993678	0.0953866	-0.994544	0.0669424	-0.080001	-0.0858806	-0.0901293	0.99222
4.4	0.0794771	0.916837	-0.835026	0.0673125	0.992966	0.0974014	-0.994037	0.0751367	-0.0790247	-0.0857872	-0.0915013	0.992103
4.43333	0.0814865	0.91606	-0.827247	0.0737489	0.992394	0.0985674	-0.993562	0.0816372	-0.0785462	-0.0859955	-0.0921402	0.992026
4.46667	0.0837062	0.915294	-0.818935	0.0786612	0.991992	0.098817	-0.993186	0.0865318	-0.0780604	-0.085986	-0.0920034	0.992039
4.5	0.0861137	0.914501	-0.810176	0.0817661	0.991902	0.0971792	-0.992938	0.0894824	-0.0778884	-0.0859535	-0.0901243	0.992214
4.53333	0.0886894	0.913666	-0.80079	0.0831974	0.99214	0.0934724	-0.992786	0.0906457	-0.0784824	-0.0863384	-0.0862686	0.992524
4.56667	0.0914629	0.912778	-0.79074	0.0822604	0.992815	0.0868992	-0.992749	0.089298	-0.0804669	-0.0876487	-0.0796498	0.992962
4.6	0.0946501	0.911841	-0.779616	0.0804516	0.993727	0.0776748	-0.992727	0.0868843	-0.0833326	-0.0895586	-0.0704056	0.99349
4.63333	0.0981383	0.910634	-0.767119	0.0785222	0.994773	0.0652705	-0.992729	0.0840167	-0.0861988	-0.0912321	-0.0580274	0.994138
4.66667	0.102187	0.909145	-0.753461	0.0773174	0.995659	0.051817	-0.992724	0.081693	-0.0884562	-0.0923053	-0.0446008	0.994731
4.7	0.107173	0.908423	-0.73989	0.0849469	0.995507	0.0418314	-0.99178	0.0885118	-0.0924066	-0.095694	-0.0336379	0.994842
4.73333	0.112234	0.90872	-0.726047	0.0925004	0.995111	0.0346154	-0.990573	0.095495	-0.0982121	-0.101038	-0.0252044	0.994563
4.76667	0.11766	0.909723	-0.712387	0.0973101	0.994828	0.0291268	-0.989716	0.0998102	-0.102472	-0.104849	-0.0188557	0.994309
4.8	0.123427	0.910763	-0.698134	0.101925	0.994578	0.0206511	-0.989122	0.103536	-0.104489	-0.10606	-0.00977643	0.994312
4.83333	0.129645	0.911539	-0.683013	0.107705	0.994131	0.0101288	-0.988364	0.10817	-0.106936	-0.107404	0.00150655	0.994214
4.86667	0.136268	0.912043	-0.667708	0.112771	0.993621	-0.0005261	-0.98761	0.112031	-0.109888	-0.109128	0.0129118	0.993944
4.9	0.142774	0.912322	-0.652534	0.11579	0.993241	-0.0080798	-0.987177	0.114175	-0.111563	-0.109887	0.0208941	0.993724
4.93333	0.149038	0.912265	-0.637978	0.118816	0.992836	-0.0125941	-0.986774	0.116662	-0.112551	-0.110276	0.0258004	0.993566
4.96667	0.154787	0.911756	-0.624159	0.121994	0.992411	-0.015407	-0.986505	0.119531	-0.111892	-0.109201	0.0288492	0.993601
5	0.160015	0.910901	-0.611032	0.126435	0.991841	-0.016305	-0.98608	0.123877	-0.110911	-0.107987	0.030101	0.993697
5.03333	0.16461	0.910029	-0.598678	0.129766	0.991388	-0.0176042	-0.98574	0.127067	-0.110324	-0.107137	0.0316695	0.99374
5.06667	0.168879	0.909245	-0.588	0.128307	0.991597	-0.0165336	-0.985811	0.125704	-0.111246	-0.108233	0.0305727	0.993655
5.1	0.172484	0.90873	-0.577823	0.125425	0.991931	-0.0184536	-0.986216	0.122636	-0.111083	-0.107923	0.0321317	0.99364
5.13333	0.175429	0.908333	-0.568576	0.121792	0.992302	-0.0224345	-0.986597	0.118557	-0.112122	-0.108599	0.0357894	0.993441
5.16667	0.17783	0.908121	-0.559673	0.115297	0.993027	-0.0245762	-0.987308	0.111842	-0.112755	-0.10922	0.0372646	0.993319
5.2	0.179776	0.908167	-0.550948	0.105784	0.994102	-0.023895	-0.988406	0.102486	-0.112026	-0.108917	0.0354686	0.993418
5.23333	0.18144	0.908309	-0.542389	0.0935808	0.995395	-0.0207906	-0.989782	0.090756	-0.10998	-0.107587	0.0308702	0.993716
5.26667	0.182681	0.908376	-0.534026	0.0803919	0.996628	-0.0164174	-0.991183	0.0781905	-0.106971	-0.105327	0.0248722	0.994127
5.3	0.1835	0.908276	-0.526	0.0655748	0.997766	-0.0127555	-0.992568	0.0639093	-0.103561	-0.102515	0.0194517	0.994541
5.33333	0.183858	0.908069	-0.518127	0.0505537	0.998658	-0.0112703	-0.993795	0.0491816	-0.0997656	-0.0990774	0.0162439	0.994947
5.36667	0.183737	0.907804	-0.510154	0.035379	0.999302	-0.0120213	-0.994825	0.0340691	-0.0957186	-0.0952422	0.0153455	0.995336
5.4	0.182946	0.907492	-0.502537	0.0205878	0.999694	-0.0137224	-0.995591	0.0192431	-0.0918067	-0.0915145	0.015552	0.995682
5.43333	0.18155	0.907166	-0.495195	0.00658695	0.999831	-0.0171483	-0.996078	0.00504721	-0.0883328	-0.0882313	0.0176629	0.995943
5.46667	0.179622	0.906758	-0.488146	-0.00608357	0.999745	-0.021743	-0.996215	-0.00794472	-0.0865634	-0.0867141	0.0211341	0.996009
5.5	0.177496	0.906117	-0.481461	-0.0161139	0.999484	-0.0277781	-0.996028	-0.018479	-0.0871039	-0.0875723	0.0262641	0.995812
5.53333	0.175448	0.905224	-0.474675	-0.0242795	0.999187	-0.032193	-0.995659	-0.0270631	-0.0890568	-0.0898556	0.0298909	0.995506
5.56667	0.173344	0.904101	-0.467994	-0.0286658	0.998819	-0.0392412	-0.995087	-0.0322362	-0.0936044	-0.0947588	0.0363652	0.994836
5.6	0.171172	0.902992	-0.460381	-0.0308809	0.998455	-0.0461913	-0.994577	-0.0352869	-0.0978329	-0.0993117	0.0429196	0.99413
5.63333	0.169296	0.901944	-0.45195	-0.0344021	0.998346	-0.0460656	-0.994033	-0.0389546	-0.101884	-0.10351	0.0422857	0.993729
5.66667	0.1674	0.900891	-0.441891	-0.0381388	0.998449	-0.0405621	-0.993697	-0.0421768	-0.103865	-0.105415	0.0363451	0.993764
5.7	0.165467	0.89975	-0.430281	-0.0398566	0.998768	-0.0295604	-0.993554	-0.0427557	-0.104984	-0.106119	0.0251855	0.994034
5.73333	0.162951	0.898577	-0.417637	-0.0406151	0.999027	-0.0171809	-0.99345	-0.0422145	-0.106187	-0.106809	0.0127556	0.994198
5.76667	0.159613	0.898239	-0.405377	-0.0468062	0.998843	-0.0109953	-0.992853	-0.0477295	-0.109381	-0.109779	0.00579697	0.993939
5.8	0.155741	0.899085	-0.392832	-0.0554226	0.998444	-0.00617012	-0.991898	-0.0557646	-0.114139	-0.114306	-0.000205764	0.993446
5.83333	0.151188	0.90044	-0.380093	-0.0619964	0.998075	-0.00163397	-0.991132	-0.0617577	-0.117654	-0.117528	-0.00567463	0.993053
5.86667	0.146599	0.901742	-0.36711	-0.0655355	0.997823	0.0074246	-0.990559	-0.064157	-0.121148	-0.120408	-0.015294	0.992607
5.9	0.141647	0.902931	-0.353732	-0.0681758	0.997479	0.0197127	-0.990046	-0.0652028	-0.124729	-0.123129	-0.02802	0.991995
5.93333	0.136261	0.904126	-0.340082	-0.0725377	0.996853	0.0319665	-0.989517	-0.067917	-0.127449	-0.124877	-0.0408763	0.99133
5.96667	0.130683	0.905333	-0.326179	-0.0775401	0.99604	0.0434958	-0.98917	-0.0714057	-0.128231	-0.124617	-0.0529678	0.99079
6	0.125188	0.906481	-0.312031	-0.0815849	0.995228	0.0535258	-0.988863	-0.0741223	-0.129055	-0.124471	-0.0634586	0.990192
6.03333	0.119891	0.907586	-0.297807	-0.0840573	0.994558	0.0615582	-0.988729	-0.0755647	-0.12925	-0.123895	-0.0717287	0.989699
6.06667	0.114676	0.908643	-0.283705	-0.0863393	0.993844	0.069425	-0.98885	-0.077002	-0.127458	-0.121328	-0.0796555	0.989411
6.1	0.109569	0.909542	-0.269945	-0.0878698	0.993097	0.0776994	-0.989125	-0.0777503	-0.124848	-0.117945	-0.0878247	0.989129
6.13333	0.104571	0.910169	-0.257311	-0.0878013	0.992572	0.0842145	-0.989485	-0.0771478	-0.122346	-0.11494	-0.0940711	0.988908
6.16667	0.100001	0.910566	-0.245159	-0.0884404	0.991931	0.090831	-0.989981	-0.0774553	-0.118064	-0.110076	-0.100363	0.988843
6.2	0.0961989	0.91075	-0.234291	-0.0893417	0.991008	0.0996024	-0.990356	-0.0777582	-0.114667	-0.105891	-0.108886	0.988398
6.23333	0.0931646	0.910796	-0.224348	-0.0884705	0.990194	0.108115	-0.990798	-0.0763196	-0.111781	-0.102434	-0.117009	0.987834
6.26667	0.0908327	0.910765	-0.215191	-0.0852277	0.989572	0.116115	-0.991371	-0.0725736	-0.109163	-0.0995976	-0.124417	0.987219
6.3	0.0888184	0.910883	-0.206287	-0.0809291	0.98918	0.122369	-0.992076	-0.0681051	-0.105579	-0.0961029	-0.129944	0.986853
6.33333	0.0867905	0.911214	-0.197702	-0.0716885	0.98987	0.122547	-0.993049	-0.0593348	-0.101647	-0.0933461	-0.128982	0.987244
6.36667	0.0848508	0.911534	-0.189579	-0.0608798	0.991025	0.119006	-0.99392	-0.0492314	-0.0984828	-0.0917401	-0.124278	0.987997
6.4	0.0831746	0.911669	-0.181418	-0.0495363	0.992021	0.11593	-0.994791	-0.0386517	-0.0943238	-0.0890904	-0.119999	0.988769
6.43333	0.081766	0.911637	-0.173312	-0.0401914	0.992623	0.114386	-0.995533	-0.0299925	-0.0895266	-0.0854354	-0.117473	0.989394
6.46667	0.0807639	0.911603	-0.165515	-0.0317899	0.992962	0.114084	-0.996139	-0.0221306	-0.0849573	-0.0818347	-0.116344	0.989832
6.5	0.0801375	0.911691	-0.1579	-0.0224575	0.993133	0.114812	-0.99674	-0.01334	-0.0795716	-0.0774936	-0.116225	0.990195
6.53333	0.0798487	0.911914	-0.150651	-0.0121712	0.993051	0.117055	-0.997228	-0.00346105	-0.074328	-0.0734063	-0.117636	0.99034
6.56667	0.0800129	0.912253	-0.143582	-0.00195089	0.99249	0.122312	-0.997599	0.00653543	-0.0689431	-0.0692247	-0.122153	0.990094
6.6	0.0803159	0.912524	-0.13726	0.00915125	0.991937	0.126401	-0.997703	0.0175413	-0.065424	-0.0671137	-0.125512	0.989819
6.63333	0.080757	0.912792	-0.130941	0.0186945	0.99127	0.130512	-0.997731	0.0269392	-0.0616954	-0.0646727	-0.129062	0.989525
6.66667	0.0811889	0.91305	-0.124378	0.0284877	0.990838	0.13202	-0.997688	0.0363378	-0.0574387	-0.0617097	-0.130079	0.989581
6.7	0.0818732	0.913255	-0.117789	0.037926	0.990431	0.132698	-0.997571	0.0452899	-0.0529221	-0.0584255	-0.130368	0.989743
6.73333	0.082767	0.913404	-0.110983	0.0468142	0.99017	0.131803	-0.997382	0.0536144	-0.0485249	-0.0551144	-0.129186	0.990088
6.76667	0.0839269	0.913489	-0.103936	0.0544484	0.989851	0.131264	-0.997191	0.0606749	-0.0439086	-0.0514274	-0.128505	0.990375
6.8	0.0851711	0.913477	-0.0970067	0.0625103	0.989698	0.128806	-0.996893	0.0681134	-0.0395604	-0.0479262	-0.125933	0.99088
6.83333	0.0865493	0.913322	-0.0900571	0.0680942	0.989625	0.12651	-0.996669	0.0731794	-0.0359875	-0.044872	-0.123638	0.991312
6.86667	0.0879314	0.913077	-0.082773	0.0734946	0.989862	0.121542	-0.996412	0.0780111	-0.0328219	-0.0419708	-0.118694	0.992043
6.9	0.0896583	0.91276	-0.0753683	0.0777797	0.990094	0.116891	-0.996157	0.0819163	-0.0310041	-0.0402723	-0.11403	0.992661
6.93333	0.0916127	0.912413	-0.0679555	0.0808083	0.990475	0.111488	-0.995931	0.0847147	-0.030751	-0.0399028	-0.108549	0.99329
6.96667	0.0938896	0.912084	-0.0601874	0.0843646	0.99082	0.105632	-0.995636	0.0880659	-0.0308708	-0.03989	-0.102566	0.993926
7	0.0963988	0.911689	-0.0518638	0.087638	0.991152	0.0996906	-0.995329	0.091195	-0.031693	-0.0405038	-0.0964474	0.994514
7.03333	0.0991855	0.911142	-0.0430561	0.0888688	0.991566	0.0943397	-0.995149	0.0924032	-0.033774	-0.0422064	-0.0908806	0.994967
7.06667	0.102099	0.910419	-0.0334659	0.0882225	0.992321	0.0866977	-0.995136	0.0916327	-0.036168	-0.0438346	-0.0830851	0.995578
7.1	0.105161	0.909465	-0.0228486	0.0858557	0.993359	0.0766008	-0.995306	0.0889621	-0.0381009	-0.0446624	-0.07297	0.996334
7.13333	0.108594	0.908234	-0.0111537	0.0826594	0.994489	0.0644862	-0.995546	0.085345	-0.040061	-0.0453439	-0.0608876	0.997114
7.16667	0.112886	0.906961	0.00142952	0.0823575	0.995208	0.0527164	-0.995489	0.0846506	-0.0428507	-0.0471079	-0.0489495	0.99769
7.2	0.117988	0.90663	0.0140334	0.0898704	0.994923	0.0453003	-0.994592	0.0920322	-0.0481364	-0.0520611	-0.0407293	0.997813
7.23333	0.123281	0.906979	0.0265839	0.0925414	0.994847	0.0414267	-0.994076	0.0946912	-0.053348	-0.0569958	-0.0362444	0.997716
7.26667	0.129077	0.907475	0.0390548	0.093985	0.994814	0.0388734	-0.993817	0.0960659	-0.0556643	-0.05911	-0.0334015	0.997693
7.3	0.135299	0.90774	0.0523532	0.0973241	0.994657	0.0344263	-0.99332	0.0992314	-0.0588859	-0.0619875	-0.0284653	0.997671
7.33333	0.14214	0.90794	0.0662965	0.101966	0.994381	0.0284513	-0.992486	0.103633	-0.0650498	-0.0676328	-0.0216047	0.997476
7.36667	0.149145	0.908137	0.0802193	0.105745	0.994155	0.0217891	-0.991655	0.107054	-0.0718351	-0.0737478	-0.014011	0.997178
7.4	0.156153	0.908197	0.0940494	0.108599	0.993955	0.0160918	-0.99101	0.109522	-0.0768408	-0.0781388	-0.00760225	0.996914
7.43333	0.162934	0.907862	0.107843	0.110511	0.993786	0.0133039	-0.990432	0.111231	-0.0816852	-0.0826574	-0.00414951	0.996569
7.46667	0.16954	0.907133	0.12131	0.112121	0.993603	0.0134565	-0.989856	0.112867	-0.086292	-0.0872588	-0.00364486	0.996179
7.5	0.176013	0.906092	0.134362	0.114117	0.993348	0.0154118	-0.9892	0.11505	-0.0908171	-0.0919861	-0.00488151	0.995748
7.53333	0.182402	0.904934	0.146652	0.116198	0.99308	0.0170214	-0.988461	0.117301	-0.0958371	-0.0971705	-0.0056889	0.995251
7.56667	0.188618	0.903892	0.158315	0.115708	0.9931	0.019066	-0.988062	0.117045	-0.100168	-0.101709	-0.00724813	0.994788
7.6	0.194555	0.902965	0.168918	0.114024	0.993271	0.0202783	-0.98781	0.115527	-0.104334	-0.105975	-0.00813452	0.994336
7.63333	0.200029	0.902057	0.178463	0.111887	0.9935	0.0209412	-0.987572	0.113511	-0.108704	-0.110374	-0.00851844	0.993854
7.66667	0.204571	0.901149	0.186469	0.110417	0.993748	0.0165454	-0.987104	0.111589	-0.114773	-0.115902	-0.00365917	0.993254
7.7	0.208495	0.900505	0.193648	0.108526	0.994017	0.0123762	-0.986639	0.109226	-0.120887	-0.121515	0.000908503	0.992589
7.73333	0.211778	0.900166	0.200288	0.103883	0.994551	0.00874051	-0.98653	0.104154	-0.126136	-0.126359	0.00448069	0.991974
7.76667	0.214437	0.899983	0.20662	0.0953708	0.995416	0.00721597	-0.986921	0.0954984	-0.129876	-0.12997	0.00526482	0.991504
7.8	0.216572	0.899987	0.212729	0.0853633	0.99633	0.00627866	-0.987387	0.085437	-0.133298	-0.133345	0.00517929	0.991056
7.83333	0.218241	0.900223	0.218857	0.0753386	0.997142	0.00564625	-0.987809	0.0754046	-0.136191	-0.136227	0.00468301	0.990667
7.86667	0.21955	0.900712	0.22496	0.0646065	0.997887	0.00688767	-0.988346	0.0649391	-0.13768	-0.137837	0.00208765	0.990453
7.9	0.220476	0.901242	0.230993	0.0532725	0.998536	0.00935113	-0.988735	0.0540567	-0.139575	-0.139877	-0.00181025	0.990167
7.93333	0.221029	0.901728	0.2371	0.04088	0.999061	0.014334	-0.989155	0.0424918	-0.140595	-0.141072	-0.00843104	0.989963
7.96667	0.221102	0.902101	0.243263	0.028524	0.999373	0.0209735	-0.989525	0.0312009	-0.140946	-0.141512	-0.0167335	0.989795
8	0.22063	0.902357	0.249656	0.0159494	0.999516	0.0266988	-0.98979	0.0195655	-0.141184	-0.141639	-0.0241744	0.989623
8.03333	0.21971	0.902388	0.256318	0.00252745	0.999487	0.031942	-0.99001	0.00700405	-0.140826	-0.140977	-0.0312669	0.989519
8.06667	0.218412	0.901955	0.263232	-0.0105463	0.999356	0.034297	-0.990209	-0.00566291	-0.139481	-0.139197	-0.0354322	0.989631
8.1	0.216777	0.901082	0.270363	-0.0217392	0.999086	0.0367972	-0.990154	-0.016425	-0.139012	-0.138281	-0.0394569	0.989607
8.13333	0.214612	0.900054	0.276967	-0.0264106	0.999105	0.0330339	-0.989581	-0.0214516	-0.14237	-0.141534	-0.0364498	0.989262
8.16667	0.212163	0.899257	0.283973	-0.0288437	0.999204	0.027569	-0.988914	-0.0245058	-0.146456	-0.145664	-0.0314877	0.988833
8.2	0.209696	0.898657	0.291351	-0.0306595	0.999302	0.0213536	-0.988303	-0.0271151	-0.150076	-0.149392	-0.0257051	0.988444
8.23333	0.207379	0.898141	0.299395	-0.0334475	0.999296	0.0169909	-0.987702	-0.030452	-0.153353	-0.152728	-0.0219113	0.988025
8.26667	0.205404	0.897582	0.308437	-0.036101	0.999211	0.0165263	-0.987157	-0.0330805	-0.156293	-0.155623	-0.0219564	0.987573
8.3	0.203599	0.896966	0.318911	-0.0379996	0.999064	0.0206907	-0.986615	-0.0342243	-0.159434	-0.158576	-0.0264722	0.986992
8.33333	0.20221	0.896137	0.330792	-0.0388792	0.998831	0.0287274	-0.98645	-0.0337799	-0.160545	-0.159387	-0.03458	0.98661
8.36667	0.20092	0.89498	0.344492	-0.0391412	0.998391	0.0410219	-0.986622	-0.0321126	-0.159832	-0.158258	-0.0467291	0.986291
8.4	0.199736	0.893488	0.360439	-0.0368726	0.997762	0.0557783	-0.987111	-0.0276672	-0.157626	-0.15573	-0.0608714	0.985922
8.43333	0.197835	0.892827	0.376075	-0.0406702	0.996693	0.0703496	-0.986943	-0.0290907	-0.158419	-0.155849	-0.075874	0.984863
8.46667	0.195515	0.893699	0.391897	-0.0489175	0.995406	0.0823068	-0.986316	-0.0351523	-0.161072	-0.157439	-0.0890598	0.983505
8.5	0.192604	0.89543	0.407828	-0.0543679	0.994351	0.0911561	-0.986213	-0.0391838	-0.160777	-0.156297	-0.0986404	0.982772
8.53333	0.189389	0.89707	0.424467	-0.055845	0.99341	0.100086	-0.986502	-0.0394451	-0.158925	-0.15393	-0.10761	0.982205
8.56667	0.185751	0.898535	0.441643	-0.0612475	0.992205	0.108528	-0.986392	-0.0435478	-0.158537	-0.152575	-0.116761	0.98137
8.6	0.181864	0.900051	0.458354	-0.0675535	0.991174	0.114067	-0.985986	-0.0488418	-0.159521	-0.152541	-0.123245	0.980582
8.63333	0.178051	0.901469	0.474427	-0.0727922	0.990254	0.118739	-0.985957	-0.0535073	-0.158197	-0.150302	-0.128587	0.980242
8.66667	0.174085	0.902206	0.489555	-0.0756738	0.9903	0.11653	-0.986153	-0.0570332	-0.155719	-0.147563	-0.1267	0.980904
8.7	0.170585	0.902183	0.504745	-0.0807761	0.990129	0.11454	-0.986566	-0.0630515	-0.150706	-0.141996	-0.125175	0.981921
8.73333	0.167621	0.901613	0.518916	-0.0838862	0.99018	0.111836	-0.987022	-0.0671433	-0.145871	-0.13693	-0.122622	0.982962
8.76667	0.165375	0.900963	0.531941	-0.0861136	0.990036	0.111417	-0.987459	-0.0699623	-0.141528	-0.132322	-0.122207	0.983644
8.8	0.163614	0.900474	0.543119	-0.0879009	0.989136	0.117829	-0.987814	-0.071303	-0.138348	-0.128443	-0.128554	0.98335
8.83333	0.162137	0.900235	0.553525	-0.0870556	0.988464	0.123937	-0.988539	-0.0703119	-0.133593	-0.123338	-0.134146	0.983256
8.86667	0.160989	0.900158	0.563232	-0.0840179	0.98785	0.13074	-0.989278	-0.066962	-0.129789	-0.119458	-0.140243	0.982884
8.9	0.16012	0.900307	0.572591	-0.078124	0.987483	0.137016	-0.990177	-0.0608714	-0.125877	-0.115961	-0.145504	0.982538
8.93333	0.15919	0.900686	0.581907	-0.0691434	0.98772	0.140101	-0.991207	-0.0521374	-0.121614	-0.112816	-0.147278	0.98264
8.96667	0.158106	0.901223	0.591529	-0.0589021	0.988399	0.139989	-0.992407	-0.04281	-0.115306	-0.107975	-0.145718	0.983416
9	0.157346	0.901731	0.600994	-0.0478205	0.989068	0.13949	-0.993547	-0.0327207	-0.108602	-0.102851	-0.143784	0.98425
9.03333	0.156965	0.902243	0.610455	-0.036326	0.989503	0.139871	-0.994566	-0.022132	-0.101729	-0.0975655	-0.142806	0.98493
9.06667	0.156838	0.902775	0.619886	-0.0245006	0.989968	0.139153	-0.995494	-0.0114056	-0.094134	-0.0916025	-0.140832	0.985787
9.1	0.157016	0.903342	0.62938	-0.0115847	0.990518	0.136893	-0.996336	0.000166295	-0.0855195	-0.0847314	-0.137382	0.986887
9.13333	0.157556	0.903869	0.638718	0.00132234	0.991005	0.133819	-0.996995	0.0116719	-0.0765852	-0.0774582	-0.133316	0.988042
9.16667	0.15855	0.904323	0.647646	0.0138549	0.991272	0.131103	-0.997384	0.0230039	-0.0685299	-0.0709476	-0.12981	0.988997
9.2	0.159851	0.904682	0.656229	0.0251531	0.991372	0.128639	-0.997588	0.0332192	-0.060947	-0.0646944	-0.126796	0.989817
9.23333	0.161356	0.904939	0.664517	0.0354543	0.991348	0.126381	-0.997625	0.0425803	-0.0541364	-0.0590493	-0.124162	0.990503
9.26667	0.163017	0.905076	0.672727	0.0445403	0.990986	0.126342	-0.997538	0.0509754	-0.0481647	-0.0541709	-0.123885	0.990817
9.3	0.164567	0.905018	0.680339	0.0533115	0.990948	0.123204	-0.997258	0.0591766	-0.0444438	-0.0513323	-0.120497	0.991386
9.33333	0.166212	0.904855	0.688098	0.0611771	0.990786	0.120835	-0.99695	0.0665324	-0.0407894	-0.048453	-0.117971	0.991834
9.36667	0.167892	0.904468	0.695914	0.0679303	0.990575	0.118939	-0.996637	0.0728518	-0.0375263	-0.0458375	-0.11599	0.992192
9.4	0.169518	0.903923	0.704187	0.0743378	0.99063	0.114568	-0.996293	0.0787628	-0.0345865	-0.0432861	-0.111572	0.992813
9.43333	0.171313	0.903219	0.712682	0.079082	0.99091	0.108827	-0.996002	0.0830911	-0.0328042	-0.0415486	-0.105798	0.993519
9.46667	0.173322	0.902485	0.721667	0.0825515	0.991333	0.1022	-0.995785	0.0861629	-0.0314345	-0.0399679	-0.0991742	0.994267
9.5	0.175635	0.901626	0.730917	0.0852257	0.991868	0.0945182	-0.995569	0.0885578	-0.0316303	-0.0397435	-0.0914037	0.995021
9.53333	0.1781	0.900631	0.740771	0.0872399	0.992513	0.085486	-0.995373	0.0903156	-0.0327905	-0.0402657	-0.0822298	0.9958
9.56667	0.180993	0.899487	0.751158	0.0878823	0.993151	0.0769931	-0.995245	0.0908006	-0.0352543	-0.0420039	-0.0735288	0.996408
9.6	0.18431	0.898177	0.762278	0.086641	0.993922	0.0679084	-0.99526	0.0893768	-0.0383354	-0.0441719	-0.0642651	0.996955
9.63333	0.188149	0.896789	0.774361	0.0836959	0.994827	0.0575718	-0.995407	0.0861598	-0.0417329	-0.0464774	-0.0538145	0.997469
9.66667	0.192935	0.896315	0.786777	0.0899327	0.994693	0.0499815	-0.994608	0.0923012	-0.0472892	-0.0516516	-0.0454591	0.99763
9.7	0.198146	0.896914	0.79937	0.096197	0.994387	0.0440603	-0.993544	0.0986015	-0.0561058	-0.0601353	-0.0383786	0.997452
9.73333	0.203752	0.897959	0.811908	0.0995072	0.994316	0.0378568	-0.992936	0.101696	-0.0611177	-0.0646203	-0.0315078	0.997412
9.76667	0.209773	0.898839	0.825164	0.103289	0.994194	0.030171	-0.99229	0.105086	-0.0657055	-0.0684945	-0.0231517	0.997383
9.8	0.216484	0.899499	0.839088	0.109092	0.993768	0.0228924	-0.991212	0.110487	-0.0727444	-0.0748204	-0.0147554	0.997088
9.83333	0.223674	0.900109	0.853536	0.113994	0.993358	0.0156682	-0.990176	0.114886	-0.0796999	-0.0809706	-0.0064289	0.996696
9.86667	0.230933	0.900663	0.868003	0.11743	0.993043	0.00871696	-0.989473	0.117746	-0.0841422	-0.0845832	0.00125562	0.996416
9.9	0.238003	0.901021	0.882334	0.121646	0.992571	0.00226932	-0.988706	0.121373	-0.0879187	-0.087541	0.00845124	0.996125
9.93333	0.244905	0.901009	0.896492	0.125621	0.992076	-0.00227804	-0.987941	0.124887	-0.0915227	-0.0905129	0.0137477	0.9958
9.96667	0.251632	0.900624	0.910209	0.127072	0.991889	-0.00304499	-0.987664	0.126246	-0.092638	-0.0915022	0.0147791	0.995695
10	0.258074	0.899857	0.923012	0.130453	0.991441	-0.00527411	-0.987105	0.129381	-0.0942556	-0.0927664	0.017502	0.995534
10.0333	0.264	0.89914	0.935274	0.131645	0.991283	-0.00518021	-0.986798	0.130548	-0.0958496	-0.0943378	0.0177299	0.995382
10.0667	0.269299	0.898543	0.94651	0.131612	0.991282	-0.00615629	-0.986593	0.13038	-0.0981613	-0.0965029	0.018993	0.995151
10.1	0.273851	0.89801	0.956808	0.130446	0.991408	-0.00974078	-0.986634	0.128838	-0.099775	-0.0976628	0.0226258	0.994962
10.1333	0.277781	0.897494	0.966282	0.12704	0.991781	-0.015191	-0.986975	0.124871	-0.101428	-0.0986977	0.0278786	0.994727
10.1667	0.281326	0.896989	0.974925	0.120978	0.992465	-0.0194543	-0.987551	0.118348	-0.10362	-0.100537	0.0317479	0.994427
10.2	0.284367	0.896651	0.982963	0.112745	0.993395	-0.0213524	-0.988317	0.109899	-0.105606	-0.102562	0.0330094	0.994179
10.2333	0.287052	0.896566	0.990666	0.102769	0.994482	-0.0210867	-0.98926	0.0999681	-0.106637	-0.10394	0.0318192	0.994074
10.2667	0.289489	0.89658	0.998155	0.0915498	0.995607	-0.019622	-0.990292	0.088956	-0.106811	-0.104597	0.0292101	0.994086
10.3	0.291651	0.896553	1.00552	0.0814234	0.996508	-0.0184723	-0.9912	0.0790211	-0.106196	-0.104366	0.0269566	0.994174
10.3333	0.293564	0.896514	1.01297	0.0716153	0.997294	-0.0166355	-0.992026	0.069483	-0.105154	-0.103714	0.0240335	0.994317
10.3667	0.295115	0.896513	1.0203	0.0599998	0.998097	-0.0142596	-0.99297	0.0582193	-0.103057	-0.102031	0.0203428	0.994573
10.4	0.296066	0.896477	1.02744	0.0469922	0.998804	-0.0135017	-0.993941	0.0454103	-0.1001	-0.0993672	0.0181238	0.994886
10.4333	0.296491	0.8964	1.03442	0.0337577	0.999335	-0.0137883	-0.994801	0.032272	-0.0965853	-0.0960761	0.0169771	0.995229
10.4667	0.296384	0.896283	1.04117	0.0209117	0.999683	-0.0140551	-0.995466	0.0195145	-0.0930977	-0.0927939	0.0159382	0.995558
10.5	0.295757	0.896191	1.04771	0.00890059	0.999856	-0.0144529	-0.995905	0.00756323	-0.0900856	-0.0899633	0.0151955	0.995829
10.5333	0.294618	0.896028	1.05375	-0.00106434	0.999865	-0.0164168	-0.996119	-0.00250497	-0.0879844	-0.0880136	0.0162595	0.995987
10.5667	0.293358	0.895753	1.0596	-0.00969509	0.999801	-0.0174517	-0.996151	-0.0111773	-0.0869403	-0.087118	0.0165417	0.996061
10.6	0.291824	0.895321	1.06526	-0.0161713	0.999674	-0.0197395	-0.996008	-0.017839	-0.0874619	-0.0877856	0.0182463	0.995972
10.6333	0.290202	0.894847	1.0713	-0.0222993	0.99954	-0.0205607	-0.995826	-0.0240278	-0.0880571	-0.0885106	0.0185113	0.995903
10.6667	0.288533	0.894167	1.0774	-0.0266838	0.999363	-0.0237006	-0.995578	-0.0287039	-0.0894429	-0.0900662	0.0212091	0.99571
10.7	0.286868	0.893175	1.08393	-0.0319546	0.999174	-0.0250943	-0.995347	-0.0340955	-0.0901185	-0.0908997	0.0220979	0.995615
10.7333	0.285183	0.891867	1.09116	-0.0361405	0.99902	-0.0255562	-0.995127	-0.0383238	-0.0908531	-0.0917435	0.0221481	0.995536
10.7667	0.283448	0.890425	1.099	-0.0376639	0.998987	-0.0246142	-0.994863	-0.0398017	-0.0930754	-0.0939608	0.0209822	0.995355
