0	0	1	0	0	0	-1	-1	0	0
0.0333333	0.996625	-0.0399899	-0.0716864	0.00744691	0.913753	-0.406202	0.0817476	0.404297	0.910967
0.0666667	0.996825	-0.0195216	-0.0771872	-0.0129357	0.916882	-0.398948	0.0785597	0.39868	0.913719
0.1	0.996925	-0.00315119	-0.078304	-0.0274105	0.922057	-0.386082	0.0734173	0.387041	0.919135
0.133333	0.996504	0.00613355	-0.0833233	-0.0369213	0.926966	-0.373325	0.0749481	0.375096	0.923951
0.166667	0.995901	0.0098951	-0.0899031	-0.0420108	0.930873	-0.362919	0.0800973	0.365208	0.927474
0.2	0.995224	0.0110644	-0.0969856	-0.0446998	0.93492	-0.352032	0.0867788	0.354686	0.93095
0.233333	0.994639	0.0119135	-0.102719	-0.0462762	0.939604	-0.339122	0.0924746	0.342057	0.935118
0.266667	0.994196	0.0128457	-0.106814	-0.0472122	0.944231	-0.325883	0.0966711	0.329034	0.939357
0.3	0.994004	0.0131883	-0.108543	-0.0467309	0.948709	-0.312678	0.0988516	0.315875	0.943637
0.333333	0.99407	0.0123624	-0.108037	-0.0445838	0.952508	-0.301231	0.0991826	0.304261	0.947411
0.366667	0.994192	0.00882667	-0.107261	-0.0400725	0.95533	-0.292813	0.0998847	0.295411	0.950134
0.4	0.994283	0.00580955	-0.106622	-0.0360065	0.958279	-0.283559	0.100526	0.285777	0.953009
0.433333	0.994224	0.0026183	-0.107292	-0.0321996	0.960925	-0.274929	0.10238	0.276796	0.955459
0.466667	0.994176	0.00110013	-0.107759	-0.0298359	0.96367	-0.265426	0.103552	0.267095	0.95809
0.5	0.994225	0.00109937	-0.107314	-0.0286235	0.966442	-0.255286	0.103432	0.256883	0.960892
0.533333	0.994473	0.0020498	-0.104969	-0.0280108	0.968749	-0.246456	0.101183	0.248034	0.963453
0.566667	0.994936	0.00398946	-0.100429	-0.0280682	0.970486	-0.239517	0.096509	0.241123	0.965684
0.6	0.995616	0.00621141	-0.0933303	-0.0281946	0.971313	-0.236127	0.0891862	0.237723	0.96723
0.633333	0.996259	0.00874199	-0.0859743	-0.0287326	0.971779	-0.234138	0.0815011	0.235732	0.968395
0.666667	0.9969	0.0106017	-0.07796	-0.0287487	0.971446	-0.235513	0.073237	0.237025	0.968739
0.7	0.997407	0.0116538	-0.0710122	-0.0283301	0.970702	-0.238612	0.0661509	0.240005	0.968515
0.733333	0.997804	0.0120539	-0.0651336	-0.0274696	0.970064	-0.241292	0.0602753	0.242551	0.968264
0.766667	0.998255	0.0114967	-0.0579147	-0.0254008	0.969076	-0.245452	0.0533018	0.246495	0.967677
0.8	0.998557	0.0104193	-0.0526728	-0.0231863	0.968488	-0.247981	0.0484292	0.248844	0.967332
0.833333	0.998822	0.00630071	-0.0481038	-0.0182261	0.967633	-0.251704	0.0449609	0.252284	0.966608
0.866667	0.998817	0.00344171	-0.0485082	-0.0154953	0.968025	-0.250376	0.0460954	0.250832	0.966933
0.9	0.998697	0.00147485	-0.0510191	-0.013898	0.96967	-0.244021	0.0491118	0.244412	0.968427
0.933333	0.99853	0.000673694	-0.0541955	-0.0134084	0.971912	-0.234962	0.0525149	0.235343	0.970492
0.966667	0.998335	-0.000789889	-0.0576782	-0.0123803	0.973671	-0.227621	0.0563394	0.227956	0.97204
1	0.998133	-0.00501083	-0.0608641	-0.00899278	0.973704	-0.227639	0.0604043	0.227762	0.971841
1.03333	0.997814	-0.0101549	-0.0653002	-0.0051631	0.973123	-0.230226	0.0658831	0.23006	0.970944
1.06667	0.997371	-0.0143986	-0.0710254	-0.00252797	0.972555	-0.23266	0.0724261	0.232228	0.969961
1.1	0.996694	-0.0164259	-0.0795704	-0.00259005	0.972429	-0.233184	0.0812068	0.232619	0.969172
1.13333	0.995767	-0.0167792	-0.0903639	-0.00479173	0.972379	-0.233358	0.0917836	0.232804	0.968183
1.16667	0.994602	-0.0158775	-0.102538	-0.00871299	0.971952	-0.235018	0.103393	0.234643	0.966567
1.2	0.993257	-0.0131681	-0.115186	-0.0147264	0.971151	-0.23801	0.114997	0.238102	0.964408
1.23333	0.99151	-0.00863277	-0.129745	-0.0232421	0.96996	-0.242153	0.127938	0.243112	0.961524
1.26667	0.989522	-0.00347628	-0.144343	-0.0326883	0.968359	-0.247411	0.140636	0.249537	0.958099
1.3	0.987822	-0.000484056	-0.155585	-0.0396898	0.966126	-0.254999	0.150439	0.258069	0.954342
1.33333	0.986227	0.000562442	-0.165399	-0.0446958	0.963697	-0.263232	0.159246	0.266999	0.950448
1.36667	0.984887	-0.000354261	-0.173195	-0.0473087	0.961419	-0.270991	0.166609	0.275089	0.946872
1.4	0.983811	-0.000419094	-0.17921	-0.0494821	0.960488	-0.273888	0.172244	0.278322	0.944917
1.43333	0.983259	0.00134755	-0.182206	-0.0517376	0.96088	-0.272091	0.174712	0.276963	0.944864
1.46667	0.983155	0.00375322	-0.182734	-0.0537048	0.961587	-0.269195	0.174704	0.274474	0.945591
1.5	0.983534	0.00674338	-0.180597	-0.0553764	0.96248	-0.265642	0.17203	0.271269	0.947005
1.53333	0.984396	0.00881121	-0.175747	-0.0557464	0.962919	-0.26397	0.166904	0.269648	0.948384
1.56667	0.9856	0.0102693	-0.168782	-0.0554384	0.962608	-0.265163	0.159748	0.270702	0.949316
1.6	0.986998	0.0109697	-0.160356	-0.0541776	0.96199	-0.267658	0.151325	0.272865	0.950077
1.63333	0.988632	0.0116413	-0.149907	-0.0522745	0.961415	-0.270089	0.140979	0.274854	0.951094
1.66667	0.990329	0.0125494	-0.13817	-0.0498812	0.961513	-0.270193	0.129461	0.274472	0.95284
1.7	0.992027	0.0124023	-0.125412	-0.0460902	0.96191	-0.269454	0.117293	0.273086	0.954812
1.73333	0.99362	0.0145569	-0.111833	-0.0439088	0.963322	-0.264732	0.103877	0.267953	0.957816
1.76667	0.994796	0.0185733	-0.100178	-0.0438223	0.965647	-0.256134	0.0919791	0.259192	0.961436
1.8	0.995605	0.0245767	-0.0903737	-0.0457517	0.969609	-0.240344	0.0817202	0.243423	0.966472
1.83333	0.996089	0.0315389	-0.0825369	-0.0490474	0.974355	-0.219605	0.0734942	0.222795	0.972091
1.86667	0.996236	0.0382335	-0.0777908	-0.0528657	0.979228	-0.195747	0.0686909	0.199123	0.977564
1.9	0.996748	0.0383639	-0.0708678	-0.0514711	0.979737	-0.19356	0.0620061	0.196578	0.978526
1.93333	0.99709	0.0376298	-0.0662995	-0.049926	0.979556	-0.194876	0.057611	0.197619	0.978585
1.96667	0.997403	0.0368573	-0.061871	-0.0486409	0.978315	-0.201332	0.0531088	0.203818	0.977567
2	0.997515	0.0374371	-0.0596835	-0.0488995	0.977755	-0.20397	0.0507198	0.206382	0.977156
2.03333	0.997498	0.0385269	-0.059282	-0.0500187	0.977148	-0.20659	0.049968	0.209038	0.97663
2.06667	0.997416	0.0393526	-0.0601079	-0.0511065	0.976658	-0.208631	0.0504947	0.211164	0.976146
2.1	0.997358	0.0396199	-0.0608848	-0.0515607	0.97652	-0.209164	0.0511682	0.211751	0.975983
2.13333	0.997239	0.040321	-0.0623614	-0.0523292	0.977392	-0.204859	0.0526914	0.207557	0.976803
2.16667	0.997117	0.0413593	-0.0636167	-0.0534648	0.977873	-0.202251	0.0538441	0.205069	0.977265
2.2	0.997264	0.0396065	-0.0624091	-0.0520498	0.97578	-0.212471	0.0524823	0.215139	0.975172
2.23333	0.997585	0.0349225	-0.0600348	-0.048067	0.971088	-0.233832	0.0501331	0.236153	0.970422
2.26667	0.997611	0.0324011	-0.0610118	-0.0463423	0.968863	-0.243221	0.0512315	0.245467	0.96805
2.3	0.997507	0.0319415	-0.0629285	-0.0464895	0.968298	-0.245432	0.0530941	0.247746	0.967369
2.33333	0.997602	0.0310027	-0.0618847	-0.0457226	0.966407	-0.252917	0.0519647	0.25514	0.965507
2.36667	0.997861	0.0281413	-0.0589969	-0.0429511	0.962661	-0.267281	0.0492723	0.269244	0.961811
2.4	0.997993	0.0258746	-0.0578029	-0.0410746	0.959176	-0.27981	0.0482032	0.281622	0.958314
2.43333	0.997743	0.0269454	-0.0615023	-0.0430235	0.959771	-0.277469	0.0515516	0.279489	0.958764
2.46667	0.997178	0.0301878	-0.068731	-0.0474154	0.963107	-0.26491	0.0581982	0.267422	0.96182
2.5	0.996791	0.0308664	-0.0738541	-0.0494232	0.963109	-0.264534	0.0629644	0.267335	0.961544
2.53333	0.996128	0.0319142	-0.0819225	-0.0524653	0.963475	-0.262609	0.0705493	0.26589	0.961418
2.56667	0.995385	0.0310074	-0.0908166	-0.0541954	0.962633	-0.265332	0.0791957	0.269029	0.959871
2.6	0.994176	0.0317155	-0.102992	-0.0580239	0.962889	-0.263587	0.0908104	0.268028	0.959122
2.63333	0.993188	0.0282325	-0.113049	-0.0581917	0.960731	-0.271312	0.10095	0.276042	0.955829
2.66667	0.991684	0.0262349	-0.125994	-0.0597845	0.960867	-0.270482	0.113967	0.275765	0.954445
2.7	0.99034	0.0229417	-0.13675	-0.0594878	0.961143	-0.269565	0.125252	0.275095	0.953223
2.73333	0.989214	0.0205571	-0.145025	-0.0591918	0.961761	-0.267418	0.133982	0.273118	0.952604
2.76667	0.988236	0.0186049	-0.151803	-0.0588855	0.962338	-0.265401	0.141148	0.271217	0.952113
2.8	0.987705	0.0166897	-0.155438	-0.0577671	0.962877	-0.263686	0.145267	0.269423	0.952003
2.83333	0.987651	0.0156826	-0.155883	-0.056795	0.963137	-0.262948	0.146013	0.268555	0.952134
2.86667	0.988133	0.0143711	-0.152927	-0.0552359	0.962257	-0.266479	0.143325	0.271764	0.951631
2.9	0.988639	0.0157004	-0.149488	-0.0554048	0.962566	-0.265323	0.139727	0.270591	0.9525
2.93333	0.98949	0.0168913	-0.143612	-0.0551322	0.962204	-0.266691	0.133679	0.271806	0.953022
2.96667	0.99037	0.0186058	-0.137186	-0.0550103	0.962229	-0.266627	0.127044	0.271606	0.953986
3	0.991455	0.0190004	-0.129061	-0.0530868	0.962477	-0.266121	0.119161	0.270699	0.955261
3.03333	0.992469	0.0171025	-0.121294	-0.0493018	0.962232	-0.26773	0.112134	0.271693	0.955829
3.06667	0.993391	0.0139425	-0.113926	-0.0443995	0.962	-0.269416	0.10584	0.272694	0.956261
3.1	0.994208	0.0102327	-0.106987	-0.0392236	0.961342	-0.27255	0.100062	0.275168	0.956175
3.13333	0.99487	0.00686754	-0.100929	-0.0343078	0.961472	-0.272755	0.0951672	0.274818	0.956775
3.16667	0.99541	0.0042781	-0.0956098	-0.0301646	0.962107	-0.270999	0.0908275	0.272639	0.957819
3.2	0.996026	0.00206405	-0.0890381	-0.02626	0.962093	-0.271455	0.0851026	0.272715	0.958324
3.23333	0.996674	-0.000137905	-0.0814941	-0.0222367	0.961592	-0.273582	0.0784018	0.274485	0.95839
3.26667	0.99723	-0.000921396	-0.0743677	-0.0195035	0.96169	-0.273446	0.0717706	0.274139	0.959008
3.3	0.997731	-0.00129469	-0.0673104	-0.0170811	0.962231	-0.271698	0.0651199	0.272231	0.960026
3.33333	0.998222	-0.00171808	-0.0595738	-0.0144727	0.962676	-0.270268	0.0578147	0.27065	0.96094
3.36667	0.998517	-0.00280488	-0.0543717	-0.0119051	0.963255	-0.268325	0.0531264	0.268574	0.961793
3.4	0.998599	-0.00351207	-0.0527897	-0.0105789	0.964389	-0.264277	0.051838	0.264465	0.963001
3.43333	0.998557	-0.00358096	-0.0535899	-0.010258	0.966692	-0.255736	0.0527207	0.255916	0.96526
3.46667	0.998434	-0.00294162	-0.0558694	-0.010802	0.969691	-0.244097	0.0548941	0.244318	0.96814
3.5	0.998207	-0.00258175	-0.0598033	-0.0111397	0.973605	-0.227969	0.0588133	0.228226	0.97183
3.53333	0.998183	-0.00875392	-0.0596188	-0.00551417	0.971971	-0.235038	0.0600053	0.23494	0.970156
3.56667	0.997939	-0.0135679	-0.0627121	-0.00193973	0.97056	-0.24085	0.0641338	0.240475	0.968534
3.6	0.997517	-0.0144736	-0.0689186	-0.00228848	0.971472	-0.237143	0.0703848	0.236712	0.969027
3.63333	0.996953	-0.0129096	-0.0769301	-0.0051002	0.973313	-0.229426	0.0778389	0.229119	0.970281
3.66667	0.99639	-0.0115107	-0.0841067	-0.00768271	0.974472	-0.22438	0.0845424	0.224216	0.970866
3.7	0.995845	-0.0114533	-0.0903434	-0.00929308	0.9741	-0.225928	0.0905911	0.225829	0.969946
3.73333	0.995277	-0.0123668	-0.0962878	-0.0105847	0.972116	-0.234263	0.0964999	0.234176	0.967393
3.76667	0.994597	-0.0145989	-0.102782	-0.0114296	0.968645	-0.248185	0.103182	0.248019	0.963244
3.8	0.993669	-0.0141037	-0.111458	-0.0149018	0.966777	-0.255186	0.111354	0.255232	0.960446
3.83333	0.992461	-0.0117686	-0.121993	-0.0208784	0.964595	-0.262908	0.120768	0.263473	0.957077
3.86667	0.991295	-0.0117384	-0.131136	-0.0253723	0.960316	-0.277758	0.129192	0.278667	0.951658
3.9	0.990013	-0.0159168	-0.140075	-0.0267499	0.954346	-0.297503	0.138416	0.298278	0.944389
3.93333	0.988445	-0.0222525	-0.149936	-0.0269392	0.947629	-0.318235	0.149165	0.318597	0.93608
3.96667	0.987186	-0.0292798	-0.156862	-0.025812	0.940775	-0.338048	0.15747	0.337765	0.927964
4	0.986155	-0.0340692	-0.162289	-0.025567	0.935728	-0.351796	0.163844	0.351074	0.921901
4.03333	0.985573	-0.0353752	-0.165514	-0.0264957	0.933609	-0.357312	0.167165	0.356543	0.919203
4.06667	0.985518	-0.0337944	-0.166171	-0.0281836	0.933667	-0.357031	0.167214	0.356544	0.919193
4.1	0.985926	-0.0306751	-0.164344	-0.0298355	0.934959	-0.353499	0.164499	0.353427	0.920885
4.13333	0.986782	-0.0272994	-0.159737	-0.0309644	0.935784	-0.351212	0.159067	0.351516	0.922569
4.16667	0.987863	-0.0245667	-0.153371	-0.0311923	0.935922	-0.350824	0.152162	0.35135	0.923796
4.2	0.989224	-0.0217433	-0.144784	-0.0308476	0.935757	-0.351294	0.143121	0.351975	0.925003
4.23333	0.990672	-0.0180852	-0.135064	-0.0305559	0.936433	-0.349513	0.132799	0.350379	0.927146
4.26667	0.99164	-0.0105445	-0.1286	-0.0339971	0.940087	-0.339235	0.124472	0.340771	0.93187
4.3	0.9921	0.000741891	-0.125451	-0.0407209	0.947743	-0.316426	0.118661	0.319035	0.940285
4.33333	0.99185	0.0133766	-0.126707	-0.0489619	0.95813	-0.282118	0.117628	0.286022	0.950976
4.36667	0.991933	0.0218407	-0.124864	-0.0532415	0.965728	-0.254036	0.115036	0.258634	0.959101
4.4	0.992199	0.0262746	-0.12186	-0.054805	0.969939	-0.237098	0.111967	0.241927	0.963813
4.43333	0.992859	0.0269202	-0.116219	-0.0534024	0.97144	-0.231199	0.106676	0.235754	0.96594
4.46667	0.993722	0.0263634	-0.108723	-0.0511595	0.971356	-0.232058	0.099491	0.236164	0.966607
4.5	0.994168	0.0296334	-0.103692	-0.0522689	0.973428	-0.22295	0.0943298	0.227069	0.969299
4.53333	0.994699	0.0340066	-0.0970421	-0.0543028	0.975125	-0.2149	0.0873202	0.21903	0.971803
4.56667	0.99485	0.0408513	-0.0927638	-0.0587387	0.978204	-0.199165	0.0826058	0.203588	0.975566
4.6	0.995021	0.046664	-0.0880639	-0.0623492	0.980804	-0.184758	0.0777519	0.189329	0.97883
4.63333	0.995348	0.0502564	-0.0822029	-0.0639623	0.982724	-0.173675	0.0720545	0.178125	0.981366
4.66667	0.995763	0.05218	-0.075719	-0.0641986	0.984008	-0.166155	0.0658382	0.170312	0.983188
4.7	0.995936	0.0543819	-0.0717888	-0.0654873	0.984494	-0.162735	0.0618258	0.166775	0.984055
4.73333	0.996105	0.0531139	-0.0703863	-0.0641465	0.984184	-0.165129	0.0605024	0.169001	0.983757
4.76667	0.996381	0.0481573	-0.0700352	-0.0601637	0.981652	-0.180942	0.0600365	0.184501	0.980997
4.8	0.996509	0.0429108	-0.0716178	-0.0562269	0.979041	-0.195749	0.061717	0.199093	0.978035
4.83333	0.996541	0.0404817	-0.0725704	-0.0546093	0.977292	-0.204738	0.0626344	0.207993	0.976123
4.86667	0.996293	0.0413033	-0.0754666	-0.056028	0.977189	-0.204847	0.0652843	0.208315	0.97588
4.9	0.996149	0.0415262	-0.0772217	-0.0568785	0.976323	-0.208704	0.0667266	0.212293	0.974925
4.93333	0.995913	0.0408762	-0.0805373	-0.0573698	0.975024	-0.21456	0.0697554	0.218304	0.973385
4.96667	0.995705	0.0372278	-0.084769	-0.0556501	0.97239	-0.22663	0.0739916	0.230374	0.970285
5	0.995334	0.0317716	-0.0911099	-0.0530377	0.968944	-0.241525	0.0806067	0.24523	0.966108
5.03333	0.994735	0.0260857	-0.0991022	-0.0508375	0.965287	-0.256197	0.0889789	0.259886	0.961531
5.06667	0.993543	0.0228498	-0.111134	-0.0515267	0.963544	-0.26254	0.101084	0.266571	0.9585
5.1	0.992148	0.0227248	-0.122988	-0.0543936	0.963887	-0.260696	0.112622	0.265339	0.957555
5.13333	0.990598	0.0232206	-0.134818	-0.0571936	0.965527	-0.25394	0.124274	0.259264	0.957778
5.16667	0.989253	0.022457	-0.144481	-0.0583627	0.966651	-0.249358	0.134063	0.25511	0.957573
5.2	0.988257	0.0202423	-0.151456	-0.0579719	0.966751	-0.249061	0.141379	0.254916	0.956572
5.23333	0.987552	0.0185726	-0.156191	-0.0577082	0.96654	-0.249941	0.146323	0.255844	0.95558
5.26667	0.987166	0.0174009	-0.158745	-0.0575941	0.965941	-0.25227	0.148949	0.258176	0.954547
5.3	0.987021	0.0167005	-0.159721	-0.0574722	0.96544	-0.254211	0.149956	0.260091	0.953869
5.33333	0.987243	0.016311	-0.158381	-0.0571483	0.964755	-0.256868	0.14861	0.262643	0.95338
5.36667	0.987828	0.0164526	-0.15468	-0.0565749	0.96429	-0.258735	0.1449	0.264336	0.953483
5.4	0.988671	0.0158778	-0.14926	-0.0548664	0.963806	-0.260899	0.139715	0.266132	0.953758
5.43333	0.989715	0.0145703	-0.142307	-0.0520111	0.963368	-0.263091	0.13326	0.267787	0.954218
5.46667	0.990863	0.0125583	-0.134284	-0.0480527	0.963189	-0.264497	0.126019	0.268533	0.954992
5.5	0.991956	0.0104495	-0.126149	-0.0438835	0.96317	-0.265289	0.11873	0.268691	0.955881
5.53333	0.993037	0.00828	-0.117513	-0.0395991	0.962943	-0.266781	0.110949	0.269577	0.956566
5.56667	0.993888	0.00652859	-0.110197	-0.0358928	0.963121	-0.266665	0.104392	0.268991	0.957469
5.6	0.99484	0.00502306	-0.101331	-0.0319125	0.963571	-0.265542	0.0963063	0.267405	0.958759
5.63333	0.995801	0.00428107	-0.0914443	-0.028571	0.963544	-0.26602	0.0869718	0.267516	0.95962
5.66667	0.996816	0.00503461	-0.0795746	-0.0259403	0.964188	-0.263946	0.0753961	0.26517	0.961249
5.7	0.997783	0.00597058	-0.0662868	-0.0231386	0.964959	-0.261378	0.0624034	0.262333	0.962958
5.73333	0.998442	0.00756033	-0.0552865	-0.0211347	0.968201	-0.24928	0.0516438	0.25006	0.966852
5.76667	0.998958	0.00580935	-0.0452687	-0.0167669	0.969221	-0.245619	0.0424485	0.246122	0.968309
5.8	0.999205	0.00429853	-0.039625	-0.0135294	0.971719	-0.235753	0.0374909	0.236101	0.971005
5.83333	0.999366	0.00170457	-0.0355677	-0.00964526	0.974471	-0.224307	0.0342774	0.224508	0.973869
5.86667	0.999456	-0.0014043	-0.0329542	-0.00572138	0.976567	-0.215137	0.0324841	0.215208	0.976028
5.9	0.999462	-0.0076375	-0.0318989	0.000606075	0.976647	-0.214848	0.0327948	0.214713	0.976126
5.93333	0.999324	-0.015818	-0.0331928	0.00812352	0.975408	-0.220259	0.0358606	0.21984	0.974877
5.96667	0.999058	-0.0210093	-0.0379641	0.0120958	0.975126	-0.221322	0.0416696	0.220655	0.974461
6	0.99873	-0.0217152	-0.0454527	0.0114379	0.976503	-0.215202	0.0490578	0.214409	0.975511
6.03333	0.998297	-0.0190975	-0.0551204	0.00742258	0.978798	-0.204692	0.0578609	0.203934	0.977273
6.06667	0.9977	-0.0148019	-0.0661508	0.00184108	0.981425	-0.191837	0.0677617	0.191274	0.979195
6.1	0.996961	-0.0113406	-0.0770742	-0.00304159	0.982927	-0.18397	0.0778447	0.183646	0.979905
6.13333	0.995971	-0.00943226	-0.0891744	-0.00709533	0.983045	-0.183226	0.0893907	0.183121	0.979018
6.16667	0.994906	-0.00775652	-0.100504	-0.0113795	0.98202	-0.188436	0.100159	0.18862	0.976929
6.2	0.993592	-0.00556767	-0.112892	-0.0168872	0.980264	-0.196973	0.111761	0.197617	0.973888
6.23333	0.992122	-0.00257495	-0.125253	-0.0234866	0.978239	-0.206147	0.123058	0.207465	0.970472
6.26667	0.990554	0.000466806	-0.137125	-0.0305169	0.975667	-0.217125	0.133687	0.219258	0.966465
6.3	0.989251	-0.000707573	-0.146222	-0.0336665	0.97202	-0.232471	0.142296	0.234895	0.961549
6.33333	0.988252	-0.00530249	-0.152739	-0.0333592	0.967816	-0.249439	0.149146	0.251604	0.956269
6.36667	0.987498	-0.0102672	-0.157297	-0.0319616	0.964107	-0.263583	0.154357	0.265315	0.951726
6.4	0.98725	-0.0136056	-0.158597	-0.0308895	0.961026	-0.274728	0.156154	0.276124	0.948352
6.43333	0.987576	-0.0158374	-0.156339	-0.0301424	0.957341	-0.287386	0.154222	0.288528	0.94497
6.46667	0.988284	-0.0162999	-0.151756	-0.0303037	0.953532	-0.299765	0.14959	0.300852	0.941866
6.5	0.989332	-0.0157827	-0.14482	-0.0302741	0.950136	-0.310364	0.142497	0.311437	0.939522
6.53333	0.990618	-0.0147361	-0.135865	-0.0297627	0.947043	-0.319723	0.133382	0.320767	0.937719
6.56667	0.991571	-0.00956956	-0.129209	-0.031754	0.948904	-0.313963	0.125612	0.31542	0.940602
6.6	0.992341	-0.00342171	-0.123478	-0.0344174	0.952372	-0.302989	0.118634	0.304918	0.944961
6.63333	0.992736	0.00614611	-0.120155	-0.0400247	0.958681	-0.281652	0.113459	0.284415	0.951964
6.66667	0.992838	0.0156908	-0.118437	-0.0457499	0.965706	-0.255575	0.110365	0.259163	0.959507
6.7	0.992998	0.0217103	-0.116121	-0.048646	0.970906	-0.234468	0.107652	0.238475	0.965163
6.73333	0.993416	0.02463	-0.111887	-0.0490385	0.974044	-0.220982	0.10354	0.225014	0.968839
6.76667	0.994141	0.0253388	-0.105083	-0.0476909	0.975223	-0.216025	0.0970055	0.21977	0.970717
6.8	0.994955	0.0249839	-0.0971617	-0.0456953	0.975056	-0.217207	0.0893114	0.220551	0.971278
6.83333	0.995628	0.025813	-0.0897689	-0.0449741	0.974799	-0.218505	0.0818663	0.221587	0.971698
6.86667	0.996058	0.0299283	-0.0835006	-0.0471608	0.975965	-0.212764	0.075126	0.215863	0.973529
6.9	0.996105	0.0369552	-0.08006	-0.0523617	0.978427	-0.199847	0.0709474	0.203261	0.976551
6.93333	0.995897	0.0435782	-0.0793092	-0.0577307	0.980856	-0.18598	0.0696862	0.189795	0.979347
6.96667	0.995718	0.0472761	-0.0794435	-0.0608463	0.982115	-0.17818	0.069599	0.182251	0.980786
7	0.995716	0.0476011	-0.0792721	-0.0611969	0.981935	-0.179048	0.0693172	0.183132	0.980641
7.03333	0.995789	0.0459151	-0.0793442	-0.0600613	0.980656	-0.186296	0.0692556	0.190277	0.979285
7.06667	0.995962	0.0426965	-0.0789752	-0.0575639	0.978753	-0.196797	0.0688946	0.200549	0.977258
7.1	0.996251	0.0393769	-0.0770322	-0.0547378	0.976426	-0.208795	0.0669946	0.212229	0.974921
7.13333	0.996426	0.0386155	-0.0751313	-0.0538299	0.975691	-0.212437	0.0651016	0.215722	0.974282
7.16667	0.996558	0.0403708	-0.0724049	-0.0549473	0.975664	-0.212275	0.0620731	0.215523	0.974524
7.2	0.996654	0.0414397	-0.0704487	-0.0558793	0.974502	-0.217311	0.0596471	0.22052	0.973557
7.23333	0.996869	0.0385866	-0.0690153	-0.0536239	0.971365	-0.231461	0.0581078	0.234437	0.970393
7.26667	0.996971	0.035015	-0.0694409	-0.0511538	0.967815	-0.246409	0.0585779	0.249215	0.966675
7.3	0.997064	0.032197	-0.0694786	-0.0491599	0.96479	-0.258385	0.0587131	0.261042	0.96354
7.33333	0.996902	0.0331142	-0.0713488	-0.0505439	0.964693	-0.258481	0.0602703	0.261287	0.963378
7.36667	0.996761	0.0338073	-0.072967	-0.0515393	0.965059	-0.256915	0.0617319	0.259844	0.963675
7.4	0.996583	0.0350644	-0.0747909	-0.0529985	0.965923	-0.253345	0.0633588	0.256443	0.964481
7.43333	0.996508	0.0342418	-0.0761539	-0.0526403	0.9656	-0.254649	0.0648146	0.257769	0.96403
7.46667	0.99637	0.031898	-0.0789293	-0.0514454	0.964315	-0.259713	0.0678284	0.26283	0.962455
7.5	0.996193	0.0281967	-0.0824922	-0.049559	0.961645	-0.269784	0.0717211	0.272845	0.959381
7.53333	0.995701	0.0262763	-0.0888149	-0.0499017	0.960029	-0.275418	0.0780279	0.278666	0.957213
7.56667	0.994842	0.0262407	-0.0979822	-0.0522755	0.960435	-0.273553	0.0869274	0.277264	0.956853
7.6	0.994016	0.0242678	-0.106507	-0.0531453	0.959276	-0.277425	0.0954374	0.281425	0.954825
7.63333	0.992736	0.0234759	-0.118002	-0.0553371	0.959976	-0.274562	0.106833	0.279098	0.954301
7.66667	0.991262	0.02096	-0.130235	-0.0558859	0.961041	-0.270696	0.119488	0.275609	0.953815
7.7	0.989758	0.0175295	-0.141674	-0.055397	0.961824	-0.268005	0.131568	0.273108	0.952944
7.73333	0.98831	0.013536	-0.151857	-0.0540881	0.962391	-0.266229	0.142542	0.271331	0.951873
7.76667	0.987043	0.00944865	-0.160175	-0.0522863	0.962716	-0.265412	0.151696	0.270348	0.950737
7.8	0.985773	0.00705325	-0.167934	-0.0514084	0.963892	-0.261283	0.160028	0.266199	0.950541
7.83333	0.98477	0.00557593	-0.173773	-0.0508128	0.965077	-0.25699	0.166271	0.261905	0.950663
7.86667	0.983973	0.00479176	-0.178254	-0.0505001	0.966202	-0.25279	0.171018	0.257741	0.950959
7.9	0.983529	0.00308213	-0.180722	-0.0494604	0.966281	-0.252695	0.173849	0.257472	0.950518
7.93333	0.983208	0.00189524	-0.182478	-0.0486186	0.966525	-0.251923	0.175892	0.256565	0.950388
7.96667	0.983209	0.00062758	-0.182482	-0.0474499	0.966476	-0.252335	0.176206	0.256757	0.950277
8	0.983637	-0.000911094	-0.180162	-0.0456338	0.966118	-0.254035	0.174289	0.258099	0.950267
8.03333	0.984339	-0.00127849	-0.176281	-0.0441842	0.966266	-0.253729	0.170659	0.257544	0.951077
8.06667	0.985321	-0.00127883	-0.170705	-0.0424679	0.966698	-0.252371	0.165343	0.255916	0.952454
8.1	0.986564	-0.00181277	-0.163363	-0.0398131	0.967125	-0.251166	0.158448	0.254296	0.954059
8.13333	0.987773	-0.00394861	-0.15585	-0.0357281	0.96734	-0.250952	0.151751	0.253451	0.955371
8.16667	0.98917	-0.00663082	-0.146622	-0.0307839	0.967386	-0.25143	0.143507	0.253221	0.956705
8.2	0.990568	-0.00795416	-0.136794	-0.0267773	0.967829	-0.250178	0.134383	0.251482	0.958487
8.23333	0.99194	-0.00854413	-0.126422	-0.0232962	0.968419	-0.248237	0.124551	0.249182	0.960414
8.26667	0.993277	-0.00656655	-0.115575	-0.0220296	0.969423	-0.244406	0.113646	0.245308	0.962761
8.3	0.994645	-0.00412835	-0.103268	-0.0209261	0.970461	-0.240349	0.10121	0.241223	0.965178
8.33333	0.995876	-0.00175265	-0.0907039	-0.0199809	0.971025	-0.238142	0.0884931	0.238972	0.966986
8.36667	0.996959	-1.66719e-05	-0.0779279	-0.0185165	0.97131	-0.237095	0.0756961	0.237817	0.968356
8.4	0.998084	-0.000135242	-0.0618773	-0.0150329	0.969507	-0.244601	0.0600236	0.245062	0.967648
8.43333	0.998635	-0.00181937	-0.0522065	-0.0113136	0.968141	-0.250152	0.0509983	0.250401	0.966798
8.46667	0.998908	-0.00419594	-0.0465402	-0.00776837	0.96719	-0.253934	0.0460788	0.254018	0.966101
8.5	0.999046	-0.00844073	-0.0428501	-0.00284615	0.966477	-0.256737	0.0435807	0.256614	0.965531
8.53333	0.99918	-0.0147578	-0.0377055	0.00434783	0.964934	-0.262456	0.0402566	0.262077	0.964207
8.56667	0.99921	-0.024272	-0.0314604	0.0146531	0.961032	-0.27605	0.0369347	0.275371	0.960628
8.6	0.999049	-0.0341922	-0.0270655	0.0246437	0.954726	-0.296463	0.0359769	0.295514	0.954661
8.63333	0.998873	-0.0390984	-0.0269266	0.0288418	0.95031	-0.309967	0.0377078	0.308841	0.950366
8.66667	0.998676	-0.0415981	-0.0302788	0.0298941	0.948104	-0.316551	0.0418754	0.315226	0.948092
8.7	0.998506	-0.0448763	-0.0311705	0.0322537	0.944576	-0.326704	0.0441042	0.325211	0.944613
8.73333	0.998196	-0.0477418	-0.036394	0.0331739	0.943954	-0.328405	0.050033	0.326605	0.943836
8.76667	0.997865	-0.0493089	-0.0428234	0.0326923	0.944779	-0.326073	0.0565369	0.323977	0.944374
8.8	0.997407	-0.0481459	-0.0534827	0.0287037	0.947709	-0.317841	0.0659888	0.315482	0.946634
8.83333	0.996786	-0.0451342	-0.0661927	0.0226274	0.951174	-0.307826	0.0768543	0.305338	0.949137
8.86667	0.995974	-0.0406306	-0.079901	0.0148033	0.953687	-0.300436	0.0884075	0.298044	0.950449
8.9	0.994802	-0.0332574	-0.0962458	0.00417729	0.957696	-0.287752	0.101744	0.285854	0.952857
8.93333	0.993661	-0.0268048	-0.109177	-0.00514934	0.959287	-0.282386	0.112302	0.281158	0.953068
8.96667	0.992533	-0.020717	-0.120205	-0.013536	0.960677	-0.277338	0.121224	0.276894	0.953223
9	0.991356	-0.0148056	-0.130359	-0.0212395	0.962394	-0.270828	0.129466	0.271255	0.95376
9.03333	0.990356	-0.00996049	-0.13819	-0.0275078	0.963421	-0.266578	0.135791	0.267809	0.953855
9.06667	0.989627	-0.0068724	-0.143494	-0.031844	0.963513	-0.265761	0.140085	0.267574	0.9533
9.1	0.989246	-0.0049107	-0.146178	-0.0346571	0.963103	-0.266892	0.142096	0.269088	0.952576
9.13333	0.989153	-0.00329467	-0.146852	-0.0367585	0.962386	-0.269186	0.142215	0.271665	0.951826
9.16667	0.989302	-0.00167803	-0.145874	-0.0386156	0.961255	-0.272944	0.14068	0.275657	0.950906
9.2	0.989765	0.000280775	-0.142709	-0.0404597	0.959519	-0.278722	0.136854	0.281643	0.94971
9.23333	0.990274	0.00407676	-0.139074	-0.043202	0.959173	-0.279502	0.132257	0.282791	0.95002
9.26667	0.990812	0.0103146	-0.13485	-0.0474503	0.960216	-0.275196	0.126647	0.279066	0.951884
9.3	0.991028	0.0172822	-0.132529	-0.0522244	0.962842	-0.264967	0.123026	0.269511	0.955107
9.33333	0.991004	0.0247517	-0.131526	-0.0572813	0.966631	-0.249686	0.120957	0.254974	0.959353
9.36667	0.990865	0.0298964	-0.1315	-0.0604882	0.970052	-0.235244	0.120529	0.241049	0.962999
9.4	0.990969	0.0313883	-0.130365	-0.0606284	0.972047	-0.226825	0.119601	0.232681	0.965171
9.43333	0.991467	0.0291271	-0.127059	-0.0577771	0.971936	-0.228038	0.116852	0.233433	0.965326
9.46667	0.992026	0.0276352	-0.122964	-0.0552108	0.972354	-0.22689	0.113294	0.23187	0.966127
9.5	0.992686	0.0271024	-0.117646	-0.0532439	0.972869	-0.225146	0.108352	0.229763	0.967196
9.53333	0.993485	0.0274763	-0.1106	-0.0517258	0.973493	-0.222792	0.101547	0.227062	0.968572
9.56667	0.994171	0.0293083	-0.103754	-0.051405	0.974771	-0.217209	0.0947708	0.221276	0.970595
9.6	0.994788	0.0316799	-0.0969148	-0.0515192	0.976419	-0.209646	0.0879879	0.213547	0.972962
9.63333	0.995328	0.0344694	-0.0901896	-0.0520646	0.978268	-0.200699	0.0813116	0.204457	0.975493
9.66667	0.995589	0.0388678	-0.0853976	-0.0546593	0.980031	-0.191183	0.0762614	0.195008	0.977832
9.7	0.99573	0.0401966	-0.0831004	-0.0552114	0.98078	-0.187142	0.0739807	0.190931	0.978812
9.73333	0.995849	0.0374105	-0.0829732	-0.0527363	0.98017	-0.191011	0.074182	0.194594	0.978075
9.76667	0.995995	0.033345	-0.0829587	-0.0492688	0.978957	-0.198028	0.0746097	0.201322	0.976679
9.8	0.996134	0.0308293	-0.0822652	-0.0472063	0.977568	-0.205263	0.0740917	0.208353	0.975243
9.83333	0.996291	0.029198	-0.0809408	-0.0458549	0.976128	-0.212302	0.0728097	0.215226	0.973846
9.86667	0.996416	0.0283622	-0.0796966	-0.0451416	0.97504	-0.217393	0.0715416	0.220212	0.972825
9.9	0.996506	0.0271291	-0.0789908	-0.0441336	0.97399	-0.222253	0.0709067	0.224963	0.971784
9.93333	0.996569	0.0248367	-0.0789563	-0.0424159	0.972387	-0.229487	0.0710764	0.232048	0.970104
9.96667	0.996502	0.0216165	-0.0807298	-0.040362	0.970329	-0.238396	0.0731812	0.24082	0.967807
10	0.996197	0.0184312	-0.085156	-0.0390603	0.968124	-0.247406	0.0778816	0.249792	0.965162
10.0333	0.995785	0.0143512	-0.0905843	-0.0373126	0.965641	-0.257188	0.083781	0.259484	0.962107
10.0667	0.995164	0.0093063	-0.0977885	-0.0352113	0.963143	-0.266675	0.0917026	0.268828	0.958813
10.1	0.994097	0.00580894	-0.10834	-0.0347979	0.962883	-0.267667	0.102764	0.269857	0.957401
10.1333	0.992944	0.00317483	-0.118545	-0.0349292	0.963125	-0.266776	0.113327	0.269034	0.95644
10.1667	0.991569	0.00301477	-0.129543	-0.0369877	0.96472	-0.260666	0.124187	0.26326	0.956698
10.2	0.990224	0.00414788	-0.139422	-0.03971	0.966578	-0.253278	0.133712	0.256338	0.957294
10.2333	0.989011	0.00551615	-0.147736	-0.0422535	0.968166	-0.246715	0.141672	0.250247	0.957761
10.2667	0.988019	0.00646396	-0.154198	-0.044194	0.969133	-0.242546	0.14787	0.246455	0.957807
10.3	0.98729	0.00738508	-0.158757	-0.0459698	0.96949	-0.240782	0.152135	0.24502	0.957507
10.3333	0.986873	0.00846799	-0.161277	-0.0476959	0.969362	-0.240961	0.154295	0.24549	0.957041
10.3667	0.986756	0.00913476	-0.161956	-0.0488458	0.968805	-0.242961	0.154685	0.247654	0.95642
10.4	0.986888	0.00977249	-0.161113	-0.0496748	0.968108	-0.245558	0.153575	0.250341	0.9559
10.4333	0.987255	0.0103809	-0.158809	-0.050017	0.967547	-0.24769	0.151084	0.252476	0.955735
10.4667	0.987859	0.0110433	-0.154957	-0.0499977	0.967	-0.249823	0.147085	0.254537	0.955812
10.5	0.988684	0.0115148	-0.149569	-0.0492419	0.966714	-0.251075	0.1417	0.255599	0.956342
10.5333	0.98962	0.0110266	-0.143283	-0.0472654	0.966555	-0.252067	0.135711	0.256223	0.957043
10.5667	0.990591	0.0106076	-0.136441	-0.045193	0.966417	-0.252976	0.129176	0.256762	0.957803
10.6	0.991511	0.00998716	-0.12964	-0.042807	0.966536	-0.252936	0.122776	0.256338	0.958758
10.6333	0.992577	0.00857176	-0.121315	-0.0394107	0.966356	-0.254171	0.115055	0.257066	0.959521
10.6667	0.993489	0.00794678	-0.113651	-0.0366587	0.96681	-0.252852	0.10787	0.255372	0.960807
10.7	0.994397	0.00731824	-0.105457	-0.0337341	0.96741	-0.250958	0.100184	0.253109	0.962236
10.7333	0.995145	0.00898564	-0.0980087	-0.0326433	0.969589	-0.242554	0.0928486	0.244576	0.965174
10.7667	0.996101	0.00872174	-0.0877839	-0.0297558	0.970002	-0.24127	0.0830462	0.242942	0.966479
10.8	0.996912	0.00815379	-0.0780966	-0.0267471	0.970376	-0.240116	0.0738252	0.241464	0.967598
10.8333	0.997629	0.00705047	-0.0684549	-0.0232863	0.970644	-0.239392	0.0647575	0.240419	0.968507
10.8667	0.998204	0.00651273	-0.0595526	-0.0204161	0.971548	-0.23596	0.0563215	0.236752	0.969936
10.9	0.998776	0.004753	-0.049231	-0.0162769	0.971514	-0.236424	0.0467049	0.236936	0.970402
10.9333	0.999083	0.00394344	-0.0426252	-0.0136101	0.973342	-0.228956	0.040586	0.229326	0.972503
10.9667	0.999268	0.00136018	-0.0382433	-0.00989309	0.974577	-0.223836	0.0369666	0.224051	0.973876
11	0.999348	-0.00189482	-0.0360529	-0.00607786	0.975539	-0.219743	0.0355873	0.219819	0.974891
11.0333	0.999433	-0.00626175	-0.0330679	-0.0013191	0.974497	-0.224399	0.0336297	0.224315	0.973936
11.0667	0.999358	-0.00747367	-0.0350395	-0.000421307	0.975482	-0.220079	0.0358252	0.219953	0.974852
11.1	0.999329	-0.0124483	-0.034451	0.00416535	0.973003	-0.230754	0.0363934	0.230456	0.972402
11.1333	0.999159	-0.0168825	-0.0373737	0.00741652	0.970693	-0.240208	0.0403337	0.239729	0.970002
11.1667	0.99886	-0.0171955	-0.0445384	0.006073	0.971071	-0.238715	0.0473548	0.238173	0.970068
11.2	0.998416	-0.0157598	-0.0540047	0.0027674	0.972556	-0.232651	0.0561891	0.232133	0.97106
11.2333	0.997903	-0.0145293	-0.0630697	-0.000554622	0.972521	-0.232814	0.0647193	0.232361	0.970474
11.2667	0.997194	-0.0124297	-0.0738189	-0.00538353	0.971657	-0.236332	0.0746643	0.236067	0.968864
11.3	0.996042	-0.0105511	-0.0882549	-0.0111036	0.970381	-0.241326	0.0881871	0.241351	0.966423
11.3333	0.994627	-0.0102407	-0.103019	-0.0162009	0.967439	-0.252584	0.102252	0.252896	0.962075
11.3667	0.992872	-0.012315	-0.118544	-0.0204942	0.96219	-0.271607	0.117407	0.272101	0.95508
11.4	0.990304	-0.0147136	-0.138138	-0.0259154	0.957353	-0.287758	0.136481	0.288548	0.947688
11.4333	0.988072	-0.0229105	-0.152282	-0.0260028	0.949851	-0.311621	0.151784	0.311863	0.937925
11.4667	0.985412	-0.0294844	-0.167613	-0.0276768	0.944004	-0.328772	0.167921	0.328615	0.929416
11.5	0.982815	-0.0346792	-0.181309	-0.0297483	0.939601	-0.340975	0.182182	0.340509	0.922422
11.5333	0.980604	-0.0384497	-0.192192	-0.0317133	0.936524	-0.349167	0.193418	0.348489	0.917139
11.5667	0.979315	-0.0402696	-0.198294	-0.0328706	0.935317	-0.352282	0.199654	0.351513	0.914646
11.6	0.978373	-0.0385699	-0.203218	-0.0362969	0.935204	-0.352245	0.203637	0.352003	0.913579
11.6333	0.978181	-0.0368009	-0.204471	-0.038582	0.934889	-0.352836	0.204143	0.353026	0.913071
11.6667	0.979345	-0.0386	-0.198476	-0.0375548	0.929803	-0.366138	0.198676	0.366029	0.909148
11.7	0.980746	-0.0377399	-0.191607	-0.0372557	0.926972	-0.373276	0.191702	0.373227	0.907718
11.7333	0.982367	-0.0346562	-0.183724	-0.0376333	0.925905	-0.375878	0.183138	0.376164	0.908274
11.7667	0.98431	-0.0311519	-0.173675	-0.0374474	0.924987	-0.378149	0.172427	0.37872	0.909308
11.8	0.986395	-0.026463	-0.162249	-0.0373778	0.925007	-0.378108	0.160088	0.379028	0.911433
11.8333	0.988458	-0.017519	-0.150476	-0.0398643	0.928205	-0.369928	0.146154	0.371657	0.916793
11.8667	0.989998	-0.00353553	-0.141037	-0.0465123	0.935615	-0.349944	0.133194	0.353003	0.926093
11.9	0.989062	0.0232936	-0.145647	-0.0644196	0.956514	-0.284485	0.132687	0.290756	0.947552
11.9333	0.988462	0.0433985	-0.145121	-0.0757832	0.971237	-0.225733	0.131151	0.234126	0.96332
11.9667	0.988149	0.0541454	-0.143629	-0.0808618	0.978976	-0.187264	0.13047	0.196659	0.971753
12	0.988772	0.0541083	-0.139289	-0.0780374	0.981908	-0.172532	0.127433	0.181465	0.975106
12.0333	0.990342	0.04706	-0.130414	-0.0698801	0.981842	-0.176359	0.119747	0.183769	0.975648
12.0667	0.992757	0.0347899	-0.114993	-0.05738	0.978233	-0.19942	0.105552	0.204574	0.973144
12.1	0.994573	0.0269879	-0.100477	-0.0482793	0.975209	-0.215955	0.0921575	0.219634	0.97122
12.1333	0.99579	0.0268425	-0.0876488	-0.0456027	0.974511	-0.219654	0.0795187	0.222727	0.971632
12.1667	0.996147	0.0333341	-0.0811159	-0.0499456	0.975926	-0.212308	0.072086	0.215541	0.97383
12.2	0.996185	0.0371631	-0.0789534	-0.0525675	0.977759	-0.203037	0.0696519	0.206413	0.975983
12.2333	0.996073	0.0362329	-0.0807817	-0.0518217	0.978395	-0.200145	0.0717845	0.203546	0.97643
12.2667	0.996021	0.0310575	-0.0835352	-0.0476819	0.977585	-0.205073	0.0752936	0.20824	0.975175
12.3	0.99588	0.0256932	-0.086963	-0.0438675	0.975837	-0.214049	0.0793622	0.216982	0.972944
12.3333	0.995647	0.0213754	-0.0907165	-0.0412079	0.974	-0.222769	0.0835961	0.225538	0.970641
12.3667	0.995193	0.0185755	-0.0961556	-0.0402341	0.972711	-0.228506	0.089287	0.231276	0.968782
12.4	0.994518	0.0167457	-0.103212	-0.0405688	0.971564	-0.233276	0.0963707	0.236185	0.966917
