0	0	1	0	0	0	-1	-1	0	0
0.0333333	0.992654	0.11768	0.0281053	-0.0723806	0.76374	-0.641454	-0.0969516	0.634707	0.766647
0.0666667	0.99794	0.0469661	-0.0437094	-0.0640807	0.76319	-0.642989	0.00315994	0.644465	0.764627
0.1	0.997804	0.0424093	-0.0508711	-0.0655271	0.743755	-0.665233	0.00962352	0.667106	0.744901
0.133333	0.998166	0.0380818	-0.0470641	-0.0599163	0.732806	-0.677795	0.00867726	0.679371	0.733744
0.166667	0.998484	0.032035	-0.0447638	-0.0539775	0.729242	-0.682123	0.0107919	0.683505	0.729866
0.2	0.998774	0.0246549	-0.0429159	-0.047296	0.730954	-0.680786	0.0145849	0.681981	0.731224
0.233333	0.999199	0.0162523	-0.0365628	-0.0367318	0.734944	-0.677132	0.0158667	0.677933	0.734952
0.266667	0.999576	0.0085742	-0.0278108	-0.0250398	0.740387	-0.671714	0.0148314	0.672126	0.740288
0.3	0.999884	0.00179925	-0.0151028	-0.0114209	0.744599	-0.667414	0.0100447	0.667509	0.744534
0.333333	0.99998	-0.00613402	0.00119672	0.00537398	0.746203	-0.665697	0.0031904	0.665691	0.746221
0.366667	0.999752	-0.0154807	0.0160297	0.0222211	0.746759	-0.664723	-0.00167994	0.664915	0.746917
0.4	0.999316	-0.0262732	0.026012	0.0369138	0.748365	-0.66226	-0.00206674	0.662767	0.748823
0.433333	0.998857	-0.0358952	0.031556	0.0477935	0.74776	-0.662247	0.000175156	0.662998	0.748621
0.466667	0.998456	-0.0443154	0.0334812	0.0553745	0.747569	-0.661872	0.00430161	0.662704	0.748869
0.5	0.998208	-0.050398	0.0322652	0.0591423	0.748677	-0.660292	0.00912119	0.661017	0.750315
0.533333	0.997931	-0.0558156	0.0319213	0.0630339	0.751229	-0.657025	0.012692	0.657677	0.753193
0.566667	0.997586	-0.0604875	0.0340947	0.0680675	0.754963	-0.652225	0.0137112	0.652971	0.757258
0.6	0.997335	-0.0629877	0.0368056	0.0717816	0.757246	-0.649173	0.013019	0.650085	0.75975
0.633333	0.997054	-0.0647104	0.0411724	0.0759602	0.75884	-0.646833	0.0106136	0.648055	0.76152
0.666667	0.996807	-0.0649671	0.0464158	0.0795806	0.761166	-0.643656	0.00648635	0.645295	0.763906
0.7	0.996457	-0.065375	0.0529039	0.0840852	0.762897	-0.641028	0.00154697	0.643206	0.765692
0.733333	0.996257	-0.0638413	0.058283	0.086365	0.763976	-0.639439	-0.00370416	0.642079	0.766629
0.766667	0.995935	-0.0605687	0.0666751	0.0892532	0.763501	-0.639609	-0.0121662	0.64296	0.765803
0.8	0.995573	-0.0560285	0.0754719	0.0915582	0.759717	-0.643776	-0.0212674	0.647836	0.761483
0.833333	0.994958	-0.0523648	0.0855412	0.0955815	0.753473	-0.650494	-0.03039	0.65539	0.754679
0.866667	0.993663	-0.0540523	0.0985509	0.105885	0.74433	-0.659364	-0.0377142	0.665621	0.745336
0.9	0.991975	-0.0573129	0.112696	0.118298	0.735296	-0.667342	-0.0446173	0.675319	0.736175
0.933333	0.990309	-0.0577235	0.126315	0.128272	0.728808	-0.672596	-0.0532349	0.682281	0.729149
0.966667	0.988289	-0.0595885	0.140476	0.139995	0.720352	-0.679334	-0.0607121	0.691044	0.720259
1	0.985522	-0.0667243	0.155867	0.156735	0.709116	-0.687451	-0.0646578	0.701928	0.709307
1.03333	0.982396	-0.0759774	0.170661	0.174973	0.694247	-0.698144	-0.0654376	0.715715	0.69532
1.06667	0.978924	-0.0851833	0.185612	0.193854	0.673528	-0.713288	-0.0642549	0.734237	0.675846
1.1	0.975742	-0.0942515	0.197596	0.211237	0.642389	-0.736692	-0.0574988	0.760561	0.646715
1.13333	0.973369	-0.102469	0.205066	0.224876	0.600555	-0.76731	-0.0445284	0.792991	0.607604
1.16667	0.971517	-0.109881	0.209953	0.2354	0.5493	-0.801784	-0.0272262	0.828369	0.55952
1.2	0.970253	-0.118142	0.211311	0.242028	0.493776	-0.835229	-0.0056647	0.861527	0.507681
1.23333	0.969449	-0.130785	0.207517	0.244165	0.433515	-0.867438	0.0234864	0.891605	0.452204
1.26667	0.969168	-0.144181	0.199814	0.240482	0.376782	-0.894541	0.0536895	0.915012	0.399837
1.3	0.969325	-0.155694	0.19018	0.234072	0.348775	-0.907506	0.0749627	0.924184	0.374519
1.33333	0.969796	-0.167386	0.17742	0.226244	0.345448	-0.910757	0.0911585	0.923389	0.372884
1.36667	0.97038	-0.17928	0.161927	0.217802	0.359255	-0.907468	0.104518	0.915857	0.387661
1.4	0.971707	-0.188058	0.1429	0.206761	0.384815	-0.899537	0.114175	0.903632	0.412811
1.43333	0.973427	-0.193264	0.122834	0.194765	0.416613	-0.887975	0.120439	0.888303	0.443183
1.46667	0.974709	-0.198621	0.102435	0.183768	0.45152	-0.873132	0.127171	0.869873	0.476601
1.5	0.975867	-0.202558	0.081565	0.17332	0.491293	-0.853575	0.132826	0.847113	0.514545
1.53333	0.977195	-0.204021	0.0588723	0.161297	0.532855	-0.830692	0.138108	0.821243	0.553611
1.56667	0.978418	-0.203896	0.0335378	0.146518	0.570114	-0.808395	0.145708	0.795862	0.587684
1.6	0.978748	-0.204979	0.00607156	0.13036	0.599051	-0.790028	0.158302	0.77403	0.61304
1.63333	0.978099	-0.207157	-0.0201874	0.115473	0.620779	-0.775435	0.173169	0.756121	0.631105
1.66667	0.976753	-0.209401	-0.0458785	0.101372	0.63977	-0.761852	0.188884	0.73949	0.646125
1.7	0.97497	-0.210601	-0.0712748	0.0872761	0.657361	-0.748505	0.204489	0.723549	0.659288
1.73333	0.973573	-0.207999	-0.0942967	0.072805	0.674035	-0.735103	0.21646	0.708811	0.671366
1.76667	0.9717	-0.206481	-0.114737	0.0603206	0.686517	-0.724607	0.228387	0.69718	0.679544
1.8	0.970223	-0.202634	-0.132693	0.0482544	0.698555	-0.713928	0.237359	0.686266	0.687532
1.83333	0.968832	-0.198878	-0.147689	0.037826	0.707976	-0.705223	0.244813	0.677656	0.693433
1.86667	0.967312	-0.196762	-0.159975	0.029717	0.71445	-0.699055	0.251842	0.671451	0.696943
1.9	0.966034	-0.193813	-0.170921	0.0221238	0.721027	-0.692554	0.257465	0.66525	0.700824
1.93333	0.965449	-0.188495	-0.179937	0.0152212	0.730107	-0.683163	0.260146	0.65682	0.707751
1.96667	0.965431	-0.182164	-0.186436	0.00969783	0.739861	-0.672689	0.260476	0.647627	0.716052
2	0.965969	-0.175763	-0.189769	0.00516702	0.746628	-0.665222	0.258608	0.641603	0.722127
2.03333	0.966519	-0.170378	-0.191867	0.000592051	0.749218	-0.662323	0.256596	0.640034	0.724234
2.06667	0.967287	-0.166765	-0.191166	-0.00114964	0.750673	-0.660673	0.253681	0.63928	0.725925
2.1	0.968827	-0.162474	-0.187018	-0.0013062	0.751544	-0.659681	0.247733	0.639362	0.727904
2.13333	0.971052	-0.157255	-0.179799	0.000381435	0.75374	-0.657173	0.238866	0.638081	0.731981
2.16667	0.973037	-0.147581	-0.177252	-0.00398911	0.757612	-0.652693	0.230613	0.635801	0.736596
2.2	0.974282	-0.137773	-0.178304	-0.0121172	0.758121	-0.652002	0.225005	0.637394	0.736954
2.23333	0.97551	-0.131575	-0.176264	-0.0166083	0.755008	-0.655505	0.219329	0.642379	0.734333
2.26667	0.977395	-0.122681	-0.172187	-0.020819	0.754619	-0.655833	0.210394	0.644593	0.735007
2.3	0.97903	-0.110642	-0.171053	-0.0280321	0.758505	-0.651064	0.20178	0.642206	0.739497
2.33333	0.980368	-0.0959072	-0.172282	-0.0380892	0.765167	-0.642704	0.193465	0.636648	0.746492
2.36667	0.981846	-0.0838739	-0.17013	-0.0443302	0.77062	-0.635752	0.184428	0.631752	0.752912
2.4	0.9832	-0.0751868	-0.166325	-0.0482121	0.771889	-0.633927	0.176048	0.631296	0.755297
2.43333	0.984543	-0.0658716	-0.162283	-0.0524367	0.773211	-0.631977	0.167108	0.630718	0.757806
2.46667	0.985835	-0.0526109	-0.15925	-0.0604106	0.774399	-0.629807	0.156458	0.630506	0.760252
2.5	0.986847	-0.038285	-0.157056	-0.0702296	0.773539	-0.629846	0.145602	0.632591	0.760676
2.53333	0.987374	-0.026351	-0.1562	-0.0796794	0.769624	-0.633506	0.136909	0.637954	0.757807
2.56667	0.987704	-0.0154384	-0.155573	-0.0886576	0.764317	-0.638717	0.128768	0.644656	0.75355
2.6	0.988131	-0.00460163	-0.153545	-0.0964023	0.759642	-0.643157	0.119599	0.650325	0.750182
2.63333	0.988589	0.00429789	-0.150574	-0.101933	0.755061	-0.647683	0.110909	0.655641	0.746883
2.66667	0.988961	0.0107152	-0.147787	-0.105377	0.752043	-0.650635	0.104171	0.659027	0.744871
2.7	0.989544	0.015244	-0.143424	-0.106131	0.750322	-0.652497	0.0976674	0.660897	0.744095
2.73333	0.990414	0.0181536	-0.136934	-0.104304	0.748207	-0.655215	0.0905608	0.663217	0.742928
2.76667	0.99148	0.014806	-0.129417	-0.0974144	0.743858	-0.6612	0.0864785	0.668173	0.738963
2.8	0.992589	0.0125847	-0.120866	-0.0905683	0.739759	-0.666748	0.0810212	0.672754	0.735417
2.83333	0.993974	0.0102746	-0.109131	-0.0814323	0.73567	-0.672427	0.0733758	0.677262	0.732074
2.86667	0.9955	0.0097888	-0.0942547	-0.0716333	0.728884	-0.68088	0.0620357	0.684567	0.726305
2.9	0.996912	0.00883683	-0.0780324	-0.0603124	0.72253	-0.688704	0.0502948	0.691283	0.720832
2.93333	0.998072	0.0078377	-0.061563	-0.0484617	0.718102	-0.694248	0.0387672	0.695893	0.717098
2.96667	0.999028	0.0063886	-0.0436093	-0.0350555	0.714906	-0.698341	0.0267151	0.699192	0.714435
3	0.999664	0.00535014	-0.0253575	-0.021587	0.713305	-0.700521	0.0143397	0.700833	0.713181
3.03333	0.999956	0.000656625	-0.00937238	-0.00703387	0.713659	-0.700458	0.00622874	0.700493	0.713632
3.06667	0.999973	-0.00615334	0.00390385	0.00712736	0.71426	-0.699844	0.00151801	0.699854	0.714285
3.1	0.999834	-0.0129024	0.0128633	0.0182179	0.716109	-0.69775	-0.000208923	0.697869	0.716226
3.13333	0.999619	-0.0194005	0.0196473	0.0276039	0.718791	-0.694678	-0.00064522	0.694956	0.719052
3.16667	0.99936	-0.0254681	0.0251094	0.0357614	0.720873	-0.692144	-0.000473103	0.692599	0.721323
3.2	0.999092	-0.0300416	0.0302164	0.0425951	0.722297	-0.69027	-0.00108836	0.69093	0.722921
3.23333	0.998768	-0.0327559	0.0372859	0.0494284	0.724229	-0.687785	-0.00447452	0.688781	0.724956
3.26667	0.998425	-0.0326627	0.0456112	0.0550487	0.727085	-0.684337	-0.0108109	0.68577	0.727738
3.3	0.998103	-0.0299887	0.0537699	0.0586751	0.727859	-0.683212	-0.0186483	0.685071	0.728238
3.33333	0.997735	-0.0242436	0.0627435	0.0607351	0.725599	-0.685432	-0.0289093	0.687691	0.725428
3.36667	0.997103	-0.0203309	0.0732962	0.0654301	0.720657	-0.690198	-0.038789	0.692994	0.719899
3.4	0.996113	-0.0213998	0.085442	0.0749466	0.715539	-0.694541	-0.046274	0.698245	0.714362
3.43333	0.995013	-0.0232126	0.0970069	0.084673	0.710623	-0.698459	-0.0527223	0.703189	0.709045
3.46667	0.99379	-0.0255914	0.108288	0.0946813	0.705716	-0.70214	-0.0584516	0.708033	0.703756
3.5	0.991949	-0.0294722	0.123158	0.108557	0.698682	-0.707149	-0.0652073	0.714825	0.696256
3.53333	0.989667	-0.0363625	0.138698	0.12494	0.693296	-0.70974	-0.0703509	0.719735	0.690675
3.56667	0.986855	-0.0451499	0.155173	0.143362	0.687784	-0.711618	-0.074596	0.72451	0.685216
3.6	0.983704	-0.055103	0.171142	0.162342	0.681319	-0.713757	-0.0772722	0.729909	0.679162
3.63333	0.980509	-0.0633645	0.185974	0.179692	0.671986	-0.718433	-0.0794486	0.737848	0.670274
3.66667	0.976851	-0.0696168	0.202274	0.197359	0.658078	-0.726625	-0.0825266	0.749725	0.656584
3.7	0.97294	-0.0752822	0.21845	0.215389	0.637728	-0.739534	-0.0836378	0.766574	0.636686
3.73333	0.969771	-0.0819246	0.229852	0.231018	0.611566	-0.756715	-0.078576	0.78694	0.612006
3.76667	0.967359	-0.0887611	0.237356	0.244071	0.578277	-0.778476	-0.0681591	0.810998	0.581065
3.8	0.965782	-0.0937616	0.241815	0.253688	0.535372	-0.805617	-0.0539252	0.839396	0.540839
3.83333	0.964649	-0.105673	0.241424	0.262166	0.478149	-0.838238	-0.0268571	0.871898	0.48895
3.86667	0.964241	-0.121027	0.235777	0.26494	0.417631	-0.869132	0.0067204	0.90052	0.434762
3.9	0.964479	-0.137405	0.225609	0.261012	0.364287	-0.893962	0.0406485	0.921094	0.387211
3.93333	0.965371	-0.155891	0.209183	0.249871	0.322012	-0.913166	0.0749952	0.933813	0.349813
3.96667	0.965379	-0.176146	0.192393	0.23873	0.299382	-0.923785	0.105122	0.937733	0.331068
4	0.965278	-0.195745	0.172983	0.226645	0.298298	-0.927173	0.129889	0.934185	0.332305
4.03333	0.96529	-0.212116	0.152391	0.215458	0.316915	-0.923657	0.147627	0.924431	0.351617
4.06667	0.966036	-0.224022	0.128794	0.202468	0.346499	-0.915939	0.160563	0.910908	0.380088
4.1	0.966988	-0.2334	0.10227	0.187609	0.380481	-0.905559	0.172446	0.894851	0.411709
4.13333	0.967382	-0.242032	0.0747885	0.17331	0.417006	-0.892227	0.18476	0.876086	0.445351
4.16667	0.966895	-0.251224	0.0447224	0.159291	0.45732	-0.87492	0.199348	0.85308	0.482198
4.2	0.966187	-0.257563	0.0119807	0.145249	0.5053	-0.850632	0.213038	0.82361	0.525625
4.23333	0.96523	-0.260542	-0.0211761	0.131019	0.5523	-0.823285	0.226196	0.791885	0.567233
4.26667	0.963348	-0.262096	-0.0571575	0.113483	0.591242	-0.79847	0.24307	0.762718	0.599315
4.3	0.961499	-0.258647	-0.0928561	0.0940501	0.627195	-0.773163	0.258215	0.734662	0.627373
4.33333	0.959013	-0.253952	-0.125708	0.0746497	0.654381	-0.752471	0.273352	0.712246	0.646517
4.36667	0.956825	-0.244996	-0.156409	0.0545354	0.679863	-0.731308	0.285504	0.691204	0.663871
4.4	0.953397	-0.240314	-0.18244	0.0383254	0.696225	-0.7168	0.299276	0.676402	0.672989
4.43333	0.950121	-0.23613	-0.203745	0.0251711	0.709205	-0.704553	0.310863	0.664282	0.679775
4.46667	0.947852	-0.230237	-0.220381	0.0141186	0.721131	-0.692655	0.318399	0.653423	0.686776
4.5	0.946598	-0.223583	-0.232301	0.00602054	0.73263	-0.6806	0.322361	0.642856	0.694852
4.53333	0.94635	-0.216604	-0.2398	0.000470353	0.743009	-0.669281	0.323142	0.633262	0.703249
4.56667	0.947074	-0.21033	-0.242514	-0.00232302	0.750947	-0.660359	0.321008	0.625972	0.710713
4.6	0.94937	-0.202507	-0.240181	-0.00414188	0.756385	-0.654114	0.314132	0.621991	0.717251
4.63333	0.95381	-0.191226	-0.231685	-0.00533344	0.760333	-0.649512	0.300362	0.620747	0.724193
4.66667	0.959506	-0.174699	-0.220973	-0.00801056	0.767217	-0.641338	0.281575	0.617137	0.73475
4.7	0.962508	-0.154491	-0.222959	-0.0222185	0.774295	-0.632435	0.270341	0.613677	0.741833
4.73333	0.963362	-0.147856	-0.22377	-0.0280031	0.774311	-0.632185	0.26674	0.615289	0.741802
4.76667	0.964762	-0.141007	-0.22215	-0.0336028	0.771343	-0.635532	0.260968	0.620602	0.739425
4.8	0.967781	-0.12547	-0.218304	-0.0412735	0.776223	-0.629106	0.248387	0.617847	0.746035
4.83333	0.97128	-0.103985	-0.214015	-0.0513205	0.786727	-0.615164	0.232339	0.60848	0.758796
4.86667	0.973782	-0.0876592	-0.209916	-0.0609614	0.788464	-0.612052	0.219163	0.608802	0.762449
4.9	0.975902	-0.0755324	-0.204721	-0.0690159	0.78318	-0.617953	0.207009	0.617191	0.759093
4.93333	0.977921	-0.0601431	-0.200131	-0.0783184	0.782407	-0.617823	0.193742	0.619856	0.760422
4.96667	0.979755	-0.0440855	-0.195285	-0.0880693	0.781088	-0.618179	0.179787	0.622863	0.761392
5	0.980989	-0.031518	-0.191489	-0.0970831	0.774678	-0.624859	0.168037	0.63157	0.756891
5.03333	0.982034	-0.020965	-0.187537	-0.104515	0.767034	-0.633037	0.157119	0.641264	0.751062
5.06667	0.98295	-0.0148349	-0.183274	-0.107829	0.760854	-0.639902	0.148938	0.648754	0.746281
5.1	0.984329	-0.00799927	-0.176158	-0.108903	0.758126	-0.64295	0.138693	0.652059	0.745375
5.13333	0.98561	-0.00298884	-0.169007	-0.108019	0.757918	-0.643345	0.130016	0.652343	0.746689
5.16667	0.987145	0.000469058	-0.159829	-0.104665	0.75765	-0.644214	0.120792	0.652661	0.747959
5.2	0.988948	0.00186369	-0.148254	-0.0984542	0.755894	-0.647248	0.110858	0.654691	0.747723
5.23333	0.990927	0.00276318	-0.134374	-0.0906623	0.751808	-0.653119	0.0992189	0.659376	0.745238
5.26667	0.992857	0.00282973	-0.119278	-0.0814356	0.746709	-0.660146	0.0871979	0.665144	0.741606
5.3	0.994653	0.000534355	-0.103271	-0.069793	0.740542	-0.668377	0.0761195	0.67201	0.736619
5.33333	0.99625	-0.00235897	-0.0864902	-0.0569966	0.734189	-0.676548	0.0650962	0.678941	0.731302
5.36667	0.997608	-0.00449881	-0.0689782	-0.0440535	0.7276	-0.684586	0.0532684	0.685987	0.725661
5.4	0.998663	-0.00826003	-0.0510286	-0.0293071	0.722697	-0.690544	0.0425821	0.691116	0.721488
5.43333	0.99937	-0.012812	-0.0330929	-0.0138039	0.718751	-0.695131	0.0326916	0.69515	0.718121
5.46667	0.99968	-0.0190814	-0.016582	0.002118	0.716856	-0.697218	0.0251908	0.69696	0.716667
5.5	0.999668	-0.0254752	-0.00375123	0.0156239	0.715883	-0.698046	0.0204683	0.697756	0.716043
5.53333	0.999484	-0.0313447	0.00698624	0.027301	0.714789	-0.698807	0.0169102	0.698637	0.715276
5.56667	0.999252	-0.0362045	0.0135746	0.0354085	0.715792	-0.697416	0.015533	0.697375	0.716538
5.6	0.999066	-0.0380047	0.0205609	0.0416276	0.718941	-0.693823	0.0115864	0.694031	0.719852
5.63333	0.998862	-0.0383809	0.0283226	0.0472711	0.71707	-0.695397	0.00638065	0.695944	0.718068
5.66667	0.998622	-0.0350804	0.0390299	0.0523703	0.713857	-0.69833	-0.00336415	0.699412	0.714711
5.7	0.998332	-0.0285761	0.050162	0.0556365	0.708139	-0.703878	-0.0154077	0.705494	0.708548
5.73333	0.997855	-0.0214172	0.0618633	0.0590925	0.701366	-0.710348	-0.0281751	0.71248	0.701127
5.76667	0.996925	-0.0212364	0.0754275	0.0689525	0.695038	-0.715659	-0.037227	0.71866	0.694365
5.8	0.995676	-0.0252915	0.0893865	0.0822984	0.686467	-0.722489	-0.0430881	0.726721	0.68558
5.83333	0.994214	-0.0284882	0.103571	0.0954454	0.676645	-0.730097	-0.0492817	0.735758	0.675449
5.86667	0.992657	-0.031071	0.116903	0.107635	0.667876	-0.736449	-0.0551943	0.743624	0.666316
5.9	0.990773	-0.0347707	0.130993	0.121012	0.662179	-0.73951	-0.0610279	0.748538	0.660277
5.93333	0.988318	-0.0409641	0.146794	0.13759	0.65406	-0.743825	-0.0655422	0.755333	0.652055
5.96667	0.98529	-0.0469345	0.164319	0.155692	0.642952	-0.749915	-0.0704526	0.764467	0.640801
6	0.982133	-0.0524498	0.18073	0.172887	0.630786	-0.756452	-0.0743264	0.774183	0.628583
6.03333	0.978999	-0.0581864	0.195385	0.188826	0.620086	-0.761471	-0.0768484	0.782373	0.61805
6.06667	0.975781	-0.0635168	0.209323	0.204549	0.604083	-0.770223	-0.0775266	0.794386	0.602446
6.1	0.972976	-0.0692589	0.220274	0.219028	0.57885	-0.785467	-0.0731053	0.812487	0.578377
6.13333	0.971206	-0.0760798	0.225765	0.230252	0.543075	-0.807498	-0.0611732	0.836231	0.544955
6.16667	0.969713	-0.0834542	0.229549	0.239996	0.500174	-0.832002	-0.0453805	0.861894	0.505054
6.2	0.968975	-0.0937388	0.228693	0.246195	0.447707	-0.85962	-0.0218076	0.889253	0.456895
6.23333	0.969219	-0.104974	0.222697	0.246129	0.391566	-0.886621	0.00587201	0.914143	0.40535
6.26667	0.9697	-0.119644	0.212994	0.241891	0.34817	-0.905686	0.0342023	0.929765	0.366561
6.3	0.969597	-0.136294	0.20324	0.237654	0.326461	-0.914846	0.058338	0.935333	0.348926
6.33333	0.969844	-0.152831	0.189857	0.231046	0.328511	-0.915805	0.0775937	0.932053	0.353916
6.36667	0.970317	-0.168495	0.173477	0.222936	0.345204	-0.911665	0.093726	0.923279	0.372521
6.4	0.970974	-0.181331	0.15598	0.214499	0.371587	-0.903279	0.105832	0.910517	0.399697
6.43333	0.971373	-0.192848	0.138723	0.206737	0.398578	-0.89353	0.117023	0.89663	0.427036
6.46667	0.971548	-0.203998	0.120332	0.199182	0.428848	-0.881145	0.128148	0.880042	0.457279
6.5	0.972047	-0.212658	0.0995045	0.190007	0.463557	-0.865455	0.13792	0.860169	0.491006
6.53333	0.972582	-0.21996	0.0755045	0.178697	0.499065	-0.84794	0.148831	0.838184	0.524688
6.56667	0.972982	-0.225524	0.0494548	0.165093	0.529845	-0.83187	0.161403	0.817559	0.552762
6.6	0.972728	-0.231065	0.0202252	0.149324	0.557114	-0.8169	0.177489	0.797642	0.576424
6.63333	0.972032	-0.23472	-0.00775871	0.133523	0.579522	-0.803944	0.193198	0.780423	0.594655
6.66667	0.971486	-0.234559	-0.0345859	0.116911	0.60082	-0.790789	0.206266	0.764198	0.611111
6.7	0.970944	-0.231588	-0.0602931	0.10001	0.621571	-0.776947	0.217408	0.748342	0.626672
6.73333	0.970486	-0.226056	-0.0840025	0.0838065	0.642756	-0.761473	0.226128	0.731959	0.642731
6.76667	0.969938	-0.219374	-0.105334	0.0689782	0.662934	-0.745493	0.233372	0.715817	0.658137
6.8	0.969206	-0.212215	-0.124919	0.0542596	0.678853	-0.732267	0.2402	0.702939	0.669463
6.83333	0.968036	-0.207182	-0.141357	0.0432387	0.693017	-0.719623	0.247056	0.690509	0.679824
6.86667	0.967175	-0.201462	-0.154872	0.0340254	0.70665	-0.706744	0.251822	0.678276	0.690309
6.9	0.966345	-0.195821	-0.166828	0.0259974	0.719523	-0.693982	0.255933	0.666289	0.700398
6.93333	0.965534	-0.190445	-0.177409	0.0186402	0.730467	-0.682693	0.259607	0.655857	0.708841
6.96667	0.965251	-0.183299	-0.186256	0.0102312	0.738702	-0.673954	0.261123	0.64863	0.714909
7	0.965494	-0.17475	-0.19309	0.00155446	0.745294	-0.666734	0.260421	0.643427	0.719849
7.03333	0.966062	-0.167051	-0.197023	-0.00535024	0.749634	-0.661831	0.258255	0.640424	0.723299
7.06667	0.967574	-0.15984	-0.195578	-0.00883697	0.752408	-0.658638	0.252431	0.63901	0.726598
7.1	0.970368	-0.151964	-0.187865	-0.00923616	0.753587	-0.657283	0.241456	0.639541	0.729853
7.13333	0.974367	-0.14099	-0.175302	-0.00931084	0.7533	-0.657611	0.224772	0.642386	0.732678
7.16667	0.978131	-0.12469	-0.166469	-0.0142052	0.758455	-0.651571	0.207504	0.639687	0.740097
7.2	0.979637	-0.107329	-0.169682	-0.0287376	0.761471	-0.647562	0.19871	0.639252	0.74288
7.23333	0.980325	-0.101619	-0.169221	-0.0334692	0.759309	-0.649869	0.19453	0.642746	0.740969
7.26667	0.981591	-0.0931154	-0.166761	-0.0393787	0.755687	-0.653748	0.186893	0.648279	0.738109
7.3	0.983019	-0.0799574	-0.165165	-0.0479732	0.756794	-0.651891	0.17712	0.648745	0.740107
7.33333	0.984053	-0.0641578	-0.165904	-0.0587657	0.763058	-0.643653	0.16789	0.643138	0.747119
7.36667	0.984753	-0.0515303	-0.166151	-0.0674055	0.767473	-0.637528	0.160368	0.639007	0.752298
7.4	0.985336	-0.0407325	-0.16569	-0.075587	0.76639	-0.637913	0.152967	0.641083	0.752073
7.43333	0.986036	-0.029705	-0.163859	-0.0820619	0.769529	-0.633318	0.144907	0.637921	0.756346
7.46667	0.986444	-0.0192292	-0.162969	-0.0894692	0.7695	-0.632349	0.137564	0.638358	0.757348
7.5	0.986609	-0.010317	-0.162774	-0.0970129	0.76514	-0.636514	0.131112	0.643782	0.753893
7.53333	0.986727	-0.000880669	-0.162383	-0.10429	0.763059	-0.637859	0.124469	0.646328	0.75284
7.56667	0.987162	0.00782209	-0.159528	-0.108855	0.763852	-0.636145	0.11688	0.645344	0.754897
7.6	0.9876	0.0151042	-0.156262	-0.111994	0.765311	-0.633843	0.110015	0.643483	0.757513
7.63333	0.987958	0.0211836	-0.153267	-0.114503	0.766324	-0.632168	0.104061	0.642105	0.759521
7.66667	0.988134	0.024903	-0.151562	-0.115486	0.771029	-0.626241	0.101264	0.636313	0.764756
7.7	0.988412	0.0272429	-0.149329	-0.114882	0.777253	-0.618611	0.0992137	0.628598	0.771377
7.73333	0.989003	0.0280551	-0.145209	-0.112101	0.782635	-0.612303	0.0964674	0.621848	0.777174
7.76667	0.990098	0.026643	-0.137826	-0.10565	0.787922	-0.606645	0.0924334	0.615199	0.782934
7.8	0.99131	0.0231507	-0.129496	-0.097129	0.792701	-0.601823	0.0887187	0.60917	0.788061
7.83333	0.992567	0.0192715	-0.12016	-0.0876143	0.798436	-0.595671	0.0844609	0.601771	0.79419
7.86667	0.993902	0.0147749	-0.109269	-0.0767211	0.804424	-0.58908	0.0791948	0.593872	0.800653
7.9	0.995154	0.00864813	-0.0979498	-0.064396	0.810113	-0.582726	0.0743109	0.58621	0.806744
7.93333	0.996363	0.000351386	-0.0852081	-0.0496394	0.815173	-0.577086	0.0692566	0.579217	0.812226
7.96667	0.997391	-0.00892258	-0.0716309	-0.0337758	0.819312	-0.572352	0.063795	0.573278	0.816874
8	0.998168	-0.019197	-0.0573808	-0.0168163	0.822959	-0.567852	0.0581231	0.567776	0.821128
8.03333	0.998637	-0.0300443	-0.0426804	0.000578248	0.824035	-0.566538	0.0521914	0.565741	0.82293
8.06667	0.998824	-0.0398504	-0.0276137	0.0172075	0.823861	-0.56653	0.0453263	0.565389	0.823578
8.1	0.998689	-0.0493317	-0.0136435	0.0328996	0.822906	-0.567224	0.0392094	0.566031	0.823451
8.13333	0.998253	-0.0587544	-0.00617296	0.0450834	0.825144	-0.563121	0.0381794	0.561859	0.826352
8.16667	0.997796	-0.066359	-0.00020606	0.0547817	0.825461	-0.561794	0.0374501	0.560544	0.827277
8.2	0.997365	-0.0723123	0.00589491	0.0631361	0.825025	-0.561559	0.0357441	0.560451	0.827416
8.23333	0.996899	-0.0775664	0.0132744	0.0716188	0.824365	-0.56151	0.0326114	0.56072	0.827363
8.26667	0.996494	-0.0808399	0.0215482	0.0788971	0.822344	-0.563494	0.0278327	0.563218	0.825839
8.3	0.996228	-0.081421	0.0300146	0.0839792	0.817481	-0.5698	0.0218573	0.570171	0.821235
8.33333	0.996192	-0.077212	0.0405015	0.0863902	0.811333	-0.578166	0.0117812	0.579463	0.814913
8.36667	0.996133	-0.0695026	0.0537402	0.0878297	0.802681	-0.589906	-0.00213633	0.592344	0.805682
8.4	0.996046	-0.0563699	0.0686655	0.0865107	0.791259	-0.605331	-0.0202097	0.608878	0.793007
8.43333	0.995228	-0.0515451	0.0828462	0.0922613	0.773449	-0.627108	-0.0317529	0.63176	0.774514
8.46667	0.99396	-0.0525812	0.0963257	0.102918	0.751329	-0.651854	-0.038097	0.65783	0.752202
8.5	0.992646	-0.0509537	0.109807	0.11229	0.726415	-0.67802	-0.0452176	0.685364	0.726795
8.53333	0.991203	-0.0461223	0.124055	0.120393	0.703558	-0.700365	-0.0549775	0.709139	0.702922
8.56667	0.988892	-0.0471793	0.140947	0.134967	0.682228	-0.718574	-0.0622561	0.729616	0.681018
8.6	0.986301	-0.0549255	0.155541	0.152756	0.659987	-0.735583	-0.0622529	0.749266	0.659337
8.63333	0.983799	-0.0633227	0.167721	0.169757	0.62984	-0.757947	-0.0576424	0.77414	0.630385
8.66667	0.981699	-0.070879	0.17676	0.183808	0.595483	-0.782058	-0.0498261	0.800235	0.597613
8.7	0.979182	-0.0774647	0.18762	0.198751	0.553656	-0.80868	-0.041233	0.829135	0.557526
8.73333	0.977718	-0.0833127	0.192682	0.208222	0.501489	-0.839733	-0.0266676	0.861143	0.507663
8.76667	0.976913	-0.0926854	0.192484	0.213593	0.441979	-0.871225	-0.00432407	0.892224	0.451572
8.8	0.976066	-0.109682	0.187788	0.215596	0.374823	-0.90168	0.0285107	0.920585	0.389499
8.83333	0.975336	-0.127614	0.180095	0.211825	0.311811	-0.926231	0.0620445	0.941535	0.331152
8.86667	0.973388	-0.153452	0.170201	0.206259	0.262988	-0.942494	0.0998668	0.952517	0.287641
8.9	0.970287	-0.183514	0.157689	0.199557	0.238425	-0.950437	0.136821	0.953665	0.267962
8.93333	0.966456	-0.213522	0.142725	0.193417	0.239485	-0.951439	0.168973	0.94713	0.272751
8.96667	0.962912	-0.237988	0.127132	0.189766	0.26239	-0.946118	0.191807	0.935154	0.297821
9	0.960198	-0.257596	0.108004	0.184743	0.295662	-0.937259	0.209501	0.919907	0.331483
9.03333	0.958462	-0.271957	0.0859638	0.177879	0.334354	-0.925509	0.222957	0.902356	0.368841
9.06667	0.957509	-0.281599	0.0622735	0.17144	0.382128	-0.908068	0.231915	0.880159	0.414168
9.1	0.957951	-0.284677	0.0358972	0.163586	0.439077	-0.883431	0.235731	0.852156	0.467184
9.13333	0.959492	-0.281628	0.00785441	0.152734	0.496527	-0.854478	0.236745	0.821064	0.519428
9.16667	0.961347	-0.274472	-0.0218394	0.13839	0.550239	-0.823459	0.238033	0.788608	0.566955
9.2	0.962856	-0.265212	-0.0507044	0.121984	0.594775	-0.794584	0.240891	0.758884	0.605034
9.23333	0.963907	-0.254506	-0.0781629	0.103348	0.628241	-0.771125	0.245361	0.735215	0.631868
9.26667	0.96411	-0.244486	-0.103534	0.0844646	0.652123	-0.753393	0.251711	0.717609	0.649368
9.3	0.963142	-0.236622	-0.127934	0.0668563	0.671254	-0.738206	0.260552	0.702444	0.662333
9.33333	0.961791	-0.229908	-0.148659	0.0508858	0.683633	-0.72805	0.269013	0.692668	0.669211
9.36667	0.959982	-0.225236	-0.166446	0.0382938	0.694297	-0.718669	0.277433	0.683535	0.675137
9.4	0.958693	-0.220087	-0.180195	0.0291221	0.706117	-0.707496	0.28295	0.673024	0.683358
9.43333	0.957707	-0.21536	-0.190836	0.0233775	0.719249	-0.694359	0.286796	0.660531	0.693864
9.46667	0.957824	-0.20848	-0.197759	0.0184001	0.731291	-0.681818	0.286765	0.649423	0.704284
9.5	0.95845	-0.201233	-0.202183	0.0138362	0.74073	-0.67166	0.284923	0.640956	0.712737
9.53333	0.959643	-0.194151	-0.203448	0.0102849	0.74719	-0.664531	0.281034	0.63562	0.719032
9.56667	0.961235	-0.187356	-0.202299	0.00733373	0.750797	-0.660492	0.275633	0.633405	0.723066
9.6	0.963781	-0.179648	-0.197113	0.00605514	0.753641	-0.657258	0.266627	0.632259	0.727432
9.63333	0.967203	-0.170381	-0.188387	0.00664381	0.758376	-0.651783	0.25392	0.629155	0.734636
9.66667	0.969572	-0.153303	-0.190861	-0.00533858	0.766218	-0.642559	0.244748	0.624026	0.742085
9.7	0.970749	-0.141178	-0.194204	-0.0165662	0.767546	-0.64078	0.239525	0.625253	0.742756
9.73333	0.972618	-0.130687	-0.192187	-0.0250467	0.76317	-0.645713	0.231058	0.632845	0.738999
9.76667	0.974765	-0.118024	-0.18948	-0.0325332	0.764634	-0.643643	0.220849	0.633565	0.741499
9.8	0.976372	-0.102336	-0.190328	-0.0437497	0.768907	-0.637862	0.21162	0.631118	0.746262
9.83333	0.978067	-0.0842329	-0.1905	-0.055417	0.776387	-0.627816	0.200784	0.624603	0.75469
9.86667	0.979812	-0.068215	-0.187926	-0.0650836	0.77995	-0.622448	0.189033	0.622113	0.759764
9.9	0.98125	-0.0540303	-0.185012	-0.0740995	0.780379	-0.620901	0.177927	0.622969	0.761743
9.93333	0.982415	-0.0394609	-0.182493	-0.0839152	0.779815	-0.620361	0.166791	0.624766	0.76279
9.96667	0.983553	-0.0252644	-0.178845	-0.0934119	0.776318	-0.623381	0.15459	0.629835	0.76119
10	0.984153	-0.0121105	-0.17691	-0.102407	0.775656	-0.622793	0.144763	0.63104	0.762124
10.0333	0.984881	-0.00411673	-0.173183	-0.106277	0.775116	-0.622816	0.136801	0.631805	0.76296
10.0667	0.985459	0.00233834	-0.169897	-0.109305	0.774269	-0.623346	0.130089	0.632853	0.763265
10.1	0.986187	0.00968381	-0.16535	-0.111954	0.774694	-0.622347	0.122069	0.632263	0.765077
10.1333	0.987007	0.0143526	-0.160034	-0.112355	0.773658	-0.623562	0.114862	0.633441	0.765218
10.1667	0.987966	0.0158237	-0.153857	-0.109591	0.773572	-0.624161	0.109143	0.633511	0.765997
10.2	0.989125	0.0151645	-0.146296	-0.104214	0.774159	-0.624353	0.103789	0.632809	0.76732
10.2333	0.990369	0.0135682	-0.137786	-0.097764	0.773217	-0.62656	0.0980373	0.633996	0.767097
10.2667	0.991637	0.0109562	-0.128595	-0.0903491	0.770445	-0.631072	0.0921609	0.637412	0.764991
10.3	0.992885	0.00986493	-0.11867	-0.0834471	0.768575	-0.634294	0.0849493	0.639683	0.76393
10.3333	0.994156	0.0105416	-0.107434	-0.0768837	0.767752	-0.636118	0.0757773	0.640661	0.764076
10.3667	0.995531	0.00952575	-0.0939514	-0.067629	0.766296	-0.638919	0.0659084	0.642417	0.763516
10.4	0.996848	0.00674844	-0.0790494	-0.0561981	0.763369	-0.643514	0.0560011	0.645928	0.761342
10.4333	0.997978	0.00309649	-0.063487	-0.0435589	0.760721	-0.647616	0.0462906	0.649072	0.759317
10.4667	0.998893	-0.00125307	-0.0470202	-0.029603	0.760093	-0.64914	0.0365532	0.649813	0.759214
10.5	0.999499	-0.00699733	-0.0308803	-0.0147353	0.760436	-0.649245	0.0280255	0.649375	0.759952
10.5333	0.999764	-0.0133647	-0.0171414	-0.000955531	0.760841	-0.648937	0.0217147	0.6488	0.760649
10.5667	0.999798	-0.0193627	-0.00538272	0.0112232	0.760119	-0.649687	0.0166712	0.649495	0.760183
10.6	0.999662	-0.0257336	0.00372608	0.0219926	0.760342	-0.64915	0.0138719	0.649013	0.760651
10.6333	0.999405	-0.0319537	0.0130023	0.0327407	0.759797	-0.649335	0.0108696	0.649374	0.760391
10.6667	0.999184	-0.0353386	0.0195674	0.0395235	0.755243	-0.654252	0.0083422	0.654491	0.756023
10.7	0.998929	-0.0373709	0.027269	0.0460624	0.748744	-0.661257	0.00429431	0.661805	0.749663
10.7333	0.998715	-0.0367473	0.0349128	0.0506685	0.742816	-0.667575	-0.00140221	0.668486	0.743723
10.7667	0.998574	-0.034345	0.0408713	0.0529264	0.737105	-0.673703	-0.00698808	0.674905	0.737871
10.8	0.998424	-0.0313849	0.0465276	0.0546698	0.731329	-0.679831	-0.0126906	0.681303	0.731892
10.8333	0.99817	-0.0280588	0.053575	0.0571844	0.726228	-0.685072	-0.0196853	0.686881	0.726503
10.8667	0.997836	-0.0237129	0.0613298	0.0595372	0.721721	-0.689619	-0.0279102	0.691778	0.721571
10.9	0.997352	-0.0198324	0.0699665	0.0630402	0.715441	-0.695823	-0.0362571	0.698391	0.714797
10.9333	0.996691	-0.0167704	0.0795346	0.0679905	0.708243	-0.702687	-0.0445455	0.70577	0.707039
10.9667	0.99555	-0.0198287	0.0921241	0.0797273	0.698391	-0.711262	-0.0502353	0.715442	0.696864
11	0.994212	-0.0240654	0.104704	0.0926075	0.686005	-0.72168	-0.0544598	0.727199	0.684263
11.0333	0.992857	-0.0280013	0.115978	0.104497	0.673214	-0.732027	-0.0575806	0.738917	0.671332
11.0667	0.991001	-0.0332114	0.12967	0.119155	0.660244	-0.741539	-0.0609863	0.750317	0.65826
11.1	0.988854	-0.0409007	0.143158	0.135612	0.644298	-0.752655	-0.0614521	0.76368	0.642663
11.1333	0.986683	-0.0484698	0.155265	0.151476	0.621585	-0.768562	-0.0592584	0.781846	0.620649
11.1667	0.984299	-0.0543231	0.167945	0.166719	0.598629	-0.783485	-0.0579753	0.799182	0.598286
11.2	0.981476	-0.0634395	0.180776	0.183896	0.576587	-0.796071	-0.0537308	0.814569	0.577573
11.2333	0.978139	-0.0766813	0.193296	0.203214	0.549722	-0.810253	-0.0441277	0.831821	0.553287
11.2667	0.974789	-0.0925733	0.203016	0.221319	0.516751	-0.827035	-0.0283476	0.851116	0.524212
11.3	0.972552	-0.108494	0.205844	0.232606	0.476418	-0.847892	-0.00607699	0.8725	0.488577
11.3333	0.969517	-0.12754	0.209215	0.244042	0.426219	-0.87108	0.021926	0.895584	0.444352
11.3667	0.966598	-0.148886	0.208617	0.250247	0.372447	-0.893678	0.0553576	0.916033	0.397265
11.4	0.963244	-0.174936	0.203857	0.2512	0.317714	-0.914306	0.095177	0.931909	0.34998
11.4333	0.961596	-0.192862	0.195289	0.244801	0.280885	-0.927996	0.124121	0.940164	0.31731
11.4667	0.959849	-0.212351	0.183294	0.236419	0.260694	-0.936026	0.150982	0.941778	0.300431
11.5	0.958057	-0.232323	0.167788	0.227107	0.258414	-0.938959	0.174783	0.937682	0.300337
11.5333	0.956886	-0.249712	0.14837	0.217535	0.277601	-0.935744	0.192479	0.927675	0.319954
11.5667	0.957988	-0.257677	0.125941	0.206594	0.315388	-0.926202	0.19894	0.913309	0.355372
11.6	0.957981	-0.267977	0.102276	0.194923	0.346642	-0.917521	0.210422	0.898904	0.384311
11.6333	0.957511	-0.278353	0.0754529	0.182466	0.382097	-0.905929	0.223337	0.881205	0.416652
11.6667	0.956687	-0.287341	0.0467538	0.171012	0.424719	-0.889027	0.235596	0.858515	0.455462
11.7	0.95578	-0.29364	0.0161097	0.159836	0.472712	-0.8666	0.246853	0.830854	0.498743
11.7333	0.954305	-0.298263	-0.0184601	0.146138	0.519674	-0.841773	0.260663	0.800611	0.539515
11.7667	0.95192	-0.301453	-0.0545431	0.131203	0.562062	-0.816622	0.27683	0.770203	0.574589
11.8	0.949493	-0.300033	-0.0918827	0.112002	0.597584	-0.793945	0.293118	0.743555	0.601006
11.8333	0.94752	-0.292978	-0.127945	0.0899347	0.628317	-0.772742	0.306786	0.720682	0.621692
11.8667	0.944638	-0.285962	-0.160885	0.0713823	0.657699	-0.749891	0.320254	0.696892	0.6417
11.9	0.941324	-0.278968	-0.189964	0.0540915	0.680271	-0.730962	0.333142	0.677796	0.655445
11.9333	0.939493	-0.267483	-0.214025	0.038041	0.702359	-0.710806	0.340451	0.659655	0.670036
11.9667	0.937329	-0.259933	-0.232052	0.0258329	0.715973	-0.69765	0.347485	0.647934	0.677817
12	0.936363	-0.249844	-0.246583	0.0154924	0.731176	-0.682013	0.350692	0.634792	0.688516
12.0333	0.937343	-0.238451	-0.254024	0.00799442	0.74363	-0.668544	0.348315	0.624624	0.698943
12.0667	0.939927	-0.228897	-0.253267	0.00482797	0.750739	-0.660581	0.341343	0.619675	0.706745
12.1	0.94448	-0.218774	-0.245144	0.00408452	0.753855	-0.657028	0.328544	0.619548	0.712895
12.1333	0.949686	-0.204913	-0.236868	0.003857	0.763871	-0.645357	0.313179	0.611973	0.726229
12.1667	0.951887	-0.183401	-0.24551	-0.0132328	0.775798	-0.630843	0.306163	0.60374	0.736045
12.2	0.953058	-0.172461	-0.248872	-0.0212227	0.781866	-0.623085	0.302042	0.599118	0.741504
12.2333	0.954797	-0.164971	-0.247278	-0.0272068	0.779876	-0.625343	0.29601	0.603803	0.740135
12.2667	0.957681	-0.153772	-0.243312	-0.03065	0.786042	-0.617413	0.286194	0.598743	0.748064
12.3	0.960107	-0.137694	-0.243384	-0.0385203	0.796943	-0.602825	0.276968	0.588151	0.759847
12.3333	0.963061	-0.121751	-0.240189	-0.044299	0.80817	-0.58728	0.265616	0.576227	0.772924
12.3667	0.966	-0.10902	-0.234434	-0.0485874	0.814045	-0.578766	0.253936	0.570478	0.78107
12.4	0.968441	-0.095409	-0.230258	-0.054362	0.820734	-0.568718	0.243241	0.563287	0.789646
