0	0.955863	-0.293814	0	0.293814	0.955863	0	0	0	1
0.0333333	0.904298	-0.341429	-0.256264	0.326392	0.93988	-0.100468	0.27516	0.00721023	0.961371
0.0666667	0.861971	-0.295518	-0.411917	0.254811	0.954984	-0.151912	0.438267	0.0259826	0.898469
0.1	0.834793	-0.262536	-0.483938	0.203742	0.963894	-0.171456	0.511478	0.0445313	0.858141
0.133333	0.822744	-0.238159	-0.516113	0.168498	0.969367	-0.178706	0.542863	0.0600651	0.83767
0.166667	0.818488	-0.221032	-0.530304	0.145114	0.972639	-0.181424	0.555895	0.0715387	0.828168
0.2	0.816805	-0.209724	-0.537444	0.130059	0.974542	-0.182628	0.562063	0.0792721	0.823287
0.233333	0.815447	-0.203144	-0.542014	0.121171	0.975554	-0.183334	0.566007	0.0838223	0.820128
0.266667	0.813501	-0.200296	-0.545983	0.116863	0.97597	-0.183916	0.569701	0.0858104	0.81736
0.3	0.811931	-0.199235	-0.548702	0.114971	0.976121	-0.184305	0.57232	0.0865582	0.815449
0.333333	0.811441	-0.198448	-0.549711	0.113795	0.976232	-0.184448	0.573249	0.0871141	0.814737
0.366667	0.810745	-0.197624	-0.551033	0.112503	0.976347	-0.184633	0.574487	0.0876975	0.813802
0.4	0.810563	-0.197668	-0.551285	0.112498	0.976341	-0.184668	0.574745	0.0876666	0.813623
0.433333	0.809847	-0.198781	-0.551937	0.11369	0.976186	-0.184759	0.57552	0.0868767	0.81316
0.466667	0.808812	-0.200865	-0.552699	0.116029	0.97589	-0.184868	0.576507	0.0853944	0.812618
0.5	0.806889	-0.202826	-0.55479	0.117918	0.975606	-0.185172	0.578814	0.0839935	0.811122
0.533333	0.805222	-0.204632	-0.556546	0.1197	0.97534	-0.185431	0.580766	0.082695	0.809859
0.566667	0.804618	-0.205729	-0.557014	0.12092	0.975176	-0.185502	0.58135	0.0819038	0.809521
0.6	0.805623	-0.206287	-0.555353	0.121978	0.975091	-0.185251	0.579735	0.0815017	0.810719
0.633333	0.807793	-0.206712	-0.552034	0.123254	0.975027	-0.184747	0.576437	0.0811973	0.813097
0.666667	0.810088	-0.205989	-0.548932	0.12309	0.975137	-0.184275	0.573242	0.0817113	0.815302
0.7	0.813638	-0.20463	-0.544169	0.122535	0.975342	-0.183555	0.568312	0.0826677	0.81865
0.733333	0.817641	-0.202305	-0.539014	0.120912	0.975689	-0.182787	0.562889	0.0842805	0.822224
0.766667	0.819289	-0.200246	-0.537278	0.118844	0.975991	-0.182532	0.560929	0.0856948	0.823416
0.8	0.821045	-0.198838	-0.535115	0.117649	0.976194	-0.182221	0.558608	0.0866562	0.824892
0.833333	0.819178	-0.199801	-0.537612	0.11824	0.976055	-0.182579	0.561218	0.0859979	0.823188
0.866667	0.817882	-0.202055	-0.538742	0.120676	0.975726	-0.182744	0.562589	0.0844504	0.822412
0.9	0.815263	-0.206696	-0.540946	0.125725	0.975026	-0.183077	0.565278	0.081246	0.82089
0.933333	0.810505	-0.213308	-0.54551	0.132621	0.973975	-0.183804	0.57052	0.0766276	0.817701
0.966667	0.805873	-0.218297	-0.550377	0.137522	0.973141	-0.184617	0.575896	0.073089	0.814249
1	0.801605	-0.221338	-0.555372	0.140053	0.972617	-0.185478	0.581218	0.0708985	0.810654
1.03333	0.797716	-0.223787	-0.559972	0.141964	0.972185	-0.186288	0.586085	0.0691088	0.807297
1.06667	0.793584	-0.227029	-0.56452	0.144858	0.971601	-0.187106	0.590967	0.0667093	0.803933
1.1	0.789527	-0.230864	-0.568638	0.148588	0.97089	-0.187869	0.595457	0.0638343	0.800847
1.13333	0.785586	-0.234427	-0.572624	0.152027	0.97021	-0.188628	0.599785	0.0611294	0.797823
1.16667	0.781059	-0.237216	-0.577646	0.154268	0.969665	-0.189609	0.605101	0.0589836	0.79396
1.2	0.776301	-0.239256	-0.583193	0.155454	0.969259	-0.190711	0.610894	0.0573896	0.78963
1.23333	0.770687	-0.240568	-0.590058	0.155401	0.968995	-0.19209	0.617974	0.0563456	0.784177
1.26667	0.763677	-0.241838	-0.598592	0.15486	0.968739	-0.193813	0.62675	0.0553127	0.777254
1.3	0.75481	-0.242824	-0.609343	0.153362	0.968539	-0.19599	0.637763	0.0544848	0.768303
1.33333	0.744991	-0.243611	-0.621002	0.151319	0.96838	-0.19835	0.649686	0.0537995	0.758297
1.36667	0.732921	-0.243849	-0.63511	0.147827	0.968332	-0.201196	0.664059	0.0535745	0.745758
1.4	0.720298	-0.243549	-0.649504	0.143419	0.968393	-0.204074	0.678677	0.0538426	0.732461
1.43333	0.709113	-0.243866	-0.66158	0.140382	0.96833	-0.206469	0.690979	0.0535363	0.72089
1.46667	0.701359	-0.24424	-0.669658	0.138522	0.968256	-0.208067	0.699219	0.0531676	0.712928
1.5	0.699069	-0.2442	-0.672063	0.13775	0.968264	-0.208542	0.70166	0.0532082	0.710522
1.53333	0.70299	-0.242824	-0.668462	0.13692	0.968534	-0.207835	0.697896	0.0545803	0.714117
1.56667	0.711779	-0.241224	-0.659683	0.137301	0.968844	-0.206131	0.688854	0.0561443	0.722723
1.6	0.72423	-0.238788	-0.646894	0.137667	0.969311	-0.203677	0.675677	0.0584529	0.734877
1.63333	0.738945	-0.235853	-0.631136	0.138139	0.969865	-0.200699	0.659452	0.0611211	0.749257
1.66667	0.754797	-0.233135	-0.613132	0.139413	0.970371	-0.197345	0.640973	0.0634769	0.764934
1.7	0.768608	-0.23021	-0.596862	0.139875	0.970907	-0.194356	0.62424	0.065897	0.778448
1.73333	0.780812	-0.228568	-0.581455	0.141659	0.971206	-0.191549	0.608494	0.0671951	0.790708
1.76667	0.786807	-0.231806	-0.572014	0.147969	0.970608	-0.189801	0.599199	0.0646964	0.797982
1.8	0.789031	-0.238651	-0.566106	0.157816	0.96928	-0.188654	0.593738	0.0595132	0.802455
1.83333	0.790459	-0.244863	-0.561442	0.166547	0.968004	-0.187696	0.589438	0.0548594	0.805949
1.86667	0.793132	-0.247447	-0.556518	0.170869	0.967454	-0.186645	0.58459	0.0529419	0.8096
1.9	0.791137	-0.248088	-0.559066	0.171051	0.967316	-0.187195	0.587234	0.0524684	0.807715
1.93333	0.791708	-0.246982	-0.558747	0.169774	0.967554	-0.187126	0.586834	0.0532886	0.807952
1.96667	0.794329	-0.244069	-0.556302	0.166795	0.968172	-0.186608	0.584141	0.0554397	0.809757
2	0.799059	-0.241015	-0.550832	0.16436	0.968807	-0.185472	0.578351	0.0576682	0.813747
2.03333	0.802029	-0.239069	-0.547354	0.162809	0.969204	-0.184761	0.574668	0.0590698	0.816252
2.06667	0.803411	-0.237953	-0.54581	0.161815	0.96943	-0.184449	0.573015	0.0598683	0.817355
2.1	0.804012	-0.237984	-0.544911	0.162059	0.969424	-0.184268	0.572102	0.059846	0.817996
2.13333	0.805159	-0.238436	-0.543017	0.163037	0.969332	-0.183886	0.570209	0.0595251	0.81934
2.16667	0.806571	-0.23761	-0.541281	0.162439	0.969499	-0.183535	0.568381	0.0601088	0.820567
2.2	0.805686	-0.23483	-0.543806	0.15852	0.970052	-0.184038	0.570738	0.0620727	0.818783
2.23333	0.801117	-0.232169	-0.551641	0.153504	0.970569	-0.185558	0.578487	0.0639741	0.813179
2.26667	0.799045	-0.23151	-0.554915	0.151944	0.970695	-0.186182	0.581756	0.0644515	0.810806
2.3	0.797995	-0.232508	-0.556007	0.152903	0.970505	-0.18639	0.582944	0.0637234	0.810009
2.33333	0.795417	-0.233068	-0.559455	0.152778	0.970397	-0.187051	0.58649	0.0633111	0.807479
2.36667	0.790713	-0.23309	-0.566076	0.15124	0.970393	-0.188318	0.593212	0.0632922	0.802555
2.4	0.786419	-0.233767	-0.57175	0.150715	0.970264	-0.189403	0.599025	0.0627788	0.798266
2.43333	0.787648	-0.234257	-0.569855	0.151774	0.97017	-0.189039	0.59714	0.0624065	0.799706
2.46667	0.79324	-0.23359	-0.562323	0.15275	0.970298	-0.187587	0.589439	0.062907	0.80536
2.5	0.795541	-0.231571	-0.559901	0.150854	0.970684	-0.187125	0.58682	0.0644024	0.807152
2.53333	0.797859	-0.229673	-0.557379	0.149132	0.971041	-0.18665	0.584107	0.0657973	0.809006
2.56667	0.797753	-0.228405	-0.558052	0.147432	0.971277	-0.186775	0.584683	0.066726	0.808513
2.6	0.798259	-0.227591	-0.55766	0.146532	0.971427	-0.186703	0.584218	0.0673224	0.8088
2.63333	0.794888	-0.226865	-0.562749	0.144452	0.971559	-0.187632	0.589311	0.0678564	0.805052
2.66667	0.792483	-0.227728	-0.565783	0.144789	0.971402	-0.188185	0.592458	0.0672143	0.802793
2.7	0.78798	-0.229378	-0.571378	0.145482	0.971099	-0.189212	0.598266	0.0659705	0.798577
2.73333	0.783376	-0.231543	-0.57681	0.146846	0.970696	-0.190223	0.603952	0.0643142	0.794421
2.76667	0.780518	-0.232703	-0.580208	0.147457	0.970478	-0.190862	0.607493	0.0634155	0.791789
2.8	0.780225	-0.232399	-0.580724	0.146953	0.970536	-0.19096	0.607992	0.0636523	0.791387
2.83333	0.781407	-0.231377	-0.579541	0.145972	0.970727	-0.190738	0.606708	0.0644468	0.792308
2.86667	0.782326	-0.229719	-0.578961	0.144054	0.971035	-0.19063	0.605983	0.065733	0.792757
2.9	0.785122	-0.228469	-0.575662	0.143307	0.971264	-0.190025	0.602534	0.0666963	0.795301
2.93333	0.786906	-0.226495	-0.574002	0.141269	0.971621	-0.189724	0.600684	0.0682064	0.796572
2.96667	0.789465	-0.225481	-0.570879	0.14077	0.971803	-0.189165	0.597435	0.0689769	0.798945
3	0.791616	-0.223963	-0.568494	0.139473	0.972072	-0.188742	0.594888	0.0701217	0.800744
3.03333	0.792983	-0.222839	-0.567028	0.138444	0.972269	-0.188485	0.593305	0.0709642	0.801844
3.06667	0.79351	-0.22262	-0.566376	0.13833	0.972307	-0.188372	0.592627	0.0711281	0.80233
3.1	0.793225	-0.222363	-0.566876	0.137896	0.972352	-0.188458	0.59311	0.0713199	0.801957
3.13333	0.793618	-0.222625	-0.566223	0.138372	0.972306	-0.188345	0.592473	0.0711244	0.802445
3.16667	0.794754	-0.223345	-0.564343	0.139699	0.97218	-0.188016	0.590636	0.0705885	0.803845
3.2	0.795658	-0.223741	-0.562911	0.140521	0.97211	-0.187764	0.589222	0.0702948	0.804907
3.23333	0.796572	-0.223613	-0.561668	0.140657	0.972133	-0.187545	0.587953	0.07039	0.805826
3.26667	0.799303	-0.223287	-0.557905	0.141143	0.972191	-0.18688	0.584118	0.0706293	0.80859
3.3	0.802823	-0.222944	-0.552965	0.141877	0.972251	-0.186007	0.57909	0.0708775	0.812177
3.33333	0.805857	-0.223246	-0.548411	0.143294	0.972198	-0.185199	0.574509	0.0706605	0.815442
3.36667	0.808909	-0.223049	-0.543981	0.144071	0.972233	-0.18441	0.570008	0.0707994	0.818583
3.4	0.811557	-0.224342	-0.539486	0.146643	0.972001	-0.183603	0.565571	0.0698923	0.821733
3.43333	0.811567	-0.228077	-0.537903	0.151473	0.971315	-0.183312	0.564283	0.0672919	0.822835
3.46667	0.809555	-0.232738	-0.538938	0.156821	0.970429	-0.183509	0.56571	0.0640441	0.822113
3.5	0.809773	-0.235636	-0.537348	0.160653	0.96986	-0.183198	0.564321	0.062022	0.823222
3.53333	0.805386	-0.234677	-0.544315	0.157917	0.97005	-0.18457	0.571327	0.062694	0.818324
3.56667	0.801948	-0.234512	-0.54944	0.156538	0.970082	-0.185572	0.57652	0.0628111	0.814665
3.6	0.800117	-0.2368	-0.551125	0.158917	0.969631	-0.185904	0.57841	0.0611615	0.81345
3.63333	0.797551	-0.2409	-0.553064	0.16344	0.968804	-0.186295	0.580689	0.0581868	0.812043
3.66667	0.793162	-0.244776	-0.557655	0.167082	0.967999	-0.187248	0.585643	0.0553442	0.808678
3.7	0.786516	-0.247211	-0.565932	0.168095	0.967482	-0.189002	0.594252	0.0535227	0.802496
3.73333	0.777796	-0.249934	-0.576685	0.168852	0.966896	-0.191313	0.60541	0.0514286	0.79425
3.76667	0.768836	-0.251623	-0.587858	0.168187	0.966529	-0.193741	0.616931	0.0500858	0.785422
3.8	0.762712	-0.253628	-0.594932	0.168923	0.966087	-0.195295	0.624289	0.0484561	0.77969
3.83333	0.757185	-0.25524	-0.601268	0.16934	0.965729	-0.196702	0.630868	0.0471212	0.774458
3.86667	0.749893	-0.25473	-0.610552	0.166254	0.965843	-0.198765	0.640329	0.0475455	0.766628
3.9	0.741302	-0.253479	-0.621467	0.161714	0.966118	-0.201156	0.651399	0.0486177	0.757176
3.93333	0.731661	-0.251511	-0.633573	0.155814	0.966544	-0.203754	0.663623	0.0503596	0.746371
3.96667	0.719783	-0.249751	-0.647717	0.149482	0.966915	-0.206715	0.677914	0.051968	0.733302
4	0.707915	-0.249866	-0.660624	0.145887	0.966891	-0.209375	0.691067	0.0518436	0.720929
4.03333	0.697149	-0.251485	-0.67137	0.144898	0.966557	-0.211595	0.702131	0.0502333	0.710274
4.06667	0.690964	-0.25375	-0.67689	0.146364	0.966082	-0.212753	0.707917	0.0479327	0.704667
4.1	0.688666	-0.255089	-0.678726	0.147672	0.965796	-0.213145	0.709882	0.0465568	0.702781
4.13333	0.690658	-0.254756	-0.676824	0.147794	0.965867	-0.212737	0.707918	0.0468984	0.704736
4.16667	0.698852	-0.252735	-0.669127	0.147334	0.966297	-0.211099	0.699927	0.0489416	0.712535
4.2	0.711681	-0.249651	-0.656647	0.146826	0.966941	-0.20849	0.686988	0.0519651	0.724808
4.23333	0.72649	-0.247647	-0.641001	0.148641	0.967353	-0.205266	0.670908	0.0538448	0.739583
4.26667	0.737434	-0.251355	-0.626907	0.157474	0.966578	-0.202307	0.656805	0.0504663	0.75237
4.3	0.744834	-0.257457	-0.615579	0.16851	0.965237	-0.199803	0.645621	0.0450886	0.762326
4.33333	0.752654	-0.26161	-0.604212	0.176887	0.96428	-0.197167	0.634211	0.0415211	0.772044
4.36667	0.758379	-0.261832	-0.596913	0.179074	0.964228	-0.195439	0.626733	0.0413252	0.778138
4.4	0.763782	-0.25884	-0.591303	0.176721	0.964928	-0.194123	0.620812	0.0437719	0.782737
4.43333	0.769578	-0.253884	-0.585912	0.171843	0.966055	-0.192895	0.614996	0.0477632	0.787082
4.46667	0.776095	-0.248369	-0.579646	0.166503	0.967262	-0.191523	0.608238	0.0521269	0.792041
4.5	0.785978	-0.244037	-0.568054	0.163962	0.968179	-0.189067	0.596117	0.0554633	0.800979
4.53333	0.792658	-0.241713	-0.559704	0.163105	0.96866	-0.187334	0.587444	0.0572013	0.807241
4.56667	0.79822	-0.241637	-0.551775	0.164874	0.968676	-0.185695	0.579362	0.0572523	0.813057
4.6	0.800948	-0.242151	-0.547581	0.16647	0.96857	-0.184825	0.575126	0.0568796	0.816085
4.63333	0.801068	-0.243088	-0.54699	0.167738	0.968374	-0.184702	0.57459	0.0562076	0.816509
4.66667	0.800164	-0.243293	-0.548221	0.167703	0.968331	-0.18496	0.575859	0.0560599	0.815624
4.7	0.801425	-0.241054	-0.547367	0.165191	0.968797	-0.184782	0.57483	0.0576689	0.816238
4.73333	0.804328	-0.238219	-0.544342	0.162464	0.969375	-0.184165	0.571543	0.0596937	0.818398
4.76667	0.802618	-0.23648	-0.547615	0.159614	0.969724	-0.184821	0.574742	0.0609336	0.816063
4.8	0.800729	-0.234924	-0.551038	0.156942	0.970031	-0.185496	0.578102	0.0620514	0.813602
4.83333	0.799569	-0.234084	-0.553078	0.15545	0.970195	-0.185894	0.580108	0.0626589	0.812126
4.86667	0.798507	-0.233397	-0.554898	0.154193	0.970328	-0.186246	0.581902	0.0631578	0.810803
4.9	0.794016	-0.23381	-0.561134	0.153234	0.970249	-0.187449	0.588267	0.0628525	0.80622
4.93333	0.789511	-0.234761	-0.567063	0.152992	0.970065	-0.188594	0.594362	0.0621407	0.801793
4.96667	0.786321	-0.233961	-0.571805	0.150871	0.970219	-0.189507	0.599113	0.0627443	0.798202
5	0.786035	-0.231516	-0.573192	0.147517	0.970683	-0.18977	0.600323	0.06461	0.797144
5.03333	0.786934	-0.229493	-0.572772	0.145121	0.97106	-0.189692	0.599728	0.0661539	0.797465
5.06667	0.787647	-0.229239	-0.571892	0.145021	0.971106	-0.18953	0.598816	0.0663466	0.798134
5.1	0.786921	-0.231172	-0.572115	0.14735	0.970747	-0.189572	0.599203	0.0648768	0.797964
5.13333	0.784594	-0.233921	-0.574189	0.150244	0.970227	-0.189965	0.601531	0.0627772	0.796379
5.16667	0.781594	-0.235418	-0.577658	0.151255	0.969939	-0.190634	0.605172	0.0616241	0.793706
5.2	0.779252	-0.235185	-0.580907	0.150171	0.969984	-0.191261	0.608452	0.061805	0.79118
5.23333	0.777987	-0.234415	-0.582911	0.148719	0.970131	-0.191645	0.610425	0.0624075	0.789611
5.26667	0.777578	-0.232998	-0.584024	0.146676	0.970401	-0.191857	0.611439	0.0635214	0.788738
5.3	0.778185	-0.231635	-0.583758	0.145042	0.970656	-0.191807	0.611057	0.0645919	0.788947
5.33333	0.779528	-0.230195	-0.582534	0.143547	0.970923	-0.19158	0.609696	0.0657211	0.789906
5.36667	0.781108	-0.228891	-0.580929	0.142319	0.971162	-0.191286	0.60796	0.0667382	0.791158
5.4	0.782523	-0.227996	-0.579375	0.141587	0.971324	-0.191004	0.606309	0.0674333	0.792365
5.43333	0.783707	-0.227177	-0.578094	0.140883	0.971472	-0.190773	0.604942	0.0680669	0.793355
5.46667	0.784622	-0.226799	-0.577002	0.140681	0.97154	-0.190577	0.603803	0.0683581	0.794197
5.5	0.785883	-0.22668	-0.575329	0.140939	0.971561	-0.190278	0.6021	0.0684497	0.795481
5.53333	0.787029	-0.226716	-0.573747	0.141365	0.971555	-0.189994	0.600501	0.0684229	0.796691
5.56667	0.789145	-0.22629	-0.571002	0.141501	0.971631	-0.189502	0.597685	0.0687468	0.798778
5.6	0.792042	-0.225264	-0.567384	0.141105	0.971814	-0.188856	0.593935	0.069521	0.801504
5.63333	0.794791	-0.224358	-0.563888	0.140826	0.971975	-0.188235	0.590317	0.0701972	0.804113
5.66667	0.797606	-0.224331	-0.559911	0.141731	0.97198	-0.187529	0.586291	0.0702176	0.807052
5.7	0.800341	-0.224731	-0.555833	0.143173	0.971909	-0.186803	0.582199	0.0699253	0.810034
5.73333	0.805283	-0.226456	-0.547938	0.147091	0.971597	-0.185375	0.574355	0.0686829	0.81572
5.76667	0.80853	-0.227088	-0.542872	0.149013	0.971481	-0.184445	0.569275	0.0682346	0.819311
5.8	0.812741	-0.229753	-0.535412	0.153897	0.970983	-0.18305	0.561933	0.0663739	0.824516
5.83333	0.814392	-0.234078	-0.531011	0.160045	0.970149	-0.182201	0.557809	0.0633974	0.827544
5.86667	0.815259	-0.238299	-0.527794	0.165787	0.969305	-0.181558	0.554859	0.0605155	0.829741
5.9	0.814128	-0.23961	-0.528945	0.16709	0.969037	-0.181793	0.556126	0.0596211	0.828957
5.93333	0.810904	-0.240276	-0.533575	0.166846	0.9689	-0.182743	0.56089	0.0591621	0.825774
5.96667	0.806451	-0.242558	-0.539262	0.16829	0.968427	-0.183921	0.566847	0.0575708	0.821809
6	0.800388	-0.247406	-0.546049	0.17257	0.967399	-0.185362	0.574107	0.0541298	0.816989
6.03333	0.792136	-0.253526	-0.555198	0.177857	0.966052	-0.187378	0.583855	0.0496825	0.810336
6.06667	0.783266	-0.261182	-0.564162	0.185094	0.964288	-0.189444	0.593494	0.0439618	0.803637
6.1	0.774024	-0.266799	-0.574199	0.189589	0.962936	-0.191858	0.604105	0.0396407	0.795918
6.13333	0.765176	-0.269353	-0.584769	0.190132	0.962307	-0.194462	0.615106	0.0376142	0.787547
6.16667	0.75683	-0.270175	-0.595158	0.188502	0.962102	-0.197042	0.625839	0.036939	0.779077
6.2	0.748521	-0.270389	-0.60548	0.18606	0.962049	-0.199606	0.636473	0.0367534	0.770423
6.23333	0.739484	-0.270085	-0.616618	0.182663	0.962125	-0.20236	0.647918	0.0370088	0.76081
6.26667	0.730408	-0.269017	-0.627801	0.17817	0.962387	-0.205099	0.659363	0.0379507	0.750866
6.3	0.719828	-0.267066	-0.640721	0.171908	0.962859	-0.208207	0.672529	0.0397284	0.739004
6.33333	0.708513	-0.264476	-0.654264	0.16445	0.96347	-0.211382	0.686269	0.0421737	0.726124
6.36667	0.698189	-0.26185	-0.666309	0.157218	0.964071	-0.214125	0.698437	0.0447439	0.714271
6.4	0.691048	-0.259261	-0.674712	0.151028	0.964646	-0.215984	0.706854	0.0473554	0.705773
6.43333	0.687393	-0.25655	-0.679465	0.145742	0.96523	-0.217005	0.711512	0.0501417	0.700882
6.46667	0.689495	-0.254169	-0.678229	0.142793	0.965728	-0.216746	0.710075	0.0525994	0.702158
6.5	0.697006	-0.25176	-0.671416	0.141559	0.966223	-0.215348	0.702954	0.055054	0.709102
6.53333	0.70759	-0.248908	-0.661333	0.140716	0.966796	-0.213318	0.69247	0.0578819	0.719121
6.56667	0.72434	-0.247205	-0.6436	0.143666	0.967135	-0.209785	0.674309	0.0594926	0.736049
6.6	0.73691	-0.249507	-0.628259	0.151095	0.966672	-0.206678	0.658888	0.0573764	0.75005
6.63333	0.743738	-0.256295	-0.617387	0.16298	0.965233	-0.204361	0.648299	0.0513696	0.759651
6.66667	0.747301	-0.262679	-0.610361	0.173163	0.963794	-0.202771	0.641526	0.0458386	0.76573
6.7	0.749815	-0.265656	-0.605974	0.178184	0.963095	-0.201738	0.637203	0.0432913	0.769479
6.73333	0.754193	-0.265612	-0.600536	0.179584	0.963106	-0.200441	0.631619	0.0433242	0.774067
6.76667	0.760547	-0.262952	-0.593654	0.178015	0.963734	-0.198814	0.624403	0.0455279	0.779774
6.8	0.767624	-0.259511	-0.58601	0.175654	0.964531	-0.197044	0.61636	0.0483208	0.785981
6.83333	0.774912	-0.256712	-0.577591	0.174294	0.965166	-0.195134	0.607564	0.0505408	0.792661
6.86667	0.781658	-0.256706	-0.568431	0.176574	0.965167	-0.193065	0.598192	0.0505413	0.799758
6.9	0.78706	-0.257445	-0.560588	0.179408	0.965	-0.191282	0.590212	0.0499762	0.8057
6.93333	0.791196	-0.257237	-0.554831	0.180546	0.965047	-0.189965	0.584304	0.0501275	0.809985
6.96667	0.793968	-0.255319	-0.551749	0.178948	0.965482	-0.189266	0.581027	0.0515363	0.812251
7	0.795611	-0.251736	-0.551028	0.174765	0.96628	-0.189105	0.580052	0.0541538	0.812778
7.03333	0.796878	-0.247717	-0.551019	0.169887	0.967149	-0.189104	0.579762	0.0570819	0.812784
7.06667	0.798177	-0.24402	-0.550789	0.165456	0.967927	-0.189056	0.579257	0.0597693	0.812951
7.1	0.79837	-0.241832	-0.551473	0.16264	0.968376	-0.189197	0.579787	0.0613577	0.812454
7.13333	0.798725	-0.241937	-0.550913	0.1629	0.968355	-0.189083	0.579226	0.0612815	0.812861
7.16667	0.799059	-0.242508	-0.550177	0.163767	0.968238	-0.188933	0.57852	0.0608675	0.813394
7.2	0.800243	-0.23988	-0.549608	0.160718	0.968771	-0.188818	0.577738	0.0627682	0.813805
7.23333	0.799515	-0.238126	-0.551427	0.158164	0.969121	-0.18918	0.579448	0.0640365	0.81249
7.26667	0.797147	-0.238023	-0.554888	0.157217	0.969141	-0.189863	0.582957	0.0641105	0.80997
7.3	0.794579	-0.237673	-0.558709	0.155879	0.96921	-0.190613	0.58681	0.0643665	0.807162
7.33333	0.795033	-0.237621	-0.558085	0.155965	0.96922	-0.190491	0.586172	0.0644049	0.807622
7.36667	0.793881	-0.23807	-0.559532	0.156166	0.969132	-0.190775	0.587678	0.064073	0.806554
7.4	0.791603	-0.239814	-0.562009	0.1577	0.968787	-0.191265	0.590335	0.0627773	0.804714
7.43333	0.789626	-0.240123	-0.564651	0.157439	0.968725	-0.191792	0.593046	0.0625457	0.802736
7.46667	0.789927	-0.238247	-0.565026	0.155046	0.969097	-0.191866	0.593276	0.0639548	0.802455
7.5	0.790606	-0.235104	-0.565392	0.151102	0.969705	-0.191937	0.593389	0.066315	0.802179
7.53333	0.792741	-0.233258	-0.563163	0.14938	0.970056	-0.191514	0.590972	0.0676958	0.803847
7.56667	0.795917	-0.232545	-0.558962	0.149521	0.97019	-0.190723	0.586651	0.0682233	0.806961
7.6	0.795603	-0.231585	-0.559807	0.148147	0.970369	-0.190881	0.587425	0.0689321	0.806338
7.63333	0.795305	-0.231626	-0.560214	0.1481	0.970362	-0.190957	0.587841	0.0689015	0.806037
7.66667	0.7937	-0.231946	-0.562353	0.147976	0.970302	-0.191356	0.590036	0.0686647	0.804451
7.7	0.791902	-0.231544	-0.565048	0.146832	0.970377	-0.191857	0.592733	0.0689646	0.802441
7.73333	0.790982	-0.230563	-0.566734	0.14522	0.970558	-0.192168	0.594355	0.0697007	0.801176
7.76667	0.790803	-0.228605	-0.567777	0.142564	0.970914	-0.192358	0.595236	0.0711727	0.800392
7.8	0.792512	-0.227316	-0.565908	0.141436	0.971145	-0.192022	0.593229	0.0721399	0.801795
7.83333	0.794435	-0.225938	-0.56376	0.14027	0.97139	-0.19164	0.59093	0.0731667	0.803398
7.86667	0.796143	-0.224582	-0.561889	0.139064	0.971628	-0.19131	0.588912	0.0741719	0.804787
7.9	0.796155	-0.223613	-0.562258	0.137792	0.971797	-0.191375	0.589194	0.0748893	0.804513
7.93333	0.79621	-0.222745	-0.562525	0.136669	0.971946	-0.191421	0.589382	0.0755317	0.804316
7.96667	0.795682	-0.221994	-0.563568	0.135501	0.972075	-0.191599	0.590364	0.0760884	0.803543
8	0.794796	-0.221297	-0.56509	0.134282	0.972193	-0.191858	0.591834	0.0766067	0.802412
8.03333	0.794319	-0.221436	-0.565707	0.134302	0.972169	-0.191962	0.59247	0.0765033	0.801952
8.06667	0.794519	-0.221793	-0.565286	0.134842	0.972109	-0.191891	0.592079	0.0762368	0.802266
8.1	0.794865	-0.222115	-0.564671	0.135384	0.972054	-0.191786	0.59149	0.0759972	0.802723
8.13333	0.795591	-0.222383	-0.563543	0.135983	0.972008	-0.191594	0.590376	0.0757981	0.803561
8.16667	0.79684	-0.22251	-0.561725	0.136574	0.971987	-0.191283	0.588552	0.0757048	0.804907
8.2	0.799217	-0.222264	-0.558436	0.137062	0.972029	-0.190719	0.585206	0.0758858	0.807326
8.23333	0.802148	-0.222514	-0.554117	0.138393	0.971986	-0.189977	0.580866	0.0757035	0.810471
8.26667	0.805216	-0.223006	-0.549451	0.140088	0.971901	-0.189168	0.576197	0.0753497	0.81383
8.3	0.807762	-0.223844	-0.545358	0.142057	0.971754	-0.188452	0.572137	0.0747527	0.816744
8.33333	0.8105	-0.224159	-0.541149	0.143413	0.971698	-0.18771	0.567911	0.0745313	0.819709
8.36667	0.813824	-0.223538	-0.536397	0.143764	0.971808	-0.186871	0.563048	0.074965	0.823017
8.4	0.815109	-0.224112	-0.534202	0.144952	0.971706	-0.186482	0.56088	0.0745695	0.824532
8.43333	0.818286	-0.223945	-0.529392	0.145849	0.971736	-0.185627	0.556	0.0746844	0.82782
8.46667	0.819638	-0.226992	-0.525992	0.150233	0.971185	-0.185012	0.552832	0.0726217	0.830122
8.5	0.816176	-0.235984	-0.527417	0.160579	0.969477	-0.185281	0.555042	0.0665295	0.829157
8.53333	0.808465	-0.244949	-0.535149	0.169504	0.967656	-0.186843	0.563607	0.0603463	0.823836
8.56667	0.799828	-0.248796	-0.546238	0.171549	0.966841	-0.189179	0.575192	0.0576042	0.815988
8.6	0.791178	-0.249339	-0.558451	0.169297	0.966726	-0.191778	0.587687	0.0571864	0.807065
8.63333	0.783862	-0.249093	-0.568783	0.166471	0.966779	-0.193972	0.598204	0.0573612	0.799288
8.66667	0.778366	-0.248371	-0.576593	0.163631	0.966932	-0.19562	0.606112	0.0579151	0.793268
8.7	0.771074	-0.251029	-0.585175	0.164772	0.966369	-0.197437	0.615057	0.0558182	0.786505
8.73333	0.767161	-0.257667	-0.587428	0.172527	0.964913	-0.19793	0.617817	0.0504972	0.784699
8.76667	0.763853	-0.265265	-0.588356	0.181857	0.963155	-0.198145	0.619239	0.044357	0.783949
8.8	0.761771	-0.270934	-0.588472	0.188979	0.961777	-0.198173	0.619671	0.0397536	0.783854
8.83333	0.760509	-0.273632	-0.588856	0.192287	0.961101	-0.198269	0.620203	0.0375557	0.783542
8.86667	0.757111	-0.275115	-0.592532	0.193202	0.960724	-0.199204	0.624064	0.0363417	0.780528
8.9	0.754438	-0.275317	-0.595839	0.192582	0.960673	-0.20005	0.627484	0.0361773	0.777789
8.93333	0.748625	-0.277102	-0.602308	0.193132	0.960214	-0.201714	0.63424	0.0346828	0.772358
8.96667	0.743728	-0.279201	-0.607384	0.194454	0.959669	-0.203034	0.639575	0.0328939	0.768024
9	0.742283	-0.278489	-0.609475	0.192962	0.959855	-0.20358	0.641702	0.0335088	0.766222
9.03333	0.742998	-0.27588	-0.60979	0.189502	0.960526	-0.203661	0.641906	0.0357635	0.765949
9.06667	0.744456	-0.271989	-0.609761	0.184481	0.961505	-0.203654	0.641679	0.0391224	0.765975
9.1	0.745862	-0.267741	-0.609922	0.178952	0.962541	-0.203695	0.641613	0.042781	0.765835
9.13333	0.746141	-0.264166	-0.611138	0.174005	0.963386	-0.203983	0.642648	0.0458586	0.764788
9.16667	0.745239	-0.261493	-0.613384	0.169936	0.964003	-0.204501	0.644779	0.0481662	0.76285
9.2	0.743259	-0.260393	-0.616248	0.167723	0.964252	-0.20515	0.647638	0.0491212	0.760363
9.23333	0.742604	-0.26005	-0.617182	0.167019	0.96433	-0.205361	0.648571	0.0494207	0.759548
9.26667	0.743332	-0.260596	-0.616073	0.168035	0.964206	-0.205111	0.647473	0.0489437	0.760515
9.3	0.745574	-0.260861	-0.613246	0.169157	0.964147	-0.204469	0.644597	0.0487119	0.762969
9.33333	0.749357	-0.260722	-0.608677	0.170227	0.964178	-0.203428	0.639911	0.0488271	0.766896
9.36667	0.753143	-0.260208	-0.604208	0.170777	0.964295	-0.20241	0.635303	0.0492591	0.77069
9.4	0.756661	-0.258964	-0.600334	0.170226	0.964576	-0.201534	0.631258	0.0503004	0.77394
9.43333	0.759755	-0.256974	-0.597274	0.168506	0.965021	-0.20085	0.627995	0.0519527	0.776481
9.46667	0.764609	-0.255094	-0.591861	0.167548	0.965435	-0.199656	0.622335	0.053494	0.780921
9.5	0.768804	-0.254095	-0.586836	0.167594	0.965654	-0.198557	0.617133	0.0543012	0.784983
9.53333	0.771431	-0.254673	-0.583126	0.169273	0.965527	-0.197746	0.613385	0.0538396	0.787947
9.56667	0.773249	-0.256358	-0.579971	0.172186	0.965155	-0.197048	0.610277	0.0525044	0.790446
9.6	0.774662	-0.258102	-0.577306	0.175038	0.964764	-0.19645	0.607668	0.0511323	0.792543
9.63333	0.776437	-0.259584	-0.574249	0.177655	0.964427	-0.195755	0.604636	0.0499732	0.794933
9.66667	0.780974	-0.259119	-0.568276	0.178577	0.964533	-0.194387	0.59849	0.05033	0.799548
9.7	0.787225	-0.256194	-0.560929	0.176792	0.965196	-0.19272	0.59078	0.0525462	0.80512
9.73333	0.792181	-0.251889	-0.555878	0.172757	0.966149	-0.191603	0.585324	0.0557524	0.80888
9.76667	0.795692	-0.247441	-0.552854	0.168068	0.967104	-0.190955	0.581917	0.0590241	0.811104
9.8	0.797871	-0.243777	-0.551339	0.163982	0.967867	-0.19064	0.580097	0.0616967	0.812208
9.83333	0.799252	-0.240733	-0.550675	0.160449	0.968485	-0.190506	0.579182	0.0639072	0.812689
9.86667	0.799738	-0.239144	-0.550662	0.158527	0.968802	-0.190504	0.579041	0.0650581	0.812699
9.9	0.800218	-0.238427	-0.550277	0.15775	0.968944	-0.190427	0.57859	0.0655772	0.812978
9.93333	0.80119	-0.236406	-0.549734	0.155433	0.969339	-0.190322	0.577872	0.0670368	0.81337
9.96667	0.80306	-0.234041	-0.548014	0.152981	0.969794	-0.189992	0.575927	0.0687388	0.814606
10	0.804945	-0.231456	-0.546343	0.150257	0.970281	-0.189677	0.574008	0.0705877	0.815801
10.0333	0.806159	-0.22893	-0.545617	0.147384	0.970748	-0.189543	0.573049	0.0723865	0.816318
10.0667	0.806112	-0.227085	-0.546457	0.144964	0.971082	-0.189695	0.573732	0.0736991	0.815721
10.1	0.806622	-0.227137	-0.545683	0.14521	0.971073	-0.189556	0.572953	0.0736618	0.816271
10.1333	0.804857	-0.227947	-0.547946	0.145652	0.970927	-0.189965	0.575317	0.0730851	0.814659
10.1667	0.802677	-0.229913	-0.550318	0.147465	0.970568	-0.190398	0.577896	0.0716761	0.812957
10.2	0.800802	-0.231564	-0.552353	0.148979	0.970263	-0.190775	0.580104	0.0704843	0.811487
10.2333	0.79992	-0.231934	-0.553475	0.14916	0.970194	-0.190985	0.581274	0.0702163	0.810673
10.2667	0.79994	-0.23144	-0.553653	0.148518	0.970286	-0.191018	0.581411	0.0705754	0.810544
10.3	0.799871	-0.230265	-0.554243	0.146951	0.970503	-0.191127	0.581904	0.0714302	0.810115
10.3333	0.799502	-0.228636	-0.555448	0.144686	0.9708	-0.191347	0.582978	0.0726164	0.809237
10.3667	0.798683	-0.2271	-0.557253	0.142387	0.971076	-0.191671	0.584664	0.073739	0.807918
10.4	0.797272	-0.226054	-0.559694	0.140527	0.971261	-0.192104	0.587035	0.0745072	0.806126
10.4333	0.795996	-0.22527	-0.561822	0.139057	0.971399	-0.192478	0.589112	0.0750859	0.804555
10.4667	0.795451	-0.224606	-0.562859	0.137996	0.971514	-0.192658	0.590097	0.0755781	0.803787
10.5	0.795713	-0.224012	-0.562725	0.137302	0.971617	-0.192635	0.589906	0.0760189	0.803886
10.5333	0.796438	-0.223883	-0.561749	0.137382	0.971639	-0.192467	0.588908	0.076114	0.804608
10.5667	0.7975	-0.223821	-0.560266	0.137663	0.97165	-0.192211	0.587403	0.0761605	0.805703
10.6	0.798619	-0.224051	-0.558577	0.138349	0.97161	-0.191919	0.585719	0.0759915	0.806944
10.6333	0.798945	-0.224211	-0.558047	0.138672	0.971582	-0.191827	0.585198	0.0758739	0.807333
10.6667	0.798994	-0.225201	-0.557579	0.139987	0.97141	-0.191746	0.584819	0.0751499	0.807675
10.7	0.798452	-0.226378	-0.557878	0.141347	0.971202	-0.191799	0.585231	0.0742875	0.807456
10.7333	0.799708	-0.226471	-0.556038	0.141901	0.971186	-0.191472	0.583379	0.0742198	0.808802
10.7667	0.799668	-0.227209	-0.555794	0.142856	0.971055	-0.191429	0.5832	0.0736811	0.80898
10.8	0.801181	-0.227551	-0.55347	0.143826	0.970993	-0.191013	0.580881	0.0734327	0.81067
10.8333	0.803836	-0.227568	-0.5496	0.144766	0.97099	-0.190317	0.576967	0.0734201	0.813461
10.8667	0.807651	-0.228478	-0.543597	0.147277	0.970825	-0.189229	0.570972	0.0727718	0.817738
10.9	0.809518	-0.229743	-0.540276	0.149571	0.970593	-0.188619	0.567723	0.0718811	0.820076
10.9333	0.813409	-0.231376	-0.533696	0.153048	0.970289	-0.187392	0.561197	0.0707452	0.824653
10.9667	0.816268	-0.233163	-0.528528	0.156362	0.969949	-0.186411	0.55611	0.0695199	0.828196
11	0.816574	-0.235845	-0.526862	0.159927	0.96943	-0.186089	0.554644	0.0676958	0.829329
11.0333	0.811696	-0.238649	-0.533101	0.161835	0.968876	-0.18732	0.561212	0.0657728	0.825054
11.0667	0.809679	-0.242007	-0.534652	0.165488	0.968198	-0.187633	0.563057	0.0634442	0.823979
11.1	0.804188	-0.243737	-0.542102	0.165827	0.967843	-0.189159	0.570774	0.0622241	0.818746
11.1333	0.798472	-0.245945	-0.549503	0.166741	0.967385	-0.190691	0.57848	0.0606367	0.813439
11.1667	0.794118	-0.250262	-0.553846	0.170943	0.96647	-0.19161	0.583228	0.0574851	0.810272
11.2	0.790475	-0.254135	-0.557284	0.174832	0.965625	-0.192359	0.587012	0.0546239	0.807733
11.2333	0.786027	-0.256636	-0.562405	0.176642	0.965068	-0.193499	0.592418	0.0527513	0.803902
11.2667	0.782002	-0.257874	-0.567427	0.176924	0.964788	-0.194631	0.597638	0.0518104	0.800091
11.3	0.779658	-0.257572	-0.57078	0.175714	0.964857	-0.195388	0.601047	0.0520415	0.797517
11.3333	0.776735	-0.255608	-0.575628	0.172058	0.965296	-0.19647	0.60587	0.0535639	0.793758
11.3667	0.772468	-0.25251	-0.582694	0.166398	0.965973	-0.198012	0.612866	0.0559993	0.7882
11.4	0.768106	-0.249317	-0.589792	0.160562	0.96665	-0.199517	0.619865	0.0585521	0.782521
11.4333	0.757737	-0.246482	-0.604219	0.153176	0.967234	-0.202475	0.634327	0.0608707	0.770664
11.4667	0.745906	-0.245452	-0.619175	0.1478	0.967441	-0.205459	0.649446	0.0617391	0.757897
11.5	0.733704	-0.246097	-0.633337	0.14469	0.967314	-0.208251	0.663885	0.061157	0.74533
11.5333	0.72115	-0.248394	-0.646717	0.143896	0.966859	-0.210899	0.67767	0.0590301	0.732993
11.5667	0.710123	-0.250975	-0.657827	0.144093	0.96634	-0.213131	0.689175	0.0565613	0.722384
11.6	0.702695	-0.252879	-0.665035	0.144514	0.965951	-0.214604	0.69666	0.0546945	0.715313
11.6333	0.700127	-0.25375	-0.667407	0.144987	0.965771	-0.215094	0.699143	0.0538275	0.712953
11.6667	0.698421	-0.254364	-0.66896	0.145357	0.965644	-0.215416	0.700771	0.0532129	0.711399
11.7	0.703622	-0.253745	-0.663724	0.14611	0.965772	-0.214327	0.69539	0.0538286	0.716613
11.7333	0.713962	-0.251601	-0.653418	0.146292	0.966215	-0.212198	0.684731	0.0559122	0.726648
11.7667	0.725901	-0.248196	-0.641456	0.145229	0.966904	-0.209773	0.672292	0.0591167	0.737922
11.8	0.739271	-0.244368	-0.627505	0.144148	0.967661	-0.207012	0.657799	0.0625844	0.750589
11.8333	0.748031	-0.247761	-0.615682	0.151839	0.966986	-0.204652	0.646061	0.0596015	0.760955
11.8667	0.748565	-0.260733	-0.609646	0.170224	0.964195	-0.203353	0.640839	0.048447	0.766145
11.9	0.755426	-0.27167	-0.596262	0.18783	0.961592	-0.200154	0.627736	0.0392054	0.777439
11.9333	0.760154	-0.274887	-0.58873	0.193898	0.960782	-0.198246	0.620136	0.036544	0.783642
11.9667	0.76368	-0.273445	-0.584826	0.193098	0.961148	-0.197249	0.616041	0.0377062	0.786811
12	0.76595	-0.269476	-0.583698	0.188399	0.962138	-0.196966	0.614676	0.0408975	0.787719
12.0333	0.772072	-0.261424	-0.579278	0.179444	0.964064	-0.195909	0.609676	0.0473081	0.791237
12.0667	0.778853	-0.250597	-0.574969	0.167049	0.966483	-0.19495	0.604552	0.0557892	0.79461
12.1	0.789515	-0.242299	-0.563876	0.159551	0.96821	-0.192645	0.592629	0.0621291	0.803076
12.1333	0.799267	-0.240412	-0.550795	0.160403	0.96859	-0.19001	0.579175	0.0635192	0.812725
12.1667	0.808182	-0.240661	-0.537517	0.163824	0.968541	-0.187325	0.565689	0.0633339	0.822183
12.2	0.815594	-0.238911	-0.526999	0.164152	0.968895	-0.185196	0.554852	0.0645369	0.829442
12.2333	0.81944	-0.236866	-0.521931	0.162873	0.969304	-0.184182	0.549536	0.0659171	0.832866
12.2667	0.819586	-0.233939	-0.523022	0.159165	0.969879	-0.184396	0.550405	0.0678817	0.832134
12.3	0.81877	-0.230283	-0.525914	0.154182	0.970578	-0.18495	0.553032	0.0703447	0.830185
12.3333	0.817269	-0.227283	-0.529541	0.149801	0.971135	-0.185623	0.556445	0.0723785	0.827726
12.3667	0.814311	-0.22639	-0.534458	0.147616	0.971298	-0.186519	0.561344	0.0729894	0.824358
12.4	0.810821	-0.226442	-0.539717	0.146469	0.971289	-0.187469	0.566672	0.0729523	0.820708
