0	0.998949	0.0102712	0.0446594	-0.0101683	0.999945	-0.00252984	-0.0446829	0.00207307	0.998999
0.0333333	0.26585	0.561127	0.783875	-0.626817	0.718397	-0.301672	-0.73241	-0.411147	0.54271
0.0666667	0.17299	0.535257	0.826786	-0.658163	0.687323	-0.307261	-0.732732	-0.491006	0.471186
0.1	0.153826	0.487159	0.859659	-0.652693	0.703284	-0.281751	-0.741842	-0.517753	0.426149
0.133333	0.143012	0.442555	0.885264	-0.649322	0.717005	-0.253544	-0.746946	-0.538562	0.389902
0.166667	0.134723	0.403769	0.904887	-0.647562	0.727095	-0.228026	-0.750009	-0.55525	0.359422
0.2	0.128639	0.368895	0.920526	-0.646579	0.735011	-0.204195	-0.751923	-0.568925	0.33307
0.233333	0.123713	0.341972	0.931531	-0.644898	0.741178	-0.186446	-0.75419	-0.577676	0.312231
0.266667	0.121554	0.325179	0.937808	-0.640015	0.74785	-0.176357	-0.758687	-0.578774	0.299023
0.3	0.122464	0.314613	0.941287	-0.633559	0.754818	-0.169861	-0.763941	-0.575559	0.291764
0.333333	0.126395	0.305224	0.943855	-0.628043	0.761123	-0.162029	-0.767845	-0.572302	0.287896
0.366667	0.131593	0.293038	0.947002	-0.625002	0.766039	-0.150192	-0.769452	-0.572113	0.283954
0.4	0.137572	0.279525	0.950231	-0.622395	0.770691	-0.136602	-0.770518	-0.572626	0.280001
0.433333	0.142554	0.259727	0.955102	-0.622781	0.773538	-0.1174	-0.7693	-0.578083	0.272024
0.466667	0.145838	0.235419	0.96089	-0.6262	0.773906	-0.0945667	-0.765901	-0.587918	0.260285
0.5	0.147825	0.210949	0.966255	-0.630293	0.772981	-0.0723269	-0.762154	-0.598332	0.247225
0.533333	0.14986	0.189926	0.970294	-0.633296	0.772071	-0.0533148	-0.759261	-0.606494	0.235982
0.566667	0.152692	0.174683	0.972713	-0.634624	0.771837	-0.038989	-0.757587	-0.611354	0.228711
0.6	0.1542	0.163969	0.974339	-0.634171	0.772623	-0.0296581	-0.75766	-0.613325	0.223123
0.633333	0.155636	0.156611	0.975321	-0.633581	0.773332	-0.0230735	-0.75786	-0.614354	0.219585
0.666667	0.156441	0.152386	0.975861	-0.631866	0.774827	-0.019699	-0.759126	-0.613531	0.217502
0.7	0.156013	0.151294	0.976099	-0.629993	0.776352	-0.0196398	-0.760769	-0.611872	0.216435
0.733333	0.153809	0.152804	0.976214	-0.628933	0.777133	-0.0225499	-0.762093	-0.610505	0.215633
0.766667	0.150775	0.157627	0.97592	-0.626588	0.778812	-0.0289855	-0.764627	-0.607129	0.216192
0.8	0.145688	0.164397	0.975576	-0.625627	0.779202	-0.0378768	-0.766398	-0.604829	0.216372
0.833333	0.138665	0.17119	0.975431	-0.627867	0.776895	-0.0470904	-0.765869	-0.605912	0.215212
0.866667	0.126859	0.175133	0.976338	-0.635302	0.770258	-0.0556201	-0.761773	-0.613214	0.208977
0.9	0.112255	0.178878	0.977446	-0.645127	0.761286	-0.0652296	-0.755784	-0.623255	0.200857
0.933333	0.0955181	0.18625	0.977848	-0.652318	0.753728	-0.0798423	-0.751902	-0.630242	0.193489
0.966667	0.0762444	0.195873	0.977661	-0.658561	0.746103	-0.0981222	-0.748655	-0.636368	0.185881
1	0.0537085	0.205571	0.977167	-0.665925	0.736571	-0.118354	-0.744083	-0.644363	0.176455
1.03333	0.0273883	0.214056	0.976437	-0.678425	0.721379	-0.139113	-0.734159	-0.658629	0.164978
1.06667	-0.00395261	0.217789	0.975988	-0.69608	0.700125	-0.15905	-0.717953	-0.679995	0.148831
1.1	-0.0403964	0.210372	0.976786	-0.720818	0.670853	-0.174293	-0.691946	-0.711126	0.12454
1.13333	-0.0760171	0.194555	0.977942	-0.752439	0.632354	-0.184291	-0.65426	-0.749851	0.098321
1.16667	-0.107917	0.172613	0.97906	-0.78651	0.587534	-0.190278	-0.608076	-0.790575	0.0723567
1.2	-0.134925	0.145935	0.98005	-0.819645	0.539328	-0.193151	-0.556756	-0.829354	0.046846
1.23333	-0.156044	0.109069	0.98171	-0.852591	0.486962	-0.189622	-0.498737	-0.866587	0.0170043
1.26667	-0.163347	0.0676142	0.984249	-0.882802	0.435358	-0.176418	-0.440429	-0.897715	-0.0114243
1.3	-0.146816	0.0219065	0.988921	-0.912992	0.381719	-0.143999	-0.380644	-0.924019	-0.0360418
1.33333	-0.115256	-0.0224108	0.993083	-0.93372	0.343576	-0.100613	-0.338945	-0.938857	-0.0605246
1.36667	-0.0862608	-0.0613497	0.994382	-0.946121	0.31773	-0.0624715	-0.312112	-0.946195	-0.0854519
1.4	-0.0608531	-0.0929303	0.993811	-0.948532	0.315388	-0.028589	-0.310779	-0.944402	-0.10734
1.43333	-0.0483589	-0.112125	0.992517	-0.940608	0.339412	-0.00748612	-0.336032	-0.933931	-0.12188
1.46667	-0.0413137	-0.12405	0.991416	-0.927336	0.374141	0.00817065	-0.371943	-0.919037	-0.130493
1.5	-0.0336246	-0.131066	0.990803	-0.913175	0.406928	0.0228394	-0.406179	-0.904008	-0.133369
1.53333	-0.0342077	-0.132277	0.990622	-0.894755	0.44564	0.0286089	-0.445245	-0.885386	-0.1336
1.56667	-0.0384524	-0.126721	0.991193	-0.869281	0.493446	0.0293624	-0.492821	-0.860496	-0.12913
1.6	-0.0403404	-0.122153	0.991691	-0.841265	0.53966	0.0322518	-0.539115	-0.832974	-0.124533
1.63333	-0.0449039	-0.109589	0.992962	-0.811457	0.583753	0.0277305	-0.582684	-0.804501	-0.115139
1.66667	-0.0467038	-0.0895014	0.994891	-0.78132	0.623828	0.0194422	-0.622381	-0.77642	-0.0990644
1.7	-0.0496307	-0.06266	0.9968	-0.751226	0.660033	0.00408692	-0.658177	-0.748619	-0.0798297
1.73333	-0.0461798	-0.0288795	0.998516	-0.720863	0.69295	-0.013297	-0.691538	-0.720407	-0.0528185
1.76667	-0.0450969	0.00812774	0.99895	-0.689936	0.722923	-0.0370286	-0.722464	-0.690881	-0.026994
1.8	-0.043743	0.0451768	0.998021	-0.666122	0.743191	-0.0628375	-0.744559	-0.667552	-0.00241618
1.83333	-0.0414639	0.0798851	0.995941	-0.650219	0.75468	-0.0876038	-0.758615	-0.651212	0.0206509
1.86667	-0.0355468	0.111002	0.993184	-0.639193	0.761428	-0.107977	-0.768224	-0.638675	0.0438851
1.9	-0.0276514	0.139514	0.989834	-0.63179	0.764919	-0.125462	-0.774646	-0.628836	0.0669926
1.93333	-0.018665	0.166167	0.985921	-0.627325	0.765894	-0.14096	-0.778534	-0.621124	0.0899454
1.96667	-0.00559433	0.18837	0.982082	-0.624833	0.766115	-0.150505	-0.780738	-0.614479	0.113414
2	0.00828769	0.208984	0.977884	-0.620784	0.767728	-0.158811	-0.783938	-0.605738	0.136097
2.03333	0.0191944	0.228224	0.97342	-0.617377	0.768517	-0.168009	-0.786433	-0.597742	0.155651
2.06667	0.03047	0.247678	0.968363	-0.619677	0.76484	-0.176125	-0.784265	-0.594706	0.176785
2.1	0.0334321	0.265125	0.963634	-0.623388	0.759163	-0.187241	-0.781198	-0.594458	0.190656
2.13333	0.0318133	0.284262	0.958219	-0.628876	0.750843	-0.201864	-0.776854	-0.596179	0.202652
2.16667	0.028654	0.302376	0.952758	-0.632099	0.743863	-0.217069	-0.774358	-0.596017	0.212446
2.2	0.0228155	0.320593	0.946942	-0.633583	0.737324	-0.23436	-0.773338	-0.59462	0.219945
2.23333	0.0122714	0.350347	0.93654	-0.633449	0.727422	-0.263818	-0.773687	-0.590012	0.230853
2.26667	0.00107743	0.384733	0.923027	-0.636856	0.711902	-0.295989	-0.770982	-0.587517	0.245787
2.3	0.000953321	0.421131	0.907	-0.633686	0.701901	-0.325235	-0.77359	-0.574443	0.267534
2.33333	0.0119043	0.446326	0.894791	-0.628027	0.699674	-0.340645	-0.778101	-0.557898	0.288634
2.36667	0.0198311	0.45689	0.889302	-0.627183	0.698386	-0.344818	-0.77862	-0.550917	0.300403
2.4	0.024926	0.452508	0.891412	-0.628958	0.700192	-0.337852	-0.77704	-0.552239	0.302062
2.43333	0.0334852	0.443684	0.895558	-0.630527	0.704613	-0.325509	-0.775445	-0.553773	0.303349
2.46667	0.0413196	0.43088	0.901463	-0.630244	0.711337	-0.311115	-0.775297	-0.555286	0.300952
2.5	0.049613	0.415138	0.908405	-0.628018	0.720189	-0.294824	-0.776616	-0.555867	0.296444
2.53333	0.0571359	0.398366	0.915445	-0.62616	0.728479	-0.277925	-0.777598	-0.557336	0.291063
2.56667	0.0630125	0.380462	0.922647	-0.62526	0.735609	-0.260633	-0.777868	-0.560471	0.28424
2.6	0.0676044	0.362839	0.929396	-0.623916	0.742289	-0.244409	-0.778562	-0.563342	0.276563
2.63333	0.0734872	0.346837	0.935042	-0.622899	0.748168	-0.228564	-0.778843	-0.56564	0.271025
2.66667	0.0781094	0.331564	0.940194	-0.623642	0.75202	-0.213392	-0.777798	-0.569677	0.265517
2.7	0.0815194	0.314632	0.945707	-0.626474	0.754161	-0.196904	-0.775167	-0.57641	0.258588
2.73333	0.0838591	0.295647	0.95161	-0.630253	0.755436	-0.179159	-0.771848	-0.58473	0.249682
2.76667	0.0837932	0.274081	0.958049	-0.634189	0.756254	-0.160883	-0.768624	-0.594104	0.237188
2.8	0.0820711	0.250923	0.964522	-0.638574	0.756269	-0.14241	-0.765172	-0.604231	0.222301
2.83333	0.0795034	0.227184	0.970601	-0.643359	0.755435	-0.124123	-0.761425	-0.614577	0.206221
2.86667	0.0795061	0.20312	0.975921	-0.647483	0.754899	-0.10437	-0.757921	-0.623594	0.191536
2.9	0.0796089	0.180371	0.980372	-0.650955	0.75424	-0.0859073	-0.75493	-0.631339	0.177458
2.93333	0.0810672	0.160406	0.983716	-0.653549	0.753728	-0.0690453	-0.75253	-0.63731	0.165936
2.96667	0.083374	0.142717	0.986246	-0.65583	0.753009	-0.0535243	-0.75029	-0.642347	0.15638
3	0.0872308	0.129163	0.987779	-0.657528	0.752351	-0.0403119	-0.748363	-0.645976	0.150557
3.03333	0.0912305	0.11774	0.988845	-0.659245	0.751382	-0.0286441	-0.746373	-0.649278	0.146169
3.06667	0.0959739	0.106397	0.989681	-0.661648	0.749635	-0.0164274	-0.743647	-0.653244	0.142343
3.1	0.100404	0.0966357	0.990243	-0.663623	0.748045	-0.00571342	-0.741298	-0.656574	0.139236
3.13333	0.105432	0.0882785	0.9905	-0.66603	0.745912	0.0044146	-0.738437	-0.660168	0.137439
3.16667	0.109999	0.0803133	0.990682	-0.668553	0.743533	0.0139546	-0.735484	-0.663858	0.135482
3.2	0.114212	0.0729791	0.990772	-0.669779	0.742219	0.0225383	-0.733725	-0.666172	0.13365
3.23333	0.119019	0.0692706	0.990473	-0.669367	0.742384	0.0285139	-0.733336	-0.666384	0.134726
3.26667	0.123381	0.0709211	0.989822	-0.665416	0.745889	0.0295008	-0.736205	-0.662283	0.139221
3.3	0.124908	0.0766888	0.9892	-0.661036	0.749926	0.0253316	-0.739884	-0.657061	0.144366
3.33333	0.125417	0.0856947	0.988396	-0.656877	0.753783	0.0179973	-0.743493	-0.651512	0.150828
3.36667	0.123695	0.0955826	0.987706	-0.65638	0.754374	0.009199	-0.744221	-0.649449	0.156051
3.4	0.116145	0.104718	0.987697	-0.660373	0.750935	-0.00196169	-0.741902	-0.65202	0.15637
3.43333	0.104807	0.117577	0.987518	-0.665382	0.74628	-0.0182364	-0.739109	-0.655165	0.15645
3.46667	0.0904974	0.1351	0.986691	-0.667365	0.743623	-0.0406091	-0.739212	-0.654807	0.157457
3.5	0.0737067	0.155075	0.985149	-0.66726	0.741819	-0.0668488	-0.741169	-0.652424	0.158153
3.53333	0.056003	0.177153	0.982589	-0.669268	0.736959	-0.0947228	-0.740908	-0.65231	0.159835
3.56667	0.0368739	0.199765	0.97915	-0.672922	0.729339	-0.123457	-0.738794	-0.654339	0.16132
3.6	0.0149887	0.221738	0.974991	-0.677728	0.719189	-0.153143	-0.73516	-0.658483	0.161058
3.63333	-0.00977056	0.242476	0.970108	-0.683912	0.70614	-0.183386	-0.729499	-0.66526	0.158933
3.66667	-0.0368555	0.261942	0.96438	-0.69195	0.689578	-0.213745	-0.721004	-0.675181	0.155836
3.7	-0.0655992	0.278126	0.958302	-0.702596	0.669074	-0.242279	-0.708559	-0.689192	0.151519
3.73333	-0.0993919	0.29054	0.951687	-0.717515	0.641727	-0.270848	-0.689416	-0.709769	0.144684
3.76667	-0.13609	0.298272	0.944729	-0.735213	0.608763	-0.298109	-0.664034	-0.735147	0.136447
3.8	-0.173795	0.297511	0.938766	-0.757387	0.568893	-0.320508	-0.629413	-0.766712	0.126461
3.83333	-0.206815	0.282869	0.936596	-0.784588	0.523959	-0.331494	-0.584507	-0.8034	0.113573
3.86667	-0.233616	0.260342	0.936827	-0.812003	0.477759	-0.335257	-0.534859	-0.839028	0.0997863
3.9	-0.252853	0.237146	0.937991	-0.834643	0.436863	-0.335443	-0.489323	-0.867705	0.0874699
3.93333	-0.249242	0.1996	0.947649	-0.863212	0.397811	-0.310824	-0.439025	-0.895492	0.0731463
3.96667	-0.213227	0.138274	0.967168	-0.900081	0.357212	-0.249506	-0.379985	-0.923731	0.0482904
4	-0.160777	0.0647355	0.984866	-0.932103	0.318164	-0.173077	-0.324553	-0.945823	0.00918669
4.03333	-0.10274	-0.0131917	0.994621	-0.954497	0.282737	-0.0948456	-0.279965	-0.959107	-0.0416399
4.06667	-0.060726	-0.0790832	0.995017	-0.960901	0.274431	-0.0368324	-0.270151	-0.958349	-0.0926562
4.1	-0.04311	-0.124401	0.991295	-0.951568	0.307427	-0.00280246	-0.304402	-0.943405	-0.131629
4.13333	-0.0371246	-0.153193	0.987499	-0.931682	0.362653	0.021233	-0.361372	-0.919247	-0.156191
4.16667	-0.0348287	-0.173882	0.98415	-0.910614	0.411275	0.0404387	-0.411788	-0.894773	-0.172663
4.2	-0.0351442	-0.184703	0.982166	-0.88857	0.455566	0.0538771	-0.457393	-0.87083	-0.180132
4.23333	-0.0413108	-0.182806	0.982281	-0.859853	0.50721	0.0582315	-0.508867	-0.842212	-0.17814
4.26667	-0.0491908	-0.168321	0.984504	-0.824348	0.563391	0.0551343	-0.563941	-0.808862	-0.166468
4.3	-0.0554014	-0.142263	0.988277	-0.77776	0.626829	0.0466325	-0.626115	-0.766059	-0.145374
4.33333	-0.0515742	-0.10855	0.992752	-0.727184	0.685436	0.0371699	-0.684503	-0.719996	-0.114287
4.36667	-0.044162	-0.0696254	0.996595	-0.679843	0.733055	0.0210878	-0.732027	-0.676597	-0.0797075
4.4	-0.0354246	-0.0317407	0.998868	-0.641969	0.766729	0.00159683	-0.765912	-0.641186	-0.0475376
4.43333	-0.0266613	0.0019048	0.999643	-0.615207	0.788162	-0.0179099	-0.787914	-0.615465	-0.0198415
4.46667	-0.019812	0.0335877	0.999239	-0.596302	0.801823	-0.0387748	-0.802516	-0.596617	0.00414272
4.5	-0.0102246	0.0600741	0.998142	-0.587177	0.807614	-0.0546218	-0.809394	-0.586644	0.0270166
4.53333	-0.000782495	0.0855877	0.99633	-0.583795	0.808882	-0.0699439	-0.8119	-0.581708	0.0493328
4.56667	0.00273657	0.115249	0.993333	-0.585069	0.805763	-0.0918747	-0.810979	-0.580917	0.0696336
4.6	0.00638879	0.14599	0.989265	-0.589928	0.799346	-0.114153	-0.807431	-0.582866	0.0912304
4.63333	0.0111654	0.17736	0.984083	-0.597543	0.790279	-0.135651	-0.801759	-0.586518	0.114804
4.66667	0.00837903	0.214959	0.976587	-0.603134	0.780063	-0.166527	-0.797596	-0.587617	0.136185
4.7	-0.0253406	0.269829	0.962575	-0.605076	0.762335	-0.229627	-0.795764	-0.58825	0.143949
4.73333	-0.0326852	0.30995	0.950191	-0.609416	0.747344	-0.264744	-0.792177	-0.587715	0.164461
4.76667	-0.0338121	0.345733	0.937723	-0.611178	0.73522	-0.293109	-0.790771	-0.583027	0.186445
4.8	-0.0212421	0.380517	0.92453	-0.6066	0.730172	-0.314461	-0.794724	-0.567499	0.215311
4.83333	-0.00523774	0.407212	0.913319	-0.601423	0.7284	-0.328213	-0.798914	-0.55101	0.241091
4.86667	0.00721936	0.41875	0.908073	-0.602982	0.726251	-0.33011	-0.797722	-0.545168	0.257742
4.9	0.0175672	0.416371	0.909025	-0.610857	0.724227	-0.31992	-0.791546	-0.549665	0.267066
4.93333	0.0261501	0.407488	0.912836	-0.616358	0.725495	-0.306202	-0.787032	-0.554626	0.27013
4.96667	0.0329215	0.391257	0.919692	-0.61947	0.730112	-0.288431	-0.784329	-0.560227	0.266409
5	0.0410585	0.370103	0.928083	-0.623811	0.735084	-0.265541	-0.780496	-0.568046	0.261056
5.03333	0.0503997	0.348151	0.936083	-0.62943	0.738779	-0.24088	-0.775421	-0.577058	0.256371
5.06667	0.0567043	0.325848	0.94372	-0.633185	0.742564	-0.218348	-0.771921	-0.585168	0.248429
5.1	0.0624684	0.306488	0.949823	-0.635321	0.74617	-0.198989	-0.769717	-0.591012	0.24133
5.13333	0.0682737	0.291185	0.954227	-0.636645	0.749118	-0.183044	-0.768129	-0.595007	0.236527
5.16667	0.0737027	0.27853	0.957595	-0.636827	0.75209	-0.169741	-0.767476	-0.597312	0.232807
5.2	0.077302	0.266988	0.960594	-0.637121	0.754315	-0.158384	-0.766877	-0.599772	0.228414
5.23333	0.0792852	0.25398	0.963954	-0.638607	0.755455	-0.14652	-0.765437	-0.603972	0.22209
5.26667	0.0795217	0.238176	0.967961	-0.639458	0.757101	-0.133758	-0.764703	-0.608334	0.21251
5.3	0.0807891	0.220358	0.972068	-0.641767	0.757701	-0.118425	-0.762632	-0.614274	0.202632
5.33333	0.0810874	0.196283	0.977189	-0.646782	0.75632	-0.098248	-0.758352	-0.624061	0.18828
5.36667	0.082532	0.170193	0.981949	-0.65295	0.753605	-0.0757359	-0.752891	-0.634913	0.173324
5.4	0.084543	0.145508	0.985738	-0.658146	0.750923	-0.0543992	-0.748129	-0.64416	0.15925
5.43333	0.088461	0.122999	0.988456	-0.663139	0.747738	-0.0336982	-0.743251	-0.652503	0.147711
5.46667	0.0928777	0.104751	0.990152	-0.667029	0.744855	-0.0162317	-0.73922	-0.658953	0.139052
5.5	0.0990274	0.0878073	0.991203	-0.670799	0.741638	0.00131773	-0.734999	-0.665028	0.132344
5.53333	0.105692	0.0721857	0.991775	-0.673979	0.73853	0.0180716	-0.731151	-0.670345	0.126708
5.56667	0.112959	0.059696	0.991805	-0.677131	0.735128	0.0328735	-0.727141	-0.675295	0.123462
5.6	0.121955	0.0526913	0.991136	-0.678763	0.733005	0.0445502	-0.72416	-0.678179	0.125158
5.63333	0.128519	0.0476506	0.990562	-0.679339	0.731913	0.0529316	-0.722483	-0.67973	0.126436
5.66667	0.132947	0.0446897	0.990115	-0.679466	0.731393	0.0582224	-0.721561	-0.68049	0.127601
5.7	0.134747	0.0441052	0.989898	-0.679394	0.731325	0.0598962	-0.721295	-0.680602	0.128509
5.73333	0.134046	0.0457271	0.98992	-0.679812	0.731067	0.0582839	-0.721032	-0.680772	0.129082
5.76667	0.127327	0.0463488	0.990777	-0.685057	0.726481	0.0540535	-0.717276	-0.685622	0.124252
5.8	0.114361	0.0498243	0.992189	-0.693984	0.71865	0.0439016	-0.71085	-0.693584	0.116763
5.83333	0.0976744	0.058392	0.993504	-0.703139	0.710525	0.0273675	-0.704311	-0.701245	0.110458
5.86667	0.0785968	0.0734421	0.994198	-0.708059	0.706143	0.00381265	-0.701766	-0.70425	0.107502
5.9	0.0577641	0.0932853	0.993962	-0.708597	0.70517	-0.0250015	-0.703245	-0.702874	0.106835
5.93333	0.0364005	0.115856	0.992599	-0.711463	0.700515	-0.0556734	-0.701781	-0.70417	0.107926
5.96667	0.015487	0.140514	0.989958	-0.716197	0.692445	-0.0870809	-0.697727	-0.707656	0.111359
6	-0.00833676	0.166145	0.986066	-0.721702	0.681557	-0.120939	-0.692154	-0.712654	0.114225
6.03333	-0.0373011	0.192935	0.980502	-0.727552	0.667373	-0.158998	-0.685037	-0.719298	0.115476
6.06667	-0.0684899	0.218359	0.973462	-0.736107	0.647549	-0.197043	-0.673391	-0.730068	0.116385
6.1	-0.103123	0.239331	0.965446	-0.749007	0.61998	-0.233695	-0.654488	-0.747225	0.115327
6.13333	-0.138378	0.253555	0.957372	-0.766791	0.584371	-0.265599	-0.626804	-0.770857	0.113559
6.16667	-0.173907	0.258993	0.950094	-0.787513	0.542688	-0.292083	-0.591253	-0.799007	0.109583
6.2	-0.204048	0.246593	0.947395	-0.811284	0.499024	-0.304621	-0.54789	-0.830763	0.0982321
6.23333	-0.219933	0.216554	0.951175	-0.839227	0.455081	-0.297656	-0.497321	-0.863716	0.0816504
6.26667	-0.210777	0.171024	0.962457	-0.871281	0.413543	-0.264295	-0.443218	-0.894278	0.0618447
6.3	-0.180212	0.11193	0.977239	-0.9039	0.37298	-0.209407	-0.387929	-0.921063	0.033958
6.33333	-0.138868	0.0547396	0.988797	-0.925041	0.349319	-0.149252	-0.353575	-0.935404	0.00212705
6.36667	-0.100417	0.000681125	0.994945	-0.938582	0.331733	-0.0949552	-0.330121	-0.943373	-0.0326722
6.4	-0.065194	-0.0495333	0.996642	-0.944371	0.325706	-0.0455871	-0.322354	-0.944173	-0.0680119
6.43333	-0.041335	-0.0902096	0.995065	-0.941563	0.336727	-0.00858586	-0.33429	-0.937271	-0.0988566
6.46667	-0.0275133	-0.12085	0.992289	-0.932146	0.361624	0.0181963	-0.361035	-0.924458	-0.1226
6.5	-0.0184697	-0.142451	0.989629	-0.920434	0.388967	0.0388112	-0.390462	-0.910172	-0.138301
6.53333	-0.0160579	-0.157655	0.987364	-0.906621	0.418716	0.052113	-0.421641	-0.894327	-0.149657
6.56667	-0.0247439	-0.161901	0.986497	-0.889968	0.453045	0.0520298	-0.455351	-0.876663	-0.155297
6.6	-0.0325333	-0.158446	0.986832	-0.868933	0.492357	0.0504066	-0.49386	-0.85585	-0.153697
6.63333	-0.0407933	-0.146728	0.988335	-0.843026	0.536005	0.0447794	-0.536323	-0.831366	-0.145561
6.66667	-0.0500084	-0.124946	0.990902	-0.814553	0.57921	0.0319261	-0.57793	-0.805546	-0.130741
6.7	-0.0523631	-0.0993181	0.993677	-0.78405	0.620353	0.0206878	-0.618485	-0.778009	-0.110354
6.73333	-0.0563598	-0.0637185	0.996375	-0.750172	0.661242	-0.000146744	-0.658836	-0.747461	-0.0850673
6.76667	-0.0567555	-0.023699	0.998107	-0.714289	0.699439	-0.0240093	-0.697546	-0.714299	-0.056625
6.8	-0.051758	0.014108	0.99856	-0.682682	0.729286	-0.0456888	-0.728881	-0.684063	-0.0281151
6.83333	-0.0438704	0.0538626	0.997584	-0.659857	0.748178	-0.0694147	-0.750109	-0.661308	0.00271881
6.86667	-0.0373161	0.0915495	0.995101	-0.644458	0.758843	-0.0939807	-0.763729	-0.644807	0.0306828
6.9	-0.0257301	0.124297	0.991911	-0.633425	0.765602	-0.112369	-0.773376	-0.631192	0.0590338
6.93333	-0.0118205	0.154948	0.987852	-0.62476	0.770206	-0.128285	-0.780727	-0.618687	0.0877012
6.96667	0.00148726	0.180792	0.98352	-0.616987	0.774171	-0.141376	-0.786972	-0.606609	0.112697
7	0.016103	0.204643	0.978704	-0.611567	0.7764	-0.15228	-0.791029	-0.596091	0.137656
7.03333	0.0272851	0.228246	0.973221	-0.610379	0.774818	-0.164603	-0.791639	-0.589542	0.160458
7.06667	0.0358189	0.251338	0.967236	-0.613785	0.769333	-0.177183	-0.78866	-0.587329	0.181824
7.1	0.0416244	0.273367	0.961009	-0.619859	0.761427	-0.189746	-0.783608	-0.587792	0.201143
7.13333	0.045263	0.297459	0.953661	-0.626725	0.751855	-0.204767	-0.777924	-0.588415	0.220456
7.16667	0.0448019	0.325996	0.944309	-0.63587	0.738354	-0.224728	-0.770495	-0.59039	0.240371
7.2	0.027471	0.357484	0.933515	-0.644608	0.720098	-0.256788	-0.76402	-0.594697	0.250219
7.23333	0.013414	0.392769	0.919539	-0.647224	0.704393	-0.29143	-0.762182	-0.591239	0.263658
7.26667	0.00278582	0.427892	0.903825	-0.646051	0.690656	-0.324981	-0.763289	-0.583012	0.278364
7.3	0.0102029	0.460105	0.887806	-0.639936	0.68523	-0.347766	-0.76836	-0.564591	0.301429
7.33333	0.0229393	0.48323	0.875193	-0.634921	0.683253	-0.360611	-0.772236	-0.547406	0.322486
7.36667	0.0330694	0.494608	0.868487	-0.632726	0.683018	-0.36489	-0.77367	-0.537447	0.335538
7.4	0.0408323	0.492487	0.869362	-0.63547	0.684237	-0.357768	-0.771045	-0.537845	0.340899
7.43333	0.0513155	0.484697	0.873176	-0.637203	0.689123	-0.345082	-0.768985	-0.538682	0.344213
7.46667	0.0587767	0.468633	0.881435	-0.636045	0.698117	-0.328755	-0.76941	-0.541309	0.339105
7.5	0.0679958	0.446341	0.892276	-0.635901	0.70853	-0.305968	-0.76877	-0.546594	0.332006
7.53333	0.0758277	0.422767	0.90306	-0.632425	0.720588	-0.28424	-0.770901	-0.549565	0.322009
7.56667	0.0838344	0.403845	0.910978	-0.627777	0.731369	-0.266451	-0.773866	-0.549553	0.314839
7.6	0.0912934	0.3888	0.916788	-0.622542	0.740839	-0.252189	-0.777243	-0.547716	0.309678
7.63333	0.0991129	0.376905	0.920934	-0.618391	0.748408	-0.239744	-0.779595	-0.545736	0.307251
7.66667	0.106458	0.368735	0.923418	-0.615795	0.753609	-0.229934	-0.780681	-0.544158	0.307293
7.7	0.112514	0.364819	0.924255	-0.610983	0.75894	-0.225188	-0.783607	-0.539368	0.30829
7.73333	0.117386	0.362633	0.92451	-0.606567	0.763298	-0.222382	-0.786319	-0.534672	0.309562
7.76667	0.121842	0.360578	0.924737	-0.602276	0.767409	-0.219877	-0.788935	-0.530157	0.31067
7.8	0.125102	0.357758	0.925397	-0.598367	0.771205	-0.217256	-0.791395	-0.526548	0.310549
7.83333	0.127862	0.354926	0.926109	-0.59441	0.774912	-0.214914	-0.793932	-0.52301	0.310053
7.86667	0.129715	0.354753	0.925918	-0.590695	0.777669	-0.215201	-0.7964	-0.51902	0.310426
7.9	0.132789	0.35572	0.925111	-0.587292	0.780113	-0.215666	-0.798408	-0.514672	0.312502
7.93333	0.135168	0.357482	0.924087	-0.582455	0.783151	-0.217764	-0.801546	-0.508804	0.314074
7.96667	0.139183	0.3594	0.922746	-0.576848	0.786821	-0.21945	-0.804906	-0.501741	0.316832
8	0.141834	0.360948	0.921737	-0.571277	0.790286	-0.221565	-0.808409	-0.495142	0.31829
8.03333	0.145812	0.359332	0.921748	-0.567517	0.793543	-0.219577	-0.810347	-0.491091	0.319635
8.06667	0.150044	0.352455	0.923722	-0.567948	0.795487	-0.211271	-0.809272	-0.492926	0.319534
8.1	0.157501	0.340243	0.927053	-0.567936	0.799192	-0.196827	-0.807862	-0.495507	0.31911
8.13333	0.162627	0.330192	0.929799	-0.568334	0.801665	-0.185283	-0.806566	-0.498304	0.318032
8.16667	0.167191	0.319379	0.932762	-0.568821	0.80399	-0.17333	-0.805289	-0.501595	0.316089
8.2	0.169334	0.311451	0.935053	-0.572445	0.803389	-0.163929	-0.802267	-0.507508	0.31433
8.23333	0.170046	0.305361	0.936931	-0.57709	0.801545	-0.156499	-0.798781	-0.514081	0.312521
8.26667	0.168673	0.300676	0.938692	-0.580779	0.799779	-0.15182	-0.796395	-0.519565	0.309527
8.3	0.164869	0.297543	0.940365	-0.584888	0.797181	-0.149692	-0.794181	-0.525329	0.305459
8.33333	0.160703	0.295641	0.941685	-0.589617	0.793892	-0.148621	-0.791534	-0.531349	0.301896
8.36667	0.155557	0.295114	0.942714	-0.594328	0.790241	-0.149312	-0.789035	-0.537054	0.298322
8.4	0.149122	0.296664	0.943267	-0.599145	0.785987	-0.152479	-0.786631	-0.542416	0.294953
8.43333	0.13357	0.294872	0.946155	-0.610415	0.776597	-0.155856	-0.780738	-0.55673	0.283724
8.46667	0.108264	0.290053	0.950867	-0.63101	0.759153	-0.159727	-0.768183	-0.582714	0.265216
8.5	0.0754974	0.286573	0.955079	-0.656068	0.735571	-0.168848	-0.750916	-0.61385	0.243545
8.53333	0.0421185	0.290777	0.955863	-0.675154	0.713502	-0.1873	-0.736473	-0.637466	0.226371
8.56667	0.00796083	0.300688	0.953689	-0.689416	0.692472	-0.212574	-0.724321	-0.655797	0.212812
8.6	-0.0279464	0.313687	0.949115	-0.705814	0.666159	-0.240951	-0.707845	-0.676633	0.202788
8.63333	-0.0651699	0.326101	0.943086	-0.726631	0.632248	-0.268832	-0.68393	-0.702795	0.195752
8.66667	-0.102586	0.335322	0.936502	-0.750704	0.591587	-0.294055	-0.652625	-0.733201	0.191039
8.7	-0.134811	0.332912	0.933272	-0.77392	0.552791	-0.308981	-0.618768	-0.763932	0.183125
8.73333	-0.162978	0.317173	0.934259	-0.798823	0.513342	-0.313627	-0.579068	-0.797422	0.169702
8.76667	-0.190532	0.29721	0.935609	-0.821913	0.47286	-0.317589	-0.536802	-0.8295	0.154186
8.8	-0.21781	0.279928	0.934986	-0.84083	0.432583	-0.325388	-0.495544	-0.857037	0.141151
8.83333	-0.244699	0.265523	0.932534	-0.854935	0.394616	-0.336697	-0.457394	-0.879645	0.130443
8.86667	-0.242278	0.232317	0.941982	-0.880621	0.354834	-0.314006	-0.407196	-0.905606	0.118615
8.9	-0.205119	0.168446	0.964133	-0.918532	0.307031	-0.24906	-0.337972	-0.936674	0.0917448
8.93333	-0.142106	0.0837523	0.986302	-0.952023	0.261264	-0.159353	-0.271032	-0.961627	0.0426068
8.96667	-0.0868164	0.00964829	0.996178	-0.968722	0.232521	-0.0866756	-0.232468	-0.972544	-0.0108401
9	-0.0489638	-0.0479938	0.997647	-0.970258	0.239364	-0.0361045	-0.237068	-0.969743	-0.0582866
9.03333	-0.0312322	-0.0882066	0.995612	-0.960979	0.276565	-0.00564343	-0.274853	-0.956939	-0.0934024
9.06667	-0.0220982	-0.117018	0.992884	-0.94673	0.321588	0.0168302	-0.321269	-0.939621	-0.117891
9.1	-0.0205737	-0.140413	0.989879	-0.930598	0.364608	0.0323776	-0.365464	-0.920513	-0.138169
9.13333	-0.0244822	-0.151335	0.988179	-0.909052	0.414662	0.040982	-0.415963	-0.897303	-0.147724
9.16667	-0.0350787	-0.144762	0.988845	-0.879528	0.474308	0.0382354	-0.474552	-0.868375	-0.14396
9.2	-0.0447824	-0.12806	0.990755	-0.843738	0.535852	0.0311241	-0.534883	-0.834544	-0.132045
9.23333	-0.0512132	-0.103506	0.99331	-0.804994	0.592936	0.0202816	-0.591068	-0.79857	-0.113688
9.26667	-0.0546163	-0.0719302	0.995913	-0.760789	0.648978	0.00515067	-0.646697	-0.757399	-0.0901686
9.3	-0.0526128	-0.0318391	0.998107	-0.713049	0.700949	-0.0152267	-0.699138	-0.7125	-0.0595817
9.33333	-0.0461085	0.00924902	0.998894	-0.666621	0.744445	-0.0376639	-0.74397	-0.66762	-0.0281596
9.36667	-0.0341472	0.0468	0.99832	-0.634879	0.770444	-0.0578332	-0.771857	-0.635787	0.00340379
9.4	-0.0209343	0.0785331	0.996692	-0.616931	0.783465	-0.07469	-0.786739	-0.616453	0.0320482
9.43333	-0.00714827	0.106951	0.994239	-0.606241	0.790244	-0.0893659	-0.795249	-0.603387	0.0591893
9.46667	0.00779501	0.13462	0.990867	-0.596887	0.795635	-0.1034	-0.802288	-0.590629	0.086555
9.5	0.0238287	0.161142	0.986644	-0.589312	0.799484	-0.116342	-0.807554	-0.578669	0.114014
9.53333	0.0369903	0.185375	0.981971	-0.586159	0.799873	-0.128918	-0.809351	-0.570823	0.138247
9.56667	0.0473466	0.209521	0.976657	-0.5887	0.795751	-0.142172	-0.806964	-0.568227	0.161021
9.6	0.0530445	0.234481	0.970672	-0.595411	0.78778	-0.157763	-0.801668	-0.569581	0.1814
9.63333	0.0501312	0.263641	0.963317	-0.60656	0.774312	-0.180349	-0.793456	-0.575268	0.198731
9.66667	0.0337586	0.296603	0.954404	-0.612903	0.760445	-0.214647	-0.789436	-0.577711	0.207461
9.7	0.0179814	0.335083	0.942017	-0.61479	0.746713	-0.253877	-0.788486	-0.574578	0.219433
9.73333	0.00410541	0.379864	0.925033	-0.615436	0.730061	-0.297068	-0.788176	-0.568079	0.236779
9.76667	-0.000719033	0.420941	0.907088	-0.624347	0.70838	-0.329224	-0.781147	-0.566574	0.262304
9.8	0.00792313	0.460153	0.887804	-0.623423	0.696441	-0.355405	-0.781844	-0.550662	0.292388
9.83333	0.0196198	0.495812	0.868208	-0.619066	0.687912	-0.378859	-0.785094	-0.530046	0.320437
9.86667	0.031291	0.527424	0.849026	-0.612518	0.681368	-0.400698	-0.789837	-0.507506	0.344377
9.9	0.0451799	0.550481	0.833624	-0.610302	0.675854	-0.413222	-0.790879	-0.490093	0.366495
9.93333	0.058953	0.564521	0.823311	-0.610873	0.672697	-0.417508	-0.789531	-0.478325	0.384508
9.96667	0.0680589	0.568078	0.820156	-0.611176	0.673494	-0.415776	-0.788563	-0.472962	0.393033
10	0.0765008	0.563451	0.8226	-0.613771	0.676791	-0.406497	-0.785769	-0.47379	0.397605
10.0333	0.0855691	0.555446	0.827139	-0.613363	0.683587	-0.395593	-0.785152	-0.473486	0.399184
10.0667	0.0916756	0.542338	0.835144	-0.612083	0.692223	-0.382337	-0.785462	-0.476126	0.395416
10.1	0.0974459	0.526205	0.844756	-0.611481	0.701347	-0.366337	-0.785236	-0.480855	0.390108
10.1333	0.101974	0.506273	0.856323	-0.612778	0.710075	-0.346837	-0.783648	-0.489368	0.382642
10.1667	0.106814	0.48277	0.869209	-0.613212	0.720136	-0.324617	-0.782664	-0.498335	0.372961
10.2	0.109062	0.459299	0.881561	-0.61166	0.730085	-0.304709	-0.783567	-0.505983	0.36056
10.2333	0.107797	0.434146	0.894369	-0.610247	0.739087	-0.285217	-0.784843	-0.515041	0.344608
10.2667	0.105234	0.407045	0.907326	-0.611143	0.746233	-0.263894	-0.784494	-0.526735	0.327292
10.3	0.104856	0.381192	0.91853	-0.61187	0.752841	-0.242581	-0.783977	-0.536585	0.31218
10.3333	0.105513	0.359631	0.92711	-0.610976	0.759032	-0.224899	-0.784586	-0.542712	0.299814
10.3667	0.105874	0.341161	0.934024	-0.609284	0.764582	-0.210207	-0.785852	-0.54683	0.288813
10.4	0.107239	0.32321	0.940231	-0.609937	0.768207	-0.194509	-0.78516	-0.552623	0.27952
10.4333	0.108925	0.30445	0.94628	-0.60897	0.772836	-0.178549	-0.785679	-0.556808	0.269582
10.4667	0.112001	0.288114	0.951024	-0.608484	0.776522	-0.163588	-0.785623	-0.56036	0.262284
10.5	0.114809	0.275179	0.954513	-0.608452	0.779015	-0.151399	-0.785242	-0.563394	0.256871
10.5333	0.118699	0.264086	0.957167	-0.608621	0.781011	-0.140008	-0.784532	-0.565933	0.253433
10.5667	0.122209	0.25243	0.959867	-0.610601	0.781559	-0.127796	-0.782452	-0.570478	0.249648
10.6	0.127606	0.242351	0.96176	-0.613641	0.781105	-0.115411	-0.779206	-0.575448	0.24839
10.6333	0.131164	0.231935	0.963848	-0.616864	0.780195	-0.103797	-0.776064	-0.580949	0.245406
10.6667	0.133357	0.220021	0.966337	-0.621942	0.777729	-0.0912481	-0.771624	-0.588837	0.240556
10.7	0.137075	0.204422	0.969238	-0.629191	0.773701	-0.0741977	-0.765068	-0.599666	0.234675
10.7333	0.140632	0.185794	0.972473	-0.636507	0.769313	-0.054932	-0.758342	-0.61126	0.226449
10.7667	0.144034	0.167229	0.97534	-0.641136	0.766546	-0.0367498	-0.753789	-0.620033	0.217626
10.8	0.145765	0.151028	0.977723	-0.645354	0.763575	-0.0217352	-0.749848	-0.627809	0.208769
10.8333	0.145994	0.138457	0.979549	-0.649246	0.760503	-0.01073	-0.746435	-0.634401	0.200921
10.8667	0.143616	0.13079	0.980953	-0.652952	0.75738	-0.0053859	-0.743659	-0.639742	0.194172
10.9	0.138842	0.128178	0.981984	-0.656104	0.754648	-0.00573792	-0.741788	-0.643488	0.188875
10.9333	0.131048	0.129216	0.982919	-0.660342	0.750889	-0.0106728	-0.739442	-0.647664	0.183729
10.9667	0.118149	0.130703	0.984356	-0.668455	0.743523	-0.0184925	-0.734308	-0.655813	0.175216
11	0.101055	0.13085	0.986238	-0.682623	0.730274	-0.0269447	-0.72375	-0.670506	0.16312
11.0333	0.0823912	0.132825	0.987709	-0.69543	0.717563	-0.0384862	-0.713855	-0.683711	0.151491
11.0667	0.0603232	0.13551	0.988938	-0.705459	0.706705	-0.0538054	-0.706179	-0.69441	0.138228
11.1	0.0338385	0.13773	0.989892	-0.717431	0.69291	-0.0718841	-0.695807	-0.707747	0.122259
11.1333	0.00540513	0.139578	0.990196	-0.733573	0.6735	-0.0909321	-0.679589	-0.72589	0.106031
11.1667	-0.0236502	0.147251	0.988816	-0.74891	0.6526	-0.115095	-0.66225	-0.743256	0.0948436
11.2	-0.0537719	0.161035	0.985483	-0.761047	0.632317	-0.144851	-0.646464	-0.757788	0.0885545
11.2333	-0.0873035	0.180538	0.979686	-0.773347	0.607629	-0.18089	-0.627943	-0.77343	0.0865701
11.2667	-0.123177	0.202988	0.971403	-0.788236	0.574688	-0.22004	-0.602919	-0.792799	0.0892142
11.3	-0.157209	0.217801	0.963249	-0.807031	0.53384	-0.252421	-0.569198	-0.817054	0.0918477
11.3333	-0.185275	0.221013	0.957511	-0.827406	0.490597	-0.27334	-0.530163	-0.842893	0.0919718
11.3667	-0.213663	0.217596	0.952365	-0.843718	0.450305	-0.292174	-0.492431	-0.865955	0.087376
11.4	-0.239683	0.216106	0.946494	-0.855526	0.413847	-0.311137	-0.458942	-0.884324	0.0856925
11.4333	-0.251035	0.202729	0.946511	-0.869636	0.382195	-0.312507	-0.425106	-0.901569	0.0803564
11.4667	-0.224004	0.157111	0.961841	-0.901222	0.342275	-0.265795	-0.370973	-0.926372	0.0649206
11.5	-0.169709	0.0804521	0.982205	-0.934719	0.302645	-0.186294	-0.312248	-0.949702	0.0238385
11.5333	-0.107954	-0.0049805	0.994143	-0.958805	0.264816	-0.10279	-0.262753	-0.964286	-0.0333634
11.5667	-0.0607373	-0.0751937	0.995317	-0.966784	0.252456	-0.0399237	-0.248272	-0.964682	-0.0880296
11.6	-0.0421617	-0.126265	0.9911	-0.960694	0.277555	-0.00550814	-0.274389	-0.952376	-0.133004
11.6333	-0.0396354	-0.161023	0.986154	-0.943205	0.331813	0.0162707	-0.329839	-0.929501	-0.16503
11.6667	-0.0364498	-0.1848	0.9821	-0.921787	0.385793	0.0383826	-0.38598	-0.903888	-0.184408
11.7	-0.0333181	-0.20182	0.978856	-0.902247	0.42738	0.0574067	-0.429929	-0.881257	-0.196331
11.7333	-0.0408573	-0.206474	0.977599	-0.879264	0.472154	0.0629738	-0.47458	-0.856994	-0.200836
11.7667	-0.0501052	-0.196918	0.979139	-0.849275	0.5243	0.061984	-0.525568	-0.828452	-0.193508
11.8	-0.0596949	-0.17794	0.982229	-0.808679	0.585489	0.0569194	-0.585213	-0.790911	-0.178847
11.8333	-0.0645416	-0.150556	0.986492	-0.762116	0.645609	0.0486694	-0.644216	-0.74868	-0.15641
11.8667	-0.0662548	-0.114547	0.991206	-0.714276	0.699083	0.0330443	-0.696721	-0.705806	-0.128136
11.9	-0.062163	-0.0771326	0.995081	-0.67182	0.740554	0.0154344	-0.738101	-0.667556	-0.0978542
11.9333	-0.0524281	-0.0376046	0.997916	-0.638102	0.769938	-0.00451069	-0.768164	-0.637009	-0.064362
11.9667	-0.0382518	-0.00460699	0.999258	-0.612166	0.790482	-0.0197894	-0.789804	-0.612468	-0.0330576
12	-0.0222578	0.0215845	0.999519	-0.596998	0.801659	-0.030606	-0.801934	-0.597392	-0.00495725
12.0333	-0.00786356	0.0451743	0.998948	-0.588721	0.807289	-0.0411414	-0.808298	-0.588425	0.0202469
12.0667	0.0047657	0.0679629	0.997676	-0.586172	0.808498	-0.0522758	-0.810173	-0.584561	0.043691
12.1	0.0106894	0.0936383	0.995549	-0.588028	0.80585	-0.0694821	-0.80877	-0.584668	0.063676
12.1333	0.00316013	0.127428	0.991843	-0.595359	0.797148	-0.100517	-0.803454	-0.590185	0.0783843
12.1667	-0.0167262	0.164725	0.986198	-0.598112	0.788751	-0.14189	-0.801238	-0.59223	0.0853314
12.2	-0.0208694	0.1995	0.979676	-0.600065	0.781268	-0.17188	-0.799679	-0.591456	0.103409
12.2333	-0.0302601	0.244919	0.969071	-0.600787	0.770382	-0.213463	-0.798836	-0.588665	0.123832
12.2667	-0.0211301	0.281716	0.959265	-0.602879	0.761816	-0.237009	-0.797552	-0.583329	0.153743
12.3	-0.00310263	0.314165	0.949363	-0.594757	0.762621	-0.254311	-0.8039	-0.565429	0.184485
12.3333	0.0135771	0.343365	0.939104	-0.585441	0.764109	-0.270918	-0.810601	-0.546112	0.211395
12.3667	0.0291087	0.371051	0.928156	-0.576813	0.764585	-0.28757	-0.816357	-0.527002	0.236283
12.4	0.0441228	0.39834	0.916176	-0.568404	0.764177	-0.304879	-0.821566	-0.507306	0.260136
