0	0.911305	-0.411733	0	0.411733	0.911305	0	0	0	1
0.0333333	0.915642	-0.384041	-0.118791	0.379494	0.923266	-0.0596948	0.132601	0.00957858	0.991123
0.0666667	0.926194	-0.256701	-0.276168	0.234158	0.965689	-0.112314	0.295523	0.0393575	0.954524
0.1	0.905323	-0.14984	-0.397415	0.103903	0.985404	-0.134842	0.411819	0.0807827	0.907678
0.133333	0.870495	-0.0655715	-0.487789	-0.00386937	0.990143	-0.140006	0.492161	0.123762	0.861661
0.166667	0.831448	0.00104629	-0.555601	-0.0922609	0.986375	-0.13621	0.547888	0.164511	0.820216
0.2	0.791564	0.0516761	-0.608897	-0.162231	0.978434	-0.127862	0.589158	0.199994	0.782877
0.233333	0.758119	0.0873265	-0.646243	-0.212997	0.969801	-0.118822	0.616351	0.227729	0.753824
0.266667	0.735046	0.111045	-0.668862	-0.247188	0.96249	-0.111854	0.631352	0.247553	0.734924
0.3	0.722016	0.125478	-0.680403	-0.267947	0.957386	-0.107776	0.637885	0.260128	0.72487
0.333333	0.718318	0.133697	-0.682747	-0.279207	0.954264	-0.106887	0.63723	0.267407	0.722794
0.366667	0.719298	0.138739	-0.680707	-0.285589	0.952282	-0.10769	0.633285	0.271864	0.724597
0.4	0.72367	0.141621	-0.675459	-0.288601	0.951135	-0.109779	0.626906	0.274382	0.72918
0.433333	0.729026	0.143737	-0.669225	-0.29042	0.950291	-0.112267	0.619821	0.276201	0.73453
0.466667	0.733918	0.14529	-0.663517	-0.291555	0.949672	-0.11454	0.613482	0.277514	0.739341
0.5	0.738238	0.145831	-0.658588	-0.291479	0.949457	-0.116494	0.608313	0.277965	0.743432
0.533333	0.741296	0.145623	-0.65519	-0.290676	0.949539	-0.117831	0.604969	0.277796	0.746218
0.566667	0.743549	0.145315	-0.652701	-0.289885	0.949659	-0.118805	0.602579	0.277546	0.748243
0.6	0.745109	0.145321	-0.650918	-0.289608	0.949656	-0.1195	0.600783	0.277551	0.749683
0.633333	0.745399	0.144793	-0.650703	-0.2889	0.949861	-0.119583	0.600763	0.277126	0.749857
0.666667	0.745906	0.143667	-0.650372	-0.287412	0.950297	-0.119711	0.600848	0.276218	0.750124
0.7	0.746864	0.142809	-0.649461	-0.286174	0.950626	-0.120062	0.600248	0.275528	0.750857
0.733333	0.748062	0.142075	-0.648242	-0.285045	0.950906	-0.120527	0.599293	0.27494	0.751835
0.766667	0.749603	0.14176	-0.646529	-0.284368	0.951026	-0.121179	0.597687	0.274688	0.753204
0.8	0.751006	0.141897	-0.644868	-0.284272	0.950974	-0.121808	0.595969	0.274797	0.754525
0.833333	0.752212	0.14212	-0.643412	-0.284318	0.95089	-0.122358	0.594425	0.274973	0.755678
0.866667	0.753935	0.140121	-0.641832	-0.281535	0.951641	-0.122952	0.593566	0.273396	0.756924
0.9	0.754848	0.138188	-0.641178	-0.278989	0.952359	-0.123195	0.593608	0.271875	0.757439
0.933333	0.753799	0.135813	-0.642917	-0.276273	0.953233	-0.122555	0.596205	0.270002	0.756067
0.966667	0.751749	0.133194	-0.645858	-0.273433	0.954189	-0.121483	0.60009	0.267923	0.75373
1	0.74921	0.12968	-0.649513	-0.269551	0.95546	-0.120161	0.605001	0.265103	0.750796
1.03333	0.747683	0.129972	-0.651213	-0.270196	0.955354	-0.119548	0.606601	0.265339	0.74942
1.06667	0.744952	0.129681	-0.654392	-0.27033	0.95546	-0.118397	0.609892	0.265102	0.746829
1.1	0.742503	0.128551	-0.657391	-0.269353	0.95587	-0.117309	0.613301	0.264172	0.744362
1.13333	0.743693	0.128847	-0.655988	-0.269513	0.955763	-0.117818	0.611788	0.264417	0.745519
1.16667	0.746685	0.126702	-0.653	-0.266286	0.956534	-0.118892	0.609552	0.262659	0.747968
1.2	0.751556	0.125236	-0.647672	-0.263561	0.957052	-0.120776	0.60473	0.261471	0.752286
1.23333	0.755496	0.124044	-0.643304	-0.261342	0.957467	-0.122298	0.600772	0.260518	0.75578
1.26667	0.757878	0.123969	-0.64051	-0.260795	0.957493	-0.123263	0.598003	0.26046	0.757993
1.3	0.758008	0.124016	-0.640347	-0.260827	0.957477	-0.123319	0.597824	0.260497	0.758122
1.33333	0.756243	0.123089	-0.642609	-0.260022	0.957796	-0.12254	0.600405	0.259762	0.756332
1.36667	0.754157	0.122539	-0.64516	-0.259736	0.957985	-0.121662	0.603146	0.259323	0.754299
1.4	0.751724	0.121876	-0.648118	-0.259368	0.958214	-0.120641	0.606333	0.25879	0.751923
1.43333	0.749391	0.121718	-0.650844	-0.259602	0.958269	-0.119699	0.609114	0.258661	0.749716
1.46667	0.746462	0.120042	-0.654511	-0.258038	0.958849	-0.118429	0.613361	0.257292	0.746719
1.5	0.743085	0.118562	-0.658611	-0.25678	0.95936	-0.117013	0.617972	0.256069	0.74333
1.53333	0.741861	0.118902	-0.659928	-0.257428	0.959242	-0.116557	0.619172	0.256353	0.742233
1.56667	0.739891	0.118186	-0.662264	-0.256867	0.95949	-0.115747	0.621757	0.255754	0.740276
1.6	0.738825	0.118329	-0.663428	-0.257235	0.959441	-0.115342	0.622871	0.255875	0.739297
1.63333	0.739105	0.118953	-0.663004	-0.257978	0.959223	-0.11549	0.622231	0.256399	0.739654
1.66667	0.741584	0.121432	-0.659778	-0.260682	0.958355	-0.116619	0.618141	0.258475	0.742356
1.7	0.744422	0.124776	-0.655947	-0.264387	0.957174	-0.117972	0.613135	0.261245	0.745531
1.73333	0.747533	0.128043	-0.651767	-0.267911	0.956009	-0.119463	0.607798	0.263917	0.748952
1.76667	0.750011	0.130653	-0.648393	-0.2707	0.95507	-0.120675	0.603494	0.266027	0.751681
1.8	0.751306	0.133591	-0.646292	-0.274097	0.954004	-0.121437	0.600342	0.268383	0.753366
1.83333	0.751728	0.136658	-0.645159	-0.277803	0.952878	-0.121852	0.598106	0.270827	0.754269
1.86667	0.751759	0.14001	-0.644403	-0.281926	0.951631	-0.122133	0.596134	0.273489	0.754869
1.9	0.752125	0.142806	-0.643362	-0.285293	0.950576	-0.122526	0.594067	0.275701	0.755694
1.93333	0.753469	0.146755	-0.640896	-0.289873	0.949068	-0.123467	0.590134	0.278807	0.757634
1.96667	0.755482	0.150681	-0.637607	-0.294266	0.947548	-0.12474	0.585367	0.281865	0.760196
2	0.758023	0.155467	-0.633428	-0.29956	0.94567	-0.12638	0.579366	0.285549	0.763411
2.03333	0.760958	0.160819	-0.628554	-0.305399	0.943539	-0.128321	0.572429	0.289607	0.767107
2.06667	0.762866	0.165139	-0.625112	-0.310162	0.941793	-0.129712	0.567306	0.292839	0.769681
2.1	0.763889	0.168461	-0.622973	-0.313893	0.940435	-0.130587	0.563866	0.295301	0.771267
2.13333	0.764211	0.171416	-0.62177	-0.317321	0.939215	-0.131084	0.561506	0.297477	0.772152
2.16667	0.764882	0.173881	-0.620258	-0.320088	0.938187	-0.131714	0.559016	0.299283	0.77326
2.2	0.765788	0.175371	-0.618719	-0.321649	0.937562	-0.13236	0.556876	0.30037	0.774382
2.23333	0.764746	0.177946	-0.619272	-0.324897	0.936475	-0.132126	0.556422	0.302243	0.77398
2.26667	0.762128	0.180541	-0.621745	-0.328505	0.935364	-0.131069	0.557894	0.304137	0.772175
2.3	0.757952	0.181197	-0.626639	-0.330151	0.935079	-0.128949	0.562591	0.304622	0.768568
2.33333	0.753617	0.180809	-0.631956	-0.33057	0.935248	-0.126626	0.568141	0.304334	0.764589
2.36667	0.74957	0.180385	-0.636872	-0.330864	0.935435	-0.124463	0.573301	0.304012	0.760857
2.4	0.745625	0.18123	-0.641248	-0.332643	0.93506	-0.122521	0.577401	0.304662	0.757489
2.43333	0.740656	0.182154	-0.646721	-0.3347	0.934645	-0.120065	0.582584	0.305384	0.753218
2.46667	0.734262	0.182483	-0.65388	-0.336267	0.934494	-0.11681	0.589731	0.305647	0.747527
2.5	0.7264	0.181545	-0.662861	-0.336481	0.934925	-0.112677	0.599269	0.304889	0.740216
2.53333	0.716804	0.178963	-0.673917	-0.334825	0.936124	-0.107539	0.611625	0.302729	0.730938
2.56667	0.705484	0.17631	-0.686445	-0.333178	0.937367	-0.101661	0.625527	0.300429	0.72004
2.6	0.694158	0.173743	-0.69854	-0.331448	0.938585	-0.0959205	0.638973	0.298114	0.709113
2.63333	0.685007	0.170971	-0.708191	-0.328983	0.939912	-0.0913011	0.650027	0.295525	0.700093
2.66667	0.678295	0.167119	-0.715533	-0.324633	0.941758	-0.0877829	0.659189	0.291828	0.693042
2.7	0.674097	0.162693	-0.720503	-0.319099	0.943864	-0.0854184	0.66616	0.287492	0.688171
2.73333	0.671612	0.158105	-0.723837	-0.313076	0.946019	-0.0838527	0.671506	0.282933	0.684856
2.76667	0.669386	0.153289	-0.726928	-0.306657	0.948244	-0.0824242	0.676671	0.278092	0.681749
2.8	0.66657	0.147876	-0.730628	-0.299415	0.9507	-0.0807454	0.682668	0.272583	0.677984
2.83333	0.66288	0.144072	-0.734734	-0.294461	0.9524	-0.07891	0.688392	0.268659	0.67375
2.86667	0.657096	0.143021	-0.740115	-0.293575	0.952869	-0.076511	0.69429	0.267554	0.668114
2.9	0.65008	0.142545	-0.746376	-0.293597	0.953084	-0.0736955	0.700854	0.267041	0.661432
2.93333	0.644793	0.142302	-0.750994	-0.293755	0.953196	-0.0715979	0.705656	0.266774	0.656415
2.96667	0.643139	0.142757	-0.752325	-0.294576	0.952988	-0.0709893	0.706822	0.267273	0.654956
3	0.644937	0.143996	-0.750547	-0.296213	0.952419	-0.0718059	0.704496	0.268632	0.656904
3.03333	0.649626	0.145619	-0.746178	-0.298111	0.951673	-0.073815	0.699369	0.270396	0.661641
3.06667	0.656646	0.146772	-0.73978	-0.299058	0.951144	-0.0767445	0.692373	0.271631	0.668458
3.1	0.666216	0.147462	-0.731035	-0.299015	0.95083	-0.0807036	0.683189	0.272356	0.677551
3.13333	0.676372	0.147172	-0.721707	-0.297458	0.950957	-0.0848524	0.673825	0.27207	0.686978
3.16667	0.685827	0.146582	-0.71285	-0.29551	0.951212	-0.0887116	0.665068	0.271495	0.695683
3.2	0.694879	0.14499	-0.704358	-0.292205	0.951889	-0.092329	0.657084	0.269974	0.703814
3.23333	0.703331	0.142872	-0.696357	-0.288246	0.952767	-0.0956529	0.6498	0.267998	0.711293
3.26667	0.71159	0.140581	-0.688387	-0.284065	0.953693	-0.0988779	0.64261	0.265907	0.718572
3.3	0.718709	0.139039	-0.681267	-0.28101	0.954302	-0.101692	0.635995	0.26453	0.724937
3.33333	0.724619	0.138189	-0.675153	-0.279014	0.954632	-0.104064	0.630142	0.263784	0.730301
3.36667	0.730325	0.137971	-0.669021	-0.277841	0.954715	-0.106411	0.624043	0.263597	0.735586
3.4	0.737813	0.137545	-0.660843	-0.276085	0.954876	-0.109498	0.615962	0.263238	0.742494
3.43333	0.744271	0.137468	-0.653578	-0.274898	0.954904	-0.112198	0.608681	0.263173	0.748497
3.46667	0.748602	0.137563	-0.648592	-0.274263	0.95487	-0.114031	0.603635	0.263248	0.752546
3.5	0.752112	0.136474	-0.644749	-0.272289	0.955267	-0.115429	0.600155	0.262374	0.755628
3.53333	0.753942	0.1346	-0.643004	-0.269642	0.955941	-0.116056	0.599053	0.260881	0.757018
3.56667	0.753811	0.133457	-0.643396	-0.268253	0.956349	-0.115916	0.599842	0.259972	0.756706
3.6	0.752781	0.132715	-0.644753	-0.267519	0.956613	-0.115434	0.601459	0.259381	0.755624
3.63333	0.751529	0.132385	-0.64628	-0.267333	0.95673	-0.114891	0.603106	0.259116	0.754402
3.66667	0.751502	0.132679	-0.646251	-0.267703	0.956626	-0.114902	0.602975	0.259352	0.754425
3.7	0.752186	0.132298	-0.645533	-0.267108	0.956761	-0.115157	0.602386	0.259047	0.755001
3.73333	0.75359	0.131387	-0.644081	-0.265727	0.957084	-0.115671	0.601242	0.258318	0.756162
3.76667	0.755671	0.131196	-0.641677	-0.265115	0.957151	-0.116516	0.598895	0.258166	0.758073
3.8	0.7575	0.130327	-0.639694	-0.263709	0.957455	-0.117209	0.597203	0.257479	0.75964
3.83333	0.758446	0.128695	-0.638903	-0.261525	0.95802	-0.117483	0.596963	0.256194	0.760263
3.86667	0.75842	0.127267	-0.63922	-0.25977	0.958511	-0.117374	0.597762	0.255069	0.760014
3.9	0.75677	0.12515	-0.64159	-0.257457	0.959233	-0.116565	0.600846	0.253395	0.758139
3.93333	0.754839	0.123717	-0.644137	-0.256029	0.95972	-0.1157	0.603877	0.252252	0.756109
3.96667	0.753174	0.12306	-0.646208	-0.255508	0.959943	-0.114997	0.606171	0.251724	0.754448
4	0.752341	0.123141	-0.647162	-0.255757	0.959916	-0.114673	0.607101	0.251789	0.753678
4.03333	0.751849	0.12358	-0.64765	-0.256392	0.959766	-0.114506	0.607442	0.252144	0.753285
4.06667	0.750317	0.124142	-0.649318	-0.257363	0.959574	-0.113936	0.608925	0.252598	0.751934
4.1	0.74885	0.123789	-0.651076	-0.257177	0.959696	-0.113332	0.610805	0.252311	0.750504
4.13333	0.747783	0.123087	-0.652434	-0.256483	0.959936	-0.112866	0.612402	0.251738	0.749394
4.16667	0.747323	0.122735	-0.653027	-0.25612	0.960057	-0.112663	0.613116	0.251449	0.748908
4.2	0.747888	0.123556	-0.652225	-0.257053	0.959775	-0.112938	0.612035	0.252121	0.749565
4.23333	0.750206	0.125137	-0.649255	-0.258629	0.959231	-0.11396	0.608525	0.253409	0.751985
4.26667	0.753217	0.127734	-0.64525	-0.261329	0.958333	-0.115344	0.603631	0.255502	0.755214
4.3	0.756437	0.130828	-0.640849	-0.264578	0.957256	-0.116877	0.598166	0.257964	0.758718
4.33333	0.759181	0.134336	-0.636866	-0.268388	0.956022	-0.118276	0.592969	0.26072	0.761848
4.36667	0.761455	0.137529	-0.63346	-0.271866	0.954889	-0.119485	0.588451	0.263199	0.764494
4.4	0.76286	0.140858	-0.631033	-0.275651	0.953693	-0.120356	0.584859	0.26576	0.766362
4.43333	0.764559	0.144267	-0.628201	-0.279457	0.952455	-0.121384	0.580821	0.26836	0.768524
4.46667	0.766633	0.147194	-0.624986	-0.282583	0.951381	-0.122563	0.576559	0.270571	0.770955
4.5	0.770482	0.150864	-0.619353	-0.286216	0.950023	-0.124647	0.569595	0.273307	0.775155
4.53333	0.772391	0.154485	-0.616074	-0.29014	0.94867	-0.125871	0.565006	0.275969	0.777566
4.56667	0.773151	0.157844	-0.614266	-0.293965	0.947401	-0.126555	0.56198	0.278418	0.778885
4.6	0.773276	0.162079	-0.613005	-0.298943	0.945777	-0.127038	0.559175	0.281489	0.779799
4.63333	0.772738	0.165826	-0.61268	-0.303471	0.944317	-0.127165	0.557477	0.284196	0.780033
4.66667	0.771932	0.170032	-0.612545	-0.308587	0.94265	-0.127219	0.555784	0.287227	0.780131
4.7	0.771612	0.1737	-0.611918	-0.31296	0.941173	-0.127471	0.553779	0.289864	0.780582
4.73333	0.771191	0.177823	-0.611263	-0.317878	0.939487	-0.127739	0.551559	0.292818	0.78105
4.76667	0.769233	0.183046	-0.612188	-0.324395	0.93731	-0.127354	0.550498	0.296555	0.780389
4.8	0.765823	0.187426	-0.615131	-0.330225	0.935441	-0.126099	0.551785	0.299701	0.778275
4.83333	0.76185	0.189227	-0.619498	-0.333146	0.934659	-0.124204	0.555517	0.301008	0.77511
4.86667	0.757057	0.189239	-0.625343	-0.334109	0.934653	-0.121639	0.561459	0.30102	0.770812
4.9	0.750254	0.189325	-0.633462	-0.335507	0.934614	-0.118034	0.569696	0.301086	0.764718
4.93333	0.742017	0.190529	-0.642735	-0.338456	0.93407	-0.113846	0.578669	0.302014	0.757582
4.96667	0.732795	0.191815	-0.652854	-0.341615	0.933477	-0.10918	0.588482	0.303032	0.749574
5	0.723256	0.19247	-0.663216	-0.343976	0.933168	-0.104303	0.598816	0.303568	0.741125
5.03333	0.714793	0.191215	-0.672687	-0.343692	0.933767	-0.0997768	0.609054	0.302517	0.733169
5.06667	0.708313	0.18808	-0.680381	-0.340637	0.935273	-0.0960799	0.618272	0.299818	0.726533
5.1	0.700048	0.182333	-0.690426	-0.334334	0.938025	-0.091272	0.630995	0.294727	0.717622
5.13333	0.690742	0.175256	-0.701542	-0.326192	0.941384	-0.0859985	0.645348	0.28824	0.70742
5.16667	0.681083	0.168214	-0.712622	-0.31786	0.944688	-0.0807988	0.659615	0.281545	0.696879
5.2	0.671594	0.161772	-0.723043	-0.310055	0.947679	-0.0759612	0.672925	0.275198	0.686614
5.23333	0.661202	0.156615	-0.733678	-0.303884	0.950055	-0.0710608	0.685906	0.269938	0.675771
5.26667	0.651102	0.151976	-0.743619	-0.298199	0.952185	-0.0664978	0.697956	0.265043	0.665289
5.3	0.643311	0.147742	-0.751215	-0.292721	0.954118	-0.0630279	0.707436	0.260443	0.657042
5.33333	0.639734	0.143868	-0.755012	-0.287321	0.95587	-0.0613099	0.712872	0.256153	0.652839
5.36667	0.640862	0.141175	-0.754563	-0.283255	0.95707	-0.0615101	0.713486	0.253153	0.653338
5.4	0.646555	0.13999	-0.749913	-0.281044	0.957588	-0.0635513	0.709211	0.251848	0.658477
5.43333	0.654544	0.140541	-0.742846	-0.281154	0.957348	-0.0666098	0.701801	0.252453	0.666141
5.46667	0.663755	0.142555	-0.73424	-0.283192	0.956483	-0.0703019	0.692266	0.254594	0.675241
5.5	0.67477	0.144405	-0.723763	-0.284709	0.955695	-0.0747569	0.680901	0.256506	0.685987
5.53333	0.688107	0.1459	-0.71079	-0.285342	0.955065	-0.0801951	0.66715	0.258001	0.698818
5.56667	0.703533	0.146585	-0.69538	-0.284447	0.95478	-0.0865154	0.651254	0.258665	0.713415
5.6	0.721038	0.146799	-0.677166	-0.282437	0.954691	-0.0937736	0.632719	0.258871	0.72983
5.63333	0.734949	0.146114	-0.662194	-0.279553	0.954955	-0.099556	0.617819	0.258287	0.74269
5.66667	0.747423	0.145919	-0.648125	-0.277365	0.955027	-0.104844	0.603679	0.25813	0.754282
5.7	0.757583	0.146678	-0.636045	-0.27661	0.954747	-0.109292	0.591231	0.258734	0.763873
5.73333	0.766065	0.148241	-0.625435	-0.277021	0.954178	-0.113151	0.580003	0.25994	0.772029
5.76667	0.774886	0.149321	-0.614211	-0.276686	0.953788	-0.117189	0.568328	0.260751	0.780392
5.8	0.781397	0.149466	-0.60587	-0.275591	0.953736	-0.12015	0.559882	0.260858	0.786439
5.83333	0.782688	0.149502	-0.604193	-0.275377	0.953724	-0.120741	0.558182	0.260883	0.787637
5.86667	0.780428	0.149471	-0.607116	-0.275789	0.953734	-0.119711	0.561134	0.260862	0.785544
5.9	0.776653	0.149365	-0.611964	-0.276402	0.953771	-0.117994	0.566049	0.260788	0.782034
5.93333	0.771649	0.148992	-0.618352	-0.276908	0.953904	-0.115713	0.572608	0.260516	0.777336
5.96667	0.76422	0.148788	-0.627559	-0.278024	0.953977	-0.112389	0.581954	0.260366	0.770415
6	0.757138	0.148494	-0.636154	-0.278908	0.954084	-0.109244	0.590722	0.260141	0.763789
6.03333	0.752455	0.147743	-0.64186	-0.278778	0.954361	-0.107137	0.596737	0.259552	0.759301
6.06667	0.750645	0.146644	-0.644226	-0.277718	0.954768	-0.106261	0.599504	0.258678	0.757417
6.1	0.751106	0.145968	-0.643843	-0.276803	0.955018	-0.106403	0.59935	0.258137	0.757723
6.13333	0.750891	0.14471	-0.644377	-0.27528	0.95548	-0.106206	0.60032	0.257133	0.757296
6.16667	0.750921	0.143429	-0.644629	-0.273684	0.955948	-0.106115	0.601012	0.256108	0.757096
6.2	0.751169	0.141537	-0.644758	-0.271293	0.956635	-0.106068	0.601785	0.254593	0.756992
6.23333	0.750639	0.139027	-0.64592	-0.268258	0.957536	-0.10565	0.603804	0.252579	0.756059
6.26667	0.749112	0.136266	-0.648277	-0.265062	0.958518	-0.104813	0.607103	0.25035	0.754156
6.3	0.747109	0.134159	-0.651022	-0.262744	0.959261	-0.103845	0.610568	0.248636	0.751922
6.33333	0.745357	0.132547	-0.653356	-0.260995	0.959827	-0.103025	0.613453	0.247314	0.750008
6.36667	0.743666	0.131715	-0.655448	-0.26021	0.960118	-0.102293	0.615834	0.246626	0.748281
6.4	0.741697	0.131014	-0.657815	-0.259628	0.960364	-0.101464	0.618449	0.246043	0.746314
6.43333	0.739592	0.129933	-0.660395	-0.258578	0.960742	-0.100561	0.621402	0.245138	0.744155
6.46667	0.737377	0.128874	-0.663074	-0.257563	0.961112	-0.099625	0.624449	0.244245	0.741895
6.5	0.736051	0.12777	-0.664758	-0.25635	0.961497	-0.0990378	0.626509	0.243308	0.740465
6.53333	0.73576	0.127448	-0.665142	-0.255981	0.961609	-0.0989044	0.627001	0.243034	0.740138
6.56667	0.736868	0.127894	-0.663828	-0.256387	0.961454	-0.0993612	0.625532	0.243413	0.741255
6.6	0.739281	0.12991	-0.660748	-0.258594	0.960751	-0.100435	0.621766	0.245116	0.743858
6.63333	0.742651	0.132837	-0.656372	-0.261789	0.959723	-0.101971	0.61639	0.24756	0.747514
6.66667	0.746871	0.136403	-0.650828	-0.265614	0.958461	-0.103933	0.609617	0.250494	0.752077
6.7	0.752767	0.14063	-0.64309	-0.269925	0.956952	-0.106696	0.600401	0.253903	0.758321
6.73333	0.758859	0.144333	-0.63506	-0.273461	0.955621	-0.10958	0.591061	0.25682	0.764651
6.76667	0.764029	0.147817	-0.628021	-0.276803	0.954363	-0.112121	0.582786	0.259502	0.770077
6.8	0.768563	0.152103	-0.621431	-0.28116	0.952804	-0.114518	0.574683	0.262735	0.775055
6.83333	0.772433	0.156575	-0.615493	-0.285793	0.951159	-0.1167	0.56716	0.266047	0.779454
6.86667	0.775197	0.160873	-0.610892	-0.290372	0.949559	-0.118412	0.561029	0.269179	0.782809
6.9	0.776376	0.16593	-0.608036	-0.296118	0.947648	-0.119492	0.556376	0.272821	0.784866
6.93333	0.776483	0.170982	-0.606498	-0.30204	0.945702	-0.120084	0.553034	0.27643	0.785965
6.96667	0.776342	0.175383	-0.60542	-0.307229	0.943975	-0.120507	0.550367	0.279557	0.78673
7	0.776287	0.179359	-0.604326	-0.311889	0.942389	-0.120944	0.547818	0.28237	0.787504
7.03333	0.776232	0.182708	-0.603392	-0.315806	0.941035	-0.121321	0.545647	0.284728	0.788162
7.06667	0.776682	0.185592	-0.60193	-0.319071	0.939856	-0.121919	0.5431	0.286751	0.789187
7.1	0.776865	0.188151	-0.600899	-0.322003	0.9388	-0.122345	0.541105	0.288536	0.789906
7.13333	0.776566	0.190251	-0.600624	-0.324497	0.937926	-0.122459	0.540043	0.289998	0.790098
7.16667	0.775973	0.19185	-0.600882	-0.326469	0.937256	-0.122351	0.539707	0.291111	0.789918
7.2	0.775616	0.192837	-0.601027	-0.327684	0.93684	-0.12229	0.539484	0.291797	0.789817
7.23333	0.773189	0.1952	-0.603386	-0.330912	0.935835	-0.121287	0.540995	0.293446	0.788171
7.26667	0.768777	0.198061	-0.608074	-0.335113	0.934599	-0.119262	0.544684	0.295459	0.784871
7.3	0.76367	0.198728	-0.61426	-0.33688	0.934306	-0.11655	0.550745	0.295937	0.780449
7.33333	0.758994	0.196757	-0.620657	-0.335428	0.935176	-0.113727	0.558047	0.294504	0.775791
7.36667	0.753958	0.194003	-0.627622	-0.333056	0.936392	-0.110652	0.566234	0.29246	0.770614
7.4	0.749169	0.19191	-0.633969	-0.33137	0.937317	-0.107848	0.573532	0.290875	0.765802
7.43333	0.744545	0.190131	-0.639924	-0.329988	0.938104	-0.105212	0.580311	0.289502	0.761202
7.46667	0.739296	0.188581	-0.646436	-0.328938	0.938792	-0.102321	0.587573	0.288283	0.756076
7.5	0.734127	0.186045	-0.653027	-0.326608	0.939919	-0.0993905	0.595301	0.286249	0.750785
7.53333	0.728389	0.182743	-0.660344	-0.323342	0.941386	-0.0961418	0.604069	0.283546	0.744783
7.56667	0.722051	0.179408	-0.668173	-0.320031	0.942863	-0.092674	0.613369	0.280752	0.738212
7.6	0.71525	0.175339	-0.676516	-0.315747	0.944661	-0.0889888	0.623475	0.277257	0.731031
7.63333	0.706471	0.17106	-0.686758	-0.31131	0.946546	-0.0844767	0.635598	0.273475	0.72196
7.66667	0.698633	0.165996	-0.695958	-0.30556	0.948769	-0.0804403	0.64695	0.268855	0.713563
7.7	0.691524	0.161104	-0.704159	-0.299804	0.950899	-0.0768688	0.6572	0.264266	0.705869
7.73333	0.683946	0.15724	-0.712386	-0.295352	0.952572	-0.0733067	0.667072	0.260542	0.697949
7.76667	0.675846	0.153933	-0.720789	-0.291595	0.954001	-0.0696753	0.676908	0.257268	0.689644
7.8	0.668474	0.150182	-0.728415	-0.287033	0.955617	-0.066388	0.686115	0.253458	0.681913
7.83333	0.662111	0.146351	-0.734977	-0.282163	0.957257	-0.0635773	0.694257	0.249479	0.675105
7.86667	0.65746	0.14251	-0.73989	-0.27705	0.958886	-0.0614932	0.700706	0.245416	0.669912
7.9	0.655178	0.139543	-0.742476	-0.272951	0.960129	-0.0604088	0.704443	0.242238	0.667144
7.93333	0.655655	0.13695	-0.742537	-0.269156	0.961202	-0.0603837	0.705458	0.239449	0.667078
7.96667	0.659366	0.135604	-0.739491	-0.266906	0.96175	-0.061626	0.702849	0.238009	0.670339
8	0.666804	0.135099	-0.732885	-0.265547	0.961953	-0.0642796	0.696317	0.237478	0.677309
8.03333	0.67774	0.135914	-0.722631	-0.265706	0.961629	-0.0683341	0.685615	0.23832	0.687848
8.06667	0.690629	0.136699	-0.710173	-0.265523	0.961324	-0.0731736	0.672703	0.239103	0.700214
8.1	0.705572	0.137637	-0.695144	-0.265181	0.960966	-0.0788898	0.657151	0.240001	0.714529
8.13333	0.720579	0.139445	-0.679207	-0.26579	0.960291	-0.0848274	0.640408	0.241651	0.729029
8.16667	0.734419	0.141916	-0.663693	-0.267185	0.959385	-0.0905147	0.623892	0.243805	0.742508
8.2	0.747156	0.145216	-0.648591	-0.269561	0.958187	-0.095993	0.607532	0.246557	0.755059
8.23333	0.757344	0.14986	-0.635589	-0.273778	0.956507	-0.100697	0.592854	0.250273	0.765433
8.26667	0.762847	0.152298	-0.628386	-0.275882	0.955624	-0.103306	0.584768	0.252167	0.771011
8.3	0.765098	0.152016	-0.625712	-0.275166	0.955725	-0.104271	0.582158	0.251952	0.773053
8.33333	0.765202	0.150709	-0.625902	-0.273559	0.956194	-0.104203	0.582779	0.250957	0.772909
8.36667	0.763773	0.149945	-0.627827	-0.272865	0.956467	-0.103515	0.584975	0.250374	0.771439
8.4	0.762927	0.149961	-0.628852	-0.273024	0.956461	-0.103149	0.586004	0.250386	0.770653
8.43333	0.765347	0.149521	-0.626009	-0.272088	0.956618	-0.104163	0.583278	0.25005	0.772827
8.46667	0.770228	0.148326	-0.620281	-0.269814	0.95704	-0.106184	0.577884	0.249146	0.777159
8.5	0.769656	0.146896	-0.62133	-0.26818	0.95754	-0.105818	0.579404	0.248072	0.776371
8.53333	0.767695	0.146755	-0.623784	-0.268342	0.957588	-0.104962	0.581925	0.247966	0.774517
8.56667	0.765949	0.146328	-0.626027	-0.268115	0.957738	-0.104179	0.584325	0.247643	0.772811
8.6	0.76313	0.145037	-0.62976	-0.267003	0.958189	-0.102873	0.588509	0.246653	0.769948
8.63333	0.758396	0.143856	-0.635721	-0.266313	0.958603	-0.100783	0.594906	0.245734	0.765312
8.66667	0.751937	0.142987	-0.643542	-0.266237	0.95891	-0.0980235	0.603083	0.245042	0.759108
8.7	0.746514	0.140896	-0.650281	-0.264431	0.959651	-0.0956353	0.610568	0.243347	0.75365
8.73333	0.743332	0.13728	-0.654685	-0.260329	0.960925	-0.0940837	0.616187	0.240369	0.750024
8.76667	0.741528	0.133218	-0.657563	-0.255431	0.962336	-0.0930838	0.620396	0.236986	0.747627
8.8	0.740403	0.130839	-0.659306	-0.252557	0.963152	-0.0924858	0.622911	0.234989	0.746165
8.83333	0.738343	0.128706	-0.66203	-0.250117	0.963877	-0.0915592	0.626332	0.233187	0.743863
8.86667	0.73482	0.127743	-0.666124	-0.24936	0.964204	-0.0901702	0.63076	0.232364	0.74037
8.9	0.730549	0.127031	-0.670941	-0.249009	0.964446	-0.0885306	0.635841	0.231746	0.736207
8.93333	0.726357	0.126031	-0.675664	-0.248254	0.964788	-0.0869182	0.640917	0.23087	0.732068
8.96667	0.723075	0.12517	-0.679334	-0.247544	0.965082	-0.0856624	0.644891	0.230106	0.728812
9	0.721692	0.123987	-0.681019	-0.246162	0.965487	-0.0850866	0.646965	0.229048	0.727305
9.03333	0.722396	0.122751	-0.680497	-0.244448	0.965906	-0.0852641	0.64683	0.22794	0.727774
9.06667	0.725215	0.121626	-0.677695	-0.242614	0.966285	-0.086206	0.644362	0.226936	0.730273
9.1	0.729412	0.121273	-0.673239	-0.24161	0.966403	-0.0876877	0.639986	0.226622	0.734207
9.13333	0.734409	0.122201	-0.667616	-0.242153	0.966097	-0.0895441	0.634039	0.227427	0.739101
9.16667	0.73989	0.124347	-0.661136	-0.244167	0.96539	-0.0916796	0.626854	0.22926	0.744643
9.2	0.745648	0.127763	-0.653977	-0.247707	0.964259	-0.094048	0.618588	0.232121	0.750646
9.23333	0.751432	0.132934	-0.646281	-0.25338	0.962529	-0.0966217	0.60922	0.236359	0.756958
9.26667	0.756865	0.138665	-0.638692	-0.2597	0.960581	-0.0992011	0.599759	0.24095	0.763041
9.3	0.762499	0.146147	-0.630267	-0.26803	0.957982	-0.102125	0.588859	0.246801	0.769633
9.33333	0.767469	0.152719	-0.62263	-0.275215	0.95565	-0.104834	0.579006	0.251814	0.775462
9.36667	0.771733	0.159078	-0.615729	-0.282148	0.953348	-0.107331	0.56993	0.256557	0.780614
9.4	0.774825	0.165891	-0.610022	-0.289735	0.95083	-0.109439	0.561872	0.26154	0.784791
9.43333	0.777454	0.172486	-0.604826	-0.297063	0.948337	-0.111401	0.554364	0.266281	0.788527
9.46667	0.780578	0.178967	-0.59889	-0.304085	0.945837	-0.11369	0.546106	0.270857	0.79272
9.5	0.783764	0.185564	-0.592689	-0.311139	0.943243	-0.116128	0.5375	0.275426	0.797016
9.53333	0.785943	0.191379	-0.587935	-0.31741	0.940914	-0.118032	0.530608	0.279382	0.80025
9.56667	0.786408	0.196665	-0.585564	-0.323372	0.93876	-0.118999	0.526301	0.282937	0.801845
9.6	0.78499	0.201111	-0.585957	-0.328738	0.936915	-0.118835	0.525093	0.285911	0.801581
9.63333	0.782888	0.204881	-0.587461	-0.333468	0.935322	-0.1182	0.525248	0.288437	0.800574
9.66667	0.782297	0.207216	-0.587429	-0.336252	0.934323	-0.118214	0.524353	0.290003	0.800595
9.7	0.781981	0.209866	-0.586909	-0.339338	0.933178	-0.118439	0.522834	0.291778	0.800943
9.73333	0.780118	0.213418	-0.588106	-0.343759	0.931625	-0.117916	0.522729	0.294155	0.800142
9.76667	0.777226	0.215013	-0.591345	-0.346154	0.930919	-0.116481	0.525449	0.295229	0.797962
9.8	0.773581	0.2135	-0.596649	-0.345127	0.931592	-0.114119	0.531469	0.2942	0.794347
9.83333	0.767792	0.211101	-0.604923	-0.343434	0.932662	-0.110427	0.540878	0.292536	0.78859
9.86667	0.760635	0.208834	-0.614672	-0.342049	0.933678	-0.106058	0.551757	0.29092	0.78162
9.9	0.751677	0.20734	-0.626093	-0.341767	0.934353	-0.100896	0.564072	0.289819	0.773193
9.93333	0.741535	0.205438	-0.638687	-0.34104	0.935222	-0.0951371	0.577769	0.288365	0.763563
9.96667	0.730203	0.203341	-0.65227	-0.340072	0.936192	-0.0888522	0.592583	0.286699	0.752761
10	0.718385	0.19985	-0.666321	-0.337217	0.937824	-0.0822835	0.608447	0.283806	0.741111
10.0333	0.707214	0.195617	-0.679398	-0.333097	0.939814	-0.0761368	0.623614	0.28015	0.729809
10.0667	0.697065	0.190651	-0.691196	-0.327678	0.942149	-0.0705889	0.637752	0.275694	0.719212
10.1	0.687709	0.184622	-0.702119	-0.320538	0.94497	-0.0654798	0.651392	0.270087	0.709043
10.1333	0.678821	0.177751	-0.712465	-0.311978	0.948149	-0.0606945	0.664734	0.263474	0.699078
10.1667	0.672225	0.170266	-0.720502	-0.302155	0.95155	-0.0570425	0.675882	0.256049	0.691103
10.2	0.667029	0.162853	-0.727015	-0.292144	0.95484	-0.0541522	0.685364	0.248514	0.684483
10.2333	0.662105	0.156491	-0.732889	-0.283456	0.957596	-0.0516069	0.693736	0.241911	0.678388
10.2667	0.657823	0.151037	-0.737873	-0.275911	0.959908	-0.0494925	0.700815	0.236145	0.673122
10.3	0.654682	0.146654	-0.741542	-0.269765	0.961731	-0.0479657	0.706129	0.231444	0.66919
10.3333	0.653827	0.143475	-0.742916	-0.265189	0.96303	-0.0474033	0.70865	0.228007	0.667704
10.3667	0.655265	0.141699	-0.74199	-0.262507	0.963746	-0.0477774	0.70832	0.226085	0.668706
10.4	0.661626	0.142384	-0.736192	-0.263083	0.963472	-0.0500943	0.702167	0.226823	0.674917
10.4333	0.6714	0.143896	-0.726991	-0.264556	0.962872	-0.0537405	0.692266	0.228411	0.684541
10.4667	0.684758	0.146278	-0.71394	-0.266859	0.961936	-0.0588609	0.678154	0.230827	0.697729
10.5	0.6995	0.150058	-0.698701	-0.270754	0.960466	-0.0647866	0.661357	0.234494	0.712475
10.5333	0.713057	0.154717	-0.683822	-0.275666	0.958661	-0.0705502	0.644638	0.238812	0.72623
10.5667	0.724742	0.159064	-0.670409	-0.280098	0.956979	-0.0757419	0.629519	0.242674	0.738116
10.6	0.735703	0.161814	-0.657691	-0.282344	0.955917	-0.0806467	0.615648	0.245027	0.748959
10.6333	0.74403	0.163957	-0.647718	-0.284002	0.955096	-0.0844686	0.604783	0.2468	0.757184
10.6667	0.750299	0.165691	-0.639998	-0.285334	0.954434	-0.0874136	0.596352	0.2482	0.763388
10.7	0.75577	0.166036	-0.633438	-0.285001	0.954302	-0.0899014	0.589564	0.248475	0.768554
10.7333	0.761922	0.165562	-0.62615	-0.283531	0.954478	-0.092635	0.58231	0.248114	0.77418
10.7667	0.769106	0.164018	-0.617716	-0.280571	0.955046	-0.0957462	0.574243	0.246952	0.78055
10.8	0.77537	0.163205	-0.610053	-0.278604	0.955339	-0.0985237	0.566728	0.246355	0.786211
10.8333	0.779489	0.162386	-0.605001	-0.276952	0.955632	-0.10033	0.561866	0.245762	0.789878
10.8667	0.780987	0.161573	-0.603285	-0.275734	0.95592	-0.100937	0.560383	0.245177	0.791112
10.9	0.7798	0.161149	-0.604933	-0.275427	0.956069	-0.100356	0.562186	0.244872	0.789927
10.9333	0.77704	0.160872	-0.608547	-0.275551	0.956167	-0.0990775	0.565934	0.244673	0.787308
10.9667	0.774432	0.159898	-0.612117	-0.274804	0.956512	-0.0978118	0.569858	0.243961	0.784694
11	0.771079	0.158124	-0.616793	-0.273194	0.957141	-0.096155	0.575154	0.242647	0.78123
11.0333	0.767571	0.156551	-0.621552	-0.271827	0.957698	-0.09447	0.58047	0.241467	0.777656
11.0667	0.764378	0.155247	-0.625799	-0.270716	0.95816	-0.0929662	0.585182	0.240475	0.774425
11.1	0.764596	0.152908	-0.626109	-0.26782	0.958984	-0.0928568	0.58623	0.238683	0.774187
11.1333	0.764835	0.151182	-0.626236	-0.265671	0.959586	-0.0928123	0.586896	0.237359	0.774089
11.1667	0.765397	0.151161	-0.625554	-0.265562	0.959593	-0.0930494	0.586211	0.237343	0.774612
11.2	0.767118	0.151729	-0.623304	-0.265999	0.959396	-0.0938298	0.583759	0.237777	0.77633
11.2333	0.770773	0.151878	-0.618743	-0.265624	0.959344	-0.0954066	0.579097	0.23789	0.779779
11.2667	0.775019	0.151879	-0.613415	-0.264961	0.959344	-0.0972347	0.573708	0.23789	0.783752
11.3	0.77776	0.151075	-0.610136	-0.263554	0.959618	-0.0983505	0.570639	0.237297	0.786169
11.3333	0.777535	0.149805	-0.610735	-0.262061	0.960047	-0.098148	0.571631	0.236364	0.785729
11.3667	0.775559	0.147674	-0.613759	-0.259807	0.960763	-0.0971325	0.575333	0.234791	0.783495
11.4	0.771582	0.144422	-0.619519	-0.256483	0.961848	-0.0952115	0.582132	0.23236	0.779186
11.4333	0.767038	0.141232	-0.625865	-0.25327	0.962905	-0.0931099	0.589498	0.229931	0.774354
11.4667	0.762583	0.138419	-0.631908	-0.250454	0.963831	-0.0911195	0.59644	0.22775	0.769668
11.5	0.758837	0.13587	-0.63695	-0.247821	0.964666	-0.0894678	0.602288	0.225741	0.765696
11.5333	0.756156	0.133726	-0.640582	-0.245515	0.965364	-0.0882849	0.606589	0.22403	0.762798
11.5667	0.754532	0.13171	-0.64291	-0.243209	0.966016	-0.0875313	0.609533	0.222407	0.760923
11.6	0.751371	0.129406	-0.647067	-0.240732	0.966757	-0.0861955	0.614403	0.220534	0.757545
11.6333	0.748476	0.12734	-0.650822	-0.238496	0.967417	-0.0849965	0.618792	0.218836	0.754458
11.6667	0.746143	0.125878	-0.653778	-0.236938	0.967882	-0.0840568	0.622199	0.217623	0.752003
11.7	0.745568	0.124952	-0.654611	-0.23583	0.968175	-0.0837932	0.623308	0.21685	0.751308
11.7333	0.74618	0.125386	-0.65383	-0.236305	0.968038	-0.0840399	0.622395	0.217212	0.751959
11.7667	0.747667	0.127082	-0.651801	-0.238273	0.967499	-0.0846841	0.619855	0.218622	0.753647
11.8	0.750437	0.13013	-0.648004	-0.241775	0.966523	-0.0858994	0.615133	0.221133	0.756777
11.8333	0.754359	0.133747	-0.642693	-0.245805	0.965351	-0.0876187	0.608706	0.224073	0.761097
11.8667	0.75783	0.138388	-0.637607	-0.251129	0.963827	-0.0892887	0.602186	0.227787	0.76517
11.9	0.760287	0.143243	-0.633597	-0.256813	0.962203	-0.090629	0.596667	0.23162	0.768336
11.9333	0.762536	0.149094	-0.629532	-0.26371	0.960203	-0.0920174	0.590759	0.23618	0.771507
11.9667	0.76793	0.153914	-0.621766	-0.268804	0.958526	-0.0947181	0.581401	0.23987	0.777454
12	0.771493	0.158425	-0.616198	-0.273724	0.956937	-0.0966796	0.574346	0.243256	0.781635
12.0333	0.775976	0.162976	-0.609344	-0.278481	0.955313	-0.0991249	0.565959	0.246609	0.786686
12.0667	0.781443	0.168043	-0.600924	-0.283602	0.953484	-0.102164	0.555803	0.250259	0.792751
12.1	0.784419	0.172913	-0.59564	-0.288832	0.951704	-0.104095	0.548874	0.253694	0.796478
12.1333	0.786709	0.178128	-0.591066	-0.294533	0.949767	-0.105794	0.54253	0.257318	0.799655
12.1667	0.788761	0.182761	-0.586902	-0.299551	0.94802	-0.107365	0.536773	0.260493	0.802508
12.2	0.788833	0.18924	-0.584748	-0.307034	0.945529	-0.108195	0.532421	0.264885	0.803968
12.2333	0.78813	0.198573	-0.582598	-0.317908	0.94183	-0.109048	0.527054	0.271157	0.805412
12.2667	0.78742	0.204995	-0.581332	-0.325401	0.939207	-0.109566	0.523531	0.27544	0.806256
12.3	0.78578	0.206015	-0.583187	-0.326876	0.938784	-0.108797	0.525073	0.27612	0.805019
12.3333	0.782167	0.204013	-0.588722	-0.32524	0.939615	-0.106499	0.531445	0.274775	0.80129
12.3667	0.775656	0.202273	-0.597865	-0.324369	0.94034	-0.102688	0.541426	0.27358	0.794992
12.4	0.767366	0.201176	-0.608834	-0.324459	0.940801	-0.0980759	0.553061	0.272802	0.787212
