0	0.954871	0.0513619	0.292546	-0.0408896	0.998289	-0.0418043	-0.294192	0.0279556	0.955337
0.0333333	0.140608	0.501229	0.853814	-0.717175	0.646098	-0.261184	-0.682561	-0.57561	0.450316
0.0666667	0.248362	0.596309	0.763369	-0.967166	0.196518	0.161157	-0.0539161	-0.778329	0.625537
0.1	0.271929	0.702535	0.657647	-0.921572	-0.00663959	0.388151	0.277056	-0.711619	0.645631
0.133333	0.265374	0.798258	0.540704	-0.878644	-0.0306569	0.476492	0.39694	-0.601535	0.693249
0.166667	0.274672	0.866931	0.415915	-0.858511	0.0263128	0.512119	0.433028	-0.497733	0.751498
0.2	0.287677	0.91538	0.28164	-0.84401	0.103324	0.526281	0.452647	-0.389106	0.802314
0.233333	0.295519	0.945764	0.134906	-0.822162	0.179857	0.540094	0.486537	-0.270522	0.830722
0.266667	0.287655	0.957304	-0.0286919	-0.786318	0.253167	0.56357	0.546772	-0.139552	0.82557
0.3	0.260791	0.943708	-0.203476	-0.73166	0.330713	0.596072	0.629811	-0.00657526	0.776721
0.333333	0.223586	0.900197	-0.373703	-0.658424	0.422197	0.623078	0.71867	0.106744	0.687109
0.366667	0.176864	0.833402	-0.523604	-0.574029	0.519485	0.63295	0.799506	0.188617	0.570275
0.4	0.137735	0.75247	-0.644064	-0.487809	0.617464	0.617074	0.862016	0.229188	0.452108
0.433333	0.115967	0.67392	-0.729646	-0.411491	0.701193	0.58224	0.904006	0.232722	0.358627
0.466667	0.103421	0.6094	-0.786089	-0.349062	0.762297	0.545031	0.931375	0.218026	0.291556
0.5	0.0968942	0.56375	-0.820242	-0.294814	0.803393	0.517344	0.950629	0.191691	0.244045
0.533333	0.105727	0.534687	-0.83841	-0.247735	0.830714	0.498539	0.963041	0.154995	0.22029
0.566667	0.118968	0.518393	-0.846826	-0.215141	0.84608	0.487712	0.96931	0.124166	0.212184
0.6	0.129301	0.511464	-0.849521	-0.199807	0.852579	0.482893	0.971266	0.107302	0.212433
0.633333	0.144338	0.511317	-0.847184	-0.19227	0.854324	0.482869	0.970669	0.0931921	0.221623
0.666667	0.156303	0.519123	-0.840286	-0.181835	0.851325	0.49212	0.970827	0.0758734	0.22746
0.7	0.16668	0.53255	-0.829824	-0.173058	0.844334	0.507101	0.970705	0.0590842	0.232896
0.733333	0.172512	0.550755	-0.816645	-0.167685	0.833393	0.526628	0.970629	0.0460887	0.236124
0.766667	0.176615	0.570143	-0.802336	-0.168673	0.820624	0.546009	0.96972	0.0388989	0.241102
0.8	0.182183	0.587636	-0.788349	-0.173071	0.808413	0.562596	0.967913	0.0339444	0.248982
0.833333	0.17572	0.608634	-0.773749	-0.182232	0.792505	0.582003	0.967426	0.0387322	0.250172
0.866667	0.166852	0.626184	-0.761613	-0.192652	0.778257	0.597663	0.966978	0.0470053	0.250489
0.9	0.163655	0.639373	-0.751278	-0.198665	0.767304	0.609735	0.966307	0.0494663	0.252595
0.933333	0.159791	0.647784	-0.744878	-0.2082	0.759715	0.616025	0.964945	0.0566485	0.256264
0.966667	0.163404	0.652367	-0.740078	-0.213652	0.755759	0.619017	0.963147	0.0569691	0.262874
1	0.174824	0.654632	-0.735454	-0.216841	0.754217	0.619788	0.960425	0.0511223	0.273806
1.03333	0.187053	0.656412	-0.730845	-0.218903	0.753122	0.620394	0.95765	0.0439375	0.284564
1.06667	0.202146	0.658905	-0.724556	-0.21847	0.751525	0.622479	0.954677	0.0324616	0.295869
1.1	0.220675	0.662203	-0.716093	-0.2165	0.749134	0.62604	0.951015	0.0168824	0.308682
1.13333	0.237707	0.665738	-0.707311	-0.213623	0.746185	0.630534	0.947555	0.00121554	0.31959
1.16667	0.248426	0.670868	-0.698728	-0.211465	0.741504	0.636754	0.945287	-0.0104302	0.326074
1.2	0.257396	0.676549	-0.689948	-0.21167	0.736141	0.642878	0.942838	-0.0194331	0.332685
1.23333	0.268335	0.681249	-0.681099	-0.215199	0.731553	0.646931	0.938981	-0.0270227	0.342905
1.26667	0.27802	0.685512	-0.672887	-0.219656	0.727314	0.650204	0.935123	-0.0329662	0.352785
1.3	0.284947	0.68927	-0.666117	-0.223083	0.723531	0.653251	0.932223	-0.0375426	0.359933
1.33333	0.288829	0.693515	-0.660011	-0.227607	0.719368	0.656281	0.929932	-0.03933	0.365623
1.36667	0.293663	0.696548	-0.654662	-0.230325	0.71624	0.658749	0.927746	-0.0426652	0.370766
1.4	0.299513	0.698323	-0.650105	-0.229785	0.714126	0.661228	0.926008	-0.0486614	0.374354
1.43333	0.302591	0.700242	-0.646606	-0.227836	0.711883	0.664314	0.925489	-0.0536953	0.37495
1.46667	0.308637	0.700831	-0.643101	-0.227865	0.710898	0.665358	0.923483	-0.0588142	0.379105
1.5	0.316057	0.700357	-0.640006	-0.228606	0.710928	0.665072	0.920786	-0.0638915	0.3848
1.53333	0.319594	0.700501	-0.638089	-0.228711	0.710524	0.665468	0.919538	-0.0667418	0.387291
1.56667	0.324546	0.699391	-0.636806	-0.230851	0.711459	0.663728	0.917266	-0.0684024	0.392356
1.6	0.328947	0.697459	-0.636667	-0.236	0.713509	0.659704	0.914384	-0.0667537	0.399307
1.63333	0.332393	0.694319	-0.638307	-0.239903	0.716771	0.654741	0.912119	-0.0644992	0.404819
1.66667	0.335194	0.689905	-0.64162	-0.241965	0.721212	0.64908	0.910548	-0.0623178	0.408679
1.7	0.335631	0.685148	-0.646471	-0.24276	0.72601	0.643411	0.910176	-0.0590112	0.409998
1.73333	0.334396	0.679903	-0.652619	-0.243976	0.731329	0.636893	0.910305	-0.0537508	0.410434
1.76667	0.332554	0.673118	-0.660545	-0.246538	0.738103	0.628031	0.910289	-0.046005	0.411409
1.8	0.329409	0.664747	-0.670523	-0.248891	0.746175	0.617475	0.910792	-0.0365145	0.411247
1.83333	0.324905	0.654384	-0.682802	-0.252087	0.755774	0.604365	0.911531	-0.0242362	0.410516
1.86667	0.319679	0.641957	-0.69692	-0.256923	0.766688	0.588371	0.912029	-0.00903521	0.410027
1.9	0.315644	0.626373	-0.712759	-0.261304	0.779496	0.569303	0.912189	0.00654936	0.409717
1.93333	0.312646	0.608284	-0.72955	-0.26425	0.793432	0.548304	0.912373	0.0213589	0.408802
1.96667	0.309487	0.588521	-0.746901	-0.266219	0.807679	0.526101	0.912878	0.0360175	0.406641
2	0.306601	0.567201	-0.764381	-0.268284	0.821995	0.502342	0.913247	0.0510524	0.404195
2.03333	0.304005	0.544178	-0.781953	-0.268974	0.836436	0.477523	0.913911	0.0651552	0.400651
2.06667	0.302244	0.520385	-0.798654	-0.267121	0.850508	0.453081	0.915038	0.0763967	0.396067
2.1	0.300751	0.496626	-0.814194	-0.26371	0.863738	0.429435	0.916518	0.0855581	0.390735
2.13333	0.29584	0.473184	-0.829805	-0.262068	0.875563	0.405845	0.918586	0.0974001	0.383032
2.16667	0.286302	0.449277	-0.846275	-0.262834	0.886193	0.38155	0.921384	0.113192	0.371804
2.2	0.270842	0.42297	-0.86472	-0.266245	0.896168	0.354961	0.925072	0.134089	0.355334
2.23333	0.250484	0.392171	-0.885133	-0.275241	0.905398	0.323259	0.92817	0.162654	0.33473
2.26667	0.229467	0.355763	-0.905968	-0.284072	0.914758	0.287264	0.930939	0.191442	0.310969
2.3	0.205831	0.314628	-0.92663	-0.29258	0.923379	0.248534	0.933826	0.219957	0.282113
2.33333	0.178178	0.268276	-0.946721	-0.307049	0.929235	0.205533	0.934866	0.254068	0.247943
2.36667	0.145246	0.215001	-0.965753	-0.330564	0.930557	0.15745	0.93254	0.296375	0.206231
2.4	0.108373	0.155767	-0.981831	-0.361863	0.926073	0.106979	0.925911	0.343695	0.156727
2.43333	0.0671867	0.0944355	-0.993261	-0.396914	0.915877	0.0602299	0.915393	0.390193	0.0990175
2.46667	0.0258285	0.0352116	-0.999046	-0.434781	0.900303	0.0204909	0.900166	0.433837	0.0385628
2.5	-0.0159083	-0.0204229	-0.999665	-0.475502	0.879653	-0.0104041	0.879571	0.475177	-0.0237049
2.53333	-0.0563578	-0.0677664	-0.996108	-0.519827	0.85379	-0.0286736	0.85241	0.516188	-0.0833446
2.56667	-0.0968502	-0.106243	-0.989612	-0.563272	0.825592	-0.0335085	0.820576	0.554175	-0.139802
2.6	-0.135885	-0.140421	-0.980723	-0.607099	0.794076	-0.0295795	0.782922	0.591376	-0.193153
2.63333	-0.177811	-0.172237	-0.968874	-0.650127	0.759662	-0.0157316	0.738727	0.627094	-0.247053
2.66667	-0.223019	-0.201685	-0.953722	-0.688717	0.724989	0.0077358	0.689878	0.658569	-0.30059
2.7	-0.251577	-0.243305	-0.936756	-0.727391	0.686009	0.0171709	0.638445	0.685707	-0.349562
2.73333	-0.234632	-0.321824	-0.917266	-0.784434	0.619983	-0.0168679	0.574118	0.715577	-0.397918
2.76667	-0.1949	-0.410883	-0.890612	-0.830967	0.551562	-0.0726151	0.521064	0.725917	-0.448929
2.8	-0.160111	-0.490468	-0.856625	-0.858701	0.497204	-0.12418	0.486824	0.715702	-0.500773
2.83333	-0.131099	-0.5585	-0.819079	-0.869402	0.4618	-0.17573	0.476396	0.689071	-0.546103
2.86667	-0.111151	-0.615827	-0.780002	-0.867421	0.443152	-0.226269	0.485002	0.651439	-0.583438
2.9	-0.102645	-0.662383	-0.7421	-0.85326	0.442095	-0.276585	0.511285	0.604814	-0.610564
2.93333	-0.0993347	-0.698044	-0.709131	-0.828225	0.453001	-0.329901	0.551522	0.554549	-0.623136
2.96667	-0.101636	-0.72236	-0.684008	-0.792503	0.474405	-0.383248	0.60134	0.503127	-0.620689
3	-0.117201	-0.730588	-0.672684	-0.743377	0.513688	-0.428387	0.658524	0.449851	-0.603308
3.03333	-0.125629	-0.727818	-0.674165	-0.683235	0.556184	-0.473127	0.71931	0.401175	-0.567144
3.06667	-0.122402	-0.715199	-0.688119	-0.612043	0.600195	-0.514946	0.781295	0.358128	-0.511197
3.1	-0.115251	-0.69029	-0.714295	-0.531009	0.650531	-0.54299	0.839492	0.316717	-0.441525
3.13333	-0.107438	-0.652136	-0.75045	-0.442823	0.707201	-0.551157	0.890149	0.273102	-0.364761
3.16667	-0.0854295	-0.614997	-0.783888	-0.358455	0.753054	-0.551742	0.92963	0.233854	-0.284782
3.2	-0.0629302	-0.579057	-0.812855	-0.28815	0.790325	-0.540699	0.955515	0.200198	-0.216591
3.23333	-0.0519526	-0.54379	-0.837612	-0.234732	0.821895	-0.519027	0.970671	0.16965	-0.170344
3.26667	-0.0381667	-0.511887	-0.858204	-0.203793	0.844768	-0.494809	0.97827	0.15601	-0.136561
3.3	-0.0300267	-0.478042	-0.877824	-0.190172	0.86491	-0.464505	0.981292	0.15299	-0.116881
3.33333	-0.0226306	-0.437869	-0.898754	-0.183492	0.885532	-0.426807	0.982761	0.155255	-0.100386
3.36667	-0.0292842	-0.392289	-0.919376	-0.17609	0.90741	-0.381575	0.983938	0.150719	-0.0956511
3.4	-0.0440328	-0.338413	-0.939967	-0.175441	0.928877	-0.326202	0.983505	0.150545	-0.100273
3.43333	-0.0501252	-0.277583	-0.959393	-0.169392	0.949046	-0.265739	0.984273	0.149193	-0.0945914
3.46667	-0.0499535	-0.219818	-0.974261	-0.168272	0.963387	-0.208737	0.984474	0.153513	-0.0851137
3.5	-0.04012	-0.167638	-0.985032	-0.167154	0.973059	-0.158792	0.985114	0.158281	-0.0670604
3.53333	-0.0285954	-0.120835	-0.992261	-0.161455	0.98019	-0.114713	0.986466	0.156926	-0.0475385
3.56667	-0.0130325	-0.0822409	-0.996527	-0.164097	0.983276	-0.0790012	0.986358	0.162497	-0.02631
3.6	0.00426757	-0.0499323	-0.998743	-0.167973	0.984526	-0.0499392	0.985782	0.167975	-0.00418574
3.63333	0.0204301	-0.0218452	-0.999553	-0.169124	0.985278	-0.02499	0.985383	0.169559	0.0164348
3.66667	0.0359615	0.00079115	-0.999353	-0.172372	0.985017	-0.00542295	0.984375	0.172455	0.035559
3.7	0.050058	0.0181316	-0.998582	-0.179884	0.983648	0.00884303	0.982413	0.179186	0.052501
3.73333	0.0638349	0.0328632	-0.997419	-0.184156	0.982681	0.0205917	0.980822	0.182366	0.0687813
3.76667	0.0733856	0.0456258	-0.996259	-0.180728	0.983022	0.0317069	0.980791	0.177725	0.0803856
3.8	0.0854756	0.0587566	-0.994606	-0.176834	0.983306	0.0428921	0.980522	0.172214	0.0944388
3.83333	0.098193	0.0721809	-0.992546	-0.17743	0.982656	0.0539084	0.979222	0.170814	0.109297
3.86667	0.110831	0.0852507	-0.990176	-0.177024	0.982075	0.0647388	0.977946	0.16811	0.123936
3.9	0.121642	0.0979565	-0.987729	-0.17418	0.981783	0.0759161	0.977172	0.162808	0.136488
3.93333	0.128609	0.109488	-0.985633	-0.173271	0.981079	0.0863727	0.976441	0.159674	0.145146
3.96667	0.135246	0.118358	-0.983717	-0.173487	0.98033	0.0940982	0.975505	0.157936	0.15312
4	0.14428	0.126522	-0.981415	-0.1751	0.979406	0.100522	0.973922	0.157342	0.163463
4.03333	0.148212	0.133912	-0.979847	-0.173107	0.979006	0.107613	0.973687	0.153669	0.168282
4.06667	0.152274	0.140412	-0.978313	-0.170151	0.978802	0.113998	0.973582	0.149102	0.172938
4.1	0.159731	0.144424	-0.976539	-0.171111	0.978316	0.116699	0.972218	0.148456	0.18098
4.13333	0.160364	0.146329	-0.976151	-0.17377	0.97769	0.118012	0.971642	0.150701	0.182214
4.16667	0.163328	0.144419	-0.975944	-0.176563	0.977536	0.115106	0.970644	0.153515	0.185158
4.2	0.163863	0.139006	-0.97664	-0.180881	0.977471	0.108776	0.969758	0.158831	0.185315
4.23333	0.164814	0.130306	-0.977679	-0.186296	0.977506	0.0988774	0.968571	0.165841	0.185382
4.26667	0.165382	0.118428	-0.979093	-0.193137	0.97743	0.0856032	0.967133	0.174942	0.184522
4.3	0.164491	0.103428	-0.980941	-0.200864	0.977162	0.0693476	0.96571	0.185628	0.18151
4.33333	0.162799	0.0847736	-0.983011	-0.210384	0.976372	0.0493588	0.963968	0.198774	0.176788
4.36667	0.159528	0.0616848	-0.985264	-0.218278	0.975547	0.0257342	0.962759	0.210956	0.169091
4.4	0.155254	0.0322659	-0.987348	-0.231323	0.972866	-0.0045814	0.960409	0.229108	0.158505
4.43333	0.148049	-0.00130068	-0.988979	-0.244137	0.969003	-0.0378213	0.958373	0.247045	0.143142
4.46667	0.139579	-0.0382301	-0.989473	-0.257508	0.963473	-0.0735508	0.956142	0.265063	0.124636
4.5	0.130541	-0.076918	-0.988455	-0.271166	0.956201	-0.11022	0.953639	0.282424	0.103966
4.53333	0.122349	-0.115199	-0.985779	-0.284808	0.947391	-0.146061	0.950745	0.298628	0.083103
4.56667	0.114833	-0.150576	-0.981907	-0.29615	0.938309	-0.178524	0.948214	0.311292	0.0631557
4.6	0.1079	-0.181118	-0.977524	-0.306131	0.929434	-0.205999	0.945855	0.321478	0.0448398
4.63333	0.10351	-0.206215	-0.973017	-0.313859	0.921517	-0.228689	0.94381	0.329062	0.0306635
4.66667	0.0995851	-0.226168	-0.968984	-0.323139	0.913692	-0.246472	0.941097	0.337661	0.0179064
4.7	0.0886674	-0.243768	-0.965772	-0.334362	0.906046	-0.259391	0.938265	0.345917	-0.00117007
4.73333	0.0724485	-0.256773	-0.963752	-0.351197	0.897837	-0.265612	0.933495	0.35771	-0.0251309
4.76667	0.0512735	-0.262622	-0.963536	-0.370169	0.891084	-0.262573	0.927548	0.370134	-0.0515255
4.8	0.0281579	-0.259009	-0.965464	-0.382731	0.889453	-0.249779	0.92343	0.376547	-0.0740856
4.83333	0.0045099	-0.246906	-0.969029	-0.393552	0.8904	-0.228703	0.919291	0.382395	-0.0931546
4.86667	-0.0220891	-0.229252	-0.973117	-0.413894	0.888121	-0.199833	0.910057	0.398353	-0.114504
4.9	-0.0534514	-0.210386	-0.976156	-0.448817	0.878311	-0.164722	0.892024	0.429311	-0.141372
4.93333	-0.0911645	-0.19311	-0.976933	-0.489214	0.863164	-0.12497	0.867386	0.466537	-0.173162
4.96667	-0.13062	-0.177827	-0.975354	-0.528227	0.845005	-0.0833212	0.838996	0.504325	-0.204308
5	-0.171811	-0.168655	-0.970586	-0.568715	0.821458	-0.0420695	0.804391	0.544759	-0.237052
5.03333	-0.210538	-0.169492	-0.962781	-0.612935	0.790117	-0.00506035	0.761567	0.589057	-0.270237
5.06667	-0.249102	-0.177393	-0.952092	-0.656182	0.753957	0.0312044	0.712301	0.632519	-0.304214
5.1	-0.282673	-0.195557	-0.93907	-0.696185	0.7153	0.0606036	0.659865	0.670898	-0.33834
5.13333	-0.292816	-0.238805	-0.925868	-0.742389	0.667024	0.0627465	0.602592	0.705727	-0.372601
5.16667	-0.264009	-0.311822	-0.912725	-0.792051	0.610105	0.0206681	0.550413	0.728381	-0.408052
5.2	-0.221309	-0.393696	-0.892203	-0.827807	0.559473	-0.0415385	0.515517	0.729379	-0.449721
5.23333	-0.181864	-0.473056	-0.862058	-0.847974	0.519314	-0.106081	0.497861	0.71171	-0.495584
5.26667	-0.150062	-0.543097	-0.826152	-0.854093	0.492115	-0.16837	0.498003	0.680344	-0.537703
5.3	-0.127539	-0.603785	-0.786878	-0.847667	0.478275	-0.229597	0.514971	0.637728	-0.572807
5.33333	-0.116674	-0.650638	-0.750372	-0.82834	0.480584	-0.287911	0.547942	0.587971	-0.595021
5.36667	-0.115429	-0.687526	-0.716927	-0.795639	0.496088	-0.347642	0.594672	0.530287	-0.604286
5.4	-0.124111	-0.708664	-0.694545	-0.748479	0.526394	-0.403346	0.651441	0.469793	-0.595751
5.43333	-0.129945	-0.715604	-0.686313	-0.693527	0.560282	-0.452884	0.708615	0.417127	-0.569097
5.46667	-0.130063	-0.712871	-0.689129	-0.631504	0.595384	-0.496709	0.764386	0.370584	-0.527618
5.5	-0.126862	-0.697119	-0.705643	-0.559711	0.637626	-0.529298	0.81892	0.327808	-0.471075
5.53333	-0.120229	-0.671666	-0.731033	-0.476277	0.685121	-0.551152	0.871037	0.28191	-0.40227
5.56667	-0.100756	-0.642442	-0.759682	-0.385262	0.729189	-0.565558	0.91729	0.235693	-0.320979
5.6	-0.0833618	-0.60986	-0.788113	-0.299271	0.76968	-0.563941	0.95052	0.188848	-0.246675
5.63333	-0.0667602	-0.573542	-0.816451	-0.23303	0.80461	-0.546169	0.970175	0.153795	-0.187368
5.66667	-0.0491693	-0.53779	-0.841644	-0.205626	0.830062	-0.518377	0.977395	0.147576	-0.151397
5.7	-0.0366821	-0.497752	-0.866543	-0.207469	0.852027	-0.480631	0.977554	0.16215	-0.134522
5.73333	-0.0318952	-0.449318	-0.892802	-0.208964	0.876514	-0.433656	0.977403	0.172732	-0.121848
5.76667	-0.0447944	-0.397679	-0.916431	-0.200728	0.902226	-0.381703	0.978622	0.166855	-0.12024
5.8	-0.0512226	-0.33979	-0.939106	-0.199823	0.924812	-0.323719	0.978492	0.171073	-0.115269
5.83333	-0.0475165	-0.281049	-0.958516	-0.200701	0.942717	-0.266467	0.9785	0.179714	-0.101201
5.86667	-0.041379	-0.218458	-0.974969	-0.191465	0.959454	-0.206856	0.980627	0.178113	-0.0815283
5.9	-0.0343847	-0.154606	-0.987378	-0.175388	0.973563	-0.146335	0.983899	0.168143	-0.0605917
5.93333	-0.0225774	-0.0985613	-0.994875	-0.166821	0.981548	-0.0934553	0.985729	0.163856	-0.0386029
5.96667	-0.00963848	-0.052774	-0.99856	-0.166514	0.984748	-0.0504368	0.985992	0.165789	-0.0182791
6	0.00809576	-0.0158984	-0.999841	-0.171776	0.984988	-0.0170532	0.985103	0.171887	0.00524325
6.03333	0.0280691	0.016963	-0.999462	-0.171993	0.985026	0.0118877	0.984698	0.171567	0.0305663
6.06667	0.0480433	0.0466884	-0.997753	-0.169903	0.984732	0.037898	0.984289	0.1677	0.0552423
6.1	0.0677386	0.0746404	-0.994907	-0.169192	0.983614	0.0622737	0.983253	0.164112	0.0792572
6.13333	0.0856713	0.101633	-0.991126	-0.169402	0.981785	0.0860319	0.981816	0.160528	0.101328
6.16667	0.102483	0.128078	-0.986455	-0.168456	0.979587	0.109686	0.980367	0.154933	0.121967
6.2	0.117175	0.153529	-0.981172	-0.166826	0.976982	0.13295	0.978999	0.148106	0.14009
6.23333	0.130797	0.177391	-0.97541	-0.16625	0.973855	0.154815	0.97737	0.141913	0.156868
6.26667	0.145706	0.200175	-0.968865	-0.166225	0.970348	0.175483	0.975264	0.13548	0.17466
6.3	0.16048	0.223322	-0.961443	-0.164862	0.96645	0.196966	0.973174	0.126896	0.191913
6.33333	0.172024	0.246319	-0.9538	-0.161041	0.96224	0.219454	0.97184	0.115849	0.205196
6.36667	0.179937	0.269034	-0.946173	-0.160004	0.957068	0.241703	0.970578	0.1079	0.215258
6.4	0.188303	0.288573	-0.938758	-0.164305	0.951643	0.259576	0.968269	0.105364	0.226612
6.43333	0.195789	0.304296	-0.932239	-0.170585	0.946713	0.273194	0.965695	0.105538	0.237265
6.46667	0.19941	0.317352	-0.927105	-0.17564	0.94236	0.284796	0.964047	0.106046	0.243656
6.5	0.206334	0.328084	-0.921839	-0.17869	0.938903	0.294161	0.962027	0.104028	0.252353
6.53333	0.212764	0.337997	-0.916782	-0.181081	0.935651	0.302929	0.960178	0.101559	0.260278
6.56667	0.220738	0.346592	-0.911674	-0.183691	0.932776	0.310138	0.957879	0.0990072	0.269565
6.6	0.227639	0.354892	-0.90677	-0.186022	0.929918	0.317252	0.955812	0.0964609	0.277703
6.63333	0.233153	0.361595	-0.902712	-0.189098	0.927434	0.322658	0.953877	0.0954728	0.284611
6.66667	0.23749	0.366269	-0.899692	-0.19292	0.925525	0.32586	0.95204	0.0961805	0.290463
6.7	0.239733	0.368685	-0.898109	-0.198724	0.924133	0.326323	0.950283	0.100246	0.294812
6.73333	0.239428	0.368016	-0.898464	-0.203805	0.923813	0.324088	0.949283	0.105516	0.29619
6.76667	0.237845	0.364543	-0.900299	-0.209968	0.924279	0.318782	0.948337	0.113213	0.296378
6.8	0.234998	0.35743	-0.903891	-0.217387	0.925705	0.309538	0.947375	0.123753	0.295239
6.83333	0.230432	0.34656	-0.909284	-0.226553	0.92786	0.296227	0.946348	0.137741	0.292323
6.86667	0.225396	0.331407	-0.916169	-0.234962	0.931102	0.279003	0.94551	0.152379	0.287734
6.9	0.2195	0.313088	-0.924011	-0.242508	0.934892	0.259167	0.944992	0.167193	0.281135
6.93333	0.21196	0.291334	-0.932844	-0.250058	0.938925	0.236415	0.944746	0.183154	0.271864
6.96667	0.204548	0.267087	-0.941714	-0.257641	0.942823	0.21144	0.944342	0.199375	0.261665
7	0.1976	0.240669	-0.95028	-0.262997	0.946871	0.185118	0.944345	0.213342	0.250397
7.03333	0.19173	0.213798	-0.957878	-0.267534	0.950409	0.158581	0.94428	0.225861	0.23942
7.06667	0.186336	0.187722	-0.964385	-0.268854	0.953853	0.133725	0.944985	0.234361	0.228207
7.1	0.180791	0.16342	-0.96985	-0.270115	0.956431	0.110807	0.945702	0.241938	0.217057
7.13333	0.176297	0.141515	-0.974111	-0.271481	0.95822	0.0900728	0.946159	0.248573	0.20735
7.16667	0.170176	0.121506	-0.977894	-0.274946	0.958813	0.0712885	0.946279	0.256736	0.196575
7.2	0.156102	0.100874	-0.982577	-0.284276	0.95727	0.0531137	0.945949	0.271032	0.178108
7.23333	0.1361	0.0795295	-0.987498	-0.299904	0.953311	0.0354426	0.944211	0.291331	0.153597
7.26667	0.115841	0.0594514	-0.991487	-0.315662	0.948661	0.0200028	0.941774	0.310658	0.128661
7.3	0.0958276	0.0433049	-0.994456	-0.325033	0.945651	0.00985892	0.940835	0.322286	0.104695
7.33333	0.0738491	0.0327762	-0.996731	-0.334401	0.94241	0.00621376	0.939533	0.332849	0.0805566
7.36667	0.0507789	0.0269116	-0.998347	-0.347914	0.937496	0.00757528	0.93615	0.346955	0.0569679
7.4	0.0299908	0.0259797	-0.999212	-0.364248	0.931207	0.0132788	0.930819	0.363562	0.0373907
7.43333	0.00780951	0.0288264	-0.999554	-0.380998	0.924273	0.0236787	0.924543	0.380643	0.0182009
7.46667	-0.0168793	0.031935	-0.999347	-0.398522	0.916451	0.0360171	0.917003	0.39887	-0.00274225
7.5	-0.044765	0.0351135	-0.99838	-0.41767	0.907187	0.0506335	0.907495	0.41926	-0.0259443
7.53333	-0.076914	0.0346723	-0.996435	-0.441032	0.895121	0.0651898	0.894189	0.444474	-0.0535557
7.56667	-0.111909	0.0282271	-0.993317	-0.469032	0.879744	0.0778416	0.876062	0.474609	-0.0852117
7.6	-0.149048	0.012683	-0.988749	-0.502182	0.860401	0.0867374	0.851821	0.509459	-0.121872
7.63333	-0.1867	-0.0115045	-0.98235	-0.541316	0.83565	0.0930932	0.819829	0.549143	-0.162243
7.66667	-0.222034	-0.049962	-0.973758	-0.584807	0.805939	0.0919946	0.780194	0.589886	-0.208164
7.7	-0.239903	-0.112985	-0.9642	-0.641868	0.763592	0.0702256	0.728321	0.635737	-0.25571
7.73333	-0.23565	-0.20221	-0.950568	-0.707917	0.705841	0.0253458	0.665825	0.678896	-0.309479
7.76667	-0.215217	-0.300863	-0.929066	-0.76141	0.647416	-0.033276	0.611504	0.700238	-0.368415
7.8	-0.188829	-0.391713	-0.900503	-0.797295	0.596493	-0.092283	0.573292	0.700541	-0.424946
7.83333	-0.157352	-0.475173	-0.865708	-0.819582	0.55189	-0.153956	0.550931	0.685294	-0.476284
7.86667	-0.133063	-0.546088	-0.827093	-0.828323	0.519508	-0.209744	0.54422	0.657191	-0.521464
7.9	-0.11631	-0.603513	-0.788825	-0.821971	0.504311	-0.264641	0.557527	0.61761	-0.554726
7.93333	-0.107743	-0.648695	-0.753383	-0.806364	0.500275	-0.315439	0.581523	0.573514	-0.576986
7.96667	-0.105821	-0.682533	-0.723153	-0.781809	0.506497	-0.363642	0.614472	0.526887	-0.587209
8	-0.11361	-0.701657	-0.703399	-0.742604	0.530302	-0.409046	0.660024	0.475876	-0.581301
8.03333	-0.117206	-0.712458	-0.691857	-0.694404	0.556837	-0.45578	0.709976	0.427008	-0.559998
8.06667	-0.117943	-0.715713	-0.688363	-0.641655	0.583978	-0.497241	0.757871	0.383045	-0.528117
8.1	-0.1185	-0.708302	-0.695892	-0.582559	0.617131	-0.528936	0.804103	0.34272	-0.485758
8.13333	-0.113671	-0.69343	-0.711501	-0.515003	0.653542	-0.554666	0.849618	0.303376	-0.431407
8.16667	-0.103751	-0.674416	-0.731026	-0.435583	0.691569	-0.576194	0.894149	0.258642	-0.365515
8.2	-0.0897395	-0.652233	-0.752688	-0.353132	0.727475	-0.588284	0.93126	0.213006	-0.295608
8.23333	-0.0763284	-0.628247	-0.774261	-0.291037	0.756748	-0.585346	0.953662	0.18066	-0.240604
8.26667	-0.0620357	-0.607528	-0.791872	-0.258256	0.776151	-0.575234	0.964083	0.168821	-0.205047
8.3	-0.0480416	-0.590451	-0.805643	-0.243466	0.789169	-0.563859	0.968719	0.169058	-0.181668
8.33333	-0.0416502	-0.571795	-0.819339	-0.235698	0.802529	-0.548082	0.970933	0.170289	-0.168196
8.36667	-0.0383859	-0.550819	-0.833741	-0.233616	0.816181	-0.528462	0.971571	0.17449	-0.16001
8.4	-0.0397277	-0.521016	-0.852622	-0.233908	0.834435	-0.499003	0.971447	0.179611	-0.15502
8.43333	-0.0684229	-0.474393	-0.87765	-0.23151	0.863248	-0.448559	0.970423	0.172493	-0.168893
8.46667	-0.0757124	-0.421609	-0.903611	-0.224311	0.890187	-0.39655	0.971572	0.172666	-0.16197
8.5	-0.0724806	-0.360966	-0.929758	-0.215577	0.915843	-0.338759	0.973793	0.175881	-0.144197
8.53333	-0.0634961	-0.29658	-0.952895	-0.201319	0.938999	-0.278841	0.977466	0.17413	-0.11933
8.56667	-0.0455276	-0.243249	-0.968895	-0.187563	0.954733	-0.23088	0.981197	0.171218	-0.0890912
8.6	-0.0238886	-0.196208	-0.980271	-0.176643	0.965951	-0.189037	0.983985	0.168643	-0.0577341
8.63333	-0.00201414	-0.151895	-0.988395	-0.16928	0.974184	-0.149366	0.985566	0.167015	-0.027675
8.66667	0.0134888	-0.110876	-0.993743	-0.16059	0.980692	-0.1116	0.986929	0.161091	-0.0045773
8.7	0.0248996	-0.0759352	-0.996802	-0.154757	0.984798	-0.0788865	0.987639	0.156226	0.0127696
8.73333	0.036329	-0.0507622	-0.99805	-0.161648	0.985259	-0.0559956	0.98618	0.163367	0.0275878
8.76667	0.0448766	-0.0355175	-0.998361	-0.173313	0.983937	-0.0427948	0.983844	0.17495	0.0380001
8.8	0.0528642	-0.0304155	-0.998138	-0.189784	0.981013	-0.0399451	0.980402	0.191542	0.0460881
8.83333	0.0578218	-0.0333411	-0.99777	-0.205744	0.977589	-0.0445899	0.976896	0.207864	0.0496662
8.86667	0.0630077	-0.0416803	-0.997142	-0.217926	0.974442	-0.0545018	0.973929	0.220737	0.0523142
8.9	0.0691169	-0.0514778	-0.99628	-0.225134	0.9721	-0.0658472	0.971873	0.228848	0.0555991
8.93333	0.0728002	-0.0624994	-0.995386	-0.226487	0.970924	-0.0775281	0.97129	0.231086	0.0565281
8.96667	0.0740948	-0.0762356	-0.994333	-0.226925	0.969628	-0.0912513	0.97109	0.2324	0.0545447
9	0.076061	-0.090566	-0.992982	-0.22828	0.967835	-0.105758	0.97062	0.234722	0.0529401
9.03333	0.0792542	-0.104528	-0.991359	-0.229896	0.965763	-0.120208	0.969983	0.237436	0.0525102
9.06667	0.0837878	-0.116116	-0.989695	-0.229291	0.964291	-0.132547	0.969745	0.238034	0.0541715
9.1	0.0876995	-0.12555	-0.988203	-0.226835	0.963447	-0.142536	0.969977	0.236659	0.0560146
9.13333	0.0938962	-0.131019	-0.986923	-0.224132	0.963074	-0.149177	0.970025	0.235208	0.0610635
9.16667	0.099256	-0.133744	-0.986033	-0.225511	0.96212	-0.153201	0.969171	0.237567	0.0653354
9.2	0.103814	-0.135256	-0.985357	-0.227934	0.961108	-0.155942	0.968126	0.240786	0.0689472
9.23333	0.10725	-0.136565	-0.984808	-0.231568	0.959849	-0.158322	0.966889	0.245031	0.0713197
9.26667	0.111056	-0.138032	-0.984182	-0.23704	0.958047	-0.161114	0.965131	0.251183	0.0736781
9.3	0.113127	-0.141231	-0.983492	-0.242645	0.955948	-0.165186	0.963497	0.257326	0.0738745
9.33333	0.11558	-0.14633	-0.982461	-0.249245	0.953172	-0.17129	0.961519	0.264671	0.0736953
9.36667	0.117453	-0.154404	-0.981002	-0.25701	0.949458	-0.180211	0.959245	0.273294	0.0718331
9.4	0.118207	-0.166606	-0.978912	-0.264946	0.944794	-0.192792	0.956991	0.282148	0.0675391
9.43333	0.118019	-0.18062	-0.976447	-0.272104	0.939799	-0.206729	0.955003	0.290093	0.0617668
9.46667	0.118824	-0.19563	-0.973453	-0.277957	0.934646	-0.221759	0.953216	0.296928	0.0566813
9.5	0.119177	-0.208291	-0.970779	-0.283702	0.929839	-0.234335	0.951478	0.303339	0.0517224
9.53333	0.119119	-0.220155	-0.968164	-0.289404	0.925066	-0.245962	0.949766	0.30949	0.0464794
9.56667	0.118652	-0.232315	-0.965376	-0.294468	0.920274	-0.257654	0.948267	0.314843	0.0407832
9.6	0.119631	-0.242007	-0.962871	-0.297856	0.916413	-0.267337	0.947085	0.318779	0.0375482
9.63333	0.119206	-0.248348	-0.961308	-0.300848	0.913659	-0.273344	0.946193	0.321792	0.0341986
9.66667	0.113297	-0.250585	-0.961442	-0.305428	0.912032	-0.273699	0.945451	0.324661	0.0267949
9.7	0.102181	-0.247519	-0.96348	-0.311482	0.911883	-0.267298	0.944742	0.32742	0.0160788
9.73333	0.0892377	-0.237952	-0.967169	-0.317571	0.913564	-0.254065	0.944026	0.329817	0.00595769
9.76667	0.075645	-0.220764	-0.972389	-0.319823	0.91829	-0.233362	0.944453	0.328645	-0.0011414
9.8	0.0595552	-0.197718	-0.978448	-0.318974	0.92503	-0.206339	0.945891	0.324388	-0.00797659
9.83333	0.042168	-0.168494	-0.9848	-0.322792	0.93052	-0.173028	0.94553	0.325182	-0.0151502
9.86667	0.020896	-0.136498	-0.99042	-0.335483	0.932242	-0.135558	0.941814	0.335102	-0.0263128
9.9	-0.00457215	-0.106374	-0.994316	-0.355318	0.929613	-0.0978183	0.934734	0.352851	-0.042047
9.93333	-0.037514	-0.0798331	-0.996102	-0.380556	0.922833	-0.0596289	0.923997	0.376836	-0.0650001
9.96667	-0.0766877	-0.060926	-0.995192	-0.414208	0.909871	-0.0237845	0.906946	0.410393	-0.095012
10	-0.119078	-0.0550044	-0.99136	-0.458112	0.888876	0.00570807	0.880882	0.454834	-0.131043
10.0333	-0.161924	-0.063475	-0.98476	-0.509112	0.860236	0.0282647	0.845331	0.50593	-0.171608
10.0667	-0.205401	-0.0852092	-0.974962	-0.56388	0.824533	0.0467336	0.799906	0.55936	-0.217407
10.1	-0.248907	-0.110188	-0.962239	-0.612332	0.787654	0.0681989	0.750396	0.606185	-0.263524
10.1333	-0.290542	-0.136657	-0.947053	-0.655882	0.749097	0.0931223	0.696709	0.648211	-0.307276
10.1667	-0.305057	-0.192291	-0.932719	-0.711529	0.696995	0.0890201	0.632983	0.690812	-0.349444
10.2	-0.276465	-0.2795	-0.919482	-0.767433	0.640109	0.0361699	0.578459	0.71564	-0.391465
10.2333	-0.232098	-0.373566	-0.898097	-0.809415	0.586214	-0.0346582	0.539424	0.718889	-0.438429
10.2667	-0.201095	-0.453341	-0.868356	-0.836634	0.540571	-0.0884659	0.509513	0.708706	-0.487987
10.3	-0.171042	-0.521188	-0.836127	-0.845868	0.51284	-0.146637	0.505224	0.682172	-0.528573
10.3333	-0.147414	-0.578343	-0.802364	-0.84274	0.498092	-0.204192	0.517744	0.646084	-0.560818
10.3667	-0.130057	-0.627446	-0.767722	-0.83156	0.490723	-0.260189	0.539993	0.604568	-0.585581
10.4	-0.122905	-0.666943	-0.734902	-0.807349	0.497835	-0.316778	0.577132	0.554389	-0.599642
10.4333	-0.122471	-0.696271	-0.707254	-0.772258	0.514466	-0.37275	0.623393	0.500531	-0.600708
10.4667	-0.127084	-0.712935	-0.689618	-0.732083	0.536525	-0.419757	0.669257	0.451513	-0.590111
10.5	-0.130808	-0.720172	-0.681353	-0.688507	0.560484	-0.460234	0.713335	0.408915	-0.569159
10.5333	-0.128045	-0.718778	-0.683347	-0.641291	0.585601	-0.495799	0.756538	0.374739	-0.535929
10.5667	-0.126488	-0.705899	-0.696927	-0.585788	0.620138	-0.521805	0.800533	0.34225	-0.491947
10.6	-0.120756	-0.686986	-0.716567	-0.521155	0.658242	-0.543245	0.844876	0.307842	-0.437513
10.6333	-0.104502	-0.66028	-0.743714	-0.453799	0.697078	-0.555111	0.884955	0.279486	-0.37248
10.6667	-0.0867053	-0.629911	-0.771812	-0.38586	0.735493	-0.556922	0.918474	0.249524	-0.306829
10.7	-0.0698717	-0.598976	-0.797713	-0.331061	0.768269	-0.547869	0.941019	0.225812	-0.251978
10.7333	-0.052986	-0.570556	-0.819548	-0.295345	0.792938	-0.532936	0.95392	0.213811	-0.210525
10.7667	-0.0413412	-0.546066	-0.836721	-0.266855	0.813051	-0.517433	0.96285	0.201892	-0.179333
10.8	-0.030704	-0.523744	-0.851322	-0.243018	0.830078	-0.501909	0.969536	0.191476	-0.152766
10.8333	-0.0216123	-0.501631	-0.864812	-0.224968	0.84527	-0.484674	0.974126	0.18408	-0.131119
10.8667	-0.0189203	-0.475057	-0.879752	-0.213167	0.861595	-0.460668	0.976833	0.178818	-0.117568
10.9	-0.01449	-0.443934	-0.895942	-0.209875	0.877426	-0.431365	0.977621	0.181786	-0.105885
10.9333	-0.0120013	-0.407901	-0.912947	-0.208681	0.893931	-0.396661	0.97791	0.185754	-0.0958494
10.9667	-0.0170742	-0.37114	-0.92842	-0.207213	0.909709	-0.359849	0.978147	0.186237	-0.0924376
11	-0.0211516	-0.331695	-0.94315	-0.207122	0.924349	-0.320438	0.978087	0.188569	-0.0882526
11.0333	-0.0220887	-0.290922	-0.956492	-0.206228	0.937475	-0.280376	0.978255	0.191062	-0.0807038
11.0667	-0.0188341	-0.25437	-0.966924	-0.213172	0.94588	-0.244681	0.976833	0.201513	-0.0720394
11.1	-0.0121243	-0.219163	-0.975613	-0.212453	0.953972	-0.211661	0.977096	0.204705	-0.058128
11.1333	-0.00682293	-0.183591	-0.982979	-0.209014	0.961551	-0.178138	0.977889	0.204241	-0.0449337
11.1667	6.79838e-05	-0.150248	-0.988648	-0.206079	0.967425	-0.147037	0.978535	0.203749	-0.0308971
11.2	0.0142903	-0.121376	-0.992504	-0.201745	0.971841	-0.121754	0.979334	0.201973	-0.0105992
11.2333	0.0325696	-0.0930159	-0.995132	-0.195881	0.975757	-0.0976159	0.980087	0.198107	0.0135599
11.2667	0.0472163	-0.0650805	-0.996762	-0.188117	0.97944	-0.0728606	0.981011	0.190948	0.0340028
11.3	0.0584239	-0.0394918	-0.99751	-0.183368	0.981792	-0.0496094	0.981307	0.18581	0.0501185
11.3333	0.0705592	-0.0175827	-0.997353	-0.183243	0.982601	-0.0302864	0.980532	0.184895	0.0661096
11.3667	0.085247	0.0018925	-0.996358	-0.185568	0.982532	-0.0140107	0.978927	0.186087	0.0841091
11.4	0.0975964	0.0182081	-0.99506	-0.189479	0.981885	-0.000617246	0.977022	0.188603	0.0992784
11.4333	0.1039	0.0294141	-0.994153	-0.192966	0.981165	0.00886277	0.975689	0.190917	0.107619
11.4667	0.106145	0.0314003	-0.993855	-0.199764	0.979797	0.00962114	0.974078	0.197515	0.110273
11.5	0.110838	0.0302163	-0.993379	-0.205422	0.97865	0.00684804	0.972377	0.203303	0.114678
11.5333	0.105131	0.0233318	-0.994185	-0.205215	0.978716	0.00126822	0.973054	0.203888	0.107681
11.5667	0.107356	0.0120269	-0.994148	-0.208594	0.977944	-0.0106947	0.972092	0.208522	0.107497
11.6	0.1052	-0.00491741	-0.994439	-0.216241	0.975947	-0.0277017	0.970656	0.217953	0.101606
11.6333	0.104478	-0.0270644	-0.994159	-0.223666	0.973382	-0.0500043	0.96905	0.227584	0.095644
11.6667	0.103098	-0.0530233	-0.993257	-0.230754	0.97006	-0.0757367	0.967535	0.237006	0.0877759
11.7	0.099954	-0.0830848	-0.991517	-0.238547	0.965444	-0.104948	0.965973	0.247013	0.0766803
11.7333	0.0975493	-0.115805	-0.98847	-0.248408	0.958938	-0.13686	0.963731	0.258894	0.0647768
11.7667	0.0961846	-0.150471	-0.983924	-0.258956	0.950685	-0.170702	0.961088	0.271212	0.0524759
11.8	0.0956359	-0.186335	-0.977821	-0.270087	0.940615	-0.205661	0.958075	0.283765	0.0396299
11.8333	0.0953015	-0.221191	-0.970563	-0.281957	0.929074	-0.239422	0.954682	0.296474	0.0261757
11.8667	0.0947785	-0.255819	-0.962067	-0.295317	0.91569	-0.27258	0.950686	0.30995	0.0112399
11.9	0.0945794	-0.28875	-0.952721	-0.310031	0.900876	-0.303815	0.94601	0.324107	-0.00431717
11.9333	0.0937075	-0.322143	-0.942042	-0.322726	0.885287	-0.334837	0.941842	0.335398	-0.0210057
11.9667	0.0939909	-0.353738	-0.93061	-0.338299	0.867779	-0.364023	0.936333	0.34904	-0.0381058
12	0.0931473	-0.386941	-0.917388	-0.354377	0.848171	-0.393729	0.930452	0.361776	-0.0581182
12.0333	0.0932579	-0.418606	-0.903367	-0.367639	0.828724	-0.42197	0.925281	0.371465	-0.0766109
12.0667	0.0945432	-0.448758	-0.888638	-0.378488	0.809403	-0.449013	0.920765	0.37879	-0.0933262
12.1	0.097164	-0.475845	-0.874145	-0.387449	0.790932	-0.473614	0.916756	0.384705	-0.107516
12.1333	0.0988932	-0.498973	-0.860957	-0.396974	0.773588	-0.493936	0.912487	0.390624	-0.121577
12.1667	0.0929777	-0.520099	-0.84903	-0.41214	0.756137	-0.508328	0.906364	0.397182	-0.14405
12.2	0.0803285	-0.537637	-0.839342	-0.429763	0.741093	-0.515834	0.899361	0.402154	-0.171526
12.2333	0.0669685	-0.546842	-0.834553	-0.446051	0.731785	-0.515296	0.892499	0.406762	-0.194913
12.2667	0.0533662	-0.547308	-0.835228	-0.450544	0.733249	-0.50927	0.891158	0.403485	-0.207456
12.3	0.035532	-0.539662	-0.841132	-0.446084	0.744598	-0.496571	0.894286	0.392859	-0.214278
12.3333	0.0144434	-0.520191	-0.853928	-0.447381	0.760403	-0.470784	0.894227	0.388831	-0.22174
12.3667	-0.00608179	-0.493699	-0.869611	-0.460658	0.773241	-0.435766	0.887557	0.397944	-0.232129
12.4	-0.0287757	-0.46434	-0.885189	-0.481157	0.782646	-0.394908	0.876162	0.414551	-0.245942
