0	0	1	0	0	0	-1	-1	0	0
0.0333333	0.99113	-0.066544	-0.115036	0.0468645	0.985009	-0.166014	0.124359	0.15915	0.979391
0.0666667	0.993546	-0.00760528	-0.113173	0.00596682	0.999873	-0.0148092	0.113271	0.0140383	0.993465
0.1	0.994279	0.0267056	-0.103419	-0.021083	0.998259	0.0550841	0.10471	-0.0525886	0.993111
0.133333	0.994112	0.0433319	-0.0993188	-0.0341991	0.995183	0.0918802	0.102822	-0.0879425	0.990805
0.166667	0.993887	0.0486947	-0.0990868	-0.0378081	0.993331	0.108924	0.10373	-0.104512	0.989099
0.2	0.993703	0.0462988	-0.102032	-0.0350748	0.993403	0.109176	0.106414	-0.10491	0.988772
0.233333	0.993578	0.0425432	-0.104845	-0.0316638	0.994143	0.103329	0.108627	-0.0993458	0.989106
0.266667	0.993464	0.0417658	-0.106235	-0.0310166	0.994413	0.100895	0.109856	-0.0969405	0.989209
0.3	0.9936	0.0427514	-0.104549	-0.0316276	0.993881	0.105831	0.108434	-0.101847	0.988873
0.333333	0.99402	0.0444894	-0.099727	-0.0325855	0.992483	0.117965	0.104226	-0.11401	0.987997
0.366667	0.994594	0.0424838	-0.0947466	-0.0300145	0.991145	0.129349	0.0994028	-0.125806	0.987062
0.4	0.995135	0.038665	-0.0906117	-0.0256044	0.989664	0.141103	0.0951308	-0.138096	0.985839
0.433333	0.995594	0.0312913	-0.0883936	-0.0180649	0.989024	0.146646	0.0920121	-0.144403	0.985232
0.466667	0.995791	0.0236129	-0.0885625	-0.0103456	0.989027	0.147374	0.0910706	-0.145837	0.985108
0.5	0.995803	0.0176914	-0.0897967	-0.0044096	0.989274	0.146003	0.0914166	-0.144994	0.9852
0.533333	0.995735	0.0134103	-0.0912784	-0.000134695	0.98959	0.143918	0.0922582	-0.143292	0.985371
0.566667	0.995671	0.00934483	-0.0924729	0.00353558	0.990405	0.138153	0.0928766	-0.137882	0.986084
0.6	0.995571	0.00477493	-0.0938956	0.00735245	0.991697	0.128389	0.093729	-0.128511	0.987269
0.633333	0.99546	0.000189799	-0.0951789	0.0111126	0.992927	0.118205	0.0945282	-0.118726	0.988417
0.666667	0.995424	-0.00432969	-0.0954597	0.0148402	0.993857	0.109672	0.0943984	-0.110586	0.989373
0.7	0.995434	-0.00893018	-0.0950323	0.0188307	0.99442	0.1038	0.093575	-0.105116	0.990048
0.733333	0.995506	-0.0106864	-0.0940931	0.0203084	0.994587	0.101906	0.0924947	-0.103358	0.990334
0.766667	0.995736	-0.0115347	-0.0915231	0.0208517	0.994616	0.101507	0.0898595	-0.102983	0.990616
0.8	0.996004	-0.011959	-0.0885007	0.0209495	0.994628	0.101367	0.0868131	-0.102816	0.990905
0.833333	0.996188	-0.0135283	-0.0861727	0.0221487	0.994753	0.0998807	0.0843693	-0.101409	0.991261
0.866667	0.996284	-0.0139631	-0.0849943	0.0228258	0.994293	0.104214	0.0830541	-0.105767	0.990916
0.9	0.996353	-0.0107467	-0.084652	0.0206433	0.992927	0.116918	0.0827968	-0.118239	0.989527
0.933333	0.996367	-0.00571598	-0.0849748	0.0168994	0.991175	0.131479	0.0834733	-0.132438	0.98767
0.966667	0.996282	-0.00194046	-0.0861267	0.014082	0.989968	0.140591	0.0849898	-0.141282	0.986314
1	0.996145	0.00174518	-0.0876996	0.011516	0.988546	0.150477	0.0869577	-0.150907	0.984716
1.03333	0.995769	1.26512e-05	-0.0918898	0.0135587	0.989034	0.147065	0.090884	-0.147689	0.984849
1.06667	0.995539	-0.00164981	-0.0943347	0.0154212	0.989246	0.145443	0.0930804	-0.146249	0.984859
1.1	0.995392	-0.00204359	-0.095871	0.0163239	0.988791	0.148408	0.0944932	-0.149289	0.984268
1.13333	0.995004	-0.00277871	-0.0997953	0.0176996	0.988687	0.148944	0.0982525	-0.149967	0.983797
1.16667	0.994783	-4.21348e-05	-0.102009	0.0164724	0.986942	0.160229	0.100671	-0.161074	0.981795
1.2	0.994377	0.00281418	-0.105858	0.0153385	0.985277	0.170276	0.104778	-0.170942	0.979694
1.23333	0.993676	0.00572942	-0.112139	0.0140512	0.984502	0.17481	0.111403	-0.17528	0.978195
1.26667	0.992695	0.00733934	-0.120426	0.0135343	0.985074	0.171601	0.119888	-0.171977	0.977779
1.3	0.991779	0.00490739	-0.127865	0.0158907	0.986806	0.161128	0.126968	-0.161836	0.978615
1.33333	0.990901	0.00133748	-0.134583	0.0189444	0.988609	0.149308	0.13325	-0.150499	0.979589
1.36667	0.990026	-0.00265628	-0.140858	0.0222165	0.990256	0.137475	0.13912	-0.139233	0.980438
1.4	0.989335	-0.0064201	-0.145515	0.0250723	0.991623	0.126712	0.143483	-0.12901	0.981208
1.43333	0.988878	-0.00955403	-0.148419	0.0269916	0.992891	0.115924	0.146256	-0.118641	0.982107
1.46667	0.988846	-0.00921006	-0.14866	0.026302	0.993199	0.113422	0.146604	-0.116066	0.982362
1.5	0.989059	-0.00817013	-0.147295	0.0249798	0.993322	0.112637	0.145391	-0.115084	0.982658
1.53333	0.98948	-0.0052092	-0.144577	0.0219777	0.993165	0.11463	0.142992	-0.116602	0.982831
1.56667	0.99022	-0.00249816	-0.139494	0.0191368	0.992821	0.118066	0.138197	-0.119581	0.983159
1.6	0.990914	-0.000248042	-0.134499	0.0165923	0.992585	0.120412	0.133472	-0.121549	0.983571
1.63333	0.99182	0.00220722	-0.127624	0.0138928	0.992044	0.125124	0.126885	-0.125873	0.983898
1.66667	0.99274	0.0036638	-0.120221	0.0117483	0.991803	0.127238	0.119702	-0.127727	0.984559
1.7	0.993692	0.00461233	-0.11205	0.0100163	0.99151	0.129641	0.111697	-0.129946	0.98521
1.73333	0.994743	0.00654425	-0.102196	0.00726412	0.990933	0.134162	0.102148	-0.134199	0.985676
1.76667	0.995698	0.0100428	-0.0921124	0.00279684	0.990398	0.138214	0.092616	-0.137877	0.98611
1.8	0.996574	0.0133051	-0.0816276	-0.00178491	0.990205	0.13961	0.0826856	-0.138986	0.986836
1.83333	0.997357	0.0167978	-0.070683	-0.0067602	0.99014	0.139918	0.0723364	-0.13907	0.987637
1.86667	0.997995	0.0202264	-0.0599769	-0.0116295	0.990032	0.140365	0.0622181	-0.139386	0.988282
1.9	0.998462	0.0242843	-0.0498291	-0.0169898	0.989734	0.141911	0.0527637	-0.140846	0.988624
1.93333	0.998785	0.0278933	-0.0406159	-0.0218517	0.989589	0.142253	0.044161	-0.141192	0.988997
1.96667	0.999016	0.0308791	-0.0318397	-0.0260641	0.989539	0.141888	0.035888	-0.140919	0.98937
2	0.999165	0.0331759	-0.0238347	-0.0295058	0.989629	0.14058	0.0282514	-0.13976	0.989782
2.03333	0.999246	0.0343007	-0.0182137	-0.0314781	0.990008	0.137455	0.0227466	-0.136778	0.99034
2.06667	0.999296	0.034806	-0.0139715	-0.0326297	0.990484	0.133701	0.0184922	-0.133151	0.990923
2.1	0.99935	0.0345101	-0.0104043	-0.0328632	0.990934	0.130269	0.0148056	-0.129842	0.991424
2.13333	0.999386	0.034078	-0.00809434	-0.0327821	0.991426	0.126487	0.0123354	-0.126144	0.991935
2.16667	0.999389	0.0341575	-0.00736386	-0.0329729	0.991634	0.124797	0.011565	-0.124478	0.992155
2.2	0.999345	0.0353488	-0.00771968	-0.0340908	0.99139	0.12643	0.0121224	-0.126084	0.991946
2.23333	0.999308	0.035894	-0.00973495	-0.0344006	0.991584	0.124814	0.0141331	-0.124393	0.992132
2.26667	0.999274	0.0360198	-0.0124229	-0.0342862	0.992282	0.119171	0.0166195	-0.118659	0.992796
2.3	0.999189	0.0371396	-0.0155256	-0.0351131	0.992744	0.115003	0.0196842	-0.114365	0.993244
2.33333	0.99907	0.039049	-0.018307	-0.0366303	0.992372	0.117713	0.0227639	-0.116933	0.992879
2.36667	0.999004	0.0385388	-0.0225019	-0.0355773	0.992164	0.119766	0.0269412	-0.118846	0.992547
2.4	0.998931	0.0356745	-0.0294081	-0.0319677	0.992487	0.118096	0.0334002	-0.11703	0.992567
2.43333	0.998747	0.0328138	-0.0377943	-0.0283499	0.993176	0.113126	0.0412485	-0.111913	0.992862
2.46667	0.998408	0.0321078	-0.0463659	-0.02684	0.993561	0.110075	0.0496016	-0.108656	0.992841
2.5	0.997905	0.0338517	-0.0551394	-0.0276453	0.993583	0.109671	0.0584982	-0.107917	0.992437
2.53333	0.997298	0.0365096	-0.0637403	-0.0293117	0.993453	0.110417	0.0673543	-0.10825	0.991839
2.56667	0.996577	0.0383513	-0.0732353	-0.0303044	0.99369	0.107989	0.0769147	-0.1054	0.991451
2.6	0.99584	0.038061	-0.0827917	-0.0294404	0.99425	0.102959	0.0862344	-0.100094	0.991234
2.63333	0.995058	0.0375343	-0.0919289	-0.0280049	0.994304	0.102841	0.0952653	-0.099758	0.990441
2.66667	0.994095	0.0383729	-0.101507	-0.0271123	0.993553	0.110075	0.105076	-0.106673	0.988726
2.7	0.992898	0.0400238	-0.112038	-0.0261984	0.992153	0.122256	0.116052	-0.118453	0.986155
2.73333	0.991635	0.0414883	-0.122228	-0.024857	0.990592	0.134575	0.126661	-0.130411	0.983336
2.76667	0.990224	0.0431303	-0.13265	-0.0239026	0.989396	0.143264	0.137423	-0.138693	0.980754
2.8	0.989184	0.0424238	-0.140412	-0.0213578	0.988717	0.148266	0.145118	-0.143664	0.978929
2.83333	0.988533	0.0388564	-0.14592	-0.0175766	0.989366	0.144382	0.149978	-0.140162	0.978704
2.86667	0.988174	0.0325793	-0.149835	-0.0127227	0.991219	0.131618	0.152807	-0.128155	0.979911
2.9	0.988254	0.0260659	-0.150578	-0.00817872	0.992955	0.118209	0.152599	-0.115589	0.981505
2.93333	0.988538	0.0194988	-0.14971	-0.0037042	0.994459	0.105063	0.150929	-0.103304	0.983132
2.96667	0.989082	0.0131248	-0.146778	0.000782777	0.995544	0.0942954	0.147362	-0.0933808	0.984665
3	0.989841	0.00595202	-0.142056	0.006444	0.996219	0.0866421	0.142035	-0.0866773	0.986059
3.03333	0.990404	-0.000937338	-0.138198	0.0124024	0.996545	0.0821238	0.137643	-0.0830497	0.986994
3.06667	0.990725	-0.00756337	-0.135675	0.0184551	0.996688	0.0792011	0.134627	-0.0809703	0.987583
3.1	0.990819	-0.0134262	-0.134523	0.0238875	0.996787	0.0764566	0.133065	-0.0789681	0.987956
3.13333	0.99083	-0.0184743	-0.133848	0.0286089	0.996833	0.0741944	0.132053	-0.0773433	0.988221
3.16667	0.990745	-0.022576	-0.133849	0.032298	0.996959	0.0709132	0.131841	-0.0745799	0.988461
3.2	0.990744	-0.0252957	-0.133367	0.0345677	0.997109	0.0676718	0.131269	-0.0716556	0.988754
3.23333	0.990852	-0.0278172	-0.132054	0.0363899	0.997353	0.0629552	0.129953	-0.0671847	0.989241
3.26667	0.991215	-0.0292917	-0.128976	0.0371911	0.997549	0.0592705	0.126924	-0.0635466	0.989875
3.3	0.991794	-0.0298443	-0.124311	0.0371575	0.997686	0.0569325	0.122324	-0.0610844	0.990609
3.33333	0.99263	-0.0292821	-0.117594	0.0361242	0.99775	0.0564802	0.115676	-0.060312	0.991454
3.36667	0.993291	-0.0295504	-0.111806	0.0359042	0.997827	0.0552478	0.109931	-0.0588915	0.992193
3.4	0.993691	-0.029329	-0.108254	0.0356361	0.99775	0.0567943	0.106345	-0.0602937	0.9925
3.43333	0.993962	-0.0259629	-0.106607	0.0332166	0.997211	0.0668395	0.104575	-0.0699771	0.992052
3.46667	0.99408	-0.021691	-0.106465	0.0303579	0.996294	0.0804731	0.104325	-0.0832287	0.991055
3.5	0.994119	-0.017555	-0.106864	0.0275032	0.995347	0.0923422	0.104746	-0.0947382	0.989976
3.53333	0.993961	-0.0155588	-0.108623	0.0264766	0.994655	0.0998051	0.106489	-0.102078	0.98906
3.56667	0.993761	-0.0152585	-0.110481	0.026534	0.9945	0.101319	0.108328	-0.103619	0.9887
3.6	0.993606	-0.0149034	-0.111918	0.0265123	0.994331	0.102967	0.109749	-0.105276	0.988368
3.63333	0.993475	-0.0145106	-0.113124	0.0267114	0.99389	0.107096	0.110879	-0.109419	0.987792
3.66667	0.993441	-0.0136992	-0.113523	0.0266346	0.993212	0.113225	0.111201	-0.115506	0.987063
3.7	0.993415	-0.0125738	-0.113884	0.0266414	0.992066	0.122861	0.111435	-0.125086	0.985868
3.73333	0.993218	-0.0120424	-0.11564	0.0275951	0.990617	0.133851	0.112943	-0.136134	0.984231
3.76667	0.992744	-0.0118451	-0.119664	0.0289695	0.989385	0.142399	0.116707	-0.144832	0.982549
3.8	0.992171	-0.0109081	-0.124409	0.0297561	0.988137	0.150667	0.12129	-0.153189	0.980725
3.83333	0.991146	-0.0081439	-0.132527	0.0290696	0.987212	0.156741	0.129556	-0.159206	0.978708
3.86667	0.989844	-0.00503562	-0.14207	0.0279197	0.986795	0.159548	0.13939	-0.161895	0.976914
3.9	0.98854	-0.00295929	-0.15093	0.0274418	0.986672	0.160389	0.148444	-0.162693	0.975446
3.93333	0.987037	-0.00265425	-0.160469	0.0278272	0.987549	0.154829	0.158061	-0.157287	0.974822
3.96667	0.985807	-0.00415876	-0.167831	0.029069	0.988821	0.146243	0.165347	-0.149046	0.974908
4	0.984938	-0.00624656	-0.172794	0.0304116	0.990027	0.137559	0.170211	-0.140742	0.975305
4.03333	0.984436	-0.00910594	-0.175506	0.0319216	0.991309	0.12762	0.172818	-0.131236	0.976172
4.06667	0.98439	-0.0115398	-0.175624	0.032732	0.992444	0.118255	0.172932	-0.122158	0.977329
4.1	0.984791	-0.0116763	-0.173351	0.0316143	0.993126	0.112704	0.170844	-0.11647	0.97839
4.13333	0.985646	-0.00953916	-0.168554	0.0286829	0.993349	0.11151	0.16637	-0.114744	0.979365
4.16667	0.986669	-0.00648074	-0.16261	0.025048	0.993348	0.112394	0.1608	-0.114969	0.980268
4.2	0.987999	-0.00298119	-0.154433	0.0211197	0.993031	0.115946	0.153011	-0.117816	0.981176
4.23333	0.989531	0.000413928	-0.144318	0.0171031	0.992613	0.120116	0.143302	-0.121327	0.982214
4.26667	0.990954	0.00461576	-0.134125	0.0122718	0.992105	0.12481	0.133642	-0.125327	0.983073
4.3	0.992474	0.00786854	-0.122205	0.00800195	0.991634	0.128836	0.122197	-0.128844	0.984107
4.33333	0.993824	0.0104983	-0.110466	0.00399859	0.99148	0.130201	0.110892	-0.129839	0.985315
4.36667	0.99511	0.0132135	-0.0978833	-0.000112841	0.991163	0.132652	0.0987711	-0.131992	0.986318
4.4	0.996044	0.0174654	-0.0871238	-0.0055022	0.990734	0.135705	0.0886867	-0.134689	0.986911
4.43333	0.9968	0.0223639	-0.0767447	-0.0113302	0.989902	0.141301	0.0791297	-0.13998	0.986987
4.46667	0.997389	0.0272252	-0.066882	-0.0171884	0.989091	0.146298	0.0701353	-0.144766	0.986977
4.5	0.99778	0.0290376	-0.0599322	-0.0201982	0.989495	0.143148	0.0634593	-0.14162	0.987885
4.53333	0.998171	0.0319072	-0.0513548	-0.0241513	0.989119	0.145125	0.0554265	-0.143619	0.98808
4.56667	0.99846	0.0336319	-0.0441109	-0.0269231	0.989106	0.144723	0.0484977	-0.143313	0.988488
4.6	0.998693	0.0341042	-0.0380751	-0.0284736	0.989783	0.139708	0.0424507	-0.138441	0.98946
4.63333	0.998899	0.0336953	-0.0326496	-0.0291088	0.990824	0.131989	0.0367974	-0.130893	0.990713
4.66667	0.999035	0.0337679	-0.0280985	-0.030019	0.991759	0.124549	0.0320727	-0.123585	0.991816
4.7	0.999026	0.0354998	-0.0262014	-0.0320157	0.991871	0.123151	0.0303603	-0.122192	0.992042
4.73333	0.999021	0.0352699	-0.0267132	-0.0318342	0.992308	0.119627	0.030727	-0.11866	0.992459
4.76667	0.998977	0.0341127	-0.0296793	-0.0306445	0.99342	0.110349	0.0332483	-0.109326	0.99345
4.8	0.998876	0.0339222	-0.0330988	-0.0305104	0.994656	0.098638	0.0362679	-0.0975173	0.994573
4.83333	0.998629	0.0384802	-0.0354836	-0.0348572	0.994614	0.0976086	0.0390485	-0.0962379	0.994592
4.86667	0.99821	0.0449209	-0.0394822	-0.0406318	0.993807	0.103428	0.0438837	-0.101639	0.993853
4.9	0.997757	0.0485561	-0.046073	-0.0433928	0.993299	0.107118	0.0509655	-0.104879	0.993178
4.93333	0.997282	0.0470803	-0.0566742	-0.0412112	0.994072	0.10061	0.061075	-0.0980005	0.99331
4.96667	0.996708	0.0424433	-0.069077	-0.0360456	0.995165	0.0913643	0.0726208	-0.0885736	0.993419
5	0.995998	0.0381387	-0.0808308	-0.0311396	0.995796	0.0861476	0.0837766	-0.0832858	0.992998
5.03333	0.995151	0.0352506	-0.0918303	-0.0273041	0.995887	0.0863972	0.0944981	-0.0834708	0.99202
5.06667	0.993849	0.0343603	-0.105283	-0.025098	0.995798	0.0880708	0.107867	-0.0848866	0.990535
5.1	0.992609	0.0374348	-0.115442	-0.0256067	0.994425	0.102291	0.118628	-0.0985783	0.988033
5.13333	0.991128	0.0405366	-0.126581	-0.0257345	0.992862	0.116456	0.130399	-0.112165	0.985097
5.16667	0.989631	0.0395874	-0.138071	-0.0225648	0.992182	0.122742	0.141851	-0.118354	0.982787
5.2	0.988299	0.0358136	-0.148263	-0.0178451	0.992517	0.120794	0.15148	-0.116735	0.981543
5.23333	0.98724	0.030614	-0.156271	-0.0128793	0.993482	0.113262	0.15872	-0.109804	0.981199
5.26667	0.986581	0.0256129	-0.161253	-0.00867396	0.994446	0.104886	0.163044	-0.10208	0.981324
5.3	0.98627	0.0210275	-0.163798	-0.00495503	0.995182	0.0979208	0.165068	-0.0957647	0.981622
5.33333	0.986422	0.0171156	-0.163335	-0.00171913	0.995576	0.0939425	0.164221	-0.0923862	0.982088
5.36667	0.987128	0.0137517	-0.159343	0.00120165	0.995631	0.0933696	0.159931	-0.0923592	0.982798
5.4	0.988148	0.0102944	-0.153158	0.00443693	0.995416	0.0955328	0.153439	-0.0950801	0.983573
5.43333	0.989279	0.00561575	-0.14593	0.00860005	0.995286	0.0966019	0.145785	-0.0968213	0.984567
5.46667	0.990194	-0.00152237	-0.13969	0.0144564	0.995689	0.0916226	0.138949	-0.0927436	0.985947
5.5	0.990823	-0.00870304	-0.134888	0.0199645	0.996403	0.0823607	0.133686	-0.0842978	0.987432
5.53333	0.991398	-0.0148599	-0.130037	0.0245732	0.996999	0.073413	0.128556	-0.0759769	0.988788
5.56667	0.991895	-0.0195135	-0.125554	0.0277121	0.997572	0.0638871	0.124003	-0.0668487	0.990028
5.6	0.99259	-0.0234311	-0.119228	0.0300607	0.998082	0.0541129	0.117731	-0.057296	0.991391
5.63333	0.993934	-0.020563	-0.108035	0.0272301	0.99779	0.060605	0.10655	-0.0631792	0.992298
5.66667	0.995185	-0.0187592	-0.0962061	0.0248545	0.997732	0.0625558	0.0948144	-0.0646457	0.993394
5.7	0.996251	-0.0190717	-0.0843756	0.0237333	0.998227	0.0545946	0.0831847	-0.0563924	0.994937
5.73333	0.996923	-0.0222399	-0.0751617	0.0252377	0.998914	0.0391733	0.0742088	-0.0409497	0.996402
5.76667	0.997027	-0.0280763	-0.0717524	0.029634	0.999346	0.0207373	0.0711232	-0.022802	0.997207
5.8	0.997002	-0.0289493	-0.0717564	0.0302304	0.999401	0.0168325	0.0712262	-0.0189512	0.99728
5.83333	0.996971	-0.0253006	-0.0735471	0.0275395	0.999183	0.0295886	0.0727384	-0.0315244	0.996853
5.86667	0.996895	-0.0190252	-0.0764092	0.0226445	0.998648	0.046783	0.0754159	-0.048368	0.995978
5.9	0.996642	-0.0151358	-0.080473	0.0198899	0.998083	0.0586078	0.0794316	-0.0600116	0.995032
5.93333	0.996274	-0.0133227	-0.0852129	0.0190157	0.997615	0.0663498	0.0841258	-0.0677229	0.994151
5.96667	0.995949	-0.0138012	-0.0888533	0.0200087	0.997391	0.069355	0.0876644	-0.0708519	0.993627
6	0.995624	-0.0153299	-0.0921823	0.0219081	0.997251	0.0707777	0.0908439	-0.0724876	0.993224
6.03333	0.995329	-0.0159943	-0.0952039	0.0232233	0.996889	0.0753151	0.0937032	-0.0771743	0.992605
6.06667	0.994978	-0.0170071	-0.0986394	0.0250704	0.996391	0.0810918	0.0969043	-0.0831575	0.991814
6.1	0.994499	-0.0194491	-0.102923	0.0284487	0.995827	0.086708	0.100808	-0.0891591	0.990903
6.13333	0.993943	-0.0197711	-0.108108	0.0304797	0.994688	0.0983174	0.10559	-0.101017	0.989266
6.16667	0.993256	-0.019124	-0.11435	0.0317164	0.993498	0.109339	0.111515	-0.112228	0.987405
6.2	0.992212	-0.0170779	-0.12338	0.0317253	0.992537	0.117748	0.120449	-0.120745	0.985349
6.23333	0.99095	-0.0139185	-0.133507	0.0305857	0.991859	0.123617	0.1307	-0.126581	0.983308
6.26667	0.989518	-0.0110468	-0.143985	0.0294344	0.991567	0.126209	0.141377	-0.129124	0.981499
6.3	0.988123	-0.0099464	-0.153342	0.0294912	0.991628	0.125717	0.150808	-0.128746	0.980144
6.33333	0.986841	-0.0113061	-0.161297	0.0313775	0.99198	0.12244	0.158619	-0.12589	0.979281
6.36667	0.985666	-0.0148405	-0.168052	0.034765	0.992611	0.116249	0.165085	-0.120425	0.9789
6.4	0.984886	-0.018858	-0.172177	0.0379731	0.993381	0.108412	0.168993	-0.113311	0.979082
6.43333	0.984677	-0.021393	-0.173072	0.0396247	0.993935	0.102583	0.169828	-0.107869	0.979552
6.46667	0.985058	-0.0211365	-0.17092	0.0389184	0.994088	0.101365	0.167767	-0.106502	0.980057
6.5	0.986024	-0.0186918	-0.16555	0.0362776	0.993931	0.103849	0.162604	-0.108404	0.980718
6.53333	0.987424	-0.0152929	-0.15735	0.0327014	0.993542	0.10865	0.154672	-0.112429	0.981548
6.56667	0.989148	-0.0112722	-0.146487	0.0282304	0.993056	0.114209	0.144182	-0.117105	0.982598
6.6	0.99078	-0.00805771	-0.135238	0.0243125	0.992599	0.118977	0.133279	-0.121168	0.983644
6.63333	0.992522	-0.00533427	-0.121952	0.0205051	0.992134	0.123487	0.120334	-0.125064	0.984824
6.66667	0.99423	-0.00336427	-0.107213	0.0170027	0.991814	0.12655	0.10591	-0.127643	0.986149
6.7	0.995636	-0.00191451	-0.0933004	0.0135617	0.992144	0.124362	0.0923294	-0.125085	0.987841
6.73333	0.996904	0.00240485	-0.0785934	0.0076366	0.991846	0.127214	0.0782584	-0.127421	0.988757
6.76667	0.997918	0.00974158	-0.0637501	-0.00102879	0.990804	0.1353	0.0644819	-0.134952	0.988752
6.8	0.998544	0.0173862	-0.0510605	-0.00985783	0.989507	0.144148	0.0530309	-0.143435	0.988238
6.83333	0.998904	0.0245562	-0.0398463	-0.0182719	0.988359	0.151041	0.0430915	-0.150147	0.987724
6.86667	0.9991	0.0294261	-0.0305491	-0.0244562	0.988088	0.151932	0.0346559	-0.151048	0.987919
6.9	0.999181	0.0329207	-0.0235486	-0.0290995	0.988647	0.147413	0.0281342	-0.146606	0.988795
6.93333	0.999199	0.0351126	-0.0191851	-0.0320949	0.989669	0.13973	0.0238932	-0.139002	0.990004
6.96667	0.999163	0.0375954	-0.0161513	-0.0351115	0.990444	0.133368	0.021011	-0.132689	0.990935
7	0.999081	0.0404799	-0.0140802	-0.0383201	0.990833	0.129544	0.019195	-0.128886	0.991474
7.03333	0.998963	0.0436825	-0.0128353	-0.0416785	0.990851	0.128362	0.018325	-0.127694	0.991644
7.06667	0.998862	0.0461046	-0.0121844	-0.0441734	0.99081	0.127845	0.0179666	-0.127161	0.991719
7.1	0.998823	0.0471398	-0.0113955	-0.0453131	0.99085	0.127132	0.0172842	-0.126466	0.99182
7.13333	0.998804	0.0477539	-0.0105017	-0.046045	0.990892	0.126545	0.0164491	-0.12591	0.991905
7.16667	0.998761	0.0487291	-0.0100658	-0.047073	0.990886	0.126208	0.016124	-0.125577	0.991953
7.2	0.998732	0.0489524	-0.0117601	-0.0470505	0.990666	0.127938	0.0179132	-0.127222	0.991712
7.23333	0.998774	0.046649	-0.0165818	-0.0442483	0.991336	0.123673	0.0222074	-0.122788	0.992184
7.26667	0.998826	0.042424	-0.0233881	-0.0395892	0.993073	0.110631	0.0279195	-0.109575	0.993586
7.3	0.998804	0.0397562	-0.0284549	-0.0367224	0.994291	0.100186	0.0322754	-0.0990212	0.994562
7.33333	0.998641	0.0411712	-0.0319557	-0.037707	0.994036	0.102325	0.035978	-0.100981	0.994238
7.36667	0.998421	0.0428725	-0.0362846	-0.038622	0.993106	0.110677	0.0407794	-0.109101	0.993194
7.4	0.998202	0.0419456	-0.0428241	-0.0368155	0.992769	0.114257	0.047307	-0.112475	0.992528
7.43333	0.997982	0.0387639	-0.0502987	-0.0327729	0.992836	0.114902	0.0543925	-0.113022	0.992103
7.46667	0.997678	0.0344395	-0.0587523	-0.027573	0.993107	0.113922	0.0622707	-0.112038	0.991751
7.5	0.997268	0.0317043	-0.066724	-0.0238048	0.992961	0.116022	0.0699328	-0.114116	0.991003
7.53333	0.996669	0.0320205	-0.075003	-0.0227045	0.99228	0.121921	0.0783279	-0.119812	0.989702
7.56667	0.995897	0.0351561	-0.0833912	-0.024083	0.991188	0.130255	0.0872356	-0.127712	0.987967
7.6	0.994847	0.0402263	-0.0930707	-0.0268408	0.989668	0.140842	0.0977746	-0.137618	0.985648
7.63333	0.993534	0.044639	-0.104395	-0.0287171	0.988371	0.149323	0.109846	-0.145359	0.983262
7.66667	0.991852	0.0469439	-0.118427	-0.0280233	0.987258	0.156644	0.124271	-0.152049	0.980529
7.7	0.989905	0.0463156	-0.13395	-0.0246171	0.98692	0.159322	0.139577	-0.154416	0.978097
7.73333	0.987817	0.0422977	-0.149764	-0.0189406	0.987877	0.154076	0.154466	-0.149363	0.976643
7.76667	0.985747	0.0346323	-0.164633	-0.0114639	0.990135	0.139645	0.167845	-0.135767	0.97642
7.8	0.98386	0.0259658	-0.177048	-0.00412638	0.992445	0.122621	0.178894	-0.119912	0.976534
7.83333	0.982346	0.0192929	-0.186076	0.000977878	0.994125	0.108236	0.187071	-0.106507	0.976556
7.86667	0.981467	0.0157958	-0.190978	0.00326969	0.995072	0.0991057	0.191602	-0.0978934	0.976578
7.9	0.981206	0.0135295	-0.192489	0.00419503	0.995808	0.0913768	0.192918	-0.0904669	0.977036
7.93333	0.981701	0.0136717	-0.189936	0.0033553	0.996023	0.089036	0.190398	-0.0880441	0.977751
7.96667	0.982772	0.0155583	-0.184168	0.00152675	0.995733	0.0922651	0.184818	-0.0909567	0.978555
8	0.984437	0.0187182	-0.174736	-0.000870891	0.994819	0.101661	0.175734	-0.0999268	0.979353
8.03333	0.98642	0.0204452	-0.162964	-0.0019519	0.993611	0.112842	0.16423	-0.110991	0.980158
8.06667	0.988604	0.0225087	-0.148845	-0.00318585	0.991665	0.128802	0.150504	-0.12686	0.980436
8.1	0.990735	0.0238341	-0.133701	-0.0037982	0.988958	0.14815	0.135756	-0.14627	0.979885
8.13333	0.992343	0.0226998	-0.121409	-0.00220488	0.986066	0.166342	0.123493	-0.164801	0.978565
8.16667	0.993627	0.0181128	-0.111254	0.00183659	0.984272	0.176648	0.112704	-0.175727	0.977966
8.2	0.994342	0.00789093	-0.105934	0.0100078	0.985843	0.167372	0.105755	-0.167485	0.980186
8.23333	0.9944	-0.00731087	-0.105433	0.0218546	0.990267	0.137457	0.103402	-0.138991	0.98488
8.26667	0.994207	-0.019704	-0.10566	0.0311214	0.993715	0.107524	0.102877	-0.110189	0.988572
8.3	0.99394	-0.0275103	-0.106423	0.0365842	0.995771	0.0842728	0.103654	-0.0876555	0.990743
8.33333	0.993851	-0.0299718	-0.106588	0.0375936	0.996822	0.0702317	0.104145	-0.0738069	0.99182
8.36667	0.994116	-0.0296355	-0.104184	0.0364793	0.997257	0.0644097	0.10199	-0.0678313	0.99247
8.4	0.994722	-0.0286674	-0.0985244	0.0349097	0.997451	0.0622299	0.0964893	-0.0653408	0.993187
8.43333	0.994994	-0.0289944	-0.0956338	0.0353616	0.997221	0.0655706	0.0934669	-0.0686241	0.993255
8.46667	0.995115	-0.0259236	-0.0952595	0.0333884	0.996423	0.0776238	0.0929065	-0.0804251	0.992421
8.5	0.995488	-0.0161388	-0.093504	0.0264797	0.993531	0.110432	0.0911169	-0.11241	0.989476
8.53333	0.995421	-0.00776679	-0.0952739	0.0204225	0.990961	0.13259	0.0933829	-0.133929	0.986581
8.56667	0.995047	-0.00287076	-0.0993671	0.0173768	0.989216	0.14543	0.097878	-0.146436	0.984366
8.6	0.994216	-0.00143321	-0.107391	0.0176208	0.988538	0.149939	0.105945	-0.150964	0.982846
8.63333	0.992969	-0.00399427	-0.118309	0.021106	0.98939	0.143739	0.11648	-0.145226	0.982518
8.66667	0.991289	-0.00889912	-0.131407	0.0266698	0.990609	0.134102	0.12898	-0.136438	0.982216
8.7	0.98958	-0.01234	-0.143457	0.0311503	0.991073	0.129627	0.140577	-0.132745	0.98113
8.73333	0.987696	-0.0113901	-0.155973	0.0328847	0.990172	0.135933	0.152892	-0.13939	0.978363
8.76667	0.985627	-0.00761467	-0.168763	0.0327694	0.988627	0.146775	0.165726	-0.150196	0.974667
8.8	0.982865	-0.00706023	-0.18419	0.034711	0.988478	0.147334	0.181027	-0.151203	0.971785
8.83333	0.980353	-0.00787672	-0.197091	0.0370733	0.988753	0.144891	0.193733	-0.149351	0.969619
8.86667	0.977774	-0.0120634	-0.209315	0.0409123	0.99013	0.13405	0.205632	-0.139634	0.968616
8.9	0.975707	-0.0170254	-0.218418	0.0442642	0.991734	0.120431	0.214562	-0.127173	0.968396
8.93333	0.974499	-0.0214372	-0.223367	0.0469664	0.992864	0.109615	0.219423	-0.117311	0.968551
8.96667	0.974393	-0.0246053	-0.223503	0.0488912	0.993397	0.103785	0.219474	-0.112055	0.969162
9	0.975201	-0.0249426	-0.21991	0.0488638	0.993374	0.104018	0.215859	-0.112184	0.969959
9.03333	0.976943	-0.0220495	-0.212361	0.0464399	0.992784	0.110561	0.208391	-0.117873	0.970917
9.06667	0.979407	-0.0167234	-0.201202	0.0421104	0.991566	0.122568	0.197455	-0.128517	0.971851
9.1	0.982321	-0.0108653	-0.186887	0.0368037	0.99004	0.13589	0.183549	-0.140365	0.972937
9.13333	0.985436	-0.00524	-0.169966	0.0309483	0.988358	0.148962	0.167207	-0.152053	0.974126
9.16667	0.988406	-1.80538e-05	-0.151834	0.0245565	0.986854	0.15974	0.149835	-0.161616	0.975413
9.2	0.991124	0.00483238	-0.132851	0.0177766	0.985546	0.16847	0.131745	-0.169336	0.976713
9.23333	0.993462	0.00883372	-0.11382	0.0111743	0.98469	0.173957	0.113614	-0.174091	0.978153
9.26667	0.99544	0.0131831	-0.094476	0.00379622	0.984145	0.177326	0.0953157	-0.176876	0.979607
9.3	0.996804	0.0158412	-0.078306	-0.00198133	0.984745	0.173992	0.0798677	-0.17328	0.981629
9.33333	0.997883	0.0207156	-0.0616527	-0.00969789	0.984715	0.173902	0.0643129	-0.172936	0.982831
9.36667	0.998585	0.0268476	-0.0459124	-0.0183761	0.984242	0.175867	0.0499105	-0.174774	0.983343
9.4	0.998999	0.0326203	-0.0305994	-0.0266214	0.983441	0.179264	0.0359403	-0.17827	0.983325
9.43333	0.999092	0.0392241	-0.0166589	-0.0354752	0.982121	0.184878	0.0236128	-0.18412	0.98262
9.46667	0.999029	0.0437635	-0.00505414	-0.0420352	0.981281	0.187938	0.0131843	-0.187543	0.982168
9.5	0.998782	0.0491577	0.00414451	-0.0490421	0.980308	0.191289	0.00534041	-0.191259	0.981525
9.53333	0.998593	0.0520258	0.0102948	-0.0530343	0.980288	0.190322	-0.000190246	-0.1906	0.981668
9.56667	0.998498	0.0530986	0.0134905	-0.0546792	0.981209	0.185038	-0.0034117	-0.185498	0.982639
9.6	0.998485	0.053002	0.0147611	-0.0547821	0.982612	0.177404	-0.00510163	-0.177944	0.984027
9.63333	0.998555	0.0517111	0.0146037	-0.0534287	0.984429	0.167465	-0.00571648	-0.168004	0.98577
9.66667	0.998605	0.0511491	0.0131103	-0.0526034	0.985228	0.162967	-0.004581	-0.163429	0.986544
9.7	0.998714	0.0498544	0.00917026	-0.0506796	0.985821	0.159967	-0.00106517	-0.160226	0.98708
9.73333	0.998884	0.0471868	0.00192833	-0.0469388	0.987479	0.150604	0.00520233	-0.150526	0.988592
9.76667	0.998931	0.0458678	-0.00583038	-0.044591	0.989027	0.140846	0.0122267	-0.140435	0.990014
9.8	0.998715	0.0488642	-0.0134137	-0.0464687	0.988762	0.142093	0.0202062	-0.141287	0.989762
9.83333	0.998295	0.0543314	-0.0213475	-0.0505133	0.987306	0.150585	0.029258	-0.14925	0.988367
9.86667	0.99787	0.0568795	-0.0319269	-0.051295	0.986651	0.154556	0.0402918	-0.15259	0.987468
9.9	0.997447	0.055091	-0.0454392	-0.047667	0.987414	0.150802	0.0531751	-0.148251	0.987519
9.93333	0.996867	0.050947	-0.0605016	-0.0419215	0.98897	0.14206	0.0670719	-0.139079	0.988007
9.96667	0.996026	0.0467522	-0.0758036	-0.0363028	0.990344	0.133796	0.0813269	-0.130512	0.988106
10	0.994923	0.0422705	-0.0913348	-0.0306052	0.991616	0.125542	0.0958758	-0.122109	0.987875
10.0333	0.993694	0.0393625	-0.104992	-0.026258	0.99201	0.123396	0.109011	-0.119861	0.986788
10.0667	0.992289	0.0381455	-0.117931	-0.0228755	0.991482	0.128223	0.121817	-0.124536	0.984709
10.1	0.99079	0.038526	-0.129812	-0.0204595	0.990258	0.137735	0.133854	-0.13381	0.981926
10.1333	0.989148	0.0396463	-0.141474	-0.0184338	0.988784	0.14821	0.145763	-0.143994	0.978784
10.1667	0.987266	0.0402185	-0.153908	-0.0160518	0.987761	0.15515	0.158264	-0.150704	0.975828
10.2	0.985414	0.0395481	-0.165512	-0.0129903	0.987264	0.158559	0.169675	-0.154097	0.973378
10.2333	0.983828	0.0368732	-0.175278	-0.00910647	0.987612	0.15665	0.178883	-0.152521	0.971977
10.2667	0.982701	0.0327853	-0.182274	-0.00534904	0.98882	0.149019	0.185121	-0.145466	0.97189
10.3	0.982141	0.028942	-0.185909	-0.00252017	0.990033	0.140813	0.188131	-0.137829	0.972425
10.3333	0.982271	0.0273615	-0.185461	-0.00179508	0.990619	0.136641	0.18746	-0.133886	0.973105
10.3667	0.983053	0.0278476	-0.181196	-0.00284298	0.990592	0.136818	0.183301	-0.133984	0.973883
10.4	0.98422	0.0270351	-0.174872	-0.0029124	0.990601	0.136754	0.176926	-0.134087	0.975048
10.4333	0.985912	0.0282	-0.164871	-0.00405584	0.989426	0.144981	0.167216	-0.14227	0.975601
10.4667	0.987773	0.0295666	-0.153069	-0.00539732	0.987748	0.155963	0.155805	-0.15323	0.975831
10.5	0.989624	0.0300839	-0.140493	-0.00634414	0.986029	0.166451	0.143538	-0.163833	0.97599
10.5333	0.991141	0.0280299	-0.129819	-0.005624	0.985456	0.169837	0.132692	-0.167602	0.976884
10.5667	0.992413	0.0247103	-0.120438	-0.00455396	0.98631	0.164837	0.122862	-0.163038	0.97894
10.6	0.993444	0.0188585	-0.112753	-0.00146789	0.988323	0.152369	0.11431	-0.151205	0.981871
10.6333	0.994448	0.0128869	-0.104433	0.00168611	0.990393	0.138269	0.105212	-0.137677	0.984873
10.6667	0.995163	0.00581328	-0.098065	0.00596555	0.992829	0.119393	0.0980559	-0.119401	0.987992
10.7	0.99573	-0.00106515	-0.0923036	0.010422	0.994837	0.100947	0.0917195	-0.101478	0.990601
10.7333	0.996099	-0.00790502	-0.087892	0.0151653	0.996497	0.0822465	0.0869339	-0.0832585	0.992729
10.7667	0.996268	-0.0140056	-0.0851749	0.0196957	0.997603	0.0663353	0.0840416	-0.0677652	0.994155
10.8	0.996278	-0.0189946	-0.0840852	0.0236517	0.99822	0.0547404	0.0828958	-0.0565254	0.994954
10.8333	0.996282	-0.0214406	-0.0834434	0.0256682	0.998423	0.0499258	0.0822413	-0.051882	0.995261
10.8667	0.996349	-0.0210679	-0.082736	0.0253858	0.998351	0.0514888	0.0815148	-0.0534012	0.99524
10.9	0.996466	-0.0190745	-0.0818054	0.0237776	0.998096	0.0569071	0.0805642	-0.0586511	0.995022
10.9333	0.996565	-0.0176771	-0.0809048	0.022806	0.997758	0.0629162	0.0796113	-0.0645452	0.994734
10.9667	0.9965	-0.0162487	-0.0819927	0.0220107	0.997313	0.0698668	0.0806372	-0.071427	0.994181
11	0.996407	-0.0134159	-0.0836271	0.0199979	0.996724	0.0783727	0.0823017	-0.0797634	0.99341
11.0333	0.996172	-0.0118423	-0.0866121	0.0188791	0.996545	0.0808833	0.085355	-0.0822088	0.992953
11.0667	0.996046	-0.0103731	-0.0882282	0.0177181	0.996402	0.0828792	0.0870511	-0.0841147	0.992646
11.1	0.995908	-0.00929181	-0.0898908	0.017124	0.996082	0.0867557	0.0887325	-0.08794	0.992166
11.1333	0.99587	-0.00840877	-0.090403	0.0172255	0.995116	0.097194	0.0891442	-0.0983499	0.991151
11.1667	0.995779	-0.00816911	-0.0914211	0.0179339	0.99415	0.106505	0.0900162	-0.107695	0.9901
11.2	0.995623	-0.00846134	-0.0930773	0.019215	0.99315	0.115254	0.0914645	-0.116538	0.988966
11.2333	0.995309	-0.0080421	-0.0964167	0.0201599	0.991904	0.125376	0.0946278	-0.126732	0.987413
11.2667	0.994676	-0.00710966	-0.102809	0.0210752	0.990567	0.135401	0.100876	-0.136847	0.985442
11.3	0.993534	-0.00643872	-0.113348	0.0226955	0.989502	0.142725	0.111239	-0.144374	0.983251
11.3333	0.992106	-0.0054634	-0.125281	0.0240606	0.988782	0.147418	0.12307	-0.149268	0.981108
11.3667	0.990269	-0.00355307	-0.139119	0.0248039	0.988173	0.151321	0.136936	-0.153299	0.978646
11.4	0.987966	-0.00124158	-0.154666	0.0252731	0.987824	0.153508	0.152593	-0.15557	0.975968
11.4333	0.985853	-0.00202987	-0.167601	0.0281377	0.987741	0.153547	0.165234	-0.156091	0.973824
11.4667	0.983667	-0.00585998	-0.1799	0.0331278	0.98829	0.148946	0.176921	-0.152473	0.972343
11.5	0.981738	-0.010007	-0.189974	0.0379157	0.988873	0.143849	0.186421	-0.148425	0.971194
11.5333	0.980228	-0.0142272	-0.197358	0.0424767	0.989289	0.139655	0.193257	-0.145277	0.970333
11.5667	0.979677	-0.0183587	-0.19974	0.046566	0.989413	0.137455	0.195101	-0.143963	0.97016
11.6	0.979398	-0.0188167	-0.20106	0.0471498	0.989438	0.137075	0.196358	-0.143731	0.969941
11.6333	0.979817	-0.0180038	-0.199083	0.0464095	0.989211	0.138953	0.194434	-0.145388	0.970081
11.6667	0.980846	-0.015824	-0.19414	0.044181	0.988791	0.142619	0.189707	-0.148465	0.970551
11.7	0.982489	-0.0125573	-0.1859	0.0407355	0.988066	0.148547	0.181816	-0.153518	0.971275
11.7333	0.984291	-0.00813134	-0.176369	0.0360232	0.987174	0.155528	0.172842	-0.159438	0.971959
11.7667	0.986227	-0.00241533	-0.165381	0.0298148	0.98611	0.163395	0.162689	-0.166075	0.9726
11.8	0.988224	0.00354223	-0.152973	0.0228608	0.985093	0.170495	0.151296	-0.171984	0.973412
11.8333	0.990279	0.00984541	-0.138749	0.0148415	0.984319	0.175773	0.138303	-0.176123	0.974604
11.8667	0.992222	0.0158754	-0.123463	0.0066163	0.983706	0.179661	0.124304	-0.179081	0.97595
11.9	0.993895	0.020533	-0.108403	-0.000794629	0.983837	0.179067	0.110328	-0.177887	0.977847
11.9333	0.995437	0.024389	-0.0922483	-0.00757624	0.983932	0.178382	0.0951166	-0.17687	0.979627
11.9667	0.99654	0.0290694	-0.0778683	-0.0149054	0.984161	0.176647	0.08177	-0.174875	0.981189
12	0.997269	0.0339217	-0.0656079	-0.0218916	0.984134	0.176072	0.0705397	-0.174154	0.982189
12.0333	0.997761	0.0383481	-0.0547909	-0.0282308	0.984207	0.174753	0.0606271	-0.172815	0.983087
12.0667	0.998138	0.0410679	-0.0451072	-0.0328223	0.984837	0.170351	0.0514191	-0.168553	0.984351
12.1	0.998439	0.0449784	-0.0331088	-0.0385989	0.984166	0.172993	0.0403656	-0.171445	0.984366
12.1333	0.998593	0.0471972	-0.0241903	-0.042432	0.984624	0.169456	0.0318162	-0.168191	0.985241
12.1667	0.998585	0.0496194	-0.0191209	-0.0457078	0.984689	0.168223	0.0271752	-0.167111	0.985564
12.2	0.998667	0.0482928	-0.018246	-0.0447517	0.986038	0.160394	0.0257372	-0.159363	0.986884
12.2333	0.998783	0.0431823	-0.023845	-0.0395477	0.989899	0.13615	0.0294834	-0.135041	0.990401
12.2667	0.998795	0.0394761	-0.0291476	-0.0358339	0.99256	0.116361	0.0335242	-0.115176	0.992779
12.3	0.998401	0.0454433	-0.0336278	-0.0409303	0.991375	0.124496	0.0389953	-0.122921	0.99165
12.3333	0.997721	0.0542402	-0.0401283	-0.047966	0.988485	0.143514	0.0474505	-0.141262	0.988834
12.3667	0.996941	0.0576325	-0.0527979	-0.0492011	0.98761	0.149017	0.0607319	-0.145963	0.987424
12.4	0.995918	0.0536331	-0.0726072	-0.0434319	0.989834	0.135432	0.0791328	-0.131726	0.988123
