0	0.0520866	0.998621	0.00659298	0.0299328	0.00503779	-0.999539	-0.998194	0.05226	-0.0296291
0.0333333	0.998468	0.0350451	-0.0428245	-0.0473276	0.139809	-0.989047	-0.028674	0.989558	0.141253
0.0666667	0.975906	-0.21392	-0.0429595	-0.110234	-0.31348	-0.943175	0.188297	0.925186	-0.329508
0.1	0.961387	-0.27434	-0.0217258	-0.153937	-0.470651	-0.868787	0.228118	0.838585	-0.494709
0.133333	0.953868	-0.300031	-0.0108426	-0.166106	-0.497319	-0.851518	0.25009	0.814037	-0.524213
0.166667	0.946661	-0.322221	-0.00237371	-0.167187	-0.484858	-0.858464	0.275464	0.813072	-0.512868
0.2	0.939365	-0.342744	0.0109473	-0.163415	-0.475485	-0.864413	0.301478	0.81021	-0.502663
0.233333	0.934076	-0.355599	0.0324281	-0.155733	-0.487425	-0.859165	0.321325	0.797475	-0.51067
0.266667	0.930109	-0.362413	0.0596091	-0.149247	-0.521237	-0.84026	0.335592	0.772638	-0.538896
0.3	0.928478	-0.359106	0.0947234	-0.142501	-0.580002	-0.802054	0.342962	0.731191	-0.589692
0.333333	0.928905	-0.344526	0.135785	-0.134219	-0.654964	-0.743644	0.345139	0.67255	-0.654642
0.366667	0.928876	-0.324579	0.178432	-0.124353	-0.727062	-0.675217	0.348893	0.605004	-0.715712
0.4	0.926617	-0.304965	0.21995	-0.115789	-0.787968	-0.60473	0.357735	0.534885	-0.765456
0.433333	0.922118	-0.288892	0.257369	-0.107103	-0.829796	-0.547693	0.371788	0.477473	-0.796111
0.466667	0.915531	-0.277784	0.290927	-0.0995106	-0.857184	-0.505306	0.389744	0.433673	-0.812421
0.5	0.907041	-0.272581	0.320899	-0.0955645	-0.875544	-0.473593	0.410053	0.398902	-0.820204
0.533333	0.898443	-0.269277	0.346828	-0.0939704	-0.889496	-0.447177	0.428916	0.369172	-0.824465
0.566667	0.891273	-0.265448	0.367655	-0.0931674	-0.900659	-0.42442	0.443793	0.344021	-0.827464
0.6	0.885554	-0.26173	0.383786	-0.0931366	-0.909428	-0.405297	0.455104	0.323168	-0.829724
0.633333	0.881396	-0.256112	0.396923	-0.093842	-0.918451	-0.384242	0.462963	0.301421	-0.833553
0.666667	0.878494	-0.251048	0.406477	-0.0946752	-0.925415	-0.366938	0.468279	0.283869	-0.83674
0.7	0.877268	-0.244933	0.412807	-0.0937238	-0.930865	-0.353139	0.470763	0.271107	-0.839573
0.733333	0.877514	-0.241124	0.414522	-0.0951272	-0.934743	-0.342355	0.470021	0.260989	-0.843187
0.766667	0.881394	-0.235597	0.409437	-0.0972762	-0.938697	-0.330735	0.462258	0.25168	-0.850279
0.8	0.887996	-0.229447	0.398519	-0.097757	-0.941007	-0.323959	0.449341	0.248716	-0.85804
0.833333	0.894144	-0.218219	0.391007	-0.0956286	-0.946128	-0.309349	0.437449	0.239211	-0.866843
0.866667	0.899321	-0.203187	0.387217	-0.0841881	-0.949378	-0.302645	0.429109	0.239576	-0.870901
0.9	0.903875	-0.19164	0.382471	-0.0684244	-0.947302	-0.312949	0.422289	0.256697	-0.869355
0.933333	0.908523	-0.183277	0.375493	-0.059779	-0.946435	-0.317313	0.413536	0.26584	-0.870814
0.966667	0.913674	-0.174779	0.366949	-0.0552164	-0.947827	-0.313968	0.402679	0.266603	-0.875656
1	0.91931	-0.161959	0.358663	-0.0476927	-0.950521	-0.306977	0.390634	0.265101	-0.881548
1.03333	0.925346	-0.146963	0.349482	-0.0375021	-0.952773	-0.30136	0.377265	0.265756	-0.887155
1.06667	0.932142	-0.130213	0.33787	-0.0271378	-0.955601	-0.293413	0.361075	0.264334	-0.894289
1.1	0.938745	-0.114274	0.325114	-0.0198704	-0.959799	-0.279984	0.344039	0.256373	-0.903277
1.13333	0.944592	-0.100293	0.312549	-0.0127743	-0.962689	-0.270307	0.327998	0.251338	-0.91063
1.16667	0.950359	-0.0867808	0.298809	-0.00411883	-0.963745	-0.266793	0.311128	0.252319	-0.916261
1.2	0.955742	-0.0741758	0.284701	0.00459668	-0.963812	-0.266542	0.294169	0.256054	-0.920815
1.23333	0.960136	-0.0653228	0.271793	0.00937985	-0.964236	-0.26488	0.279375	0.25687	-0.925185
1.26667	0.964463	-0.0587587	0.257603	0.0112281	-0.964964	-0.262144	0.263981	0.25572	-0.930011
1.3	0.969317	-0.0536261	0.239895	0.0119426	-0.964488	-0.263857	0.245525	0.258626	-0.934254
1.33333	0.973739	-0.0520097	0.221645	0.00971743	-0.963174	-0.268703	0.227458	0.263801	-0.937375
1.36667	0.977411	-0.0532745	0.204524	0.00456588	-0.962161	-0.272444	0.211299	0.267223	-0.940183
1.4	0.980831	-0.0565928	0.186462	-0.00357447	-0.961962	-0.273161	0.194828	0.267258	-0.943724
1.43333	0.983974	-0.0598589	0.167964	-0.0115069	-0.961323	-0.275184	0.17794	0.268842	-0.946605
1.46667	0.986548	-0.0629909	0.15085	-0.0189407	-0.96061	-0.277254	0.162373	0.270667	-0.948881
1.5	0.988623	-0.0676613	0.13434	-0.0277504	-0.95983	-0.279207	0.147835	0.272302	-0.950787
1.53333	0.990292	-0.0724158	0.118651	-0.0363097	-0.958705	-0.282073	0.134178	0.275027	-0.952028
1.56667	0.991443	-0.0780489	0.104637	-0.0453055	-0.957482	-0.284915	0.122425	0.277736	-0.952825
1.6	0.992141	-0.0841877	0.0925625	-0.0540485	-0.955565	-0.289783	0.112846	0.282503	-0.952606
1.63333	0.992601	-0.0896117	0.0819311	-0.0619774	-0.954174	-0.292763	0.104411	0.285519	-0.952669
1.66667	0.992753	-0.0960078	0.0722734	-0.070501	-0.952362	-0.296709	0.0973168	0.289463	-0.952229
1.7	0.992645	-0.102834	0.0638846	-0.0791159	-0.950456	-0.300622	0.0916337	0.293357	-0.951601
1.73333	0.992382	-0.110297	0.0548867	-0.0882561	-0.947306	-0.307933	0.0859587	0.300744	-0.949823
1.76667	0.99203	-0.116717	0.0474659	-0.096206	-0.944921	-0.312839	0.0813652	0.305779	-0.94862
1.8	0.991633	-0.122798	0.0398037	-0.103753	-0.94164	-0.320233	0.0768048	0.313424	-0.946502
1.83333	0.991359	-0.127152	0.0322522	-0.109581	-0.937871	-0.329226	0.0721104	0.322847	-0.9437
1.86667	0.991255	-0.129474	0.0255036	-0.113209	-0.933662	-0.339793	0.0678063	0.333935	-0.940154
1.9	0.991114	-0.131712	0.0185978	-0.116994	-0.929684	-0.349286	0.0632953	0.344006	-0.936832
1.93333	0.991052	-0.13301	0.0111814	-0.120337	-0.926582	-0.35632	0.0577545	0.351786	-0.934297
1.96667	0.991118	-0.132926	0.00388352	-0.122443	-0.923575	-0.36334	0.0518839	0.359638	-0.931648
2	0.991396	-0.130837	-0.00399756	-0.123026	-0.920904	-0.369865	0.0447108	0.367174	-0.929077
2.03333	0.991571	-0.129119	-0.0107168	-0.123631	-0.918181	-0.376376	0.0387574	0.374528	-0.926405
2.06667	0.991849	-0.126317	-0.0167034	-0.123068	-0.915768	-0.382392	0.0330064	0.381331	-0.923849
2.1	0.992178	-0.122706	-0.0229396	-0.121941	-0.913369	-0.388442	0.0267119	0.388201	-0.921188
2.13333	0.992521	-0.118609	-0.0288775	-0.120288	-0.90993	-0.396937	0.0208037	0.397442	-0.917392
2.16667	0.992101	-0.120092	-0.0362432	-0.124439	-0.90574	-0.405155	0.0158287	0.406465	-0.913529
2.2	0.991112	-0.125607	-0.0438224	-0.132447	-0.900811	-0.413519	0.0124651	0.415647	-0.90944
2.23333	0.990535	-0.127483	-0.0508689	-0.136967	-0.893954	-0.426716	0.00892468	0.429645	-0.902954
2.26667	0.989812	-0.1288	-0.0606812	-0.14235	-0.886651	-0.439985	0.00286704	0.444141	-0.895952
2.3	0.988335	-0.134414	-0.0715974	-0.152283	-0.87775	-0.454274	-0.00178368	0.459878	-0.88798
2.33333	0.986328	-0.142208	-0.0832665	-0.164712	-0.866469	-0.471277	-0.00512841	0.478549	-0.878046
2.36667	0.984677	-0.146357	-0.0948205	-0.174205	-0.850461	-0.496355	-0.00799605	0.505268	-0.862926
2.4	0.982794	-0.150944	-0.106448	-0.184497	-0.829531	-0.527105	-0.00873831	0.537675	-0.843107
2.43333	0.980674	-0.156619	-0.117252	-0.195508	-0.807063	-0.557159	-0.00736817	0.569315	-0.822087
2.46667	0.97838	-0.162332	-0.128142	-0.206767	-0.780978	-0.589339	-0.00440786	0.603093	-0.797658
2.5	0.976014	-0.167928	-0.138551	-0.217703	-0.7491	-0.625664	0.0012776	0.64082	-0.76769
2.53333	0.973979	-0.173345	-0.146001	-0.226316	-0.709592	-0.667278	0.0120684	0.682958	-0.730358
2.56667	0.972297	-0.179016	-0.150309	-0.232159	-0.664643	-0.710177	0.0272311	0.725398	-0.687791
2.6	0.97058	-0.186739	-0.151996	-0.23627	-0.617064	-0.750605	0.0463762	0.764435	-0.643031
2.63333	0.968208	-0.200076	-0.150141	-0.239407	-0.567185	-0.788026	0.0725075	0.798918	-0.597053
2.66667	0.965043	-0.219405	-0.143367	-0.239033	-0.512424	-0.824794	0.107499	0.830231	-0.546956
2.7	0.960927	-0.243133	-0.132305	-0.233166	-0.453405	-0.860266	0.149171	0.857502	-0.49238
2.73333	0.955283	-0.271124	-0.118009	-0.224516	-0.405354	-0.886161	0.192424	0.873029	-0.4481
2.76667	0.948295	-0.302264	-0.0968113	-0.213883	-0.383223	-0.898551	0.234499	0.872798	-0.428058
2.8	0.940627	-0.331385	-0.0735108	-0.203289	-0.376535	-0.903822	0.271834	0.865104	-0.421546
2.83333	0.933936	-0.354492	-0.0458173	-0.192462	-0.39071	-0.900169	0.301201	0.849518	-0.433124
2.86667	0.928181	-0.371883	-0.0135311	-0.181612	-0.420947	-0.888718	0.324803	0.827349	-0.458254
2.9	0.923219	-0.383587	0.022968	-0.172796	-0.467785	-0.866786	0.343232	0.796265	-0.49815
2.93333	0.918504	-0.390224	0.0638431	-0.16674	-0.528641	-0.832308	0.358537	0.753833	-0.550624
2.96667	0.914948	-0.388194	0.110342	-0.161331	-0.602437	-0.781692	0.369922	0.697406	-0.613826
3	0.912194	-0.377595	0.159133	-0.154401	-0.676477	-0.720097	0.379555	0.632298	-0.67538
3.03333	0.908109	-0.36256	0.209496	-0.145074	-0.741737	-0.654813	0.3928	0.564249	-0.726176
3.06667	0.902396	-0.344221	0.259215	-0.134042	-0.79595	-0.590335	0.409528	0.497971	-0.764403
3.1	0.894143	-0.32769	0.305168	-0.123743	-0.835797	-0.534913	0.430344	0.440526	-0.787871
3.13333	0.884635	-0.313882	0.344818	-0.114753	-0.863309	-0.491457	0.451944	0.395191	-0.799732
3.16667	0.875099	-0.303154	0.377226	-0.107068	-0.881447	-0.459986	0.471952	0.362144	-0.803812
3.2	0.867317	-0.294157	0.401537	-0.100826	-0.893797	-0.436991	0.487437	0.338525	-0.804864
3.23333	0.863148	-0.284246	0.417349	-0.0963276	-0.904024	-0.416487	0.495679	0.319288	-0.807687
3.26667	0.862707	-0.275721	0.423927	-0.096785	-0.912817	-0.396733	0.496356	0.301235	-0.81418
3.3	0.865853	-0.270178	0.421073	-0.100336	-0.91832	-0.382911	0.490133	0.289296	-0.822239
3.33333	0.872948	-0.264911	0.409615	-0.10392	-0.921411	-0.374436	0.476616	0.284296	-0.831873
3.36667	0.878738	-0.252669	0.404941	-0.105141	-0.930022	-0.352141	0.46558	0.266864	-0.843812
3.4	0.882843	-0.239747	0.403868	-0.0991328	-0.935648	-0.338726	0.459087	0.259005	-0.849797
3.43333	0.885928	-0.235939	0.399329	-0.0917437	-0.933083	-0.347763	0.454658	0.271457	-0.848291
3.46667	0.888983	-0.232607	0.394465	-0.0855749	-0.930599	-0.355897	0.449873	0.28263	-0.847192
3.5	0.894364	-0.222703	0.387965	-0.0805287	-0.933254	-0.350074	0.440032	0.281851	-0.852603
3.53333	0.900081	-0.209477	0.382064	-0.0728008	-0.936827	-0.342134	0.429597	0.280134	-0.858471
3.56667	0.906181	-0.197084	0.374157	-0.0641691	-0.938601	-0.338986	0.417992	0.283173	-0.863189
3.6	0.912238	-0.185019	0.365499	-0.0565969	-0.940565	-0.334866	0.405732	0.284791	-0.868491
3.63333	0.918385	-0.171568	0.356559	-0.0483427	-0.943008	-0.329239	0.392725	0.285131	-0.874338
3.66667	0.925375	-0.155109	0.345865	-0.0367642	-0.944869	-0.325377	0.377266	0.288381	-0.880061
3.7	0.932081	-0.138302	0.33481	-0.022795	-0.944812	-0.32682	0.361532	0.296991	-0.883793
3.73333	0.937559	-0.124579	0.32475	-0.0121349	-0.944805	-0.327408	0.347613	0.303024	-0.887323
3.76667	0.942993	-0.110234	0.314025	-0.00215933	-0.94556	-0.325442	0.332805	0.306211	-0.891894
3.8	0.948588	-0.0952548	0.301841	0.00769978	-0.946413	-0.322866	0.316421	0.308591	-0.897022
3.83333	0.952804	-0.0825299	0.292152	0.0166935	-0.94664	-0.32186	0.303126	0.311546	-0.900585
3.86667	0.956733	-0.0734045	0.281555	0.0211312	-0.947571	-0.318847	0.290198	0.311001	-0.905021
3.9	0.96067	-0.0678212	0.269284	0.0218877	-0.948207	-0.316898	0.276829	0.310328	-0.90943
3.93333	0.964051	-0.0701161	0.256301	0.0163536	-0.947073	-0.320603	0.265215	0.313269	-0.911879
3.96667	0.967632	-0.0711583	0.242126	0.0113664	-0.946163	-0.323492	0.252109	0.315773	-0.914728
4	0.97098	-0.0738128	0.227484	0.00452321	-0.945343	-0.326047	0.239116	0.317614	-0.917575
4.03333	0.974467	-0.0760807	0.211247	-0.00226616	-0.944127	-0.329573	0.224519	0.32068	-0.920193
4.06667	0.977725	-0.0787633	0.194551	-0.00949833	-0.942574	-0.333863	0.209675	0.324578	-0.922326
4.1	0.980613	-0.0822801	0.177842	-0.0174966	-0.940712	-0.338754	0.195171	0.329075	-0.923915
4.13333	0.983213	-0.0862108	0.160811	-0.0256645	-0.937919	-0.345903	0.180648	0.33597	-0.924387
4.16667	0.985009	-0.0925067	0.145599	-0.035803	-0.935303	-0.352031	0.168745	0.341541	-0.924594
4.2	0.986492	-0.0994166	0.130195	-0.046538	-0.932121	-0.359145	0.157063	0.348234	-0.924156
4.23333	0.987905	-0.104437	0.114613	-0.0561638	-0.929977	-0.363303	0.14453	0.352472	-0.924594
4.26667	0.988552	-0.111636	0.1015	-0.0668732	-0.927217	-0.368505	0.135251	0.357499	-0.924068
4.3	0.988956	-0.119264	0.0879917	-0.0776763	-0.922701	-0.377611	0.126225	0.366606	-0.921774
4.33333	0.989025	-0.127049	0.0754187	-0.0885377	-0.918292	-0.385878	0.118282	0.374965	-0.919462
4.36667	0.988666	-0.137053	0.0612787	-0.10165	-0.911487	-0.398571	0.11048	0.387825	-0.915088
4.4	0.988226	-0.144577	0.0500783	-0.111688	-0.905341	-0.409735	0.104576	0.399317	-0.910829
4.43333	0.987984	-0.149523	0.0391336	-0.119629	-0.900102	-0.418935	0.0978644	0.409219	-0.907173
4.46667	0.987865	-0.152729	0.0282369	-0.125994	-0.894318	-0.429325	0.090823	0.420557	-0.902709
4.5	0.987942	-0.153808	0.0177269	-0.13036	-0.888126	-0.440726	0.0835308	0.433101	-0.897467
4.53333	0.988126	-0.153453	0.00766876	-0.13351	-0.882271	-0.451411	0.0760362	0.445027	-0.892283
4.56667	0.988391	-0.151926	-0.0010713	-0.135209	-0.876375	-0.462261	0.0692907	0.457039	-0.886744
4.6	0.988736	-0.149336	-0.00997738	-0.136159	-0.869807	-0.474233	0.0621418	0.47025	-0.880343
4.63333	0.989169	-0.145356	-0.0203878	-0.136831	-0.862927	-0.48645	0.0531153	0.483971	-0.87347
4.66667	0.989459	-0.141054	-0.0327919	-0.138421	-0.854649	-0.500414	0.04256	0.499678	-0.865165
4.7	0.988051	-0.146429	-0.0480928	-0.150136	-0.843896	-0.515072	0.0348362	0.516138	-0.855797
4.73333	0.986527	-0.15171	-0.0612212	-0.16085	-0.831187	-0.532217	0.0298564	0.534894	-0.844391
4.76667	0.98507	-0.155436	-0.0740112	-0.170308	-0.817011	-0.550898	0.0251615	0.555278	-0.831284
4.8	0.982947	-0.160367	-0.0899913	-0.182969	-0.803957	-0.565841	0.0183931	0.572657	-0.819589
4.83333	0.979879	-0.16838	-0.107167	-0.199159	-0.789536	-0.58049	0.0131304	0.590153	-0.807184
4.86667	0.976663	-0.176083	-0.122981	-0.214427	-0.766666	-0.605182	0.0122766	0.617429	-0.786531
4.9	0.97432	-0.179139	-0.136421	-0.224672	-0.73318	-0.641848	0.0149586	0.656015	-0.754599
4.93333	0.972101	-0.182354	-0.147534	-0.233499	-0.692513	-0.682572	0.0223004	0.697978	-0.715772
4.96667	0.969752	-0.186673	-0.157269	-0.241811	-0.646854	-0.723262	0.0332837	0.739414	-0.672428
5	0.966862	-0.194282	-0.165629	-0.250585	-0.598067	-0.761264	0.0488426	0.777541	-0.626933
5.03333	0.964062	-0.204327	-0.169808	-0.256038	-0.543934	-0.799112	0.0709161	0.813871	-0.576701
5.06667	0.961896	-0.218152	-0.164819	-0.254014	-0.489993	-0.833897	0.101157	0.843989	-0.526736
5.1	0.959415	-0.234726	-0.156288	-0.247619	-0.436049	-0.865185	0.134932	0.868772	-0.476475
5.13333	0.95568	-0.256446	-0.144607	-0.238018	-0.383926	-0.892159	0.173272	0.887038	-0.427949
5.16667	0.950881	-0.281838	-0.128032	-0.226418	-0.351187	-0.908517	0.211091	0.89288	-0.39775
5.2	0.945606	-0.307426	-0.106391	-0.214217	-0.342307	-0.914842	0.244827	0.887871	-0.389544
5.23333	0.94052	-0.330264	-0.079672	-0.201556	-0.353638	-0.913409	0.273491	0.875137	-0.39917
5.26667	0.93563	-0.349683	-0.0481401	-0.18949	-0.382515	-0.90431	0.297808	0.855222	-0.424154
5.3	0.930869	-0.365183	-0.0111845	-0.177175	-0.424433	-0.887956	0.319519	0.828552	-0.459792
5.33333	0.926147	-0.375909	0.0307236	-0.165008	-0.477093	-0.863223	0.339151	0.794402	-0.503886
5.36667	0.921609	-0.38016	0.078197	-0.152666	-0.540317	-0.827497	0.356832	0.750691	-0.555999
5.4	0.917053	-0.376811	0.130489	-0.139395	-0.60951	-0.780427	0.373608	0.697504	-0.611478
5.43333	0.912094	-0.365428	0.185868	-0.125683	-0.680753	-0.72165	0.390241	0.634852	-0.666839
5.46667	0.906028	-0.347206	0.241995	-0.111443	-0.747346	-0.655022	0.408282	0.5665	-0.71581
5.5	0.898068	-0.327532	0.293593	-0.0973285	-0.798901	-0.593536	0.428954	0.504461	-0.749345
5.53333	0.889052	-0.308377	0.338363	-0.0849848	-0.837422	-0.539909	0.449848	0.451252	-0.770719
5.56667	0.878097	-0.295989	0.375946	-0.0749848	-0.861124	-0.502835	0.47257	0.413348	-0.778345
5.6	0.868907	-0.286985	0.403286	-0.0667073	-0.875223	-0.479098	0.49046	0.38939	-0.779631
5.63333	0.863101	-0.278583	0.421247	-0.0623767	-0.886516	-0.458474	0.501165	0.369434	-0.78253
5.66667	0.863011	-0.268534	0.427904	-0.0633059	-0.897832	-0.435763	0.501203	0.348979	-0.791839
5.7	0.867655	-0.260381	0.423528	-0.0699706	-0.907359	-0.414491	0.492218	0.330001	-0.805494
5.73333	0.875403	-0.251655	0.412722	-0.0758826	-0.914756	-0.396817	0.477401	0.316056	-0.819876
5.76667	0.879883	-0.236331	0.412254	-0.0740695	-0.925162	-0.372276	0.469382	0.297024	-0.831539
5.8	0.884114	-0.224753	0.409668	-0.0636676	-0.926491	-0.370891	0.462913	0.301828	-0.833434
5.83333	0.888853	-0.215301	0.404457	-0.0532193	-0.925261	-0.375579	0.455091	0.31231	-0.833879
5.86667	0.894033	-0.206106	0.397776	-0.047648	-0.926599	-0.373021	0.44546	0.31454	-0.83823
5.9	0.899648	-0.195213	0.390544	-0.0429045	-0.929679	-0.365864	0.434502	0.312393	-0.844759
5.93333	0.905701	-0.181325	0.383181	-0.0347231	-0.932599	-0.359241	0.422494	0.312059	-0.850951
5.96667	0.912302	-0.167408	0.373736	-0.0251413	-0.933801	-0.356908	0.408745	0.316212	-0.856118
6	0.91876	-0.154215	0.363452	-0.0175577	-0.935609	-0.352602	0.394425	0.317576	-0.862308
6.03333	0.925574	-0.140752	0.351429	-0.0126845	-0.939321	-0.342805	0.378355	0.312833	-0.871196
6.06667	0.932933	-0.125534	0.337456	-0.00610083	-0.942627	-0.333791	0.359998	0.309346	-0.880174
6.1	0.940017	-0.110882	0.322604	0.000849348	-0.944935	-0.327258	0.341127	0.307902	-0.88816
6.13333	0.946005	-0.0985916	0.308794	0.00698074	-0.946206	-0.32349	0.324077	0.308178	-0.894427
6.16667	0.952071	-0.0853149	0.293738	0.013039	-0.948122	-0.31764	0.305599	0.306246	-0.901567
6.2	0.957001	-0.0744844	0.280358	0.0170788	-0.950329	-0.310778	0.289581	0.302203	-0.908194
6.23333	0.961174	-0.0669545	0.267697	0.0189768	-0.951781	-0.30619	0.275289	0.299382	-0.913557
6.26667	0.964926	-0.06349	0.25473	0.0169169	-0.95326	-0.301677	0.261977	0.295405	-0.918751
6.3	0.968726	-0.0601976	0.24072	0.0142125	-0.955072	-0.296033	0.247725	0.290197	-0.924347
6.33333	0.97222	-0.0602698	0.226178	0.00929557	-0.955578	-0.294591	0.233885	0.28851	-0.928472
6.36667	0.974995	-0.061659	0.213504	0.00461242	-0.954916	-0.296839	0.222181	0.290401	-0.930754
6.4	0.977758	-0.0620831	0.200337	0.00166097	-0.952864	-0.303392	0.20973	0.296977	-0.931567
6.43333	0.980399	-0.0610292	0.18733	0.000400437	-0.950196	-0.311654	0.197021	0.30562	-0.931547
6.46667	0.982746	-0.0614574	0.174452	-0.00243228	-0.947396	-0.320054	0.184945	0.314108	-0.931199
6.5	0.985053	-0.064639	0.159666	-0.00937603	-0.945668	-0.324997	0.171999	0.318642	-0.932139
6.53333	0.987049	-0.0697524	0.144459	-0.0188163	-0.944644	-0.327557	0.15931	0.320597	-0.933723
6.56667	0.988835	-0.0754301	0.128516	-0.0295878	-0.944636	-0.326782	0.14605	0.319331	-0.936321
6.6	0.98981	-0.0843861	0.114697	-0.0427632	-0.94446	-0.325832	0.135822	0.317607	-0.938445
6.63333	0.990666	-0.0908274	0.101638	-0.0529558	-0.943534	-0.327015	0.125601	0.31858	-0.939538
6.66667	0.991409	-0.0968284	0.087936	-0.0626966	-0.941824	-0.330208	0.114794	0.321858	-0.939803
6.7	0.991903	-0.102796	0.0745682	-0.0719771	-0.938826	-0.336786	0.104627	0.328692	-0.938624
6.73333	0.9922	-0.1086	0.0611923	-0.0811456	-0.935356	-0.344274	0.0946247	0.336623	-0.936873
6.76667	0.992417	-0.113268	0.0477334	-0.0894525	-0.931893	-0.351531	0.0842997	0.344596	-0.934958
6.8	0.992333	-0.1186	0.0347858	-0.0980848	-0.926918	-0.362219	0.0752029	0.35603	-0.931444
6.83333	0.992336	-0.121339	0.0233511	-0.103818	-0.921208	-0.374964	0.0670089	0.369666	-0.926745
6.86667	0.992277	-0.123477	0.0117986	-0.109303	-0.915394	-0.387436	0.0586397	0.383154	-0.921821
6.9	0.992048	-0.125852	0.00137756	-0.114914	-0.910189	-0.397933	0.0513344	0.394611	-0.917413
6.93333	0.991769	-0.127836	-0.00719529	-0.119532	-0.904275	-0.409876	0.0458904	0.407362	-0.912113
6.96667	0.991302	-0.130587	-0.0163725	-0.125349	-0.898907	-0.419826	0.0401064	0.418226	-0.907457
7	0.990828	-0.132639	-0.0258155	-0.130896	-0.894684	-0.427092	0.0335523	0.426554	-0.90384
7.03333	0.990544	-0.132872	-0.0341819	-0.1345	-0.891268	-0.433072	0.027078	0.433575	-0.900711
7.06667	0.990457	-0.13106	-0.0426342	-0.13639	-0.887648	-0.439862	0.0198041	0.441479	-0.897053
7.1	0.990611	-0.126574	-0.0516628	-0.136251	-0.883099	-0.448967	0.0112042	0.451791	-0.892053
7.13333	0.990694	-0.121344	-0.0616544	-0.136101	-0.878348	-0.458237	0.00145022	0.462364	-0.886689
7.16667	0.990146	-0.119393	-0.0731913	-0.139827	-0.871763	-0.46955	-0.00774456	0.475157	-0.879867
7.2	0.988445	-0.125095	-0.0856068	-0.150989	-0.862469	-0.483063	-0.0134044	0.490406	-0.871391
7.23333	0.9875	-0.125845	-0.0949026	-0.156573	-0.852443	-0.498824	-0.0181244	0.507448	-0.861492
7.26667	0.986246	-0.12628	-0.106645	-0.163376	-0.842622	-0.513125	-0.0250636	0.52349	-0.851663
7.3	0.98396	-0.131462	-0.120582	-0.175512	-0.83433	-0.522579	-0.0319061	0.53536	-0.844021
7.33333	0.981096	-0.140191	-0.133405	-0.190324	-0.82377	-0.534022	-0.0350301	0.549317	-0.83488
7.36667	0.978266	-0.148457	-0.144759	-0.204321	-0.809092	-0.551019	-0.0353206	0.568621	-0.821841
7.4	0.975364	-0.154765	-0.157201	-0.2176	-0.792093	-0.570298	-0.036256	0.590455	-0.806256
7.43333	0.972761	-0.159092	-0.168599	-0.228896	-0.774183	-0.590125	-0.0366428	0.612643	-0.78951
7.46667	0.970428	-0.16232	-0.178664	-0.238679	-0.75582	-0.609729	-0.0360671	0.634342	-0.772211
7.5	0.968216	-0.165533	-0.187501	-0.247884	-0.734982	-0.631154	-0.033333	0.657572	-0.752654
7.53333	0.966172	-0.169723	-0.194181	-0.256556	-0.709278	-0.656585	-0.0262906	0.684192	-0.728828
7.56667	0.964823	-0.173388	-0.19762	-0.262402	-0.681387	-0.683269	-0.0161847	0.71109	-0.702915
7.6	0.963835	-0.178558	-0.197835	-0.266498	-0.647949	-0.713541	-0.000778743	0.740458	-0.672102
7.63333	0.962796	-0.187688	-0.194415	-0.269331	-0.607848	-0.746982	0.0220252	0.771553	-0.635784
7.66667	0.960884	-0.20448	-0.186791	-0.271086	-0.55633	-0.785499	0.0567013	0.80541	-0.59
7.7	0.957917	-0.226019	-0.176947	-0.270171	-0.501683	-0.82178	0.0969664	0.835003	-0.541635
7.73333	0.954094	-0.251249	-0.163029	-0.265656	-0.458529	-0.848044	0.138317	0.852423	-0.504226
7.76667	0.949632	-0.278661	-0.143346	-0.257764	-0.43448	-0.863009	0.178206	0.85649	-0.484425
7.8	0.94443	-0.306574	-0.118597	-0.247437	-0.425518	-0.870465	0.216397	0.851438	-0.477729
7.83333	0.938385	-0.333793	-0.0895255	-0.237051	-0.433191	-0.86957	0.251475	0.837214	-0.485626
7.86667	0.932582	-0.35662	-0.0557949	-0.225791	-0.455749	-0.860995	0.281619	0.815546	-0.505545
7.9	0.926624	-0.375608	-0.0169467	-0.21409	-0.490034	-0.845004	0.309086	0.786629	-0.534491
7.93333	0.921226	-0.388115	0.0266458	-0.201192	-0.533929	-0.821244	0.332964	0.75119	-0.569955
7.96667	0.916187	-0.393902	0.0737698	-0.187313	-0.583647	-0.790108	0.354281	0.710069	-0.608513
8	0.911338	-0.392331	0.124659	-0.17099	-0.636229	-0.752313	0.374467	0.664295	-0.646905
8.03333	0.906712	-0.382397	0.17789	-0.152508	-0.69053	-0.707043	0.39321	0.613955	-0.684431
8.06667	0.901821	-0.365378	0.23069	-0.132024	-0.741325	-0.658033	0.411447	0.562971	-0.716781
8.1	0.895097	-0.345769	0.281506	-0.113396	-0.787137	-0.606265	0.431212	0.510744	-0.743772
8.13333	0.883986	-0.332181	0.328975	-0.0982573	-0.819961	-0.563924	0.457071	0.466176	-0.757473
8.16667	0.871565	-0.319753	0.371662	-0.0843114	-0.844517	-0.52885	0.482976	0.429592	-0.76301
8.2	0.859488	-0.306954	0.408729	-0.072218	-0.864518	-0.497387	0.506028	0.397981	-0.76521
8.23333	0.849299	-0.292521	0.439457	-0.0614399	-0.881557	-0.468062	0.524325	0.370525	-0.766678
8.26667	0.841665	-0.279162	0.462243	-0.055562	-0.896233	-0.440091	0.537134	0.344726	-0.769838
8.3	0.837083	-0.26842	0.476699	-0.0540908	-0.907698	-0.416124	0.544395	0.322545	-0.774338
8.33333	0.837301	-0.261341	0.480237	-0.0549362	-0.914131	-0.40168	0.543975	0.309945	-0.77976
8.36667	0.843061	-0.256142	0.472905	-0.0579909	-0.917471	-0.393553	0.534682	0.304365	-0.788338
8.4	0.854233	-0.250444	0.455591	-0.0647442	-0.920747	-0.384751	0.515843	0.29917	-0.802747
8.43333	0.861673	-0.235595	0.449461	-0.069721	-0.932262	-0.355002	0.502652	0.274558	-0.819731
8.46667	0.868185	-0.226068	0.441755	-0.0678932	-0.935946	-0.345538	0.491574	0.269999	-0.827922
8.5	0.875733	-0.220056	0.429728	-0.0638489	-0.935054	-0.348708	0.478555	0.277937	-0.832908
8.53333	0.885123	-0.210223	0.415166	-0.0625141	-0.937774	-0.341572	0.461139	0.276379	-0.843188
8.56667	0.895126	-0.192709	0.402011	-0.0565466	-0.943542	-0.32639	0.442212	0.269428	-0.855486
8.6	0.903727	-0.177146	0.38974	-0.0491622	-0.947294	-0.316571	0.425277	0.266933	-0.864804
8.63333	0.912188	-0.163954	0.375543	-0.0410708	-0.948433	-0.314305	0.407709	0.271281	-0.871883
8.66667	0.919987	-0.148666	0.362659	-0.0294314	-0.948864	-0.314309	0.390841	0.278487	-0.877319
8.7	0.928254	-0.129076	0.348833	-0.0137375	-0.949112	-0.314638	0.371694	0.287271	-0.88279
8.73333	0.934949	-0.115369	0.335501	-0.000715054	-0.946263	-0.323398	0.354783	0.302121	-0.884789
8.76667	0.940429	-0.105657	0.323156	0.00939322	-0.94205	-0.335341	0.33986	0.3184	-0.884939
8.8	0.944713	-0.0980302	0.312901	0.0175429	-0.937787	-0.346769	0.327429	0.333086	-0.88422
8.83333	0.94909	-0.0921146	0.301235	0.0234267	-0.933001	-0.359111	0.314132	0.347886	-0.883344
8.86667	0.953162	-0.0892471	0.288995	0.0245046	-0.929549	-0.367883	0.301468	0.357734	-0.883823
8.9	0.957412	-0.0891406	0.274621	0.0196465	-0.928829	-0.369987	0.288056	0.359626	-0.887521
8.93333	0.961661	-0.0898787	0.259096	0.0127814	-0.929054	-0.369723	0.273944	0.358859	-0.892286
8.96667	0.966281	-0.08748	0.242173	0.00918529	-0.928209	-0.371946	0.257325	0.361628	-0.896107
9	0.970692	-0.0865537	0.2242	0.00386223	-0.927156	-0.374657	0.240296	0.364542	-0.899648
9.03333	0.974868	-0.0872913	0.204971	-0.0034859	-0.925906	-0.377738	0.222757	0.36753	-0.90294
9.06667	0.978803	-0.0889067	0.184498	-0.0129083	-0.92585	-0.377672	0.204395	0.367285	-0.907372
9.1	0.982479	-0.0912421	0.162512	-0.0234509	-0.925558	-0.377878	0.184893	0.367446	-0.911481
9.13333	0.985539	-0.09498	0.140325	-0.0350272	-0.924442	-0.379709	0.165787	0.369303	-0.914401
9.16667	0.98783	-0.1	0.119128	-0.0470955	-0.922271	-0.383663	0.148234	0.373384	-0.915757
9.2	0.989588	-0.104238	0.0992481	-0.0579101	-0.919642	-0.388466	0.131766	0.378674	-0.916103
9.23333	0.990875	-0.107867	0.080823	-0.0677012	-0.916802	-0.393563	0.116551	0.384499	-0.915738
9.26667	0.991848	-0.11036	0.0637058	-0.0760292	-0.913721	-0.399167	0.102262	0.391069	-0.914662
9.3	0.992257	-0.113885	0.0495534	-0.0840912	-0.909658	-0.406757	0.0914001	0.399441	-0.912191
9.33333	0.992648	-0.115685	0.0355851	-0.0906503	-0.90541	-0.414747	0.0801993	0.408472	-0.909241
9.36667	0.993084	-0.115234	0.0224809	-0.0949865	-0.901124	-0.423029	0.0690052	0.417968	-0.905837
9.4	0.99351	-0.113349	0.00950573	-0.0981098	-0.89622	-0.432625	0.0575567	0.428885	-0.901524
9.43333	0.993819	-0.110986	-0.00230127	-0.100576	-0.891438	-0.441839	0.0469867	0.43934	-0.897091
9.46667	0.993984	-0.108584	-0.0143058	-0.103414	-0.887484	-0.449085	0.0360675	0.447863	-0.893375
9.5	0.993925	-0.10712	-0.0252635	-0.106769	-0.882761	-0.457529	0.0267089	0.457447	-0.888836
9.53333	0.993835	-0.10494	-0.0357736	-0.10947	-0.877702	-0.466536	0.0175596	0.467576	-0.883779
9.56667	0.99372	-0.102305	-0.0453173	-0.111528	-0.872897	-0.474987	0.00903649	0.477058	-0.878825
9.6	0.993638	-0.0983131	-0.0549301	-0.112618	-0.868291	-0.483102	-0.000200048	0.486215	-0.873839
9.63333	0.993592	-0.0927945	-0.0645356	-0.112592	-0.862756	-0.492925	-0.00993783	0.497032	-0.867675
9.66667	0.992166	-0.0980685	-0.0773842	-0.123715	-0.857286	-0.499755	-0.0173301	0.505414	-0.862703
9.7	0.990588	-0.105566	-0.0871268	-0.135273	-0.852189	-0.505446	-0.0208908	0.512475	-0.858448
9.73333	0.98901	-0.110266	-0.0984912	-0.145431	-0.84551	-0.513772	-0.0266238	0.52245	-0.852254
9.76667	0.986821	-0.116893	-0.111892	-0.158422	-0.838769	-0.520931	-0.0329584	0.531792	-0.846233
9.8	0.983752	-0.128637	-0.125241	-0.175677	-0.833553	-0.523763	-0.03702	0.537255	-0.842607
9.83333	0.980365	-0.140646	-0.138212	-0.193167	-0.825833	-0.529799	-0.0396258	0.546094	-0.836786
9.86667	0.977105	-0.149357	-0.151522	-0.20873	-0.810875	-0.54673	-0.041208	0.56584	-0.823485
9.9	0.973578	-0.158055	-0.164818	-0.224931	-0.788284	-0.572725	-0.039401	0.594665	-0.803007
9.93333	0.970013	-0.166744	-0.176835	-0.240637	-0.761163	-0.602266	-0.0341758	0.626759	-0.778463
9.96667	0.967564	-0.17034	-0.186557	-0.251109	-0.729266	-0.636487	-0.0276304	0.662688	-0.748386
10	0.965376	-0.174387	-0.194006	-0.260479	-0.684712	-0.680677	-0.0141371	0.707644	-0.706428
10.0333	0.964254	-0.177684	-0.196577	-0.264943	-0.63423	-0.726331	0.00438248	0.75245	-0.658635
10.0667	0.963693	-0.183396	-0.194068	-0.265452	-0.579529	-0.770507	0.0288403	0.794048	-0.607171
10.1	0.963055	-0.193108	-0.187711	-0.262885	-0.522794	-0.810912	0.0584593	0.830298	-0.554244
10.1333	0.962005	-0.207907	-0.176979	-0.256514	-0.466187	-0.846682	0.0935255	0.85991	-0.501805
10.1667	0.959596	-0.229487	-0.162821	-0.247643	-0.41405	-0.87592	0.133596	0.880851	-0.454151
10.2	0.955165	-0.258226	-0.144845	-0.238385	-0.380598	-0.893486	0.175593	0.887955	-0.425091
10.2333	0.949405	-0.289033	-0.12284	-0.228575	-0.367716	-0.901409	0.215367	0.883881	-0.415177
10.2667	0.943315	-0.317096	-0.0980168	-0.218844	-0.372222	-0.901975	0.249528	0.872297	-0.420517
10.3	0.936692	-0.342871	-0.0710427	-0.211273	-0.391622	-0.895542	0.279234	0.853857	-0.439269
10.3333	0.930252	-0.364741	-0.0399278	-0.204962	-0.426297	-0.881057	0.304337	0.827789	-0.471322
10.3667	0.924835	-0.380358	-0.00274471	-0.197088	-0.473019	-0.858726	0.325325	0.794721	-0.512428
10.4	0.920467	-0.3888	0.0396777	-0.185807	-0.524671	-0.83078	0.343825	0.757334	-0.555184
10.4333	0.916587	-0.390366	0.0865029	-0.173472	-0.583177	-0.793607	0.360243	0.712404	-0.60225
10.4667	0.912695	-0.385589	0.135314	-0.160857	-0.6434	-0.748439	0.375651	0.66133	-0.649252
10.5	0.908359	-0.375521	0.18403	-0.147786	-0.699923	-0.698761	0.391207	0.607529	-0.691278
10.5333	0.902922	-0.362636	0.230709	-0.134855	-0.748699	-0.649049	0.4081	0.554928	-0.72492
10.5667	0.896976	-0.34729	0.273539	-0.121612	-0.788726	-0.602596	0.425023	0.507248	-0.749703
10.6	0.889812	-0.333114	0.311879	-0.109605	-0.819466	-0.56255	0.442968	0.46638	-0.765682
10.6333	0.882904	-0.318606	0.344922	-0.0993498	-0.844697	-0.525943	0.458923	0.430089	-0.77744
10.6667	0.875791	-0.307556	0.372021	-0.0905088	-0.861688	-0.499301	0.474129	0.403612	-0.782495
10.7	0.870328	-0.296972	0.392856	-0.0825192	-0.874386	-0.478163	0.485509	0.38374	-0.785509
10.7333	0.866352	-0.288256	0.407852	-0.0771228	-0.884046	-0.460992	0.493444	0.367927	-0.788126
10.7667	0.863208	-0.282466	0.41843	-0.0770434	-0.892822	-0.443772	0.498934	0.35083	-0.792454
10.8	0.861478	-0.276987	0.425599	-0.0792905	-0.901225	-0.426036	0.501567	0.333274	-0.798348
10.8333	0.861893	-0.270358	0.429008	-0.0816118	-0.908945	-0.40885	0.500481	0.317372	-0.805478
10.8667	0.864577	-0.263613	0.427803	-0.0842383	-0.915334	-0.393787	0.49539	0.304422	-0.813582
10.9	0.870019	-0.256976	0.42075	-0.0860287	-0.919453	-0.383674	0.485455	0.297607	-0.822049
10.9333	0.875998	-0.246204	0.414742	-0.0876889	-0.926866	-0.365006	0.474277	0.283376	-0.833522
10.9667	0.880974	-0.228184	0.414508	-0.0807459	-0.935685	-0.343474	0.466224	0.269122	-0.842739
11	0.885819	-0.214374	0.411543	-0.0697778	-0.938342	-0.338592	0.458754	0.271215	-0.84616
11.0333	0.890034	-0.20581	0.406795	-0.0627998	-0.939142	-0.33774	0.451549	0.275053	-0.848793
11.0667	0.895402	-0.19657	0.39952	-0.0585438	-0.941459	-0.332005	0.441394	0.273888	-0.854492
11.1	0.900945	-0.185943	0.392075	-0.0528804	-0.943851	-0.326111	0.430699	0.273075	-0.860191
11.1333	0.90685	-0.173529	0.384071	-0.0435274	-0.944991	-0.324186	0.419199	0.277271	-0.864519
11.1667	0.913409	-0.160731	0.373966	-0.0345147	-0.94601	-0.322294	0.405578	0.281479	-0.869641
11.2	0.91967	-0.147625	0.363886	-0.027038	-0.948253	-0.316363	0.391759	0.281111	-0.876071
11.2333	0.926138	-0.132642	0.353093	-0.0191255	-0.951437	-0.307249	0.3767	0.277802	-0.883699
11.2667	0.932365	-0.118151	0.341667	-0.0105033	-0.953541	-0.30108	0.361367	0.277128	-0.890289
11.3	0.937062	-0.10803	0.332031	-0.00263532	-0.953094	-0.302662	0.349154	0.282738	-0.893393
11.3333	0.942103	-0.0952662	0.321507	0.00630815	-0.953589	-0.301044	0.335265	0.285642	-0.897778
11.3667	0.946625	-0.0862133	0.310594	0.011329	-0.954074	-0.299356	0.322139	0.286896	-0.902174
11.4	0.949685	-0.0806643	0.302642	0.0135352	-0.954795	-0.296958	0.312915	0.286113	-0.905662
11.4333	0.953493	-0.0769526	0.291427	0.0152914	-0.953266	-0.301744	0.301028	0.292167	-0.907756
11.4667	0.957209	-0.074529	0.279638	0.0166557	-0.950481	-0.310335	0.288919	0.301713	-0.908567
11.5	0.960401	-0.0770773	0.267749	0.0131006	-0.947419	-0.319726	0.278314	0.310573	-0.908893
11.5333	0.9634	-0.0823805	0.255095	0.00679073	-0.943803	-0.330438	0.267981	0.320076	-0.908701
11.5667	0.967584	-0.086682	0.237207	-0.000529683	-0.939946	-0.341322	0.252548	0.330132	-0.909523
11.6	0.971001	-0.0895394	0.221675	-0.00597017	-0.93601	-0.351923	0.239001	0.340395	-0.909401
11.6333	0.973968	-0.0947758	0.205923	-0.0141998	-0.932129	-0.361848	0.226242	0.349505	-0.909209
11.6667	0.976697	-0.0997974	0.19001	-0.0229602	-0.928821	-0.369816	0.213392	0.356835	-0.909468
11.7	0.979199	-0.104196	0.174105	-0.0310668	-0.924948	-0.378822	0.20051	0.365533	-0.908945
11.7333	0.981016	-0.110373	0.159454	-0.040865	-0.921429	-0.386393	0.189572	0.372541	-0.908447
11.7667	0.982299	-0.116584	0.146616	-0.0508289	-0.919239	-0.390406	0.18029	0.376043	-0.908893
11.8	0.983299	-0.123936	0.133279	-0.0620596	-0.916746	-0.39462	0.17109	0.379758	-0.909127
11.8333	0.983984	-0.133044	0.118637	-0.0750794	-0.91295	-0.401106	0.161674	0.385774	-0.908317
11.8667	0.984727	-0.138805	0.105102	-0.0843613	-0.908459	-0.409371	0.152304	0.394252	-0.906294
11.9	0.985147	-0.144527	0.0927223	-0.0932724	-0.903774	-0.417724	0.144172	0.402871	-0.90383
11.9333	0.985613	-0.149988	0.0779179	-0.10275	-0.897739	-0.428377	0.134201	0.414208	-0.900234
11.9667	0.986357	-0.151373	0.064701	-0.108661	-0.893915	-0.434866	0.123664	0.421903	-0.898168
12	0.986697	-0.153871	0.0524722	-0.114532	-0.886992	-0.447356	0.115378	0.435395	-0.892815
12.0333	0.987639	-0.151877	0.0387544	-0.117518	-0.8811	-0.458095	0.103721	0.447879	-0.888058
12.0667	0.98895	-0.146013	0.0256502	-0.117289	-0.876438	-0.467012	0.0906707	0.458843	-0.883879
12.1	0.990294	-0.138455	0.012163	-0.11591	-0.870986	-0.47744	0.0766977	0.471396	-0.87858
12.1333	0.991091	-0.133174	-0.00168144	-0.116869	-0.863556	-0.490522	0.0638729	0.486349	-0.871427
12.1667	0.989577	-0.142831	-0.0183571	-0.132505	-0.853199	-0.504475	0.0563923	0.501649	-0.863231
12.2	0.988411	-0.148314	-0.032356	-0.143431	-0.842637	-0.519028	0.0497149	0.517654	-0.854145
12.2333	0.987666	-0.14973	-0.045786	-0.150845	-0.831553	-0.53457	0.0419678	0.534883	-0.843883
12.2667	0.986316	-0.153101	-0.0611607	-0.161672	-0.825533	-0.540702	0.0322918	0.543191	-0.838988
12.3	0.983666	-0.163856	-0.0745185	-0.177912	-0.822044	-0.540917	0.0273751	0.545339	-0.837769
12.3333	0.981342	-0.171981	-0.0859636	-0.190714	-0.813967	-0.548713	0.0243964	0.55487	-0.83158
12.3667	0.979218	-0.178299	-0.0966547	-0.201378	-0.798224	-0.567702	0.0240683	0.575368	-0.817541
12.4	0.976501	-0.187462	-0.106318	-0.213651	-0.777377	-0.59164	0.0282612	0.600452	-0.799161
