0	1	0	0	0	1	0	0	0	1
0.0333333	0.973618	0.0636506	0.219125	-0.0715437	0.997037	0.0282683	-0.216677	-0.0431995	0.975287
0.0666667	0.989133	0.0470332	0.139299	-0.0465042	0.998893	-0.00705207	-0.139476	0.000497457	0.990225
0.1	0.990975	0.0299816	0.130648	-0.0240282	0.99861	-0.0469087	-0.131873	0.0433461	0.990319
0.133333	0.990705	0.0123223	0.135472	-0.00291474	0.997583	-0.0694233	-0.136	0.0683831	0.988346
0.166667	0.990163	-0.00119469	0.139917	0.0125353	0.9967	-0.0801991	-0.13936	0.081164	0.98691
0.2	0.989661	-0.0119544	0.14293	0.0241455	0.996184	-0.0838668	-0.141382	0.0864508	0.986173
0.233333	0.989074	-0.0234601	0.145542	0.035996	0.995806	-0.0841065	-0.142958	0.0884264	0.985771
0.266667	0.988466	-0.0335484	0.147683	0.0460797	0.995545	-0.0822656	-0.144266	0.0881219	0.985607
0.3	0.987864	-0.0435054	0.149104	0.055915	0.99522	-0.080071	-0.144908	0.0874364	0.985574
0.333333	0.987251	-0.0542805	0.149632	0.0666225	0.994666	-0.0787408	-0.14456	0.0877057	0.985601
0.366667	0.986432	-0.0627921	0.151685	0.0746048	0.994502	-0.0734791	-0.146237	0.0837986	0.985694
0.4	0.986284	-0.067088	0.150809	0.0780337	0.994638	-0.0678681	-0.145447	0.0787054	0.98623
0.433333	0.986247	-0.068513	0.150408	0.0778231	0.995342	-0.0569051	-0.145809	0.0678277	0.986985
0.466667	0.986423	-0.0681704	0.149407	0.0755749	0.996149	-0.0444487	-0.145801	0.0551367	0.987776
0.5	0.987041	-0.0648141	0.146795	0.070002	0.997082	-0.0304493	-0.144393	0.0403307	0.988698
0.533333	0.987667	-0.0616361	0.143926	0.0648466	0.997738	-0.0177189	-0.142509	0.0268335	0.98943
0.566667	0.988174	-0.0595184	0.141313	0.0613229	0.998082	-0.00844503	-0.14054	0.0170109	0.989929
0.6	0.98861	-0.0582684	0.138761	0.0592828	0.998236	-0.00318509	-0.13833	0.0113749	0.990321
0.633333	0.988891	-0.0584121	0.136685	0.059039	0.998256	-0.000533995	-0.136415	0.0085978	0.990614
0.666667	0.989141	-0.0581639	0.134968	0.0583921	0.998291	0.00227083	-0.134869	0.00563488	0.990847
0.7	0.989291	-0.0574354	0.134184	0.0570917	0.998348	0.00641113	-0.13433	0.00131831	0.990936
0.733333	0.989579	-0.0557018	0.132778	0.054915	0.998445	0.00958313	-0.133105	-0.00219177	0.991099
0.766667	0.989894	-0.054316	0.130998	0.0535386	0.998521	0.00945152	-0.131317	-0.00234255	0.991338
0.8	0.990323	-0.0527775	0.128356	0.0522609	0.998606	0.0073913	-0.128567	-0.000611785	0.991701
0.833333	0.990677	-0.052639	0.125655	0.0520819	0.998613	0.00771677	-0.125886	-0.00110049	0.992044
0.866667	0.990548	-0.0579615	0.124317	0.0568734	0.998306	0.0122872	-0.124819	-0.00510075	0.992166
0.9	0.990258	-0.0643062	0.123509	0.0626273	0.997885	0.0174321	-0.124369	-0.00952722	0.99219
0.933333	0.989958	-0.0679246	0.123973	0.0661848	0.997643	0.0181032	-0.12491	-0.00971633	0.99212
0.966667	0.989646	-0.0722767	0.124002	0.0713288	0.99738	0.012073	-0.12455	-0.00310305	0.992209
1	0.989262	-0.0790291	0.122946	0.0793123	0.996846	0.00259672	-0.122763	0.00718229	0.99241
1.03333	0.988799	-0.0843201	0.123153	0.0856641	0.996308	-0.00564914	-0.122222	0.0161356	0.992372
1.06667	0.98825	-0.0886369	0.124522	0.0906734	0.995822	-0.0107724	-0.123047	0.0219367	0.992158
1.1	0.987702	-0.093161	0.125565	0.0955019	0.995348	-0.0127404	-0.123794	0.0245754	0.992004
1.13333	0.987272	-0.0963444	0.12654	0.0987282	0.995034	-0.0126886	-0.124689	0.0250202	0.99188
1.16667	0.986813	-0.0994949	0.127678	0.101776	0.994741	-0.0114486	-0.125867	0.0242921	0.99175
1.2	0.986478	-0.102463	0.127914	0.104791	0.994427	-0.0115849	-0.126014	0.0248325	0.991718
1.23333	0.986063	-0.106218	0.128051	0.109135	0.993899	-0.0159611	-0.125574	0.0297135	0.991639
1.26667	0.98565	-0.108345	0.129445	0.112222	0.993416	-0.023023	-0.126099	0.0372193	0.991319
1.3	0.98585	-0.104388	0.131161	0.108652	0.993746	-0.0257698	-0.12765	0.0396561	0.991026
1.33333	0.986483	-0.0966217	0.132347	0.101055	0.994509	-0.0271863	-0.128994	0.0401931	0.990831
1.36667	0.987384	-0.0876246	0.131893	0.091975	0.995388	-0.0272499	-0.128896	0.0390369	0.990889
1.4	0.988309	-0.0774584	0.131325	0.0815844	0.996319	-0.0263269	-0.128802	0.0367331	0.99099
1.43333	0.989131	-0.0671121	0.130826	0.0711096	0.997126	-0.0261223	-0.128697	0.0351414	0.991061
1.46667	0.989771	-0.0582822	0.130217	0.0623075	0.99769	-0.027051	-0.12834	0.0348878	0.991116
1.5	0.990272	-0.0504762	0.129669	0.0546525	0.998089	-0.0288512	-0.127965	0.0356572	0.991138
1.53333	0.990636	-0.043271	0.12949	0.0476598	0.998383	-0.0309866	-0.12794	0.036868	0.991096
1.56667	0.9909	-0.0362342	0.12963	0.0410786	0.998546	-0.0348938	-0.128177	0.0399013	0.990948
1.6	0.991063	-0.029358	0.130124	0.0349698	0.998545	-0.0410533	-0.12873	0.0452369	0.990647
1.63333	0.991187	-0.0246512	0.130154	0.0313103	0.99829	-0.0493678	-0.128714	0.0530079	0.990264
1.66667	0.99139	-0.0187039	0.129603	0.025994	0.99816	-0.0547884	-0.128339	0.0576856	0.990051
1.7	0.991483	-0.0119796	0.129682	0.0195148	0.998184	-0.0569914	-0.128764	0.0590368	0.989916
1.73333	0.991561	-0.00368405	0.129591	0.0111532	0.998314	-0.0569579	-0.129162	0.0579225	0.98993
1.76667	0.991541	0.00125029	0.129786	0.00645912	0.998239	-0.0589632	-0.129631	0.0593028	0.989787
1.8	0.991506	0.00644069	0.1299	0.00125923	0.998251	-0.0591068	-0.130053	0.0587684	0.989764
1.83333	0.991449	0.0110367	0.130026	-0.00337814	0.998254	-0.0589739	-0.13045	0.0580304	0.989755
1.86667	0.991442	0.0140481	0.129789	-0.00619015	0.998134	-0.0607502	-0.1304	0.0594269	0.989679
1.9	0.991438	0.0165689	0.129522	-0.00822979	0.997874	-0.0646561	-0.130317	0.0630366	0.989466
1.93333	0.991463	0.0186861	0.129042	-0.00976908	0.997542	-0.0693923	-0.130021	0.0675392	0.989208
1.96667	0.991579	0.0204255	0.127885	-0.0109938	0.997196	-0.0740278	-0.129038	0.0719985	0.989022
2	0.991697	0.0214262	0.126803	-0.0114336	0.996808	-0.0790137	-0.128091	0.0769079	0.988776
2.03333	0.991849	0.0230028	0.125322	-0.0126975	0.996517	-0.0824172	-0.126781	0.0801542	0.988687
2.06667	0.992044	0.0251884	0.123344	-0.0150271	0.996467	-0.0826297	-0.12499	0.0801188	0.988918
2.1	0.992305	0.0276224	0.120697	-0.0179458	0.99659	-0.0805363	-0.12251	0.0777505	0.989417
2.13333	0.992554	0.0292733	0.118235	-0.0202267	0.996826	-0.0770014	-0.120114	0.0740365	0.989996
2.16667	0.992735	0.0339373	0.115437	-0.0253123	0.996834	-0.0753783	-0.117629	0.0719087	0.990451
2.2	0.992889	0.0410782	0.111735	-0.032681	0.996574	-0.0759736	-0.114473	0.0717817	0.99083
2.23333	0.992947	0.044797	0.109766	-0.0364834	0.996393	-0.0766115	-0.112802	0.0720666	0.991001
2.26667	0.992912	0.0475646	0.108921	-0.0394952	0.996395	-0.0750803	-0.1121	0.0702463	0.991211
2.3	0.992853	0.0525868	0.107134	-0.0453265	0.996579	-0.0691124	-0.110402	0.0637624	0.99184
2.33333	0.992925	0.0588921	0.103109	-0.0524843	0.996582	-0.0637947	-0.106513	0.0579318	0.992622
2.36667	0.99289	0.0631857	0.100886	-0.0573414	0.996561	-0.0598172	-0.104318	0.053607	0.993098
2.4	0.992635	0.067241	0.10077	-0.0617958	0.996504	-0.0562201	-0.104198	0.0495789	0.99332
2.43333	0.99248	0.0701452	0.100314	-0.0648178	0.996357	-0.0554191	-0.103836	0.0485002	0.993411
2.46667	0.99235	0.0728475	0.0996688	-0.0675116	0.996151	-0.0559047	-0.103358	0.0487483	0.993449
2.5	0.992253	0.0756515	0.0985446	-0.0701167	0.995824	-0.0584722	-0.102557	0.0511096	0.993413
2.53333	0.992232	0.0784517	0.0965489	-0.0727293	0.995458	-0.061431	-0.10093	0.0539318	0.993431
2.56667	0.992176	0.0806593	0.0952975	-0.0747856	0.995164	-0.0636831	-0.0999733	0.0560579	0.99341
2.6	0.992079	0.0813931	0.0956825	-0.0754221	0.995067	-0.0644518	-0.100456	0.0567247	0.993323
2.63333	0.991974	0.0815309	0.0966443	-0.0757813	0.995211	-0.0617449	-0.101216	0.0539255	0.993402
2.66667	0.991793	0.0812889	0.0986816	-0.0761165	0.995575	-0.0551	-0.102724	0.0471365	0.993592
2.7	0.991579	0.0792747	0.102404	-0.074763	0.996085	-0.0471742	-0.105743	0.0391209	0.993624
2.73333	0.991585	0.0743791	0.105959	-0.0703176	0.996658	-0.0415691	-0.108697	0.0337685	0.993501
2.76667	0.99204	0.0643723	0.10823	-0.0600102	0.997267	-0.0430921	-0.110708	0.0362542	0.993191
2.8	0.992456	0.0553076	0.109416	-0.0508403	0.997772	-0.0432072	-0.111562	0.0373185	0.993057
2.83333	0.992763	0.0449268	0.111369	-0.0401189	0.998179	-0.0450437	-0.11319	0.0402497	0.992758
2.86667	0.992899	0.0331452	0.114247	-0.0279891	0.998529	-0.0464439	-0.115618	0.0429165	0.992366
2.9	0.992933	0.0203395	0.116917	-0.0148773	0.998765	-0.0474032	-0.117737	0.0453288	0.99201
2.93333	0.992833	0.00805663	0.119237	-0.00236985	0.998856	-0.0477582	-0.119485	0.0471334	0.991717
2.96667	0.992569	-0.00443332	0.1216	0.0102581	0.998827	-0.047317	-0.121247	0.0482128	0.991451
3	0.992159	-0.0147037	0.124112	0.0201717	0.998875	-0.0429158	-0.123341	0.0450829	0.99134
3.03333	0.991746	-0.023733	0.126004	0.0284417	0.998958	-0.0357032	-0.125025	0.0389923	0.991387
3.06667	0.991365	-0.0311835	0.127371	0.0348671	0.999033	-0.0267937	-0.126412	0.0310034	0.991493
3.1	0.991229	-0.0357454	0.127227	0.0381514	0.999135	-0.0165239	-0.126526	0.0212329	0.991736
3.13333	0.991267	-0.0386571	0.126074	0.0396546	0.999199	-0.0054108	-0.125764	0.010363	0.992006
3.16667	0.991296	-0.0416502	0.124894	0.0413741	0.999132	0.00480454	-0.124985	0.000404636	0.992159
3.2	0.991467	-0.0441286	0.12266	0.0430542	0.999008	0.0113971	-0.123041	-0.00601878	0.992383
3.23333	0.991462	-0.0471201	0.121581	0.0456315	0.998846	0.0150008	-0.122148	-0.00932483	0.992468
3.26667	0.991525	-0.0488587	0.120381	0.0473645	0.998761	0.0152442	-0.120976	-0.00941327	0.992611
3.3	0.991742	-0.0488008	0.1186	0.0476033	0.998783	0.0129106	-0.119086	-0.00715819	0.992858
3.33333	0.992153	-0.0476009	0.115613	0.0467955	0.998858	0.00967162	-0.115941	-0.00418556	0.993247
3.36667	0.992408	-0.0497417	0.112482	0.0487917	0.998746	0.0111846	-0.112898	-0.00561149	0.993591
3.4	0.992252	-0.0565207	0.11064	0.0550223	0.998348	0.0165521	-0.111393	-0.0103362	0.993723
3.43333	0.991978	-0.0609182	0.11076	0.058937	0.998039	0.0210776	-0.111827	-0.0143807	0.993624
3.46667	0.991732	-0.0636055	0.111457	0.0615926	0.997872	0.0214149	-0.112581	-0.0143729	0.993539
3.5	0.991237	-0.0694022	0.112394	0.0684016	0.997577	0.012739	-0.113006	-0.00493939	0.993582
3.53333	0.990639	-0.074481	0.114395	0.0744468	0.997214	0.00457709	-0.114417	0.00398211	0.993425
3.56667	0.990048	-0.0792004	0.116328	0.0798669	0.996805	-0.00107244	-0.115871	0.0103525	0.99321
3.6	0.989636	-0.0832344	0.117019	0.0842848	0.996433	-0.00404865	-0.116265	0.0138696	0.993121
3.63333	0.989338	-0.0866158	0.117084	0.0876525	0.996144	-0.00372472	-0.11631	0.0139477	0.993115
3.66667	0.988964	-0.0906473	0.117191	0.0915823	0.995794	-0.00260699	-0.116462	0.0133108	0.993106
3.7	0.988508	-0.0951663	0.117449	0.0959597	0.995385	-0.00110593	-0.116802	0.0123636	0.993078
3.73333	0.98836	-0.0974598	0.116819	0.0980209	0.995184	0.000946219	-0.116349	0.0105155	0.993153
3.76667	0.988195	-0.0985493	0.117298	0.0988416	0.995098	0.00333731	-0.117052	0.00829599	0.993091
3.8	0.987957	-0.0995718	0.118437	0.0996465	0.995009	0.00530618	-0.118374	0.00655952	0.992947
3.83333	0.987385	-0.102903	0.120341	0.103601	0.994619	0.000457854	-0.119741	0.0120154	0.992733
3.86667	0.986979	-0.10488	0.121956	0.10647	0.994294	-0.00657454	-0.120571	0.0194736	0.992514
3.9	0.986846	-0.103135	0.124489	0.105329	0.994375	-0.0111561	-0.122638	0.0241217	0.992158
3.93333	0.987009	-0.0973968	0.127775	0.100039	0.994879	-0.014414	-0.125716	0.0270092	0.991698
3.96667	0.987301	-0.091439	0.129905	0.0944916	0.995371	-0.0175197	-0.127702	0.0295721	0.991372
4	0.987853	-0.0840306	0.130711	0.0872244	0.99601	-0.0188937	-0.128602	0.0300654	0.99124
4.03333	0.988485	-0.0755253	0.13112	0.0787258	0.996708	-0.0193916	-0.129224	0.0294908	0.991177
4.06667	0.989073	-0.0664553	0.131602	0.0697307	0.997357	-0.0204334	-0.129896	0.0293868	0.991092
4.1	0.989622	-0.0572184	0.131809	0.0607213	0.997896	-0.0227085	-0.130232	0.0304764	0.991015
4.13333	0.989993	-0.0491498	0.132279	0.0530689	0.998245	-0.0262644	-0.130756	0.0330214	0.990865
4.16667	0.990258	-0.0416993	0.132857	0.0461777	0.998458	-0.0308059	-0.131368	0.0366408	0.990656
4.2	0.990507	-0.0335603	0.133303	0.0386574	0.99861	-0.0358342	-0.131915	0.0406472	0.990427
4.23333	0.990655	-0.0265125	0.133791	0.032555	0.998537	-0.0431798	-0.13245	0.0471318	0.990068
4.26667	0.990836	-0.0197629	0.133614	0.0267091	0.998372	-0.0503965	-0.132401	0.0535034	0.989751
4.3	0.991065	-0.0111555	0.132915	0.018473	0.998373	-0.0539489	-0.132097	0.0559222	0.989658
4.33333	0.991245	-0.00284496	0.132006	0.0104674	0.998314	-0.0570851	-0.131621	0.0579671	0.989604
4.36667	0.991371	0.00914888	0.130764	-0.00171264	0.99838	-0.0568674	-0.131072	0.0561528	0.989781
4.4	0.991345	0.0163121	0.130268	-0.00812603	0.997972	-0.0631261	-0.131034	0.0615211	0.989467
4.43333	0.991307	0.0222407	0.129675	-0.0132319	0.997465	-0.0699241	-0.130902	0.0676004	0.989088
4.46667	0.991262	0.0268929	0.129137	-0.0170812	0.996924	-0.0764937	-0.130797	0.0736195	0.988672
4.5	0.991202	0.030325	0.12884	-0.0199763	0.996525	-0.0808682	-0.130845	0.0775829	0.988363
4.53333	0.991256	0.0328907	0.127789	-0.022354	0.996296	-0.0830303	-0.130047	0.0794477	0.98832
4.56667	0.991479	0.0335978	0.125856	-0.0233466	0.996354	-0.0820598	-0.128154	0.0784223	0.988649
4.6	0.991884	0.0337689	0.122578	-0.0241863	0.996594	-0.0788379	-0.124823	0.0752334	0.989323
4.63333	0.992409	0.0344552	0.118055	-0.0258401	0.996942	-0.0737445	-0.120235	0.0701342	0.990265
4.66667	0.992942	0.0356498	0.113118	-0.02793	0.997218	-0.0691119	-0.115267	0.0654647	0.991175
4.7	0.993102	0.0444029	0.108517	-0.0369357	0.996871	-0.0698783	-0.11128	0.0653881	0.991636
4.73333	0.993181	0.0528357	0.103921	-0.0454728	0.996368	-0.0719875	-0.107347	0.066771	0.991977
4.76667	0.993013	0.0579453	0.102802	-0.0505446	0.996036	-0.0731908	-0.106636	0.0674833	0.992005
4.8	0.992681	0.0624561	0.103365	-0.0555552	0.996114	-0.0683484	-0.107232	0.0621057	0.992292
4.83333	0.992586	0.0671811	0.10129	-0.0611876	0.996251	-0.0611635	-0.105019	0.0545123	0.992975
4.86667	0.992618	0.0702999	0.0988304	-0.0651016	0.996369	-0.0548779	-0.102329	0.0480387	0.99359
4.9	0.992647	0.0717187	0.0975145	-0.0667144	0.996329	-0.0536496	-0.101004	0.0467495	0.993787
4.93333	0.992566	0.0739211	0.0966852	-0.0687104	0.996055	-0.0561593	-0.100455	0.0490985	0.993729
4.96667	0.992281	0.0771467	0.097088	-0.0716012	0.995665	-0.059366	-0.101247	0.0519562	0.993504
5	0.991879	0.0821379	0.097102	-0.0764016	0.995185	-0.0613923	-0.101677	0.053475	0.993379
5.03333	0.991526	0.086252	0.09714	-0.0807306	0.994964	-0.0594109	-0.101775	0.0510653	0.993496
5.06667	0.991503	0.0848233	0.0986197	-0.0794525	0.995198	-0.0571746	-0.102996	0.0488532	0.993481
5.1	0.991501	0.0819777	0.101018	-0.0770261	0.995673	-0.0519848	-0.104843	0.043762	0.993525
5.13333	0.991602	0.0785483	0.102739	-0.0741273	0.996179	-0.0461691	-0.105973	0.0381655	0.993636
5.16667	0.991925	0.0726998	0.103918	-0.0685092	0.996708	-0.0433474	-0.106727	0.0358781	0.993641
5.2	0.99235	0.0645215	0.105259	-0.0602127	0.997232	-0.0436152	-0.107782	0.0369436	0.993488
5.23333	0.992752	0.0541308	0.107299	-0.0494196	0.997714	-0.0460918	-0.109549	0.0404551	0.993158
5.26667	0.992991	0.043315	0.109968	-0.0381215	0.998076	-0.0488992	-0.111875	0.0443643	0.992732
5.3	0.993076	0.0309974	0.113312	-0.025395	0.998398	-0.0505557	-0.114698	0.0473281	0.992272
5.33333	0.992978	0.0185832	0.116831	-0.0128191	0.998672	-0.0498959	-0.117603	0.0480479	0.991898
5.36667	0.9928	0.00615434	0.119627	-0.000583354	0.998916	-0.046549	-0.119784	0.0461441	0.991727
5.4	0.99245	-0.00532045	0.122533	0.0105401	0.999062	-0.0419896	-0.122194	0.0429641	0.991576
5.43333	0.991989	-0.0153604	0.125391	0.0199859	0.999162	-0.0357149	-0.124737	0.0379348	0.991464
5.46667	0.991606	-0.023718	0.1271	0.0275481	0.999215	-0.0284621	-0.126325	0.0317245	0.991481
5.5	0.991357	-0.0298573	0.127752	0.0326804	0.999265	-0.0200594	-0.127059	0.0240611	0.991603
5.53333	0.991208	-0.0349834	0.127605	0.0368453	0.999246	-0.0122597	-0.12708	0.0168536	0.991749
5.56667	0.99129	-0.0369236	0.126413	0.0373192	0.999303	-0.000761472	-0.126297	0.00547248	0.991977
5.6	0.991535	-0.0373574	0.12435	0.0362133	0.999278	0.0114496	-0.124688	-0.00684953	0.992172
5.63333	0.991684	-0.0402281	0.122246	0.0383146	0.999104	0.0179641	-0.122859	-0.0131309	0.992337
5.66667	0.991741	-0.0446318	0.120237	0.0426821	0.998913	0.0187442	-0.120943	-0.0134574	0.992568
5.7	0.991929	-0.0475823	0.117529	0.0461778	0.998826	0.0146459	-0.118088	-0.00910046	0.992961
5.73333	0.992218	-0.0494276	0.114278	0.0486687	0.998771	0.00942363	-0.114603	-0.00378856	0.993404
5.76667	0.992104	-0.0557935	0.112328	0.0547827	0.998425	0.0120677	-0.112825	-0.00581875	0.993598
5.8	0.99182	-0.0637665	0.110576	0.0623427	0.997922	0.0162901	-0.111385	-0.00926319	0.993734
5.83333	0.991476	-0.0687136	0.110699	0.0669173	0.997561	0.0198656	-0.111794	-0.0122886	0.993655
5.86667	0.991192	-0.0715006	0.11147	0.07005	0.997401	0.0168811	-0.112387	-0.00892398	0.993624
5.9	0.991019	-0.0730224	0.112021	0.0723546	0.997329	0.01002	-0.112453	-0.00182482	0.993655
5.93333	0.990728	-0.0756805	0.112825	0.0756489	0.997124	0.0045681	-0.112847	0.00400937	0.993604
5.96667	0.990263	-0.0793857	0.114355	0.0796638	0.996819	0.00214397	-0.114161	0.00698684	0.993438
6	0.989959	-0.0832996	0.114201	0.0836605	0.996493	0.00163701	-0.113937	0.00793352	0.993456
6.03333	0.989794	-0.0867062	0.113091	0.0869508	0.996209	0.00277701	-0.112903	0.00708466	0.993581
6.06667	0.989471	-0.090459	0.112976	0.0906468	0.995877	0.00348382	-0.112825	0.00679378	0.993592
6.1	0.989137	-0.0937145	0.113247	0.0939965	0.995568	0.00285944	-0.113013	0.0078164	0.993563
6.13333	0.988841	-0.0953171	0.114493	0.0956231	0.995414	0.00282906	-0.114237	0.00815064	0.99342
6.16667	0.988385	-0.0976941	0.11641	0.0981669	0.995169	0.001678	-0.116011	0.00976906	0.9932
6.2	0.987766	-0.101286	0.118574	0.102326	0.994747	-0.00270053	-0.117678	0.0148007	0.992942
6.23333	0.987284	-0.103795	0.120402	0.105525	0.994384	-0.00807116	-0.118888	0.020674	0.992692
6.26667	0.987024	-0.104372	0.122027	0.106867	0.994174	-0.0140623	-0.119849	0.0269204	0.992427
6.3	0.986931	-0.103416	0.123581	0.106593	0.994114	-0.0193602	-0.120851	0.03228	0.992146
6.33333	0.987509	-0.0965599	0.124508	0.0998156	0.994802	-0.0201657	-0.121914	0.0323417	0.992014
6.36667	0.988312	-0.0877028	0.124691	0.0906572	0.995716	-0.0182098	-0.12256	0.0293011	0.992028
6.4	0.98903	-0.0786821	0.125017	0.0814924	0.99652	-0.0175186	-0.123204	0.0275144	0.992
6.43333	0.989487	-0.0721341	0.125348	0.0749756	0.997021	-0.0180951	-0.123669	0.0273029	0.991948
6.46667	0.989843	-0.0669786	0.1254	0.0699752	0.997355	-0.0196406	-0.123753	0.028216	0.991912
6.5	0.990146	-0.0610641	0.126022	0.0643447	0.997682	-0.0221234	-0.124379	0.0300142	0.991781
6.53333	0.990474	-0.0539849	0.126675	0.0577255	0.997993	-0.0260437	-0.125014	0.033108	0.991602
6.56667	0.990735	-0.0471119	0.127378	0.0516207	0.998143	-0.032329	-0.125619	0.0386048	0.991327
6.6	0.991021	-0.0391633	0.127845	0.0442953	0.998313	-0.037548	-0.126159	0.0428738	0.991083
6.63333	0.991234	-0.0324394	0.128075	0.0381641	0.998367	-0.0424991	-0.126488	0.0470144	0.990853
6.66667	0.991427	-0.0250799	0.128232	0.0311056	0.998493	-0.0452056	-0.126905	0.0488068	0.990713
6.7	0.991544	-0.0180639	0.128509	0.0244005	0.998554	-0.0479066	-0.127457	0.0506371	0.990551
6.73333	0.991647	-0.0115816	0.128461	0.0182732	0.99853	-0.0510347	-0.127681	0.0529558	0.990401
6.76667	0.991677	-0.00634211	0.128596	0.0137243	0.998303	-0.0566016	-0.128019	0.0578954	0.99008
6.8	0.991591	-0.000105338	0.129409	0.00824427	0.99802	-0.0623589	-0.129146	0.0629014	0.989629
6.83333	0.991478	0.00437557	0.1302	0.00462702	0.997622	-0.0687616	-0.130191	0.0687781	0.989101
6.86667	0.991363	0.00970714	0.130785	-0.000175259	0.997354	-0.0726973	-0.131145	0.0720465	0.988742
6.9	0.991296	0.0142994	0.130872	-0.00429272	0.997066	-0.0764267	-0.131581	0.0751997	0.988449
6.93333	0.991237	0.0179747	0.130867	-0.00767001	0.996859	-0.0788243	-0.131873	0.0771298	0.988261
6.96667	0.991119	0.0222986	0.131095	-0.0116651	0.996619	-0.0813283	-0.132465	0.0790768	0.988028
7	0.991043	0.026829	0.130822	-0.0158539	0.996321	-0.0842241	-0.1326	0.0813956	0.987822
7.03333	0.991072	0.0298137	0.129953	-0.0185178	0.996012	-0.0872796	-0.132037	0.0840939	0.987671
7.06667	0.991154	0.0317847	0.128851	-0.0206209	0.995989	-0.0870672	-0.131102	0.08364	0.987834
7.1	0.991301	0.0328201	0.127458	-0.0222851	0.996282	-0.0832182	-0.129715	0.0796538	0.988347
7.13333	0.991595	0.0333176	0.125021	-0.0238101	0.996763	-0.0767853	-0.127174	0.0731631	0.989178
7.16667	0.992078	0.0358702	0.120397	-0.0273511	0.997053	-0.0716799	-0.122614	0.0678191	0.990135
7.2	0.992383	0.0451061	0.114638	-0.0370112	0.996733	-0.0717856	-0.117502	0.0669959	0.99081
7.23333	0.992499	0.0492641	0.111885	-0.0411383	0.996424	-0.0738095	-0.115121	0.0686531	0.990976
7.26667	0.992203	0.0516317	0.113431	-0.043309	0.996269	-0.0746513	-0.116862	0.0691568	0.990737
7.3	0.992065	0.0551476	0.112986	-0.0473104	0.99636	-0.0709099	-0.116485	0.0650018	0.991063
7.33333	0.992268	0.0587566	0.109327	-0.0518538	0.99654	-0.0649479	-0.112764	0.0587767	0.991882
7.36667	0.992375	0.0616033	0.106755	-0.0554674	0.996685	-0.0595247	-0.110068	0.0531494	0.992502
7.4	0.992206	0.064337	0.106715	-0.0585307	0.996675	-0.0566792	-0.110007	0.0499913	0.992673
7.43333	0.992032	0.0673453	0.106472	-0.0615299	0.996477	-0.0569948	-0.109935	0.0499895	0.992681
7.46667	0.99182	0.070919	0.106134	-0.0649633	0.996168	-0.058562	-0.10988	0.0511881	0.992626
7.5	0.991588	0.0750597	0.105449	-0.069016	0.995819	-0.0598435	-0.1095	0.0520624	0.992622
7.53333	0.991399	0.0787567	0.104522	-0.0727995	0.995562	-0.0596413	-0.108755	0.0515192	0.992733
7.56667	0.991395	0.079113	0.104292	-0.0733156	0.995603	-0.0583018	-0.108446	0.0501539	0.992836
7.6	0.991418	0.0776881	0.105146	-0.0720391	0.9958	-0.0565024	-0.109094	0.0484428	0.99285
7.63333	0.991375	0.07614	0.106673	-0.0705733	0.995988	-0.0550281	-0.110435	0.0470252	0.99277
7.66667	0.991083	0.0766679	0.108977	-0.0714523	0.99614	-0.0509903	-0.112465	0.042749	0.992736
7.7	0.990761	0.0774772	0.111314	-0.0723708	0.996163	-0.0492098	-0.1147	0.0406993	0.992566
7.73333	0.990534	0.0764016	0.114037	-0.0711796	0.99625	-0.0491885	-0.117367	0.0406058	0.992258
7.76667	0.990454	0.0721878	0.117428	-0.066561	0.99647	-0.0511581	-0.120707	0.0428537	0.991763
7.8	0.990438	0.067159	0.12051	-0.0611387	0.996722	-0.0529819	-0.123673	0.0451075	0.991297
7.83333	0.990422	0.062566	0.123082	-0.0562746	0.996957	-0.0539475	-0.126083	0.0465044	0.990929
7.86667	0.990332	0.0572057	0.126372	-0.0506025	0.997211	-0.0548612	-0.129158	0.047936	0.990465
7.9	0.990325	0.0511075	0.129012	-0.0443344	0.997511	-0.0548383	-0.131494	0.0485881	0.990126
7.93333	0.990269	0.0439203	0.132058	-0.036945	0.997813	-0.0548153	-0.134176	0.049403	0.989725
7.96667	0.99013	0.0367707	0.135243	-0.0296232	0.998075	-0.0544878	-0.136987	0.0499436	0.989313
8	0.990036	0.029457	0.137699	-0.0225375	0.998416	-0.051543	-0.138999	0.0479261	0.989132
8.03333	0.989944	0.0211331	0.139873	-0.0147296	0.998802	-0.0466587	-0.140692	0.0441292	0.98907
8.06667	0.989745	0.0129183	0.142259	-0.0075427	0.999239	-0.0382618	-0.142645	0.0367964	0.98909
8.1	0.989644	0.00653683	0.143392	-0.00219145	0.999534	-0.0304413	-0.143524	0.0298118	0.989198
8.13333	0.989802	0.00688741	0.142281	-0.00426569	0.999816	-0.0187231	-0.142384	0.0179252	0.989649
8.16667	0.990073	0.00875357	0.140283	-0.00790767	0.999947	-0.00658624	-0.140333	0.00541155	0.99009
8.2	0.990233	0.00994459	0.139069	-0.0108434	0.999925	0.0057071	-0.139002	-0.00715934	0.990266
8.23333	0.99036	0.0085134	0.138254	-0.0108394	0.999812	0.0160797	-0.138091	-0.0174233	0.990266
8.26667	0.990513	0.00515216	0.137321	-0.00834997	0.999707	0.0227213	-0.137164	-0.0236523	0.990266
8.3	0.990876	0.00137381	0.134766	-0.00481938	0.99967	0.0252441	-0.134687	-0.0256633	0.990556
8.33333	0.991115	-0.00313269	0.132969	-0.000297569	0.999668	0.0257697	-0.133006	-0.0255803	0.990785
8.36667	0.991371	-0.0078034	0.130856	0.0046195	0.999686	0.0246172	-0.131007	-0.0238003	0.991096
8.4	0.991866	-0.01071	0.126836	0.00788009	0.999709	0.0227923	-0.127043	-0.0216074	0.991662
8.43333	0.992196	-0.0185627	0.123295	0.0157871	0.9996	0.0234507	-0.123681	-0.0213213	0.992093
8.46667	0.992205	-0.0296614	0.121035	0.0265987	0.999286	0.0268422	-0.121745	-0.0234136	0.992285
8.5	0.99172	-0.0371569	0.122922	0.0335925	0.998956	0.0309441	-0.123944	-0.0265587	0.991934
8.53333	0.991238	-0.0411356	0.125522	0.0377265	0.998855	0.0294175	-0.126589	-0.0244242	0.991655
8.56667	0.990971	-0.048434	0.125023	0.0456767	0.998648	0.0248294	-0.126056	-0.0188945	0.991843
8.6	0.99067	-0.0560004	0.124244	0.0538314	0.998334	0.0207487	-0.125199	-0.0138669	0.992035
8.63333	0.990011	-0.0631032	0.126078	0.0613588	0.997959	0.0176763	-0.126936	-0.00976373	0.991863
8.66667	0.989353	-0.0676541	0.128859	0.0654764	0.997632	0.0210669	-0.129979	-0.0124054	0.991439
8.7	0.988565	-0.0751085	0.130756	0.0726551	0.997082	0.0234408	-0.132135	-0.0136727	0.991137
8.73333	0.987927	-0.0809063	0.132116	0.0782859	0.996619	0.0249178	-0.133686	-0.0142741	0.990921
8.76667	0.98732	-0.086377	0.133183	0.0840646	0.996197	0.0228999	-0.134655	-0.0114136	0.990827
8.8	0.986542	-0.0912666	0.135663	0.090123	0.995824	0.0145603	-0.136425	-0.00213801	0.990648
8.83333	0.985864	-0.0930484	0.139331	0.0929208	0.995646	0.00743511	-0.139417	0.00561678	0.990218
8.86667	0.98558	-0.0925329	0.141668	0.0934533	0.995624	0.000157081	-0.141063	0.0130845	0.989914
8.9	0.98571	-0.0890797	0.142971	0.0907849	0.995856	-0.00543448	-0.141895	0.0183364	0.989712
8.93333	0.986317	-0.0819293	0.143058	0.083962	0.996435	-0.00822076	-0.141874	0.0201197	0.98968
8.96667	0.986985	-0.0734668	0.143052	0.0754978	0.997107	-0.00881402	-0.141991	0.0194995	0.989676
9	0.987606	-0.0651785	0.14278	0.0673462	0.997675	-0.0103969	-0.14177	0.0198837	0.9897
9.03333	0.988243	-0.0570627	0.141841	0.0596925	0.998114	-0.014352	-0.140754	0.0226501	0.989785
9.06667	0.988844	-0.0485613	0.140814	0.0517038	0.998487	-0.0187422	-0.13969	0.0258138	0.989859
9.1	0.989412	-0.0385965	0.139908	0.0422038	0.998846	-0.0229074	-0.138862	0.0285696	0.989899
9.13333	0.989863	-0.0282802	0.139181	0.0323005	0.999121	-0.026712	-0.138304	0.0309369	0.989907
9.16667	0.990218	-0.0183027	0.138323	0.0228838	0.999239	-0.0316013	-0.13764	0.0344575	0.989883
9.2	0.990485	-0.00966771	0.137283	0.014912	0.999196	-0.0372236	-0.136813	0.0389165	0.989832
9.23333	0.990688	-0.00168045	0.13614	0.0076274	0.999039	-0.0431727	-0.135937	0.0438091	0.989748
9.26667	0.990915	0.00560597	0.134374	0.00132138	0.998677	-0.0514083	-0.134484	0.0511188	0.989596
9.3	0.991031	0.0137723	0.132918	-0.00627797	0.998375	-0.0566386	-0.133482	0.0552961	0.989507
9.33333	0.991012	0.0218137	0.131979	-0.0136238	0.997943	-0.0626426	-0.133074	0.0602815	0.989271
9.36667	0.99087	0.0295528	0.131539	-0.020573	0.997397	-0.0691107	-0.133239	0.0657736	0.988899
9.4	0.99068	0.037844	0.130844	-0.0284212	0.996916	-0.073147	-0.133209	0.0687466	0.988701
9.43333	0.990522	0.0448734	0.129819	-0.0352305	0.996512	-0.0756462	-0.132761	0.0703556	0.988648
9.46667	0.990388	0.0509495	0.128591	-0.0412117	0.996157	-0.0772843	-0.132034	0.071242	0.988682
9.5	0.990296	0.0564165	0.127008	-0.0467275	0.995856	-0.0780159	-0.130884	0.071324	0.988829
9.53333	0.990225	0.0618771	0.125001	-0.0523644	0.995577	-0.0780062	-0.129275	0.0706981	0.989085
9.56667	0.990224	0.0661175	0.122818	-0.0567967	0.995342	-0.0779042	-0.127397	0.070167	0.989367
9.6	0.990295	0.0687259	0.120798	-0.0597923	0.995307	-0.0760887	-0.12546	0.0681275	0.989757
9.63333	0.990509	0.0696277	0.118509	-0.0614089	0.995538	-0.0716479	-0.122969	0.0636903	0.990365
9.66667	0.990322	0.0785917	0.114393	-0.070888	0.99503	-0.0699271	-0.11932	0.0611412	0.990971
9.7	0.990139	0.0870053	0.109795	-0.0798817	0.994503	-0.0676994	-0.115082	0.0582612	0.991646
9.73333	0.989561	0.0920232	0.110911	-0.0853442	0.994323	-0.0635425	-0.116128	0.0534136	0.991797
9.76667	0.988919	0.0970639	0.112333	-0.0912151	0.99425	-0.0560963	-0.117132	0.0452282	0.992086
9.8	0.988564	0.102829	0.110303	-0.0979336	0.993989	-0.0489333	-0.114671	0.0375714	0.992693
9.83333	0.988432	0.106961	0.107524	-0.102908	0.993779	-0.0425742	-0.111409	0.0310166	0.99329
9.86667	0.988169	0.109858	0.107022	-0.106288	0.993589	-0.038522	-0.110567	0.0266911	0.99351
9.9	0.987711	0.114134	0.106774	-0.110824	0.993171	-0.0364515	-0.110205	0.0241704	0.993615
9.93333	0.98734	0.118258	0.105708	-0.11503	0.992704	-0.0361503	-0.109212	0.023533	0.99374
9.96667	0.98708	0.119535	0.106697	-0.116014	0.992496	-0.0386388	-0.110515	0.0257612	0.993541
10	0.986596	0.122259	0.108078	-0.118776	0.992189	-0.0381225	-0.111894	0.0247745	0.993411
10.0333	0.986499	0.122641	0.10853	-0.119206	0.992157	-0.0376163	-0.112292	0.0241711	0.993381
10.0667	0.986541	0.121675	0.109238	-0.118516	0.992336	-0.034982	-0.112657	0.0215647	0.9934
10.1	0.986509	0.119964	0.111395	-0.117435	0.992657	-0.0290177	-0.114058	0.0155446	0.993352
10.1333	0.986608	0.116328	0.114335	-0.114519	0.993171	-0.0222841	-0.116147	0.00889206	0.993192
10.1667	0.987016	0.11	0.117046	-0.108614	0.993918	-0.0181764	-0.118334	0.0052276	0.99296
10.2	0.987647	0.101747	0.119165	-0.100304	0.994793	-0.0180628	-0.120382	0.00588701	0.99271
10.2333	0.988402	0.091887	0.120902	-0.0900197	0.995722	-0.0208286	-0.122299	0.0097034	0.992446
10.2667	0.989189	0.0807456	0.122413	-0.0782929	0.996624	-0.0247239	-0.123996	0.0148726	0.992171
10.3	0.989785	0.0707922	0.123752	-0.067828	0.997304	-0.0280086	-0.125401	0.0193286	0.991918
10.3333	0.990382	0.0609813	0.124196	-0.0575504	0.99786	-0.0310309	-0.125823	0.0235849	0.991772
10.3667	0.990917	0.0493366	0.125095	-0.0455234	0.998413	-0.0331623	-0.126532	0.0271664	0.99159
10.4	0.99124	0.036999	0.126787	-0.0330993	0.998916	-0.0327289	-0.127861	0.0282456	0.99139
10.4333	0.991368	0.0249004	0.128724	-0.0211644	0.999316	-0.0303104	-0.129391	0.0273244	0.991217
10.4667	0.991369	0.0138236	0.130367	-0.0103244	0.999569	-0.027479	-0.13069	0.0258959	0.991085
10.5	0.991312	0.0039477	0.131473	-0.000653629	0.999685	-0.0250888	-0.131531	0.0247849	0.991002
10.5333	0.991172	-0.00337611	0.132541	0.00633112	0.999741	-0.0218799	-0.132433	0.0225259	0.990936
10.5667	0.991083	-0.00948388	0.132906	0.0121639	0.999738	-0.0193675	-0.132688	0.0208115	0.990939
10.6	0.991107	-0.0133195	0.132403	0.0154728	0.999764	-0.0152473	-0.132168	0.0171603	0.991079
10.6333	0.991187	-0.0172522	0.131339	0.0189244	0.999755	-0.0114945	-0.131108	0.0138787	0.991271
10.6667	0.99128	-0.0201163	0.130227	0.0209284	0.999769	-0.00487042	-0.130099	0.0075534	0.991472
10.7	0.991213	-0.0245146	0.129987	0.0245899	0.999697	0.00102592	-0.129972	0.00217945	0.991515
10.7333	0.991188	-0.0285056	0.129357	0.0279305	0.99959	0.00625843	-0.129482	-0.00259029	0.991578
10.7667	0.991377	-0.0304834	0.127448	0.0294269	0.999515	0.0101645	-0.127696	-0.00632645	0.991793
10.8	0.991606	-0.0317012	0.125353	0.0301994	0.999448	0.013863	-0.125723	-0.00996105	0.992015
10.8333	0.991735	-0.0334675	0.123858	0.0314716	0.999342	0.0180366	-0.12438	-0.0139895	0.992136
10.8667	0.991849	-0.0347294	0.122593	0.0323115	0.999243	0.0216568	-0.123253	-0.0175191	0.992221
10.9	0.991994	-0.0360577	0.121024	0.0336378	0.999192	0.02198	-0.121719	-0.0177331	0.992406
10.9333	0.992176	-0.0382913	0.118831	0.0359215	0.999112	0.0220212	-0.119569	-0.0175803	0.99267
10.9667	0.99185	-0.0466621	0.118561	0.044078	0.998732	0.0243269	-0.119546	-0.0189027	0.992649
11	0.991178	-0.0550622	0.120556	0.0522094	0.998279	0.0266987	-0.121818	-0.020169	0.992347
11.0333	0.990508	-0.0613961	0.122978	0.0585549	0.99793	0.026589	-0.124356	-0.0191356	0.992053
11.0667	0.98977	-0.0696108	0.124535	0.0674237	0.997489	0.0216959	-0.125732	-0.0130774	0.991978
11.1	0.989142	-0.0780106	0.124553	0.0766765	0.996936	0.0154761	-0.125378	-0.00575775	0.992092
11.1333	0.988596	-0.0841148	0.12491	0.0833411	0.996456	0.0114161	-0.125428	-0.000875723	0.992102
11.1667	0.988005	-0.0881871	0.126763	0.0876322	0.996103	0.00995838	-0.127148	0.00126962	0.991883
11.2	0.987571	-0.0929155	0.12677	0.0923884	0.995672	0.0100445	-0.127155	0.00179241	0.991881
11.2333	0.986987	-0.0991532	0.126592	0.0988806	0.995063	0.00845132	-0.126805	0.00417616	0.991919
11.2667	0.986223	-0.104258	0.128434	0.104411	0.994519	0.00556174	-0.12831	0.00792479	0.991702
11.3	0.985761	-0.105176	0.1312	0.105613	0.994401	0.00363996	-0.130848	0.0102683	0.991349
11.3333	0.984849	-0.109277	0.13465	0.110821	0.993832	-0.00400219	-0.133382	0.0188636	0.990885
11.3667	0.983872	-0.113352	0.138371	0.116279	0.993128	-0.0132327	-0.135921	0.029109	0.990292
11.4	0.982994	-0.116992	0.141546	0.121534	0.992301	-0.0238534	-0.137665	0.0406504	0.989644
11.4333	0.983156	-0.112327	0.144176	0.117221	0.992768	-0.0258891	-0.140225	0.0423535	0.989213
11.4667	0.983402	-0.105805	0.147399	0.110919	0.993465	-0.0268965	-0.143591	0.0427995	0.988711
11.5	0.983904	-0.0990719	0.148717	0.104052	0.99423	-0.0260693	-0.145276	0.041124	0.988536
11.5333	0.984802	-0.0896462	0.148756	0.0943122	0.995239	-0.0246008	-0.145843	0.0382564	0.988568
11.5667	0.985826	-0.0758243	0.14966	0.079763	0.996603	-0.020484	-0.147598	0.032131	0.988525
11.6	0.98613	-0.0682025	0.151312	0.0727185	0.997051	-0.0245091	-0.149194	0.0351724	0.988182
11.6333	0.986546	-0.0598959	0.152118	0.0650523	0.997456	-0.029145	-0.149986	0.0386486	0.987932
11.6667	0.986997	-0.0510031	0.152433	0.0566852	0.997841	-0.0331629	-0.150412	0.0413724	0.987757
11.7	0.987339	-0.0419356	0.152978	0.0481243	0.998157	-0.0369772	-0.151146	0.043871	0.987538
11.7333	0.987604	-0.033644	0.15332	0.0407011	0.99824	-0.0431243	-0.151599	0.04883	0.987235
11.7667	0.987842	-0.027506	0.153011	0.0356566	0.998073	-0.0507814	-0.151319	0.0556199	0.986919
11.8	0.98803	-0.0208406	0.152848	0.0302326	0.997777	-0.0593823	-0.151271	0.0632925	0.986464
11.8333	0.988261	-0.0132391	0.152201	0.0234262	0.997588	-0.0653344	-0.150969	0.0681329	0.986188
11.8667	0.988527	-0.00684271	0.150892	0.0175034	0.997433	-0.0694366	-0.150029	0.0712811	0.986109
11.9	0.988772	-7.92078e-05	0.149434	0.0108656	0.997391	-0.0713668	-0.149039	0.0721892	0.986193
11.9333	0.988993	0.0102773	0.147602	1.04885e-05	0.99758	-0.0695303	-0.14796	0.0687665	0.9866
11.9667	0.989078	0.0159274	0.146528	-0.00485053	0.997123	-0.0756449	-0.147311	0.074108	0.98631
12	0.989174	0.0236393	0.144833	-0.012354	0.996851	-0.0783287	-0.146229	0.0756914	0.986351
12.0333	0.989263	0.03026	0.14298	-0.0184543	0.996363	-0.0831848	-0.144978	0.079653	0.986224
12.0667	0.98961	0.0351285	0.139418	-0.0232584	0.996034	-0.0858749	-0.141881	0.0817401	0.986503
12.1	0.990089	0.0390975	0.134891	-0.0278582	0.996057	-0.0842259	-0.137652	0.0796334	0.987274
12.1333	0.990586	0.0445524	0.129437	-0.0342892	0.996167	-0.0804664	-0.132526	0.0752707	0.988317
12.1667	0.990388	0.062732	0.123273	-0.052912	0.995277	-0.0813828	-0.127796	0.074078	0.98903
12.2	0.989688	0.0789782	0.119498	-0.0697293	0.994377	-0.079699	-0.12512	0.0705447	0.98963
12.2333	0.988724	0.0890316	0.120412	-0.0803547	0.993933	-0.0750987	-0.126368	0.0645761	0.989879
12.2667	0.987716	0.098211	0.121541	-0.0907641	0.993724	-0.0653732	-0.127199	0.0535385	0.990431
12.3	0.987139	0.10701	0.118765	-0.100996	0.993333	-0.055574	-0.12392	0.0428645	0.991366
12.3333	0.986856	0.111467	0.117009	-0.106503	0.993159	-0.0478772	-0.121545	0.0347861	0.991976
12.3667	0.986595	0.113697	0.117063	-0.109281	0.993059	-0.0434966	-0.121196	0.0301209	0.992172
12.4	0.98629	0.116784	0.116591	-0.112356	0.992699	-0.0438739	-0.120863	0.0301727	0.992211
