0	1	0	0	0	1	0	0	0	1
0.0333333	0.999834	0.00038403	-0.0182141	-0.0012524	0.998861	-0.0476886	0.018175	0.0477035	0.998696
0.0666667	0.999917	-0.000128754	-0.0129108	-0.00026471	0.999536	-0.0304693	0.0129087	0.0304702	0.999452
0.1	0.999954	-8.87311e-05	-0.00958181	-0.000185601	0.99959	-0.0286258	0.00958042	0.0286263	0.999544
0.133333	0.999962	0.000356216	-0.00874735	-0.000576504	0.999682	-0.0251938	0.0087356	0.0251978	0.999644
0.166667	0.999964	0.000779495	-0.00847645	-0.000968836	0.99975	-0.0223561	0.0084569	0.0223635	0.999714
0.2	0.999967	0.000772982	-0.00804116	-0.000925239	0.99982	-0.0189482	0.00802507	0.018955	0.999788
0.233333	0.99997	0.000826719	-0.00776561	-0.000955017	0.999863	-0.0165321	0.00775087	0.016539	0.999833
0.266667	0.999974	0.000959848	-0.00712786	-0.00106319	0.999894	-0.0145092	0.00711318	0.0145164	0.999869
0.3	0.999975	0.00100778	-0.0069479	-0.00109665	0.999917	-0.0127984	0.00693443	0.0128057	0.999894
0.333333	0.999979	0.000689999	-0.00644888	-0.000755619	0.999948	-0.0101786	0.00644152	0.0101833	0.999927
0.366667	0.99998	0.00050701	-0.00633553	-0.000567423	0.999954	-0.00953755	0.0063304	0.00954096	0.999934
0.4	0.99998	0.000328478	-0.00624564	-0.000379852	0.999966	-0.00822611	0.00624273	0.00822832	0.999947
0.433333	0.999981	0.000482907	-0.00618505	-0.000539492	0.999958	-0.00915029	0.00618037	0.00915345	0.999939
0.466667	0.999982	0.000854434	-0.00585905	-0.000914674	0.999947	-0.0102865	0.00584995	0.0102917	0.99993
0.5	0.999982	0.0012238	-0.00580704	-0.00129373	0.999927	-0.0120541	0.00579186	0.0120614	0.99991
0.533333	0.999983	0.00148731	-0.00555818	-0.0015578	0.999918	-0.0127007	0.00553884	0.0127091	0.999904
0.566667	0.999985	0.00174375	-0.00528623	-0.00181023	0.999919	-0.0125985	0.00526383	0.0126079	0.999907
0.6	0.999985	0.00195208	-0.00515484	-0.00202683	0.999892	-0.0145371	0.0051259	0.0145473	0.999881
0.633333	0.999986	0.00209705	-0.00481941	-0.00216727	0.999891	-0.0146117	0.00478824	0.0146219	0.999882
0.666667	0.999989	0.00213547	-0.00429333	-0.00219707	0.999894	-0.0143951	0.00426214	0.0144043	0.999887
0.7	0.99999	0.00205935	-0.00390589	-0.00211725	0.999887	-0.0148784	0.0038748	0.0148865	0.999882
0.733333	0.999991	0.0020716	-0.00366109	-0.00212943	0.999872	-0.0158658	0.00362775	0.0158734	0.999867
0.766667	0.999992	0.00212442	-0.00351742	-0.00218308	0.999857	-0.0167565	0.00348132	0.016764	0.999853
0.8	0.999991	0.00224986	-0.00357351	-0.0023126	0.999842	-0.0176513	0.00353323	0.0176594	0.999838
0.833333	0.999992	0.00220843	-0.00343362	-0.00227247	0.999821	-0.018762	0.00339157	0.0187697	0.999818
0.866667	0.999992	0.0024522	-0.00324358	-0.00251658	0.999797	-0.0199963	0.00319389	0.0200043	0.999795
0.9	0.999991	0.00248196	-0.00334311	-0.00255209	0.999773	-0.0211411	0.00328988	0.0211495	0.999771
0.933333	0.999991	0.00265124	-0.00341636	-0.00271972	0.999792	-0.0201988	0.0033621	0.0202079	0.99979
0.966667	0.99999	0.00260484	-0.00371517	-0.00268361	0.999768	-0.021357	0.00365868	0.0213667	0.999765
1	0.999989	0.00278476	-0.00377705	-0.00286798	0.999749	-0.0222092	0.00371425	0.0222198	0.999746
1.03333	0.99999	0.0029466	-0.00347272	-0.00302593	0.999729	-0.0230628	0.00340382	0.0230731	0.999728
1.06667	0.99999	0.00303283	-0.00317102	-0.00310743	0.999712	-0.0237893	0.00309796	0.0237989	0.999712
1.1	0.999992	0.00308351	-0.00260541	-0.00314577	0.999701	-0.0242409	0.00252989	0.0242489	0.999703
1.13333	0.999993	0.00316409	-0.00218806	-0.00321869	0.999672	-0.025418	0.00210691	0.0254248	0.999675
1.16667	0.999993	0.00308783	-0.00190441	-0.00313624	0.999658	-0.0259631	0.00182359	0.0259689	0.999661
1.2	0.999994	0.00289473	-0.00179826	-0.00294243	0.999628	-0.0271156	0.0017191	0.0271207	0.999631
1.23333	0.999995	0.00254387	-0.00171574	-0.00258983	0.999623	-0.0273375	0.00164555	0.0273418	0.999625
1.26667	0.999996	0.00219409	-0.00164485	-0.00224052	0.999583	-0.0287788	0.00158102	0.0287824	0.999584
1.3	0.999998	0.00181838	-0.000685246	-0.0018376	0.999573	-0.0291763	0.000631899	0.0291775	0.999574
1.33333	1	0.000785847	0.000596152	-0.000768378	0.999586	-0.0287567	-0.000618504	0.0287562	0.999586
1.36667	0.999999	-0.0002147	0.00111488	0.000242927	0.999678	-0.0253805	-0.00110907	0.0253807	0.999677
1.4	0.999998	-0.00100131	0.00149946	0.00103317	0.999771	-0.0213969	-0.00147769	0.0213984	0.99977
1.43333	0.999997	-0.00186479	0.00184625	0.00189649	0.999848	-0.017322	-0.00181366	0.0173254	0.999848
1.46667	0.999994	-0.00281242	0.00198701	0.00283572	0.999926	-0.0118241	-0.00195361	0.0118297	0.999928
1.5	0.999988	-0.00412333	0.00251542	0.0041365	0.999978	-0.00525648	-0.00249369	0.00526682	0.999983
1.53333	0.999984	-0.00524325	0.00221991	0.00524013	0.999985	0.00140943	-0.00222727	-0.00139777	0.999997
1.56667	0.999978	-0.00620121	0.0021775	0.00618259	0.999945	0.00845746	-0.00222982	-0.00844381	0.999962
1.6	0.999966	-0.00779112	0.00272639	0.00773872	0.999795	0.0187287	-0.00287175	-0.018707	0.999821
1.63333	0.999946	-0.00954429	0.00416821	0.00941351	0.999495	0.0303403	-0.00445568	-0.0302995	0.999531
1.66667	0.999924	-0.0107542	0.00609496	0.0104924	0.999085	0.0414571	-0.00653522	-0.04139	0.999122
1.7	0.999891	-0.0124738	0.00790709	0.0120302	0.998476	0.0538606	-0.00856689	-0.0537596	0.998517
1.73333	0.999851	-0.0141345	0.00986243	0.01346	0.997769	0.0653966	-0.0107648	-0.0652541	0.997811
1.76667	0.999823	-0.0155612	0.0105821	0.0146475	0.996563	0.0815373	-0.0118146	-0.0813679	0.996614
1.8	0.999791	-0.0169946	0.011344	0.0159361	0.996024	0.0876502	-0.0127885	-0.0874511	0.996087
1.83333	0.999744	-0.0188259	0.0125281	0.0175317	0.995186	0.0964229	-0.014283	-0.0961786	0.995262
1.86667	0.999698	-0.0210006	0.0127728	0.0194888	0.993877	0.108755	-0.0149785	-0.108474	0.993986
1.9	0.999638	-0.0236116	0.0128667	0.0218845	0.992419	0.120934	-0.0156246	-0.120609	0.992577
1.93333	0.999582	-0.0262074	0.0122069	0.0243371	0.990677	0.134038	-0.0156059	-0.133684	0.990901
1.96667	0.999549	-0.0282796	0.0101341	0.0264674	0.988603	0.148202	-0.0142097	-0.147867	0.988905
2	0.999532	-0.0298711	0.00663629	0.0284079	0.986457	0.161541	-0.0113718	-0.161277	0.986844
2.03333	0.99951	-0.0311044	0.0035165	0.0299766	0.983464	0.178608	-0.00901384	-0.178415	0.983914
2.06667	0.999473	-0.0324701	0.000397374	0.0318548	0.98276	0.18212	-0.00630397	-0.182011	0.983276
2.1	0.999422	-0.0339787	-0.000743238	0.0335153	0.981688	0.187523	-0.00564217	-0.18744	0.98226
2.13333	0.999364	-0.0356574	-0.000797953	0.0351548	0.981008	0.190755	-0.00601904	-0.190662	0.981637
2.16667	0.999312	-0.0370802	-0.000158339	0.0364193	0.980679	0.192203	-0.00697166	-0.192077	0.981355
2.2	0.99928	-0.0379368	0.000452217	0.0371371	0.980515	0.192903	-0.00776151	-0.192747	0.981218
2.23333	0.999261	-0.0384415	0.000512183	0.0376112	0.980263	0.194087	-0.00796308	-0.193924	0.980984
2.26667	0.999275	-0.0380535	-0.000848786	0.037494	0.980253	0.194161	-0.00655649	-0.194052	0.980969
2.3	0.999294	-0.0375049	-0.00238988	0.0372495	0.980048	0.195239	-0.00498022	-0.19519	0.980753
2.33333	0.999317	-0.0367813	-0.00356757	0.0367646	0.979791	0.196618	-0.00373639	-0.196615	0.980474
2.36667	0.999369	-0.0352308	-0.00455925	0.0354493	0.980657	0.192499	-0.00231083	-0.192539	0.981287
2.4	0.999429	-0.0332836	-0.00575234	0.0337722	0.981802	0.186878	-0.000572315	-0.186966	0.982366
2.43333	0.999469	-0.0317192	-0.00750271	0.0325537	0.982917	0.181145	0.00162877	-0.181293	0.983428
2.46667	0.999522	-0.0290783	-0.0105032	0.0304813	0.983662	0.177428	0.00517227	-0.177663	0.984078
2.5	0.999539	-0.027112	-0.0136945	0.0291022	0.983932	0.176157	0.00869851	-0.176474	0.984267
2.53333	0.999604	-0.0249921	-0.0129603	0.0268942	0.983816	0.17715	0.00832316	-0.177428	0.984099
2.56667	0.99963	-0.0241579	-0.0124969	0.0259511	0.984705	0.172288	0.00814366	-0.172549	0.984967
2.6	0.999647	-0.0235284	-0.0123162	0.0251137	0.988321	0.150306	0.0086359	-0.150562	0.988563
2.63333	0.999699	-0.0210393	-0.0126231	0.0224028	0.992529	0.119936	0.0100055	-0.120182	0.992701
2.66667	0.999767	-0.017992	-0.0119541	0.0188204	0.997137	0.073237	0.0106022	-0.0734449	0.997243
2.7	0.999839	-0.0132567	-0.0120932	0.0134745	0.999745	0.0181108	0.0118501	-0.0182708	0.999763
2.73333	0.999895	-0.00744459	-0.0124009	0.00708955	0.999571	-0.0284315	0.0126073	0.0283406	0.999519
2.76667	0.999901	-0.00169979	-0.0139562	0.000777388	0.99783	-0.0658342	0.0140378	0.0658168	0.997733
2.8	0.999839	0.0039364	-0.0175266	-0.00563213	0.995192	-0.0977797	0.0170574	0.0978627	0.995054
2.83333	0.999721	0.00941019	-0.0216581	-0.0119787	0.992494	-0.121702	0.0203503	0.121927	0.99233
2.86667	0.999539	0.0156678	-0.0260052	-0.0191661	0.98993	-0.140253	0.0235459	0.140686	0.989774
2.9	0.999251	0.0220554	-0.0317968	-0.0267047	0.98769	-0.15413	0.028006	0.154864	0.987539
2.93333	0.998837	0.0281639	-0.0391348	-0.034239	0.985792	-0.164445	0.0339474	0.165593	0.98561
2.96667	0.998316	0.0332385	-0.0475496	-0.0409423	0.98433	-0.171519	0.0411035	0.173177	0.984033
3	0.997775	0.0364735	-0.0558112	-0.0457375	0.983517	-0.174936	0.0485107	0.1771	0.982997
3.03333	0.997309	0.0368059	-0.063407	-0.0474708	0.983263	-0.175897	0.0558717	0.178433	0.982364
3.06667	0.996946	0.0337793	-0.0704153	-0.0456232	0.983679	-0.174052	0.0633867	0.176733	0.982216
3.1	0.996583	0.0287963	-0.0774184	-0.0418111	0.984184	-0.172147	0.0712367	0.174796	0.982024
3.13333	0.996259	0.0240392	-0.0830079	-0.0378494	0.984881	-0.169045	0.0776892	0.171554	0.982107
3.16667	0.996392	0.0207664	-0.0822883	-0.0338672	0.986346	-0.161167	0.0778178	0.163373	0.983491
3.2	0.996684	0.0176025	-0.0794387	-0.028884	0.989274	-0.143186	0.0760662	0.145006	0.986503
3.23333	0.997249	0.0132205	-0.0729353	-0.0216657	0.992984	-0.116245	0.0708868	0.117505	0.990539
3.26667	0.997781	0.00584931	-0.066326	-0.0115941	0.996179	-0.086563	0.0655662	0.0871399	0.994036
3.3	0.99827	-0.00141915	-0.0587841	-0.00173685	0.998561	-0.0536021	0.0587756	0.0536115	0.996831
3.33333	0.998608	-0.00818717	-0.0521141	0.00730524	0.999827	-0.0170911	0.052245	0.0166866	0.998495
3.36667	0.998745	-0.0151953	-0.0477315	0.0160407	0.99972	0.0173798	0.047454	-0.0181236	0.998709
3.4	0.998752	-0.0214644	-0.0450989	0.0235586	0.998644	0.0464299	0.0440411	-0.0474344	0.997903
3.43333	0.998642	-0.026702	-0.04474	0.0297249	0.99722	0.0683222	0.0427913	-0.0695593	0.99666
3.46667	0.998433	-0.0306056	-0.0468423	0.0344766	0.995853	0.0841959	0.0440712	-0.0856789	0.995348
3.5	0.998051	-0.0327884	-0.053094	0.0377979	0.994637	0.0962748	0.0496526	-0.098094	0.993938
3.53333	0.997626	-0.0328712	-0.0605207	0.0390265	0.993863	0.103507	0.0567468	-0.105623	0.992786
3.56667	0.99729	-0.0317014	-0.0663948	0.038749	0.993428	0.107703	0.0625441	-0.109984	0.991964
3.6	0.997117	-0.0306265	-0.0694176	0.0380687	0.993361	0.108557	0.065632	-0.110887	0.991664
3.63333	0.997111	-0.0301842	-0.0697085	0.0374263	0.993764	0.105039	0.0661033	-0.107345	0.992022
3.66667	0.997093	-0.0287348	-0.0705673	0.0357146	0.994373	0.0997296	0.0673045	-0.10196	0.992509
3.7	0.997066	-0.0290811	-0.0708077	0.0359017	0.994633	0.0970419	0.0676055	-0.0992993	0.992758
3.73333	0.99729	-0.0292799	-0.0674937	0.0354627	0.995099	0.0923075	0.0644601	-0.0944509	0.99344
3.76667	0.997747	-0.0276924	-0.0611036	0.0320975	0.996864	0.0723306	0.058909	-0.0741289	0.995507
3.8	0.998304	-0.0253668	-0.0524038	0.027655	0.998674	0.0434117	0.0512331	-0.0447873	0.997682
3.83333	0.998765	-0.0203901	-0.0453023	0.0209959	0.999696	0.0129366	0.0450248	-0.0138718	0.99889
3.86667	0.999148	-0.0136281	-0.0389628	0.0129727	0.999771	-0.0170234	0.0391859	0.0165035	0.999096
3.9	0.99939	-0.00694626	-0.0342296	0.00529192	0.998824	-0.0481863	0.0345241	0.0479757	0.998252
3.93333	0.999496	-0.00149633	-0.0317052	-0.000896047	0.99716	-0.0753087	0.0317278	0.0752992	0.996656
3.96667	0.999476	0.00316277	-0.0322125	-0.00634612	0.995047	-0.0992068	0.0317391	0.0993592	0.994545
4	0.999309	0.00739829	-0.0364176	-0.0116717	0.992877	-0.11857	0.035281	0.118914	0.992278
4.03333	0.999039	0.0114959	-0.0423019	-0.0169214	0.99134	-0.130227	0.0404385	0.130818	0.990581
4.06667	0.998707	0.0137915	-0.0489293	-0.0203332	0.990523	-0.13583	0.0465923	0.13665	0.989523
4.1	0.998514	0.0144039	-0.0525492	-0.0215154	0.990284	-0.137387	0.0500598	0.138313	0.989123
4.13333	0.998513	0.01339	-0.0528507	-0.0205437	0.990326	-0.13723	0.0505019	0.138112	0.989128
4.16667	0.998618	0.0115389	-0.0512703	-0.0185103	0.990307	-0.137657	0.049185	0.138416	0.989152
4.2	0.998463	0.0105456	-0.0544114	-0.01812	0.989893	-0.140653	0.0523782	0.141423	0.988563
4.23333	0.998357	0.0144754	-0.0554352	-0.0222384	0.989604	-0.142092	0.0528021	0.143091	0.9883
4.26667	0.998338	0.0176704	-0.0548516	-0.0249081	0.99064	-0.13421	0.0519667	0.135353	0.989434
4.3	0.99865	0.0183197	-0.0486109	-0.0237957	0.993129	-0.114576	0.0461779	0.115578	0.992224
4.33333	0.999039	0.0151824	-0.0411133	-0.0188515	0.995729	-0.0903809	0.0395655	0.0910691	0.995058
4.36667	0.999392	0.00871633	-0.0337677	-0.0109353	0.997753	-0.0660944	0.0331157	0.0664234	0.997242
4.4	0.999601	0.00188455	-0.0281757	-0.0029096	0.999334	-0.0363839	0.0280884	0.0364514	0.998941
4.43333	0.999696	-0.00477531	-0.0241909	0.00465047	0.999976	-0.0052141	0.0242152	0.00510002	0.999694
4.46667	0.999694	-0.011331	-0.0219994	0.011827	0.999676	0.0225464	0.0217368	-0.0227997	0.999504
4.5	0.999602	-0.0175119	-0.0221227	0.0185257	0.998747	0.0464854	0.0212809	-0.0468768	0.998674
4.53333	0.999438	-0.0227231	-0.0246283	0.0243127	0.997504	0.0662908	0.0230605	-0.0668523	0.997496
4.56667	0.999192	-0.0266388	-0.0300904	0.0289758	0.996365	0.0801062	0.0278471	-0.0809133	0.996332
4.6	0.998905	-0.0293351	-0.0364515	0.0325092	0.995431	0.0897788	0.0336513	-0.0908654	0.995294
4.63333	0.998707	-0.0308618	-0.0404081	0.0346626	0.994679	0.097013	0.0371991	-0.0982882	0.994463
4.66667	0.998612	-0.0316246	-0.0421275	0.036005	0.993537	0.107643	0.0384511	-0.109011	0.993297
4.7	0.998556	-0.0308599	-0.0439733	0.0357326	0.992755	0.11472	0.0401144	-0.116126	0.992424
4.73333	0.998265	-0.0299003	-0.0507192	0.0359474	0.991774	0.122847	0.0466288	-0.124457	0.991129
4.76667	0.998093	-0.0323678	-0.0525682	0.0388443	0.991108	0.127267	0.0479814	-0.129066	0.990474
4.8	0.998327	-0.033763	-0.0469417	0.0390645	0.992358	0.117042	0.0426313	-0.11868	0.992017
4.83333	0.998719	-0.0333362	-0.0380724	0.0364496	0.995778	0.0842452	0.0351032	-0.085525	0.995717
4.86667	0.99904	-0.0302466	-0.0316743	0.0318007	0.998254	0.0497669	0.0301137	-0.0507265	0.998258
4.9	0.99932	-0.0255127	-0.026609	0.0259688	0.999519	0.0169402	0.026164	-0.0176197	0.999502
4.93333	0.999539	-0.0204259	-0.0224497	0.0200288	0.999641	-0.0177741	0.0228047	0.0173163	0.99959
4.96667	0.999671	-0.0146911	-0.0210135	0.0136733	0.998764	-0.0477887	0.0216896	0.0474857	0.998636
5	0.999733	-0.00931816	-0.0211466	0.00771663	0.997184	-0.0745916	0.0217821	0.0744085	0.99699
5.03333	0.999716	-0.00347486	-0.0235723	0.00118968	0.995354	-0.0962732	0.0237973	0.0962178	0.995076
5.06667	0.999614	0.0016778	-0.0277442	-0.00471039	0.993964	-0.109605	0.0273928	0.109693	0.993588
5.1	0.999393	0.00567197	-0.0343623	-0.00960209	0.993283	-0.115312	0.0334775	0.115572	0.992735
5.13333	0.999145	0.00719812	-0.0407093	-0.0117863	0.993455	-0.113617	0.039625	0.113999	0.99269
5.16667	0.99902	0.00655006	-0.0437663	-0.0112666	0.994043	-0.108405	0.0427955	0.108792	0.993143
5.2	0.999047	0.00537338	-0.0433266	-0.00997092	0.994251	-0.106607	0.0425047	0.106937	0.993357
5.23333	0.999126	0.00414843	-0.0415882	-0.00859141	0.994197	-0.107231	0.040902	0.107495	0.993364
