0	0.931037	-0.364924	0	0.364924	0.931037	0	0	0	1
0.0333333	0.954313	-0.284511	-0.0913251	0.282496	0.958646	-0.034558	0.0973805	0.00718012	0.995221
0.0666667	0.970486	-0.0988499	-0.219968	0.0877332	0.994349	-0.0597698	0.224634	0.0387072	0.973674
0.1	0.947674	0.0677854	-0.311959	-0.0907934	0.994072	-0.0598125	0.306055	0.0850065	0.948211
0.133333	0.906272	0.198682	-0.37309	-0.233172	0.97119	-0.0492087	0.352564	0.131591	0.926489
0.166667	0.861751	0.295219	-0.41259	-0.339449	0.939918	-0.0364492	0.377041	0.171464	0.910187
0.2	0.821846	0.36344	-0.438725	-0.41534	0.90933	-0.0247494	0.389951	0.20256	0.89828
0.233333	0.789031	0.410713	-0.456886	-0.468399	0.883393	-0.0147945	0.397534	0.225678	0.889402
0.266667	0.76402	0.442798	-0.469259	-0.504659	0.86329	-0.00704608	0.401987	0.242199	0.883033
0.3	0.744835	0.465115	-0.478423	-0.530019	0.847985	-0.00076407	0.405341	0.254143	0.878129
0.333333	0.730973	0.480338	-0.484721	-0.547385	0.836872	0.00383223	0.407491	0.262528	0.87466
0.366667	0.720475	0.491433	-0.489294	-0.560081	0.828406	0.00732078	0.408932	0.26877	0.872088
0.4	0.713817	0.498158	-0.492243	-0.567789	0.823118	0.0096396	0.409976	0.272609	0.870404
0.433333	0.709243	0.502626	-0.494309	-0.572916	0.819536	0.0112953	0.410781	0.275187	0.869213
0.466667	0.705887	0.50573	-0.495945	-0.576478	0.817015	0.0126235	0.411578	0.27699	0.868262
0.5	0.702834	0.508308	-0.497641	-0.579433	0.8149	0.0140158	0.412652	0.278499	0.86727
0.533333	0.700705	0.509794	-0.499121	-0.581126	0.813671	0.0152395	0.41389	0.279374	0.866398
0.566667	0.699371	0.510758	-0.500006	-0.582227	0.81287	0.0159743	0.414599	0.279945	0.865875
0.6	0.698196	0.511741	-0.500643	-0.583354	0.81205	0.0165061	0.414994	0.280528	0.865496
0.633333	0.697557	0.511716	-0.501558	-0.583303	0.812071	0.0172708	0.416139	0.280513	0.864951
0.666667	0.69694	0.511947	-0.502179	-0.583557	0.811878	0.0177906	0.416816	0.280651	0.86458
0.7	0.696079	0.511808	-0.503514	-0.583359	0.811994	0.0189083	0.418528	0.280568	0.86378
0.733333	0.695026	0.511618	-0.505159	-0.583092	0.812153	0.0202878	0.420646	0.280453	0.862788
0.766667	0.693944	0.511251	-0.507015	-0.582606	0.812461	0.0218457	0.423099	0.28023	0.86166
0.8	0.692799	0.510728	-0.509104	-0.581924	0.812901	0.0235995	0.425904	0.27991	0.860382
0.833333	0.692488	0.509753	-0.510502	-0.580731	0.813719	0.0247732	0.428033	0.279309	0.85952
0.866667	0.692156	0.509037	-0.511665	-0.579846	0.814319	0.025748	0.429765	0.278865	0.858799
0.9	0.692639	0.507895	-0.512146	-0.578484	0.815274	0.0261502	0.430821	0.278156	0.8585
0.933333	0.693632	0.506722	-0.511963	-0.577111	0.816252	0.025998	0.431065	0.277427	0.858614
0.966667	0.694504	0.505339	-0.51215	-0.575476	0.8174	0.0261525	0.431847	0.276567	0.858498
1	0.694999	0.504325	-0.512478	-0.57427	0.818239	0.026424	0.432656	0.275936	0.858294
1.03333	0.695623	0.503168	-0.512768	-0.572896	0.819194	0.0266634	0.433473	0.275215	0.858113
1.06667	0.696167	0.501757	-0.513412	-0.571209	0.820354	0.0271931	0.434824	0.274335	0.857711
1.1	0.696382	0.5007	-0.514151	-0.569934	0.82122	0.0277986	0.43615	0.273674	0.857249
1.13333	0.69651	0.499473	-0.51517	-0.568445	0.822223	0.0286311	0.437885	0.272904	0.85661
1.16667	0.697083	0.49841	-0.515425	-0.56718	0.823089	0.0288388	0.438614	0.272235	0.856449
1.2	0.696918	0.498212	-0.515838	-0.566929	0.82325	0.0291753	0.439199	0.272111	0.856189
1.23333	0.697156	0.497263	-0.516434	-0.565782	0.824021	0.029659	0.440301	0.271512	0.855813
1.26667	0.698003	0.495756	-0.516738	-0.563988	0.825241	0.0299051	0.441259	0.27056	0.855621
1.3	0.698803	0.494062	-0.517279	-0.561961	0.826607	0.0303411	0.442577	0.269488	0.855279
1.33333	0.699447	0.493538	-0.516909	-0.561358	0.827028	0.0300438	0.442325	0.269157	0.855513
1.36667	0.699251	0.493799	-0.516924	-0.561666	0.826818	0.0300563	0.442244	0.269322	0.855503
1.4	0.698932	0.493331	-0.517801	-0.561074	0.827194	0.0307606	0.443497	0.269025	0.854948
1.43333	0.700018	0.492049	-0.517555	-0.559568	0.828221	0.0305629	0.443688	0.268212	0.855104
1.46667	0.703307	0.491321	-0.513773	-0.558865	0.828801	0.0275487	0.439351	0.267754	0.857484
1.5	0.707443	0.491136	-0.508242	-0.558846	0.828947	0.0231666	0.432684	0.26764	0.860903
1.53333	0.711849	0.491199	-0.50199	-0.559102	0.828898	0.0182425	0.42506	0.267678	0.864681
1.56667	0.715306	0.492743	-0.495522	-0.561036	0.827687	0.0131654	0.416624	0.268588	0.868496
1.6	0.718139	0.494489	-0.48965	-0.56314	0.826317	0.00856102	0.40884	0.269593	0.871877
1.63333	0.723075	0.492606	-0.484255	-0.561027	0.827786	0.00435312	0.403004	0.268532	0.874916
1.66667	0.716188	0.505926	-0.480743	-0.576264	0.817262	0.00158212	0.393693	0.275902	0.87686
1.7	0.710417	0.518768	-0.475591	-0.590878	0.806757	-0.0026303	0.382322	0.282885	0.879662
1.73333	0.704653	0.53064	-0.471047	-0.604302	0.796729	-0.00646688	0.371866	0.289212	0.882084
1.76667	0.69757	0.543999	-0.466327	-0.619313	0.785073	-0.0105835	0.360343	0.296185	0.884549
1.8	0.688182	0.558409	-0.463233	-0.63545	0.772026	-0.0133821	0.350156	0.303571	0.886135
1.83333	0.677292	0.572969	-0.4615	-0.65173	0.758302	-0.0150123	0.341355	0.310941	0.887013
1.86667	0.664323	0.589573	-0.459433	-0.670247	0.741942	-0.0170447	0.330824	0.319257	0.888049
1.9	0.652891	0.606357	-0.453943	-0.688766	0.724628	-0.0227025	0.315174	0.327483	0.890741
1.93333	0.640482	0.623212	-0.448764	-0.707209	0.706438	-0.0282868	0.299396	0.335487	0.893202
1.96667	0.626665	0.640514	-0.443884	-0.725994	0.68687	-0.0338026	0.28324	0.34344	0.895447
2	0.611812	0.657942	-0.439088	-0.744749	0.666175	-0.0394948	0.266524	0.351174	0.897576
2.03333	0.59835	0.674074	-0.433129	-0.761816	0.646093	-0.0469096	0.248221	0.358033	0.90011
2.06667	0.586628	0.687883	-0.427415	-0.776176	0.628172	-0.0543218	0.231123	0.363616	0.902422
2.1	0.574997	0.701257	-0.421447	-0.789832	0.610145	-0.0623632	0.213411	0.368731	0.904706
2.13333	0.564117	0.714175	-0.414398	-0.802632	0.592087	-0.0722118	0.193788	0.373345	0.907226
2.16667	0.555035	0.725804	-0.40638	-0.813643	0.575295	-0.0837883	0.172975	0.377154	0.909854
2.2	0.550762	0.73385	-0.39765	-0.820504	0.563403	-0.0966915	0.15308	0.379528	0.912428
2.23333	0.552858	0.736614	-0.389549	-0.821809	0.559289	-0.10875	0.137763	0.380258	0.914563
2.26667	0.560375	0.735198	-0.381397	-0.818703	0.561376	-0.120763	0.125322	0.379924	0.916489
2.3	0.571222	0.73106	-0.373172	-0.812733	0.567342	-0.13262	0.114763	0.379045	0.918234
2.33333	0.583698	0.725285	-0.365046	-0.805072	0.575432	-0.144001	0.105617	0.377941	0.919785
2.36667	0.594347	0.719443	-0.359379	-0.797903	0.583383	-0.151709	0.100509	0.376917	0.920778
2.4	0.602165	0.714691	-0.355828	-0.79233	0.589699	-0.156426	0.0980354	0.376127	0.921367
2.43333	0.606616	0.711576	-0.354508	-0.788936	0.593774	-0.158153	0.0979599	0.375622	0.921581
2.46667	0.618302	0.70208	-0.353251	-0.779308	0.605934	-0.159756	0.101885	0.374069	0.921787
2.5	0.634267	0.688529	-0.351614	-0.765596	0.622652	-0.161763	0.107554	0.371796	0.922063
2.53333	0.649902	0.673532	-0.352111	-0.750968	0.640371	-0.161157	0.116938	0.369161	0.921979
2.56667	0.667228	0.653973	-0.356548	-0.732687	0.662414	-0.156132	0.134076	0.365414	0.921139
2.6	0.684322	0.631698	-0.364228	-0.712183	0.686237	-0.147896	0.156521	0.360605	0.919492
2.63333	0.699581	0.605532	-0.379365	-0.688796	0.712735	-0.132549	0.190124	0.354034	0.915703
2.66667	0.716117	0.571669	-0.400464	-0.657577	0.744944	-0.112473	0.234026	0.34388	0.909384
2.7	0.727947	0.53358	-0.430564	-0.621518	0.778688	-0.0857934	0.289497	0.330056	0.898473
2.73333	0.73189	0.495545	-0.46773	-0.583699	0.810099	-0.0550804	0.351613	0.313327	0.882153
2.76667	0.722998	0.463269	-0.5125	-0.54949	0.835257	-0.0201588	0.41873	0.296188	0.858451
2.8	0.707356	0.43771	-0.555029	-0.519511	0.854384	0.0116994	0.479329	0.280068	0.831749
2.83333	0.691958	0.413686	-0.591657	-0.488524	0.871715	0.038161	0.531543	0.262633	0.805286
2.86667	0.673317	0.393286	-0.626075	-0.459687	0.885905	0.0621311	0.579078	0.245965	0.777284
2.9	0.649008	0.37809	-0.660179	-0.435356	0.89621	0.0852784	0.623902	0.232066	0.746251
2.93333	0.624847	0.365948	-0.689673	-0.413743	0.90432	0.10499	0.662105	0.219745	0.71647
2.96667	0.605644	0.354219	-0.712548	-0.392219	0.912011	0.120001	0.692358	0.206797	0.691286
3	0.587658	0.345233	-0.73176	-0.374364	0.917787	0.132356	0.717293	0.196165	0.668588
3.03333	0.571271	0.340822	-0.746652	-0.36383	0.9206	0.141854	0.735716	0.190617	0.649913
3.06667	0.558011	0.341292	-0.756402	-0.362083	0.920301	0.14813	0.746673	0.191222	0.637114
3.1	0.551693	0.345282	-0.75922	-0.367927	0.917678	0.149988	0.748508	0.19659	0.633315
3.13333	0.548604	0.355459	-0.756758	-0.385495	0.910712	0.148313	0.741908	0.210361	0.636648
3.16667	0.55579	0.372142	-0.743376	-0.416257	0.898615	0.138639	0.719602	0.232381	0.654348
3.2	0.574873	0.387889	-0.72046	-0.446325	0.886623	0.121216	0.685795	0.251875	0.68282
3.23333	0.599725	0.40052	-0.692758	-0.470458	0.87678	0.0996341	0.647301	0.26616	0.714255
3.26667	0.623074	0.4163	-0.662173	-0.497291	0.864297	0.0754457	0.603722	0.282285	0.745543
3.3	0.640512	0.441238	-0.628533	-0.534269	0.84395	0.0480125	0.551635	0.305053	0.7763
3.33333	0.65111	0.473471	-0.593196	-0.577468	0.816223	0.0176391	0.492532	0.331066	0.804865
3.36667	0.655792	0.510386	-0.556276	-0.622638	0.782342	-0.0162232	0.426918	0.356997	0.830839
3.4	0.653004	0.551085	-0.519511	-0.6681	0.742221	-0.0524435	0.356691	0.381331	0.852853
3.43333	0.640971	0.595773	-0.483954	-0.713785	0.694507	-0.0903932	0.282256	0.403378	0.870412
3.46667	0.621899	0.640708	-0.450261	-0.75548	0.642227	-0.129597	0.206135	0.42076	0.883442
3.5	0.60159	0.680712	-0.417995	-0.787922	0.591752	-0.170321	0.131409	0.431811	0.89234
3.53333	0.582995	0.714248	-0.387255	-0.81023	0.546505	-0.211798	0.0603606	0.437243	0.897315
3.56667	0.562859	0.742884	-0.362372	-0.826553	0.505606	-0.247331	-0.000520556	0.438732	0.898618
3.6	0.536637	0.769578	-0.346078	-0.842423	0.465084	-0.272068	-0.0484222	0.437546	0.897891
3.63333	0.504706	0.793921	-0.33906	-0.859493	0.425303	-0.283531	-0.0808984	0.43452	0.897022
3.66667	0.485528	0.806429	-0.337542	-0.869087	0.403463	-0.28619	-0.094606	0.432307	0.89675
3.7	0.492608	0.801767	-0.338388	-0.865697	0.411738	-0.284676	-0.0889168	0.433175	0.896913
3.73333	0.529575	0.777201	-0.339867	-0.845745	0.452921	-0.282095	-0.0653116	0.436832	0.897169
3.76667	0.58446	0.734982	-0.343815	-0.811019	0.515773	-0.276091	-0.025591	0.440205	0.897533
3.8	0.637379	0.683723	-0.355346	-0.770029	0.582143	-0.261085	0.028352	0.440037	0.897532
3.83333	0.677885	0.629169	-0.380287	-0.728516	0.644324	-0.232617	0.0986729	0.434732	0.895138
3.86667	0.703046	0.572911	-0.421306	-0.686229	0.701985	-0.190541	0.186588	0.423072	0.886677
3.9	0.710729	0.516941	-0.477112	-0.641515	0.754586	-0.138052	0.288657	0.404192	0.867932
3.93333	0.702877	0.462305	-0.54059	-0.591201	0.802286	-0.0825769	0.395532	0.377639	0.837224
3.96667	0.680159	0.414076	-0.604917	-0.539006	0.841773	-0.029841	0.496846	0.34635	0.795729
4	0.648513	0.372435	-0.663869	-0.485722	0.87397	0.0158165	0.586093	0.312199	0.747681
4.03333	0.61149	0.340136	-0.714414	-0.437414	0.897697	0.0530003	0.659354	0.280086	0.697713
4.06667	0.573696	0.316812	-0.755316	-0.39699	0.914161	0.0819067	0.71643	0.252863	0.650222
4.1	0.540067	0.300792	-0.786035	-0.365349	0.925154	0.103005	0.758187	0.231548	0.609539
4.13333	0.513163	0.291716	-0.807196	-0.34488	0.931288	0.11731	0.785953	0.218186	0.57851
4.16667	0.495524	0.288587	-0.819252	-0.336188	0.933402	0.125454	0.800896	0.213257	0.559542
4.2	0.487292	0.28945	-0.823872	-0.336629	0.932812	0.128619	0.805746	0.214664	0.551989
4.23333	0.484401	0.299602	-0.821946	-0.356525	0.925578	0.127263	0.798903	0.231398	0.555166
4.26667	0.497174	0.317665	-0.807408	-0.393877	0.911789	0.116197	0.773097	0.260249	0.578439
4.3	0.524037	0.334449	-0.783281	-0.428591	0.898296	0.0968196	0.735999	0.28497	0.614083
4.33333	0.555725	0.348602	-0.754749	-0.456424	0.886722	0.0734905	0.694872	0.303645	0.651884
4.36667	0.581249	0.370067	-0.724706	-0.492733	0.86883	0.0484677	0.647583	0.328915	0.687351
4.4	0.602815	0.400078	-0.690327	-0.538002	0.842738	0.0186074	0.589209	0.360181	0.723258
4.43333	0.618083	0.437407	-0.653183	-0.588525	0.808328	-0.0155992	0.521163	0.394057	0.757039
4.46667	0.625858	0.481095	-0.61388	-0.641543	0.765154	-0.0544129	0.443536	0.427886	0.787521
4.5	0.623668	0.529284	-0.575236	-0.693923	0.713662	-0.0956956	0.359874	0.458851	0.812371
4.53333	0.610845	0.578515	-0.540545	-0.742052	0.656389	-0.136061	0.276094	0.484224	0.83024
4.56667	0.592173	0.624181	-0.509636	-0.781695	0.598539	-0.175226	0.195665	0.502144	0.842358
4.6	0.572609	0.664925	-0.479577	-0.811515	0.542802	-0.216353	0.116457	0.513069	0.85041
4.63333	0.546858	0.703754	-0.453515	-0.83622	0.485661	-0.254695	0.0410119	0.51852	0.854081
4.66667	0.515697	0.738135	-0.434986	-0.85648	0.430892	-0.284209	-0.0223529	0.519123	0.854407
4.7	0.489125	0.762544	-0.423418	-0.869623	0.388965	-0.304076	-0.0671762	0.516945	0.853379
4.73333	0.485745	0.769874	-0.413939	-0.869295	0.375885	-0.320994	-0.0915314	0.515756	0.851832
4.76667	0.496246	0.766531	-0.40764	-0.862527	0.381785	-0.332096	-0.098931	0.516402	0.850613
4.8	0.52219	0.749913	-0.406139	-0.848635	0.409741	-0.33456	-0.0844788	0.519368	0.850365
4.83333	0.556583	0.720933	-0.412881	-0.82953	0.45487	-0.323996	-0.0457727	0.522828	0.851209
4.86667	0.592669	0.681192	-0.429792	-0.805296	0.511457	-0.299852	0.0155638	0.523823	0.851685
4.9	0.624482	0.634198	-0.455867	-0.775558	0.572543	-0.265902	0.0923688	0.519603	0.849401
4.93333	0.649637	0.580092	-0.491391	-0.737833	0.636866	-0.223615	0.183233	0.507833	0.841743
4.96667	0.666224	0.519661	-0.534881	-0.689512	0.702481	-0.176335	0.284109	0.486286	0.826322
5	0.674389	0.454919	-0.58159	-0.629221	0.766231	-0.130275	0.386368	0.453805	0.802983
5.03333	0.667362	0.400069	-0.62815	-0.572091	0.815405	-0.0884717	0.476802	0.418401	0.773046
5.06667	0.649604	0.356482	-0.671517	-0.521474	0.85166	-0.0523441	0.553245	0.384181	0.739138
5.1	0.623092	0.32429	-0.711753	-0.479955	0.877052	-0.0205646	0.617576	0.354423	0.702128
5.13333	0.590135	0.300883	-0.74914	-0.446024	0.894984	0.00810499	0.672907	0.329351	0.662363
5.16667	0.555389	0.283313	-0.781842	-0.417032	0.908296	0.0328928	0.719463	0.307785	0.622609
5.2	0.523478	0.269616	-0.808256	-0.391593	0.918622	0.0528112	0.756721	0.288862	0.586458
5.23333	0.497903	0.259089	-0.827626	-0.370219	0.926502	0.0673169	0.784238	0.272886	0.557228
