0	1	0	0	0	1	0	0	0	1
0.0333333	0.970013	0.221861	0.099264	-0.230727	0.968935	0.0890471	-0.0764243	-0.10928	0.991069
0.0666667	0.991073	0.12918	0.0329775	-0.130695	0.990218	0.0488679	-0.0263421	-0.0527417	0.998261
0.1	0.996353	0.0829943	0.0198059	-0.0835554	0.996069	0.0294142	-0.0172868	-0.0309618	0.999371
0.133333	0.997903	0.0627737	0.0157551	-0.0631145	0.99776	0.0221537	-0.0143292	-0.0231017	0.99963
0.166667	0.998479	0.0533018	0.0140744	-0.0535633	0.998385	0.018905	-0.013044	-0.0196301	0.999722
0.2	0.998732	0.0485847	0.0131822	-0.048803	0.998667	0.0167785	-0.0123495	-0.0174005	0.999772
0.233333	0.998852	0.0461562	0.0128016	-0.0463586	0.998797	0.015996	-0.0120479	-0.0165711	0.99979
0.266667	0.998957	0.0440468	0.0120538	-0.0442215	0.998915	0.01463	-0.0113963	-0.0151478	0.99982
0.3	0.999028	0.0426262	0.0111853	-0.0427778	0.998991	0.0136868	-0.0105906	-0.0141519	0.999844
0.333333	0.99906	0.0421875	0.0100082	-0.0423194	0.999015	0.0133513	-0.00943511	-0.0137623	0.999861
0.366667	0.999061	0.0422749	0.00953655	-0.0424082	0.998999	0.0142386	-0.00892507	-0.0146297	0.999853
0.4	0.99904	0.0428215	0.0092928	-0.0429559	0.998968	0.0147832	-0.00865016	-0.0151682	0.999848
0.433333	0.999002	0.0437549	0.00893443	-0.0438958	0.998904	0.0162433	-0.00821391	-0.0166193	0.999828
0.466667	0.998963	0.044729	0.00848588	-0.044874	0.998835	0.0177428	-0.00768238	-0.0181052	0.999807
0.5	0.998907	0.0460351	0.00808927	-0.0461832	0.998749	0.0191892	-0.00719577	-0.0195418	0.999783
0.533333	0.998869	0.0469856	0.0072608	-0.0471202	0.998696	0.019634	-0.00632881	-0.019954	0.999781
0.566667	0.998848	0.0475141	0.00665015	-0.0476396	0.99866	0.0201956	-0.00568166	-0.0204891	0.999774
0.6	0.998836	0.0477369	0.00689739	-0.0478737	0.998627	0.021258	-0.00587313	-0.0215635	0.99975
0.633333	0.998812	0.0481948	0.00717853	-0.0483411	0.998592	0.0218458	-0.00611557	-0.0221669	0.999736
0.666667	0.998802	0.0484566	0.00676526	-0.0485884	0.9986	0.0209041	-0.00574284	-0.0212077	0.999759
0.7	0.998799	0.0485626	0.00647424	-0.0486846	0.998609	0.0202516	-0.00548177	-0.0205425	0.999774
0.733333	0.998835	0.0478086	0.00661172	-0.0479314	0.998653	0.0198692	-0.0056529	-0.020163	0.999781
0.766667	0.998842	0.0476372	0.00680087	-0.0477655	0.998655	0.020146	-0.00583203	-0.0204475	0.999774
0.8	0.998854	0.0472938	0.00730256	-0.0474359	0.99866	0.0206852	-0.0063145	-0.0210079	0.999759
0.833333	0.998854	0.0472473	0.00762473	-0.0474025	0.998641	0.0216486	-0.00659153	-0.0219853	0.999737
0.866667	0.998862	0.04713	0.00724923	-0.0472897	0.9986	0.0237106	-0.0061216	-0.0240265	0.999693
0.9	0.998847	0.0475543	0.00656249	-0.0477011	0.998564	0.0244014	-0.00539268	-0.0246863	0.999681
0.933333	0.998886	0.0467854	0.0061288	-0.0469159	0.998629	0.0232299	-0.00503357	-0.0234916	0.999711
0.966667	0.998919	0.0460248	0.00657799	-0.0461658	0.998665	0.0231794	-0.00550238	-0.023458	0.99971
1	0.998932	0.0457237	0.00672265	-0.0458708	0.998667	0.0236611	-0.00563181	-0.0239442	0.999697
1.03333	0.998913	0.0461817	0.00636659	-0.0463275	0.998612	0.0250522	-0.00520081	-0.0253199	0.999666
1.06667	0.998921	0.0459786	0.00657657	-0.0461211	0.99866	0.0234645	-0.00548889	-0.0237425	0.999703
1.1	0.998874	0.0469523	0.00683376	-0.0471044	0.998599	0.0241262	-0.0056914	-0.0244209	0.999686
1.13333	0.998885	0.0466826	0.00697999	-0.0468366	0.998618	0.0238298	-0.0058579	-0.0241301	0.999692
1.16667	0.998918	0.0459513	0.00717568	-0.0460987	0.998696	0.021943	-0.00615802	-0.02225	0.999733
1.2	0.998888	0.0464384	0.00808699	-0.0466022	0.998684	0.0214033	-0.00708241	-0.0217564	0.999738
1.23333	0.998865	0.0466241	0.00977611	-0.0468152	0.998697	0.0203263	-0.00881568	-0.0207608	0.999746
1.26667	0.998756	0.0482653	0.0125341	-0.0485272	0.99859	0.0215074	-0.0114784	-0.0220889	0.99969
1.3	0.998704	0.0488956	0.0141524	-0.0492169	0.998516	0.0233207	-0.0129911	-0.023987	0.999628
1.33333	0.998611	0.0503094	0.0156322	-0.0506593	0.998454	0.0228566	-0.0144582	-0.0236168	0.999617
1.36667	0.998454	0.0524803	0.0182882	-0.0528291	0.99842	0.0191458	-0.0172546	-0.0200823	0.999649
1.4	0.998379	0.0527188	0.0214533	-0.0530548	0.998473	0.0154101	-0.0206081	-0.0165233	0.999651
1.43333	0.998406	0.0512963	0.0235391	-0.0516161	0.99858	0.0131859	-0.0228293	-0.0143799	0.999636
1.46667	0.998453	0.049166	0.0259605	-0.0493548	0.998759	0.00668525	-0.0255996	-0.00795618	0.999641
1.5	0.998457	0.0471311	0.029362	-0.0471402	0.998888	-0.000382764	-0.0293474	-0.00100196	0.999569
1.53333	0.998349	0.0465944	0.0335744	-0.0464421	0.998907	-0.00530379	-0.0337848	0.00373577	0.999422
1.56667	0.99824	0.0461412	0.0372654	-0.045821	0.998905	-0.00940128	-0.0376584	0.00767719	0.999261
1.6	0.99804	0.0471599	0.0411235	-0.0464954	0.998774	-0.0169675	-0.0418733	0.0150222	0.99901
1.63333	0.997782	0.0490716	0.044975	-0.0479767	0.998533	-0.0251097	-0.0461412	0.0228962	0.998672
1.66667	0.997763	0.0469809	0.0475606	-0.045301	0.998332	-0.0358045	-0.0491634	0.0335699	0.998226
1.7	0.997862	0.0435963	0.0486943	-0.0412096	0.997949	-0.0489867	-0.05073	0.0468752	0.997612
1.73333	0.997963	0.0395462	0.0500651	-0.0363316	0.997316	-0.0635673	-0.0524446	0.0616189	0.996721
1.76667	0.997993	0.0362035	0.0519521	-0.0320941	0.996447	-0.0778624	-0.0545864	0.0760388	0.99561
1.8	0.998027	0.031171	0.0544986	-0.0260675	0.995421	-0.091969	-0.0571158	0.0903669	0.994269
1.83333	0.99805	0.0236778	0.0577578	-0.0175224	0.994335	-0.104841	-0.0599129	0.103625	0.99281
1.86667	0.997966	0.0154217	0.0618472	-0.0083962	0.993641	-0.112284	-0.0631855	0.111536	0.99175
1.9	0.997732	0.00347868	0.0672183	0.00477066	0.992497	-0.122175	-0.067139	0.122219	0.99023
1.93333	0.997233	-0.0112886	0.0734706	0.0210748	0.990781	-0.133822	-0.0712826	0.135	0.988278
1.96667	0.996276	-0.0281914	0.0814834	0.0402361	0.987839	-0.150186	-0.0762585	0.152906	0.985294
2	0.994703	-0.0456956	0.0920755	0.0603644	0.984706	-0.16343	-0.0831993	0.168122	0.982249
2.03333	0.993202	-0.0558983	0.102105	0.0732621	0.981815	-0.175136	-0.0904583	0.181426	0.979235
2.06667	0.992224	-0.062333	0.107733	0.0816172	0.979331	-0.185068	-0.0939703	0.192422	0.976803
2.1	0.99132	-0.0688807	0.111984	0.0896446	0.977194	-0.192497	-0.0961712	0.200865	0.974887
2.13333	0.990046	-0.0776474	0.11739	0.0999411	0.975114	-0.197899	-0.0991018	0.207661	0.973168
2.16667	0.988815	-0.0875696	0.120735	0.11071	0.973372	-0.200722	-0.0999429	0.211844	0.97218
2.2	0.988014	-0.0941246	0.122348	0.117333	0.972948	-0.199012	-0.100306	0.210982	0.97233
2.23333	0.987347	-0.0992584	0.123668	0.122188	0.973294	-0.194341	-0.101076	0.206993	0.973107
2.26667	0.986078	-0.107329	0.127006	0.130093	0.973663	-0.187233	-0.103565	0.201149	0.97407
2.3	0.984718	-0.11454	0.131193	0.137656	0.973347	-0.183431	-0.106686	0.198688	0.974239
2.33333	0.983009	-0.122209	0.136961	0.146748	0.971445	-0.186442	-0.110265	0.203373	0.972873
2.36667	0.980576	-0.135377	0.141926	0.162199	0.966545	-0.1987	-0.110278	0.217861	0.969729
2.4	0.977406	-0.151776	0.147113	0.181179	0.960049	-0.213262	-0.108867	0.235097	0.965856
2.43333	0.973568	-0.171444	0.150906	0.203225	0.951787	-0.229783	-0.104236	0.254377	0.961471
2.46667	0.957023	-0.240841	0.161563	0.273536	0.934708	-0.226933	-0.0963595	0.261374	0.960416
2.5	0.940749	-0.29388	0.16919	0.325789	0.921714	-0.210489	-0.094086	0.253137	0.962844
2.53333	0.930377	-0.327251	0.165245	0.357684	0.909125	-0.213435	-0.0803811	0.25768	0.962881
2.56667	0.926544	-0.34369	0.152948	0.370352	0.904707	-0.210583	-0.065998	0.251759	0.965537
2.6	0.934626	-0.32939	0.134076	0.350805	0.915819	-0.19548	-0.0584	0.229736	0.971499
2.63333	0.952028	-0.279896	0.123698	0.297704	0.940689	-0.162714	-0.0708183	0.191734	0.978889
2.66667	0.970575	-0.207629	0.12196	0.220779	0.969492	-0.106495	-0.0961277	0.130288	0.986805
2.7	0.983811	-0.131496	0.121757	0.137029	0.98983	-0.0382015	-0.115495	0.0542673	0.991825
2.73333	0.989423	-0.061737	0.131264	0.0603103	0.99807	0.0148205	-0.131926	-0.00674711	0.991237
2.76667	0.988832	-0.00467998	0.148961	-0.00359313	0.998468	0.0552214	-0.148991	-0.0551399	0.9873
2.8	0.98514	0.0390011	0.167268	-0.0555028	0.993915	0.0951421	-0.162539	-0.103012	0.98131
2.83333	0.979455	0.0748497	0.187258	-0.100857	0.98591	0.13345	-0.174631	-0.149595	0.973204
2.86667	0.972947	0.100673	0.20794	-0.136572	0.976588	0.166205	-0.186339	-0.190107	0.963918
2.9	0.967447	0.115397	0.225233	-0.159778	0.968698	0.189988	-0.196259	-0.21979	0.955602
2.93333	0.96319	0.122311	0.239384	-0.17417	0.96225	0.20914	-0.204767	-0.243135	0.948133
2.96667	0.960531	0.124851	0.248581	-0.183253	0.956311	0.227787	-0.209281	-0.26435	0.941446
3	0.957404	0.133715	0.255926	-0.198556	0.948382	0.247279	-0.209651	-0.287562	0.934535
3.03333	0.952226	0.153371	0.264088	-0.224342	0.938029	0.264145	-0.20721	-0.310772	0.927623
3.06667	0.945117	0.185612	0.268891	-0.259955	0.925726	0.274692	-0.197934	-0.329515	0.923169
3.1	0.925077	0.255037	0.281407	-0.329524	0.907384	0.260898	-0.188805	-0.334081	0.923441
3.13333	0.901599	0.32977	0.279949	-0.396031	0.889599	0.227536	-0.174008	-0.316015	0.932661
3.16667	0.89071	0.367323	0.267786	-0.423	0.885472	0.192379	-0.166452	-0.284628	0.944077
3.2	0.896324	0.367915	0.247471	-0.410949	0.898889	0.152049	-0.166508	-0.237983	0.95689
3.23333	0.921233	0.32491	0.213923	-0.354966	0.927072	0.120566	-0.159149	-0.187005	0.969382
3.26667	0.946147	0.268114	0.181442	-0.288581	0.952494	0.0973471	-0.146722	-0.144465	0.978572
3.3	0.966696	0.204293	0.154155	-0.215944	0.974379	0.0628815	-0.137359	-0.0940762	0.986044
3.33333	0.981624	0.133254	0.136597	-0.136091	0.990628	0.011606	-0.13377	-0.0299824	0.990559
3.36667	0.988838	0.0707608	0.131118	-0.065015	0.996748	-0.0476014	-0.13406	0.0385455	0.990223
3.4	0.99093	0.0251568	0.132001	-0.0116442	0.9947	-0.102158	-0.133871	0.0996941	0.985971
3.43333	0.990792	-0.0146276	0.134598	0.0339771	0.989196	-0.142608	-0.131057	0.145868	0.980585
3.46667	0.989242	-0.0415345	0.140266	0.0650419	0.983738	-0.167418	-0.131032	0.17474	0.975857
3.5	0.986939	-0.0530152	0.15212	0.0803772	0.980415	-0.179796	-0.139609	0.189675	0.971871
3.53333	0.98338	-0.0646791	0.169649	0.0974877	0.976374	-0.192847	-0.153168	0.206181	0.966452
3.56667	0.979744	-0.0896595	0.179061	0.12817	0.967788	-0.2167	-0.153864	0.235261	0.959676
3.6	0.975086	-0.133197	0.177389	0.174574	0.954146	-0.243166	-0.136866	0.268075	0.953626
3.63333	0.967997	-0.191385	0.162335	0.228991	0.938255	-0.259307	-0.102684	0.288182	0.952054
3.66667	0.951823	-0.270259	0.144888	0.29913	0.922289	-0.244752	-0.0674824	0.276301	0.958699
3.7	0.938332	-0.318964	0.1334	0.340921	0.917788	-0.203565	-0.0575028	0.236491	0.969931
3.73333	0.938558	-0.322163	0.123778	0.340081	0.9244	-0.172716	-0.0587779	0.204198	0.977163
3.76667	0.958313	-0.264762	0.107412	0.278797	0.948758	-0.148762	-0.062522	0.172506	0.983022
3.8	0.977977	-0.186749	0.0931974	0.196589	0.974203	-0.11082	-0.0700977	0.126701	0.989461
3.83333	0.989916	-0.108663	0.090878	0.114162	0.991787	-0.0576642	-0.0838657	0.0674576	0.994191
3.86667	0.994504	-0.0382798	0.0974527	0.0382693	0.999266	0.00197803	-0.0974569	0.00176228	0.995238
3.9	0.99365	0.0228527	0.110166	-0.0302951	0.997336	0.0663634	-0.108356	-0.0692795	0.991695
3.93333	0.98952	0.0706132	0.125953	-0.0873684	0.987272	0.132893	-0.114966	-0.142504	0.983095
3.96667	0.984332	0.101588	0.14412	-0.128679	0.972677	0.193241	-0.120551	-0.208759	0.970509
4	0.978806	0.118845	0.166776	-0.157422	0.95753	0.241568	-0.130984	-0.262702	0.955945
4.03333	0.975372	0.115852	0.18769	-0.163717	0.950499	0.264097	-0.147804	-0.288321	0.946058
4.06667	0.971163	0.115061	0.208814	-0.17112	0.946254	0.274449	-0.166013	-0.302267	0.938656
4.1	0.964689	0.134733	0.226323	-0.197707	0.938152	0.284222	-0.174031	-0.318931	0.931663
4.13333	0.957218	0.175448	0.230111	-0.240005	0.925613	0.292642	-0.16165	-0.33535	0.928122
4.16667	0.943321	0.233581	0.235765	-0.298058	0.908697	0.292287	-0.145966	-0.345992	0.926814
4.2	0.910203	0.329176	0.251344	-0.390164	0.88509	0.253748	-0.138935	-0.329027	0.934044
4.23333	0.892628	0.379675	0.243028	-0.430029	0.87891	0.206377	-0.135243	-0.288727	0.947811
4.26667	0.901103	0.366836	0.231182	-0.410661	0.89314	0.18346	-0.139178	-0.260254	0.955457
4.3	0.93051	0.305801	0.201587	-0.339593	0.926508	0.16205	-0.137217	-0.219247	0.965972
4.33333	0.956659	0.237337	0.168745	-0.260183	0.956874	0.129217	-0.130799	-0.167522	0.977153
4.36667	0.975637	0.168848	0.140079	-0.181571	0.97982	0.0835732	-0.123141	-0.106971	0.986607
4.4	0.987465	0.10344	0.119219	-0.106921	0.993998	0.0231679	-0.116107	-0.0356246	0.992598
4.43333	0.993086	0.0451509	0.108363	-0.0401087	0.998029	-0.0482681	-0.110328	0.043588	0.992939
4.46667	0.99458	-0.00123564	0.103966	0.0133756	0.993141	-0.116153	-0.10311	0.116914	0.987775
4.5	0.993836	-0.0391052	0.103737	0.0568169	0.983157	-0.17371	-0.0951963	0.178533	0.979318
4.53333	0.991775	-0.0618959	0.112036	0.0846501	0.973728	-0.211396	-0.0960083	0.219141	0.970958
4.56667	0.989372	-0.0649761	0.130085	0.0928955	0.970685	-0.221676	-0.111868	0.231404	0.966404
4.6	0.986463	-0.0740575	0.146308	0.105622	0.969437	-0.22144	-0.125437	0.233896	0.964136
4.63333	0.984258	-0.0981993	0.146945	0.131284	0.962869	-0.235898	-0.118324	0.251476	0.960604
4.66667	0.980344	-0.139316	0.139701	0.172141	0.949963	-0.260648	-0.0963989	0.279573	0.955273
4.7	0.970479	-0.20015	0.134576	0.230822	0.93256	-0.277585	-0.0699419	0.300454	0.951229
4.73333	0.94765	-0.286438	0.141109	0.314887	0.911614	-0.264207	-0.0529585	0.294809	0.954088
4.76667	0.9426	-0.303691	0.138843	0.330526	0.907702	-0.258515	-0.0475197	0.289568	0.955977
4.8	0.94988	-0.284454	0.129669	0.309386	0.914849	-0.259484	-0.0448166	0.286597	0.957002
4.83333	0.9693	-0.220563	0.108667	0.240563	0.942108	-0.233586	-0.0508551	0.252556	0.966245
4.86667	0.984772	-0.148342	0.0906551	0.163145	0.968698	-0.187103	-0.0600622	0.199044	0.978148
4.9	0.99302	-0.0835839	0.083211	0.0935946	0.987765	-0.124745	-0.0717662	0.131662	0.988693
4.93333	0.996119	-0.0275571	0.0835901	0.031307	0.998546	-0.0438869	-0.0822592	0.0463335	0.995533
4.96667	0.995855	0.0171367	0.0893254	-0.0209083	0.998921	0.0414597	-0.0885186	-0.0431555	0.995139
5	0.993312	0.0573851	0.100187	-0.0693637	0.990288	0.120495	-0.0922989	-0.126639	0.987645
5.03333	0.98898	0.0911192	0.116685	-0.11171	0.976508	0.184262	-0.0971544	-0.195266	0.975926
5.06667	0.984434	0.109276	0.137651	-0.138725	0.964004	0.226828	-0.107909	-0.242393	0.964158
5.1	0.979981	0.110901	0.165345	-0.150114	0.957127	0.247737	-0.130782	-0.267598	0.954614
5.13333	0.976033	0.112488	0.186294	-0.158615	0.953822	0.255078	-0.148998	-0.278513	0.948805
5.16667	0.973217	0.12918	0.19016	-0.177023	0.948859	0.2614	-0.146668	-0.288062	0.946313
5.2	0.96951	0.158608	0.186799	-0.206004	0.94035	0.270749	-0.132714	-0.300975	0.944352
5.23333	0.964569	0.191382	0.181604	-0.237516	0.929575	0.281916	-0.114861	-0.315061	0.942095
