0	0	1	0	0	0	-1	-1	0	0
0.0333333	0.989444	-0.136143	0.0496561	0.143498	0.968271	-0.204594	-0.0202264	0.20956	0.977587
0.0666667	0.993919	-0.0922868	0.0600648	0.0973671	0.991349	-0.0880143	-0.0514226	0.0933275	0.994307
0.1	0.993747	-0.0767514	0.0810971	0.080823	0.995564	-0.0481736	-0.0770399	0.0544269	0.995541
0.133333	0.992498	-0.0697955	0.100383	0.0737906	0.9966	-0.0366479	-0.0974841	0.0437803	0.994274
0.166667	0.991304	-0.0650609	0.114385	0.0694741	0.996969	-0.0350245	-0.111759	0.0426667	0.992819
0.2	0.990647	-0.0579193	0.123546	0.0620972	0.997612	-0.0302354	-0.121499	0.0376245	0.991878
0.233333	0.99038	-0.05071	0.128746	0.052792	0.998523	-0.012809	-0.127907	0.0194826	0.991595
0.266667	0.99038	-0.0451609	0.130798	0.04418	0.99897	0.0103932	-0.131133	-0.00451459	0.991355
0.3	0.990574	-0.0417036	0.130478	0.0383887	0.998876	0.0278191	-0.131492	-0.022548	0.991061
0.333333	0.991034	-0.0395413	0.127626	0.0348246	0.998633	0.0389802	-0.128993	-0.0341862	0.991056
0.366667	0.991688	-0.037247	0.12316	0.0315791	0.998364	0.0476576	-0.124733	-0.0433722	0.991242
0.4	0.992376	-0.035041	0.118164	0.0283002	0.997901	0.0582499	-0.119957	-0.0544617	0.991284
0.433333	0.993125	-0.0328255	0.112366	0.0242915	0.996774	0.0764924	-0.114515	-0.073237	0.990718
0.466667	0.993749	-0.0309157	0.107276	0.021206	0.995671	0.0905003	-0.109609	-0.0876596	0.990102
0.5	0.99431	-0.0283276	0.102685	0.0171526	0.99399	0.10812	-0.105131	-0.105744	0.98882
0.533333	0.994734	-0.0261541	0.0990937	0.0140879	0.992606	0.120563	-0.101514	-0.118532	0.987747
0.566667	0.995088	-0.0254226	0.0956763	0.0132539	0.991976	0.125733	-0.0981051	-0.123848	0.98744
0.6	0.99533	-0.0250067	0.0932319	0.0130129	0.991805	0.127099	-0.0956462	-0.125292	0.987499
0.633333	0.995465	-0.0256574	0.0915982	0.0141244	0.992131	0.124404	-0.0940693	-0.122546	0.987995
0.666667	0.995575	-0.0262468	0.0902314	0.0151467	0.992467	0.12157	-0.0927425	-0.119666	0.988473
0.7	0.99571	-0.0271835	0.0884402	0.0166065	0.992851	0.118203	-0.0910211	-0.116227	0.989043
0.733333	0.995745	-0.0263567	0.0883013	0.0156744	0.992704	0.119552	-0.0908081	-0.11766	0.988893
0.766667	0.995795	-0.0250685	0.088111	0.0144729	0.992801	0.118895	-0.0904573	-0.11712	0.98899
0.8	0.995872	-0.0235892	0.0876476	0.0130847	0.992862	0.118545	-0.0898183	-0.116909	0.989073
0.833333	0.995919	-0.0231612	0.087234	0.0130559	0.993317	0.114677	-0.0893071	-0.113071	0.989565
0.866667	0.995964	-0.0237601	0.0865546	0.0142607	0.993966	0.108759	-0.0886164	-0.107086	0.990293
0.9	0.995989	-0.025428	0.0857905	0.0165028	0.994525	0.103184	-0.0879446	-0.101354	0.990956
0.933333	0.996053	-0.0275764	0.0843729	0.0191402	0.994882	0.0992097	-0.086677	-0.0972032	0.991483
0.966667	0.996137	-0.0289872	0.0828903	0.020829	0.995003	0.0976445	-0.0853066	-0.0955407	0.991763
1	0.996216	-0.0310962	0.0811635	0.0230842	0.994934	0.0978491	-0.083795	-0.0956052	0.991886
1.03333	0.996328	-0.0329525	0.0790278	0.0252265	0.99498	0.0968423	-0.0818223	-0.0944931	0.992157
1.06667	0.996428	-0.0348123	0.0769406	0.0273337	0.994987	0.0961998	-0.0799038	-0.0937531	0.992384
1.1	0.996542	-0.0368699	0.0744677	0.0295829	0.994875	0.0966897	-0.077651	-0.0941524	0.992525
1.13333	0.996615	-0.0381775	0.0728081	0.0309616	0.994726	0.0977815	-0.0761571	-0.0951962	0.992541
1.16667	0.996661	-0.0397604	0.0713184	0.0327333	0.994733	0.0971281	-0.0748047	-0.0944693	0.992713
1.2	0.996691	-0.0408105	0.0702988	0.0339257	0.994756	0.0964894	-0.0738679	-0.0937852	0.992848
1.23333	0.996722	-0.041849	0.0692384	0.0351312	0.994805	0.0955481	-0.0728773	-0.0928025	0.993014
1.26667	0.996747	-0.0426075	0.068408	0.0360528	0.994886	0.0943474	-0.0720781	-0.0915742	0.993186
1.3	0.996733	-0.0433197	0.0681712	0.0369218	0.995031	0.0924616	-0.0718379	-0.0896425	0.99338
1.33333	0.996711	-0.0440321	0.0680254	0.0378764	0.995287	0.0892719	-0.0716356	-0.0864017	0.993682
1.36667	0.996743	-0.0437091	0.0677705	0.0376652	0.995406	0.0880292	-0.0713068	-0.0851899	0.99381
1.4	0.996831	-0.0429713	0.0669506	0.036867	0.99527	0.0898856	-0.0704964	-0.0871324	0.993699
1.43333	0.996934	-0.0413422	0.066438	0.0351434	0.995147	0.0919052	-0.0699151	-0.0892885	0.993549
1.46667	0.99696	-0.0403601	0.0666464	0.0341861	0.995235	0.091312	-0.0700143	-0.0887561	0.99359
1.5	0.996963	-0.0396377	0.0670364	0.0336157	0.995492	0.0886884	-0.0702496	-0.0861656	0.993801
1.53333	0.996923	-0.0394324	0.0677492	0.0335986	0.995798	0.0851899	-0.0708238	-0.0826514	0.994059
1.56667	0.996923	-0.0387911	0.0681156	0.0331609	0.996087	0.0819252	-0.071027	-0.0794143	0.994308
1.6	0.996896	-0.0382754	0.0687951	0.0327276	0.996255	0.0800345	-0.0716008	-0.0775346	0.994415
1.63333	0.996866	-0.0373125	0.0697561	0.0316743	0.996271	0.0802565	-0.0724906	-0.0777955	0.99433
1.66667	0.996753	-0.0375807	0.0712157	0.0319448	0.996387	0.0786885	-0.0739156	-0.076158	0.994352
1.7	0.996607	-0.0376778	0.0731708	0.0320347	0.99653	0.0768209	-0.0758114	-0.0742163	0.994356
1.73333	0.996471	-0.0370617	0.0753095	0.0310634	0.996365	0.0793156	-0.0779754	-0.0766963	0.994001
1.76667	0.99645	-0.0357847	0.0762033	0.0294221	0.996112	0.0830398	-0.0788786	-0.0805029	0.993628
1.8	0.996315	-0.0359817	0.077856	0.0294616	0.996086	0.083331	-0.0805497	-0.0807302	0.993476
1.83333	0.996167	-0.0368662	0.0793223	0.0306419	0.996459	0.0783037	-0.0819281	-0.075573	0.993769
1.86667	0.996032	-0.0379241	0.0805094	0.0323569	0.997067	0.0693635	-0.0829038	-0.0664832	0.994337
1.9	0.996011	-0.0394209	0.0800509	0.0341557	0.997228	0.0661104	-0.0824351	-0.0631125	0.994596
1.93333	0.995792	-0.0454034	0.0796011	0.0400262	0.996889	0.0678928	-0.0824361	-0.064421	0.994512
1.96667	0.995278	-0.0541257	0.0805758	0.0487763	0.996564	0.0669402	-0.0839221	-0.0626939	0.994498
2	0.994638	-0.0639551	0.08127	0.0589886	0.996325	0.0621104	-0.0849436	-0.0569834	0.994755
2.03333	0.993865	-0.0773839	0.0790245	0.0725889	0.995442	0.0618498	-0.0834505	-0.055734	0.994952
2.06667	0.992756	-0.0931296	0.0759163	0.0889601	0.994427	0.0565746	-0.080762	-0.0494113	0.995508
2.1	0.991126	-0.112729	0.0704337	0.109994	0.993062	0.0415844	-0.0746328	-0.033468	0.996649
2.13333	0.989016	-0.135285	0.0595428	0.133176	0.99036	0.0380935	-0.0641223	-0.0297454	0.997499
2.16667	0.985676	-0.161637	0.0481335	0.160197	0.986552	0.0324331	-0.0527286	-0.0242577	0.998314
2.2	0.981493	-0.188225	0.0352599	0.187472	0.981986	0.023604	-0.0390676	-0.0165569	0.999099
2.23333	0.976242	-0.215799	0.019539	0.215466	0.976349	0.0178124	-0.0229207	-0.0131792	0.99965
2.26667	0.971406	-0.237426	0.000505055	0.23739	0.971292	0.0154357	-0.0041554	-0.0148745	0.999881
2.3	0.970856	-0.238172	-0.0267013	0.238826	0.970747	0.0247678	0.0200212	-0.0304229	0.999337
2.33333	0.970331	-0.232734	-0.065525	0.234785	0.971714	0.0254632	0.0577454	-0.040092	0.997526
2.36667	0.96446	-0.238383	-0.113976	0.243672	0.969234	0.0347696	0.102181	-0.0613066	0.992875
2.4	0.954658	-0.24425	-0.170206	0.256592	0.964988	0.0544009	0.150959	-0.0956076	0.983906
2.43333	0.940406	-0.246132	-0.23464	0.268431	0.960905	0.0678684	0.208762	-0.126809	0.96971
2.46667	0.915853	-0.261493	-0.304688	0.297519	0.951552	0.0776536	0.269621	-0.16177	0.949281
2.5	0.880375	-0.293329	-0.372691	0.347815	0.93353	0.0868731	0.322436	-0.206109	0.92388
2.53333	0.837474	-0.33341	-0.432985	0.411049	0.906431	0.0970694	0.360107	-0.259271	0.896159
2.56667	0.790349	-0.38321	-0.478015	0.477948	0.873791	0.0897471	0.383294	-0.299398	0.873754
2.6	0.766015	-0.402558	-0.501166	0.514024	0.851748	0.101508	0.386005	-0.335368	0.859377
2.63333	0.778655	-0.388269	-0.492894	0.506483	0.852623	0.128483	0.370367	-0.349686	0.860551
2.66667	0.819249	-0.365532	-0.441834	0.458916	0.879932	0.122948	0.343843	-0.30349	0.888632
2.7	0.871447	-0.339997	-0.353529	0.389863	0.917511	0.0786171	0.297637	-0.206338	0.932114
2.73333	0.920065	-0.302214	-0.249293	0.316253	0.948517	0.0173238	0.231223	-0.0947787	0.968273
2.76667	0.960755	-0.241948	-0.13569	0.237134	0.970146	-0.0508283	0.143937	0.0166567	0.989447
2.8	0.980741	-0.194334	-0.0195208	0.189922	0.97222	-0.136817	0.0455666	0.130474	0.990404
2.83333	0.980574	-0.176296	0.0859907	0.190665	0.959623	-0.206811	-0.0460587	0.219189	0.974595
2.86667	0.965957	-0.194644	0.170415	0.229721	0.948299	-0.218993	-0.118978	0.250686	0.960729
2.9	0.938676	-0.253419	0.233806	0.301427	0.932369	-0.199576	-0.167417	0.257813	0.95158
2.93333	0.899836	-0.340807	0.272299	0.391257	0.906565	-0.158295	-0.192909	0.248978	0.949103
2.96667	0.855636	-0.434626	0.281047	0.474238	0.875853	-0.0893327	-0.207329	0.209719	0.955527
3	0.809708	-0.528267	0.255551	0.548876	0.835827	-0.0113067	-0.207624	0.149421	0.966729
3.03333	0.769871	-0.604524	0.204573	0.604618	0.793484	0.0694257	-0.204295	0.0702399	0.976386
3.06667	0.747747	-0.645639	0.154999	0.634593	0.763588	0.119271	-0.195361	0.00917676	0.980688
3.1	0.765599	-0.63506	0.102743	0.624485	0.772008	0.118418	-0.154521	-0.0264998	0.987634
3.13333	0.826694	-0.561309	0.0388557	0.555955	0.825527	0.0970525	-0.0865529	-0.0586307	0.994521
3.16667	0.889739	-0.456179	-0.0162939	0.456204	0.887435	0.0658528	-0.0155809	-0.0660252	0.997696
3.2	0.936436	-0.346726	-0.053566	0.348004	0.937349	0.0164324	0.0445125	-0.0340291	0.998429
3.23333	0.966278	-0.239838	-0.0937288	0.241456	0.970392	0.00615644	0.0894771	-0.0285802	0.995579
3.26667	0.979235	-0.151854	-0.134309	0.153644	0.988122	0.00300496	0.132257	-0.0235783	0.990935
3.3	0.97943	-0.0921302	-0.179526	0.092965	0.995662	-0.00377586	0.179095	-0.0129914	0.983746
3.33333	0.970946	-0.0789229	-0.225911	0.0748479	0.996841	-0.0265606	0.227294	0.00887991	0.973786
3.36667	0.959162	-0.100398	-0.264439	0.095163	0.994929	-0.032567	0.266367	0.00607225	0.963852
3.4	0.943726	-0.142309	-0.298544	0.140801	0.989679	-0.0266714	0.299258	-0.0168649	0.954023
3.43333	0.927713	-0.178631	-0.327781	0.184213	0.982784	-0.0142142	0.324676	-0.0471948	0.944647
3.46667	0.920049	-0.209721	-0.330948	0.21921	0.975638	-0.00884917	0.324741	-0.0644053	0.943608
3.5	0.921854	-0.235643	-0.307663	0.242749	0.969964	-0.0155561	0.302088	-0.0603445	0.951368
3.53333	0.932598	-0.235539	-0.273465	0.242374	0.970141	-0.00902563	0.267425	-0.0578636	0.96184
3.56667	0.945003	-0.238643	-0.223647	0.239091	0.970663	-0.025485	0.223168	-0.0293887	0.974337
3.6	0.956847	-0.239147	-0.165083	0.229057	0.970287	-0.0779518	0.178819	0.0367746	0.983194
3.63333	0.971642	-0.219783	-0.0872181	0.209455	0.971166	-0.113861	0.109728	0.0923639	0.989661
3.66667	0.976327	-0.216298	0.00055843	0.214245	0.966699	-0.13997	0.0297354	0.136777	0.990156
3.7	0.966028	-0.243851	0.0855988	0.254955	0.95341	-0.161266	-0.042286	0.177611	0.983192
3.73333	0.94399	-0.289044	0.159173	0.314275	0.934575	-0.166734	-0.100566	0.20742	0.973069
3.76667	0.911225	-0.352371	0.213318	0.385424	0.912094	-0.13976	-0.145319	0.20957	0.966935
3.8	0.86717	-0.430901	0.249681	0.466783	0.878006	-0.105921	-0.17358	0.208398	0.962518
3.83333	0.818877	-0.50759	0.267942	0.53986	0.839668	-0.0592363	-0.194915	0.193159	0.961612
3.86667	0.779372	-0.565331	0.270147	0.59002	0.807287	-0.0128123	-0.210843	0.169378	0.962734
3.9	0.742319	-0.611616	0.273659	0.632832	0.774169	0.0136349	-0.220197	0.163058	0.96173
3.93333	0.70757	-0.644077	0.290706	0.665245	0.74588	0.0333538	-0.238314	0.16979	0.956231
3.96667	0.72468	-0.619177	0.302421	0.647002	0.762415	0.0105843	-0.237124	0.187997	0.953116
4	0.792355	-0.536778	0.289902	0.577351	0.813307	-0.072097	-0.197079	0.224502	0.954337
4.03333	0.87353	-0.415771	0.253141	0.461224	0.873219	-0.157359	-0.155622	0.254212	0.954546
4.06667	0.938828	-0.288251	0.188452	0.324509	0.92366	-0.203828	-0.115312	0.252514	0.960698
4.1	0.98048	-0.169131	0.100267	0.185987	0.96322	-0.193948	-0.0637767	0.208811	0.975874
4.13333	0.997019	-0.0738148	0.0224727	0.0765784	0.982295	-0.170975	-0.00945428	0.172186	0.985019
4.16667	0.997806	-0.0220613	-0.0624172	0.0126912	0.989098	-0.146712	0.0649734	0.145598	0.987208
4.2	0.987853	-0.0297023	-0.152526	0.00986128	0.991566	-0.129226	0.155078	0.126152	0.979814
4.23333	0.970509	-0.0744181	-0.229292	0.0567198	0.994947	-0.082842	0.234299	0.0673934	0.969826
4.26667	0.951809	-0.113559	-0.284893	0.113921	0.993371	-0.0153576	0.284749	-0.0178379	0.958436
4.3	0.937725	-0.143521	-0.316343	0.161864	0.986283	0.0323449	0.307362	-0.0815353	0.948093
4.33333	0.93514	-0.158999	-0.316596	0.184846	0.981329	0.053149	0.302234	-0.108223	0.94707
4.36667	0.945734	-0.146389	-0.2901	0.179343	0.979631	0.0903272	0.270968	-0.137453	0.952724
4.4	0.958577	-0.144387	-0.245523	0.175687	0.978207	0.110659	0.224195	-0.149211	0.963054
4.43333	0.970037	-0.142623	-0.19669	0.163796	0.981824	0.0958732	0.179441	-0.125217	0.975767
4.46667	0.983077	-0.129104	-0.129968	0.137338	0.988912	0.0564884	0.121234	-0.073382	0.989908
4.5	0.991786	-0.12113	-0.0410733	0.121987	0.992349	0.0190214	0.038455	-0.0238756	0.998975
4.53333	0.989176	-0.133561	0.0607569	0.13354	0.991034	0.00442687	-0.0608034	0.0037345	0.998143
4.56667	0.973242	-0.16704	0.157792	0.168483	0.985695	0.00428894	-0.156251	0.022411	0.987463
4.6	0.944433	-0.219357	0.244802	0.223504	0.97464	0.0110705	-0.241022	0.0442588	0.96951
4.63333	0.903407	-0.282638	0.322447	0.290728	0.956508	0.023879	-0.315172	0.0721721	0.946286
4.66667	0.85455	-0.345611	0.387683	0.360262	0.932123	0.0368601	-0.374107	0.108169	0.921056
4.7	0.800997	-0.412194	0.434165	0.42769	0.901455	0.0667856	-0.418909	0.132193	0.898354
