0	0.998	0.0111138	0.0622338	-0.010756	0.999924	-0.00608124	-0.0622966	0.00539969	0.998043
0.0333333	0.221091	0.629857	0.74458	-0.515923	0.723431	-0.458771	-0.827612	-0.282716	0.484902
0.0666667	0.211998	0.635809	0.742162	-0.485111	0.727719	-0.484864	-0.848366	-0.25724	0.462713
0.1	0.220399	0.637822	0.737975	-0.479658	0.729652	-0.487377	-0.849325	-0.246559	0.466751
0.133333	0.224348	0.641939	0.7332	-0.47967	0.727667	-0.490323	-0.848283	-0.241691	0.471169
0.166667	0.2257	0.646504	0.728761	-0.480607	0.724587	-0.493955	-0.847394	-0.238762	0.474253
0.2	0.225988	0.650392	0.725203	-0.482019	0.721595	-0.49695	-0.846515	-0.237257	0.476573
0.233333	0.225553	0.653989	0.722097	-0.482923	0.71878	-0.50014	-0.846115	-0.235909	0.47795
0.266667	0.226971	0.657099	0.718822	-0.483022	0.716861	-0.502791	-0.845679	-0.233088	0.4801
0.3	0.229893	0.660516	0.71475	-0.482894	0.715055	-0.505479	-0.844963	-0.228943	0.483346
0.333333	0.232264	0.664891	0.709911	-0.482356	0.712536	-0.509535	-0.844622	-0.224083	0.48621
0.366667	0.233665	0.669785	0.704833	-0.479216	0.710073	-0.515896	-0.846022	-0.21722	0.48689
0.4	0.234472	0.674717	0.699842	-0.477543	0.707005	-0.521629	-0.846744	-0.211897	0.487979
0.433333	0.236304	0.679219	0.694854	-0.479038	0.703597	-0.524855	-0.845389	-0.208836	0.491634
0.466667	0.238426	0.683558	0.689856	-0.48053	0.700328	-0.527856	-0.843945	-0.205642	0.495447
0.5	0.240461	0.687879	0.684836	-0.481713	0.697093	-0.53105	-0.842693	-0.202197	0.498984
0.533333	0.241377	0.691774	0.680577	-0.483631	0.693768	-0.533655	-0.841331	-0.200336	0.502023
0.566667	0.2442	0.695189	0.676075	-0.485967	0.691051	-0.535056	-0.839168	-0.19789	0.506594
0.6	0.24618	0.698261	0.672181	-0.489046	0.688256	-0.535852	-0.836797	-0.196811	0.510916
0.633333	0.247544	0.700804	0.669026	-0.491926	0.685802	-0.536361	-0.834704	-0.196338	0.51451
0.666667	0.24866	0.702799	0.666514	-0.494529	0.683798	-0.536528	-0.832832	-0.196197	0.517588
0.7	0.249054	0.704541	0.664526	-0.497444	0.681781	-0.5364	-0.830976	-0.196971	0.52027
0.733333	0.250384	0.705797	0.66269	-0.500079	0.680395	-0.535709	-0.828993	-0.197264	0.523314
0.766667	0.251281	0.70676	0.661323	-0.502063	0.679316	-0.535222	-0.827521	-0.197535	0.525537
0.8	0.251451	0.706958	0.661047	-0.505269	0.678419	-0.53334	-0.825515	-0.199898	0.527793
0.833333	0.251218	0.70673	0.661379	-0.507904	0.677913	-0.531477	-0.823968	-0.2024	0.529255
0.866667	0.250645	0.706076	0.662294	-0.508523	0.678172	-0.530553	-0.82376	-0.203811	0.529037
0.9	0.249581	0.705146	0.663685	-0.50853	0.678703	-0.529867	-0.824079	-0.205259	0.52798
0.933333	0.248955	0.703611	0.665547	-0.509146	0.679645	-0.528065	-0.823889	-0.207396	0.527441
0.966667	0.248358	0.701722	0.667761	-0.509814	0.680851	-0.525864	-0.823655	-0.209831	0.526842
1	0.246724	0.699662	0.670523	-0.510884	0.681862	-0.523509	-0.823483	-0.213397	0.525678
1.03333	0.246325	0.69707	0.673362	-0.51167	0.683589	-0.520481	-0.823115	-0.216331	0.525055
1.06667	0.245682	0.694295	0.676457	-0.511636	0.685601	-0.517861	-0.823328	-0.218871	0.523666
1.1	0.244681	0.691434	0.679743	-0.511813	0.687529	-0.515122	-0.823516	-0.221861	0.522111
1.13333	0.243664	0.688277	0.683303	-0.512433	0.689532	-0.511818	-0.823432	-0.225436	0.52071
1.16667	0.242259	0.684795	0.687289	-0.512914	0.691702	-0.508397	-0.823547	-0.229357	0.518812
1.2	0.241308	0.680802	0.691577	-0.513008	0.694413	-0.504593	-0.823768	-0.233022	0.516825
1.23333	0.240756	0.676296	0.696176	-0.5136	0.697391	-0.49986	-0.82356	-0.237212	0.515246
1.26667	0.239222	0.671849	0.700993	-0.514199	0.700067	-0.495485	-0.823633	-0.241919	0.512936
1.3	0.237645	0.667166	0.705985	-0.514054	0.703067	-0.491371	-0.824181	-0.246142	0.51004
1.33333	0.236109	0.661984	0.711357	-0.514614	0.706153	-0.486334	-0.824272	-0.251246	0.507395
1.36667	0.23484	0.655938	0.717353	-0.51578	0.709618	-0.480014	-0.823906	-0.25727	0.504967
1.4	0.233237	0.649333	0.723856	-0.516627	0.713385	-0.473475	-0.823831	-0.263532	0.501851
1.43333	0.231369	0.642089	0.730884	-0.516491	0.717722	-0.467025	-0.824443	-0.26944	0.497691
1.46667	0.229599	0.63429	0.738214	-0.515737	0.722525	-0.460405	-0.825408	-0.275016	0.493018
1.5	0.227438	0.625836	0.746057	-0.514742	0.727617	-0.453447	-0.826627	-0.280895	0.487632
1.53333	0.225297	0.61663	0.754327	-0.513922	0.732975	-0.445681	-0.827723	-0.287255	0.482037
1.56667	0.222296	0.60732	0.762723	-0.512346	0.738341	-0.438582	-0.82951	-0.293283	0.475288
1.6	0.2195	0.59787	0.770955	-0.509936	0.743997	-0.431779	-0.831736	-0.298363	0.468183
1.63333	0.217585	0.589113	0.778205	-0.508469	0.748987	-0.424827	-0.833136	-0.303257	0.462514
1.66667	0.217713	0.579505	0.78535	-0.507656	0.754477	-0.415993	-0.833598	-0.308121	0.458449
1.7	0.223243	0.565777	0.793763	-0.508421	0.762357	-0.4004	-0.831667	-0.314179	0.457844
1.73333	0.223057	0.551161	0.804032	-0.512061	0.768099	-0.384471	-0.829481	-0.325955	0.453558
1.76667	0.215841	0.536829	0.815615	-0.514114	0.772623	-0.37248	-0.83012	-0.338923	0.442755
1.8	0.209509	0.519395	0.828453	-0.516029	0.778395	-0.357512	-0.830554	-0.352604	0.431104
1.83333	0.207373	0.497657	0.84222	-0.519714	0.785435	-0.336139	-0.828791	-0.368007	0.421517
1.86667	0.209143	0.469237	0.857949	-0.525218	0.793965	-0.30621	-0.824867	-0.386569	0.412504
1.9	0.218505	0.430562	0.875712	-0.531853	0.804942	-0.26306	-0.818161	-0.40827	0.40488
1.93333	0.230305	0.380776	0.895527	-0.538984	0.816128	-0.208403	-0.81022	-0.434678	0.39319
1.96667	0.239101	0.32295	0.915715	-0.534707	0.830988	-0.153452	-0.810505	-0.452949	0.371374
2	0.231367	0.264454	0.936234	-0.525951	0.84359	-0.108309	-0.81844	-0.467354	0.334269
2.03333	0.216598	0.205011	0.954492	-0.527368	0.847348	-0.0623253	-0.821565	-0.489869	0.291651
2.06667	0.209322	0.137581	0.96812	-0.530098	0.847916	-0.00588359	-0.821694	-0.511967	0.250418
2.1	0.198006	0.0640222	0.978108	-0.531011	0.845759	0.0521376	-0.823906	-0.52971	0.201462
2.13333	0.177201	-0.0123945	0.984097	-0.529208	0.841858	0.105895	-0.829782	-0.539556	0.142619
2.16667	0.156781	-0.0924814	0.983294	-0.528222	0.833391	0.162605	-0.834506	-0.544891	0.0818096
2.2	0.141442	-0.174297	0.974482	-0.530081	0.818029	0.223253	-0.836067	-0.548132	0.0233121
2.23333	0.119894	-0.249069	0.961036	-0.534478	0.799569	0.273901	-0.836635	-0.546492	-0.0372587
2.26667	0.0968507	-0.319301	0.942691	-0.525339	0.788063	0.320899	-0.845363	-0.526312	-0.0914169
2.3	0.0785563	-0.389778	0.917552	-0.512335	0.773765	0.37256	-0.855185	-0.499361	-0.138913
2.33333	0.0672307	-0.460835	0.884936	-0.51389	0.744255	0.426617	-0.855218	-0.483441	-0.186782
2.36667	0.0618691	-0.527594	0.847241	-0.525874	0.704253	0.476954	-0.848309	-0.475051	-0.233876
2.4	0.062338	-0.590534	0.804602	-0.539403	0.658355	0.524988	-0.839737	-0.466732	-0.277495
2.43333	0.053541	-0.64844	0.759381	-0.535106	0.623433	0.570081	-0.843086	-0.436872	-0.313605
2.46667	0.0412483	-0.695564	0.717279	-0.529307	0.593666	0.606132	-0.847427	-0.404663	-0.343679
2.5	0.0266566	-0.730325	0.682579	-0.530532	0.568387	0.628865	-0.847245	-0.378894	-0.37231
2.53333	0.00942848	-0.755165	0.655468	-0.528296	0.552785	0.644463	-0.849008	-0.352357	-0.393738
2.56667	-0.019634	-0.767812	0.640374	-0.524203	0.553309	0.647348	-0.851367	-0.322976	-0.413353
2.6	-0.0827642	-0.756494	0.648742	-0.521117	0.587736	0.618873	-0.849463	-0.28685	-0.442866
2.63333	-0.213311	-0.693451	0.688204	-0.516185	0.678064	0.523241	-0.829489	-0.243627	-0.502588
2.66667	-0.413953	-0.541296	0.731875	-0.526242	0.798333	0.292803	-0.742773	-0.263937	-0.615325
2.7	-0.544979	-0.430593	0.719436	-0.596685	0.801986	0.0280071	-0.589037	-0.414013	-0.693994
2.73333	-0.581736	-0.410205	0.702365	-0.676547	0.723377	-0.137875	-0.451518	-0.555389	-0.698337
2.76667	-0.448648	-0.522567	0.72501	-0.824173	0.555648	-0.109516	-0.345621	-0.646668	-0.679976
2.8	-0.296996	-0.622611	0.723981	-0.912282	0.40894	-0.0225616	-0.282018	-0.667176	-0.68945
2.83333	-0.159257	-0.704409	0.691698	-0.943039	0.315839	0.104516	-0.292087	-0.635653	-0.714584
2.86667	-0.0995944	-0.751896	0.651715	-0.946668	0.273308	0.170652	-0.306432	-0.599962	-0.739016
2.9	-0.0743665	-0.784592	0.615537	-0.942229	0.257441	0.214311	-0.326611	-0.564039	-0.75841
2.93333	-0.0885433	-0.81061	0.578854	-0.920671	0.2884	0.263039	-0.380164	-0.509644	-0.771841
2.96667	-0.15468	-0.831544	0.533488	-0.853054	0.384804	0.352456	-0.498371	-0.400576	-0.768873
3	-0.184124	-0.866885	0.463259	-0.755898	0.426148	0.497007	-0.628265	-0.258666	-0.73374
3.03333	-0.184294	-0.898737	0.397878	-0.731843	0.395696	0.554824	-0.65608	-0.188934	-0.730659
3.06667	-0.306939	-0.873484	0.377908	-0.759142	0.464187	0.456327	-0.574014	-0.146822	-0.805575
3.1	-0.320692	-0.8767	0.358543	-0.766232	0.46265	0.445919	-0.556818	-0.131724	-0.820124
3.13333	-0.313286	-0.885462	0.343232	-0.761624	0.45016	0.466138	-0.567257	-0.115379	-0.815418
3.16667	-0.293029	-0.898545	0.326727	-0.74146	0.429312	0.515682	-0.603632	-0.0911454	-0.792036
3.2	-0.27897	-0.908395	0.311439	-0.698799	0.41448	0.582998	-0.658678	-0.0549944	-0.750413
3.23333	-0.282018	-0.911123	0.300533	-0.634967	0.412082	0.653456	-0.719223	-0.00654159	-0.694748
3.26667	-0.279459	-0.910235	0.305574	-0.600616	0.414023	0.683992	-0.749108	0.00761557	-0.662404
3.3	-0.265778	-0.908889	0.321376	-0.593531	0.416965	0.688376	-0.75966	-0.00779197	-0.650274
3.33333	-0.247827	-0.905535	0.344366	-0.593207	0.422865	0.685048	-0.765955	-0.034507	-0.641967
3.36667	-0.235985	-0.89637	0.375275	-0.586949	0.439259	0.680105	-0.774468	-0.0597728	-0.629782
3.4	-0.232492	-0.876883	0.420742	-0.582582	0.471959	0.661705	-0.778811	-0.0912759	-0.620583
3.43333	-0.252963	-0.836638	0.485846	-0.55913	0.536246	0.632309	-0.789547	-0.1117	-0.60344
3.46667	-0.310096	-0.753783	0.579354	-0.525616	0.64372	0.556195	-0.792192	-0.132044	-0.595815
3.5	-0.40589	-0.604675	0.68529	-0.493076	0.776227	0.392871	-0.769499	-0.178438	-0.613213
3.53333	-0.533176	-0.403784	0.743426	-0.464743	0.874076	0.141437	-0.706921	-0.270091	-0.653692
3.56667	-0.611986	-0.306087	0.729235	-0.55002	0.827287	-0.114343	-0.568288	-0.47107	-0.674642
3.6	-0.63525	-0.290222	0.715702	-0.638797	0.718271	-0.275727	-0.434046	-0.632344	-0.641674
3.63333	-0.535229	-0.35106	0.768301	-0.74656	0.622125	-0.235816	-0.395193	-0.699798	-0.595067
3.66667	-0.399158	-0.436289	0.806427	-0.825898	0.553069	-0.109577	-0.398203	-0.709765	-0.581093
3.7	-0.280269	-0.521892	0.805654	-0.855954	0.515773	0.0363441	-0.434502	-0.679416	-0.591271
3.73333	-0.201089	-0.600846	0.773659	-0.864213	0.48066	0.148669	-0.461193	-0.63871	-0.615914
3.76667	-0.152095	-0.662348	0.733595	-0.87304	0.437973	0.214431	-0.463323	-0.607844	-0.64487
3.8	-0.142075	-0.706197	0.693615	-0.855149	0.440481	0.273309	-0.498533	-0.554313	-0.666484
3.83333	-0.192394	-0.728409	0.657575	-0.786019	0.515564	0.341127	-0.587502	-0.451236	-0.671735
3.86667	-0.208824	-0.768235	0.605151	-0.689522	0.554472	0.465961	-0.693507	-0.319961	-0.645502
3.9	-0.181053	-0.826745	0.532647	-0.644013	0.50899	0.571119	-0.743282	-0.239629	-0.624588
3.93333	-0.182889	-0.857494	0.480891	-0.672085	0.466044	0.575417	-0.717533	-0.217963	-0.661543
3.96667	-0.384954	-0.796067	0.466999	-0.684196	0.585742	0.434491	-0.619425	-0.152259	-0.770149
4	-0.336131	-0.82765	0.449457	-0.741617	0.526758	0.415369	-0.580535	-0.193707	-0.790858
4.03333	-0.286729	-0.858609	0.424944	-0.737794	0.480853	0.473752	-0.611103	-0.177683	-0.77135
4.06667	-0.256709	-0.883422	0.392003	-0.730832	0.442843	0.519398	-0.632444	-0.153154	-0.759315
4.1	-0.248966	-0.894728	0.37078	-0.697213	0.431297	0.572606	-0.672243	-0.115953	-0.731194
4.13333	-0.24871	-0.897363	0.364531	-0.65235	0.433387	0.621784	-0.715949	-0.0831581	-0.693182
4.16667	-0.23546	-0.896759	0.374675	-0.629459	0.434444	0.644236	-0.7405	-0.0841511	-0.666767
4.2	-0.209522	-0.895145	0.393467	-0.624485	0.432143	0.650593	-0.752408	-0.109401	-0.649548
4.23333	-0.186957	-0.890764	0.414231	-0.61519	0.434907	0.657569	-0.76589	-0.131894	-0.629298
4.26667	-0.174816	-0.881072	0.439491	-0.600104	0.44922	0.661873	-0.780586	-0.148034	-0.607266
4.3	-0.186495	-0.852569	0.488207	-0.591883	0.494123	0.636802	-0.784152	-0.170201	-0.596772
4.33333	-0.246898	-0.783583	0.570122	-0.588729	0.588602	0.554027	-0.769701	-0.198859	-0.606642
4.36667	-0.40228	-0.634272	0.660204	-0.599709	0.727437	0.333445	-0.691751	-0.261792	-0.673012
4.4	-0.523426	-0.525231	0.670938	-0.678614	0.733145	0.0445138	-0.515275	-0.432008	-0.740176
4.43333	-0.462766	-0.570619	0.678411	-0.81503	0.574874	-0.0724258	-0.348673	-0.586441	-0.731104
4.46667	-0.348576	-0.631245	0.692838	-0.889199	0.456433	-0.031512	-0.296343	-0.627056	-0.720404
4.5	-0.258246	-0.676432	0.689746	-0.915995	0.398345	0.0477007	-0.307023	-0.619485	-0.722479
4.53333	-0.214703	-0.70676	0.674087	-0.906989	0.400316	0.130835	-0.362317	-0.583299	-0.726973
4.56667	-0.17557	-0.740408	0.648823	-0.888362	0.403173	0.219694	-0.424251	-0.537818	-0.728535
4.6	-0.154522	-0.768594	0.620795	-0.861645	0.412279	0.295963	-0.483417	-0.489172	-0.725961
4.63333	-0.182845	-0.77926	0.599434	-0.800036	0.472305	0.36996	-0.571411	-0.411924	-0.709795
4.66667	-0.197292	-0.802604	0.56294	-0.709775	0.513041	0.482708	-0.676236	-0.304327	-0.670888
4.7	-0.209769	-0.834585	0.509376	-0.650336	0.508114	0.564698	-0.73011	-0.212809	-0.649347
