0	0.898366	-0.439248	0	0.439248	0.898366	0	0	0	1
0.0333333	0.744119	-0.655406	-0.12934	0.646912	0.755258	-0.105313	0.166708	-0.0053061	0.985992
0.0666667	0.668793	-0.701553	-0.246049	0.668246	0.712311	-0.214616	0.325828	-0.0208877	0.945198
0.1	0.615828	-0.718921	-0.322349	0.657021	0.694398	-0.293487	0.434833	-0.0310529	0.899976
0.133333	0.58037	-0.724949	-0.370971	0.637968	0.687873	-0.346161	0.50613	-0.0357657	0.861715
0.166667	0.558071	-0.726074	-0.401713	0.619707	0.686631	-0.380134	0.551834	-0.0368025	0.833142
0.2	0.544695	-0.725172	-0.421229	0.604741	0.687633	-0.401807	0.58103	-0.035872	0.813091
0.233333	0.536519	-0.724112	-0.433369	0.594217	0.688808	-0.415272	0.599212	-0.0347142	0.799838
0.266667	0.531763	-0.722743	-0.441442	0.586104	0.690321	-0.424192	0.611319	-0.0331614	0.790689
0.3	0.529376	-0.721547	-0.44624	0.580687	0.691636	-0.429468	0.618518	-0.0317756	0.785128
0.333333	0.527945	-0.720486	-0.449638	0.576524	0.692797	-0.433188	0.623614	-0.0305284	0.781136
0.366667	0.527318	-0.719377	-0.452142	0.573005	0.694005	-0.435915	0.627377	-0.029214	0.778168
0.4	0.526083	-0.719005	-0.454167	0.570835	0.694409	-0.438114	0.630384	-0.0287699	0.77575
0.433333	0.524524	-0.718888	-0.456151	0.569021	0.694536	-0.440267	0.633316	-0.0286291	0.773363
0.466667	0.523328	-0.718713	-0.457799	0.5674	0.694726	-0.442055	0.635755	-0.0284159	0.771367
0.5	0.522022	-0.718659	-0.459371	0.565997	0.694784	-0.443759	0.638076	-0.0283508	0.769452
0.533333	0.520411	-0.718871	-0.460865	0.565005	0.694555	-0.44538	0.640267	-0.0286102	0.76762
0.566667	0.519439	-0.718909	-0.461903	0.564165	0.694514	-0.446507	0.641795	-0.0286566	0.76634
0.6	0.518521	-0.718868	-0.462996	0.563168	0.694558	-0.447695	0.643411	-0.0286058	0.764986
0.633333	0.518088	-0.718712	-0.463722	0.562332	0.694727	-0.448482	0.64449	-0.0284121	0.764085
0.666667	0.51961	-0.717588	-0.46376	0.560793	0.695944	-0.448523	0.644606	-0.0270163	0.764038
0.7	0.519361	-0.717423	-0.464293	0.560112	0.696122	-0.449098	0.645398	-0.0268117	0.763376
0.733333	0.519208	-0.717246	-0.464738	0.559489	0.696312	-0.449578	0.646061	-0.0265915	0.762822
0.766667	0.519284	-0.717361	-0.464475	0.559871	0.696189	-0.449295	0.645669	-0.0267342	0.763149
0.8	0.519207	-0.717212	-0.46479	0.559399	0.696349	-0.449635	0.64614	-0.0265496	0.762757
0.833333	0.519038	-0.71718	-0.46503	0.559148	0.696384	-0.449892	0.646493	-0.0265092	0.762459
0.866667	0.517946	-0.717593	-0.46561	0.559198	0.695939	-0.450518	0.647325	-0.0270243	0.761735
0.9	0.516624	-0.718013	-0.46643	0.559049	0.695484	-0.451405	0.648509	-0.0275507	0.760708
0.933333	0.51547	-0.718431	-0.467064	0.559057	0.695032	-0.452091	0.64942	-0.0280761	0.759911
0.966667	0.514891	-0.718453	-0.467668	0.558557	0.695008	-0.452746	0.650309	-0.0281043	0.759149
1	0.515937	-0.717654	-0.467742	0.557413	0.695873	-0.452826	0.650461	-0.0270957	0.759056
1.03333	0.517074	-0.716241	-0.468651	0.55471	0.697394	-0.453804	0.651867	-0.0253152	0.757911
1.06667	0.518696	-0.714467	-0.469565	0.551517	0.699288	-0.45478	0.653286	-0.0230805	0.756759
1.1	0.518988	-0.713568	-0.470608	0.549388	0.700243	-0.455887	0.654846	-0.0219468	0.755444
1.13333	0.51672	-0.714111	-0.472278	0.548651	0.699666	-0.457656	0.657254	-0.0226356	0.753329
1.16667	0.511329	-0.7159	-0.475427	0.548269	0.697758	-0.461015	0.661773	-0.0249315	0.749289
1.2	0.505157	-0.717435	-0.47969	0.546489	0.696104	-0.465606	0.667956	-0.0269415	0.743713
1.23333	0.498638	-0.71869	-0.484607	0.543641	0.694741	-0.470945	0.67514	-0.0286213	0.737134
1.26667	0.489841	-0.720833	-0.490362	0.541131	0.692389	-0.477258	0.683545	-0.0315699	0.729226
1.3	0.481166	-0.723294	-0.495303	0.539749	0.68965	-0.482757	0.690761	-0.0350532	0.722233
1.33333	0.474448	-0.724878	-0.49945	0.537824	0.687863	-0.487432	0.696882	-0.0373548	0.716213
1.36667	0.465579	-0.726372	-0.505589	0.533593	0.686161	-0.49443	0.706056	-0.0395829	0.707049
1.4	0.453179	-0.728008	-0.514424	0.526424	0.684273	-0.504626	0.719379	-0.042119	0.69334
1.43333	0.442289	-0.728269	-0.523454	0.516535	0.68397	-0.515148	0.733193	-0.0425375	0.678689
1.46667	0.433677	-0.726958	-0.532406	0.503848	0.685497	-0.525577	0.747035	-0.0403216	0.66356
1.5	0.420115	-0.725459	-0.545172	0.485507	0.687233	-0.540364	0.766672	-0.0376702	0.640933
1.53333	0.407186	-0.722721	-0.558458	0.463366	0.690374	-0.555586	0.787078	-0.0325435	0.615994
1.56667	0.387094	-0.721826	-0.573695	0.44016	0.691392	-0.57292	0.810196	-0.030744	0.585352
1.6	0.363218	-0.722243	-0.58859	0.417828	0.690915	-0.589963	0.832762	-0.0316439	0.552726
1.63333	0.346963	-0.72106	-0.599741	0.396762	0.692273	-0.602775	0.849821	-0.0288143	0.526282
1.66667	0.334377	-0.718506	-0.60987	0.373437	0.695161	-0.614244	0.865296	-0.0223586	0.500763
1.7	0.312052	-0.717526	-0.62272	0.346538	0.696255	-0.628602	0.88461	-0.0196404	0.465918
1.73333	0.279629	-0.719018	-0.636256	0.320803	0.694575	-0.643934	0.904927	-0.02405	0.424886
1.76667	0.249207	-0.718509	-0.649338	0.286971	0.695166	-0.659084	0.924956	-0.0220931	0.379432
1.8	0.231075	-0.71554	-0.659247	0.250574	0.698495	-0.670311	0.940116	-0.0102984	0.3407
1.83333	0.212578	-0.714601	-0.666451	0.22556	0.699505	-0.678096	0.950754	-0.00617638	0.309885
1.86667	0.18841	-0.716512	-0.671648	0.214541	0.697407	-0.683809	0.95837	-0.0152597	0.28512
1.9	0.183451	-0.717217	-0.672269	0.214872	0.696595	-0.684533	0.959258	-0.0188732	0.281901
1.93333	0.20109	-0.717216	-0.667206	0.232536	0.696601	-0.67873	0.951572	-0.0186633	0.306858
1.96667	0.225171	-0.718414	-0.658164	0.264396	0.695219	-0.668405	0.937759	-0.0235107	0.346489
2	0.258464	-0.719774	-0.6443	0.305465	0.693636	-0.65235	0.916454	-0.0282019	0.399146
2.03333	0.304259	-0.720121	-0.62358	0.352966	0.693246	-0.628351	0.884783	-0.0289209	0.465105
2.06667	0.34158	-0.722413	-0.601201	0.400164	0.690586	-0.602461	0.850407	-0.0347904	0.524974
2.1	0.368932	-0.726285	-0.58	0.442651	0.686004	-0.577459	0.817282	-0.0436951	0.574579
2.13333	0.400886	-0.729509	-0.554172	0.48604	0.682117	-0.546335	0.776567	-0.0503318	0.628021
2.16667	0.417578	-0.736576	-0.532056	0.526564	0.67337	-0.518943	0.740512	-0.0634625	0.66904
2.2	0.411915	-0.748796	-0.51926	0.561998	0.657326	-0.502077	0.717276	-0.08501	0.691584
2.23333	0.392742	-0.763276	-0.512994	0.593165	0.63652	-0.492948	0.702787	-0.110689	0.702737
2.26667	0.361909	-0.777147	-0.514844	0.613815	0.61432	-0.495824	0.701607	-0.136576	0.699353
2.3	0.336882	-0.786652	-0.517387	0.626699	0.597441	-0.500312	0.70268	-0.1557	0.694261
2.33333	0.319111	-0.794629	-0.516462	0.642483	0.582	-0.498489	0.696695	-0.172745	0.696259
2.36667	0.317201	-0.798742	-0.511268	0.657951	0.573608	-0.487929	0.682997	-0.181618	0.707482
2.4	0.345112	-0.794909	-0.499017	0.66878	0.581309	-0.46348	0.658507	-0.17378	0.732236
2.43333	0.388559	-0.782735	-0.486156	0.664941	0.603445	-0.440122	0.637867	-0.152252	0.754947
2.46667	0.430198	-0.764671	-0.4798	0.644436	0.632332	-0.429952	0.632165	-0.124236	0.764809
2.5	0.425655	-0.757488	-0.495005	0.617943	0.642947	-0.45251	0.661033	-0.113272	0.741758
2.53333	0.379559	-0.76054	-0.526796	0.584784	0.638455	-0.500403	0.716912	-0.118129	0.687083
2.56667	0.320273	-0.761036	-0.564136	0.528419	0.637771	-0.560377	0.786256	-0.118627	0.606407
2.6	0.269786	-0.755751	-0.596704	0.451193	0.64666	-0.615025	0.85067	-0.103304	0.51545
2.63333	0.221283	-0.74973	-0.62365	0.364098	0.656775	-0.660363	0.904691	-0.0809429	0.418309
2.66667	0.174421	-0.744436	-0.644509	0.273388	0.66542	-0.694604	0.945958	-0.055048	0.319583
2.7	0.130535	-0.740847	-0.658867	0.189339	0.67095	-0.716922	0.973196	-0.0311662	0.227854
2.73333	0.100139	-0.73848	-0.666798	0.124649	0.674198	-0.727956	0.987135	-0.0102191	0.159564
2.76667	0.0829132	-0.737172	-0.670599	0.0843193	0.675692	-0.732346	0.992983	0.00417681	0.118182
2.8	0.0762186	-0.736894	-0.671698	0.071798	0.675965	-0.733428	0.994503	0.00767433	0.104429
2.83333	0.0779481	-0.738105	-0.670168	0.0965374	0.674642	-0.731805	0.992272	-0.00765344	0.123842
2.86667	0.0930991	-0.740429	-0.665655	0.151794	0.671299	-0.725477	0.984018	-0.0335012	0.17489
2.9	0.132106	-0.743103	-0.656008	0.227173	0.666891	-0.709683	0.964853	-0.0552738	0.256913
2.93333	0.198788	-0.745391	-0.636299	0.317981	0.663187	-0.677548	0.927023	-0.0676424	0.368853
2.96667	0.279233	-0.745863	-0.604745	0.405415	0.662485	-0.629883	0.870441	-0.0692885	0.487372
3	0.362093	-0.742478	-0.563574	0.475744	0.667129	-0.573242	0.801596	-0.06055	0.594792
3.03333	0.436673	-0.736417	-0.516726	0.529475	0.674746	-0.514173	0.727305	-0.049068	0.684558
3.06667	0.484149	-0.73735	-0.471078	0.579214	0.673614	-0.459081	0.655828	-0.0505918	0.753213
3.1	0.503415	-0.746775	-0.434626	0.624315	0.662118	-0.414525	0.597331	-0.0626656	0.799543
3.13333	0.505118	-0.762143	-0.404963	0.667502	0.642428	-0.376466	0.54708	-0.0801536	0.833234
3.16667	0.4959	-0.781803	-0.377978	0.711501	0.615344	-0.339291	0.497845	-0.100677	0.861402
3.2	0.493426	-0.7951	-0.352629	0.744198	0.595782	-0.302016	0.450223	-0.113403	0.885686
3.23333	0.519342	-0.789169	-0.327866	0.751047	0.604537	-0.265448	0.40769	-0.108384	0.906665
3.26667	0.563262	-0.763896	-0.314959	0.728101	0.639076	-0.247893	0.390647	-0.0896933	0.91616
3.3	0.599784	-0.730095	-0.327444	0.684205	0.680134	-0.263213	0.414877	-0.0661676	0.907469
3.33333	0.608425	-0.704198	-0.365956	0.63616	0.708455	-0.305602	0.474468	-0.0468705	0.879024
3.36667	0.578895	-0.694024	-0.428032	0.588336	0.718969	-0.370059	0.564572	-0.0376014	0.824527
3.4	0.495074	-0.702073	-0.511854	0.533536	0.710616	-0.458656	0.685741	-0.0460237	0.726389
3.43333	0.389122	-0.707463	-0.589983	0.450942	0.704765	-0.547684	0.803266	-0.0529328	0.593264
3.46667	0.299839	-0.701971	-0.646014	0.342759	0.711223	-0.613741	0.890288	-0.0374038	0.453859
3.5	0.240555	-0.691154	-0.681498	0.229135	0.722707	-0.652067	0.943202	0.000702929	0.332218
3.53333	0.207355	-0.680224	-0.703065	0.12934	0.731438	-0.669529	0.969678	0.0478955	0.239648
3.56667	0.181039	-0.673945	-0.716256	0.0598984	0.734494	-0.675966	0.98165	0.0794737	0.17334
3.6	0.15617	-0.674509	-0.72156	0.0406246	0.734292	-0.677617	0.986894	0.0765105	0.142076
3.63333	0.13466	-0.680773	-0.72001	0.0778908	0.731652	-0.677214	0.987826	0.0351112	0.15155
3.66667	0.155534	-0.687743	-0.709097	0.160984	0.725884	-0.668713	0.974625	-0.0101452	0.223615
3.7	0.22895	-0.693133	-0.683483	0.2671	0.719916	-0.640608	0.936077	-0.0358912	0.34996
3.73333	0.338965	-0.693436	-0.635806	0.371158	0.719566	-0.586913	0.864491	-0.037041	0.501282
3.76667	0.456123	-0.687391	-0.565195	0.458352	0.725853	-0.512885	0.762801	-0.0251202	0.646145
3.8	0.530174	-0.691701	-0.490374	0.536976	0.721495	-0.437152	0.65618	-0.0315527	0.753944
3.83333	0.555099	-0.713983	-0.426724	0.613518	0.697867	-0.369564	0.561658	-0.0566584	0.825427
3.86667	0.542767	-0.748573	-0.380844	0.684889	0.656949	-0.315191	0.486138	-0.0897608	0.86926
