0	0	1	0	0	0	-1	-1	0	0
0.0333333	0.989283	0.121375	-0.0811674	-0.134449	0.974034	-0.182155	0.0569508	0.191116	0.979914
0.0666667	0.986163	0.139417	-0.0896918	-0.160776	0.936218	-0.312486	0.0404053	0.322582	0.945679
0.1	0.985489	0.148661	-0.0819239	-0.167092	0.93456	-0.314131	0.0298636	0.323262	0.945838
0.133333	0.984627	0.159059	-0.0721793	-0.173262	0.941758	-0.288223	0.0221311	0.296298	0.954839
0.166667	0.983965	0.166309	-0.0644579	-0.177533	0.948026	-0.264062	0.0171919	0.271271	0.962349
0.2	0.983655	0.170278	-0.0585547	-0.179522	0.952631	-0.245492	0.0139791	0.251991	0.967629
0.233333	0.983579	0.172153	-0.0541776	-0.180094	0.955769	-0.232532	0.0117501	0.238471	0.971079
0.266667	0.983686	0.17261	-0.0506719	-0.179611	0.958155	-0.222888	0.0100789	0.228353	0.973526
0.3	0.983728	0.173065	-0.0482498	-0.179436	0.959916	-0.215323	0.00905103	0.220477	0.97535
0.333333	0.983634	0.174036	-0.0466505	-0.179968	0.961527	-0.207549	0.00873454	0.212548	0.977112
0.366667	0.983471	0.175364	-0.0450842	-0.18089	0.962579	-0.201796	0.00800937	0.206615	0.978389
0.4	0.983435	0.175668	-0.0446772	-0.181078	0.963178	-0.198744	0.00811918	0.203542	0.979033
0.433333	0.983447	0.175561	-0.0448415	-0.180998	0.963407	-0.197705	0.00849133	0.202548	0.979235
0.466667	0.983583	0.174754	-0.0449936	-0.180239	0.963555	-0.197674	0.00880939	0.202539	0.979235
0.5	0.983747	0.173683	-0.0455516	-0.179298	0.963824	-0.19722	0.00964981	0.202182	0.9793
0.533333	0.983841	0.173269	-0.0451122	-0.178796	0.964071	-0.196468	0.00944953	0.201359	0.979472
0.566667	0.983979	0.172592	-0.0446854	-0.17804	0.964341	-0.195827	0.00929387	0.200645	0.97962
0.6	0.984103	0.172079	-0.0439223	-0.177364	0.964941	-0.193469	0.0090904	0.198184	0.980123
0.633333	0.984293	0.171321	-0.0426266	-0.176352	0.965401	-0.192095	0.00824198	0.196595	0.98045
0.666667	0.984738	0.169025	-0.041487	-0.173904	0.9651	-0.195803	0.00694347	0.20003	0.979765
0.7	0.984839	0.168394	-0.0416602	-0.173312	0.965405	-0.194822	0.00741221	0.199088	0.979954
0.733333	0.985218	0.166278	-0.0411903	-0.171154	0.96554	-0.196061	0.00717029	0.200213	0.979726
0.766667	0.985591	0.164235	-0.0404611	-0.169006	0.965918	-0.196059	0.00688226	0.200072	0.979757
0.8	0.98589	0.162735	-0.0392144	-0.167276	0.966546	-0.194441	0.00626024	0.198257	0.98013
0.833333	0.986078	0.161908	-0.0379027	-0.166197	0.967045	-0.192879	0.00542497	0.196493	0.98049
0.866667	0.986273	0.160688	-0.0380157	-0.165036	0.966743	-0.195375	0.00535714	0.198967	0.979992
0.9	0.98643	0.159365	-0.0394719	-0.16407	0.965665	-0.201423	0.00601685	0.205166	0.978709
0.933333	0.986531	0.158211	-0.0415413	-0.163408	0.964656	-0.206728	0.00736628	0.210732	0.977516
0.966667	0.986327	0.158782	-0.0441291	-0.164564	0.963266	-0.21222	0.00881137	0.21658	0.976225
1	0.985759	0.161795	-0.0458508	-0.167906	0.962105	-0.214854	0.00935098	0.219493	0.975569
1.03333	0.984998	0.166344	-0.0459097	-0.172368	0.961057	-0.216005	0.00819076	0.220678	0.975312
1.06667	0.984188	0.171238	-0.0452866	-0.177019	0.95976	-0.218004	0.00613364	0.222574	0.974897
1.1	0.983024	0.178021	-0.0444086	-0.183456	0.957328	-0.223309	0.0027599	0.227665	0.973736
1.13333	0.981692	0.18526	-0.0442725	-0.190475	0.953788	-0.232396	-0.000827216	0.236574	0.971613
1.16667	0.980296	0.192371	-0.044878	-0.1975	0.950165	-0.241205	-0.0037594	0.245316	0.969436
1.2	0.97848	0.201503	-0.0444133	-0.206204	0.94709	-0.245967	-0.00749983	0.249833	0.96826
1.23333	0.976667	0.210082	-0.0445703	-0.21445	0.942934	-0.254729	-0.011487	0.258343	0.965985
1.26667	0.974955	0.218199	-0.0430374	-0.221731	0.938614	-0.264271	-0.0172681	0.267195	0.963488
1.3	0.97248	0.229677	-0.0391296	-0.231556	0.934197	-0.271401	-0.0257799	0.272993	0.961671
1.33333	0.969325	0.243635	-0.0324044	-0.242718	0.928143	-0.282202	-0.0386784	0.281411	0.958808
1.36667	0.96518	0.260204	-0.0268509	-0.256276	0.920017	-0.296466	-0.0524383	0.293024	0.954666
1.4	0.960335	0.278123	-0.0201188	-0.270012	0.909456	-0.3162	-0.0696453	0.30909	0.948479
1.43333	0.954091	0.299115	-0.0154908	-0.287355	0.899542	-0.329015	-0.0844787	0.318362	0.944197
1.46667	0.946907	0.32129	-0.0118174	-0.306769	0.891888	-0.332308	-0.0962272	0.31829	0.943097
1.5	0.941375	0.337221	-0.00976362	-0.320261	0.884183	-0.340077	-0.106048	0.323267	0.940347
1.53333	0.936777	0.349921	-0.00217411	-0.328372	0.876906	-0.351011	-0.120919	0.329532	0.936369
1.56667	0.931571	0.363345	0.0125143	-0.336618	0.875029	-0.347869	-0.137347	0.319852	0.93746
1.6	0.925246	0.378183	0.029955	-0.345659	0.872941	-0.34423	-0.156331	0.308143	0.938407
1.63333	0.916968	0.395621	0.0515216	-0.355641	0.86908	-0.343831	-0.180803	0.296959	0.937617
1.66667	0.904266	0.420581	0.0735799	-0.3757	0.865657	-0.33089	-0.202861	0.271568	0.940797
1.7	0.886591	0.452563	0.0956188	-0.402606	0.856797	-0.322192	-0.227738	0.247156	0.941833
1.73333	0.864221	0.489974	0.114227	-0.434883	0.841675	-0.320093	-0.252979	0.226955	0.940475
1.76667	0.834107	0.536286	0.129082	-0.478752	0.820076	-0.313482	-0.273973	0.199679	0.94078
1.8	0.797653	0.589751	0.126268	-0.527443	0.783645	-0.328183	-0.292496	0.195177	0.936137
1.83333	0.764517	0.637125	0.0979082	-0.575349	0.742952	-0.342046	-0.290667	0.205168	0.934569
1.86667	0.758678	0.648437	0.0627497	-0.601957	0.734593	-0.313081	-0.249109	0.199755	0.947651
1.9	0.779329	0.626027	0.0271442	-0.594572	0.752457	-0.283358	-0.197815	0.20469	0.95863
1.93333	0.816994	0.576639	-0.00298031	-0.558443	0.789904	-0.253362	-0.143744	0.20866	0.967367
1.96667	0.863943	0.502984	-0.0246736	-0.497878	0.845763	-0.191839	-0.075624	0.178022	0.981116
2	0.905707	0.420944	-0.0500157	-0.423884	0.898173	-0.116654	-0.00418213	0.126855	0.991912
2.03333	0.929735	0.358517	-0.0840121	-0.363543	0.929976	-0.0545938	0.0585565	0.0812998	0.994968
2.06667	0.94705	0.29403	-0.129009	-0.298981	0.95404	-0.0204175	0.117077	0.0579078	0.991433
2.1	0.953128	0.24078	-0.183227	-0.243366	0.969896	0.00858169	0.179778	0.0364119	0.983033
2.13333	0.946535	0.211821	-0.243316	-0.210705	0.977061	0.0309149	0.244283	0.0220057	0.969454
2.16667	0.928889	0.203514	-0.309431	-0.202331	0.978645	0.0362765	0.310206	0.0289106	0.95023
2.2	0.904293	0.210153	-0.371605	-0.218677	0.975601	0.0195842	0.366654	0.0635517	0.928184
2.23333	0.875855	0.238193	-0.419693	-0.259739	0.96566	0.00600236	0.40671	0.103754	0.907646
2.26667	0.845695	0.281163	-0.453593	-0.315788	0.948829	-0.000627431	0.430206	0.14377	0.891209
2.3	0.827873	0.309466	-0.467821	-0.354979	0.934823	-0.0097941	0.434299	0.174175	0.883769
2.33333	0.837346	0.30475	-0.45385	-0.356993	0.933567	-0.0317758	0.414015	0.188628	0.890512
2.36667	0.861904	0.273114	-0.427236	-0.33045	0.941602	-0.0647234	0.38461	0.196966	0.90182
2.4	0.892574	0.253266	-0.373052	-0.30468	0.94866	-0.0849375	0.332388	0.189474	0.923914
2.43333	0.920745	0.250859	-0.29883	-0.281957	0.957208	-0.0652088	0.269685	0.144298	0.952076
2.46667	0.948315	0.243536	-0.20344	-0.257064	0.965458	-0.0425391	0.186053	0.0926377	0.978163
2.5	0.962673	0.250268	-0.103084	-0.254396	0.96667	-0.0288465	0.0924292	0.0539941	0.994254
2.53333	0.961823	0.273591	-0.00665105	-0.273671	0.961587	-0.0213322	0.000559273	0.022338	0.99975
2.56667	0.946575	0.311547	0.0832685	-0.311157	0.950189	-0.0179509	-0.0847133	-0.00891775	0.996365
2.6	0.921135	0.357741	0.153401	-0.354953	0.933744	-0.0461498	-0.159747	-0.0119398	0.987086
2.63333	0.885877	0.420845	0.19522	-0.411356	0.907131	-0.0888798	-0.214494	-0.00156809	0.976724
2.66667	0.843655	0.493454	0.211542	-0.475233	0.869689	-0.133397	-0.249801	0.0120098	0.968223
2.7	0.804452	0.558701	0.201768	-0.530582	0.828551	-0.178844	-0.267095	0.0368166	0.962967
2.73333	0.775286	0.60798	0.171148	-0.570765	0.790429	-0.222373	-0.270479	0.0747169	0.959822
2.76667	0.751231	0.646005	0.135386	-0.594371	0.751299	-0.286832	-0.28701	0.135008	0.948366
2.8	0.755405	0.644592	0.117748	-0.583603	0.743554	-0.326396	-0.297944	0.177844	0.93787
2.83333	0.797779	0.590834	0.120261	-0.538136	0.787677	-0.299957	-0.271952	0.174583	0.946342
2.86667	0.864441	0.486165	0.128004	-0.450867	0.862342	-0.230401	-0.222396	0.141455	0.96464
2.9	0.920419	0.372334	0.119149	-0.355715	0.924077	-0.139814	-0.16216	0.0863041	0.982983
2.93333	0.957702	0.277616	0.0757394	-0.275528	0.960582	-0.0369571	-0.0830138	0.0145255	0.996443
2.96667	0.976089	0.21736	-0.00204835	-0.217164	0.975531	0.0343262	0.00945938	-0.0330606	0.999409
3	0.976138	0.188593	-0.107648	-0.18553	0.981908	0.0378871	0.112846	-0.0170111	0.993467
3.03333	0.960114	0.173861	-0.218983	-0.179747	0.983687	-0.00709054	0.214178	0.0461693	0.975703
3.06667	0.931636	0.169825	-0.321268	-0.201956	0.976945	-0.0692251	0.302105	0.129375	0.944455
3.1	0.899026	0.17622	-0.400872	-0.243956	0.961785	-0.12432	0.363645	0.209562	0.90766
3.13333	0.874315	0.177305	-0.451814	-0.275943	0.947389	-0.162202	0.399284	0.266491	0.877243
3.16667	0.875756	0.170049	-0.451813	-0.281571	0.94015	-0.191928	0.392135	0.2953	0.871222
3.2	0.893596	0.172943	-0.414219	-0.277708	0.937994	-0.207472	0.352655	0.300428	0.886215
3.23333	0.918824	0.184699	-0.348782	-0.269866	0.938874	-0.213745	0.287984	0.290519	0.912504
3.26667	0.946913	0.189509	-0.259698	-0.240554	0.953558	-0.181273	0.213285	0.234121	0.948524
3.3	0.971365	0.186366	-0.147371	-0.204624	0.971425	-0.120264	0.120747	0.146976	0.981743
3.33333	0.980431	0.195989	-0.0185459	-0.196821	0.97784	-0.071342	0.00415267	0.0735962	0.997279
3.36667	0.967181	0.230169	0.107627	-0.22682	0.973006	-0.0425572	-0.114517	0.0167485	0.99328
3.4	0.933062	0.293099	0.20854	-0.288913	0.955998	-0.0509633	-0.214301	-0.0126981	0.976685
3.43333	0.884825	0.385573	0.261568	-0.369876	0.922677	-0.108895	-0.28333	-0.000394527	0.959022
3.46667	0.827195	0.494783	0.266343	-0.458199	0.868307	-0.189993	-0.325273	0.0351233	0.944968
3.5	0.770145	0.594885	0.230191	-0.54446	0.801082	-0.248657	-0.332325	0.0661724	0.940841
3.53333	0.723446	0.666081	0.181554	-0.598911	0.736316	-0.314873	-0.343412	0.119059	0.931608
3.56667	0.701884	0.696122	0.150909	-0.612044	0.697787	-0.37215	-0.364364	0.168843	0.915823
3.6	0.745093	0.649556	0.151374	-0.576449	0.741332	-0.343706	-0.335475	0.168834	0.926797
3.63333	0.820308	0.546887	0.167361	-0.501397	0.828446	-0.249557	-0.275129	0.120799	0.953788
3.66667	0.886492	0.435501	0.156434	-0.411415	0.896505	-0.164369	-0.211827	0.0813525	0.973915
3.7	0.934146	0.336796	0.118064	-0.328989	0.94086	-0.0809225	-0.138336	0.0367517	0.989703
3.73333	0.963487	0.263843	0.0456095	-0.263184	0.964538	-0.0200054	-0.0492704	0.00727122	0.998759
3.76667	0.975091	0.215345	-0.0531517	-0.217497	0.975295	-0.0386525	0.043515	0.04925	0.997838
3.8	0.972418	0.178451	-0.150194	-0.194526	0.975779	-0.100079	0.128697	0.126536	0.983578
3.83333	0.959581	0.161393	-0.230559	-0.197153	0.970113	-0.14146	0.200838	0.181197	0.962721
3.86667	0.938243	0.168949	-0.30192	-0.224782	0.96106	-0.16074	0.263006	0.218679	0.939685
