0	1	0	0	0	1	0	0	0	1
0.0333333	0.977687	0.0511636	0.20374	-0.055266	0.998366	0.014493	-0.202666	-0.0254295	0.978918
0.0666667	0.984292	-0.0157839	0.17584	0.0189205	0.99969	-0.0161754	-0.17553	0.0192483	0.984286
0.1	0.985353	-0.0142043	0.169933	0.0186954	0.999516	-0.0248573	-0.169498	0.0276702	0.985142
0.133333	0.985728	-0.0127584	0.167861	0.0175364	0.999481	-0.0270125	-0.16743	0.0295707	0.98544
0.166667	0.985947	-0.0125313	0.166585	0.0174043	0.999461	-0.0278247	-0.166147	0.030333	0.985634
0.2	0.986054	-0.0130601	0.165911	0.0179911	0.999439	-0.0282523	-0.165449	0.0308433	0.985736
0.233333	0.986108	-0.0134274	0.165563	0.0183576	0.999431	-0.0282839	-0.165089	0.0309303	0.985794
0.266667	0.986125	-0.0143955	0.165377	0.0193685	0.999406	-0.0284978	-0.164869	0.0313055	0.985819
0.3	0.986077	-0.0149409	0.165615	0.019954	0.99939	-0.0286473	-0.165086	0.0315531	0.985774
0.333333	0.985991	-0.0157245	0.166055	0.0208708	0.999353	-0.0292917	-0.165487	0.0323471	0.985681
0.366667	0.985889	-0.0159698	0.166635	0.0211566	0.999344	-0.029398	-0.166056	0.0325086	0.98558
0.4	0.985743	-0.0163621	0.167463	0.0216358	0.999324	-0.0297154	-0.166864	0.032915	0.98543
0.433333	0.985618	-0.0168403	0.168145	0.0222636	0.999289	-0.0304206	-0.167514	0.0337266	0.985293
0.466667	0.985596	-0.0170356	0.168259	0.02257	0.999263	-0.0310345	-0.167606	0.0343851	0.985254
0.5	0.985457	-0.0179147	0.168979	0.0237591	0.999185	-0.0326286	-0.168257	0.0361688	0.985079
0.533333	0.985274	-0.017749	0.170062	0.0237171	0.99917	-0.0331268	-0.169333	0.0366723	0.984876
0.566667	0.98515	-0.0177825	0.170771	0.0238464	0.999153	-0.0335236	-0.17003	0.0370981	0.98474
0.6	0.985049	-0.0177094	0.171363	0.02387	0.999138	-0.0339567	-0.170614	0.0375394	0.984623
0.633333	0.984964	-0.0175128	0.171869	0.0236472	0.999152	-0.0337098	-0.171133	0.0372672	0.984543
0.666667	0.984899	-0.0176322	0.172232	0.0233649	0.999236	-0.0313143	-0.171549	0.0348656	0.984559
0.7	0.984795	-0.0179203	0.172795	0.0242498	0.999107	-0.034589	-0.17202	0.0382533	0.98435
0.733333	0.984637	-0.0182236	0.173658	0.0247191	0.99907	-0.035315	-0.172853	0.0390652	0.984173
0.766667	0.984393	-0.018462	0.175011	0.0249158	0.999085	-0.0347508	-0.174209	0.038569	0.983953
0.8	0.984164	-0.0185265	0.176289	0.0248451	0.999123	-0.0337027	-0.17551	0.0375488	0.983761
0.833333	0.984186	-0.0193569	0.176079	0.0255057	0.999139	-0.0327245	-0.175294	0.036698	0.983832
0.866667	0.984451	-0.0212711	0.17437	0.0273086	0.999105	-0.032299	-0.173526	0.0365586	0.98415
0.9	0.984567	-0.0228619	0.173509	0.029068	0.999022	-0.0333118	-0.172577	0.0378412	0.984269
0.933333	0.984142	-0.0248014	0.175638	0.031259	0.99893	-0.0340957	-0.174604	0.0390453	0.983864
0.966667	0.983374	-0.0265661	0.179637	0.03321	0.998867	-0.034079	-0.178528	0.0394781	0.983142
1	0.983193	-0.0267291	0.180604	0.0335648	0.998827	-0.0348995	-0.17946	0.0403749	0.982936
1.03333	0.983573	-0.0269848	0.17848	0.0340144	0.998757	-0.0364431	-0.177275	0.0419153	0.983268
1.06667	0.983903	-0.0273389	0.176601	0.0346011	0.998672	-0.0381737	-0.175323	0.0436698	0.983542
1.1	0.983823	-0.0293648	0.17672	0.036712	0.998586	-0.0384494	-0.175341	0.0443151	0.98351
1.13333	0.983473	-0.0300784	0.178537	0.0373265	0.998604	-0.0373771	-0.177164	0.0434235	0.983223
1.16667	0.983213	-0.0300721	0.179965	0.0372316	0.998638	-0.0365373	-0.178621	0.0426243	0.982994
1.2	0.982869	-0.0305091	0.181765	0.0379802	0.998565	-0.037764	-0.180352	0.0440205	0.982617
1.23333	0.982485	-0.0307493	0.183787	0.0390724	0.99836	-0.0418372	-0.182199	0.0482854	0.982075
1.26667	0.982496	-0.0297323	0.183895	0.038671	0.998229	-0.0452129	-0.182225	0.0515329	0.981906
1.3	0.982604	-0.0267005	0.183782	0.0365542	0.998058	-0.0504384	-0.182078	0.0562789	0.981672
1.33333	0.982724	-0.0237389	0.183546	0.0349677	0.997693	-0.0581838	-0.181742	0.0635968	0.981288
1.36667	0.982035	-0.0236154	0.187213	0.0381331	0.996504	-0.0743283	-0.184803	0.080132	0.979503
1.4	0.980169	-0.0284043	0.196119	0.0472468	0.99463	-0.0920769	-0.192451	0.0995168	0.976247
1.43333	0.976188	-0.0484892	0.211436	0.0738682	0.99075	-0.113834	-0.20396	0.126742	0.97074
1.46667	0.970485	-0.0705083	0.230624	0.103702	0.985387	-0.135127	-0.217726	0.155054	0.963615
1.5	0.963177	-0.0874307	0.254254	0.129635	0.979487	-0.154271	-0.235551	0.181551	0.954754
1.53333	0.955475	-0.10415	0.276082	0.155341	0.973028	-0.170545	-0.250873	0.205838	0.945882
1.56667	0.946124	-0.12696	0.297876	0.188061	0.964324	-0.186315	-0.263594	0.232296	0.936246
1.6	0.934521	-0.149206	0.323122	0.220451	0.95542	-0.196402	-0.279413	0.254774	0.925753
1.63333	0.923151	-0.164479	0.347476	0.243063	0.949987	-0.196074	-0.297847	0.265465	0.91696
1.66667	0.911721	-0.174674	0.371824	0.260865	0.945365	-0.195537	-0.317354	0.275271	0.907476
1.7	0.896885	-0.19012	0.399314	0.28501	0.938863	-0.193144	-0.33818	0.287037	0.896239
1.73333	0.877922	-0.211668	0.429476	0.316654	0.929481	-0.189198	-0.359142	0.302096	0.883037
1.76667	0.854527	-0.23808	0.46163	0.357057	0.914721	-0.189195	-0.377219	0.326501	0.866662
1.8	0.824937	-0.282221	0.489725	0.423375	0.882556	-0.204567	-0.374477	0.376092	0.847539
1.83333	0.786484	-0.337375	0.517321	0.504562	0.834036	-0.223163	-0.356175	0.436535	0.826182
1.86667	0.750862	-0.394764	0.529497	0.569109	0.793545	-0.215411	-0.335143	0.463086	0.820506
1.9	0.746581	-0.425718	0.511254	0.588728	0.780668	-0.209659	-0.309864	0.457517	0.833464
1.93333	0.746781	-0.455802	0.484316	0.593485	0.785371	-0.17598	-0.300156	0.418853	0.857011
1.96667	0.754699	-0.480997	0.446174	0.583674	0.802797	-0.121825	-0.299589	0.352361	0.886616
2	0.78614	-0.472497	0.398409	0.540385	0.838326	-0.0720664	-0.299945	0.271949	0.914372
2.03333	0.826247	-0.437882	0.354367	0.475365	0.879524	-0.0215629	-0.302232	0.18627	0.934858
2.06667	0.869076	-0.38028	0.316377	0.391155	0.919799	0.0310977	-0.302829	0.096726	0.948124
2.1	0.906236	-0.30338	0.294444	0.295418	0.952628	0.0723058	-0.302431	0.0214577	0.95293
2.13333	0.931126	-0.212169	0.29663	0.187784	0.97617	0.108762	-0.312637	-0.0455689	0.948779
2.16667	0.939544	-0.120675	0.32046	0.0806835	0.987512	0.135312	-0.332787	-0.101276	0.937548
2.2	0.935575	-0.0469867	0.349989	-0.0103843	0.987019	0.160268	-0.352976	-0.153577	0.922942
2.23333	0.924551	0.0197679	0.380546	-0.0989212	0.976868	0.189588	-0.367996	-0.212928	0.905119
2.26667	0.907267	0.0896239	0.410895	-0.185721	0.961981	0.20025	-0.377326	-0.257992	0.889418
2.3	0.886136	0.153912	0.43712	-0.267718	0.939937	0.211766	-0.378272	-0.304679	0.874117
2.33333	0.86519	0.231898	0.444601	-0.364264	0.899991	0.239431	-0.344613	-0.369105	0.863135
2.36667	0.834011	0.317834	0.451007	-0.445469	0.870193	0.210527	-0.325551	-0.376492	0.867335
2.4	0.815987	0.381428	0.434372	-0.483949	0.861718	0.152433	-0.316164	-0.334597	0.887742
2.43333	0.828399	0.386253	0.405664	-0.465049	0.87795	0.113729	-0.312224	-0.282867	0.906919
2.46667	0.860814	0.340603	0.378139	-0.399874	0.91228	0.0885704	-0.314802	-0.227451	0.921502
2.5	0.89647	0.280315	0.343169	-0.315261	0.947717	0.049429	-0.311371	-0.152499	0.937972
2.53333	0.927187	0.199078	0.317321	-0.212691	0.977083	0.0084699	-0.308363	-0.0753443	0.94828
2.56667	0.945595	0.11096	0.305839	-0.107869	0.993797	-0.0270436	-0.306943	-0.00741843	0.951699
2.6	0.952092	0.0223934	0.304992	-0.00561591	0.998427	-0.0557763	-0.305761	0.0513914	0.95072
2.63333	0.944742	-0.0608341	0.32212	0.0958138	0.990964	-0.0938624	-0.313499	0.119539	0.942034
2.66667	0.927638	-0.115874	0.35505	0.175947	0.974137	-0.141776	-0.329439	0.193986	0.924034
2.7	0.90817	-0.149124	0.391138	0.241986	0.949471	-0.199867	-0.34157	0.276163	0.898367
2.73333	0.883666	-0.198649	0.423878	0.328067	0.908723	-0.258057	-0.333925	0.367097	0.868178
2.76667	0.851654	-0.264396	0.452526	0.425231	0.853313	-0.30172	-0.306373	0.44939	0.839157
2.8	0.814966	-0.346461	0.464537	0.510099	0.809277	-0.291324	-0.275007	0.47438	0.836263
2.83333	0.779113	-0.423877	0.461857	0.56857	0.788107	-0.235829	-0.264031	0.446335	0.855028
2.86667	0.794273	-0.430762	0.428455	0.542341	0.820557	-0.18042	-0.273854	0.375672	0.885367
2.9	0.827158	-0.409898	0.38444	0.489493	0.861561	-0.134574	-0.276057	0.299494	0.913288
2.93333	0.875277	-0.356905	0.326355	0.404895	0.909832	-0.0909175	-0.26448	0.211718	0.940865
2.96667	0.921734	-0.266202	0.282032	0.288777	0.95652	-0.0409444	-0.25887	0.119184	0.958531
3	0.950995	-0.154342	0.267932	0.1551	0.987726	0.0184657	-0.267494	0.0239956	0.963261
3.03333	0.957808	-0.0451967	0.283834	0.0235611	0.996582	0.0791842	-0.286443	-0.0691558	0.955598
3.06667	0.947257	0.0288657	0.319172	-0.0727653	0.989296	0.126486	-0.312104	-0.14304	0.939218
3.1	0.933318	0.0908948	0.347355	-0.152465	0.976203	0.154214	-0.325072	-0.19689	0.924966
3.13333	0.918987	0.167685	0.356853	-0.241848	0.954534	0.174284	-0.311403	-0.246469	0.917759
3.16667	0.900812	0.242809	0.359975	-0.326714	0.925083	0.193595	-0.286	-0.292002	0.912655
3.2	0.877471	0.337672	0.340621	-0.403828	0.9033	0.144817	-0.258782	-0.264624	0.928981
3.23333	0.852837	0.401446	0.33393	-0.444837	0.893465	0.0619734	-0.273476	-0.201398	0.940558
3.26667	0.86999	0.376347	0.31856	-0.402802	0.915091	0.0189662	-0.284373	-0.144817	0.947713
3.3	0.907054	0.317849	0.276088	-0.33186	0.943319	0.00428081	-0.259079	-0.0955055	0.961123
3.33333	0.945504	0.217252	0.242538	-0.21679	0.97579	-0.0289312	-0.242951	-0.0252251	0.96971
3.36667	0.968165	0.0893981	0.233804	-0.0735495	0.994417	-0.0756654	-0.239263	0.0560604	0.969335
3.4	0.968352	-0.0363861	0.246921	0.0693535	0.989583	-0.12616	-0.239758	0.139292	0.960788
3.43333	0.956568	-0.112031	0.269122	0.165363	0.968829	-0.184459	-0.240068	0.22095	0.945277
3.46667	0.941714	-0.149868	0.301187	0.230068	0.940098	-0.251565	-0.245444	0.306196	0.919783
3.5	0.91735	-0.17189	0.359058	0.296867	0.896317	-0.329372	-0.265215	0.408742	0.873265
3.53333	0.893291	-0.194945	0.405003	0.361374	0.8473	-0.38922	-0.267282	0.494044	0.827334
3.56667	0.876679	-0.266732	0.40036	0.427005	0.814766	-0.392204	-0.221586	0.514792	0.828184
3.6	0.833778	-0.369388	0.410325	0.506178	0.808207	-0.300975	-0.22045	0.458644	0.860841
3.63333	0.823182	-0.405605	0.397311	0.511131	0.834075	-0.207517	-0.247217	0.373902	0.893913
3.66667	0.854112	-0.381435	0.353553	0.456647	0.875366	-0.158767	-0.248929	0.297054	0.921842
3.7	0.890107	-0.331641	0.312607	0.382129	0.916881	-0.115355	-0.248367	0.222135	0.942852
3.73333	0.932419	-0.240208	0.269989	0.268247	0.960679	-0.0716896	-0.242153	0.139269	0.960191
3.76667	0.958238	-0.135271	0.251955	0.145522	0.989101	-0.0224191	-0.246176	0.0581479	0.967479
3.8	0.965889	-0.0363418	0.256394	0.0290358	0.999059	0.0322245	-0.257324	-0.0236807	0.966035
3.83333	0.961954	0.04072	0.27016	-0.068787	0.993074	0.0952474	-0.26441	-0.110207	0.958093
3.86667	0.955735	0.0932302	0.279067	-0.14098	0.977609	0.156224	-0.258253	-0.188652	0.947479
