0	0.0110242	-0.0319839	0.788389	0.999995	-0.000247574	0.00307081	0.000167084	0.999657	0.0261838	-0.00307624	-0.0261831	0.999652
0.0333333	0.177855	0.978825	-1.97174	0.253564	0.966405	-0.042023	-0.966453	0.254935	0.03125	0.0409133	0.0326894	0.998628
0.0666667	0.175361	0.980737	-1.96795	0.159792	0.987149	0.00161633	-0.987114	0.1598	-0.00838579	-0.00853632	-0.000255522	0.999964
0.1	0.1749	0.982256	-1.9657	0.111288	0.993596	0.0195659	-0.993689	0.111533	-0.0119411	-0.0140469	-0.0181135	0.999737
0.133333	0.175215	0.982758	-1.96443	0.0893931	0.995662	0.0258128	-0.995879	0.0897508	-0.0130451	-0.0153052	-0.0245403	0.999582
0.166667	0.175623	0.982922	-1.96336	0.0806067	0.996346	0.0282456	-0.996612	0.0810283	-0.0141104	-0.0163476	-0.0270125	0.999501
0.2	0.176034	0.983001	-1.96251	0.0770729	0.996564	0.0303343	-0.996869	0.0775636	-0.0153431	-0.0176432	-0.0290568	0.999422
0.233333	0.176372	0.983052	-1.96181	0.0749098	0.996667	0.0323093	-0.997016	0.0754627	-0.0162452	-0.0186292	-0.030996	0.999346
0.266667	0.176716	0.983033	-1.96117	0.0735749	0.996722	0.0336471	-0.997108	0.0741639	-0.0166052	-0.0190462	-0.032328	0.999296
0.3	0.17693	0.982986	-1.96059	0.0727402	0.996772	0.0339848	-0.997164	0.0733436	-0.0168569	-0.019295	-0.0326622	0.99928
0.333333	0.177156	0.982888	-1.96001	0.0721016	0.996808	0.0342742	-0.997202	0.0727249	-0.0173012	-0.0197386	-0.0329308	0.999263
0.366667	0.177314	0.982854	-1.95956	0.0720626	0.99679	0.0348952	-0.997193	0.0727169	-0.0178591	-0.0203392	-0.0335102	0.999231
0.4	0.177389	0.982829	-1.95923	0.0720602	0.996758	0.0357792	-0.997181	0.0727505	-0.0183785	-0.0209218	-0.034354	0.999191
0.433333	0.17752	0.982766	-1.95886	0.0720065	0.996742	0.0363509	-0.997172	0.0727284	-0.0189416	-0.0215237	-0.0348841	0.99916
0.466667	0.17743	0.982738	-1.95861	0.0718882	0.99675	0.0363396	-0.997174	0.0726206	-0.0192514	-0.0218279	-0.0348529	0.999154
0.5	0.177377	0.982658	-1.95837	0.0717875	0.996743	0.0367452	-0.997178	0.0725335	-0.0193877	-0.0219898	-0.0352497	0.999137
0.533333	0.177226	0.982578	-1.95814	0.0716148	0.996764	0.0365019	-0.997184	0.0723652	-0.0196673	-0.0222451	-0.0349907	0.99914
0.566667	0.177016	0.982511	-1.95789	0.0709204	0.99684	0.0357828	-0.997232	0.0716606	-0.0198416	-0.0223431	-0.0342766	0.999163
0.6	0.176934	0.982458	-1.95751	0.0704993	0.996865	0.0359266	-0.997261	0.0712437	-0.0198776	-0.0223748	-0.0344268	0.999157
0.633333	0.176804	0.982358	-1.95704	0.0707333	0.996841	0.03612	-0.997243	0.0714836	-0.0199204	-0.0224395	-0.0346113	0.999149
0.666667	0.176685	0.982179	-1.95643	0.0719763	0.99676	0.035915	-0.997165	0.0727043	-0.0193936	-0.0219419	-0.0344173	0.999167
0.7	0.17664	0.981914	-1.95555	0.0742208	0.996625	0.0350781	-0.997031	0.0748821	-0.0179284	-0.0204946	-0.0336433	0.999224
0.733333	0.176709	0.981579	-1.95452	0.0762211	0.996517	0.0338328	-0.996914	0.0768028	-0.0162375	-0.0187794	-0.0324908	0.999296
0.766667	0.176903	0.981376	-1.95311	0.0762787	0.996557	0.0324936	-0.996919	0.0768228	-0.0158395	-0.0182812	-0.0311852	0.999346
0.8	0.177491	0.981157	-1.95121	0.0768909	0.996559	0.0309512	-0.996854	0.0774381	-0.0168859	-0.0192246	-0.0295554	0.999378
0.833333	0.178491	0.980866	-1.94852	0.0761687	0.996766	0.0256152	-0.996903	0.0766333	-0.0176697	-0.0195755	-0.02419	0.999516
0.866667	0.180295	0.980196	-1.94466	0.0753475	0.996978	0.0189352	-0.996924	0.075727	-0.0201946	-0.0215674	-0.0173554	0.999617
0.9	0.182655	0.97933	-1.9395	0.075967	0.997008	0.0142519	-0.996743	0.076319	-0.0260419	-0.0270517	-0.0122271	0.999559
0.933333	0.185738	0.978222	-1.93311	0.0772282	0.996931	0.0128361	-0.996415	0.0776215	-0.0336466	-0.0345397	-0.0101916	0.999351
0.966667	0.189185	0.976684	-1.92607	0.0778307	0.996849	0.0153156	-0.996115	0.0783898	-0.0401219	-0.0411961	-0.0121334	0.999077
1	0.193384	0.974537	-1.91806	0.081558	0.996492	0.0187848	-0.995658	0.0823095	-0.043486	-0.0448796	-0.0151566	0.998877
1.03333	0.197942	0.971705	-1.90807	0.0850475	0.996119	0.022671	-0.995257	0.0860084	-0.0454529	-0.0472264	-0.0186978	0.998709
1.06667	0.202978	0.968758	-1.89659	0.0795597	0.996246	0.0341064	-0.995554	0.081142	-0.0478346	-0.0504225	-0.0301491	0.998273
1.1	0.208527	0.966553	-1.88358	0.0575126	0.997146	0.0489035	-0.996925	0.0599735	-0.0504387	-0.0532276	-0.0458523	0.997529
1.13333	0.213381	0.964669	-1.87116	0.0257927	0.997871	0.0598948	-0.997992	0.0291709	-0.0562296	-0.0578571	-0.0583242	0.99662
1.16667	0.215194	0.962482	-1.85873	-0.00663754	0.998088	0.0614521	-0.997719	-0.00248212	-0.0674514	-0.0671699	-0.0617596	0.995828
1.2	0.215186	0.959671	-1.84384	-0.038796	0.997493	0.0591903	-0.995823	-0.0336958	-0.0848566	-0.0826493	-0.0622352	0.994634
1.23333	0.214507	0.955478	-1.82626	-0.0688206	0.995949	0.0578819	-0.992781	-0.0626575	-0.102278	-0.0982371	-0.0645029	0.99307
1.26667	0.213806	0.949271	-1.80651	-0.0968804	0.993795	0.0546339	-0.988704	-0.0897864	-0.120013	-0.114363	-0.0656437	0.991268
1.3	0.213203	0.94096	-1.78334	-0.128787	0.990266	0.0527917	-0.983235	-0.120581	-0.13678	-0.129083	-0.0695222	0.989194
1.33333	0.212304	0.930514	-1.75864	-0.151657	0.987306	0.0471915	-0.977717	-0.14283	-0.153845	-0.145152	-0.0694715	0.986967
1.36667	0.211983	0.918596	-1.73346	-0.159929	0.98648	0.0357772	-0.97392	-0.151777	-0.168654	-0.160944	-0.0618169	0.985026
1.4	0.212059	0.906138	-1.70354	-0.171911	0.984563	0.032906	-0.96971	-0.163245	-0.181694	-0.173517	-0.0631445	0.982804
1.43333	0.211951	0.895221	-1.66864	-0.17922	0.982953	0.0410247	-0.966621	-0.168175	-0.193292	-0.183098	-0.0742971	0.980283
1.46667	0.21087	0.888008	-1.62609	-0.200246	0.97832	0.0528414	-0.960712	-0.185491	-0.206457	-0.19218	-0.0921077	0.977028
1.5	0.207525	0.88544	-1.57267	-0.244394	0.967806	0.0601998	-0.949327	-0.226151	-0.218251	-0.197611	-0.110489	0.974034
1.53333	0.202397	0.888966	-1.51225	-0.29189	0.953675	0.0728269	-0.937963	-0.270518	-0.216898	-0.187149	-0.131619	0.973474
1.56667	0.195917	0.899618	-1.45264	-0.330125	0.941076	0.0734383	-0.927439	-0.30889	-0.210817	-0.175711	-0.137706	0.974763
1.6	0.188677	0.913162	-1.39405	-0.321807	0.943453	0.079602	-0.931329	-0.300287	-0.206042	-0.170487	-0.140441	0.9753
1.63333	0.183992	0.927858	-1.33723	-0.27466	0.9583	0.078888	-0.948499	-0.256554	-0.185823	-0.157835	-0.125863	0.979411
1.66667	0.179704	0.94167	-1.28171	-0.194732	0.979109	0.058526	-0.970075	-0.183426	-0.159088	-0.145029	-0.0877542	0.985528
1.7	0.17466	0.952867	-1.22789	-0.112869	0.993193	0.0287774	-0.983019	-0.107401	-0.14879	-0.144686	-0.0450824	0.98845
1.73333	0.169699	0.958708	-1.17382	-0.0438757	0.999002	0.00836533	-0.989688	-0.0423208	-0.136842	-0.136352	-0.0142831	0.990558
1.76667	0.165498	0.957035	-1.12024	0.0160915	0.999854	-0.00576398	-0.992187	0.0152543	-0.123823	-0.123717	0.00771145	0.992288
1.8	0.161707	0.948112	-1.06683	0.058609	0.997943	-0.0259825	-0.991896	0.0552753	-0.114402	-0.11273	0.0324769	0.993095
1.83333	0.158485	0.932906	-1.01291	0.0793761	0.995442	-0.0528738	-0.990854	0.0729819	-0.113496	-0.10912	0.0613991	0.99213
1.86667	0.156161	0.915385	-0.958251	0.0730801	0.993938	-0.0821325	-0.990212	0.0624937	-0.124797	-0.118907	0.0904488	0.988777
1.9	0.154445	0.900625	-0.90017	0.0755856	0.990953	-0.110901	-0.989398	0.0607013	-0.131938	-0.124013	0.119698	0.985035
1.93333	0.151204	0.891073	-0.833681	0.126162	0.98066	-0.149633	-0.98603	0.10743	-0.127289	-0.108752	0.163601	0.980514
1.96667	0.151926	0.887739	-0.754236	0.21821	0.962117	-0.163445	-0.972387	0.200153	-0.120006	-0.0827454	0.185119	0.979226
2	0.158396	0.892882	-0.672069	0.309658	0.939416	-0.147003	-0.949731	0.298084	-0.0956892	-0.0460726	0.169244	0.984497
2.03333	0.169973	0.903849	-0.594299	0.373734	0.91998	-0.11815	-0.926918	0.365793	-0.0837789	-0.0338565	0.140827	0.989455
2.06667	0.176386	0.916939	-0.527611	0.372088	0.918012	-0.137132	-0.927402	0.361573	-0.095869	-0.0384258	0.162848	0.985903
2.1	0.180402	0.931826	-0.458778	0.305383	0.940297	-0.150277	-0.950736	0.29225	-0.103394	-0.0533022	0.174448	0.983223
2.13333	0.187157	0.945193	-0.387517	0.227459	0.966221	-0.121158	-0.970926	0.215497	-0.104224	-0.0745943	0.141343	0.987146
2.16667	0.194653	0.952812	-0.315368	0.125619	0.989283	-0.0744214	-0.988071	0.118023	-0.0989255	-0.0890818	0.0859606	0.992308
2.2	0.199407	0.951435	-0.245183	0.0294848	0.998878	-0.0370624	-0.994976	0.0257802	-0.0967382	-0.0956742	0.0397285	0.99462
2.23333	0.201406	0.941042	-0.176054	-0.0313924	0.999463	-0.00941487	-0.994192	-0.0321942	-0.102688	-0.102936	0.00613656	0.994669
2.26667	0.202568	0.924201	-0.108395	-0.0404297	0.998554	0.0354419	-0.992127	-0.0359113	-0.119973	-0.118526	-0.0400133	0.992144
2.3	0.203646	0.905703	-0.0402284	-0.0212214	0.996257	0.0837914	-0.991825	-0.0104308	-0.127175	-0.125825	-0.0858053	0.988335
2.33333	0.205296	0.890626	0.0357897	-0.0625075	0.990722	0.120678	-0.991852	-0.048215	-0.117921	-0.111008	-0.127066	0.985663
2.36667	0.207893	0.879409	0.119791	-0.1408	0.976916	0.160655	-0.985441	-0.122669	-0.117724	-0.0952995	-0.174892	0.979965
2.4	0.2107	0.874882	0.203685	-0.247469	0.952763	0.176074	-0.965345	-0.226914	-0.128911	-0.0828684	-0.201874	0.9759
2.43333	0.208017	0.878376	0.283412	-0.303705	0.943665	0.131377	-0.949887	-0.289185	-0.118685	-0.0740064	-0.160839	0.984202
2.46667	0.205902	0.891054	0.358757	-0.284264	0.952219	0.111681	-0.956037	-0.272781	-0.107627	-0.0720198	-0.137366	0.987899
2.5	0.204315	0.910556	0.432564	-0.215685	0.970375	0.108872	-0.973162	-0.204456	-0.105608	-0.0802194	-0.128728	0.98843
2.53333	0.201208	0.929971	0.505322	-0.13361	0.986255	0.0972108	-0.987286	-0.123939	-0.0995304	-0.0861141	-0.109273	0.990275
2.56667	0.198066	0.944277	0.578758	-0.0499359	0.996514	0.0668251	-0.996055	-0.044775	-0.0766166	-0.0733574	-0.0703874	0.994819
2.6	0.196188	0.949519	0.651049	0.0308517	0.999192	0.025774	-0.998151	0.03215	-0.0515791	-0.052366	-0.024135	0.998336
2.63333	0.196965	0.945386	0.72193	0.0820572	0.996571	-0.0106211	-0.996125	0.0816728	-0.0326301	-0.0316508	0.0132574	0.999411
2.66667	0.199032	0.933435	0.792154	0.120261	0.991327	-0.0529863	-0.992454	0.118769	-0.030475	-0.0239176	0.0562514	0.99813
2.7	0.20143	0.91777	0.861101	0.127048	0.98532	-0.114034	-0.991769	0.124345	-0.0305393	-0.0159114	0.116975	0.993007
2.73333	0.204774	0.902649	0.935485	0.126688	0.977089	-0.17102	-0.991852	0.127105	-0.00855447	0.013379	0.17071	0.98523
2.76667	0.209002	0.89061	1.01789	0.171532	0.963384	-0.206079	-0.983901	0.178169	0.0139459	0.050152	0.200369	0.978436
2.8	0.21693	0.881509	1.10687	0.254553	0.944252	-0.208784	-0.963913	0.265142	0.023917	0.0779411	0.195162	0.977669
2.83333	0.227386	0.880994	1.18915	0.380542	0.909153	-0.169201	-0.919456	0.391546	0.0359549	0.0989385	0.141891	0.984925
2.86667	0.236246	0.887819	1.25815	0.430266	0.888302	-0.160595	-0.897077	0.440593	0.0336124	0.100615	0.129604	0.986448
2.9	0.238381	0.904814	1.32751	0.382213	0.910668	-0.156838	-0.920146	0.390699	0.0261738	0.0851119	0.13431	0.987278
2.93333	0.243631	0.926586	1.39974	0.299846	0.94805	-0.106275	-0.952397	0.303913	0.0240229	0.0550734	0.0940131	0.994047
2.96667	0.248574	0.945104	1.46919	0.20564	0.976989	-0.0566033	-0.977941	0.207318	0.025509	0.0366569	0.050109	0.998071
3	0.254658	0.955014	1.53875	0.115335	0.993325	0.00192849	-0.992966	0.115241	0.0271598	0.0267563	-0.00504742	0.999629
3.03333	0.259618	0.954022	1.60804	0.0511405	0.996883	0.060082	-0.998219	0.0491743	0.0337603	0.0307006	-0.0617016	0.997622
3.06667	0.26156	0.942589	1.67572	0.00555831	0.993167	0.116572	-0.999662	0.00255964	0.0258578	0.0253827	-0.116676	0.992846
3.1	0.261936	0.926077	1.74268	-0.0198714	0.985816	0.166648	-0.99969	-0.0220935	0.0114902	0.015009	-0.166368	0.985949
3.13333	0.261969	0.908407	1.80887	-0.0270908	0.979787	0.1982	-0.999576	-0.0286651	0.0050773	0.0106561	-0.197978	0.980149
3.16667	0.261917	0.893504	1.88184	-0.0516815	0.97003	0.237427	-0.998426	-0.0553708	0.008892	0.0217721	-0.236594	0.971365
3.2	0.26047	0.881312	1.96189	-0.0945844	0.956857	0.274732	-0.994963	-0.100068	0.0059797	0.0332136	-0.272783	0.961502
3.23333	0.258723	0.874445	2.04063	-0.18516	0.941061	0.283055	-0.981692	-0.190228	-0.00973207	0.0446864	-0.279675	0.959054
3.26667	0.254607	0.876252	2.11387	-0.275062	0.931453	0.238196	-0.959939	-0.279851	-0.0141678	0.0534627	-0.23255	0.971114
3.3	0.251401	0.887062	2.18174	-0.277655	0.93208	0.23267	-0.958621	-0.284663	-0.00359851	0.0628782	-0.224041	0.972549
3.33333	0.250822	0.905496	2.24669	-0.218617	0.949012	0.22712	-0.974034	-0.226264	0.0078653	0.0588533	-0.219503	0.973835
3.36667	0.250264	0.924707	2.30764	-0.137306	0.970839	0.196516	-0.989481	-0.143558	0.0178658	0.0455564	-0.191996	0.980338
3.4	0.248987	0.940691	2.36646	-0.0569756	0.987268	0.148511	-0.997381	-0.0629233	0.0356588	0.0445496	-0.14609	0.988268
3.43333	0.247665	0.950333	2.42368	0.000459093	0.995521	0.0945391	-0.998768	-0.00423472	0.0494428	0.0496217	-0.0944453	0.994293
