0	0	1	0	0	0	-1	-1	0	0
0.0333333	0.965651	0.216764	0.143285	-0.137255	0.893746	-0.427058	-0.220631	0.392723	0.892799
0.0666667	0.984639	0.0781272	0.156148	-0.0150474	0.928948	-0.369905	-0.173953	0.361873	0.915854
0.1	0.98472	0.0173779	0.173275	0.044391	0.93709	-0.346255	-0.168391	0.348656	0.922
0.133333	0.983359	-0.0100824	0.181391	0.0707681	0.940849	-0.331352	-0.167321	0.338675	0.925907
0.166667	0.982524	-0.0219614	0.184835	0.0815432	0.943439	-0.321361	-0.167323	0.330817	0.928743
0.2	0.982221	-0.0274238	0.185714	0.0861028	0.944891	-0.31586	-0.166817	0.326234	0.930453
0.233333	0.982088	-0.0305076	0.185938	0.0887522	0.945379	-0.313659	-0.166213	0.324543	0.931152
0.266667	0.981948	-0.0320607	0.186417	0.0901428	0.945739	-0.312174	-0.166293	0.323343	0.931556
0.3	0.981799	-0.0328154	0.187064	0.0908241	0.946156	-0.310709	-0.166796	0.322044	0.931916
0.333333	0.981692	-0.033446	0.187518	0.0913949	0.946445	-0.30966	-0.167118	0.321129	0.932174
0.366667	0.981744	-0.0333215	0.187264	0.091351	0.946155	-0.310556	-0.166833	0.321993	0.931927
0.4	0.981782	-0.0334586	0.187041	0.0914047	0.946158	-0.310532	-0.166581	0.321972	0.931979
0.433333	0.981805	-0.0334037	0.186933	0.0911515	0.946484	-0.309612	-0.166587	0.321018	0.932307
0.466667	0.981795	-0.0335445	0.18696	0.0913132	0.946437	-0.309707	-0.166557	0.321141	0.93227
0.5	0.981798	-0.0334445	0.186962	0.0914649	0.945968	-0.311093	-0.166456	0.322531	0.931808
0.533333	0.981792	-0.0334362	0.186994	0.0916369	0.945639	-0.312041	-0.166395	0.323495	0.931485
0.566667	0.981668	-0.0338507	0.187567	0.0922497	0.945539	-0.312163	-0.166785	0.323744	0.931329
0.6	0.981573	-0.0338358	0.188066	0.0925474	0.945243	-0.312971	-0.167178	0.324609	0.930957
0.633333	0.981588	-0.0330317	0.18813	0.0924031	0.944131	-0.316353	-0.16717	0.327912	0.9298
0.666667	0.981726	-0.0305537	0.187829	0.0912179	0.941797	-0.32357	-0.16701	0.33479	0.927374
0.7	0.981839	-0.0260851	0.187915	0.0888183	0.93845	-0.3338	-0.167641	0.344428	0.923724
0.733333	0.981965	-0.0216682	0.187817	0.0867136	0.934379	-0.345567	-0.168004	0.355621	0.919406
0.766667	0.982401	-0.0185992	0.185855	0.0863364	0.927571	-0.363535	-0.165632	0.373184	0.912853
0.8	0.983167	-0.0156968	0.182034	0.0858023	0.919275	-0.38415	-0.161309	0.393303	0.905148
0.833333	0.983387	-0.011156	0.181177	0.0840455	0.912661	-0.399983	-0.160891	0.408565	0.898437
0.866667	0.983229	-0.00591404	0.182281	0.080936	0.909812	-0.407052	-0.163434	0.414978	0.895032
0.9	0.983414	0.000732119	0.181374	0.0754639	0.907676	-0.412832	-0.164931	0.419672	0.892566
0.933333	0.983714	0.00788962	0.179566	0.0694233	0.904829	-0.420077	-0.165791	0.425701	0.889546
0.966667	0.983749	0.0138651	0.179014	0.0650835	0.901671	-0.427496	-0.167339	0.4322	0.886116
1	0.983236	0.0239801	0.180755	0.0576475	0.899586	-0.432923	-0.172986	0.436086	0.883122
1.03333	0.981845	0.0356227	0.186312	0.0502568	0.898254	-0.436593	-0.182908	0.43803	0.880156
1.06667	0.979941	0.0400883	0.195212	0.0521742	0.893784	-0.445453	-0.192335	0.446703	0.873764
1.1	0.976509	0.0330933	0.212922	0.0687033	0.888746	-0.453222	-0.204232	0.457203	0.865595
1.13333	0.972352	0.0150188	0.233036	0.0942284	0.887845	-0.450392	-0.213664	0.459898	0.861882
1.16667	0.967862	-0.0120436	0.251195	0.124202	0.891425	-0.435816	-0.218672	0.453008	0.864272
1.2	0.962779	-0.0437712	0.266724	0.155173	0.89749	-0.412836	-0.221311	0.438858	0.870876
1.23333	0.956357	-0.0743776	0.282578	0.185143	0.90241	-0.389074	-0.226062	0.424411	0.876796
1.26667	0.948548	-0.103698	0.299172	0.21403	0.906288	-0.364462	-0.233342	0.409741	0.881853
1.3	0.936727	-0.137774	0.321808	0.247649	0.91054	-0.331039	-0.247411	0.389789	0.887047
1.33333	0.926273	-0.162504	0.340016	0.272093	0.912635	-0.305061	-0.260737	0.375086	0.889566
1.36667	0.918544	-0.171823	0.356025	0.280965	0.917295	-0.282187	-0.278093	0.359232	0.890852
1.4	0.905356	-0.18749	0.381021	0.296355	0.921591	-0.250687	-0.304144	0.339879	0.889932
1.43333	0.892484	-0.196022	0.40626	0.310503	0.920273	-0.238088	-0.327199	0.338635	0.882194
1.46667	0.87688	-0.203728	0.435403	0.333625	0.910016	-0.2461	-0.346086	0.361062	0.865944
1.5	0.852321	-0.217223	0.475777	0.375097	0.887817	-0.266613	-0.364488	0.405703	0.838185
1.53333	0.822023	-0.217329	0.526352	0.428428	0.84493	-0.320222	-0.375138	0.488734	0.787662
1.56667	0.805237	-0.187377	0.562569	0.483244	0.757176	-0.439499	-0.343612	0.625759	0.700255
1.6	0.831412	-0.100788	0.546439	0.496189	0.577299	-0.648477	-0.2501	0.810289	0.529983
1.63333	0.874216	-0.0931891	0.47651	0.464794	0.444408	-0.765812	-0.1404	0.890964	0.431822
1.66667	0.916027	-0.149549	0.372195	0.399684	0.418648	-0.815467	-0.0338663	0.895751	0.443265
1.7	0.939426	-0.231809	0.252476	0.334778	0.462593	-0.820933	0.0735063	0.855729	0.512176
1.73333	0.94327	-0.301969	0.138042	0.287673	0.535687	-0.793904	0.165788	0.788577	0.592166
1.76667	0.935855	-0.351605	0.0234528	0.253425	0.6253	-0.738089	0.244851	0.696687	0.674296
1.8	0.918667	-0.384888	-0.0889542	0.24144	0.725286	-0.644722	0.312663	0.570808	0.759224
1.83333	0.891987	-0.403826	-0.203184	0.256972	0.822726	-0.507038	0.371919	0.400059	0.837633
1.86667	0.854996	-0.402711	-0.326811	0.307714	0.901138	-0.305388	0.417485	0.160542	0.894389
1.9	0.826067	-0.371303	-0.423966	0.34882	0.927727	-0.13284	0.442649	-0.0381534	0.895883
1.93333	0.835111	-0.332459	-0.438247	0.333584	0.939563	-0.0770949	0.437391	-0.0818092	0.895542
1.96667	0.886188	-0.255086	-0.386783	0.222132	0.966515	-0.128478	0.406605	0.0279387	0.913177
2	0.931508	-0.126746	-0.340923	0.0704313	0.982435	-0.172803	0.356837	0.136955	0.924073
2.03333	0.951704	-0.0314149	-0.305405	-0.0588238	0.957664	-0.281815	0.301329	0.28617	0.909565
2.06667	0.969198	0.0133764	-0.245919	-0.089694	0.949121	-0.301869	0.229369	0.314628	0.921086
2.1	0.989113	0.0162758	-0.146256	-0.0608276	0.950205	-0.30563	0.133998	0.311199	0.94085
2.13333	0.997938	0.0299641	-0.0567596	-0.0481988	0.933836	-0.35444	0.0423837	0.356445	0.933355
2.16667	0.998456	0.0227474	0.0506802	-6.91917e-05	0.912825	-0.408352	-0.0555511	0.407718	0.911417
2.2	0.985907	-0.00381683	0.167251	0.0737271	0.907332	-0.4139	-0.150172	0.420397	0.894826
2.23333	0.965112	-0.0287709	0.260253	0.133921	0.90834	-0.396211	-0.224999	0.417241	0.880503
2.26667	0.949308	-0.0271305	0.313175	0.156789	0.904364	-0.396918	-0.272456	0.425899	0.862773
2.3	0.931987	-0.00764887	0.362411	0.163863	0.900686	-0.402385	-0.323341	0.434403	0.840681
2.33333	0.896713	-0.0081041	0.442538	0.216244	0.880404	-0.422051	-0.386192	0.474155	0.791222
2.36667	0.852892	-0.0298368	0.521233	0.306749	0.836508	-0.454048	-0.422469	0.547142	0.722604
2.4	0.810032	-0.0655835	0.582706	0.419209	0.759605	-0.497257	-0.410015	0.64707	0.642797
2.43333	0.808024	-0.00915372	0.589078	0.46586	0.622015	-0.629343	-0.360654	0.782952	0.506867
2.46667	0.860655	0.0171089	0.508902	0.451028	0.438233	-0.777512	-0.23632	0.898699	0.369451
2.5	0.918825	-0.0527962	0.391118	0.385442	0.333037	-0.860535	-0.0848239	0.941434	0.326353
2.53333	0.948049	-0.157095	0.276629	0.315097	0.344064	-0.884496	0.0437716	0.925711	0.37569
2.56667	0.957251	-0.236542	0.166486	0.260347	0.453741	-0.852255	0.126053	0.859166	0.495927
2.6	0.958704	-0.279743	0.0512848	0.217616	0.60544	-0.765563	0.183111	0.745108	0.641314
2.63333	0.951735	-0.30193	-0.0551174	0.197563	0.740098	-0.642825	0.234881	0.60091	0.764028
2.66667	0.938289	-0.299444	-0.173052	0.196986	0.873979	-0.444248	0.284271	0.382745	0.879032
2.7	0.920553	-0.277051	-0.275365	0.244796	0.958515	-0.146026	0.304398	0.0670163	0.950185
2.73333	0.912348	-0.26583	-0.311376	0.291395	0.955857	0.0377643	0.287593	-0.125188	0.949536
2.76667	0.933605	-0.216024	-0.285859	0.242402	0.968324	0.0599107	0.263862	-0.125226	0.956397
2.8	0.95899	-0.129335	-0.252213	0.126757	0.991579	-0.0265145	0.253519	-0.00654265	0.967308
2.83333	0.966018	-0.0293496	-0.256804	-0.0361937	0.968384	-0.246824	0.255929	0.247731	0.934414
2.86667	0.97173	0.041108	-0.232487	-0.113104	0.945426	-0.305575	0.207238	0.323232	0.923349
2.9	0.985249	0.0464094	-0.164714	-0.105422	0.922796	-0.370585	0.134799	0.382483	0.914076
2.93333	0.996768	0.0484551	-0.0640693	-0.0704585	0.91043	-0.407619	0.0385794	0.410816	0.910902
2.96667	0.997865	0.0515091	0.0401546	-0.0277295	0.890785	-0.453579	-0.0591325	0.451497	0.890311
3	0.987689	0.0472284	0.149131	0.0295692	0.879783	-0.474455	-0.153611	0.473023	0.867556
3.03333	0.966345	0.0391027	0.25426	0.087023	0.88042	-0.46614	-0.242083	0.472579	0.847387
3.06667	0.943141	0.0222225	0.331648	0.14332	0.87306	-0.466075	-0.299906	0.487106	0.820234
3.1	0.918357	0.0032435	0.39574	0.190202	0.873288	-0.448543	-0.34705	0.487193	0.801373
3.13333	0.890929	0.00221781	0.454137	0.221538	0.870813	-0.438868	-0.396442	0.491609	0.775342
3.16667	0.853164	0.00934822	0.521559	0.270245	0.847283	-0.457251	-0.446183	0.531059	0.720345
3.2	0.812584	0.0265121	0.582241	0.337301	0.793294	-0.506865	-0.475326	0.608261	0.635676
3.23333	0.770453	0.0186869	0.637223	0.430181	0.722446	-0.541309	-0.470475	0.691174	0.548572
3.26667	0.750721	0.0549677	0.658329	0.495246	0.61269	-0.615908	-0.437206	0.78841	0.432736
3.3	0.795983	0.117682	0.593769	0.499902	0.425332	-0.754447	-0.341334	0.897354	0.279728
3.33333	0.870095	0.0860582	0.485314	0.437929	0.316845	-0.841325	-0.226172	0.944565	0.237998
3.36667	0.931084	0.000192469	0.364804	0.345883	0.317406	-0.88296	-0.115961	0.94829	0.295465
3.4	0.96409	-0.0858066	0.251333	0.264312	0.402279	-0.876534	-0.0258936	0.911487	0.410512
3.43333	0.974406	-0.160932	0.156955	0.218658	0.516461	-0.827923	0.0521782	0.841053	0.538431
