0	-0.00316224	0.999995	-0.000515835	0.0889399	-0.000232542	-0.996037	-0.996032	-0.00319559	-0.0889387
0.0333333	0.923673	0.00981507	-0.383055	-0.315888	-0.546341	-0.77571	-0.216892	0.837505	-0.50154
0.0666667	0.954195	-0.170955	-0.245532	-0.26014	-0.879437	-0.398644	-0.14778	0.444257	-0.883627
0.1	0.960196	-0.202206	-0.192708	-0.241264	-0.948048	-0.207354	-0.140768	0.245594	-0.959097
0.133333	0.961503	-0.211363	-0.175608	-0.23644	-0.961977	-0.136732	-0.140031	0.172989	-0.974918
0.166667	0.961617	-0.215632	-0.169692	-0.236064	-0.965375	-0.111013	-0.139879	0.146811	-0.979224
0.2	0.961552	-0.217777	-0.167302	-0.236524	-0.966303	-0.101563	-0.139547	0.137229	-0.98066
0.233333	0.961652	-0.218109	-0.166295	-0.236157	-0.966799	-0.0976176	-0.139482	0.133146	-0.981232
0.266667	0.961648	-0.21824	-0.166147	-0.235915	-0.967106	-0.0951289	-0.139921	0.130677	-0.981502
0.3	0.961635	-0.218132	-0.166364	-0.235809	-0.96715	-0.0949495	-0.140187	0.130537	-0.981482
0.333333	0.961624	-0.218086	-0.166486	-0.235835	-0.967105	-0.0953371	-0.140218	0.130942	-0.981424
0.366667	0.961588	-0.218298	-0.166419	-0.235964	-0.967126	-0.0948106	-0.140251	0.130438	-0.981486
0.4	0.961574	-0.218524	-0.166203	-0.236006	-0.967222	-0.0937142	-0.140276	0.129338	-0.981628
0.433333	0.961509	-0.218838	-0.166165	-0.236302	-0.96716	-0.0936106	-0.140222	0.129272	-0.981645
0.466667	0.961547	-0.21872	-0.166097	-0.236157	-0.967208	-0.093486	-0.140203	0.129116	-0.981668
0.5	0.961551	-0.218552	-0.1663	-0.236014	-0.967243	-0.0934843	-0.140421	0.129139	-0.981634
0.533333	0.961579	-0.218329	-0.166427	-0.235937	-0.967173	-0.0943954	-0.140354	0.130035	-0.981525
0.566667	0.96177	-0.217463	-0.166458	-0.235153	-0.967306	-0.094983	-0.140361	0.130495	-0.981463
0.6	0.961824	-0.216821	-0.166982	-0.234661	-0.967368	-0.0955636	-0.140813	0.1311	-0.981318
0.633333	0.961729	-0.216525	-0.167911	-0.234755	-0.967162	-0.0974091	-0.141305	0.133099	-0.980978
0.666667	0.961323	-0.216776	-0.169903	-0.235861	-0.966482	-0.101399	-0.142227	0.137551	-0.98023
0.7	0.960533	-0.217222	-0.173757	-0.238119	-0.964993	-0.109944	-0.143792	0.14698	-0.978632
0.733333	0.959836	-0.216616	-0.178304	-0.240191	-0.962873	-0.12322	-0.144993	0.161098	-0.97623
0.766667	0.960121	-0.213338	-0.180707	-0.239263	-0.96134	-0.136305	-0.144641	0.174106	-0.974046
0.8	0.960211	-0.211219	-0.182705	-0.239064	-0.959849	-0.146758	-0.144372	0.184597	-0.972153
0.833333	0.960155	-0.209377	-0.185103	-0.239251	-0.958142	-0.157236	-0.144433	0.195257	-0.970059
0.866667	0.959783	-0.209133	-0.187297	-0.240872	-0.95613	-0.166721	-0.144213	0.20513	-0.968052
0.9	0.959156	-0.211544	-0.187801	-0.244015	-0.954576	-0.171	-0.143096	0.209842	-0.967207
0.933333	0.95826	-0.215385	-0.188008	-0.248079	-0.953287	-0.172338	-0.142107	0.211786	-0.966929
0.966667	0.957202	-0.218775	-0.189479	-0.252039	-0.95192	-0.17414	-0.142271	0.214443	-0.966319
1	0.95426	-0.226428	-0.19524	-0.262314	-0.947405	-0.183346	-0.143457	0.226174	-0.963465
1.03333	0.950129	-0.237315	-0.202326	-0.277745	-0.938973	-0.202945	-0.141817	0.249019	-0.958059
1.06667	0.948183	-0.239101	-0.209236	-0.28879	-0.923141	-0.253793	-0.132472	0.301067	-0.944357
1.1	0.95088	-0.228375	-0.208977	-0.290958	-0.889838	-0.351471	-0.105689	0.395011	-0.912577
1.13333	0.958378	-0.220853	-0.180929	-0.282595	-0.824022	-0.491048	-0.0406402	0.521739	-0.852136
1.16667	0.965399	-0.233919	-0.115266	-0.256015	-0.766085	-0.589551	0.0496039	0.598662	-0.799464
1.2	0.965868	-0.257251	-0.0303463	-0.221476	-0.759378	-0.611795	0.13434	0.597634	-0.790434
1.23333	0.959514	-0.275585	0.0581894	-0.191296	-0.789249	-0.583517	0.206735	0.548761	-0.810014
1.26667	0.946476	-0.286183	0.149273	-0.167313	-0.830483	-0.531324	0.276025	0.47791	-0.833914
1.3	0.927805	-0.28442	0.24142	-0.14422	-0.870258	-0.471011	0.344063	0.402189	-0.848449
1.33333	0.901452	-0.280037	0.330097	-0.135693	-0.90693	-0.39883	0.411062	0.314734	-0.855553
1.36667	0.865791	-0.285312	0.411099	-0.140996	-0.927337	-0.34665	0.480131	0.242163	-0.843108
1.4	0.828719	-0.2879	0.479936	-0.149638	-0.940303	-0.305678	0.53929	0.181505	-0.822328
1.43333	0.794934	-0.298799	0.528014	-0.166429	-0.944323	-0.283823	0.583422	0.137744	-0.800403
1.46667	0.778817	-0.295947	0.553045	-0.162842	-0.946863	-0.277367	0.605744	0.125959	-0.785626
1.5	0.801061	-0.251165	0.543339	-0.106296	-0.952971	-0.283808	0.589069	0.169593	-0.790086
1.53333	0.83723	-0.186583	0.514035	-0.0386751	-0.957841	-0.284683	0.545481	0.218465	-0.80915
1.56667	0.867435	-0.131167	0.479949	0.032806	-0.947448	-0.318224	0.496467	0.291784	-0.817547
1.6	0.902345	-0.0845491	0.422641	0.0666002	-0.941443	-0.330528	0.425838	0.326398	-0.843876
1.63333	0.942793	-0.0555026	0.328725	0.0568108	-0.944874	-0.322469	0.328501	0.322697	-0.887667
1.66667	0.973837	-0.0645534	0.217887	0.0134849	-0.9407	-0.338971	0.226848	0.333041	-0.915218
1.7	0.989911	-0.0772883	0.118753	-0.0349842	-0.9455	-0.323739	0.137302	0.316318	-0.938665
1.73333	0.995663	-0.0906752	0.0207962	-0.0802676	-0.950342	-0.300678	0.0470276	0.297705	-0.953499
1.76667	0.99101	-0.111886	-0.0733515	-0.12761	-0.955186	-0.267087	-0.0401811	0.274046	-0.960877
1.8	0.978053	-0.13979	-0.154506	-0.16845	-0.966933	-0.191483	-0.122629	0.213307	-0.969259
1.83333	0.961833	-0.165038	-0.218267	-0.198527	-0.969822	-0.141535	-0.188321	0.179465	-0.965571
1.86667	0.94631	-0.182086	-0.2671	-0.212169	-0.973243	-0.0882193	-0.24389	0.140153	-0.959622
1.9	0.927443	-0.1953	-0.318917	-0.224452	-0.972817	-0.0569907	-0.299117	0.124437	-0.946068
1.93333	0.89518	-0.222851	-0.385993	-0.272482	-0.958972	-0.0782735	-0.352714	0.175245	-0.919175
1.96667	0.843168	-0.279168	-0.459493	-0.352453	-0.93238	-0.0802777	-0.406011	0.229637	-0.884546
2	0.783406	-0.317235	-0.534449	-0.442015	-0.888907	-0.120281	-0.436918	0.330463	-0.836598
2.03333	0.769501	-0.222133	-0.59877	-0.518987	-0.763883	-0.383582	-0.372184	0.605921	-0.703093
2.06667	0.832372	-0.125741	-0.539764	-0.52798	-0.476022	-0.703307	-0.168505	0.870398	-0.462616
2.1	0.890125	-0.185714	-0.416157	-0.455706	-0.356648	-0.815558	0.00303909	0.915594	-0.402093
2.13333	0.917589	-0.281023	-0.28117	-0.375543	-0.380815	-0.844954	0.130378	0.880912	-0.454968
2.16667	0.930793	-0.34415	-0.123232	-0.296733	-0.514464	-0.804535	0.213482	0.785422	-0.580979
2.2	0.932987	-0.357255	0.0436344	-0.220242	-0.662603	-0.715857	0.284656	0.658275	-0.696882
2.23333	0.919571	-0.335602	0.204352	-0.17029	-0.809097	-0.562462	0.354104	0.482425	-0.801172
2.26667	0.883541	-0.303619	0.35661	-0.187432	-0.927001	-0.324867	0.429213	0.220194	-0.875951
2.3	0.845153	-0.253064	0.470824	-0.257974	-0.964564	-0.0553704	0.468152	-0.0746638	-0.880488
2.33333	0.848408	-0.172152	0.500568	-0.252181	-0.962879	0.0962723	0.465413	-0.207912	-0.860328
2.36667	0.868907	-0.135629	0.476032	-0.17264	-0.984375	0.0346561	0.463893	-0.112295	-0.878745
2.4	0.876464	-0.129298	0.463781	-0.0725084	-0.987727	-0.13834	0.475976	0.0876224	-0.875082
2.43333	0.891825	-0.120178	0.436126	0.0181472	-0.953788	-0.299933	0.452017	0.275402	-0.848431
2.46667	0.927495	-0.091588	0.362443	0.0460783	-0.934123	-0.353964	0.370985	0.345001	-0.862174
2.5	0.96148	-0.0941039	0.258265	0.0138572	-0.921783	-0.387459	0.274525	0.376113	-0.884972
2.53333	0.988224	-0.0727657	0.134606	-0.0222209	-0.938611	-0.344261	0.151393	0.337216	-0.929175
2.56667	0.997883	-0.064957	0.00324889	-0.0597295	-0.935055	-0.349433	0.025736	0.3485	-0.936956
2.6	0.988788	-0.0746517	-0.129325	-0.112892	-0.940603	-0.32019	-0.0977404	0.331199	-0.938485
2.63333	0.963457	-0.110151	-0.244168	-0.169653	-0.956334	-0.237998	-0.20729	0.270724	-0.940074
2.66667	0.933479	-0.144532	-0.328218	-0.218496	-0.954931	-0.200913	-0.284387	0.259263	-0.922988
2.7	0.900681	-0.177037	-0.396776	-0.256998	-0.953411	-0.157984	-0.350322	0.244264	-0.904218
2.73333	0.858101	-0.182685	-0.479884	-0.286716	-0.945777	-0.152644	-0.425977	0.268574	-0.863951
2.76667	0.798443	-0.208146	-0.564946	-0.347089	-0.925852	-0.149427	-0.491954	0.315395	-0.811485
2.8	0.731198	-0.246579	-0.636041	-0.434333	-0.887256	-0.155342	-0.526027	0.38984	-0.755857
2.83333	0.678051	-0.17521	-0.713826	-0.539717	-0.777947	-0.32172	-0.49895	0.603407	-0.622052
2.86667	0.739559	0.0275145	-0.672529	-0.580953	-0.4785	-0.658432	-0.339921	0.877657	-0.337894
2.9	0.844887	0.0432369	-0.533195	-0.503555	-0.272129	-0.819986	-0.180552	0.961289	-0.208146
2.93333	0.919848	-0.0375065	-0.390479	-0.387685	-0.238767	-0.890332	-0.0598402	0.970352	-0.23417
2.96667	0.956672	-0.139185	-0.255746	-0.287352	-0.309597	-0.906409	0.0469802	0.940626	-0.336178
3	0.967262	-0.217367	-0.130979	-0.220787	-0.466302	-0.856631	0.125127	0.857505	-0.499028
3.03333	0.966719	-0.254857	-0.0223897	-0.189434	-0.654235	-0.732183	0.171954	0.712057	-0.68074
3.06667	0.958415	-0.266549	0.101942	-0.166688	-0.812818	-0.55816	0.231637	0.517956	-0.823447
3.1	0.938428	-0.253657	0.234543	-0.169336	-0.929482	-0.327702	0.301128	0.267808	-0.915205
3.13333	0.909317	-0.235491	0.343055	-0.216353	-0.971815	-0.093631	0.355436	0.0109193	-0.934637
3.16667	0.900961	-0.212898	0.378078	-0.246971	-0.96805	0.0434174	0.356755	-0.132491	-0.924755
3.2	0.918203	-0.182707	0.351457	-0.207788	-0.97756	0.0346662	0.337237	-0.104859	-0.935562
3.23333	0.930668	-0.149301	0.334016	-0.123395	-0.987546	-0.0976056	0.344429	0.0496226	-0.9375
3.26667	0.93646	-0.121032	0.329232	-0.0169018	-0.953066	-0.30229	0.350367	0.277518	-0.894554
3.3	0.960002	-0.0705621	0.270956	0.0261985	-0.940841	-0.337835	0.278765	0.331421	-0.90136
3.33333	0.981625	-0.0647332	0.179507	0.00767573	-0.926546	-0.376102	0.190668	0.370569	-0.909024
3.36667	0.995065	-0.0638532	0.0759502	-0.0313082	-0.928376	-0.370322	0.0941566	0.366117	-0.925793
3.4	0.99719	-0.0677116	-0.032061	-0.0745854	-0.937562	-0.339728	-0.00705565	0.341164	-0.939977
3.43333	0.989012	-0.0773961	-0.125956	-0.11258	-0.946517	-0.302377	-0.0958168	0.313235	-0.94483
