0	0.931037	-0.364924	0	0.364924	0.931037	0	0	0	1
0.0333333	0.954383	-0.283018	-0.0951499	0.280817	0.959084	-0.0360524	0.10146	0.00768811	0.99481
0.0666667	0.967915	-0.0964514	-0.232029	0.0841124	0.994493	-0.0625204	0.236781	0.040998	0.970698
0.1	0.939303	0.06801	-0.336279	-0.0941949	0.993612	-0.0621569	0.329904	0.09006	0.939709
0.133333	0.890977	0.19559	-0.409762	-0.235606	0.970613	-0.0489978	0.388137	0.140198	0.910876
0.166667	0.840529	0.28822	-0.458739	-0.340137	0.939805	-0.0327513	0.421686	0.183562	0.887967
0.2	0.796557	0.353244	-0.490628	-0.414601	0.909824	-0.0180674	0.440003	0.217807	0.871182
0.233333	0.761635	0.398348	-0.511108	-0.466863	0.884306	-0.0064911	0.44939	0.243561	0.859492
0.266667	0.735226	0.429005	-0.524782	-0.50272	0.864446	0.00236186	0.454659	0.262082	0.851233
0.3	0.716211	0.449334	-0.533985	-0.526662	0.850028	0.00888565	0.457895	0.274866	0.845447
0.333333	0.702717	0.463092	-0.540124	-0.54295	0.839656	0.0135118	0.459776	0.283766	0.841477
0.366667	0.693269	0.472666	-0.544026	-0.554332	0.832131	0.016578	0.460537	0.290078	0.838905
0.4	0.686795	0.479419	-0.546325	-0.56239	0.826666	0.0184376	0.460468	0.294585	0.837371
0.433333	0.681988	0.484123	-0.548195	-0.568006	0.822782	0.0199821	0.460719	0.29775	0.836112
0.466667	0.679167	0.486975	-0.549169	-0.571421	0.820394	0.0207975	0.460663	0.299682	0.835452
0.5	0.677592	0.488621	-0.549654	-0.573394	0.819005	0.0212062	0.460531	0.300799	0.835123
0.533333	0.676441	0.489741	-0.550074	-0.574736	0.818055	0.0215625	0.460551	0.301561	0.834838
0.566667	0.675905	0.49033	-0.550208	-0.575443	0.817555	0.0216765	0.460454	0.301962	0.834746
0.6	0.675564	0.490838	-0.550174	-0.576058	0.817122	0.0216479	0.460185	0.302308	0.834769
0.633333	0.675666	0.491109	-0.549807	-0.576398	0.816891	0.0213343	0.459609	0.302493	0.835019
0.666667	0.67579	0.491235	-0.549542	-0.576559	0.816783	0.0211085	0.459226	0.302579	0.835199
0.7	0.675199	0.492103	-0.549491	-0.57761	0.816041	0.0210647	0.458773	0.303168	0.835234
0.733333	0.672443	0.494915	-0.550344	-0.580983	0.813624	0.0217985	0.458562	0.305083	0.834653
0.766667	0.66686	0.500655	-0.551945	-0.587881	0.808615	0.0231948	0.457923	0.30901	0.833558
0.8	0.659559	0.508792	-0.553275	-0.59771	0.801342	0.0243837	0.455768	0.314615	0.832642
0.833333	0.654687	0.514292	-0.553976	-0.60437	0.796311	0.0250245	0.454007	0.318423	0.832157
0.866667	0.649699	0.518845	-0.5556	-0.60985	0.792073	0.0265366	0.453844	0.321592	0.831026
0.9	0.643091	0.522586	-0.559765	-0.614242	0.788529	0.0304792	0.457319	0.32423	0.82809
0.933333	0.638112	0.525212	-0.562997	-0.617308	0.786005	0.0335835	0.460156	0.326112	0.825777
0.966667	0.63802	0.527118	-0.561317	-0.619739	0.784157	0.0319552	0.457005	0.327482	0.826984
1	0.642317	0.529181	-0.554433	-0.62257	0.782156	0.0252766	0.447029	0.328938	0.831844
1.03333	0.653637	0.527728	-0.542459	-0.621174	0.783551	0.0137881	0.432321	0.327949	0.839969
1.06667	0.665661	0.527584	-0.527778	-0.621152	0.78369	-2.7984e-05	0.4136	0.327849	0.849382
1.1	0.677461	0.528199	-0.51191	-0.621691	0.783124	-0.0147025	0.393123	0.32821	0.858913
1.13333	0.689528	0.530621	-0.492943	-0.623812	0.78092	-0.0319782	0.367981	0.329554	0.869474
1.16667	0.702434	0.530989	-0.473959	-0.623121	0.78059	-0.048986	0.343956	0.329743	0.879183
1.2	0.712202	0.534439	-0.455131	-0.625397	0.777544	-0.0656044	0.318823	0.331361	0.888005
1.23333	0.718565	0.538795	-0.439733	-0.628562	0.773727	-0.0790999	0.297614	0.333238	0.894639
1.26667	0.722606	0.543693	-0.426894	-0.632298	0.769441	-0.0903322	0.279357	0.335199	0.899779
1.3	0.724825	0.548473	-0.416901	-0.636058	0.765253	-0.0990878	0.264688	0.336994	0.903535
1.33333	0.729556	0.550875	-0.40532	-0.636923	0.76315	-0.109225	0.249151	0.337843	0.907626
1.36667	0.736398	0.550004	-0.393971	-0.634248	0.763906	-0.119065	0.235471	0.337555	0.911378
1.4	0.745109	0.545833	-0.383248	-0.628147	0.767461	-0.1282	0.224152	0.336259	0.914705
1.43333	0.752753	0.540486	-0.375815	-0.621349	0.771921	-0.134401	0.217458	0.334683	0.916897
1.46667	0.751998	0.541619	-0.375697	-0.622489	0.770985	-0.134498	0.21681	0.335009	0.916931
1.5	0.74143	0.552897	-0.380245	-0.634869	0.761491	-0.130665	0.217308	0.338284	0.915609
1.53333	0.730655	0.56481	-0.38358	-0.647694	0.751113	-0.127757	0.215953	0.341789	0.914628
1.56667	0.721914	0.576301	-0.383036	-0.659402	0.74077	-0.128252	0.20983	0.345162	0.914787
1.6	0.715006	0.585155	-0.382571	-0.668398	0.732587	-0.128686	0.204966	0.347721	0.91492
1.63333	0.71878	0.580292	-0.382905	-0.663473	0.737105	-0.128375	0.207746	0.34632	0.914824
1.66667	0.732747	0.560578	-0.38579	-0.643714	0.75486	-0.125771	0.220713	0.340497	0.913974
1.7	0.747291	0.538693	-0.389057	-0.62166	0.773574	-0.122968	0.234722	0.333754	0.91297
1.73333	0.757949	0.518238	-0.396159	-0.601539	0.790202	-0.117184	0.252316	0.327125	0.910673
1.76667	0.766835	0.494424	-0.409279	-0.578494	0.808636	-0.107018	0.278045	0.318831	0.906111
1.8	0.776083	0.466852	-0.423964	-0.551163	0.828827	-0.0962547	0.306456	0.308375	0.90055
1.83333	0.782874	0.439905	-0.439991	-0.524052	0.847415	-0.0851934	0.335378	0.297274	0.893952
1.86667	0.787289	0.416984	-0.454204	-0.50055	0.862373	-0.0759175	0.360036	0.28712	0.887657
1.9	0.785357	0.40192	-0.470824	-0.485433	0.871817	-0.0654961	0.384148	0.279991	0.879793
1.93333	0.775327	0.396193	-0.491832	-0.480604	0.875366	-0.0524792	0.409742	0.277065	0.869107
1.96667	0.760967	0.401544	-0.509599	-0.487769	0.871997	-0.0412692	0.427798	0.279971	0.859421
2	0.738511	0.421362	-0.526361	-0.511432	0.858797	-0.0300825	0.439362	0.291414	0.849729
2.03333	0.71143	0.450375	-0.539471	-0.545822	0.837651	-0.0204961	0.442657	0.309037	0.841755
2.06667	0.699019	0.470205	-0.538776	-0.56913	0.821978	-0.0210383	0.43297	0.32134	0.842186
2.1	0.697184	0.481313	-0.531293	-0.581879	0.81282	-0.027209	0.418749	0.328118	0.846751
2.13333	0.688452	0.497366	-0.527884	-0.600411	0.799124	-0.0301148	0.406867	0.33768	0.848782
2.16667	0.67566	0.513769	-0.528701	-0.619485	0.784459	-0.029375	0.399653	0.34737	0.848299
2.2	0.665731	0.524773	-0.530486	-0.632345	0.774192	-0.0277038	0.39616	0.353893	0.847241
2.23333	0.65943	0.529176	-0.533971	-0.637613	0.769972	-0.0243649	0.398249	0.356533	0.845152
2.26667	0.657079	0.526624	-0.539365	-0.634802	0.772438	-0.0191531	0.406539	0.354975	0.841854
2.3	0.654583	0.521432	-0.547384	-0.628857	0.777437	-0.0114349	0.419594	0.351712	0.836803
2.33333	0.640959	0.52206	-0.562695	-0.629706	0.776826	0.00343657	0.43891	0.35213	0.826657
2.36667	0.614432	0.530115	-0.584338	-0.639115	0.768694	0.0253321	0.462606	0.357895	0.811115
2.4	0.593854	0.536357	-0.599715	-0.646159	0.762063	0.0417093	0.479392	0.362742	0.799126
2.43333	0.600104	0.531931	-0.597432	-0.640647	0.766832	0.0392452	0.479006	0.359192	0.800959
2.46667	0.637774	0.513322	-0.574235	-0.618346	0.78575	0.0156341	0.459231	0.345105	0.818541
2.5	0.686063	0.48565	-0.541721	-0.585019	0.8109	-0.0139291	0.432517	0.326473	0.840443
2.53333	0.718448	0.465051	-0.517261	-0.560156	0.827694	-0.0338773	0.412379	0.314086	0.855157
2.56667	0.732345	0.453903	-0.507585	-0.546872	0.836199	-0.0412657	0.405712	0.307805	0.860613
2.6	0.736376	0.441565	-0.512612	-0.533011	0.845274	-0.0375592	0.416713	0.300886	0.857798
2.63333	0.731573	0.422912	-0.53474	-0.512249	0.858561	-0.0217888	0.449892	0.28986	0.844736
2.66667	0.712197	0.398471	-0.577924	-0.48329	0.875423	0.00801622	0.509122	0.273596	0.816052
2.7	0.679726	0.375492	-0.630062	-0.452179	0.890885	0.0431111	0.577501	0.255597	0.775347
2.73333	0.636828	0.3623	-0.68058	-0.429572	0.899743	0.0770124	0.640248	0.243314	0.728616
2.76667	0.595263	0.352935	-0.721872	-0.409685	0.906141	0.105198	0.691246	0.23312	0.683984
2.8	0.561744	0.348279	-0.75043	-0.396698	0.909385	0.125097	0.725999	0.227422	0.649003
2.83333	0.537132	0.347693	-0.768504	-0.391405	0.909804	0.138055	0.747189	0.226642	0.624774
2.86667	0.523257	0.358818	-0.77295	-0.409217	0.90141	0.141428	0.747492	0.242302	0.618503
2.9	0.536011	0.370913	-0.758364	-0.43339	0.891801	0.129857	0.724476	0.259063	0.638765
2.93333	0.549053	0.389028	-0.739729	-0.467049	0.876793	0.11445	0.693113	0.282651	0.663101
2.96667	0.555954	0.414074	-0.720735	-0.509872	0.854681	0.0977281	0.656465	0.31315	0.686288
3	0.561101	0.440624	-0.700726	-0.552983	0.82946	0.0787765	0.615935	0.343288	0.709068
3.03333	0.563844	0.465883	-0.681933	-0.59191	0.803788	0.0597219	0.575953	0.369969	0.728973
3.06667	0.564036	0.490109	-0.664572	-0.627402	0.777616	0.0409871	0.53687	0.393836	0.746099
3.1	0.568966	0.51225	-0.643333	-0.658379	0.752497	0.0168981	0.492762	0.413942	0.7654
3.13333	0.577116	0.536933	-0.615337	-0.690184	0.723456	-0.016038	0.436558	0.433952	0.788101
3.16667	0.576175	0.569487	-0.586265	-0.728183	0.683424	-0.0517857	0.371176	0.456746	0.808462
3.2	0.548946	0.614191	-0.566946	-0.777895	0.623577	-0.0776565	0.305838	0.483654	0.820087
3.23333	0.526307	0.651182	-0.546776	-0.815439	0.568766	-0.107542	0.240958	0.502462	0.830344
3.26667	0.531166	0.665002	-0.52501	-0.824914	0.547299	-0.141353	0.193337	0.50817	0.839276
3.3	0.550936	0.65643	-0.515334	-0.813477	0.56029	-0.155981	0.186346	0.505148	0.842675
3.33333	0.579164	0.632036	-0.514878	-0.788404	0.594898	-0.156576	0.207339	0.496615	0.842843
3.36667	0.602778	0.600969	-0.524876	-0.758581	0.635597	-0.143428	0.247414	0.484616	0.839008
3.4	0.618575	0.564934	-0.54609	-0.724283	0.679404	-0.117573	0.304595	0.468252	0.829435
3.43333	0.622005	0.524583	-0.58131	-0.684069	0.725295	-0.0774394	0.380998	0.445824	0.809988
