0	0.0110242	-0.0319839	0.788389	0.999995	-0.000247574	0.00307081	0.000167084	0.999657	0.0261838	-0.00307624	-0.0261831	0.999652
0.0333333	0.180445	0.984452	-1.95915	0.239335	0.970416	-0.0317905	-0.969568	0.240607	0.045225	0.0515361	0.0199991	0.998471
0.0666667	0.177817	0.98655	-1.95596	0.143029	0.989659	0.0108773	-0.989702	0.142955	0.00726583	0.00563572	-0.0118045	0.999914
0.1	0.177156	0.988337	-1.95432	0.0930879	0.995244	0.0287226	-0.995655	0.0929775	0.00515882	0.00246373	-0.029078	0.999574
0.133333	0.177287	0.989096	-1.95355	0.0708339	0.99684	0.0359541	-0.997484	0.0706809	0.00550929	0.00295061	-0.0362539	0.999338
0.166667	0.177552	0.989419	-1.9531	0.0618966	0.997314	0.0391503	-0.998077	0.0617203	0.00569534	0.00326367	-0.0394275	0.999217
0.2	0.177816	0.989598	-1.95269	0.057738	0.997499	0.0407732	-0.998325	0.0575346	0.00614722	0.00378597	-0.0410599	0.99915
0.233333	0.177897	0.989724	-1.95236	0.0554746	0.997619	0.0409758	-0.998451	0.0552477	0.00664977	0.00437012	-0.0412812	0.999138
0.266667	0.177898	0.989787	-1.952	0.0539127	0.997699	0.0411223	-0.998536	0.05369	0.00649978	0.00427696	-0.0414125	0.999133
0.3	0.177812	0.989837	-1.95163	0.0528431	0.997762	0.0409634	-0.998594	0.0526237	0.00641719	0.00424719	-0.0412449	0.99914
0.333333	0.177641	0.989809	-1.95127	0.0520791	0.997827	0.0403565	-0.998635	0.0518721	0.00615921	0.00405245	-0.0406221	0.999166
0.366667	0.177499	0.989797	-1.95099	0.0516368	0.997876	0.0397138	-0.998657	0.0514234	0.00637678	0.00432102	-0.0399897	0.999191
0.4	0.177247	0.989829	-1.95079	0.0510676	0.997924	0.0392355	-0.998684	0.0508415	0.00674094	0.00473216	-0.0395281	0.999207
0.433333	0.17699	0.989877	-1.95061	0.0506105	0.997972	0.0386151	-0.998707	0.0503829	0.00684466	0.00488524	-0.0389116	0.999231
0.466667	0.176848	0.989897	-1.95048	0.0501533	0.998011	0.0381937	-0.99873	0.0499341	0.0066717	0.00475127	-0.0384798	0.999248
0.5	0.17661	0.989913	-1.95039	0.0495695	0.99807	0.0373973	-0.998758	0.0493482	0.00681819	0.00495954	-0.0376889	0.999277
0.533333	0.176726	0.989916	-1.95048	0.0494357	0.998077	0.0374076	-0.998764	0.0492096	0.0069404	0.00508623	-0.0377045	0.999276
0.566667	0.176765	0.98993	-1.95033	0.0494295	0.9981	0.0367857	-0.998764	0.0492051	0.0069808	0.00515749	-0.0370853	0.999299
0.6	0.176967	0.989929	-1.95017	0.0493008	0.998109	0.0367053	-0.998771	0.0490765	0.00698838	0.0051738	-0.0370047	0.999302
0.633333	0.177401	0.989932	-1.94988	0.0497487	0.998056	0.0375447	-0.998749	0.0495215	0.00695759	0.00508479	-0.0378439	0.999271
0.666667	0.177968	0.989912	-1.94956	0.0500116	0.997996	0.0387745	-0.998738	0.0497945	0.00654366	0.00459979	-0.0390528	0.999227
0.7	0.178666	0.9899	-1.94919	0.0503686	0.9979	0.0407231	-0.99872	0.0501412	0.0065866	0.00453086	-0.0410028	0.999149
0.733333	0.179397	0.989885	-1.94878	0.0506305	0.997792	0.0429886	-0.998707	0.0503862	0.00674713	0.0045662	-0.0432746	0.999053
0.766667	0.180085	0.989866	-1.9484	0.0508351	0.997719	0.0444209	-0.998698	0.0505906	0.0066111	0.00434874	-0.0446991	0.998991
0.8	0.180633	0.98983	-1.94802	0.0511855	0.997683	0.0448289	-0.99868	0.0509383	0.00664	0.00434111	-0.0451096	0.998973
0.833333	0.181173	0.989804	-1.94763	0.0511624	0.997678	0.0449583	-0.998681	0.0509167	0.00659546	0.00429102	-0.0452364	0.998967
0.866667	0.181594	0.989802	-1.94727	0.0515168	0.997664	0.0448543	-0.998665	0.0512936	0.00611265	0.00379763	-0.0451093	0.998975
0.9	0.181991	0.989729	-1.94699	0.0516616	0.997678	0.0443709	-0.998659	0.0514655	0.00555126	0.00325481	-0.0445982	0.999
0.933333	0.182345	0.989623	-1.94668	0.0513592	0.997729	0.0435888	-0.998675	0.0511729	0.00537994	0.00313716	-0.0438074	0.999035
0.966667	0.18271	0.98955	-1.94642	0.0510402	0.997768	0.043052	-0.998691	0.0508547	0.00539392	0.00319249	-0.0432709	0.999058
1	0.183217	0.989476	-1.94607	0.0508761	0.997783	0.0428948	-0.998701	0.0507137	0.00486714	0.002681	-0.0430867	0.999068
1.03333	0.183665	0.989327	-1.94571	0.0510913	0.997795	0.0423677	-0.998691	0.050946	0.00450196	0.00233357	-0.0425423	0.999092
1.06667	0.184156	0.989149	-1.94534	0.0511737	0.997819	0.0416872	-0.998688	0.0510404	0.00425663	0.00211961	-0.0418503	0.999122
1.1	0.184793	0.988963	-1.94486	0.0514086	0.997835	0.041023	-0.998676	0.0512791	0.00420398	0.00209126	-0.0411848	0.999149
1.13333	0.185611	0.988753	-1.94437	0.0516127	0.997864	0.0400462	-0.998665	0.0514842	0.0042346	0.00216381	-0.0402113	0.999189
1.16667	0.186689	0.988543	-1.94381	0.0519802	0.997894	0.0388117	-0.998646	0.0518549	0.00423034	0.00220885	-0.038979	0.999238
1.2	0.187972	0.988323	-1.94323	0.0521191	0.997953	0.0370675	-0.998639	0.0520128	0.00382492	0.0018891	-0.0372164	0.999305
1.23333	0.189363	0.988071	-1.9425	0.0517009	0.99806	0.0346864	-0.998662	0.0516253	0.00307071	0.00127405	-0.0347988	0.999394
1.26667	0.190875	0.987828	-1.94164	0.0514592	0.998165	0.0319042	-0.998675	0.0514184	0.00209889	0.00045457	-0.03197	0.999489
1.3	0.192666	0.987537	-1.94067	0.0512452	0.998246	0.0296567	-0.998686	0.051251	0.000565786	-0.000955138	-0.0296467	0.99956
1.33333	0.194566	0.987179	-1.93943	0.0506861	0.998337	0.0274552	-0.998712	0.0507319	-0.000970254	-0.00236149	-0.0273706	0.999623
1.36667	0.196609	0.986797	-1.93817	0.0500503	0.998428	0.0252269	-0.99874	0.0501275	-0.00243436	-0.0036951	-0.0250733	0.999679
1.4	0.198605	0.986334	-1.93665	0.0486496	0.998561	0.0225637	-0.9988	0.0487636	-0.00453163	-0.0056254	-0.0223162	0.999735
1.43333	0.200662	0.985766	-1.93499	0.0479361	0.998659	0.0195617	-0.99882	0.0480792	-0.00691278	-0.00784402	-0.0192072	0.999785
1.46667	0.202732	0.985127	-1.93311	0.0471719	0.998754	0.0162669	-0.998838	0.0473241	-0.00910211	-0.00986059	-0.0158187	0.999826
1.5	0.205059	0.984517	-1.93113	0.0466585	0.998808	0.0143364	-0.998849	0.046811	-0.0104931	-0.0111517	-0.0138303	0.999842
1.53333	0.207247	0.983925	-1.92922	0.0460032	0.998873	0.0116676	-0.998865	0.0461413	-0.0118607	-0.0123857	-0.0111087	0.999862
1.56667	0.209638	0.983317	-1.92735	0.0451682	0.998937	0.00915155	-0.998883	0.0452893	-0.0134782	-0.0138784	-0.00853254	0.999867
1.6	0.211977	0.982632	-1.92553	0.0445121	0.998993	0.00562779	-0.998885	0.0445947	-0.0155214	-0.0157567	-0.00493062	0.999864
1.63333	0.214242	0.981942	-1.92359	0.0432233	0.999065	0.00109263	-0.998914	0.0432357	-0.0173679	-0.0173989	-0.000340744	0.999849
1.66667	0.216294	0.981144	-1.9215	0.0413789	0.999131	-0.00506919	-0.998954	0.0412717	-0.0196788	-0.0194524	0.00587818	0.999794
1.7	0.218174	0.97999	-1.91937	0.0411599	0.999081	-0.0119172	-0.998886	0.0408707	-0.0235696	-0.0230609	0.0128741	0.999651
1.73333	0.21985	0.978476	-1.91708	0.041304	0.998968	-0.0188775	-0.998774	0.0407654	-0.0280779	-0.0272794	0.0200141	0.999427
1.76667	0.221418	0.977002	-1.91467	0.040599	0.998883	-0.024173	-0.998695	0.0398175	-0.0319781	-0.0309798	0.0254397	0.999196
1.8	0.222904	0.975872	-1.91247	0.0387749	0.998857	-0.0279658	-0.998696	0.0378084	-0.0342975	-0.0332009	0.0292592	0.99902
1.83333	0.224492	0.975198	-1.91035	0.037076	0.99887	-0.0297244	-0.998708	0.0360032	-0.0358498	-0.0347391	0.0310151	0.998915
1.86667	0.22618	0.97463	-1.90814	0.0362105	0.998874	-0.0306356	-0.998677	0.0350493	-0.0376264	-0.0365103	0.0319575	0.998822
1.9	0.227836	0.973919	-1.90575	0.0367147	0.998826	-0.03161	-0.99859	0.0354561	-0.0394961	-0.038329	0.0330155	0.99872
1.93333	0.229648	0.972891	-1.90309	0.0371122	0.998784	-0.0324681	-0.998498	0.0357517	-0.0415225	-0.0403112	0.0339603	0.99861
1.96667	0.231511	0.971796	-1.90025	0.0366469	0.998771	-0.03337	-0.998451	0.0351955	-0.043087	-0.0418596	0.0348974	0.998514
2	0.233476	0.970962	-1.89729	0.0348618	0.998866	-0.0324187	-0.998492	0.0334358	-0.0435354	-0.0424021	0.0338875	0.998526
2.03333	0.235645	0.97037	-1.89395	0.0321533	0.99904	-0.029762	-0.998591	0.0308525	-0.0431828	-0.0422231	0.0311085	0.998624
2.06667	0.237803	0.970109	-1.89075	0.0252946	0.999402	-0.02359	-0.998754	0.0242487	-0.0436174	-0.0430192	0.0246639	0.99877
2.1	0.239995	0.969935	-1.88728	0.0171884	0.999696	-0.0176964	-0.998885	0.0163909	-0.0442654	-0.0439619	0.0184375	0.998863
2.13333	0.241956	0.969778	-1.88393	0.00739101	0.999896	-0.0123832	-0.999018	0.00684239	-0.043775	-0.0436857	0.0126945	0.998965
2.16667	0.244095	0.969551	-1.88006	-0.00285734	0.99997	-0.00723383	-0.999097	-0.00316144	-0.0423814	-0.042403	0.00710619	0.999075
2.2	0.246318	0.969203	-1.87651	-0.0141794	0.999899	-0.000577915	-0.999027	-0.0141911	-0.0417575	-0.0417615	-1.4742e-05	0.999128
2.23333	0.248118	0.968674	-1.87338	-0.0237935	0.999712	0.00325318	-0.998856	-0.0236378	-0.0415728	-0.0414839	-0.00423862	0.99913
2.26667	0.249173	0.967925	-1.87065	-0.0289326	0.999578	0.00255569	-0.998714	-0.0288009	-0.0417287	-0.0416375	-0.00375972	0.999126
2.3	0.249222	0.967175	-1.86792	-0.0313196	0.999506	-0.00243547	-0.998574	-0.0313956	-0.0431804	-0.0432356	0.00107961	0.999064
2.33333	0.248751	0.966608	-1.8646	-0.0324614	0.999441	-0.0079597	-0.998433	-0.0327899	-0.0453564	-0.045592	0.00647489	0.998939
2.36667	0.248125	0.966186	-1.86044	-0.0356061	0.999316	-0.00999739	-0.998261	-0.0360353	-0.0466626	-0.0469909	0.00831852	0.998861
2.4	0.247262	0.965887	-1.85563	-0.0407483	0.999106	-0.0112395	-0.99799	-0.0412441	-0.0481104	-0.048531	0.00925654	0.998779
2.43333	0.246222	0.965622	-1.85045	-0.0472122	0.998818	-0.0115967	-0.997593	-0.0477383	-0.0503004	-0.0507946	0.00919401	0.998667
2.46667	0.24505	0.965323	-1.84473	-0.0555752	0.998388	-0.0115569	-0.997069	-0.0561039	-0.052017	-0.0525815	0.00863218	0.998579
2.5	0.24369	0.964921	-1.83844	-0.0628716	0.997959	-0.0111741	-0.996515	-0.0633877	-0.0542202	-0.0548178	0.00772625	0.998466
2.53333	0.242049	0.964495	-1.8314	-0.0701154	0.997476	-0.0111933	-0.995827	-0.0706478	-0.0577756	-0.0584205	0.00709566	0.998267
2.56667	0.240156	0.96405	-1.82362	-0.0759187	0.997041	-0.0120974	-0.995172	-0.0765221	-0.061459	-0.0622028	0.00737309	0.998036
2.6	0.238165	0.963414	-1.81485	-0.0800561	0.99671	-0.0126667	-0.994588	-0.0807171	-0.0654242	-0.0662313	0.00736051	0.997777
2.63333	0.236483	0.962574	-1.80482	-0.0838466	0.996425	-0.010361	-0.993999	-0.0843665	-0.069635	-0.0702602	0.00446019	0.997519
2.66667	0.235292	0.961289	-1.79299	-0.0828265	0.996554	-0.00453837	-0.993782	-0.0829344	-0.0742919	-0.0744122	-0.00164319	0.997226
2.7	0.234409	0.959606	-1.77898	-0.079435	0.99682	0.00636938	-0.993688	-0.0786745	-0.0799616	-0.0792061	-0.0126809	0.996778
2.73333	0.234199	0.957501	-1.76221	-0.0778881	0.996611	0.0264402	-0.993489	-0.0753777	-0.0854276	-0.0831451	-0.0329219	0.995993
2.76667	0.234019	0.955198	-1.74339	-0.0808408	0.99543	0.0508298	-0.993056	-0.0760656	-0.0897399	-0.0854634	-0.0577315	0.994667
2.8	0.233719	0.954613	-1.72454	-0.0979684	0.992917	0.0672143	-0.991209	-0.0913192	-0.0957351	-0.088919	-0.0760024	0.993135
2.83333	0.234022	0.956417	-1.70555	-0.118631	0.989302	0.0848999	-0.98862	-0.109716	-0.102925	-0.0925086	-0.0961437	0.991059
2.86667	0.233898	0.959047	-1.68762	-0.126551	0.986215	0.10661	-0.987479	-0.115046	-0.107933	-0.0941798	-0.118934	0.988425
2.9	0.233557	0.9612	-1.66994	-0.129604	0.982285	0.135351	-0.987125	-0.114911	-0.111266	-0.0937416	-0.148029	0.98453
2.93333	0.233245	0.962335	-1.65224	-0.137004	0.977425	0.160843	-0.985938	-0.118868	-0.117461	-0.0956902	-0.174674	0.979966
2.96667	0.232882	0.96233	-1.63596	-0.139654	0.974986	0.172913	-0.984702	-0.118367	-0.127872	-0.104206	-0.188125	0.976601
3	0.23236	0.961845	-1.61948	-0.145445	0.971487	0.18724	-0.983193	-0.120818	-0.136874	-0.110349	-0.204001	0.972732
3.03333	0.23188	0.961179	-1.6042	-0.149639	0.967986	0.201522	-0.982276	-0.122271	-0.142069	-0.11288	-0.219209	0.969126
3.06667	0.231729	0.960594	-1.58975	-0.150775	0.964934	0.214873	-0.982143	-0.121472	-0.143666	-0.112527	-0.232697	0.966018
3.1	0.231132	0.960117	-1.57589	-0.148948	0.96236	0.227329	-0.982721	-0.118514	-0.142177	-0.109884	-0.244578	0.963383
3.13333	0.230916	0.959689	-1.56266	-0.141454	0.960595	0.239266	-0.984247	-0.110577	-0.137949	-0.106056	-0.255011	0.961104
3.16667	0.231253	0.959379	-1.54995	-0.128543	0.960188	0.248024	-0.986462	-0.0981182	-0.131401	-0.101834	-0.261557	0.959801
3.2	0.231935	0.959293	-1.53783	-0.112011	0.961707	0.250145	-0.988862	-0.0830464	-0.123515	-0.0980116	-0.261194	0.960298
3.23333	0.23293	0.959575	-1.5262	-0.0902691	0.964367	0.24869	-0.991518	-0.0635788	-0.113354	-0.0935039	-0.256813	0.961927
3.26667	0.234471	0.959939	-1.51428	-0.068289	0.966967	0.245584	-0.993718	-0.0440498	-0.102879	-0.0886622	-0.251067	0.963901
3.3	0.236413	0.960522	-1.50222	-0.0458699	0.968092	0.246362	-0.995174	-0.0228692	-0.0954246	-0.0867457	-0.24955	0.964469
3.33333	0.238437	0.961144	-1.49061	-0.0228141	0.968538	0.247818	-0.996089	-0.000857333	-0.0883492	-0.0853571	-0.248865	0.96477
3.36667	0.241008	0.961565	-1.47898	-0.002201	0.968103	0.250543	-0.996636	0.0184023	-0.0798621	-0.0819253	-0.249876	0.964806
3.4	0.243765	0.961705	-1.46741	0.017186	0.967714	0.251463	-0.996689	0.0365703	-0.0726171	-0.0794687	-0.249382	0.965139
3.43333	0.246906	0.961706	-1.45566	0.0371072	0.966668	0.253331	-0.99627	0.0555471	-0.0660276	-0.0778986	-0.249936	0.965124
3.46667	0.25024	0.961584	-1.44456	0.0577389	0.96573	0.253045	-0.995339	0.0752982	-0.0602576	-0.0772464	-0.248387	0.965576
3.5	0.254076	0.961328	-1.43385	0.0778706	0.964067	0.25399	-0.994002	0.0946986	-0.0546962	-0.0767833	-0.248207	0.965659
3.53333	0.258275	0.960843	-1.42328	0.0981339	0.962221	0.253968	-0.992205	0.114296	-0.0496496	-0.0768015	-0.247116	0.965937
3.56667	0.262925	0.960076	-1.41306	0.117872	0.960093	0.253627	-0.989889	0.133898	-0.0468185	-0.0789104	-0.245544	0.966168
3.6	0.267996	0.958998	-1.4027	0.136889	0.958055	0.251777	-0.987192	0.152963	-0.0453215	-0.0819331	-0.242348	0.966723
3.63333	0.273397	0.957487	-1.3921	0.15343	0.956453	0.248308	-0.984455	0.169687	-0.0453187	-0.0854798	-0.237495	0.96762
3.66667	0.278973	0.955426	-1.38074	0.163427	0.956206	0.242822	-0.982491	0.180067	-0.0478347	-0.089464	-0.230753	0.968891
3.7	0.28474	0.952976	-1.36816	0.167878	0.957559	0.234304	-0.981478	0.184604	-0.0512171	-0.0922967	-0.221366	0.970813
3.73333	0.290929	0.950146	-1.35397	0.169445	0.960694	0.2199	-0.981136	0.185505	-0.0544138	-0.0930675	-0.206531	0.974004
3.76667	0.297423	0.946923	-1.33758	0.166781	0.96625	0.196326	-0.981711	0.18127	-0.0581759	-0.0918007	-0.183033	0.978811
3.8	0.304609	0.943544	-1.31933	0.159966	0.972597	0.168719	-0.983157	0.172283	-0.0609912	-0.0883873	-0.156121	0.983775
3.83333	0.311529	0.942131	-1.29978	0.171305	0.975405	0.138705	-0.982032	0.180363	-0.0555199	-0.0791718	-0.126702	0.988776
3.86667	0.317357	0.944506	-1.28049	0.195682	0.973996	0.114195	-0.977568	0.202988	-0.0561856	-0.0779047	-0.100639	0.991868
3.9	0.323053	0.949579	-1.26346	0.199543	0.975222	0.0955268	-0.976462	0.206044	-0.0637783	-0.0818807	-0.0805518	0.993382
3.93333	0.328581	0.954915	-1.24792	0.190457	0.979533	0.0651202	-0.978872	0.194519	-0.0630285	-0.0744056	-0.0517401	0.995885
3.96667	0.334797	0.958568	-1.23244	0.182105	0.982507	0.0389633	-0.981062	0.184212	-0.0598677	-0.0659979	-0.0273232	0.997446
4	0.341798	0.960197	-1.21651	0.184244	0.982596	0.0236602	-0.980803	0.185365	-0.0605431	-0.0638752	-0.0120513	0.997885
4.03333	0.348858	0.960578	-1.20063	0.190813	0.981554	0.0119299	-0.979519	0.191185	-0.0631686	-0.0642842	0.000367843	0.997932
4.06667	0.355466	0.96059	-1.18554	0.197546	0.980286	-0.00393735	-0.978394	0.196912	-0.0630126	-0.0609951	0.0163002	0.998005
4.1	0.361957	0.9606	-1.17124	0.201899	0.979196	-0.0203056	-0.977946	0.200422	-0.0587563	-0.0534642	0.0317206	0.998066
4.13333	0.368696	0.960493	-1.15825	0.206761	0.977804	-0.0339156	-0.977254	0.204725	-0.0553294	-0.0471579	0.0445841	0.997892
4.16667	0.374884	0.960224	-1.14652	0.207853	0.977023	-0.0471552	-0.977296	0.205402	-0.0519885	-0.0411082	0.0568905	0.997534
4.2	0.379979	0.959948	-1.136	0.203458	0.9772	-0.0607082	-0.978473	0.200751	-0.0478446	-0.0345665	0.0691357	0.997008
4.23333	0.383364	0.960119	-1.12571	0.191536	0.978659	-0.0744385	-0.981016	0.188547	-0.0453712	-0.0303678	0.0817156	0.996193
4.26667	0.385443	0.960935	-1.11538	0.174654	0.980661	-0.0883188	-0.98421	0.171257	-0.0447392	-0.0287487	0.0947381	0.995087
4.3	0.38664	0.962038	-1.10502	0.15282	0.983002	-0.101747	-0.98788	0.149117	-0.043102	-0.0271973	0.1071	0.993876
4.33333	0.387296	0.963086	-1.09379	0.129349	0.985122	-0.113154	-0.991278	0.125557	-0.0400518	-0.0252486	0.117348	0.99277
4.36667	0.387689	0.963876	-1.0818	0.104808	0.987482	-0.117879	-0.994175	0.101041	-0.0375041	-0.025124	0.121123	0.99232
4.4	0.387737	0.964229	-1.0697	0.0830632	0.989151	-0.121166	-0.996204	0.0792431	-0.0360211	-0.0260287	0.123699	0.991978
4.43333	0.387314	0.96421	-1.05737	0.061841	0.990483	-0.122957	-0.997732	0.058068	-0.0340391	-0.0265754	0.124783	0.991828
4.46667	0.386407	0.963774	-1.04449	0.0419201	0.991509	-0.123096	-0.998743	0.0381978	-0.0324458	-0.0274683	0.124301	0.991864
4.5	0.38497	0.963023	-1.03136	0.0235911	0.992255	-0.121955	-0.999266	0.0197206	-0.032848	-0.0301886	0.122641	0.991992
4.53333	0.383101	0.961961	-1.01789	0.00664533	0.99259	-0.121331	-0.999406	0.0024903	-0.034365	-0.0338082	0.121487	0.992017
4.56667	0.380846	0.960511	-1.00406	-0.00868433	0.992453	-0.122315	-0.999284	-0.0131195	-0.0355016	-0.0368384	0.121919	0.991856
4.6	0.37823	0.958643	-0.9897	-0.0219694	0.992125	-0.123309	-0.998943	-0.0267657	-0.0373756	-0.0403818	0.122358	0.991664
4.63333	0.375333	0.956372	-0.9747	-0.032496	0.991683	-0.124535	-0.998453	-0.0378351	-0.0407489	-0.0451218	0.123018	0.991378
4.66667	0.37232	0.953813	-0.958899	-0.0425786	0.991635	-0.12185	-0.99784	-0.0483143	-0.0445097	-0.0500245	0.119691	0.99155
4.7	0.368725	0.951123	-0.942209	-0.0496361	0.99198	-0.116238	-0.997375	-0.0553727	-0.0466526	-0.0527148	0.113617	0.992125
4.73333	0.36453	0.948563	-0.924109	-0.0536448	0.992825	-0.106865	-0.997015	-0.0592045	-0.0495484	-0.0555198	0.103888	0.993038
4.76667	0.359425	0.946381	-0.904023	-0.0571418	0.994075	-0.0924672	-0.996624	-0.0622664	-0.0535176	-0.0589581	0.0890969	0.994276
4.8	0.35323	0.944611	-0.882034	-0.0612401	0.995422	-0.0733778	-0.996173	-0.0655483	-0.0578163	-0.0623614	0.0695563	0.995627
4.83333	0.346096	0.943253	-0.858316	-0.0652711	0.996661	-0.04905	-0.995824	-0.0682027	-0.0606827	-0.0638254	0.0448843	0.996951
4.86667	0.339085	0.943944	-0.834096	-0.0861629	0.995893	-0.0278032	-0.994046	-0.0878045	-0.0645249	-0.0667011	0.022078	0.997529
4.9	0.332235	0.947107	-0.81053	-0.114538	0.993354	-0.011384	-0.990781	-0.115061	-0.0715106	-0.0723451	0.0030883	0.997375
4.93333	0.325199	0.95072	-0.788127	-0.126555	0.991915	0.00940804	-0.989209	-0.125493	-0.075611	-0.073819	-0.0188755	0.997093
4.96667	0.317662	0.953273	-0.766313	-0.128078	0.991234	0.0324091	-0.989047	-0.125241	-0.078113	-0.0733694	-0.0420586	0.996418
5	0.310318	0.954822	-0.744572	-0.134408	0.989623	0.0508046	-0.988128	-0.130002	-0.0818693	-0.074415	-0.0612053	0.995347
5.03333	0.302646	0.95533	-0.723591	-0.14041	0.988231	0.0606991	-0.98703	-0.134893	-0.0870406	-0.0778284	-0.0721332	0.994354
5.06667	0.295229	0.955107	-0.703636	-0.140814	0.987767	0.0669878	-0.98684	-0.134605	-0.0895991	-0.0794862	-0.078723	0.993723
5.1	0.288376	0.954831	-0.684896	-0.135419	0.98808	0.0732081	-0.987955	-0.129079	-0.0853413	-0.0748744	-0.0838831	0.993659
5.13333	0.282162	0.954661	-0.667673	-0.123233	0.989553	0.0748278	-0.990018	-0.117393	-0.0779993	-0.0684001	-0.083693	0.994141
5.16667	0.276682	0.954851	-0.651845	-0.105901	0.991567	0.0746985	-0.992523	-0.10082	-0.0688069	-0.0606956	-0.0814267	0.99483
5.2	0.271983	0.955298	-0.636385	-0.0827935	0.993916	0.0726379	-0.995219	-0.0786719	-0.057881	-0.0518143	-0.0770828	0.995677
5.23333	0.267775	0.95583	-0.621214	-0.0570361	0.995992	0.0688943	-0.9974	-0.0538008	-0.0479376	-0.0440389	-0.0714494	0.996472
5.26667	0.264058	0.956151	-0.606894	-0.0303063	0.997558	0.0629222	-0.998873	-0.0279255	-0.0383772	-0.0365264	-0.0640144	0.99728
5.3	0.261056	0.956279	-0.592363	-0.00581931	0.998145	0.0606056	-0.999595	-0.00411795	-0.0281599	-0.0278581	-0.0607449	0.997764
5.33333	0.258513	0.95619	-0.578161	0.0185478	0.998072	0.059231	-0.999616	0.0197303	-0.0194428	-0.0205739	-0.0588476	0.998055
5.36667	0.256457	0.955948	-0.564269	0.0419448	0.997423	0.0582092	-0.998999	0.0427765	-0.0131166	-0.0155728	-0.0576007	0.998218
5.4	0.254696	0.95568	-0.550676	0.0642918	0.996283	0.0573327	-0.997874	0.0647948	-0.0069573	-0.0106463	-0.0567636	0.998331
5.43333	0.25338	0.955216	-0.537539	0.0856536	0.994655	0.0576681	-0.9963	0.0859144	-0.00205421	-0.00699775	-0.0572788	0.998334
5.46667	0.25259	0.954691	-0.524333	0.107498	0.992611	0.0562885	-0.994197	0.107552	0.00206553	-0.00400369	-0.0561839	0.998412
5.5	0.252239	0.953992	-0.511486	0.126177	0.990503	0.0546176	-0.992005	0.126119	0.00451688	-0.00241433	-0.0547508	0.998497
5.53333	0.252372	0.953176	-0.498662	0.141684	0.988453	0.0537235	-0.98991	0.141588	0.00561784	-0.00205363	-0.0539774	0.99854
5.56667	0.252776	0.952172	-0.485672	0.155416	0.986481	0.0519682	-0.987845	0.155351	0.00531554	-0.00282965	-0.0521627	0.998635
5.6	0.253281	0.950963	-0.472508	0.166676	0.984811	0.0486437	-0.985999	0.166723	0.00311102	-0.00504627	-0.0484812	0.998811
5.63333	0.253699	0.949685	-0.458416	0.176055	0.983424	0.0433907	-0.984347	0.17624	-0.000466187	-0.00810566	-0.0426294	0.999058
5.66667	0.254203	0.948406	-0.443123	0.182179	0.982601	0.0361286	-0.983202	0.182462	-0.00466747	-0.0111784	-0.0346714	0.999336
5.7	0.25414	0.947108	-0.426044	0.184875	0.982527	0.0214997	-0.982671	0.185112	-0.00958566	-0.013398	-0.0193549	0.999723
5.73333	0.253632	0.945509	-0.407139	0.180612	0.983554	0.00122448	-0.983445	0.18061	-0.01469	-0.0146695	0.00144897	0.999891
5.76667	0.252976	0.943736	-0.386189	0.177864	0.983768	-0.0237643	-0.983946	0.177433	-0.0191652	-0.0146375	0.0267916	0.999534
5.8	0.252283	0.941618	-0.36324	0.1741	0.983343	-0.0522061	-0.984634	0.173106	-0.0230342	-0.0136133	0.0554142	0.998371
5.83333	0.252254	0.940772	-0.339718	0.186318	0.979709	-0.0738627	-0.982468	0.185286	-0.0206548	-0.00655	0.0764161	0.997055
5.86667	0.251788	0.94152	-0.314526	0.209914	0.973075	-0.0951867	-0.977719	0.208769	-0.0219445	-0.00148157	0.0976723	0.995218
5.9	0.252007	0.944305	-0.290202	0.232299	0.966896	-0.105592	-0.972641	0.231199	-0.0227104	0.00245419	0.107979	0.99415
5.93333	0.252593	0.948255	-0.266757	0.239819	0.963292	-0.120643	-0.970779	0.239062	-0.0209257	0.00868359	0.122136	0.992475
5.96667	0.253511	0.952031	-0.244301	0.23973	0.960439	-0.141729	-0.970711	0.239506	-0.0188876	0.0158047	0.142106	0.989725
6	0.255275	0.95439	-0.222527	0.241594	0.957972	-0.15467	-0.970154	0.241869	-0.0173221	0.0208158	0.154238	0.987814
6.03333	0.257781	0.955254	-0.201793	0.248335	0.955192	-0.161055	-0.968358	0.249044	-0.0161001	0.024731	0.159957	0.986814
6.06667	0.260678	0.955168	-0.182764	0.251285	0.953422	-0.166858	-0.967431	0.252843	-0.0121945	0.0305623	0.164488	0.985906
6.1	0.263376	0.95507	-0.165822	0.244118	0.954187	-0.173011	-0.969062	0.246727	-0.00659881	0.0363901	0.169269	0.984898
6.13333	0.265406	0.9557	-0.150281	0.226883	0.958067	-0.175021	-0.973146	0.230183	-0.00148464	0.0388644	0.170657	0.984564
6.16667	0.266689	0.957103	-0.135339	0.203368	0.964245	-0.169922	-0.978353	0.206918	0.00325976	0.038303	0.165581	0.985452
6.2	0.267505	0.958706	-0.120758	0.178717	0.970904	-0.159392	-0.983182	0.182416	0.00876918	0.0375897	0.155144	0.987176
6.23333	0.267801	0.960259	-0.106088	0.153486	0.977186	-0.146798	-0.9874	0.157458	0.0157595	0.0385145	0.142529	0.989041
6.26667	0.267799	0.961459	-0.0921387	0.128038	0.983068	-0.131086	-0.991031	0.131918	0.0213166	0.0382483	0.127181	0.991142
6.3	0.267603	0.962364	-0.0782023	0.104377	0.98773	-0.116167	-0.99382	0.108024	0.0255348	0.0377703	0.112784	0.992901
6.33333	0.267249	0.963004	-0.0646056	0.0810613	0.991377	-0.102963	-0.995994	0.0844834	0.0293156	0.0377614	0.100174	0.994253
6.36667	0.266571	0.963527	-0.0515008	0.0573703	0.994039	-0.0927057	-0.997562	0.0607736	0.0343124	0.0397419	0.0905111	0.995102
6.4	0.265341	0.963959	-0.0386457	0.0331108	0.995872	-0.084516	-0.998575	0.0365037	0.0389196	0.0418441	0.0831069	0.995662
6.43333	0.263645	0.964209	-0.0256494	0.00943088	0.997047	-0.0762124	-0.999069	0.0126045	0.0412686	0.0421074	0.0757522	0.996237
6.46667	0.261203	0.964134	-0.0126036	-0.012464	0.997561	-0.0686792	-0.999108	-0.00965244	0.0411183	0.0403551	0.0691304	0.996791
6.5	0.258014	0.96365	0.000158846	-0.0319186	0.99753	-0.0625661	-0.998799	-0.0295053	0.0391242	0.0371815	0.0637397	0.997274
6.53333	0.254167	0.962878	0.0127099	-0.0486421	0.997047	-0.0594192	-0.998229	-0.0464872	0.0371256	0.0342537	0.0611198	0.997543
6.56667	0.249817	0.961849	0.0251646	-0.0627489	0.996238	-0.0597632	-0.997571	-0.0607928	0.0340066	0.0302455	0.0617519	0.997633
6.6	0.245034	0.960666	0.0376827	-0.0742481	0.995253	-0.0629231	-0.99694	-0.0725296	0.0291717	0.0244694	0.0648965	0.997592
6.63333	0.239786	0.959433	0.0504181	-0.0837072	0.994234	-0.0670207	-0.996361	-0.0824228	0.0217094	0.0160602	0.0685941	0.997515
6.66667	0.234263	0.95816	0.0638056	-0.0907671	0.993371	-0.0705405	-0.995863	-0.0902267	0.0108167	0.00438035	0.0712304	0.99745
6.7	0.228658	0.956717	0.0783387	-0.0933373	0.993023	-0.0720665	-0.995604	-0.0936603	-0.00110783	-0.00784987	0.0716463	0.997399
6.73333	0.223053	0.955126	0.0942105	-0.0936848	0.993212	-0.0689386	-0.995426	-0.0947456	-0.0122753	-0.0187236	0.0674732	0.997545
6.76667	0.217466	0.953223	0.112097	-0.0916013	0.994082	-0.0583977	-0.995476	-0.0929009	-0.0199348	-0.0252421	0.0563075	0.998094
6.8	0.211638	0.950745	0.131986	-0.0887463	0.995143	-0.0425944	-0.995713	-0.0897537	-0.0223477	-0.0260622	0.0404285	0.998842
6.83333	0.205112	0.947605	0.152993	-0.086827	0.995839	-0.0276826	-0.995949	-0.0874212	-0.0210283	-0.0233608	0.0257447	0.999396
6.86667	0.19795	0.945459	0.174654	-0.0991925	0.994855	-0.0206213	-0.99477	-0.0996485	-0.0224026	-0.0243422	0.0182913	0.999536
6.9	0.191057	0.945804	0.197672	-0.124308	0.992052	-0.0194963	-0.991699	-0.124866	-0.030673	-0.0328636	0.0155216	0.999339
6.93333	0.184012	0.947321	0.219146	-0.132107	0.991031	-0.0201539	-0.990399	-0.132803	-0.0383756	-0.0407079	0.0148907	0.99906
6.96667	0.176795	0.949506	0.238999	-0.136411	0.990603	-0.00985659	-0.989772	-0.136703	-0.0407933	-0.0417574	0.00419111	0.999119
7	0.170084	0.950959	0.258247	-0.14502	0.989367	0.0110304	-0.988534	-0.144406	-0.0441211	-0.0420591	-0.0173023	0.998965
7.03333	0.16335	0.950829	0.276469	-0.149966	0.988304	0.0276745	-0.987628	-0.148448	-0.0505418	-0.0458424	-0.0349116	0.998338
7.06667	0.157208	0.94955	0.293919	-0.151036	0.987765	0.0388466	-0.987425	-0.148895	-0.0531164	-0.0466824	-0.0463806	0.997832
7.1	0.151986	0.947867	0.310896	-0.148227	0.987703	0.0497191	-0.988179	-0.145934	-0.0469707	-0.0391374	-0.0560937	0.997658
7.13333	0.147461	0.946632	0.327195	-0.138875	0.988561	0.0588258	-0.989915	-0.136896	-0.0364482	-0.0279782	-0.0632942	0.997603
7.16667	0.143563	0.946381	0.342789	-0.122505	0.990579	0.0612032	-0.99227	-0.121017	-0.0274706	-0.0198052	-0.0640954	0.997747
7.2	0.140556	0.947355	0.358077	-0.0992926	0.993314	0.0588847	-0.994985	-0.0983951	-0.0179571	-0.0120431	-0.0603724	0.998103
7.23333	0.138402	0.948895	0.372403	-0.0696942	0.996045	0.0551052	-0.997561	-0.0693692	-0.00779266	-0.00393924	-0.0555138	0.99845
7.26667	0.136704	0.950442	0.386796	-0.0386936	0.99781	0.0536462	-0.999243	-0.0388502	0.00187948	0.00395952	-0.0535328	0.998558
7.3	0.135339	0.951374	0.401177	-0.00892865	0.99855	0.0530827	-0.999887	-0.0095555	0.0115668	0.0120573	-0.0529734	0.998523
7.33333	0.134359	0.951726	0.415422	0.0170538	0.998455	0.0528752	-0.999661	0.015986	0.020552	0.019675	-0.0532078	0.99839
7.36667	0.133679	0.951596	0.429544	0.0403997	0.997868	0.0512626	-0.998856	0.0390191	0.0276537	0.0255945	-0.0523212	0.998302
7.4	0.133391	0.951135	0.443839	0.0611936	0.996946	0.0485282	-0.997662	0.0596108	0.0334201	0.0304253	-0.0504599	0.998263
7.43333	0.13368	0.950576	0.45872	0.0789292	0.995762	0.0472093	-0.996286	0.0771588	0.0382175	0.0344129	-0.0500504	0.998154
7.46667	0.133906	0.949482	0.472201	0.0996549	0.994402	0.0351178	-0.994434	0.0983211	0.0378591	0.0341944	-0.0386951	0.998666
7.5	0.135386	0.948468	0.486909	0.115182	0.99279	0.0331814	-0.992786	0.113933	0.0373573	0.0333075	-0.0372449	0.998751
7.53333	0.137573	0.947301	0.501664	0.127071	0.991404	0.0311618	-0.991455	0.126018	0.0337191	0.0295023	-0.0351803	0.998945
7.56667	0.140583	0.946043	0.516893	0.136629	0.990173	0.0298441	-0.990361	0.135839	0.0270826	0.0227624	-0.0332567	0.999188
7.6	0.144298	0.944682	0.532697	0.147033	0.988662	0.0304736	-0.988998	0.146436	0.0209821	0.0162818	-0.0332234	0.999315
7.63333	0.148748	0.942989	0.549413	0.157956	0.986922	0.0321584	-0.987381	0.157489	0.0165934	0.0113118	-0.0343736	0.999345
7.66667	0.153629	0.940766	0.567762	0.165934	0.985617	0.032003	-0.986121	0.165658	0.0111021	0.00564087	-0.033401	0.999426
7.7	0.158626	0.938115	0.588353	0.170296	0.98509	0.0244208	-0.985393	0.170231	0.0047384	0.000510563	-0.024871	0.999691
7.73333	0.163384	0.934821	0.611785	0.170264	0.985377	0.00647161	-0.985393	0.170282	-0.00222427	-0.00329374	-0.00599836	0.999977
7.76667	0.168242	0.931156	0.637418	0.171302	0.98506	-0.0176567	-0.985214	0.171216	-0.0062336	-0.00311736	0.0184634	0.999825
7.8	0.172554	0.929447	0.663918	0.193986	0.980245	-0.0385931	-0.981004	0.193844	-0.00742866	0.00019913	0.0393011	0.999227
7.83333	0.176232	0.931306	0.690203	0.230313	0.971604	-0.0542401	-0.973117	0.229952	-0.0128994	-6.04682e-05	0.0557528	0.998445
7.86667	0.179547	0.935488	0.714341	0.238786	0.96824	-0.0741078	-0.971069	0.237909	-0.0205858	-0.00230116	0.0768794	0.997038
7.9	0.182827	0.940161	0.736494	0.233392	0.967293	-0.0993624	-0.972378	0.232475	-0.0208735	0.00290853	0.10149	0.994832
7.93333	0.187101	0.94325	0.757661	0.229653	0.966669	-0.113182	-0.973248	0.228919	-0.019612	0.00695129	0.114658	0.993381
7.96667	0.191906	0.94426	0.777852	0.229337	0.966105	-0.118514	-0.973329	0.228358	-0.021957	0.00585086	0.120389	0.99271
8	0.1964	0.943953	0.796126	0.225427	0.966164	-0.125335	-0.974255	0.223955	-0.0259016	0.00304415	0.127947	0.991776
8.03333	0.199852	0.943419	0.812725	0.213529	0.967652	-0.134369	-0.976936	0.211607	-0.0285948	0.000763693	0.137376	0.990519
8.06667	0.202447	0.943329	0.828442	0.19858	0.969943	-0.140627	-0.980084	0.196398	-0.029372	-0.000870341	0.143659	0.989627
8.1	0.20479	0.943818	0.844336	0.183023	0.972947	-0.140982	-0.983105	0.180747	-0.0288962	-0.00263248	0.143889	0.98959
8.13333	0.207443	0.944603	0.860509	0.165672	0.976762	-0.135976	-0.986175	0.163601	-0.0263449	-0.00348689	0.138461	0.990362
8.16667	0.210293	0.945383	0.876963	0.146268	0.980974	-0.127653	-0.989239	0.144604	-0.0222612	-0.00337862	0.129535	0.991569
8.2	0.213342	0.945935	0.893666	0.126701	0.985243	-0.115077	-0.991936	0.125491	-0.0177305	-0.00302772	0.116396	0.993198
8.23333	0.216063	0.946304	0.910285	0.105772	0.989194	-0.101531	-0.994386	0.104919	-0.0137174	-0.00291669	0.102412	0.994738
8.26667	0.218193	0.946491	0.926292	0.0860341	0.992148	-0.0907793	-0.996285	0.0853364	-0.0115472	-0.0037098	0.0914355	0.995804
8.3	0.219813	0.946596	0.942164	0.0667572	0.994437	-0.0814829	-0.997759	0.0661589	-0.0100235	-0.00457694	0.0819694	0.996624
8.33333	0.220921	0.946532	0.957782	0.0468743	0.996238	-0.0728865	-0.998886	0.0463495	-0.00887683	-0.00546519	0.0732214	0.997301
8.36667	0.221741	0.946163	0.973244	0.0270953	0.997601	-0.063705	-0.999613	0.0266353	-0.00805882	-0.00634268	0.0638987	0.997936
8.4	0.222115	0.945272	0.988588	0.0071951	0.998498	-0.054309	-0.99994	0.0067326	-0.00869413	-0.00831544	0.0543683	0.998486
8.43333	0.222058	0.943827	1.00393	-0.0111062	0.998944	-0.0445858	-0.999871	-0.011613	-0.0111241	-0.0116301	0.0444565	0.998944
8.46667	0.221308	0.942085	1.01909	-0.0264554	0.998937	-0.0377611	-0.999511	-0.0270625	-0.0156578	-0.016663	0.0373284	0.999164
8.5	0.219857	0.940298	1.03428	-0.038612	0.998703	-0.0331936	-0.999004	-0.0393243	-0.0210794	-0.0223574	0.0323467	0.999227
8.53333	0.218103	0.938472	1.04957	-0.047873	0.998475	-0.027475	-0.998401	-0.0486612	-0.0287758	-0.0300689	0.0260535	0.999208
8.56667	0.216168	0.93655	1.0649	-0.0531864	0.998414	-0.0184629	-0.99781	-0.0538641	-0.0383887	-0.0393223	0.0163807	0.999092
8.6	0.214343	0.934431	1.0814	-0.0535216	0.998527	-0.00886321	-0.997343	-0.0538932	-0.049025	-0.0494305	0.00621576	0.998758
8.63333	0.212588	0.932254	1.09962	-0.0529951	0.998591	0.00262639	-0.996883	-0.0527502	-0.0586619	-0.0584407	-0.00572699	0.998274
8.66667	0.211301	0.929721	1.12065	-0.0522304	0.998389	0.0221473	-0.996552	-0.0506768	-0.0657014	-0.0644733	-0.0255026	0.997594
8.7	0.210186	0.92656	1.14422	-0.0500333	0.997505	0.0497997	-0.996394	-0.0464319	-0.0710194	-0.0685299	-0.0531735	0.996231
8.73333	0.208446	0.924053	1.16854	-0.0602761	0.995709	0.0702181	-0.995672	-0.0549906	-0.0749183	-0.0707355	-0.07443	0.994714
8.76667	0.206864	0.924399	1.19336	-0.0905521	0.99238	0.0835557	-0.993141	-0.0837527	-0.0815814	-0.0739618	-0.09037	0.993158
8.8	0.205598	0.927566	1.21719	-0.116656	0.988504	0.0961837	-0.990075	-0.108103	-0.0898071	-0.0783769	-0.105706	0.991304
8.83333	0.20386	0.93127	1.23949	-0.119862	0.98574	0.118111	-0.989515	-0.108962	-0.0948047	-0.0805831	-0.128236	0.988464
8.86667	0.201393	0.933728	1.26136	-0.117004	0.982379	0.145743	-0.989708	-0.103164	-0.099169	-0.0823862	-0.155846	0.98434
8.9	0.198535	0.934612	1.28295	-0.121548	0.978007	0.169496	-0.988914	-0.104645	-0.105351	-0.0852966	-0.180422	0.979884
8.93333	0.195729	0.933949	1.30341	-0.127021	0.973867	0.188279	-0.987851	-0.10707	-0.112632	-0.0895292	-0.200299	0.975636
8.96667	0.193754	0.932743	1.32268	-0.127865	0.96933	0.209879	-0.987742	-0.105355	-0.115182	-0.0895372	-0.222034	0.970919
9	0.19251	0.931832	1.34049	-0.118184	0.96606	0.229695	-0.989335	-0.0947224	-0.110652	-0.0851388	-0.240323	0.966952
9.03333	0.191861	0.931662	1.35742	-0.097249	0.965757	0.240533	-0.991876	-0.074132	-0.103376	-0.0820052	-0.248632	0.96512
9.06667	0.19151	0.932121	1.37391	-0.0678301	0.968019	0.241532	-0.994289	-0.0455947	-0.0964932	-0.0823947	-0.246697	0.965584
9.1	0.191125	0.932898	1.39066	-0.0375369	0.970246	0.239192	-0.995932	-0.0167026	-0.0885419	-0.0819123	-0.241543	0.966927
9.13333	0.190756	0.933435	1.40756	-0.00950006	0.971959	0.23496	-0.996642	0.00990607	-0.0812755	-0.081324	-0.234943	0.968601
9.16667	0.190615	0.933717	1.42499	0.0154999	0.972687	0.231603	-0.996676	0.0335582	-0.0742361	-0.0799807	-0.229682	0.969974
9.2	0.190494	0.933607	1.44223	0.0381178	0.973339	0.226184	-0.996177	0.0548182	-0.0680179	-0.0786035	-0.222726	0.971707
9.23333	0.190611	0.933214	1.45905	0.0585418	0.973925	0.219188	-0.995309	0.0738845	-0.0624611	-0.077027	-0.214503	0.973681
9.26667	0.190897	0.932742	1.47538	0.0774433	0.974513	0.210539	-0.994132	0.091476	-0.057736	-0.0755237	-0.204832	0.975879
9.3	0.191468	0.932349	1.49119	0.0943095	0.975211	0.200174	-0.992795	0.107059	-0.0538273	-0.0739234	-0.193655	0.978281
9.33333	0.19236	0.932087	1.50668	0.109632	0.975698	0.18972	-0.991247	0.121446	-0.0517771	-0.0735596	-0.182383	0.980472
9.36667	0.193551	0.931971	1.52219	0.125131	0.975983	0.178322	-0.989305	0.136319	-0.0518853	-0.0749478	-0.169922	0.982603
9.4	0.194902	0.931899	1.53784	0.140498	0.976203	0.165188	-0.987097	0.151055	-0.0531191	-0.0768075	-0.155593	0.984831
9.43333	0.196435	0.931718	1.55372	0.154726	0.976215	0.151868	-0.984801	0.164677	-0.0552205	-0.0789162	-0.141015	0.986857
9.46667	0.197867	0.931074	1.57012	0.165954	0.976508	0.137446	-0.982726	0.175343	-0.0591988	-0.0819083	-0.125248	0.988739
9.5	0.19913	0.929808	1.58769	0.174542	0.977547	0.118055	-0.980999	0.182955	-0.0645612	-0.0847102	-0.104543	0.990906
9.53333	0.200212	0.927837	1.6069	0.178678	0.979374	0.0943478	-0.980119	0.185576	-0.0701985	-0.0862592	-0.0799292	0.993061
9.56667	0.201007	0.925145	1.62811	0.180215	0.981528	0.0642243	-0.9798	0.184885	-0.0762183	-0.0866846	-0.0491913	0.995021
9.6	0.201722	0.921479	1.65159	0.175677	0.984014	0.0292283	-0.98071	0.177518	-0.0818254	-0.0857059	-0.0142897	0.996218
9.63333	0.202375	0.916952	1.67718	0.170423	0.985322	-0.00978972	-0.981906	0.168983	-0.0854732	-0.0825644	0.0241792	0.996292
9.66667	0.203258	0.913487	1.70392	0.184449	0.98179	-0.0454563	-0.98011	0.180293	-0.082943	-0.0732371	0.059851	0.995517
9.7	0.203159	0.914301	1.73081	0.227512	0.97143	-0.0675396	-0.971418	0.221591	-0.0851174	-0.0677194	0.0849744	0.994079
9.73333	0.203607	0.917765	1.75446	0.237351	0.967556	-0.0866015	-0.968696	0.229066	-0.0956878	-0.0727459	0.106602	0.991637
9.76667	0.204019	0.921967	1.77617	0.226038	0.965946	-0.125921	-0.971938	0.214994	-0.0954726	-0.0651492	0.143967	0.987436
9.8	0.205161	0.924306	1.7971	0.214682	0.961655	-0.17068	-0.975314	0.201829	-0.0895984	-0.0517146	0.185702	0.981244
9.83333	0.207145	0.924494	1.81895	0.220193	0.953102	-0.207634	-0.974515	0.205591	-0.0897388	-0.0428426	0.222103	0.974082
9.86667	0.209733	0.923344	1.84105	0.225731	0.944166	-0.239991	-0.973376	0.208522	-0.0951736	-0.0398162	0.255085	0.966099
9.9	0.212529	0.922458	1.86139	0.219028	0.938556	-0.266721	-0.975006	0.200085	-0.0965881	-0.0372865	0.28121	0.958922
9.93333	0.214997	0.922778	1.87912	0.201282	0.938528	-0.280449	-0.97878	0.181477	-0.0951665	-0.0384215	0.293653	0.95514
9.96667	0.216389	0.923931	1.89488	0.177399	0.941154	-0.287679	-0.983142	0.156321	-0.0948493	-0.0442974	0.299655	0.953019
10	0.217075	0.925097	1.91085	0.15417	0.944252	-0.290893	-0.986747	0.132065	-0.0942783	-0.0506058	0.301573	0.952099
10.0333	0.217694	0.925979	1.92806	0.13136	0.948507	-0.288236	-0.98977	0.109156	-0.0918727	-0.0556794	0.297355	0.953142
10.0667	0.218317	0.926594	1.94579	0.11077	0.953099	-0.28166	-0.992084	0.0891712	-0.0884183	-0.0591554	0.289225	0.955432
10.1	0.219157	0.927156	1.96384	0.0906534	0.95863	-0.269834	-0.993948	0.0702119	-0.084487	-0.0620462	0.27586	0.959193
10.1333	0.220437	0.927845	1.98139	0.069226	0.965206	-0.252162	-0.995597	0.0508284	-0.078764	-0.0632064	0.256505	0.964474
10.1667	0.22219	0.928419	1.99839	0.0489335	0.972022	-0.229736	-0.996683	0.0325461	-0.0745882	-0.0650243	0.232624	0.970391
10.2	0.224142	0.928938	2.01519	0.0279579	0.978303	-0.205286	-0.997316	0.013396	-0.0719845	-0.0676726	0.206748	0.976051
10.2333	0.225795	0.929123	2.03193	0.00932037	0.983322	-0.181633	-0.997482	-0.00362899	-0.0708318	-0.0703096	0.181835	0.980812
10.2667	0.227204	0.928856	2.04854	-0.00692835	0.987225	-0.159184	-0.997316	-0.0184245	-0.0708573	-0.072885	0.158266	0.984703
10.3	0.228122	0.928253	2.06565	-0.0196679	0.990216	-0.138152	-0.996964	-0.0298367	-0.0719253	-0.0753436	0.136318	0.987796
10.3333	0.228685	0.927175	2.08303	-0.0322487	0.992279	-0.119758	-0.996312	-0.0414472	-0.0751292	-0.0795128	0.116894	0.989956
10.3667	0.228862	0.925728	2.10094	-0.0436069	0.993701	-0.103228	-0.99537	-0.0520724	-0.080786	-0.0856525	0.0992277	0.991372
10.4	0.229117	0.92374	2.1205	-0.0520875	0.995359	-0.0809173	-0.994664	-0.0589347	-0.0846734	-0.0890493	0.0760752	0.993118
10.4333	0.229619	0.921393	2.14068	-0.0568077	0.996634	-0.0590983	-0.993645	-0.0621999	-0.0938075	-0.0971677	0.0533938	0.993835
10.4667	0.230294	0.918655	2.16251	-0.059119	0.997615	-0.0356251	-0.992761	-0.0624941	-0.102566	-0.104548	0.0293036	0.994088
10.5	0.231136	0.915374	2.18671	-0.0614124	0.998078	-0.00835265	-0.991887	-0.0619605	-0.111002	-0.111306	0.00146797	0.993785
10.5333	0.23277	0.911203	2.21467	-0.0642534	0.997557	0.0274043	-0.991255	-0.0606277	-0.117205	-0.115258	-0.0346955	0.99273
10.5667	0.234655	0.906451	2.24513	-0.0738832	0.994913	0.0684821	-0.990429	-0.0651757	-0.121666	-0.116583	-0.0768157	0.990206
10.6	0.237061	0.905311	2.27505	-0.121571	0.988164	0.0935515	-0.985326	-0.108769	-0.131535	-0.119803	-0.10817	0.986887
10.6333	0.240303	0.908132	2.30312	-0.152535	0.980717	0.122179	-0.980866	-0.135093	-0.140187	-0.120978	-0.141225	0.982558
10.6667	0.242539	0.912293	2.32777	-0.152363	0.973461	0.17076	-0.981294	-0.128432	-0.143415	-0.117678	-0.189417	0.974819
10.7	0.244403	0.915694	2.35035	-0.149767	0.962224	0.227363	-0.982603	-0.119308	-0.14233	-0.109827	-0.244724	0.963353
10.7333	0.245794	0.917907	2.37129	-0.141818	0.952631	0.26904	-0.984283	-0.106813	-0.140631	-0.105232	-0.284755	0.952807
10.7667	0.24747	0.918874	2.39187	-0.11617	0.94788	0.296695	-0.98726	-0.0774972	-0.138969	-0.108733	-0.309059	0.944807
10.8	0.249483	0.919336	2.41067	-0.0841759	0.947215	0.309351	-0.989562	-0.04302	-0.13754	-0.116971	-0.317699	0.940949
