0	1	0	0	0	1	0	0	0	1
0.0333333	0.997278	-0.00674802	0.0734237	0.0105758	0.998598	-0.0518693	-0.0729707	0.0525046	0.995951
0.0666667	0.996863	-0.00839607	0.0787043	0.011059	0.999379	-0.0334604	-0.0783745	0.0342258	0.996336
0.1	0.99664	-0.00868291	0.0814508	0.0109991	0.999547	-0.0280309	-0.0811705	0.0288326	0.996283
0.133333	0.996629	-0.00836902	0.0816065	0.0105941	0.999583	-0.0268708	-0.0813475	0.0276448	0.996302
0.166667	0.996685	-0.00784584	0.0809787	0.0101198	0.999565	-0.0277092	-0.080726	0.0284369	0.996331
0.2	0.99677	-0.0074117	0.079972	0.00976437	0.99953	-0.0290677	-0.079719	0.0297547	0.996373
0.233333	0.996833	-0.00713817	0.0792002	0.00949527	0.999522	-0.0294246	-0.0789523	0.0300835	0.996424
0.266667	0.996897	-0.00698476	0.0784043	0.00938788	0.999496	-0.0303238	-0.0781529	0.0309657	0.99646
0.3	0.996926	-0.00686138	0.0780425	0.00925573	0.999496	-0.0303599	-0.0777949	0.0309889	0.996488
0.333333	0.996955	-0.00697319	0.0776617	0.00928831	0.999522	-0.0294891	-0.077419	0.0301206	0.996544
0.366667	0.996977	-0.007154	0.0773657	0.00937659	0.999553	-0.0284033	-0.0771279	0.0290428	0.996598
0.4	0.996985	-0.00709738	0.0772637	0.00915603	0.999612	-0.0263229	-0.0770469	0.0269509	0.996663
0.433333	0.997007	-0.00731003	0.0769651	0.00920457	0.999663	-0.0242897	-0.0767615	0.0249254	0.996738
0.466667	0.997065	-0.00750808	0.0761931	0.00933305	0.999677	-0.0236242	-0.0759912	0.024266	0.996813
0.5	0.997134	-0.00742581	0.0752889	0.00923756	0.999675	-0.0237444	-0.0750881	0.0243718	0.996879
0.533333	0.997185	-0.00735518	0.0746152	0.00927062	0.999635	-0.0253571	-0.0744015	0.0259775	0.99689
0.566667	0.997258	-0.00711469	0.0736575	0.009137	0.999589	-0.0271551	-0.0734341	0.0277537	0.996914
0.6	0.997311	-0.00689636	0.0729564	0.0089788	0.99956	-0.0282543	-0.0727295	0.0288334	0.996935
0.633333	0.997356	-0.0067905	0.0723523	0.00887117	0.999555	-0.028475	-0.0721268	0.0290416	0.996973
0.666667	0.997383	-0.00655266	0.0720019	0.0086167	0.99956	-0.0283934	-0.0717841	0.0289395	0.997
0.7	0.997404	-0.00630106	0.0717297	0.00828685	0.99959	-0.0274206	-0.0715275	0.0279438	0.997047
0.733333	0.99744	-0.00601665	0.0712522	0.0079582	0.999604	-0.0269964	-0.0710616	0.0274943	0.997093
0.766667	0.9975	-0.00606864	0.070399	0.00795944	0.999614	-0.026609	-0.0702104	0.0271028	0.997164
0.8	0.997553	-0.00611157	0.0696498	0.00798003	0.999615	-0.0265799	-0.0694605	0.0270706	0.997217
0.833333	0.997604	-0.00611364	0.0689076	0.007966	0.999613	-0.0266391	-0.0687181	0.0271242	0.997267
0.866667	0.997642	-0.00593239	0.0683693	0.00783479	0.999589	-0.0275909	-0.0681775	0.0280615	0.997278
0.9	0.997681	-0.00577373	0.0678238	0.00765661	0.999592	-0.0275343	-0.0676372	0.0279897	0.997317
0.933333	0.997724	-0.00550925	0.0672045	0.00733996	0.999608	-0.0270244	-0.0670293	0.0274562	0.997373
0.966667	0.997755	-0.00549242	0.0667392	0.00729221	0.999615	-0.0267539	-0.0665666	0.0271805	0.997412
1	0.997797	-0.00525848	0.0661331	0.00706538	0.999607	-0.027118	-0.0659645	0.0275255	0.997442
1.03333	0.997837	-0.00507901	0.0655433	0.00689845	0.999596	-0.0275629	-0.0653769	0.0279554	0.997469
1.06667	0.997868	-0.00493084	0.0650849	0.00678961	0.999574	-0.028369	-0.0649174	0.0287504	0.997476
1.1	0.997898	-0.00498585	0.0646049	0.00686913	0.999557	-0.0289615	-0.0644319	0.0293444	0.997491
1.13333	0.997938	-0.00491438	0.0640006	0.00684077	0.999529	-0.0299153	-0.0638234	0.0302914	0.997501
1.16667	0.997974	-0.0047566	0.0634383	0.00672892	0.999499	-0.030913	-0.0632595	0.0312773	0.997507
1.2	0.998013	-0.00484796	0.0628216	0.00679814	0.9995	-0.0308667	-0.0626406	0.0312324	0.997547
1.23333	0.998029	-0.00497065	0.0625582	0.00690239	0.999505	-0.030701	-0.0623746	0.0310723	0.997569
1.26667	0.998036	-0.00489471	0.0624445	0.00683416	0.9995	-0.0308831	-0.0622621	0.0312492	0.997571
1.3	0.998034	-0.00465012	0.0624972	0.00662056	0.999486	-0.0313585	-0.0623193	0.0317106	0.997552
1.33333	0.998014	-0.00432385	0.0628446	0.00638419	0.999447	-0.0326209	-0.0626689	0.0329573	0.99749
1.36667	0.997976	-0.00408976	0.0634644	0.00620273	0.999432	-0.0331325	-0.0632928	0.0334591	0.997434
1.4	0.99791	-0.00388123	0.0645023	0.00605546	0.999419	-0.0335465	-0.0643346	0.033867	0.997354
1.43333	0.9978	-0.00376443	0.0661957	0.00594485	0.999445	-0.032773	-0.0660356	0.0330944	0.997268
1.46667	0.997657	-0.00340856	0.0683349	0.00564602	0.999453	-0.0325761	-0.0681865	0.0328856	0.99713
1.5	0.997477	-0.0026931	0.0709433	0.004986	0.99947	-0.032163	-0.0708191	0.0324356	0.996962
1.53333	0.997262	-0.0018288	0.0739237	0.004105	0.999522	-0.030651	-0.0738323	0.0308705	0.996793
1.56667	0.997	-0.00079278	0.0774034	0.00295716	0.999608	-0.0278517	-0.0773509	0.027997	0.996611
1.6	0.996694	5.60309e-05	0.0812461	0.00185024	0.999725	-0.0233875	-0.0812251	0.0234605	0.99642
1.63333	0.996339	0.000969845	0.0854895	0.000720899	0.999805	-0.0197441	-0.085492	0.0197335	0.996143
1.66667	0.995834	0.00179997	0.0911691	-0.000576193	0.999909	-0.0134477	-0.091185	0.0133391	0.995745
1.7	0.995172	0.00340363	0.0980878	-0.00270202	0.99997	-0.00728483	-0.0981096	0.00698462	0.995151
1.73333	0.994381	0.0049084	0.105749	-0.00521878	0.999983	0.00265854	-0.105734	-0.00319548	0.994389
1.76667	0.993473	0.0049991	0.113956	-0.00681105	0.999856	0.0155166	-0.113862	-0.0161915	0.993365
1.8	0.99259	0.00551631	0.121383	-0.00867569	0.999637	0.0255152	-0.121198	-0.0263792	0.992278
1.83333	0.991735	0.00662696	0.128134	-0.011065	0.999362	0.033955	-0.127827	-0.0350921	0.991175
1.86667	0.991011	0.00746421	0.133568	-0.0129896	0.999093	0.0405439	-0.133145	-0.0419145	0.99021
1.9	0.990411	0.00792571	0.137927	-0.0144973	0.998803	0.046706	-0.137392	-0.0482577	0.989341
1.93333	0.989934	0.00841276	0.14128	-0.0159187	0.998516	0.0520822	-0.140632	-0.053807	0.988599
1.96667	0.989546	0.00846347	0.143971	-0.0170136	0.998156	0.0582607	-0.143213	-0.0601011	0.987865
2	0.989019	0.00877642	0.147526	-0.0183675	0.997795	0.0637766	-0.146641	-0.065786	0.987
2.03333	0.988467	0.00940574	0.151144	-0.0200261	0.997423	0.0688985	-0.150106	-0.0711307	0.986108
2.06667	0.987848	0.00995527	0.155105	-0.0219186	0.996896	0.0756125	-0.153871	-0.0780933	0.985
2.1	0.987301	0.0105348	0.158514	-0.0236131	0.996447	0.0808502	-0.157099	-0.0835664	0.984041
2.13333	0.986749	0.0110108	0.161878	-0.0253109	0.995926	0.0865441	-0.160266	-0.0894946	0.983008
2.16667	0.986204	0.0116046	0.165125	-0.0265588	0.995709	0.0886452	-0.163388	-0.0918078	0.982281
2.2	0.985718	0.012326	0.167954	-0.0278021	0.995544	0.0901076	-0.166095	-0.0934901	0.981668
2.23333	0.985327	0.0134087	0.170152	-0.0290811	0.995521	0.0899531	-0.168183	-0.0935814	0.981304
2.26667	0.985155	0.0146656	0.171041	-0.0299544	0.995745	0.0871511	-0.169035	-0.0909808	0.981402
2.3	0.985001	0.0148114	0.171913	-0.0303968	0.995623	0.0883837	-0.169852	-0.0922837	0.981139
2.33333	0.985148	0.0147219	0.171078	-0.0301569	0.995666	0.0879771	-0.169041	-0.0918296	0.981322
2.36667	0.985147	0.0149932	0.171059	-0.0298949	0.995943	0.084874	-0.169092	-0.0887271	0.981598
2.4	0.985065	0.0148872	0.171541	-0.0296945	0.996016	0.0840799	-0.169606	-0.087918	0.981583
2.43333	0.985021	0.0151451	0.171767	-0.0298264	0.996085	0.0832162	-0.169835	-0.0870929	0.981617
2.46667	0.984941	0.0146214	0.172273	-0.029618	0.995957	0.0848058	-0.170336	-0.088631	0.981392
2.5	0.984923	0.0139887	0.172427	-0.0292131	0.99586	0.0860764	-0.17051	-0.0898157	0.981254
2.53333	0.984896	0.0130959	0.172652	-0.0285712	0.995759	0.0874555	-0.170774	-0.0910674	0.981093
2.56667	0.984964	0.012704	0.172292	-0.0278067	0.995948	0.0855298	-0.170507	-0.0890347	0.981326
2.6	0.98506	0.0123647	0.171766	-0.0272911	0.996023	0.0848123	-0.170034	-0.0882329	0.98148
2.63333	0.985184	0.0120476	0.171074	-0.0264612	0.996262	0.082225	-0.169444	-0.0855337	0.981821
2.66667	0.98534	0.0120435	0.170177	-0.025883	0.996511	0.0793415	-0.168628	-0.0825831	0.982214
2.7	0.985471	0.0117872	0.169432	-0.0250609	0.996761	0.0764183	-0.167983	-0.0795541	0.982575
2.73333	0.985576	0.0118685	0.168817	-0.0240553	0.997234	0.070329	-0.167515	-0.0733755	0.983135
2.76667	0.985685	0.0116894	0.168192	-0.0227245	0.997702	0.0638357	-0.167059	-0.066744	0.983685
2.8	0.985798	0.0103785	0.167613	-0.0205772	0.998033	0.0592254	-0.166668	-0.0618333	0.984072
2.83333	0.985855	0.00910347	0.167355	-0.018093	0.998469	0.0522689	-0.166623	-0.0545575	0.98451
2.86667	0.986224	0.00753939	0.165244	-0.0152261	0.998857	0.0453001	-0.164714	-0.047192	0.985212
2.9	0.986598	0.00514161	0.163091	-0.0114047	0.999232	0.0374891	-0.162773	-0.0388466	0.985898
2.93333	0.986916	0.00247504	0.161215	-0.00705831	0.999587	0.0278631	-0.161079	-0.0286365	0.986526
2.96667	0.987211	-0.000590873	0.159415	-0.00181467	0.999887	0.0149438	-0.159406	-0.015042	0.987099
3	0.987157	-0.00377115	0.159711	0.00417703	0.999989	-0.00220575	-0.159701	0.00284453	0.987161
3.03333	0.987086	-0.00618404	0.160075	0.00986165	0.999705	-0.0221901	-0.15989	0.0234821	0.986855
3.06667	0.986901	-0.00823245	0.16112	0.0150745	0.999034	-0.0412892	-0.160624	0.0431771	0.986071
3.1	0.986657	-0.0108799	0.162448	0.0206665	0.998063	-0.0586767	-0.161495	0.061251	0.984971
3.13333	0.986445	-0.0128725	0.163584	0.0255585	0.996804	-0.075684	-0.162087	0.0788391	0.983622
3.16667	0.986308	-0.013945	0.164323	0.0295859	0.995215	-0.0931248	-0.162238	0.0967114	0.982001
3.2	0.986217	-0.0146289	0.164807	0.0331358	0.993367	-0.110112	-0.162103	0.114055	0.98016
3.23333	0.986176	-0.0157585	0.164948	0.0363767	0.991773	-0.122735	-0.161657	0.127039	0.978636
3.26667	0.986133	-0.0173889	0.16504	0.0393303	0.990651	-0.130626	-0.161226	0.135306	0.977598
3.3	0.986078	-0.0187092	0.165227	0.0414118	0.989973	-0.135048	-0.161044	0.140011	0.976966
3.33333	0.986083	-0.0194763	0.165107	0.0426358	0.989526	-0.137912	-0.160691	0.143032	0.976586
3.36667	0.986014	-0.0203467	0.165414	0.04363	0.989419	-0.13837	-0.160849	0.143652	0.976469
3.4	0.985886	-0.0211056	0.166082	0.0446703	0.98922	-0.139459	-0.161349	0.14491	0.976201
3.43333	0.985698	-0.0203888	0.167281	0.0448291	0.988611	-0.143659	-0.162447	0.149104	0.975387
3.46667	0.985567	-0.0189832	0.168216	0.0443454	0.987944	-0.148328	-0.163372	0.153646	0.974527
3.5	0.985452	-0.017394	0.169064	0.0433417	0.987579	-0.151027	-0.164337	0.156157	0.973965
3.53333	0.985365	-0.0157712	0.169724	0.0420394	0.987438	-0.152312	-0.16519	0.157218	0.97365
3.56667	0.985334	-0.0144664	0.170021	0.0408548	0.98742	-0.152753	-0.165673	0.157459	0.973529
3.6	0.985317	-0.0134539	0.170201	0.0398138	0.987512	-0.152427	-0.166025	0.156966	0.973549
3.63333	0.985342	-0.0127058	0.170114	0.0387405	0.987833	-0.150613	-0.166131	0.154996	0.973846
3.66667	0.985343	-0.0123366	0.17014	0.0375337	0.988618	-0.145688	-0.166406	0.149938	0.974591
3.7	0.985265	-0.012196	0.170599	0.0363217	0.989623	-0.139023	-0.167133	0.143171	0.975484
3.73333	0.985025	-0.012055	0.171987	0.0351306	0.990658	-0.131767	-0.168792	0.135836	0.976247
3.76667	0.984429	-0.011895	0.17538	0.0341511	0.99164	-0.124437	-0.172434	0.128489	0.976605
3.8	0.983495	-0.0116076	0.180563	0.0329753	0.992726	-0.115792	-0.177905	0.119835	0.976724
3.83333	0.982051	-0.011424	0.188271	0.0314303	0.99412	-0.103623	-0.18598	0.107681	0.976635
3.86667	0.980581	-0.0103656	0.19584	0.0279873	0.995778	-0.0874283	-0.194107	0.0912116	0.976731
3.9	0.980173	-0.00764982	0.197995	0.0222645	0.997178	-0.0716927	-0.196888	0.0746795	0.977578
3.93333	0.980465	-0.00729125	0.196557	0.0180929	0.998419	-0.0532147	-0.195858	0.0557315	0.979047
3.96667	0.981378	-0.00577475	0.191997	0.014553	0.99891	-0.0443419	-0.191532	0.0463103	0.980393
4	0.982197	-0.00259055	0.187838	0.0105269	0.999093	-0.0412659	-0.187561	0.0425085	0.981333
4.03333	0.982502	0.000300095	0.186252	0.00632897	0.999367	-0.0349964	-0.186144	0.0355628	0.981879
4.06667	0.982019	0.0027356	0.188765	0.00121603	0.999783	-0.0208151	-0.188781	0.0206704	0.981802
4.1	0.980951	0.00479097	0.194198	-0.00433843	0.999987	-0.00275555	-0.194209	0.00186054	0.980958
4.13333	0.979775	0.00682716	0.199986	-0.00998488	0.999841	0.0147853	-0.199854	-0.0164831	0.979687
4.16667	0.978749	0.00981073	0.204829	-0.0165023	0.999384	0.0309863	-0.204399	-0.0337079	0.978307
4.2	0.978002	0.0125182	0.208221	-0.0227273	0.99865	0.0467099	-0.207355	-0.0504147	0.976966
4.23333	0.97738	0.0137784	0.211042	-0.0278625	0.997567	0.0639085	-0.209648	-0.068343	0.975386
4.26667	0.977063	0.014637	0.212445	-0.0318231	0.996468	0.0777044	-0.210557	-0.0826828	0.974079
4.3	0.977073	0.015261	0.212357	-0.0343028	0.995681	0.0862756	-0.210123	-0.091582	0.973376
4.33333	0.977298	0.015373	0.211312	-0.03561	0.995094	0.0922998	-0.208857	-0.0977292	0.973051
4.36667	0.977538	0.0139702	0.210298	-0.0352802	0.994568	0.0979247	-0.207787	-0.103144	0.972721
4.4	0.977863	0.0124101	0.208878	-0.0341301	0.994331	0.100704	-0.206445	-0.105604	0.972743
4.43333	0.978065	0.0104405	0.208039	-0.0323574	0.994235	0.102228	-0.205772	-0.106717	0.972764
4.46667	0.97815	0.00875607	0.207717	-0.0306865	0.99425	0.102593	-0.205624	-0.106725	0.972794
4.5	0.978142	0.007063	0.207816	-0.0288007	0.994392	0.101762	-0.205932	-0.105523	0.97286
4.53333	0.978248	0.00536959	0.207367	-0.0263454	0.994786	0.0985245	-0.205757	-0.101845	0.973289
4.56667	0.978427	0.00399045	0.206556	-0.0237892	0.995339	0.0934569	-0.205221	-0.0963545	0.973961
4.6	0.978731	0.00246128	0.205134	-0.0209865	0.995883	0.0881814	-0.204072	-0.0906109	0.974753
4.63333	0.979135	0.00111512	0.203209	-0.0182531	0.996425	0.082482	-0.20239	-0.0844702	0.975655
4.66667	0.979581	0.000855495	0.201049	-0.0163253	0.997027	0.0753001	-0.200387	-0.0770447	0.976683
4.7	0.97999	0.000328017	0.199047	-0.0141975	0.997567	0.0682563	-0.19854	-0.0697165	0.97761
4.73333	0.980296	-0.000486221	0.197531	-0.0119803	0.99801	0.0619116	-0.197168	-0.0630582	0.97834
4.76667	0.980445	-0.0013066	0.196788	-0.0096778	0.998448	0.0548465	-0.196554	-0.0556785	0.978911
4.8	0.980617	-0.00233418	0.195923	-0.00687552	0.998903	0.0463136	-0.195816	-0.0467629	0.979525
4.83333	0.980785	-0.00288356	0.195073	-0.00381715	0.999416	0.0339652	-0.195057	-0.0340571	0.9802
4.86667	0.980936	-0.00423827	0.194283	0.000138523	0.999777	0.0211107	-0.194329	-0.0206813	0.980718
4.9	0.981324	-0.00562328	0.192282	0.00424751	0.999962	0.00756642	-0.192317	-0.00660838	0.981311
4.93333	0.982233	-0.00644006	0.187554	0.00761054	0.999956	-0.00552135	-0.18751	0.00685064	0.982239
4.96667	0.983511	-0.00855305	0.180644	0.0112721	0.999838	-0.0140305	-0.180494	0.0158354	0.983449
5	0.984806	-0.011151	0.173299	0.0148547	0.999688	-0.0200895	-0.173021	0.0223586	0.984664
5.03333	0.986018	-0.0145089	0.166007	0.018839	0.999521	-0.0245391	-0.165571	0.0273234	0.985819
5.06667	0.98708	-0.0183633	0.15917	0.0234949	0.999261	-0.0304182	-0.158493	0.0337649	0.986783
5.1	0.987959	-0.0217161	0.153185	0.0283254	0.998754	-0.0410963	-0.152102	0.0449404	0.987343
5.13333	0.988677	-0.0250659	0.147952	0.0334655	0.99795	-0.054559	-0.146281	0.0588925	0.987489
5.16667	0.989271	-0.0287683	0.14323	0.0392655	0.996702	-0.0710107	-0.140714	0.0758728	0.987139
5.2	0.989736	-0.0320449	0.139268	0.0443534	0.995291	-0.0861946	-0.13585	0.0914869	0.986496
5.23333	0.990147	-0.0357829	0.13538	0.0491138	0.994126	-0.0964484	-0.131133	0.102147	0.986088
5.26667	0.990647	-0.0391282	0.130719	0.0528432	0.993261	-0.103156	-0.125801	0.109099	0.986038
5.3	0.99117	-0.04201	0.125769	0.055613	0.992737	-0.10668	-0.120374	0.112732	0.986307
5.33333	0.991721	-0.0444514	0.120473	0.0576236	0.992462	-0.108158	-0.114757	0.114205	0.986807
5.36667	0.992285	-0.0463873	0.114973	0.0588689	0.992443	-0.10766	-0.10911	0.113598	0.987517
5.4	0.992805	-0.0484926	0.109483	0.0599223	0.992808	-0.103645	-0.103669	0.10946	0.98857
5.43333	0.993349	-0.0501183	0.103667	0.0604339	0.993262	-0.0988867	-0.0980127	0.104494	0.989684
5.46667	0.993883	-0.0505135	0.09821	0.0599226	0.993639	-0.0953447	-0.0927691	0.100647	0.990588
5.5	0.994457	-0.0508048	0.0920533	0.0591174	0.99419	-0.0899495	-0.0869486	0.0948929	0.991683
5.53333	0.995053	-0.05085	0.0853468	0.0577961	0.995038	-0.0809936	-0.0808048	0.0855256	0.993054
5.56667	0.995723	-0.0500089	0.0776827	0.0554876	0.995999	-0.0700462	-0.073869	0.0740571	0.994514
5.6	0.99638	-0.0488482	0.0695822	0.0529658	0.996875	-0.0586152	-0.0665015	0.0620884	0.995853
5.63333	0.997024	-0.0472128	0.0609508	0.0500778	0.997669	-0.0463653	-0.0586197	0.0492796	0.997063
5.66667	0.997631	-0.0451505	0.0518931	0.0469763	0.998299	-0.0345188	-0.0502463	0.0368748	0.998056
5.7	0.998163	-0.0427883	0.0428856	0.0438239	0.998763	-0.023505	-0.0418268	0.0253412	0.998803
5.73333	0.9986	-0.0406049	0.0338909	0.0410559	0.999076	-0.0127186	-0.0333431	0.0140923	0.999345
5.76667	0.998931	-0.0385445	0.0255163	0.0386267	0.99925	-0.00273793	-0.0253916	0.00372062	0.999671
5.8	0.999162	-0.0368271	0.0178419	0.0367274	0.999308	0.00588176	-0.0180461	-0.00522155	0.999824
5.83333	0.999323	-0.0353014	0.010342	0.0351432	0.999268	0.015102	-0.0108676	-0.0147283	0.999832
5.86667	0.999421	-0.033853	0.00349621	0.0337646	0.999169	0.0228119	-0.00426556	-0.0226807	0.999734
5.9	0.999458	-0.0325555	-0.00479793	0.0326772	0.999075	0.0279675	0.00388299	-0.0281092	0.999597
5.93333	0.999433	-0.0311795	-0.0127309	0.0315114	0.999145	0.0267613	0.0118856	-0.0271473	0.999561
5.96667	0.999372	-0.0293795	-0.0198033	0.0297926	0.999338	0.0208976	0.0191762	-0.0214744	0.999585
6	0.999303	-0.0272381	-0.0255156	0.0275805	0.999533	0.0131649	0.0251451	-0.0138595	0.999588
6.03333	0.999258	-0.0241883	-0.0299684	0.0244162	0.999676	0.00726166	0.029783	-0.00798799	0.999524
6.06667	0.999243	-0.0203191	-0.0331873	0.0204751	0.999781	0.00436661	0.0330913	-0.00504282	0.99944
6.1	0.999241	-0.0160404	-0.0354938	0.0161532	0.999865	0.00289513	0.0354425	-0.00346627	0.999366
6.13333	0.999257	-0.0116966	-0.0367359	0.0117227	0.999931	0.000496191	0.0367276	-0.000926467	0.999325
6.16667	0.999292	-0.00810923	-0.036741	0.00798188	0.999962	-0.00361142	0.0367689	0.0033156	0.999318
6.2	0.999318	-0.00543656	-0.0365246	0.00513641	0.999952	-0.00830666	0.036568	0.00811339	0.999298
6.23333	0.999338	-0.00386402	-0.036169	0.00341244	0.999916	-0.0125388	0.0362144	0.012407	0.999267
6.26667	0.999331	-0.00293352	-0.0364622	0.0023497	0.999869	-0.0160442	0.0365044	0.0159478	0.999206
6.3	0.999298	-0.00203961	-0.0374043	0.00122789	0.999764	-0.0217115	0.0374398	0.0216503	0.999064
6.33333	0.99925	-0.000882944	-0.0387185	-0.000311003	0.999525	-0.0308198	0.0387273	0.0308087	0.998775
6.36667	0.999205	0.000533127	-0.0398701	-0.00221226	0.999112	-0.0420828	0.0398123	0.0421375	0.998318
6.4	0.999168	0.0021859	-0.0407254	-0.00437288	0.998548	-0.0536893	0.0405489	0.0538227	0.997727
6.43333	0.999137	0.00365085	-0.0413827	-0.00626118	0.997986	-0.0631248	0.0410689	0.0633294	0.997147
6.46667	0.9991	0.00472066	-0.0421455	-0.00767696	0.997499	-0.0702612	0.0417084	0.0705216	0.996638
6.5	0.999033	0.00492787	-0.0436837	-0.00824348	0.99707	-0.0760485	0.043181	0.076335	0.996147
6.53333	0.998943	0.00438099	-0.0457524	-0.00808415	0.996676	-0.0810708	0.0452451	0.081355	0.995658
6.56667	0.998828	0.00356021	-0.0482723	-0.00762345	0.996415	-0.0842527	0.0477993	0.0845219	0.995274
6.6	0.99866	0.00267752	-0.0516792	-0.00714504	0.99623	-0.0864572	0.0512529	0.0867106	0.994914
6.63333	0.99842	0.00174506	-0.0561647	-0.00657858	0.996274	-0.0859904	0.0558053	0.086224	0.994712
6.66667	0.998117	0.000834855	-0.0613396	-0.0058809	0.996604	-0.0821297	0.0610627	0.0823358	0.994732
6.7	0.997807	9.45046e-06	-0.0661957	-0.00503629	0.997112	-0.0757726	0.0660038	0.0759398	0.994925
6.73333	0.997531	-0.000828717	-0.0702235	-0.00396906	0.997667	-0.0681544	0.0701161	0.0682649	0.9952
6.76667	0.99733	-0.0016074	-0.0730082	-0.00282091	0.998164	-0.0605113	0.0729714	0.0605557	0.995494
6.8	0.997198	-0.00260432	-0.0747581	-0.00130444	0.998636	-0.052189	0.0747921	0.0521403	0.995835
6.83333	0.997135	-0.00388776	-0.0755455	0.000718167	0.99912	-0.041938	0.0756421	0.0417636	0.99626
6.86667	0.997071	-0.00613712	-0.0762378	0.00410856	0.999634	-0.0267368	0.076374	0.0263452	0.996731
6.9	0.996988	-0.00904796	-0.077026	0.0085465	0.99994	-0.00683754	0.0770832	0.00615865	0.997006
6.93333	0.99678	-0.0129837	-0.0791323	0.0144904	0.999724	0.0184956	0.0788703	-0.0195827	0.996693
6.96667	0.996458	-0.019193	-0.0818715	0.0228451	0.998774	0.0439071	0.0809285	-0.0456219	0.995675
7	0.996228	-0.0252219	-0.0830289	0.0310134	0.997119	0.0692191	0.0810439	-0.071533	0.99414
7.03333	0.996147	-0.0295106	-0.0825875	0.0372852	0.994851	0.0942382	0.0793813	-0.0969544	0.992118
7.06667	0.99613	-0.0329628	-0.0814804	0.0419592	0.992902	0.11129	0.0772336	-0.114278	0.990442
7.1	0.996183	-0.0355092	-0.0797415	0.0449367	0.991789	0.119732	0.0748351	-0.122858	0.989599
7.13333	0.99635	-0.0385218	-0.0761715	0.0479541	0.99085	0.126159	0.0706147	-0.129351	0.989081
7.16667	0.996596	-0.0418396	-0.0710327	0.0508824	0.990117	0.130688	0.0648628	-0.133858	0.988876
7.2	0.996967	-0.0450467	-0.0634679	0.0531197	0.989843	0.131868	0.0568831	-0.134839	0.989233
7.23333	0.997373	-0.0474138	-0.054766	0.0541181	0.990264	0.12825	0.048152	-0.130877	0.990229
7.26667	0.997854	-0.0484128	-0.0440774	0.0534547	0.99115	0.121505	0.037805	-0.1236	0.991612
7.3	0.998343	-0.0481756	-0.0314689	0.0513806	0.99254	0.110561	0.0259078	-0.111995	0.993371
7.33333	0.99877	-0.0466081	-0.0169291	0.0479969	0.994424	0.0939046	0.012458	-0.0946016	0.995437
7.36667	0.999015	-0.0443724	-0.000933694	0.0443221	0.996346	0.0730044	-0.00230909	-0.0729738	0.997331
7.4	0.99902	-0.0414224	0.0155901	0.0406268	0.998007	0.0482892	-0.0175593	-0.0476085	0.998712
7.43333	0.998754	-0.0377192	0.0326643	0.0370167	0.999076	0.0218532	-0.0334583	-0.0206168	0.999227
7.46667	0.998257	-0.034146	0.0481305	0.034248	0.999413	-0.00129675	-0.0480579	0.00294286	0.99884
7.5	0.997567	-0.0302641	0.0627994	0.0316265	0.999283	-0.0208156	-0.0621244	0.0227511	0.997809
7.53333	0.996772	-0.0269323	0.0756297	0.0297087	0.998916	-0.0358289	-0.0745828	0.0379601	0.996492
7.56667	0.996014	-0.0232009	0.0861284	0.0273459	0.998508	-0.0472621	-0.0849034	0.0494289	0.995162
7.6	0.995416	-0.0195356	0.0936228	0.0248044	0.998153	-0.0554476	-0.0923667	0.0575156	0.994063
7.63333	0.995131	-0.0163679	0.0971963	0.0223447	0.997904	-0.0607259	-0.0959987	0.062602	0.993411
7.66667	0.995161	-0.0131695	0.0973696	0.0196968	0.9976	-0.0663819	-0.0962617	0.0679786	0.993032
7.7	0.995309	-0.0104664	0.0961745	0.0174783	0.997226	-0.0723573	-0.0951503	0.0736989	0.992731
7.73333	0.995442	-0.00816186	0.0950225	0.0155781	0.996865	-0.0775689	-0.0940916	0.0786956	0.992448
7.76667	0.995458	-0.00628917	0.0949895	0.0138309	0.996783	-0.0789469	-0.0941874	0.0799022	0.992343
7.8	0.995243	-0.00405822	0.0973344	0.0115802	0.996976	-0.0768398	-0.0967282	0.0776015	0.992281
7.83333	0.994763	-0.000932595	0.102209	0.00832255	0.997377	-0.0718998	-0.101874	0.0723738	0.992161
7.86667	0.994214	0.00166975	0.1074	0.00473498	0.998226	-0.0593517	-0.107309	0.0595169	0.992443
7.9	0.993705	0.00397757	0.111961	0.000539874	0.999188	-0.040289	-0.112031	0.0400958	0.992895
7.93333	0.993257	0.00758855	0.115682	-0.00524375	0.999775	-0.0205601	-0.115812	0.0198149	0.993073
7.96667	0.992806	0.0120069	0.119132	-0.0121891	0.999925	0.000801384	-0.119114	-0.00224774	0.992878
8	0.992243	0.0166928	0.123188	-0.0198223	0.99951	0.0242224	-0.122724	-0.0264764	0.992088
8.03333	0.991529	0.0207479	0.128221	-0.0270314	0.998507	0.0474608	-0.127045	-0.0505248	0.990609
8.06667	0.990588	0.0234578	0.13485	-0.0329682	0.99709	0.0687309	-0.132845	-0.0725298	0.988479
8.1	0.989488	0.0259302	0.142268	-0.0381456	0.995751	0.0838175	-0.13949	-0.0883633	0.986273
8.13333	0.988528	0.0282926	0.148363	-0.0422767	0.994864	0.0919669	-0.144999	-0.0971842	0.984647
8.16667	0.987828	0.029777	0.152676	-0.0452743	0.994051	0.0990555	-0.148818	-0.104762	0.9833
8.2	0.98741	0.0297052	0.155371	-0.0466376	0.993219	0.106498	-0.151153	-0.112403	0.982099
8.23333	0.987214	0.0289899	0.156739	-0.0469469	0.992586	0.112107	-0.152327	-0.118032	0.981257
8.26667	0.987211	0.0287302	0.156807	-0.0471114	0.992271	0.114796	-0.152297	-0.120715	0.980935
8.3	0.987203	0.0281626	0.15696	-0.0470095	0.991937	0.117689	-0.15238	-0.123562	0.980568
8.33333	0.98718	0.0270875	0.157293	-0.0465917	0.991477	0.121669	-0.152657	-0.127438	0.980028
8.36667	0.987131	0.0257413	0.157828	-0.0458474	0.991083	0.125108	-0.1532	-0.130734	0.979509
8.4	0.987107	0.024155	0.158227	-0.0446748	0.990839	0.127445	-0.153699	-0.132871	0.979144
8.43333	0.987108	0.0223165	0.158495	-0.0429148	0.990877	0.127756	-0.154198	-0.132911	0.97906
8.46667	0.987073	0.0197408	0.159052	-0.0402598	0.991106	0.12684	-0.155134	-0.131603	0.979088
8.5	0.987016	0.016774	0.159747	-0.0369253	0.991592	0.124027	-0.156323	-0.128315	0.979336
8.53333	0.987024	0.0135346	0.159999	-0.0330065	0.992264	0.119678	-0.157142	-0.123406	0.979835
8.56667	0.987172	0.0103184	0.159327	-0.0285868	0.993207	0.112798	-0.157081	-0.115906	0.980761
8.6	0.987353	0.00731355	0.15837	-0.0238	0.994453	0.102456	-0.156743	-0.10493	0.98205
8.63333	0.987482	0.00460878	0.157665	-0.0187729	0.995902	0.0884664	-0.156611	-0.0903188	0.983522
8.66667	0.987555	0.00168421	0.157267	-0.0132885	0.997261	0.0727645	-0.156714	-0.0739487	0.984872
8.7	0.987603	-0.00142284	0.156968	-0.00745306	0.998406	0.0559429	-0.156797	-0.0564193	0.986018
8.73333	0.987484	-0.0051603	0.157637	-0.00122151	0.999184	0.0403606	-0.157716	-0.040048	0.986672
8.76667	0.987	-0.00900503	0.160469	0.00516413	0.99969	0.0243365	-0.160638	-0.0231915	0.986741
8.8	0.986569	-0.0122863	0.162882	0.0112884	0.999911	0.00705053	-0.162954	-0.00511716	0.98662
8.83333	0.98656	-0.0157554	0.16264	0.0177874	0.999781	-0.0110454	-0.16243	0.0137899	0.986624
8.86667	0.986844	-0.0210127	0.160303	0.0259045	0.999258	-0.0284873	-0.159586	0.0322651	0.986657
8.9	0.987107	-0.0283013	0.157539	0.0355626	0.998422	-0.0434645	-0.156061	0.0485067	0.986556
8.93333	0.98722	-0.0363657	0.155158	0.0461678	0.997127	-0.0600456	-0.152528	0.0664415	0.986063
8.96667	0.986998	-0.0434775	0.154738	0.0567969	0.994953	-0.0827234	-0.15036	0.0904365	0.984486
9	0.986645	-0.0477761	0.155723	0.0659493	0.991323	-0.113709	-0.148939	0.12246	0.981234
9.03333	0.986265	-0.0499884	0.157424	0.0731847	0.986693	-0.14519	-0.148071	0.154717	0.9768
9.06667	0.985874	-0.0514559	0.159386	0.0787231	0.982328	-0.169804	-0.147832	0.179953	0.972503
9.1	0.985467	-0.0526558	0.161502	0.0825328	0.979402	-0.184283	-0.148472	0.194934	0.969514
9.13333	0.985178	-0.0536026	0.162945	0.0847312	0.978011	-0.190563	-0.149148	0.201545	0.968057
9.16667	0.984943	-0.0539934	0.164234	0.0854334	0.97789	-0.19087	-0.150297	0.202027	0.967779
9.2	0.98488	-0.0535063	0.16477	0.0850322	0.977961	-0.190686	-0.150935	0.201814	0.967724
9.23333	0.98489	-0.0526836	0.164974	0.0840869	0.978255	-0.189596	-0.151398	0.200603	0.967903
9.26667	0.98492	-0.0518271	0.165063	0.0829451	0.978733	-0.187622	-0.151829	0.198484	0.968273
9.3	0.984854	-0.0515286	0.165551	0.0822611	0.979378	-0.18453	-0.152628	0.195354	0.968783
9.33333	0.984687	-0.0515475	0.166535	0.0818408	0.980161	-0.180519	-0.153925	0.191384	0.96937
9.36667	0.98452	-0.0512002	0.16763	0.0811196	0.980893	-0.17683	-0.155373	0.18769	0.969862
9.4	0.984329	-0.0508874	0.168839	0.0805641	0.981466	-0.173878	-0.156861	0.184755	0.970186
9.43333	0.9842	-0.0500107	0.169851	0.0796242	0.981822	-0.172295	-0.158147	0.183097	0.970291
9.46667	0.984233	-0.0487422	0.17003	0.0782405	0.982096	-0.171366	-0.158633	0.181967	0.970424
9.5	0.984257	-0.0469771	0.170386	0.0765417	0.982234	-0.171342	-0.159309	0.181686	0.970366
9.53333	0.98416	-0.0453222	0.171394	0.0748321	0.982624	-0.169854	-0.160718	0.17999	0.97045
9.56667	0.983821	-0.0435972	0.173767	0.0728772	0.983452	-0.165867	-0.16366	0.175848	0.970718
9.6	0.983358	-0.0418838	0.176782	0.0707311	0.98455	-0.160182	-0.167342	0.17002	0.971128
9.63333	0.982786	-0.0394575	0.180486	0.0676225	0.985961	-0.15267	-0.171928	0.162247	0.971657
9.66667	0.981635	-0.0366845	0.187208	0.064203	0.98762	-0.143121	-0.17964	0.152512	0.971838
9.7	0.98006	-0.0320059	0.196107	0.0593634	0.989031	-0.135257	-0.189627	0.144201	0.971209
9.73333	0.979263	-0.0269338	0.200793	0.052194	0.991207	-0.121591	-0.195753	0.12955	0.972058
9.76667	0.978941	-0.0231782	0.202822	0.0437335	0.994278	-0.0974598	-0.199402	0.104278	0.974354
9.8	0.979218	-0.017996	0.202011	0.0340632	0.9965	-0.0763442	-0.19993	0.0816387	0.976403
9.83333	0.97909	-0.0100038	0.20318	0.0226308	0.997947	-0.0599192	-0.202163	0.0632644	0.977306
9.86667	0.978342	0.00196458	0.206984	0.00723736	0.999019	-0.0436906	-0.206867	0.0442423	0.977368
9.9	0.976705	0.0144245	0.214099	-0.0104134	0.999749	-0.019851	-0.214332	0.0171591	0.97661
9.93333	0.974906	0.0239944	0.221322	-0.0272615	0.99956	0.0117187	-0.220943	-0.0174582	0.97513
9.96667	0.973711	0.0329047	0.225399	-0.0416245	0.998553	0.0340425	-0.223952	-0.0425296	0.973672
10	0.973061	0.0421274	0.226668	-0.053243	0.997649	0.0431485	-0.224317	-0.0540546	0.973016
10.0333	0.973004	0.0498714	0.225336	-0.0612974	0.99715	0.0439935	-0.2225	-0.0566183	0.973287
10.0667	0.973468	0.0552969	0.222042	-0.0659938	0.996976	0.0410429	-0.219101	-0.0546074	0.974173
10.1	0.974276	0.0589903	0.217498	-0.0684761	0.996991	0.0363305	-0.214701	-0.0502894	0.975384
10.1333	0.975195	0.0616623	0.212585	-0.0700334	0.997029	0.0320676	-0.209976	-0.0461602	0.976616
10.1667	0.975909	0.0644171	0.208451	-0.0719013	0.997004	0.0285203	-0.20599	-0.0428211	0.977617
10.2	0.976243	0.0666208	0.20618	-0.0739133	0.996875	0.0278623	-0.20368	-0.0424399	0.978117
10.2333	0.976419	0.066466	0.205396	-0.0743087	0.996763	0.0306998	-0.20269	-0.0452386	0.978197
10.2667	0.976498	0.0665704	0.204987	-0.0751255	0.996586	0.0342306	-0.202008	-0.0488259	0.978166
10.3	0.976515	0.0652158	0.205343	-0.074811	0.996423	0.0393075	-0.202045	-0.0537462	0.9779
10.3333	0.976628	0.0626115	0.205617	-0.0732406	0.996322	0.044489	-0.202075	-0.0585087	0.977621
10.3667	0.976891	0.0592582	0.205361	-0.070516	0.996358	0.0479347	-0.201773	-0.0613082	0.977512
10.4	0.977218	0.0559273	0.204736	-0.0673405	0.996516	0.0492043	-0.201271	-0.0618703	0.97758
10.4333	0.977741	0.0530069	0.203011	-0.0638553	0.996839	0.0472616	-0.199864	-0.0591729	0.978035
10.4667	0.978292	0.0508933	0.200883	-0.0602938	0.99734	0.0409546	-0.198264	-0.0521775	0.978759
10.5	0.978717	0.0487684	0.199337	-0.0564743	0.997853	0.0331533	-0.197293	-0.0437051	0.97937
10.5333	0.978882	0.0463758	0.199099	-0.0521621	0.998352	0.0239135	-0.197662	-0.0337939	0.979688
10.5667	0.978713	0.0424909	0.200785	-0.0469101	0.998749	0.0173009	-0.199799	-0.0263515	0.979483
10.6	0.978046	0.0362451	0.205214	-0.0397699	0.999123	0.0130763	-0.20456	-0.0209506	0.97863
10.6333	0.977264	0.0311692	0.209724	-0.0319365	0.99949	0.000271875	-0.209609	-0.00696354	0.977761
10.6667	0.977245	0.0282691	0.210221	-0.0238955	0.999443	-0.023316	-0.210763	0.0177621	0.977376
10.7	0.977964	0.0242342	0.20736	-0.0134684	0.998494	-0.0531737	-0.208337	0.0492091	0.976818
10.7333	0.978896	0.0134679	0.203916	0.00252765	0.996952	-0.0779786	-0.204345	0.0768484	0.975878
10.7667	0.979498	0.00135081	0.201447	0.0214225	0.993609	-0.110826	-0.200309	0.112869	0.97321
10.8	0.979771	-0.00802421	0.199959	0.0387354	0.987903	-0.150154	-0.196335	0.154863	0.96823
10.8333	0.979946	-0.0154303	0.198666	0.052539	0.981726	-0.182905	-0.192214	0.189675	0.962849
10.8667	0.979965	-0.0213075	0.198028	0.0618981	0.977609	-0.201121	-0.189308	0.209349	0.959341
10.9	0.980135	-0.024582	0.196804	0.0663324	0.975776	-0.208472	-0.186912	0.217385	0.958023
10.9333	0.980562	-0.0254588	0.194552	0.0670068	0.975385	-0.210083	-0.184415	0.219036	0.958131
10.9667	0.981021	-0.0251789	0.19226	0.066034	0.975647	-0.20917	-0.182311	0.217896	0.958793
11	0.981513	-0.024853	0.189778	0.0647286	0.976213	-0.206927	-0.18012	0.215386	0.959774
11.0333	0.981949	-0.024366	0.18757	0.0632395	0.976892	-0.204164	-0.178261	0.21234	0.960799
11.0667	0.982297	-0.0238972	0.1858	0.0619033	0.977521	-0.201547	-0.176807	0.209481	0.961695
