0	0	1	0	0	0	-1	-1	0	0
0.0333333	0.967899	0.202706	0.148597	-0.128155	0.906623	-0.402008	-0.216212	0.37006	0.903498
0.0666667	0.985243	0.0643419	0.158609	-0.00499761	0.937074	-0.349094	-0.171089	0.34315	0.923567
0.1	0.98447	0.00326257	0.175521	0.0553954	0.942971	-0.328232	-0.166582	0.332857	0.928147
0.133333	0.982657	-0.0238732	0.183892	0.0819862	0.94542	-0.315371	-0.166326	0.324978	0.930981
0.166667	0.981679	-0.0351194	0.187275	0.092668	0.946795	-0.308206	-0.166487	0.319914	0.932704
0.2	0.981103	-0.0399115	0.189324	0.0973262	0.947489	-0.304617	-0.167225	0.317287	0.933469
0.233333	0.980713	-0.0422989	0.190823	0.099768	0.94787	-0.302636	-0.168075	0.315837	0.933808
0.266667	0.980495	-0.0438523	0.191588	0.101313	0.948072	-0.301489	-0.168418	0.315019	0.934023
0.3	0.980307	-0.0450153	0.192279	0.102492	0.948246	-0.30054	-0.168799	0.314329	0.934186
0.333333	0.980176	-0.0459319	0.19273	0.103388	0.948389	-0.299783	-0.169013	0.313766	0.934337
0.366667	0.980029	-0.0463022	0.193391	0.103927	0.948389	-0.299595	-0.169538	0.31371	0.934261
0.4	0.97986	-0.046794	0.194123	0.104681	0.948238	-0.299813	-0.170045	0.314095	0.934039
0.433333	0.979764	-0.0470436	0.194547	0.105135	0.948057	-0.300223	-0.170318	0.314601	0.933819
0.466667	0.979714	-0.0474561	0.194701	0.105657	0.947873	-0.300623	-0.170285	0.315096	0.933658
0.5	0.979601	-0.0479981	0.195134	0.106426	0.947608	-0.301184	-0.170455	0.315808	0.933387
0.533333	0.979638	-0.0478614	0.194986	0.106435	0.947275	-0.302229	-0.17024	0.316828	0.93308
0.566667	0.979611	-0.047496	0.195209	0.106241	0.947146	-0.302699	-0.170514	0.317267	0.932881
0.6	0.979553	-0.0472276	0.195563	0.10613	0.947103	-0.302872	-0.170914	0.317435	0.932751
0.633333	0.979648	-0.0462684	0.195316	0.105145	0.947172	-0.303	-0.170978	0.31737	0.932761
0.666667	0.979731	-0.0454754	0.195086	0.104313	0.947245	-0.303059	-0.171012	0.317267	0.93279
0.7	0.979773	-0.0444493	0.195115	0.103355	0.947308	-0.303191	-0.171358	0.317224	0.932741
0.733333	0.979809	-0.0433924	0.195168	0.102576	0.947001	-0.304414	-0.171615	0.318287	0.932331
0.766667	0.979888	-0.0424116	0.194988	0.101723	0.946821	-0.305257	-0.171672	0.318953	0.932093
0.8	0.979893	-0.0415165	0.195155	0.100846	0.947033	-0.304891	-0.17216	0.318442	0.932178
0.833333	0.979864	-0.0408848	0.195437	0.100269	0.947197	-0.304571	-0.172665	0.318035	0.932224
0.866667	0.979964	-0.0400023	0.195114	0.0994191	0.947097	-0.30516	-0.172585	0.318444	0.932098
0.9	0.980057	-0.0395932	0.19473	0.0988926	0.94716	-0.305137	-0.172359	0.318309	0.932186
0.933333	0.980027	-0.0394032	0.194923	0.0987616	0.947193	-0.305077	-0.172608	0.318235	0.932166
0.966667	0.979973	-0.0391507	0.195245	0.0986066	0.947239	-0.304984	-0.173003	0.318129	0.932129
1	0.980008	-0.0387591	0.195144	0.0981182	0.947422	-0.304572	-0.173079	0.317631	0.932285
1.03333	0.98005	-0.0381735	0.195052	0.0975169	0.947493	-0.304546	-0.173185	0.317491	0.932312
1.06667	0.980074	-0.037749	0.195014	0.0972687	0.947215	-0.305486	-0.173189	0.318367	0.932013
1.1	0.980068	-0.0369389	0.1952	0.0967641	0.94689	-0.306651	-0.173506	0.319428	0.931591
1.13333	0.980078	-0.0359991	0.195322	0.0962175	0.946388	-0.308371	-0.173749	0.321021	0.930998
1.16667	0.980185	-0.0343811	0.195076	0.0951666	0.945454	-0.311546	-0.173724	0.323937	0.929992
1.2	0.980311	-0.0326038	0.194748	0.0938101	0.944761	-0.314048	-0.173751	0.326134	0.929219
1.23333	0.98034	-0.0313723	0.194807	0.0926735	0.944819	-0.314211	-0.1742	0.326087	0.929151
1.26667	0.98039	-0.0299281	0.194782	0.0910964	0.945285	-0.31327	-0.174749	0.32487	0.929474
1.3	0.980495	-0.0286355	0.194448	0.0895059	0.945844	-0.312039	-0.174982	0.323356	0.929958
1.33333	0.98054	-0.0273611	0.194406	0.0880969	0.946265	-0.311162	-0.175446	0.322233	0.930261
1.36667	0.980617	-0.0263013	0.194161	0.0868325	0.94666	-0.310314	-0.175643	0.321159	0.930595
1.4	0.9807	-0.026208	0.193756	0.0865105	0.946858	-0.3098	-0.17534	0.320583	0.93085
1.43333	0.980823	-0.0257649	0.193191	0.0857596	0.947162	-0.30908	-0.17502	0.319721	0.931207
1.46667	0.98087	-0.0251398	0.193036	0.0849793	0.947449	-0.308414	-0.175138	0.318918	0.93146
1.5	0.980866	-0.0237201	0.193235	0.0837766	0.947378	-0.30896	-0.175738	0.319237	0.931238
1.53333	0.980854	-0.0229163	0.193393	0.0831576	0.947252	-0.309514	-0.176099	0.31967	0.931021
1.56667	0.980855	-0.0222281	0.193466	0.0822997	0.947701	-0.308367	-0.176493	0.318386	0.931386
1.6	0.980898	-0.021901	0.193286	0.0812274	0.948982	-0.304689	-0.176752	0.314569	0.932633
1.63333	0.980776	-0.0217358	0.193921	0.0804403	0.950446	-0.300304	-0.177784	0.31013	0.933923
1.66667	0.980585	-0.0223311	0.194821	0.0804026	0.95193	-0.295574	-0.178855	0.305499	0.935244
1.7	0.98074	-0.0224399	0.194026	0.0792249	0.953694	-0.290158	-0.178531	0.299941	0.937103
1.73333	0.980927	-0.023085	0.192999	0.0783891	0.955579	-0.284118	-0.177867	0.293828	0.939164
1.76667	0.980971	-0.0245769	0.192594	0.0789024	0.956814	-0.279787	-0.177401	0.289659	0.940546
1.8	0.980787	-0.0263163	0.193296	0.0803127	0.957463	-0.277154	-0.17778	0.287353	0.941181
1.83333	0.980579	-0.0269893	0.194257	0.0810829	0.957662	-0.27624	-0.178577	0.286626	0.941252
1.86667	0.980455	-0.0269716	0.194888	0.0812193	0.957702	-0.276062	-0.179199	0.286495	0.941174
1.9	0.980496	-0.025232	0.194915	0.0799899	0.957105	-0.278481	-0.179527	0.28864	0.940456
1.93333	0.980478	-0.0232988	0.195245	0.0786284	0.956568	-0.280706	-0.180225	0.290578	0.939725
1.96667	0.980231	-0.0223141	0.196592	0.0781437	0.956501	-0.281067	-0.181768	0.290873	0.939336
2	0.979759	-0.0217619	0.198993	0.0785521	0.956136	-0.282194	-0.184124	0.292114	0.938492
2.03333	0.978983	-0.0213074	0.202828	0.0793928	0.955892	-0.282784	-0.187856	0.292944	0.937493
2.06667	0.978112	-0.0249815	0.206572	0.0846188	0.954722	-0.28521	-0.190094	0.296447	0.93594
2.1	0.977205	-0.0287346	0.210343	0.0901736	0.953159	-0.288716	-0.192194	0.301103	0.934023
2.13333	0.9759	-0.0339064	0.215566	0.0977887	0.951064	-0.293111	-0.195079	0.307127	0.93146
2.16667	0.973972	-0.0391694	0.223258	0.105864	0.949538	-0.295246	-0.200427	0.311196	0.92897
2.2	0.972147	-0.0464278	0.229729	0.115398	0.947957	-0.29675	-0.203996	0.314995	0.926911
2.23333	0.970589	-0.0528647	0.234868	0.123395	0.946937	-0.296788	-0.206716	0.317041	0.92561
2.26667	0.969351	-0.0566383	0.239061	0.127944	0.947076	-0.294411	-0.209734	0.315974	0.925296
2.3	0.968554	-0.0595718	0.241567	0.13066	0.948039	-0.290087	-0.211734	0.312528	0.92601
2.33333	0.968025	-0.0613605	0.243233	0.132141	0.94892	-0.286511	-0.213229	0.309491	0.926687
2.36667	0.966928	-0.0640867	0.246867	0.135982	0.948409	-0.286407	-0.215776	0.310504	0.925758
2.4	0.965247	-0.0691545	0.252022	0.142259	0.947994	-0.284726	-0.219226	0.310684	0.924887
2.43333	0.963274	-0.0767527	0.257318	0.15055	0.947869	-0.280854	-0.222348	0.309279	0.924612
2.46667	0.960748	-0.085351	0.263968	0.160583	0.946985	-0.278267	-0.226223	0.309733	0.92352
2.5	0.958205	-0.0933248	0.270432	0.170183	0.945793	-0.276611	-0.229958	0.311073	0.922146
2.53333	0.955577	-0.101979	0.276536	0.18045	0.944261	-0.275335	-0.233044	0.313005	0.920716
2.56667	0.952838	-0.109593	0.282999	0.189606	0.943095	-0.273169	-0.236958	0.313944	0.919397
2.6	0.950365	-0.114958	0.28912	0.196886	0.941727	-0.27274	-0.240919	0.316126	0.917618
2.63333	0.947787	-0.11947	0.295679	0.204117	0.939636	-0.274627	-0.245021	0.320641	0.914961
2.66667	0.945673	-0.119275	0.30245	0.207296	0.937858	-0.278301	-0.250461	0.325879	0.911632
2.7	0.943626	-0.11661	0.309793	0.208893	0.935779	-0.284043	-0.256776	0.332744	0.907385
2.73333	0.940529	-0.112892	0.320407	0.212619	0.931217	-0.29602	-0.26495	0.34654	0.89984
2.76667	0.935857	-0.109738	0.334857	0.221091	0.922816	-0.315483	-0.274391	0.369281	0.887886
2.8	0.928814	-0.118267	0.351165	0.240622	0.913202	-0.328881	-0.281789	0.389967	0.876653
2.83333	0.921764	-0.128642	0.365791	0.261592	0.902652	-0.341744	-0.286219	0.410695	0.865684
2.86667	0.91718	-0.131835	0.376032	0.273944	0.893918	-0.354775	-0.28937	0.428404	0.855999
2.9	0.913096	-0.133804	0.385165	0.286061	0.883357	-0.371281	-0.290559	0.449196	0.844866
2.93333	0.90849	-0.142017	0.393037	0.303195	0.871244	-0.386013	-0.28761	0.469856	0.834575
2.96667	0.907314	-0.149101	0.39313	0.314268	0.861638	-0.398516	-0.279316	0.485127	0.828634
3	0.905133	-0.156962	0.395091	0.330735	0.8439	-0.42243	-0.267112	0.513025	0.815755
3.03333	0.903299	-0.161516	0.397446	0.348219	0.817162	-0.459336	-0.250588	0.553316	0.794385
3.06667	0.902683	-0.160798	0.399133	0.363797	0.780565	-0.508301	-0.229816	0.604038	0.763101
3.1	0.903876	-0.152919	0.399529	0.376335	0.728325	-0.572638	-0.20342	0.667951	0.715864
3.13333	0.908471	-0.13965	0.393927	0.380813	0.664975	-0.642487	-0.172228	0.733694	0.657291
3.16667	0.916444	-0.124918	0.380165	0.375021	0.59954	-0.707043	-0.139602	0.790536	0.596292
3.2	0.927097	-0.109815	0.358374	0.35887	0.536021	-0.764129	-0.108183	0.837032	0.536353
3.23333	0.938756	-0.0983042	0.330263	0.336015	0.473553	-0.814151	-0.0763624	0.875262	0.477582
3.26667	0.947976	-0.10492	0.300554	0.314181	0.460476	-0.830212	-0.0512923	0.88145	0.469484
3.3	0.954675	-0.120977	0.271955	0.296167	0.477137	-0.827421	-0.0296614	0.870462	0.49134
3.33333	0.9608	-0.139596	0.239532	0.277113	0.509812	-0.814432	-0.00842518	0.848884	0.528512
3.36667	0.965659	-0.160481	0.204325	0.259545	0.560083	-0.786729	0.0118159	0.812744	0.582501
3.4	0.968606	-0.183122	0.168132	0.246446	0.618471	-0.746162	0.032654	0.764173	0.644184
3.43333	0.970258	-0.202783	0.132203	0.236178	0.673212	-0.700718	0.0530931	0.711101	0.701082
3.46667	0.971913	-0.21663	0.0919632	0.223194	0.72453	-0.652104	0.0746354	0.654314	0.752531
3.5	0.973567	-0.223494	0.0470861	0.206103	0.770812	-0.602802	0.0984282	0.596573	0.7965
3.53333	0.974823	-0.222982	-0.000471505	0.186567	0.81678	-0.545952	0.122122	0.532119	0.837816
3.56667	0.974845	-0.217212	-0.0499627	0.167522	0.86192	-0.478571	0.147015	0.458163	0.876626
3.6	0.97395	-0.204224	-0.0985555	0.149687	0.905491	-0.39709	0.170336	0.371994	0.912473
3.63333	0.971967	-0.186776	-0.142807	0.136554	0.942898	-0.303803	0.191396	0.275786	0.941971
3.66667	0.968588	-0.173159	-0.178476	0.135851	0.969612	-0.203461	0.208283	0.172824	0.962679
3.7	0.965906	-0.161969	-0.201971	0.141077	0.983418	-0.113958	0.217079	0.0815794	0.972739
3.73333	0.965208	-0.150999	-0.21348	0.143034	0.988331	-0.0523673	0.218896	0.0200105	0.975543
3.76667	0.967021	-0.144222	-0.209928	0.138776	0.989494	-0.0405239	0.213567	0.0100544	0.976877
3.8	0.970269	-0.137622	-0.199096	0.127609	0.989863	-0.0623402	0.205657	0.0350803	0.977995
3.83333	0.976167	-0.121726	-0.179667	0.118105	0.992525	-0.0307574	0.182068	0.0088049	0.983247
3.86667	0.982833	-0.105283	-0.151511	0.0990641	0.993921	-0.0480447	0.155648	0.0322107	0.987287
3.9	0.986009	-0.0965851	-0.135858	0.0870535	0.993418	-0.0744444	0.142154	0.061576	0.987927
3.93333	0.989345	-0.0936794	-0.11145	0.0839517	0.992488	-0.0889948	0.11895	0.0786901	0.989777
3.96667	0.992236	-0.0918969	-0.0838031	0.0838065	0.991902	-0.0954255	0.0918938	0.0876614	0.991903
4	0.994735	-0.0802548	-0.0637238	0.0737859	0.992439	-0.0980874	0.0711139	0.0928691	0.993136
4.03333	0.996618	-0.0655745	-0.0495157	0.0596252	0.991768	-0.113319	0.0565389	0.109983	0.992324
4.06667	0.99815	-0.0511976	-0.0328039	0.0466049	0.990669	-0.128071	0.0390547	0.126305	0.991222
4.1	0.999241	-0.0368954	-0.0125353	0.0347497	0.989291	-0.141757	0.0176313	0.141213	0.989822
4.13333	0.999792	-0.0200307	0.00381635	0.0203809	0.987549	-0.155988	-0.000644269	0.156034	0.987752
4.16667	0.9998	-0.00656313	0.0188996	0.00963762	0.985826	-0.167495	-0.0175324	0.167643	0.985692
4.2	0.99944	0.0013944	0.0334186	0.0046367	0.983708	-0.179714	-0.0331248	0.179768	0.983151
4.23333	0.99887	-2.02257e-05	0.0475311	0.00909117	0.981619	-0.190634	-0.0466536	0.190851	0.98051
4.26667	0.998137	-0.00654121	0.0606536	0.0186862	0.979228	-0.201901	-0.058073	0.202658	0.977526
4.3	0.996985	-0.0175637	0.075585	0.0333374	0.976524	-0.212814	-0.0700727	0.214692	0.974165
4.33333	0.995227	-0.0291522	0.09313	0.049361	0.973632	-0.22272	-0.0841816	0.226254	0.970424
4.36667	0.992861	-0.0425279	0.111437	0.0675619	0.970464	-0.231591	-0.0982962	0.237466	0.96641
4.4	0.990047	-0.0545407	0.129736	0.084149	0.968327	-0.23508	-0.112806	0.243657	0.963279
4.43333	0.986511	-0.067165	0.149284	0.101348	0.966751	-0.234779	-0.128551	0.246742	0.960517
4.46667	0.982424	-0.0796505	0.168816	0.118541	0.964831	-0.234625	-0.144191	0.250513	0.957315
4.5	0.978263	-0.0917165	0.185982	0.135238	0.962073	-0.23691	-0.157199	0.256912	0.953564
4.53333	0.974007	-0.102153	0.202174	0.150614	0.958718	-0.241194	-0.16919	0.265375	0.949184
4.56667	0.969392	-0.111186	0.218901	0.164722	0.95567	-0.244051	-0.182062	0.272639	0.944734
4.6	0.964675	-0.118089	0.235493	0.177026	0.952579	-0.247497	-0.195099	0.280443	0.939834
4.63333	0.960167	-0.123126	0.250839	0.187068	0.950079	-0.249709	-0.207571	0.286686	0.935267
4.66667	0.955519	-0.127321	0.266032	0.197065	0.946725	-0.254711	-0.219429	0.295806	0.929704
4.7	0.9505	-0.128405	0.282953	0.205259	0.943121	-0.261518	-0.233279	0.306652	0.922792
4.73333	0.945437	-0.127452	0.29984	0.211566	0.940039	-0.267518	-0.247766	0.316358	0.915713
4.76667	0.940006	-0.126158	0.316975	0.218446	0.936246	-0.275182	-0.262051	0.327915	0.907635
4.8	0.93415	-0.123974	0.334655	0.227374	0.929516	-0.290348	-0.275071	0.34732	0.896496
4.83333	0.927529	-0.119614	0.354094	0.238705	0.918593	-0.31497	-0.287593	0.376668	0.880575
4.86667	0.91726	-0.128672	0.376932	0.264734	0.904032	-0.335621	-0.297574	0.407639	0.863296
4.9	0.90636	-0.144398	0.397065	0.295955	0.887684	-0.352743	-0.301533	0.437226	0.847297
4.93333	0.899347	-0.14926	0.410969	0.316291	0.871055	-0.375798	-0.301885	0.467959	0.83059
4.96667	0.89493	-0.147843	0.421003	0.331834	0.85129	-0.406437	-0.298307	0.503436	0.810904
5	0.889885	-0.150024	0.43081	0.352515	0.825556	-0.44067	-0.289547	0.544013	0.787536
5.03333	0.886279	-0.149423	0.438385	0.372829	0.791743	-0.483881	-0.274786	0.592297	0.757415
5.06667	0.886107	-0.13902	0.442139	0.387199	0.746352	-0.541328	-0.254736	0.65087	0.715177
5.1	0.889422	-0.121264	0.440708	0.394647	0.690175	-0.606558	-0.230612	0.71341	0.661713
5.13333	0.898565	-0.100545	0.427168	0.390564	0.627079	-0.673967	-0.200103	0.77244	0.60274
5.16667	0.911802	-0.0830536	0.402144	0.375906	0.562971	-0.736042	-0.165264	0.822293	0.544538
5.2	0.92599	-0.0758636	0.369849	0.352759	0.522962	-0.775933	-0.134552	0.848973	0.511019
5.23333	0.939571	-0.0775277	0.333462	0.325349	0.505377	-0.799214	-0.106563	0.859409	0.500061
5.26667	0.952076	-0.0856952	0.293612	0.295827	0.50187	-0.812781	-0.0777039	0.860687	0.503169
5.3	0.961657	-0.0992818	0.255654	0.26963	0.512734	-0.81511	-0.050157	0.852788	0.519844
5.33333	0.969331	-0.116358	0.216466	0.244579	0.542905	-0.80339	-0.0240397	0.831694	0.554713
5.36667	0.975354	-0.133898	0.175375	0.220637	0.584175	-0.781063	0.00213337	0.800507	0.59932
5.4	0.979686	-0.149453	0.13371	0.198777	0.635625	-0.745968	0.0264971	0.757393	0.652421
5.43333	0.982923	-0.161009	0.0890949	0.176979	0.694533	-0.697354	0.0504012	0.701213	0.711168
5.46667	0.985488	-0.164525	0.0417707	0.153386	0.757727	-0.634289	0.0727058	0.631491	0.771967
5.5	0.986496	-0.163652	-0.00659779	0.131888	0.817617	-0.560454	0.0971137	0.552015	0.828159
5.53333	0.986132	-0.156991	-0.0538233	0.113165	0.873298	-0.473861	0.121396	0.461199	0.878953
5.56667	0.984825	-0.143701	-0.0973112	0.0975387	0.922075	-0.374518	0.143547	0.359343	0.922099
5.6	0.982738	-0.127232	-0.134304	0.0873287	0.959027	-0.269521	0.163093	0.25314	0.953583
5.63333	0.980606	-0.109892	-0.162282	0.0821903	0.982267	-0.168514	0.177922	0.151908	0.972249
5.66667	0.978979	-0.0923391	-0.181861	0.0796469	0.993928	-0.075914	0.187767	0.0598335	0.98039
5.7	0.978557	-0.0792864	-0.190102	0.0802177	0.996773	-0.00280357	0.189711	-0.0125061	0.98176
5.73333	0.97897	-0.0771266	-0.188863	0.0829541	0.996285	0.0231357	0.186377	-0.0383162	0.981731
5.76667	0.980971	-0.0746361	-0.179236	0.0740596	0.997205	-0.00991472	0.179475	-0.00354809	0.983756
5.8	0.984293	-0.0695501	-0.162266	0.0588225	0.995811	-0.0700094	0.166455	0.0593648	0.98426
5.83333	0.987069	-0.0509011	-0.152003	0.0410523	0.996892	-0.0672448	0.154953	0.0601352	0.98609
5.86667	0.990796	-0.0200657	-0.133865	0.00692649	0.995172	-0.0979053	0.135183	0.096077	0.986151
5.9	0.993199	0.00498929	-0.116325	-0.0212454	0.990074	-0.138931	0.114477	0.140458	0.983446
5.93333	0.995729	0.0220392	-0.0896556	-0.0363386	0.986263	-0.161139	0.0848726	0.163709	0.982851
5.96667	0.997251	0.0388403	-0.0631078	-0.0495537	0.982741	-0.178227	0.0550963	0.180864	0.981964
6	0.997693	0.0548578	-0.0399998	-0.0616745	0.978628	-0.196171	0.0283834	0.198185	0.979754
6.03333	0.996864	0.0753589	-0.024139	-0.0788368	0.972086	-0.220985	0.00681197	0.222195	0.974978
6.06667	0.995608	0.0931293	-0.00958187	-0.0925605	0.9638	-0.250045	-0.0140515	0.249833	0.968187
6.1	0.994674	0.102811	0.00730603	-0.0968554	0.956586	-0.274886	-0.0352502	0.272714	0.961449
6.13333	0.994436	0.10183	0.0269584	-0.0895466	0.951983	-0.292761	-0.0554759	0.288719	0.955805
6.16667	0.994357	0.0944573	0.0482807	-0.0751348	0.948401	-0.308042	-0.0748863	0.302677	0.950147
6.2	0.993823	0.0854222	0.0708499	-0.0582532	0.944904	-0.322124	-0.0944629	0.316007	0.944043
6.23333	0.992524	0.075703	0.0957313	-0.0394533	0.941282	-0.335308	-0.115494	0.329024	0.937232
6.26667	0.990953	0.0636159	0.118174	-0.0181591	0.935979	-0.351587	-0.132974	0.34626	0.928666
6.3	0.98879	0.0530512	0.139567	0.00197919	0.93001	-0.36753	-0.149297	0.363686	0.91948
6.33333	0.986021	0.0423366	0.161154	0.0225196	0.924447	-0.380646	-0.165094	0.378954	0.91057
6.36667	0.982331	0.0324818	0.184314	0.0432106	0.918853	-0.392228	-0.182098	0.393262	0.901213
6.4	0.977782	0.0209417	0.208576	0.0656141	0.914424	-0.399403	-0.199091	0.404215	0.892734
6.43333	0.972752	0.00850068	0.231692	0.088289	0.910451	-0.404083	-0.214379	0.413529	0.884893
6.46667	0.967481	-0.00447488	0.252905	0.110839	0.906238	-0.407979	-0.227366	0.422743	0.877264
6.5	0.962292	-0.0170941	0.27148	0.132412	0.901237	-0.4126	-0.237615	0.432989	0.869517
6.53333	0.956801	-0.0285327	0.289339	0.152292	0.896911	-0.41516	-0.247666	0.44129	0.862511
6.56667	0.951253	-0.0395716	0.305862	0.169807	0.89508	-0.412308	-0.257455	0.444146	0.858167
6.6	0.945968	-0.0510841	0.320212	0.185399	0.895386	-0.404861	-0.266031	0.442352	0.856477
6.63333	0.941239	-0.0643064	0.331564	0.200396	0.89656	-0.394995	-0.271866	0.438229	0.856764
6.66667	0.937359	-0.0785514	0.339393	0.214242	0.89821	-0.383822	-0.274696	0.432492	0.858774
6.7	0.934472	-0.0880583	0.344976	0.223977	0.898583	-0.377337	-0.276762	0.429878	0.859423
6.73333	0.931803	-0.0936184	0.350684	0.232256	0.896258	-0.377862	-0.278928	0.433541	0.856879
6.76667	0.928817	-0.091082	0.359169	0.237948	0.889659	-0.389728	-0.28404	0.44745	0.848003
6.8	0.924556	-0.0799326	0.372568	0.242126	0.878221	-0.412436	-0.29423	0.471529	0.831318
6.83333	0.919082	-0.0637861	0.38887	0.2462	0.86346	-0.440253	-0.307691	0.500369	0.809294
6.86667	0.91129	-0.0573857	0.407748	0.260272	0.847611	-0.4624	-0.319076	0.527506	0.787355
6.9	0.90239	-0.0648425	0.426013	0.283007	0.834699	-0.472425	-0.32496	0.546876	0.771575
6.93333	0.899055	-0.0657498	0.432871	0.291522	0.82754	-0.479783	-0.326672	0.557543	0.763172
6.96667	0.897246	-0.0579443	0.437712	0.302152	0.803447	-0.513008	-0.321952	0.59255	0.738398
7	0.895854	-0.053648	0.441097	0.32291	0.760525	-0.563322	-0.305244	0.647089	0.698643
7.03333	0.898047	-0.0531892	0.436673	0.342713	0.706932	-0.618704	-0.27579	0.705279	0.653086
7.06667	0.902025	-0.0554331	0.428109	0.358195	0.649607	-0.670602	-0.240929	0.758246	0.605818
7.1	0.906329	-0.0583576	0.418525	0.368353	0.594467	-0.71479	-0.207086	0.801999	0.560279
7.13333	0.912935	-0.0632416	0.403176	0.369057	0.549643	-0.74946	-0.174206	0.833003	0.525128
7.16667	0.922874	-0.0706148	0.378573	0.357744	0.521116	-0.774892	-0.142562	0.85056	0.506186
7.2	0.9351	-0.0761905	0.346096	0.335094	0.50791	-0.793561	-0.115324	0.858034	0.500478
7.23333	0.948842	-0.0806851	0.305267	0.302998	0.504655	-0.808403	-0.0888286	0.859543	0.503285
7.26667	0.960623	-0.0888025	0.263283	0.270919	0.509764	-0.816544	-0.0617013	0.855719	0.513749
7.3	0.969415	-0.100852	0.223751	0.242939	0.523851	-0.816432	-0.034873	0.845819	0.532329
7.33333	0.975411	-0.115416	0.187756	0.220181	0.54773	-0.807163	-0.00967991	0.828656	0.559674
7.36667	0.97941	-0.13094	0.153657	0.201419	0.582353	-0.787589	0.0136437	0.802322	0.596736
7.4	0.981916	-0.145489	0.121138	0.186243	0.627487	-0.756025	0.033981	0.764914	0.643235
7.43333	0.983405	-0.157842	0.0894491	0.173983	0.680697	-0.711605	0.0514338	0.715358	0.696862
7.46667	0.984807	-0.166191	0.0503492	0.158639	0.7431	-0.650105	0.070627	0.648215	0.758175
7.5	0.985195	-0.170995	0.0123216	0.146235	0.800679	-0.580972	0.0894776	0.574172	0.81383
7.53333	0.984562	-0.172978	-0.0267494	0.136479	0.854358	-0.501444	0.109592	0.490052	0.864777
7.56667	0.983297	-0.168912	-0.0677882	0.126831	0.903035	-0.410416	0.130539	0.394963	0.909376
7.6	0.981981	-0.156232	-0.106328	0.114828	0.940131	-0.320885	0.150095	0.302894	0.941131
7.63333	0.980764	-0.138072	-0.137978	0.103279	0.966877	-0.233415	0.165636	0.214675	0.962538
7.66667	0.97952	-0.121016	-0.160922	0.0977033	0.9845	-0.145649	0.176054	0.126943	0.976161
7.7	0.979416	-0.106777	-0.171299	0.0941119	0.992306	-0.0804474	0.178571	0.0626702	0.981929
7.73333	0.981144	-0.0975687	-0.166846	0.0898934	0.994542	-0.0529701	0.171104	0.0369729	0.984559
7.76667	0.984465	-0.0857888	-0.153194	0.0795523	0.99575	-0.0463969	0.156523	0.0334892	0.987106
7.8	0.988962	-0.0628171	-0.134192	0.0575685	0.99743	-0.0426445	0.136526	0.0344486	0.990037
7.83333	0.993237	-0.0280961	-0.112651	0.0204388	0.997438	-0.0685615	0.114288	0.0657954	0.991266
7.86667	0.995927	-0.0138566	-0.0890962	0.00665301	0.996721	-0.0806459	0.0899215	0.0797246	0.992753
7.9	0.998242	-0.00602356	-0.0589711	0.00100333	0.996398	-0.0847923	0.0592695	0.084584	0.994652
7.93333	0.999539	0.00288158	-0.0302098	-0.00549609	0.996209	-0.0868232	0.029845	0.0869493	0.995766
7.96667	0.99982	0.0134596	-0.0133939	-0.0148055	0.994249	-0.106066	0.0118893	0.106245	0.994269
8	0.999805	0.0196239	-0.00237491	-0.0197664	0.991529	-0.128371	-0.000164334	0.128393	0.991723
8.03333	0.99979	0.0170024	0.0114268	-0.0152361	0.990031	-0.140024	-0.0136936	0.139821	0.990082
8.06667	0.999585	0.0113598	0.0264816	-0.00718186	0.988227	-0.152829	-0.0279059	0.152575	0.987898
8.1	0.99906	0.00557064	0.0429806	0.00177448	0.985616	-0.168991	-0.0433038	0.168908	0.98468
8.13333	0.998085	-2.04045e-06	0.0618521	0.0114477	0.982729	-0.184695	-0.0607835	0.18505	0.980848
8.16667	0.996558	-0.00476572	0.0827626	0.0212911	0.979572	-0.199962	-0.0801189	0.201036	0.976302
8.2	0.994488	-0.00949987	0.104415	0.0317235	0.97647	-0.213306	-0.0999317	0.215443	0.97139
8.23333	0.991869	-0.0168616	0.126144	0.0454314	0.972789	-0.227194	-0.118881	0.231078	0.965645
8.26667	0.989022	-0.0240474	0.145802	0.059179	0.968548	-0.241685	-0.135404	0.24766	0.959338
8.3	0.985709	-0.030743	0.165629	0.07276	0.964464	-0.253999	-0.151935	0.26242	0.952917
8.33333	0.981837	-0.0385147	0.185777	0.0874899	0.960765	-0.263203	-0.168351	0.274676	0.946684
8.36667	0.977494	-0.0466487	0.205743	0.102745	0.957037	-0.271152	-0.184255	0.286189	0.940291
8.4	0.972779	-0.0564941	0.224743	0.119478	0.953259	-0.277528	-0.19856	0.296825	0.93406
8.43333	0.967937	-0.066812	0.242146	0.136314	0.949403	-0.282935	-0.210991	0.306871	0.92807
8.46667	0.963089	-0.0777054	0.257724	0.152309	0.946735	-0.283716	-0.22195	0.312497	0.923625
8.5	0.958131	-0.0883085	0.272371	0.166938	0.945132	-0.280814	-0.232628	0.314526	0.920303
8.53333	0.953776	-0.0986263	0.283874	0.180165	0.943692	-0.277463	-0.240524	0.315782	0.91784
8.56667	0.950592	-0.106747	0.291513	0.191109	0.941223	-0.278527	-0.244647	0.320477	0.915119
8.6	0.948394	-0.110002	0.297403	0.197252	0.939006	-0.281707	-0.248275	0.325833	0.912246
8.63333	0.945924	-0.110708	0.304911	0.202306	0.9361	-0.28773	-0.253573	0.333856	0.907877
8.66667	0.942483	-0.106535	0.316823	0.206975	0.930279	-0.30289	-0.262466	0.351043	0.898822
8.7	0.93853	-0.0962789	0.3315	0.211268	0.919665	-0.331031	-0.272998	0.380717	0.883474
8.73333	0.931594	-0.092966	0.351413	0.225447	0.906117	-0.357946	-0.285144	0.412685	0.865092
8.76667	0.921088	-0.105865	0.374685	0.255274	0.890832	-0.375838	-0.293993	0.441828	0.847559
8.8	0.912916	-0.117545	0.390855	0.281441	0.874842	-0.394262	-0.295593	0.46993	0.831739
8.83333	0.910677	-0.115114	0.396758	0.293744	0.855734	-0.425951	-0.290486	0.504449	0.813111
8.86667	0.910393	-0.111694	0.398384	0.306933	0.828	-0.469263	-0.277448	0.549491	0.788088
8.9	0.909162	-0.114758	0.400318	0.329032	0.787191	-0.521602	-0.255269	0.605939	0.753443
8.93333	0.909229	-0.117452	0.399384	0.351789	0.729747	-0.586271	-0.222591	0.673553	0.704826
8.96667	0.911647	-0.115972	0.394271	0.368356	0.656	-0.658769	-0.182243	0.745797	0.64076
9	0.918266	-0.109833	0.380427	0.370286	0.578542	-0.726758	-0.140271	0.808224	0.571925
9.03333	0.929787	-0.103435	0.353267	0.353685	0.516957	-0.779527	-0.101993	0.849739	0.517243
9.06667	0.943988	-0.101175	0.314087	0.322964	0.478516	-0.816527	-0.0676832	0.87223	0.48439
9.1	0.956533	-0.104683	0.272189	0.289191	0.46085	-0.839039	-0.0376051	0.881283	0.471091
9.13333	0.966154	-0.114128	0.231349	0.257633	0.472552	-0.842805	-0.0131366	0.873882	0.485961
9.16667	0.97301	-0.125635	0.193565	0.230663	0.504819	-0.831837	0.00679193	0.854034	0.520173
9.2	0.977848	-0.139398	0.156144	0.207613	0.550985	-0.808278	0.0266399	0.82279	0.56772
9.23333	0.981342	-0.152098	0.117619	0.186764	0.608717	-0.771092	0.0456855	0.778672	0.625766
9.26667	0.983678	-0.162258	0.0777816	0.16772	0.670228	-0.722955	0.065174	0.724201	0.686503
9.3	0.985006	-0.168686	0.0361678	0.149628	0.730966	-0.665808	0.085875	0.661237	0.745246
9.33333	0.985606	-0.168856	-0.00832552	0.12979	0.787295	-0.602761	0.108335	0.593004	0.797878
9.36667	0.985273	-0.161754	-0.0554382	0.107701	0.838888	-0.533542	0.132809	0.519713	0.843955
9.4	0.983783	-0.147971	-0.101369	0.0855601	0.883868	-0.459845	0.15764	0.443715	0.882194
9.43333	0.981008	-0.129887	-0.144058	0.0666708	0.923236	-0.378404	0.182149	0.361613	0.914362
9.46667	0.976935	-0.1124	-0.181562	0.0552984	0.954418	-0.293307	0.206254	0.276502	0.938619
9.5	0.972775	-0.0972368	-0.210367	0.0540314	0.977865	-0.202142	0.225366	0.185272	0.956496
9.53333	0.969815	-0.08598	-0.228181	0.0602158	0.991237	-0.117575	0.236291	0.100286	0.966493
9.56667	0.968645	-0.0782673	-0.2358	0.069767	0.996584	-0.044192	0.238453	0.0263553	0.970796
9.6	0.969173	-0.0815389	-0.232496	0.0819343	0.996606	-0.00797273	0.232357	-0.0113224	0.972565
9.63333	0.97106	-0.0888481	-0.221694	0.085137	0.996023	-0.0262596	0.223145	0.00662533	0.974763
9.66667	0.975496	-0.079178	-0.205277	0.0760995	0.996838	-0.0228615	0.206438	0.00667981	0.978437
9.7	0.981833	-0.0551288	-0.181562	0.0420673	0.996294	-0.0750233	0.185025	0.0660226	0.980513
9.73333	0.983446	-0.0574053	-0.171869	0.0352177	0.990958	-0.129468	0.177747	0.121272	0.976575
9.76667	0.986435	-0.0660741	-0.150266	0.0399896	0.984561	-0.17041	0.159205	0.16209	0.973848
9.8	0.990229	-0.0706273	-0.120244	0.0462736	0.979822	-0.194444	0.131551	0.18698	0.973516
9.83333	0.993268	-0.0583625	-0.100059	0.0345936	0.973833	-0.224614	0.110549	0.219641	0.969297
9.86667	0.995451	-0.0444328	-0.084275	0.0229069	0.97026	-0.24098	0.0924761	0.237954	0.966864
9.9	0.997155	-0.0387017	-0.0646822	0.0215188	0.968574	-0.247794	0.0722395	0.245697	0.966651
9.93333	0.998084	-0.0433692	-0.0441204	0.0305789	0.965773	-0.257579	0.0537812	0.255736	0.96525
9.96667	0.998007	-0.0578006	-0.0253146	0.0487852	0.961221	-0.27143	0.0400218	0.269655	0.962125
10	0.997539	-0.0699382	-0.00488328	0.0656984	0.956834	-0.283112	0.0244728	0.282094	0.959075
10.0333	0.996784	-0.0777232	0.0195187	0.0800426	0.953836	-0.289465	0.00388053	0.290097	0.956989
10.0667	0.995624	-0.0808295	0.0469062	0.0909756	0.953114	-0.288612	-0.0213786	0.291616	0.956296
10.1	0.993678	-0.0823187	0.0763327	0.100748	0.953856	-0.282859	-0.0495258	0.288761	0.956119
10.1333	0.990728	-0.0842139	0.106612	0.111043	0.954059	-0.27828	-0.0782794	0.287539	0.954565
10.1667	0.987083	-0.0885452	0.13352	0.122738	0.953579	-0.274997	-0.102972	0.287833	0.952129
10.2	0.982768	-0.0953987	0.158325	0.1364	0.952341	-0.272839	-0.124751	0.289733	0.948943
10.2333	0.978332	-0.102052	0.180144	0.149607	0.949917	-0.274364	-0.143123	0.295369	0.944602
10.2667	0.974073	-0.107263	0.199188	0.161727	0.945817	-0.281557	-0.158195	0.306471	0.938643
10.3	0.969832	-0.112299	0.216367	0.173515	0.941434	-0.289127	-0.171226	0.317948	0.932519
10.3333	0.965388	-0.116951	0.23313	0.184742	0.93757	-0.294674	-0.184113	0.327543	0.926724
10.3667	0.960823	-0.123579	0.248086	0.196473	0.935028	-0.295162	-0.195492	0.33234	0.922677
10.4	0.956013	-0.1262	0.264786	0.206347	0.930925	-0.301329	-0.208468	0.342712	0.916018
10.4333	0.952371	-0.129155	0.27624	0.215069	0.92669	-0.308205	-0.216182	0.352936	0.91033
10.4667	0.948943	-0.128441	0.288114	0.221554	0.921528	-0.318905	-0.224544	0.366456	0.902934
10.5	0.945014	-0.125683	0.301914	0.228901	0.913558	-0.336177	-0.233564	0.386801	0.892095
10.5333	0.939916	-0.118228	0.320282	0.236914	0.901354	-0.362536	-0.245826	0.416632	0.875207
10.5667	0.932619	-0.111176	0.343309	0.252283	0.881105	-0.400008	-0.25802	0.459667	0.849784
10.6	0.917378	-0.138418	0.373172	0.299912	0.856791	-0.419478	-0.261668	0.496738	0.827515
10.6333	0.90756	-0.155676	0.39	0.335948	0.826389	-0.451907	-0.25194	0.541153	0.802297
10.6667	0.908168	-0.153257	0.389543	0.353288	0.779769	-0.516863	-0.224541	0.607019	0.762305
10.7	0.911293	-0.146882	0.38467	0.368957	0.70603	-0.604478	-0.182802	0.692783	0.697593
10.7333	0.917032	-0.14372	0.372017	0.375318	0.626445	-0.683157	-0.134865	0.766101	0.628411
10.7667	0.929469	-0.141848	0.34054	0.359376	0.556587	-0.749039	-0.0832908	0.81859	0.568307
10.8	0.943016	-0.150573	0.296728	0.331097	0.513298	-0.79177	-0.0330908	0.844898	0.533903
10.8333	0.953721	-0.169526	0.248347	0.300518	0.509293	-0.806418	0.0102277	0.843731	0.536669
10.8667	0.961149	-0.186879	0.203149	0.272147	0.518527	-0.810596	0.0461454	0.834389	0.54924
10.9	0.967582	-0.20091	0.153033	0.239681	0.539486	-0.80716	0.0796075	0.817673	0.570152
10.9333	0.971615	-0.214088	0.100651	0.208229	0.572037	-0.793356	0.112272	0.791795	0.600379
10.9667	0.973224	-0.224033	0.0514163	0.183975	0.625121	-0.758536	0.137795	0.747685	0.649599
11	0.973633	-0.228117	0.000845289	0.16179	0.687921	-0.707523	0.160817	0.689005	0.70669
11.0333	0.973108	-0.225238	-0.0482594	0.142362	0.752762	-0.642715	0.181092	0.61856	0.764584
11.0667	0.971464	-0.217324	-0.0950211	0.126494	0.813582	-0.567524	0.200644	0.539309	0.817856
