0	-0.00316224	0.999995	-0.000515835	0.0889399	-0.000232542	-0.996037	-0.996032	-0.00319559	-0.0889387
0.0333333	0.937502	0.0146077	-0.347674	-0.284093	-0.544843	-0.788947	-0.200952	0.838411	-0.506641
0.0666667	0.965232	-0.146009	-0.216815	-0.226252	-0.882067	-0.41324	-0.130908	0.447928	-0.884434
0.1	0.97065	-0.170953	-0.169154	-0.206518	-0.952927	-0.221994	-0.123241	0.250412	-0.960263
0.133333	0.971725	-0.178514	-0.154545	-0.201515	-0.968118	-0.14879	-0.123057	0.175726	-0.976718
0.166667	0.971741	-0.182438	-0.149789	-0.201123	-0.97209	-0.120794	-0.123571	0.147507	-0.981311
0.2	0.971625	-0.184058	-0.148555	-0.2012	-0.973357	-0.109975	-0.124355	0.136744	-0.98277
0.233333	0.971602	-0.184292	-0.148415	-0.201015	-0.973748	-0.106812	-0.124834	0.133612	-0.98314
0.266667	0.9717	-0.183979	-0.148158	-0.200491	-0.974007	-0.105426	-0.124911	0.132147	-0.983328
0.3	0.971814	-0.183396	-0.148131	-0.199782	-0.974255	-0.104477	-0.125156	0.131126	-0.983434
0.333333	0.971932	-0.18289	-0.147986	-0.199216	-0.974403	-0.104169	-0.125147	0.130727	-0.983488
0.366667	0.971943	-0.182579	-0.148293	-0.19901	-0.974391	-0.104676	-0.125383	0.13125	-0.983388
0.4	0.972051	-0.181713	-0.148653	-0.198232	-0.974513	-0.105011	-0.125783	0.131544	-0.983298
0.433333	0.972179	-0.180908	-0.148795	-0.197488	-0.974628	-0.105347	-0.125961	0.131801	-0.983241
0.466667	0.972293	-0.180365	-0.148708	-0.196938	-0.974734	-0.105401	-0.12594	0.131767	-0.983248
0.5	0.972448	-0.179446	-0.148808	-0.196036	-0.974911	-0.105446	-0.126152	0.131713	-0.983228
0.533333	0.972436	-0.179507	-0.148817	-0.196049	-0.97495	-0.105058	-0.12623	0.131338	-0.983268
0.566667	0.972405	-0.17954	-0.148978	-0.196039	-0.975006	-0.104554	-0.126483	0.130874	-0.983298
0.6	0.972363	-0.179615	-0.149163	-0.196101	-0.975025	-0.104266	-0.12671	0.130635	-0.9833
0.633333	0.972166	-0.180225	-0.149704	-0.196863	-0.974807	-0.10486	-0.127034	0.131413	-0.983155
0.666667	0.971988	-0.180984	-0.149946	-0.197643	-0.97466	-0.104766	-0.127186	0.131467	-0.983128
0.7	0.971752	-0.181623	-0.150701	-0.19833	-0.974565	-0.104342	-0.127917	0.131283	-0.983057
0.733333	0.971521	-0.182094	-0.151617	-0.198988	-0.97438	-0.104819	-0.128646	0.132003	-0.982866
0.766667	0.971315	-0.182719	-0.152184	-0.199766	-0.97416	-0.105385	-0.128995	0.132763	-0.982718
0.8	0.971108	-0.183332	-0.152769	-0.200508	-0.973968	-0.10575	-0.129405	0.133326	-0.982588
0.833333	0.970966	-0.183719	-0.153207	-0.200934	-0.973899	-0.105579	-0.129811	0.133298	-0.982538
0.866667	0.970828	-0.184383	-0.153286	-0.201598	-0.973771	-0.105487	-0.129815	0.133312	-0.982535
0.9	0.970725	-0.185094	-0.153079	-0.202243	-0.97367	-0.10519	-0.129579	0.13307	-0.982599
0.933333	0.970683	-0.1852	-0.153218	-0.202407	-0.973605	-0.105478	-0.129639	0.133398	-0.982547
0.966667	0.970609	-0.185396	-0.153448	-0.202568	-0.973625	-0.104979	-0.129938	0.132977	-0.982565
1	0.970506	-0.186032	-0.153329	-0.203064	-0.973624	-0.104026	-0.129932	0.132093	-0.982685
1.03333	0.970307	-0.18696	-0.15346	-0.203959	-0.97348	-0.103621	-0.130017	0.131844	-0.982707
1.06667	0.970103	-0.1877	-0.153846	-0.204863	-0.973202	-0.104443	-0.13012	0.132837	-0.982559
1.1	0.969746	-0.188763	-0.154793	-0.206276	-0.972726	-0.106084	-0.130546	0.134805	-0.982235
1.13333	0.969345	-0.189966	-0.155833	-0.207914	-0.97214	-0.108238	-0.13093	0.13732	-0.981835
1.16667	0.968905	-0.191137	-0.157129	-0.20976	-0.97133	-0.111888	-0.131238	0.141369	-0.981219
1.2	0.968534	-0.192489	-0.157766	-0.211487	-0.970713	-0.113968	-0.131208	0.143747	-0.980878
1.23333	0.968315	-0.19359	-0.15776	-0.212588	-0.970474	-0.113956	-0.131041	0.143883	-0.98088
1.26667	0.968037	-0.19519	-0.157495	-0.214052	-0.97024	-0.113205	-0.130712	0.143298	-0.98101
1.3	0.967745	-0.19684	-0.15724	-0.215703	-0.969844	-0.113466	-0.130163	0.143724	-0.98102
1.33333	0.967545	-0.198064	-0.156931	-0.216957	-0.969499	-0.114019	-0.129562	0.144366	-0.981006
1.36667	0.96732	-0.199306	-0.156743	-0.218344	-0.969036	-0.115306	-0.128908	0.145761	-0.980885
1.4	0.967298	-0.199998	-0.156001	-0.218982	-0.968842	-0.115729	-0.127995	0.146106	-0.980954
1.43333	0.967086	-0.201805	-0.154984	-0.220488	-0.968639	-0.114558	-0.127005	0.14496	-0.981253
1.46667	0.966823	-0.203624	-0.154239	-0.222041	-0.96843	-0.113323	-0.126294	0.143811	-0.981513
1.5	0.966328	-0.205628	-0.154685	-0.224055	-0.968018	-0.112871	-0.126529	0.143728	-0.981495
1.53333	0.965941	-0.206977	-0.1553	-0.225841	-0.967288	-0.11554	-0.126306	0.146678	-0.981087
1.56667	0.965559	-0.208618	-0.155478	-0.227815	-0.96654	-0.117903	-0.125679	0.149263	-0.980778
1.6	0.965161	-0.210963	-0.154786	-0.230325	-0.965685	-0.120014	-0.124156	0.151484	-0.980631
1.63333	0.964792	-0.213279	-0.153909	-0.232757	-0.964849	-0.122023	-0.122474	0.15355	-0.980521
1.66667	0.964549	-0.215425	-0.152438	-0.235131	-0.963795	-0.125752	-0.119829	0.157137	-0.98028
1.7	0.963991	-0.21984	-0.149635	-0.23968	-0.962011	-0.130725	-0.115212	0.161882	-0.980061
1.73333	0.963425	-0.224517	-0.146306	-0.244619	-0.959747	-0.138015	-0.10943	0.168756	-0.979564
1.76667	0.963138	-0.227335	-0.143821	-0.247855	-0.957739	-0.145957	-0.104562	0.176223	-0.978781
1.8	0.963069	-0.228169	-0.14296	-0.249173	-0.956447	-0.152061	-0.102038	0.182067	-0.977977
1.83333	0.963147	-0.227791	-0.143037	-0.249185	-0.955865	-0.155656	-0.101267	0.185562	-0.9774
1.86667	0.963101	-0.227839	-0.143266	-0.249513	-0.955404	-0.157947	-0.10089	0.187865	-0.976999
1.9	0.962714	-0.229138	-0.143795	-0.251259	-0.954368	-0.161403	-0.10025	0.191514	-0.976357
1.93333	0.962142	-0.231146	-0.144409	-0.253859	-0.952857	-0.166189	-0.0991876	0.196557	-0.975462
1.96667	0.961637	-0.23258	-0.14547	-0.256296	-0.950784	-0.17413	-0.0978111	0.204734	-0.973918
2	0.961394	-0.232414	-0.147324	-0.257574	-0.948465	-0.18458	-0.0968327	0.215401	-0.971713
2.03333	0.961176	-0.231272	-0.150515	-0.258541	-0.945418	-0.198348	-0.0964274	0.229561	-0.968506
2.06667	0.962189	-0.22712	-0.150362	-0.255899	-0.942868	-0.213346	-0.0933161	0.243756	-0.965337
2.1	0.963709	-0.220514	-0.15046	-0.251867	-0.937861	-0.238705	-0.0884733	0.267938	-0.959365
2.13333	0.965815	-0.211212	-0.150302	-0.246134	-0.929115	-0.275978	-0.0813578	0.303538	-0.94934
2.16667	0.967958	-0.201541	-0.149794	-0.24058	-0.915241	-0.323194	-0.0719604	0.348876	-0.934402
2.2	0.970636	-0.192457	-0.144311	-0.233957	-0.894791	-0.38028	-0.0559403	0.402876	-0.913543
2.23333	0.973363	-0.187157	-0.132428	-0.227172	-0.865274	-0.44687	-0.0309517	0.465051	-0.884743
2.26667	0.975365	-0.189118	-0.113568	-0.220582	-0.829909	-0.51244	0.00265995	0.524867	-0.85118
2.3	0.976909	-0.194994	-0.0873272	-0.210084	-0.802255	-0.558795	0.0389032	0.564238	-0.824695
2.33333	0.977325	-0.203791	-0.0574952	-0.198898	-0.790393	-0.579413	0.0726352	0.57771	-0.813004
2.36667	0.977229	-0.210676	-0.0252771	-0.186793	-0.797639	-0.573481	0.100657	0.565144	-0.818829
2.4	0.976467	-0.215417	0.0104279	-0.174553	-0.817785	-0.548415	0.126666	0.533689	-0.836141
2.43333	0.974989	-0.216689	0.0494123	-0.161456	-0.843347	-0.51254	0.152733	0.491743	-0.85724
2.46667	0.973046	-0.21246	0.0896754	-0.146652	-0.870191	-0.470385	0.177973	0.444555	-0.877893
2.5	0.970153	-0.205046	0.129461	-0.132859	-0.896056	-0.423594	0.202861	0.39375	-0.896554
2.53333	0.966692	-0.192578	0.168581	-0.118004	-0.919845	-0.374113	0.227114	0.341759	-0.911932
2.56667	0.962676	-0.177139	0.204637	-0.103734	-0.939822	-0.325537	0.249987	0.292159	-0.923119
2.6	0.958592	-0.15865	0.236498	-0.0914795	-0.957982	-0.271851	0.26969	0.238959	-0.932827
2.63333	0.955084	-0.140131	0.26111	-0.0835457	-0.972715	-0.21644	0.284316	0.184903	-0.940731
2.66667	0.952406	-0.128986	0.276198	-0.0867056	-0.983268	-0.160207	0.292241	0.128634	-0.947654
2.7	0.952083	-0.119742	0.281426	-0.0927552	-0.989882	-0.107382	0.291436	0.0761326	-0.953556
2.73333	0.955481	-0.109509	0.273976	-0.0966761	-0.993509	-0.0599538	0.278763	0.0307978	-0.959866
2.76667	0.960094	-0.100329	0.261063	-0.091122	-0.994722	-0.0471692	0.264418	0.0214983	-0.964169
2.8	0.963782	-0.0847432	0.252871	-0.0771743	-0.996226	-0.0397204	0.255283	0.0187666	-0.966684
2.83333	0.967903	-0.0739329	0.240204	-0.0598859	-0.996069	-0.0652719	0.244085	0.0487921	-0.968526
2.86667	0.971843	-0.0698828	0.225029	-0.0530912	-0.995393	-0.0798323	0.229571	0.0656374	-0.971076
2.9	0.977135	-0.0595416	0.204111	-0.0479153	-0.99696	-0.0614416	0.207148	0.0502568	-0.977018
2.93333	0.981771	-0.0474321	0.184052	-0.041791	-0.998534	-0.0344102	0.185415	0.0260912	-0.982314
2.96667	0.983886	-0.0457009	0.172859	-0.0412763	-0.998724	-0.0291071	0.173968	0.0215031	-0.984516
3	0.986382	-0.0384595	0.159912	-0.0361366	-0.999195	-0.0174099	0.160453	0.0113941	-0.986978
3.03333	0.988882	-0.0317545	0.145272	-0.0313941	-0.999496	-0.00477333	0.14535	0.000159581	-0.98938
3.06667	0.991205	-0.0283651	0.129259	-0.0286138	-0.999591	6.66619e-05	0.129204	-0.00376467	-0.991611
3.1	0.99348	-0.0255997	0.111097	-0.0262665	-0.999645	0.00454278	0.110941	-0.00743128	-0.993799
3.13333	0.995452	-0.0276432	0.0911625	-0.0284383	-0.999568	0.00743426	0.0909176	-0.00999295	-0.995808
3.16667	0.996918	-0.0354285	0.0699931	-0.0360147	-0.999326	0.00713128	0.0696933	-0.00963009	-0.997522
3.2	0.997682	-0.0471667	0.0490451	-0.0473276	-0.998877	0.00212395	0.0488899	-0.00444022	-0.998794
3.23333	0.997638	-0.0632317	0.0268354	-0.0631647	-0.997998	-0.00333853	0.0269927	0.00163559	-0.999634
3.26667	0.996823	-0.0795762	0.00348533	-0.0795548	-0.996813	-0.00590056	0.00394377	0.00560453	-0.999977
3.3	0.995189	-0.096426	-0.0173578	-0.0965512	-0.995307	-0.00652604	-0.016647	0.00817056	-0.999828
3.33333	0.992872	-0.113311	-0.036944	-0.113787	-0.993444	-0.0110316	-0.0354518	0.0151567	-0.999256
3.36667	0.990071	-0.127748	-0.0586505	-0.128752	-0.991583	-0.0136565	-0.0564123	0.0210723	-0.998185
3.4	0.986788	-0.141491	-0.0789303	-0.142906	-0.989657	-0.0125421	-0.0763393	0.023656	-0.996801
3.43333	0.982742	-0.156271	-0.098985	-0.158088	-0.987367	-0.0107399	-0.0960562	0.0262028	-0.995031
3.46667	0.977988	-0.172485	-0.117421	-0.17502	-0.984497	-0.0115487	-0.113609	0.0318455	-0.993015
3.5	0.972611	-0.188485	-0.136019	-0.191632	-0.981413	-0.0103088	-0.131548	0.036092	-0.990653
3.53333	0.966369	-0.206374	-0.153431	-0.209544	-0.977788	-0.00460881	-0.149072	0.0366045	-0.988149
3.56667	0.959619	-0.225688	-0.167916	-0.228325	-0.973578	0.00368769	-0.164312	0.0348008	-0.985794
3.6	0.952128	-0.246145	-0.181286	-0.248172	-0.968644	0.0117779	-0.1785	0.033776	-0.98336
3.63333	0.944683	-0.264873	-0.193433	-0.266701	-0.963629	0.0170157	-0.190904	0.0355142	-0.980966
3.66667	0.938842	-0.277009	-0.204554	-0.27935	-0.960022	0.0179399	-0.201346	0.0402994	-0.978691
3.7	0.934008	-0.284337	-0.216289	-0.287436	-0.957637	0.0176828	-0.212154	0.0456532	-0.976169
3.73333	0.92973	-0.287099	-0.230599	-0.29271	-0.956146	0.010263	-0.223433	0.0579567	-0.972995
3.76667	0.92619	-0.284906	-0.246983	-0.295417	-0.955351	-0.00577656	-0.23431	0.0783133	-0.969002
3.8	0.922934	-0.27829	-0.265985	-0.295255	-0.955085	-0.0252259	-0.247018	0.101815	-0.963647
3.83333	0.91241	-0.285689	-0.293068	-0.309715	-0.950066	-0.0380937	-0.267551	0.125525	-0.955332
3.86667	0.900887	-0.302867	-0.310925	-0.33165	-0.942425	-0.0429364	-0.280019	0.141799	-0.949464
3.9	0.898366	-0.307497	-0.313661	-0.336759	-0.940637	-0.0423711	-0.282012	0.143693	-0.948589
3.93333	0.898691	-0.298022	-0.321772	-0.332543	-0.941371	-0.0568845	-0.285954	0.158125	-0.945107
3.96667	0.896419	-0.293369	-0.332215	-0.332818	-0.940576	-0.0674514	-0.292685	0.171032	-0.940789
4	0.890809	-0.299297	-0.341879	-0.343778	-0.935938	-0.0763931	-0.297113	0.185582	-0.936634
4.03333	0.883747	-0.309651	-0.350868	-0.360657	-0.92844	-0.0890284	-0.298192	0.205221	-0.932183
4.06667	0.876266	-0.318027	-0.361961	-0.380697	-0.917455	-0.115527	-0.295342	0.23903	-0.925007
4.1	0.870369	-0.316067	-0.377571	-0.399707	-0.901322	-0.166893	-0.287564	0.296176	-0.910816
4.13333	0.867868	-0.30346	-0.393342	-0.418611	-0.873059	-0.250065	-0.267526	0.381681	-0.884731
4.16667	0.870964	-0.278875	-0.404537	-0.432448	-0.82594	-0.36168	-0.23326	0.489951	-0.839963
4.2	0.880573	-0.248287	-0.403665	-0.434575	-0.762818	-0.478804	-0.189042	0.597044	-0.779616
4.23333	0.895054	-0.229373	-0.382447	-0.422675	-0.709802	-0.563495	-0.142211	0.666009	-0.732262
4.26667	0.911525	-0.221239	-0.346664	-0.399975	-0.672933	-0.622239	-0.0956179	0.705843	-0.701885
4.3	0.927228	-0.221848	-0.301714	-0.370805	-0.656714	-0.656681	-0.0524567	0.72077	-0.691186
4.33333	0.939746	-0.229281	-0.253588	-0.341508	-0.663849	-0.66534	-0.0157944	0.711853	-0.702151
4.36667	0.949824	-0.238356	-0.202535	-0.312362	-0.6892	-0.653784	0.0162457	0.684244	-0.729072
4.4	0.956679	-0.248713	-0.151354	-0.2873	-0.722233	-0.629157	0.0471672	0.645385	-0.7624
4.43333	0.961626	-0.255597	-0.0997245	-0.263576	-0.759716	-0.59444	0.0761745	0.597914	-0.797932
4.46667	0.964888	-0.258217	-0.0481244	-0.241379	-0.799442	-0.550117	0.103577	0.542418	-0.8337
4.5	0.966325	-0.257288	0.00427054	-0.221331	-0.839514	-0.496215	0.131255	0.47856	-0.868189
4.53333	0.966055	-0.252304	0.0554973	-0.203601	-0.875826	-0.43758	0.159009	0.411427	-0.897465
4.56667	0.964207	-0.244277	0.103115	-0.188874	-0.905713	-0.379488	0.186092	0.34643	-0.919433
4.6	0.960833	-0.234607	0.14751	-0.177958	-0.930368	-0.32054	0.212439	0.281735	-0.935679
4.63333	0.955715	-0.22605	0.188443	-0.173076	-0.949604	-0.261336	0.238021	0.217148	-0.946675
4.66667	0.950496	-0.21735	0.222074	-0.172507	-0.96351	-0.204672	0.258456	0.156231	-0.953306
4.7	0.946734	-0.207333	0.24639	-0.174705	-0.973456	-0.147859	0.270506	0.0969374	-0.957825
4.73333	0.944505	-0.197865	0.262221	-0.178494	-0.979248	-0.0959885	0.275772	0.0438567	-0.960222
4.76667	0.945533	-0.188015	0.265742	-0.180318	-0.982163	-0.0533025	0.271023	0.00248133	-0.96257
4.8	0.950425	-0.173609	0.257979	-0.17149	-0.984702	-0.0308745	0.259392	-0.014897	-0.965657
4.83333	0.957565	-0.157498	0.241379	-0.153998	-0.987506	-0.0334218	0.243627	-0.00516839	-0.969855
4.86667	0.964973	-0.13739	0.223498	-0.131725	-0.990473	-0.0401349	0.226883	0.00928877	-0.973878
4.9	0.972426	-0.112292	0.204399	-0.0967005	-0.991698	-0.0847641	0.21222	0.0626614	-0.975211
4.93333	0.978319	-0.093452	0.184818	-0.0727276	-0.990594	-0.115909	0.193912	0.0999549	-0.975913
4.96667	0.983973	-0.0778242	0.160439	-0.0617016	-0.992751	-0.103138	0.167302	0.0915861	-0.981642
5	0.98901	-0.0565993	0.136589	-0.0458049	-0.995668	-0.0809185	0.140578	0.0737727	-0.987317
5.03333	0.992336	-0.041737	0.116304	-0.0326624	-0.99635	-0.0788675	0.119171	0.0744643	-0.990077
5.06667	0.99488	-0.0305082	0.0963508	-0.0223592	-0.996168	-0.0845511	0.0985611	0.0819639	-0.99175
5.1	0.997229	-0.0239629	0.070431	-0.0181559	-0.99647	-0.0819632	0.0721465	0.0804574	-0.994144
5.13333	0.998744	-0.0237409	0.0441185	-0.0199937	-0.996306	-0.0835153	0.0459382	0.0825283	-0.995529
5.16667	0.999432	-0.0287372	0.0175923	-0.0271238	-0.995931	-0.0859399	0.0199904	0.0854139	-0.996145
5.2	0.99913	-0.0401495	-0.011251	-0.0409826	-0.995312	-0.0875992	-0.00768117	0.0879841	-0.996092
5.23333	0.997764	-0.0541638	-0.0391617	-0.0575162	-0.994256	-0.090263	-0.0340478	0.0923136	-0.995148
5.26667	0.995345	-0.070751	-0.0654358	-0.0767035	-0.992666	-0.0934411	-0.0583448	0.0980253	-0.993472
5.3	0.991919	-0.0858947	-0.0933768	-0.0943637	-0.991423	-0.0904205	-0.0848093	0.0985012	-0.991516
5.33333	0.98748	-0.102963	-0.119504	-0.113436	-0.989953	-0.0844099	-0.109613	0.0969092	-0.989239
5.36667	0.982569	-0.11929	-0.142574	-0.131828	-0.987878	-0.0819672	-0.131068	0.0993338	-0.986384
5.4	0.977009	-0.134731	-0.165232	-0.149138	-0.985729	-0.0780806	-0.152354	0.100928	-0.983159
5.43333	0.971018	-0.150276	-0.185854	-0.165706	-0.98366	-0.0703948	-0.172238	0.0991516	-0.980053
5.46667	0.964181	-0.167801	-0.205421	-0.184297	-0.980794	-0.0638556	-0.190761	0.0994268	-0.976588
5.5	0.95748	-0.183742	-0.22242	-0.200904	-0.977953	-0.0569638	-0.20705	0.0992267	-0.973285
5.53333	0.950731	-0.199041	-0.237682	-0.215954	-0.975267	-0.0471046	-0.222428	0.0961121	-0.9702
5.56667	0.944084	-0.213168	-0.251525	-0.230284	-0.972287	-0.0403411	-0.235955	0.0960075	-0.96701
5.6	0.938026	-0.225083	-0.263523	-0.242713	-0.969433	-0.0359298	-0.24738	0.0976635	-0.963984
5.63333	0.931903	-0.236873	-0.274677	-0.254313	-0.966682	-0.0291744	-0.258614	0.0970415	-0.961094
5.66667	0.926466	-0.244061	-0.28652	-0.262454	-0.964566	-0.0270179	-0.269774	0.10023	-0.957693
5.7	0.921803	-0.246286	-0.29937	-0.267852	-0.962909	-0.03259	-0.280239	0.110229	-0.95358
5.73333	0.918602	-0.240416	-0.313642	-0.267109	-0.962642	-0.0444216	-0.291245	0.124582	-0.948502
5.76667	0.91402	-0.234511	-0.331016	-0.268534	-0.961375	-0.060397	-0.304067	0.144093	-0.94169
5.8	0.908608	-0.227626	-0.350167	-0.270703	-0.959438	-0.0787344	-0.318042	0.16633	-0.933372
5.83333	0.897318	-0.23234	-0.375285	-0.284832	-0.954323	-0.0902174	-0.337182	0.187847	-0.922508
5.86667	0.883648	-0.245987	-0.398316	-0.30879	-0.945756	-0.10097	-0.351873	0.212218	-0.911674
5.9	0.871106	-0.259366	-0.417018	-0.330006	-0.938014	-0.105946	-0.363691	0.229909	-0.902702
5.93333	0.862353	-0.261539	-0.433526	-0.344326	-0.930699	-0.123444	-0.371197	0.255726	-0.892646
5.96667	0.855808	-0.259774	-0.447336	-0.360002	-0.920083	-0.154423	-0.371471	0.293199	-0.880934
6	0.850208	-0.254395	-0.4609	-0.379736	-0.90272	-0.202229	-0.364618	0.346958	-0.864103
6.03333	0.845473	-0.236601	-0.478744	-0.404399	-0.869165	-0.284628	-0.348764	0.434249	-0.830537
6.06667	0.845586	-0.198602	-0.495522	-0.426298	-0.80993	-0.402844	-0.321333	0.551879	-0.769529
6.1	0.856393	-0.14631	-0.495162	-0.434359	-0.722635	-0.537709	-0.279149	0.675568	-0.68241
6.13333	0.875033	-0.111646	-0.471012	-0.425713	-0.640638	-0.639025	-0.230403	0.759683	-0.608108
6.16667	0.894652	-0.105049	-0.434238	-0.405675	-0.598175	-0.691096	-0.187151	0.79445	-0.577774
6.2	0.911201	-0.113609	-0.395986	-0.382058	-0.592582	-0.709139	-0.154089	0.797458	-0.583367
6.23333	0.924677	-0.126747	-0.359037	-0.358505	-0.607436	-0.708869	-0.128245	0.784191	-0.607122
6.26667	0.936821	-0.14224	-0.319584	-0.334671	-0.630294	-0.700517	-0.101791	0.763215	-0.638076
6.3	0.94672	-0.157315	-0.281022	-0.313178	-0.653187	-0.689396	-0.0751077	0.740675	-0.667652
6.33333	0.954985	-0.168963	-0.243834	-0.292667	-0.670907	-0.681344	-0.0484683	0.722035	-0.690156
6.36667	0.962124	-0.176062	-0.208134	-0.27153	-0.686896	-0.674126	-0.0242787	0.705107	-0.708685
6.4	0.968666	-0.180066	-0.17106	-0.248351	-0.709696	-0.659283	-0.00268638	0.681108	-0.732178
6.43333	0.974205	-0.182816	-0.132299	-0.225007	-0.742193	-0.631286	0.0172181	0.64477	-0.764183
6.46667	0.978561	-0.184372	-0.091787	-0.202594	-0.781517	-0.590074	0.0370598	0.596019	-0.802115
6.5	0.981829	-0.183069	-0.049981	-0.180805	-0.822428	-0.539372	0.0576365	0.538608	-0.840583
6.53333	0.984069	-0.177549	-0.00918574	-0.159739	-0.860313	-0.484091	0.0780472	0.477847	-0.874969
6.56667	0.985178	-0.168747	0.0307886	-0.139601	-0.893064	-0.427725	0.0996733	0.417088	-0.903384
6.6	0.984956	-0.157839	0.0703447	-0.121241	-0.921273	-0.369536	0.123134	0.355448	-0.92655
6.63333	0.983299	-0.145401	0.109457	-0.105316	-0.945098	-0.309351	0.148427	0.292657	-0.944627
6.66667	0.979955	-0.135441	0.146094	-0.0969602	-0.96488	-0.244142	0.17403	0.225083	-0.958672
6.7	0.975579	-0.132339	0.175307	-0.101487	-0.9794	-0.174576	0.194798	0.152521	-0.968912
6.73333	0.972396	-0.128729	0.194616	-0.107317	-0.987333	-0.116862	0.207195	0.0927505	-0.973893
6.76667	0.972171	-0.127295	0.196671	-0.113633	-0.990353	-0.0793031	0.204868	0.0547479	-0.977257
6.8	0.975833	-0.123323	0.180392	-0.110018	-0.990539	-0.0820285	0.188801	0.0601998	-0.980168
6.83333	0.980311	-0.115958	0.159822	-0.10515	-0.99166	-0.074531	0.167132	0.0562583	-0.984328
6.86667	0.984387	-0.0972498	0.146714	-0.0898417	-0.994363	-0.0563171	0.151364	0.0422567	-0.987574
6.9	0.98921	-0.0645505	0.131516	-0.056504	-0.996347	-0.0640255	0.135168	0.0559035	-0.989244
6.93333	0.991713	-0.0565444	0.115359	-0.0477636	-0.995847	-0.0775127	0.119263	0.0713604	-0.990295
6.96667	0.994766	-0.0397693	0.0941176	-0.0320377	-0.996094	-0.0822794	0.0970221	0.0788335	-0.992155
7	0.99712	-0.0218151	0.0726358	-0.0158152	-0.996492	-0.0821769	0.0741737	0.0807915	-0.993967
7.03333	0.99837	-0.00818668	0.0564757	-0.00359388	-0.996712	-0.0809505	0.0569527	0.0806156	-0.995117
7.06667	0.999208	0.000387427	0.0397998	0.00365667	-0.996617	-0.0821022	0.0396334	0.0821827	-0.995829
7.1	0.999862	0.00493509	0.015834	0.00633789	-0.995939	-0.0898043	0.0153265	0.0898923	-0.995834
7.13333	0.999888	0.00304212	-0.0146791	0.00180824	-0.996519	-0.08335	-0.0148815	0.0833141	-0.996412
7.16667	0.999062	-0.00538753	-0.0429608	-0.00860316	-0.997145	-0.0750206	-0.042434	0.0753198	-0.996256
7.2	0.997423	-0.0193487	-0.0690908	-0.0247789	-0.996596	-0.0786248	-0.0673344	0.0801341	-0.994507
7.23333	0.994816	-0.0373838	-0.0945743	-0.0457509	-0.995077	-0.0879086	-0.0908224	0.0917797	-0.991629
7.26667	0.991137	-0.0560968	-0.120421	-0.0678145	-0.993115	-0.0955223	-0.114233	0.102842	-0.988117
7.3	0.986534	-0.0727162	-0.146505	-0.0881393	-0.990904	-0.101687	-0.137778	0.11323	-0.98397
7.33333	0.981089	-0.0880175	-0.172386	-0.106937	-0.988841	-0.103717	-0.161334	0.12019	-0.979554
7.36667	0.975194	-0.102592	-0.196142	-0.124391	-0.986953	-0.102227	-0.183095	0.12409	-0.975232
7.4	0.968869	-0.116618	-0.218386	-0.141254	-0.984831	-0.100776	-0.203321	0.128487	-0.970645
7.43333	0.962226	-0.128291	-0.24013	-0.155281	-0.983096	-0.0970014	-0.223626	0.130625	-0.965882
7.46667	0.955558	-0.14698	-0.255548	-0.176851	-0.979345	-0.0980146	-0.235864	0.138853	-0.961815
7.5	0.948768	-0.161119	-0.271808	-0.19204	-0.977149	-0.0911109	-0.250917	0.138641	-0.958029
7.53333	0.942553	-0.174774	-0.284687	-0.206139	-0.974912	-0.0839797	-0.262868	0.137841	-0.954935
7.56667	0.936978	-0.187894	-0.294563	-0.219393	-0.972554	-0.0775018	-0.271916	0.137243	-0.952484
7.6	0.930689	-0.201801	-0.305115	-0.233313	-0.969864	-0.0702091	-0.281752	0.13653	-0.949724
7.63333	0.922962	-0.216693	-0.318097	-0.248166	-0.966764	-0.0614816	-0.294202	0.135686	-0.946063
7.66667	0.915162	-0.2298	-0.331167	-0.261597	-0.963653	-0.0542216	-0.30667	0.136254	-0.942013
7.7	0.907381	-0.239239	-0.345578	-0.273351	-0.960463	-0.0528212	-0.319278	0.142393	-0.936902
7.73333	0.900215	-0.241261	-0.3625	-0.282113	-0.957279	-0.063471	-0.331701	0.159404	-0.92982
7.76667	0.89124	-0.240839	-0.384302	-0.292393	-0.952867	-0.0809373	-0.346696	0.184502	-0.919653
7.8	0.875453	-0.25695	-0.409339	-0.318975	-0.943485	-0.0899497	-0.363092	0.209316	-0.907938
7.83333	0.857209	-0.288142	-0.42681	-0.356059	-0.930406	-0.0869897	-0.372041	0.226538	-0.900148
7.86667	0.850027	-0.30221	-0.431421	-0.375137	-0.922285	-0.09307	-0.369766	0.240954	-0.897337
7.9	0.846527	-0.301237	-0.438916	-0.389085	-0.912828	-0.123925	-0.363324	0.275682	-0.889941
7.93333	0.84463	-0.286552	-0.452205	-0.404846	-0.894575	-0.189301	-0.350286	0.342963	-0.871594
7.96667	0.84805	-0.253141	-0.465543	-0.420682	-0.85583	-0.300967	-0.322239	0.451081	-0.832279
8	0.858608	-0.205985	-0.469428	-0.432325	-0.783041	-0.447148	-0.275476	0.58687	-0.761378
8.03333	0.875318	-0.168571	-0.453214	-0.430745	-0.697714	-0.57241	-0.219722	0.69626	-0.683333
8.06667	0.893479	-0.150077	-0.423286	-0.416625	-0.628892	-0.656444	-0.167685	0.762871	-0.624428
8.1	0.909333	-0.145574	-0.38977	-0.396398	-0.587753	-0.705277	-0.126419	0.795836	-0.592168
8.13333	0.922187	-0.146412	-0.357959	-0.374859	-0.56608	-0.734189	-0.0951394	0.811244	-0.576916
8.16667	0.933126	-0.149891	-0.326816	-0.352643	-0.558842	-0.750559	-0.0701366	0.815615	-0.574328
8.2	0.942446	-0.155432	-0.296034	-0.330788	-0.562463	-0.757769	-0.0487271	0.812081	-0.581506
8.23333	0.950821	-0.164884	-0.262207	-0.308611	-0.576548	-0.756539	-0.0264334	0.800254	-0.599079
8.26667	0.957862	-0.179517	-0.224217	-0.287226	-0.595752	-0.750054	0.00106975	0.782849	-0.62221
8.3	0.963423	-0.195149	-0.183665	-0.266456	-0.624441	-0.734217	0.0285941	0.756301	-0.653599
8.33333	0.967856	-0.209523	-0.139123	-0.245255	-0.663709	-0.70664	0.0557203	0.718047	-0.693761
8.36667	0.971176	-0.220093	-0.0915172	-0.223504	-0.707408	-0.670537	0.0828405	0.671664	-0.73621
8.4	0.973396	-0.225604	-0.0400273	-0.201088	-0.7574	-0.621216	0.109832	0.612738	-0.782617
8.43333	0.973965	-0.226311	0.0132325	-0.180044	-0.807677	-0.561465	0.137753	0.544465	-0.827395
8.46667	0.972766	-0.222044	0.0664996	-0.160257	-0.851569	-0.499146	0.167461	0.474896	-0.863962
8.5	0.970206	-0.211636	0.117943	-0.141474	-0.890058	-0.433339	0.196686	0.403742	-0.89348
8.53333	0.966017	-0.196297	0.168163	-0.125287	-0.924646	-0.359629	0.226086	0.326339	-0.917817
8.56667	0.95995	-0.180648	0.214156	-0.117712	-0.953684	-0.276821	0.254244	0.240526	-0.936754
8.6	0.952746	-0.169967	0.251768	-0.125	-0.974752	-0.185023	0.276859	0.144809	-0.949936
8.63333	0.947989	-0.16017	0.275067	-0.137479	-0.985443	-0.100013	0.287082	0.0569951	-0.956209
8.66667	0.947964	-0.152838	0.279293	-0.152513	-0.988033	-0.0230318	0.27947	-0.0207624	-0.95993
8.7	0.952475	-0.151554	0.264239	-0.157389	-0.987536	0.000926771	0.260805	-0.0424711	-0.964457
8.73333	0.957748	-0.138485	0.252072	-0.148702	-0.988641	0.0218505	0.246183	-0.058411	-0.967462
8.76667	0.965404	-0.113401	0.234808	-0.118992	-0.992847	0.0097335	0.232025	-0.0373372	-0.971993
8.8	0.971247	-0.0977137	0.217095	-0.0930027	-0.995157	-0.0318374	0.219155	0.0107315	-0.975631
8.83333	0.976692	-0.092149	0.193859	-0.0859926	-0.995494	-0.0399544	0.196668	0.0223526	-0.980215
8.86667	0.982046	-0.0850498	0.168382	-0.0837647	-0.996377	-0.0147337	0.169025	0.000364679	-0.985612
8.9	0.986527	-0.0747515	0.145521	-0.076081	-0.997095	0.0035845	0.14483	-0.0146076	-0.989349
8.93333	0.989357	-0.0682174	0.128525	-0.0685443	-0.997646	-0.00188315	0.128351	-0.00694655	-0.991704
8.96667	0.992039	-0.064244	0.108311	-0.0641168	-0.997932	-0.00466051	0.108386	-0.00232111	-0.994106
9	0.994289	-0.0682133	0.0820789	-0.0685446	-0.997647	0.0012218	0.0818025	-0.00684088	-0.996625
9.03333	0.995045	-0.0827467	0.0551279	-0.083209	-0.996513	0.00613898	0.0544277	-0.0106957	-0.99846
9.06667	0.99394	-0.105439	0.031092	-0.105567	-0.994409	0.00249074	0.0306556	-0.00575793	-0.999513
9.1	0.991999	-0.126105	0.00598646	-0.126083	-0.992012	-0.00393466	0.00643482	0.00314839	-0.999974
9.13333	0.98934	-0.144371	-0.0190576	-0.144498	-0.98949	-0.00546749	-0.018068	0.008163	-0.999803
9.16667	0.986151	-0.159721	-0.0446719	-0.160062	-0.987098	-0.00414609	-0.0434333	0.011239	-0.998993
9.2	0.982336	-0.173775	-0.0694213	-0.174313	-0.984689	-0.0017216	-0.0680592	0.0137922	-0.997586
9.23333	0.977704	-0.188147	-0.0932476	-0.188531	-0.982056	0.00475007	-0.0924681	0.0129359	-0.995632
9.26667	0.972722	-0.201251	-0.115368	-0.201621	-0.979426	0.00857866	-0.114721	0.0149159	-0.993286
9.3	0.967428	-0.213507	-0.136003	-0.214103	-0.976756	0.0104075	-0.135064	0.01905	-0.990654
9.33333	0.961753	-0.226416	-0.154164	-0.227035	-0.973789	0.0138197	-0.153252	0.0217093	-0.987949
9.36667	0.955689	-0.240382	-0.169924	-0.241145	-0.97035	0.0164507	-0.16884	0.0252545	-0.98532
9.4	0.949236	-0.254761	-0.184521	-0.25615	-0.966493	0.0166806	-0.182587	0.031431	-0.982687
9.43333	0.942592	-0.268978	-0.197918	-0.270673	-0.962485	0.0189603	-0.195593	0.0356993	-0.980035
9.46667	0.936316	-0.281679	-0.209691	-0.283006	-0.95881	0.0242908	-0.207896	0.0365999	-0.977466
9.5	0.9304	-0.292222	-0.221275	-0.294046	-0.955453	0.0254167	-0.218845	0.0414172	-0.97488
9.53333	0.925268	-0.297782	-0.234957	-0.3017	-0.953194	0.0199638	-0.229904	0.0524146	-0.971801
9.56667	0.920149	-0.30048	-0.251074	-0.308312	-0.951247	0.00851381	-0.241391	0.0695751	-0.967931
9.6	0.916106	-0.296469	-0.269918	-0.310096	-0.950669	-0.00828772	-0.254146	0.0912931	-0.962848
9.63333	0.911408	-0.288831	-0.293107	-0.311601	-0.949635	-0.0331335	-0.268775	0.121531	-0.955505
9.66667	0.899208	-0.294741	-0.323347	-0.328676	-0.942864	-0.0545765	-0.288786	0.155352	-0.944705
9.7	0.879846	-0.323571	-0.3481	-0.365772	-0.928685	-0.0612689	-0.30345	0.181232	-0.935453
9.73333	0.874584	-0.332889	-0.352543	-0.378247	-0.923312	-0.0665112	-0.303367	0.191518	-0.933429
9.76667	0.873526	-0.325323	-0.362101	-0.381776	-0.919358	-0.0950097	-0.301991	0.221235	-0.927284
9.8	0.869038	-0.321019	-0.376457	-0.395313	-0.90809	-0.138205	-0.297491	0.268924	-0.916067
9.83333	0.861195	-0.318336	-0.396239	-0.424281	-0.8795	-0.215559	-0.279872	0.353755	-0.892485
9.86667	0.856184	-0.308204	-0.41468	-0.453025	-0.833728	-0.3157	-0.24843	0.458158	-0.853448
9.9	0.858973	-0.281736	-0.427539	-0.468084	-0.770503	-0.432693	-0.207515	0.571796	-0.793717
9.93333	0.874274	-0.242326	-0.420622	-0.459313	-0.693348	-0.555247	-0.157087	0.678635	-0.71748
9.96667	0.897659	-0.212692	-0.385967	-0.428458	-0.626144	-0.651436	-0.103116	0.750137	-0.653193
10	0.917917	-0.20329	-0.340737	-0.39229	-0.593712	-0.702577	-0.0594725	0.778575	-0.624727
10.0333	0.932614	-0.208667	-0.29443	-0.359678	-0.603874	-0.711314	-0.0293705	0.769282	-0.638234
10.0667	0.944025	-0.218797	-0.246869	-0.329868	-0.630471	-0.702633	-0.00191005	0.744738	-0.667355
10.1	0.953696	-0.227566	-0.196668	-0.299711	-0.664102	-0.68494	0.0252616	0.712168	-0.701555
10.1333	0.961772	-0.231642	-0.14607	-0.269024	-0.699482	-0.662081	0.0511923	0.676067	-0.735059
10.1667	0.967832	-0.233112	-0.0946601	-0.238938	-0.733745	-0.636024	0.0788088	0.638182	-0.765841
10.2	0.971835	-0.232111	-0.0407671	-0.209383	-0.771052	-0.601363	0.108149	0.592961	-0.797935
10.2333	0.973512	-0.228308	0.0122586	-0.181478	-0.804215	-0.565954	0.13907	0.548738	-0.824346
10.2667	0.972729	-0.22272	0.0647551	-0.156156	-0.835283	-0.527178	0.171502	0.50269	-0.847284
10.3	0.970276	-0.212891	0.115077	-0.133448	-0.867367	-0.479443	0.201883	0.449835	-0.869995
10.3333	0.966367	-0.196853	0.16548	-0.110431	-0.898773	-0.424278	0.232249	0.391734	-0.890284
10.3667	0.960867	-0.176092	0.213838	-0.0895492	-0.927956	-0.361773	0.262138	0.328466	-0.90741
10.4	0.955069	-0.155002	0.25262	-0.0792828	-0.954895	-0.286163	0.285582	0.253277	-0.92428
10.4333	0.947117	-0.141605	0.287954	-0.0794848	-0.972927	-0.217015	0.310888	0.18265	-0.932731
10.4667	0.940239	-0.133032	0.313454	-0.0884637	-0.98435	-0.152409	0.328824	0.115572	-0.937293
10.5	0.937053	-0.122298	0.327069	-0.0961199	-0.990816	-0.0951031	0.335696	0.0576789	-0.940203
10.5333	0.939577	-0.114459	0.322636	-0.104065	-0.993346	-0.0493424	0.326137	0.0127857	-0.945236
10.5667	0.946158	-0.104198	0.306478	-0.100631	-0.994545	-0.027462	0.307667	-0.00485795	-0.951482
10.6	0.953318	-0.0788597	0.291489	-0.0710519	-0.996775	-0.0372926	0.293489	0.0148409	-0.955847
10.6333	0.958824	-0.07583	0.27369	-0.0516334	-0.994179	-0.094564	0.279268	0.0765386	-0.957158
10.6667	0.96611	-0.0773269	0.246275	-0.0564433	-0.994271	-0.0907661	0.251883	0.0737895	-0.96494
10.7	0.975782	-0.0716093	0.20669	-0.0656633	-0.99721	-0.0354946	0.208655	0.0210631	-0.977762
10.7333	0.982412	-0.0783724	0.169481	-0.0793685	-0.996845	-0.000900371	0.169017	-0.012567	-0.985533
10.7667	0.985178	-0.101681	0.138149	-0.105391	-0.994234	0.0197847	0.13534	-0.034051	-0.990214
10.8	0.984939	-0.130446	0.113483	-0.135953	-0.989816	0.042198	0.106823	-0.0569909	-0.992643
10.8333	0.983081	-0.158374	0.0920306	-0.163711	-0.985049	0.0536299	0.0821611	-0.0677889	-0.994311
10.8667	0.981597	-0.17804	0.069053	-0.18151	-0.982232	0.0476963	0.0593342	-0.0593524	-0.996472
10.9	0.978593	-0.201465	0.042039	-0.203275	-0.978113	0.0444363	0.0321665	-0.0520306	-0.998127
10.9333	0.975494	-0.219612	0.013503	-0.219991	-0.974599	0.0419653	0.00394394	-0.0439074	-0.999028
10.9667	0.972212	-0.233528	-0.0163843	-0.232737	-0.97172	0.0399183	-0.025243	-0.0349958	-0.999069
11	0.967878	-0.247322	-0.0452159	-0.245564	-0.968509	0.0410896	-0.0539544	-0.0286663	-0.998132
11.0333	0.962487	-0.261283	-0.0731436	-0.258839	-0.965038	0.0412784	-0.0813718	-0.0207975	-0.996467
11.0667	0.956635	-0.273568	-0.100054	-0.270756	-0.961777	0.0409437	-0.107431	-0.0120778	-0.994139
