0	0.994579	0.00988242	0.103515	-0.00982167	0.999951	-0.00109662	-0.103521	7.39864e-05	0.994627
0.0333333	0.303498	0.72674	0.616229	-0.952829	0.229965	0.198072	0.00223546	-0.647275	0.762253
0.0666667	0.330449	0.93835	-0.101499	-0.595326	0.290674	0.749063	0.732387	-0.187102	0.654678
0.1	0.263666	0.739466	-0.619411	-0.292759	0.67319	0.679049	0.919115	0.0022964	0.393982
0.133333	0.215156	0.532017	-0.818942	-0.173143	0.846078	0.504156	0.961108	0.0333216	0.274154
0.166667	0.187381	0.397192	-0.898402	-0.1281	0.916673	0.378552	0.973899	0.0441519	0.222647
0.2	0.171007	0.312659	-0.934345	-0.110635	0.94841	0.297116	0.979038	0.0525622	0.196776
0.233333	0.16066	0.259331	-0.952332	-0.104086	0.963937	0.244931	0.981506	0.059774	0.181859
0.266667	0.155448	0.224656	-0.961959	-0.102074	0.972237	0.210562	0.982556	0.0654598	0.174064
0.3	0.151633	0.202218	-0.967531	-0.100741	0.976914	0.188391	0.98329	0.0689036	0.168504
0.333333	0.149367	0.187493	-0.970843	-0.0996284	0.979715	0.173878	0.98375	0.0707519	0.165017
0.366667	0.147525	0.178064	-0.972898	-0.0993278	0.981355	0.16455	0.984058	0.0723605	0.162461
0.4	0.146341	0.171611	-0.974235	-0.0991768	0.982421	0.158155	0.98425	0.0734768	0.160789
0.433333	0.145681	0.167162	-0.975107	-0.0984587	0.983179	0.153836	0.98442	0.0735968	0.159689
0.466667	0.145689	0.164122	-0.975622	-0.0983004	0.983665	0.150796	0.984435	0.0739347	0.159443
0.5	0.145455	0.162138	-0.975989	-0.0975092	0.984027	0.148941	0.984548	0.0735038	0.158941
0.533333	0.145123	0.160942	-0.976236	-0.0970867	0.984236	0.147828	0.984639	0.0733263	0.158461
0.566667	0.145267	0.16024	-0.97633	-0.0962317	0.984407	0.147248	0.984701	0.0725636	0.158422
0.6	0.14567	0.159714	-0.976356	-0.0959529	0.984511	0.146733	0.984669	0.0723096	0.158739
0.633333	0.145775	0.159079	-0.976444	-0.0969097	0.984537	0.145929	0.98456	0.0733541	0.158937
0.666667	0.145985	0.158335	-0.976534	-0.0981059	0.98456	0.144971	0.98441	0.0746402	0.159264
0.7	0.146432	0.157455	-0.976609	-0.0999158	0.984556	0.143755	0.984162	0.0765282	0.159903
0.733333	0.146049	0.156089	-0.976886	-0.101743	0.984608	0.142112	0.984031	0.0786359	0.159682
0.766667	0.146268	0.154508	-0.977104	-0.104182	0.98464	0.140104	0.983744	0.081304	0.160118
0.8	0.145768	0.153226	-0.977381	-0.10501	0.984749	0.138719	0.98373	0.082414	0.159635
0.833333	0.14593	0.152062	-0.977539	-0.105906	0.984839	0.137388	0.98361	0.0834778	0.159822
0.866667	0.146071	0.151353	-0.977628	-0.105851	0.984945	0.13667	0.983595	0.0835189	0.159893
0.9	0.146437	0.151046	-0.97762	-0.105584	0.985015	0.136373	0.983569	0.0832508	0.160191
0.933333	0.14654	0.151289	-0.977567	-0.105257	0.98501	0.136662	0.983589	0.0828698	0.160268
0.966667	0.146627	0.15158	-0.977509	-0.104537	0.98503	0.137066	0.983653	0.0820887	0.160278
1	0.147539	0.151894	-0.977323	-0.103872	0.985052	0.137415	0.983587	0.0812426	0.161111
1.03333	0.147968	0.152775	-0.977121	-0.10257	0.985039	0.13848	0.983659	0.079733	0.161424
1.06667	0.149166	0.153694	-0.976795	-0.101814	0.984983	0.139435	0.983557	0.0786527	0.162574
1.1	0.150479	0.155048	-0.976379	-0.101774	0.984807	0.1407	0.983361	0.0781978	0.163973
1.13333	0.152234	0.156198	-0.975924	-0.101113	0.984713	0.141832	0.983159	0.0770867	0.1657
1.16667	0.153552	0.157379	-0.975527	-0.101841	0.984499	0.142796	0.982879	0.0774217	0.1672
1.2	0.154441	0.15875	-0.975165	-0.101799	0.984311	0.144117	0.982744	0.0770134	0.168178
1.23333	0.155202	0.160236	-0.974801	-0.100742	0.984181	0.145739	0.982733	0.0755844	0.168889
1.26667	0.155143	0.162473	-0.97444	-0.0982531	0.98403	0.148429	0.982994	0.072714	0.168629
1.3	0.156593	0.165818	-0.973644	-0.0979669	0.983552	0.151749	0.982792	0.0716221	0.170262
1.33333	0.156602	0.168374	-0.973204	-0.0972395	0.983203	0.154456	0.982863	0.0704456	0.170344
1.36667	0.156619	0.170475	-0.972835	-0.0969518	0.982888	0.156628	0.982889	0.0697873	0.170467
1.4	0.156675	0.172445	-0.972479	-0.0959092	0.982642	0.158796	0.982982	0.0683902	0.170495
1.43333	0.156818	0.175239	-0.971956	-0.0940223	0.982312	0.161936	0.983142	0.0659911	0.170521
1.46667	0.157051	0.178659	-0.971296	-0.091067	0.98193	0.16589	0.983383	0.0623998	0.170484
1.5	0.157173	0.182188	-0.97062	-0.0900843	0.981383	0.169621	0.983454	0.0607779	0.170659
1.53333	0.157228	0.185084	-0.970064	-0.0911214	0.980809	0.172366	0.98335	0.0612929	0.171075
1.56667	0.156217	0.187785	-0.969708	-0.0919213	0.980264	0.175021	0.983436	0.0617954	0.170396
1.6	0.154138	0.190534	-0.969504	-0.0918386	0.979745	0.177946	0.983772	0.0616096	0.168514
1.63333	0.151278	0.193217	-0.969424	-0.0901252	0.979322	0.181126	0.984374	0.0599691	0.165564
1.66667	0.147228	0.196334	-0.969421	-0.0871302	0.978866	0.185014	0.985257	0.0572265	0.161223
1.7	0.143684	0.200261	-0.969149	-0.0843407	0.978226	0.189632	0.986023	0.0544917	0.157446
1.73333	0.138856	0.206736	-0.968493	-0.0812058	0.977051	0.19692	0.986977	0.0513037	0.152458
1.76667	0.13327	0.214637	-0.967559	-0.0794861	0.975437	0.205436	0.987887	0.049529	0.147057
1.8	0.129369	0.222259	-0.966367	-0.079676	0.973735	0.213287	0.98839	0.0494034	0.14368
1.83333	0.126974	0.227272	-0.965518	-0.08113	0.972515	0.21825	0.988583	0.0506204	0.141923
1.86667	0.125723	0.229822	-0.965078	-0.0824301	0.971853	0.220697	0.988635	0.0518049	0.141128
1.9	0.124158	0.2313	-0.964928	-0.0836601	0.97143	0.222094	0.988729	0.0531512	0.139961
1.93333	0.120931	0.233103	-0.964903	-0.0864711	0.970816	0.223694	0.988887	0.0563847	0.137558
1.96667	0.114965	0.234647	-0.965258	-0.0923468	0.970018	0.224805	0.989068	0.0632939	0.133187
2	0.102892	0.233489	-0.9669	-0.103044	0.969331	0.223111	0.989341	0.0766766	0.123796
2.03333	0.0848489	0.227865	-0.969989	-0.120702	0.968681	0.216999	0.989056	0.0986678	0.109695
2.06667	0.0546883	0.208299	-0.976535	-0.149978	0.968617	0.198211	0.987176	0.135619	0.0842122
2.1	0.019099	0.171587	-0.984984	-0.195153	0.966854	0.164645	0.980587	0.189078	0.0519517
2.13333	-0.0255152	0.108447	-0.993775	-0.255328	0.96042	0.111363	0.966518	0.25658	0.00318434
2.16667	-0.0767784	0.00225604	-0.997046	-0.333936	0.942184	0.027847	0.939464	0.335087	-0.0715861
2.2	-0.127174	-0.162457	-0.978486	-0.434053	0.896139	-0.0923718	0.891866	0.412967	-0.18448
2.23333	-0.163994	-0.393328	-0.904654	-0.558627	0.792881	-0.243464	0.813044	0.465438	-0.349752
2.26667	-0.166015	-0.640734	-0.749599	-0.67704	0.626736	-0.385769	0.716977	0.443466	-0.53785
2.3	-0.143079	-0.825493	-0.545976	-0.760321	0.444835	-0.473322	0.633594	0.347395	-0.691286
2.33333	-0.116425	-0.922638	-0.367675	-0.802191	0.305625	-0.512916	0.585607	0.23523	-0.775714
2.36667	-0.0963665	-0.964315	-0.246595	-0.817597	0.217986	-0.532933	0.56767	0.150259	-0.809428
2.4	-0.080746	-0.979422	-0.184966	-0.813434	0.171997	-0.555645	0.576025	0.105592	-0.810584
2.43333	-0.0710869	-0.984774	-0.158638	-0.793696	0.152172	-0.588974	0.604147	0.0840423	-0.792429
2.46667	-0.071073	-0.984328	-0.161389	-0.764012	0.157741	-0.625623	0.641276	0.0788379	-0.76325
2.5	-0.0878729	-0.976887	-0.194857	-0.723552	0.197043	-0.661549	0.684654	0.0828571	-0.724143
2.53333	-0.101157	-0.963735	-0.246947	-0.671867	0.249242	-0.697477	0.733732	0.0953608	-0.672714
2.56667	-0.110327	-0.942322	-0.316003	-0.602605	0.31626	-0.732699	0.790377	0.109588	-0.60274
2.6	-0.142122	-0.898472	-0.415391	-0.512652	0.425796	-0.745577	0.846752	0.106988	-0.521118
2.63333	-0.135246	-0.843799	-0.519338	-0.411911	0.524595	-0.74507	0.901131	0.113154	-0.41852
2.66667	-0.100167	-0.781935	-0.615259	-0.3045	0.61279	-0.729224	0.947231	0.114302	-0.299481
2.7	-0.0784065	-0.699186	-0.710628	-0.201047	0.709266	-0.675664	0.976439	0.0898934	-0.196181
2.73333	-0.0800624	-0.596648	-0.798499	-0.135967	0.80012	-0.584227	0.987473	0.0617949	-0.145184
2.76667	-0.139141	-0.471509	-0.870815	-0.0949778	0.881669	-0.462211	0.985707	0.0183957	-0.167459
2.8	-0.14238	-0.378627	-0.914532	-0.0870374	0.925155	-0.369475	0.985978	0.0269928	-0.164678
2.83333	-0.105748	-0.293395	-0.950125	-0.101092	0.953704	-0.283249	0.989241	0.0660969	-0.130512
2.86667	-0.0705515	-0.215524	-0.973947	-0.118575	0.971269	-0.206342	0.990435	0.100928	-0.0940802
2.9	-0.0374898	-0.141628	-0.98921	-0.122329	0.983111	-0.136118	0.991781	0.115906	-0.0541818
2.93333	0.000304018	-0.0692438	-0.9976	-0.114568	0.991029	-0.0688226	0.993415	0.114314	-0.00763181
2.96667	0.0363672	-0.00386762	-0.999331	-0.112255	0.993648	-0.00793074	0.993014	0.112468	0.0357021
3	0.0684661	0.0531199	-0.996238	-0.111372	0.992747	0.0452797	0.991417	0.107853	0.0738856
3.03333	0.0932951	0.101765	-0.990424	-0.109211	0.989806	0.0914141	0.989631	0.0996372	0.103458
3.06667	0.114569	0.141374	-0.983304	-0.111379	0.985409	0.1287	0.987152	0.0947741	0.128643
3.1	0.133547	0.173683	-0.975705	-0.114361	0.980647	0.15891	0.984422	0.090361	0.150825
3.13333	0.150622	0.200853	-0.967973	-0.118537	0.975749	0.184021	0.981459	0.0870226	0.170778
3.16667	0.166213	0.224781	-0.960129	-0.122239	0.970859	0.206132	0.978484	0.0831032	0.188846
3.2	0.17985	0.24561	-0.952539	-0.123854	0.966276	0.225767	0.975866	0.0773711	0.204205
3.23333	0.190007	0.264113	-0.94559	-0.123226	0.961935	0.243918	0.974019	0.070175	0.21532
3.26667	0.199593	0.280563	-0.938854	-0.119227	0.957968	0.260928	0.972598	0.059857	0.224655
3.3	0.209515	0.293632	-0.932675	-0.119317	0.954395	0.273667	0.970498	0.0539461	0.234996
3.33333	0.217622	0.304297	-0.927386	-0.122868	0.95114	0.28326	0.968269	0.0523025	0.244377
3.36667	0.22488	0.313281	-0.922651	-0.126253	0.94829	0.291214	0.966172	0.0509989	0.252804
3.4	0.232526	0.321746	-0.91783	-0.126329	0.945693	0.299509	0.964351	0.0463051	0.260544
3.43333	0.240965	0.327873	-0.913474	-0.127406	0.943749	0.305132	0.962135	0.0428557	0.269184
3.46667	0.248672	0.332301	-0.909801	-0.130164	0.942252	0.308576	0.959802	0.0416892	0.277566
3.5	0.255518	0.336914	-0.906201	-0.133844	0.940617	0.31197	0.957495	0.0415756	0.285439
3.53333	0.262695	0.342191	-0.902162	-0.134748	0.938848	0.31687	0.955424	0.0383241	0.29274
3.56667	0.269668	0.348075	-0.897843	-0.132771	0.93692	0.323346	0.953756	0.0320114	0.298872
3.6	0.276164	0.354674	-0.893275	-0.129772	0.934668	0.330989	0.952309	0.0245149	0.304149
3.63333	0.282445	0.361941	-0.888382	-0.126802	0.93205	0.339418	0.950866	0.0167818	0.309148
3.66667	0.28859	0.370035	-0.883057	-0.124247	0.928973	0.348671	0.949357	0.00909447	0.314068
3.7	0.292773	0.379448	-0.877669	-0.119253	0.925213	0.360222	0.948716	-0.000798657	0.316128
3.73333	0.296585	0.38717	-0.873004	-0.113737	0.921948	0.370237	0.948209	-0.0105138	0.317472
3.76667	0.298464	0.392971	-0.869766	-0.110136	0.919395	0.377601	0.948045	-0.016908	0.317687
3.8	0.295416	0.396498	-0.869206	-0.104905	0.917773	0.382999	0.949592	-0.0219599	0.312719
3.83333	0.281267	0.397104	-0.873612	-0.0993428	0.917521	0.385079	0.954474	-0.0215228	0.297518
3.86667	0.243348	0.392041	-0.887179	-0.0995449	0.919939	0.379213	0.964817	-0.00396655	0.262891
3.9	0.183656	0.363205	-0.913429	-0.0993754	0.931334	0.350344	0.977954	0.0264294	0.207139
3.93333	0.112427	0.310275	-0.943975	-0.098285	0.948812	0.300159	0.988787	0.0590326	0.137167
3.96667	0.043227	0.242824	-0.969107	-0.104419	0.965799	0.237338	0.993594	0.0909338	0.067104
4	-0.0226435	0.168952	-0.985364	-0.128566	0.976941	0.170462	0.991442	0.130544	-0.000399884
4.03333	-0.0906101	0.0879601	-0.991994	-0.16759	0.98054	0.102252	0.981684	0.175514	-0.0741055
4.06667	-0.170072	-0.00843997	-0.985395	-0.22069	0.97489	0.0297396	0.960402	0.222525	-0.167664
4.1	-0.264207	-0.136292	-0.954788	-0.305185	0.950911	-0.0512891	0.914908	0.277836	-0.292831
4.13333	-0.361754	-0.305297	-0.880867	-0.427212	0.894101	-0.134436	0.828628	0.327684	-0.453871
4.16667	-0.428573	-0.498917	-0.753264	-0.57106	0.795647	-0.202082	0.700154	0.343552	-0.625904
4.2	-0.427238	-0.688793	-0.585689	-0.723987	0.648652	-0.23472	0.541582	0.32375	-0.775806
4.23333	-0.369565	-0.825842	-0.425918	-0.835956	0.495626	-0.235652	0.405708	0.26896	-0.873534
4.26667	-0.309328	-0.898874	-0.31039	-0.889244	0.389078	-0.240549	0.33699	0.201603	-0.919671
4.3	-0.252931	-0.939521	-0.230925	-0.909622	0.312237	-0.274037	0.329567	0.140742	-0.933583
4.33333	-0.205742	-0.963424	-0.171709	-0.914849	0.251651	-0.315791	0.347451	0.0921166	-0.933162
4.36667	-0.167579	-0.977498	-0.128124	-0.910599	0.203276	-0.359845	0.377792	0.0563674	-0.924173
4.4	-0.13797	-0.985456	-0.099202	-0.898133	0.166705	-0.406899	0.417518	0.0329569	-0.908071
4.43333	-0.121975	-0.988885	-0.0850168	-0.876922	0.147492	-0.457442	0.464897	0.0187566	-0.885166
4.46667	-0.115953	-0.989155	-0.0901527	-0.844787	0.14595	-0.514814	0.522388	0.0164656	-0.852549
4.5	-0.124461	-0.984478	-0.123746	-0.79538	0.173551	-0.580733	0.593195	0.0261461	-0.804634
4.53333	-0.137115	-0.9734	-0.183552	-0.732318	0.224392	-0.642929	0.667015	0.0462629	-0.743606
4.56667	-0.146166	-0.953303	-0.26429	-0.657683	0.29321	-0.693888	0.738978	0.0723957	-0.669828
4.6	-0.154951	-0.919261	-0.36187	-0.562513	0.383214	-0.732615	0.812138	0.090037	-0.576476
4.63333	-0.161767	-0.865276	-0.474477	-0.455245	0.492025	-0.742067	0.875547	0.0959611	-0.473506
4.66667	-0.131395	-0.805404	-0.577979	-0.345079	0.58373	-0.734969	0.929331	0.102877	-0.354627
4.7	-0.112144	-0.730976	-0.673125	-0.244745	0.676849	-0.694245	0.96308	0.0868884	-0.254807
4.73333	-0.104535	-0.638698	-0.762323	-0.170712	0.76667	-0.61893	0.97976	0.0654376	-0.189177
4.76667	-0.0577723	-0.542481	-0.838079	-0.121308	0.837075	-0.533469	0.990932	0.0708458	-0.114167
4.8	-0.0470985	-0.437008	-0.898223	-0.0941382	0.897161	-0.431555	0.994444	0.0642315	-0.0833941
4.83333	-0.129024	-0.322233	-0.937827	-0.0886768	0.945692	-0.312735	0.987669	0.0428131	-0.150592
4.86667	-0.133582	-0.235091	-0.96275	-0.102221	0.969544	-0.222566	0.985752	0.0686829	-0.153544
4.9	-0.0908718	-0.166214	-0.981894	-0.133442	0.979114	-0.153394	0.986882	0.117087	-0.111154
4.93333	-0.0598622	-0.113244	-0.991762	-0.166292	0.980792	-0.101954	0.984258	0.158819	-0.077544
4.96667	-0.0290451	-0.0634147	-0.997565	-0.174169	0.98304	-0.0574203	0.984287	0.172077	-0.0395973
5	0.00300005	-0.0135786	-0.999903	-0.163462	0.986452	-0.0138864	0.986545	0.163488	0.000739813
5.03333	0.0416894	0.0311508	-0.998645	-0.161731	0.986542	0.0240217	0.985954	0.160511	0.0461664
5.06667	0.0744464	0.0706141	-0.994722	-0.165059	0.984604	0.0575425	0.98347	0.159904	0.0849557
5.1	0.0995822	0.10686	-0.989275	-0.161687	0.982741	0.0898787	0.981805	0.151003	0.115141
5.13333	0.118233	0.138604	-0.983265	-0.157185	0.980338	0.119291	0.980466	0.14045	0.137694
5.16667	0.131897	0.165129	-0.977413	-0.152823	0.977626	0.144542	0.979412	0.130306	0.154181
5.2	0.146544	0.187905	-0.971193	-0.14892	0.974794	0.166131	0.97793	0.120284	0.170834
5.23333	0.162669	0.206944	-0.964735	-0.147717	0.971846	0.183562	0.97556	0.112648	0.188659
5.26667	0.174641	0.22371	-0.958882	-0.144773	0.969098	0.199726	0.973931	0.103939	0.201632
5.3	0.187544	0.238107	-0.95296	-0.140788	0.966673	0.213826	0.972114	0.0940638	0.214816
5.33333	0.200056	0.248886	-0.947646	-0.134549	0.965014	0.225043	0.970502	0.0824838	0.226544
5.36667	0.211484	0.257068	-0.942969	-0.132708	0.963409	0.232877	0.96833	0.0758896	0.237861
5.4	0.221289	0.263459	-0.938946	-0.132084	0.962041	0.23881	0.966222	0.0711742	0.247688
5.43333	0.229729	0.268729	-0.935419	-0.128807	0.961065	0.244463	0.964693	0.0643284	0.255399
5.46667	0.235907	0.27303	-0.932632	-0.126286	0.960195	0.249155	0.963535	0.059001	0.260996
5.5	0.24143	0.27609	-0.930315	-0.124448	0.959567	0.252476	0.962405	0.0548203	0.266027
5.53333	0.244527	0.278728	-0.928718	-0.120951	0.959082	0.255995	0.962069	0.0497317	0.268234
5.56667	0.245318	0.280709	-0.927913	-0.118888	0.958647	0.258575	0.962125	0.0468844	0.268546
5.6	0.244376	0.28132	-0.927976	-0.117843	0.958514	0.259545	0.962493	0.045929	0.267389
5.63333	0.241293	0.281912	-0.928603	-0.112888	0.958534	0.261665	0.963864	0.0416899	0.263112
5.66667	0.235862	0.28085	-0.930319	-0.108038	0.958972	0.262109	0.965762	0.0386883	0.256527
5.7	0.225135	0.277266	-0.934044	-0.10414	0.960011	0.259873	0.968746	0.0387648	0.245006
5.73333	0.21092	0.269978	-0.939481	-0.0989912	0.962061	0.254243	0.972478	0.0393756	0.229643
5.76667	0.195354	0.26038	-0.945537	-0.0932284	0.964677	0.246389	0.976292	0.0400179	0.212728
5.8	0.175776	0.247253	-0.952874	-0.0876879	0.968029	0.23501	0.980517	0.0422465	0.191837
5.83333	0.144651	0.231795	-0.96195	-0.0887684	0.971294	0.220698	0.985493	0.0534665	0.161075
5.86667	0.0998544	0.207828	-0.973055	-0.0928136	0.975625	0.198852	0.990664	0.0704565	0.11671
5.9	0.0335573	0.171541	-0.984605	-0.10038	0.980757	0.16745	0.994383	0.0932158	0.050131
5.93333	-0.0522205	0.120232	-0.991371	-0.114369	0.985474	0.125541	0.992065	0.119938	-0.0377112
5.96667	-0.1542	0.0559779	-0.986453	-0.139634	0.987139	0.0778441	0.978123	0.149746	-0.1444
6	-0.26364	-0.0187074	-0.96444	-0.18753	0.98173	0.0322206	0.946217	0.189356	-0.262332
6.03333	-0.369804	-0.111518	-0.922393	-0.272857	0.96203	-0.00691689	0.888141	0.249124	-0.38619
6.06667	-0.453029	-0.233969	-0.860246	-0.399565	0.915889	-0.0386812	0.796939	0.3262	-0.50841
6.1	-0.505494	-0.381122	-0.774094	-0.549078	0.834144	-0.0521312	0.665574	0.398686	-0.63092
6.13333	-0.503331	-0.543008	-0.672161	-0.695364	0.716315	-0.0579716	0.512958	0.438218	-0.738132
6.16667	-0.461477	-0.683136	-0.566007	-0.806616	0.588706	-0.0528819	0.369337	0.432146	-0.822703
6.2	-0.419188	-0.767201	-0.485473	-0.861392	0.505028	-0.0543239	0.286855	0.39541	-0.872562
6.23333	-0.365333	-0.827451	-0.426447	-0.895079	0.438075	-0.0832081	0.255667	0.351306	-0.900677
6.26667	-0.313842	-0.871436	-0.376964	-0.915885	0.382525	-0.121772	0.250314	0.307039	-0.918188
6.3	-0.276596	-0.90182	-0.331986	-0.926404	0.342068	-0.157369	0.25548	0.264026	-0.930065
6.33333	-0.243139	-0.925637	-0.289963	-0.930756	0.306797	-0.198919	0.273086	0.22152	-0.936137
6.36667	-0.21725	-0.942193	-0.255098	-0.925779	0.281726	-0.252119	0.309412	0.181391	-0.933467
6.4	-0.2061	-0.950765	-0.231448	-0.911996	0.272364	-0.306726	0.354663	0.147863	-0.923229
6.43333	-0.199837	-0.954199	-0.222642	-0.892378	0.271076	-0.360804	0.404631	0.126579	-0.905677
6.46667	-0.194679	-0.95264	-0.233618	-0.862836	0.279598	-0.421117	0.466492	0.119591	-0.876404
6.5	-0.200914	-0.942818	-0.265948	-0.820985	0.310167	-0.479354	0.534432	0.122031	-0.836356
6.53333	-0.205373	-0.92574	-0.317533	-0.76853	0.353432	-0.533336	0.605957	0.134501	-0.784045
6.56667	-0.206567	-0.897857	-0.388822	-0.696596	0.414016	-0.585956	0.687083	0.149813	-0.710966
6.6	-0.201035	-0.85222	-0.483017	-0.599605	0.496975	-0.627288	0.774635	0.163512	-0.610905
6.63333	-0.18973	-0.782161	-0.593487	-0.479483	0.601297	-0.639169	0.856795	0.163297	-0.489118
6.66667	-0.150719	-0.691866	-0.70612	-0.34935	0.705468	-0.61666	0.924791	0.15374	-0.34803
6.7	-0.0919054	-0.57526	-0.812791	-0.206703	0.809488	-0.549549	0.974078	0.1175	-0.193304
6.73333	-0.0484727	-0.43445	-0.899391	-0.0751232	0.899484	-0.430447	0.995995	0.0467002	-0.0762377
6.76667	-0.000620786	-0.291165	-0.956673	-0.0139715	0.956582	-0.291128	0.999902	0.0131854	-0.00466183
6.8	0.00935907	-0.158787	-0.987269	-0.0201722	0.987081	-0.158948	0.999753	0.0214029	0.00603509
6.83333	-0.0326851	-0.0565086	-0.997867	-0.0659341	0.996347	-0.0542629	0.997289	0.0640199	-0.0362915
6.86667	-0.0465114	0.0189409	-0.998738	-0.0638335	0.99772	0.0218944	0.996876	0.0647713	-0.0451963
6.9	-0.0180207	0.0728404	-0.997181	-0.0590221	0.995526	0.0737861	0.998094	0.0601853	-0.0136409
6.93333	0.0185382	0.111178	-0.993628	-0.0687452	0.991588	0.109667	0.997462	0.0662741	0.0260252
6.96667	0.0498687	0.138314	-0.989132	-0.076215	0.988004	0.134313	0.995844	0.0686887	0.059812
7	0.0833164	0.156792	-0.984111	-0.0881224	0.984835	0.149447	0.992619	0.0742708	0.0958698
7.03333	0.111233	0.172853	-0.978647	-0.0941939	0.982158	0.162767	0.98932	0.0740775	0.12553
7.06667	0.130354	0.188633	-0.973358	-0.0952648	0.979575	0.17708	0.98688	0.0696436	0.145662
7.1	0.147968	0.202941	-0.967946	-0.101909	0.976639	0.189185	0.983728	0.0706494	0.165193
7.13333	0.165835	0.218151	-0.961722	-0.101215	0.97384	0.203447	0.980946	0.0636018	0.183577
7.16667	0.177999	0.233902	-0.955828	-0.0920813	0.971036	0.220476	0.979713	0.0487695	0.194381
7.2	0.188685	0.242169	-0.95171	-0.0898072	0.969312	0.228843	0.977923	0.0422912	0.204643
7.23333	0.193001	0.246823	-0.949647	-0.0896659	0.968231	0.23343	0.977093	0.0400988	0.209001
7.26667	0.200218	0.247697	-0.947924	-0.0941019	0.967903	0.233041	0.975222	0.0425424	0.2171
7.3	0.206599	0.246022	-0.94699	-0.0990535	0.968158	0.229911	0.973399	0.0463033	0.22439
7.33333	0.21346	0.244577	-0.945842	-0.102696	0.96841	0.227236	0.971539	0.0486278	0.231834
7.36667	0.218966	0.245258	-0.944406	-0.102458	0.968323	0.227713	0.970338	0.0469009	0.237159
7.4	0.224494	0.245967	-0.942922	-0.100277	0.968315	0.228717	0.969302	0.0432081	0.242045
7.43333	0.229216	0.245539	-0.941897	-0.0980759	0.968562	0.228623	0.968422	0.0399733	0.246091
7.46667	0.228946	0.24895	-0.941067	-0.093542	0.967897	0.23329	0.968934	0.0346184	0.244883
7.5	0.230039	0.252066	-0.939971	-0.0920344	0.96718	0.236839	0.96882	0.0320274	0.245688
7.53333	0.228175	0.256173	-0.939314	-0.0907274	0.966161	0.241455	0.969384	0.0301275	0.243696
7.56667	0.224359	0.257426	-0.939891	-0.0894149	0.965848	0.243191	0.970396	0.0294782	0.239714
7.6	0.216702	0.258563	-0.941374	-0.0877787	0.965543	0.244995	0.972283	0.0295418	0.231931
7.63333	0.207599	0.259146	-0.943264	-0.0841807	0.965427	0.246708	0.974585	0.0281884	0.222236
7.66667	0.196488	0.25903	-0.945672	-0.0801211	0.96549	0.247811	0.977227	0.0270766	0.21046
7.7	0.183653	0.255696	-0.949153	-0.0744136	0.966422	0.24595	0.98017	0.0254604	0.196514
7.73333	0.168319	0.246952	-0.954297	-0.0697487	0.968667	0.238368	0.983262	0.0264392	0.18027
7.76667	0.147301	0.234128	-0.960982	-0.065862	0.971746	0.226655	0.986896	0.0299057	0.15856
7.8	0.108545	0.21655	-0.970219	-0.0680988	0.975312	0.210068	0.991756	0.0432688	0.120612
7.83333	0.0416908	0.188925	-0.981106	-0.0730669	0.979907	0.185589	0.996455	0.0639491	0.0546573
7.86667	-0.0560971	0.141886	-0.988292	-0.0808009	0.985959	0.146137	0.99515	0.0880528	-0.043845
7.9	-0.178645	0.0709135	-0.981355	-0.113698	0.98923	0.09218	0.977322	0.128046	-0.168658
7.93333	-0.314325	-0.0324879	-0.948759	-0.193627	0.980599	0.0305708	0.929359	0.193315	-0.314518
7.96667	-0.434477	-0.167496	-0.884972	-0.311169	0.94997	-0.0270295	0.845224	0.263632	-0.46486
8	-0.509597	-0.337619	-0.791406	-0.469296	0.879999	-0.0732276	0.72116	0.334087	-0.606889
8.03333	-0.523749	-0.518353	-0.676016	-0.630257	0.769674	-0.101871	0.573117	0.372709	-0.729811
8.06667	-0.500895	-0.655392	-0.565301	-0.742382	0.661106	-0.108664	0.444941	0.365241	-0.817696
8.1	-0.478646	-0.737431	-0.476543	-0.803573	0.586631	-0.100669	0.353791	0.334753	-0.873368
8.13333	-0.448964	-0.799469	-0.399099	-0.852341	0.517243	-0.077297	0.268228	0.305465	-0.913644
8.16667	-0.407101	-0.84797	-0.339436	-0.888394	0.453939	-0.0685282	0.212193	0.273654	-0.93813
8.2	-0.361504	-0.887407	-0.286048	-0.915121	0.396446	-0.073378	0.178519	0.235242	-0.955402
8.23333	-0.296444	-0.926009	-0.233728	-0.937398	0.328952	-0.114348	0.182772	0.185198	-0.965555
8.26667	-0.241875	-0.951243	-0.191396	-0.94458	0.275957	-0.17781	0.221958	0.137781	-0.965273
8.3	-0.200291	-0.966899	-0.158084	-0.943962	0.233653	-0.233116	0.262336	0.102535	-0.959514
8.33333	-0.164458	-0.977693	-0.130653	-0.938242	0.195929	-0.285157	0.304395	0.0756877	-0.949534
8.36667	-0.142288	-0.983323	-0.113268	-0.926345	0.172609	-0.3348	0.348768	0.057287	-0.935457
8.4	-0.131139	-0.985695	-0.105864	-0.903763	0.162757	-0.395882	0.407449	0.0437604	-0.912179
8.43333	-0.127649	-0.985034	-0.115814	-0.869045	0.167356	-0.465566	0.477981	0.0412191	-0.877402
8.46667	-0.134374	-0.980355	-0.144386	-0.818525	0.191938	-0.541457	0.558534	0.0454264	-0.828237
8.5	-0.145575	-0.97003	-0.194549	-0.75072	0.236384	-0.616881	0.644382	0.0562496	-0.762632
8.53333	-0.158198	-0.949639	-0.270481	-0.655673	0.305849	-0.690326	0.738286	0.068139	-0.671037
8.56667	-0.167881	-0.907569	-0.384882	-0.528004	0.412482	-0.742341	0.832483	0.0785946	-0.548448
8.6	-0.162282	-0.837659	-0.521528	-0.365437	0.541972	-0.756784	0.916581	0.067773	-0.394064
8.63333	-0.115168	-0.754674	-0.645913	-0.196989	0.654677	-0.72979	0.973618	0.0431894	-0.22406
8.66667	-0.0711956	-0.657062	-0.750467	-0.092313	0.753487	-0.650949	0.993182	0.0229331	-0.1143
8.7	-0.0730999	-0.545307	-0.835043	-0.0875303	0.83756	-0.539288	0.993476	0.0336696	-0.108956
8.73333	-0.137415	-0.425716	-0.894362	-0.0887227	0.904588	-0.416951	0.986532	0.0220549	-0.162074
8.76667	-0.132174	-0.335776	-0.932622	-0.0854886	0.941233	-0.326761	0.987533	0.0365392	-0.153112
8.8	-0.0869869	-0.25601	-0.962752	-0.118866	0.962179	-0.245118	0.989093	0.0931165	-0.114128
8.83333	-0.0413466	-0.178138	-0.983136	-0.134167	0.976056	-0.171213	0.990096	0.124825	-0.0642569
8.86667	-0.00417369	-0.103028	-0.99467	-0.129369	0.986375	-0.101626	0.991588	0.128256	-0.0174455
8.9	0.0356368	-0.0327098	-0.998829	-0.124827	0.991491	-0.0369232	0.991538	0.125997	0.0312505
8.93333	0.0716875	0.0270535	-0.99706	-0.133441	0.990906	0.0172922	0.988461	0.131809	0.0746456
8.96667	0.10497	0.0772738	-0.991469	-0.148753	0.98698	0.061175	0.983287	0.141062	0.115098
9	0.130385	0.121912	-0.98394	-0.15519	0.982688	0.101192	0.979242	0.139504	0.147047
9.03333	0.151095	0.160549	-0.975394	-0.155171	0.978342	0.136997	0.976264	0.130653	0.172735
9.06667	0.169176	0.193202	-0.966464	-0.155164	0.973591	0.167466	0.973295	0.121629	0.194686
9.1	0.182813	0.220163	-0.958179	-0.154523	0.968925	0.19315	0.970928	0.112751	0.211152
9.13333	0.19566	0.244105	-0.949805	-0.151555	0.964416	0.21664	0.96889	0.101559	0.225693
9.16667	0.209085	0.264411	-0.941472	-0.14895	0.960129	0.236571	0.966487	0.0907686	0.240133
9.2	0.221104	0.281647	-0.933696	-0.142491	0.956446	0.254767	0.964785	0.0767136	0.251606
9.23333	0.232462	0.295185	-0.926729	-0.133548	0.953494	0.270211	0.963393	0.060949	0.261073
9.26667	0.240398	0.306083	-0.921152	-0.124705	0.950857	0.283408	0.96263	0.0467418	0.266754
9.3	0.245925	0.31589	-0.91637	-0.118531	0.94811	0.295021	0.962014	0.0360654	0.270607
9.33333	0.24564	0.323449	-0.913806	-0.110721	0.945882	0.305039	0.963017	0.0262483	0.268159
9.36667	0.243588	0.328733	-0.912469	-0.104587	0.944224	0.312254	0.964223	0.0193716	0.264383
9.4	0.238361	0.331118	-0.912987	-0.100682	0.943443	0.315878	0.965944	0.0166283	0.258218
9.43333	0.229951	0.331807	-0.914892	-0.0964487	0.943225	0.317842	0.968411	0.0151522	0.248898
9.46667	0.221661	0.331205	-0.917153	-0.0928233	0.943446	0.318266	0.970696	0.0145859	0.239869
9.5	0.208903	0.33049	-0.9204	-0.0816159	0.943774	0.320359	0.974525	0.00819524	0.224131
9.53333	0.196537	0.328787	-0.923727	-0.0700951	0.944403	0.321232	0.977988	0.00161491	0.208656
9.56667	0.183244	0.326187	-0.927375	-0.0565363	0.945283	0.321315	0.98144	-0.0064486	0.191659
9.6	0.170494	0.32269	-0.931022	-0.0402192	0.946348	0.320637	0.984537	-0.0172218	0.174325
9.63333	0.156611	0.318292	-0.934967	-0.0268565	0.947671	0.318118	0.987295	-0.0247109	0.156964
9.66667	0.132213	0.317815	-0.93889	-0.0172607	0.947799	0.3184	0.991071	-0.0258907	0.130797
9.7	0.0852005	0.311907	-0.946285	-0.0196844	0.95008	0.311386	0.996169	-0.00790315	0.087087
9.73333	0.0117561	0.287539	-0.957697	-0.0241358	0.957566	0.287203	0.99964	0.0197383	0.0181972
9.76667	-0.0850566	0.240483	-0.966919	-0.0300188	0.969377	0.243735	0.995924	0.049757	-0.0752329
9.8	-0.198412	0.177551	-0.963903	-0.0493696	0.980396	0.190751	0.978874	0.0854349	-0.185757
9.83333	-0.322143	0.0933722	-0.942075	-0.101702	0.985952	0.132498	0.941212	0.138494	-0.308121
9.86667	-0.434787	-0.0179652	-0.900354	-0.186447	0.979933	0.0704835	0.881021	0.198514	-0.429412
9.9	-0.520964	-0.194465	-0.831132	-0.334851	0.942212	-0.0105653	0.785156	0.272801	-0.555975
9.93333	-0.532351	-0.449978	-0.717023	-0.554125	0.825568	-0.106689	0.639959	0.340524	-0.688836
9.96667	-0.459681	-0.696229	-0.551324	-0.751602	0.635679	-0.176087	0.473062	0.333433	-0.815497
10	-0.381755	-0.836324	-0.393479	-0.854516	0.481604	-0.194576	0.35223	0.261954	-0.898507
10.0333	-0.31225	-0.908703	-0.277055	-0.897597	0.377722	-0.227255	0.311158	0.177724	-0.933593
10.0667	-0.256731	-0.946394	-0.196029	-0.917318	0.302473	-0.258918	0.304332	0.113349	-0.945798
10.1	-0.211462	-0.967874	-0.13603	-0.924399	0.243255	-0.293792	0.317444	0.0636198	-0.946141
10.1333	-0.169687	-0.981179	-0.0921678	-0.922241	0.191066	-0.336103	0.347387	0.0279687	-0.937304
10.1667	-0.143098	-0.987802	-0.061408	-0.90986	0.155715	-0.384587	0.389458	0.000839094	-0.921044
10.2	-0.125049	-0.991348	-0.0398943	-0.894209	0.130033	-0.428347	0.429829	-0.0178904	-0.902733
10.2333	-0.112815	-0.993054	-0.0334116	-0.872186	0.115081	-0.475445	0.475988	-0.0244964	-0.879111
10.2667	-0.110004	-0.99276	-0.0482439	-0.837738	0.118729	-0.533009	0.534877	-0.0182173	-0.844733
10.3	-0.113579	-0.990069	-0.0828418	-0.791505	0.140567	-0.594778	0.600517	-0.00198494	-0.79961
10.3333	-0.115564	-0.984543	-0.131605	-0.729239	0.174054	-0.661752	0.67443	0.0194964	-0.738081
10.3667	-0.126319	-0.972327	-0.196528	-0.655128	0.230534	-0.719487	0.744883	0.0378658	-0.66612
10.4	-0.151492	-0.945368	-0.288669	-0.569409	0.322179	-0.75629	0.807975	0.0497989	-0.587108
10.4333	-0.132995	-0.915597	-0.379467	-0.4721	0.395165	-0.788014	0.871455	0.0743441	-0.484808
10.4667	-0.0974266	-0.880148	-0.464594	-0.350129	0.467285	-0.811822	0.931621	0.083575	-0.353692
10.5	-0.0854826	-0.827456	-0.554985	-0.224832	0.558677	-0.79833	0.970641	0.0565351	-0.233796
10.5333	-0.069881	-0.768628	-0.635867	-0.160441	0.637787	-0.753317	0.984569	0.0493763	-0.167888
10.5667	-0.194295	-0.683124	-0.703983	-0.173137	0.730274	-0.660851	0.965543	-0.00651471	-0.260162
10.6	-0.181975	-0.633505	-0.752035	-0.174703	0.773467	-0.609285	0.967659	0.0205077	-0.251427
10.6333	-0.138391	-0.58	-0.802775	-0.2122	0.809115	-0.548	0.967377	0.094511	-0.23505
10.6667	-0.103486	-0.533497	-0.839447	-0.245999	0.831487	-0.498111	0.96373	0.154956	-0.217287
10.7	-0.0633959	-0.472525	-0.879034	-0.235268	0.863057	-0.446969	0.969861	0.178473	-0.165884
10.7333	-0.0157782	-0.397518	-0.917459	-0.212374	0.897969	-0.385421	0.977061	0.188763	-0.0985906
10.7667	0.0270077	-0.320159	-0.946979	-0.198619	0.926718	-0.318974	0.979705	0.196702	-0.0385611
10.8	0.0561911	-0.241945	-0.968661	-0.180413	0.951763	-0.24819	0.981985	0.188705	0.00983062
10.8333	0.0729234	-0.1665	-0.983341	-0.157874	0.971608	-0.176221	0.984763	0.168094	0.044567
10.8667	0.0936166	-0.0961519	-0.990954	-0.152463	0.982201	-0.109706	0.983865	0.161355	0.0772907
10.9	0.11447	-0.034279	-0.992835	-0.155507	0.986466	-0.0519885	0.98118	0.160344	0.10759
10.9333	0.134946	0.0209803	-0.990631	-0.156894	0.987615	-0.000456081	0.978353	0.155485	0.136567
10.9667	0.15548	0.0751121	-0.984979	-0.156314	0.986413	0.0505472	0.975393	0.146107	0.165108
11	0.174313	0.125507	-0.976659	-0.149606	0.983705	0.0997106	0.973259	0.128733	0.19025
11.0333	0.187414	0.173959	-0.966754	-0.137934	0.979103	0.149441	0.972548	0.105341	0.207493
11.0667	0.200357	0.216759	-0.955444	-0.129028	0.972562	0.193585	0.971189	0.0844932	0.222827
