0	1	0	0	0	1	0	0	0	1
0.0333333	0.962899	0.235542	0.131699	-0.247485	0.965333	0.0829681	-0.107591	-0.112483	0.987812
0.0666667	0.987011	0.145724	0.0676327	-0.14907	0.987692	0.0473657	-0.059898	-0.0568325	0.996585
0.1	0.993796	0.0964192	0.0554419	-0.0981736	0.994722	0.0298368	-0.0522725	-0.0350947	0.998016
0.133333	0.995936	0.0732624	0.0523803	-0.0745395	0.996956	0.0228559	-0.0505463	-0.0266674	0.998366
0.166667	0.99668	0.0633475	0.0511539	-0.0644227	0.997729	0.0196492	-0.049793	-0.0228794	0.998497
0.2	0.997001	0.0583955	0.0507901	-0.0593588	0.99808	0.0176678	-0.0496609	-0.0206297	0.998553
0.233333	0.997151	0.0557667	0.0507951	-0.0566835	0.998251	0.0167895	-0.0497699	-0.0196209	0.998568
0.266667	0.997266	0.0541963	0.0502378	-0.0550504	0.998359	0.015775	-0.0493004	-0.0184974	0.998613
0.3	0.997355	0.0532006	0.0495225	-0.0539795	0.998436	0.0145249	-0.0486723	-0.0171597	0.998667
0.333333	0.997412	0.0527801	0.0488307	-0.0535012	0.998475	0.0135792	-0.0480395	-0.0161566	0.998715
0.366667	0.997415	0.0526632	0.0488816	-0.0533247	0.998501	0.0123267	-0.0481592	-0.0149015	0.998729
0.4	0.997427	0.0522322	0.0491026	-0.0527884	0.998555	0.0100982	-0.0485042	-0.0126643	0.998743
0.433333	0.99742	0.0522005	0.0492815	-0.0526823	0.998575	0.00852785	-0.0487661	-0.0111021	0.998749
0.466667	0.997395	0.0522653	0.0497062	-0.0527085	0.998581	0.00764715	-0.0492359	-0.0102472	0.998735
0.5	0.997356	0.0521846	0.050577	-0.0526133	0.998589	0.0071797	-0.0501309	-0.00982173	0.998694
0.533333	0.997292	0.0524492	0.0515602	-0.0529158	0.998569	0.00772559	-0.0510812	-0.010433	0.99864
0.566667	0.997231	0.0527982	0.052365	-0.0533391	0.998536	0.00898479	-0.0518139	-0.011753	0.998588
0.6	0.997204	0.0527407	0.0529479	-0.0533501	0.998524	0.0101615	-0.0523338	-0.0129579	0.998546
0.633333	0.997178	0.0529695	0.0532022	-0.0536188	0.998503	0.0108519	-0.0525477	-0.013674	0.998525
0.666667	0.99722	0.0526468	0.0527228	-0.0532946	0.998519	0.010956	-0.0520679	-0.0137353	0.998549
0.7	0.997261	0.0521613	0.0524431	-0.0527629	0.998555	0.0101509	-0.0518378	-0.0128901	0.998572
0.733333	0.997303	0.051476	0.0523182	-0.052009	0.998607	0.00887576	-0.0517884	-0.0115728	0.998591
0.766667	0.997319	0.0511462	0.0523342	-0.0516589	0.998629	0.00848973	-0.0518282	-0.0111705	0.998594
0.8	0.997303	0.0512941	0.0524894	-0.0518349	0.998615	0.00899332	-0.0519554	-0.0116898	0.998581
0.833333	0.997301	0.0512466	0.0525783	-0.0518336	0.998607	0.00986077	-0.0519998	-0.0125595	0.998568
0.866667	0.99729	0.0518687	0.052175	-0.052498	0.998563	0.0107627	-0.0515418	-0.0134726	0.99858
0.9	0.997277	0.0523561	0.0519445	-0.0530125	0.998529	0.0113388	-0.0512745	-0.0140616	0.998586
0.933333	0.997256	0.0523873	0.052306	-0.0530813	0.998518	0.0119666	-0.0516017	-0.0147102	0.998559
0.966667	0.997211	0.0526493	0.0529025	-0.0533662	0.9985	0.0122315	-0.0521792	-0.0150206	0.998525
1	0.997194	0.0528567	0.0530127	-0.0535635	0.998492	0.012002	-0.0522984	-0.0148079	0.998522
1.03333	0.997128	0.053821	0.0532882	-0.0545391	0.998438	0.0121145	-0.052553	-0.014986	0.998506
1.06667	0.997053	0.0547843	0.0537037	-0.0555538	0.998372	0.0129399	-0.0529074	-0.0158852	0.998473
1.1	0.996962	0.0558679	0.0542779	-0.0566999	0.998294	0.0139103	-0.0534081	-0.0169456	0.998429
1.13333	0.996856	0.0568004	0.0552412	-0.0577194	0.998217	0.0151854	-0.0542802	-0.0183262	0.998358
1.16667	0.996748	0.0576956	0.0562472	-0.0587217	0.998134	0.0167628	-0.0551751	-0.0200112	0.998276
1.2	0.996659	0.0583254	0.0571763	-0.0594363	0.998071	0.0179246	-0.0560205	-0.0212631	0.998203
1.23333	0.996614	0.0585015	0.0577848	-0.0596866	0.998036	0.0189989	-0.0565599	-0.0223836	0.998148
1.26667	0.996571	0.0589944	0.0580142	-0.0602087	0.997997	0.0194099	-0.0567529	-0.0228363	0.998127
1.3	0.996563	0.0593609	0.0577726	-0.0605248	0.997993	0.0186082	-0.0565521	-0.0220409	0.998156
1.33333	0.996564	0.0597123	0.0574008	-0.0608123	0.997994	0.0176098	-0.0562342	-0.0210399	0.998196
1.36667	0.996542	0.0602097	0.0572534	-0.0612293	0.997992	0.0162234	-0.0561616	-0.0196729	0.998228
1.4	0.996569	0.0605531	0.0564216	-0.0615212	0.997984	0.0155799	-0.0553645	-0.0189975	0.998285
1.43333	0.99655	0.0620496	0.055114	-0.0629802	0.997897	0.0153088	-0.0540482	-0.018727	0.998363
1.46667	0.996513	0.0637995	0.0537697	-0.0647205	0.997782	0.0155625	-0.0526576	-0.0189882	0.998432
1.5	0.996411	0.0656573	0.0534302	-0.0665247	0.997678	0.0146191	-0.0523462	-0.018121	0.998465
1.53333	0.996271	0.0677149	0.0534714	-0.0685506	0.99755	0.0139505	-0.0523958	-0.017564	0.998472
1.56667	0.996157	0.0693602	0.0534745	-0.0701533	0.99745	0.013097	-0.0524297	-0.0167981	0.998483
1.6	0.996015	0.0714614	0.0533654	-0.0722684	0.997296	0.0133455	-0.0522674	-0.017149	0.998486
1.63333	0.995896	0.0732168	0.0531966	-0.0741066	0.997138	0.014948	-0.0519499	-0.0188288	0.998472
1.66667	0.995886	0.0746463	0.0513744	-0.0756302	0.996983	0.0174796	-0.0499146	-0.0212932	0.998526
1.7	0.995869	0.0776737	0.0470378	-0.0786911	0.996695	0.0201756	-0.0453153	-0.0237937	0.998689
1.73333	0.995882	0.0807716	0.0411742	-0.0817212	0.996414	0.0219231	-0.0392558	-0.0251976	0.998911
1.76667	0.995871	0.0835656	0.0354697	-0.084405	0.996169	0.0228642	-0.0334232	-0.0257636	0.999109
1.8	0.995833	0.0853	0.0322515	-0.086054	0.99603	0.0227625	-0.0301819	-0.025443	0.999221
1.83333	0.995778	0.0866527	0.0303018	-0.0873113	0.995957	0.0211292	-0.0283484	-0.0236857	0.999317
1.86667	0.995622	0.0888164	0.0291383	-0.0894194	0.995791	0.020087	-0.0272316	-0.0226046	0.999374
1.9	0.995319	0.0924111	0.0283014	-0.0930005	0.99546	0.0202675	-0.0263	-0.0228046	0.999394
1.93333	0.995042	0.0955034	0.0277536	-0.0961155	0.995135	0.0216276	-0.025553	-0.0241879	0.999381
1.96667	0.99481	0.0977675	0.0281887	-0.0984576	0.994846	0.0242276	-0.0256747	-0.0268773	0.999309
2	0.994761	0.0980365	0.028988	-0.098757	0.994808	0.0245632	-0.0264294	-0.0272973	0.999278
2.03333	0.994865	0.0966043	0.0302002	-0.0973318	0.994972	0.0236231	-0.0277662	-0.0264412	0.999265
2.06667	0.995431	0.0905205	0.030392	-0.0910802	0.995689	0.0175636	-0.0286711	-0.0202515	0.999384
2.1	0.996096	0.0828071	0.0305766	-0.0831985	0.996464	0.011756	-0.029495	-0.014254	0.999463
2.13333	0.996804	0.0732019	0.0319989	-0.0734007	0.99729	0.00508024	-0.0315403	-0.00741275	0.999475
2.16667	0.997446	0.0629455	0.0337543	-0.0629744	0.998015	-0.000208569	-0.0337004	-0.00191762	0.99943
2.2	0.998066	0.0508336	0.0357782	-0.050615	0.998694	-0.00698887	-0.0360868	0.00516443	0.999335
2.23333	0.998432	0.0404796	0.0386544	-0.0400592	0.99913	-0.0115885	-0.0390898	0.0100219	0.999185
2.26667	0.998448	0.0355698	0.0428464	-0.0351345	0.999323	-0.0108705	-0.0432041	0.00934824	0.999023
2.3	0.998322	0.0347152	0.046339	-0.0344919	0.999389	-0.00561022	-0.0465055	0.00400248	0.99891
2.33333	0.99817	0.0357683	0.0487659	-0.0358421	0.999357	0.00064088	-0.0487116	-0.00238758	0.99881
2.36667	0.998095	0.0345074	0.0511352	-0.0347637	0.999387	0.00413024	-0.0509614	-0.00590003	0.998683
2.4	0.998113	0.0308396	0.053105	-0.0312607	0.999486	0.00711643	-0.0528582	-0.00876309	0.998564
2.43333	0.998174	0.0251333	0.0549224	-0.0256799	0.999627	0.00926982	-0.0546689	-0.0106633	0.998448
2.46667	0.99821	0.0174056	0.0572203	-0.018116	0.999765	0.0119195	-0.0569994	-0.0129348	0.99829
2.5	0.998191	0.0102792	0.0592445	-0.0111303	0.999839	0.014054	-0.0590905	-0.014688	0.998145
2.53333	0.998207	0.00314649	0.059781	-0.00416309	0.999849	0.0168885	-0.0597188	-0.0171071	0.998069
2.56667	0.998182	-0.00264813	0.0602189	0.00135741	0.999769	0.0214645	-0.0602618	-0.0213438	0.997954
2.6	0.998147	-0.0075341	0.0603823	0.00595454	0.999636	0.0262968	-0.0605585	-0.0258885	0.997829
2.63333	0.998135	-0.0129045	0.0596599	0.0110711	0.999459	0.0309598	-0.0600271	-0.0302415	0.997739
2.66667	0.998219	-0.0154562	0.0576141	0.0135355	0.999344	0.0335793	-0.0580954	-0.0327396	0.997774
2.7	0.99848	-0.016665	0.0525413	0.014868	0.999297	0.0344086	-0.0530778	-0.0335751	0.998026
2.73333	0.998792	-0.0214212	0.0442176	0.0201252	0.999361	0.0295489	-0.0448223	-0.0286233	0.998585
2.76667	0.998904	-0.0311821	0.0349041	0.0304264	0.999295	0.0219744	-0.0355647	-0.0208883	0.999149
2.8	0.998174	-0.0546645	0.0257059	0.0540818	0.998275	0.0228418	-0.0269102	-0.0214099	0.999409
2.83333	0.996418	-0.0826417	0.0179516	0.0822704	0.996399	0.0205238	-0.0195831	-0.0189733	0.999628
2.86667	0.995009	-0.0980988	0.0182893	0.0979514	0.995152	0.00878904	-0.0190628	-0.00695371	0.999794
2.9	0.993879	-0.108359	0.0214928	0.108617	0.99402	-0.0112375	-0.0201466	0.0135032	0.999706
2.93333	0.992256	-0.122471	0.0207117	0.123033	0.991994	-0.0284779	-0.0170582	0.0308056	0.99938
2.96667	0.991404	-0.129961	0.0151109	0.130343	0.991076	-0.027904	-0.0113496	0.0296338	0.999496
3	0.990268	-0.138942	0.00804691	0.139108	0.989929	-0.0262511	-0.00431849	0.027115	0.999623
3.03333	0.989252	-0.146127	0.00519723	0.146207	0.989013	-0.0218569	-0.00194624	0.0223819	0.999748
3.06667	0.988517	-0.151016	0.00523213	0.151085	0.988369	-0.0173212	-0.00255549	0.0179128	0.999836
3.1	0.988428	-0.151521	0.00724071	0.151596	0.988378	-0.0112604	-0.00545038	0.0122277	0.99991
3.13333	0.989098	-0.146861	0.0107926	0.146922	0.989135	-0.00514016	-0.00992047	0.0066698	0.999929
3.16667	0.990363	-0.137617	0.0155575	0.137581	0.990485	0.00335285	-0.0158709	-0.00118012	0.999873
3.2	0.991984	-0.124677	0.0205778	0.124324	0.992085	0.0176138	-0.022611	-0.0149143	0.999633
3.23333	0.993845	-0.107169	0.028066	0.10624	0.993801	0.0327433	-0.0314011	-0.02956	0.99907
3.26667	0.995325	-0.0899574	0.0351505	0.0883326	0.995059	0.0453281	-0.0390544	-0.0420113	0.998354
3.3	0.996632	-0.0720111	0.0392235	0.0700347	0.996309	0.0496249	-0.0426523	-0.0467107	0.997997
3.33333	0.997604	-0.0532998	0.0441151	0.0510442	0.997405	0.0507672	-0.0467066	-0.0483937	0.997736
3.36667	0.998048	-0.0375935	0.0498606	0.0351251	0.998157	0.0494909	-0.0516292	-0.047643	0.997529
3.4	0.998282	-0.0217704	0.0543978	0.0190068	0.998527	0.0508154	-0.055424	-0.0496942	0.997225
3.43333	0.998303	-0.00483409	0.058031	0.00182456	0.998656	0.0518022	-0.0582034	-0.0516084	0.99697
3.46667	0.997904	0.0132608	0.0633348	-0.0167646	0.998339	0.0551134	-0.0624987	-0.0560597	0.996469
3.5	0.997071	0.0306264	0.0700866	-0.0346024	0.997818	0.0562372	-0.0682114	-0.0584976	0.995954
3.53333	0.995777	0.0484408	0.0779802	-0.052975	0.996958	0.0571675	-0.0749738	-0.0610571	0.995315
3.56667	0.994069	0.0666842	0.0859061	-0.0717657	0.995764	0.0574851	-0.0817089	-0.0633093	0.994643
3.6	0.991913	0.0852057	0.0940702	-0.0908269	0.994224	0.0571785	-0.0886549	-0.0652602	0.993922
3.63333	0.989498	0.102318	0.102101	-0.108356	0.992565	0.0554386	-0.0956695	-0.0659196	0.993228
3.66667	0.987598	0.114635	0.107278	-0.120692	0.991339	0.0517639	-0.100415	-0.0640695	0.992881
3.7	0.986225	0.123014	0.110577	-0.128893	0.990513	0.0476598	-0.103665	-0.0612558	0.992724
3.73333	0.985145	0.129923	0.11229	-0.135834	0.989632	0.0466668	-0.105063	-0.0612263	0.992579
3.76667	0.984765	0.134735	0.109926	-0.141173	0.988564	0.0530174	-0.101526	-0.0677282	0.992525
3.8	0.985207	0.136542	0.10355	-0.143372	0.987747	0.0616408	-0.0938646	-0.0755752	0.992712
3.83333	0.982277	0.156874	0.102579	-0.164075	0.984241	0.0659496	-0.0906165	-0.0816114	0.992536
3.86667	0.976398	0.192789	0.0973659	-0.199228	0.978032	0.0613329	-0.0834026	-0.0792833	0.993357
3.9	0.974156	0.206781	0.0908926	-0.212332	0.975577	0.0562545	-0.0770404	-0.0741	0.994271
3.93333	0.973635	0.206442	0.0970426	-0.213092	0.974937	0.0639533	-0.0814078	-0.0829461	0.993223
3.96667	0.973009	0.205489	0.105013	-0.21351	0.974299	0.071793	-0.087561	-0.0922764	0.991876
4	0.97133	0.213216	0.105155	-0.221205	0.972628	0.0711601	-0.0871037	-0.0923806	0.991907
4.03333	0.969396	0.223976	0.100526	-0.231158	0.970643	0.0664716	-0.0826864	-0.0876746	0.992712
4.06667	0.967748	0.232745	0.0963997	-0.239216	0.968987	0.0619729	-0.0789861	-0.0830345	0.993412
4.1	0.966806	0.236994	0.0954967	-0.243114	0.968238	0.0584055	-0.0786217	-0.0796834	0.993715
4.13333	0.966204	0.239762	0.0946784	-0.245364	0.968002	0.0526155	-0.0790337	-0.074068	0.994117
4.16667	0.966711	0.237669	0.0947748	-0.242666	0.969062	0.0450698	-0.0811309	-0.0665682	0.994478
4.2	0.968163	0.230655	0.0972574	-0.23514	0.971244	0.0373495	-0.0858458	-0.0590296	0.994558
4.23333	0.971044	0.218041	0.09763	-0.221906	0.97459	0.0305179	-0.0884951	-0.0512989	0.994755
4.26667	0.974616	0.20205	0.0964376	-0.205402	0.97833	0.0260892	-0.0890764	-0.0452354	0.994997
4.3	0.978452	0.182285	0.0969685	-0.185325	0.982402	0.02325	-0.0910239	-0.0407197	0.995016
4.33333	0.982091	0.161296	0.0973719	-0.163913	0.986283	0.0194524	-0.0928986	-0.0350646	0.995058
4.36667	0.985675	0.138927	0.095621	-0.140542	0.990021	0.0103311	-0.0932315	-0.0236218	0.995364
4.4	0.98848	0.119065	0.0934345	-0.119652	0.992816	0.000680809	-0.0926822	-0.0118526	0.995625
4.43333	0.990775	0.0994392	0.0920677	-0.0990477	0.995044	-0.00882286	-0.0924887	-0.000377628	0.995714
4.46667	0.992653	0.0808078	0.0900556	-0.0795032	0.996672	-0.0179871	-0.0912095	0.0106953	0.995774
4.5	0.994212	0.0633815	0.0867502	-0.0614257	0.997798	-0.0250345	-0.0881458	0.0195609	0.995915
4.53333	0.99537	0.0471853	0.0837362	-0.0450221	0.998606	-0.0275376	-0.0849189	0.0236401	0.996107
4.56667	0.996104	0.0321009	0.0821343	-0.0302204	0.999254	-0.0240374	-0.0828447	0.0214616	0.996331
4.6	0.996587	0.0183916	0.0804774	-0.0170541	0.999705	-0.0172762	-0.0807714	0.0158448	0.996607
4.63333	0.996938	0.00619719	0.0779499	-0.00560281	0.999954	-0.00784165	-0.0779949	0.0073809	0.996926
4.66667	0.997142	-0.00722738	0.0752047	0.00722256	0.999974	0.000336062	-0.0752051	0.000208069	0.997168
4.7	0.997084	-0.0180034	0.0741528	0.0174998	0.999819	0.00743526	-0.0742733	-0.00611592	0.997219
4.73333	0.997086	-0.0264727	0.0715454	0.0256767	0.999598	0.0120225	-0.0718349	-0.0101505	0.997365
4.76667	0.997259	-0.0348073	0.0652956	0.0340294	0.999336	0.0129879	-0.0657043	-0.0107303	0.997781
4.8	0.997476	-0.0432053	0.0563405	0.0426874	0.999035	0.0103647	-0.0567339	-0.00793353	0.998358
4.83333	0.997638	-0.0509136	0.0461137	0.0507391	0.9987	0.00494771	-0.0463057	-0.00259626	0.998924
4.86667	0.996482	-0.0759436	0.0354328	0.0758767	0.997112	0.00323165	-0.0355759	-0.000531758	0.999367
4.9	0.993731	-0.109002	0.0248513	0.108933	0.994041	0.00410948	-0.0251511	-0.00137658	0.999683
4.93333	0.991781	-0.126126	0.0214973	0.126241	0.991991	-0.00406763	-0.0208121	0.00674805	0.999761
4.96667	0.990993	-0.132195	0.0213908	0.132578	0.991016	-0.0176329	-0.0188676	0.02031	0.999616
5	0.989522	-0.143255	0.0180011	0.143712	0.989242	-0.0273439	-0.0138903	0.0296443	0.999464
5.03333	0.988245	-0.152484	0.0109941	0.152737	0.987873	-0.0278998	-0.00660647	0.029251	0.99955
5.06667	0.987962	-0.154616	0.00507831	0.154691	0.987721	-0.0218819	-0.00163265	0.0224041	0.999748
5.1	0.988606	-0.150428	0.00551457	0.150484	0.988546	-0.0115056	-0.00372064	0.0122044	0.999919
5.13333	0.990311	-0.138575	0.00900436	0.138518	0.990337	0.00667141	-0.00984185	-0.0053595	0.999937
5.16667	0.992543	-0.12091	0.015442	0.120454	0.992335	0.0276206	-0.0186632	-0.0255546	0.999499
5.2	0.9949	-0.0982292	0.0229238	0.0970318	0.994098	0.0485279	-0.0275554	-0.046056	0.998559
5.23333	0.996903	-0.073028	0.0291612	0.0709195	0.995178	0.0677591	-0.0339689	-0.0654812	0.997275
5.26667	0.998178	-0.0479281	0.0366525	0.0446726	0.995379	0.0849981	-0.0405569	-0.0832058	0.995707
5.3	0.998662	-0.0263668	0.0444944	0.0221142	0.995374	0.0935002	-0.0467538	-0.0923911	0.994625
5.33333	0.998648	-0.00513357	0.0517373	3.15326e-05	0.995173	0.0981363	-0.0519913	-0.0980019	0.993827
5.36667	0.998236	0.0149513	0.0574626	-0.0206831	0.994723	0.100486	-0.055657	-0.101497	0.993278
5.4	0.997372	0.0341639	0.0638887	-0.0404859	0.99412	0.100433	-0.0600818	-0.102756	0.99289
5.43333	0.996139	0.0524384	0.0704014	-0.0592411	0.993392	0.0983017	-0.0647814	-0.102093	0.992663
5.46667	0.994524	0.0709415	0.076745	-0.0782007	0.992292	0.0961341	-0.0693335	-0.101609	0.992405
5.5	0.992771	0.0866717	0.0830338	-0.0943856	0.991089	0.0939839	-0.0741482	-0.101142	0.992105
5.53333	0.991082	0.0991525	0.0890268	-0.107161	0.990141	0.0902066	-0.0792049	-0.0989423	0.991936
5.56667	0.989396	0.109824	0.0950517	-0.117992	0.989365	0.0850568	-0.0846996	-0.0953701	0.991832
5.6	0.987838	0.118702	0.100433	-0.126942	0.988675	0.0800488	-0.0897932	-0.0918243	0.991718
5.63333	0.986411	0.126904	0.104346	-0.135055	0.987985	0.0751436	-0.0935558	-0.0882149	0.991698
5.66667	0.98534	0.132795	0.107096	-0.140742	0.987541	0.0703892	-0.0964147	-0.0844303	0.991754
5.7	0.984588	0.137246	0.1084	-0.145354	0.986844	0.0707951	-0.0972575	-0.0854604	0.991583
5.73333	0.984703	0.136656	0.108101	-0.145105	0.986603	0.0745571	-0.0964644	-0.0891026	0.99134
5.76667	0.984583	0.138944	0.106258	-0.14777	0.985761	0.0802396	-0.093596	-0.0947043	0.991096
5.8	0.984651	0.141575	0.102068	-0.150681	0.984675	0.0878109	-0.0880718	-0.101843	0.990894
5.83333	0.981708	0.159504	0.10396	-0.168408	0.982187	0.0833527	-0.0888131	-0.0993358	0.991083
5.86667	0.976521	0.190241	0.101071	-0.198455	0.976958	0.0785426	-0.0837997	-0.0967564	0.991774
5.9	0.970608	0.219074	0.0996318	-0.226002	0.971992	0.0644491	-0.0827222	-0.0850718	0.992935
5.93333	0.966982	0.233035	0.103152	-0.240041	0.96881	0.0615468	-0.0855917	-0.0842753	0.99276
5.96667	0.964873	0.239069	0.10893	-0.247366	0.966376	0.0701942	-0.0884865	-0.0946742	0.991568
6	0.962998	0.245254	0.11174	-0.254167	0.964334	0.0738813	-0.0896354	-0.0995482	0.990987
6.03333	0.960834	0.25346	0.112051	-0.262037	0.962538	0.0696905	-0.0901897	-0.0963226	0.991256
6.06667	0.959983	0.255642	0.114365	-0.263802	0.96253	0.0628059	-0.0940237	-0.0904623	0.991452
6.1	0.961784	0.246503	0.119196	-0.25451	0.965379	0.0571734	-0.100976	-0.0853251	0.991223
6.13333	0.966212	0.227009	0.122072	-0.23436	0.970889	0.0494869	-0.107285	-0.0764237	0.991287
6.16667	0.971865	0.201706	0.121627	-0.207528	0.977524	0.0371396	-0.111402	-0.0613358	0.991881
6.2	0.977019	0.175759	0.120591	-0.179468	0.98355	0.0205294	-0.114999	-0.0416998	0.99249
6.23333	0.981332	0.150191	0.120124	-0.151693	0.988422	0.00339974	-0.118223	-0.0215582	0.992753
6.26667	0.984983	0.12455	0.119563	-0.123621	0.992213	-0.0151877	-0.120524	0.000179107	0.99271
6.3	0.987839	0.100512	0.118626	-0.0974589	0.994748	-0.0312819	-0.121147	0.0193404	0.992446
6.33333	0.989992	0.0765829	0.118533	-0.0717639	0.996433	-0.0444094	-0.121512	0.0354586	0.991956
6.36667	0.991272	0.0526216	0.120876	-0.0464244	0.997487	-0.0535267	-0.123389	0.0474479	0.991223
6.4	0.991929	0.0283151	0.123595	-0.0210626	0.998	-0.0595972	-0.125035	0.0565129	0.990542
6.43333	0.992228	0.00438708	0.124357	0.00378685	0.997851	-0.0654172	-0.124377	0.0653796	0.990079
6.46667	0.992218	-0.0174879	0.12328	0.0264126	0.997117	-0.0711351	-0.121681	0.0738377	0.989819
6.5	0.991874	-0.0360352	0.122013	0.0454378	0.996134	-0.0751783	-0.118832	0.0801114	0.989677
6.53333	0.991232	-0.0509454	0.121919	0.0603605	0.995369	-0.0748188	-0.117543	0.0815219	0.989716
6.56667	0.990581	-0.0631665	0.121484	0.0720251	0.994946	-0.0699636	-0.116451	0.0780546	0.990125
6.6	0.990053	-0.0731514	0.120179	0.0809591	0.994823	-0.0614175	-0.115064	0.0705362	0.990851
6.63333	0.989713	-0.0816474	0.117483	0.0881682	0.994778	-0.051413	-0.112672	0.0612424	0.991743
6.66667	0.98975	-0.0887926	0.111847	0.0939016	0.994726	-0.0412599	-0.107594	0.0513397	0.992868
6.7	0.990276	-0.0925283	0.103884	0.0963094	0.994838	-0.0319802	-0.100388	0.0416742	0.994075
6.73333	0.990949	-0.0947833	0.0950541	0.0975122	0.994933	-0.0244764	-0.0922525	0.0335238	0.995171
6.76667	0.991697	-0.0949107	0.0867654	0.0970394	0.995066	-0.0206447	-0.084378	0.0288929	0.996015
6.8	0.992257	-0.0942256	0.0809171	0.0960434	0.995198	-0.0188658	-0.078751	0.0264913	0.996542
6.83333	0.992606	-0.0940468	0.0767356	0.0954402	0.995327	-0.0146891	-0.0749956	0.0219042	0.996943
6.86667	0.991748	-0.108134	0.068864	0.108589	0.994083	-0.0028743	-0.0681457	0.0103284	0.997622
6.9	0.989299	-0.13639	0.0518143	0.13603	0.99065	0.0104235	-0.0527515	-0.00326368	0.998602
6.93333	0.98825	-0.147486	0.0401168	0.146831	0.988983	0.0188136	-0.0424496	-0.0127021	0.999018
6.96667	0.98747	-0.153024	0.0385475	0.152603	0.988193	0.013643	-0.0401801	-0.00758958	0.999164
7	0.985857	-0.163418	0.0371541	0.163697	0.9865	-0.00457484	-0.035905	0.0105922	0.999299
7.03333	0.98475	-0.170889	0.032628	0.17161	0.984947	-0.0207152	-0.0285969	0.0259986	0.999253
7.06667	0.984357	-0.173432	0.0310351	0.174216	0.984399	-0.024651	-0.0262756	0.0296722	0.999214
7.1	0.984467	-0.17154	0.0373903	0.172377	0.98482	-0.0204117	-0.0333213	0.0265398	0.999092
7.13333	0.985545	-0.162825	0.046786	0.163604	0.986436	-0.0133107	-0.0439841	0.0207726	0.998816
7.16667	0.987763	-0.146613	0.0531821	0.146834	0.989161	-0.00023402	-0.0525713	0.00804007	0.998585
7.2	0.990581	-0.123995	0.0580847	0.123239	0.992241	0.0164304	-0.0596713	-0.0091173	0.998176
7.23333	0.993229	-0.0960072	0.0654066	0.0940363	0.995036	0.0325791	-0.0682097	-0.0262079	0.997327
7.26667	0.99505	-0.0677703	0.0726854	0.0649198	0.997052	0.04089	-0.0752423	-0.0359689	0.996516
7.3	0.995927	-0.0412261	0.0801807	0.037764	0.998307	0.0442273	-0.0818683	-0.0410192	0.995799
7.33333	0.996026	-0.0183833	0.0871487	0.0143531	0.998808	0.0466478	-0.0879023	-0.0452116	0.995103
7.36667	0.995681	0.00270515	0.0928022	-0.00741738	0.998698	0.0504699	-0.0925449	-0.0509403	0.994405
7.4	0.994951	0.0222184	0.0978745	-0.0277437	0.998075	0.0554595	-0.0964539	-0.0578948	0.993652
7.43333	0.994043	0.0392877	0.10166	-0.045477	0.997204	0.0592984	-0.0990457	-0.0635684	0.99305
7.46667	0.992428	0.0610246	0.106599	-0.0688884	0.995043	0.0717145	-0.101694	-0.0785148	0.991713
7.5	0.99102	0.0767843	0.109472	-0.085005	0.993738	0.0725133	-0.103218	-0.0811678	0.991341
7.53333	0.989809	0.0891076	0.111075	-0.0974785	0.992604	0.0723524	-0.103806	-0.0824425	0.991175
7.56667	0.988862	0.0989316	0.111194	-0.107115	0.991766	0.0701896	-0.103335	-0.0813183	0.991317
7.6	0.987513	0.109342	0.113409	-0.117074	0.991065	0.0638979	-0.105409	-0.0763773	0.991491
7.63333	0.98561	0.120123	0.118922	-0.127236	0.990395	0.054121	-0.111279	-0.0684735	0.991427
7.66667	0.98394	0.128737	0.123644	-0.13518	0.98979	0.0451808	-0.116565	-0.0611695	0.991298
7.7	0.982684	0.135564	0.126311	-0.141964	0.988934	0.0430765	-0.119074	-0.0602622	0.991055
7.73333	0.982098	0.140606	0.12535	-0.147891	0.987698	0.0507978	-0.116666	-0.0684266	0.990811
7.76667	0.981155	0.148403	0.123736	-0.156883	0.985681	0.0618094	-0.112792	-0.0800567	0.990388
7.8	0.97586	0.179734	0.124068	-0.188644	0.979948	0.0641586	-0.110048	-0.0860144	0.990197
7.83333	0.966558	0.22619	0.120848	-0.23452	0.970279	0.0596597	-0.103762	-0.0860058	0.990877
7.86667	0.962222	0.245322	0.11809	-0.253724	0.96528	0.0621138	-0.0987519	-0.0897295	0.991058
7.9	0.960303	0.24988	0.12401	-0.259432	0.96338	0.0677732	-0.102534	-0.0972551	0.989964
7.93333	0.95902	0.253108	0.127347	-0.262184	0.96314	0.0601651	-0.107425	-0.091088	0.990032
7.96667	0.958427	0.257097	0.123766	-0.264033	0.963552	0.0430662	-0.108183	-0.0739542	0.991376
8	0.959357	0.255872	0.119009	-0.260867	0.964962	0.0282121	-0.107621	-0.058111	0.992492
8.03333	0.96199	0.247025	0.116423	-0.250833	0.967843	0.019043	-0.107975	-0.0475218	0.993017
8.06667	0.965128	0.235655	0.113998	-0.238468	0.971082	0.011513	-0.107989	-0.0382965	0.993414
8.1	0.96875	0.222807	0.108996	-0.224515	0.974464	0.00349852	-0.105433	-0.0278603	0.994036
8.13333	0.972822	0.206902	0.10397	-0.207576	0.978209	-0.00441489	-0.102618	-0.0172868	0.994571
8.16667	0.977215	0.187613	0.0992598	-0.187334	0.98222	-0.012205	-0.0997848	-0.00666784	0.994987
8.2	0.981428	0.167134	0.0941589	-0.165765	0.985915	-0.0222329	-0.0965486	0.00621165	0.995309
8.23333	0.985382	0.145186	0.0891275	-0.14285	0.989224	-0.0320801	-0.0928246	0.0188792	0.995503
8.26667	0.988601	0.124339	0.0848946	-0.121403	0.991839	-0.0389368	-0.0890432	0.0281866	0.995629
8.3	0.991287	0.103751	0.0811583	-0.100377	0.993949	-0.0446138	-0.0852959	0.0360786	0.995702
8.33333	0.993494	0.0823814	0.0786369	-0.0786207	0.995661	-0.0497834	-0.0823969	0.043277	0.99566
8.36667	0.995151	0.0606071	0.0774625	-0.056455	0.996905	-0.0547133	-0.0805388	0.0500749	0.995493
8.4	0.996311	0.038456	0.0767183	-0.0340058	0.997708	-0.0584939	-0.0787919	0.0556693	0.995336
8.43333	0.996973	0.0177472	0.0756925	-0.0131145	0.998035	-0.0612678	-0.0766311	0.0600897	0.995247
8.46667	0.997257	0.00056677	0.0740115	0.00384818	0.998221	-0.059496	-0.0739136	0.0596176	0.995481
8.5	0.997279	-0.0127984	0.0725954	0.0167189	0.998419	-0.053658	-0.0717939	0.0547257	0.995917
8.53333	0.99722	-0.0234831	0.0707222	0.0268455	0.998535	-0.0469748	-0.0695155	0.0487428	0.996389
8.56667	0.997123	-0.0305564	0.0693727	0.0334577	0.998597	-0.041053	-0.0680209	0.043256	0.996746
8.6	0.997218	-0.0335145	0.0665876	0.0357343	0.998835	-0.0324287	-0.0654232	0.0347179	0.997253
8.63333	0.997354	-0.0363827	0.062939	0.0378028	0.999053	-0.0215218	-0.0620965	0.0238441	0.997785
8.66667	0.997497	-0.0405697	0.0579047	0.0414817	0.999032	-0.0146347	-0.0572549	0.0170001	0.998215
8.7	0.997714	-0.0444523	0.0509054	0.0452206	0.998878	-0.0140412	-0.0502241	0.0163111	0.998605
8.73333	0.997176	-0.0607219	0.044195	0.0610536	0.998115	-0.00619239	-0.0437357	0.00887316	0.999004
8.76667	0.994629	-0.0977495	0.0340193	0.0975861	0.995206	0.00643421	-0.0344852	-0.00307984	0.9994
8.8	0.990887	-0.132187	0.0258685	0.13186	0.99117	0.0139611	-0.0274855	-0.0104228	0.999568
8.83333	0.989212	-0.144012	0.0268444	0.143894	0.989573	0.00629173	-0.0274706	-0.0023611	0.99962
8.86667	0.98858	-0.147748	0.0296788	0.148107	0.988918	-0.0102602	-0.027834	0.0145387	0.999507
8.9	0.987232	-0.156627	0.0290065	0.157302	0.98729	-0.0226635	-0.0250881	0.0269369	0.999322
8.93333	0.986015	-0.164644	0.0258401	0.165304	0.985902	-0.0259355	-0.0212057	0.0298442	0.99933
8.96667	0.985407	-0.168283	0.0255612	0.168919	0.985309	-0.0251374	-0.0209555	0.0290883	0.999357
9	0.986221	-0.162569	0.0306408	0.163154	0.986442	-0.0176746	-0.027352	0.0224302	0.999374
9.03333	0.988558	-0.14631	0.0367031	0.146414	0.989223	-0.000166139	-0.0362833	0.0055381	0.999326
9.06667	0.991758	-0.121309	0.0412253	0.120421	0.992447	0.0234002	-0.0437526	-0.018243	0.998876
9.1	0.994332	-0.0959144	0.0458714	0.0939647	0.99465	0.0429279	-0.0497433	-0.0383743	0.998025
9.13333	0.996096	-0.0730032	0.0496315	0.0702032	0.99596	0.0559956	-0.0535188	-0.0522927	0.997197
9.16667	0.99721	-0.0534666	0.0520892	0.0502426	0.996851	0.0613526	-0.0552055	-0.0585643	0.996756
9.2	0.99789	-0.0358483	0.0541356	0.0323353	0.997398	0.0644309	-0.0563045	-0.0625444	0.996453
9.23333	0.9982	-0.0201406	0.0564947	0.0164023	0.997693	0.0658701	-0.0576911	-0.0648248	0.996228
9.26667	0.998207	-0.00543287	0.0596108	0.0014889	0.997818	0.0660079	-0.0598393	-0.0658008	0.996037
9.3	0.997936	0.00785088	0.0637362	-0.0120153	0.997799	0.0652206	-0.0630838	-0.0658518	0.995833
9.33333	0.997512	0.0204689	0.0674634	-0.0246142	0.997822	0.0611987	-0.0660638	-0.062707	0.995843
9.36667	0.996919	0.0342762	0.070548	-0.0381755	0.997774	0.0546861	-0.0685165	-0.0572109	0.996008
9.4	0.99603	0.049452	0.0740222	-0.0530649	0.997453	0.0476639	-0.0714766	-0.0514026	0.996117
9.43333	0.994848	0.0646859	0.0780649	-0.067832	0.99696	0.0383443	-0.0753472	-0.043442	0.996211
9.46667	0.993522	0.0787433	0.0819355	-0.0812446	0.996311	0.0276508	-0.0794559	-0.0341285	0.996254
9.5	0.992115	0.0922565	0.0848317	-0.0943122	0.995331	0.0205445	-0.0825403	-0.0283832	0.996183
9.53333	0.990905	0.103152	0.0864143	-0.104869	0.994364	0.0155631	-0.0843219	-0.0244838	0.996138
9.56667	0.989811	0.113574	0.0858752	-0.115218	0.993236	0.0144157	-0.0836571	-0.0241631	0.996202
9.6	0.989259	0.119919	0.0835824	-0.121742	0.992415	0.0170505	-0.0809037	-0.0270429	0.996355
9.63333	0.988624	0.127003	0.0805739	-0.129188	0.991365	0.0224903	-0.0770218	-0.0326436	0.996495
9.66667	0.984619	0.154677	0.0812467	-0.156824	0.987409	0.0207116	-0.0770202	-0.0331345	0.996479
9.7	0.973814	0.213649	0.0777192	-0.214642	0.976682	0.00455429	-0.0749339	-0.0211168	0.996965
9.73333	0.968423	0.237534	0.0757304	-0.237676	0.971317	-0.00727363	-0.075286	-0.0109553	0.997102
9.76667	0.965974	0.241262	0.0932003	-0.242565	0.970131	0.00274952	-0.0897532	-0.0252631	0.995644
9.8	0.962392	0.244577	0.118256	-0.249042	0.968186	0.0243516	-0.108538	-0.0528864	0.992685
9.83333	0.956519	0.261331	0.129531	-0.268665	0.962295	0.0425025	-0.11354	-0.0754549	0.990664
9.86667	0.953561	0.272796	0.127685	-0.281538	0.957916	0.0559845	-0.107039	-0.0893327	0.990233
9.9	0.955212	0.268918	0.123505	-0.277612	0.958862	0.0592912	-0.10248	-0.0909222	0.990571
9.93333	0.960088	0.253197	0.118834	-0.260281	0.964329	0.0481997	-0.102391	-0.0772063	0.991744
9.96667	0.965718	0.232699	0.115062	-0.238062	0.970615	0.0351033	-0.103513	-0.0612918	0.992738
10	0.970649	0.213786	0.110163	-0.217754	0.975678	0.0252041	-0.102095	-0.0484527	0.993594
10.0333	0.975222	0.195	0.104484	-0.197861	0.980071	0.0176562	-0.0989585	-0.037892	0.99437
10.0667	0.978976	0.178393	0.098898	-0.180523	0.983486	0.0129472	-0.0949551	-0.0305284	0.995013
10.1	0.982406	0.16133	0.0940848	-0.162909	0.986597	0.00929595	-0.0913241	-0.0244596	0.995521
10.1333	0.985482	0.142133	0.0928668	-0.143013	0.989717	0.00285209	-0.0915065	-0.0160918	0.995674
10.1667	0.988303	0.121695	0.0919151	-0.121677	0.992553	-0.00582311	-0.0919392	-0.00542897	0.99575
10.2	0.990984	0.0987578	0.0905443	-0.0980042	0.995104	-0.0127421	-0.0913594	0.00375346	0.995811
10.2333	0.992956	0.0779156	0.0892621	-0.0768625	0.996926	-0.0151803	-0.0901705	0.00821251	0.995892
10.2667	0.994338	0.0588821	0.0884551	-0.0579364	0.998233	-0.0132226	-0.0890773	0.00802298	0.995992
10.3	0.995236	0.0436092	0.0872034	-0.0431484	0.999043	-0.00716293	-0.0874323	0.00336611	0.996165
10.3333	0.995944	0.0286216	0.0853018	-0.0290731	0.999569	0.0040548	-0.085149	-0.00651834	0.996347
10.3667	0.996495	0.0151462	0.0822689	-0.0167612	0.999679	0.018976	-0.0819551	-0.0202884	0.996429
10.4	0.99671	0.00388457	0.0809557	-0.00624207	0.999563	0.0288881	-0.0808081	-0.0292984	0.996299
10.4333	0.997048	-0.00498381	0.0766184	0.00192217	0.999199	0.0399816	-0.0767562	-0.0397163	0.996259
10.4667	0.997276	-0.0124298	0.0727081	0.0087012	0.998642	0.051375	-0.0732479	-0.0506024	0.996029
10.5	0.997559	-0.0209408	0.0666218	0.0169884	0.998093	0.0593492	-0.0677376	-0.0580725	0.996012
10.5333	0.997873	-0.032093	0.0567428	0.0286615	0.997769	0.0602875	-0.058551	-0.0585329	0.996567
10.5667	0.997722	-0.0513803	0.0437091	0.0488991	0.997229	0.0560577	-0.0464682	-0.0537927	0.99747
10.6	0.993756	-0.108735	0.0250349	0.106821	0.991945	0.0680763	-0.0322354	-0.0649769	0.997366
10.6333	0.988337	-0.151627	0.0141056	0.150281	0.986125	0.0705254	-0.0246035	-0.0675831	0.99741
10.6667	0.986141	-0.164511	0.021482	0.163376	0.985453	0.0468112	-0.0288705	-0.0426528	0.998673
10.7	0.984301	-0.172889	0.0355017	0.172413	0.984894	0.0160614	-0.0377422	-0.00968832	0.999241
10.7333	0.984004	-0.171612	0.0478023	0.171604	0.985157	0.00430708	-0.0478319	0.00396489	0.998848
10.7667	0.987516	-0.148037	0.0538258	0.147591	0.988973	0.0121965	-0.0550378	-0.00410004	0.998476
10.8	0.991522	-0.116606	0.0573414	0.114435	0.992633	0.0397992	-0.0615598	-0.0328999	0.997561
10.8333	0.993945	-0.0889908	0.0644561	0.0839474	0.993481	0.0771302	-0.0708997	-0.0712522	0.994935
10.8667	0.994915	-0.0711095	0.0713223	0.0636574	0.992765	0.101809	-0.0780458	-0.0967513	0.992244
10.9	0.99549	-0.0504343	0.0803456	0.04167	0.993358	0.107252	-0.0852211	-0.103421	0.99098
10.9333	0.995618	-0.0312938	0.0881218	0.0221961	0.994497	0.102389	-0.090841	-0.0999846	0.990833
10.9667	0.995458	-0.0136793	0.0942133	0.00404843	0.99481	0.101666	-0.0951151	-0.100822	0.990347
11	0.994863	0.00638733	0.101024	-0.0167262	0.994661	0.101828	-0.0998345	-0.102994	0.989659
11.0333	0.993848	0.0269806	0.107412	-0.0380445	0.994023	0.102327	-0.104009	-0.105784	0.988935
11.0667	0.992472	0.0471838	0.113015	-0.0588807	0.992988	0.102504	-0.107386	-0.108387	0.988292
