0	0.996093	0.0190736	0.0862305	-0.0182849	0.999784	-0.00992742	-0.0864012	0.00831192	0.996226
0.0333333	0.223677	0.361345	0.905206	-0.450073	0.862081	-0.232917	-0.864525	-0.35531	0.35546
0.0666667	0.178598	0.345644	0.921213	-0.410991	0.876881	-0.249331	-0.893974	-0.33408	0.298666
0.1	0.180075	0.337844	0.923815	-0.378776	0.890562	-0.25185	-0.9078	-0.304568	0.288335
0.133333	0.180326	0.335431	0.924645	-0.360986	0.897027	-0.255013	-0.914971	-0.287799	0.282843
0.166667	0.180643	0.335084	0.924709	-0.351143	0.900189	-0.257602	-0.918731	-0.278171	0.280275
0.2	0.180638	0.335581	0.92453	-0.345407	0.901766	-0.259831	-0.920904	-0.272403	0.278806
0.233333	0.180965	0.336762	0.924036	-0.34182	0.902512	-0.261975	-0.922177	-0.268446	0.278436
0.266667	0.181091	0.337784	0.923639	-0.339734	0.902836	-0.263567	-0.922923	-0.266062	0.278252
0.3	0.180917	0.338519	0.923404	-0.338172	0.90306	-0.264805	-0.92353	-0.264362	0.277857
0.333333	0.181106	0.339078	0.923161	-0.337185	0.903197	-0.265596	-0.923854	-0.263175	0.277906
0.366667	0.180993	0.33958	0.922999	-0.336339	0.903284	-0.266373	-0.924185	-0.262229	0.277702
0.4	0.180925	0.340024	0.922849	-0.335449	0.903402	-0.267094	-0.924521	-0.261245	0.277509
0.433333	0.180826	0.340279	0.922774	-0.335007	0.903445	-0.267504	-0.924701	-0.260764	0.277363
0.466667	0.18074	0.340128	0.922847	-0.335341	0.903387	-0.267279	-0.924597	-0.261161	0.277337
0.5	0.180309	0.339818	0.923045	-0.335692	0.903342	-0.26699	-0.924554	-0.261718	0.276955
0.533333	0.179984	0.339552	0.923206	-0.336157	0.903261	-0.266681	-0.924448	-0.262344	0.276716
0.566667	0.180348	0.339572	0.923128	-0.33638	0.903221	-0.266533	-0.924296	-0.262453	0.27712
0.6	0.180473	0.339618	0.923087	-0.336418	0.903207	-0.266531	-0.924258	-0.262442	0.277258
0.633333	0.180464	0.339664	0.923072	-0.336737	0.903103	-0.266482	-0.924143	-0.262742	0.277355
0.666667	0.180572	0.33968	0.923045	-0.336936	0.903051	-0.266409	-0.92405	-0.262901	0.277516
0.7	0.180446	0.339527	0.923126	-0.337033	0.903057	-0.266265	-0.924039	-0.263077	0.277385
0.733333	0.180324	0.339214	0.923264	-0.337702	0.902946	-0.265792	-0.923818	-0.26386	0.277376
0.766667	0.179665	0.338246	0.923748	-0.338575	0.90292	-0.264768	-0.923627	-0.265189	0.276745
0.8	0.179442	0.33761	0.924024	-0.339573	0.902797	-0.26391	-0.923304	-0.266417	0.276643
0.833333	0.179081	0.337093	0.924283	-0.340209	0.90273	-0.263316	-0.92314	-0.267295	0.276344
0.866667	0.179074	0.336975	0.924327	-0.340327	0.902729	-0.263168	-0.923098	-0.267447	0.276337
0.9	0.178868	0.33695	0.924376	-0.340377	0.902705	-0.263187	-0.92312	-0.26756	0.276155
0.933333	0.178933	0.337157	0.924288	-0.34012	0.902726	-0.263447	-0.923202	-0.26723	0.276201
0.966667	0.178756	0.337532	0.924185	-0.339513	0.902779	-0.264045	-0.923459	-0.266574	0.275974
1	0.178463	0.337629	0.924207	-0.338895	0.902906	-0.264407	-0.923743	-0.266023	0.275556
1.03333	0.177926	0.337678	0.924292	-0.338239	0.903036	-0.264802	-0.924087	-0.265516	0.274889
1.06667	0.177495	0.337961	0.924272	-0.337725	0.903067	-0.265351	-0.924358	-0.265051	0.274428
1.1	0.17683	0.338391	0.924242	-0.337102	0.903067	-0.266143	-0.924713	-0.264501	0.273761
1.13333	0.176565	0.33856	0.92423	-0.336638	0.903129	-0.266519	-0.924932	-0.264073	0.273433
1.16667	0.176408	0.338732	0.924197	-0.336496	0.903107	-0.266773	-0.925014	-0.263928	0.273297
1.2	0.175902	0.338392	0.924419	-0.336806	0.903075	-0.26649	-0.924997	-0.264473	0.272825
1.23333	0.175439	0.338158	0.924592	-0.337448	0.90292	-0.266202	-0.924851	-0.2653	0.272518
1.26667	0.175187	0.337856	0.92475	-0.338004	0.902827	-0.265814	-0.924696	-0.266002	0.27236
1.3	0.174796	0.337296	0.925028	-0.338266	0.90288	-0.265301	-0.924674	-0.266532	0.271916
1.33333	0.174416	0.336535	0.925377	-0.339034	0.902844	-0.264439	-0.924465	-0.267612	0.271567
1.36667	0.173935	0.335791	0.925738	-0.339569	0.902862	-0.263693	-0.924359	-0.268486	0.271063
1.4	0.173779	0.335202	0.925981	-0.339792	0.902951	-0.263097	-0.924306	-0.26892	0.270813
1.43333	0.173556	0.335103	0.926059	-0.33978	0.902965	-0.263066	-0.924353	-0.268999	0.270576
1.46667	0.173585	0.334641	0.92622	-0.340346	0.902933	-0.262443	-0.924139	-0.269679	0.27063
1.5	0.173464	0.334166	0.926414	-0.34144	0.902738	-0.261693	-0.923758	-0.270921	0.27069
1.53333	0.173122	0.333862	0.926588	-0.342219	0.902566	-0.261267	-0.923534	-0.271865	0.270508
1.56667	0.17323	0.333631	0.926651	-0.342351	0.902601	-0.260973	-0.923465	-0.272032	0.270577
1.6	0.173576	0.333574	0.926607	-0.341951	0.902764	-0.260935	-0.923548	-0.271562	0.270764
1.63333	0.173617	0.333559	0.926604	-0.342158	0.90271	-0.260848	-0.923464	-0.271757	0.270856
1.66667	0.173371	0.333205	0.926778	-0.342637	0.902648	-0.260434	-0.923332	-0.272397	0.270661
1.7	0.173261	0.333133	0.926824	-0.342829	0.902603	-0.260338	-0.923281	-0.272636	0.270594
1.73333	0.173885	0.332837	0.926814	-0.343018	0.902682	-0.259815	-0.923094	-0.272736	0.271132
1.76667	0.173815	0.332597	0.926913	-0.343608	0.902569	-0.259428	-0.922888	-0.273402	0.271163
1.8	0.173701	0.331829	0.92721	-0.345632	0.902171	-0.258118	-0.922153	-0.275638	0.271398
1.83333	0.173757	0.330756	0.927583	-0.34843	0.901632	-0.256234	-0.921089	-0.278675	0.27191
1.86667	0.174032	0.329915	0.92783	-0.350133	0.90137	-0.254832	-0.920391	-0.280515	0.272381
1.9	0.174468	0.329428	0.927921	-0.350727	0.901359	-0.254054	-0.920082	-0.281123	0.272798
1.93333	0.174656	0.328424	0.928242	-0.351804	0.901319	-0.252703	-0.919636	-0.282423	0.272961
1.96667	0.172311	0.324367	0.930105	-0.356145	0.900867	-0.248192	-0.918406	-0.288485	0.270751
2	0.167744	0.317497	0.933305	-0.362034	0.900409	-0.241238	-0.916948	-0.297422	0.265983
2.03333	0.164451	0.309902	0.936438	-0.36609	0.900732	-0.233795	-0.915933	-0.304373	0.261578
2.06667	0.160725	0.301951	0.939677	-0.36951	0.901226	-0.226393	-0.915221	-0.310833	0.256424
2.1	0.158678	0.295213	0.942163	-0.372767	0.90154	-0.219703	-0.914257	-0.316345	0.2531
2.13333	0.15966	0.290788	0.943372	-0.375805	0.901579	-0.214303	-0.912841	-0.320308	0.253226
2.16667	0.163127	0.289505	0.943174	-0.376279	0.901977	-0.211781	-0.912033	-0.32035	0.256071
2.2	0.165882	0.289483	0.9427	-0.373405	0.903202	-0.211648	-0.912717	-0.3169	0.257919
2.23333	0.16792	0.291179	0.941816	-0.368431	0.904687	-0.21401	-0.914364	-0.311058	0.259195
2.26667	0.17032	0.294357	0.940396	-0.360576	0.90677	-0.218526	-0.917047	-0.301865	0.260579
2.3	0.172929	0.299148	0.938406	-0.351438	0.908786	-0.224943	-0.920101	-0.290893	0.262288
2.33333	0.177121	0.304832	0.935791	-0.341605	0.910754	-0.23202	-0.923003	-0.278576	0.265446
2.36667	0.181608	0.311737	0.932651	-0.332306	0.912085	-0.240155	-0.925522	-0.266311	0.269234
2.4	0.185325	0.318205	0.929731	-0.323003	0.913275	-0.248188	-0.928075	-0.25431	0.272034
2.43333	0.18782	0.324607	0.927013	-0.311485	0.914778	-0.257214	-0.931505	-0.240441	0.272924
2.46667	0.186937	0.333137	0.924161	-0.302943	0.914445	-0.268357	-0.934495	-0.229802	0.271865
2.5	0.189211	0.339788	0.921273	-0.29706	0.914064	-0.276119	-0.935924	-0.221429	0.273889
2.53333	0.194712	0.345841	0.917868	-0.288169	0.914651	-0.283499	-0.937575	-0.2093	0.277754
2.56667	0.198346	0.347864	0.916324	-0.285282	0.91491	-0.285576	-0.937696	-0.204768	0.280708
2.6	0.206551	0.34667	0.914963	-0.285001	0.915895	-0.282685	-0.936008	-0.202377	0.28798
2.63333	0.21696	0.346236	0.912715	-0.285729	0.916561	-0.279775	-0.933427	-0.20009	0.297787
2.66667	0.230121	0.346555	0.909365	-0.284655	0.917545	-0.277639	-0.9306	-0.194965	0.309795
2.7	0.246196	0.349538	0.903997	-0.282986	0.917988	-0.27788	-0.926988	-0.187405	0.324919
2.73333	0.25873	0.352808	0.899214	-0.281835	0.917978	-0.279078	-0.92392	-0.181224	0.336943
2.76667	0.267316	0.355611	0.895591	-0.282504	0.917496	-0.279987	-0.921268	-0.178163	0.345723
2.8	0.264894	0.360743	0.894257	-0.283767	0.915483	-0.285249	-0.921579	-0.1782	0.344873
2.83333	0.252555	0.359867	0.898171	-0.289045	0.913937	-0.284907	-0.923401	-0.187657	0.334837
2.86667	0.220635	0.354194	0.908772	-0.289371	0.913554	-0.285804	-0.931442	-0.199914	0.304056
2.9	0.165399	0.341522	0.925206	-0.291038	0.91325	-0.28508	-0.942306	-0.222118	0.250446
2.93333	0.0821469	0.316987	0.944866	-0.303992	0.910859	-0.27915	-0.949126	-0.264301	0.171186
2.96667	-0.027769	0.279001	0.959889	-0.332706	0.902931	-0.27207	-0.942622	-0.326916	0.0677517
3	-0.164966	0.221759	0.961046	-0.393626	0.878631	-0.270308	-0.904348	-0.422884	-0.0576538
3.03333	-0.29946	0.122569	0.946203	-0.507017	0.819657	-0.26664	-0.808244	-0.559589	-0.18331
3.06667	-0.435157	-0.0316974	0.899797	-0.646114	0.706996	-0.287566	-0.627037	-0.706507	-0.328134
3.1	-0.45609	-0.232415	0.859049	-0.7995	0.530981	-0.280817	-0.390873	-0.814888	-0.427991
3.13333	-0.334631	-0.39297	0.856502	-0.90418	0.38995	-0.174347	-0.26548	-0.832775	-0.485805
3.16667	-0.242832	-0.48153	0.842117	-0.94254	0.322458	-0.087406	-0.229458	-0.814954	-0.532164
3.2	-0.165991	-0.533289	0.829488	-0.952201	0.305416	0.00580957	-0.256437	-0.788875	-0.558495
3.23333	-0.101577	-0.565777	0.818278	-0.949427	0.30078	0.0901097	-0.297104	-0.767742	-0.567716
3.26667	-0.0505372	-0.583177	0.810771	-0.936087	0.310627	0.165081	-0.348119	-0.75061	-0.561603
3.3	-0.0247351	-0.58606	0.80989	-0.903372	0.360066	0.232964	-0.428145	-0.725869	-0.538336
3.33333	-0.017642	-0.573697	0.818877	-0.844058	0.447569	0.295378	-0.535961	-0.685969	-0.49213
3.36667	-0.020466	-0.528853	0.848467	-0.745264	0.573772	0.339658	-0.666456	-0.62538	-0.405878
3.4	-0.0126235	-0.438961	0.898417	-0.588009	0.729975	0.348399	-0.808756	-0.52388	-0.267328
3.43333	0.0308392	-0.321804	0.946304	-0.385077	0.869847	0.308354	-0.922369	-0.37391	-0.0970942
3.46667	0.0667873	-0.221025	0.972979	-0.210855	0.950006	0.23028	-0.975233	-0.220537	0.016844
3.5	0.0782135	-0.132174	0.988136	-0.138487	0.980122	0.142063	-0.987271	-0.147956	0.0583544
3.53333	0.0704319	-0.0579514	0.995832	-0.189538	0.979346	0.0703975	-0.979344	-0.193706	0.0579932
3.56667	0.0125302	-0.0125424	0.999843	-0.290848	0.956641	0.0156454	-0.956687	-0.290998	0.00833902
3.6	-0.124571	0.0011307	0.99221	-0.334691	0.941342	-0.0430928	-0.934058	-0.337452	-0.116885
3.63333	-0.149917	-0.00620581	0.988679	-0.400458	0.914664	-0.0549816	-0.903968	-0.404167	-0.139609
3.66667	-0.118173	-0.00808112	0.99296	-0.418467	0.907241	-0.0424186	-0.900511	-0.420534	-0.110593
3.7	-0.0813263	-0.00478634	0.996676	-0.426212	0.904111	-0.0304361	-0.90096	-0.427271	-0.075568
3.73333	-0.0442438	0.0173137	0.998871	-0.419329	0.907186	-0.0342983	-0.906755	-0.420373	-0.0328773
3.76667	-0.0065064	0.0595677	0.998203	-0.403447	0.913218	-0.057126	-0.91498	-0.403094	0.0180906
3.8	0.0335711	0.117901	0.992458	-0.379223	0.92026	-0.0964963	-0.924696	-0.373123	0.0756049
3.83333	0.0722326	0.178397	0.981304	-0.350729	0.925579	-0.14245	-0.933687	-0.333882	0.129426
3.86667	0.108069	0.235194	0.965922	-0.324701	0.926677	-0.18931	-0.939623	-0.293177	0.176512
3.9	0.143662	0.278466	0.949641	-0.305172	0.925296	-0.22516	-0.941398	-0.257457	0.21791
3.93333	0.172823	0.3051	0.936508	-0.294804	0.923249	-0.246377	-0.939799	-0.233507	0.249503
3.96667	0.196504	0.321313	0.926361	-0.29255	0.920961	-0.257382	-0.935842	-0.220431	0.274972
4	0.212286	0.331916	0.919112	-0.297089	0.91795	-0.262878	-0.930953	-0.217253	0.293476
4.03333	0.208122	0.335445	0.918783	-0.304031	0.915006	-0.265197	-0.929651	-0.224145	0.292419
4.06667	0.171788	0.325123	0.929938	-0.315211	0.912485	-0.260792	-0.933344	-0.248326	0.259237
4.1	0.100177	0.299858	0.94871	-0.330768	0.909311	-0.252479	-0.93838	-0.28851	0.190275
4.13333	0.00325981	0.264118	0.964485	-0.356966	0.901254	-0.245596	-0.934112	-0.343487	0.0972191
4.16667	-0.126543	0.208663	0.969766	-0.426601	0.871154	-0.243111	-0.895544	-0.444467	-0.021223
4.2	-0.284909	0.11574	0.951542	-0.546814	0.795694	-0.26051	-0.787287	-0.594538	-0.163412
4.23333	-0.433469	-0.0362841	0.900438	-0.677505	0.67197	-0.299072	-0.594215	-0.739689	-0.315861
4.26667	-0.502458	-0.202827	0.840474	-0.786864	0.510123	-0.347303	-0.358303	-0.835844	-0.415913
4.3	-0.381206	-0.33729	0.860766	-0.888078	0.392334	-0.239566	-0.256904	-0.855751	-0.4491
4.33333	-0.282125	-0.434507	0.855341	-0.93305	0.331703	-0.139254	-0.223212	-0.837363	-0.498999
4.36667	-0.211828	-0.492559	0.844106	-0.944623	0.324688	-0.0475888	-0.250631	-0.807442	-0.534061
4.4	-0.151428	-0.523384	0.838533	-0.938076	0.343496	0.0449943	-0.311582	-0.779794	-0.542989
4.43333	-0.1081	-0.526996	0.842965	-0.914795	0.384677	0.123177	-0.389183	-0.757825	-0.523677
4.46667	-0.0642205	-0.517211	0.853445	-0.877687	0.436264	0.198343	-0.474913	-0.73632	-0.481966
4.5	-0.0333094	-0.493491	0.869113	-0.811081	0.52146	0.265005	-0.583985	-0.696094	-0.417631
4.53333	-0.0107102	-0.427187	0.9041	-0.690876	0.656805	0.302155	-0.722894	-0.621385	-0.302167
4.56667	0.0365107	-0.303468	0.952142	-0.4788	0.830988	0.283214	-0.877164	-0.466226	-0.114961
4.6	0.0944697	-0.153646	0.9836	-0.243085	0.954552	0.172456	-0.965394	-0.25539	0.0528272
4.63333	0.122912	-0.028357	0.992012	-0.156458	0.986538	0.0475859	-0.980007	-0.161057	0.116821
4.66667	0.099347	0.0529454	0.993643	-0.226275	0.973624	-0.0292551	-0.968984	-0.22193	0.108707
4.7	-0.0708199	0.0889281	0.993517	-0.269537	0.95726	-0.104896	-0.960382	-0.275219	-0.0438236
4.73333	-0.15482	0.0657652	0.985751	-0.386143	0.914382	-0.12165	-0.909354	-0.399474	-0.11617
4.76667	-0.118096	0.049993	0.991743	-0.424752	0.90021	-0.0959582	-0.897574	-0.432577	-0.0850768
4.8	-0.0919238	0.0352256	0.995143	-0.446652	0.891739	-0.0728238	-0.889973	-0.451177	-0.0662384
4.83333	-0.0625845	0.0246846	0.997734	-0.459349	0.886805	-0.0507536	-0.886048	-0.461485	-0.0441613
4.86667	-0.0306673	0.0342237	0.998944	-0.461399	0.886075	-0.0445216	-0.886663	-0.462277	-0.0113828
4.9	0.00720628	0.0734025	0.997276	-0.447588	0.892059	-0.0624239	-0.894211	-0.445919	0.0392825
4.93333	0.0438047	0.129441	0.990619	-0.420259	0.901958	-0.0992726	-0.906346	-0.411968	0.0939089
4.96667	0.0786703	0.189993	0.978628	-0.385815	0.910975	-0.145844	-0.919216	-0.366096	0.144969
5	0.10891	0.238445	0.96503	-0.36023	0.914285	-0.185252	-0.926484	-0.327457	0.18547
5.03333	0.136456	0.265999	0.954266	-0.34517	0.91568	-0.205885	-0.928567	-0.30129	0.216765
5.06667	0.156851	0.282777	0.946274	-0.331768	0.917541	-0.219198	-0.93023	-0.279562	0.237733
5.1	0.166288	0.295835	0.940654	-0.317467	0.919207	-0.232968	-0.933575	-0.259887	0.246771
5.13333	0.157977	0.3017	0.940224	-0.315654	0.917649	-0.241419	-0.935631	-0.258647	0.240201
5.16667	0.122085	0.294805	0.947726	-0.329543	0.91274	-0.24147	-0.936214	-0.282837	0.208583
5.2	0.0486504	0.267752	0.962259	-0.359062	0.903685	-0.2333	-0.932045	-0.33416	0.140104
5.23333	-0.0504985	0.224807	0.973094	-0.40959	0.883968	-0.225472	-0.910871	-0.409955	0.0474395
5.26667	-0.186666	0.158207	0.969601	-0.497807	0.835631	-0.232184	-0.846962	-0.526015	-0.0772274
5.3	-0.330883	0.0560678	0.942005	-0.626245	0.733697	-0.263641	-0.705928	-0.67716	-0.207656
5.33333	-0.46272	-0.109089	0.879767	-0.758901	0.561692	-0.329502	-0.458213	-0.820123	-0.342694
5.36667	-0.427862	-0.28995	0.856074	-0.876247	0.365326	-0.314209	-0.221641	-0.884571	-0.410377
5.4	-0.313338	-0.402689	0.860036	-0.936022	0.283793	-0.208144	-0.160255	-0.870232	-0.465849
5.43333	-0.236426	-0.468526	0.851226	-0.956001	0.268763	-0.117596	-0.173682	-0.841576	-0.511454
5.46667	-0.166613	-0.512007	0.842667	-0.957481	0.288146	-0.0142359	-0.235523	-0.80921	-0.538246
5.5	-0.115031	-0.53727	0.835529	-0.947064	0.313106	0.0709502	-0.299729	-0.783138	-0.544846
5.53333	-0.0735412	-0.541477	0.837493	-0.923756	0.353471	0.147419	-0.375854	-0.762798	-0.526188
5.56667	-0.0412419	-0.522561	0.851604	-0.875432	0.429712	0.221284	-0.481579	-0.736395	-0.475188
5.6	-0.0238528	-0.468188	0.883307	-0.779959	0.561428	0.276518	-0.625376	-0.682347	-0.378559
5.63333	0.0020146	-0.359763	0.933041	-0.605346	0.742228	0.287496	-0.79596	-0.565392	-0.216286
5.66667	0.0503745	-0.211413	0.976098	-0.358196	0.908493	0.215257	-0.932286	-0.360478	-0.0299626
5.7	0.0891112	-0.068042	0.993695	-0.145298	0.986103	0.0805519	-0.985367	-0.15156	0.0779865
5.73333	0.095993	0.051279	0.99406	-0.118236	0.992189	-0.0397648	-0.988335	-0.113717	0.101306
5.76667	0.061563	0.123992	0.990372	-0.210594	0.971529	-0.108543	-0.975633	-0.201884	0.0859223
5.8	-0.102118	0.164472	0.981081	-0.283067	0.940661	-0.18716	-0.953648	-0.296825	-0.0495013
5.83333	-0.165886	0.155593	0.973793	-0.370429	0.905329	-0.207756	-0.913928	-0.395185	-0.0925452
5.86667	-0.135553	0.116625	0.983882	-0.418397	0.893418	-0.163546	-0.898092	-0.433823	-0.0723103
5.9	-0.112872	0.0827746	0.990156	-0.459216	0.879363	-0.12586	-0.881125	-0.468901	-0.0612439
5.93333	-0.0992051	0.0559003	0.993496	-0.48074	0.871477	-0.0970389	-0.871233	-0.48724	-0.0595814
