0	-0.364484	0.275236	0.73996	0.996989	0.0229622	-0.0740607	-0.0119438	0.989224	0.14592	0.0766133	-0.144596	0.98652
0.0333333	0.167208	0.97352	-1.99679	0.0701272	0.996428	0.0470365	-0.99704	0.0685246	0.0348633	0.0315156	-0.0493421	0.998285
0.0666667	0.164134	0.973789	-1.9982	0.0234186	0.998932	0.0398238	-0.999707	0.0231529	0.00711983	0.00619019	-0.0399789	0.999181
0.1	0.163418	0.973705	-1.99835	0.0214633	0.999154	0.0350914	-0.999763	0.0213193	0.0044735	0.00372159	-0.0351791	0.999374
0.133333	0.162782	0.97362	-1.99829	0.0206469	0.999348	0.0296319	-0.999781	0.0205384	0.00395987	0.0033487	-0.0297072	0.999553
0.166667	0.16227	0.973558	-1.99811	0.0201909	0.999498	0.0244193	-0.99979	0.0200978	0.00405295	0.00356014	-0.024496	0.999694
0.2	0.161652	0.973481	-1.9979	0.0197536	0.999634	0.0184842	-0.999797	0.0196782	0.00425101	0.00388572	-0.0185644	0.99982
0.233333	0.161032	0.973395	-1.99767	0.0196808	0.999724	0.0128652	-0.999799	0.0196283	0.00419279	0.00393911	-0.0129451	0.999908
0.266667	0.160477	0.973315	-1.99738	0.0198773	0.999768	0.00834591	-0.999796	0.0198471	0.00368852	0.00352202	-0.00841752	0.999958
0.3	0.159923	0.973257	-1.99703	0.0199928	0.999789	0.00481521	-0.999796	0.0199784	0.00302283	0.00292599	-0.00487467	0.999984
0.333333	0.159474	0.973176	-1.99668	0.0201637	0.999794	0.00239155	-0.999795	0.020159	0.00197587	0.00192725	-0.0024309	0.999995
0.366667	0.159085	0.973094	-1.99626	0.0205228	0.999789	0.000626965	-0.999789	0.0205223	0.000883822	0.000870769	-0.000644971	0.999999
0.4	0.158667	0.97305	-1.99568	0.02028	0.999794	-5.5638e-05	-0.999794	0.02028	0.00012397	0.000125073	5.31124e-05	1
0.433333	0.158369	0.972997	-1.99524	0.0203589	0.99979	-0.00246482	-0.999792	0.0203552	-0.00149955	-0.00144907	0.00249483	0.999996
0.466667	0.158019	0.972987	-1.9947	0.0202269	0.999786	-0.00435885	-0.999792	0.0202153	-0.00270659	-0.0026179	0.00441268	0.999987
0.5	0.157701	0.973029	-1.9942	0.0198306	0.999787	-0.0057571	-0.999798	0.019812	-0.00327187	-0.00315712	0.00582082	0.999978
0.533333	0.15729	0.973087	-1.99377	0.0191926	0.999796	-0.00628871	-0.99981	0.0191704	-0.00356076	-0.00343948	0.00635585	0.999974
0.566667	0.15688	0.973044	-1.99349	0.0190048	0.999782	-0.00870094	-0.99981	0.0189665	-0.00446224	-0.00429624	0.00878409	0.999952
0.6	0.156326	0.97297	-1.99312	0.0181643	0.999768	-0.0116181	-0.999822	0.0181027	-0.00538832	-0.00517675	0.0117139	0.999918
0.633333	0.155812	0.97287	-1.9928	0.0179556	0.999721	-0.0153734	-0.99982	0.0178598	-0.00634883	-0.0060725	0.0154846	0.999862
0.666667	0.155295	0.972823	-1.9924	0.0176756	0.999661	-0.0191003	-0.999823	0.0175488	-0.00678237	-0.00644488	0.0192168	0.999795
0.7	0.155025	0.972792	-1.99233	0.0179623	0.999573	-0.0230258	-0.999813	0.017792	-0.00758014	-0.00716723	0.0231576	0.999706
0.733333	0.15482	0.97263	-1.99193	0.018563	0.999475	-0.0265518	-0.999794	0.0183373	-0.00872194	-0.00823047	0.0267083	0.999609
0.766667	0.15434	0.972465	-1.99149	0.0185074	0.999391	-0.0295867	-0.999782	0.0182133	-0.0101791	-0.00963402	0.0297686	0.99951
0.8	0.154192	0.972369	-1.99116	0.0189181	0.999334	-0.0312169	-0.999762	0.0185681	-0.0114628	-0.0108755	0.0314263	0.999447
0.833333	0.15418	0.972285	-1.99084	0.019231	0.99931	-0.0317711	-0.999744	0.0188423	-0.0124882	-0.0118809	0.0320032	0.999417
0.866667	0.154132	0.972218	-1.99072	0.0196173	0.99924	-0.033677	-0.999727	0.0191777	-0.0133279	-0.0126719	0.0339292	0.999344
0.9	0.154036	0.972233	-1.99028	0.019038	0.999303	-0.032125	-0.999746	0.0186387	-0.0126848	-0.0120772	0.0323584	0.999403
0.933333	0.154064	0.972084	-1.99081	0.0204916	0.999062	-0.0381592	-0.999695	0.0199494	-0.0145372	-0.0137623	0.0384455	0.999166
0.966667	0.154308	0.971999	-1.99074	0.0210347	0.999045	-0.0382961	-0.999674	0.0204614	-0.0153021	-0.0145039	0.0386055	0.999149
1	0.154813	0.972058	-1.9898	0.0194102	0.99935	-0.0303662	-0.999731	0.0190148	-0.0132565	-0.0126705	0.0306154	0.999451
1.03333	0.155282	0.972043	-1.98974	0.0192699	0.999402	-0.0287118	-0.999739	0.0189076	-0.0128383	-0.0122877	0.0289517	0.999505
1.06667	0.155685	0.972013	-1.98983	0.0190349	0.999437	-0.0276139	-0.999742	0.0186845	-0.0128914	-0.0123682	0.0278522	0.999536
1.1	0.15622	0.97202	-1.98992	0.0187205	0.999481	-0.0262166	-0.99975	0.0183928	-0.0126852	-0.0121964	0.0264475	0.999576
1.13333	0.156724	0.971962	-1.99016	0.0183944	0.999508	-0.0254128	-0.999754	0.0180718	-0.0128665	-0.012401	0.0256432	0.999594
1.16667	0.157282	0.971945	-1.99032	0.0181201	0.999554	-0.0237468	-0.999757	0.0178161	-0.012953	-0.0125241	0.0239757	0.999634
1.2	0.157957	0.97196	-1.99059	0.018159	0.999593	-0.0220134	-0.99975	0.0178665	-0.0134103	-0.0130115	0.0222514	0.999668
1.23333	0.158467	0.971991	-1.99089	0.0179786	0.999627	-0.020579	-0.999747	0.0176947	-0.0138955	-0.0135262	0.0208236	0.999692
1.26667	0.158881	0.971974	-1.99125	0.0177531	0.999653	-0.0194578	-0.999743	0.0174738	-0.0144306	-0.0140856	0.019709	0.999707
1.3	0.159215	0.971982	-1.99159	0.0177128	0.99967	-0.0186285	-0.999744	0.0174453	-0.0144276	-0.0140979	0.0188793	0.999722
1.33333	0.159516	0.971996	-1.99199	0.0177537	0.999677	-0.0181798	-0.999744	0.0174943	-0.0143267	-0.0140041	0.0184295	0.999732
1.36667	0.159703	0.972017	-1.99237	0.0177341	0.999684	-0.0178387	-0.999748	0.017484	-0.0140766	-0.0137603	0.0180838	0.999742
1.4	0.159989	0.972056	-1.99282	0.0178813	0.99969	-0.0173521	-0.999751	0.0176457	-0.013637	-0.0133266	0.0175916	0.999756
1.43333	0.160085	0.972102	-1.99319	0.0176584	0.999706	-0.0166039	-0.999764	0.0174444	-0.0129519	-0.0126585	0.0168287	0.999778
1.46667	0.160214	0.972132	-1.99357	0.017705	0.999725	-0.0154067	-0.99977	0.0175155	-0.0123541	-0.0120808	0.0156219	0.999805
1.5	0.160329	0.972162	-1.99398	0.0178576	0.999738	-0.0142871	-0.999772	0.0176874	-0.0119552	-0.0116994	0.0144973	0.999826
1.53333	0.160396	0.972188	-1.99437	0.0181354	0.999745	-0.0134234	-0.999769	0.0179773	-0.0118056	-0.0115613	0.0136344	0.99984
1.56667	0.160392	0.972223	-1.99474	0.0183957	0.99975	-0.0127328	-0.999766	0.0182485	-0.0115755	-0.0113403	0.0129427	0.999852
1.6	0.16041	0.972255	-1.9951	0.0185704	0.999756	-0.0119597	-0.999766	0.0184347	-0.0113595	-0.0111362	0.0121679	0.999864
1.63333	0.160413	0.972297	-1.99543	0.0189309	0.99976	-0.0110193	-0.999764	0.0188113	-0.0108591	-0.0106492	0.0112223	0.99988
1.66667	0.160432	0.972339	-1.99575	0.0191789	0.999769	-0.00974213	-0.999766	0.0190797	-0.0101811	-0.00999287	0.00993511	0.999901
1.7	0.160437	0.972372	-1.99606	0.0193322	0.999774	-0.00885599	-0.999769	0.0192473	-0.00957176	-0.00939914	0.00903899	0.999915
1.73333	0.160462	0.972403	-1.99636	0.0195817	0.999779	-0.00770213	-0.999769	0.0195123	-0.00898645	-0.00883418	0.00787632	0.99993
1.76667	0.16048	0.972449	-1.9966	0.0198352	0.999784	-0.00624008	-0.99977	0.0197831	-0.00829612	-0.00817087	0.0064032	0.999946
1.8	0.160464	0.972459	-1.99685	0.020058	0.999787	-0.00495268	-0.99977	0.0200194	-0.00772875	-0.00762795	0.00510657	0.999958
1.83333	0.160502	0.972504	-1.99702	0.0202974	0.999789	-0.00323898	-0.999771	0.0202749	-0.00684749	-0.00678037	0.00337723	0.999971
1.86667	0.160558	0.972529	-1.99723	0.0205028	0.999789	-0.00131891	-0.999771	0.0204943	-0.00617999	-0.00615166	0.00144532	0.99998
1.9	0.160645	0.972537	-1.99741	0.0209855	0.99978	0.000440846	-0.999763	0.0209877	-0.00570661	-0.0057146	-0.000320986	0.999984
1.93333	0.160686	0.972546	-1.99758	0.0212653	0.999771	0.00231385	-0.99976	0.0212773	-0.00529399	-0.00534201	-0.00220072	0.999983
1.96667	0.160713	0.972558	-1.99772	0.0216979	0.999756	0.00405493	-0.999752	0.0217179	-0.00496303	-0.00504988	-0.00394624	0.999979
2	0.160695	0.972589	-1.99788	0.0219873	0.999743	0.00551375	-0.999747	0.0220132	-0.0046879	-0.00480807	-0.00540928	0.999974
2.03333	0.160722	0.972596	-1.99797	0.0223725	0.999726	0.00694497	-0.999739	0.0224033	-0.00439009	-0.00454448	-0.00684494	0.999966
2.06667	0.160716	0.972578	-1.99828	0.0220784	0.999717	0.00882773	-0.999744	0.0221216	-0.00483239	-0.00502631	-0.00871878	0.999949
2.1	0.160556	0.972669	-1.99827	0.0227909	0.999701	0.00881783	-0.99973	0.0228292	-0.00426834	-0.00446837	-0.00871818	0.999952
2.13333	0.160384	0.972703	-1.99832	0.0229179	0.999696	0.00909453	-0.999728	0.0229562	-0.004126	-0.00433352	-0.0089975	0.99995
2.16667	0.160306	0.972711	-1.99842	0.0231564	0.999684	0.00982827	-0.999724	0.0231948	-0.00380404	-0.00403081	-0.00973747	0.999944
2.2	0.16019	0.972735	-1.99846	0.0230811	0.999683	0.010056	-0.999728	0.0231145	-0.00321118	-0.0034426	-0.00997917	0.999944
2.23333	0.160049	0.972802	-1.99847	0.0230643	0.999684	0.0100086	-0.999731	0.0230894	-0.00240213	-0.00263246	-0.00995051	0.999947
2.26667	0.159952	0.972887	-1.99849	0.0228367	0.99969	0.00994745	-0.999738	0.022848	-0.00102433	-0.0012513	-0.00992146	0.99995
2.3	0.159874	0.972961	-1.99846	0.0224494	0.999699	0.00985656	-0.999748	0.0224395	0.001111	0.000889488	-0.00987901	0.999951
2.33333	0.159959	0.972953	-1.99862	0.0225823	0.999686	0.0108141	-0.99974	0.0225475	0.00332365	0.00307878	-0.0108863	0.999936
2.36667	0.16002	0.972915	-1.99882	0.0227594	0.999679	0.0111324	-0.999725	0.0226944	0.00593111	0.00567656	-0.0112643	0.99992
2.4	0.160009	0.972772	-1.99913	0.0224969	0.99968	0.0115435	-0.999716	0.022404	0.00811053	0.00784931	-0.0117227	0.9999
2.43333	0.160195	0.972584	-1.99929	0.0229625	0.999652	0.0129756	-0.999679	0.0228207	0.0109703	0.0106704	-0.0132233	0.999856
2.46667	0.160501	0.972365	-1.99958	0.0231698	0.999616	0.0152051	-0.999636	0.0229543	0.0141978	0.0138433	-0.0155286	0.999784
2.5	0.1607	0.972164	-1.99999	0.0235127	0.999573	0.0173626	-0.999583	0.0232151	0.0171488	0.0167384	-0.0177586	0.999702
2.53333	0.161122	0.971921	-2.00042	0.0243236	0.999492	0.0206088	-0.999523	0.0239221	0.0195066	0.0190037	-0.0210735	0.999597
2.56667	0.161486	0.971655	-2.00084	0.0253253	0.999405	0.0233955	-0.999479	0.0248446	0.0206131	0.0200196	-0.0239054	0.999514
2.6	0.161946	0.971439	-2.00136	0.0262016	0.999303	0.0265991	-0.999474	0.0256795	0.0197817	0.0190849	-0.0271034	0.99945
2.63333	0.162387	0.971276	-2.00197	0.0274084	0.99919	0.0294534	-0.999485	0.0269015	0.017474	0.0166675	-0.0299171	0.999413
2.66667	0.162664	0.971244	-2.0025	0.0282761	0.999083	0.032147	-0.999511	0.0278293	0.0142618	0.0133541	-0.0325346	0.999381
2.7	0.163037	0.971189	-2.00296	0.0291003	0.998981	0.0344874	-0.999533	0.0287587	0.0103613	0.00935891	-0.0347728	0.999351
2.73333	0.163122	0.971213	-2.00346	0.0292372	0.998927	0.0359222	-0.999556	0.0290107	0.00681095	0.00576151	-0.0361054	0.999331
2.76667	0.163345	0.97124	-2.00379	0.0298455	0.998863	0.0371756	-0.99955	0.0297076	0.00425731	0.00314807	-0.0372859	0.9993
2.8	0.163436	0.971281	-2.00397	0.0297953	0.99884	0.0378174	-0.999555	0.0297168	0.00263632	0.00150945	-0.0378791	0.999281
2.83333	0.16338	0.97134	-2.00401	0.0296544	0.998836	0.0380304	-0.99956	0.0296054	0.00185073	0.00072267	-0.0380686	0.999275
2.86667	0.163169	0.97148	-2.00389	0.029291	0.998885	0.0370309	-0.999571	0.0292452	0.00177646	0.000691499	-0.037067	0.999313
2.9	0.163083	0.971727	-2.00368	0.0289195	0.998937	0.0359071	-0.999581	0.0288553	0.00230508	0.00126652	-0.0359587	0.999352
2.93333	0.162936	0.972032	-2.00356	0.0284323	0.998992	0.0347488	-0.999594	0.0283451	0.00300076	0.00201277	-0.03482	0.999392
2.96667	0.162821	0.972336	-2.0035	0.0280112	0.99903	0.0339708	-0.999604	0.0278989	0.00377556	0.00282415	-0.0340631	0.999416
3	0.162706	0.97257	-2.00353	0.0278167	0.999046	0.0336648	-0.999608	0.027695	0.00407615	0.00313992	-0.0337649	0.999425
3.03333	0.162627	0.97278	-2.00356	0.0278657	0.999029	0.0341214	-0.999606	0.0277312	0.00441041	0.0034599	-0.0342308	0.999408
3.06667	0.162664	0.972872	-2.00352	0.0281224	0.998972	0.0355623	-0.999598	0.0279781	0.00454854	0.0035489	-0.0356759	0.999357
3.1	0.162872	0.972969	-2.00349	0.0290178	0.998847	0.0382473	-0.999574	0.0288714	0.00437393	0.00326463	-0.0383579	0.999259
3.13333	0.162929	0.973076	-2.00339	0.0293087	0.998725	0.0411011	-0.999568	0.0291955	0.00334984	0.0021456	-0.0411816	0.999149
3.16667	0.162956	0.97321	-2.00323	0.0297415	0.998575	0.0443177	-0.999557	0.02968	0.00204603	0.000727768	-0.0443589	0.999015
3.2	0.163027	0.973364	-2.00296	0.0301075	0.998398	0.0479129	-0.999547	0.0300873	0.00114454	-0.000298864	-0.0479256	0.998851
3.23333	0.163087	0.973501	-2.00265	0.0301854	0.998208	0.0516657	-0.999544	0.0301986	0.000525266	-0.0010359	-0.0516579	0.998664
3.26667	0.163154	0.973608	-2.00239	0.0304605	0.998	0.0553975	-0.999535	0.0304815	0.000465565	-0.00122396	-0.0553859	0.998464
3.3	0.163118	0.973705	-2.0021	0.0305536	0.997836	0.0582192	-0.999533	0.0305486	0.000977236	-0.00080339	-0.0582218	0.998303
3.33333	0.162955	0.973735	-2.00181	0.0309316	0.997711	0.0601273	-0.999521	0.0308986	0.00147862	-0.000382619	-0.0601443	0.99819
3.36667	0.162722	0.973752	-2.00141	0.0312787	0.997644	0.061053	-0.999511	0.0311969	0.00229264	0.000382576	-0.0610948	0.998132
3.4	0.162315	0.973746	-2.00099	0.0312324	0.997653	0.060938	-0.999511	0.0310906	0.00327372	0.00137143	-0.0610105	0.998136
3.43333	0.161959	0.973713	-2.00058	0.0310692	0.997643	0.0611809	-0.999515	0.0308915	0.00384884	0.0019498	-0.0612708	0.998119
3.46667	0.161525	0.973673	-2.00014	0.0308193	0.997684	0.0606414	-0.999522	0.0306214	0.00419003	0.0023234	-0.0607415	0.998151
3.5	0.16107	0.973662	-1.99966	0.0307738	0.997748	0.0595905	-0.999523	0.0305665	0.0043872	0.00255585	-0.0596971	0.998213
3.53333	0.160692	0.973619	-1.99934	0.0310194	0.997749	0.0594485	-0.999517	0.0308481	0.0037966	0.00195418	-0.0595375	0.998224
3.56667	0.16034	0.973625	-1.99902	0.0314053	0.997794	0.0584905	-0.999506	0.0312676	0.0032667	0.00143063	-0.0585642	0.998283
3.6	0.160115	0.973629	-1.99868	0.0315155	0.997809	0.0581638	-0.999503	0.0314047	0.00281794	0.000985155	-0.0582237	0.998303
3.63333	0.159977	0.973634	-1.99841	0.0319378	0.997812	0.0578918	-0.99949	0.0318364	0.00267369	0.000824771	-0.0579477	0.998319
3.66667	0.159771	0.973595	-1.99824	0.0320643	0.997844	0.0572647	-0.999486	0.0319761	0.00245464	0.000618242	-0.0573139	0.998356
3.7	0.159726	0.973592	-1.9981	0.0321144	0.997863	0.0569041	-0.999484	0.0320171	0.0026223	0.000794796	-0.056959	0.998376
3.73333	0.159809	0.973578	-1.99806	0.0320875	0.997857	0.0570293	-0.999485	0.0319879	0.00265744	0.000827493	-0.0570852	0.998369
3.76667	0.160009	0.973585	-1.99803	0.0319707	0.997864	0.0569728	-0.999488	0.0318661	0.00274465	0.000923287	-0.0570314	0.998372
3.8	0.160235	0.973549	-1.998	0.0318404	0.997893	0.0565301	-0.999493	0.0317481	0.00253076	0.000730703	-0.056582	0.998398
3.83333	0.16061	0.973511	-1.99802	0.0316365	0.997917	0.0562286	-0.999499	0.0315627	0.00219997	0.000420657	-0.05627	0.998415
3.86667	0.161124	0.973478	-1.99798	0.0313711	0.997945	0.0558643	-0.999508	0.0313013	0.00212403	0.000371039	-0.0559035	0.998436
3.9	0.161636	0.973463	-1.99802	0.0309625	0.997989	0.0553033	-0.99952	0.0308888	0.00218577	0.000473121	-0.0553444	0.998467
3.93333	0.162318	0.973439	-1.99801	0.0305119	0.998026	0.0548928	-0.999534	0.0304337	0.00225897	0.000583915	-0.0549362	0.99849
3.96667	0.163047	0.973426	-1.99795	0.02996	0.998083	0.0541465	-0.999551	0.0298622	0.00261555	0.000993607	-0.0542006	0.99853
4	0.163982	0.973386	-1.99792	0.0295548	0.998119	0.053721	-0.999562	0.0294486	0.00276664	0.00117942	-0.0537793	0.998552
4.03333	0.164881	0.973338	-1.99783	0.0289773	0.99819	0.0526963	-0.999579	0.0288565	0.00305189	0.00152573	-0.0527626	0.998606
4.06667	0.165891	0.973311	-1.99772	0.0284922	0.998268	0.0514685	-0.999592	0.0283407	0.00367018	0.00220517	-0.0515521	0.998668
4.1	0.166904	0.973201	-1.99763	0.0276494	0.998346	0.0504008	-0.999615	0.0274965	0.0037238	0.0023318	-0.0504843	0.998722
4.13333	0.168023	0.97317	-1.99751	0.0272862	0.99844	0.0487204	-0.999624	0.027123	0.00400852	0.00268082	-0.0488115	0.998804
4.16667	0.169042	0.973111	-1.99733	0.0261124	0.998574	0.0465646	-0.999655	0.0259469	0.00415449	0.00294036	-0.046657	0.998907
4.2	0.170189	0.97305	-1.99725	0.0254882	0.998654	0.0451771	-0.999671	0.0253309	0.00405122	0.00290139	-0.0452655	0.998971
4.23333	0.171399	0.972994	-1.99713	0.0248438	0.99874	0.0436065	-0.999687	0.0246871	0.00412822	0.0030465	-0.0436954	0.99904
4.26667	0.172688	0.972945	-1.997	0.0242609	0.99882	0.0420709	-0.9997	0.0241006	0.00431386	0.00329484	-0.042163	0.999105
4.3	0.174133	0.972845	-1.99683	0.0236254	0.998869	0.0412528	-0.999715	0.0234684	0.00428693	0.00331394	-0.0413423	0.99914
4.33333	0.17566	0.972811	-1.99667	0.0230781	0.998932	0.040035	-0.999727	0.0229118	0.0046068	0.00368461	-0.0401303	0.999188
4.36667	0.177261	0.97278	-1.99628	0.0222383	0.998916	0.0408975	-0.999743	0.022037	0.00536629	0.00445921	-0.0410064	0.999149
4.4	0.178903	0.9727	-1.99604	0.0216555	0.998966	0.0399715	-0.999754	0.0214423	0.00575497	0.00489194	-0.0400863	0.999184
4.43333	0.18056	0.972646	-1.99565	0.0208433	0.999008	0.0393447	-0.999767	0.0206032	0.00649771	0.00568064	-0.0394709	0.999205
4.46667	0.182406	0.97253	-1.99509	0.0198881	0.999027	0.0393625	-0.99978	0.0196123	0.00738092	0.00660175	-0.0395007	0.999198
4.5	0.184292	0.972464	-1.99428	0.0188752	0.999058	0.0390869	-0.999787	0.0185359	0.00902413	0.00829111	-0.0392489	0.999195
4.53333	0.186458	0.972318	-1.99346	0.017331	0.999051	0.0399484	-0.999799	0.0169116	0.0108116	0.0101258	-0.0401277	0.999143
4.56667	0.188659	0.972221	-1.99225	0.01611	0.999041	0.0407067	-0.999776	0.0155377	0.0143366	0.0136903	-0.0409286	0.999068
4.6	0.191141	0.972135	-1.99097	0.0144775	0.998992	0.0424956	-0.999723	0.0136729	0.0191635	0.0185631	-0.0427612	0.998913
4.63333	0.193923	0.971892	-1.98959	0.0120593	0.998881	0.0457408	-0.999643	0.0109528	0.0243634	0.0238351	-0.0460183	0.998656
4.66667	0.196575	0.971563	-1.98787	0.00954616	0.99878	0.0484399	-0.999501	0.0080727	0.0305232	0.030095	-0.0487071	0.99836
4.7	0.199305	0.971268	-1.9858	0.00657817	0.998631	0.0518925	-0.999274	0.0046167	0.0378283	0.0375369	-0.0521037	0.997936
4.73333	0.202106	0.970841	-1.98349	0.00283213	0.99837	0.056997	-0.998971	0.000244549	0.0453545	0.0452666	-0.0570668	0.997344
4.76667	0.204699	0.970215	-1.98076	-1.3831e-06	0.998036	0.0626434	-0.998529	-0.00339822	0.0541184	0.054225	-0.0625511	0.996568
4.8	0.206904	0.969264	-1.97756	-0.00230412	0.997541	0.0700523	-0.997802	-0.006933	0.0659063	0.0662299	-0.0697465	0.995364
4.83333	0.208532	0.967996	-1.97396	-0.00540083	0.996817	0.0795347	-0.996783	-0.011727	0.0792889	0.0799693	-0.0788506	0.993674
4.86667	0.209188	0.967093	-1.96982	-0.0155316	0.996153	0.0862424	-0.995603	-0.0233766	0.0907141	0.0923812	-0.0844542	0.992136
4.9	0.209188	0.96697	-1.96602	-0.0326746	0.995294	0.0912262	-0.994555	-0.0414154	0.095629	0.0989571	-0.0876048	0.991228
4.93333	0.209044	0.967511	-1.96285	-0.0498832	0.994288	0.0943543	-0.993735	-0.0588707	0.0950014	0.100013	-0.0890242	0.990995
4.96667	0.20982	0.968342	-1.95976	-0.0643913	0.992933	0.0996865	-0.993205	-0.0734699	0.0902523	0.0969385	-0.0931977	0.990917
5	0.212831	0.969043	-1.95554	-0.0752425	0.990607	0.114177	-0.992794	-0.0851295	0.0843394	0.093267	-0.107008	0.989874
5.03333	0.217264	0.969267	-1.95038	-0.0827441	0.987677	0.132844	-0.992492	-0.093718	0.0785903	0.0900717	-0.125344	0.988016
5.06667	0.221453	0.968773	-1.94523	-0.0854637	0.985653	0.145548	-0.992745	-0.0966422	0.0715364	0.0845762	-0.138378	0.986762
5.1	0.224017	0.96791	-1.94007	-0.0873716	0.984982	0.14892	-0.99313	-0.0978062	0.0642357	0.0778362	-0.142284	0.986761
5.13333	0.224827	0.966699	-1.93454	-0.0899308	0.985196	0.145948	-0.993569	-0.0988707	0.0551879	0.0688009	-0.140046	0.987752
5.16667	0.224636	0.965355	-1.92809	-0.0933745	0.98592	0.138716	-0.993891	-0.100536	0.0455322	0.058837	-0.133617	0.989285
5.2	0.223835	0.96384	-1.92064	-0.0972031	0.986839	0.129228	-0.994116	-0.102504	0.03501	0.0477957	-0.125065	0.990997
5.23333	0.222407	0.962272	-1.91216	-0.100822	0.987828	0.118454	-0.994239	-0.104393	0.0243262	0.0363959	-0.115319	0.992662
5.26667	0.220436	0.960435	-1.90212	-0.103599	0.989012	0.105464	-0.994305	-0.105648	0.0140199	0.0250079	-0.103411	0.994324
5.3	0.217849	0.958413	-1.89057	-0.106824	0.990026	0.0918529	-0.994173	-0.107696	0.00458288	0.0144294	-0.0908281	0.995762
5.33333	0.215032	0.956024	-1.87708	-0.108362	0.990874	0.0801611	-0.994098	-0.108434	-0.00346589	0.00525795	-0.0800636	0.996776
5.36667	0.2118	0.953158	-1.86139	-0.107124	0.991634	0.0720135	-0.994244	-0.106697	-0.00975662	-0.00199138	-0.0726441	0.997356
5.4	0.20835	0.949928	-1.84333	-0.104204	0.992207	0.0683147	-0.994533	-0.103492	-0.0138968	-0.0067185	-0.0693893	0.997567
5.43333	0.204741	0.9467	-1.82264	-0.104248	0.992002	0.071166	-0.994527	-0.103483	-0.0143639	-0.0068845	-0.0722739	0.997361
5.46667	0.200658	0.94507	-1.80015	-0.113633	0.990749	0.0741919	-0.993508	-0.112908	-0.0139177	-0.00541207	-0.0752918	0.997147
5.5	0.19635	0.94651	-1.77754	-0.13093	0.98883	0.0712185	-0.991371	-0.130126	-0.0158362	-0.00639195	-0.0726774	0.997335
5.53333	0.192051	0.949799	-1.75525	-0.137731	0.98802	0.0696128	-0.990444	-0.136882	-0.0168414	-0.0071109	-0.0712672	0.997432
5.56667	0.186799	0.953389	-1.73352	-0.135757	0.988229	0.070517	-0.990735	-0.135147	-0.0133702	-0.00368269	-0.0716788	0.997421
5.6	0.180047	0.95575	-1.71208	-0.136571	0.98842	0.0661357	-0.990625	-0.136481	-0.00589862	0.00319596	-0.0663212	0.997793
5.63333	0.172527	0.956238	-1.69225	-0.142913	0.987888	0.0604355	-0.989708	-0.143093	-0.00137393	0.00729059	-0.0600099	0.998171
5.66667	0.167566	0.954722	-1.67495	-0.148214	0.986291	0.0725482	-0.988937	-0.148255	-0.00485048	0.00597165	-0.0724646	0.997353
5.7	0.166781	0.95203	-1.65886	-0.147537	0.983216	0.107322	-0.989033	-0.147413	-0.00913983	0.00683419	-0.107494	0.994182
5.73333	0.167504	0.949656	-1.64297	-0.138515	0.980039	0.142612	-0.99028	-0.138895	-0.00733227	0.0126222	-0.142241	0.989752
5.76667	0.168167	0.948636	-1.62729	-0.121608	0.978665	0.165607	-0.992448	-0.12259	-0.00431961	0.0160743	-0.164881	0.986182
5.8	0.168191	0.949469	-1.61211	-0.0962475	0.979229	0.178458	-0.995224	-0.0976142	-0.0011272	0.0163163	-0.177714	0.983947
5.83333	0.167866	0.951375	-1.59725	-0.0659651	0.980507	0.18508	-0.997683	-0.0679038	0.0041488	0.0166356	-0.184378	0.982715
5.86667	0.16716	0.953155	-1.58194	-0.0352795	0.982012	0.185491	-0.999241	-0.0377248	0.00966897	0.0164927	-0.185009	0.982598
5.9	0.166108	0.954122	-1.56565	-0.00624045	0.983859	0.178838	-0.999873	-0.00875654	0.0132832	0.0146348	-0.178733	0.983789
5.93333	0.16521	0.954184	-1.54818	0.0211902	0.986213	0.164119	-0.999697	0.018848	0.0158153	0.0125039	-0.164404	0.986314
5.96667	0.165253	0.953511	-1.52879	0.0466375	0.988216	0.145787	-0.998843	0.0444154	0.0184623	0.0117696	-0.146479	0.989144
6	0.167491	0.952222	-1.50888	0.0707482	0.988468	0.133889	-0.997453	0.06888	0.0185402	0.00910413	-0.134859	0.990823
6.03333	0.171741	0.950139	-1.49003	0.0909502	0.986471	0.136396	-0.995854	0.0898247	0.0143967	0.00195018	-0.13714	0.99055
6.06667	0.176134	0.947221	-1.47194	0.107124	0.98346	0.146054	-0.994215	0.107106	0.0080067	-0.00776905	-0.146067	0.989244
6.1	0.179876	0.943609	-1.45227	0.121929	0.981094	0.150295	-0.992443	0.122621	0.00468893	-0.013829	-0.149731	0.98863
6.13333	0.181607	0.939429	-1.42876	0.124601	0.982635	0.137488	-0.99213	0.125115	0.00492873	-0.0123587	-0.13702	0.990491
6.16667	0.181829	0.935616	-1.4013	0.11984	0.987054	0.106596	-0.992786	0.119558	0.00905173	-0.0038099	-0.106912	0.994261
6.2	0.184268	0.93417	-1.37393	0.124414	0.988048	0.0910047	-0.992214	0.123362	0.0171156	0.00568448	-0.0924255	0.995703
6.23333	0.186173	0.93658	-1.34564	0.130515	0.988471	0.0767471	-0.991356	0.129068	0.0235436	0.0133666	-0.0791565	0.996773
6.26667	0.188015	0.942834	-1.31694	0.141675	0.987891	0.0632398	-0.989634	0.139826	0.0327724	0.023533	-0.0672272	0.99746
6.3	0.189832	0.949843	-1.28848	0.141152	0.988238	0.0588295	-0.989332	0.138646	0.0447265	0.036044	-0.0645151	0.997266
6.33333	0.190886	0.954716	-1.26011	0.130086	0.99018	0.0511907	-0.990099	0.126982	0.0598298	0.052742	-0.0584669	0.996895
6.36667	0.189681	0.956686	-1.23349	0.115956	0.992711	0.0328403	-0.990463	0.113089	0.0787021	0.0744146	-0.0416531	0.996357
6.4	0.187172	0.955357	-1.21433	0.110016	0.993884	-0.00950642	-0.990119	0.110426	0.0864356	0.0869567	-9.68306e-05	0.996212
6.43333	0.188931	0.952746	-1.19625	0.122481	0.991534	-0.0431215	-0.989044	0.12555	0.0776496	0.0824061	0.0331385	0.996048
6.46667	0.190846	0.951657	-1.17688	0.121639	0.990382	-0.0659323	-0.989393	0.126296	0.0717711	0.0794078	0.0565027	0.99524
6.5	0.192285	0.952739	-1.15695	0.103829	0.991692	-0.0759405	-0.991874	0.108887	0.0658048	0.073527	0.0684909	0.994939
6.53333	0.193555	0.955417	-1.13677	0.0740488	0.99476	-0.0704914	-0.995042	0.0784056	0.0611861	0.0663925	0.0656112	0.995634
6.56667	0.194432	0.958335	-1.11636	0.0386026	0.997743	-0.0549427	-0.997334	0.0418776	0.0597611	0.0619271	0.0524892	0.9967
6.6	0.19499	0.960326	-1.09471	0.00384009	0.999407	-0.0342253	-0.998244	0.00585442	0.0589505	0.0591159	0.0339388	0.997674
6.63333	0.19611	0.961259	-1.07065	-0.0310951	0.999502	-0.00543744	-0.997819	-0.0307249	0.058427	0.0582308	0.00724237	0.998277
6.66667	0.200619	0.960983	-1.04364	-0.0594555	0.997591	0.0357262	-0.99637	-0.0614912	0.0588768	0.0609319	-0.0320959	0.997626
6.7	0.208601	0.958512	-1.01927	-0.0652388	0.995752	0.0649769	-0.995927	-0.0690347	0.0579953	0.0622346	-0.0609287	0.9962
6.73333	0.213128	0.954182	-0.999539	-0.0531563	0.997111	0.054262	-0.99722	-0.0558468	0.0493325	0.0522203	-0.0514888	0.997307
6.76667	0.214349	0.94882	-0.978839	-0.0393499	0.998732	0.031416	-0.998524	-0.0404807	0.03621	0.0374358	-0.0299448	0.99885
6.8	0.214216	0.942538	-0.95394	-0.028775	0.999393	0.0196271	-0.999176	-0.02932	0.0280683	0.0286267	-0.0188033	0.999413
6.83333	0.212881	0.936258	-0.925629	-0.0330647	0.999241	0.0205771	-0.999023	-0.0336473	0.0286375	0.0293081	-0.0196101	0.999378
6.86667	0.210124	0.931025	-0.893292	-0.0512183	0.998083	0.0347456	-0.997941	-0.052494	0.0368566	0.0386099	-0.0327863	0.998716
6.9	0.207549	0.928276	-0.858816	-0.0746064	0.995475	0.0588535	-0.996057	-0.0772315	0.043665	0.0480127	-0.0553638	0.997311
6.93333	0.204822	0.929733	-0.82367	-0.110375	0.990535	0.0815967	-0.992952	-0.113465	0.0342327	0.043167	-0.0772432	0.996077
6.96667	0.200567	0.93453	-0.78884	-0.146556	0.984846	0.0927315	-0.988445	-0.149466	0.0252152	0.0386933	-0.0879646	0.995372
7	0.195005	0.939855	-0.75658	-0.158045	0.983452	0.088564	-0.986709	-0.160724	0.0239351	0.0377733	-0.0836041	0.995783
7.03333	0.188408	0.943496	-0.727029	-0.15927	0.983698	0.083496	-0.986427	-0.16199	0.0268381	0.0399262	-0.0780882	0.996147
7.06667	0.183303	0.944056	-0.700344	-0.158813	0.983281	0.0890915	-0.986393	-0.161904	0.0285602	0.0425069	-0.0833435	0.995614
7.1	0.180992	0.94259	-0.674502	-0.156023	0.982793	0.0988621	-0.986714	-0.159666	0.0300227	0.045291	-0.0928645	0.994648
7.13333	0.179621	0.940629	-0.648816	-0.147123	0.982881	0.110903	-0.988107	-0.151115	0.0284529	0.0447249	-0.105398	0.993424
7.16667	0.178566	0.939459	-0.624152	-0.127348	0.984186	0.123132	-0.99091	-0.13167	0.0275933	0.0433697	-0.118498	0.992007
7.2	0.177328	0.940127	-0.600867	-0.103288	0.986696	0.125547	-0.993595	-0.10817	0.0326862	0.0458317	-0.121367	0.991549
7.23333	0.175675	0.941978	-0.578824	-0.0736597	0.990504	0.11609	-0.996067	-0.0788172	0.0404749	0.0492405	-0.112652	0.992414
7.26667	0.174288	0.94372	-0.556561	-0.0407323	0.993202	0.109045	-0.997832	-0.0460805	0.046983	0.0516885	-0.106895	0.992926
7.3	0.172542	0.944476	-0.533688	-0.00926447	0.994998	0.0994636	-0.998721	-0.0141508	0.0485345	0.0496992	-0.0988868	0.993857
7.33333	0.170193	0.944183	-0.509534	0.0164001	0.996504	0.0819145	-0.998804	0.0125526	0.0472651	0.0460716	-0.0825917	0.995518
7.36667	0.168561	0.942892	-0.483731	0.0350486	0.997517	0.0610792	-0.998428	0.032275	0.0458202	0.0437351	-0.0625891	0.997081
7.4	0.169245	0.940807	-0.457058	0.0502748	0.997686	0.0457786	-0.997866	0.0482655	0.0439871	0.0416758	-0.0478924	0.997983
7.43333	0.172462	0.937918	-0.431479	0.0620827	0.996853	0.0492926	-0.997475	0.0602638	0.037566	0.0344772	-0.0515003	0.998078
7.46667	0.175888	0.934559	-0.406305	0.0755944	0.995248	0.0613829	-0.996798	0.0738168	0.0307319	0.0260547	-0.0635095	0.997641
7.5	0.177718	0.930833	-0.379078	0.086362	0.993996	0.0671784	-0.996017	0.0846435	0.0280253	0.0221708	-0.0693311	0.997347
7.53333	0.17713	0.927163	-0.34766	0.0891143	0.994656	0.0521401	-0.995682	0.0875961	0.0307164	0.025985	-0.0546523	0.998167
7.56667	0.176424	0.924695	-0.313437	0.0960202	0.994857	0.0322335	-0.994728	0.0947352	0.039273	0.0360173	-0.0358346	0.998708
7.6	0.176137	0.925422	-0.278718	0.112584	0.993398	0.0220073	-0.992767	0.111528	0.0444515	0.0417036	-0.0268527	0.998769
7.63333	0.174912	0.930477	-0.243271	0.143538	0.989561	0.0128679	-0.98828	0.142645	0.0543654	0.0519623	-0.0205205	0.998438
7.66667	0.173024	0.937047	-0.208739	0.158108	0.987352	0.0117258	-0.985079	0.156905	0.0707169	0.0679826	-0.0227318	0.997428
7.7	0.169085	0.94157	-0.176041	0.145967	0.989285	-0.00281674	-0.98516	0.145617	0.0908545	0.0902912	-0.0104868	0.99586
7.73333	0.16288	0.941804	-0.149501	0.128355	0.99054	-0.0485331	-0.985478	0.132879	0.105713	0.111162	0.0342595	0.993212
7.76667	0.160783	0.938534	-0.127111	0.138397	0.986189	-0.0909824	-0.983524	0.147646	0.104313	0.116305	0.0750469	0.990374
7.8	0.160325	0.936093	-0.103486	0.142235	0.98315	-0.114826	-0.983253	0.153689	0.0979452	0.113942	0.098972	0.988545
7.83333	0.159134	0.93611	-0.0803456	0.127655	0.982785	-0.133562	-0.986067	0.14024	0.0894689	0.106659	0.12028	0.986994
7.86667	0.157842	0.938333	-0.0573772	0.100521	0.985406	-0.137367	-0.990132	0.112628	0.0833923	0.0976467	0.127629	0.987004
7.9	0.15627	0.941627	-0.0338295	0.0595335	0.990573	-0.123371	-0.994108	0.070048	0.0827172	0.0905793	0.11772	0.988907
7.93333	0.154653	0.944215	-0.00971843	0.0162257	0.994873	-0.0998175	-0.996394	0.0244034	0.0812597	0.083279	0.0981391	0.991682
7.96667	0.152935	0.945392	0.0163162	-0.0233072	0.99716	-0.0716095	-0.996715	-0.0176203	0.0790451	0.0775589	0.0732166	0.994296
8	0.152416	0.945183	0.0442754	-0.0592121	0.997638	-0.0348069	-0.995442	-0.0563983	0.0769119	0.0747672	0.0392023	0.99643
8.03333	0.155441	0.943571	0.073188	-0.0877612	0.996111	0.00783504	-0.993216	-0.0881031	0.0758915	0.0762866	-0.00112156	0.997085
8.06667	0.159798	0.939728	0.0979646	-0.0911252	0.995523	0.0251199	-0.993156	-0.0927014	0.0710524	0.073063	-0.0184733	0.997156
8.1	0.160746	0.934184	0.119594	-0.0733013	0.997208	0.0142477	-0.995505	-0.0740203	0.0590836	0.0599732	-0.00985276	0.998151
8.13333	0.159208	0.927908	0.142556	-0.050804	0.998707	0.00202612	-0.997638	-0.0508434	0.0461909	0.0462341	0.000325347	0.998931
8.16667	0.155943	0.921808	0.169623	-0.0382315	0.99926	0.00417168	-0.998483	-0.0383667	0.0395007	0.0396315	-0.00265518	0.999211
8.2	0.151098	0.916821	0.2013	-0.0453037	0.998711	0.0228864	-0.998085	-0.0462176	0.0411197	0.0421245	-0.0209797	0.998892
8.23333	0.14545	0.914496	0.235371	-0.0727332	0.99627	0.046442	-0.996351	-0.0746663	0.0413396	0.0446531	-0.0432658	0.998065
8.26667	0.139527	0.916187	0.268673	-0.111592	0.992144	0.0565538	-0.992974	-0.113578	0.0331988	0.0393613	-0.0524517	0.997847
8.3	0.132772	0.921173	0.300412	-0.146561	0.987372	0.060141	-0.988658	-0.148226	0.0241944	0.0328034	-0.0559129	0.997897
8.33333	0.125499	0.926539	0.329313	-0.15628	0.98578	0.0617589	-0.98725	-0.157815	0.0207787	0.0302297	-0.0577242	0.997875
8.36667	0.117672	0.93032	0.355551	-0.159011	0.984995	0.0670914	-0.986776	-0.160728	0.0209886	0.0314572	-0.0628668	0.997526
8.4	0.110853	0.931305	0.378726	-0.161349	0.983806	0.078058	-0.986348	-0.163393	0.0205041	0.0329261	-0.073684	0.996738
8.43333	0.107233	0.930242	0.401101	-0.158494	0.982478	0.098066	-0.986725	-0.161171	0.0199503	0.0354061	-0.0936021	0.99498
8.46667	0.1052	0.928601	0.423356	-0.148159	0.981461	0.121584	-0.988299	-0.151443	0.0181812	0.0362572	-0.117467	0.992415
8.5	0.103692	0.927766	0.444665	-0.131726	0.980742	0.144198	-0.990667	-0.135385	0.0158215	0.035039	-0.140768	0.989422
8.53333	0.101978	0.928479	0.464463	-0.111149	0.981712	0.154558	-0.993252	-0.114919	0.0156457	0.0331212	-0.151776	0.98786
8.56667	0.100324	0.930538	0.483509	-0.0839041	0.984433	0.154438	-0.996015	-0.087553	0.0169672	0.0302246	-0.152399	0.987857
8.6	0.0985351	0.932833	0.502889	-0.0523799	0.987255	0.150279	-0.998238	-0.0559668	0.0197362	0.0278953	-0.148981	0.988447
8.63333	0.096305	0.934286	0.52386	-0.0210331	0.989808	0.14085	-0.999431	-0.0245309	0.0231429	0.0263621	-0.140283	0.98976
8.66667	0.0940488	0.93432	0.546753	0.00474524	0.992088	0.125457	-0.999716	0.00177901	0.0237448	0.0233337	-0.125535	0.991815
8.7	0.0933182	0.932843	0.571984	0.0256339	0.993683	0.109261	-0.99945	0.0231755	0.0237107	0.0210287	-0.109809	0.99373
8.73333	0.0953533	0.929889	0.598365	0.0444448	0.993902	0.100916	-0.998814	0.0422	0.0242724	0.0198658	-0.101875	0.994599
8.76667	0.099181	0.925563	0.62403	0.0596591	0.992456	0.107111	-0.998098	0.05764	0.0218518	0.0155131	-0.108211	0.994007
8.8	0.102783	0.920497	0.650519	0.0779619	0.990065	0.117021	-0.99688	0.0759666	0.0214226	0.0123201	-0.118326	0.992898
8.83333	0.104846	0.914925	0.67983	0.0924361	0.988932	0.116053	-0.995588	0.0899054	0.0268659	0.0161348	-0.118024	0.99288
8.86667	0.105595	0.909665	0.713293	0.103695	0.990057	0.095051	-0.99428	0.100728	0.0355103	0.025583	-0.0981895	0.994839
8.9	0.107695	0.906966	0.748338	0.117868	0.989982	0.0777334	-0.992373	0.114582	0.0454672	0.0361048	-0.0824996	0.995937
8.93333	0.110168	0.909793	0.783804	0.137247	0.988574	0.0623254	-0.989662	0.134211	0.0505553	0.0416129	-0.0686197	0.996775
8.96667	0.112502	0.917548	0.818945	0.155237	0.986451	0.0530568	-0.986583	0.152062	0.0594159	0.050543	-0.0615685	0.996822
9	0.113796	0.926053	0.852288	0.151408	0.987273	0.0486557	-0.986153	0.147501	0.0758003	0.0676589	-0.0594588	0.995935
9.03333	0.11217	0.931412	0.882584	0.129924	0.991248	0.0234058	-0.987173	0.127108	0.0966079	0.0927872	-0.0356573	0.995047
9.06667	0.111315	0.931425	0.905417	0.118126	0.992779	-0.0208597	-0.987436	0.119659	0.103204	0.104955	0.00840656	0.994441
9.1	0.114325	0.928932	0.928963	0.132124	0.98998	-0.0498197	-0.985575	0.136567	0.0999589	0.105761	0.0358941	0.993744
9.13333	0.116715	0.927308	0.952702	0.135266	0.988286	-0.0706614	-0.985466	0.141591	0.0938548	0.10276	0.056939	0.993075
9.16667	0.118602	0.928241	0.975878	0.120271	0.989144	-0.0844359	-0.988343	0.127302	0.0835051	0.0933474	0.0734083	0.992924
9.2	0.120424	0.931317	0.998906	0.0923875	0.992528	-0.0797081	-0.992022	0.0986446	0.0785001	0.0857763	0.0718197	0.993722
9.23333	0.122158	0.934958	1.02253	0.055827	0.996837	-0.0565546	-0.995081	0.0601923	0.0786766	0.0818319	0.0518842	0.995295
9.26667	0.123824	0.937543	1.04693	0.0184952	0.999498	-0.0257252	-0.996806	0.0204323	0.0771968	0.0776836	0.0242152	0.996684
9.3	0.125789	0.938762	1.07325	-0.0153246	0.999847	0.00848837	-0.997159	-0.0159085	0.0736286	0.0737523	-0.00733592	0.99725
9.33333	0.12956	0.938927	1.1019	-0.0480062	0.99755	0.0508942	-0.996097	-0.05159	0.0716133	0.0740635	-0.0472577	0.996133
9.36667	0.137644	0.937601	1.13053	-0.0704954	0.992804	0.0967981	-0.994385	-0.0776206	0.0719278	0.0789238	-0.091184	0.992702
9.4	0.145727	0.933843	1.15406	-0.0652909	0.991739	0.110408	-0.994979	-0.0731137	0.0683532	0.0758609	-0.105391	0.991533
9.43333	0.14958	0.928459	1.17573	-0.0436106	0.994378	0.0964957	-0.997213	-0.0491798	0.0561089	0.060539	-0.0937798	0.993751
9.46667	0.151286	0.922402	1.20001	-0.0241165	0.996062	0.0853133	-0.998739	-0.027764	0.041829	0.0440329	-0.0841969	0.995476
9.5	0.15189	0.916475	1.22858	-0.0166284	0.995946	0.0884077	-0.999257	-0.0196285	0.0331752	0.034776	-0.0877903	0.995532
9.53333	0.151163	0.91138	1.26079	-0.0222777	0.994533	0.102023	-0.999081	-0.0258836	0.0341569	0.0366108	-0.101169	0.994195
9.56667	0.150004	0.907798	1.29626	-0.0353887	0.991097	0.128355	-0.998325	-0.0409403	0.0408735	0.0457645	-0.126693	0.990886
9.6	0.149579	0.906915	1.33221	-0.0578933	0.986224	0.154952	-0.997279	-0.064228	0.0361883	0.045642	-0.152435	0.987259
9.63333	0.14879	0.909913	1.3692	-0.103052	0.978435	0.179013	-0.993832	-0.108695	0.0219818	0.0409656	-0.175644	0.983601
9.66667	0.146826	0.915094	1.40418	-0.139219	0.971998	0.189309	-0.989538	-0.143858	0.0109145	0.0378425	-0.185809	0.981857
9.7	0.14364	0.919716	1.43533	-0.150751	0.96828	0.19927	-0.987797	-0.155521	0.00841396	0.0391377	-0.19557	0.979909
9.73333	0.141104	0.922069	1.4628	-0.151284	0.962294	0.226061	-0.987451	-0.157602	0.0100584	0.0453068	-0.221702	0.974061
9.76667	0.141379	0.922331	1.48743	-0.139695	0.955489	0.259857	-0.9888	-0.148531	0.0145839	0.0525316	-0.254909	0.965537
9.8	0.143158	0.921716	1.51157	-0.122031	0.948738	0.291557	-0.990991	-0.1328	0.0173601	0.0551891	-0.286812	0.956396
9.83333	0.143938	0.921333	1.53535	-0.103534	0.944838	0.310744	-0.993288	-0.114416	0.0169422	0.0515616	-0.306904	0.950343
9.86667	0.142868	0.921926	1.55784	-0.0818013	0.948501	0.306029	-0.995542	-0.0922303	0.0197495	0.0469575	-0.303049	0.951817
9.9	0.140631	0.923429	1.57939	-0.0601428	0.956696	0.284808	-0.997097	-0.0709297	0.0277029	0.0467046	-0.282315	0.958184
9.93333	0.137919	0.924972	1.60087	-0.0383241	0.965517	0.257504	-0.998182	-0.0489863	0.0351169	0.0465201	-0.25569	0.965639
9.96667	0.135016	0.926	1.6227	-0.0145954	0.973393	0.228677	-0.998927	-0.024248	0.0394577	0.0439528	-0.227856	0.972702
10	0.132193	0.926255	1.6445	0.00607243	0.979456	0.201567	-0.999141	-0.00232219	0.0413842	0.041002	-0.201645	0.9786
10.0333	0.129841	0.92594	1.66669	0.0228825	0.983949	0.176975	-0.998888	0.0152044	0.0446201	0.0412131	-0.1778	0.983203
10.0667	0.128246	0.924957	1.6893	0.0378802	0.987459	0.153261	-0.998393	0.0309284	0.0474924	0.0421567	-0.154813	0.987044
10.1	0.128017	0.923412	1.71242	0.0504033	0.989934	0.132251	-0.997821	0.0442703	0.0489132	0.042566	-0.134429	0.990009
10.1333	0.129325	0.921404	1.73554	0.0587633	0.991152	0.119014	-0.997468	0.053515	0.0468268	0.0400434	-0.121465	0.991788
10.1667	0.131551	0.918913	1.75844	0.0647117	0.991342	0.114251	-0.997355	0.0604533	0.0403556	0.0330994	-0.11656	0.992632
10.2	0.133802	0.916041	1.78188	0.0726018	0.991155	0.111091	-0.997012	0.0691772	0.0343817	0.0263926	-0.113256	0.993215
10.2333	0.13515	0.91267	1.80763	0.0773359	0.991704	0.102676	-0.996728	0.0744757	0.0314096	0.0235022	-0.104769	0.994219
10.2667	0.13525	0.909143	1.83641	0.0808801	0.993315	0.0823635	-0.996419	0.0785367	0.031311	0.0246332	-0.084601	0.99611
10.3	0.134955	0.907375	1.86727	0.0944807	0.993615	0.0616614	-0.995158	0.0925791	0.0330075	0.0270882	-0.0644814	0.997551
10.3333	0.134173	0.90957	1.89828	0.120929	0.991514	0.0477045	-0.992238	0.119333	0.034988	0.0289984	-0.0515652	0.998249
10.3667	0.13275	0.915122	1.92893	0.143761	0.988869	0.0383617	-0.988863	0.142036	0.0444407	0.0384972	-0.0443233	0.998275
10.4	0.130829	0.921033	1.95881	0.147414	0.988599	0.0306803	-0.987609	0.145437	0.0589576	0.0538233	-0.0389913	0.997789
10.4333	0.127844	0.924781	1.98827	0.139163	0.990181	0.0132206	-0.98738	0.137725	0.0781777	0.0755893	-0.0239332	0.996852
10.4667	0.122175	0.925615	2.01455	0.127952	0.991585	-0.0197067	-0.986596	0.129287	0.0995606	0.101271	0.0067036	0.994836
10.5	0.117309	0.923198	2.03334	0.127383	0.989526	-0.067911	-0.985369	0.134069	0.105228	0.113231	0.0535132	0.992127
10.5333	0.116393	0.920854	2.05193	0.132571	0.985853	-0.102559	-0.985131	0.142463	0.0960256	0.109278	0.0883037	0.990081
10.5667	0.115296	0.920745	2.07083	0.118381	0.984141	-0.132106	-0.98744	0.130694	0.0887727	0.10463	0.119938	0.987252
10.6	0.114493	0.922651	2.08997	0.0937524	0.984788	-0.1463	-0.990741	0.106777	0.0838545	0.0982003	0.137084	0.98568
10.6333	0.114014	0.925745	2.10949	0.0593905	0.988556	-0.138672	-0.993914	0.0714708	0.0838227	0.0927745	0.132849	0.986785
10.6667	0.1137	0.928585	2.12923	0.023054	0.992756	-0.117911	-0.995814	0.0332378	0.0851446	0.088447	0.115455	0.989367
10.7	0.113706	0.93027	2.15012	-0.00933462	0.995642	-0.0927851	-0.996146	-0.00116665	0.0876981	0.0872077	0.0932462	0.991816
10.7333	0.114018	0.930564	2.17199	-0.0352923	0.997348	-0.0636565	-0.995515	-0.0294899	0.089893	0.0877773	0.0665435	0.993915
10.7667	0.115428	0.929792	2.19521	-0.0583929	0.997783	-0.0319228	-0.994376	-0.0553039	0.0903198	0.0883541	0.0370173	0.995401
10.8	0.118875	0.928037	2.21874	-0.0757227	0.997129	-0.0002028	-0.993147	-0.0754021	0.0892953	0.0890236	0.00696309	0.996005
10.8333	0.123506	0.924951	2.24019	-0.0770737	0.996885	0.0167401	-0.993221	-0.0782341	0.0859745	0.0870163	-0.0100002	0.996157
