0	1	0	0	0	1	0	0	0	1
0.0333333	0.994021	0.0901329	-0.0616241	-0.106158	0.665815	-0.738527	-0.0255353	0.740653	0.671402
0.0666667	0.9934	0.0920834	-0.0683907	-0.110763	0.615186	-0.780563	-0.0298039	0.782986	0.621325
0.1	0.993266	0.091154	-0.0715027	-0.111765	0.591458	-0.798552	-0.0305004	0.801167	0.597663
0.133333	0.993355	0.0895285	-0.0723258	-0.111202	0.584585	-0.803676	-0.0296713	0.806378	0.590656
0.166667	0.99357	0.0877863	-0.0715043	-0.109663	0.589023	-0.800641	-0.0281677	0.803334	0.594862
0.2	0.993749	0.0864551	-0.0706328	-0.108455	0.597572	-0.794446	-0.0264757	0.79714	0.603213
0.233333	0.993852	0.0858455	-0.0699171	-0.107759	0.605076	-0.788842	-0.0254134	0.791526	0.610606
0.266667	0.993873	0.0858419	-0.0696296	-0.107682	0.609881	-0.785143	-0.0249324	0.78783	0.615387
0.3	0.993855	0.0861619	-0.0694866	-0.107837	0.612082	-0.783407	-0.0249683	0.786086	0.617613
0.333333	0.99385	0.086214	-0.0694902	-0.10791	0.61326	-0.782475	-0.0248447	0.785162	0.618792
0.366667	0.993853	0.0860983	-0.0695889	-0.107921	0.613428	-0.782342	-0.0246706	0.785044	0.618949
0.4	0.993846	0.0862094	-0.0695633	-0.107931	0.612221	-0.783285	-0.0249385	0.785973	0.617758
0.433333	0.993792	0.086178	-0.0703663	-0.108548	0.612325	-0.783119	-0.0244005	0.785895	0.617878
0.466667	0.99365	0.0866366	-0.0717926	-0.109847	0.608761	-0.785712	-0.0243669	0.788609	0.614412
0.5	0.993435	0.0873344	-0.0738844	-0.111802	0.604494	-0.788725	-0.0242201	0.791808	0.61029
0.533333	0.993233	0.0880426	-0.0757456	-0.113645	0.602244	-0.790181	-0.0239522	0.793442	0.608174
0.566667	0.993178	0.0881121	-0.0763814	-0.114227	0.603394	-0.78922	-0.0234518	0.792561	0.609342
0.6	0.993213	0.0879399	-0.0761182	-0.114004	0.606485	-0.78688	-0.0230336	0.790217	0.612394
0.633333	0.993289	0.0877724	-0.0753254	-0.113322	0.608157	-0.785687	-0.023152	0.78895	0.614022
0.666667	0.993393	0.0870361	-0.0747986	-0.112569	0.612236	-0.78262	-0.0223218	0.78587	0.617989
0.7	0.993416	0.086759	-0.0748195	-0.112377	0.610932	-0.783667	-0.0222805	0.786915	0.616659
0.733333	0.993391	0.0865108	-0.0754357	-0.112713	0.611051	-0.783525	-0.0216883	0.78685	0.616764
0.766667	0.993349	0.0867925	-0.0756565	-0.113057	0.610886	-0.783605	-0.0217936	0.786947	0.616636
0.8	0.993337	0.0864524	-0.0762118	-0.11325	0.609586	-0.784589	-0.0213719	0.787992	0.615315
0.833333	0.993354	0.085457	-0.0771081	-0.113291	0.607506	-0.786195	-0.0203423	0.789705	0.61315
0.866667	0.99328	0.0852576	-0.0782663	-0.114014	0.604666	-0.788277	-0.0198816	0.791903	0.610323
0.9	0.993132	0.0861645	-0.0791492	-0.115187	0.601447	-0.790565	-0.0205146	0.794253	0.607241
0.933333	0.993064	0.0856199	-0.080574	-0.115948	0.599716	-0.791768	-0.0194696	0.795619	0.605484
0.966667	0.993015	0.0855122	-0.0812982	-0.116436	0.598701	-0.792465	-0.0190921	0.796395	0.604475
1	0.993012	0.0854928	-0.0813499	-0.116453	0.5982	-0.79284	-0.0191186	0.796773	0.603976
1.03333	0.99298	0.0855967	-0.0816371	-0.116721	0.597191	-0.793561	-0.0191732	0.797519	0.602989
1.06667	0.992933	0.0859538	-0.0818313	-0.11712	0.598339	-0.792637	-0.0191673	0.796619	0.604177
1.1	0.992921	0.0862703	-0.0816438	-0.117174	0.598843	-0.792248	-0.0194558	0.796207	0.604712
1.13333	0.992949	0.0861982	-0.0813716	-0.116933	0.599669	-0.791659	-0.0194436	0.795592	0.60552
1.16667	0.992977	0.0863585	-0.0808613	-0.116672	0.601594	-0.790236	-0.0195979	0.794121	0.607444
1.2	0.993079	0.085709	-0.0803043	-0.115881	0.603589	-0.78883	-0.019139	0.792676	0.609343
1.23333	0.993097	0.0860789	-0.0796761	-0.115628	0.604362	-0.788275	-0.0197007	0.792046	0.610143
1.26667	0.993134	0.0863267	-0.0789414	-0.115214	0.60505	-0.787807	-0.0202453	0.791493	0.610842
1.3	0.993167	0.0867493	-0.0780635	-0.114784	0.605342	-0.787646	-0.0210726	0.791224	0.611163
1.33333	0.993221	0.0871107	-0.0769717	-0.114168	0.606363	-0.786949	-0.0218789	0.790402	0.612198
1.36667	0.993292	0.0873842	-0.0757307	-0.11341	0.608373	-0.785507	-0.0225684	0.788826	0.614202
1.4	0.993354	0.0877964	-0.0744277	-0.112675	0.609766	-0.784532	-0.0234956	0.787704	0.615606
1.43333	0.993397	0.0882804	-0.0732698	-0.112126	0.611924	-0.782928	-0.0242816	0.785974	0.617782
1.46667	0.993423	0.0886523	-0.0724682	-0.111762	0.613087	-0.78207	-0.024903	0.785025	0.618963
1.5	0.993431	0.0891278	-0.0717741	-0.111492	0.612515	-0.782556	-0.0257848	0.785418	0.618428
1.53333	0.993461	0.0892448	-0.0712032	-0.111156	0.613757	-0.78163	-0.0260549	0.784434	0.619664
1.56667	0.993472	0.0892259	-0.0710759	-0.111077	0.614736	-0.780873	-0.0259811	0.78367	0.620634
1.6	0.993486	0.0895437	-0.0704804	-0.110783	0.614039	-0.781462	-0.0266974	0.78418	0.619959
1.63333	0.993522	0.0894069	-0.0701527	-0.110467	0.614826	-0.780888	-0.0266852	0.783579	0.620719
1.66667	0.993524	0.0895861	-0.0698878	-0.110398	0.615648	-0.78025	-0.0268732	0.782912	0.621551
1.7	0.993511	0.0898157	-0.0697835	-0.110492	0.616594	-0.779489	-0.0269822	0.782141	0.622517
1.73333	0.993507	0.0902067	-0.069326	-0.110393	0.617019	-0.779167	-0.0275105	0.781761	0.622971
1.76667	0.993521	0.0902445	-0.0690749	-0.110269	0.618419	-0.778074	-0.0274998	0.78065	0.624363
1.8	0.993521	0.090626	-0.0685774	-0.110106	0.618086	-0.778361	-0.028153	0.780869	0.62406
1.83333	0.993527	0.0907856	-0.0682755	-0.10998	0.618387	-0.77814	-0.0284233	0.780613	0.624369
1.86667	0.993508	0.091233	-0.0679555	-0.11	0.618103	-0.778362	-0.0290088	0.780785	0.624126
1.9	0.993511	0.0915217	-0.0675246	-0.109843	0.618101	-0.778386	-0.0295022	0.780752	0.624144
1.93333	0.993507	0.0919018	-0.0670652	-0.109722	0.618145	-0.778369	-0.0300775	0.780674	0.624215
1.96667	0.993505	0.0923512	-0.0664722	-0.109511	0.617419	-0.778974	-0.030898	0.781194	0.623523
2	0.99351	0.0926358	-0.0660018	-0.109306	0.617059	-0.779289	-0.031463	0.781446	0.62318
2.03333	0.9935	0.0929932	-0.0656557	-0.109283	0.617689	-0.778792	-0.0318676	0.780905	0.623837
2.06667	0.993509	0.0932426	-0.0651609	-0.109043	0.617486	-0.778987	-0.0323989	0.781036	0.623645
2.1	0.993526	0.0935949	-0.0643888	-0.108681	0.618016	-0.778617	-0.0330812	0.780574	0.624187
2.13333	0.993556	0.0936868	-0.0637903	-0.108327	0.619358	-0.7776	-0.0333418	0.779499	0.625515
2.16667	0.993562	0.0940673	-0.0631412	-0.108052	0.619231	-0.777738	-0.0340608	0.779554	0.625409
2.2	0.993568	0.0944446	-0.0624751	-0.107785	0.619614	-0.777471	-0.0347175	0.779204	0.625808
2.23333	0.993611	0.094651	-0.0614629	-0.107209	0.621521	-0.776027	-0.0352513	0.777659	0.627698
2.26667	0.993709	0.0943315	-0.0603663	-0.106331	0.625444	-0.77299	-0.0351616	0.774546	0.63154
2.3	0.993834	0.0940614	-0.0587148	-0.105036	0.628943	-0.770324	-0.0355295	0.771741	0.634944
2.33333	0.994	0.0936621	-0.0564955	-0.103148	0.630782	-0.769074	-0.0363967	0.770287	0.636658
2.36667	0.994137	0.0931118	-0.054978	-0.101747	0.633394	-0.767111	-0.0366044	0.768207	0.639154
2.4	0.994184	0.0934171	-0.0535916	-0.100913	0.634191	-0.766562	-0.0376227	0.767512	0.63993
2.43333	0.994291	0.0927085	-0.0528261	-0.0999437	0.635764	-0.765386	-0.0373729	0.766296	0.6414
2.46667	0.994347	0.0923806	-0.0523489	-0.0994355	0.637209	-0.76425	-0.0372447	0.765135	0.642792
2.5	0.994356	0.0925015	-0.051956	-0.0992417	0.637823	-0.763762	-0.0375103	0.764608	0.643404
2.53333	0.994358	0.0928721	-0.0512458	-0.0989626	0.63836	-0.76335	-0.0381806	0.764115	0.64395
2.56667	0.994281	0.0944783	-0.0497848	-0.0987884	0.636621	-0.764823	-0.0405651	0.765367	0.642314
2.6	0.994214	0.0963232	-0.0475435	-0.098213	0.635873	-0.765519	-0.0435056	0.76576	0.641654
2.63333	0.994161	0.0984549	-0.044174	-0.0969116	0.634538	-0.766791	-0.0474643	0.766595	0.640374
2.66667	0.993997	0.10215	-0.0391782	-0.0954518	0.63471	-0.766833	-0.0534653	0.765969	0.64065
2.7	0.993921	0.104725	-0.0339688	-0.0931211	0.635058	-0.766831	-0.0587346	0.765333	0.640949
2.73333	0.993809	0.107431	-0.0283271	-0.0907199	0.637479	-0.765108	-0.0641382	0.762941	0.643279
2.76667	0.993856	0.108227	-0.0231937	-0.0877276	0.642464	-0.761278	-0.0674894	0.758635	0.648011
2.8	0.994034	0.107784	-0.016684	-0.0836643	0.6554	-0.750634	-0.0699716	0.747552	0.660508
2.83333	0.994579	0.10377	-0.0066981	-0.0765344	0.686889	-0.722721	-0.0703961	0.719316	0.691107
2.86667	0.995335	0.0961673	0.00775089	-0.0658653	0.736011	-0.673758	-0.0704982	0.670104	0.738912
2.9	0.996183	0.0838231	0.024349	-0.0525627	0.79877	-0.599337	-0.0696875	0.595769	0.800127
2.93333	0.996717	0.0695605	0.041438	-0.0386695	0.858603	-0.511181	-0.0711368	0.5079	0.858474
2.96667	0.996916	0.0545497	0.0564155	-0.0254869	0.904986	-0.424678	-0.0742213	0.42193	0.903585
3	0.996785	0.0405782	0.0690873	-0.0141152	0.937717	-0.347112	-0.0788696	0.345021	0.935275
3.03333	0.996711	0.0251466	0.0770409	-0.00396668	0.964639	-0.263545	-0.0809439	0.262373	0.961566
3.06667	0.996492	0.015786	0.0821834	0.00180721	0.977759	-0.209724	-0.0836663	0.209137	0.974301
3.1	0.996452	0.0080683	0.0837777	0.00626231	0.985528	-0.169396	-0.083932	0.16932	0.981981
3.13333	0.996256	-0.00150834	0.0864389	0.0120348	0.992532	-0.121388	-0.0856103	0.121974	0.988834
3.16667	0.996045	-0.00858092	0.0884365	0.0165013	0.995875	-0.0892226	-0.0873061	0.0903291	0.992078
3.2	0.99574	-0.0151271	0.0909607	0.0207321	0.997923	-0.0609947	-0.089849	0.0626207	0.993985
3.23333	0.99531	-0.0183413	0.0949867	0.0227122	0.998722	-0.0451412	-0.0940374	0.0470868	0.994455
3.26667	0.994866	-0.0217471	0.0988405	0.0248421	0.999235	-0.0301913	-0.0981083	0.0324917	0.994645
3.3	0.994339	-0.022531	0.103842	0.0251054	0.999407	-0.0235511	-0.10325	0.0260247	0.994315
3.33333	0.993758	-0.0219367	0.10938	0.0247672	0.999391	-0.0245865	-0.108774	0.0271421	0.993696
3.36667	0.993185	-0.0211069	0.114619	0.0241694	0.999385	-0.0253954	-0.114012	0.0279926	0.993085
3.4	0.992726	-0.0204843	0.118641	0.0238134	0.99936	-0.0267109	-0.118017	0.0293419	0.992578
3.43333	0.992407	-0.019703	0.121411	0.0233056	0.999327	-0.0283244	-0.120771	0.0309389	0.992198
3.46667	0.992254	-0.0191754	0.12274	0.0230678	0.999272	-0.0303703	-0.122068	0.0329664	0.991974
3.5	0.992189	-0.0173855	0.123526	0.0220955	0.999076	-0.0368626	-0.122771	0.039304	0.991656
3.53333	0.992349	-0.0169061	0.122305	0.0217077	0.999041	-0.0380342	-0.121544	0.0403982	0.991764
3.56667	0.992543	-0.0184825	0.120488	0.0228239	0.999135	-0.034752	-0.119742	0.0372428	0.992106
3.6	0.992654	-0.0182154	0.119612	0.0228101	0.999049	-0.0371575	-0.118821	0.0396129	0.992125
3.63333	0.992713	-0.0184425	0.119087	0.0231986	0.998982	-0.0386768	-0.118252	0.0411576	0.99213
3.66667	0.99275	-0.0181441	0.11882	0.0231819	0.998884	-0.0411546	-0.11794	0.0436107	0.992063
3.7	0.992737	-0.0175637	0.119015	0.0229671	0.998759	-0.0441818	-0.118092	0.0465944	0.991909
3.73333	0.992695	-0.0169663	0.119448	0.0227541	0.998623	-0.0472588	-0.118482	0.0496315	0.991715
3.76667	0.992696	-0.0187908	0.119169	0.0240386	0.998796	-0.0427527	-0.118222	0.0453051	0.991953
3.8	0.992636	-0.0170471	0.119929	0.022804	0.998644	-0.0467947	-0.118969	0.049185	0.991679
3.83333	0.992621	-0.0185406	0.119834	0.023566	0.998895	-0.0406564	-0.118948	0.0431804	0.991961
3.86667	0.992623	-0.017825	0.119925	0.0232303	0.998769	-0.0438264	-0.118997	0.046289	0.991815
3.9	0.992655	-0.0193744	0.119417	0.0241021	0.998977	-0.0382735	-0.118553	0.0408706	0.992106
3.93333	0.992629	-0.0185099	0.119767	0.0236572	0.99885	-0.0416993	-0.118857	0.0442253	0.991926
3.96667	0.992568	-0.0187219	0.120246	0.0238822	0.998848	-0.0416181	-0.119328	0.0441805	0.991871
4	0.992438	-0.0181259	0.121398	0.0235412	0.998784	-0.0433232	-0.120465	0.0458534	0.991658
4.03333	0.992311	-0.0185724	0.122367	0.0239399	0.998808	-0.0425406	-0.121431	0.045143	0.991573
4.06667	0.992098	-0.0178759	0.124189	0.0237111	0.998675	-0.0456678	-0.123208	0.0482516	0.991207
4.1	0.992002	-0.0172322	0.125039	0.0232805	0.99862	-0.0470723	-0.124056	0.0496068	0.991034
4.13333	0.991899	-0.018849	0.125621	0.024541	0.998734	-0.043918	-0.124634	0.0466451	0.991106
4.16667	0.991767	-0.0177443	0.126823	0.0238461	0.998622	-0.0467576	-0.125819	0.0493969	0.990823
4.2	0.991678	-0.0190596	0.127321	0.0248424	0.998723	-0.0439873	-0.12632	0.0467842	0.990886
4.23333	0.991527	-0.0186339	0.12856	0.0246347	0.998672	-0.0452454	-0.127546	0.048029	0.990669
4.26667	0.991318	-0.0164801	0.13045	0.0234371	0.998373	-0.0519764	-0.129381	0.0545825	0.990092
4.3	0.991163	-0.0166407	0.131599	0.0235737	0.998405	-0.0513022	-0.130535	0.0539512	0.989975
4.33333	0.991028	-0.0185474	0.132363	0.0249231	0.998599	-0.0466758	-0.131312	0.049556	0.990102
4.36667	0.990795	-0.016976	0.134306	0.0240674	0.99839	-0.0513543	-0.133218	0.054114	0.989608
4.4	0.99062	-0.0168802	0.135598	0.0242996	0.998286	-0.0532486	-0.134466	0.0560441	0.989332
4.43333	0.990514	-0.0190585	0.136085	0.0257904	0.99852	-0.0478779	-0.134971	0.0509334	0.98954
4.46667	0.990265	-0.016955	0.138155	0.0247191	0.998198	-0.0546776	-0.136979	0.0575604	0.9889
4.5	0.990173	-0.0195142	0.138477	0.0263224	0.998524	-0.0475054	-0.137345	0.0506836	0.989226
4.53333	0.989903	-0.0176557	0.140641	0.02529	0.998291	-0.0526807	-0.13947	0.0557056	0.988658
4.56667	0.989725	-0.0197581	0.141614	0.0266588	0.998539	-0.0469983	-0.140479	0.0502906	0.988806
4.6	0.989205	-0.0211819	0.144999	0.0276331	0.998709	-0.0426228	-0.143909	0.0461695	0.988513
4.63333	0.988705	-0.0195465	0.148596	0.027102	0.998431	-0.0489924	-0.147405	0.0524663	0.987684
4.66667	0.988432	-0.0197206	0.150375	0.0273426	0.998435	-0.0487886	-0.149177	0.0523359	0.987424
4.7	0.98805	-0.019867	0.152849	0.0277308	0.99839	-0.0494898	-0.15162	0.053137	0.98701
4.73333	0.987678	-0.0196376	0.155266	0.0279527	0.998279	-0.0515535	-0.153986	0.0552583	0.986527
4.76667	0.987126	-0.0193643	0.158765	0.0280807	0.998208	-0.0528424	-0.157457	0.0566204	0.985901
4.8	0.986466	-0.0192182	0.162839	0.0281003	0.99823	-0.0524189	-0.161543	0.0562853	0.985259
4.83333	0.985785	-0.0184644	0.166992	0.0276751	0.998211	-0.0529983	-0.165715	0.0568664	0.984533
4.86667	0.985013	-0.0178183	0.171555	0.0273096	0.998214	-0.0531249	-0.170302	0.0570138	0.983741
4.9	0.984181	-0.0183677	0.176211	0.0270889	0.998517	-0.0472155	-0.175082	0.051242	0.983219
4.93333	0.983629	-0.0189873	0.1792	0.0267737	0.998795	-0.0411326	-0.178203	0.0452571	0.982952
4.96667	0.983257	-0.0194553	0.181185	0.0263876	0.999006	-0.0359291	-0.180306	0.0401086	0.982792
5	0.983029	-0.0199675	0.182358	0.0263228	0.999125	-0.0324973	-0.18155	0.036746	0.982695
5.03333	0.983101	-0.0190068	0.182077	0.0261164	0.998984	-0.0367295	-0.181193	0.040864	0.982598
5.06667	0.983515	-0.0175031	0.17998	0.0261513	0.998609	-0.0457907	-0.178928	0.0497426	0.982604
5.1	0.983866	-0.016696	0.178127	0.0262734	0.998325	-0.0515444	-0.176968	0.0553928	0.982657
5.13333	0.984254	-0.0155477	0.176075	0.0263313	0.997906	-0.0590745	-0.174788	0.0627806	0.982603
5.16667	0.98451	-0.0147723	0.174707	0.0259727	0.997738	-0.061998	-0.173396	0.0655753	0.982667
5.2	0.984549	-0.0148603	0.174475	0.0252982	0.99801	-0.0577538	-0.173269	0.0612753	0.982966
5.23333	0.984768	-0.0135539	0.173346	0.023989	0.998014	-0.0582452	-0.172212	0.0615164	0.983137
5.26667	0.98492	-0.0143803	0.17241	0.0234155	0.99845	-0.0504865	-0.171417	0.0537623	0.983731
5.3	0.98517	-0.0173181	0.170704	0.0236053	0.999113	-0.0348702	-0.169949	0.0383826	0.984705
5.33333	0.985255	-0.0185107	0.170088	0.0236198	0.999327	-0.0280638	-0.169454	0.0316674	0.985029
5.36667	0.985294	-0.019156	0.169788	0.0233536	0.999468	-0.0227597	-0.169261	0.0263902	0.985218
5.4	0.985242	-0.0188964	0.17012	0.0228011	0.999519	-0.0210285	-0.16964	0.0245971	0.985199
5.43333	0.985011	-0.0177961	0.171574	0.0217353	0.999541	-0.0211079	-0.171119	0.0245207	0.984945
5.46667	0.984486	-0.0164307	0.174695	0.0205615	0.99955	-0.0218618	-0.174257	0.0251146	0.98438
5.5	0.983906	-0.0159034	0.177978	0.0202809	0.999534	-0.0228034	-0.177532	0.0260459	0.98377
5.53333	0.98339	-0.0152879	0.180858	0.0195985	0.999564	-0.0220711	-0.180442	0.025249	0.983261
5.56667	0.983052	-0.0161305	0.182617	0.0197998	0.999637	-0.0182873	-0.182256	0.0215931	0.983014
5.6	0.98287	-0.0178279	0.183434	0.0203649	0.999721	-0.0119556	-0.18317	0.0154864	0.982959
5.63333	0.982905	-0.0200918	0.183014	0.0213973	0.999758	-0.0051613	-0.182866	0.00898907	0.983097
5.66667	0.983224	-0.0210491	0.181185	0.0219641	0.999754	-0.00304488	-0.181076	0.00697336	0.983444
5.7	0.983436	-0.0191813	0.18024	0.0212767	0.999727	-0.00969929	-0.180004	0.0133735	0.983575
5.73333	0.983318	-0.0168617	0.181113	0.0212534	0.999525	-0.0223352	-0.180651	0.0258119	0.983209
5.76667	0.982905	-0.0154162	0.183468	0.0220805	0.999166	-0.0343367	-0.182786	0.0378008	0.982426
5.8	0.982396	-0.0150579	0.186205	0.0235045	0.998788	-0.0432377	-0.185328	0.0468531	0.981559
5.83333	0.982051	-0.0147212	0.18804	0.024766	0.998382	-0.051181	-0.186982	0.0549193	0.980827
5.86667	0.982001	-0.014065	0.188352	0.0254949	0.997968	-0.0583995	-0.187148	0.0621504	0.980364
5.9	0.982211	-0.0132519	0.187314	0.0257653	0.997583	-0.0645286	-0.186006	0.0682069	0.980178
5.93333	0.982435	-0.0122667	0.186203	0.0255401	0.997286	-0.0690542	-0.18485	0.0725969	0.980082
5.96667	0.98243	-0.0111531	0.186297	0.0247751	0.997172	-0.0709524	-0.184979	0.0743213	0.979928
6	0.982268	-0.0100341	0.187216	0.0237359	0.997187	-0.0710902	-0.185976	0.0742733	0.979743
6.03333	0.982438	-0.0082773	0.186404	0.0218278	0.997255	-0.0707594	-0.185307	0.0735855	0.979922
6.06667	0.983025	-0.00659391	0.183352	0.0196966	0.997371	-0.0697329	-0.18241	0.0721607	0.980571
6.1	0.983517	-0.00613993	0.180713	0.0185435	0.997579	-0.0670274	-0.179864	0.0692736	0.981249
6.13333	0.983555	-0.00774404	0.180441	0.019263	0.997879	-0.0621733	-0.179577	0.0646267	0.981619
6.16667	0.982949	-0.0113559	0.183528	0.0218492	0.998233	-0.055255	-0.182577	0.0583228	0.98146
6.2	0.981954	-0.014346	0.188576	0.0244845	0.998371	-0.0515442	-0.187529	0.0552312	0.980705
6.23333	0.980846	-0.0163344	0.194097	0.0262839	0.998463	-0.0487961	-0.193002	0.0529631	0.979768
6.26667	0.979709	-0.0170202	0.1997	0.0269217	0.998533	-0.0469714	-0.198608	0.0513946	0.978731
6.3	0.979162	-0.0170783	0.20236	0.0267326	0.998626	-0.0450718	-0.201312	0.0495422	0.978274
6.33333	0.979228	-0.0171599	0.202033	0.0258461	0.998848	-0.0404346	-0.201106	0.0448165	0.978544
6.36667	0.979693	-0.0194276	0.199558	0.0255963	0.999269	-0.0283785	-0.198861	0.0329101	0.979475
6.4	0.981345	-0.0237976	0.190777	0.0264084	0.999589	-0.011154	-0.190433	0.0159841	0.98157
6.43333	0.982611	-0.0268313	0.18373	0.0261156	0.999639	0.00631445	-0.183833	-0.00140643	0.982957
6.46667	0.982886	-0.0298952	0.181772	0.025579	0.999333	0.0260437	-0.182429	-0.0209485	0.982996
6.5	0.982304	-0.0329959	0.184366	0.0244918	0.998537	0.0482155	-0.185687	-0.0428468	0.981674
6.53333	0.981421	-0.0354102	0.188572	0.0230181	0.997453	0.0675054	-0.190482	-0.0619106	0.979737
6.56667	0.980803	-0.0373917	0.191383	0.0217514	0.996297	0.0831807	-0.193785	-0.077421	0.977984
6.6	0.980659	-0.03877	0.191844	0.0211613	0.995441	0.0929986	-0.194575	-0.0871403	0.977009
6.63333	0.980489	-0.0390391	0.192659	0.020532	0.995059	0.0971397	-0.195499	-0.0912887	0.976446
6.66667	0.980107	-0.0374247	0.194909	0.018857	0.995177	0.0962621	-0.197571	-0.0906718	0.976086
6.7	0.980591	-0.0321675	0.193409	0.0151676	0.995939	0.0887428	-0.195479	-0.0840869	0.977096
6.73333	0.982052	-0.0269393	0.186677	0.0119473	0.996645	0.0809741	-0.188232	-0.0772905	0.979079
6.76667	0.983372	-0.0229004	0.180156	0.00946426	0.997132	0.0750896	-0.181359	-0.0721359	0.980768
6.8	0.984198	-0.0202885	0.175906	0.00763811	0.997354	0.0722965	-0.176907	-0.0698105	0.981749
6.83333	0.984475	-0.0192902	0.174462	0.0064151	0.997233	0.0740636	-0.175408	-0.0717946	0.981874
6.86667	0.984092	-0.0202133	0.176507	0.0059674	0.996707	0.0808712	-0.17756	-0.0785314	0.980972
6.9	0.983202	-0.0215241	0.181248	0.0058141	0.996212	0.0867661	-0.182428	-0.0842548	0.979602
6.93333	0.982259	-0.0235912	0.186038	0.0067182	0.995846	0.09081	-0.187408	-0.0879491	0.978337
6.96667	0.981786	-0.0261243	0.188184	0.00896416	0.995768	0.0914681	-0.189777	-0.0881152	0.977865
7	0.982572	-0.0280635	0.183753	0.0117924	0.995957	0.0890501	-0.185509	-0.0853312	0.978931
7.03333	0.984358	-0.0295543	0.173685	0.0146202	0.996132	0.086642	-0.175574	-0.0827474	0.980982
7.06667	0.98654	-0.0298823	0.160766	0.0172596	0.996698	0.0793466	-0.162606	-0.0755039	0.983798
7.1	0.988083	-0.029081	0.151147	0.0194585	0.997711	0.0647572	-0.152684	-0.0610444	0.986388
7.13333	0.988682	-0.0276464	0.147457	0.0214899	0.998836	0.0431823	-0.148479	-0.0395247	0.988125
7.16667	0.9884	-0.0256943	0.149683	0.0233124	0.999572	0.0176463	-0.150072	-0.0139522	0.988577
7.2	0.987231	-0.0231218	0.157607	0.0244128	0.999682	-0.00626025	-0.157412	0.0100279	0.987482
7.23333	0.9857	-0.0209277	0.167204	0.0244662	0.999518	-0.0191303	-0.166723	0.0229475	0.985737
7.26667	0.984278	-0.0178988	0.175718	0.0219563	0.999535	-0.0211741	-0.175257	0.0246993	0.984213
7.3	0.983216	-0.0146143	0.181858	0.0178904	0.999706	-0.0163872	-0.181565	0.0193657	0.983188
7.33333	0.982421	-0.0117691	0.186307	0.013204	0.999892	-0.00646259	-0.186211	0.00880898	0.98247
7.36667	0.981787	-0.00961601	0.189744	0.00856362	0.999943	0.00636553	-0.189794	-0.0046247	0.981813
7.4	0.981187	-0.00767711	0.192907	0.00409456	0.999812	0.0189632	-0.193016	-0.0178166	0.981034
7.43333	0.980964	-0.00568132	0.194107	-2.45639e-05	0.999568	0.0293806	-0.19419	-0.028826	0.98054
7.46667	0.981058	-0.00439091	0.193665	-0.00300688	0.999277	0.0378884	-0.193691	-0.037753	0.980336
7.5	0.981129	-0.00480973	0.193294	-0.00424012	0.998915	0.0463781	-0.193308	-0.0463224	0.980044
7.53333	0.980973	-0.00779561	0.193987	-0.00275946	0.998533	0.0540816	-0.194124	-0.0535879	0.979512
7.56667	0.980493	-0.0116963	0.196207	0.000109049	0.99826	0.0589633	-0.196555	-0.0577917	0.978788
7.6	0.97987	-0.0146788	0.199096	0.00241546	0.998092	0.0616987	-0.199621	-0.0599758	0.978036
7.63333	0.979167	-0.0174848	0.202303	0.00474991	0.997985	0.0632648	-0.203001	-0.0609859	0.977277
7.66667	0.979084	-0.0192717	0.202541	0.00613091	0.997846	0.0653077	-0.203364	-0.0627	0.977094
7.7	0.979814	-0.021346	0.198769	0.00683109	0.997277	0.0734253	-0.199796	-0.0705853	0.977292
7.73333	0.981745	-0.0243046	0.18864	0.00749547	0.995975	0.0893135	-0.190052	-0.0862692	0.977976
7.76667	0.983919	-0.0247534	0.176893	0.00625045	0.994516	0.1044	-0.178507	-0.101615	0.978677
7.8	0.984859	-0.0247052	0.171586	0.00366127	0.992537	0.121892	-0.173316	-0.119419	0.977599
7.83333	0.984763	-0.0261277	0.171929	0.00127909	0.989711	0.143078	-0.173899	-0.140678	0.974664
7.86667	0.983579	-0.02959	0.178035	-0.000103691	0.986375	0.164512	-0.180477	-0.161829	0.970175
7.9	0.982086	-0.0324337	0.185621	-0.00109481	0.984077	0.177741	-0.18843	-0.17476	0.966412
7.93333	0.980993	-0.0342866	0.190987	-0.0010766	0.983288	0.182053	-0.194038	-0.178798	0.964562
7.96667	0.980136	-0.0354958	0.195125	0.00018299	0.984015	0.178086	-0.198328	-0.174512	0.964475
8	0.979294	-0.0357249	0.199269	0.00152201	0.985578	0.169215	-0.20244	-0.165408	0.965225
8.03333	0.978566	-0.0339065	0.203122	0.00201458	0.987881	0.155199	-0.205922	-0.151463	0.966776
8.06667	0.978878	-0.0292342	0.202346	0.00121645	0.990539	0.137224	-0.204444	-0.13408	0.969652
8.1	0.979978	-0.0247331	0.197563	0.000688754	0.99267	0.120857	-0.199104	-0.118301	0.972812
8.13333	0.980885	-0.0209381	0.193456	0.000313603	0.994363	0.106031	-0.194586	-0.103944	0.975363
8.16667	0.980983	-0.0185753	0.193201	0.000365109	0.995585	0.0938663	-0.194092	-0.0920107	0.976659
8.2	0.98007	-0.0181626	0.197819	0.000892782	0.996204	0.0870426	-0.198649	-0.0851313	0.976366
8.23333	0.978409	-0.0189124	0.20581	0.00159551	0.996466	0.0839828	-0.206671	-0.0818412	0.974982
8.26667	0.976899	-0.0212682	0.212641	0.00336825	0.996444	0.0841895	-0.213676	-0.0815284	0.973497
8.3	0.975932	-0.0250318	0.216633	0.00622021	0.996181	0.0870858	-0.217986	-0.0836423	0.972361
8.33333	0.976295	-0.0282668	0.214591	0.00949643	0.996075	0.0880026	-0.216237	-0.0838786	0.972731
8.36667	0.977605	-0.0308881	0.208168	0.0133618	0.996285	0.085079	-0.210022	-0.0803922	0.974386
8.4	0.979444	-0.0324329	0.199094	0.0176919	0.996998	0.0753781	-0.200941	-0.0703062	0.977077
8.43333	0.980755	-0.031613	0.192666	0.0212945	0.998237	0.055394	-0.194078	-0.0502252	0.9797
8.46667	0.981046	-0.0289128	0.191606	0.0239726	0.999319	0.0280516	-0.192287	-0.0229266	0.981071
8.5	0.980282	-0.0252212	0.195986	0.0261737	0.999655	-0.00227098	-0.195862	0.00735589	0.980604
8.53333	0.978723	-0.0209796	0.204111	0.0275146	0.999194	-0.0292316	-0.203333	0.0342256	0.978511
8.56667	0.976945	-0.0172323	0.212795	0.0278755	0.9985	-0.0471175	-0.211664	0.0519629	0.97596
8.6	0.975387	-0.0145281	0.220021	0.0270936	0.998162	-0.0542013	-0.218829	0.0588284	0.973988
8.63333	0.974348	-0.0140255	0.224611	0.0261023	0.998363	-0.0508888	-0.223529	0.0554462	0.973119
8.66667	0.973713	-0.0152693	0.227265	0.0254461	0.998797	-0.0419174	-0.226351	0.0465985	0.97293
8.7	0.973224	-0.0165484	0.229262	0.0246204	0.999172	-0.0323927	-0.228536	0.0371699	0.972826
8.73333	0.972819	-0.0167301	0.23096	0.0232515	0.999403	-0.0255428	-0.230395	0.0302187	0.972628
8.76667	0.972857	-0.0158875	0.230862	0.0214921	0.999532	-0.0217824	-0.230408	0.0261528	0.972743
8.8	0.973041	-0.014885	0.230152	0.0198368	0.999619	-0.0192162	-0.229778	0.0232636	0.972965
8.83333	0.973069	-0.0150414	0.230022	0.0193489	0.999677	-0.0164822	-0.2297	0.020489	0.973046
8.86667	0.972578	-0.0162401	0.232008	0.020158	0.999691	-0.014526	-0.2317	0.0188045	0.972605
8.9	0.971406	-0.0168225	0.236826	0.0209395	0.99967	-0.014879	-0.236498	0.0194126	0.971438
8.93333	0.969861	-0.0159113	0.243139	0.020421	0.999663	-0.0160384	-0.242801	0.0205201	0.969859
8.96667	0.968387	-0.0151071	0.248993	0.0192439	0.999714	-0.0141882	-0.248708	0.0185313	0.968401
9	0.968034	-0.0155577	0.250334	0.0177622	0.999821	-0.00654936	-0.250187	0.0107865	0.968137
9.03333	0.969181	-0.0185514	0.24565	0.016848	0.999817	0.00903402	-0.245772	-0.0046169	0.969317
9.06667	0.972197	-0.0221781	0.233112	0.0164981	0.999518	0.0262878	-0.233583	-0.021711	0.972095
9.1	0.974355	-0.0249217	0.223634	0.0160931	0.999021	0.0412144	-0.224442	-0.0365584	0.973802
9.13333	0.975207	-0.0286731	0.219429	0.0155923	0.998009	0.0611144	-0.220745	-0.0561777	0.973712
9.16667	0.97484	-0.0336944	0.220344	0.0156144	0.996403	0.083286	-0.222358	-0.07775	0.97186
9.2	0.973328	-0.0395071	0.225989	0.0163076	0.994483	0.103618	-0.228836	-0.0971689	0.968603
9.23333	0.971816	-0.0433259	0.231727	0.0167806	0.993186	0.115321	-0.235144	-0.108183	0.965921
9.26667	0.971021	-0.0449783	0.234725	0.0171399	0.992708	0.119319	-0.23838	-0.111838	0.964711
9.3	0.970688	-0.0455957	0.235979	0.0178683	0.992813	0.11833	-0.239678	-0.110645	0.964527
9.33333	0.970298	-0.0449691	0.237694	0.018394	0.993441	0.112861	-0.241211	-0.105137	0.964761
9.36667	0.97024	-0.0418533	0.238502	0.0178706	0.99464	0.101845	-0.241486	-0.094552	0.965787
9.4	0.971463	-0.0369004	0.234302	0.0167147	0.996019	0.0875612	-0.2366	-0.0811462	0.968213
9.43333	0.973114	-0.0334812	0.227879	0.0165954	0.996999	0.075617	-0.229727	-0.0698022	0.970749
9.46667	0.974302	-0.0312401	0.223067	0.0172258	0.997769	0.0644976	-0.224584	-0.0589977	0.972667
9.5	0.974823	-0.0298334	0.220973	0.0181589	0.998339	0.0546771	-0.222237	-0.0492879	0.973746
9.53333	0.974719	-0.0299035	0.221424	0.0196969	0.998645	0.0481611	-0.222564	-0.0425822	0.973988
9.56667	0.974062	-0.0312192	0.224118	0.0216628	0.998753	0.0449733	-0.225242	-0.0389518	0.973524
9.6	0.973254	-0.0321263	0.227475	0.0233802	0.998884	0.04104	-0.22854	-0.0346239	0.972919
9.63333	0.972502	-0.0323816	0.230634	0.0253271	0.999118	0.0334835	-0.231515	-0.0267214	0.972464
9.66667	0.97284	-0.0318832	0.229272	0.0272726	0.999358	0.023251	-0.229866	-0.0163667	0.973085
9.7	0.974801	-0.0298484	0.221068	0.0284034	0.999549	0.00971341	-0.221258	-0.00318956	0.97521
9.73333	0.977596	-0.0278467	0.208641	0.0298987	0.999531	-0.00668693	-0.208357	0.0127752	0.977969
9.76667	0.980102	-0.0257623	0.196818	0.0318712	0.999102	-0.0279341	-0.195921	0.0336511	0.980042
9.8	0.98138	-0.0241859	0.190546	0.0350715	0.997927	-0.0539647	-0.188845	0.0596426	0.980194
9.83333	0.98118	-0.0236149	0.191646	0.0400496	0.995799	-0.0823403	-0.188896	0.0884661	0.978004
9.86667	0.979771	-0.0228952	0.198808	0.0451435	0.993114	-0.108108	-0.194964	0.114896	0.974058
9.9	0.977701	-0.0217722	0.20887	0.0482492	0.991293	-0.12252	-0.204384	0.129865	0.970238
9.93333	0.975492	-0.0201542	0.21911	0.0481308	0.991226	-0.123106	-0.214706	0.130635	0.967903
9.96667	0.973471	-0.0190824	0.228012	0.0457531	0.992624	-0.112265	-0.224188	0.119719	0.967164
10	0.972069	-0.0188508	0.233938	0.0420531	0.994627	-0.0945932	-0.230898	0.101789	0.967639
10.0333	0.971165	-0.018655	0.237678	0.0376016	0.996442	-0.0754326	-0.235425	0.0821945	0.968411
10.0667	0.970581	-0.0189167	0.24003	0.0332166	0.997897	-0.0556699	-0.238472	0.0620051	0.969168
10.1	0.970138	-0.0192135	0.24179	0.0292702	0.998846	-0.0380694	-0.240779	0.0440098	0.969582
10.1333	0.969853	-0.0186328	0.242979	0.0254213	0.999368	-0.0248329	-0.242363	0.0302611	0.969714
10.1667	0.969836	-0.0175325	0.243127	0.0215997	0.999668	-0.014073	-0.242799	0.0189	0.969892
10.2	0.97	-0.0162748	0.242558	0.0178504	0.999831	-0.00429931	-0.242447	0.00850007	0.970127
10.2333	0.970256	-0.0153318	0.241596	0.0145368	0.999881	0.00507272	-0.241645	-0.0014098	0.970364
10.2667	0.970319	-0.0155783	0.241325	0.0122409	0.999808	0.0153224	-0.241517	-0.0119136	0.970323
10.3	0.97002	-0.0166774	0.242451	0.0109102	0.999625	0.0251104	-0.242779	-0.0217124	0.969839
10.3333	0.96945	-0.0186752	0.244579	0.0107208	0.999371	0.0338138	-0.245056	-0.0301587	0.96904
10.3667	0.969088	-0.0210864	0.245814	0.0111662	0.999069	0.0416807	-0.246464	-0.0376474	0.96842
10.4	0.969457	-0.0228826	0.244192	0.0109279	0.998679	0.0501993	-0.245018	-0.0459976	0.968427
10.4333	0.970665	-0.0245528	0.239178	0.00948209	0.997907	0.0639587	-0.240247	-0.0598146	0.968867
10.4667	0.972464	-0.0278173	0.231389	0.00822057	0.996328	0.0852286	-0.23291	-0.0809796	0.969121
10.5	0.975059	-0.0311629	0.219745	0.0068536	0.993849	0.110531	-0.221838	-0.106268	0.969276
10.5333	0.976535	-0.033159	0.212791	0.00407452	0.990743	0.135688	-0.21532	-0.131637	0.967631
10.5667	0.976659	-0.0358984	0.211774	0.000579908	0.986372	0.164529	-0.214794	-0.160566	0.96337
10.6	0.975468	-0.0400148	0.216472	-0.00272633	0.98107	0.193636	-0.220123	-0.189476	0.956893
10.6333	0.973951	-0.044035	0.222443	-0.00518314	0.976384	0.215979	-0.226701	-0.211506	0.950722
10.6667	0.972884	-0.0469436	0.226481	-0.00583928	0.97389	0.226945	-0.231222	-0.222114	0.947207
10.7	0.972113	-0.0488912	0.229359	-0.00461356	0.97385	0.227145	-0.234467	-0.221868	0.946467
10.7333	0.971478	-0.0498744	0.231827	-0.00213603	0.975752	0.218871	-0.237122	-0.213123	0.947814
10.7667	0.970592	-0.0498608	0.235509	0.000423302	0.978667	0.205453	-0.240729	-0.199312	0.949907
10.8	0.969655	-0.0476596	0.239788	0.00202201	0.982344	0.187071	-0.24447	-0.18091	0.952631
10.8333	0.969509	-0.0422302	0.241388	0.00208334	0.986424	0.164205	-0.245045	-0.158695	0.956435
10.8667	0.970257	-0.0365335	0.239304	0.00256584	0.990043	0.140742	-0.242063	-0.135942	0.96069
10.9	0.97106	-0.0323187	0.236637	0.00353375	0.992638	0.121069	-0.238808	-0.116729	0.964026
10.9333	0.971697	-0.0293275	0.234404	0.00480012	0.99451	0.10453	-0.236182	-0.100447	0.966503
10.9667	0.971609	-0.0276366	0.234971	0.00628891	0.99582	0.0911206	-0.236508	-0.0870559	0.967722
11	0.970786	-0.0270794	0.238413	0.00784727	0.996663	0.0812498	-0.239818	-0.0770053	0.967759
11.0333	0.969256	-0.0270856	0.244558	0.00909981	0.997189	0.0743766	-0.245885	-0.0698646	0.966778
11.0667	0.967471	-0.027753	0.251455	0.0105089	0.997515	0.0696627	-0.252764	-0.0647541	0.965359
11.1	0.966762	-0.0277801	0.254163	0.0122321	0.997967	0.062551	-0.255384	-0.057363	0.965137
11.1333	0.967505	-0.0266037	0.251448	0.014004	0.998561	0.051766	-0.252463	-0.0465626	0.966485
11.1667	0.969221	-0.0265164	0.244761	0.0171749	0.999043	0.0402219	-0.245594	-0.0347802	0.968749
11.2	0.971515	-0.0276983	0.235353	0.0218363	0.999384	0.0274774	-0.23597	-0.0215554	0.971521
11.2333	0.973528	-0.0275284	0.226903	0.0265407	0.99962	0.00740361	-0.227021	-0.00118546	0.973889
11.2667	0.974633	-0.0238019	0.222538	0.0299683	0.999254	-0.0243729	-0.221792	0.0304237	0.974619
11.3	0.974537	-0.0185009	0.223462	0.0332397	0.997499	-0.062376	-0.221749	0.0682155	0.972715
11.3333	0.973838	-0.0127967	0.226883	0.0364999	0.994258	-0.100589	-0.224293	0.106238	0.968714
11.3667	0.97295	-0.00728795	0.230902	0.0389384	0.990376	-0.132815	-0.227712	0.138213	0.963869
11.4	0.97222	-0.00436805	0.234029	0.0404894	0.987892	-0.149765	-0.230541	0.15508	0.960625
11.4333	0.971828	-0.00208797	0.235682	0.0397384	0.987097	-0.155115	-0.232317	0.160111	0.959371
11.4667	0.97159	-0.00214217	0.236661	0.038791	0.987877	-0.150311	-0.23347	0.155221	0.959895
11.5	0.971513	-0.00151208	0.236981	0.0367988	0.988813	-0.144549	-0.234112	0.149152	0.960701
11.5333	0.971273	-0.000824293	0.237966	0.0343903	0.989983	-0.136937	-0.235469	0.141187	0.961572
11.5667	0.97087	-0.000951911	0.239603	0.0320772	0.991507	-0.126038	-0.237448	0.130052	0.962655
11.6	0.970551	-0.000525992	0.240895	0.028899	0.99303	-0.114264	-0.239156	0.117861	0.963802
11.6333	0.970408	-0.00131659	0.241467	0.0261635	0.994671	-0.0997227	-0.240049	0.103089	0.965272
11.6667	0.969964	-0.00492482	0.243198	0.0256592	0.996289	-0.0821633	-0.241891	0.0859357	0.966491
11.7	0.968905	-0.00758292	0.247315	0.0258423	0.997165	-0.0706682	-0.246078	0.074862	0.966355
11.7333	0.967618	-0.0106724	0.252192	0.0269205	0.997771	-0.0610651	-0.250978	0.0658769	0.965748
11.7667	0.966785	-0.0110954	0.255348	0.0261233	0.998115	-0.0555366	-0.254251	0.0603625	0.965253
