0	0.965573	-0.260132	0	0.260132	0.965573	0	0	0	1
0.0333333	0.891781	-0.443766	-0.0883086	0.441773	0.896141	-0.0420425	0.097794	-0.00151965	0.995206
0.0666667	0.846014	-0.497264	-0.192326	0.487637	0.867531	-0.0979825	0.215572	-0.0108906	0.976427
0.1	0.807538	-0.52501	-0.268788	0.505264	0.850871	-0.143965	0.304288	-0.0195517	0.95238
0.133333	0.777601	-0.539939	-0.322183	0.510345	0.841307	-0.178189	0.367266	-0.0258647	0.929756
0.166667	0.756119	-0.548283	-0.357309	0.51077	0.835751	-0.201578	0.409144	-0.0300853	0.911974
0.2	0.741125	-0.553357	-0.38017	0.510027	0.832293	-0.217168	0.436584	-0.0329485	0.89906
0.233333	0.730098	-0.557236	-0.395531	0.509762	0.829604	-0.227818	0.455082	-0.0352974	0.88975
0.266667	0.721467	-0.560266	-0.406924	0.509581	0.827476	-0.23582	0.468842	-0.0372242	0.882497
0.3	0.71439	-0.562538	-0.41617	0.509117	0.825864	-0.242381	0.480048	-0.0387249	0.876387
0.333333	0.708159	-0.564428	-0.424185	0.508545	0.824512	-0.248115	0.489789	-0.0400124	0.870923
0.366667	0.702783	-0.565932	-0.431064	0.507859	0.823428	-0.253071	0.498172	-0.0410656	0.866105
0.4	0.698305	-0.567042	-0.436845	0.507057	0.822625	-0.257259	0.505237	-0.0418602	0.861965
0.433333	0.694944	-0.567085	-0.442116	0.505147	0.822593	-0.261089	0.511741	-0.0418916	0.858118
0.466667	0.691623	-0.56732	-0.446995	0.503576	0.822422	-0.264638	0.517753	-0.0420662	0.854495
0.5	0.688245	-0.567953	-0.451386	0.502635	0.821961	-0.26784	0.523142	-0.042543	0.851183
0.533333	0.684676	-0.568469	-0.456138	0.501387	0.821583	-0.271315	0.528989	-0.0429388	0.847542
0.566667	0.681536	-0.570094	-0.458805	0.502277	0.82039	-0.273274	0.532191	-0.0442012	0.84547
0.6	0.680456	-0.570513	-0.459886	0.502347	0.820081	-0.274071	0.533505	-0.0445292	0.844624
0.633333	0.680254	-0.570327	-0.460415	0.50191	0.820218	-0.274461	0.534173	-0.0443831	0.844209
0.666667	0.67975	-0.570602	-0.460819	0.502078	0.820015	-0.274759	0.534656	-0.0445993	0.843892
0.7	0.679924	-0.570174	-0.461092	0.501452	0.820331	-0.274961	0.535023	-0.0442626	0.843677
0.733333	0.678382	-0.570831	-0.462547	0.501655	0.819845	-0.276036	0.536787	-0.0447816	0.842529
0.766667	0.675805	-0.571909	-0.464982	0.501963	0.819047	-0.277841	0.539741	-0.0456379	0.840593
0.8	0.673799	-0.572416	-0.467263	0.501637	0.81867	-0.279537	0.542545	-0.0460446	0.838764
0.833333	0.672194	-0.573153	-0.468669	0.501948	0.81812	-0.280585	0.544246	-0.0466396	0.837628
0.866667	0.671954	-0.573522	-0.468561	0.502442	0.817844	-0.280505	0.544086	-0.0469384	0.837715
0.9	0.673219	-0.573074	-0.467293	0.502424	0.818179	-0.279558	0.542537	-0.0465762	0.83874
0.933333	0.675011	-0.572327	-0.465619	0.502211	0.818735	-0.27831	0.540504	-0.0459766	0.840084
0.966667	0.676536	-0.571854	-0.463984	0.50231	0.819087	-0.277095	0.538501	-0.0455991	0.84139
1	0.676908	-0.572105	-0.463132	0.502961	0.818901	-0.276462	0.537425	-0.0457981	0.842067
1.03333	0.677337	-0.572091	-0.462522	0.503194	0.818911	-0.276009	0.536666	-0.0457871	0.842551
1.06667	0.67759	-0.572178	-0.462043	0.503493	0.818847	-0.275653	0.536065	-0.0458559	0.84293
1.1	0.6781	-0.57207	-0.461428	0.503613	0.818927	-0.275196	0.535307	-0.0457708	0.843417
1.13333	0.678458	-0.572032	-0.460949	0.503761	0.818955	-0.274841	0.534714	-0.0457405	0.843794
1.16667	0.678897	-0.572035	-0.460299	0.504028	0.818953	-0.274358	0.533905	-0.0457431	0.844306
1.2	0.679195	-0.572506	-0.459274	0.505009	0.818603	-0.273596	0.532598	-0.0461126	0.845111
1.23333	0.680908	-0.570824	-0.45883	0.503162	0.81985	-0.273267	0.532159	-0.0447963	0.845459
1.26667	0.682211	-0.569545	-0.458484	0.501761	0.820793	-0.273012	0.531812	-0.0437978	0.845729
1.3	0.683033	-0.569041	-0.457884	0.501395	0.821163	-0.272571	0.531101	-0.0434059	0.846196
1.33333	0.683405	-0.569016	-0.457361	0.501573	0.821181	-0.272187	0.530455	-0.0433861	0.846602
1.36667	0.683469	-0.569203	-0.457032	0.501929	0.821044	-0.271945	0.530036	-0.0435317	0.846857
1.4	0.683447	-0.56937	-0.456857	0.5022	0.820921	-0.271817	0.529808	-0.0436611	0.846993
1.43333	0.683044	-0.569852	-0.456859	0.502777	0.820567	-0.271818	0.529779	-0.0440343	0.846992
1.46667	0.682518	-0.570186	-0.457228	0.503032	0.820321	-0.27209	0.530216	-0.0442938	0.846705
1.5	0.682154	-0.570246	-0.457695	0.502918	0.820276	-0.272434	0.530791	-0.0443408	0.846342
1.53333	0.681888	-0.569981	-0.458421	0.502308	0.820472	-0.27297	0.531709	-0.044134	0.845776
1.56667	0.681502	-0.569758	-0.459272	0.501699	0.820636	-0.273596	0.532779	-0.0439599	0.845112
1.6	0.681225	-0.569422	-0.460099	0.500961	0.820883	-0.274205	0.533826	-0.0436968	0.844465
1.63333	0.681109	-0.568776	-0.461068	0.499793	0.821358	-0.274916	0.535068	-0.0431902	0.843705
1.66667	0.680823	-0.568414	-0.461936	0.499005	0.821623	-0.275553	0.536166	-0.0429055	0.843022
1.7	0.680705	-0.567696	-0.462991	0.497711	0.822148	-0.276326	0.537517	-0.0423397	0.842189
1.73333	0.68067	-0.567217	-0.463631	0.496872	0.822499	-0.276793	0.538337	-0.0419605	0.841684
1.76667	0.680628	-0.567027	-0.463925	0.496522	0.822638	-0.277007	0.538713	-0.0418102	0.841451
1.8	0.680529	-0.56691	-0.464212	0.496264	0.822723	-0.277217	0.539075	-0.0417178	0.841224
1.83333	0.680711	-0.56687	-0.463994	0.496305	0.822752	-0.277058	0.538808	-0.0416861	0.841397
1.86667	0.680799	-0.567008	-0.463696	0.496593	0.822651	-0.276841	0.538431	-0.0417954	0.841632
1.9	0.680685	-0.567426	-0.463353	0.497237	0.822346	-0.27659	0.537981	-0.0421255	0.841904
1.93333	0.680436	-0.56789	-0.463151	0.49788	0.822007	-0.276442	0.537702	-0.0424922	0.842064
1.96667	0.680026	-0.568679	-0.462783	0.498983	0.821429	-0.276173	0.537197	-0.043116	0.842354
2	0.680102	-0.568943	-0.462348	0.499478	0.821235	-0.275853	0.536641	-0.0433243	0.842698
2.03333	0.679924	-0.56943	-0.462009	0.500203	0.820877	-0.275604	0.53619	-0.0437085	0.842965
2.06667	0.680141	-0.569445	-0.461672	0.500358	0.820866	-0.275356	0.535771	-0.0437203	0.843231
2.1	0.680154	-0.569622	-0.461434	0.500668	0.820736	-0.275181	0.535464	-0.0438597	0.843418
2.13333	0.680088	-0.569863	-0.461233	0.50104	0.820558	-0.275033	0.5352	-0.0440494	0.843576
2.16667	0.679986	-0.570345	-0.460788	0.501801	0.820203	-0.274705	0.534616	-0.0444282	0.843926
2.2	0.680104	-0.570502	-0.460418	0.50214	0.820087	-0.274432	0.534147	-0.0445521	0.844217
2.23333	0.680265	-0.570571	-0.460096	0.502353	0.820036	-0.274194	0.533743	-0.0446062	0.84447
2.26667	0.679945	-0.571203	-0.459785	0.50324	0.819569	-0.273964	0.533314	-0.0451015	0.844714
2.3	0.67943	-0.571742	-0.459876	0.503853	0.819169	-0.274032	0.533392	-0.0455247	0.844642
2.33333	0.679215	-0.571829	-0.460086	0.503874	0.819105	-0.274187	0.533647	-0.0455932	0.844478
2.36667	0.678453	-0.572364	-0.460545	0.504333	0.818708	-0.274528	0.534181	-0.0460137	0.844117
2.4	0.677404	-0.572884	-0.461441	0.504599	0.81832	-0.275194	0.535261	-0.0464247	0.84341
2.43333	0.676289	-0.573081	-0.46283	0.504271	0.818174	-0.276229	0.536977	-0.0465812	0.84231
2.46667	0.675192	-0.573369	-0.464072	0.504112	0.817959	-0.277155	0.538504	-0.0468109	0.841322
2.5	0.675147	-0.57289	-0.464729	0.503261	0.818316	-0.277645	0.539355	-0.0464286	0.840797
2.53333	0.677287	-0.57115	-0.463756	0.501552	0.819609	-0.276924	0.538264	-0.0450412	0.841572
2.56667	0.680756	-0.568936	-0.461392	0.499837	0.821242	-0.275181	0.535475	-0.0432894	0.843441
2.6	0.683413	-0.567835	-0.458815	0.499547	0.822048	-0.273294	0.532354	-0.042427	0.845458
2.63333	0.684668	-0.567584	-0.45725	0.499869	0.822231	-0.272151	0.530434	-0.0422326	0.846674
2.66667	0.685824	-0.566899	-0.456367	0.499397	0.822731	-0.271507	0.529384	-0.0417027	0.847357
2.7	0.685048	-0.567119	-0.457259	0.499307	0.822571	-0.272156	0.530473	-0.0418723	0.846667
2.73333	0.683117	-0.567729	-0.459386	0.499191	0.822126	-0.27371	0.533066	-0.0423455	0.845013
2.76667	0.68026	-0.568535	-0.462617	0.49886	0.821536	-0.276076	0.537015	-0.0429772	0.842477
2.8	0.678459	-0.56821	-0.465651	0.497229	0.821774	-0.278301	0.540793	-0.0427191	0.84007
2.83333	0.678871	-0.566446	-0.467197	0.494455	0.823063	-0.27943	0.542814	-0.041311	0.838836
2.86667	0.682054	-0.56281	-0.466955	0.490151	0.825693	-0.279255	0.542729	-0.0384115	0.839029
2.9	0.687687	-0.558455	-0.463911	0.486126	0.828797	-0.277086	0.539229	-0.0349706	0.841433
2.93333	0.694241	-0.554503	-0.458864	0.483388	0.83157	-0.273547	0.53326	-0.0319017	0.84535
2.96667	0.699928	-0.551812	-0.453437	0.482288	0.833434	-0.269789	0.526783	-0.0298539	0.849476
3	0.703584	-0.550747	-0.449052	0.482698	0.834166	-0.266775	0.521509	-0.0290573	0.852751
3.03333	0.704809	-0.550845	-0.447007	0.483586	0.834099	-0.265373	0.519027	-0.0291289	0.854261
3.06667	0.703016	-0.552775	-0.447447	0.485706	0.83277	-0.265676	0.51948	-0.0305529	0.853936
3.1	0.698817	-0.55574	-0.450341	0.488124	0.83071	-0.267686	0.522867	-0.0327583	0.851785
3.13333	0.695157	-0.557933	-0.453286	0.489599	0.829173	-0.269751	0.526355	-0.0344093	0.849568
3.16667	0.69295	-0.559249	-0.45504	0.490488	0.828243	-0.270989	0.528434	-0.0354101	0.848236
3.2	0.6926	-0.559091	-0.455765	0.490015	0.828355	-0.271502	0.52933	-0.0352899	0.847682
3.23333	0.692701	-0.558715	-0.456074	0.489445	0.828621	-0.271719	0.529726	-0.0350024	0.847446
3.26667	0.692709	-0.55878	-0.455982	0.489559	0.828575	-0.271655	0.52961	-0.0350525	0.847517
3.3	0.691675	-0.560119	-0.455909	0.491189	0.827626	-0.271603	0.529452	-0.0360765	0.847572
3.33333	0.690013	-0.562067	-0.456029	0.493474	0.826238	-0.271688	0.529495	-0.0375699	0.84748
3.36667	0.688517	-0.563879	-0.456052	0.495635	0.824938	-0.271705	0.529424	-0.0389622	0.847463
3.4	0.687259	-0.56562	-0.455796	0.497823	0.823681	-0.271519	0.529007	-0.0403013	0.84766
3.43333	0.686599	-0.56723	-0.454787	0.500151	0.822511	-0.270787	0.527665	-0.04154	0.848436
3.46667	0.686564	-0.568031	-0.45384	0.501482	0.821927	-0.270096	0.526446	-0.0421542	0.849163
3.5	0.686619	-0.568587	-0.45306	0.502454	0.82152	-0.269526	0.525447	-0.0425805	0.84976
3.53333	0.687063	-0.568195	-0.452877	0.502057	0.821807	-0.269392	0.525245	-0.0422807	0.8499
3.56667	0.687493	-0.56734	-0.453297	0.500869	0.822431	-0.269699	0.525817	-0.0416266	0.849579
3.6	0.688059	-0.567273	-0.452521	0.501094	0.822479	-0.269133	0.524861	-0.0415759	0.850172
3.63333	0.688759	-0.56721	-0.451535	0.501403	0.822525	-0.268415	0.523647	-0.0415278	0.850923
3.66667	0.689135	-0.567369	-0.450761	0.501894	0.82241	-0.267851	0.522681	-0.0416485	0.851511
3.7	0.689051	-0.567537	-0.450679	0.502126	0.822288	-0.267792	0.522569	-0.0417755	0.851573
3.73333	0.688453	-0.568103	-0.450879	0.502724	0.821875	-0.267938	0.522783	-0.042205	0.851421
3.76667	0.687667	-0.568518	-0.451554	0.502957	0.821571	-0.268431	0.523591	-0.042521	0.850908
3.8	0.686198	-0.569337	-0.452756	0.503466	0.820971	-0.269311	0.525028	-0.0431461	0.84999
3.83333	0.685233	-0.569492	-0.454021	0.503153	0.820858	-0.27024	0.526586	-0.0432648	0.84902
3.86667	0.684649	-0.569491	-0.454902	0.502804	0.820858	-0.270887	0.527677	-0.0432642	0.848342
3.9	0.683716	-0.570452	-0.455101	0.503878	0.820151	-0.271033	0.527863	-0.0440054	0.848189
3.93333	0.682948	-0.570731	-0.455904	0.503893	0.819946	-0.271625	0.528841	-0.0442207	0.847568
3.96667	0.682667	-0.569836	-0.457442	0.502206	0.820605	-0.272759	0.530807	-0.0435266	0.846374
4	0.682335	-0.569947	-0.457798	0.502196	0.820523	-0.273021	0.531241	-0.0436126	0.846097
4.03333	0.682003	-0.570246	-0.45792	0.502508	0.820303	-0.273111	0.531373	-0.0438459	0.846002
4.06667	0.680994	-0.571825	-0.457453	0.504594	0.819136	-0.272766	0.530691	-0.0450762	0.846366
4.1	0.680356	-0.572836	-0.457138	0.505936	0.818386	-0.272532	0.530231	-0.0458639	0.846612
4.13333	0.679805	-0.574469	-0.455906	0.508392	0.817168	-0.271613	0.528585	-0.0471349	0.847571
4.16667	0.679714	-0.575511	-0.454725	0.510116	0.816387	-0.270729	0.52704	-0.0479442	0.848487
4.2	0.680087	-0.576257	-0.453222	0.511608	0.815827	-0.269599	0.525109	-0.0485211	0.849651
4.23333	0.68056	-0.57681	-0.451805	0.512832	0.81541	-0.268532	0.523298	-0.0489474	0.850743
4.26667	0.680938	-0.577491	-0.450364	0.514215	0.814897	-0.267445	0.521447	-0.0494701	0.851848
4.3	0.680929	-0.578133	-0.449553	0.5153	0.814412	-0.266833	0.520386	-0.0499608	0.852468
4.33333	0.680522	-0.578924	-0.44915	0.516405	0.813812	-0.266527	0.519823	-0.0505655	0.852776
4.36667	0.679867	-0.579808	-0.449002	0.51752	0.81314	-0.266415	0.519571	-0.0512409	0.852889
4.4	0.67868	-0.580723	-0.449615	0.518374	0.812442	-0.266882	0.520271	-0.0519414	0.85242
4.43333	0.677468	-0.58123	-0.450787	0.518519	0.812055	-0.267778	0.521705	-0.0523307	0.85152
4.46667	0.675707	-0.582505	-0.451782	0.519654	0.811076	-0.268541	0.522857	-0.0533153	0.850752
4.5	0.67375	-0.583888	-0.45292	0.520862	0.81001	-0.269418	0.52418	-0.0543881	0.849869
4.53333	0.67156	-0.585255	-0.454405	0.521911	0.808951	-0.27057	0.525944	-0.055455	0.84871
4.56667	0.66958	-0.586435	-0.455803	0.522768	0.808032	-0.271658	0.527613	-0.0563819	0.847612
4.6	0.667745	-0.587698	-0.456867	0.52386	0.807043	-0.272491	0.528854	-0.0573797	0.846771
4.63333	0.665462	-0.589759	-0.457541	0.526078	0.80542	-0.273022	0.52953	-0.0590164	0.846236
4.66667	0.66359	-0.590978	-0.458687	0.527083	0.804454	-0.27393	0.530879	-0.059989	0.845322
4.7	0.661234	-0.592112	-0.460622	0.527657	0.803551	-0.27547	0.533243	-0.0609004	0.843767
4.73333	0.6588	-0.593588	-0.462208	0.528789	0.80237	-0.276739	0.53513	-0.0620946	0.842484
4.76667	0.655584	-0.595744	-0.464002	0.530662	0.800632	-0.278185	0.537222	-0.0638543	0.84102
4.8	0.652207	-0.598428	-0.465306	0.533388	0.798448	-0.279246	0.538631	-0.0660621	0.839948
4.83333	0.650245	-0.600004	-0.466023	0.53501	0.797156	-0.279834	0.539395	-0.0673658	0.839354
4.86667	0.650368	-0.600653	-0.465013	0.536239	0.796621	-0.279003	0.538023	-0.0679036	0.840191
4.9	0.652875	-0.600307	-0.461937	0.537126	0.796906	-0.276471	0.534088	-0.0676178	0.842721
4.93333	0.655805	-0.600735	-0.457206	0.539632	0.796554	-0.272579	0.527937	-0.0679639	0.84656
4.96667	0.658374	-0.601661	-0.45227	0.542786	0.795791	-0.268514	0.521467	-0.0687035	0.850501
5	0.659837	-0.602821	-0.448578	0.545681	0.794833	-0.265465	0.516573	-0.0696175	0.853408
5.03333	0.66059	-0.602908	-0.447351	0.546279	0.794761	-0.264449	0.514976	-0.0696861	0.854367
5.06667	0.66149	-0.601927	-0.447341	0.545103	0.795571	-0.264441	0.515066	-0.0689215	0.854375
5.1	0.663988	-0.598864	-0.447752	0.541255	0.798082	-0.264779	0.51591	-0.0665381	0.854055
5.13333	0.668218	-0.594172	-0.44771	0.535638	0.801874	-0.264745	0.516311	-0.0629033	0.854088
5.16667	0.67493	-0.588289	-0.445404	0.5295	0.80654	-0.262914	0.513905	-0.058393	0.855857
5.2	0.683361	-0.581272	-0.441747	0.522548	0.811974	-0.260079	0.509864	-0.0531061	0.858614
5.23333	0.692431	-0.57425	-0.43678	0.516098	0.817276	-0.256327	0.504165	-0.0479329	0.862276
5.26667	0.700339	-0.568238	-0.432008	0.510769	0.821708	-0.252807	0.498639	-0.0436058	0.865712
5.3	0.706358	-0.563696	-0.428142	0.506834	0.824994	-0.250009	0.494144	-0.0404008	0.868441
5.33333	0.709967	-0.561155	-0.425503	0.504799	0.826809	-0.248124	0.491045	-0.0386337	0.870277
5.36667	0.711458	-0.560533	-0.423829	0.504658	0.827251	-0.246935	0.489028	-0.0382046	0.871431
5.4	0.711242	-0.561441	-0.422989	0.506005	0.826606	-0.246338	0.487949	-0.0388282	0.872008
5.43333	0.709727	-0.562984	-0.423482	0.507628	0.825504	-0.24669	0.488469	-0.0398889	0.871669
5.46667	0.708819	-0.564246	-0.423324	0.50915	0.8246	-0.246577	0.488203	-0.0407573	0.871778
5.5	0.704647	-0.569403	-0.423383	0.515134	0.820863	-0.246619	0.487965	-0.0443193	0.871737
5.53333	0.693736	-0.581602	-0.424816	0.52887	0.811755	-0.24769	0.488904	-0.0528416	0.870736
5.56667	0.67474	-0.597012	-0.433937	0.543668	0.799677	-0.254835	0.49915	-0.0639704	0.864151
5.6	0.650286	-0.612806	-0.448996	0.556651	0.786561	-0.267322	0.516979	-0.0760987	0.852608
5.63333	0.620851	-0.628223	-0.468914	0.56693	0.772931	-0.284901	0.541419	-0.0889599	0.836033
5.66667	0.588674	-0.642906	-0.490036	0.57523	0.759065	-0.304845	0.567956	-0.102429	0.81666
5.7	0.560915	-0.653028	-0.508851	0.578192	0.748915	-0.323759	0.59251	-0.112612	0.797653
5.73333	0.542342	-0.655755	-0.525214	0.571992	0.746078	-0.340869	0.615378	-0.115551	0.779717
5.76667	0.528692	-0.654034	-0.54104	0.559239	0.747902	-0.357622	0.638542	-0.113499	0.761171
5.8	0.515247	-0.650559	-0.557937	0.542364	0.751572	-0.375474	0.663598	-0.109143	0.740085
5.83333	0.499643	-0.647556	-0.575351	0.5247	0.754731	-0.393791	0.689237	-0.105132	0.716868
5.86667	0.485291	-0.644266	-0.591112	0.506775	0.758177	-0.410301	0.712511	-0.100446	0.694435
5.9	0.473374	-0.641764	-0.60337	0.492151	0.760784	-0.423078	0.730551	-0.096675	0.67598
5.93333	0.465933	-0.640296	-0.610678	0.483127	0.762309	-0.430667	0.741279	-0.0943734	0.664529
5.96667	0.466574	-0.639122	-0.611418	0.480524	0.763522	-0.431429	0.742567	-0.092508	0.663353
6	0.481579	-0.635616	-0.603385	0.482125	0.767079	-0.423256	0.731872	-0.0870752	0.675856
6.03333	0.508957	-0.627762	-0.588963	0.48206	0.774719	-0.409179	0.713148	-0.0756609	0.696918
6.06667	0.553979	-0.614004	-0.562233	0.481882	0.78719	-0.384867	0.678894	-0.0577221	0.731964
6.1	0.606514	-0.595518	-0.526782	0.479246	0.802494	-0.355423	0.634401	-0.0368891	0.772124
6.13333	0.654273	-0.578248	-0.487397	0.478395	0.81561	-0.325451	0.585717	-0.0202347	0.810263
6.16667	0.687759	-0.569623	-0.450019	0.485276	0.821802	-0.298576	0.539902	-0.0130353	0.841627
6.2	0.71032	-0.567163	-0.41686	0.496004	0.823529	-0.275282	0.499426	-0.0112261	0.866284
6.23333	0.723514	-0.568639	-0.391378	0.50717	0.822496	-0.257446	0.468301	-0.0122293	0.883484
6.26667	0.728661	-0.57327	-0.374721	0.518177	0.819226	-0.245683	0.447824	-0.0151519	0.893993
6.3	0.724974	-0.582307	-0.367875	0.530612	0.812706	-0.240746	0.439162	-0.0206644	0.89817
6.33333	0.71351	-0.595196	-0.369656	0.544491	0.803073	-0.24208	0.440946	-0.0285476	0.89708
6.36667	0.696689	-0.610385	-0.3769	0.559144	0.791186	-0.247755	0.449424	-0.0381329	0.892504
6.4	0.681411	-0.622572	-0.384815	0.570162	0.7812	-0.254247	0.458905	-0.0461604	0.887285
6.43333	0.67393	-0.626855	-0.390987	0.572749	0.777588	-0.259451	0.466665	-0.0490854	0.883071
6.46667	0.674262	-0.625087	-0.393238	0.569838	0.779086	-0.26136	0.469739	-0.0478571	0.881507
6.5	0.678128	-0.620082	-0.394513	0.56356	0.783281	-0.262432	0.471744	-0.0443686	0.880619
6.53333	0.67845	-0.615947	-0.400393	0.556478	0.786695	-0.267288	0.479623	-0.0414679	0.876494
6.56667	0.669433	-0.617375	-0.413168	0.55298	0.78552	-0.277798	0.496057	-0.0425062	0.867249
6.6	0.648312	-0.62494	-0.434905	0.552505	0.779173	-0.296021	0.523861	-0.048373	0.850429
6.63333	0.616601	-0.636249	-0.463671	0.552323	0.769294	-0.321131	0.561019	-0.0580865	0.825763
6.66667	0.58061	-0.646685	-0.494661	0.548285	0.7597	-0.349627	0.601893	-0.0682186	0.795658
6.7	0.545166	-0.654036	-0.524434	0.538864	0.752607	-0.378429	0.642199	-0.0762922	0.762732
6.73333	0.512133	-0.657713	-0.55239	0.523282	0.748919	-0.406567	0.681099	-0.0808396	0.727715
6.76667	0.48127	-0.660286	-0.576543	0.50674	0.746255	-0.431647	0.715258	-0.0844188	0.693743
6.8	0.454243	-0.662418	-0.595706	0.492009	0.743981	-0.452127	0.742691	-0.0877169	0.663864
6.83333	0.435521	-0.663457	-0.608396	0.480639	0.742847	-0.46601	0.761123	-0.0894615	0.642409
6.86667	0.426899	-0.663661	-0.614256	0.474612	0.742621	-0.472502	0.769741	-0.0898229	0.632006
6.9	0.433912	-0.661752	-0.611396	0.474446	0.744725	-0.469345	0.765912	-0.0864197	0.637111
6.93333	0.458343	-0.657463	-0.598051	0.481094	0.749318	-0.45505	0.747309	-0.0791498	0.659746
6.96667	0.489557	-0.654249	-0.576448	0.496222	0.752633	-0.43279	0.717006	-0.0741709	0.69311
7	0.518946	-0.654025	-0.550405	0.517544	0.752861	-0.406632	0.680326	-0.0738387	0.729181
7.03333	0.546048	-0.655921	-0.521152	0.541747	0.750977	-0.377551	0.639016	-0.0761716	0.765412
7.06667	0.575545	-0.65571	-0.488664	0.562417	0.751183	-0.345559	0.593663	-0.0759474	0.801122
7.1	0.611231	-0.647206	-0.455544	0.57001	0.759296	-0.31394	0.549077	-0.0677752	0.833019
7.13333	0.645243	-0.634382	-0.425701	0.568673	0.770917	-0.286876	0.51017	-0.0569798	0.858184
7.16667	0.665821	-0.626018	-0.405936	0.56719	0.778162	-0.269738	0.484745	-0.0506454	0.873188
7.2	0.67885	-0.621629	-0.390821	0.568025	0.781867	-0.256966	0.465307	-0.0475545	0.883871
7.23333	0.688561	-0.618522	-0.378569	0.568982	0.78445	-0.246773	0.449603	-0.0454803	0.89207
7.26667	0.689952	-0.617248	-0.378115	0.567694	0.7855	-0.2464	0.449099	-0.0446497	0.892366
7.3	0.686447	-0.617683	-0.383743	0.566158	0.785142	-0.251033	0.456351	-0.0449382	0.888664
7.33333	0.677547	-0.621256	-0.393665	0.566554	0.782175	-0.259267	0.468986	-0.047367	0.881935
7.36667	0.664421	-0.627624	-0.40575	0.569194	0.776785	-0.269487	0.484317	-0.0518976	0.873352
7.4	0.650947	-0.634792	-0.416302	0.57323	0.770559	-0.278651	0.497671	-0.05725	0.865474
7.43333	0.644866	-0.636905	-0.422491	0.57305	0.76869	-0.284129	0.505728	-0.0588831	0.860681
7.46667	0.655876	-0.628635	-0.417905	0.565223	0.775927	-0.280108	0.50035	-0.0524933	0.864231
7.5	0.666873	-0.616446	-0.418657	0.550509	0.786208	-0.280744	0.502215	-0.0432537	0.86366
7.53333	0.673122	-0.608193	-0.420724	0.539914	0.792924	-0.282426	0.505371	-0.0370477	0.862106
7.56667	0.67869	-0.60518	-0.416098	0.538295	0.795328	-0.278735	0.499619	-0.0348089	0.865546
7.6	0.678455	-0.603821	-0.418449	0.535732	0.796403	-0.280595	0.502684	-0.0338054	0.863809
7.63333	0.678733	-0.605011	-0.416273	0.538026	0.795461	-0.278873	0.49985	-0.0346847	0.865417
7.66667	0.675225	-0.609479	-0.41546	0.543597	0.791892	-0.278224	0.498571	-0.0379786	0.866017
7.7	0.666465	-0.617398	-0.417905	0.551889	0.785426	-0.280221	0.501241	-0.04388	0.864194
7.73333	0.650879	-0.6277	-0.427024	0.560175	0.776729	-0.287915	0.512406	-0.0518102	0.857179
7.76667	0.636917	-0.634065	-0.438518	0.562595	0.77118	-0.29794	0.52709	-0.0569454	0.8479
7.8	0.631848	-0.634457	-0.445233	0.559886	0.770833	-0.303882	0.536	-0.0572724	0.842273
7.83333	0.632465	-0.631314	-0.44881	0.554317	0.773603	-0.307034	0.541036	-0.0545946	0.839226
7.86667	0.638041	-0.624994	-0.449762	0.546132	0.779078	-0.307861	0.542811	-0.0492014	0.838412
7.9	0.643475	-0.619136	-0.450123	0.538811	0.784037	-0.308169	0.543712	-0.0442318	0.838106
7.93333	0.644802	-0.61577	-0.452833	0.533405	0.786839	-0.310426	0.547458	-0.0413801	0.83581
7.96667	0.637654	-0.616902	-0.461334	0.530635	0.785899	-0.317474	0.558412	-0.042361	0.828482
8	0.622913	-0.620791	-0.476023	0.527936	0.782633	-0.329802	0.577289	-0.0458711	0.81525
8.03333	0.605492	-0.624215	-0.493696	0.522574	0.779706	-0.344929	0.600247	-0.0491408	0.798304
8.06667	0.589307	-0.624909	-0.512059	0.512605	0.779106	-0.360874	0.624462	-0.0498185	0.779465
8.1	0.572969	-0.624906	-0.530282	0.501012	0.779111	-0.376794	0.648609	-0.0497862	0.759492
8.13333	0.557972	-0.625018	-0.545912	0.490549	0.779013	-0.390512	0.66935	-0.0499015	0.74127
8.16667	0.548692	-0.624314	-0.55603	0.482329	0.779633	-0.399413	0.682859	-0.0490351	0.728903
8.2	0.547436	-0.622597	-0.559185	0.477577	0.781137	-0.402175	0.687193	-0.0468888	0.72496
8.23333	0.555295	-0.62038	-0.553873	0.478287	0.783058	-0.39757	0.680359	-0.0441423	0.731548
8.26667	0.569198	-0.619362	-0.540745	0.486019	0.783932	-0.386311	0.663173	-0.0429248	0.747234
8.3	0.579362	-0.62424	-0.524084	0.503653	0.779728	-0.371964	0.640838	-0.0484549	0.766146
8.33333	0.581607	-0.635742	-0.507509	0.529401	0.769495	-0.35723	0.617632	-0.0609087	0.784105
8.36667	0.582868	-0.647615	-0.490775	0.555014	0.758439	-0.341656	0.593485	-0.0732467	0.801505
8.4	0.588847	-0.654454	-0.474289	0.573225	0.751853	-0.325776	0.569801	-0.080042	0.817876
8.43333	0.602536	-0.653885	-0.457585	0.581422	0.752403	-0.309577	0.546717	-0.0795187	0.833533
8.46667	0.618722	-0.649293	-0.442268	0.58334	0.756781	-0.294951	0.52621	-0.0755	0.846996
8.5	0.632945	-0.645042	-0.428137	0.584711	0.760747	-0.28174	0.507439	-0.0720101	0.858674
8.53333	0.641855	-0.643281	-0.417386	0.587285	0.762364	-0.27184	0.493069	-0.0706426	0.867117
8.56667	0.646351	-0.6416	-0.413012	0.587128	0.763896	-0.267849	0.487351	-0.069366	0.870447
8.6	0.647142	-0.638518	-0.416536	0.582012	0.766682	-0.271034	0.492411	-0.0670314	0.867778
8.63333	0.643612	-0.635616	-0.426328	0.574385	0.769281	-0.2798	0.505812	-0.0647932	0.860207
8.66667	0.633341	-0.636093	-0.440755	0.5685	0.768854	-0.292697	0.525059	-0.0651919	0.848566
8.7	0.62089	-0.639208	-0.453773	0.566121	0.766035	-0.304462	0.54222	-0.0678531	0.837492
8.73333	0.612912	-0.64138	-0.461487	0.564965	0.764043	-0.311533	0.552407	-0.069782	0.830649
8.76667	0.616846	-0.637606	-0.461475	0.560271	0.767496	-0.311522	0.552809	-0.0663906	0.830659
8.8	0.633172	-0.627076	-0.453729	0.551086	0.776858	-0.304624	0.543505	-0.057164	0.837457
8.83333	0.655288	-0.613186	-0.441136	0.540069	0.78862	-0.293946	0.528132	-0.045624	0.847936
8.86667	0.672825	-0.603184	-0.428341	0.533696	0.796706	-0.283597	0.512323	-0.0377928	0.857961
8.9	0.686142	-0.597342	-0.4152	0.532213	0.801288	-0.273288	0.495941	-0.0334601	0.867711
8.93333	0.697266	-0.593926	-0.401338	0.533619	0.80392	-0.262607	0.478613	-0.031055	0.877476
8.96667	0.701219	-0.596127	-0.391056	0.539951	0.80223	-0.254713	0.465558	-0.0325415	0.884419
9	0.694993	-0.604531	-0.389264	0.55022	0.795669	-0.253317	0.462863	-0.0381277	0.885609
9.03333	0.674487	-0.621857	-0.397947	0.566919	0.781535	-0.260397	0.472939	-0.0499695	0.879677
9.06667	0.644731	-0.641043	-0.416396	0.581904	0.764827	-0.276456	0.495691	-0.0640622	0.866133
9.1	0.621347	-0.652844	-0.43327	0.588482	0.753918	-0.292056	0.517317	-0.0735029	0.852632
9.13333	0.606975	-0.657994	-0.445674	0.588763	0.748982	-0.303947	0.533798	-0.0779081	0.842016
9.16667	0.600863	-0.659035	-0.452368	0.586646	0.74797	-0.310464	0.542964	-0.0788334	0.836047
9.2	0.59948	-0.658244	-0.455344	0.584112	0.748741	-0.313369	0.547208	-0.0781131	0.833344
9.23333	0.600088	-0.656735	-0.456721	0.581504	0.750208	-0.314709	0.549316	-0.0767323	0.832084
9.26667	0.597869	-0.655632	-0.461194	0.577755	0.751275	-0.319038	0.555655	-0.0757137	0.827958
9.3	0.587973	-0.657038	-0.471792	0.573741	0.749909	-0.329329	0.570183	-0.07705	0.817896
9.33333	0.569981	-0.660772	-0.488367	0.568901	0.746225	-0.345687	0.592852	-0.0807975	0.801248
9.36667	0.548838	-0.663837	-0.508033	0.560453	0.743135	-0.365572	0.620218	-0.0840886	0.77991
9.4	0.52753	-0.66508	-0.528565	0.547774	0.741861	-0.386764	0.649351	-0.0855048	0.755667
9.43333	0.504565	-0.666469	-0.548847	0.53412	0.740408	-0.408058	0.678329	-0.0872586	0.729559
9.46667	0.482082	-0.668276	-0.566572	0.521808	0.738477	-0.427045	0.703785	-0.0897712	0.704719
9.5	0.465286	-0.66949	-0.579045	0.512267	0.737153	-0.440668	0.721867	-0.091589	0.685944
9.53333	0.456784	-0.670234	-0.584923	0.507795	0.73633	-0.447171	0.730406	-0.0927601	0.676686
9.56667	0.458362	-0.67071	-0.583139	0.510299	0.7358	-0.445188	0.727667	-0.0935181	0.679526
9.6	0.475593	-0.668743	-0.571484	0.518145	0.737967	-0.432355	0.710871	-0.0904864	0.697477
9.63333	0.503002	-0.665808	-0.55108	0.531271	0.741116	-0.410486	0.681719	-0.0862977	0.726507
9.66667	0.529689	-0.66629	-0.52487	0.552083	0.740613	-0.383011	0.643921	-0.0868948	0.760141
9.7	0.547851	-0.672479	-0.497626	0.579182	0.734117	-0.35443	0.603662	-0.0940417	0.791674
9.73333	0.564892	-0.679273	-0.468493	0.605851	0.726882	-0.323399	0.560215	-0.101151	0.822148
9.76667	0.587608	-0.678865	-0.440294	0.620444	0.727312	-0.293371	0.51939	-0.100791	0.848572
9.8	0.614314	-0.670048	-0.416719	0.620745	0.736416	-0.26901	0.487128	-0.0934202	0.86832
9.83333	0.633019	-0.662169	-0.401022	0.617974	0.744239	-0.253409	0.466256	-0.0874088	0.880321
9.86667	0.637528	-0.661702	-0.3946	0.619958	0.744694	-0.247148	0.457395	-0.0870723	0.884991
9.9	0.630222	-0.668352	-0.395128	0.627531	0.73815	-0.247668	0.457193	-0.0918686	0.88461
9.93333	0.617152	-0.677703	-0.399804	0.636649	0.728674	-0.252412	0.462387	-0.0987586	0.881161
9.96667	0.602078	-0.686527	-0.407655	0.643827	0.719406	-0.260656	0.472216	-0.105524	0.875144
10	0.588525	-0.692872	-0.416613	0.647466	0.712524	-0.270365	0.484175	-0.110626	0.867949
10.0333	0.579171	-0.696299	-0.423943	0.648195	0.70872	-0.278493	0.494372	-0.113503	0.861808
10.0667	0.575036	-0.6977	-0.427256	0.648306	0.707146	-0.282212	0.499032	-0.114711	0.858958
10.1	0.576195	-0.697123	-0.426637	0.6479	0.707796	-0.281515	0.498222	-0.114211	0.859494
10.1333	0.582772	-0.693605	-0.423425	0.645142	0.711721	-0.277931	0.494135	-0.111199	0.862245
10.1667	0.592952	-0.68728	-0.419589	0.639248	0.718631	-0.273737	0.489664	-0.105909	0.865455
10.2	0.605077	-0.678244	-0.416973	0.629527	0.728199	-0.270964	0.487419	-0.0985424	0.86759
10.2333	0.616418	-0.668661	-0.415838	0.618528	0.737991	-0.2698	0.48729	-0.0908977	0.868497
10.2667	0.623384	-0.662112	-0.415932	0.610658	0.744483	-0.269891	0.488353	-0.0857465	0.868423
10.3	0.62998	-0.656676	-0.414609	0.604747	0.749754	-0.268606	0.487243	-0.0815171	0.869454
10.3333	0.637568	-0.65202	-0.410337	0.601021	0.754183	-0.264541	0.481955	-0.077958	0.872721
10.3667	0.643903	-0.649542	-0.404331	0.600552	0.756507	-0.25891	0.474052	-0.0761092	0.877201
10.4	0.64509	-0.650305	-0.4012	0.602699	0.755794	-0.255987	0.469694	-0.0766675	0.879494
10.4333	0.638339	-0.654945	-0.404439	0.606847	0.751422	-0.25904	0.473561	-0.0800777	0.877113
10.4667	0.619224	-0.664965	-0.417592	0.613198	0.7417	-0.27179	0.490459	-0.0877677	0.867033
10.5	0.598085	-0.674729	-0.432475	0.618183	0.731824	-0.286852	0.510043	-0.0957871	0.854799
10.5333	0.585114	-0.678757	-0.443769	0.617555	0.727618	-0.298659	0.525611	-0.099302	0.844909
10.5667	0.580787	-0.677734	-0.450957	0.612546	0.728697	-0.306247	0.536165	-0.0983678	0.838362
10.6	0.582364	-0.67347	-0.455293	0.604886	0.733161	-0.310784	0.543107	-0.0944107	0.834339
10.6333	0.587233	-0.667659	-0.45759	0.596346	0.739129	-0.313145	0.547293	-0.0889929	0.832197
10.6667	0.591419	-0.662199	-0.460127	0.588118	0.744616	-0.315696	0.551671	-0.0839004	0.829831
10.7	0.590911	-0.659207	-0.465049	0.581695	0.747576	-0.320563	0.558976	-0.0810925	0.825209
10.7333	0.582656	-0.659778	-0.474557	0.577158	0.747011	-0.329944	0.572189	-0.0816506	0.816047
10.7667	0.570947	-0.661563	-0.486162	0.572716	0.745232	-0.341505	0.588231	-0.0834516	0.804376
10.8	0.557451	-0.663185	-0.499434	0.566659	0.743595	-0.354914	0.60675	-0.085161	0.790318
10.8333	0.548105	-0.662111	-0.511068	0.557602	0.74469	-0.366766	0.623427	-0.0839458	0.777362
10.8667	0.540879	-0.660046	-0.521333	0.547747	0.746787	-0.377204	0.638297	-0.0815368	0.76546
10.9	0.537166	-0.657895	-0.527851	0.540156	0.748959	-0.383788	0.647831	-0.0789639	0.757681
10.9333	0.537279	-0.65511	-0.53119	0.533869	0.751742	-0.387126	0.652928	-0.0755911	0.753638
10.9667	0.542882	-0.65195	-0.529377	0.530758	0.754857	-0.385339	0.650826	-0.0717779	0.755826
11	0.554036	-0.64865	-0.52182	0.531469	0.758052	-0.378019	0.640769	-0.0678951	0.764726
11.0333	0.570331	-0.645475	-0.508021	0.536302	0.761067	-0.364907	0.622176	-0.0643347	0.780229
11.0667	0.587916	-0.644901	-0.48832	0.547652	0.761603	-0.346465	0.595342	-0.0637375	0.80094
11.1	0.596346	-0.652899	-0.467006	0.569995	0.754056	-0.326352	0.565223	-0.0715722	0.821828
11.1333	0.596136	-0.66621	-0.448092	0.596734	0.741034	-0.30786	0.53715	-0.0838651	0.839307
11.1667	0.593783	-0.678429	-0.432616	0.619614	0.728546	-0.29206	0.513323	-0.0946348	0.852962
11.2	0.591929	-0.687405	-0.420825	0.636254	0.719039	-0.279579	0.494774	-0.102261	0.862984
11.2333	0.590732	-0.693913	-0.411729	0.648361	0.711968	-0.269684	0.480275	-0.107638	0.870488
11.2667	0.592526	-0.697503	-0.402991	0.656594	0.708006	-0.260023	0.466687	-0.110531	0.877488
11.3	0.59723	-0.699334	-0.392745	0.663165	0.705972	-0.248629	0.451142	-0.111966	0.885401
11.3333	0.603523	-0.697895	-0.38562	0.664382	0.70756	-0.240737	0.440859	-0.110909	0.890698
11.3667	0.608163	-0.694056	-0.385259	0.660028	0.711757	-0.240344	0.441023	-0.108114	0.89096
11.4	0.607657	-0.687467	-0.397672	0.647228	0.718842	-0.253696	0.460271	-0.103224	0.881757
11.4333	0.603172	-0.680565	-0.415952	0.631042	0.726128	-0.272989	0.487821	-0.0978238	0.867445
11.4667	0.5931	-0.675318	-0.438382	0.613984	0.731587	-0.296317	0.520823	-0.0934136	0.848538
11.5	0.580823	-0.67213	-0.459223	0.599103	0.73488	-0.317847	0.551108	-0.0905093	0.829511
11.5333	0.572941	-0.668359	-0.474379	0.585731	0.738753	-0.333411	0.573287	-0.0868336	0.81474
11.5667	0.577099	-0.661874	-0.478413	0.575011	0.745298	-0.337481	0.57993	-0.0803331	0.810696
11.6	0.590006	-0.653354	-0.474364	0.566404	0.75363	-0.33351	0.575395	-0.0719085	0.814709
11.6333	0.605349	-0.644045	-0.467717	0.558278	0.762388	-0.327247	0.567343	-0.0630179	0.821067
11.6667	0.616759	-0.636744	-0.462781	0.551758	0.769019	-0.322758	0.561401	-0.0562793	0.825628
11.7	0.632308	-0.632068	-0.44797	0.553489	0.773156	-0.309645	0.542067	-0.052155	0.838715
11.7333	0.649322	-0.628279	-0.42854	0.558047	0.776442	-0.292783	0.516686	-0.0490345	0.85477
11.7667	0.668553	-0.623687	-0.405033	0.562718	0.780346	-0.272779	0.486195	-0.0455522	0.872662
