0	0.0797523	0.996768	0.0096962	0.0118884	0.00877537	-0.999891	-0.996744	0.0798589	-0.0111501
0.0333333	0.939892	0.239686	0.243216	-0.14119	0.921302	-0.362309	-0.310915	0.306191	0.899766
0.0666667	0.958469	0.163437	0.233722	-0.0827886	0.943665	-0.320378	-0.272917	0.287723	0.918004
0.1	0.959765	0.158393	0.231868	-0.080825	0.946609	-0.312087	-0.268921	0.28079	0.921325
0.133333	0.960168	0.156494	0.231489	-0.0802983	0.948041	-0.307848	-0.267637	0.276997	0.922845
0.166667	0.960292	0.155584	0.23159	-0.0800459	0.948818	-0.305512	-0.267269	0.274843	0.923596
0.2	0.960409	0.154711	0.231687	-0.0797649	0.949519	-0.303399	-0.266931	0.272907	0.924267
0.233333	0.960527	0.154219	0.231527	-0.079827	0.950068	-0.301658	-0.266488	0.271269	0.924877
0.266667	0.960647	0.154226	0.231025	-0.0802271	0.950307	-0.300798	-0.265935	0.270426	0.925283
0.3	0.960745	0.154446	0.230466	-0.0803627	0.950026	-0.301648	-0.265537	0.271287	0.925145
0.333333	0.96085	0.154962	0.229682	-0.0807744	0.94963	-0.302784	-0.265033	0.272378	0.924969
0.366667	0.960864	0.156038	0.228894	-0.0816047	0.949042	-0.304401	-0.264728	0.273809	0.924634
0.4	0.960767	0.156732	0.228826	-0.0814392	0.948077	-0.307438	-0.26513	0.276741	0.923645
0.433333	0.960916	0.157591	0.227609	-0.0824275	0.947742	-0.308205	-0.264285	0.277398	0.923691
0.466667	0.960991	0.157931	0.227057	-0.0827175	0.947479	-0.308935	-0.263922	0.278102	0.923582
0.5	0.960998	0.157828	0.227097	-0.082445	0.947322	-0.30949	-0.26398	0.278697	0.923387
0.533333	0.961086	0.15686	0.227394	-0.0811969	0.947194	-0.310209	-0.264046	0.279674	0.923072
0.566667	0.961407	0.155921	0.226683	-0.0807802	0.94757	-0.30917	-0.263004	0.278927	0.923596
0.6	0.961787	0.154216	0.226236	-0.0792008	0.947666	-0.309284	-0.262093	0.279548	0.923667
0.633333	0.96207	0.153654	0.225416	-0.0785172	0.947289	-0.310609	-0.261261	0.281129	0.923423
0.666667	0.96216	0.153732	0.224977	-0.0778279	0.9463	-0.313783	-0.261135	0.284399	0.922456
0.7	0.962353	0.154484	0.223634	-0.078519	0.945705	-0.315398	-0.260216	0.285965	0.922232
0.733333	0.962419	0.155986	0.222303	-0.0798897	0.944984	-0.317212	-0.259553	0.287531	0.921932
0.766667	0.962652	0.156442	0.220968	-0.0799094	0.943976	-0.320194	-0.25868	0.290578	0.921222
0.8	0.962723	0.157834	0.219666	-0.0809542	0.943008	-0.322773	-0.258091	0.292958	0.920633
0.833333	0.96275	0.158874	0.218795	-0.0818667	0.942466	-0.324123	-0.257701	0.294138	0.920366
0.866667	0.962914	0.159155	0.217868	-0.0829449	0.943003	-0.322282	-0.256743	0.292259	0.921232
0.9	0.962672	0.158759	0.219222	-0.0816866	0.942563	-0.323887	-0.258051	0.29389	0.920347
0.933333	0.963359	0.15895	0.216043	-0.0847015	0.944554	-0.317245	-0.25449	0.287321	0.923407
0.966667	0.963468	0.15937	0.215246	-0.0857269	0.944912	-0.315899	-0.253733	0.285906	0.924055
1	0.96256	0.159529	0.219155	-0.0827767	0.942853	-0.322762	-0.258121	0.292537	0.920758
1.03333	0.962393	0.159931	0.219595	-0.0827683	0.942531	-0.323704	-0.258746	0.293355	0.920323
1.06667	0.962474	0.159478	0.219571	-0.0824592	0.942712	-0.323255	-0.258544	0.293019	0.920486
1.1	0.962476	0.159237	0.219734	-0.0822221	0.942794	-0.323077	-0.25861	0.292887	0.92051
1.13333	0.96262	0.158851	0.219382	-0.0822044	0.943102	-0.322182	-0.258078	0.292105	0.920907
1.16667	0.962665	0.158796	0.219227	-0.0821186	0.943012	-0.322467	-0.25794	0.292425	0.920844
1.2	0.962755	0.159327	0.218442	-0.0828151	0.942868	-0.322709	-0.257378	0.292599	0.920946
1.23333	0.962931	0.159256	0.21772	-0.0829009	0.942775	-0.322958	-0.256694	0.292938	0.92103
1.26667	0.96315	0.159012	0.216925	-0.0827786	0.942624	-0.32343	-0.255908	0.293555	0.921052
1.3	0.963233	0.159041	0.216536	-0.0828681	0.942541	-0.323649	-0.255568	0.293805	0.921067
1.33333	0.963317	0.158995	0.216197	-0.0831465	0.942786	-0.322864	-0.255161	0.293045	0.921422
1.36667	0.963412	0.158584	0.216075	-0.0830505	0.943126	-0.321893	-0.254833	0.292171	0.92179
1.4	0.96346	0.158334	0.216046	-0.0832481	0.943644	-0.320322	-0.254589	0.290632	0.922344
1.43333	0.963496	0.157465	0.216516	-0.0825115	0.944026	-0.319384	-0.254689	0.28986	0.922559
1.46667	0.963459	0.157248	0.21684	-0.0823903	0.944271	-0.31869	-0.254869	0.28918	0.922723
1.5	0.963413	0.15755	0.216828	-0.0827107	0.944268	-0.318616	-0.254942	0.289025	0.922751
1.53333	0.963425	0.157931	0.216496	-0.0831151	0.944146	-0.318873	-0.254764	0.289216	0.92274
1.56667	0.963432	0.158182	0.216279	-0.0833158	0.943991	-0.319279	-0.25467	0.289584	0.922651
1.6	0.96343	0.158428	0.216109	-0.0834255	0.943756	-0.319944	-0.254642	0.290215	0.92246
1.63333	0.963338	0.158901	0.216173	-0.0836581	0.943477	-0.320707	-0.254915	0.290865	0.92218
1.66667	0.963217	0.159118	0.216551	-0.0837692	0.943485	-0.320653	-0.255334	0.290718	0.92211
1.7	0.963142	0.159085	0.21691	-0.083788	0.943682	-0.320067	-0.255612	0.290096	0.922229
1.73333	0.963072	0.159053	0.217241	-0.0838698	0.943937	-0.319293	-0.255847	0.289282	0.92242
1.76667	0.96299	0.158936	0.21769	-0.0836711	0.944021	-0.319099	-0.25622	0.289075	0.922381
1.8	0.962933	0.158537	0.218234	-0.0834044	0.944399	-0.318049	-0.256523	0.288058	0.922615
1.83333	0.962755	0.158411	0.219107	-0.0831622	0.944599	-0.317517	-0.257267	0.28747	0.922591
1.86667	0.962596	0.158461	0.21977	-0.0831887	0.944814	-0.31687	-0.257853	0.286735	0.922656
1.9	0.962441	0.158989	0.220068	-0.0837145	0.944884	-0.316521	-0.258262	0.28621	0.922705
1.93333	0.962322	0.159325	0.220346	-0.0838825	0.944777	-0.316796	-0.258652	0.286377	0.922544
1.96667	0.9622	0.15986	0.22049	-0.0841937	0.944547	-0.3174	-0.259003	0.286838	0.922302
2	0.962103	0.160235	0.220643	-0.0843562	0.944341	-0.317968	-0.259312	0.287305	0.92207
2.03333	0.961944	0.160835	0.220896	-0.0847981	0.944219	-0.318214	-0.259754	0.287372	0.921925
2.06667	0.962135	0.160303	0.220454	-0.0842904	0.944119	-0.318645	-0.259214	0.287998	0.921881
2.1	0.96194	0.160987	0.220803	-0.0849573	0.944182	-0.31828	-0.259718	0.287408	0.921924
2.13333	0.961907	0.160989	0.220948	-0.084938	0.944212	-0.318197	-0.259848	0.287309	0.921918
2.16667	0.961799	0.161396	0.221118	-0.0850065	0.943872	-0.319185	-0.260222	0.288195	0.921536
2.2	0.961697	0.161204	0.221704	-0.0846486	0.943916	-0.319151	-0.260718	0.28816	0.921407
2.23333	0.961553	0.160897	0.222548	-0.0842595	0.944155	-0.318546	-0.261373	0.287548	0.921412
2.26667	0.961285	0.160464	0.224013	-0.0837184	0.944596	-0.317379	-0.262529	0.286338	0.92146
2.3	0.96078	0.160431	0.226192	-0.0833239	0.944986	-0.31632	-0.264496	0.285066	0.921292
2.33333	0.960228	0.161049	0.22809	-0.0836041	0.94525	-0.315456	-0.266406	0.283841	0.92112
2.36667	0.959574	0.161982	0.230174	-0.084183	0.945532	-0.314455	-0.268573	0.282366	0.920944
2.4	0.959124	0.162171	0.231907	-0.0840448	0.945769	-0.313779	-0.270216	0.281462	0.92074
2.43333	0.958286	0.163688	0.234296	-0.0847288	0.945605	-0.314089	-0.272964	0.281135	0.920029
2.46667	0.957361	0.165097	0.23707	-0.0853059	0.945578	-0.314016	-0.276011	0.280403	0.919343
2.5	0.9566	0.165919	0.239556	-0.0855277	0.945731	-0.313493	-0.278571	0.279399	0.918877
2.53333	0.955859	0.16768	0.241282	-0.0863839	0.945255	-0.314691	-0.280841	0.279957	0.918015
2.56667	0.955463	0.169092	0.241864	-0.0873711	0.944911	-0.315452	-0.28188	0.280271	0.917601
2.6	0.955569	0.170336	0.240571	-0.0884193	0.944187	-0.317322	-0.281195	0.281952	0.917296
2.63333	0.956027	0.171853	0.237655	-0.0900977	0.943247	-0.319638	-0.279098	0.28417	0.917252
2.66667	0.956842	0.172203	0.234092	-0.0908261	0.942378	-0.321986	-0.27605	0.286828	0.917347
2.7	0.957752	0.172808	0.22989	-0.0919791	0.941416	-0.324463	-0.272492	0.28961	0.917537
2.73333	0.958732	0.172407	0.226072	-0.0920768	0.940587	-0.326831	-0.268988	0.292527	0.917645
2.76667	0.959317	0.172942	0.223162	-0.093	0.939883	-0.328589	-0.266573	0.294467	0.91773
2.8	0.959749	0.172568	0.221588	-0.0931001	0.939838	-0.328689	-0.264978	0.294829	0.918075
2.83333	0.960009	0.172046	0.22087	-0.09275	0.939794	-0.328915	-0.26416	0.295275	0.918168
2.86667	0.960147	0.171243	0.220893	-0.0919081	0.939818	-0.329082	-0.263952	0.295665	0.918102
2.9	0.960061	0.170829	0.221586	-0.0913858	0.939992	-0.32873	-0.264446	0.295351	0.918061
2.93333	0.960004	0.170131	0.222367	-0.0907376	0.940395	-0.327756	-0.264875	0.29447	0.91822
2.96667	0.95993	0.169488	0.223177	-0.090065	0.940715	-0.327022	-0.265373	0.293817	0.918286
3	0.95999	0.168764	0.223466	-0.0895287	0.941083	-0.326109	-0.265335	0.293054	0.91854
3.03333	0.959989	0.168375	0.223766	-0.0891561	0.941242	-0.325754	-0.265466	0.29277	0.918593
3.06667	0.959914	0.168511	0.223986	-0.0891334	0.941138	-0.326058	-0.265746	0.293023	0.918432
3.1	0.959773	0.169403	0.223918	-0.0899141	0.940927	-0.326454	-0.265992	0.293188	0.918308
3.13333	0.959982	0.168927	0.223378	-0.0894237	0.940742	-0.327121	-0.2654	0.294055	0.918202
3.16667	0.960181	0.168797	0.222622	-0.0890479	0.94019	-0.328805	-0.264808	0.295888	0.917784
3.2	0.960268	0.168576	0.222415	-0.088442	0.939695	-0.330381	-0.264696	0.297584	0.917268
3.23333	0.960266	0.16829	0.222639	-0.0878629	0.939471	-0.331172	-0.264896	0.298451	0.916928
3.26667	0.960095	0.168385	0.223304	-0.0878327	0.939582	-0.330864	-0.265525	0.298047	0.916877
3.3	0.959733	0.16883	0.224518	-0.0881251	0.939848	-0.330031	-0.266732	0.296956	0.916881
3.33333	0.959497	0.168976	0.225415	-0.0882233	0.940126	-0.32921	-0.267548	0.295989	0.916956
3.36667	0.95914	0.169438	0.226588	-0.0884949	0.940328	-0.328561	-0.268738	0.295084	0.9169
3.4	0.958825	0.169241	0.228059	-0.0881529	0.940733	-0.327491	-0.269968	0.293903	0.916918
3.43333	0.958614	0.169049	0.22909	-0.0876484	0.94079	-0.327463	-0.270883	0.293831	0.916671
3.46667	0.958455	0.168919	0.22985	-0.0870412	0.940564	-0.328274	-0.27164	0.29463	0.91619
3.5	0.958264	0.169245	0.230405	-0.0867761	0.940105	-0.329654	-0.272398	0.295902	0.915555
3.53333	0.958216	0.169959	0.230078	-0.0870577	0.939462	-0.33141	-0.272475	0.297532	0.915004
3.56667	0.958169	0.170747	0.22969	-0.087563	0.938951	-0.33272	-0.272479	0.29869	0.914625
3.6	0.958057	0.171676	0.229463	-0.0879356	0.938188	-0.334769	-0.272752	0.30055	0.913934
3.63333	0.957915	0.172603	0.229362	-0.0884001	0.937575	-0.336362	-0.273102	0.30193	0.913375
3.66667	0.957927	0.172688	0.229246	-0.0883938	0.937422	-0.336788	-0.273059	0.302354	0.913247
3.7	0.957842	0.172855	0.229476	-0.088389	0.937311	-0.337099	-0.27336	0.302604	0.913075
3.73333	0.957793	0.173165	0.229447	-0.0885059	0.937065	-0.337752	-0.273494	0.30319	0.91284
3.76667	0.95774	0.173339	0.229538	-0.088719	0.937131	-0.337512	-0.273612	0.302885	0.912906
3.8	0.957775	0.173386	0.229358	-0.0889217	0.93723	-0.337185	-0.273424	0.302552	0.913073
3.83333	0.957847	0.173528	0.228947	-0.0891462	0.937151	-0.337343	-0.273097	0.302713	0.913117
3.86667	0.957846	0.173783	0.228757	-0.08945	0.937114	-0.337366	-0.273	0.302682	0.913156
3.9	0.957901	0.173603	0.228667	-0.0894232	0.937261	-0.336965	-0.272819	0.302331	0.913327
3.93333	0.957947	0.173406	0.228623	-0.0893149	0.937356	-0.336729	-0.272692	0.302149	0.913425
3.96667	0.957932	0.173073	0.228936	-0.0891622	0.937701	-0.335809	-0.272793	0.30127	0.913685
4	0.95788	0.173413	0.228895	-0.0896142	0.937784	-0.335455	-0.272827	0.300814	0.913825
4.03333	0.957881	0.17322	0.229039	-0.0896615	0.938118	-0.334509	-0.272809	0.299884	0.914136
4.06667	0.957686	0.173685	0.2295	-0.0903604	0.938516	-0.3332	-0.273262	0.298364	0.914498
4.1	0.957709	0.173464	0.229572	-0.0905888	0.939049	-0.331632	-0.273106	0.296811	0.91505
4.13333	0.957664	0.173604	0.229653	-0.0914658	0.939866	-0.329068	-0.272971	0.294131	0.915955
4.16667	0.957644	0.173488	0.229827	-0.091682	0.940297	-0.327773	-0.272971	0.292819	0.916376
4.2	0.95768	0.173796	0.229442	-0.0921577	0.940312	-0.327599	-0.272683	0.29259	0.916534
4.23333	0.957673	0.174149	0.229203	-0.0926646	0.940362	-0.327312	-0.272535	0.292219	0.916697
4.26667	0.957654	0.174382	0.229108	-0.0932315	0.940666	-0.326275	-0.272411	0.291098	0.91709
4.3	0.957654	0.174513	0.229007	-0.0938669	0.941157	-0.324672	-0.272191	0.289427	0.917684
4.33333	0.957574	0.174668	0.229223	-0.0948948	0.942144	-0.321495	-0.272116	0.286104	0.918748
4.36667	0.957301	0.174879	0.230199	-0.09507	0.942433	-0.320596	-0.273012	0.285022	0.918818
4.4	0.957201	0.175279	0.230312	-0.0957544	0.942735	-0.319503	-0.273125	0.283775	0.91917
4.43333	0.957101	0.174935	0.230988	-0.0955608	0.943153	-0.318324	-0.273543	0.282595	0.91941
4.46667	0.956858	0.17485	0.232058	-0.0954605	0.94351	-0.317294	-0.274428	0.281453	0.919497
4.5	0.956378	0.17484	0.234034	-0.095295	0.944019	-0.315828	-0.276152	0.279749	0.9195
4.53333	0.955981	0.173846	0.236383	-0.0942989	0.944881	-0.31354	-0.277862	0.277448	0.919682
4.56667	0.955017	0.173347	0.240611	-0.0933769	0.94587	-0.310824	-0.281467	0.274374	0.919508
4.6	0.95387	0.171892	0.246141	-0.0911186	0.946952	-0.308188	-0.286058	0.271544	0.918931
4.63333	0.952618	0.170031	0.252209	-0.0880834	0.947848	-0.306309	-0.291137	0.26958	0.917914
4.66667	0.951358	0.165991	0.259548	-0.0832715	0.949633	-0.302099	-0.296621	0.265791	0.917263
4.7	0.950233	0.159694	0.267498	-0.0757298	0.951278	-0.29889	-0.302196	0.263758	0.916029
4.73333	0.949623	0.150328	0.274987	-0.0648213	0.952687	-0.29696	-0.306618	0.264174	0.914438
4.76667	0.949278	0.138786	0.282153	-0.0504295	0.952903	-0.299052	-0.310369	0.269655	0.911569
4.8	0.94884	0.127125	0.289037	-0.0309735	0.948432	-0.315464	-0.314235	0.290372	0.903848
4.83333	0.948631	0.115307	0.294625	-0.0047555	0.936314	-0.351131	-0.316349	0.331693	0.888765
4.86667	0.949995	0.0983264	0.296381	0.033476	0.911593	-0.409729	-0.310466	0.399162	0.862717
4.9	0.954371	0.0721207	0.289783	0.0816385	0.870419	-0.485496	-0.287247	0.487001	0.824815
4.93333	0.960557	0.0427432	0.274779	0.125072	0.816128	-0.564174	-0.248369	0.576289	0.778591
4.96667	0.966037	0.0175374	0.257808	0.14881	0.777892	-0.610524	-0.211254	0.628153	0.748863
5	0.969123	0.00655377	0.24649	0.14702	0.78716	-0.598969	-0.197953	0.616714	0.761892
5.03333	0.971835	0.00690576	0.235562	0.122961	0.837864	-0.53185	-0.201041	0.545836	0.813416
5.06667	0.976656	0.0132133	0.214401	0.084634	0.8937	-0.440609	-0.197432	0.44847	0.87172
5.1	0.982511	0.0170586	0.185421	0.0528837	0.929226	-0.365709	-0.178536	0.369119	0.912072
5.13333	0.988096	0.0160601	0.153	0.0342982	0.946507	-0.320856	-0.149968	0.322284	0.934688
5.16667	0.992711	0.012564	0.119861	0.0233084	0.955758	-0.293229	-0.118242	0.293885	0.948499
5.2	0.996188	0.00879143	0.0867899	0.0154042	0.961546	-0.274212	-0.0858632	0.274503	0.957745
5.23333	0.998463	0.00497502	0.0551981	0.00949517	0.965881	-0.258811	-0.0546024	0.258937	0.96435
5.26667	0.999624	0.000717567	0.0274138	0.00606746	0.969095	-0.246612	-0.0267435	0.246685	0.968727
5.3	0.999973	-0.0061075	0.00413705	0.00691677	0.97123	-0.238043	-0.00256418	0.238065	0.971246
5.33333	0.999896	-0.00941431	-0.0109494	0.00647621	0.970086	-0.242676	0.0129065	0.242579	0.970046
5.36667	0.999836	-0.00822414	-0.0161291	0.00380158	0.966379	-0.257094	0.0177012	0.25699	0.966252
5.4	0.999926	-0.00567317	-0.0107622	0.00254516	0.962591	-0.270946	0.0118968	0.270898	0.962534
5.43333	0.999962	-0.00445294	0.00745869	0.0063075	0.962571	-0.270957	-0.00597297	0.270994	0.962563
5.46667	0.999453	-0.0119633	0.0308324	0.0196064	0.965119	-0.261076	-0.0266336	0.261538	0.964826
5.5	0.998127	-0.0216329	0.0572174	0.0349635	0.969283	-0.243451	-0.0501933	0.244995	0.968224
5.53333	0.996192	-0.0205258	0.0847339	0.0404795	0.969677	-0.241013	-0.0772176	0.243525	0.966816
5.56667	0.993411	-0.0236598	0.112141	0.0503916	0.968977	-0.241961	-0.102937	0.246017	0.963784
5.6	0.989098	-0.0349191	0.143058	0.0692363	0.967678	-0.242497	-0.129966	0.249758	0.959547
5.63333	0.984106	-0.0499254	0.17042	0.0899747	0.96755	-0.236119	-0.153101	0.2477	0.956663
5.66667	0.980483	-0.0569947	0.188162	0.10003	0.968541	-0.227866	-0.169255	0.24224	0.955339
5.7	0.977474	-0.0470361	0.205746	0.0951169	0.968413	-0.230497	-0.188406	0.244875	0.951073
5.73333	0.973318	-0.0278292	0.227767	0.0835063	0.967512	-0.238634	-0.213726	0.251287	0.944021
5.76667	0.969021	-0.00653769	0.246893	0.0701284	0.965788	-0.249671	-0.236814	0.25925	0.936327
5.8	0.965213	0.0156337	0.260997	0.0547099	0.964038	-0.260073	-0.255677	0.265305	0.929647
5.83333	0.961064	0.0372804	0.273801	0.0383859	0.963239	-0.265891	-0.273648	0.266048	0.924302
5.86667	0.956247	0.0587227	0.286605	0.0227513	0.961755	-0.272964	-0.291673	0.267542	0.91834
5.9	0.950867	0.0809978	0.298816	0.00699754	0.959301	-0.282297	-0.30952	0.270518	0.911601
5.93333	0.944719	0.105207	0.310544	-0.0117021	0.957339	-0.28873	-0.327672	0.269134	0.905648
5.96667	0.936746	0.131679	0.324295	-0.0321563	0.954991	-0.294885	-0.34853	0.265805	0.898819
6	0.927795	0.160755	0.336682	-0.0551888	0.951619	-0.302284	-0.368986	0.261877	0.891779
6.03333	0.919255	0.188701	0.345489	-0.0760402	0.946212	-0.314484	-0.386249	0.26282	0.884159
6.06667	0.911152	0.213517	0.352438	-0.0926923	0.939566	-0.329581	-0.40151	0.26763	0.875879
6.1	0.90079	0.236612	0.364131	-0.107724	0.934066	-0.340466	-0.420681	0.267463	0.866886
6.13333	0.889524	0.2441	0.386214	-0.109579	0.934625	-0.338332	-0.443553	0.258634	0.85812
6.16667	0.877209	0.239262	0.416242	-0.103164	0.940659	-0.323291	-0.468893	0.240653	0.849838
6.2	0.86256	0.243079	0.443737	-0.100242	0.941748	-0.321033	-0.495924	0.232429	0.836681
6.23333	0.850937	0.246632	0.463765	-0.0936948	0.940023	-0.327992	-0.516843	0.235648	0.823008
6.26667	0.84234	0.2539	0.475393	-0.0858223	0.934013	-0.346776	-0.53207	0.251304	0.808547
6.3	0.839329	0.25839	0.47829	-0.0563034	0.916405	-0.396272	-0.540701	0.305673	0.783713
6.33333	0.842526	0.272488	0.46465	-0.0123259	0.872138	-0.489105	-0.538514	0.406356	0.738158
6.36667	0.865252	0.30656	0.396686	0.0408842	0.745473	-0.665281	-0.499667	0.591854	0.632488
6.4	0.931421	0.295701	0.212169	0.0505444	0.472223	-0.880029	-0.360416	0.830401	0.424892
6.43333	0.976678	0.208024	0.0531563	-0.00785081	0.28201	-0.959379	-0.214565	0.936588	0.277066
6.46667	0.994054	0.107802	-0.0153682	-0.0368	0.199749	-0.979156	-0.102485	0.973899	0.202528
6.5	0.999521	0.0162099	-0.0263756	-0.0286849	0.164444	-0.985969	-0.0116452	0.986253	0.16483
6.53333	0.998552	-0.0537838	-0.00137618	0.00685353	0.15253	-0.988275	0.0533631	0.986834	0.152678
6.56667	0.994085	-0.0991786	0.0442629	0.0613322	0.176293	-0.982425	0.0896323	0.979329	0.181333
6.6	0.987648	-0.124955	0.0945381	0.123465	0.249124	-0.960569	0.0964765	0.960377	0.261474
6.63333	0.981031	-0.131721	0.142223	0.183543	0.395121	-0.900106	0.0623676	0.909136	0.411802
6.66667	0.980199	-0.108658	0.16554	0.196825	0.626158	-0.754445	-0.0216776	0.772088	0.635146
6.7	0.989586	-0.0577479	0.131853	0.119441	0.840644	-0.528253	-0.0803359	0.538501	0.838787
6.73333	0.998342	-0.0162065	0.0552257	0.0353843	0.929603	-0.36686	-0.0453924	0.368206	0.928636
6.76667	0.999748	0.0128233	-0.0184364	-0.017954	0.949534	-0.313149	0.0134904	0.313401	0.949525
6.8	0.997428	0.0364047	-0.0617493	-0.0552002	0.939646	-0.337667	0.0457298	0.340207	0.939238
6.83333	0.996931	0.0336987	-0.0706617	-0.0557982	0.938975	-0.33943	0.0549111	0.342331	0.937973
6.86667	0.999205	0.00268506	-0.0397879	-0.015498	0.945448	-0.325404	0.0367437	0.325762	0.944738
6.9	0.999825	-0.0187325	-6.64967e-05	0.0177114	0.946468	-0.322312	0.00610066	0.322254	0.946633
6.93333	0.998775	-0.04125	0.0273181	0.0471283	0.961269	-0.271552	-0.0150585	0.272507	0.962036
6.96667	0.994802	-0.0835508	0.0582136	0.093908	0.973793	-0.207146	-0.0393808	0.211536	0.976577
7	0.991195	-0.09431	0.0929369	0.109676	0.97804	-0.177227	-0.0741817	0.18586	0.979772
7.03333	0.986825	-0.095136	0.130863	0.118648	0.97544	-0.18558	-0.109994	0.198662	0.973876
7.06667	0.982126	-0.0940749	0.163029	0.124884	0.973721	-0.190449	-0.140829	0.207404	0.968065
7.1	0.977875	-0.0783451	0.193966	0.116713	0.973821	-0.195068	-0.173605	0.21339	0.961419
7.13333	0.973438	-0.0591786	0.221171	0.102383	0.976564	-0.189317	-0.204784	0.206933	0.956683
7.16667	0.968223	-0.0345568	0.247688	0.0875143	0.974605	-0.206123	-0.234275	0.221249	0.946659
7.2	0.962032	-0.0148299	0.272534	0.075148	0.974321	-0.212251	-0.262388	0.224673	0.938443
7.23333	0.955446	0.00942368	0.295016	0.0571415	0.974677	-0.216194	-0.289583	0.223419	0.930712
7.26667	0.948028	0.0355562	0.316194	0.0395661	0.972851	-0.228026	-0.315718	0.228686	0.920883
7.3	0.940873	0.0602657	0.333356	0.0233733	0.970154	-0.241359	-0.337953	0.234879	0.911383
7.33333	0.933124	0.0827041	0.349913	0.00842788	0.967888	-0.251242	-0.359455	0.237389	0.902463
7.36667	0.923382	0.106052	0.368943	-0.00633094	0.965159	-0.261588	-0.383831	0.23921	0.891881
7.4	0.911827	0.132564	0.388584	-0.0235259	0.961756	-0.272896	-0.409899	0.239692	0.880074
7.43333	0.900988	0.157503	0.404243	-0.0392426	0.95754	-0.285617	-0.432065	0.241474	0.868913
7.46667	0.889728	0.1823	0.418511	-0.0550035	0.952931	-0.298156	-0.453166	0.242258	0.857876
7.5	0.876631	0.199009	0.438079	-0.0646503	0.950919	-0.30261	-0.476799	0.236955	0.846472
7.53333	0.861032	0.203142	0.466215	-0.0661769	0.953715	-0.293339	-0.504226	0.221722	0.834623
7.56667	0.841932	0.209963	0.497057	-0.0686623	0.955387	-0.287265	-0.535197	0.207728	0.818788
7.6	0.826631	0.220667	0.517675	-0.070114	0.953129	-0.294328	-0.55836	0.207004	0.803358
7.63333	0.813195	0.244903	0.527955	-0.0726866	0.942787	-0.325374	-0.577434	0.226218	0.784471
7.66667	0.808161	0.272607	0.522073	-0.0450288	0.912435	-0.406736	-0.587237	0.3052	0.74967
7.7	0.824006	0.311777	0.473085	0.0145531	0.823059	-0.567769	-0.566394	0.47473	0.673668
7.73333	0.885992	0.34221	0.312905	0.0565747	0.589983	-0.805431	-0.460235	0.731308	0.50336
7.76667	0.951235	0.285241	0.117429	0.0104277	0.350732	-0.936418	-0.30829	0.891978	0.330654
7.8	0.982948	0.183336	0.0142048	-0.0287216	0.229371	-0.972915	-0.181629	0.955917	0.230725
7.83333	0.997058	0.0743935	-0.0184397	-0.0312333	0.174671	-0.984131	-0.0699921	0.981812	0.176481
7.86667	0.999841	-0.0164042	-0.00699945	-0.00447822	0.148972	-0.988831	0.0172637	0.988705	0.148875
7.9	0.996335	-0.0762317	0.0387898	0.0502148	0.154193	-0.986764	0.0692416	0.985095	0.157456
7.93333	0.988896	-0.115482	0.0935315	0.115619	0.202471	-0.972439	0.0933621	0.972455	0.213575
7.96667	0.980365	-0.135509	0.143257	0.179298	0.310159	-0.933624	0.0820825	0.940977	0.328366
8	0.9744	-0.140916	0.175179	0.222148	0.483638	-0.846608	0.0345775	0.86385	0.502561
8.03333	0.978102	-0.121161	0.169224	0.204542	0.709858	-0.673991	-0.0384636	0.693846	0.719096
8.06667	0.991378	-0.0747055	0.107651	0.116794	0.87624	-0.467507	-0.0594027	0.476049	0.87741
8.1	0.999348	-0.0266148	0.024383	0.0333696	0.938742	-0.343001	-0.0137605	0.343591	0.939018
8.13333	0.998872	0.0177229	-0.0440441	-0.0300978	0.953852	-0.298764	0.0367166	0.299753	0.95331
8.16667	0.996307	0.0417936	-0.0750044	-0.0633111	0.947664	-0.312929	0.0580005	0.316522	0.94681
8.2	0.997219	0.0439592	-0.0601805	-0.0607643	0.947125	-0.315058	0.0431488	0.317839	0.947162
8.23333	0.999448	0.0247229	-0.0221981	-0.0307232	0.94204	-0.334091	0.0126518	0.334589	0.942279
8.26667	0.999926	-0.00234032	0.011978	0.0059107	0.951525	-0.307513	-0.0106777	0.307561	0.951468
8.3	0.998101	-0.0406254	0.0462932	0.0513679	0.96377	-0.261742	-0.0339827	0.263623	0.964027
8.33333	0.995899	-0.0465487	0.0775766	0.0637173	0.96962	-0.236173	-0.0642263	0.240147	0.968609
8.36667	0.992716	-0.0504656	0.109398	0.0747652	0.970091	-0.23094	-0.0944711	0.237437	0.966798
8.4	0.989159	-0.0528075	0.137026	0.0844224	0.967986	-0.23638	-0.120157	0.245385	0.96195
8.43333	0.985559	-0.0408233	0.164339	0.0809952	0.965933	-0.24579	-0.148707	0.255551	0.955291
8.46667	0.981682	-0.0148989	0.189946	0.0640164	0.964773	-0.255176	-0.179453	0.262661	0.948054
8.5	0.977365	0.00779425	0.211416	0.0491945	0.963555	-0.262947	-0.20576	0.267396	0.941362
8.53333	0.973165	0.0236777	0.228887	0.0390592	0.96326	-0.265716	-0.226769	0.267526	0.936486
8.56667	0.968928	0.044449	0.243317	0.0247551	0.961355	-0.274198	-0.246102	0.271701	0.930383
8.6	0.963882	0.0679933	0.257505	0.00859308	0.95842	-0.285232	-0.266192	0.277143	0.923219
8.63333	0.957698	0.0902995	0.27324	-0.00600702	0.95556	-0.294736	-0.287712	0.280627	0.91568
8.66667	0.951017	0.1097	0.28902	-0.0179812	0.952967	-0.302539	-0.308615	0.282523	0.908261
8.7	0.942101	0.132945	0.307849	-0.0325305	0.949955	-0.310687	-0.333747	0.282684	0.899279
8.73333	0.930298	0.162251	0.328969	-0.0519606	0.946098	-0.319686	-0.363106	0.280309	0.888583
8.76667	0.918572	0.186984	0.348227	-0.0676945	0.94243	-0.327479	-0.389413	0.27724	0.878348
8.8	0.905464	0.209087	0.369347	-0.0813768	0.939615	-0.332418	-0.416549	0.270936	0.867802
8.83333	0.889371	0.22363	0.398759	-0.0873173	0.939234	-0.331988	-0.44877	0.260442	0.854854
8.86667	0.870268	0.234778	0.433028	-0.0903712	0.940283	-0.32818	-0.484218	0.246471	0.839515
8.9	0.849423	0.251934	0.463691	-0.0933157	0.936543	-0.337903	-0.519397	0.243753	0.819031
8.93333	0.834637	0.271874	0.479025	-0.0959571	0.928162	-0.359593	-0.542377	0.254164	0.800767
8.96667	0.827101	0.290837	0.480955	-0.0837726	0.909942	-0.406186	-0.555775	0.295666	0.776979
9	0.832626	0.306339	0.461401	-0.0330919	0.859129	-0.510687	-0.552846	0.409943	0.725471
9.03333	0.868098	0.329025	0.371683	0.0371949	0.703548	-0.709674	-0.494997	0.629892	0.598511
9.06667	0.938861	0.297154	0.173894	0.036973	0.415135	-0.909008	-0.342305	0.859862	0.378767
9.1	0.977902	0.207091	0.0286541	-0.0231312	0.243393	-0.969652	-0.20778	0.947562	0.242805
9.13333	0.99415	0.100655	-0.0391762	-0.0551313	0.160984	-0.985416	-0.09288	0.981811	0.165592
9.16667	0.998697	-0.00358032	-0.0509	-0.0500025	0.130104	-0.990239	0.0101677	0.991494	0.129755
9.2	0.99631	-0.0817102	-0.0262486	-0.0164308	0.118585	-0.992808	0.0842353	0.989576	0.116805
9.23333	0.99139	-0.129297	0.0206745	0.0377163	0.13078	-0.990694	0.12539	0.982944	0.134531
9.26667	0.985039	-0.155617	0.0740317	0.103102	0.187955	-0.976751	0.138085	0.969771	0.201187
9.3	0.978649	-0.166425	0.120619	0.16753	0.30589	-0.937211	0.119079	0.937408	0.32724
9.33333	0.976068	-0.158332	0.14907	0.209443	0.499988	-0.840325	0.0585167	0.851436	0.521183
9.36667	0.983734	-0.11813	0.135328	0.178007	0.742198	-0.646108	-0.0241152	0.659688	0.751153
9.4	0.995766	-0.0597216	0.0698844	0.0845246	0.893697	-0.440637	-0.0361399	0.444678	0.894961
9.43333	0.999889	-0.0116311	-0.00933572	0.00787377	0.943281	-0.331901	0.0126666	0.331791	0.943268
9.46667	0.997279	0.0246562	-0.0694714	-0.045626	0.946658	-0.318993	0.0579005	0.321294	0.945208
9.5	0.994831	0.0384104	-0.0940001	-0.0694249	0.932828	-0.353572	0.074105	0.35827	0.930672
9.53333	0.99625	0.0277492	-0.0819556	-0.0546084	0.936356	-0.346779	0.0671168	0.349954	0.934359
9.56667	0.999127	0.00477793	-0.0415082	-0.0185782	0.940634	-0.338913	0.0374247	0.339388	0.939902
9.6	0.999855	-0.00789543	-0.0151073	0.00237053	0.942055	-0.33545	0.0168804	0.335366	0.941937
9.63333	0.999174	-0.0355926	0.0196053	0.0397087	0.957666	-0.285129	-0.00862682	0.285672	0.958289
9.66667	0.996656	-0.060852	0.0545286	0.0719939	0.969607	-0.233834	-0.0386421	0.236978	0.970746
9.7	0.993101	-0.0711231	0.0932298	0.0923903	0.96419	-0.248598	-0.0722102	0.255496	0.96411
9.73333	0.989113	-0.0760582	0.125976	0.105894	0.962325	-0.250432	-0.102182	0.261046	0.959903
9.76667	0.985591	-0.0575962	0.159037	0.0978138	0.961157	-0.258087	-0.137995	0.269925	0.952942
9.8	0.981469	-0.0244406	0.190055	0.0766218	0.959145	-0.272341	-0.175634	0.281857	0.943244
9.83333	0.976902	-0.0017935	0.213682	0.0625797	0.958525	-0.278054	-0.204321	0.285003	0.936497
9.86667	0.971918	0.0150439	0.23484	0.0533722	0.957855	-0.282249	-0.229188	0.286857	0.930154
9.9	0.965907	0.0295494	0.257199	0.0451335	0.959032	-0.279681	-0.254926	0.281754	0.925001
9.93333	0.959416	0.045529	0.278295	0.037685	0.957328	-0.286536	-0.279466	0.285395	0.91676
9.96667	0.95325	0.0610516	0.29595	0.0280419	0.95728	-0.2878	-0.300878	0.282644	0.910815
10	0.947098	0.0729709	0.312538	0.0189089	0.959432	-0.281307	-0.320386	0.272335	0.907296
10.0333	0.939262	0.0854553	0.332392	0.0100716	0.961224	-0.275583	-0.343053	0.262193	0.901981
10.0667	0.930018	0.10196	0.353087	-0.000564748	0.96114	-0.276059	-0.367513	0.256541	0.893936
10.1	0.919908	0.119817	0.373381	-0.0132206	0.961111	-0.275847	-0.391912	0.248817	0.885717
10.1333	0.9101	0.136503	0.391262	-0.0241952	0.960082	-0.278672	-0.413683	0.244152	0.877073
10.1667	0.901502	0.152195	0.405131	-0.0338813	0.95807	-0.284523	-0.431447	0.242772	0.868859
10.2	0.892048	0.169429	0.41898	-0.045186	0.955859	-0.290329	-0.449676	0.240055	0.860328
10.2333	0.880593	0.181448	0.437758	-0.0523223	0.95537	-0.290743	-0.470975	0.233122	0.850786
10.2667	0.867161	0.188735	0.46088	-0.057903	0.957342	-0.283096	-0.49465	0.218803	0.841098
10.3	0.852573	0.19979	0.482911	-0.0675727	0.958427	-0.277221	-0.518221	0.20372	0.830629
10.3333	0.839888	0.216809	0.497577	-0.0790114	0.955826	-0.283114	-0.536979	0.19847	0.819917
10.3667	0.828768	0.23158	0.509425	-0.0772543	0.948983	-0.305717	-0.554234	0.214013	0.804377
10.4	0.82278	0.242137	0.514201	-0.0518222	0.932902	-0.356382	-0.565993	0.266577	0.780121
10.4333	0.825439	0.267835	0.496906	-0.00969862	0.88687	-0.461917	-0.564409	0.376465	0.734655
10.4667	0.856842	0.317337	0.406349	0.0417522	0.742843	-0.668162	-0.513886	0.589475	0.623249
10.5	0.928522	0.308147	0.207106	0.0370154	0.478209	-0.877466	-0.369428	0.822412	0.432621
10.5333	0.972836	0.221533	0.0671784	-0.00662909	0.316735	-0.948491	-0.2314	0.922281	0.3096
10.5667	0.992276	0.122639	0.018633	-0.0139031	0.259215	-0.96572	-0.123265	0.958002	0.258918
10.6	0.999292	0.0354736	0.0125491	0.00407498	0.22952	-0.973295	-0.0374066	0.972657	0.229213
10.6333	0.998939	-0.0245554	0.0389685	0.0434935	0.224417	-0.973522	0.0151601	0.974184	0.225247
10.6667	0.994781	-0.0638634	0.0795793	0.0933982	0.255861	-0.962191	0.0410875	0.964602	0.26049
10.7	0.988865	-0.0887828	0.119434	0.141826	0.319112	-0.937045	0.0450808	0.943549	0.32815
10.7333	0.983042	-0.10651	0.149276	0.180434	0.416503	-0.891049	0.032732	0.902874	0.428658
10.7667	0.979929	-0.112361	0.164667	0.199349	0.553657	-0.808532	-0.000321207	0.82513	0.564943
10.8	0.98282	-0.096789	0.157154	0.178202	0.719328	-0.671425	-0.0480588	0.687895	0.724218
10.8333	0.99129	-0.0601033	0.117182	0.111781	0.854463	-0.507344	-0.0696344	0.516024	0.853739
10.8667	0.998445	-0.0144445	0.0538503	0.033608	0.926582	-0.374588	-0.0444859	0.375815	0.925626
10.9	0.999579	0.0274252	-0.0094464	-0.0290017	0.950864	-0.308249	0.00052843	0.308393	0.951259
10.9333	0.997136	0.052097	-0.0548295	-0.0664314	0.949828	-0.305637	0.0361558	0.308404	0.950568
10.9667	0.996021	0.0623261	-0.0636976	-0.079762	0.94226	-0.325244	0.0397486	0.32903	0.943483
11	0.997918	0.0503526	-0.0403002	-0.0605247	0.946987	-0.31552	0.0222765	0.317303	0.948063
11.0333	0.999563	0.0275115	-0.0107694	-0.0295018	0.949007	-0.313872	0.00158516	0.314053	0.949404
11.0667	0.999772	-0.00690442	0.0201898	0.0118638	0.966335	-0.257015	-0.0177356	0.257196	0.966196
11.1	0.998782	-0.00153001	0.0493171	0.0132764	0.97099	-0.238753	-0.0475211	0.239116	0.969827
11.1333	0.997057	0.00525021	0.0764844	0.0140804	0.968141	-0.25001	-0.0753603	0.250351	0.965218
11.1667	0.994153	-0.00867087	0.107633	0.0360052	0.966346	-0.254715	-0.101802	0.257101	0.961008
11.2	0.990177	-0.0293282	0.136706	0.0642923	0.963758	-0.258916	-0.124158	0.265162	0.956177
11.2333	0.987516	-0.0334688	0.153922	0.073013	0.963111	-0.25901	-0.139575	0.267015	0.953531
11.2667	0.985511	-0.0120556	0.169183	0.059033	0.959486	-0.275504	-0.159007	0.281499	0.946295
11.3	0.981558	0.0134729	0.19069	0.0422666	0.957531	-0.285216	-0.186434	0.288016	0.939302
11.3333	0.977531	0.0344215	0.207961	0.0284259	0.956039	-0.29186	-0.208865	0.291214	0.933579
11.3667	0.974511	0.0560206	0.217233	0.0129948	0.952598	-0.303954	-0.223963	0.299029	0.927589
11.4	0.971113	0.0773956	0.225722	-0.00100324	0.947255	-0.320479	-0.23862	0.310995	0.919969
11.4333	0.967407	0.0984048	0.233325	-0.0149281	0.941965	-0.335379	-0.252787	0.320965	0.912732
11.4667	0.963976	0.117466	0.238645	-0.0284433	0.937581	-0.346603	-0.264463	0.327329	0.907147
11.5	0.960316	0.137008	0.242945	-0.0425531	0.93281	-0.357848	-0.27565	0.333309	0.901622
11.5333	0.954979	0.158661	0.250682	-0.0596891	0.930455	-0.361512	-0.290606	0.330274	0.898035
11.5667	0.94778	0.180948	0.262623	-0.0764507	0.928359	-0.363737	-0.309626	0.324665	0.893714
11.6	0.940385	0.203174	0.272758	-0.0934422	0.925441	-0.367189	-0.327024	0.319812	0.889255
11.6333	0.932722	0.220577	0.285265	-0.107263	0.924995	-0.364525	-0.344275	0.309402	0.886423
11.6667	0.923519	0.229118	0.3076	-0.112484	0.9285	-0.353885	-0.366688	0.29222	0.883259
11.7	0.912632	0.229723	0.338128	-0.11281	0.936573	-0.331822	-0.392909	0.264687	0.880661
11.7333	0.898253	0.236354	0.37051	-0.115424	0.940349	-0.320033	-0.42405	0.244705	0.871952
11.7667	0.885123	0.246768	0.394541	-0.120529	0.94046	-0.317817	-0.449477	0.233754	0.862166
