0	0	1	0	0	0	-1	-1	0	0
0.0333333	0.998346	-0.0457148	-0.0348496	0.0374023	0.976967	-0.210086	0.043651	0.208435	0.977062
0.0666667	0.999604	-0.0223171	-0.0171238	0.0236538	0.996327	0.0822996	0.0152242	-0.0826721	0.996461
0.1	0.999976	-0.00684455	-0.000795501	0.00683161	0.969708	0.244172	-0.000899841	-0.244171	0.969732
0.133333	0.99995	0.00147513	0.0099032	-0.00466784	0.943706	0.330753	-0.0088578	-0.330783	0.943665
0.166667	0.999835	0.00593216	0.0171675	-0.0119658	0.926199	0.376846	-0.013665	-0.376989	0.926117
0.2	0.999732	0.00810051	0.0217056	-0.0161083	0.916407	0.399923	-0.0166516	-0.400165	0.916292
0.233333	0.999652	0.00874323	0.0248935	-0.0181721	0.912194	0.409355	-0.0191286	-0.409665	0.912035
0.266667	0.999601	0.00817261	0.0270428	-0.0185971	0.910939	0.412121	-0.0212662	-0.412459	0.910728
0.3	0.99956	0.0079962	0.0285641	-0.019058	0.911042	0.411872	-0.0227297	-0.412235	0.910794
0.333333	0.999531	0.00804818	0.0295581	-0.0195085	0.911154	0.411603	-0.0236194	-0.411987	0.910884
0.366667	0.999517	0.00851915	0.0298736	-0.0200793	0.910945	0.412038	-0.023703	-0.412439	0.910677
0.4	0.999508	0.00928551	0.0299434	-0.0208855	0.909532	0.415109	-0.02338	-0.41553	0.909279
0.433333	0.999509	0.0108036	0.0294089	-0.0221706	0.907132	0.420262	-0.0221374	-0.420708	0.906926
0.466667	0.999514	0.0122323	0.0286633	-0.0232961	0.904195	0.426483	-0.0207003	-0.426944	0.904041
0.5	0.999526	0.0139792	0.0274303	-0.0244651	0.901523	0.432038	-0.0186895	-0.432505	0.901438
0.533333	0.999539	0.0160579	0.0257859	-0.025723	0.898955	0.437285	-0.0161585	-0.437747	0.898953
0.566667	0.999546	0.0180713	0.0241218	-0.0268596	0.897173	0.440862	-0.0136745	-0.44131	0.897251
0.6	0.999558	0.0188204	0.0230009	-0.0270429	0.896963	0.441278	-0.0123259	-0.441705	0.897076
0.633333	0.99956	0.0187729	0.0229475	-0.0269637	0.897429	0.440334	-0.0123274	-0.440759	0.897541
0.666667	0.999565	0.0178359	0.0235036	-0.0263299	0.898698	0.437777	-0.0133145	-0.438205	0.898776
0.7	0.999562	0.0156747	0.025096	-0.024997	0.90116	0.432765	-0.015832	-0.433202	0.901158
0.733333	0.999534	0.0151179	0.0265193	-0.0250537	0.902602	0.429747	-0.0174395	-0.430211	0.90256
0.766667	0.999519	0.014573	0.0273672	-0.0248748	0.903809	0.427212	-0.018509	-0.427688	0.903737
0.8	0.999513	0.0136433	0.0280695	-0.0242591	0.905467	0.423723	-0.019635	-0.424197	0.905357
0.833333	0.999524	0.0133115	0.027816	-0.0237828	0.906947	0.420573	-0.0196292	-0.421034	0.906832
0.866667	0.999548	0.0134933	0.0268771	-0.023519	0.907697	0.418966	-0.018743	-0.419408	0.907604
0.9	0.999553	0.013868	0.0264779	-0.0237168	0.907117	0.420209	-0.0181911	-0.42065	0.907041
0.933333	0.99959	0.0150667	0.0243523	-0.0239824	0.905166	0.424381	-0.0156488	-0.424791	0.905156
0.966667	0.999595	0.0154505	0.023886	-0.0241998	0.903224	0.428487	-0.0149541	-0.428891	0.903232
1	0.999561	0.0151393	0.0254559	-0.024647	0.901784	0.431484	-0.0164234	-0.431922	0.901761
1.03333	0.999551	0.0150429	0.0259117	-0.0248074	0.900483	0.434184	-0.0168016	-0.434632	0.900451
1.06667	0.999552	0.0148069	0.0260049	-0.0246492	0.900134	0.434915	-0.0169682	-0.435361	0.900096
1.1	0.999539	0.014636	0.0265934	-0.0247514	0.900138	0.434902	-0.0175725	-0.43536	0.900085
1.13333	0.999538	0.0144576	0.0267234	-0.0246363	0.900412	0.434339	-0.0177826	-0.434797	0.900353
1.16667	0.999538	0.0141137	0.0269174	-0.0243855	0.901023	0.433085	-0.0181408	-0.433541	0.900951
1.2	0.999539	0.0141981	0.0268315	-0.0244143	0.901264	0.432582	-0.0180404	-0.433038	0.901195
1.23333	0.999542	0.014153	0.0267419	-0.0243431	0.901068	0.432995	-0.0179681	-0.433448	0.901
1.26667	0.99954	0.0142726	0.0267434	-0.0244748	0.900502	0.434162	-0.0178859	-0.434617	0.900438
1.3	0.999539	0.0145024	0.0266568	-0.0246601	0.900103	0.434978	-0.0176856	-0.435435	0.900047
1.33333	0.999534	0.0147932	0.0267035	-0.0249566	0.899741	0.435709	-0.0175807	-0.436173	0.899691
1.36667	0.999533	0.0148362	0.0267071	-0.0249994	0.899679	0.435837	-0.0175617	-0.436301	0.899629
1.4	0.99953	0.0149753	0.0267346	-0.025127	0.899914	0.435343	-0.0175394	-0.435811	0.899867
1.43333	0.999536	0.0147685	0.0266479	-0.0248922	0.900189	0.434787	-0.0175669	-0.435249	0.900139
1.46667	0.999536	0.0147319	0.0266746	-0.0248668	0.900289	0.434582	-0.0176126	-0.435043	0.900237
1.5	0.999541	0.0146468	0.026517	-0.024702	0.900779	0.433574	-0.0175355	-0.43403	0.900728
1.53333	0.999548	0.0146902	0.0262438	-0.0246077	0.901152	0.432804	-0.0172916	-0.433254	0.901106
1.56667	0.999552	0.0146541	0.0260802	-0.0245036	0.901171	0.432772	-0.0171608	-0.433217	0.901126
1.6	0.999551	0.0146939	0.0260966	-0.0245543	0.900972	0.433183	-0.0171471	-0.433629	0.900928
1.63333	0.99955	0.0146018	0.0262137	-0.0245338	0.900681	0.433787	-0.0172761	-0.434235	0.900634
1.66667	0.99955	0.0145347	0.0262242	-0.0244798	0.900634	0.433889	-0.017312	-0.434336	0.900585
1.7	0.999554	0.0142672	0.0262421	-0.024238	0.900854	0.433446	-0.0174563	-0.433888	0.900798
1.73333	0.999558	0.0140513	0.0261817	-0.0240072	0.901108	0.432929	-0.0175094	-0.433367	0.901048
1.76667	0.999561	0.0139925	0.0261063	-0.023906	0.901493	0.432134	-0.017488	-0.432568	0.901432
1.8	0.999566	0.0139347	0.0259454	-0.0237744	0.901742	0.431621	-0.0173815	-0.432051	0.901682
1.83333	0.999565	0.0139063	0.0260119	-0.0237681	0.901973	0.431137	-0.0174665	-0.431568	0.901911
1.86667	0.999568	0.0140056	0.0258495	-0.023782	0.902113	0.430844	-0.0172849	-0.431273	0.902056
1.9	0.999567	0.0140743	0.0258481	-0.0238464	0.902035	0.431003	-0.0172498	-0.431433	0.90198
1.93333	0.999568	0.0140007	0.025837	-0.0237812	0.90189	0.431311	-0.0172634	-0.431739	0.901833
1.96667	0.999563	0.0140419	0.0260228	-0.023913	0.901527	0.432061	-0.0173933	-0.432494	0.901469
2	0.999557	0.0142239	0.0261355	-0.0241363	0.901263	0.432599	-0.0174018	-0.433038	0.901208
2.03333	0.99955	0.0142021	0.02642	-0.0242431	0.901185	0.432757	-0.0176632	-0.433203	0.901123
2.06667	0.999547	0.0147415	0.0262459	-0.0246605	0.901008	0.4331	-0.0172633	-0.433551	0.900963
2.1	0.999551	0.0142163	0.0263617	-0.0242352	0.901071	0.432993	-0.0175982	-0.433438	0.901012
2.13333	0.999545	0.0140788	0.0266857	-0.0242619	0.900825	0.433504	-0.017936	-0.433954	0.900757
2.16667	0.999542	0.0140561	0.0267825	-0.0242789	0.900935	0.433275	-0.0180391	-0.433727	0.900864
2.2	0.999548	0.0137215	0.026734	-0.0239436	0.901246	0.432647	-0.0181574	-0.433091	0.901167
2.23333	0.999545	0.0135723	0.026926	-0.0238965	0.90115	0.432849	-0.0183896	-0.433296	0.901064
2.26667	0.99955	0.0135023	0.0267793	-0.0237717	0.901107	0.432945	-0.0182853	-0.433387	0.901022
2.3	0.999552	0.0135405	0.0267035	-0.0237778	0.901	0.433168	-0.0181945	-0.433609	0.900918
2.33333	0.999547	0.0141077	0.0265693	-0.0242443	0.900658	0.433852	-0.0178091	-0.4343	0.900592
2.36667	0.999536	0.014915	0.026557	-0.0249989	0.899827	0.435529	-0.0174008	-0.435991	0.899783
2.4	0.999516	0.0160744	0.0266265	-0.0261254	0.89844	0.438319	-0.0168766	-0.438803	0.898425
2.43333	0.999478	0.0179853	0.0268464	-0.0280166	0.896285	0.442592	-0.0161019	-0.443113	0.896321
2.46667	0.999421	0.0206694	0.0270284	-0.0306117	0.892997	0.449021	-0.0148553	-0.449588	0.893112
2.5	0.999368	0.023589	0.0265827	-0.033138	0.888788	0.457119	-0.0128434	-0.457711	0.889008
2.53333	0.999307	0.0262827	0.0263391	-0.0355464	0.883565	0.466958	-0.0109994	-0.467571	0.883887
2.56667	0.999246	0.0285032	0.0263471	-0.0376276	0.877944	0.477283	-0.00952717	-0.477914	0.878355
2.6	0.999214	0.0296787	0.0262694	-0.0386948	0.873958	0.484459	-0.00858025	-0.485095	0.87442
2.63333	0.999218	0.0301234	0.0256248	-0.0388034	0.87191	0.488126	-0.00763849	-0.488738	0.872397
2.66667	0.999271	0.028553	0.0253445	-0.0372874	0.872493	0.487202	-0.00820175	-0.487792	0.872921
2.7	0.999363	0.0256442	0.0248221	-0.0344272	0.876022	0.481041	-0.00940878	-0.481589	0.876346
2.73333	0.999477	0.0215121	0.0241548	-0.0303426	0.882264	0.469775	-0.011205	-0.470263	0.882455
2.76667	0.99953	0.0191587	0.023912	-0.027993	0.888313	0.458384	-0.0124593	-0.458839	0.888432
2.8	0.999551	0.0177766	0.024122	-0.0267249	0.892957	0.449348	-0.013552	-0.449791	0.893031
2.83333	0.99955	0.0171903	0.024584	-0.0263409	0.895098	0.445092	-0.0143538	-0.445539	0.895148
2.86667	0.999537	0.0175149	0.0248749	-0.026786	0.894326	0.446614	-0.0144239	-0.447074	0.894381
2.9	0.999522	0.017869	0.0252328	-0.0273427	0.891837	0.45153	-0.0144352	-0.452004	0.891899
2.93333	0.999537	0.017439	0.024943	-0.0268763	0.89032	0.454541	-0.0142805	-0.455	0.890377
2.96667	0.999564	0.0169038	0.0242102	-0.0260689	0.890254	0.454718	-0.0138668	-0.455151	0.890306
3	0.999599	0.01603	0.0233244	-0.0248604	0.891194	0.452941	-0.013526	-0.453339	0.891235
3.03333	0.999619	0.0150007	0.0231734	-0.0238321	0.892591	0.450236	-0.0139305	-0.450617	0.892609
3.06667	0.999629	0.0139745	0.0233734	-0.0229484	0.894379	0.446721	-0.014662	-0.447092	0.894368
3.1	0.999618	0.0132799	0.0242277	-0.0226605	0.895756	0.443968	-0.0158063	-0.444347	0.895715
3.13333	0.999597	0.0126417	0.0254343	-0.0226006	0.896387	0.442696	-0.0172025	-0.443092	0.896311
3.16667	0.999556	0.0128585	0.0268844	-0.0234785	0.895384	0.444676	-0.018354	-0.445109	0.895288
3.2	0.999519	0.0131339	0.0281033	-0.0243364	0.893783	0.447839	-0.0192364	-0.448307	0.893673
3.23333	0.999488	0.0139728	0.0287677	-0.0254739	0.89168	0.451948	-0.0193366	-0.45245	0.89158
3.26667	0.999477	0.0150395	0.0286353	-0.0264192	0.890352	0.454505	-0.01866	-0.455024	0.890284
3.3	0.999491	0.0159027	0.0276644	-0.0267725	0.889651	0.455856	-0.0173623	-0.456365	0.889623
3.33333	0.999528	0.0163859	0.0259817	-0.0264313	0.889748	0.455687	-0.0156503	-0.456159	0.889761
3.36667	0.999569	0.016611	0.02419	-0.0258147	0.889748	0.455722	-0.013953	-0.456151	0.889793
3.4	0.999615	0.016379	0.0223953	-0.0247868	0.889868	0.455544	-0.0124675	-0.455923	0.889932
3.43333	0.999643	0.0164325	0.0210651	-0.0242325	0.889692	0.455918	-0.0112496	-0.456266	0.889772
3.46667	0.999661	0.0163147	0.0202843	-0.0237817	0.889254	0.456795	-0.0105854	-0.457123	0.88934
3.5	0.99967	0.0157679	0.0202849	-0.0233028	0.888963	0.457386	-0.0108204	-0.457708	0.889037
3.53333	0.999674	0.0157136	0.0201412	-0.0231818	0.889261	0.456812	-0.0107327	-0.457129	0.889335
3.56667	0.99967	0.0154578	0.0205344	-0.0231157	0.890007	0.455361	-0.0112368	-0.455686	0.89007
3.6	0.999657	0.0152015	0.0213155	-0.0232203	0.890882	0.453642	-0.0120935	-0.453981	0.890929
3.63333	0.999643	0.0150251	0.0221022	-0.0233973	0.891686	0.452049	-0.0129161	-0.452405	0.891719
3.66667	0.999636	0.0148867	0.022501	-0.0234453	0.891993	0.45144	-0.0133503	-0.451803	0.892018
3.7	0.99963	0.0148846	0.0227571	-0.0235603	0.89195	0.45152	-0.0135775	-0.451889	0.891971
3.73333	0.99963	0.0150533	0.0226695	-0.0236718	0.891929	0.451556	-0.0134222	-0.451926	0.891955
3.76667	0.99964	0.014773	0.0223849	-0.0232934	0.891925	0.451583	-0.0132944	-0.451942	0.891948
3.8	0.999652	0.0147816	0.0218595	-0.0230675	0.891792	0.451858	-0.0128149	-0.452204	0.891822
3.83333	0.999649	0.0152646	0.0216551	-0.0234262	0.891042	0.453315	-0.012376	-0.453663	0.891087
3.86667	0.999645	0.0151207	0.0219334	-0.0234358	0.890627	0.454129	-0.0126677	-0.454482	0.890666
3.9	0.999644	0.015251	0.0219147	-0.0235501	0.890383	0.454603	-0.0125794	-0.454957	0.890425
3.93333	0.999642	0.0148466	0.0222505	-0.0233417	0.890423	0.454534	-0.0130641	-0.454891	0.890451
3.96667	0.999645	0.0142074	0.0225473	-0.0228921	0.890945	0.453534	-0.0136449	-0.453889	0.890954
4	0.999643	0.0137531	0.0229242	-0.0226275	0.891932	0.451603	-0.0142359	-0.451961	0.891924
4.03333	0.999643	0.0134481	0.0230969	-0.0224082	0.892719	0.450056	-0.0145666	-0.450413	0.892701
4.06667	0.999647	0.0129046	0.0232154	-0.0219492	0.893547	0.448433	-0.0149572	-0.448784	0.893515
4.1	0.999657	0.0127045	0.0229118	-0.0216176	0.894051	0.447443	-0.0147998	-0.447784	0.894019
4.13333	0.999652	0.0126037	0.0231886	-0.021659	0.893826	0.44789	-0.0150815	-0.448237	0.893788
4.16667	0.999658	0.0126004	0.0228948	-0.0215152	0.894107	0.447337	-0.0148337	-0.447677	0.894072
4.2	0.999663	0.0126759	0.0226549	-0.0214654	0.894412	0.446729	-0.0146001	-0.447065	0.894382
4.23333	0.999667	0.012673	0.022472	-0.0213561	0.89518	0.445194	-0.0144745	-0.445526	0.895152
4.26667	0.999673	0.0123148	0.0224237	-0.0209841	0.896094	0.443368	-0.0146338	-0.443693	0.896059
4.3	0.999673	0.0121682	0.0224909	-0.0208566	0.896871	0.4418	-0.0147956	-0.442124	0.896832
4.33333	0.999673	0.011867	0.0226383	-0.0206197	0.89781	0.439901	-0.0151046	-0.440224	0.897761
4.36667	0.999676	0.0114431	0.0227214	-0.0202345	0.898989	0.437503	-0.0154199	-0.437821	0.89893
4.4	0.999684	0.0111885	0.0225122	-0.0198694	0.900259	0.434901	-0.0154009	-0.435211	0.900197
4.43333	0.999694	0.0106179	0.0223418	-0.0192403	0.90142	0.432517	-0.0155469	-0.432815	0.901349
4.46667	0.999688	0.0106494	0.0225748	-0.0193444	0.902107	0.431079	-0.0157741	-0.431381	0.902032
4.5	0.999688	0.0103834	0.0227072	-0.0191297	0.902967	0.429283	-0.0160465	-0.429584	0.902885
4.53333	0.99969	0.0105879	0.0225516	-0.0192154	0.903833	0.427454	-0.0158571	-0.427754	0.903756
4.56667	0.99969	0.0104924	0.0225924	-0.0191093	0.904832	0.42534	-0.0159795	-0.42564	0.904752
4.6	0.999681	0.0117036	0.022376	-0.0200778	0.905798	0.423234	-0.0153148	-0.423548	0.905744
4.63333	0.999679	0.0124494	0.0220676	-0.0205813	0.906978	0.420674	-0.0147777	-0.420994	0.906943
4.66667	0.999694	0.012048	0.0216214	-0.019978	0.908461	0.417491	-0.0146123	-0.417795	0.908424
4.7	0.999713	0.011055	0.021259	-0.0188395	0.910866	0.412271	-0.0148064	-0.412553	0.910813
4.73333	0.999725	0.00990799	0.0212364	-0.0177034	0.913078	0.407401	-0.015354	-0.407665	0.913003
4.76667	0.99972	0.00915221	0.0218318	-0.0172395	0.913499	0.406476	-0.0162232	-0.406738	0.913401
4.8	0.999684	0.00792332	0.0238358	-0.0170015	0.911972	0.4099	-0.0184898	-0.410176	0.911819
4.83333	0.999633	0.00464195	0.0266985	-0.0153131	0.909602	0.415197	-0.0223577	-0.415454	0.909339
4.86667	0.999565	-0.00156029	0.0294608	-0.0108833	0.908667	0.41738	-0.0274213	-0.417519	0.908254
4.9	0.999501	-0.00925831	0.0301929	-0.0040269	0.910894	0.412622	-0.0313227	-0.412538	0.910402
4.93333	0.999465	-0.0170695	0.0278879	0.00459051	0.917721	0.397198	-0.0323733	-0.396858	0.917309
4.96667	0.999444	-0.0223466	0.024726	0.0115866	0.9286	0.3709	-0.031249	-0.370408	0.928343
5	0.999493	-0.0223692	0.0226614	0.0132161	0.938912	0.343903	-0.0289699	-0.343429	0.938732
5.03333	0.999601	-0.0173477	0.0222867	0.00933467	0.947707	0.319005	-0.0266553	-0.31867	0.947491
5.06667	0.999737	-0.0108477	0.0201963	0.00429833	0.954038	0.299656	-0.0225186	-0.29949	0.953834
5.1	0.999861	-0.00492863	0.0159531	0.000128102	0.957678	0.287841	-0.0166966	-0.287799	0.957545
5.13333	0.999947	-0.00048268	0.0102905	-0.00247141	0.958491	0.28511	-0.0100009	-0.285121	0.958439
5.16667	0.99998	0.00317572	0.00544302	-0.00461204	0.957403	0.288718	-0.00429427	-0.288738	0.957399
5.2	0.999983	0.00582201	0.000931218	-0.00583901	0.955979	0.293376	0.000817813	-0.293377	0.955997
5.23333	0.999971	0.00713769	-0.00280917	-0.00602318	0.957424	0.288622	0.00474966	-0.288596	0.957439
5.26667	0.999954	0.00687361	-0.00673629	-0.00469885	0.959527	0.281577	0.00839911	-0.281532	0.959515
5.3	0.999933	0.00511872	-0.0104114	-0.0021356	0.963281	0.268486	0.0114034	-0.268446	0.963227
5.33333	0.999913	0.00296299	-0.0128149	0.000329581	0.968346	0.249611	0.0131489	-0.249594	0.968261
5.36667	0.999905	3.76279e-05	-0.0138071	0.00308754	0.974064	0.226254	0.0134575	-0.226275	0.973971
5.4	0.999915	-0.00386341	-0.012417	0.00630875	0.979075	0.203402	0.0113714	-0.203463	0.979017
5.43333	0.999935	-0.00874654	-0.00737692	0.00995307	0.982931	0.183705	0.00564422	-0.183766	0.982954
5.46667	0.99989	-0.0148114	-6.97422e-05	0.0146131	0.985708	0.167826	-0.002417	-0.167809	0.985817
5.5	0.999826	-0.0171706	0.00722803	0.0157572	0.986399	0.163611	-0.00993901	-0.163468	0.986499
5.53333	0.999833	-0.0177304	0.00453143	0.0167806	0.987048	0.159546	-0.00730156	-0.159443	0.98718
5.56667	0.999795	-0.0195793	0.00525013	0.0184464	0.986146	0.164848	-0.00840501	-0.164718	0.986305
5.6	0.99973	-0.0227119	0.00495347	0.0214847	0.98413	0.176144	-0.00887542	-0.17599	0.984352
5.63333	0.99964	-0.0268367	0.000495817	0.026268	0.981921	0.187459	-0.00551764	-0.187379	0.982272
5.66667	0.999625	-0.0263321	-0.00747094	0.027292	0.979657	0.198817	0.0020837	-0.198946	0.980008
5.7	0.999762	-0.0166366	-0.014104	0.0192568	0.976936	0.21266	0.0102407	-0.212881	0.977024
5.73333	0.999878	-0.00640613	-0.0142475	0.009563	0.972191	0.233995	0.0123523	-0.234103	0.972133
5.76667	0.99986	-0.00017584	-0.0167262	0.00433524	0.968501	0.24897	0.0161556	-0.249008	0.968367
5.8	0.999793	0.00283095	-0.0201252	0.00250782	0.965498	0.260399	0.0201681	-0.260395	0.965291
5.83333	0.99969	0.00352856	-0.0246345	0.0032276	0.963152	0.268937	0.0246758	-0.268934	0.962843
5.86667	0.999587	0.00279013	-0.0286141	0.00526171	0.960715	0.277488	0.0282642	-0.277524	0.960303
5.9	0.999512	0.000436748	-0.0312209	0.00853102	0.958038	0.286516	0.0300359	-0.286642	0.957567
5.93333	0.999477	-0.00333417	-0.0321671	0.0126896	0.955333	0.295261	0.0297458	-0.295514	0.954875
5.96667	0.999521	-0.00756816	-0.0300225	0.0162679	0.953403	0.30126	0.0263435	-0.301604	0.953069
6	0.999638	-0.00764735	-0.0257939	0.015131	0.952557	0.303985	0.0222454	-0.304266	0.952327
6.03333	0.999731	-0.00116241	-0.023174	0.00814634	0.95275	0.303645	0.0217261	-0.303752	0.952503
6.06667	0.999703	0.00732904	-0.0232223	6.04976e-05	0.952883	0.303338	0.0243513	-0.30325	0.9526
6.1	0.999668	0.0139926	-0.0216408	-0.00672874	0.952345	0.304947	0.0248766	-0.3047	0.952123
6.13333	0.99979	0.0133699	-0.0155026	-0.0079433	0.951303	0.308155	0.0188677	-0.307967	0.95121
6.16667	0.999975	0.00544247	-0.0046036	-0.00374785	0.950758	0.309912	0.0060636	-0.309887	0.950754
6.2	0.999972	0.000542611	0.0074951	-0.00283013	0.951146	0.308728	-0.00696142	-0.30874	0.951121
6.23333	0.999792	-0.0070013	0.0191418	0.000877789	0.95307	0.302747	-0.0203631	-0.302668	0.952879
6.26667	0.999428	-0.0156819	0.0299625	0.00642726	0.957918	0.286971	-0.0332018	-0.286614	0.957471
6.3	0.999036	-0.0208351	0.0386437	0.00985814	0.964198	0.264999	-0.0427815	-0.264362	0.963474
6.33333	0.998541	-0.0248612	0.0479273	0.0117328	0.966382	0.256842	-0.0527015	-0.255905	0.965264
6.36667	0.998275	-0.0313446	0.0496504	0.0176415	0.966637	0.255541	-0.0560038	-0.254225	0.965522
6.4	0.998669	-0.0384904	0.0343242	0.028036	0.963816	0.265089	-0.0432856	-0.263774	0.963613
6.43333	0.99912	-0.0374159	0.0189715	0.030835	0.961625	0.272628	-0.0284442	-0.271804	0.961932
6.46667	0.999353	-0.0356591	0.00476387	0.0329846	0.961054	0.274384	-0.0143626	-0.274049	0.961608
6.5	0.999408	-0.0332808	-0.00877072	0.0344077	0.960196	0.277199	-0.000803796	-0.277337	0.960772
6.53333	0.999349	-0.0299018	-0.0201645	0.0344123	0.957915	0.284982	0.0107945	-0.28549	0.958321
6.56667	0.999107	-0.0290703	-0.0306493	0.0366865	0.95681	0.288391	0.0209419	-0.289258	0.957022
6.6	0.998871	-0.0321872	-0.0349484	0.0410055	0.955563	0.291922	0.0239992	-0.293026	0.955803
6.63333	0.998767	-0.0374097	-0.0326313	0.0452218	0.956794	0.287229	0.0204762	-0.288351	0.957306
6.66667	0.999149	-0.0351816	-0.0215365	0.0397242	0.961324	0.272541	0.0111151	-0.273164	0.961903
6.7	0.99972	-0.0181117	-0.0152215	0.0213237	0.968497	0.24811	0.0102483	-0.248365	0.968612
6.73333	0.999837	-0.00264777	-0.0178417	0.00679786	0.971543	0.236767	0.0167071	-0.23685	0.971403
6.76667	0.99976	0.00575134	-0.0211204	-0.000672717	0.972482	0.232975	0.0218791	-0.232905	0.972253
6.8	0.999847	0.010602	-0.0139151	-0.00690754	0.97006	0.242765	0.0160723	-0.242632	0.969985
6.83333	0.999937	0.0111966	-1.94099e-05	-0.0108177	0.966542	0.256279	0.00288822	-0.256263	0.966603
6.86667	0.999794	0.00627152	0.0192882	-0.0110963	0.965182	0.261342	-0.0169776	-0.261503	0.965053
6.9	0.999167	0.00126064	0.0407902	-0.0117317	0.966204	0.257511	-0.039087	-0.257775	0.965414
6.93333	0.998054	-0.00536854	0.0621317	-0.0102539	0.968602	0.248407	-0.0615144	-0.24856	0.966661
6.96667	0.996629	-0.0156616	0.080533	-0.00437037	0.970081	0.242741	-0.0819253	-0.242275	0.966743
7	0.995512	-0.0279604	0.0904115	0.00538902	0.970556	0.240814	-0.0944827	-0.239246	0.966351
7.03333	0.995094	-0.0405928	0.0902247	0.0181096	0.971279	0.237254	-0.0972641	-0.234456	0.967249
7.06667	0.995275	-0.0475247	0.0846738	0.0258013	0.970126	0.241226	-0.0936084	-0.237902	0.966768
7.1	0.995725	-0.0440916	0.081163	0.0218493	0.966207	0.256838	-0.0897447	-0.253967	0.96304
7.13333	0.996102	-0.0364787	0.0803175	0.0131888	0.961843	0.273283	-0.0872219	-0.271159	0.958575
7.16667	0.996551	-0.0293614	0.077612	0.00637338	0.959627	0.281202	-0.0827351	-0.279737	0.956505
7.2	0.997189	-0.0237867	0.0710574	0.00308996	0.960525	0.278176	-0.0748694	-0.277175	0.957898
7.23333	0.998075	-0.0179867	0.0593558	0.0012518	0.962671	0.270671	-0.0620085	-0.270076	0.96084
7.26667	0.998939	-0.0104448	0.0448536	-0.00163918	0.965261	0.261282	-0.0460245	-0.261078	0.96422
7.3	0.999581	-0.00366806	0.0286962	-0.00368536	0.967702	0.252069	-0.028694	-0.252069	0.967284
7.33333	0.999921	0.00114622	0.0124881	-0.00417924	0.969347	0.24566	-0.0118237	-0.245693	0.969276
7.36667	0.999984	0.00549691	-0.00140488	-0.00499627	0.970508	0.241017	0.0026883	-0.241006	0.97052
7.4	0.999844	0.0127247	-0.0122227	-0.00943757	0.971006	0.238868	0.0149079	-0.238716	0.970975
7.43333	0.999413	0.024669	-0.023789	-0.0183619	0.971559	0.236086	0.0289364	-0.23551	0.971441
7.46667	0.998754	0.0350195	-0.035555	-0.0257716	0.972026	0.233453	0.0427358	-0.232246	0.971718
7.5	0.998272	0.0388975	-0.0440447	-0.0276713	0.972415	0.231609	0.0518387	-0.22999	0.971811
7.53333	0.998528	0.0329119	-0.0431227	-0.0220186	0.972396	0.232294	0.0495776	-0.231003	0.971689
7.56667	0.999176	0.0222003	-0.0339672	-0.0137278	0.972646	0.231888	0.038186	-0.23123	0.972149
7.6	0.999735	0.00983434	-0.0208303	-0.00475225	0.972886	0.231236	0.0225396	-0.231075	0.972675
7.63333	0.999977	-0.00623927	-0.00252588	0.00665544	0.972603	0.232378	0.00100681	-0.232389	0.972622
7.66667	0.999678	-0.0203108	0.015179	0.0161821	0.971916	0.23477	-0.0195211	-0.234449	0.971933
7.7	0.999074	-0.0334556	0.0270589	0.0260156	0.970561	0.239446	-0.0342731	-0.23852	0.970533
7.73333	0.998706	-0.04453	0.0245675	0.0367139	0.965546	0.257631	-0.0351933	-0.256396	0.965931
7.76667	0.998845	-0.0452659	0.0161268	0.0389116	0.958839	0.281272	-0.028195	-0.28032	0.959492
7.8	0.999034	-0.0425613	0.0109643	0.0373306	0.95339	0.299422	-0.023197	-0.298724	0.954058
7.83333	0.999142	-0.0412842	0.0033115	0.0382881	0.951194	0.30621	-0.0157915	-0.305821	0.951958
7.86667	0.999226	-0.0390473	-0.00466366	0.038622	0.95212	0.303274	-0.00740169	-0.30322	0.952892
7.9	0.999343	-0.0350583	-0.00924362	0.0362156	0.953141	0.300352	-0.00171935	-0.300489	0.953784
7.93333	0.999405	-0.032988	-0.0100636	0.0344888	0.954937	0.294797	-0.000114651	-0.294969	0.955507
7.96667	0.999383	-0.0348518	-0.00432409	0.0346323	0.957609	0.285983	-0.00582623	-0.285957	0.958225
8	0.999327	-0.0358504	0.00772988	0.0323602	0.961147	0.274134	-0.0172574	-0.273699	0.96166
8.03333	0.999254	-0.0299667	0.0243637	0.0226962	0.966051	0.257353	-0.0312486	-0.256608	0.96601
8.06667	0.999352	-0.0177614	0.0313148	0.00998535	0.97245	0.232899	-0.0345887	-0.232435	0.971997
8.1	0.999529	-0.0105849	0.0287927	0.0044047	0.97838	0.20677	-0.0303589	-0.206546	0.977966
8.13333	0.999552	-0.00798626	0.0288434	0.00233356	0.981603	0.190921	-0.0298375	-0.190768	0.981181
8.16667	0.999173	-0.00833941	0.0397888	0.000400105	0.980704	0.1955	-0.0406513	-0.195323	0.979896
8.2	0.998161	-0.0122809	0.0593583	-0.000360239	0.978042	0.208409	-0.0606144	-0.208047	0.976239
8.23333	0.996503	-0.0193395	0.081286	0.000968913	0.975454	0.220201	-0.0835494	-0.219352	0.972062
8.26667	0.994944	-0.0270206	0.096723	0.00466593	0.974521	0.224247	-0.100318	-0.222662	0.969721
8.3	0.994161	-0.0351659	0.102018	0.0121364	0.975849	0.218109	-0.107224	-0.215598	0.970578
8.33333	0.994534	-0.0411705	0.0959563	0.0200965	0.977276	0.211016	-0.102463	-0.207934	0.972761
8.36667	0.995516	-0.0466294	0.0823027	0.0283157	0.977062	0.211063	-0.0902566	-0.207786	0.974001
8.4	0.996788	-0.0457732	0.0657123	0.0295332	0.972825	0.229651	-0.0744384	-0.226973	0.971052
8.43333	0.997933	-0.0339198	0.0545881	0.0187176	0.965953	0.258041	-0.0614822	-0.256486	0.96459
8.46667	0.998799	-0.0193675	0.0450152	0.00658266	0.963287	0.268392	-0.0485607	-0.267773	0.962258
8.5	0.999393	-0.00751689	0.0340046	-0.00163286	0.96524	0.261361	-0.0347872	-0.261258	0.964642
8.53333	0.999798	0.00276461	0.0199096	-0.00767207	0.967995	0.250853	-0.0185789	-0.250955	0.96782
8.56667	0.999914	0.0124827	0.00396634	-0.0130726	0.969862	0.243304	-0.000809714	-0.243335	0.969942
8.6	0.999699	0.0205069	-0.0134604	-0.0167306	0.971313	0.237216	0.0179388	-0.23692	0.971364
8.63333	0.999216	0.0257152	-0.0300954	-0.0180335	0.972498	0.232214	0.0352392	-0.231489	0.972199
8.66667	0.998632	0.028436	-0.0438897	-0.0176504	0.973272	0.228978	0.0492278	-0.22789	0.972442
8.7	0.998102	0.0314882	-0.0529231	-0.0187059	0.973806	0.22661	0.0586724	-0.22519	0.972547
8.73333	0.997603	0.0375234	-0.0581322	-0.0235798	0.974254	0.224215	0.0650489	-0.222307	0.972804
8.76667	0.996968	0.0456942	-0.0629867	-0.0305392	0.974249	0.223396	0.0715726	-0.220795	0.972691
8.8	0.996423	0.049978	-0.0681397	-0.0340761	0.975529	0.217212	0.0773281	-0.214113	0.973743
8.83333	0.996582	0.0467799	-0.0680897	-0.0314549	0.977011	0.210856	0.0763882	-0.207994	0.975143
8.86667	0.997645	0.0361007	-0.0583265	-0.0233866	0.97837	0.205538	0.0644849	-0.20369	0.97691
8.9	0.998874	0.0251423	-0.040244	-0.0163747	0.978631	0.20497	0.0445374	-0.20408	0.977941
8.93333	0.999769	0.0116492	-0.0180765	-0.00769807	0.978737	0.204975	0.02008	-0.204789	0.9786
8.96667	0.999978	-0.00289881	0.0060475	0.00159034	0.978534	0.206081	-0.00651507	-0.206067	0.978516
9	0.999538	-0.0160958	0.0257943	0.010416	0.978317	0.206853	-0.0285645	-0.206489	0.978032
9.03333	0.998874	-0.030618	0.0362273	0.0222751	0.977097	0.211628	-0.0418772	-0.210582	0.976679
9.06667	0.998776	-0.0383038	0.031281	0.0302985	0.973865	0.225099	-0.0390857	-0.223876	0.973834
9.1	0.998822	-0.0384208	0.0296344	0.0302186	0.9704	0.239607	-0.0379631	-0.238429	0.970418
9.13333	0.99888	-0.039493	0.0260614	0.0316634	0.967191	0.252071	-0.0351614	-0.250964	0.967358
9.16667	0.998952	-0.0411551	0.0200214	0.0345632	0.965148	0.259413	-0.0299997	-0.258449	0.965559
9.2	0.999078	-0.0410953	0.0124168	0.0365112	0.965516	0.257771	-0.0225818	-0.25708	0.966126
9.23333	0.999244	-0.0380721	0.00788098	0.0347408	0.965349	0.25864	-0.0174549	-0.258171	0.965942
9.26667	0.999304	-0.0366062	0.00713328	0.0335144	0.96534	0.258836	-0.016361	-0.258417	0.965895
9.3	0.99918	-0.0385519	0.0123663	0.0341223	0.966263	0.255288	-0.021791	-0.254657	0.966786
9.33333	0.998962	-0.0384301	0.0244664	0.0311982	0.968431	0.247322	-0.0331986	-0.246302	0.968624
9.36667	0.998842	-0.0286699	0.0386268	0.0189678	0.972661	0.231453	-0.0442065	-0.230452	0.972079
9.4	0.999076	-0.0138631	0.0406716	0.00496877	0.977449	0.211112	-0.0426811	-0.210715	0.976615
9.43333	0.999299	-0.00575985	0.0369987	-0.00166791	0.98027	0.197654	-0.0374072	-0.197577	0.979573
9.46667	0.999268	-0.00173911	0.0382277	-0.00580053	0.98054	0.196233	-0.0378251	-0.196311	0.979812
9.5	0.998831	-0.000995947	0.0483371	-0.00890802	0.97888	0.204243	-0.0475196	-0.204435	0.977726
9.53333	0.997962	-0.00442155	0.0636558	-0.00928659	0.976911	0.213447	-0.0631298	-0.213603	0.974879
9.56667	0.996593	-0.00977363	0.0818974	-0.00822465	0.976229	0.216587	-0.0820674	-0.216523	0.972822
9.6	0.9951	-0.0136897	0.0979249	-0.00737161	0.977342	0.21154	-0.098602	-0.211225	0.972451
9.63333	0.993405	-0.0181346	0.113215	-0.00501623	0.979594	0.200924	-0.114549	-0.200167	0.973042
9.66667	0.992268	-0.0251927	0.121533	0.0011223	0.980965	0.194182	-0.124112	-0.192544	0.973408
9.7	0.99266	-0.0331109	0.116321	0.0115663	0.983376	0.181214	-0.120388	-0.178539	0.97654
9.73333	0.993881	-0.0391147	0.103295	0.0205574	0.984363	0.17495	-0.108523	-0.171756	0.979144
9.76667	0.995611	-0.0355442	0.086572	0.0195882	0.983723	0.178619	-0.0915118	-0.176139	0.980102
9.8	0.997015	-0.0253445	0.072923	0.0107924	0.981058	0.193412	-0.0764437	-0.192048	0.978404
9.83333	0.998113	-0.0148378	0.0595807	0.00196428	0.977582	0.210547	-0.0613691	-0.210033	0.975766
9.86667	0.99913	-0.00538631	0.041351	-0.00393334	0.975029	0.222044	-0.0415144	-0.222013	0.97416
9.9	0.999833	0.004609	0.0176813	-0.00848884	0.974064	0.226113	-0.0161805	-0.226225	0.973941
9.93333	0.999852	0.013883	-0.0101745	-0.0112347	0.974227	0.22529	0.01304	-0.225142	0.974239
9.96667	0.999027	0.0212709	-0.0386331	-0.0120899	0.974531	0.223927	0.0424123	-0.223242	0.97384
10	0.997348	0.0276206	-0.0673326	-0.0121134	0.975279	0.220644	0.0717624	-0.219244	0.973027
10.0333	0.995244	0.0330043	-0.0916518	-0.0119876	0.9752	0.221001	0.0966729	-0.218852	0.970957
10.0667	0.993085	0.0358582	-0.111784	-0.0106233	0.975751	0.218625	0.116912	-0.215926	0.969385
10.1	0.991321	0.0383389	-0.125752	-0.0108323	0.9771	0.212503	0.131019	-0.209296	0.969035
10.1333	0.99012	0.0414948	-0.133939	-0.0136879	0.979251	0.20219	0.13955	-0.198359	0.970144
10.1667	0.98952	0.0441443	-0.137479	-0.0176892	0.982009	0.188001	0.143305	-0.183599	0.972499
10.2	0.989882	0.0439984	-0.134902	-0.020055	0.98455	0.173952	0.140472	-0.169487	0.97547
10.2333	0.991701	0.0384747	-0.122676	-0.0178911	0.986187	0.164667	0.127317	-0.161106	0.978691
10.2667	0.994683	0.0281312	-0.0990696	-0.011624	0.98649	0.16341	0.102328	-0.16139	0.981571
10.3	0.997778	0.0147512	-0.0649685	-0.00354092	0.985543	0.169388	0.0665279	-0.168782	0.983406
10.3333	0.999685	0.000402709	-0.0251017	0.00417028	0.983316	0.181858	0.0247562	-0.181906	0.983004
10.3667	0.999729	-0.0144065	0.018285	0.0104944	0.980065	0.198402	-0.0207788	-0.198156	0.97995
10.4	0.99795	-0.0264386	0.0582814	0.0136166	0.977543	0.210294	-0.0625325	-0.20907	0.975899
10.4333	0.994983	-0.0354725	0.0935471	0.0139519	0.975094	0.221354	-0.0990692	-0.218938	0.970696
10.4667	0.99218	-0.0465719	0.115801	0.0185813	0.972555	0.23193	-0.123424	-0.227965	0.965815
10.5	0.991357	-0.0540723	0.11953	0.0234373	0.969449	0.24417	-0.129081	-0.239259	0.962338
10.5333	0.991287	-0.0529585	0.120607	0.0212838	0.967984	0.250107	-0.129991	-0.245361	0.960677
10.5667	0.992051	-0.0505157	0.115255	0.0200648	0.967671	0.251418	-0.12423	-0.247107	0.960992
10.6	0.993548	-0.0447385	0.104212	0.0171915	0.967696	0.251532	-0.112099	-0.248118	0.962222
10.6333	0.995113	-0.0385631	0.0909022	0.0145645	0.96784	0.251145	-0.0976637	-0.248594	0.963672
10.6667	0.996411	-0.0355529	0.0768132	0.0155378	0.968915	0.246906	-0.0832037	-0.244827	0.96599
10.7	0.997197	-0.0364207	0.0653511	0.0197696	0.970736	0.239333	-0.0721553	-0.23737	0.968736
10.7333	0.99752	-0.0408768	0.0573042	0.0263643	0.97181	0.234286	-0.0652657	-0.232195	0.970477
10.7667	0.997561	-0.0439708	0.0542101	0.0299181	0.971031	0.237075	-0.063064	-0.234875	0.969978
10.8	0.997677	-0.042375	0.0533471	0.0281488	0.969458	0.243638	-0.0620419	-0.24157	0.968398
10.8333	0.998229	-0.0337315	0.0490038	0.0203333	0.967561	0.251818	-0.0559084	-0.250375	0.966533
10.8667	0.998827	-0.0191966	0.0444643	0.00658803	0.963412	0.267943	-0.047981	-0.267336	0.962408
10.9	0.998946	-0.00759077	0.0452598	-0.00541451	0.959843	0.280486	-0.0455714	-0.280436	0.95879
10.9333	0.998806	-0.0042137	0.0486753	-0.00942183	0.960961	0.276522	-0.0479403	-0.27665	0.959774
10.9667	0.998284	-0.00557322	0.0582896	-0.00991973	0.964976	0.262152	-0.0577091	-0.26228	0.963265
11	0.996878	-0.0124176	0.0779711	-0.00918782	0.9626	0.270771	-0.0784173	-0.270642	0.959481
11.0333	0.995313	-0.0177769	0.0950613	-0.00899958	0.961669	0.274064	-0.0962896	-0.273635	0.957002
11.0667	0.993973	-0.0209164	0.107608	-0.00947664	0.961558	0.274439	-0.109212	-0.273804	0.955565
11.1	0.993479	-0.021337	0.111998	-0.00966243	0.963041	0.269181	-0.113602	-0.268508	0.956555
11.1333	0.993797	-0.0223094	0.108945	-0.00722431	0.964649	0.263438	-0.110971	-0.262591	0.958505
11.1667	0.994392	-0.0285029	0.101843	0.00122685	0.96604	0.258388	-0.105749	-0.256814	0.960658
11.2	0.995561	-0.0369831	0.0865435	0.0135962	0.966427	0.256582	-0.0931272	-0.254267	0.96264
11.2333	0.997216	-0.035429	0.0656155	0.0181631	0.968826	0.247075	-0.0723236	-0.245195	0.966772
11.2667	0.998434	-0.0226472	0.0511507	0.0091006	0.967962	0.250932	-0.0551948	-0.250073	0.966652
11.3	0.999158	-0.00712179	0.0404018	-0.00341764	0.966944	0.254968	-0.0408821	-0.254891	0.966105
11.3333	0.999572	0.00595043	0.0286272	-0.0130033	0.967391	0.252953	-0.0261885	-0.253217	0.967055
11.3667	0.99974	0.0178469	0.0142085	-0.0208309	0.968099	0.249701	-0.00929885	-0.249932	0.968219
11.4	0.99962	0.0271789	-0.00462973	-0.0253716	0.97255	0.231305	0.0107893	-0.2311	0.97287
11.4333	0.999055	0.036866	-0.0230374	-0.0304357	0.971554	0.234855	0.0310402	-0.233931	0.971757
11.4667	0.998299	0.0426448	-0.0397503	-0.0322848	0.972149	0.232128	0.0485423	-0.23045	0.971873
11.5	0.997372	0.046875	-0.0552411	-0.0330472	0.972892	0.228886	0.0644727	-0.226459	0.971885
11.5333	0.996403	0.0510043	-0.0676688	-0.0346548	0.974005	0.22386	0.0773276	-0.22071	0.972269
11.5667	0.99537	0.057541	-0.0769878	-0.0390323	0.973968	0.223302	0.0878326	-0.219263	0.971704
11.6	0.994013	0.0674563	-0.0859533	-0.0467715	0.973644	0.223225	0.0987459	-0.217869	0.97097
11.6333	0.99268	0.0750279	-0.0946385	-0.0523018	0.973394	0.223088	0.108858	-0.216505	0.970194
11.6667	0.99234	0.0745312	-0.0985166	-0.0510186	0.973566	0.222634	0.112506	-0.215903	0.969912
11.7	0.993618	0.0639405	-0.0929244	-0.0421719	0.974652	0.219716	0.104618	-0.214395	0.971128
11.7333	0.99551	0.0524275	-0.0788133	-0.0341376	0.975426	0.217664	0.0882882	-0.213997	0.972836
11.7667	0.997485	0.0368087	-0.0605744	-0.0233555	0.977547	0.209419	0.0669228	-0.207477	0.975948
