0	0.988408	0.148581	-0.0312048	-0.148518	0.9889	0.00434712	0.0315044	0.000337762	0.999504
0.0333333	0.206258	0.351179	0.913308	-0.273201	0.916927	-0.290872	-0.939584	-0.189522	0.285066
0.0666667	0.174312	0.335619	0.925729	-0.257839	0.922878	-0.286035	-0.950334	-0.188829	0.247404
0.1	0.17466	0.320716	0.930932	-0.250396	0.92885	-0.27302	-0.952258	-0.185416	0.242539
0.133333	0.175406	0.311405	0.933948	-0.24927	0.931792	-0.263871	-0.952416	-0.186521	0.241066
0.166667	0.176355	0.306399	0.935424	-0.250522	0.932996	-0.258373	-0.951913	-0.188779	0.241298
0.2	0.177143	0.304047	0.936043	-0.253414	0.933106	-0.255136	-0.951	-0.192011	0.242343
0.233333	0.178104	0.303426	0.936062	-0.256282	0.932745	-0.253589	-0.950052	-0.19473	0.243888
0.266667	0.178975	0.304062	0.935689	-0.258976	0.932065	-0.253349	-0.949157	-0.196978	0.245561
0.3	0.17974	0.30552	0.935068	-0.262218	0.931036	-0.253798	-0.948122	-0.199574	0.247457
0.333333	0.180763	0.307356	0.934268	-0.264511	0.930111	-0.254811	-0.94729	-0.201064	0.249428
0.366667	0.181719	0.30889	0.933577	-0.266158	0.929396	-0.255699	-0.946646	-0.202014	0.251102
0.4	0.18244	0.310915	0.932763	-0.267999	0.928488	-0.257072	-0.945988	-0.203079	0.252718
0.433333	0.183268	0.312878	0.931944	-0.269609	0.927648	-0.258417	-0.94537	-0.203901	0.254363
0.466667	0.183857	0.315176	0.931054	-0.271059	0.926731	-0.260186	-0.944841	-0.204534	0.255817
0.5	0.183821	0.317563	0.930249	-0.272428	0.925762	-0.262199	-0.944454	-0.205228	0.256688
0.533333	0.18333	0.319889	0.929549	-0.273449	0.924851	-0.264341	-0.944254	-0.205723	0.257026
0.566667	0.183058	0.321596	0.929014	-0.274609	0.924094	-0.265782	-0.94397	-0.206462	0.257475
0.6	0.182778	0.323564	0.928385	-0.276807	0.923029	-0.2672	-0.943382	-0.208145	0.258274
0.633333	0.182633	0.32649	0.927389	-0.281004	0.92124	-0.268986	-0.942169	-0.211474	0.259993
0.666667	0.182063	0.330843	0.925957	-0.28689	0.918595	-0.271804	-0.940504	-0.216162	0.262158
0.7	0.181067	0.335093	0.924623	-0.292101	0.916061	-0.274789	-0.939091	-0.220328	0.263749
0.733333	0.180771	0.339062	0.923233	-0.296498	0.913814	-0.277548	-0.937769	-0.223564	0.265722
0.766667	0.180695	0.342877	0.921837	-0.301299	0.911501	-0.279973	-0.936252	-0.227159	0.268012
0.8	0.180321	0.346368	0.920605	-0.30486	0.909538	-0.28249	-0.935171	-0.229717	0.269602
0.833333	0.180154	0.349227	0.919557	-0.306743	0.90818	-0.284811	-0.934587	-0.230758	0.270736
0.866667	0.180402	0.350551	0.919005	-0.307169	0.907683	-0.285934	-0.934399	-0.230706	0.271426
0.9	0.180145	0.351795	0.91858	-0.307195	0.907269	-0.287218	-0.93444	-0.230442	0.27151
0.933333	0.180757	0.351162	0.918701	-0.306591	0.907662	-0.28662	-0.934521	-0.229857	0.27173
0.966667	0.181178	0.349541	0.919236	-0.305175	0.908546	-0.285327	-0.934902	-0.228833	0.27128
1	0.181238	0.349715	0.919158	-0.304165	0.908743	-0.285778	-0.93522	-0.227782	0.27107
1.03333	0.181133	0.350002	0.91907	-0.303779	0.90874	-0.286198	-0.935366	-0.227355	0.270926
1.06667	0.181239	0.349611	0.919198	-0.302517	0.909176	-0.286151	-0.935754	-0.226211	0.270541
1.1	0.181247	0.348801	0.919504	-0.301028	0.909787	-0.285779	-0.936233	-0.225	0.269895
1.13333	0.181279	0.347549	0.919971	-0.299326	0.910586	-0.285021	-0.936772	-0.223703	0.269101
1.16667	0.181315	0.34605	0.920529	-0.29785	0.911404	-0.283952	-0.937235	-0.222695	0.268322
1.2	0.180876	0.34461	0.921156	-0.296572	0.912118	-0.282995	-0.937726	-0.222002	0.267182
1.23333	0.180857	0.343308	0.921645	-0.295649	0.912734	-0.281973	-0.938021	-0.221487	0.266573
1.26667	0.180754	0.342602	0.921928	-0.295187	0.913051	-0.281429	-0.938186	-0.221272	0.26617
1.3	0.180672	0.341901	0.922205	-0.295129	0.913273	-0.28077	-0.93822	-0.221442	0.265908
1.33333	0.180525	0.341129	0.922519	-0.29502	0.913523	-0.280071	-0.938283	-0.221602	0.265553
1.36667	0.180557	0.340556	0.922725	-0.294738	0.913765	-0.279576	-0.938365	-0.221483	0.265361
1.4	0.180685	0.339726	0.923006	-0.293733	0.914263	-0.279007	-0.938655	-0.220704	0.264982
1.43333	0.180606	0.338572	0.923445	-0.292554	0.914882	-0.278215	-0.939039	-0.21991	0.264284
1.46667	0.18071	0.337442	0.923838	-0.291182	0.915549	-0.277457	-0.939445	-0.218866	0.263706
1.5	0.180611	0.336195	0.924312	-0.29019	0.916147	-0.276522	-0.939771	-0.218283	0.263027
1.53333	0.180492	0.334787	0.924846	-0.289531	0.916712	-0.275338	-0.939997	-0.218075	0.262391
1.56667	0.180234	0.333567	0.925337	-0.288546	0.917285	-0.274463	-0.940349	-0.217535	0.261576
1.6	0.180227	0.332495	0.925724	-0.287887	0.917754	-0.273585	-0.940553	-0.217197	0.261126
1.63333	0.180014	0.331467	0.926134	-0.287206	0.9182	-0.272803	-0.940802	-0.216883	0.260488
1.66667	0.180007	0.330313	0.926548	-0.286021	0.918812	-0.271988	-0.941164	-0.216052	0.259869
1.7	0.179858	0.329106	0.927006	-0.284628	0.919474	-0.271208	-0.941615	-0.215073	0.259047
1.73333	0.179866	0.327687	0.927507	-0.283267	0.920199	-0.270173	-0.942024	-0.214137	0.258335
1.76667	0.179863	0.326322	0.927989	-0.282908	0.920677	-0.268917	-0.942132	-0.214167	0.257914
1.8	0.180404	0.32543	0.928197	-0.281776	0.921228	-0.268221	-0.942368	-0.213155	0.257892
1.83333	0.180651	0.324295	0.928546	-0.28048	0.921864	-0.267393	-0.942707	-0.212133	0.257494
1.86667	0.180717	0.323221	0.928908	-0.278799	0.922553	-0.266771	-0.943193	-0.210768	0.256834
1.9	0.18063	0.321513	0.929517	-0.277284	0.923375	-0.265505	-0.943656	-0.209782	0.25594
1.93333	0.180526	0.319655	0.930178	-0.275756	0.924236	-0.264095	-0.944123	-0.208826	0.254996
1.96667	0.180591	0.317887	0.930771	-0.27449	0.92502	-0.262666	-0.94448	-0.208052	0.254307
2	0.180628	0.316376	0.931278	-0.273385	0.92569	-0.261453	-0.944793	-0.207372	0.253698
2.03333	0.180545	0.314861	0.931808	-0.272181	0.926374	-0.260287	-0.945157	-0.206627	0.252951
2.06667	0.180474	0.313526	0.932272	-0.270944	0.927011	-0.259306	-0.945525	-0.205796	0.25225
2.1	0.180207	0.312572	0.932643	-0.270435	0.92737	-0.258551	-0.945722	-0.205627	0.25165
2.13333	0.180185	0.311913	0.932868	-0.270004	0.927645	-0.258015	-0.945849	-0.205388	0.251365
2.16667	0.180161	0.311348	0.933062	-0.270211	0.927755	-0.257403	-0.945795	-0.20575	0.251275
2.2	0.180192	0.311425	0.93303	-0.27056	0.92766	-0.257381	-0.945689	-0.206063	0.251416
2.23333	0.180094	0.311402	0.933057	-0.270635	0.927644	-0.257359	-0.945686	-0.20617	0.251339
2.26667	0.180013	0.311681	0.932979	-0.270147	0.927668	-0.257784	-0.945841	-0.205637	0.251192
2.3	0.179598	0.311466	0.933131	-0.269694	0.927801	-0.257779	-0.946049	-0.205364	0.250632
2.33333	0.179461	0.310253	0.933561	-0.268561	0.928373	-0.256902	-0.946398	-0.204614	0.249929
2.36667	0.179199	0.308153	0.934307	-0.267128	0.929242	-0.255247	-0.946853	-0.203839	0.248836
2.4	0.179359	0.305398	0.935181	-0.265805	0.930285	-0.25282	-0.947195	-0.203231	0.248031
2.43333	0.180351	0.301873	0.936133	-0.263753	0.931727	-0.249639	-0.94758	-0.201886	0.247658
2.46667	0.180925	0.298024	0.937256	-0.261085	0.933344	-0.246381	-0.948209	-0.200127	0.246674
2.5	0.182039	0.293687	0.938408	-0.258121	0.935158	-0.242598	-0.948808	-0.19806	0.246041
2.53333	0.183324	0.288821	0.939667	-0.255378	0.937042	-0.238192	-0.949302	-0.196304	0.245541
2.56667	0.185033	0.28438	0.940686	-0.252832	0.938769	-0.234068	-0.949652	-0.194526	0.245604
2.6	0.186207	0.280456	0.941632	-0.250731	0.940226	-0.230455	-0.949979	-0.193185	0.245395
2.63333	0.187186	0.277409	0.94234	-0.249503	0.941264	-0.227531	-0.95011	-0.192526	0.245406
2.66667	0.187745	0.275466	0.942799	-0.248563	0.941948	-0.22572	-0.950246	-0.191967	0.245317
2.7	0.188221	0.274406	0.943013	-0.247907	0.942357	-0.224733	-0.950323	-0.19148	0.245399
2.73333	0.188068	0.274268	0.943084	-0.248579	0.942247	-0.224454	-0.950179	-0.192218	0.245383
2.76667	0.18786	0.274373	0.943095	-0.248999	0.942127	-0.224492	-0.950109	-0.192657	0.245307
2.8	0.187696	0.27465	0.943047	-0.248607	0.942132	-0.224903	-0.950245	-0.192235	0.245114
2.83333	0.187388	0.275065	0.942987	-0.24865	0.94201	-0.225368	-0.950294	-0.192243	0.244916
2.86667	0.186762	0.276123	0.942802	-0.249907	0.941471	-0.226229	-0.950088	-0.193362	0.244836
2.9	0.185651	0.277625	0.942581	-0.250578	0.940918	-0.227781	-0.950129	-0.193902	0.244249
2.93333	0.184018	0.279515	0.942342	-0.251246	0.940242	-0.229829	-0.95027	-0.194467	0.243248
2.96667	0.182606	0.281339	0.942074	-0.251914	0.939587	-0.231766	-0.950365	-0.195	0.242448
3	0.181373	0.282624	0.941928	-0.251685	0.939254	-0.233359	-0.950662	-0.194744	0.241487
3.03333	0.180546	0.283628	0.941785	-0.251402	0.939021	-0.234601	-0.950895	-0.19441	0.240841
3.06667	0.180193	0.284076	0.941717	-0.250744	0.939025	-0.235285	-0.951135	-0.193733	0.240436
3.1	0.180097	0.284136	0.941717	-0.249248	0.939309	-0.235742	-0.951546	-0.192265	0.239987
3.13333	0.179895	0.284138	0.941755	-0.247895	0.93957	-0.236126	-0.951938	-0.190979	0.239461
3.16667	0.180047	0.284586	0.941591	-0.247109	0.939623	-0.23674	-0.952113	-0.190052	0.2395
3.2	0.179934	0.285068	0.941467	-0.245924	0.939732	-0.237541	-0.952442	-0.188788	0.239195
3.23333	0.17971	0.285423	0.941402	-0.243916	0.940026	-0.238444	-0.953	-0.186772	0.238551
3.26667	0.179277	0.28504	0.941601	-0.240922	0.940684	-0.238892	-0.953843	-0.184024	0.237316
3.3	0.178685	0.284798	0.941786	-0.23799	0.941278	-0.239491	-0.95469	-0.181343	0.235972
3.33333	0.178287	0.284057	0.942086	-0.235947	0.941834	-0.239328	-0.955271	-0.179613	0.234939
3.36667	0.177928	0.283121	0.942435	-0.234653	0.942297	-0.238778	-0.955657	-0.17866	0.234096
3.4	0.177783	0.282346	0.942695	-0.233877	0.942631	-0.23822	-0.955874	-0.178123	0.233618
3.43333	0.177698	0.281742	0.942892	-0.233655	0.942821	-0.237686	-0.955944	-0.178076	0.233368
3.46667	0.177612	0.281708	0.942918	-0.234511	0.942665	-0.237459	-0.95575	-0.178949	0.233492
3.5	0.177433	0.282349	0.94276	-0.236335	0.942152	-0.237687	-0.955334	-0.180634	0.233898
3.53333	0.177491	0.283342	0.942451	-0.237675	0.94165	-0.23834	-0.954991	-0.181694	0.234478
3.56667	0.177351	0.284747	0.942054	-0.2394	0.940958	-0.239346	-0.954586	-0.183079	0.235048
3.6	0.177091	0.286551	0.941556	-0.240951	0.940187	-0.240815	-0.954244	-0.184223	0.235544
3.63333	0.177028	0.288297	0.941034	-0.242317	0.939471	-0.242233	-0.953909	-0.185147	0.236172
3.66667	0.177169	0.289498	0.940639	-0.24314	0.939008	-0.2432	-0.953674	-0.18562	0.236752
3.7	0.177068	0.290555	0.940332	-0.243757	0.938609	-0.244122	-0.953535	-0.185986	0.237023
3.73333	0.176937	0.291133	0.940178	-0.244276	0.938351	-0.244596	-0.953427	-0.186385	0.237146
3.76667	0.176814	0.291328	0.940141	-0.244205	0.938308	-0.244832	-0.953468	-0.186297	0.237049
3.8	0.176963	0.29155	0.940044	-0.244161	0.938266	-0.245036	-0.953451	-0.18616	0.237224
3.83333	0.177004	0.2918	0.939959	-0.244353	0.938165	-0.24523	-0.953395	-0.186275	0.237361
3.86667	0.176948	0.291815	0.939964	-0.244668	0.938097	-0.245177	-0.953324	-0.186595	0.237393
3.9	0.176919	0.291854	0.939958	-0.244859	0.938048	-0.245174	-0.953281	-0.186781	0.237422
3.93333	0.17693	0.291724	0.939996	-0.244995	0.938056	-0.245008	-0.953244	-0.186945	0.237441
3.96667	0.176893	0.291545	0.940059	-0.24489	0.938121	-0.244863	-0.953277	-0.186896	0.237344
4	0.176879	0.291195	0.94017	-0.244892	0.938211	-0.244516	-0.95328	-0.18699	0.237261
4.03333	0.176851	0.290902	0.940266	-0.244583	0.938347	-0.244305	-0.953364	-0.186767	0.237097
4.06667	0.176817	0.290344	0.940445	-0.244275	0.93855	-0.243832	-0.953449	-0.186614	0.236876
4.1	0.176967	0.289684	0.94062	-0.243662	0.938848	-0.243296	-0.953578	-0.186139	0.23673
4.13333	0.176943	0.288705	0.940925	-0.242725	0.939282	-0.242556	-0.953822	-0.185468	0.236276
4.16667	0.176582	0.288283	0.941123	-0.24294	0.939331	-0.242151	-0.953834	-0.185877	0.235904
4.2	0.17661	0.287864	0.941246	-0.243468	0.939337	-0.241598	-0.953694	-0.186495	0.235982
4.23333	0.176446	0.287452	0.941402	-0.244219	0.939287	-0.241032	-0.953532	-0.187379	0.235935
4.26667	0.176349	0.287272	0.941475	-0.244239	0.939324	-0.240867	-0.953545	-0.187468	0.235811
4.3	0.176458	0.286411	0.941717	-0.243261	0.939742	-0.240228	-0.953775	-0.186693	0.235498
4.33333	0.176345	0.285256	0.942089	-0.241218	0.940428	-0.239601	-0.954315	-0.184996	0.234649
4.36667	0.175855	0.283826	0.942612	-0.23972	0.941057	-0.238635	-0.954782	-0.183998	0.233528
4.4	0.175586	0.282544	0.943047	-0.239166	0.941474	-0.237542	-0.954971	-0.183836	0.232885
4.43333	0.175446	0.281102	0.943504	-0.238696	0.94192	-0.236244	-0.955114	-0.183763	0.232354
4.46667	0.175193	0.279452	0.944041	-0.237726	0.942506	-0.234881	-0.955402	-0.183274	0.231554
4.5	0.174742	0.277757	0.944625	-0.236436	0.943152	-0.233587	-0.955805	-0.182527	0.23048
4.53333	0.174321	0.275572	0.945343	-0.23415	0.944105	-0.232034	-0.956444	-0.180904	0.229102
4.56667	0.173551	0.272854	0.946272	-0.231304	0.945269	-0.230143	-0.957277	-0.178935	0.227164
4.6	0.17243	0.26871	0.947662	-0.228194	0.946797	-0.226944	-0.958225	-0.177119	0.224574
4.63333	0.170719	0.263648	0.949392	-0.22516	0.948481	-0.222907	-0.959249	-0.175711	0.221287
4.66667	0.16947	0.256863	0.951473	-0.220624	0.950824	-0.217391	-0.960523	-0.173077	0.217806
4.7	0.165546	0.248895	0.954278	-0.216747	0.953152	-0.211001	-0.962089	-0.171907	0.211738
4.73333	0.158452	0.237205	0.95845	-0.213775	0.95593	-0.20124	-0.963947	-0.173005	0.202177
4.76667	0.148967	0.217171	0.9647	-0.214147	0.959518	-0.182936	-0.965376	-0.179336	0.189443
4.8	0.136343	0.178488	0.97445	-0.226101	0.96328	-0.144806	-0.964515	-0.200581	0.171693
4.83333	0.123545	0.110281	0.986192	-0.249753	0.965271	-0.0766537	-0.960396	-0.236834	0.146797
4.86667	0.108176	0.0141753	0.994031	-0.286179	0.958017	0.017482	-0.95205	-0.286362	0.107691
4.9	0.0947144	-0.102292	0.990235	-0.345235	0.929602	0.129049	-0.933725	-0.354087	0.052732
4.93333	0.0867908	-0.214605	0.972837	-0.404951	0.884607	0.231269	-0.91021	-0.414024	-0.0101286
4.96667	0.0759301	-0.295739	0.952246	-0.438826	0.847634	0.29824	-0.895358	-0.440516	-0.065417
5	0.0673868	-0.339005	0.938368	-0.41919	0.843849	0.334961	-0.905394	-0.415927	-0.0852434
5.03333	0.0543738	-0.350182	0.935102	-0.348474	0.870952	0.346422	-0.93574	-0.344695	-0.0746722
5.06667	0.0373353	-0.335352	0.941353	-0.254559	0.907741	0.333474	-0.966336	-0.25208	-0.0514761
5.1	0.024376	-0.309514	0.950583	-0.172851	0.935239	0.30895	-0.984646	-0.171841	-0.0307025
5.13333	0.025152	-0.28333	0.958692	-0.11797	0.951454	0.284286	-0.992699	-0.120247	-0.00949338
5.16667	0.0261595	-0.264536	0.964021	-0.0986939	0.958956	0.265824	-0.994774	-0.102097	-0.0010223
5.2	0.0241868	-0.254249	0.966836	-0.100027	0.96165	0.255388	-0.994691	-0.102887	-0.00217253
5.23333	0.0240945	-0.244112	0.969448	-0.112719	0.962882	0.24526	-0.993335	-0.115185	-0.00431585
5.26667	0.0318367	-0.229099	0.972882	-0.122575	0.965133	0.231286	-0.991948	-0.126615	0.00264467
5.3	0.0450882	-0.209226	0.976827	-0.128698	0.968457	0.213373	-0.990658	-0.135337	0.0167389
5.33333	0.0718624	-0.179664	0.9811	-0.133024	0.973129	0.187948	-0.988504	-0.144017	0.0460316
5.36667	0.103432	-0.13559	0.985351	-0.136159	0.979408	0.149065	-0.985273	-0.149582	0.0828409
5.4	0.124073	-0.0876882	0.988391	-0.142632	0.984167	0.105218	-0.981968	-0.154031	0.109601
5.43333	0.105451	-0.0760841	0.99151	-0.138736	0.986192	0.0904313	-0.984699	-0.147095	0.0934394
5.46667	0.103268	-0.0949568	0.990111	-0.120917	0.986851	0.107256	-0.987276	-0.130798	0.0904281
5.5	0.111334	-0.089856	0.989712	-0.122407	0.98708	0.103387	-0.986216	-0.132658	0.0988962
5.53333	0.115775	-0.0559638	0.991698	-0.129148	0.989088	0.0708939	-0.984844	-0.136283	0.107284
5.56667	0.118741	-0.0123394	0.992849	-0.141886	0.98945	0.0292662	-0.982735	-0.144347	0.115738
5.6	0.124087	0.0290312	0.991847	-0.158961	0.987244	-0.00900933	-0.979456	-0.156547	0.127119
5.63333	0.132875	0.0645826	0.989026	-0.172195	0.984204	-0.0411334	-0.97606	-0.164839	0.141897
5.66667	0.146651	0.0867034	0.985381	-0.169352	0.983645	-0.0613466	-0.974584	-0.157879	0.158936
5.7	0.164788	0.096052	0.981641	-0.151903	0.985845	-0.0709634	-0.974562	-0.13742	0.177046
5.73333	0.183415	0.101209	0.977812	-0.134292	0.98794	-0.0770669	-0.97382	-0.117177	0.194794
5.76667	0.197797	0.107354	0.974347	-0.126083	0.988515	-0.0833195	-0.9721	-0.106368	0.209061
5.8	0.206418	0.117937	0.97133	-0.124805	0.987774	-0.0934107	-0.970472	-0.101945	0.218613
5.83333	0.212928	0.129399	0.968461	-0.124297	0.986726	-0.104511	-0.969129	-0.0981235	0.226186
5.86667	0.218373	0.14198	0.965482	-0.12732	0.985048	-0.11606	-0.967524	-0.0975811	0.233185
5.9	0.224838	0.155657	0.961883	-0.134291	0.982688	-0.127633	-0.965098	-0.100476	0.241849
5.93333	0.232963	0.171157	0.957305	-0.145366	0.979459	-0.139743	-0.96156	-0.106605	0.253059
5.96667	0.241386	0.188839	0.951879	-0.160147	0.975187	-0.152851	-0.957124	-0.115545	0.265638
6	0.249778	0.207107	0.945895	-0.169743	0.971097	-0.167801	-0.953309	-0.118646	0.277714
6.03333	0.256981	0.22277	0.940391	-0.172071	0.968068	-0.182304	-0.950974	-0.114966	0.287107
6.06667	0.263473	0.233148	0.936068	-0.16935	0.966463	-0.193052	-0.949685	-0.107659	0.294121
6.1	0.269113	0.236038	0.933737	-0.164004	0.966574	-0.197071	-0.949042	-0.100102	0.298828
6.13333	0.269592	0.237871	0.933133	-0.162094	0.966394	-0.199519	-0.949234	-0.0974666	0.29909
6.16667	0.26078	0.240883	0.934863	-0.166076	0.965128	-0.202355	-0.951006	-0.102488	0.291691
6.2	0.237107	0.236282	0.942311	-0.165058	0.965667	-0.200606	-0.957359	-0.107971	0.267967
6.23333	0.188148	0.22258	0.956587	-0.176622	0.965771	-0.189977	-0.966129	-0.13321	0.221021
6.26667	0.110851	0.200248	0.973454	-0.213938	0.961335	-0.173393	-0.970537	-0.189038	0.149406
6.3	0.00722568	0.151512	0.988429	-0.27914	0.949468	-0.1435	-0.960223	-0.274873	0.0491537
6.33333	-0.106615	0.0577072	0.992624	-0.385048	0.918022	-0.0947269	-0.916718	-0.392308	-0.0756544
6.36667	-0.200075	-0.112474	0.973303	-0.581934	0.81283	-0.0256941	-0.78824	-0.571539	-0.22808
6.4	-0.224362	-0.276965	0.934319	-0.820647	0.570756	-0.0278733	-0.525548	-0.772999	-0.355346
6.43333	-0.219298	-0.274676	0.936195	-0.924179	0.36605	-0.109085	-0.312731	-0.889134	-0.334124
6.46667	-0.17761	-0.17856	0.967766	-0.944583	0.306811	-0.116747	-0.276074	-0.934871	-0.223158
6.5	-0.112005	-0.0656195	0.991539	-0.944676	0.316595	-0.0857592	-0.308289	-0.946288	-0.0974493
6.53333	-0.0248657	0.0322423	0.999171	-0.939689	0.3403	-0.0343666	-0.341126	-0.939764	0.0218359
6.56667	0.0522245	0.0927847	0.994316	-0.932362	0.361203	0.0152648	-0.357733	-0.92786	0.105373
6.6	0.110155	0.102361	0.988629	-0.917748	0.392352	0.0616343	-0.381582	-0.914102	0.137161
6.63333	0.141071	0.0433356	0.989051	-0.873998	0.474701	0.103861	-0.465002	-0.87908	0.104842
6.66667	0.136787	-0.0592673	0.988826	-0.75425	0.640882	0.14275	-0.642181	-0.765348	0.0429617
6.7	0.100135	-0.101179	0.989816	-0.521037	0.842173	0.138798	-0.84764	-0.52963	0.0316129
6.73333	0.0766897	-0.0669312	0.994806	-0.327856	0.940568	0.0885565	-0.94161	-0.332945	0.0501881
6.76667	0.1173	-0.000244025	0.993096	-0.253198	0.966945	0.0301443	-0.960277	-0.254986	0.113361
6.8	0.160618	0.0519578	0.985648	-0.221054	0.97514	-0.0153816	-0.961944	-0.215411	0.168111
6.83333	0.180157	0.107502	0.977746	-0.237297	0.969401	-0.062861	-0.954586	-0.220691	0.200155
6.86667	0.1521	0.113897	0.981781	-0.211011	0.974178	-0.0803245	-0.965577	-0.19495	0.172206
6.9	0.0884987	0.0512919	0.994755	-0.169792	0.984834	-0.0356748	-0.981498	-0.165744	0.0958655
6.93333	0.0614335	-0.00992635	0.998062	-0.157854	0.987269	0.0195353	-0.98555	-0.158748	0.0590845
6.96667	0.0677483	-0.0395894	0.996917	-0.116275	0.99209	0.0472995	-0.990904	-0.119121	0.0626092
7	0.07659	-0.0341004	0.996479	-0.102692	0.99383	0.0419026	-0.99176	-0.10554	0.0726156
7.03333	0.0847751	-0.004019	0.996392	-0.120263	0.99264	0.0142361	-0.989116	-0.121036	0.0836678
7.06667	0.0992718	0.0250599	0.994745	-0.128149	0.99168	-0.0121939	-0.986774	-0.126265	0.101657
7.1	0.118718	0.0460401	0.99186	-0.13243	0.990734	-0.0301369	-0.984057	-0.127775	0.123715
7.13333	0.14534	0.0653349	0.987222	-0.123662	0.991192	-0.0473919	-0.981623	-0.115194	0.15214
7.16667	0.168597	0.0863652	0.981894	-0.126555	0.989806	-0.065331	-0.977527	-0.113249	0.177808
7.2	0.181252	0.106922	0.977607	-0.132005	0.987721	-0.0835537	-0.974537	-0.113905	0.193141
7.23333	0.18643	0.128457	0.974034	-0.142755	0.984436	-0.102505	-0.972042	-0.119938	0.201866
7.26667	0.191497	0.14834	0.970219	-0.154623	0.980729	-0.119429	-0.969237	-0.127147	0.210744
7.3	0.198662	0.166306	0.965855	-0.164885	0.977122	-0.134332	-0.966099	-0.132568	0.221538
7.33333	0.206265	0.182897	0.961251	-0.176151	0.973267	-0.147385	-0.96251	-0.138925	0.232969
7.36667	0.211553	0.198549	0.956987	-0.188062	0.969121	-0.159493	-0.959103	-0.146232	0.242359
7.4	0.214974	0.215092	0.952639	-0.198327	0.964735	-0.173068	-0.95627	-0.151729	0.250052
7.43333	0.214175	0.224365	0.950679	-0.196813	0.963214	-0.182984	-0.956762	-0.147915	0.250454
7.46667	0.210559	0.225995	0.9511	-0.189459	0.963899	-0.187093	-0.959047	-0.1408	0.245774
7.5	0.202467	0.224753	0.953149	-0.185669	0.964463	-0.187982	-0.961527	-0.13891	0.237001
7.53333	0.185304	0.224838	0.956614	-0.193224	0.962806	-0.188864	-0.963497	-0.149844	0.221856
7.56667	0.15532	0.222985	0.962369	-0.209847	0.959405	-0.18843	-0.965319	-0.172683	0.195808
7.6	0.102732	0.211573	0.971948	-0.231235	0.955429	-0.183536	-0.967459	-0.205894	0.147076
7.63333	0.0178635	0.182485	0.983046	-0.272426	0.946892	-0.170823	-0.962011	-0.264756	0.0666284
7.66667	-0.107346	0.108396	0.988295	-0.35253	0.925303	-0.139778	-0.929623	-0.363408	-0.0611147
7.7	-0.243269	-0.0455824	0.968887	-0.519677	0.849555	-0.0905128	-0.818997	-0.525527	-0.230359
7.73333	-0.309649	-0.242669	0.919364	-0.765942	0.636586	-0.0899466	-0.563427	-0.732031	-0.382988
7.76667	-0.315178	-0.297897	0.901066	-0.897048	0.403438	-0.180394	-0.309785	-0.865156	-0.394382
7.8	-0.264762	-0.212586	0.940589	-0.928698	0.318854	-0.189349	-0.259657	-0.923655	-0.281849
7.83333	-0.176373	-0.0824887	0.980861	-0.932898	0.331885	-0.139838	-0.313997	-0.939706	-0.135489
7.86667	-0.0810985	0.0417477	0.995831	-0.926923	0.364112	-0.0907513	-0.366383	-0.930419	0.00916796
7.9	-0.00800581	0.12187	0.992514	-0.924785	0.376679	-0.0537118	-0.380405	-0.918292	0.109688
7.93333	0.0361516	0.147528	0.988397	-0.924239	0.381116	-0.0230804	-0.380099	-0.912681	0.150129
7.96667	0.0918827	0.112126	0.989437	-0.898101	0.438496	0.0337093	-0.430084	-0.891711	0.14099
8	0.128553	0.0115072	0.991636	-0.813262	0.573453	0.0987748	-0.56752	-0.819157	0.0830777
8.03333	0.100203	-0.108344	0.989051	-0.63561	0.757807	0.147408	-0.76548	-0.643421	0.00706986
8.06667	0.0524579	-0.148123	0.987577	-0.393478	0.905869	0.156769	-0.917836	-0.396814	-0.0107634
8.1	0.0621338	-0.119069	0.99094	-0.245122	0.960629	0.130797	-0.967499	-0.251028	0.030501
8.13333	0.136236	-0.0517593	0.989323	-0.225186	0.970876	0.0818036	-0.964744	-0.233926	0.120613
8.16667	0.183322	0.0197597	0.982854	-0.229438	0.973046	0.0232323	-0.955903	-0.229763	0.182914
8.2	0.160909	0.0246101	0.986662	-0.212184	0.977176	0.0102305	-0.963891	-0.211	0.162459
8.23333	0.0582331	-0.0502413	0.997038	-0.118712	0.991298	0.0568856	-0.99122	-0.121673	0.0517621
8.26667	0.0446807	-0.111716	0.992735	-0.113404	0.986737	0.116145	-0.992544	-0.11777	0.031419
8.3	0.0554437	-0.128812	0.990118	-0.0858164	0.987359	0.133258	-0.994767	-0.0923567	0.0436886
8.33333	0.0641547	-0.112277	0.991604	-0.0739573	0.990383	0.116924	-0.995196	-0.0808376	0.055234
8.36667	0.0742909	-0.0793317	0.994076	-0.0734926	0.993685	0.0847928	-0.994525	-0.0793566	0.0679915
8.4	0.0868009	-0.0508376	0.994928	-0.0787123	0.995225	0.05772	-0.993111	-0.0833232	0.0823849
8.43333	0.10772	-0.0342953	0.99359	-0.0794179	0.995914	0.0429856	-0.991004	-0.0835392	0.104556
8.46667	0.132571	-0.0187727	0.990996	-0.0737565	0.996862	0.0287506	-0.988425	-0.0769039	0.13077
8.5	0.155837	-0.00294685	0.987778	-0.0671242	0.997652	0.0135662	-0.985499	-0.0684179	0.155274
8.53333	0.172115	0.0138967	0.984979	-0.06317	0.997998	-0.0030421	-0.983049	-0.0616976	0.172648
8.56667	0.181405	0.0359277	0.982752	-0.0724381	0.997106	-0.0230812	-0.980737	-0.0670017	0.183482
8.6	0.190359	0.0583183	0.979981	-0.0847783	0.995481	-0.0427727	-0.978047	-0.0749389	0.194443
8.63333	0.202029	0.0789563	0.976192	-0.095731	0.993564	-0.0605493	-0.97469	-0.0812191	0.208287
8.66667	0.214558	0.101104	0.971464	-0.110578	0.990748	-0.0786883	-0.970431	-0.0905396	0.223753
8.7	0.227577	0.124565	0.96576	-0.12536	0.987279	-0.0978	-0.965657	-0.0988109	0.240298
8.73333	0.241314	0.15018	0.958756	-0.133283	0.98372	-0.120544	-0.961251	-0.0986967	0.257402
8.76667	0.253913	0.169863	0.952195	-0.129559	0.98156	-0.140553	-0.958511	-0.0876773	0.271238
8.8	0.266168	0.182453	0.946502	-0.121783	0.98042	-0.154744	-0.956203	-0.0740804	0.283176
8.83333	0.274683	0.192809	0.942005	-0.116102	0.979172	-0.166562	-0.9545	-0.063617	0.291348
8.86667	0.273126	0.202063	0.940517	-0.11805	0.977341	-0.175693	-0.954708	-0.0630418	0.290791
8.9	0.251501	0.206276	0.94562	-0.130934	0.975294	-0.177926	-0.95896	-0.0790656	0.272296
8.93333	0.197577	0.200936	0.959473	-0.163907	0.97176	-0.169757	-0.966487	-0.123724	0.224933
8.96667	0.0989188	0.177167	0.979197	-0.230782	0.961278	-0.150612	-0.967964	-0.211083	0.135976
9	-0.0300731	0.102799	0.994247	-0.354515	0.928935	-0.106769	-0.934567	-0.355686	0.0085077
9.03333	-0.140333	-0.0462957	0.989021	-0.586768	0.808481	-0.0454126	-0.797502	-0.586699	-0.140622
9.06667	-0.174995	-0.1632	0.970949	-0.827748	0.558365	-0.0553344	-0.533114	-0.813384	-0.2328
9.1	-0.177023	-0.130199	0.975557	-0.914899	0.387149	-0.114347	-0.362798	-0.912778	-0.187653
9.13333	-0.121158	-0.0237421	0.992349	-0.92595	0.362937	-0.104368	-0.357683	-0.931511	-0.0659568
9.16667	-0.0767741	0.090979	0.992889	-0.919709	0.378087	-0.10576	-0.38502	-0.921289	0.054647
9.2	-0.0413044	0.183056	0.982234	-0.921626	0.372688	-0.108213	-0.385876	-0.909722	0.153316
9.23333	-0.0103079	0.237455	0.971344	-0.93483	0.342523	-0.0936538	-0.354946	-0.909007	0.21845
9.26667	0.0344392	0.240424	0.970057	-0.941558	0.333243	-0.0491654	-0.335086	-0.911672	0.23785
9.3	0.0933017	0.186016	0.978107	-0.91286	0.408162	0.00945361	-0.397468	-0.893757	0.207889
9.33333	0.11328	0.0662049	0.991355	-0.82452	0.562993	0.0566182	-0.554377	-0.823806	0.118363
9.36667	0.0701497	-0.0590265	0.995789	-0.638173	0.764582	0.0902784	-0.766691	-0.641818	0.0159661
9.4	0.0193395	-0.0907443	0.995686	-0.403229	0.910581	0.0908201	-0.914895	-0.403246	-0.0189806
9.43333	0.0444791	-0.0551679	0.997486	-0.2683	0.961132	0.0651211	-0.962308	-0.270522	0.0279487
9.46667	0.113613	-0.00215968	0.993523	-0.230519	0.972651	0.0284749	-0.966413	-0.232261	0.110008
9.5	0.145699	0.0392235	0.988551	-0.198695	0.980014	-0.00959979	-0.969171	-0.195021	0.150581
9.53333	0.145355	0.0706578	0.986853	-0.180682	0.982569	-0.0437381	-0.972741	-0.171949	0.155588
9.56667	0.102882	0.0486129	0.993505	-0.153032	0.987687	-0.0324811	-0.982851	-0.148697	0.109054
9.6	0.0355215	-0.0335746	0.998805	-0.131214	0.990627	0.0379662	-0.990718	-0.132405	0.0307831
9.63333	0.0494997	-0.083268	0.995297	-0.0763108	0.99329	0.0868953	-0.995855	-0.0802532	0.0428133
9.66667	0.0625818	-0.0871907	0.994224	-0.0355272	0.995351	0.0895258	-0.997407	-0.0409247	0.0591932
9.7	0.0681387	-0.05931	0.995911	-0.0551179	0.996483	0.0631151	-0.996152	-0.0591931	0.06463
9.73333	0.0792373	-0.0306141	0.996386	-0.0571309	0.997746	0.0351992	-0.995217	-0.0597135	0.0773097
9.76667	0.101236	-0.0126947	0.994781	-0.0527804	0.998442	0.0181127	-0.993461	-0.0543387	0.100408
9.8	0.12599	0.00646629	0.99201	-0.0486781	0.998814	-0.000328299	-0.990837	-0.0482479	0.126155
9.83333	0.14857	0.0273361	0.988524	-0.0437896	0.998819	-0.0210394	-0.987932	-0.0401613	0.149592
9.86667	0.164773	0.0467511	0.985223	-0.0519404	0.997901	-0.038666	-0.984963	-0.0448018	0.166855
9.9	0.172913	0.0704994	0.982411	-0.0670124	0.995966	-0.0596773	-0.982655	-0.0555147	0.17694
9.93333	0.176035	0.0974325	0.97955	-0.0935398	0.992242	-0.0818849	-0.97993	-0.0772124	0.183783
9.96667	0.181042	0.12043	0.976074	-0.116557	0.988107	-0.100296	-0.976544	-0.0956105	0.192926
10	0.192426	0.138962	0.971423	-0.13086	0.984715	-0.114942	-0.972547	-0.105003	0.207669
10.0333	0.199703	0.155856	0.967382	-0.14228	0.981418	-0.128745	-0.969471	-0.111928	0.218168
10.0667	0.205269	0.173054	0.963284	-0.156378	0.977398	-0.142266	-0.966132	-0.121433	0.227692
10.1	0.209864	0.188285	0.95943	-0.166557	0.973824	-0.154678	-0.96344	-0.127338	0.235731
10.1333	0.210339	0.201193	0.956702	-0.172017	0.970944	-0.166369	-0.962376	-0.129575	0.238836
10.1667	0.206746	0.20946	0.95571	-0.174478	0.96905	-0.17464	-0.962712	-0.130644	0.236893
10.2	0.202642	0.213784	0.955632	-0.176349	0.967891	-0.179131	-0.963243	-0.132226	0.233836
10.2333	0.195402	0.215467	0.956761	-0.181202	0.966703	-0.180699	-0.963838	-0.138058	0.227938
10.2667	0.181487	0.217651	0.959005	-0.193708	0.964006	-0.182128	-0.964126	-0.152713	0.217116
10.3	0.158595	0.216703	0.963269	-0.204256	0.961713	-0.182724	-0.965985	-0.167774	0.196785
10.3333	0.113279	0.205797	0.972016	-0.219323	0.95936	-0.177558	-0.969054	-0.193072	0.153812
10.3667	0.0375425	0.18174	0.98263	-0.257003	0.952002	-0.166257	-0.965681	-0.246297	0.0824483
10.4	-0.0643217	0.127151	0.989796	-0.330711	0.933085	-0.141357	-0.941537	-0.336429	-0.0179673
10.4333	-0.183283	0.0099618	0.98301	-0.463261	0.881082	-0.0953041	-0.867062	-0.472858	-0.156872
10.4667	-0.266647	-0.186758	0.945527	-0.688586	0.723337	-0.0513159	-0.674351	-0.664759	-0.321474
10.5	-0.271111	-0.317118	0.90881	-0.88999	0.442215	-0.111191	-0.366629	-0.838977	-0.402121
10.5333	-0.23422	-0.257139	0.937561	-0.945968	0.282725	-0.158779	-0.224244	-0.924092	-0.309466
10.5667	-0.188001	-0.12737	0.973875	-0.950057	0.275057	-0.147429	-0.249093	-0.952953	-0.17272
10.6	-0.121834	0.00563406	0.992535	-0.935997	0.332072	-0.116779	-0.330251	-0.943237	-0.0351841
10.6333	-0.071919	0.0999587	0.992389	-0.918064	0.382264	-0.105036	-0.389853	-0.918631	0.0642765
10.6667	-0.0224365	0.148547	0.988651	-0.90637	0.414288	-0.0828169	-0.421889	-0.897941	0.125343
10.7	0.0534111	0.144014	0.988133	-0.874712	0.484085	-0.0232718	-0.481692	-0.863089	0.151826
10.7333	0.0780686	0.0939466	0.992512	-0.81204	0.583539	0.008638	-0.578357	-0.806633	0.121844
10.7667	0.0770026	0.00830617	0.996996	-0.718562	0.693684	0.0497186	-0.691187	-0.720232	0.059384
10.8	0.0507804	-0.0803557	0.995472	-0.574099	0.813264	0.0949332	-0.817209	-0.576321	-0.00483432
10.8333	0.0221601	-0.119547	0.992581	-0.398229	0.909607	0.118444	-0.917018	-0.397899	-0.0274501
10.8667	0.00929153	-0.105705	0.994354	-0.269126	0.957441	0.104296	-0.96306	-0.268576	-0.0195519
10.9	0.0608144	-0.0553493	0.996613	-0.239109	0.968582	0.0683832	-0.969086	-0.242458	0.0456692
10.9333	0.11579	0.0111988	0.993211	-0.240464	0.970508	0.0170908	-0.963727	-0.24081	0.115068
10.9667	0.137953	0.0582176	0.988726	-0.227486	0.973445	-0.0255777	-0.96396	-0.221393	0.147533
11	0.0664079	0.0362847	0.997133	-0.205622	0.978386	-0.0219083	-0.976376	-0.203578	0.0724335
11.0333	0.0601526	-0.0209491	0.997969	-0.180497	0.98307	0.0315159	-0.981734	-0.182026	0.055353
11.0667	0.0692288	-0.0453563	0.996569	-0.129656	0.990084	0.054068	-0.989139	-0.132954	0.0626616
11.1	0.0873586	-0.0398254	0.995381	-0.110276	0.992673	0.0493953	-0.990054	-0.114081	0.0823267
11.1333	0.100357	-0.0113942	0.994886	-0.109035	0.993786	0.0223803	-0.988959	-0.110724	0.0984913
11.1667	0.105586	0.0179143	0.994249	-0.109118	0.994009	-0.00632206	-0.988405	-0.107823	0.106908
11.2	0.116478	0.041953	0.992307	-0.122129	0.99213	-0.0276099	-0.985656	-0.117973	0.120685
11.2333	0.132461	0.0572509	0.989533	-0.115381	0.992434	-0.0419735	-0.98445	-0.108614	0.138064
11.2667	0.151987	0.058754	0.986635	-0.0916906	0.994765	-0.0451136	-0.98412	-0.0836084	0.156578
11.3	0.171948	0.0592691	0.983322	-0.0624331	0.996837	-0.0491665	-0.983126	-0.0529377	0.175104
11.3333	0.188095	0.0595484	0.980344	-0.0435659	0.997684	-0.0522428	-0.981184	-0.032883	0.190254
11.3667	0.197589	0.0637919	0.978207	-0.038014	0.997628	-0.05738	-0.979548	-0.025848	0.199545
11.4	0.203303	0.0698303	0.976622	-0.041578	0.997169	-0.0626442	-0.978233	-0.0278703	0.205631
11.4333	0.211471	0.0764942	0.974386	-0.0444177	0.996655	-0.0686024	-0.976374	-0.0287726	0.214161
11.4667	0.219527	0.0851707	0.971881	-0.0534352	0.995736	-0.0751914	-0.974142	-0.0354261	0.223143
11.5	0.228128	0.0940869	0.969075	-0.0668844	0.994483	-0.0808087	-0.971331	-0.0463813	0.233162
11.5333	0.237644	0.106925	0.965449	-0.0800784	0.992696	-0.0902313	-0.968046	-0.0558687	0.244471
11.5667	0.246704	0.121913	0.961392	-0.0891604	0.990703	-0.102751	-0.964981	-0.060369	0.255281
11.6	0.253666	0.13638	0.957629	-0.0930594	0.988859	-0.116177	-0.962805	-0.0596463	0.263531
11.6333	0.262145	0.147214	0.953734	-0.0886211	0.987792	-0.128113	-0.960951	-0.0509367	0.271992
11.6667	0.272015	0.156764	0.949438	-0.0814103	0.986853	-0.139618	-0.958843	-0.039316	0.281201
11.7	0.280734	0.169161	0.944761	-0.0788253	0.985084	-0.152958	-0.956543	-0.0315306	0.289881
11.7333	0.287978	0.186708	0.93926	-0.077379	0.982139	-0.171507	-0.954506	-0.0232888	0.297282
11.7667	0.28134	0.199067	0.938733	-0.0784878	0.979742	-0.184241	-0.956393	-0.0218447	0.291265
