0	1	0	0	0	1	0	0	0	1
0.0333333	0.994279	0.0966455	0.0454786	-0.098297	0.99452	0.0355925	-0.0417895	-0.0398593	0.998331
0.0666667	0.99817	0.0572763	0.0194088	-0.0578302	0.997896	0.0292961	-0.01769	-0.0303649	0.999382
0.1	0.998286	0.0557254	0.0178609	-0.0560992	0.998201	0.0211603	-0.0166496	-0.022126	0.999617
0.133333	0.998377	0.0541597	0.0176247	-0.054434	0.998397	0.0154734	-0.0167584	-0.0164077	0.999725
0.166667	0.998463	0.0526355	0.0173301	-0.0528509	0.998528	0.0122125	-0.0166618	-0.0131097	0.999775
0.2	0.998553	0.0509507	0.0172161	-0.0511472	0.998629	0.0111724	-0.0166233	-0.0120368	0.999789
0.233333	0.998614	0.0498437	0.0169014	-0.0500438	0.998679	0.0116297	-0.0162994	-0.0124593	0.99979
0.266667	0.998666	0.0490398	0.016168	-0.0492429	0.99871	0.0124142	-0.0155384	-0.0131938	0.999792
0.3	0.998709	0.0484151	0.0153476	-0.0486163	0.998733	0.0130202	-0.0146977	-0.0137495	0.999797
0.333333	0.998746	0.0479182	0.0144718	-0.0481104	0.998754	0.0132365	-0.0138195	-0.0139161	0.999808
0.366667	0.998766	0.0477419	0.0136477	-0.0479203	0.998766	0.0130611	-0.0130073	-0.013699	0.999822
0.4	0.99881	0.0470428	0.0128633	-0.0471944	0.998817	0.0117475	-0.0122954	-0.0123406	0.999848
0.433333	0.998854	0.0464296	0.0116064	-0.0465653	0.998847	0.0117133	-0.0110492	-0.0122403	0.999864
0.466667	0.998909	0.0454668	0.0106683	-0.0455745	0.99891	0.0100753	-0.0101986	-0.0105505	0.999892
0.5	0.998983	0.0438348	0.0105344	-0.0439048	0.999015	0.00650574	-0.0102388	-0.00696163	0.999923
0.533333	0.999072	0.0417265	0.0106508	-0.0417256	0.999129	-0.000301935	-0.0106542	-0.000142758	0.999943
0.566667	0.999139	0.040166	0.0104203	-0.0401041	0.999177	-0.00607708	-0.0106558	0.00565395	0.999927
0.6	0.999208	0.038615	0.00957728	-0.0385132	0.999202	-0.0106003	-0.00997897	0.0102231	0.999898
0.633333	0.99924	0.0379745	0.00875292	-0.0378647	0.999206	-0.0123889	-0.00921643	0.0120481	0.999885
0.666667	0.999268	0.0373618	0.00825024	-0.0372572	0.999228	-0.0124826	-0.00871024	0.0121661	0.999888
0.7	0.999262	0.0375513	0.00808047	-0.0374944	0.999272	-0.00708533	-0.00834065	0.00677713	0.999942
0.733333	0.999282	0.037178	0.00728798	-0.0371385	0.999295	-0.00547718	-0.00748647	0.00520259	0.999958
0.766667	0.999314	0.0366609	0.00530516	-0.0366353	0.999317	-0.0048471	-0.00547924	0.00464942	0.999974
0.8	0.999307	0.0370178	0.00380787	-0.0370037	0.999308	-0.00370498	-0.00394238	0.0035615	0.999986
0.833333	0.999287	0.037615	0.0033969	-0.0376004	0.999284	-0.00428874	-0.00355579	0.00415795	0.999985
0.866667	0.999267	0.0381526	0.00317736	-0.0381438	0.999268	-0.00276186	-0.00328041	0.00263864	0.999991
0.9	0.999283	0.037749	0.0029383	-0.0377376	0.99928	-0.00384197	-0.00308122	0.00372833	0.999988
0.933333	0.999205	0.0397361	0.0031522	-0.0397457	0.999205	0.00303895	-0.00302894	-0.00316182	0.99999
0.966667	0.999168	0.0406894	0.00279661	-0.0407022	0.99916	0.0046944	-0.00260325	-0.00480432	0.999985
1	0.999207	0.0396459	0.00359508	-0.0396406	0.999213	-0.00153767	-0.00365322	0.00139394	0.999992
1.03333	0.999199	0.0397951	0.00422481	-0.0397911	0.999207	-0.00102801	-0.00426237	0.000859074	0.999991
1.06667	0.999199	0.0397715	0.00450142	-0.0397708	0.999209	-0.000244368	-0.00450758	6.51472e-05	0.99999
1.1	0.999199	0.039707	0.00490352	-0.0397108	0.999211	0.000691236	-0.00487221	-0.000885405	0.999988
1.13333	0.999198	0.0396703	0.005497	-0.0396795	0.999211	0.00156858	-0.00543044	-0.00178544	0.999984
1.16667	0.999197	0.0396462	0.00587113	-0.039656	0.999212	0.00157299	-0.00580414	-0.00180455	0.999982
1.2	0.999177	0.0400105	0.00673331	-0.0400155	0.999199	0.000601755	-0.00670384	-0.000870697	0.999977
1.23333	0.999174	0.0400476	0.00683875	-0.0400508	0.999198	0.000325084	-0.00682024	-0.000598713	0.999977
1.26667	0.999172	0.040083	0.00692331	-0.0400856	0.999196	0.00023457	-0.00690834	-0.0005119	0.999976
1.3	0.999156	0.0404046	0.00737526	-0.0404087	0.999183	0.000402942	-0.00735296	-0.000700627	0.999973
1.33333	0.999139	0.0407233	0.00790971	-0.0407314	0.99917	0.000869418	-0.00786774	-0.00119084	0.999968
1.36667	0.999124	0.0410016	0.00839132	-0.0410113	0.999158	0.000993465	-0.00834353	-0.00133673	0.999964
1.4	0.999107	0.0413001	0.00892349	-0.0413148	0.999145	0.00146408	-0.00885539	-0.00183144	0.999959
1.43333	0.999105	0.0412186	0.00950783	-0.0412312	0.999149	0.00113204	-0.00945308	-0.00152305	0.999954
1.46667	0.999098	0.0412642	0.0100677	-0.0412711	0.999148	0.000480814	-0.0100393	-0.000895884	0.999949
1.5	0.99909	0.0413379	0.0104832	-0.0413422	0.999145	0.000195778	-0.0104661	-0.000628998	0.999945
1.53333	0.999077	0.0415838	0.010723	-0.0415888	0.999135	0.000244499	-0.0107035	-0.000690229	0.999942
1.56667	0.999063	0.0418567	0.0110183	-0.0418688	0.999123	0.000870413	-0.0109722	-0.00133092	0.999939
1.6	0.999055	0.0420074	0.0111945	-0.0420266	0.999115	0.00148325	-0.0111223	-0.00195232	0.999936
1.63333	0.999036	0.042309	0.011664	-0.0423342	0.999102	0.00192001	-0.0115723	-0.00241195	0.99993
1.66667	0.999032	0.0422937	0.0121331	-0.0423201	0.999102	0.00192902	-0.0120406	-0.00244063	0.999925
1.7	0.999033	0.0421484	0.0125299	-0.0421817	0.999107	0.00240971	-0.0124172	-0.00293591	0.999919
1.73333	0.999033	0.0420561	0.0128064	-0.0420931	0.99911	0.00263153	-0.0126843	-0.00316805	0.999915
1.76667	0.99903	0.0420197	0.0131306	-0.0420573	0.999112	0.00259333	-0.01301	-0.00314306	0.99991
1.8	0.999027	0.0420344	0.0133802	-0.0420759	0.99911	0.00283163	-0.0132493	-0.00339186	0.999906
1.83333	0.999019	0.0420688	0.0138472	-0.0421152	0.999108	0.00308011	-0.0137052	-0.00366027	0.999899
1.86667	0.99902	0.0419288	0.0142029	-0.0419763	0.999114	0.00306232	-0.0140619	-0.0036555	0.999894
1.9	0.999011	0.0420702	0.014415	-0.0421239	0.999106	0.00344195	-0.0142573	-0.00404576	0.99989
1.93333	0.999007	0.0421201	0.0145417	-0.0421766	0.999104	0.00360289	-0.0143769	-0.00421264	0.999888
1.96667	0.998993	0.0424172	0.014655	-0.0424815	0.999089	0.00410775	-0.0144674	-0.00472617	0.999884
2	0.998981	0.0426459	0.0147603	-0.0427201	0.999076	0.00474694	-0.0145442	-0.00537266	0.99988
2.03333	0.998969	0.042901	0.0148588	-0.0429843	0.999062	0.00533101	-0.0146162	-0.00596421	0.999875
2.06667	0.998991	0.042415	0.0147417	-0.0424918	0.999085	0.00493702	-0.0145188	-0.00555844	0.999879
2.1	0.998949	0.0433253	0.0149307	-0.0434232	0.999037	0.00629552	-0.0146435	-0.00693724	0.999869
2.13333	0.998935	0.0436356	0.0149924	-0.0437443	0.999018	0.00700206	-0.0146722	-0.00765044	0.999863
2.16667	0.998923	0.0438117	0.0152652	-0.0439253	0.999009	0.0071887	-0.0149351	-0.00785149	0.999858
2.2	0.99892	0.0437275	0.0157068	-0.0438519	0.999009	0.00766412	-0.0153561	-0.00834461	0.999847
2.23333	0.998911	0.0437409	0.0162621	-0.0438815	0.999002	0.00838773	-0.015879	-0.0090922	0.999833
2.26667	0.998901	0.04347	0.0175526	-0.0436281	0.99901	0.00872157	-0.0171561	-0.00947776	0.999808
2.3	0.998878	0.04308	0.0196467	-0.0432654	0.999022	0.00910724	-0.0192352	-0.00994705	0.999766
2.33333	0.998814	0.0431483	0.0225788	-0.043366	0.999016	0.00924621	-0.0221577	-0.0102144	0.999702
2.36667	0.998708	0.0433301	0.0265625	-0.0436292	0.99899	0.0107834	-0.0260684	-0.0119284	0.999589
2.4	0.99863	0.0427671	0.0301497	-0.0431779	0.998981	0.0131075	-0.0295584	-0.0143913	0.999459
2.43333	0.998454	0.0428582	0.0354078	-0.0433676	0.998965	0.0137454	-0.034782	-0.0152597	0.999278
2.46667	0.998249	0.0420798	0.0415703	-0.0426848	0.998994	0.0137745	-0.0409488	-0.0155248	0.999041
2.5	0.998023	0.0409365	0.0476843	-0.0415798	0.999056	0.0125777	-0.0471244	-0.0145356	0.998783
2.53333	0.997786	0.0400596	0.0530923	-0.0406778	0.999116	0.0106131	-0.0526202	-0.0127492	0.998533
2.56667	0.997638	0.0392389	0.0563782	-0.0398657	0.999155	0.0100352	-0.0559368	-0.0122591	0.998359
2.6	0.997606	0.0383872	0.0575167	-0.0389443	0.999204	0.00859686	-0.0571409	-0.0108162	0.998308
2.63333	0.997636	0.0384836	0.0569327	-0.0389295	0.999219	0.00674221	-0.0566288	-0.00894263	0.998355
2.66667	0.997855	0.0384879	0.0529461	-0.0388617	0.999226	0.00604806	-0.0526724	-0.00809266	0.998579
2.7	0.99803	0.0391711	0.0490165	-0.0394753	0.999207	0.00525273	-0.0487718	-0.00717732	0.998784
2.73333	0.998228	0.0393753	0.0446103	-0.0396794	0.999195	0.00595014	-0.0443401	-0.00770971	0.998987
2.76667	0.998288	0.0403645	0.0423373	-0.0406795	0.99915	0.00660711	-0.0420347	-0.00831806	0.999082
2.8	0.998356	0.040696	0.040365	-0.0410675	0.999121	0.00841559	-0.0399871	-0.0100594	0.99915
2.83333	0.998412	0.0410905	0.0385412	-0.0415055	0.999088	0.0100285	-0.0380939	-0.0116123	0.999207
2.86667	0.998521	0.0408824	0.0358255	-0.0413055	0.999084	0.011149	-0.0353369	-0.0126123	0.999296
2.9	0.998664	0.0399542	0.0327769	-0.0403479	0.99912	0.0114372	-0.0322911	-0.0127444	0.999397
2.93333	0.998837	0.0382851	0.0293093	-0.0386408	0.999185	0.0116663	-0.0288388	-0.0127852	0.999502
2.96667	0.999002	0.0363144	0.0260093	-0.0366342	0.999258	0.0119257	-0.0255569	-0.0128667	0.999591
3	0.999134	0.0347086	0.0229336	-0.0350146	0.999301	0.0130778	-0.0224637	-0.0138695	0.999651
3.03333	0.999248	0.0330998	0.0202167	-0.0334101	0.999326	0.0152066	-0.0196997	-0.0158706	0.99968
3.06667	0.99932	0.0316525	0.0188922	-0.0319784	0.99934	0.0172057	-0.0183352	-0.0177982	0.999673
3.1	0.999312	0.0317907	0.0190765	-0.0321519	0.999304	0.0189312	-0.0184614	-0.0195315	0.999639
3.13333	0.999328	0.0321397	0.0176358	-0.0325205	0.999234	0.0217508	-0.0169233	-0.0223097	0.999608
3.16667	0.999332	0.0330845	0.015535	-0.0334502	0.999155	0.0239007	-0.0147311	-0.0244044	0.999594
3.2	0.999343	0.0338354	0.0129725	-0.0341526	0.999102	0.0250691	-0.0121126	-0.0254957	0.999602
3.23333	0.999364	0.034183	0.0101477	-0.0344271	0.999096	0.0249358	-0.00928611	-0.0252693	0.999638
3.26667	0.999374	0.0345453	0.00767647	-0.0347232	0.999099	0.0243848	-0.00682718	-0.024636	0.999673
3.3	0.999381	0.0347291	0.00565302	-0.0348544	0.999108	0.0238233	-0.00482062	-0.0240056	0.9997
3.33333	0.99937	0.0353214	0.00353908	-0.0353952	0.999095	0.0235993	-0.00270231	-0.0237097	0.999715
3.36667	0.999353	0.0359262	0.00182223	-0.0359593	0.999074	0.0236294	-0.000971632	-0.0236796	0.999719
3.4	0.999334	0.0364876	0.000689629	-0.0364935	0.999032	0.0245771	0.000207797	-0.0245859	0.999698
3.43333	0.999322	0.0368167	-0.00039478	-0.0367955	0.999013	0.0248826	0.00131049	-0.0248512	0.99969
3.46667	0.999302	0.0373469	-0.00118342	-0.0373042	0.998973	0.0257202	0.00214278	-0.0256581	0.999668
3.5	0.999262	0.0383638	-0.00195939	-0.0382969	0.9989	0.0270405	0.00299461	-0.0269455	0.999632
3.53333	0.999237	0.0389776	-0.00234147	-0.0389019	0.998891	0.0265309	0.00337298	-0.0264196	0.999645
3.56667	0.999188	0.0401885	-0.00274768	-0.0400991	0.998825	0.0272061	0.00383783	-0.0270739	0.999626
3.6	0.999156	0.0409533	-0.00322184	-0.0408489	0.998783	0.0276303	0.00434947	-0.0274754	0.999613
3.63333	0.999103	0.0422238	-0.00335302	-0.0421128	0.998715	0.0281802	0.00453859	-0.0280137	0.999597
3.66667	0.999062	0.0431842	-0.00320903	-0.043075	0.998662	0.0286198	0.00444066	-0.0284547	0.999585
3.7	0.999032	0.0439047	-0.00281097	-0.0438061	0.998627	0.0287267	0.00406835	-0.0285757	0.999583
3.73333	0.999006	0.0445102	-0.00249595	-0.0444211	0.998605	0.0285322	0.00376244	-0.0283929	0.99959
3.76667	0.998983	0.0450306	-0.00221901	-0.0449497	0.998586	0.0283934	0.00349445	-0.0282648	0.999594
3.8	0.998971	0.045298	-0.00209598	-0.0452214	0.998582	0.0280964	0.00336572	-0.0279727	0.999603
3.83333	0.998975	0.0451928	-0.00263225	-0.0451036	0.998604	0.0274874	0.00387081	-0.0273405	0.999619
3.86667	0.998946	0.0458546	-0.00190445	-0.0457822	0.998548	0.0283875	0.00320338	-0.0282704	0.999595
3.9	0.99894	0.0460015	-0.0015426	-0.0459386	0.998535	0.028599	0.00285594	-0.0284978	0.99959
3.93333	0.998927	0.0463047	-0.000964385	-0.0462569	0.998503	0.0292007	0.00231507	-0.0291248	0.999573
3.96667	0.998921	0.0464436	-0.000540871	-0.0464068	0.998478	0.0298009	0.00192411	-0.0297436	0.999556
4	0.998909	0.0466878	-0.000307711	-0.0466571	0.998451	0.0303056	0.00172214	-0.0302582	0.999541
4.03333	0.998908	0.0467287	-0.000136814	-0.0467019	0.998426	0.0310575	0.00158788	-0.0310172	0.999518
4.06667	0.998886	0.0471905	0.00016831	-0.0471715	0.998369	0.0321577	0.0013495	-0.0321298	0.999483
4.1	0.998899	0.0469102	0.000445701	-0.0469004	0.998385	0.0320649	0.00105919	-0.0320505	0.999486
4.13333	0.998871	0.0475027	0.000578953	-0.0474958	0.99832	0.0331873	0.000998509	-0.0331774	0.999449
4.16667	0.998886	0.0471895	0.00072688	-0.0471871	0.998315	0.0337751	0.000868172	-0.0337717	0.999429
4.2	0.998873	0.0474471	0.000828403	-0.0474482	0.998312	0.033486	0.00076181	-0.0334876	0.999439
4.23333	0.998876	0.0473817	0.00105645	-0.0473905	0.998313	0.033541	0.000534567	-0.0335534	0.999437
4.26667	0.998877	0.047368	0.00136671	-0.0473871	0.998301	0.0338928	0.000241047	-0.0339195	0.999425
4.3	0.998893	0.0470161	0.00146857	-0.047039	0.99834	0.033228	9.61196e-05	-0.0332603	0.999447
4.33333	0.998894	0.0469913	0.00184808	-0.0470269	0.998327	0.033628	-0.000264763	-0.0336777	0.999433
4.36667	0.99892	0.0464124	0.00226802	-0.0464609	0.998424	0.0314888	-0.000802977	-0.0315602	0.999502
4.4	0.998905	0.0466844	0.00311436	-0.0467599	0.998402	0.0317471	-0.00162729	-0.0318579	0.999491
4.43333	0.998901	0.0466863	0.00405673	-0.046793	0.998385	0.0322003	-0.00254687	-0.0323547	0.999473
4.46667	0.998903	0.0465611	0.0049798	-0.0466979	0.998388	0.0322727	-0.00346912	-0.0324698	0.999467
4.5	0.998907	0.0463112	0.0063791	-0.0464949	0.998389	0.0325318	-0.00486224	-0.0327928	0.99945
4.53333	0.998938	0.0453447	0.00811317	-0.0455792	0.998463	0.0315237	-0.00667127	-0.03186	0.99947
4.56667	0.998934	0.0448373	0.0110074	-0.0451548	0.998513	0.0305273	-0.00962224	-0.0309918	0.999473
4.6	0.998957	0.0436982	0.0132561	-0.0440448	0.998662	0.027095	-0.0120544	-0.0276506	0.999545
4.63333	0.998966	0.0419378	0.0175674	-0.0423489	0.998821	0.0237252	-0.0165518	-0.0244446	0.999564
4.66667	0.99892	0.0398864	0.0238413	-0.0403893	0.998963	0.0210015	-0.0229789	-0.0219418	0.999495
4.7	0.9988	0.037781	0.0311786	-0.0383516	0.999104	0.0179104	-0.0304739	-0.0190847	0.999353
4.73333	0.998617	0.0349223	0.0392954	-0.0354821	0.999277	0.013638	-0.0387907	-0.0150135	0.999135
4.76667	0.998297	0.0334431	0.0477926	-0.0338292	0.999401	0.00729256	-0.0475201	-0.00889692	0.998831
4.8	0.997733	0.0329308	0.0586969	-0.032927	0.999457	-0.00103224	-0.058699	-0.000902809	0.998275
4.83333	0.996934	0.0321497	0.0713356	-0.0314164	0.999442	-0.0113795	-0.0716617	0.00910349	0.997387
4.86667	0.996292	0.0256764	0.0821163	-0.024231	0.999534	-0.0185504	-0.0825543	0.0164919	0.99645
4.9	0.995992	0.0126454	0.0885402	-0.0106137	0.99967	-0.0233795	-0.0888067	0.0223461	0.995798
4.93333	0.995647	-0.00120179	0.0931932	0.00360469	0.999665	-0.0256201	-0.0931312	0.0258445	0.995318
4.96667	0.995314	-0.0149432	0.0955349	0.0177462	0.999435	-0.0285577	-0.0950541	0.0301192	0.995016
5	0.99488	-0.029282	0.0967294	0.0331289	0.998713	-0.038406	-0.0954803	0.0414139	0.994569
5.03333	0.994214	-0.0428685	0.0984926	0.0481134	0.997513	-0.0515082	-0.0960396	0.055949	0.993804
5.06667	0.99358	-0.0511625	0.1009	0.0572273	0.996666	-0.0581555	-0.0975887	0.0635564	0.993195
5.1	0.992992	-0.0562094	0.103954	0.0622717	0.996486	-0.0560198	-0.10044	0.0621007	0.993003
5.13333	0.992574	-0.0589816	0.106389	0.0645227	0.996692	-0.0494134	-0.103122	0.0559109	0.993096
5.16667	0.992259	-0.0615521	0.107862	0.0662497	0.99698	-0.0405212	-0.105042	0.0473534	0.99334
5.2	0.992077	-0.0644691	0.107826	0.0683061	0.997142	-0.0322741	-0.105438	0.0393836	0.993646
5.23333	0.991978	-0.0668786	0.107274	0.0700247	0.997211	-0.0258301	-0.105247	0.0331347	0.993894
5.26667	0.992043	-0.0684573	0.105658	0.0708496	0.997305	-0.0190522	-0.104069	0.0263864	0.99422
5.3	0.992181	-0.0705023	0.102983	0.0721821	0.997311	-0.0126722	-0.101812	0.0200066	0.994602
5.33333	0.992525	-0.0712996	0.0990478	0.072542	0.997325	-0.00899397	-0.0981415	0.0161119	0.995042
5.36667	0.993172	-0.07	0.0933287	0.0711692	0.997421	-0.00925533	-0.0924402	0.0158343	0.995592
5.4	0.994006	-0.0680223	0.085588	0.0693291	0.997517	-0.0123861	-0.084533	0.0182456	0.996254
5.43333	0.99458	-0.0706114	0.0763134	0.0722308	0.997213	-0.0186689	-0.0747825	0.0240799	0.996909
5.46667	0.994433	-0.0833783	0.0644217	0.0849303	0.99615	-0.0217348	-0.0623615	0.0270852	0.997686
5.5	0.993312	-0.103657	0.0508508	0.104601	0.994381	-0.0162636	-0.0488792	0.0214739	0.998574
5.53333	0.992673	-0.114223	0.0394236	0.11484	0.993289	-0.0137411	-0.0375894	0.0181678	0.999128
5.56667	0.992877	-0.114008	0.0345927	0.114564	0.993309	-0.0145383	-0.0327037	0.0183978	0.999296
5.6	0.992936	-0.113752	0.0337554	0.114097	0.993434	-0.00846646	-0.0325707	0.012258	0.999394
5.63333	0.992565	-0.117086	0.033242	0.117088	0.99312	0.00189	-0.0332345	0.00201628	0.999446
5.66667	0.991882	-0.123038	0.0321072	0.123148	0.992387	-0.00145976	-0.0316832	0.00540184	0.999483
5.7	0.990962	-0.129582	0.0346859	0.13043	0.991181	-0.0234225	-0.0313449	0.0277349	0.999124
5.73333	0.990778	-0.128578	0.0427335	0.13033	0.990618	-0.0411129	-0.0370463	0.0463032	0.99824
5.76667	0.991759	-0.117819	0.0503173	0.120125	0.991714	-0.0455423	-0.0445346	0.0512113	0.997694
5.8	0.993666	-0.095963	0.0584794	0.0984262	0.994308	-0.0408019	-0.0542311	0.0462993	0.997454
5.83333	0.995215	-0.0677782	0.0703803	0.0701145	0.997049	-0.0312704	-0.0680531	0.0360554	0.99703
5.86667	0.995793	-0.0380259	0.0833635	0.0396165	0.999062	-0.0175095	-0.0826195	0.0207384	0.996365
5.9	0.995446	-0.00848955	0.0949441	0.00843543	0.999964	0.000971273	-0.094949	-0.000165955	0.995482
5.93333	0.994255	0.0197954	0.105191	-0.0224485	0.999458	0.0240983	-0.104657	-0.0263212	0.99416
5.96667	0.992553	0.0449198	0.113227	-0.0504577	0.997642	0.0465267	-0.11087	-0.0518934	0.992479
6	0.990803	0.0659379	0.118156	-0.0733896	0.995505	0.0598638	-0.113677	-0.0679846	0.991189
6.03333	0.989398	0.0804855	0.120884	-0.0877472	0.994568	0.0559927	-0.11572	-0.0660063	0.991086
6.06667	0.988125	0.0920532	0.123023	-0.0978513	0.994317	0.0419373	-0.118464	-0.0534773	0.991517
6.1	0.986576	0.1051	0.124989	-0.10966	0.993511	0.0301634	-0.121008	-0.0434648	0.991699
6.13333	0.985968	0.111994	0.12379	-0.117075	0.992522	0.0345392	-0.118996	-0.0485472	0.991707
6.16667	0.985996	0.116777	0.11906	-0.12402	0.990735	0.0553372	-0.111494	-0.069328	0.991344
6.2	0.984938	0.128353	0.115853	-0.135745	0.989026	0.0583125	-0.107097	-0.0731607	0.991553
6.23333	0.983455	0.143182	0.110974	-0.150407	0.986821	0.0596807	-0.100967	-0.0753846	0.99203
6.26667	0.980554	0.162696	0.109747	-0.169926	0.983625	0.0600516	-0.0981794	-0.0775326	0.992144
6.3	0.97912	0.169793	0.111781	-0.176725	0.982707	0.0552673	-0.100464	-0.0738678	0.992195
6.33333	0.979074	0.166147	0.117514	-0.173428	0.983329	0.0546455	-0.106476	-0.0738823	0.991567
6.36667	0.978112	0.162004	0.130584	-0.170938	0.983434	0.060317	-0.118649	-0.0813186	0.989601
6.4	0.974139	0.167645	0.151488	-0.18173	0.97972	0.0843992	-0.134266	-0.109746	0.984849
6.43333	0.970383	0.184389	0.156067	-0.200958	0.974693	0.0979268	-0.134061	-0.126389	0.98288
6.46667	0.970134	0.186393	0.155235	-0.203309	0.973868	0.10123	-0.13231	-0.129767	0.982677
6.5	0.974245	0.17088	0.14713	-0.18565	0.978183	0.0932306	-0.127988	-0.118144	0.984714
6.53333	0.980308	0.142262	0.136958	-0.153119	0.985562	0.0722584	-0.124701	-0.0918064	0.987938
6.56667	0.985546	0.107582	0.130865	-0.114069	0.992537	0.043109	-0.125251	-0.0574135	0.990462
6.6	0.989224	0.0733913	0.126684	-0.0755528	0.997065	0.012336	-0.125407	-0.0217744	0.991866
6.63333	0.991977	0.0367061	0.120976	-0.0343459	0.999178	-0.0215383	-0.121667	0.0172105	0.992422
6.66667	0.993437	-0.00115091	0.114375	0.00846092	0.997949	-0.063448	-0.114067	0.0639993	0.991409
6.7	0.993074	-0.0248107	0.114842	0.0354674	0.995155	-0.0917027	-0.11201	0.0951407	0.989142
6.73333	0.9929	-0.0258615	0.116103	0.0352909	0.996177	-0.079909	-0.113593	0.083439	0.990018
6.76667	0.993631	-0.0205861	0.110788	0.0268886	0.998086	-0.0556975	-0.109429	0.0583216	0.992282
6.8	0.994568	-0.0172528	0.102654	0.0216033	0.998908	-0.0414206	-0.101827	0.0434132	0.993854
6.83333	0.994958	-0.0275786	0.0964259	0.0315725	0.998695	-0.0401423	-0.095193	0.0429843	0.99453
6.86667	0.994704	-0.0499943	0.0898035	0.0549493	0.997051	-0.0535771	-0.0868601	0.058228	0.994517
6.9	0.993794	-0.0782764	0.0790337	0.0844671	0.993346	-0.0782876	-0.0723798	0.0844775	0.993793
6.93333	0.991383	-0.11872	0.0553711	0.123813	0.987249	-0.100046	-0.0427876	0.10604	0.993441
6.96667	0.987138	-0.155939	0.0352428	0.158901	0.981262	-0.108971	-0.0175897	0.113169	0.99342
7	0.985851	-0.165362	0.0274301	0.167302	0.980809	-0.100118	-0.010348	0.10329	0.994597
7.03333	0.98632	-0.161919	0.0309036	0.16408	0.982356	-0.0897409	-0.0158276	0.0935839	0.995486
7.06667	0.98658	-0.157921	0.0414919	0.160996	0.983206	-0.0859438	-0.0272228	0.0914704	0.995436
7.1	0.986606	-0.154822	0.0513651	0.158632	0.984009	-0.0810117	-0.0380014	0.0880748	0.995389
7.13333	0.987838	-0.145648	0.0544257	0.149412	0.986074	-0.0730334	-0.0430306	0.080277	0.995843
7.16667	0.990573	-0.124827	0.0564168	0.128287	0.989763	-0.0625406	-0.0480325	0.0691886	0.996447
7.2	0.992994	-0.0996655	0.0634875	0.102319	0.993947	-0.0400076	-0.0591158	0.0462232	0.99718
7.23333	0.994705	-0.0697315	0.0755009	0.0705627	0.997472	-0.00839456	-0.0747247	0.0136776	0.99711
7.26667	0.995377	-0.0388202	0.0878474	0.0377254	0.999189	0.0140891	-0.0883231	-0.0107099	0.996034
7.3	0.995355	-0.00886006	0.0958686	0.00561884	0.999405	0.0340263	-0.0961131	-0.0333295	0.994812
7.33333	0.99483	0.0168861	0.100143	-0.022735	0.998083	0.0575554	-0.0989791	-0.0595345	0.993307
7.36667	0.994184	0.0353584	0.10172	-0.0437012	0.995756	0.0809944	-0.0984246	-0.0849686	0.99151
7.4	0.993769	0.0475601	0.100806	-0.0572875	0.99374	0.0959086	-0.0956135	-0.101086	0.990273
7.43333	0.993872	0.0535605	0.0966936	-0.0623657	0.993945	0.0904647	-0.0912628	-0.0959407	0.991194
7.46667	0.993705	0.062541	0.0929509	-0.0695149	0.994848	0.0737857	-0.0878575	-0.0797827	0.992933
7.5	0.993296	0.0734068	0.0892951	-0.0788641	0.995126	0.0592017	-0.084514	-0.065847	0.994244
7.53333	0.992988	0.0828529	0.08432	-0.0884556	0.993955	0.0650288	-0.0784225	-0.0720314	0.994315
7.56667	0.991956	0.0981046	0.0799958	-0.10416	0.991698	0.0754002	-0.0719346	-0.083126	0.993939
7.6	0.989812	0.122517	0.072531	-0.127923	0.988923	0.0752741	-0.0625052	-0.0837856	0.994522
7.63333	0.984209	0.162341	0.0705581	-0.167456	0.983107	0.0738917	-0.0573705	-0.0845402	0.994767
7.66667	0.979736	0.185337	0.0759391	-0.19031	0.979605	0.0644761	-0.0624405	-0.0776215	0.995026
7.7	0.979076	0.18277	0.089475	-0.189007	0.979687	0.067003	-0.0754114	-0.0825124	0.993733
7.73333	0.977639	0.176636	0.114113	-0.187639	0.977716	0.0941414	-0.0949415	-0.113448	0.988997
7.76667	0.972937	0.1898	0.13179	-0.204949	0.972247	0.112832	-0.106717	-0.136789	0.984835
7.8	0.971924	0.193073	0.134484	-0.208402	0.971714	0.11109	-0.109231	-0.135998	0.984669
7.83333	0.97537	0.178696	0.12931	-0.19256	0.975753	0.10405	-0.107581	-0.126387	0.98613
7.86667	0.981095	0.151083	0.120937	-0.161799	0.983218	0.0842796	-0.106174	-0.102254	0.989076
7.9	0.987281	0.109631	0.11514	-0.116148	0.991896	0.0514935	-0.108561	-0.0642119	0.992014
7.93333	0.991627	0.0656175	0.111226	-0.0677585	0.99758	0.0155757	-0.109935	-0.0229818	0.993673
7.96667	0.993984	0.0254244	0.106529	-0.0236586	0.999562	-0.0178067	-0.106935	0.0151792	0.99415
8	0.994722	-0.0139175	0.101657	0.0194508	0.998371	-0.0536434	-0.100745	0.0553376	0.993372
8.03333	0.993597	-0.0529609	0.0997991	0.0618971	0.994135	-0.0886835	-0.094517	0.094293	0.991048
8.06667	0.992262	-0.0707392	0.102043	0.0806612	0.992047	-0.0966303	-0.0943955	0.104113	0.990076
8.1	0.992897	-0.0630207	0.100916	0.0709425	0.994509	-0.0769349	-0.0955133	0.0835476	0.991916
8.13333	0.994257	-0.0475672	0.0958616	0.052915	0.997136	-0.0540387	-0.0930166	0.0588009	0.993927
8.16667	0.995305	-0.0400481	0.0881099	0.0438884	0.998149	-0.0420879	-0.0862613	0.0457573	0.995221
8.2	0.99571	-0.0503595	0.0776219	0.0539716	0.997521	-0.04516	-0.0751552	0.0491556	0.99596
8.23333	0.994893	-0.0805541	0.0608169	0.0838437	0.995035	-0.053626	-0.0561951	0.0584512	0.996707
8.26667	0.991814	-0.121733	0.0385457	0.123613	0.991027	-0.0508402	-0.0320109	0.0551888	0.997963
8.3	0.987382	-0.157097	0.0199535	0.157876	0.986359	-0.0466052	-0.0123598	0.0491673	0.998714
8.33333	0.986082	-0.165579	0.0150129	0.166082	0.985171	-0.0430633	-0.00765994	0.0449573	0.99896
8.36667	0.98614	-0.164552	0.0212047	0.165335	0.985304	-0.0428992	-0.0138339	0.0458105	0.998854
8.4	0.986108	-0.162588	0.033991	0.163978	0.98552	-0.0431439	-0.0264842	0.0481184	0.99849
8.43333	0.986192	-0.158899	0.0466577	0.16101	0.985898	-0.0456154	-0.0387514	0.0524979	0.997869
8.46667	0.987349	-0.148936	0.054403	0.15151	0.987351	-0.0467108	-0.046758	0.0543625	0.997426
8.5	0.989377	-0.132643	0.0594811	0.135306	0.989861	-0.0432096	-0.0531465	0.0507988	0.997294
8.53333	0.991491	-0.111787	0.066702	0.113756	0.993156	-0.026479	-0.0632854	0.0338415	0.997422
8.56667	0.993411	-0.0849379	0.0769382	0.0853585	0.996348	-0.00218817	-0.0764714	0.00874108	0.997033
8.6	0.994475	-0.0541048	0.0899538	0.0524734	0.998414	0.0204057	-0.0909152	-0.0155728	0.995737
8.63333	0.994448	-0.0222804	0.102845	0.0180605	0.998963	0.0417827	-0.103669	-0.0396933	0.993819
8.66667	0.993799	0.00546343	0.111056	-0.0126653	0.997854	0.0642473	-0.110467	-0.0652554	0.991735
8.7	0.993056	0.0271732	0.114458	-0.0368612	0.995835	0.0833952	-0.111715	-0.0870352	0.989921
8.73333	0.992363	0.0430884	0.115583	-0.0538142	0.994364	0.0913429	-0.110996	-0.0968653	0.989089
8.76667	0.991923	0.053973	0.114783	-0.0636124	0.994597	0.0820442	-0.109735	-0.0886831	0.989997
8.8	0.990976	0.0698505	0.114399	-0.0775879	0.994888	0.0646369	-0.109299	-0.0729297	0.99133
8.83333	0.989577	0.0864865	0.115138	-0.0933212	0.994096	0.0553473	-0.109672	-0.0655153	0.991806
8.86667	0.988125	0.104823	0.112343	-0.112673	0.991441	0.0659505	-0.104468	-0.0778254	0.991479
8.9	0.986374	0.124963	0.107011	-0.133137	0.988408	0.0729628	-0.0966528	-0.0862156	0.991577
8.93333	0.983841	0.150089	0.0976258	-0.157946	0.984329	0.0784199	-0.0843258	-0.0925723	0.992129
8.96667	0.980471	0.17312	0.0933102	-0.180465	0.980562	0.077012	-0.0781641	-0.0923473	0.992654
9	0.979675	0.17428	0.0993191	-0.181603	0.980867	0.0701419	-0.0851945	-0.0867528	0.99258
9.03333	0.979807	0.161147	0.118367	-0.171171	0.981988	0.0800064	-0.103342	-0.0986517	0.989742
9.06667	0.977383	0.156726	0.141982	-0.172187	0.979556	0.104031	-0.122775	-0.126126	0.984387
9.1	0.973202	0.172794	0.151726	-0.190194	0.975704	0.108753	-0.129247	-0.134696	0.982422
9.13333	0.972019	0.179087	0.15201	-0.195853	0.975154	0.103519	-0.129694	-0.130394	0.982943
9.16667	0.975387	0.167753	0.143107	-0.182107	0.97879	0.0938493	-0.124328	-0.1176	0.985248
9.2	0.980677	0.142883	0.133631	-0.152914	0.985895	0.0680341	-0.122025	-0.0871535	0.988693
9.23333	0.985824	0.10821	0.128222	-0.112767	0.993204	0.0288082	-0.124233	-0.042859	0.991327
9.26667	0.98975	0.0717677	0.123469	-0.0707996	0.997416	-0.0122167	-0.124027	0.00334994	0.992273
9.3	0.992464	0.0370557	0.1168	-0.0313371	0.998236	-0.0504232	-0.118463	0.0463831	0.991875
9.33333	0.993848	-0.00117876	0.110747	0.0112395	0.995854	-0.090264	-0.110182	0.0909534	0.989741
9.36667	0.993141	-0.0385364	0.110387	0.0526032	0.990443	-0.127499	-0.104419	0.132432	0.985677
9.4	0.992208	-0.0497539	0.114228	0.0647545	0.989184	-0.131616	-0.106444	0.137987	0.984698
9.43333	0.993172	-0.0380957	0.110261	0.0501386	0.992821	-0.108597	-0.105332	0.113384	0.987952
9.46667	0.994696	-0.0254441	0.0996613	0.034143	0.99566	-0.0865758	-0.097026	0.0895193	0.991248
9.5	0.995909	-0.023411	0.0872758	0.0301968	0.996554	-0.0772596	-0.0851663	0.079579	0.993184
9.53333	0.996423	-0.0328635	0.0778525	0.0390126	0.996125	-0.0788266	-0.0749602	0.0815819	0.993844
9.56667	0.996434	-0.0497351	0.0681619	0.0560792	0.993938	-0.0945627	-0.0630457	0.0980479	0.993183
9.6	0.995788	-0.0777035	0.0486566	0.0826919	0.99041	-0.110679	-0.0395899	0.114236	0.992664
9.63333	0.991668	-0.126992	0.0216103	0.128691	0.9841	-0.122421	-0.00572023	0.124182	0.992243
9.66667	0.986323	-0.164817	0.00179058	0.16387	0.979369	-0.118254	0.0177365	0.11693	0.992982
9.7	0.984386	-0.176011	-0.00221606	0.174679	0.978333	-0.111143	0.0217305	0.109021	0.993802
9.73333	0.98423	-0.176744	0.00720417	0.176387	0.977541	-0.115329	0.0133413	0.114781	0.993301
9.76667	0.985339	-0.169116	0.0225091	0.1706	0.977904	-0.12083	-0.0015774	0.122899	0.992418
9.8	0.987348	-0.155531	0.0308811	0.158146	0.980062	-0.120287	-0.0115571	0.123648	0.992259
9.83333	0.990206	-0.136228	0.0305693	0.138732	0.984661	-0.105809	-0.0156862	0.109014	0.993916
9.86667	0.993417	-0.110148	0.031469	0.112095	0.991311	-0.0688317	-0.0236139	0.0719061	0.997132
9.9	0.995629	-0.0847692	0.039213	0.0857162	0.996051	-0.023134	-0.0370971	0.0263941	0.998963
9.93333	0.997038	-0.0602741	0.047763	0.0595506	0.99809	0.0164298	-0.0486621	-0.0135368	0.998724
9.96667	0.997979	-0.0335175	0.0539802	0.0309967	0.99842	0.0468776	-0.0554661	-0.0451096	0.997441
10	0.998169	-0.00993244	0.0596689	0.00584857	0.997652	0.0682309	-0.0602065	-0.0677569	0.995884
10.0333	0.997756	0.00927184	0.0663114	-0.0147665	0.996452	0.0828573	-0.0653079	-0.0836505	0.994353
10.0667	0.997068	0.0264003	0.0718284	-0.0331075	0.995036	0.0938519	-0.0689941	-0.0959547	0.992992
10.1	0.996402	0.0402826	0.074573	-0.0477822	0.993669	0.101682	-0.0700048	-0.104879	0.992018
10.1333	0.996105	0.0490513	0.0732738	-0.0564661	0.993097	0.102813	-0.0677249	-0.10655	0.991998
10.1667	0.996145	0.0554753	0.0679505	-0.0618577	0.993483	0.095739	-0.0621965	-0.0995732	0.993084
10.2	0.995929	0.0646791	0.062781	-0.0699537	0.993852	0.0858145	-0.0568446	-0.0898569	0.994331
10.2333	0.995653	0.0734653	0.0572605	-0.0779277	0.99374	0.0800451	-0.0510215	-0.0841593	0.995145
10.2667	0.995157	0.0848477	0.0496236	-0.0888386	0.99244	0.0846794	-0.0420636	-0.0886778	0.995172
10.3	0.993263	0.108053	0.0418731	-0.111451	0.989707	0.0897736	-0.0317417	-0.0938355	0.995082
10.3333	0.988664	0.145731	0.0361393	-0.148443	0.98486	0.0895236	-0.0225457	-0.0938733	0.995329
10.3667	0.982836	0.180276	0.0391645	-0.183079	0.979257	0.0868262	-0.0226995	-0.0925061	0.995453
10.4	0.979629	0.195115	0.0475045	-0.198546	0.976531	0.0834669	-0.0301039	-0.0911984	0.995378
10.4333	0.978389	0.197332	0.0617718	-0.202226	0.975485	0.0867928	-0.0431304	-0.097409	0.994309
10.4667	0.976298	0.199168	0.0846968	-0.207066	0.973427	0.0977905	-0.0629695	-0.113011	0.991596
10.5	0.971839	0.209128	0.108601	-0.221427	0.968103	0.117247	-0.0806178	-0.137992	0.987147
10.5333	0.969507	0.217649	0.112629	-0.230902	0.965262	0.122286	-0.0821013	-0.144564	0.986084
10.5667	0.972427	0.205626	0.110015	-0.218441	0.968327	0.12094	-0.0816621	-0.141638	0.986545
10.6	0.978111	0.181652	0.101497	-0.191988	0.975922	0.103527	-0.0802471	-0.120747	0.989435
10.6333	0.984654	0.146475	0.0948729	-0.153176	0.98588	0.067654	-0.0836236	-0.081148	0.993188
10.6667	0.989738	0.108815	0.0926188	-0.111566	0.993441	0.0250546	-0.089285	-0.0351307	0.995386
10.7	0.992846	0.0746457	0.0931873	-0.0736572	0.997185	-0.0140065	-0.0939705	0.0070424	0.99555
10.7333	0.994441	0.0462083	0.0946131	-0.041767	0.997955	-0.0483964	-0.0966559	0.0441757	0.994337
10.7667	0.995453	0.0175598	0.0936254	-0.0102397	0.996893	-0.0780989	-0.0947059	0.076785	0.99254
10.8	0.995649	-0.0107269	0.0925669	0.0201169	0.994672	-0.101112	-0.0909891	0.102534	0.990559
10.8333	0.995236	-0.0270048	0.093685	0.0369459	0.993673	-0.106057	-0.0902282	0.109013	0.989937
10.8667	0.995389	-0.0244183	0.0927589	0.0327615	0.995447	-0.0895151	-0.0901507	0.0921412	0.991657
10.9	0.996207	-0.0128663	0.086063	0.018569	0.997661	-0.0657927	-0.0850151	0.0671412	0.994115
10.9333	0.997124	-0.00426956	0.0756619	0.0079234	0.998813	-0.0480574	-0.0753669	0.0485187	0.995975
10.9667	0.997846	-0.00199863	0.065574	0.00491772	0.999002	-0.0443848	-0.0654198	0.0446117	0.99686
11	0.998278	-0.0155658	0.0565572	0.0184376	0.998548	-0.0506149	-0.0556872	0.0515705	0.997116
11.0333	0.998062	-0.0464799	0.0413778	0.0486733	0.997371	-0.0536837	-0.0387738	0.0555937	0.9977
11.0667	0.99516	-0.0963213	0.0194429	0.0971928	0.993988	-0.0504183	-0.0144697	0.052064	0.998539
11.1	0.992619	-0.121244	0.00277487	0.12122	0.991221	-0.052796	0.00365067	0.0527426	0.998601
11.1333	0.992031	-0.12595	-0.0034297	0.125513	0.990235	-0.0606667	0.0110372	0.0597528	0.998152
11.1667	0.990819	-0.135192	-1.41153e-05	0.134957	0.989105	-0.0588017	0.00796346	0.05826	0.99827
11.2	0.989635	-0.143268	0.00983181	0.143556	0.988755	-0.04189	-0.00371976	0.0428673	0.999074
11.2333	0.988792	-0.148437	0.0160092	0.149017	0.987815	-0.0448972	-0.00914969	0.0467797	0.998863
11.2667	0.988542	-0.149705	0.0193345	0.150698	0.986144	-0.0693505	-0.00868446	0.0714695	0.997405
11.3	0.98919	-0.143955	0.0279272	0.145818	0.985774	-0.0835868	-0.0154971	0.0867556	0.996109
11.3333	0.990822	-0.130094	0.036714	0.132538	0.98836	-0.0746875	-0.0265703	0.078868	0.996531
11.3667	0.99303	-0.108977	0.0448825	0.111401	0.992219	-0.0555914	-0.0384751	0.0602039	0.997444
11.4	0.994876	-0.0824347	0.0585309	0.0846106	0.995774	-0.0357204	-0.0553389	0.0404897	0.997646
11.4333	0.995706	-0.0558877	0.0737914	0.0572535	0.998223	-0.0165224	-0.0727369	0.0206762	0.997137
11.4667	0.995957	-0.0291309	0.0849709	0.0286109	0.999564	0.00733108	-0.0851474	-0.00487035	0.996356
11.5	0.995614	-0.00527071	0.0934125	0.002386	0.999518	0.0309663	-0.0935306	-0.0306076	0.995146
11.5333	0.994981	0.0131359	0.0992028	-0.0186154	0.99834	0.0545131	-0.098322	-0.0560861	0.993573
11.5667	0.994184	0.0235878	0.105076	-0.0308426	0.997211	0.0679623	-0.103179	-0.0708078	0.992139
11.6	0.993839	0.029715	0.106775	-0.0364915	0.997404	0.0620821	-0.104653	-0.065596	0.992343
11.6333	0.993648	0.0362128	0.106546	-0.0412276	0.998125	0.0452461	-0.104708	-0.0493514	0.993278
11.6667	0.993547	0.0436578	0.104684	-0.0470682	0.998431	0.0303311	-0.103196	-0.0350626	0.994043
11.7	0.993683	0.055405	0.0975927	-0.0587633	0.997763	0.031878	-0.0956081	-0.0374115	0.994716
11.7333	0.99286	0.0759341	0.0919949	-0.0792541	0.996309	0.0329854	-0.0891506	-0.0400408	0.995213
11.7667	0.990124	0.110048	0.0868523	-0.113447	0.99292	0.0352017	-0.0823635	-0.0447072	0.995599
