0	0	1	0	0	0	-1	-1	0	0
0.0333333	0.995181	-0.0831604	-0.0519549	0.0578863	0.92592	-0.373257	0.0791463	0.368451	0.926272
0.0666667	0.997492	-0.0588729	-0.0392816	0.0464538	0.963351	-0.264193	0.0533958	0.261705	0.96367
0.1	0.998775	-0.0426283	-0.0251269	0.036921	0.98008	-0.195142	0.0329449	0.193976	0.980453
0.133333	0.999413	-0.0320787	-0.0119974	0.0299554	0.988557	-0.147845	0.0166028	0.147399	0.988938
0.166667	0.999701	-0.024443	-0.00113799	0.0241555	0.993233	-0.113602	0.00390705	0.11354	0.993526
0.2	0.999797	-0.0184953	0.00800335	0.0191252	0.995979	-0.0875211	-0.00635244	0.0876564	0.996131
0.233333	0.999793	-0.0139514	0.0148357	0.014934	0.997551	-0.0683297	-0.0138461	0.068537	0.997552
0.266667	0.999754	-0.0103643	0.0195962	0.0114112	0.998471	-0.0540871	-0.0190056	0.0542974	0.998344
0.3	0.999725	-0.00765336	0.0221695	0.00861363	0.999014	-0.0435484	-0.0218144	0.0437273	0.998805
0.333333	0.999719	-0.00551351	0.0230594	0.00638512	0.999261	-0.0378974	-0.0228334	0.038034	0.999016
0.366667	0.99975	-0.00443043	0.0219067	0.00519328	0.999378	-0.0348889	-0.0217385	0.034994	0.999151
0.4	0.999805	-0.00385463	0.0193628	0.0045116	0.999412	-0.0340013	-0.0192203	0.034082	0.999234
0.433333	0.999868	-0.00350657	0.0158585	0.00405431	0.999392	-0.03464	-0.0157274	0.0346997	0.999274
0.466667	0.999924	-0.00360842	0.0117685	0.00402778	0.999351	-0.035808	-0.0116316	0.0358526	0.999289
0.5	0.999967	-0.00354705	0.00728133	0.00381244	0.999317	-0.0367642	-0.00714595	0.0367907	0.999297
0.533333	0.999988	-0.00424672	0.00251927	0.00434334	0.999203	-0.0396738	-0.00234878	0.0396842	0.99921
0.566667	0.999987	-0.00477096	-0.00158158	0.00470196	0.999144	-0.0410887	0.00177626	0.0410808	0.999154
0.6	0.999974	-0.00525855	-0.00496205	0.00504142	0.999071	-0.0427996	0.0051825	0.0427734	0.999071
0.633333	0.999948	-0.00648487	-0.00785198	0.00611574	0.998916	-0.046155	0.00814278	0.0461046	0.998903
0.666667	0.999924	-0.00786899	-0.00954091	0.00741034	0.998858	-0.0471906	0.00990136	0.0471163	0.99884
0.7	0.999904	-0.00925497	-0.0102866	0.00876745	0.998881	-0.0464695	0.0107051	0.0463749	0.998867
0.733333	0.999892	-0.0106804	-0.0101005	0.0102084	0.998904	-0.0456753	0.0105772	0.0455672	0.998905
0.766667	0.999898	-0.0113122	-0.00872883	0.0109287	0.999024	-0.0427922	0.00920439	0.0426925	0.999046
0.8	0.999915	-0.0113144	-0.00643219	0.0110612	0.999212	-0.0381188	0.00685841	0.0380444	0.999253
0.833333	0.99993	-0.0111136	-0.00400542	0.0109707	0.999359	-0.0340839	0.00438165	0.0340376	0.999411
0.866667	0.999938	-0.0109343	-0.00215582	0.0108599	0.999432	-0.0319138	0.00250355	0.0318884	0.999488
0.9	0.999945	-0.0104097	-0.00106566	0.01037	0.999428	-0.0321886	0.00140012	0.0321758	0.999481
0.933333	0.999951	-0.0099185	0.00011123	0.00991724	0.99948	-0.0306963	0.000193289	0.0306959	0.999529
0.966667	0.999953	-0.00969701	0.000636804	0.00971177	0.999501	-0.0300514	-0.000345078	0.0300562	0.999548
1	0.999951	-0.00986103	-0.000323055	0.00984761	0.999536	-0.0288358	0.000607255	0.0288312	0.999584
1.03333	0.999942	-0.0104776	-0.0024203	0.0103975	0.999464	-0.0310297	0.00274412	0.0310027	0.999516
1.06667	0.999936	-0.010377	-0.0044733	0.0102217	0.999388	-0.0334582	0.00481776	0.0334103	0.99943
1.1	0.999926	-0.00936343	-0.00773214	0.00906449	0.999243	-0.0378317	0.00808053	0.0377588	0.999254
1.13333	0.999931	-0.00512999	-0.0105754	0.00467907	0.999097	-0.0422308	0.0107825	0.0421784	0.999052
1.16667	0.999899	0.00296094	-0.0138999	-0.00362084	0.998855	-0.0476929	0.0137428	0.0477384	0.998765
1.2	0.999749	0.0150385	-0.0166231	-0.0160155	0.998052	-0.0602905	0.0156841	0.0605416	0.998042
1.23333	0.999446	0.0288348	-0.0166147	-0.0300691	0.996375	-0.079579	0.0142598	0.0800345	0.99669
1.26667	0.999044	0.0413414	-0.0141932	-0.0426436	0.993143	-0.108853	0.0095957	0.109354	0.993957
1.3	0.998739	0.0495312	-0.00815039	-0.050194	0.987276	-0.150886	0.000573126	0.151105	0.988518
1.33333	0.998497	0.0544823	0.00587279	-0.0520771	0.976806	-0.207699	-0.0170525	0.207081	0.978175
1.36667	0.997338	0.0671148	0.0285002	-0.0575501	0.964559	-0.257516	-0.0447732	0.255191	0.965854
1.4	0.99453	0.0874717	0.0570931	-0.0677194	0.956082	-0.285169	-0.0795299	0.279743	0.956775
1.43333	0.989227	0.113721	0.0921827	-0.0814228	0.950738	-0.299113	-0.121657	0.288385	0.949755
1.46667	0.980491	0.143801	0.134012	-0.0942773	0.942265	-0.321322	-0.172481	0.302419	0.937439
1.5	0.967543	0.17442	0.18286	-0.102371	0.932105	-0.34742	-0.231042	0.317424	0.919707
1.53333	0.951068	0.20593	0.230352	-0.108227	0.920318	-0.375901	-0.289406	0.332577	0.897573
1.56667	0.930871	0.239784	0.27565	-0.120397	0.913673	-0.38821	-0.344941	0.328186	0.879381
1.6	0.903774	0.277442	0.325913	-0.150342	0.918718	-0.365177	-0.400738	0.281039	0.872024
1.63333	0.870693	0.31233	0.379926	-0.202687	0.931698	-0.301426	-0.448121	0.185443	0.874528
1.66667	0.829198	0.345732	0.439203	-0.271141	0.935913	-0.224831	-0.488787	0.0673436	0.8698
1.7	0.7815	0.374132	0.499282	-0.339647	0.926399	-0.162557	-0.523352	-0.0425416	0.851054
1.73333	0.72957	0.391022	0.561096	-0.39545	0.910565	-0.120375	-0.557984	-0.134064	0.818951
1.76667	0.675287	0.403824	0.617182	-0.441927	0.891486	-0.0997691	-0.590498	-0.205376	0.780469
1.8	0.626912	0.419356	0.656599	-0.486573	0.86895	-0.0904062	-0.608464	-0.262807	0.748802
1.83333	0.600834	0.428275	0.674965	-0.513004	0.854137	-0.0853018	-0.613046	-0.295008	0.732902
1.86667	0.607374	0.430916	0.667389	-0.499405	0.860452	-0.101076	-0.617812	-0.271907	0.737818
1.9	0.64804	0.403965	0.645644	-0.468436	0.879839	-0.0803217	-0.60051	-0.250391	0.759403
1.93333	0.711694	0.342121	0.613551	-0.447438	0.894081	0.0204626	-0.541564	-0.289089	0.78939
1.96667	0.789788	0.280238	0.54562	-0.432021	0.885601	0.170495	-0.435422	-0.370374	0.820506
2	0.872653	0.25962	0.413611	-0.357351	0.916751	0.178515	-0.332832	-0.303586	0.892781
2.03333	0.948166	0.207999	0.240243	-0.22281	0.9742	0.0359144	-0.226574	-0.0875814	0.970048
2.06667	0.986879	0.122484	0.105201	-0.113182	0.989465	-0.0902663	-0.115149	0.077175	0.990346
2.1	0.997365	0.0717855	0.0104666	-0.0684799	0.979248	-0.190743	-0.023942	0.189524	0.981584
2.13333	0.995869	0.0643645	-0.0640446	-0.0787034	0.963638	-0.255357	0.0452799	0.259343	0.964723
2.16667	0.986678	0.0889002	-0.136247	-0.121942	0.95851	-0.257659	0.107688	0.27084	0.956582
2.2	0.965989	0.146605	-0.213008	-0.186914	0.965103	-0.183411	0.178685	0.216987	0.959681
2.23333	0.93903	0.206804	-0.27469	-0.243793	0.963819	-0.107784	0.242462	0.16818	0.955473
2.26667	0.912799	0.253711	-0.320045	-0.287322	0.955842	-0.0617372	0.290249	0.148309	0.945389
2.3	0.891234	0.286149	-0.351883	-0.319835	0.946616	-0.0402835	0.321571	0.148447	0.935177
2.33333	0.875442	0.30406	-0.375698	-0.34037	0.939727	-0.0325819	0.343147	0.1564	0.926169
2.36667	0.869155	0.294554	-0.397251	-0.338653	0.93988	-0.0440425	0.360395	0.17281	0.916653
2.4	0.879332	0.234596	-0.414416	-0.302543	0.947254	-0.105725	0.367755	0.218347	0.903925
2.43333	0.902453	0.133489	-0.409583	-0.233566	0.95052	-0.20484	0.361973	0.280523	0.888978
2.46667	0.928617	0.0264069	-0.370099	-0.150843	0.938184	-0.311541	0.338994	0.345129	0.875196
2.5	0.954382	-0.0701842	-0.290223	-0.0655145	0.899076	-0.432862	0.291313	0.43213	0.853464
2.53333	0.975188	-0.119434	-0.186396	0.00333722	0.849819	-0.527064	0.221352	0.513364	0.829132
2.56667	0.989613	-0.110146	-0.0923836	0.0418442	0.835497	-0.547899	0.137535	0.538342	0.831428
2.6	0.997968	-0.0593467	-0.0231993	0.0408525	0.875319	-0.481816	0.048901	0.47989	0.875965
2.63333	0.999132	0.0113133	0.0400876	0.004323	0.929047	-0.369936	-0.0414284	0.369788	0.928192
2.66667	0.990779	0.0804221	0.109035	-0.0489786	0.96295	-0.265195	-0.126323	0.25741	0.95801
2.7	0.977406	0.128384	0.167916	-0.0852468	0.966361	-0.242649	-0.19342	0.222852	0.955471
2.73333	0.964387	0.166636	0.205402	-0.100604	0.949312	-0.2978	-0.244615	0.26653	0.932269
2.76667	0.941999	0.21893	0.254375	-0.135747	0.941717	-0.3078	-0.306936	0.255417	0.916816
2.8	0.902738	0.282774	0.324196	-0.211131	0.947833	-0.238824	-0.374817	0.147148	0.915347
2.83333	0.85698	0.336919	0.389962	-0.292981	0.941032	-0.169176	-0.423966	0.0307293	0.905157
2.86667	0.821663	0.365899	0.437021	-0.337205	0.930222	-0.144842	-0.459525	-0.0283545	0.887712
2.9	0.799439	0.376143	0.468417	-0.336617	0.926293	-0.169323	-0.497581	-0.0223134	0.86713
2.93333	0.789074	0.371825	0.488988	-0.294292	0.927529	-0.230394	-0.539217	0.0378928	0.841314
2.96667	0.806273	0.342529	0.482284	-0.197703	0.924449	-0.326048	-0.557527	0.167534	0.813078
3	0.848809	0.291166	0.441299	-0.0708393	0.889796	-0.450827	-0.523932	0.351405	0.775893
3.03333	0.898253	0.210362	0.385861	0.0375317	0.838072	-0.544266	-0.437872	0.503371	0.744906
3.06667	0.933875	0.124045	0.335396	0.0951833	0.817848	-0.567507	-0.344699	0.561905	0.751961
3.1	0.958142	0.0478793	0.282262	0.104674	0.85907	-0.50104	-0.266472	0.509613	0.8181
3.13333	0.977011	-0.00187163	0.213182	0.0728461	0.942705	-0.325576	-0.200359	0.333621	0.92117
3.16667	0.9929	0.000838319	0.118947	0.0105119	0.995444	-0.0947629	-0.118485	0.0953404	0.988368
3.2	0.996935	0.0762935	0.0173291	-0.0779456	0.987647	0.135931	-0.00674438	-0.136865	0.990567
3.23333	0.979994	0.175559	-0.0937559	-0.151183	0.963022	0.223007	0.12944	-0.204371	0.970298
3.26667	0.948042	0.234625	-0.214869	-0.205617	0.967232	0.14894	0.242773	-0.0970205	0.965219
3.3	0.913735	0.263325	-0.309433	-0.259968	0.964171	0.0528333	0.312258	0.0321671	0.949452
3.33333	0.876417	0.297259	-0.378854	-0.318982	0.947744	0.00571243	0.360754	0.115841	0.925439
3.36667	0.837407	0.328132	-0.437127	-0.37506	0.926719	-0.0228572	0.397593	0.183089	0.899109
3.4	0.804291	0.34057	-0.486958	-0.416886	0.907355	-0.0539663	0.423465	0.246411	0.871756
3.43333	0.787332	0.325656	-0.523505	-0.437512	0.893379	-0.102259	0.434387	0.309551	0.845864
3.46667	0.795064	0.274681	-0.540761	-0.427873	0.885919	-0.179084	0.42988	0.37376	0.821892
3.5	0.825414	0.192412	-0.530725	-0.386886	0.877434	-0.283598	0.411109	0.439416	0.798688
3.53333	0.871161	0.0804572	-0.484361	-0.311587	0.852986	-0.418724	0.379463	0.515696	0.768157
3.56667	0.919263	-0.0513728	-0.390278	-0.203389	0.786868	-0.582641	0.337029	0.614979	0.71289
3.6	0.953176	-0.165847	-0.252882	-0.0803145	0.667356	-0.740396	0.291555	0.726038	0.622788
3.63333	0.964941	-0.241078	-0.103781	0.0407482	0.52821	-0.848136	0.259285	0.814172	0.519515
3.66667	0.968787	-0.247817	-0.00624073	0.121551	0.496817	-0.859301	0.21605	0.831721	0.511432
3.7	0.98116	-0.190822	0.0301836	0.142018	0.606479	-0.782313	0.130977	0.771862	0.622153
3.73333	0.994143	-0.0784536	0.0743342	0.107624	0.781543	-0.614498	-0.00988583	0.618899	0.785409
3.76667	0.987279	0.0433213	0.152984	0.030341	0.893154	-0.448725	-0.156077	0.447659	0.880478
3.8	0.966046	0.131313	0.222515	-0.0281428	0.909574	-0.414588	-0.256835	0.394249	0.882385
3.83333	0.94076	0.204619	0.270372	-0.0511596	0.873916	-0.483377	-0.335191	0.440909	0.832614
3.86667	0.914556	0.276341	0.295337	-0.0573261	0.811391	-0.581685	-0.400377	0.515053	0.757904
3.9	0.889941	0.350686	0.291591	-0.073189	0.740872	-0.667647	-0.450166	0.572825	0.684998
3.93333	0.861787	0.410297	0.298294	-0.102478	0.716729	-0.689781	-0.496811	0.563876	0.659714
3.96667	0.833732	0.454815	0.313104	-0.147505	0.729889	-0.667461	-0.532103	0.510299	0.675619
4	0.777425	0.521378	0.351817	-0.214557	0.74563	-0.630873	-0.591249	0.414972	0.691537
4.03333	0.713795	0.556863	0.424735	-0.296985	0.7899	-0.536523	-0.634268	0.256828	0.729207
4.06667	0.70311	0.549832	0.450912	-0.329789	0.813944	-0.478261	-0.62998	0.187564	0.753621
4.1	0.735737	0.530322	0.421247	-0.330597	0.824062	-0.46003	-0.591097	0.199198	0.781616
4.13333	0.775592	0.503563	0.380634	-0.334714	0.839325	-0.428368	-0.535186	0.204835	0.819524
4.16667	0.809274	0.467583	0.355586	-0.371947	0.876396	-0.305919	-0.454676	0.115313	0.883161
4.2	0.843339	0.439539	0.309168	-0.40026	0.897662	-0.184376	-0.358569	0.031744	0.932963
4.23333	0.874683	0.420043	0.241855	-0.393984	0.906793	-0.15001	-0.282323	0.0359241	0.958647
4.26667	0.895553	0.410218	0.172354	-0.377339	0.905445	-0.194382	-0.235796	0.109044	0.965666
4.3	0.897291	0.420986	0.132814	-0.384012	0.892786	-0.235515	-0.217723	0.160324	0.962753
4.33333	0.8891	0.444294	0.110021	-0.407612	0.877911	-0.251248	-0.208217	0.178539	0.961649
4.36667	0.873977	0.473678	0.1086	-0.433926	0.861262	-0.264454	-0.218799	0.184002	0.958264
4.4	0.851818	0.505509	0.137356	-0.46375	0.84966	-0.251027	-0.243602	0.15013	0.958185
4.43333	0.827418	0.530892	0.18312	-0.492558	0.842676	-0.217448	-0.269752	0.089723	0.958741
4.46667	0.8094	0.536377	0.239106	-0.506238	0.843645	-0.178847	-0.297651	0.0237144	0.95438
4.5	0.797936	0.526415	0.293574	-0.502495	0.849963	-0.158308	-0.332863	-0.0211998	0.942737
4.53333	0.789623	0.503296	0.350982	-0.486568	0.862098	-0.14156	-0.373828	-0.0589976	0.92562
4.56667	0.8	0.46635	0.377514	-0.459472	0.880796	-0.114384	-0.385856	-0.0819503	0.918912
4.6	0.829034	0.435531	0.350736	-0.40481	0.900133	-0.160903	-0.385788	-0.00858748	0.922548
4.63333	0.878395	0.395213	0.268753	-0.316241	0.902241	-0.293179	-0.358348	0.172536	0.917506
4.66667	0.937644	0.311261	0.154726	-0.210634	0.862887	-0.459412	-0.276508	0.398175	0.874643
4.7	0.980809	0.191471	0.0367727	-0.126267	0.767502	-0.628488	-0.14856	0.611783	0.77695
4.73333	0.996451	0.0656941	-0.0526307	-0.0824883	0.637466	-0.76605	-0.0167747	0.767672	0.640623
4.76667	0.995595	-0.0413352	-0.08416	-0.0501006	0.524182	-0.850131	0.0792555	0.850602	0.519802
4.8	0.992662	-0.0963033	-0.0731313	-0.0181867	0.478996	-0.877629	0.119548	0.872519	0.473729
4.83333	0.992481	-0.111127	-0.0513017	0.012928	0.511973	-0.858904	0.121713	0.851783	0.50956
4.86667	0.993801	-0.105826	-0.0340764	0.0372392	0.605656	-0.794855	0.104755	0.788658	0.605842
4.9	0.996195	-0.083409	-0.0252697	0.0419758	0.713292	-0.699609	0.0763783	0.695886	0.714079
4.93333	0.998091	-0.0580918	-0.0209462	0.0326795	0.784681	-0.619038	0.0523971	0.617172	0.785082
4.96667	0.999668	-0.0237037	-0.010148	0.0136851	0.821314	-0.570313	0.0218532	0.569984	0.821365
5	0.999747	0.0163695	0.0154553	-0.00526511	0.837483	-0.546438	-0.0218885	0.546218	0.837357
5.03333	0.997683	0.042551	0.0530829	-0.00878362	0.854296	-0.519713	-0.0674628	0.518042	0.85269
5.06667	0.994709	0.0415985	0.0939388	0.006177	0.88849	-0.458853	-0.102551	0.457006	0.883532
5.1	0.993632	0.019047	0.111054	0.0269548	0.916809	-0.398416	-0.109404	0.398872	0.910457
5.13333	0.994205	-0.00375502	0.107436	0.0454869	0.920211	-0.388771	-0.0974037	0.391405	0.915049
5.16667	0.994444	-0.0127418	0.104488	0.052056	0.922296	-0.382963	-0.0914894	0.386274	0.917835
5.2	0.994402	-0.00521783	0.105537	0.0414294	0.938061	-0.343983	-0.097205	0.34643	0.933026
5.23333	0.994994	0.0169212	0.0984939	0.0110114	0.960998	-0.276337	-0.0993284	0.276039	0.956
