0	0	1	0	0	0	-1	-1	0	0
0.0333333	0.994326	-0.105628	0.0126102	0.104542	0.948354	-0.299493	0.0196759	0.299112	0.954015
0.0666667	0.997422	-0.0717097	0.00255332	0.0711548	0.983857	-0.164199	0.0092626	0.163958	0.986424
0.1	0.998012	-0.0630222	0.000213082	0.0628213	0.99455	-0.0832143	0.00503243	0.0830623	0.996532
0.133333	0.998386	-0.0567889	-0.00102407	0.0567235	0.997836	-0.0332564	0.00291044	0.0331446	0.999446
0.166667	0.998628	-0.0523261	-0.00217345	0.0523248	0.99863	-0.00066298	0.00220517	0.000548345	0.999997
0.2	0.998768	-0.0494702	-0.00391514	0.0495486	0.998498	0.0233973	0.00275179	-0.0235624	0.999719
0.233333	0.998874	-0.047095	-0.00571974	0.0472997	0.997934	0.0434864	0.00365993	-0.043708	0.999038
0.266667	0.998856	-0.0472447	-0.00740459	0.0475943	0.997196	0.0577486	0.00465551	-0.0580349	0.998304
0.3	0.998828	-0.0476256	-0.00866835	0.0481072	0.996508	0.0682449	0.00538788	-0.0685819	0.997631
0.333333	0.998844	-0.0472435	-0.00882819	0.047791	0.995782	0.0783253	0.00509058	-0.0786567	0.996889
0.366667	0.998964	-0.0448457	-0.00778674	0.0453561	0.995123	0.0876002	0.00382027	-0.0878626	0.996125
0.4	0.999077	-0.0426334	-0.00526289	0.0429358	0.994911	0.0911479	0.00135016	-0.0912898	0.995823
0.433333	0.999123	-0.0418129	-0.00201699	0.0418263	0.995143	0.0891106	-0.00171878	-0.0891168	0.99602
0.466667	0.999188	-0.0402875	0.000710442	0.0400794	0.995534	0.0854737	-0.00415079	-0.0853758	0.99634
0.5	0.99927	-0.0380641	0.00336719	0.0376562	0.995869	0.0826201	-0.00649814	-0.0824329	0.996575
0.533333	0.999288	-0.0374133	0.00493736	0.0369277	0.996396	0.0763616	-0.0077765	-0.0761249	0.997068
0.566667	0.999328	-0.0360519	0.00662978	0.0354929	0.996857	0.0708275	-0.00916241	-0.0705446	0.997467
0.6	0.999397	-0.0336264	0.00862289	0.0330051	0.997391	0.0641971	-0.0107591	-0.0638738	0.9979
0.633333	0.999422	-0.0322491	0.0107965	0.0315967	0.997934	0.0559428	-0.0125783	-0.0555694	0.998376
0.666667	0.999442	-0.0314049	0.0113536	0.0307911	0.998239	0.0507064	-0.012926	-0.0503286	0.998649
0.7	0.999382	-0.0332458	0.0114169	0.0327237	0.99853	0.0432191	-0.012837	-0.0428188	0.999
0.733333	0.999297	-0.0356088	0.0117425	0.0352004	0.998825	0.0333229	-0.0129153	-0.0328862	0.999376
0.766667	0.999261	-0.0364541	0.0122105	0.0361757	0.999097	0.0222904	-0.013012	-0.0218322	0.999677
0.8	0.999268	-0.0363715	0.0118606	0.0361881	0.999227	0.0153245	-0.0124089	-0.014884	0.999812
0.833333	0.999339	-0.0342072	0.0123243	0.0340169	0.999304	0.0153345	-0.0128403	-0.0149052	0.999806
0.866667	0.99942	-0.0312495	0.0135584	0.0310246	0.999383	0.0164951	-0.0140655	-0.0160649	0.999772
0.9	0.99947	-0.0289334	0.0149454	0.0286993	0.999466	0.0156537	-0.0153903	-0.0152165	0.999766
0.933333	0.999525	-0.0258526	0.0167495	0.0255841	0.999544	0.0160564	-0.0171569	-0.0156202	0.999731
0.966667	0.999547	-0.0234046	0.0189277	0.0230882	0.999593	0.0167608	-0.0193123	-0.0163162	0.99968
1	0.999554	-0.0216482	0.0205633	0.0212931	0.999623	0.0173336	-0.0209308	-0.0168881	0.999638
1.03333	0.999511	-0.0215489	0.0226748	0.0211951	0.999652	0.0157294	-0.0230059	-0.0152411	0.999619
1.06667	0.999469	-0.0213485	0.0245997	0.0210519	0.999703	0.0122558	-0.0248541	-0.0117314	0.999622
1.1	0.999458	-0.0205664	0.0257057	0.0203739	0.999763	0.00772983	-0.0258586	-0.00720191	0.99964
1.13333	0.999471	-0.0200062	0.0256555	0.0198672	0.999787	0.00566084	-0.0257632	-0.00514814	0.999655
1.16667	0.99945	-0.0203305	0.0261891	0.0201732	0.999777	0.00625638	-0.0263105	-0.00572462	0.999637
1.2	0.999441	-0.0214487	0.0256509	0.0212734	0.999749	0.00708932	-0.0257965	-0.00653967	0.999646
1.23333	0.999417	-0.0236837	0.0245994	0.0235165	0.999698	0.00706391	-0.0247593	-0.0064813	0.999672
1.26667	0.999363	-0.0260618	0.0243743	0.0259038	0.999641	0.00677656	-0.0245422	-0.00614086	0.99968
1.3	0.999339	-0.0278774	0.0233521	0.0277195	0.999591	0.00705953	-0.0235394	-0.00640755	0.999702
1.33333	0.999304	-0.0295661	0.0227513	0.0293802	0.999532	0.00846252	-0.0229909	-0.0077882	0.999705
1.36667	0.999253	-0.0318577	0.0218625	0.0316565	0.999454	0.00948742	-0.0221528	-0.00878824	0.999716
1.4	0.999154	-0.0347633	0.02199	0.034575	0.999363	0.00888456	-0.0222848	-0.00811673	0.999719
1.43333	0.998969	-0.0390965	0.0230778	0.0389824	0.999225	0.00537142	-0.0232699	-0.00446625	0.999719
1.46667	0.998762	-0.0431705	0.0247051	0.0431645	0.999068	0.000774592	-0.0247155	0.000292751	0.999694
1.5	0.99858	-0.0464023	0.026183	0.0464851	0.998916	-0.00255975	-0.0260359	0.00377323	0.999654
1.53333	0.99843	-0.0485936	0.0278704	0.0487901	0.998788	-0.00641614	-0.0275248	0.00776586	0.999591
1.56667	0.998297	-0.050282	0.0295868	0.0506131	0.998663	-0.0105499	-0.0290168	0.0120294	0.999507
1.6	0.998096	-0.0527229	0.0320189	0.0532939	0.99843	-0.0172481	-0.0310593	0.0189217	0.999338
1.63333	0.997865	-0.0551584	0.0349844	0.0561585	0.998021	-0.028279	-0.0333554	0.0301833	0.998988
1.66667	0.99765	-0.0572341	0.0376669	0.0587608	0.99744	-0.0407557	-0.0352379	0.0428733	0.998459
1.7	0.997582	-0.0572786	0.0393641	0.0592082	0.997006	-0.0497375	-0.0363973	0.0519479	0.997986
1.73333	0.997533	-0.0563644	0.0418341	0.058509	0.996934	-0.0519456	-0.038778	0.0542651	0.997773
1.76667	0.99746	-0.0559302	0.0440969	0.0582843	0.996836	-0.0540397	-0.0409349	0.0564727	0.997565
1.8	0.997196	-0.056716	0.0488242	0.0594535	0.996627	-0.0565722	-0.045451	0.0593164	0.997204
1.83333	0.996646	-0.0588687	0.0568388	0.0621743	0.996364	-0.0582562	-0.0532027	0.0615947	0.996682
1.86667	0.995854	-0.0618983	0.0666637	0.0657608	0.996184	-0.0573929	-0.0628567	0.0615388	0.996123
1.9	0.994871	-0.064152	0.0782106	0.0683212	0.996315	-0.0518488	-0.0745962	0.0569263	0.995588
1.93333	0.993737	-0.0627852	0.0924408	0.0674386	0.996563	-0.0481042	-0.0891028	0.054037	0.994556
1.96667	0.992904	-0.0515456	0.10717	0.057634	0.996848	-0.0545106	-0.104022	0.0603004	0.992745
2	0.993307	-0.0225203	0.113288	0.0310712	0.996753	-0.0742889	-0.111247	0.0773117	0.990781
2.03333	0.995042	0.02648	0.0958627	-0.0173066	0.995299	-0.0952893	-0.0979353	0.0931578	0.990823
2.06667	0.997944	0.0448964	0.0457469	-0.0386442	0.990837	-0.129414	-0.0511379	0.12738	0.990535
2.1	0.998897	0.0381327	-0.0273955	-0.0416777	0.988799	-0.143316	0.0216236	0.1443	0.989298
2.13333	0.992168	0.0192038	-0.123426	-0.0329066	0.993391	-0.109961	0.120499	0.113161	0.986243
2.16667	0.9737	-0.0224172	-0.226727	0.02949	0.999177	0.027856	0.225916	-0.0338096	0.97356
2.2	0.959676	-0.0182258	-0.280518	0.11259	0.939281	0.324153	0.257577	-0.342665	0.903457
2.23333	0.954328	0.0161554	-0.298324	0.136252	0.865114	0.482714	0.265883	-0.501315	0.823401
2.26667	0.950031	0.0347626	-0.310214	0.150126	0.820421	0.551698	0.273685	-0.570702	0.774207
2.3	0.951075	0.0520135	-0.304552	0.147715	0.789218	0.596083	0.271362	-0.611906	0.742922
2.33333	0.958212	0.0643025	-0.278739	0.127776	0.775588	0.618172	0.255937	-0.627956	0.734961
2.36667	0.966866	0.0744647	-0.244184	0.0946473	0.783783	0.61378	0.237092	-0.616554	0.750765
2.4	0.979591	0.0779356	-0.185275	0.0424486	0.820764	0.569689	0.196466	-0.565927	0.800705
2.43333	0.992688	0.0873031	-0.0833566	-0.0325421	0.858565	0.511671	0.116238	-0.505218	0.855128
2.46667	0.995849	0.0859875	0.0298421	-0.0899362	0.879197	0.467893	0.0139958	-0.468635	0.883281
2.5	0.991063	0.061006	0.118626	-0.101881	0.920212	0.377929	-0.0861047	-0.386637	0.918203
2.53333	0.984819	0.0225323	0.172113	-0.067388	0.963399	0.259465	-0.159968	-0.267125	0.950292
2.56667	0.979952	-0.0104045	0.19896	-0.0168842	0.990706	0.134969	-0.198516	-0.135623	0.970669
2.6	0.976189	-0.032053	0.214541	0.0258547	0.999165	0.0316358	-0.215376	-0.0253356	0.976202
2.63333	0.973616	-0.0451333	0.223684	0.0481006	0.998812	-0.00783195	-0.223065	0.0183847	0.97463
2.66667	0.97135	-0.0663599	0.228202	0.0656132	0.997786	0.0108659	-0.228417	0.00441845	0.973553
2.7	0.971137	-0.0944392	0.219031	0.0782778	0.993607	0.0813452	-0.225313	-0.0618521	0.972321
2.73333	0.967086	-0.129507	0.219027	0.0934053	0.981377	0.167852	-0.236686	-0.141869	0.961173
2.76667	0.956461	-0.164702	0.240945	0.109342	0.967643	0.227402	-0.270602	-0.191156	0.943522
2.8	0.956095	-0.138448	0.25829	0.0796261	0.970939	0.225692	-0.282031	-0.195217	0.939334
2.83333	0.961197	-0.0856089	0.262245	0.0416466	0.984765	0.168827	-0.272703	-0.151355	0.950118
2.86667	0.968689	-0.0265406	0.246855	-0.00239113	0.993226	0.11617	-0.248266	-0.113123	0.962064
2.9	0.97722	0.024449	0.210816	-0.0432438	0.995441	0.0850088	-0.207776	-0.0921888	0.973822
2.93333	0.985883	0.0687438	0.152676	-0.0836372	0.992113	0.0933666	-0.145053	-0.104818	0.983856
2.96667	0.991087	0.105195	0.081735	-0.115547	0.984162	0.134439	-0.0662982	-0.142685	0.987545
3	0.993466	0.113912	0.00705531	-0.113611	0.981173	0.156177	0.0108679	-0.155958	0.987704
3.03333	0.995619	0.0692124	-0.0628763	-0.0620017	0.991977	0.11017	0.0699969	-0.105789	0.991922
3.06667	0.988627	-0.0668791	-0.134698	0.0663749	0.997761	-0.00823549	0.134947	-0.000798702	0.990853
3.1	0.941535	-0.238614	-0.237857	0.26306	0.961742	0.0764958	0.210504	-0.134594	0.968283
3.13333	0.918491	-0.268361	-0.290443	0.365761	0.855716	0.366019	0.150312	-0.442418	0.884123
3.16667	0.957168	-0.213885	-0.195148	0.288564	0.759804	0.582605	0.023664	-0.613964	0.78898
3.2	0.987046	-0.135868	-0.0853187	0.156248	0.693396	0.703412	-0.0364113	-0.707632	0.705643
3.23333	0.997233	-0.0690183	-0.0276129	0.0684688	0.708138	0.702747	-0.0289486	-0.702693	0.710904
3.26667	0.999126	-0.00744667	-0.0411313	0.02675	0.870031	0.492272	0.0321197	-0.492942	0.869469
3.3	0.999422	0.00235284	-0.0339262	0.0129331	0.896352	0.443155	0.0314525	-0.443337	0.895803
3.33333	0.998668	-0.0202465	-0.0474643	0.0428079	0.838674	0.542949	0.0288142	-0.544258	0.838423
3.36667	0.998076	-0.0482028	-0.0389892	0.0617174	0.832195	0.551037	0.00588507	-0.552383	0.833569
3.4	0.99811	-0.0585226	-0.018765	0.0593197	0.837554	0.543125	-0.0160684	-0.543211	0.839442
3.43333	0.992097	-0.122493	-0.027201	0.117887	0.835675	0.536423	-0.0429769	-0.53539	0.843511
3.46667	0.983589	-0.161598	-0.0802439	0.175437	0.752758	0.63449	-0.0421283	-0.638155	0.768755
3.5	0.986834	-0.122674	-0.1054	0.160863	0.67693	0.718254	-0.0167625	-0.725753	0.687751
3.53333	0.993729	-0.0637786	-0.0918387	0.110537	0.684056	0.721006	0.016838	-0.726636	0.686816
3.56667	0.998908	0.00412369	-0.0465415	0.0289751	0.726762	0.686278	0.0366545	-0.686877	0.725848
3.6	0.998168	0.0602904	0.00497802	-0.0523659	0.819899	0.570108	0.0302906	-0.569325	0.821554
3.63333	0.99457	0.0539173	0.0890168	-0.0931106	0.843089	0.529652	-0.0464917	-0.535065	0.843531
3.66667	0.989654	0.0105453	0.143086	-0.0966725	0.785928	0.610714	-0.106015	-0.618228	0.778817
3.7	0.989095	-0.0451167	0.140202	-0.049287	0.79565	0.603749	-0.138791	-0.604075	0.784749
3.73333	0.989187	-0.0519546	0.137149	-0.0464939	0.775823	0.629235	-0.139095	-0.628808	0.765019
3.76667	0.992026	-0.0522005	0.114712	-0.0351424	0.759519	0.649535	-0.121032	-0.648387	0.751629
3.8	0.994233	-0.0464027	0.0966834	-0.0305323	0.741754	0.669977	-0.102804	-0.669065	0.736059
3.83333	0.993724	-0.0444436	0.102647	-0.0412844	0.707155	0.705853	-0.103958	-0.705661	0.700882
3.86667	0.991158	-0.0611115	0.117774	-0.0420038	0.697455	0.715396	-0.125861	-0.714018	0.688722
3.9	0.989018	-0.0607701	0.134722	-0.0550748	0.694356	0.717521	-0.137149	-0.717061	0.683384
3.93333	0.986818	-0.0943172	0.13151	-0.0311849	0.686565	0.7264	-0.158802	-0.720925	0.674573
3.96667	0.990853	-0.110054	0.0780894	0.016725	0.674373	0.738201	-0.133904	-0.730143	0.670046
4	0.995262	-0.0912718	0.0335161	0.0274092	0.594093	0.803929	-0.0932877	-0.799202	0.59378
4.03333	0.996412	-0.084104	-0.00948722	0.0544509	0.551179	0.832608	-0.0647966	-0.830137	0.553781
4.06667	0.997246	-0.0524214	-0.0524637	0.0728364	0.558954	0.825993	-0.0139749	-0.82754	0.561233
4.1	0.994828	-0.0239192	-0.0987129	0.0916222	0.630797	0.77052	0.0438376	-0.775579	0.629726
4.13333	0.988193	-0.0209015	-0.151782	0.115323	0.75369	0.647034	0.100872	-0.656898	0.747201
4.16667	0.980272	0.0288864	-0.195529	0.101227	0.776301	0.622182	0.169762	-0.6297	0.758062
4.2	0.973063	0.131471	-0.189377	0.0633406	0.637378	0.767943	0.221667	-0.759253	0.611882
4.23333	0.971965	0.196513	-0.129101	0.0144956	0.497945	0.867088	0.234679	-0.84465	0.481136
4.26667	0.97638	0.196733	-0.0893245	-0.0186613	0.488662	0.872274	0.215254	-0.850003	0.480791
4.3	0.980378	0.162805	-0.111147	-0.00321533	0.576966	0.816762	0.197102	-0.800378	0.566169
4.33333	0.980156	0.176548	-0.0901377	-0.0376095	0.612085	0.789897	0.194627	-0.770832	0.606579
4.36667	0.984382	0.169487	-0.0476025	-0.0725854	0.637097	0.767358	0.160385	-0.751918	0.639449
4.4	0.992859	0.118455	-0.0140855	-0.0694316	0.669858	0.739235	0.0970017	-0.732979	0.6733
4.43333	0.996068	0.0883252	-0.00684063	-0.0561234	0.68889	0.72269	0.0685442	-0.719465	0.691138
4.46667	0.995182	0.095604	-0.0217383	-0.0523981	0.706021	0.70625	0.082868	-0.701708	0.707629
4.5	0.994478	0.100912	-0.0288042	-0.0537717	0.725699	0.685907	0.0901194	-0.680571	0.727118
4.53333	0.995914	0.0871062	-0.0238175	-0.0490426	0.74318	0.667292	0.075826	-0.663398	0.744415
4.56667	0.998323	0.0550599	-0.0178691	-0.0300209	0.75639	0.653431	0.0494939	-0.651799	0.756775
4.6	0.999055	0.0379541	-0.02119	-0.0161149	0.776128	0.630369	0.0403713	-0.629432	0.776006
4.63333	0.999266	0.0316843	-0.0215135	-0.0127865	0.805521	0.592429	0.0361003	-0.59172	0.805335
4.66667	0.999879	0.0150579	-0.00390846	-0.0102966	0.828897	0.559306	0.0116617	-0.559198	0.828952
4.7	0.999876	-0.00968948	0.012417	0.00172773	0.85109	0.525016	-0.0156551	-0.52493	0.851002
4.73333	0.99969	-0.00734368	0.0237975	-0.00554038	0.866016	0.499986	-0.0242807	-0.499963	0.865706
4.76667	0.998941	-0.0123666	0.0443199	-0.0100245	0.881578	0.471932	-0.0449076	-0.471876	0.88052
4.8	0.998079	-0.0226873	0.0576498	-0.00411802	0.904184	0.427123	-0.0618163	-0.42654	0.902354
4.83333	0.997798	-0.0181296	0.0638007	-0.00991558	0.910335	0.413753	-0.0655812	-0.413474	0.908151
4.86667	0.997249	-0.0138222	0.0728277	-0.0167179	0.915213	0.402624	-0.072218	-0.402734	0.912464
