0	0.0520866	0.998621	0.00659298	0.0299328	0.00503779	-0.999539	-0.998194	0.05226	-0.0296291
0.0333333	0.978529	0.191766	-0.0755458	-0.0297601	-0.231234	-0.972443	-0.20395	0.953812	-0.220562
0.0666667	0.996314	0.0375278	-0.0771321	-0.03367	-0.655944	-0.754058	-0.0788925	0.753876	-0.652263
0.1	0.996791	-0.00586333	-0.0798318	-0.052268	-0.803027	-0.593647	-0.0606263	0.595914	-0.800756
0.133333	0.996381	-0.0152636	-0.0836178	-0.057722	-0.84363	-0.533813	-0.0623946	0.536708	-0.841458
0.166667	0.996188	-0.0130719	-0.0862492	-0.0561239	-0.852951	-0.518964	-0.0667825	0.521827	-0.850433
0.2	0.996291	-0.0131327	-0.0850348	-0.054404	-0.861803	-0.504317	-0.0666602	0.507073	-0.859322
0.233333	0.996212	-0.0170234	-0.085271	-0.0569453	-0.868824	-0.491835	-0.0657128	0.494828	-0.866503
0.266667	0.996099	-0.0203794	-0.0858564	-0.0593049	-0.875077	-0.480337	-0.065342	0.483555	-0.872872
0.3	0.996116	-0.0192626	-0.0859145	-0.0575785	-0.880724	-0.470117	-0.0666112	0.473238	-0.878413
0.333333	0.995917	-0.0232331	-0.0872375	-0.0611057	-0.884797	-0.461953	-0.0664549	0.465397	-0.882604
0.366667	0.995891	-0.0267431	-0.0865255	-0.063195	-0.889565	-0.452417	-0.064871	0.456025	-0.887599
0.4	0.995888	-0.0289831	-0.0858281	-0.0639285	-0.896126	-0.439171	-0.0641843	0.442852	-0.894294
0.433333	0.995784	-0.0303781	-0.0865506	-0.0646234	-0.901975	-0.426926	-0.0650973	0.430719	-0.900135
0.466667	0.995849	-0.0302698	-0.0858411	-0.063361	-0.907608	-0.415009	-0.0653479	0.418725	-0.905759
0.5	0.996035	-0.0307331	-0.0834855	-0.062092	-0.91221	-0.40499	-0.0637097	0.408568	-0.910502
0.533333	0.996322	-0.0309747	-0.079898	-0.0600802	-0.917331	-0.393565	-0.0611024	0.396918	-0.915818
0.566667	0.996752	-0.0293568	-0.0749965	-0.056085	-0.921308	-0.384767	-0.0577994	0.387723	-0.919962
0.6	0.997131	-0.0306252	-0.0692265	-0.0547936	-0.922983	-0.380921	-0.052229	0.383621	-0.922012
0.633333	0.997462	-0.0339614	-0.0625797	-0.055384	-0.922429	-0.382175	-0.0447461	0.384671	-0.921969
0.666667	0.997564	-0.0376049	-0.0587528	-0.0572112	-0.922946	-0.380654	-0.0399112	0.383088	-0.922849
0.7	0.99769	-0.0379728	-0.0563191	-0.0565719	-0.923442	-0.379545	-0.0375951	0.381854	-0.923458
0.733333	0.997775	-0.0395573	-0.0536644	-0.0570203	-0.923441	-0.379482	-0.0345447	0.381697	-0.923642
0.766667	0.997798	-0.0426485	-0.0507945	-0.0589086	-0.921764	-0.383252	-0.0304754	0.3854	-0.922246
0.8	0.997803	-0.0456584	-0.0479968	-0.0607035	-0.920282	-0.386517	-0.0265229	0.388581	-0.921033
0.833333	0.997863	-0.0451664	-0.0472192	-0.0599641	-0.92008	-0.387114	-0.0259609	0.389119	-0.920822
0.866667	0.99797	-0.0427134	-0.0472344	-0.0577581	-0.919498	-0.388827	-0.0268238	0.390766	-0.920099
0.9	0.998153	-0.0388461	-0.0467109	-0.0540965	-0.918222	-0.392355	-0.0276495	0.394157	-0.918627
0.933333	0.998222	-0.0376379	-0.046209	-0.0528914	-0.916798	-0.395833	-0.027466	0.397573	-0.917159
0.966667	0.998146	-0.0396531	-0.0461741	-0.0547648	-0.916144	-0.397092	-0.0265562	0.398884	-0.916617
1	0.997977	-0.0425701	-0.0472137	-0.0578831	-0.915564	-0.397986	-0.0262848	0.399914	-0.916176
1.03333	0.997808	-0.0437379	-0.0496534	-0.0599587	-0.915047	-0.398866	-0.0279897	0.400969	-0.915664
1.06667	0.997623	-0.045533	-0.0517145	-0.0625288	-0.91355	-0.40189	-0.0289445	0.404169	-0.914226
1.1	0.997465	-0.0461858	-0.0541378	-0.0641632	-0.912715	-0.403527	-0.0307751	0.405977	-0.913365
1.13333	0.997332	-0.0469237	-0.0559281	-0.0656388	-0.911701	-0.405578	-0.0319584	0.408167	-0.912348
1.16667	0.997279	-0.0462783	-0.0573909	-0.0657096	-0.910937	-0.40728	-0.0334313	0.409943	-0.911498
1.2	0.99711	-0.0483845	-0.0585649	-0.0681538	-0.910295	-0.408312	-0.0335553	0.411124	-0.910962
1.23333	0.997058	-0.0486279	-0.0592534	-0.0686847	-0.909955	-0.408979	-0.0340301	0.411846	-0.910618
1.26667	0.997008	-0.0471249	-0.061266	-0.0681275	-0.91018	-0.408572	-0.0365092	0.411523	-0.910668
1.3	0.997018	-0.0461741	-0.061834	-0.0675201	-0.909938	-0.409211	-0.0373701	0.412166	-0.910342
1.33333	0.99698	-0.0466797	-0.0620648	-0.06808	-0.909862	-0.409287	-0.037365	0.412276	-0.910292
1.36667	0.996966	-0.0477686	-0.0614564	-0.0688581	-0.909399	-0.410185	-0.0362945	0.413172	-0.909929
1.4	0.996983	-0.0473278	-0.0615178	-0.0684277	-0.910033	-0.408849	-0.0366333	0.411825	-0.910526
1.43333	0.996976	-0.0471902	-0.0617408	-0.0683343	-0.910703	-0.407371	-0.0370035	0.410358	-0.911173
1.46667	0.996973	-0.0473952	-0.0616316	-0.0684191	-0.911331	-0.40595	-0.0369267	0.408938	-0.911815
1.5	0.996991	-0.047611	-0.0611703	-0.0683058	-0.912685	-0.402916	-0.036646	0.405882	-0.913191
1.53333	0.996987	-0.0485357	-0.0605138	-0.0687398	-0.914281	-0.399205	-0.0359509	0.402162	-0.914862
1.56667	0.997	-0.0492148	-0.0597325	-0.0688792	-0.916177	-0.394811	-0.0352949	0.397741	-0.916818
1.6	0.996947	-0.0509884	-0.0591365	-0.0700534	-0.918582	-0.388971	-0.0344887	0.391927	-0.91935
1.63333	0.996935	-0.0525961	-0.0579082	-0.070813	-0.921323	-0.382295	-0.0332448	0.385225	-0.922224
1.66667	0.996795	-0.0561963	-0.0569365	-0.0735338	-0.923916	-0.375462	-0.0315051	0.378445	-0.925088
1.7	0.996602	-0.0604311	-0.0559708	-0.076866	-0.926525	-0.368297	-0.0296018	0.371348	-0.928022
1.73333	0.996458	-0.0619695	-0.0568442	-0.0784711	-0.928223	-0.363655	-0.0302286	0.366828	-0.929798
1.76667	0.996301	-0.0622649	-0.0592173	-0.0795172	-0.929268	-0.360745	-0.032567	0.36412	-0.930783
1.8	0.99603	-0.0639679	-0.0619084	-0.0820829	-0.9291	-0.360605	-0.0344519	0.364255	-0.930662
1.83333	0.996194	-0.0603303	-0.0629042	-0.0792328	-0.927559	-0.365179	-0.036316	0.368773	-0.92881
1.86667	0.996364	-0.0565303	-0.0637418	-0.0764378	-0.923567	-0.375741	-0.0376291	0.379247	-0.92453
1.9	0.996586	-0.0549665	-0.0615975	-0.0746305	-0.918832	-0.387528	-0.0352967	0.390802	-0.919798
1.93333	0.99664	-0.0579656	-0.05787	-0.0765367	-0.910701	-0.405913	-0.0291734	0.408978	-0.912078
1.96667	0.996616	-0.0631819	-0.0525858	-0.0799291	-0.894232	-0.44041	-0.019198	0.443123	-0.896255
2	0.997125	-0.0671373	-0.035123	-0.0756077	-0.85134	-0.519137	0.00495183	0.5203	-0.853969
2.03333	0.994404	-0.102745	0.024594	-0.0575884	-0.722325	-0.689152	0.0885716	0.683879	-0.724199
2.06667	0.974648	-0.198963	0.10235	-0.0249047	-0.551067	-0.834089	0.222355	0.810394	-0.542051
2.1	0.938027	-0.29491	0.182025	0.0144106	-0.491585	-0.87071	0.346262	0.819373	-0.456871
2.13333	0.901395	-0.334372	0.275104	0.0569558	-0.538265	-0.840849	0.429235	0.773606	-0.466145
2.16667	0.870738	-0.324775	0.369237	0.0919623	-0.630075	-0.77107	0.483071	0.705356	-0.518763
2.2	0.833417	-0.301498	0.463157	0.124866	-0.713672	-0.689261	0.538353	0.632274	-0.55714
2.23333	0.79548	-0.263215	0.545829	0.145287	-0.791625	-0.593483	0.588305	0.551406	-0.591481
2.26667	0.77032	-0.214457	0.600513	0.166287	-0.841601	-0.513864	0.615594	0.495697	-0.612641
2.3	0.767458	-0.191215	0.611919	0.180811	-0.851179	-0.492749	0.615074	0.488806	-0.61867
2.33333	0.798273	-0.153142	0.582501	0.181589	-0.860937	-0.475197	0.57427	0.485113	-0.659454
2.36667	0.821961	-0.0945107	0.561647	0.202073	-0.873588	-0.442732	0.532491	0.477402	-0.698957
2.4	0.855182	-0.0194051	0.517964	0.225223	-0.886119	-0.405052	0.466838	0.463051	-0.753423
2.43333	0.890975	0.0197977	0.453621	0.216218	-0.897002	-0.385534	0.399266	0.441583	-0.803487
2.46667	0.928777	0.00335741	0.370624	0.152453	-0.914912	-0.373756	0.337834	0.403639	-0.850261
2.5	0.957183	-0.0325451	0.287649	0.079543	-0.925844	-0.369439	0.278342	0.376502	-0.883613
2.53333	0.974248	-0.0664246	0.215473	0.0168591	-0.931488	-0.363381	0.224848	0.357656	-0.906381
2.56667	0.981119	-0.100513	0.165234	-0.038374	-0.93853	-0.343059	0.189559	0.330241	-0.924667
2.6	0.98789	-0.107977	0.111416	-0.0687289	-0.948352	-0.309686	0.139101	0.298278	-0.944289
2.63333	0.992859	-0.113479	0.0367918	-0.0979829	-0.951662	-0.291099	0.0680469	0.285416	-0.955985
2.66667	0.993627	-0.0991733	-0.0535712	-0.111071	-0.942404	-0.315496	-0.019197	0.319435	-0.947414
2.7	0.988511	-0.0762401	-0.130514	-0.118242	-0.927926	-0.353515	-0.0941555	0.364885	-0.926279
2.73333	0.978097	-0.0731008	-0.19489	-0.145798	-0.908845	-0.390824	-0.148555	0.410678	-0.899597
2.76667	0.966903	-0.0509447	-0.250008	-0.166087	-0.869508	-0.465157	-0.193687	0.491285	-0.849191
2.8	0.960364	-0.0530618	-0.273651	-0.207035	-0.793126	-0.57279	-0.186647	0.606742	-0.772675
2.83333	0.964523	-0.058301	-0.25748	-0.229049	-0.669764	-0.706366	-0.131269	0.740282	-0.659356
2.86667	0.979281	-0.078311	-0.186751	-0.197839	-0.566806	-0.799744	-0.0432227	0.820121	-0.570555
2.9	0.987993	-0.133398	-0.0779361	-0.135743	-0.50863	-0.850217	0.0737766	0.850588	-0.520631
2.93333	0.978928	-0.199914	0.0416482	-0.066126	-0.503295	-0.861581	0.193204	0.840672	-0.505909
2.96667	0.956672	-0.253541	0.143164	-0.0182032	-0.542805	-0.839661	0.290599	0.800674	-0.523902
3	0.927817	-0.285144	0.240519	0.0086736	-0.628095	-0.778088	0.372936	0.724009	-0.580284
3.03333	0.901743	-0.262635	0.34334	0.0290546	-0.755647	-0.654334	0.431295	0.600017	-0.673769
3.06667	0.879467	-0.222806	0.420589	0.0283464	-0.857578	-0.513573	0.475115	0.463592	-0.747896
3.1	0.873327	-0.206989	0.440971	0.0114051	-0.896298	-0.443305	0.487001	0.392179	-0.780401
3.13333	0.88041	-0.15132	0.449423	0.0276576	-0.929724	-0.367216	0.473407	0.335731	-0.814353
3.16667	0.888737	-0.106879	0.445784	0.0289763	-0.957399	-0.28731	0.457501	0.26826	-0.847779
3.2	0.898606	-0.041682	0.436772	0.0976243	-0.951528	-0.291656	0.427758	0.304724	-0.85098
3.23333	0.920444	-0.0207401	0.390323	0.101199	-0.951897	-0.289223	0.377546	0.305714	-0.87407
3.26667	0.952128	-0.0249796	0.304676	0.0786223	-0.94312	-0.323023	0.295415	0.331514	-0.896007
3.3	0.977203	-0.0519269	0.20586	0.0184657	-0.945166	-0.326068	0.211503	0.322436	-0.92266
3.33333	0.986179	-0.0772439	0.146578	-0.0215966	-0.937057	-0.348508	0.164272	0.340526	-0.925774
3.36667	0.993238	-0.0750645	0.0885626	-0.0408196	-0.939941	-0.338887	0.108682	0.33298	-0.93665
3.4	0.996696	-0.0781082	0.0222831	-0.0660785	-0.939266	-0.336769	0.0472342	0.334184	-0.941323
3.43333	0.996583	-0.0670575	-0.0482325	-0.0800359	-0.928318	-0.36307	-0.0204286	0.365689	-0.930513
3.46667	0.991708	-0.0237332	-0.126302	-0.0744591	-0.907142	-0.414185	-0.104744	0.420155	-0.901387
3.5	0.986378	-0.00734079	-0.164329	-0.0846745	-0.87914	-0.468981	-0.141026	0.476508	-0.867786
3.53333	0.985429	-0.00664028	-0.169956	-0.104354	-0.812666	-0.573309	-0.134311	0.582691	-0.801518
3.56667	0.984452	-0.0816254	-0.155536	-0.168137	-0.694153	-0.699916	-0.0508347	0.715185	-0.697084
3.6	0.97262	-0.19544	-0.125753	-0.217651	-0.576309	-0.787716	0.0814786	0.793518	-0.603067
3.63333	0.951214	-0.30389	-0.0533074	-0.192096	-0.448129	-0.873086	0.241434	0.840732	-0.484643
3.66667	0.912673	-0.408133	0.0213323	-0.146261	-0.374919	-0.915447	0.381622	0.832384	-0.401872
3.7	0.867418	-0.488487	0.0946898	-0.142442	-0.426114	-0.893385	0.476755	0.761451	-0.4392
3.73333	0.841453	-0.477311	0.253242	-0.139083	-0.644219	-0.752089	0.522123	0.597626	-0.608466
3.76667	0.826716	-0.368658	0.425008	-0.102865	-0.841718	-0.530028	0.553136	0.394464	-0.733784
3.8	0.802603	-0.301124	0.514929	-0.0867643	-0.912983	-0.398664	0.590169	0.275292	-0.75889
3.83333	0.814575	-0.252549	0.522194	-0.0651206	-0.934368	-0.350307	0.576391	0.251346	-0.777559
3.86667	0.84756	-0.203149	0.490278	-0.0394807	-0.94541	-0.323484	0.529229	0.254816	-0.809312
3.9	0.86466	-0.193276	0.463689	0.0339798	-0.89841	-0.437841	0.501207	0.39434	-0.770252
3.93333	0.903636	-0.145205	0.402936	0.0363919	-0.911345	-0.410032	0.426752	0.385183	-0.81824
3.96667	0.936761	-0.10422	0.334091	0.0434081	-0.912656	-0.406417	0.347267	0.395218	-0.850417
4	0.960315	-0.0785425	0.26763	0.0358042	-0.91688	-0.397554	0.27661	0.391359	-0.877682
4.03333	0.975559	-0.0707806	0.208025	0.0172775	-0.919061	-0.393736	0.219057	0.387707	-0.895376
4.06667	0.986423	-0.0564014	0.154234	0.00997064	-0.916872	-0.399056	0.163921	0.395176	-0.903862
4.1	0.99471	-0.0551401	0.0866683	-0.0142577	-0.909661	-0.415106	0.101728	0.411674	-0.905635
4.13333	0.997287	-0.073499	0.00416186	-0.0643387	-0.897677	-0.435931	0.0357765	0.434481	-0.89997
4.16667	0.992213	-0.0960884	-0.0792522	-0.121556	-0.885795	-0.447874	-0.0271656	0.45402	-0.890577
4.2	0.983636	-0.0911363	-0.155415	-0.155291	-0.866237	-0.474887	-0.0913468	0.491251	-0.866215
4.23333	0.976148	-0.0572046	-0.209433	-0.167183	-0.813493	-0.557027	-0.138508	0.578755	-0.803653
4.26667	0.973006	-0.0299266	-0.228831	-0.179322	-0.722196	-0.66804	-0.145269	0.691041	-0.708067
4.3	0.977735	-0.0731718	-0.196674	-0.206116	-0.510764	-0.834648	-0.039381	0.856602	-0.514473
4.33333	0.972323	-0.181057	-0.14767	-0.202593	-0.338537	-0.918884	0.116379	0.923369	-0.365848
4.36667	0.945061	-0.310794	-0.101328	-0.17547	-0.220774	-0.959411	0.275809	0.924481	-0.26318
4.4	0.900581	-0.430421	-0.0607678	-0.134965	-0.143986	-0.980333	0.413206	0.89107	-0.187762
4.43333	0.861769	-0.506945	-0.0190128	-0.0997872	-0.132646	-0.986128	0.49739	0.851711	-0.164897
4.46667	0.839348	-0.541616	0.0463358	-0.0864698	-0.217184	-0.972293	0.536673	0.812086	-0.229126
4.5	0.836916	-0.525435	0.153264	-0.102815	-0.425958	-0.898882	0.537588	0.736531	-0.410514
4.53333	0.84949	-0.444331	0.284494	-0.10097	-0.666163	-0.73894	0.517854	0.598996	-0.610763
4.56667	0.854072	-0.341054	0.392739	-0.0754135	-0.828253	-0.555256	0.51466	0.444611	-0.733108
4.6	0.843549	-0.277453	0.459832	-0.0651253	-0.902742	-0.425225	0.533089	0.328751	-0.779576
4.63333	0.845116	-0.234209	0.480547	-0.0697255	-0.939533	-0.335286	0.530016	0.249849	-0.810345
4.66667	0.873724	-0.199249	0.443741	-0.081312	-0.959246	-0.270619	0.479577	0.200365	-0.854318
4.7	0.894828	-0.159665	0.416882	-0.0602748	-0.968512	-0.241559	0.442323	0.191027	-0.876276
4.73333	0.903772	-0.121415	0.410433	0.0215496	-0.944798	-0.326943	0.427472	0.304326	-0.851265
4.76667	0.923661	-0.10237	0.369283	0.0343141	-0.937693	-0.345767	0.38167	0.332043	-0.862598
4.8	0.945889	-0.0960221	0.309957	0.020368	-0.935761	-0.352047	0.32385	0.339311	-0.88317
4.83333	0.962156	-0.085805	0.258636	0.0105255	-0.93672	-0.349922	0.272295	0.339402	-0.900368
4.86667	0.972989	-0.0858887	0.21428	0.00137327	-0.926043	-0.377416	0.230848	0.367516	-0.900911
