0	0.0110242	-0.0319839	0.788389	0.999995	-0.000247574	0.00307081	0.000167084	0.999657	0.0261838	-0.00307624	-0.0261831	0.999652
0.0333333	0.16125	0.981968	-1.96572	0.251093	0.967921	-0.00898456	-0.966948	0.251243	0.043463	0.0443261	-0.00222564	0.999015
0.0666667	0.158616	0.98377	-1.96245	0.158261	0.98679	0.0346247	-0.987394	0.158249	0.00311137	-0.00240905	-0.0346806	0.999396
0.1	0.157865	0.98526	-1.96073	0.110943	0.992458	0.0521515	-0.993809	0.111106	-0.000233404	-0.00602599	-0.0518027	0.998639
0.133333	0.15784	0.985751	-1.96013	0.0900881	0.994209	0.0585909	-0.995914	0.0903012	-0.000993355	-0.00627843	-0.058262	0.998282
0.166667	0.158028	0.985878	-1.95977	0.0811145	0.994805	0.0615051	-0.996683	0.0813674	-0.00161535	-0.00661148	-0.0611701	0.998105
0.2	0.15832	0.985831	-1.95951	0.0768296	0.995043	0.0631416	-0.997019	0.0771246	-0.00224432	-0.00710296	-0.0627809	0.998002
0.233333	0.158499	0.985704	-1.95935	0.0743207	0.995183	0.063935	-0.997206	0.0746477	-0.00273846	-0.00749787	-0.0635528	0.99795
0.266667	0.158674	0.985628	-1.95927	0.0731565	0.995238	0.0644215	-0.997289	0.0735164	-0.00323028	-0.00795093	-0.0640105	0.997918
0.3	0.15876	0.985616	-1.95924	0.0722246	0.995282	0.06478	-0.997353	0.0726164	-0.00371102	-0.0083976	-0.0643405	0.997893
0.333333	0.158939	0.985567	-1.95921	0.0720248	0.995248	0.065528	-0.997364	0.0724445	-0.00404907	-0.00877697	-0.0650636	0.997843
0.366667	0.159101	0.985459	-1.95918	0.0717501	0.995239	0.0659607	-0.997379	0.0722105	-0.00461877	-0.00935984	-0.0654564	0.997812
0.4	0.159254	0.985316	-1.95918	0.0720241	0.995199	0.0662741	-0.997352	0.0725311	-0.00527305	-0.0100547	-0.0657188	0.997788
0.433333	0.159428	0.985222	-1.95911	0.0713533	0.995242	0.0663515	-0.997394	0.0719001	-0.00588682	-0.0106295	-0.0657585	0.997779
0.466667	0.159703	0.985104	-1.95902	0.0714158	0.995206	0.0668195	-0.997382	0.0720156	-0.00660794	-0.0113883	-0.0661726	0.997743
0.5	0.16005	0.984963	-1.95892	0.0718294	0.995118	0.0676872	-0.997344	0.0724797	-0.0071987	-0.0120695	-0.0669904	0.997681
0.533333	0.160356	0.984845	-1.95883	0.0721032	0.995039	0.0685515	-0.997319	0.0727881	-0.0075434	-0.0124957	-0.0678238	0.997619
0.566667	0.160676	0.984738	-1.95883	0.0718257	0.994977	0.0697221	-0.997335	0.0725416	-0.00778762	-0.0128063	-0.0689769	0.997536
0.6	0.160819	0.984617	-1.95881	0.0727793	0.994855	0.0704734	-0.997263	0.0735166	-0.00792119	-0.0130614	-0.0697039	0.997482
0.633333	0.161148	0.98459	-1.95869	0.0723189	0.994767	0.0721667	-0.997292	0.0730931	-0.00814191	-0.0133742	-0.0713824	0.997359
0.666667	0.161385	0.984501	-1.95865	0.0727725	0.994681	0.0729003	-0.997249	0.0736038	-0.00877854	-0.0140976	-0.0720609	0.997301
0.7	0.161561	0.98444	-1.95853	0.0729028	0.994684	0.0727214	-0.99723	0.0737806	-0.00945501	-0.0147702	-0.0718307	0.997307
0.733333	0.161726	0.984364	-1.95834	0.0730105	0.994663	0.0729037	-0.997213	0.0739319	-0.0100171	-0.0153535	-0.0719691	0.997289
0.766667	0.161977	0.984272	-1.95816	0.0728941	0.994639	0.0733423	-0.997216	0.0738467	-0.0103584	-0.0157189	-0.0723831	0.997253
0.8	0.162083	0.984209	-1.95804	0.0727217	0.994705	0.0726242	-0.997226	0.0736772	-0.0105625	-0.0158573	-0.0716547	0.997303
0.833333	0.162255	0.98415	-1.95787	0.0723764	0.994763	0.0721651	-0.997248	0.0733421	-0.0108187	-0.0160548	-0.0711835	0.997334
0.866667	0.162418	0.984106	-1.95766	0.0722926	0.994797	0.0717804	-0.997249	0.0732752	-0.0111471	-0.0163488	-0.0707771	0.997358
0.9	0.162627	0.984083	-1.95741	0.071709	0.994885	0.0711431	-0.997291	0.0726899	-0.0112921	-0.0164057	-0.0701406	0.997402
0.933333	0.162819	0.984051	-1.95721	0.0717636	0.994957	0.0700723	-0.99729	0.072717	-0.0111476	-0.0161868	-0.0690825	0.99748
0.966667	0.162985	0.983986	-1.95701	0.0711832	0.995085	0.0688456	-0.997327	0.0721446	-0.0115781	-0.016488	-0.0678374	0.99756
1	0.163179	0.983923	-1.95678	0.0712443	0.995158	0.0677063	-0.997315	0.072224	-0.0121306	-0.0169619	-0.0666602	0.997632
1.03333	0.163522	0.98388	-1.95648	0.0711615	0.995218	0.0669127	-0.997315	0.0721527	-0.0125127	-0.0172807	-0.0658426	0.99768
1.06667	0.163739	0.983854	-1.95619	0.0710487	0.995289	0.065967	-0.997324	0.072026	-0.012555	-0.0172472	-0.0648984	0.997743
1.1	0.164064	0.983791	-1.95599	0.0710487	0.995315	0.0655725	-0.997324	0.0720196	-0.0125594	-0.0172231	-0.0645047	0.997769
1.13333	0.164372	0.983724	-1.95572	0.0705074	0.995356	0.0655334	-0.997367	0.0714609	-0.0123188	-0.0169447	-0.0644923	0.997774
1.16667	0.16475	0.983629	-1.9555	0.0707699	0.995381	0.0648724	-0.99735	0.0717107	-0.0122873	-0.0168826	-0.0638309	0.997818
1.2	0.165166	0.983553	-1.95525	0.0707731	0.995426	0.0641686	-0.997354	0.071689	-0.0120817	-0.0166267	-0.0631438	0.997866
1.23333	0.165674	0.98346	-1.95504	0.0707688	0.99548	0.0633391	-0.997354	0.0716738	-0.0121286	-0.0166135	-0.0623132	0.997918
1.26667	0.166159	0.983349	-1.95478	0.0713326	0.995535	0.0618235	-0.997313	0.0722212	-0.012258	-0.0166682	-0.060783	0.998012
1.3	0.166923	0.983234	-1.95447	0.071836	0.995545	0.0610705	-0.99728	0.0727042	-0.0121127	-0.0164988	-0.0600342	0.99806
1.33333	0.167731	0.983082	-1.95422	0.072639	0.99559	0.059368	-0.997223	0.0734813	-0.0121279	-0.0164369	-0.0583221	0.998162
1.36667	0.168562	0.98296	-1.95389	0.0725595	0.995748	0.0567622	-0.997233	0.0733564	-0.0120805	-0.016193	-0.0557285	0.998315
1.4	0.169561	0.9828	-1.95345	0.0726543	0.995865	0.0545441	-0.997226	0.0734216	-0.012194	-0.0161483	-0.0535069	0.998437
1.43333	0.170698	0.982614	-1.95289	0.0727545	0.995982	0.0522196	-0.997218	0.0734958	-0.0124161	-0.0162042	-0.051171	0.998558
1.46667	0.171967	0.982364	-1.95232	0.0725058	0.996147	0.0493384	-0.997229	0.0732322	-0.0130759	-0.0166387	-0.0482536	0.998697
1.5	0.173505	0.982127	-1.95165	0.0719835	0.996316	0.046614	-0.997252	0.0727133	-0.0141536	-0.0174909	-0.0454671	0.998813
1.53333	0.175014	0.981917	-1.95085	0.0717932	0.99647	0.0435161	-0.997241	0.0725368	-0.015756	-0.0188569	-0.0422649	0.998928
1.56667	0.176603	0.981721	-1.94989	0.0718121	0.99662	0.0398981	-0.997213	0.0725508	-0.017383	-0.0202189	-0.0385386	0.999053
1.6	0.178509	0.981419	-1.94891	0.0710536	0.996807	0.0364411	-0.997242	0.0717746	-0.0188725	-0.0214277	-0.0349997	0.999158
1.63333	0.180216	0.981098	-1.94758	0.0696428	0.997071	0.0316115	-0.997314	0.0703106	-0.0205265	-0.022689	-0.0300971	0.999289
1.66667	0.182251	0.980798	-1.94603	0.0685561	0.997252	0.0280818	-0.997362	0.0691825	-0.021979	-0.0238613	-0.0265009	0.999364
1.7	0.184306	0.980459	-1.94422	0.0675318	0.997411	0.0246989	-0.99741	0.0681042	-0.0231191	-0.0247414	-0.0230736	0.999428
1.73333	0.186457	0.98012	-1.94212	0.0662059	0.997562	0.0220826	-0.997483	0.0667316	-0.0239838	-0.025399	-0.0204392	0.999468
1.76667	0.188953	0.97975	-1.93976	0.0652795	0.997644	0.0211067	-0.997524	0.0657971	-0.024835	-0.0261652	-0.0194332	0.999469
1.8	0.191267	0.979335	-1.93708	0.0648215	0.997719	0.0188366	-0.997526	0.0653003	-0.0260249	-0.0271956	-0.017103	0.999484
1.83333	0.19367	0.978839	-1.93414	0.0637792	0.997839	0.0158001	-0.997559	0.0641962	-0.0274639	-0.0284189	-0.0140099	0.999498
1.86667	0.195907	0.978281	-1.93095	0.0621716	0.997994	0.011978	-0.997636	0.0624924	-0.0285898	-0.029281	-0.0101722	0.999519
1.9	0.198103	0.97773	-1.92748	0.060603	0.998131	0.00789177	-0.997726	0.0608082	-0.0290667	-0.0294922	-0.0061123	0.999546
1.93333	0.200243	0.977143	-1.92374	0.0597076	0.998205	0.00467935	-0.997794	0.059818	-0.0288023	-0.0290305	-0.00294931	0.999574
1.96667	0.20245	0.976444	-1.91968	0.0592951	0.998235	0.00325904	-0.997831	0.0593639	-0.0284313	-0.0285746	-0.00156613	0.99959
2	0.204632	0.975769	-1.91526	0.058158	0.998302	0.00322393	-0.997929	0.0582245	-0.0273439	-0.0274852	-0.00162699	0.999621
2.03333	0.206724	0.975259	-1.91063	0.0545924	0.998502	0.00357962	-0.998175	0.0546665	-0.0256613	-0.0258185	-0.00217218	0.999664
2.06667	0.209271	0.975122	-1.90579	0.0471884	0.998857	0.00761337	-0.998602	0.0473554	-0.0234952	-0.0238289	-0.00649403	0.999695
2.1	0.211906	0.975194	-1.90099	0.0362216	0.999242	0.0142436	-0.999068	0.0365428	-0.0229796	-0.0234827	-0.013398	0.999634
2.13333	0.21476	0.97547	-1.89633	0.0236324	0.99946	0.0228417	-0.99947	0.0241315	-0.0218303	-0.0223697	-0.0223137	0.999501
2.16667	0.21764	0.975636	-1.89192	0.00996792	0.999449	0.0316732	-0.999744	0.0106039	-0.019976	-0.0203008	-0.031466	0.999299
2.2	0.220217	0.975348	-1.8876	-0.00310333	0.999225	0.0392511	-0.999837	-0.0024022	-0.0178972	-0.017789	-0.0393002	0.999069
2.23333	0.221917	0.97465	-1.8835	-0.0131166	0.998967	0.0435004	-0.999776	-0.0123788	-0.0171873	-0.016631	-0.0437161	0.998906
2.26667	0.222527	0.973948	-1.8793	-0.0206949	0.998869	0.042804	-0.999638	-0.0199356	-0.0180892	-0.0172154	-0.0431628	0.99892
2.3	0.222583	0.973557	-1.87458	-0.0277127	0.998782	0.0408226	-0.999456	-0.0269557	-0.0189779	-0.0178544	-0.0413264	0.998986
2.33333	0.222358	0.973303	-1.86924	-0.0361638	0.998518	0.0406707	-0.999179	-0.0353832	-0.0197524	-0.0182841	-0.0413516	0.998977
2.36667	0.221959	0.973034	-1.86325	-0.0461481	0.998021	0.0427213	-0.998741	-0.0452554	-0.0216319	-0.0196557	-0.0436658	0.998853
2.4	0.221362	0.972698	-1.85688	-0.0556051	0.997429	0.0452107	-0.998213	-0.0545425	-0.0244086	-0.0218799	-0.0464872	0.998679
2.43333	0.220486	0.97218	-1.85014	-0.0661737	0.996684	0.0473461	-0.997505	-0.0649102	-0.0277469	-0.0245817	-0.0490641	0.998493
2.46667	0.219384	0.971441	-1.84301	-0.0748835	0.995971	0.0493464	-0.996818	-0.0734087	-0.031054	-0.0273064	-0.0515148	0.998299
2.5	0.217994	0.970453	-1.83532	-0.0809699	0.9954	0.0512053	-0.996227	-0.0792137	-0.0354486	-0.0312294	-0.0538824	0.998059
2.53333	0.216321	0.969414	-1.82693	-0.0859544	0.994907	0.0526455	-0.995643	-0.08386	-0.0407809	-0.0361584	-0.0559214	0.99778
2.56667	0.214533	0.968399	-1.81742	-0.0893231	0.994459	0.0554234	-0.995187	-0.0868595	-0.0453765	-0.0403111	-0.0592098	0.997431
2.6	0.212675	0.967262	-1.80651	-0.0878088	0.994222	0.0617468	-0.99515	-0.0847933	-0.0498747	-0.0443508	-0.0658267	0.996845
2.63333	0.210578	0.966098	-1.79383	-0.0861519	0.993633	0.0726068	-0.995091	-0.0822577	-0.0550229	-0.0487001	-0.0769907	0.995842
2.66667	0.208412	0.964784	-1.77883	-0.0859116	0.99228	0.0894373	-0.994975	-0.0808176	-0.059105	-0.0514206	-0.0940657	0.994237
2.7	0.205804	0.963233	-1.76173	-0.0839186	0.990759	0.106559	-0.995064	-0.0776354	-0.0618101	-0.0529662	-0.11122	0.992383
2.73333	0.202889	0.962425	-1.74343	-0.0884823	0.989132	0.117424	-0.994539	-0.0811791	-0.0655932	-0.055348	-0.122586	0.990913
2.76667	0.199881	0.96318	-1.72461	-0.101706	0.986141	0.131077	-0.993131	-0.0929876	-0.0710183	-0.0578455	-0.1374	0.988825
2.8	0.196466	0.965569	-1.70605	-0.117368	0.982844	0.142275	-0.991338	-0.107451	-0.0755158	-0.0589327	-0.149905	0.986942
2.83333	0.192522	0.967935	-1.68758	-0.12168	0.980537	0.154082	-0.990918	-0.111054	-0.075817	-0.0572298	-0.161909	0.985145
2.86667	0.188371	0.969623	-1.66915	-0.121665	0.978681	0.165473	-0.990986	-0.110352	-0.0759567	-0.056077	-0.173223	0.983285
2.9	0.183967	0.970458	-1.65073	-0.125132	0.977227	0.171372	-0.99047	-0.113024	-0.0787116	-0.0575498	-0.179589	0.982057
2.93333	0.179323	0.970578	-1.63244	-0.131205	0.975905	0.174343	-0.989657	-0.11865	-0.0806283	-0.0579997	-0.183118	0.981378
2.96667	0.174892	0.970176	-1.61447	-0.137938	0.973542	0.182179	-0.988953	-0.125303	-0.0791896	-0.054267	-0.191089	0.980071
3	0.170945	0.969423	-1.59868	-0.134294	0.973788	0.183582	-0.989679	-0.122454	-0.074431	-0.0499997	-0.191683	0.980183
3.03333	0.167337	0.968917	-1.58299	-0.125816	0.973745	0.189711	-0.991139	-0.11517	-0.0661819	-0.0425954	-0.196356	0.979607
3.06667	0.164515	0.968889	-1.56834	-0.110621	0.974745	0.193997	-0.993294	-0.10183	-0.0547471	-0.0336098	-0.198752	0.979473
3.1	0.162459	0.969426	-1.55429	-0.0874276	0.977007	0.194458	-0.995882	-0.081021	-0.0406745	-0.0239841	-0.197214	0.980067
3.13333	0.160718	0.970305	-1.54035	-0.0589591	0.980318	0.188414	-0.998137	-0.0549276	-0.0265515	-0.0156798	-0.189628	0.981731
3.16667	0.159438	0.971068	-1.52696	-0.0321784	0.983238	0.179462	-0.999434	-0.0298983	-0.0153962	-0.00977248	-0.179856	0.983644
3.2	0.158573	0.971603	-1.51386	-0.00621393	0.985402	0.17013	-0.999972	-0.00541675	-0.00514943	-0.00415271	-0.170157	0.985408
3.23333	0.158202	0.971756	-1.50133	0.0170823	0.986191	0.164731	-0.999853	0.0166374	0.00408012	0.00128308	-0.164777	0.98633
3.26667	0.158198	0.971524	-1.48899	0.0369401	0.986379	0.160288	-0.9993	0.0355149	0.011748	0.00589532	-0.16061	0.987
3.3	0.158645	0.971059	-1.47666	0.0570075	0.986143	0.155796	-0.998322	0.0547249	0.0189053	0.0101174	-0.156612	0.987608
3.33333	0.159499	0.970453	-1.46437	0.0768819	0.985391	0.151969	-0.996932	0.0737284	0.0262864	0.0146979	-0.153524	0.988036
3.36667	0.161001	0.969607	-1.45209	0.0965809	0.984141	0.148789	-0.995137	0.0925701	0.0336665	0.0193592	-0.151317	0.988296
3.4	0.162785	0.968391	-1.43985	0.113463	0.982811	0.145636	-0.993286	0.108876	0.0391106	0.022582	-0.149095	0.988565
3.43333	0.164909	0.96683	-1.42734	0.128516	0.981378	0.14276	-0.991424	0.123703	0.0421307	0.0236864	-0.14695	0.98886
3.46667	0.167431	0.964898	-1.41439	0.142189	0.979814	0.140521	-0.989579	0.137458	0.0428704	0.0226893	-0.145152	0.989149
3.5	0.170262	0.962682	-1.40089	0.154158	0.978631	0.136075	-0.98785	0.149913	0.0409705	0.0196955	-0.140738	0.989851
3.53333	0.173002	0.960126	-1.387	0.162529	0.978331	0.128272	-0.986589	0.159144	0.0362781	0.0150783	-0.132448	0.991075
3.56667	0.175632	0.957488	-1.37228	0.166021	0.979128	0.117242	-0.986058	0.163474	0.0310814	0.0112666	-0.120768	0.992617
3.6	0.178061	0.955063	-1.35612	0.167562	0.980722	0.100539	-0.985815	0.165693	0.0267235	0.00954981	-0.10359	0.994574
3.63333	0.180402	0.952764	-1.33814	0.165722	0.983161	0.0770123	-0.986149	0.164669	0.0198671	0.00685095	-0.079238	0.996832
3.66667	0.182734	0.950902	-1.31862	0.163611	0.985327	0.0485969	-0.986519	0.163246	0.0114241	0.00332322	-0.0498109	0.998753
3.7	0.185415	0.950638	-1.29858	0.169182	0.985248	0.0257633	-0.985584	0.169163	0.00294831	-0.00145336	-0.0258906	0.999664
3.73333	0.188171	0.952303	-1.27774	0.182034	0.983281	0.00474262	-0.983289	0.182044	-0.00172809	-0.00256256	-0.00434879	0.999987
3.76667	0.191801	0.955771	-1.2567	0.199134	0.979953	-0.00619733	-0.979967	0.199107	-0.00465733	-0.00333003	0.00700061	0.99997
3.8	0.196394	0.959518	-1.23568	0.204765	0.978704	-0.0144702	-0.978808	0.204703	-0.00565375	-0.00257126	0.0153212	0.999879
3.83333	0.201557	0.962584	-1.21443	0.205408	0.978329	-0.0260767	-0.978676	0.205314	-0.00626017	-0.000770591	0.0268065	0.99964
3.86667	0.207174	0.964567	-1.19305	0.210149	0.976977	-0.0367849	-0.977669	0.209961	-0.00892139	-0.000992579	0.0378383	0.999283
3.9	0.213199	0.965696	-1.17148	0.219359	0.974678	-0.0434109	-0.975644	0.219094	-0.0108315	-0.00104618	0.0447295	0.998999
3.93333	0.219502	0.966166	-1.15043	0.228731	0.972204	-0.0500177	-0.97349	0.228438	-0.0115601	0.000187228	0.0513359	0.998681
3.96667	0.225756	0.966267	-1.13064	0.234588	0.970455	-0.0564382	-0.972082	0.234489	-0.00845574	0.00502823	0.0568462	0.99837
4	0.231942	0.966278	-1.11237	0.236462	0.969595	-0.0630188	-0.97156	0.236781	-0.00247036	0.0125264	0.0618107	0.998009
4.03333	0.237655	0.966204	-1.09634	0.229928	0.970556	-0.0717921	-0.973039	0.230634	0.00159729	0.018108	0.0694893	0.997418
4.06667	0.241819	0.966405	-1.0811	0.209939	0.974568	-0.078375	-0.977506	0.210872	0.00373184	0.020164	0.0758286	0.996917
4.1	0.244966	0.966947	-1.06614	0.182382	0.980223	-0.0768046	-0.983041	0.183314	0.00520472	0.0191811	0.0745528	0.997033
4.13333	0.247608	0.967699	-1.05173	0.156086	0.985513	-0.0663472	-0.987583	0.156918	0.00749111	0.0177937	0.0643542	0.997768
4.16667	0.249651	0.968374	-1.03778	0.131295	0.989784	-0.0555887	-0.99114	0.132198	0.0128642	0.0200815	0.0534071	0.998371
4.2	0.251026	0.968674	-1.02401	0.107576	0.992977	-0.0492276	-0.993884	0.108652	0.019714	0.0249242	0.0468058	0.998593
4.23333	0.252038	0.968647	-1.01026	0.0860754	0.995388	-0.0423419	-0.995896	0.0871565	0.0243836	0.0279615	0.0400693	0.998806
4.26667	0.252725	0.968317	-0.996624	0.0671511	0.997227	-0.0320869	-0.997345	0.067998	0.0260736	0.0281832	0.0302508	0.999145
4.3	0.252989	0.967745	-0.983316	0.0498631	0.998529	-0.0213099	-0.998346	0.0504426	0.0275851	0.0286194	0.0198992	0.999392
4.33333	0.252892	0.966904	-0.970733	0.0333413	0.999371	-0.0121175	-0.999013	0.0336806	0.028966	0.0293558	0.0111397	0.999507
4.36667	0.25252	0.96586	-0.958527	0.0166294	0.999853	-0.00429049	-0.999418	0.0167497	0.0297118	0.0297793	0.00379391	0.999549
4.4	0.25174	0.964682	-0.946238	0.000776433	0.999994	0.00342456	-0.999603	0.00067969	0.0281609	0.0281584	-0.00344507	0.999598
4.43333	0.250601	0.963399	-0.933618	-0.0135958	0.999834	0.0121226	-0.999609	-0.0138872	0.0242852	0.0244495	-0.0117876	0.999632
4.46667	0.249322	0.961898	-0.920605	-0.024722	0.999436	0.0227472	-0.999503	-0.0251564	0.0190133	0.0195748	-0.0222658	0.99956
4.5	0.247854	0.960111	-0.907064	-0.0319698	0.998926	0.0335356	-0.999375	-0.0324544	0.0140044	0.0150777	-0.0330669	0.999339
4.53333	0.24618	0.958051	-0.892834	-0.0355089	0.998379	0.0444747	-0.999333	-0.0358513	0.00692569	0.00850895	-0.0441991	0.998987
4.56667	0.244449	0.955919	-0.877262	-0.0399272	0.99748	0.0586456	-0.999202	-0.03991	-0.00146569	0.000878545	-0.0586573	0.998278
4.6	0.242526	0.953804	-0.860285	-0.04225	0.996396	0.0735562	-0.999086	-0.0416592	-0.00954821	-0.0064495	-0.0738924	0.997245
4.63333	0.240659	0.951674	-0.841214	-0.0400374	0.99486	0.0930104	-0.999137	-0.038827	-0.0147872	-0.0110999	-0.0935221	0.995555
4.66667	0.238393	0.949669	-0.820501	-0.0375854	0.992976	0.112185	-0.999194	-0.0357596	-0.0182436	-0.0141038	-0.11278	0.99352
4.7	0.235187	0.948814	-0.799826	-0.0458183	0.991744	0.11977	-0.998734	-0.042986	-0.0261274	-0.0207632	-0.120816	0.992458
4.73333	0.231645	0.949509	-0.777574	-0.0616467	0.98965	0.129588	-0.997731	-0.0575811	-0.0348928	-0.0270698	-0.131445	0.990954
4.76667	0.227331	0.951744	-0.755221	-0.0821891	0.987023	0.137949	-0.996161	-0.077174	-0.0413266	-0.0301442	-0.140816	0.989577
4.8	0.222511	0.954574	-0.733057	-0.0949161	0.984425	0.147983	-0.994972	-0.0890406	-0.0458504	-0.0319598	-0.151591	0.987927
4.83333	0.217302	0.956946	-0.710992	-0.1024	0.982259	0.157105	-0.994163	-0.0956631	-0.0498772	-0.0339632	-0.161296	0.986322
4.86667	0.211711	0.958269	-0.689299	-0.112727	0.980146	0.163116	-0.992999	-0.105295	-0.0535424	-0.0353041	-0.16801	0.985153
4.9	0.205935	0.958369	-0.668599	-0.123333	0.978277	0.166621	-0.991666	-0.115193	-0.0577029	-0.0372559	-0.172349	0.984331
4.93333	0.200623	0.957702	-0.649173	-0.133465	0.975455	0.17514	-0.990384	-0.124781	-0.0597392	-0.0364188	-0.181428	0.98273
4.96667	0.195819	0.956714	-0.631122	-0.135417	0.973098	0.186392	-0.990311	-0.127091	-0.0559734	-0.0307789	-0.192166	0.98088
5	0.192018	0.956185	-0.614347	-0.128019	0.972068	0.196711	-0.991552	-0.121273	-0.0460173	-0.0208761	-0.200941	0.979381
5.03333	0.188713	0.956286	-0.59881	-0.110025	0.97392	0.198432	-0.993834	-0.105045	-0.0354818	-0.0137121	-0.201112	0.979472
5.06667	0.18604	0.957152	-0.584007	-0.0852331	0.977673	0.19207	-0.99632	-0.0818827	-0.0253289	-0.00903615	-0.193522	0.981054
5.1	0.183517	0.958312	-0.570048	-0.058065	0.98176	0.181043	-0.998303	-0.0562995	-0.0148802	-0.00441612	-0.1816	0.983363
5.13333	0.180977	0.959233	-0.556502	-0.0337381	0.984846	0.170118	-0.999431	-0.0332351	-0.00580397	-6.21164e-05	-0.170217	0.985407
5.16667	0.17836	0.959648	-0.543259	-0.0136296	0.987049	0.159842	-0.999901	-0.0140237	0.00133747	0.00356172	-0.159808	0.987142
5.2	0.175691	0.959467	-0.530548	0.00213804	0.988863	0.148814	-0.999974	0.00108311	0.00716953	0.0069285	-0.148826	0.988839
5.23333	0.173459	0.958941	-0.518257	0.015463	0.990123	0.139348	-0.999833	0.0139476	0.0118451	0.00978453	-0.139508	0.990173
5.26667	0.17134	0.958313	-0.505872	0.0271383	0.991087	0.130424	-0.999557	0.0253062	0.0156843	0.0122439	-0.130791	0.991334
5.3	0.169422	0.957749	-0.493718	0.0392423	0.991747	0.122054	-0.999145	0.03735	0.0177546	0.0130493	-0.122646	0.992365
5.33333	0.167984	0.957331	-0.48179	0.05431	0.991816	0.115552	-0.998428	0.0523384	0.0200306	0.0138189	-0.116458	0.993099
5.36667	0.166971	0.956867	-0.470384	0.0685662	0.991418	0.111309	-0.997552	0.0665984	0.0213061	0.0137102	-0.112498	0.993557
5.4	0.166478	0.956257	-0.459353	0.0814093	0.990689	0.109119	-0.996602	0.0795329	0.0214462	0.012568	-0.110494	0.993797
5.43333	0.166277	0.95549	-0.448647	0.0956842	0.989691	0.106567	-0.995341	0.0938505	0.0221026	0.0118734	-0.108185	0.99406
5.46667	0.166406	0.954609	-0.438224	0.109564	0.988595	0.103321	-0.993921	0.107831	0.0222336	0.0108389	-0.105129	0.9944
5.5	0.167013	0.953674	-0.428223	0.121806	0.987534	0.0997004	-0.992518	0.120333	0.0206843	0.00842919	-0.101474	0.994802
5.53333	0.168004	0.952714	-0.41846	0.132228	0.986553	0.0960673	-0.991204	0.131066	0.0183358	0.00549806	-0.0976468	0.995206
5.56667	0.169338	0.951747	-0.408801	0.141915	0.985541	0.092574	-0.989877	0.141114	0.0151751	0.00189216	-0.0937905	0.99559
5.6	0.170869	0.950809	-0.39888	0.150822	0.984591	0.0885114	-0.988559	0.150376	0.0117283	-0.00176241	-0.0892676	0.996006
5.63333	0.172628	0.949877	-0.388425	0.157992	0.983955	0.0828927	-0.987426	0.157887	0.00785807	-0.00535574	-0.0830919	0.996527
5.66667	0.174629	0.948936	-0.377249	0.163188	0.983678	0.0758156	-0.986553	0.163411	0.0032922	-0.00915063	-0.0753333	0.997116
5.7	0.176409	0.947946	-0.364711	0.167489	0.983731	0.0649753	-0.985783	0.168007	-0.00254896	-0.0134238	-0.0636246	0.997884
5.73333	0.177991	0.946725	-0.350605	0.169302	0.984337	0.0491624	-0.985419	0.169922	-0.00868799	-0.0169057	-0.0469747	0.998753
5.76667	0.179368	0.945044	-0.334661	0.166343	0.98566	0.0283626	-0.985883	0.1668	-0.0145684	-0.0190904	-0.0255389	0.999492
5.8	0.180579	0.942954	-0.316803	0.160022	0.987109	0.00295533	-0.986899	0.160049	-0.0203392	-0.02055	0.000338114	0.999789
5.83333	0.181842	0.940442	-0.296741	0.153281	0.987859	-0.0253092	-0.987946	0.152633	-0.0258035	-0.0216272	0.0289593	0.999347
5.86667	0.183299	0.939298	-0.275421	0.167722	0.984522	-0.0508569	-0.985725	0.166713	-0.0235052	-0.0146629	0.0540733	0.998429
5.9	0.184438	0.940711	-0.252954	0.196419	0.978147	-0.0681759	-0.980467	0.195211	-0.0240172	-0.0101836	0.0715617	0.997384
5.93333	0.186626	0.944598	-0.23135	0.211748	0.974913	-0.0686134	-0.977241	0.210294	-0.0278459	-0.0127183	0.0729482	0.997255
5.96667	0.189767	0.949072	-0.210198	0.210103	0.974838	-0.0744818	-0.977641	0.20881	-0.0248318	-0.00865442	0.0780337	0.996913
6	0.193422	0.952052	-0.189382	0.206711	0.974903	-0.0826669	-0.978384	0.205451	-0.0235618	-0.00598652	0.0857505	0.996299
6.03333	0.197554	0.953108	-0.168948	0.213386	0.973423	-0.083152	-0.976946	0.212035	-0.0248517	-0.00656005	0.086538	0.996227
6.06667	0.201717	0.952823	-0.149409	0.224779	0.97094	-0.0821522	-0.974377	0.223279	-0.0271328	-0.00800148	0.0861461	0.99625
6.1	0.205738	0.951849	-0.131046	0.234854	0.96813	-0.0869933	-0.972009	0.233308	-0.0276786	-0.00650025	0.0910587	0.995824
6.13333	0.209232	0.951098	-0.114193	0.237257	0.966677	-0.0961487	-0.971445	0.235888	-0.0255248	-0.00199395	0.0994591	0.99504
6.16667	0.212381	0.95111	-0.09875	0.230539	0.967568	-0.103272	-0.973061	0.229478	-0.022198	0.00222055	0.105607	0.994405
6.2	0.214676	0.951893	-0.0844379	0.213504	0.970873	-0.108727	-0.976929	0.21276	-0.0185364	0.00513625	0.110176	0.993899
6.23333	0.21617	0.952854	-0.0712821	0.191282	0.975206	-0.111287	-0.981514	0.190795	-0.0151075	0.00650002	0.112119	0.993673
6.26667	0.217123	0.953692	-0.0586566	0.168434	0.979403	-0.111353	-0.985685	0.168202	-0.0115417	0.00742582	0.111703	0.993714
6.3	0.217666	0.954247	-0.0461553	0.147341	0.982992	-0.10962	-0.989041	0.147476	-0.00692389	0.00936023	0.109439	0.993949
6.33333	0.218082	0.954473	-0.0336774	0.128748	0.985837	-0.107469	-0.991605	0.129286	-0.00197312	0.0119491	0.106821	0.994206
6.36667	0.218328	0.954681	-0.0214451	0.110443	0.988263	-0.105543	-0.993775	0.11137	0.00291707	0.0146372	0.104564	0.99441
6.4	0.218362	0.95495	-0.00975108	0.0901665	0.990476	-0.104054	-0.995788	0.0914073	0.00720864	0.0166513	0.102966	0.994546
6.43333	0.218246	0.955161	0.00160209	0.0702044	0.992309	-0.101948	-0.99738	0.0716151	0.0102395	0.0174617	0.100962	0.994737
6.46667	0.218	0.955153	0.0126501	0.0505635	0.993901	-0.0980021	-0.99858	0.0519611	0.0117591	0.0167796	0.0972684	0.995117
6.5	0.217515	0.954902	0.0234455	0.0318578	0.995032	-0.0943204	-0.999376	0.0331551	0.0122191	0.0152856	0.0938723	0.995467
6.53333	0.216795	0.954382	0.0340989	0.0138597	0.995791	-0.0906013	-0.999819	0.0149802	0.0116989	0.0130069	0.0904228	0.995819
6.56667	0.215771	0.95368	0.0448307	-0.00326156	0.996299	-0.0858971	-0.999944	-0.0023803	0.0103599	0.010117	0.085926	0.99625
6.6	0.214397	0.952839	0.0556543	-0.019253	0.996581	-0.0803472	-0.999793	-0.0186566	0.00816735	0.00664042	0.0804878	0.996733
6.63333	0.212638	0.951735	0.0662945	-0.0333676	0.996638	-0.0748314	-0.999438	-0.0330282	0.00576873	0.00327779	0.0749819	0.99718
6.66667	0.210474	0.950345	0.076727	-0.0457218	0.996533	-0.0695115	-0.998954	-0.045633	0.00286616	-0.000315794	0.0695699	0.997577
6.7	0.20808	0.948827	0.087134	-0.0559713	0.996375	-0.0640657	-0.998417	-0.0562118	-0.00195568	-0.00554983	0.0638548	0.997944
6.73333	0.205671	0.947337	0.0978225	-0.0634556	0.996244	-0.0589093	-0.997912	-0.0640507	-0.00826697	-0.0120091	0.0582618	0.998229
6.76667	0.203251	0.946068	0.10897	-0.0685627	0.99623	-0.0531477	-0.997482	-0.0694221	-0.0144937	-0.0181287	0.0520202	0.998481
6.8	0.201084	0.945165	0.121001	-0.0714982	0.996487	-0.0436102	-0.99718	-0.0724105	-0.0197112	-0.0227998	0.0420779	0.998854
6.83333	0.198953	0.944689	0.134534	-0.0749116	0.996747	-0.0297197	-0.996843	-0.0756386	-0.0241421	-0.0263115	0.0278173	0.999267
6.86667	0.197007	0.944074	0.150025	-0.073782	0.997232	-0.00916695	-0.996889	-0.0740058	-0.0271032	-0.0277066	0.0071387	0.999591
6.9	0.194674	0.943054	0.167293	-0.0679662	0.997565	0.015648	-0.99732	-0.0675068	-0.0282209	-0.0270958	-0.0175242	0.999479
6.93333	0.191746	0.94166	0.186452	-0.0629919	0.997205	0.0401775	-0.997743	-0.0619863	-0.025802	-0.0232394	-0.0417121	0.998859
6.96667	0.187479	0.941106	0.205828	-0.0700103	0.996163	0.0525119	-0.997338	-0.0688222	-0.0241059	-0.0203995	-0.0540598	0.998329
7	0.182912	0.942535	0.226282	-0.0875059	0.994184	0.0627688	-0.996003	-0.0861868	-0.0234291	-0.017883	-0.0645682	0.997753
7.03333	0.177529	0.945954	0.246114	-0.103686	0.992122	0.0703132	-0.994473	-0.102241	-0.0238633	-0.0164864	-0.0723989	0.997239
7.06667	0.171444	0.949642	0.265482	-0.107761	0.990747	0.0825086	-0.994096	-0.106323	-0.0216359	-0.0126632	-0.084353	0.996355
7.1	0.164841	0.952288	0.284601	-0.109899	0.989201	0.0969704	-0.993893	-0.108397	-0.0206354	-0.0099012	-0.0986461	0.995073
7.13333	0.157965	0.953501	0.303819	-0.116853	0.987125	0.109226	-0.993103	-0.115074	-0.0224782	-0.00961966	-0.111099	0.993763
7.16667	0.1508	0.953521	0.322342	-0.125746	0.985515	0.113792	-0.992016	-0.1238	-0.0240416	-0.00960594	-0.115906	0.993214
7.2	0.143871	0.952904	0.339974	-0.134439	0.98397	0.117168	-0.99089	-0.132537	-0.0239146	-0.00800225	-0.119315	0.992824
7.23333	0.137501	0.952181	0.356647	-0.137831	0.982697	0.123727	-0.990446	-0.136195	-0.0216259	-0.00440074	-0.125526	0.992081
7.26667	0.131505	0.951794	0.372152	-0.133126	0.982788	0.128084	-0.991099	-0.131971	-0.0175035	-0.000298896	-0.129274	0.991609
7.3	0.126363	0.951896	0.386255	-0.120405	0.984313	0.128956	-0.99272	-0.119801	-0.0124618	0.00318275	-0.129518	0.991572
7.33333	0.122159	0.952519	0.399608	-0.100285	0.986787	0.127254	-0.994919	-0.100605	-0.00392618	0.00892806	-0.127001	0.991862
7.36667	0.118825	0.953357	0.412414	-0.0766445	0.989688	0.12101	-0.996948	-0.0778743	0.0054594	0.0148267	-0.120222	0.992636
7.4	0.116211	0.954147	0.424386	-0.0528623	0.992187	0.113005	-0.998419	-0.0546792	0.0130375	0.0191147	-0.112137	0.993509
7.43333	0.114263	0.954827	0.435789	-0.0297125	0.993886	0.106339	-0.999269	-0.0320954	0.0207674	0.0240535	-0.105644	0.994113
7.46667	0.113212	0.955338	0.447182	-0.00738646	0.994386	0.105551	-0.999502	-0.0105804	0.0297314	0.0306813	-0.105279	0.993969
7.5	0.112096	0.955251	0.456951	0.0163879	0.995179	0.0966968	-0.999327	0.0131278	0.034255	0.0328204	-0.0971931	0.994724
7.53333	0.111758	0.955293	0.467556	0.0371612	0.994908	0.0936853	-0.998683	0.033656	0.0387214	0.0353711	-0.0950008	0.994849
7.56667	0.111791	0.955362	0.478097	0.0583391	0.994207	0.0902756	-0.997499	0.054439	0.0450794	0.0399037	-0.0926797	0.994896
7.6	0.112174	0.955286	0.488712	0.0788968	0.99304	0.0874434	-0.995876	0.074572	0.0516728	0.0447923	-0.0911596	0.994828
7.63333	0.112932	0.954785	0.499432	0.0981402	0.991605	0.0841857	-0.993995	0.0935583	0.0567545	0.0484018	-0.0892501	0.994832
7.66667	0.114173	0.953895	0.510513	0.113875	0.990109	0.0819517	-0.99213	0.109008	0.0616117	0.052069	-0.0883228	0.99473
7.7	0.115423	0.952612	0.521652	0.128769	0.988816	0.0752381	-0.990162	0.124012	0.0648165	0.0547612	-0.0828442	0.995057
7.73333	0.116811	0.951163	0.53363	0.142508	0.987449	0.0680818	-0.988156	0.137981	0.0671447	0.0569081	-0.0768441	0.995418
7.76667	0.118234	0.949472	0.546145	0.15375	0.986354	0.0588842	-0.986357	0.149657	0.0685742	0.058826	-0.0686242	0.995907
7.8	0.119837	0.947633	0.55931	0.161893	0.98556	0.0496137	-0.98494	0.15829	0.0695476	0.06069	-0.0601258	0.996344
7.83333	0.12146	0.945585	0.57338	0.167359	0.985137	0.0386927	-0.983961	0.164444	0.069129	0.0617388	-0.0496415	0.996857
7.86667	0.12332	0.943248	0.5886	0.169997	0.985139	0.0245567	-0.983485	0.168036	0.0672374	0.0621117	-0.0355813	0.997435
7.9	0.125515	0.940476	0.605247	0.167932	0.985777	0.00652255	-0.983888	0.167191	0.0633397	0.0613483	-0.0170542	0.997971
7.93333	0.128286	0.93753	0.623318	0.161091	0.986827	-0.0148889	-0.985124	0.161691	0.0581921	0.059833	0.00529321	0.998194
7.96667	0.132371	0.935484	0.642397	0.160451	0.986518	-0.0322268	-0.985065	0.16211	0.058028	0.0624699	0.0224349	0.997795
8	0.137451	0.935475	0.661763	0.166736	0.985037	-0.0435989	-0.984131	0.16898	0.0541406	0.0606978	0.0338798	0.997581
8.03333	0.143165	0.938114	0.682021	0.18544	0.981235	-0.0528122	-0.980824	0.188106	0.050996	0.0599734	0.0423428	0.997301
8.06667	0.149681	0.94222	0.701793	0.196656	0.97887	-0.0560375	-0.978762	0.199366	0.0477299	0.0578933	0.045461	0.997287
8.1	0.156655	0.946392	0.72148	0.198082	0.97827	-0.0612544	-0.978433	0.201077	0.0472984	0.0585874	0.0505644	0.997001
8.13333	0.163699	0.94973	0.741369	0.197856	0.977955	-0.0667647	-0.978481	0.201112	0.0461393	0.0585493	0.0561991	0.996701
8.16667	0.170821	0.9522	0.761353	0.201104	0.977223	-0.0677744	-0.978097	0.204114	0.0407999	0.0537043	0.0580849	0.996866
8.2	0.17802	0.954032	0.780932	0.20504	0.976529	-0.0659573	-0.977601	0.207602	0.0345942	0.0474751	0.0573867	0.997223
8.23333	0.185517	0.955361	0.799685	0.209242	0.975941	-0.0612897	-0.976853	0.211464	0.0322626	0.044447	0.0531203	0.997598
8.26667	0.193273	0.956068	0.817042	0.214325	0.975213	-0.0549991	-0.975779	0.216295	0.0327399	0.0438244	0.04665	0.997949
8.3	0.200764	0.956381	0.832616	0.21654	0.974918	-0.0514369	-0.975265	0.21841	0.0339834	0.0443654	0.0428058	0.998098
8.33333	0.20733	0.956806	0.846399	0.207257	0.976942	-0.0512767	-0.977189	0.209222	0.0364463	0.0463342	0.0425532	0.998019
8.36667	0.212584	0.957801	0.859735	0.185207	0.981441	-0.049719	-0.981473	0.187266	0.040532	0.0490905	0.041291	0.99794
8.4	0.216735	0.959115	0.872838	0.159343	0.986309	-0.0424719	-0.986011	0.161131	0.0426602	0.0489198	0.0350801	0.998186
8.43333	0.220346	0.960448	0.885911	0.135198	0.990348	-0.0305264	-0.989651	0.13647	0.0443557	0.0480935	0.0242136	0.998549
8.46667	0.223427	0.96147	0.899155	0.111957	0.993539	-0.0186197	-0.992479	0.112731	0.0477205	0.0495112	0.013137	0.998687
8.5	0.225954	0.961957	0.912401	0.0901101	0.995903	-0.00753605	-0.994584	0.0903791	0.0513252	0.0517961	0.00287032	0.998654
8.53333	0.227954	0.962021	0.926083	0.0733965	0.997303	0.000799795	-0.995823	0.0732439	0.0545139	0.0543083	-0.00479759	0.998513
8.56667	0.229413	0.961831	0.939656	0.0578854	0.998281	0.00916541	-0.996715	0.0572687	0.0572731	0.0566498	-0.0124506	0.998316
8.6	0.230424	0.961521	0.95274	0.0428668	0.998958	0.0156386	-0.997344	0.0418643	0.059609	0.0588922	-0.0181523	0.998099
8.63333	0.231018	0.96107	0.965439	0.0281793	0.999382	0.0210014	-0.997813	0.0268659	0.0603967	0.0597952	-0.0226574	0.997953
8.66667	0.231254	0.960538	0.977825	0.0140613	0.999577	0.0254561	-0.998069	0.0124906	0.0608431	0.0604994	-0.0262625	0.997823
8.7	0.23138	0.959721	0.990102	0.00158875	0.999525	0.0307869	-0.998162	-0.000280266	0.0606088	0.0605886	-0.0308266	0.997687
8.73333	0.231043	0.958651	1.00211	-0.0101308	0.999359	0.0343423	-0.998211	-0.0121312	0.0585528	0.0589319	-0.0336877	0.997693
8.76667	0.230158	0.957283	1.01394	-0.0212116	0.999156	0.0351794	-0.998217	-0.0231289	0.0550198	0.055787	-0.0339497	0.997865
8.8	0.228863	0.955603	1.02571	-0.0319509	0.998898	0.034388	-0.998191	-0.0336436	0.0498266	0.0509286	-0.0327338	0.998166
8.83333	0.227335	0.953614	1.0373	-0.0404174	0.998655	0.0324785	-0.998207	-0.0417925	0.0428407	0.0441404	-0.0306887	0.998554
8.86667	0.225572	0.951363	1.04886	-0.047076	0.99845	0.0296862	-0.998234	-0.0481022	0.0348593	0.0362332	-0.0279927	0.998951
8.9	0.223718	0.94888	1.06103	-0.0531969	0.99821	0.0273398	-0.998221	-0.0538954	0.025479	0.0269069	-0.0259358	0.999301
8.93333	0.221783	0.945954	1.0743	-0.0581251	0.99795	0.02679	-0.998192	-0.0585086	0.0137612	0.0153005	-0.0259417	0.999546
8.96667	0.21996	0.942663	1.08866	-0.0586149	0.997857	0.0290777	-0.99828	-0.0586151	-0.000846945	0.000859262	-0.0290773	0.999577
9	0.218387	0.939532	1.10498	-0.0596794	0.997537	0.0368648	-0.998144	-0.0591853	-0.0143537	-0.0121365	-0.037653	0.999217
9.03333	0.217347	0.936345	1.12347	-0.0575995	0.996928	0.053078	-0.998098	-0.0563335	-0.0250479	-0.0219809	-0.0544198	0.998276
9.06667	0.21602	0.933176	1.14337	-0.0516787	0.995945	0.0736387	-0.998235	-0.0493556	-0.0330261	-0.0292577	-0.0752155	0.996738
9.1	0.214344	0.929954	1.16531	-0.0436112	0.994408	0.0961789	-0.998495	-0.0401812	-0.0373158	-0.0332426	-0.0976615	0.994664
9.13333	0.211725	0.927503	1.18827	-0.0490086	0.992434	0.112575	-0.998254	-0.0449506	-0.0383086	-0.0329585	-0.114255	0.992905
9.16667	0.208701	0.927143	1.21173	-0.0702832	0.990793	0.115716	-0.996873	-0.0655624	-0.0441136	-0.0361208	-0.118455	0.992302
9.2	0.204919	0.929175	1.23481	-0.0976292	0.989163	0.109663	-0.994447	-0.0926077	-0.0499985	-0.039301	-0.113936	0.99271
9.23333	0.200523	0.932082	1.25692	-0.111322	0.987418	0.112307	-0.993055	-0.106199	-0.0506323	-0.0380683	-0.117164	0.992383
9.26667	0.195663	0.934307	1.27798	-0.112639	0.985959	0.123274	-0.992872	-0.106818	-0.052874	-0.0389638	-0.128351	0.990963
9.3	0.191084	0.935493	1.29819	-0.117562	0.983178	0.139783	-0.992137	-0.110196	-0.0593457	-0.0429439	-0.145661	0.988402
9.33333	0.186752	0.93539	1.31672	-0.121182	0.980443	0.155067	-0.991578	-0.112375	-0.0643854	-0.0457005	-0.161564	0.985804
9.36667	0.183149	0.934692	1.3338	-0.12244	0.977387	0.172401	-0.991566	-0.113031	-0.0634113	-0.0424907	-0.178711	0.982984
9.4	0.179892	0.933942	1.3497	-0.112464	0.976616	0.183228	-0.992972	-0.103619	-0.057182	-0.0368589	-0.188371	0.981406
9.43333	0.176845	0.93399	1.36476	-0.0936272	0.978744	0.182468	-0.99503	-0.0857463	-0.0506292	-0.0339071	-0.186301	0.981907
9.46667	0.173812	0.934664	1.37935	-0.0701791	0.982638	0.171749	-0.996936	-0.0631254	-0.0461992	-0.0345553	-0.174465	0.984057
9.5	0.171072	0.935709	1.39369	-0.0457961	0.986349	0.158173	-0.998362	-0.0397543	-0.0411539	-0.034304	-0.159798	0.986554
9.53333	0.168636	0.936673	1.40778	-0.0213676	0.989127	0.145503	-0.999216	-0.0162764	-0.0360911	-0.0333304	-0.14616	0.988699
9.56667	0.166816	0.937334	1.42187	-0.000352877	0.990601	0.136784	-0.999494	0.00400109	-0.0315547	-0.0318054	-0.136726	0.990098
9.6	0.165384	0.937748	1.43596	0.0181718	0.991447	0.129239	-0.999428	0.0216994	-0.0259396	-0.0285222	-0.128694	0.991274
9.63333	0.16415	0.937975	1.45006	0.0362443	0.991964	0.121221	-0.999061	0.0388462	-0.0191695	-0.0237244	-0.120413	0.99244
9.66667	0.163246	0.938021	1.46417	0.0545638	0.991956	0.114219	-0.998314	0.0564611	-0.0134402	-0.019781	-0.113294	0.993365
9.7	0.162638	0.937847	1.47868	0.0728836	0.991651	0.106375	-0.997197	0.0742637	-0.00906596	-0.0168901	-0.105416	0.994285
9.73333	0.162424	0.937324	1.49319	0.0904953	0.990986	0.0987796	-0.995791	0.0914836	-0.00551274	-0.0144998	-0.097865	0.995094
9.76667	0.16268	0.936419	1.50757	0.106325	0.98997	0.093034	-0.994247	0.10707	-0.00303893	-0.0129696	-0.0921757	0.995658
9.8	0.163409	0.935227	1.52224	0.121016	0.988771	0.0876804	-0.992578	0.121604	-0.00138414	-0.0120309	-0.0868621	0.996148
9.83333	0.16458	0.93368	1.53707	0.134095	0.987442	0.0835213	-0.990893	0.13465	-0.00102158	-0.0122549	-0.0826236	0.996505
9.86667	0.166064	0.931787	1.55207	0.146599	0.985928	0.0803388	-0.989114	0.147147	-0.00091693	-0.0127257	-0.0793299	0.996767
9.9	0.167828	0.929521	1.56728	0.154025	0.985119	0.076274	-0.987972	0.154621	-0.00193616	-0.0137009	-0.0750583	0.997085
9.93333	0.169705	0.927119	1.58328	0.157477	0.985129	0.068722	-0.9874	0.158171	-0.00474249	-0.0155418	-0.0671093	0.997625
9.96667	0.171742	0.924825	1.60022	0.15892	0.985783	0.0545554	-0.987141	0.159618	-0.00866649	-0.0172513	-0.0524766	0.998473
10	0.174144	0.922936	1.61897	0.155644	0.987073	0.0382373	-0.987629	0.156246	-0.0132561	-0.0190592	-0.0357011	0.999181
10.0333	0.176754	0.921578	1.63922	0.151431	0.988288	0.018879	-0.988252	0.151769	-0.0180071	-0.0206614	-0.0159304	0.99966
10.0667	0.179622	0.920441	1.66182	0.148931	0.988835	-0.00506909	-0.988607	0.14878	-0.0228109	-0.021802	0.0084086	0.999727
10.1	0.183281	0.920314	1.6853	0.156454	0.987349	-0.0257672	-0.987533	0.155918	-0.0216518	-0.0173603	0.0288335	0.999433
10.1333	0.187214	0.92147	1.7103	0.166195	0.985265	-0.0404124	-0.985968	0.165381	-0.0227338	-0.0157153	0.0436236	0.998924
10.1667	0.191869	0.924476	1.73537	0.188252	0.980947	-0.0479932	-0.982043	0.187397	-0.0217817	-0.0123729	0.0512318	0.99861
10.2	0.197124	0.928252	1.76021	0.201438	0.977983	-0.0545244	-0.979472	0.200689	-0.0189376	-0.00757817	0.0572199	0.998333
10.2333	0.202713	0.931753	1.78451	0.208565	0.975727	-0.0667618	-0.978	0.207791	-0.0184154	-0.00409595	0.0691339	0.997599
10.2667	0.208993	0.934405	1.80823	0.216298	0.973321	-0.0765528	-0.976326	0.215518	-0.0184072	-0.00141762	0.078722	0.996896
10.3	0.215879	0.935713	1.83134	0.225821	0.970821	-0.0806898	-0.974168	0.225129	-0.0176966	0.000985321	0.0826017	0.996582
10.3333	0.22303	0.93588	1.853	0.234726	0.968494	-0.0831995	-0.972055	0.23417	-0.0165199	0.00348343	0.0847522	0.996396
10.3667	0.229968	0.935574	1.87208	0.237934	0.967158	-0.0894022	-0.971258	0.237557	-0.0149937	0.00673676	0.0904001	0.995883
10.4	0.235754	0.935399	1.88907	0.231967	0.967592	-0.0997828	-0.972691	0.23157	-0.0157098	0.00790596	0.100702	0.994885
10.4333	0.240145	0.935964	1.90498	0.21349	0.97131	-0.104776	-0.976912	0.21314	-0.0146585	0.00809395	0.105486	0.994388
10.4667	0.244055	0.937075	1.92055	0.189994	0.976724	-0.0995602	-0.981762	0.189704	-0.0124642	0.00671288	0.100113	0.994953
10.5	0.247975	0.938158	1.93577	0.164714	0.982483	-0.0871577	-0.986329	0.164506	-0.00960834	0.00489793	0.0875488	0.996148
10.5333	0.251382	0.938749	1.95106	0.142114	0.987055	-0.0743402	-0.989832	0.142164	-0.00465245	0.00597624	0.0742455	0.997222
10.5667	0.254476	0.938688	1.96643	0.123428	0.990514	-0.0603917	-0.99233	0.123617	-0.000615238	0.00685601	0.0600044	0.998175
10.6	0.257157	0.938231	1.98171	0.106896	0.993215	-0.0457971	-0.994246	0.107101	0.00201988	0.00691108	0.0453177	0.998949
10.6333	0.259442	0.937651	1.99683	0.0908429	0.995351	-0.0319839	-0.995835	0.0910444	0.00490084	0.00779001	0.0314054	0.999476
10.6667	0.261364	0.937062	2.01131	0.0727217	0.997178	-0.018655	-0.997304	0.0728898	0.00849274	0.00982853	0.0179871	0.99979
10.7	0.262516	0.936465	2.02552	0.0555192	0.998402	-0.0105034	-0.998388	0.0556367	0.0112418	0.0118082	0.00986229	0.999882
10.7333	0.263254	0.935874	2.03984	0.0385586	0.999253	-0.00250688	-0.999172	0.0385878	0.0128774	0.0129645	0.00200827	0.999914
10.7667	0.263468	0.935043	2.05379	0.0213587	0.999761	0.00455596	-0.999708	0.0213056	0.0113966	0.0112968	-0.00479805	0.999925
10.8	0.263116	0.934074	2.06767	0.00570891	0.999938	0.00953409	-0.999951	0.00563078	0.00820134	0.00814715	-0.00958044	0.999921
