0	0.919675	-0.39268	0	0.39268	0.919675	0	0	0	1
0.0333333	0.844297	-0.512374	-0.156958	0.503455	0.858761	-0.0951961	0.183566	0.00135239	0.983007
0.0666667	0.814839	-0.507708	-0.279766	0.47909	0.861524	-0.168076	0.326359	0.00292142	0.945241
0.1	0.787275	-0.497524	-0.364236	0.447758	0.867416	-0.217033	0.423923	0.00777517	0.905665
0.133333	0.765493	-0.486356	-0.421282	0.418101	0.873643	-0.248878	0.489093	0.0143757	0.872113
0.166667	0.749567	-0.476275	-0.459687	0.393291	0.879041	-0.269459	0.53242	0.0211869	0.846215
0.2	0.738149	-0.468095	-0.485822	0.373894	0.883259	-0.282943	0.561551	0.027208	0.826995
0.233333	0.731005	-0.461003	-0.503098	0.358591	0.886795	-0.291559	0.580554	0.0327243	0.813564
0.266667	0.726225	-0.455676	-0.51474	0.347395	0.889376	-0.2972	0.593224	0.0370158	0.804186
0.3	0.723333	-0.451982	-0.522018	0.339855	0.891127	-0.300651	0.601073	0.04006	0.79819
0.333333	0.721603	-0.449382	-0.526635	0.334719	0.892341	-0.302806	0.606013	0.0422315	0.794333
0.366667	0.720667	-0.447014	-0.529922	0.330401	0.893433	-0.304322	0.609486	0.0442279	0.791562
0.4	0.720261	-0.444924	-0.532228	0.326834	0.894386	-0.305374	0.611885	0.0459987	0.789608
0.433333	0.7204	-0.442749	-0.533851	0.323442	0.895368	-0.306106	0.613522	0.0478492	0.788227
0.466667	0.7208	-0.440932	-0.534814	0.320775	0.89618	-0.306537	0.614452	0.0493968	0.787406
0.5	0.721498	-0.440029	-0.534617	0.319736	0.896581	-0.306449	0.614174	0.0501664	0.787575
0.533333	0.721903	-0.439357	-0.534623	0.318898	0.896879	-0.306452	0.614133	0.050738	0.787569
0.566667	0.722448	-0.438411	-0.534663	0.317707	0.897295	-0.306469	0.61411	0.0515421	0.787535
0.6	0.722588	-0.438075	-0.534749	0.317252	0.897443	-0.306507	0.61418	0.051828	0.787462
0.633333	0.722995	-0.437586	-0.5346	0.316709	0.897658	-0.306442	0.613982	0.0522434	0.787589
0.666667	0.723343	-0.436966	-0.534635	0.315924	0.897929	-0.306457	0.613976	0.0527699	0.787559
0.7	0.723797	-0.436152	-0.534686	0.314893	0.898283	-0.306479	0.613971	0.0534601	0.787516
0.733333	0.723992	-0.43548	-0.53497	0.313938	0.898575	-0.306603	0.61423	0.0540306	0.787275
0.766667	0.724204	-0.434877	-0.535174	0.313103	0.898837	-0.306691	0.614406	0.0545426	0.787102
0.8	0.724359	-0.434299	-0.535432	0.312276	0.899086	-0.306803	0.614644	0.0550326	0.786883
0.833333	0.724318	-0.433677	-0.535991	0.311267	0.899354	-0.307043	0.615204	0.0555604	0.786408
0.866667	0.724328	-0.433073	-0.536466	0.310316	0.899613	-0.307247	0.615673	0.0560738	0.786005
0.9	0.724599	-0.432507	-0.536557	0.309574	0.899855	-0.307286	0.615727	0.0565547	0.785927
0.933333	0.724617	-0.432308	-0.536693	0.309269	0.89994	-0.307344	0.615859	0.0567239	0.785812
0.966667	0.724711	-0.432064	-0.536763	0.308936	0.900044	-0.307374	0.615915	0.0569317	0.785752
1	0.724764	-0.431588	-0.537074	0.308214	0.900247	-0.307506	0.616215	0.0573358	0.785488
1.03333	0.725039	-0.430812	-0.537326	0.307143	0.900576	-0.307613	0.616427	0.0579955	0.785273
1.06667	0.725632	-0.430091	-0.537103	0.306342	0.900881	-0.307519	0.616127	0.0586082	0.785463
1.1	0.72561	-0.43022	-0.53703	0.306533	0.900827	-0.307488	0.616058	0.0584988	0.785525
1.13333	0.725013	-0.43086	-0.537322	0.307204	0.900556	-0.307612	0.616426	0.057955	0.785277
1.16667	0.724586	-0.431573	-0.537327	0.308088	0.900253	-0.307614	0.616488	0.0573488	0.785273
1.2	0.724642	-0.431888	-0.536998	0.308618	0.900119	-0.307474	0.616157	0.0570809	0.785552
1.23333	0.724491	-0.432211	-0.536941	0.309044	0.899981	-0.30745	0.61612	0.0568058	0.785601
1.26667	0.724069	-0.432412	-0.537349	0.30912	0.899896	-0.307623	0.616578	0.0566352	0.785254
1.3	0.723895	-0.432516	-0.5375	0.309186	0.899851	-0.307688	0.61675	0.0565462	0.785125
1.33333	0.723701	-0.433086	-0.537301	0.309979	0.899607	-0.307603	0.616579	0.0560607	0.785295
1.36667	0.723369	-0.433671	-0.537277	0.310717	0.899356	-0.307593	0.616598	0.0555621	0.785315
1.4	0.723299	-0.434196	-0.536947	0.31151	0.899131	-0.307451	0.61628	0.0551145	0.785597
1.43333	0.723267	-0.434302	-0.536905	0.311659	0.899085	-0.307432	0.616242	0.0550244	0.785633
1.46667	0.723158	-0.434724	-0.53671	0.312267	0.898903	-0.307348	0.616062	0.0546647	0.785798
1.5	0.723093	-0.435086	-0.536504	0.312804	0.898746	-0.307259	0.615865	0.0543563	0.785974
1.53333	0.723326	-0.435249	-0.536058	0.313196	0.898676	-0.307066	0.615393	0.0542179	0.786354
1.56667	0.723366	-0.435605	-0.535714	0.313784	0.898522	-0.306917	0.615046	0.053915	0.786646
1.6	0.72408	-0.435575	-0.534774	0.314145	0.898535	-0.306509	0.614021	0.0539411	0.787445
1.63333	0.724418	-0.435516	-0.534364	0.314245	0.89856	-0.306332	0.61357	0.0539908	0.787792
1.66667	0.724809	-0.435556	-0.533801	0.314533	0.898543	-0.306087	0.612961	0.0539571	0.788269
1.7	0.725143	-0.435741	-0.533195	0.315018	0.898463	-0.305824	0.612316	0.0538002	0.788781
1.73333	0.72526	-0.435839	-0.532957	0.315239	0.89842	-0.305721	0.612064	0.0537181	0.788982
1.76667	0.725642	-0.435741	-0.532516	0.315304	0.898463	-0.305529	0.611578	0.0538006	0.789353
1.8	0.725775	-0.435811	-0.532278	0.31549	0.898433	-0.305426	0.611324	0.0537418	0.789554
1.83333	0.725544	-0.436236	-0.532245	0.316031	0.898248	-0.305411	0.611319	0.0533837	0.789582
1.86667	0.725534	-0.436417	-0.532109	0.316312	0.898169	-0.305352	0.611185	0.0532308	0.789696
1.9	0.725544	-0.436438	-0.532078	0.316351	0.898159	-0.305339	0.611153	0.0532134	0.789722
1.93333	0.725245	-0.436975	-0.532045	0.31703	0.897925	-0.305324	0.611156	0.0527606	0.78975
1.96667	0.724767	-0.437381	-0.532364	0.317399	0.897747	-0.305464	0.611532	0.0524182	0.789481
2	0.724885	-0.437229	-0.532327	0.317226	0.897814	-0.305447	0.611481	0.0525463	0.789513
2.03333	0.726181	-0.436068	-0.531513	0.316131	0.898321	-0.305092	0.61051	0.0535242	0.790198
2.06667	0.72912	-0.433287	-0.52976	0.31343	0.899524	-0.304333	0.608396	0.0558525	0.791666
2.1	0.732907	-0.429667	-0.527479	0.309922	0.901067	-0.303359	0.605637	0.0588564	0.793561
2.13333	0.737695	-0.424728	-0.524798	0.304967	0.903133	-0.302236	0.60233	0.0629121	0.795764
2.16667	0.743015	-0.418147	-0.522572	0.297835	0.905812	-0.301329	0.599352	0.0682515	0.797571
2.2	0.748719	-0.409757	-0.521076	0.288232	0.909108	-0.30074	0.596944	0.074979	0.798771
2.23333	0.754316	-0.400039	-0.520553	0.276663	0.91276	-0.300542	0.595369	0.082686	0.799186
2.26667	0.759069	-0.390813	-0.520653	0.265476	0.916066	-0.300577	0.594422	0.0899375	0.799108
2.3	0.762396	-0.384054	-0.520821	0.257261	0.918388	-0.300633	0.593775	0.0952145	0.798978
2.33333	0.764108	-0.380085	-0.521224	0.252324	0.919713	-0.300767	0.593693	0.0983014	0.798665
2.36667	0.763239	-0.379545	-0.522887	0.251018	0.919891	-0.301315	0.595362	0.0987215	0.79737
2.4	0.762544	-0.379375	-0.524024	0.250363	0.919947	-0.301688	0.596527	0.0988542	0.796482
2.43333	0.762314	-0.378564	-0.524945	0.24902	0.920213	-0.30199	0.597384	0.0994892	0.795761
2.46667	0.761333	-0.378096	-0.526703	0.247757	0.920365	-0.302563	0.599157	0.0998566	0.79438
2.5	0.760303	-0.378475	-0.527917	0.247732	0.920242	-0.302958	0.600473	0.0995578	0.793423
2.53333	0.759625	-0.378931	-0.528566	0.248026	0.920093	-0.30317	0.60121	0.0991972	0.79291
2.56667	0.75864	-0.37923	-0.529764	0.247909	0.919996	-0.303561	0.6025	0.0989603	0.79196
2.6	0.757019	-0.380741	-0.530997	0.24925	0.9195	-0.303966	0.603984	0.097757	0.790979
2.63333	0.756027	-0.38329	-0.530577	0.252514	0.918655	-0.303827	0.603871	0.095723	0.791313
2.66667	0.753709	-0.387236	-0.531009	0.25714	0.917322	-0.303972	0.604815	0.0925629	0.790968
2.7	0.749741	-0.392681	-0.532626	0.263123	0.915438	-0.304531	0.60717	0.0881734	0.789665
2.73333	0.746918	-0.398649	-0.532158	0.270606	0.91331	-0.304365	0.60736	0.0833304	0.790044
2.76667	0.744704	-0.405597	-0.530006	0.279978	0.910745	-0.303571	0.605828	0.0776803	0.791794
2.8	0.741492	-0.415043	-0.527189	0.292682	0.907106	-0.302485	0.603761	0.0699912	0.794087
2.83333	0.736411	-0.428636	-0.523422	0.310858	0.901555	-0.300942	0.600888	0.0589072	0.797159
2.86667	0.73215	-0.440239	-0.519756	0.326566	0.896519	-0.299347	0.597755	0.0494321	0.800153
2.9	0.728439	-0.448189	-0.518173	0.336957	0.892908	-0.298623	0.59652	0.0429269	0.80145
2.93333	0.722321	-0.455489	-0.520367	0.345026	0.889476	-0.299648	0.59934	0.0369018	0.799643
2.96667	0.712623	-0.46466	-0.525603	0.354176	0.885008	-0.302193	0.60558	0.0291936	0.795249
3	0.702263	-0.473126	-0.531958	0.362013	0.880723	-0.305408	0.613004	0.021901	0.789776
3.03333	0.692295	-0.479132	-0.539593	0.366218	0.877586	-0.309398	0.621781	0.016586	0.783015
3.06667	0.682667	-0.482429	-0.548843	0.366221	0.87583	-0.314332	0.632336	0.0135857	0.774575
3.1	0.673043	-0.484169	-0.5591	0.363664	0.874893	-0.319862	0.64402	0.0119563	0.764915
3.13333	0.663526	-0.484381	-0.570182	0.35858	0.874778	-0.325858	0.656622	0.0117591	0.754128
3.16667	0.654774	-0.482952	-0.581402	0.351079	0.875547	-0.331904	0.669339	0.0132038	0.74284
3.2	0.646555	-0.481296	-0.591879	0.343458	0.876431	-0.337499	0.681178	0.0149265	0.731966
3.23333	0.641048	-0.47778	-0.600653	0.334032	0.878281	-0.342118	0.690999	0.0186763	0.722615
3.26667	0.637776	-0.473467	-0.607511	0.324414	0.880502	-0.345648	0.698568	0.0233609	0.715163
3.3	0.636878	-0.469167	-0.611774	0.316149	0.882663	-0.347788	0.703161	0.0280866	0.710476
3.33333	0.635703	-0.467534	-0.614242	0.312533	0.883469	-0.349006	0.705836	0.0298931	0.707744
3.36667	0.635407	-0.46727	-0.61475	0.311887	0.883599	-0.349255	0.706389	0.0301867	0.70718
3.4	0.638987	-0.466029	-0.611975	0.311684	0.884207	-0.347896	0.703241	0.0315578	0.71025
3.43333	0.647863	-0.46225	-0.605474	0.309989	0.886032	-0.344751	0.695831	0.0356614	0.71732
3.46667	0.660564	-0.456746	-0.595851	0.307566	0.88863	-0.340205	0.684878	0.041464	0.727477
3.5	0.674081	-0.451305	-0.584755	0.305928	0.891131	-0.335101	0.672327	0.0469917	0.738762
3.53333	0.686642	-0.447191	-0.573187	0.306188	0.892983	-0.329895	0.659372	0.0510169	0.750084
3.56667	0.697286	-0.445113	-0.561842	0.308874	0.893906	-0.324853	0.646831	0.0529771	0.760791
3.6	0.706456	-0.445121	-0.550261	0.314201	0.893902	-0.319713	0.634191	0.0529709	0.77136
3.63333	0.710417	-0.448857	-0.542066	0.322586	0.892223	-0.316032	0.625497	0.0496516	0.778645
3.66667	0.71208	-0.453475	-0.536006	0.331053	0.890101	-0.313248	0.619149	0.0456116	0.783948
3.7	0.711691	-0.458224	-0.532471	0.338534	0.887868	-0.311586	0.61554	0.0414936	0.787012
3.73333	0.709632	-0.4627	-0.531349	0.344611	0.885716	-0.311047	0.614546	0.03762	0.787984
3.76667	0.709751	-0.465667	-0.52859	0.349517	0.884265	-0.309698	0.61163	0.0350566	0.790367
3.8	0.70932	-0.468681	-0.5265	0.354181	0.882771	-0.308661	0.609443	0.0324629	0.792165
3.83333	0.710156	-0.470435	-0.523802	0.357533	0.881891	-0.307308	0.606505	0.0309603	0.794477
3.86667	0.708561	-0.473393	-0.523298	0.361426	0.880392	-0.307051	0.606064	0.0284308	0.794908
3.9	0.706093	-0.47714	-0.52323	0.366116	0.878465	-0.307015	0.606128	0.0252186	0.794967
3.93333	0.703199	-0.480901	-0.523684	0.370601	0.876499	-0.307252	0.606767	0.0219821	0.794576
3.96667	0.700365	-0.483365	-0.525212	0.373005	0.875194	-0.308063	0.608569	0.0198499	0.793253
4	0.698999	-0.483056	-0.527312	0.37169	0.875358	-0.309183	0.61094	0.0201215	0.791422
4.03333	0.700902	-0.477707	-0.529653	0.363954	0.878169	-0.310414	0.613412	0.0248004	0.789374
4.06667	0.705815	-0.467083	-0.532596	0.349349	0.883556	-0.311904	0.616263	0.034085	0.786802
4.1	0.712714	-0.453135	-0.535451	0.330652	0.890243	-0.313268	0.618634	0.0462225	0.784319
4.13333	0.720721	-0.438064	-0.537273	0.311066	0.89699	-0.314081	0.619516	0.0592377	0.782746
4.16667	0.727513	-0.423965	-0.539424	0.292609	0.902866	-0.31498	0.620568	0.0713118	0.780903
4.2	0.72995	-0.413883	-0.543943	0.278129	0.906814	-0.316753	0.624354	0.0799277	0.777042
4.23333	0.72601	-0.407565	-0.553895	0.265889	0.909175	-0.320475	0.634202	0.0853936	0.768437
4.26667	0.714945	-0.405507	-0.569577	0.256248	0.90992	-0.326163	0.650531	0.0872355	0.754453
4.3	0.698447	-0.406372	-0.589095	0.24825	0.90961	-0.333139	0.671225	0.0864367	0.736197
4.33333	0.679728	-0.407924	-0.609564	0.240288	0.909059	-0.340403	0.692988	0.0849103	0.715932
4.36667	0.66378	-0.408546	-0.626487	0.232472	0.908839	-0.346363	0.710881	0.0842687	0.698245
4.4	0.654246	-0.408651	-0.63637	0.227394	0.908802	-0.349814	0.721286	0.0841579	0.687505
4.43333	0.651935	-0.407898	-0.639218	0.224819	0.909063	-0.3508	0.72418	0.0849906	0.684354
4.46667	0.657892	-0.406072	-0.634259	0.224936	0.90969	-0.349095	0.718737	0.0869991	0.689818
4.5	0.671706	-0.402301	-0.622065	0.22614	0.91097	-0.344955	0.705458	0.0910342	0.702881
4.53333	0.690702	-0.39584	-0.605179	0.225972	0.913115	-0.33935	0.686926	0.097636	0.720139
4.56667	0.712089	-0.38676	-0.585958	0.223345	0.916022	-0.333196	0.665618	0.106394	0.73867
4.6	0.731969	-0.377591	-0.56714	0.220296	0.918838	-0.327424	0.644742	0.114725	0.755742
4.63333	0.745899	-0.373155	-0.551715	0.221555	0.920163	-0.322822	0.62813	0.118558	0.769023
4.66667	0.752562	-0.375174	-0.541197	0.228538	0.919555	-0.31967	0.617593	0.116887	0.777764
4.7	0.754452	-0.383254	-0.532841	0.241912	0.917032	-0.317065	0.610149	0.11031	0.78457
4.73333	0.753428	-0.397305	-0.523922	0.262689	0.91233	-0.314084	0.602777	0.0990114	0.791743
4.76667	0.749893	-0.415697	-0.514642	0.288785	0.905583	-0.310682	0.595201	0.0843572	0.799137
4.8	0.744802	-0.436471	-0.504741	0.317931	0.897151	-0.306661	0.586677	0.0679293	0.806967
4.83333	0.740489	-0.456183	-0.493531	0.346221	0.888336	-0.301645	0.576027	0.0524942	0.815743
4.86667	0.738424	-0.471644	-0.481956	0.369395	0.880855	-0.296042	0.56416	0.0405725	0.824668
4.9	0.731407	-0.485836	-0.478546	0.387709	0.873545	-0.294279	0.561003	0.029701	0.827281
4.93333	0.725053	-0.499263	-0.474378	0.405431	0.866234	-0.292001	0.556708	0.0193888	0.830482
4.96667	0.716145	-0.512357	-0.473948	0.421282	0.858723	-0.291748	0.556469	0.00926817	0.830816
5	0.70476	-0.523648	-0.47865	0.432935	0.851934	-0.294576	0.562032	0.000380747	0.827115
5.03333	0.692828	-0.531119	-0.487753	0.438138	0.847278	-0.300256	0.572734	-0.00567723	0.819722
5.06667	0.681863	-0.535821	-0.497955	0.439413	0.844277	-0.306778	0.58479	-0.0096268	0.811128
5.1	0.671173	-0.53584	-0.512252	0.432845	0.844265	-0.316011	0.601808	-0.0096274	0.798583
5.13333	0.660633	-0.53377	-0.527877	0.422673	0.845595	-0.326063	0.620413	-0.00771102	0.784238
5.16667	0.649441	-0.529294	-0.545963	0.407712	0.848432	-0.337542	0.641871	-0.00338195	0.766805
5.2	0.638868	-0.524018	-0.563251	0.391538	0.851705	-0.348278	0.662228	0.00196981	0.7493
5.23333	0.629967	-0.518965	-0.577769	0.376667	0.854764	-0.357073	0.679164	0.00731766	0.73395
5.26667	0.62373	-0.514264	-0.588638	0.363996	0.857542	-0.363496	0.691714	0.0124612	0.722064
5.3	0.619163	-0.51098	-0.596269	0.354969	0.859441	-0.36791	0.700453	0.0161392	0.713516
5.33333	0.616638	-0.508432	-0.601045	0.348569	0.860892	-0.370628	0.705873	0.0190375	0.708082
5.36667	0.616267	-0.505802	-0.603639	0.343333	0.862368	-0.372081	0.708758	0.0220526	0.705107
5.4	0.618212	-0.502931	-0.604049	0.339073	0.863955	-0.372306	0.709115	0.0253473	0.704637
5.43333	0.621721	-0.499638	-0.603179	0.335003	0.865745	-0.371831	0.70798	0.0291082	0.705632
5.46667	0.626336	-0.496481	-0.601008	0.331912	0.867432	-0.370669	0.705363	0.0326817	0.708092
5.5	0.630992	-0.493855	-0.598294	0.329885	0.868814	-0.369239	0.702157	0.0356184	0.711131
5.53333	0.635741	-0.491519	-0.595183	0.328489	0.870029	-0.367621	0.698519	0.0382004	0.714571
5.56667	0.641373	-0.488805	-0.591363	0.326984	0.871422	-0.365658	0.694062	0.041157	0.718737
5.6	0.649305	-0.485428	-0.58546	0.325753	0.87313	-0.36267	0.687232	0.0447683	0.725057
5.63333	0.658149	-0.481879	-0.578475	0.324867	0.874896	-0.359191	0.679192	0.0484736	0.732358
5.66667	0.667046	-0.478669	-0.570899	0.324713	0.87647	-0.355475	0.67053	0.0517404	0.740076
5.7	0.67725	-0.476463	-0.560639	0.327223	0.87754	-0.350499	0.658983	0.0539216	0.750223
5.73333	0.68802	-0.475714	-0.54802	0.332682	0.877902	-0.3444	0.644943	0.0546378	0.762275
5.76667	0.698191	-0.476248	-0.534526	0.339998	0.877642	-0.337854	0.630025	0.0541492	0.774685
5.8	0.705095	-0.479726	-0.522211	0.350217	0.875931	-0.331801	0.616595	0.0510641	0.785623
5.83333	0.709053	-0.486077	-0.510856	0.36335	0.872726	-0.326076	0.604335	0.0455855	0.795425
5.86667	0.714502	-0.491078	-0.498327	0.375149	0.870132	-0.319584	0.59055	0.0413965	0.805938
5.9	0.721265	-0.493787	-0.485748	0.383967	0.868699	-0.31294	0.576494	0.0392017	0.81616
5.93333	0.728375	-0.494347	-0.474438	0.389472	0.8684	-0.30691	0.563722	0.0387657	0.825054
5.96667	0.735624	-0.49198	-0.465632	0.390323	0.86966	-0.302223	0.553629	0.0405754	0.831774
6	0.740388	-0.48922	-0.460966	0.38897	0.871118	-0.29976	0.548204	0.0426369	0.835257
6.03333	0.742161	-0.488125	-0.459272	0.388368	0.871692	-0.298871	0.54623	0.0434441	0.836508
6.06667	0.739462	-0.487239	-0.464537	0.385187	0.872154	-0.301625	0.552112	0.0441067	0.832603
6.1	0.736196	-0.483568	-0.473474	0.377154	0.87405	-0.306254	0.561935	0.0468908	0.825851
6.13333	0.7327	-0.476439	-0.48596	0.36338	0.877643	-0.312566	0.575418	0.0524292	0.816178
6.16667	0.727823	-0.467134	-0.502055	0.345178	0.882156	-0.320396	0.592558	0.0598931	0.803298
6.2	0.724674	-0.45605	-0.51659	0.325185	0.88727	-0.327119	0.607538	0.0690672	0.791282
6.23333	0.72407	-0.44326	-0.528435	0.304072	0.892825	-0.332271	0.619082	0.0799058	0.781251
6.26667	0.725098	-0.430098	-0.537819	0.283474	0.898161	-0.33608	0.627595	0.0912332	0.773176
6.3	0.72557	-0.418279	-0.546434	0.26479	0.902627	-0.339339	0.635165	0.101524	0.765675
6.33333	0.724015	-0.409427	-0.555132	0.249655	0.905768	-0.342427	0.64302	0.109331	0.758006
6.36667	0.720419	-0.403414	-0.56414	0.237815	0.907797	-0.345468	0.651491	0.114721	0.749932
6.4	0.714606	-0.399977	-0.573895	0.228745	0.908915	-0.34864	0.66107	0.117865	0.741009
6.43333	0.706853	-0.39854	-0.584401	0.221728	0.90937	-0.351969	0.671711	0.119213	0.731158
6.46667	0.698424	-0.398119	-0.594731	0.215986	0.909501	-0.355186	0.682316	0.119617	0.721205
6.5	0.691126	-0.397247	-0.603772	0.210205	0.909769	-0.357958	0.691491	0.120478	0.712268
6.53333	0.686855	-0.395505	-0.609759	0.204789	0.910294	-0.359758	0.697346	0.12223	0.706235
6.56667	0.686116	-0.393762	-0.611716	0.201452	0.91081	-0.360336	0.699044	0.124001	0.704245
6.6	0.689639	-0.39134	-0.609304	0.199504	0.911516	-0.359634	0.69613	0.126459	0.706691
6.63333	0.697511	-0.387859	-0.602531	0.198425	0.912514	-0.357695	0.688553	0.129939	0.71345
6.66667	0.710647	-0.382054	-0.590776	0.196835	0.914142	-0.354401	0.675454	0.135568	0.724834
6.7	0.727058	-0.376307	-0.574264	0.197605	0.915718	-0.349875	0.657524	0.140902	0.740141
6.73333	0.742781	-0.371961	-0.556706	0.200484	0.916894	-0.345125	0.638814	0.144741	0.755624
6.76667	0.756003	-0.371108	-0.539201	0.207442	0.917125	-0.340367	0.620828	0.145466	0.770333
6.8	0.766688	-0.373151	-0.522444	0.217335	0.916554	-0.3357	0.604115	0.143832	0.78381
6.83333	0.776301	-0.377395	-0.504906	0.229943	0.915322	-0.330623	0.586927	0.140563	0.797345
6.86667	0.782128	-0.384541	-0.490311	0.244474	0.913146	-0.326184	0.573157	0.135249	0.808207
6.9	0.782449	-0.396553	-0.480124	0.262692	0.909252	-0.322883	0.564594	0.126515	0.815615
6.93333	0.777522	-0.413851	-0.473483	0.285531	0.903174	-0.320545	0.560296	0.114037	0.820405
6.96667	0.767544	-0.435851	-0.470011	0.312569	0.894658	-0.319199	0.559622	0.0980884	0.822923
7	0.755556	-0.460599	-0.465814	0.343224	0.884002	-0.317392	0.557971	0.0799294	0.826002
7.03333	0.741779	-0.490015	-0.457874	0.381023	0.869774	-0.313551	0.551892	0.0581251	0.831887
7.06667	0.726152	-0.523623	-0.445558	0.425637	0.851306	-0.306776	0.539941	0.0331197	0.841051
7.1	0.71097	-0.554138	-0.432959	0.466702	0.832359	-0.298944	0.526033	0.0104774	0.8504
7.13333	0.699514	-0.575916	-0.423085	0.496319	0.81749	-0.292195	0.514147	-0.00559068	0.857684
7.16667	0.690701	-0.589813	-0.418393	0.514527	0.807385	-0.288776	0.508128	-0.015816	0.861136
7.2	0.678269	-0.602656	-0.420425	0.528724	0.797598	-0.290325	0.510297	-0.02537	0.859624
7.23333	0.662262	-0.614432	-0.428816	0.538967	0.788219	-0.297027	0.520504	-0.0344082	0.853166
7.26667	0.646881	-0.620826	-0.442854	0.540125	0.78295	-0.308633	0.538339	-0.0395478	0.8418
7.3	0.63385	-0.620048	-0.462357	0.529495	0.783602	-0.324966	0.563799	-0.0388357	0.824999
7.33333	0.623192	-0.613431	-0.485113	0.509078	0.789071	-0.343811	0.593693	-0.0326997	0.804027
7.36667	0.614263	-0.602916	-0.50909	0.481876	0.797492	-0.363044	0.624881	-0.022314	0.780401
7.4	0.605867	-0.591009	-0.532573	0.451883	0.806605	-0.381038	0.654773	-0.00980273	0.755762
7.43333	0.598254	-0.578488	-0.554477	0.420846	0.815681	-0.39693	0.681896	0.00411569	0.731438
7.46667	0.591104	-0.567124	-0.573556	0.392231	0.823449	-0.409983	0.704806	0.017376	0.709188
7.5	0.584882	-0.556963	-0.589665	0.36657	0.830005	-0.420378	0.72356	0.0297182	0.689622
7.53333	0.580767	-0.547831	-0.602156	0.344436	0.835576	-0.427991	0.737614	0.0411592	0.673967
7.56667	0.578614	-0.540555	-0.610743	0.327553	0.839794	-0.432961	0.746937	0.050467	0.662977
7.6	0.579791	-0.534675	-0.614789	0.315988	0.843061	-0.435202	0.750996	0.0580602	0.65775
7.63333	0.585089	-0.529474	-0.614271	0.308842	0.845852	-0.434916	0.749858	0.0647521	0.658422
7.66667	0.594759	-0.524749	-0.609016	0.305924	0.848314	-0.432173	0.743419	0.0707258	0.665075
7.7	0.608596	-0.520435	-0.598964	0.307014	0.850511	-0.427052	0.731678	0.0760123	0.677399
7.73333	0.624393	-0.518115	-0.584543	0.313712	0.851679	-0.419795	0.715345	0.0787382	0.694321
7.76667	0.642272	-0.516953	-0.565903	0.324362	0.852264	-0.410409	0.694461	0.080037	0.715065
7.8	0.660277	-0.517448	-0.544318	0.338424	0.852011	-0.399433	0.67045	0.0795259	0.73768
7.83333	0.677843	-0.519668	-0.520072	0.355488	0.850859	-0.386869	0.643551	0.0773571	0.761484
7.86667	0.691393	-0.523395	-0.49803	0.372371	0.848877	-0.375164	0.619125	0.0739333	0.781804
7.9	0.701361	-0.529906	-0.476752	0.391571	0.845304	-0.3635	0.595622	0.0682628	0.800359
7.93333	0.704792	-0.541299	-0.458545	0.414492	0.838774	-0.353066	0.57573	0.0587747	0.815525
7.96667	0.703907	-0.553856	-0.444701	0.436236	0.831191	-0.344703	0.560547	0.0486445	0.826693
8	0.701663	-0.563885	-0.435549	0.452506	0.824849	-0.338913	0.550371	0.0407144	0.833927
8.03333	0.698909	-0.570833	-0.430901	0.462909	0.820308	-0.335872	0.545199	0.0352761	0.837564
8.06667	0.694714	-0.575762	-0.431128	0.468593	0.817014	-0.33602	0.545705	0.031414	0.837389
8.1	0.687865	-0.580244	-0.436072	0.471467	0.813966	-0.339378	0.55187	0.0278529	0.833465
8.13333	0.678555	-0.583462	-0.446246	0.470189	0.811749	-0.346391	0.564346	0.0252255	0.825153
8.16667	0.666286	-0.585925	-0.461253	0.465305	0.810035	-0.356839	0.582712	0.0231338	0.812349
8.2	0.653528	-0.58709	-0.47773	0.457669	0.80922	-0.368379	0.60286	0.0221039	0.797541
8.23333	0.640819	-0.586527	-0.495315	0.446772	0.809613	-0.380686	0.624296	0.0226582	0.780859
8.26667	0.630233	-0.583674	-0.511988	0.432978	0.811587	-0.392245	0.644466	0.0255258	0.764207
8.3	0.622843	-0.577849	-0.527406	0.415622	0.815531	-0.4027	0.662816	0.031617	0.748115
8.33333	0.619512	-0.569479	-0.540276	0.396161	0.821	-0.411114	0.677688	0.040654	0.734225
8.36667	0.618098	-0.561158	-0.550506	0.378239	0.826207	-0.417513	0.689123	0.0498412	0.722929
8.4	0.618324	-0.553835	-0.557621	0.363602	0.830601	-0.421778	0.696756	0.0580435	0.714956
8.43333	0.620447	-0.547401	-0.561603	0.352239	0.834319	-0.424074	0.700695	0.065297	0.710466
8.46667	0.625002	-0.541123	-0.562635	0.343112	0.837825	-0.424646	0.701176	0.0723578	0.709308
8.5	0.632046	-0.535601	-0.560044	0.337488	0.840815	-0.42324	0.697581	0.0784991	0.712193
8.53333	0.639701	-0.530696	-0.556008	0.333673	0.843404	-0.421108	0.69242	0.0838584	0.716605
8.56667	0.646639	-0.527809	-0.550704	0.333346	0.844901	-0.418358	0.686103	0.0869511	0.722289
8.6	0.653931	-0.525792	-0.543982	0.335032	0.845937	-0.414902	0.678327	0.0890664	0.729342
8.63333	0.661951	-0.523392	-0.536547	0.33661	0.847162	-0.411107	0.669712	0.0915257	0.736959
8.66667	0.669543	-0.521768	-0.528649	0.339395	0.847987	-0.407099	0.660699	0.0931497	0.744849
8.7	0.675257	-0.520975	-0.522124	0.342328	0.848388	-0.403793	0.65333	0.0939261	0.751225
8.73333	0.679985	-0.520246	-0.516686	0.344643	0.848758	-0.401038	0.64718	0.0946277	0.756442
8.76667	0.684589	-0.517753	-0.513099	0.343641	0.850015	-0.399231	0.642844	0.096987	0.759832
8.8	0.689313	-0.514233	-0.510306	0.3409	0.851769	-0.397841	0.639246	0.100274	0.762437
8.83333	0.69381	-0.509386	-0.509071	0.335631	0.854139	-0.397238	0.637165	0.104748	0.763577
8.86667	0.697806	-0.503818	-0.50915	0.32874	0.856797	-0.397276	0.636393	0.109843	0.763504
8.9	0.703172	-0.497139	-0.508333	0.32102	0.859895	-0.396896	0.634426	0.115901	0.764246
8.93333	0.711162	-0.488198	-0.505877	0.3115	0.863894	-0.395796	0.630251	0.123894	0.766442
8.96667	0.72136	-0.47675	-0.502344	0.299603	0.868778	-0.394288	0.624402	0.13392	0.769538
9	0.733636	-0.464644	-0.495867	0.288604	0.873672	-0.39167	0.615212	0.144234	0.775055
9.03333	0.745808	-0.453639	-0.487834	0.279808	0.877899	-0.388588	0.604548	0.153312	0.781676
9.06667	0.755491	-0.447394	-0.478615	0.277243	0.880215	-0.385172	0.593608	0.158302	0.789031
9.1	0.760532	-0.447772	-0.470204	0.281936	0.880076	-0.382072	0.584897	0.158011	0.795568
9.13333	0.761692	-0.453471	-0.462805	0.292218	0.877926	-0.379282	0.578302	0.153656	0.801222
9.16667	0.758902	-0.462782	-0.458148	0.305266	0.874267	-0.377452	0.575222	0.146592	0.804755
9.2	0.749615	-0.479076	-0.456688	0.324812	0.867462	-0.376837	0.576693	0.134145	0.805873
9.23333	0.734617	-0.50219	-0.456227	0.35191	0.856927	-0.376611	0.580084	0.116114	0.806238
9.26667	0.720354	-0.522965	-0.455628	0.376559	0.846527	-0.376291	0.582489	0.0994924	0.806727
9.3	0.711112	-0.534229	-0.457077	0.38908	0.840504	-0.377054	0.585608	0.0902879	0.80555
9.33333	0.703437	-0.538514	-0.463874	0.390527	0.838143	-0.380795	0.593856	0.0867095	0.799885
9.36667	0.691721	-0.542177	-0.477039	0.387665	0.8361	-0.38814	0.609293	0.0835532	0.788531
9.4	0.676665	-0.547733	-0.49205	0.385821	0.832958	-0.39664	0.62711	0.0785497	0.77496
9.43333	0.662191	-0.553227	-0.505414	0.38463	0.829794	-0.404353	0.643089	0.0733618	0.76227
9.46667	0.647082	-0.558846	-0.518629	0.383476	0.826495	-0.41213	0.658962	0.0678004	0.749114
9.5	0.631379	-0.563575	-0.532676	0.38041	0.823668	-0.420547	0.675758	0.0628901	0.734436
9.53333	0.617087	-0.566124	-0.546542	0.374318	0.822125	-0.428947	0.692163	0.0601171	0.719233
9.56667	0.606147	-0.565819	-0.558959	0.365117	0.822309	-0.43646	0.706595	0.0604736	0.70503
9.6	0.599738	-0.563132	-0.568503	0.354496	0.823912	-0.442155	0.717389	0.0636452	0.69376
9.63333	0.598151	-0.559132	-0.574097	0.344844	0.826248	-0.445417	0.723393	0.0684528	0.687034
9.66667	0.599781	-0.555667	-0.575758	0.338824	0.828226	-0.446363	0.724887	0.0726389	0.685027
9.7	0.603864	-0.5525	-0.574537	0.335369	0.83	-0.445676	0.723102	0.0764459	0.686499
9.73333	0.609149	-0.550302	-0.571057	0.334912	0.831215	-0.443752	0.718868	0.0790574	0.690636
9.76667	0.616146	-0.548298	-0.565449	0.336241	0.832312	-0.44068	0.712254	0.0813963	0.697186
9.8	0.6254	-0.545924	-0.557532	0.338647	0.833603	-0.436376	0.702989	0.0841027	0.706211
9.83333	0.636782	-0.542472	-0.547935	0.340682	0.835461	-0.431209	0.691697	0.0879144	0.716817
9.86667	0.649935	-0.538046	-0.536741	0.342379	0.837811	-0.425265	0.678499	0.092626	0.728738
9.9	0.663909	-0.533764	-0.523756	0.345249	0.840052	-0.418469	0.663346	0.0969995	0.742
9.93333	0.677255	-0.53016	-0.510153	0.349143	0.841918	-0.411429	0.64763	0.100526	0.755294
9.96667	0.688234	-0.528319	-0.497205	0.354608	0.842866	-0.40476	0.632919	0.102257	0.767435
10	0.695382	-0.529686	-0.485672	0.362966	0.842156	-0.398784	0.620242	0.101024	0.777878
10.0333	0.697546	-0.534569	-0.477144	0.373716	0.839574	-0.394274	0.611364	0.0967081	0.785418
10.0667	0.694628	-0.543135	-0.471694	0.387097	0.834892	-0.391293	0.606339	0.089212	0.790186
10.1	0.690839	-0.551483	-0.467555	0.399461	0.830153	-0.388943	0.602638	0.0819266	0.793798
10.1333	0.687716	-0.558638	-0.463649	0.410255	0.825951	-0.386648	0.598947	0.0756895	0.797203
10.1667	0.687145	-0.562754	-0.4595	0.417518	0.823473	-0.38415	0.594567	0.0721173	0.800805
10.2	0.689222	-0.56424	-0.45454	0.422053	0.822566	-0.381125	0.588935	0.0708402	0.80507
10.2333	0.691766	-0.564897	-0.449835	0.425422	0.822163	-0.378238	0.583503	0.0702826	0.809064
10.2667	0.692229	-0.567245	-0.446152	0.430218	0.820711	-0.37596	0.579424	0.0683078	0.812159
10.3	0.691116	-0.56991	-0.44448	0.434285	0.819046	-0.374913	0.577716	0.0660778	0.813559
10.3333	0.691757	-0.568616	-0.445137	0.432394	0.819857	-0.375326	0.578365	0.0671598	0.813009
10.3667	0.69571	-0.560862	-0.4488	0.421214	0.824627	-0.377583	0.581865	0.0736477	0.809944
10.4	0.700851	-0.550017	-0.45419	0.405425	0.831046	-0.38078	0.586888	0.0827298	0.80543
10.4333	0.703413	-0.537614	-0.464953	0.384795	0.838025	-0.386843	0.597614	0.0931987	0.796349
10.4667	0.702999	-0.526383	-0.478239	0.363983	0.844003	-0.393924	0.61099	0.102858	0.784928
10.5	0.701338	-0.516483	-0.491295	0.344655	0.848998	-0.400519	0.623969	0.111572	0.773443
10.5333	0.697746	-0.508638	-0.504418	0.327536	0.852766	-0.40683	0.63708	0.118648	0.761611
10.5667	0.693734	-0.502142	-0.516321	0.312549	0.855754	-0.412309	0.648881	0.124657	0.750609
10.6	0.689773	-0.495877	-0.527559	0.298046	0.858518	-0.417271	0.659834	0.130586	0.739977
10.6333	0.684973	-0.491178	-0.538104	0.285733	0.860514	-0.42175	0.6702	0.135133	0.729775
10.6667	0.680683	-0.487705	-0.546639	0.27606	0.861942	-0.425261	0.678573	0.138563	0.721345
10.7	0.676466	-0.486004	-0.553348	0.269679	0.862626	-0.42796	0.685323	0.140274	0.714602
10.7333	0.673314	-0.484927	-0.558116	0.265272	0.863053	-0.429849	0.690129	0.141371	0.709744
10.7667	0.670898	-0.483506	-0.562243	0.260804	0.863609	-0.431464	0.694174	0.142833	0.705494
10.8	0.669674	-0.481306	-0.56558	0.255817	0.864457	-0.43275	0.697205	0.145116	0.70203
10.8333	0.668603	-0.48	-0.567952	0.252593	0.864953	-0.433651	0.699405	0.14648	0.699555
10.8667	0.666887	-0.477533	-0.572035	0.246739	0.865875	-0.435178	0.703123	0.149071	0.695267
10.9	0.663965	-0.474013	-0.578327	0.238028	0.867157	-0.437471	0.708867	0.152808	0.688591
10.9333	0.658687	-0.471659	-0.586233	0.229691	0.867989	-0.440269	0.716501	0.155347	0.680069
10.9667	0.652234	-0.471436	-0.593581	0.224444	0.868066	-0.442816	0.724028	0.155594	0.671993
11	0.647088	-0.472104	-0.598662	0.221867	0.867837	-0.444561	0.729419	0.154847	0.666311
11.0333	0.645811	-0.472449	-0.599766	0.221572	0.867718	-0.444939	0.730639	0.154455	0.665064
11.0667	0.650394	-0.471266	-0.595732	0.222749	0.868123	-0.44356	0.726203	0.15579	0.669596
11.1	0.658633	-0.471456	-0.586457	0.229252	0.868055	-0.440368	0.716691	0.155594	0.679812
11.1333	0.669919	-0.472542	-0.572636	0.239768	0.867668	-0.435503	0.702652	0.154452	0.694568
11.1667	0.678902	-0.479427	-0.556095	0.259205	0.865119	-0.429398	0.686953	0.147376	0.711601
11.2	0.6836	-0.494814	-0.536517	0.290897	0.858905	-0.421498	0.669381	0.132065	0.731087
11.2333	0.683047	-0.518295	-0.514604	0.333591	0.848177	-0.411476	0.649741	0.10939	0.752244
11.2667	0.683538	-0.540235	-0.490838	0.374753	0.836807	-0.399142	0.626367	0.0888855	0.774444
11.3	0.688631	-0.552039	-0.47015	0.400957	0.830135	-0.387441	0.60417	0.0782936	0.793
11.3333	0.692259	-0.55792	-0.457715	0.414927	0.82666	-0.380091	0.590435	0.0732035	0.803758
11.3667	0.691682	-0.56399	-0.451101	0.425779	0.822973	-0.376069	0.583343	0.0680509	0.80937
11.4	0.686577	-0.573042	-0.447476	0.438528	0.817297	-0.373791	0.579919	0.060405	0.812432
11.4333	0.681091	-0.581912	-0.444402	0.450769	0.81153	-0.371788	0.576993	0.0528992	0.815034
11.4667	0.676123	-0.587431	-0.444727	0.457176	0.807837	-0.372006	0.577795	0.0482036	0.814757
11.5	0.672996	-0.587673	-0.449128	0.455028	0.807673	-0.374984	0.583117	0.0479966	0.810969
11.5333	0.671889	-0.582816	-0.457047	0.444736	0.810923	-0.38028	0.592263	0.0522404	0.80405
11.5667	0.674262	-0.574672	-0.463813	0.43105	0.816222	-0.384679	0.599639	0.0594481	0.798059
11.6	0.676081	-0.565883	-0.471902	0.415753	0.821734	-0.389748	0.608329	0.0673068	0.790826
