0	0	1	0	0	0	-1	-1	0	0
0.0333333	0.995311	-0.0787315	-0.0561947	0.0642536	0.972395	-0.224322	0.0723046	0.219659	0.972894
0.0666667	0.998058	-0.0449795	-0.0430948	0.0381864	0.988368	-0.14721	0.049215	0.145279	0.988166
0.1	0.998899	-0.0316795	-0.0345912	0.0275855	0.993211	-0.113013	0.0379366	0.111934	0.992991
0.133333	0.999294	-0.0230466	-0.0296836	0.0200321	0.994972	-0.098129	0.0317959	0.0974651	0.994731
0.166667	0.999512	-0.0172714	-0.0260259	0.0148367	0.99574	-0.0909999	0.0274868	0.0905693	0.995511
0.2	0.999647	-0.0132635	-0.0230306	0.0111891	0.99606	-0.0879772	0.0241067	0.0876884	0.995856
0.233333	0.999741	-0.0104232	-0.0202395	0.00867722	0.996384	-0.084515	0.0210473	0.0843175	0.996217
0.266667	0.999802	-0.00900444	-0.0177543	0.0074894	0.996469	-0.0836265	0.0184446	0.083477	0.996339
0.3	0.999853	-0.00817281	-0.0150762	0.00688232	0.996463	-0.0837478	0.0157073	0.0836317	0.996373
0.333333	0.999889	-0.00778037	-0.0127334	0.00669991	0.996544	-0.0827993	0.0133336	0.0827047	0.996485
0.366667	0.999913	-0.00772145	-0.0106875	0.00680619	0.996512	-0.0831735	0.0112925	0.0830935	0.996478
0.4	0.99993	-0.00782551	-0.0088667	0.0070648	0.996541	-0.0827973	0.00948397	0.0827289	0.996527
0.433333	0.99995	-0.00718986	-0.0069478	0.00660108	0.996665	-0.0813396	0.00750945	0.0812897	0.996662
0.466667	0.999967	-0.00606289	-0.00536586	0.00561428	0.996779	-0.0799994	0.0058336	0.0799667	0.99678
0.5	0.999981	-0.00465778	-0.0040326	0.00432418	0.996856	-0.0791166	0.00438843	0.0790976	0.996857
0.533333	0.999991	-0.00317293	-0.00290049	0.00293443	0.996884	-0.0788269	0.00314156	0.0788177	0.996884
0.566667	0.999996	-0.00169202	-0.00232338	0.00150839	0.997039	-0.0768827	0.00244658	0.0768789	0.997037
0.6	0.999998	-0.000674679	-0.00172892	0.000542515	0.997158	-0.0753343	0.00177484	0.0753332	0.997157
0.633333	0.999999	0.000681143	-0.00113343	-0.000764508	0.997164	-0.0752552	0.00107896	0.075256	0.997164
0.666667	0.999998	0.00144595	-0.0013502	-0.0015446	0.997093	-0.0761735	0.00123613	0.0761754	0.997094
0.7	0.999996	0.00227905	-0.0016518	-0.00239858	0.997075	-0.0763922	0.00147287	0.0763959	0.997076
0.733333	0.999992	0.00334696	-0.00201346	-0.00349053	0.997092	-0.0761273	0.00175281	0.0761337	0.997096
0.766667	0.999986	0.00456233	-0.00271572	-0.00475619	0.997076	-0.076273	0.0023598	0.0762849	0.997083
0.8	0.999979	0.0055028	-0.00340885	-0.00574581	0.997096	-0.0759387	0.00298108	0.0759567	0.997107
0.833333	0.999974	0.00602026	-0.00391322	-0.00630091	0.997074	-0.0761768	0.00344317	0.0761994	0.997087
0.866667	0.999971	0.00621044	-0.00441071	-0.00652888	0.997065	-0.0762858	0.003924	0.0763124	0.997076
0.9	0.999967	0.00639503	-0.00502763	-0.00675795	0.997098	-0.0758316	0.00452809	0.075863	0.997108
0.933333	0.999962	0.0064253	-0.00590325	-0.00684867	0.997179	-0.0747432	0.00540636	0.0747808	0.997185
0.966667	0.999957	0.00645222	-0.00669869	-0.00692395	0.99731	-0.0729671	0.00620987	0.0730103	0.997312
1	0.999953	0.00621911	-0.00747969	-0.00673486	0.997452	-0.0710287	0.0070189	0.0710757	0.997446
1.03333	0.999951	0.00573899	-0.00810921	-0.00628894	0.997562	-0.0695049	0.00769055	0.0695525	0.997549
1.06667	0.999954	0.00535911	-0.00796261	-0.00589349	0.997621	-0.068678	0.00757562	0.0687218	0.997607
1.1	0.999953	0.00484726	-0.00840777	-0.00541169	0.997639	-0.0684618	0.00805607	0.0685041	0.997618
1.13333	0.999956	0.00459404	-0.00812777	-0.00513959	0.997643	-0.0684259	0.00779426	0.0684647	0.997623
1.16667	0.999958	0.00430281	-0.00805755	-0.00484054	0.997677	-0.0679521	0.00774645	0.0679883	0.997656
1.2	0.999961	0.00419699	-0.00772186	-0.00470671	0.997727	-0.0672229	0.00742217	0.0672567	0.997708
1.23333	0.999965	0.00363345	-0.00749912	-0.00413075	0.997717	-0.0674009	0.00723711	0.0674295	0.997698
1.26667	0.999971	0.00304208	-0.00698178	-0.00350468	0.997731	-0.0672318	0.00676141	0.0672543	0.997713
1.3	0.999976	0.00299075	-0.00631134	-0.00340858	0.997729	-0.0672667	0.00609583	0.0672865	0.997715
1.33333	0.999979	0.00305616	-0.00571884	-0.00343702	0.997692	-0.0678186	0.00549838	0.0678369	0.997681
1.36667	0.999985	0.00271675	-0.0047049	-0.00303136	0.997667	-0.0682061	0.00450862	0.0682193	0.99766
1.4	0.99999	0.0028209	-0.00334564	-0.00304053	0.99771	-0.0675683	0.00314738	0.0675778	0.997709
1.43333	0.999995	0.00242053	-0.001808	-0.00253884	0.997642	-0.0685872	0.00163772	0.0685914	0.997643
1.46667	0.999998	0.00215786	-0.000432094	-0.00218322	0.997441	-0.0714604	0.000276786	0.0714612	0.997443
1.5	0.999998	0.00172296	0.000657965	-0.00167046	0.997343	-0.0728357	-0.00078171	0.0728345	0.997344
1.53333	0.999997	0.00125073	0.00190087	-0.00110968	0.99737	-0.0724753	-0.00198652	0.0724731	0.997368
1.56667	0.999996	0.000195061	0.00290452	2.16965e-05	0.997225	-0.0744414	-0.00291098	0.0744411	0.997221
1.6	0.999996	-0.000139237	0.00289639	0.000356018	0.997185	-0.0749801	-0.0028778	0.0749808	0.997181
1.63333	0.999994	-0.00113702	0.00314383	0.00137129	0.997141	-0.0755477	-0.00304894	0.0755516	0.997137
1.66667	0.999995	-0.00156513	0.00273568	0.00176991	0.997066	-0.076529	-0.00260788	0.0765335	0.997064
1.7	0.999996	-0.00218171	0.00203532	0.00233092	0.997071	-0.0764448	-0.00186257	0.0764492	0.997072
1.73333	0.999994	-0.00335493	0.00094027	0.00341803	0.996949	-0.0779748	-0.000675802	0.0779775	0.996955
1.76667	0.99999	-0.0044145	-0.00071244	0.00434463	0.996881	-0.0788017	0.00105809	0.0787978	0.99689
1.8	0.999982	-0.00548342	-0.0025728	0.00526037	0.99679	-0.0798892	0.00300261	0.0798742	0.9968
1.83333	0.999966	-0.00682299	-0.0047324	0.00642323	0.996783	-0.0798841	0.00526223	0.0798509	0.996793
1.86667	0.999943	-0.00790929	-0.0071439	0.00731882	0.996832	-0.0792036	0.00774771	0.0791468	0.996833
1.9	0.999916	-0.00932741	-0.00905045	0.00859624	0.996939	-0.0777129	0.00974761	0.0776286	0.996935
1.93333	0.999888	-0.0105099	-0.0106872	0.00964835	0.99693	-0.0776994	0.011471	0.0775876	0.99692
1.96667	0.999866	-0.0112379	-0.0118642	0.0102844	0.996933	-0.0775785	0.0126996	0.0774461	0.996916
2	0.99986	-0.0109157	-0.0126426	0.00988524	0.996835	-0.0788818	0.0134636	0.0787458	0.996804
2.03333	0.999882	-0.0082055	-0.0129597	0.00716395	0.996891	-0.0784645	0.0135633	0.0783624	0.996833
2.06667	0.999901	-0.0031934	-0.0137382	0.00210573	0.996914	-0.0784694	0.0139464	0.0784327	0.996822
2.1	0.999886	0.00375642	-0.0146492	-0.00487888	0.996992	-0.0773564	0.0143145	0.077419	0.996896
2.13333	0.999794	0.0117431	-0.0165461	-0.0129832	0.99695	-0.0769563	0.0155919	0.0771553	0.996897
2.16667	0.999621	0.0193191	-0.0196154	-0.0207817	0.996789	-0.0773285	0.0180585	0.0777069	0.996813
2.2	0.999389	0.0256563	-0.0237519	-0.027451	0.996528	-0.0786051	0.0216527	0.079209	0.996623
2.23333	0.999134	0.0301609	-0.0286617	-0.0323753	0.996251	-0.0802289	0.0261345	0.0810874	0.996364
2.26667	0.99896	0.0310505	-0.0333821	-0.0337071	0.996045	-0.0822111	0.0306974	0.0832508	0.996056
2.3	0.998821	0.0312178	-0.037178	-0.034231	0.99593	-0.0833798	0.0344237	0.0845541	0.995824
2.33333	0.998746	0.0307374	-0.0395172	-0.0338352	0.996198	-0.0802748	0.0368996	0.0815112	0.995989
2.36667	0.998759	0.0297538	-0.0399341	-0.0329292	0.99614	-0.0813693	0.0373589	0.0825833	0.995884
2.4	0.998778	0.0278955	-0.040803	-0.0310857	0.996329	-0.0797626	0.0384282	0.0809335	0.995978
2.43333	0.998804	0.0255748	-0.0416779	-0.0287032	0.996673	-0.0762777	0.0395885	0.0773827	0.996215
2.46667	0.998883	0.0219138	-0.0418548	-0.0250443	0.996809	-0.0757973	0.0400602	0.0767609	0.996244
2.5	0.998942	0.019473	-0.0416671	-0.0225128	0.997021	-0.0737747	0.0401064	0.0746347	0.996404
2.53333	0.998995	0.0176547	-0.0411894	-0.0205188	0.997323	-0.0701829	0.0398401	0.0709575	0.996683
2.56667	0.999098	0.0160407	-0.039319	-0.0185951	0.99768	-0.0654871	0.0381774	0.0661592	0.997078
2.6	0.999254	0.0146623	-0.0357386	-0.0167862	0.998065	-0.0598723	0.0347916	0.0604276	0.997566
2.63333	0.999454	0.0130853	-0.0303456	-0.0148121	0.998242	-0.0573953	0.0295412	0.0578134	0.99789
2.66667	0.999727	0.008884	-0.0216238	-0.0100274	0.998525	-0.0533565	0.0211178	0.0535588	0.998341
2.7	0.99994	0.00287925	-0.0106021	-0.00334899	0.999001	-0.0445585	0.0104632	0.0445913	0.998951
2.73333	0.999999	-0.000713139	0.00114912	0.000757438	0.999238	-0.0390219	-0.00112042	0.0390227	0.999238
2.76667	0.999911	-0.00283233	0.0130051	0.00329913	0.999346	-0.0360139	-0.0128946	0.0360536	0.999267
2.8	0.99969	-0.00749672	0.0237629	0.008258	0.99945	-0.0321022	-0.0235091	0.0322885	0.999202
2.83333	0.999299	-0.0175401	0.0330827	0.0184392	0.999463	-0.0270713	-0.0325901	0.0276624	0.999086
2.86667	0.998748	-0.0308214	0.0394129	0.0320007	0.999048	-0.0296495	-0.0384616	0.0308736	0.998783
2.9	0.998059	-0.0463926	0.0415391	0.0481516	0.99794	-0.0423978	-0.0394865	0.0443156	0.998237
2.93333	0.997212	-0.0638097	0.0386729	0.0658271	0.996404	-0.0533531	-0.0351293	0.0557501	0.997827
2.96667	0.996483	-0.0777536	0.031234	0.0791423	0.995801	-0.0460005	-0.0275261	0.0483107	0.998453
3	0.99631	-0.0843917	0.0156303	0.0847627	0.996092	-0.0248276	-0.0134739	0.0260608	0.99957
3.03333	0.996132	-0.0878524	-0.0017864	0.0878509	0.996133	-0.000941307	0.00186219	0.000780729	0.999998
3.06667	0.995778	-0.0892048	-0.0216677	0.0895824	0.995832	0.0171302	0.0200493	-0.0189989	0.999618
3.1	0.99521	-0.088888	-0.0407028	0.0902192	0.995404	0.0321231	0.0376604	-0.0356414	0.998655
3.13333	0.994426	-0.0890045	-0.0565276	0.0916421	0.994733	0.0459172	0.0521431	-0.0508416	0.997345
3.16667	0.99355	-0.0901074	-0.0688426	0.0940593	0.993962	0.0564939	0.0633365	-0.0626048	0.996027
3.2	0.99283	-0.0916524	-0.0767412	0.0966406	0.993258	0.064022	0.0703561	-0.0709793	0.994993
3.23333	0.992444	-0.0922476	-0.0809064	0.0977993	0.99291	0.0675686	0.0740997	-0.0749706	0.994429
3.26667	0.992511	-0.0914612	-0.0809723	0.0970208	0.992983	0.0676136	0.0742201	-0.0749633	0.99442
3.3	0.993062	-0.0886466	-0.0772589	0.0937873	0.993425	0.0656622	0.0709302	-0.0724526	0.994846
3.33333	0.993993	-0.0834462	-0.0708185	0.0881013	0.993964	0.0653717	0.064936	-0.0712182	0.995345
3.36667	0.995147	-0.0758436	-0.0626892	0.0800529	0.994495	0.0676095	0.0572164	-0.0722998	0.99574
3.4	0.996239	-0.0681871	-0.0534556	0.071737	0.995132	0.0675709	0.0485879	-0.0711515	0.996281
3.43333	0.997206	-0.0618365	-0.0419001	0.0643674	0.995997	0.0620191	0.0378974	-0.0645428	0.997195
3.46667	0.99804	-0.0560577	-0.0278175	0.0574851	0.996913	0.0534852	0.0247334	-0.0549794	0.998181
3.5	0.99863	-0.0508928	-0.0121662	0.051404	0.997607	0.0462437	0.00978359	-0.0468058	0.998856
3.53333	0.99889	-0.0469637	0.00363554	0.0467722	0.998038	0.0416177	-0.00558293	-0.0414015	0.999127
3.56667	0.99879	-0.0448768	0.0201009	0.0439861	0.998117	0.0427554	-0.0219818	-0.0418195	0.998883
3.6	0.998231	-0.0464438	0.0371075	0.0447609	0.997985	0.0449633	-0.039121	-0.0432228	0.998299
3.63333	0.996935	-0.0546148	0.0560142	0.051777	0.99736	0.0509214	-0.0586474	-0.0478651	0.997131
3.66667	0.994881	-0.0679722	0.0747828	0.0636943	0.996272	0.0581767	-0.0784584	-0.0531156	0.995501
3.7	0.992726	-0.0785756	0.091216	0.0727881	0.995218	0.0651334	-0.0958977	-0.0580202	0.993699
3.73333	0.990454	-0.0883427	0.105811	0.0816956	0.994496	0.065596	-0.111024	-0.0563256	0.99222
3.76667	0.988671	-0.0971535	0.114415	0.0909765	0.99416	0.0580371	-0.119386	-0.0469705	0.991736
3.8	0.987582	-0.104504	0.117306	0.100932	0.994242	0.0360034	-0.120393	-0.0237164	0.992443
3.83333	0.987316	-0.111827	0.112704	0.110135	0.993692	0.0211449	-0.114358	-0.00846399	0.993404
3.86667	0.987986	-0.115017	0.103223	0.114498	0.993363	0.0109541	-0.103798	0.000996409	0.994598
3.9	0.9896	-0.112723	0.0893607	0.11135	0.993576	0.0202218	-0.091066	-0.0100612	0.995794
3.93333	0.991981	-0.103797	0.0721121	0.101324	0.994159	0.0371561	-0.0755477	-0.0295515	0.996704
3.96667	0.994567	-0.0904063	0.0515991	0.0876441	0.994714	0.0534988	-0.056163	-0.0486858	0.997234
4	0.997015	-0.0714633	0.0292259	0.0694102	0.995397	0.066083	-0.0338139	-0.0638571	0.997386
4.03333	0.998827	-0.0482468	0.00410004	0.0477962	0.995959	0.076031	-0.00775173	-0.0757459	0.997097
4.06667	0.999438	-0.0270113	-0.0198327	0.0285618	0.996175	0.0825825	0.0175262	-0.0831026	0.996387
4.1	0.999051	-0.0106694	-0.0422384	0.0141748	0.9964	0.0835797	0.0411946	-0.084099	0.995606
4.13333	0.997886	0.00022826	-0.0649901	0.00478711	0.997019	0.0770051	0.064814	-0.0771534	0.99491
4.16667	0.996024	0.0036789	-0.0890085	0.00217981	0.997841	0.0656353	0.0890578	-0.0655683	0.993866
4.2	0.993534	0.00221973	-0.113512	0.00466288	0.998167	0.0603318	0.113438	-0.060471	0.991703
4.23333	0.990724	-0.000870331	-0.135883	0.0103944	0.997535	0.0693964	0.135488	-0.0701651	0.988291
4.26667	0.987909	-0.00334268	-0.155001	0.0180217	0.995466	0.0933951	0.153986	-0.0950592	0.98349
4.3	0.985407	-0.00605827	-0.170106	0.0273354	0.992028	0.123021	0.168004	-0.125876	0.977717
4.33333	0.983465	-0.00852286	-0.180899	0.0355488	0.988544	0.146688	0.177577	-0.150693	0.972501
4.36667	0.982331	-0.00647815	-0.187037	0.03724	0.986181	0.16143	0.183407	-0.165543	0.968998
4.4	0.982252	0.000240622	-0.187565	0.0317744	0.985332	0.167662	0.184854	-0.170646	0.967837
4.43333	0.983404	0.00900338	-0.181206	0.0213764	0.986061	0.165003	0.180165	-0.166138	0.969504
4.46667	0.985403	0.0205964	-0.168987	0.00637515	0.987493	0.157532	0.170118	-0.15631	0.972948
4.5	0.987847	0.0311361	-0.152279	-0.00959976	0.990082	0.140165	0.155133	-0.137	0.978348
4.53333	0.990525	0.0374163	-0.132138	-0.0222728	0.993199	0.114275	0.135515	-0.110249	0.984622
4.56667	0.993322	0.0384159	-0.108792	-0.0294295	0.996112	0.083036	0.111559	-0.0792798	0.99059
4.6	0.99592	0.0343974	-0.083422	-0.0302474	0.998265	0.0505106	0.0850147	-0.0477812	0.995233
4.63333	0.998147	0.0255552	-0.0552305	-0.0245627	0.999526	0.0185765	0.055679	-0.0171854	0.998301
4.66667	0.999612	0.0128534	-0.0247033	-0.0130635	0.99988	-0.00835982	0.0245928	0.00867929	0.99966
4.7	0.999985	0.00153011	0.00528016	-0.00141897	0.999779	-0.0209884	-0.00531111	0.0209806	0.999766
4.73333	0.99924	-0.00934711	0.0378323	0.00991	0.999843	-0.0147184	-0.0376888	0.0150821	0.999176
4.76667	0.997317	-0.021876	0.0698583	0.0220991	0.999753	-0.00242303	-0.069788	0.00396034	0.997554
4.8	0.994346	-0.0390234	0.0987547	0.0387416	0.999238	0.00476992	-0.0988655	-0.000917038	0.9951
4.83333	0.990655	-0.0596485	0.122659	0.0605506	0.998159	-0.00363676	-0.122216	0.0110298	0.992442
4.86667	0.987035	-0.0802051	0.139026	0.0834907	0.996347	-0.0179552	-0.137078	0.0293297	0.990126
4.9	0.984044	-0.0979261	0.14855	0.105873	0.99329	-0.046547	-0.142995	0.0615317	0.987809
4.93333	0.983491	-0.110004	0.14368	0.116798	0.992361	-0.0397124	-0.138214	0.0558384	0.988827
4.96667	0.984714	-0.116995	0.129034	0.120077	0.99263	-0.0163409	-0.126171	0.0315851	0.991506
5	0.987552	-0.116838	0.10531	0.116352	0.99315	0.010769	-0.105847	0.00161811	0.994381
5.03333	0.990485	-0.115173	0.0753242	0.112797	0.992998	0.0350878	-0.078838	-0.0262576	0.996542
5.06667	0.992709	-0.112677	0.0428078	0.109843	0.991911	0.063609	-0.0496288	-0.0584431	0.997056
5.1	0.993823	-0.110323	0.0120417	0.108838	0.990109	0.0885371	-0.0216902	-0.0866796	0.996
5.13333	0.994	-0.108286	-0.0154316	0.109327	0.987995	0.109147	0.00342715	-0.110179	0.993906
5.16667	0.993479	-0.107441	-0.0381551	0.11129	0.986546	0.119755	0.0247752	-0.123221	0.99207
5.2	0.992615	-0.106993	-0.05716	0.113433	0.985673	0.124827	0.0429854	-0.130389	0.990531
5.23333	0.991961	-0.104364	-0.0715682	0.112919	0.985284	0.128313	0.0571237	-0.135363	0.989148
5.26667	0.991496	-0.102295	-0.0804397	0.112375	0.984747	0.132839	0.0656241	-0.140748	0.987868
5.3	0.991518	-0.0985013	-0.0847955	0.109677	0.984169	0.139217	0.06974	-0.147336	0.986625
5.33333	0.991982	-0.093567	-0.0849488	0.105168	0.983922	0.144354	0.0700762	-0.15213	0.985873
5.36667	0.992738	-0.087864	-0.0821616	0.099242	0.984204	0.146605	0.0679825	-0.153694	0.985777
5.4	0.993614	-0.0822729	-0.0772227	0.0928737	0.984974	0.145603	0.0640832	-0.151845	0.986325
5.43333	0.994472	-0.0771538	-0.0712173	0.0867188	0.985945	0.142803	0.0591985	-0.14819	0.987186
5.46667	0.995358	-0.0713976	-0.0645311	0.0799857	0.986608	0.142148	0.0535179	-0.14665	0.98774
5.5	0.996261	-0.0649354	-0.0569814	0.0725611	0.986917	0.143976	0.0468868	-0.147572	0.987939
5.53333	0.997102	-0.0592432	-0.0477305	0.0656489	0.987063	0.146277	0.0384471	-0.148986	0.988092
5.56667	0.997884	-0.0535559	-0.036871	0.058417	0.987452	0.146715	0.028551	-0.148558	0.988491
5.6	0.998587	-0.0474322	-0.0239415	0.0504469	0.987846	0.147022	0.0166769	-0.148022	0.988843
5.63333	0.999062	-0.0423555	-0.00900247	0.043222	0.988038	0.148032	0.00262483	-0.148282	0.988942
5.66667	0.999221	-0.0387375	0.00748951	0.0372259	0.988529	0.146373	-0.0130737	-0.14598	0.989201
5.7	0.998968	-0.0369009	0.0264975	0.0326673	0.988822	0.145481	-0.0315697	-0.144465	0.989006
5.73333	0.998243	-0.0367351	0.0464971	0.0295986	0.98887	0.145808	-0.0513358	-0.144176	0.98822
5.76667	0.996926	-0.0401392	0.0672856	0.0301231	0.989153	0.143765	-0.0723264	-0.141296	0.987322
5.8	0.994886	-0.0476756	0.0890468	0.0357484	0.990733	0.131034	-0.0944687	-0.127181	0.987371
5.83333	0.992067	-0.057263	0.111913	0.0453618	0.993316	0.106139	-0.117243	-0.10022	0.988033
5.86667	0.989429	-0.0620813	0.131059	0.0518792	0.995454	0.0798746	-0.135422	-0.072231	0.988152
5.9	0.987309	-0.0657291	0.144573	0.0583514	0.996797	0.0546974	-0.147705	-0.0455672	0.987981
5.93333	0.986997	-0.0681882	0.145559	0.0650864	0.997542	0.0259722	-0.146972	-0.0161606	0.989009
5.96667	0.988558	-0.0694429	0.133908	0.0705968	0.997497	-0.00388318	-0.133303	0.0132922	0.990986
6	0.991298	-0.0694709	0.111814	0.0724062	0.997124	-0.0224041	-0.109936	0.0303051	0.993477
6.03333	0.994559	-0.065247	0.081216	0.0668335	0.99762	-0.0169693	-0.0799155	0.0223049	0.996552
6.06667	0.997415	-0.0556289	0.0454895	0.0554741	0.998449	0.00465943	-0.0456782	-0.00212389	0.998954
6.1	0.99921	-0.0393383	0.00570388	0.0391151	0.998621	0.0350259	-0.00707387	-0.0347751	0.99937
6.13333	0.99922	-0.0188389	-0.0347042	0.0209555	0.997877	0.0616702	0.0334687	-0.0623493	0.997493
6.16667	0.997292	0.00326159	-0.0734695	0.00274873	0.996665	0.0815576	0.0734905	-0.0815387	0.993957
6.2	0.993784	0.02355	-0.108806	-0.013041	0.995266	0.0963057	0.110559	-0.0942881	0.989387
6.23333	0.989249	0.0392195	-0.140882	-0.0245122	0.994207	0.104653	0.14417	-0.100074	0.98448
6.26667	0.9844	0.049047	-0.168969	-0.0314765	0.993959	0.105139	0.173105	-0.0981801	0.979998
6.3	0.979758	0.0518183	-0.19336	-0.0333797	0.994683	0.0974281	0.197381	-0.0890017	0.976278
6.33333	0.97542	0.0530082	-0.213884	-0.0347585	0.995496	0.0882036	0.217596	-0.0786013	0.972869
6.36667	0.971632	0.0544184	-0.230152	-0.0362572	0.995938	0.0824184	0.233702	-0.0717357	0.969658
6.4	0.968608	0.0578284	-0.241774	-0.0385792	0.995752	0.0836095	0.245582	-0.0716573	0.966724
6.43333	0.966817	0.0632994	-0.247504	-0.0417691	0.994947	0.0912976	0.252032	-0.0779301	0.964576
6.46667	0.96651	0.0700052	-0.246895	-0.0460845	0.99378	0.101374	0.252456	-0.0866008	0.963725
6.5	0.967852	0.0750985	-0.240047	-0.0504537	0.992954	0.107219	0.246408	-0.0916609	0.964822
6.53333	0.970665	0.0774505	-0.22762	-0.0549562	0.993104	0.103559	0.234071	-0.0880124	0.968227
6.56667	0.974711	0.0775352	-0.209586	-0.0597372	0.994152	0.089964	0.215336	-0.0751689	0.973643
6.6	0.979591	0.0744802	-0.186693	-0.0632479	0.995851	0.0654238	0.190791	-0.0522806	0.980238
6.63333	0.98459	0.0703314	-0.160113	-0.0654768	0.997226	0.0354029	0.162159	-0.0243736	0.986464
6.66667	0.989091	0.0669806	-0.131197	-0.0665591	0.997754	0.00760006	0.131411	0.0012152	0.991327
6.7	0.992772	0.0644056	-0.101267	-0.0663736	0.997664	-0.0161824	0.0999877	0.0227869	0.994728
6.73333	0.995708	0.0594816	-0.0709068	-0.0624257	0.997246	-0.0400529	0.0683291	0.0443074	0.996678
6.76667	0.99784	0.0512962	-0.0410345	-0.0539353	0.996359	-0.0660245	0.0374983	0.0680951	0.996974
6.8	0.999078	0.0414363	-0.0112255	-0.0422688	0.995181	-0.0884734	0.00750537	0.0888663	0.996015
6.83333	0.999397	0.0295437	0.0182257	-0.0275121	0.994289	-0.103117	-0.0211681	0.102554	0.994502
6.86667	0.998822	0.0147969	0.0462037	-0.00970651	0.994048	-0.108513	-0.0475343	0.107937	0.993021
6.9	0.997396	-0.00652281	0.0718257	0.0140952	0.994327	-0.105432	-0.0707304	0.10617	0.991829
6.93333	0.994898	-0.0330845	0.0953092	0.0415711	0.99521	-0.0884797	-0.0919254	0.0919904	0.991508
6.96667	0.991508	-0.0595627	0.1156	0.0680986	0.995124	-0.0713501	-0.110787	0.0786164	0.99073
7	0.987621	-0.0832613	0.132934	0.0899254	0.994935	-0.0449301	-0.12852	0.0563281	0.990106
7.03333	0.983793	-0.104486	0.145717	0.108058	0.994003	-0.0167944	-0.143089	0.0322682	0.989184
7.06667	0.980035	-0.127656	0.152431	0.126094	0.991819	0.0199072	-0.153725	-0.000289098	0.988114
7.1	0.97686	-0.145913	0.156377	0.139964	0.98897	0.0484662	-0.161724	-0.0254576	0.986508
7.13333	0.974782	-0.158699	0.15689	0.150988	0.986714	0.0599828	-0.164325	-0.0347817	0.985793
7.16667	0.974411	-0.168248	0.149052	0.15945	0.984776	0.0692194	-0.158429	-0.0436818	0.986404
7.2	0.976328	-0.172251	0.130819	0.158618	0.981372	0.108393	-0.147053	-0.0850773	0.985463
7.23333	0.980205	-0.168093	0.10461	0.14733	0.972244	0.181757	-0.132259	-0.162747	0.977763
7.26667	0.984739	-0.156849	0.0754144	0.13243	0.956468	0.260061	-0.112922	-0.246105	0.962643
7.3	0.988676	-0.142809	0.0461105	0.121391	0.941707	0.31377	-0.0882318	-0.304619	0.948379
7.33333	0.991526	-0.128631	0.0181488	0.114958	0.933896	0.338559	-0.0604984	-0.333604	0.94077
7.36667	0.99325	-0.115712	-0.00803124	0.111457	0.932965	0.342277	-0.0321128	-0.340862	0.939565
7.4	0.993996	-0.104571	-0.0322014	0.10929	0.934678	0.338279	-0.00527636	-0.339768	0.940495
7.43333	0.994122	-0.0946158	-0.0526286	0.106815	0.936481	0.334058	0.0176785	-0.337716	0.941082
7.46667	0.994131	-0.0846218	-0.0673961	0.102333	0.93766	0.332148	0.0350876	-0.337096	0.940816
7.5	0.993839	-0.0757868	-0.0808692	0.0983501	0.939454	0.328258	0.0510953	-0.334189	0.94112
7.53333	0.993711	-0.069777	-0.0875815	0.0945229	0.942028	0.321946	0.0600397	-0.3282	0.942698
7.56667	0.993865	-0.0651566	-0.0893703	0.0903854	0.944181	0.316786	0.0637411	-0.32292	0.944277
7.6	0.994303	-0.0617	-0.0869172	0.0859461	0.946391	0.311378	0.0630457	-0.317075	0.946303
7.63333	0.994938	-0.0589394	-0.0813945	0.0808313	0.950602	0.299704	0.0597094	-0.304766	0.950554
7.66667	0.995742	-0.0573319	-0.0721817	0.0753648	0.957226	0.279355	0.0530782	-0.283606	0.957471
7.7	0.996582	-0.0572319	-0.0595753	0.0706655	0.964115	0.255908	0.0427913	-0.259243	0.964864
7.73333	0.997537	-0.0562371	-0.0419212	0.0645745	0.969654	0.235797	0.0273885	-0.237924	0.970898
7.76667	0.998169	-0.0564883	-0.0216294	0.059857	0.973956	0.218694	0.00871243	-0.219588	0.975554
7.8	0.998279	-0.0586379	0.00119721	0.0571862	0.977692	0.202111	-0.0130218	-0.201694	0.979362
7.83333	0.997602	-0.0644492	0.0252491	0.0586477	0.980756	0.186221	-0.036765	-0.184293	0.982183
7.86667	0.996105	-0.0721688	0.0506596	0.062875	0.984165	0.165732	-0.061818	-0.161901	0.984869
7.9	0.993938	-0.0819705	0.0732705	0.0694405	0.984726	0.159667	-0.0852393	-0.153611	0.984448
7.93333	0.99125	-0.0943805	0.0922808	0.0782571	0.983192	0.164952	-0.106298	-0.156287	0.981975
7.96667	0.988882	-0.104129	0.106161	0.0848983	0.981458	0.17185	-0.122088	-0.160927	0.979386
8	0.987531	-0.11009	0.112525	0.0895004	0.980673	0.173985	-0.129504	-0.161744	0.978298
8.03333	0.986815	-0.115167	0.113719	0.0946904	0.980635	0.171433	-0.13126	-0.158404	0.978611
8.06667	0.9871	-0.120187	0.105777	0.101423	0.980603	0.167721	-0.123883	-0.154829	0.980143
8.1	0.988	-0.125244	0.0903927	0.108698	0.979574	0.16917	-0.109734	-0.157314	0.981433
8.13333	0.98906	-0.129493	0.0706478	0.11532	0.977417	0.177078	-0.0919827	-0.166993	0.981658
8.16667	0.990241	-0.130611	0.0486236	0.118906	0.973751	0.194088	-0.0726974	-0.186413	0.979778
8.2	0.991585	-0.127021	0.0249796	0.118542	0.968481	0.219072	-0.052019	-0.214268	0.975389
8.23333	0.992827	-0.119555	0.00105515	0.115887	0.964461	0.237457	-0.0294068	-0.235632	0.971397
8.26667	0.993866	-0.107972	-0.0239375	0.110533	0.96263	0.247237	-0.00365167	-0.248366	0.968659
8.3	0.994293	-0.0936499	-0.0511033	0.103439	0.963512	0.246871	0.0261192	-0.250748	0.9677
8.33333	0.993792	-0.0780314	-0.0793024	0.0951613	0.965462	0.242542	0.0576375	-0.248583	0.966894
8.36667	0.992487	-0.0639233	-0.104324	0.0873703	0.967188	0.238565	0.0856511	-0.245887	0.965507
8.4	0.990726	-0.0532136	-0.125024	0.0814581	0.969048	0.233044	0.108753	-0.241067	0.964396
8.43333	0.988863	-0.046023	-0.141535	0.0771372	0.971775	0.222943	0.127279	-0.231377	0.964502
8.46667	0.987071	-0.0412558	-0.154886	0.0730921	0.975844	0.205879	0.142651	-0.214538	0.966242
8.5	0.985577	-0.0372448	-0.165079	0.0684214	0.979894	0.187418	0.154779	-0.196009	0.96831
8.53333	0.984778	-0.0341261	-0.170435	0.0637862	0.983079	0.171718	0.161691	-0.179975	0.970291
8.56667	0.984562	-0.0303631	-0.172384	0.0584887	0.9853	0.160508	0.164977	-0.168112	0.971865
8.6	0.984806	-0.0249105	-0.17186	0.0512878	0.987233	0.150797	0.16591	-0.157321	0.973511
8.63333	0.985491	-0.0198056	-0.168568	0.0438795	0.989134	0.140314	0.163957	-0.145675	0.975652
8.66667	0.986592	-0.0153712	-0.162482	0.0369654	0.990729	0.130729	0.158966	-0.134982	0.978013
8.7	0.988099	-0.0123134	-0.153329	0.0313403	0.991998	0.122302	0.150596	-0.125652	0.980578
8.73333	0.989715	-0.010535	-0.142665	0.0270909	0.993041	0.114608	0.140465	-0.117294	0.983113
8.76667	0.991345	-0.0109931	-0.13082	0.0249043	0.994141	0.105183	0.128897	-0.107531	0.985811
8.8	0.992926	-0.0121276	-0.118117	0.023542	0.995129	0.0957263	0.116381	-0.0978298	0.988375
8.83333	0.99434	-0.0135393	-0.105376	0.0223583	0.996302	0.0829644	0.103863	-0.0848509	0.990966
8.86667	0.99558	-0.0140807	-0.0928508	0.0204377	0.997485	0.067873	0.0916616	-0.0694707	0.993364
8.9	0.996737	-0.0122409	-0.0797858	0.0163926	0.998534	0.0515903	0.0790373	-0.0527299	0.995476
8.93333	0.997764	-0.00833527	-0.0663174	0.0103393	0.999498	0.0299333	0.0660347	-0.0305521	0.997349
8.96667	0.99861	-0.00421073	-0.0525458	0.00419886	0.999991	-0.000336189	0.0525467	0.000115089	0.998618
9	0.999342	0.000360738	-0.0362603	-0.0016314	0.999385	-0.0350194	0.0362254	0.0350555	0.998729
9.03333	0.999816	0.002847	-0.0189621	-0.00420144	0.997412	-0.0717767	0.0187087	0.0718432	0.99724
9.06667	0.999991	0.00379138	-0.00212456	-0.00398248	0.995114	-0.09865	0.00174016	0.0986576	0.99512
9.1	0.999897	0.00160045	0.014258	-6.97353e-05	0.994289	-0.106718	-0.0143473	0.106706	0.994187
9.13333	0.999564	-0.00301148	0.0293874	0.00609997	0.994392	-0.10558	-0.0289046	0.105713	0.993976
9.16667	0.999136	-0.00727209	0.0409204	0.011167	0.99534	-0.0957738	-0.0400333	0.096148	0.994562
9.2	0.998605	-0.0174404	0.0498472	0.0210654	0.997099	-0.0731475	-0.0484268	0.0740954	0.996075
9.23333	0.997758	-0.036174	0.056303	0.038372	0.998523	-0.0384601	-0.0548286	0.0405343	0.997673
9.26667	0.996618	-0.0576799	0.0585223	0.0584195	0.998231	-0.0110057	-0.057784	0.0143873	0.998225
9.3	0.995525	-0.0781561	0.053121	0.0789426	0.996796	-0.0128697	-0.051945	0.0170056	0.998505
9.33333	0.994481	-0.0980977	0.0372012	0.0993736	0.994464	-0.0341553	-0.0336447	0.0376636	0.998724
9.36667	0.993585	-0.112207	0.0141111	0.112718	0.992693	-0.0430684	-0.00917542	0.0443826	0.998972
9.4	0.992949	-0.117776	-0.0134827	0.117505	0.992883	-0.019411	0.0156729	0.0176899	0.999721
9.43333	0.992453	-0.115063	-0.0423957	0.116327	0.992797	0.0286563	0.0387931	-0.0333718	0.99869
9.46667	0.991648	-0.109408	-0.0682942	0.114969	0.989841	0.0836501	0.0584484	-0.0908032	0.994152
9.5	0.990893	-0.10209	-0.0878046	0.113289	0.984512	0.133797	0.0727854	-0.142526	0.987111
9.53333	0.9901	-0.0974226	-0.101053	0.113363	0.979523	0.166382	0.0827742	-0.17619	0.98087
9.56667	0.989359	-0.0966498	-0.108757	0.115061	0.977232	0.178264	0.0890519	-0.188881	0.977954
9.6	0.988986	-0.0975698	-0.111299	0.116347	0.977291	0.177104	0.0914914	-0.188102	0.977879
9.63333	0.989113	-0.0990774	-0.108807	0.116887	0.97816	0.171871	0.0894024	-0.182718	0.979092
9.66667	0.989853	-0.0989605	-0.101968	0.11519	0.979024	0.168059	0.0831977	-0.178099	0.980489
9.7	0.991007	-0.0984774	-0.0905996	0.11247	0.979825	0.165207	0.0725026	-0.173911	0.982089
9.73333	0.992412	-0.0963681	-0.0763675	0.107736	0.980838	0.162328	0.0592609	-0.169324	0.983777
9.76667	0.99394	-0.0921749	-0.0598988	0.100677	0.982078	0.159333	0.0441388	-0.164398	0.985406
9.8	0.995352	-0.0869077	-0.0415002	0.0923124	0.983767	0.153888	0.0274524	-0.157004	0.987216
9.83333	0.996472	-0.0809182	-0.0222449	0.0833501	0.985144	0.150147	0.00976484	-0.151471	0.988413
9.86667	0.99719	-0.0748153	-0.00373767	0.0745721	0.986751	0.144091	-0.00709204	-0.143965	0.989557
9.9	0.997468	-0.0699492	0.0128339	0.0675107	0.988079	0.138352	-0.0223586	-0.137135	0.9903
9.93333	0.997278	-0.0681611	0.0281075	0.0638581	0.989083	0.132801	-0.0368525	-0.130644	0.990744
9.96667	0.996631	-0.0707141	0.0415491	0.0647947	0.98943	0.129732	-0.0502838	-0.126603	0.990678
10	0.99536	-0.0787459	0.0553034	0.0710687	0.989067	0.129215	-0.0648739	-0.124685	0.990073
10.0333	0.993527	-0.0909014	0.068122	0.0811744	0.987649	0.134019	-0.079463	-0.127622	0.988635
10.0667	0.990861	-0.107217	0.0818501	0.0946393	0.984963	0.144541	-0.0961165	-0.135474	0.986108
10.1	0.988554	-0.117425	0.0947243	0.101771	0.982518	0.155888	-0.111374	-0.144464	0.983222
10.1333	0.986154	-0.126337	0.107417	0.10817	0.981045	0.160777	-0.125693	-0.146931	0.981128
10.1667	0.984939	-0.12824	0.115969	0.109702	0.981942	0.15413	-0.13364	-0.139086	0.981221
10.2	0.985059	-0.126346	0.117025	0.109762	0.984233	0.1387	-0.132704	-0.123783	0.983396
10.2333	0.986269	-0.12344	0.10971	0.109753	0.986308	0.123091	-0.123402	-0.109359	0.986313
10.2667	0.9885	-0.117194	0.0955699	0.105811	0.987532	0.116554	-0.108038	-0.105101	0.988576
10.3	0.991392	-0.106112	0.0766967	0.096481	0.988084	0.119919	-0.0885077	-0.111487	0.989817
10.3333	0.994625	-0.0894476	0.0521505	0.0822487	0.988511	0.126811	-0.0628943	-0.12184	0.990555
10.3667	0.997554	-0.0666968	0.0209031	0.0633653	0.989185	0.13228	-0.0294996	-0.130632	0.990992
10.4	0.998859	-0.045557	-0.0142961	0.0470763	0.989664	0.135458	0.00797732	-0.135976	0.99068
10.4333	0.998419	-0.0277523	-0.0488801	0.0344027	0.989419	0.14095	0.0444512	-0.142409	0.988809
10.4667	0.996547	-0.0141845	-0.0818077	0.0261207	0.98883	0.14674	0.0788125	-0.14837	0.985786
10.5	0.993566	-0.00404484	-0.113182	0.0208588	0.988802	0.147771	0.111317	-0.149181	0.982524
10.5333	0.989962	0.00244983	-0.141316	0.0188239	0.988657	0.149007	0.140078	-0.150171	0.978686
10.5667	0.986106	0.00843434	-0.165906	0.0169632	0.988377	0.151072	0.165252	-0.151788	0.974501
10.6	0.982364	0.0134157	-0.186497	0.0147587	0.988747	0.148866	0.186396	-0.148993	0.971112
10.6333	0.979084	0.0191337	-0.202556	0.0103486	0.989596	0.1435	0.203194	-0.142595	0.9687
10.6667	0.976323	0.027042	-0.21462	0.00348447	0.990061	0.140598	0.216289	-0.138017	0.966525
10.7	0.974668	0.0350801	-0.220889	-0.00332975	0.989789	0.142499	0.223633	-0.138154	0.964833
10.7333	0.974482	0.0421776	-0.220468	-0.00990862	0.989313	0.145468	0.224248	-0.139571	0.964486
10.7667	0.975498	0.0456162	-0.215227	-0.0140552	0.989192	0.145949	0.219559	-0.139348	0.965596
10.8	0.97739	0.0495124	-0.205565	-0.0178572	0.988053	0.153078	0.210688	-0.145946	0.966597
10.8333	0.979695	0.053338	-0.193267	-0.0207727	0.985779	0.166756	0.199413	-0.159356	0.966871
10.8667	0.982015	0.0524898	-0.181362	-0.0194999	0.983638	0.179099	0.187796	-0.172341	0.96697
10.9	0.984115	0.0496743	-0.170441	-0.0165346	0.98153	0.190593	0.17676	-0.184748	0.96676
10.9333	0.986118	0.0477286	-0.159036	-0.0145161	0.97891	0.203774	0.165408	-0.198637	0.966014
10.9667	0.988266	0.0454944	-0.145808	-0.0132489	0.976546	0.214899	0.152165	-0.210446	0.965691
11	0.990634	0.0403613	-0.130443	-0.0117234	0.976928	0.213246	0.136041	-0.209719	0.968251
11.0333	0.993112	0.0304148	-0.113149	-0.00817876	0.981359	0.192007	0.11688	-0.189759	0.974849
11.0667	0.995603	0.0154414	-0.0923881	-0.00111019	0.988195	0.153199	0.093663	-0.152423	0.983867
11.1	0.997743	-0.00227422	-0.0671158	0.00939543	0.994324	0.10598	0.0664938	-0.106371	0.992101
11.1333	0.999048	-0.0161963	-0.0405146	0.0184586	0.998254	0.0561034	0.0395352	-0.0567979	0.997603
11.1667	0.999585	-0.0264978	-0.0113187	0.0267472	0.999389	0.0224806	0.0107161	-0.022774	0.999683
11.2	0.999158	-0.0375309	0.0165595	0.0372373	0.99915	0.017695	-0.0172095	-0.0170635	0.999706
11.2333	0.9977	-0.0535173	0.0415974	0.0519491	0.99793	0.0379074	-0.04354	-0.0356592	0.998415
11.2667	0.995405	-0.074221	0.0604917	0.0709281	0.995971	0.0548788	-0.0643211	-0.0503361	0.996659
11.3	0.99316	-0.0936825	0.0696975	0.0908963	0.994969	0.0421339	-0.0732941	-0.0355104	0.996678
11.3333	0.991239	-0.11192	0.0701387	0.1116	0.993717	0.00848667	-0.0706478	-0.000584865	0.997501
11.3667	0.990212	-0.124609	0.062875	0.125924	0.991888	-0.0173815	-0.060199	0.0251288	0.99787
11.4	0.990346	-0.129761	0.0487444	0.130368	0.991421	-0.00945395	-0.0470995	0.0157174	0.998767
11.4333	0.991468	-0.126457	0.0316335	0.125718	0.991767	0.0243667	-0.0344544	-0.0201819	0.999202
11.4667	0.992899	-0.117872	0.0160355	0.11671	0.991326	0.0604228	-0.0230186	-0.0581222	0.998044
11.5	0.994084	-0.108544	0.00400856	0.107908	0.991127	0.0776088	-0.0123969	-0.0767171	0.996976
11.5333	0.994962	-0.100094	-0.0056402	0.100242	0.992449	0.0706849	-0.00147755	-0.0708941	0.997483
11.5667	0.995688	-0.0917443	-0.0137391	0.0923532	0.99429	0.0534689	0.00875515	-0.0545072	0.998475
11.6	0.996373	-0.0823453	-0.0214435	0.0831292	0.995788	0.0386709	0.0181688	-0.0403132	0.999022
