0	0	1	0	0	0	-1	-1	0	0
0.0333333	0.968125	0.210271	0.136092	-0.130852	0.887906	-0.441021	-0.213571	0.409156	0.887118
0.0666667	0.986218	0.0745274	0.147712	-0.0117131	0.922009	-0.38699	-0.165034	0.379927	0.910176
0.1	0.986142	0.0152361	0.1652	0.0466277	0.930181	-0.364128	-0.159214	0.366785	0.916581
0.133333	0.984844	-0.011491	0.173061	0.0724274	0.933887	-0.350157	-0.157595	0.357384	0.920565
0.166667	0.984097	-0.0234355	0.176079	0.0835436	0.935846	-0.342363	-0.156759	0.351629	0.922921
0.2	0.983752	-0.0291299	0.177156	0.0886887	0.936795	-0.338452	-0.1561	0.348664	0.924157
0.233333	0.983537	-0.0325848	0.177747	0.0917282	0.937491	-0.335702	-0.155698	0.34648	0.925046
0.266667	0.983481	-0.0341918	0.177753	0.0929598	0.938013	-0.3339	-0.155318	0.344908	0.925697
0.3	0.983447	-0.0354577	0.177691	0.0939273	0.938379	-0.332599	-0.154948	0.343783	0.926177
0.333333	0.983476	-0.0358976	0.177443	0.0941151	0.938666	-0.331736	-0.154651	0.342954	0.926534
0.366667	0.983532	-0.0365386	0.177002	0.0944631	0.93886	-0.331087	-0.154082	0.342355	0.926851
0.4	0.983657	-0.036694	0.176276	0.0943084	0.938977	-0.3308	-0.153381	0.342018	0.927091
0.433333	0.983656	-0.0376208	0.176082	0.0949582	0.939266	-0.32979	-0.152981	0.341121	0.927488
0.466667	0.983759	-0.0377181	0.175487	0.0947265	0.939536	-0.329088	-0.152464	0.340366	0.92785
0.5	0.98389	-0.0375362	0.174789	0.09425	0.939709	-0.328731	-0.151911	0.339909	0.928108
0.533333	0.983985	-0.0372999	0.174303	0.0938983	0.93965	-0.328999	-0.151512	0.340097	0.928104
0.566667	0.984033	-0.0376832	0.173952	0.0941679	0.939566	-0.329162	-0.151036	0.340287	0.928113
0.6	0.984164	-0.0369747	0.17336	0.0933503	0.939505	-0.329569	-0.150687	0.340533	0.928079
0.633333	0.984187	-0.0374589	0.173128	0.0937941	0.939324	-0.329958	-0.150263	0.340979	0.927984
0.666667	0.984313	-0.0373358	0.172433	0.0933577	0.939532	-0.329491	-0.149704	0.340421	0.928279
0.7	0.984384	-0.0372192	0.172054	0.0929968	0.939822	-0.328764	-0.149464	0.33963	0.928608
0.733333	0.984441	-0.0373302	0.171706	0.0929118	0.939982	-0.328331	-0.149144	0.339176	0.928825
0.766667	0.984471	-0.037467	0.171503	0.092976	0.939966	-0.328359	-0.148904	0.339206	0.928853
0.8	0.98445	-0.0376454	0.171586	0.0930989	0.94012	-0.327882	-0.148969	0.338757	0.929006
0.833333	0.984424	-0.0379136	0.171672	0.0932712	0.94035	-0.327173	-0.149027	0.338089	0.92924
0.866667	0.984436	-0.0378969	0.171611	0.093251	0.940315	-0.327279	-0.148966	0.338188	0.929214
0.9	0.98438	-0.0380231	0.171903	0.0935118	0.940206	-0.32752	-0.149171	0.338479	0.929075
0.933333	0.984337	-0.0375336	0.172258	0.0931269	0.940332	-0.327267	-0.149696	0.338183	0.929098
0.966667	0.984296	-0.0380145	0.172383	0.0934619	0.940661	-0.326225	-0.149752	0.337213	0.929442
1	0.984355	-0.0376786	0.172119	0.0930534	0.940693	-0.326249	-0.149618	0.337161	0.929482
1.03333	0.98438	-0.0371084	0.172102	0.0925383	0.940667	-0.326471	-0.149776	0.337297	0.929407
1.06667	0.984337	-0.0366731	0.172439	0.0922413	0.940691	-0.326484	-0.150238	0.337276	0.92934
1.1	0.984333	-0.0363306	0.172538	0.0919568	0.940701	-0.326536	-0.150444	0.337286	0.929303
1.13333	0.984232	-0.0365026	0.173074	0.0924099	0.940436	-0.32717	-0.150822	0.338005	0.928981
1.16667	0.984241	-0.0358796	0.173155	0.0918906	0.940385	-0.327463	-0.151083	0.338214	0.928862
1.2	0.984218	-0.0352249	0.173419	0.0914902	0.940139	-0.32828	-0.151474	0.338965	0.928525
1.23333	0.984245	-0.034543	0.173401	0.0910084	0.939809	-0.329357	-0.151587	0.339949	0.928147
1.26667	0.984337	-0.0332241	0.173136	0.0898213	0.93957	-0.330364	-0.151698	0.340741	0.927838
1.3	0.984424	-0.0316141	0.172943	0.0885407	0.938994	-0.332341	-0.151886	0.342477	0.927168
1.33333	0.984541	-0.0298108	0.172598	0.0869	0.938713	-0.333567	-0.152076	0.343409	0.926792
1.36667	0.984532	-0.0285845	0.17286	0.0859375	0.938555	-0.334259	-0.152684	0.343943	0.926494
1.4	0.984567	-0.0272089	0.17288	0.0848062	0.938284	-0.335307	-0.153087	0.344793	0.926111
1.43333	0.984608	-0.0256481	0.172884	0.0833899	0.938261	-0.335727	-0.1536	0.344976	0.925958
1.46667	0.984624	-0.024679	0.172932	0.0822911	0.938771	-0.33457	-0.154087	0.343656	0.926368
1.5	0.9847	-0.0235169	0.172666	0.0809023	0.93929	-0.333449	-0.154342	0.342316	0.926822
1.53333	0.984854	-0.0222123	0.171955	0.0792578	0.93975	-0.332548	-0.154208	0.34114	0.927277
1.56667	0.984986	-0.0204893	0.171412	0.0772045	0.940384	-0.331235	-0.154406	0.339496	0.927848
1.6	0.985025	-0.0192873	0.171327	0.0756982	0.9412	-0.329261	-0.154903	0.3373	0.928565
1.63333	0.984932	-0.018862	0.17191	0.0750294	0.942219	-0.326488	-0.155819	0.334467	0.929437
1.66667	0.984898	-0.0175072	0.172248	0.0737756	0.942469	-0.32605	-0.15663	0.333834	0.929528
1.7	0.984809	-0.015816	0.172922	0.0724995	0.942343	-0.326702	-0.157785	0.334276	0.929174
1.73333	0.984654	-0.0141962	0.173939	0.071475	0.942065	-0.327726	-0.159209	0.335129	0.928623
1.76667	0.98455	-0.0118882	0.174701	0.0698386	0.941565	-0.329512	-0.160575	0.336622	0.927848
1.8	0.984403	-0.00958672	0.175665	0.0681195	0.941395	-0.330357	-0.162203	0.33717	0.927365
1.83333	0.98419	-0.0075151	0.176954	0.0667209	0.941228	-0.331118	-0.164066	0.33769	0.926849
1.86667	0.983826	-0.00593839	0.179028	0.0660614	0.941028	-0.331818	-0.1665	0.338278	0.9262
1.9	0.983359	-0.00341347	0.18164	0.0648807	0.940488	-0.333576	-0.169691	0.33981	0.925059
1.93333	0.982815	-0.000156521	0.184591	0.0634682	0.939317	-0.337127	-0.173336	0.343049	0.923186
1.96667	0.982255	0.0038688	0.187511	0.0617426	0.937387	-0.342772	-0.177097	0.348267	0.920515
2	0.981466	0.00771737	0.191478	0.0608222	0.934982	-0.349442	-0.181726	0.354612	0.917184
2.03333	0.980302	0.0099915	0.197252	0.0620082	0.932651	-0.355411	-0.187518	0.360641	0.91366
2.06667	0.978765	0.00959488	0.204761	0.066559	0.929904	-0.361729	-0.193879	0.367676	0.909519
2.1	0.97734	0.00536788	0.211605	0.0745521	0.926893	-0.367846	-0.19811	0.375286	0.90549
2.13333	0.975601	-0.000107299	0.219551	0.084183	0.923751	-0.373626	-0.20277	0.382993	0.901222
2.16667	0.973386	-0.00666916	0.229075	0.0950082	0.921375	-0.376884	-0.208551	0.388618	0.897487
2.2	0.97093	-0.0131787	0.238999	0.105611	0.919624	-0.378335	-0.214804	0.392578	0.894283
2.23333	0.96902	-0.0189251	0.246256	0.114161	0.918477	-0.378639	-0.219015	0.395022	0.892183
2.26667	0.967345	-0.0243197	0.252293	0.121214	0.918569	-0.376216	-0.222599	0.394512	0.891521
2.3	0.965568	-0.0295543	0.258467	0.128069	0.918799	-0.373372	-0.226445	0.393618	0.890948
2.33333	0.96329	-0.0359239	0.266049	0.136824	0.918335	-0.371402	-0.23098	0.39417	0.889538
2.36667	0.960785	-0.0433869	0.27388	0.14717	0.916884	-0.371031	-0.235019	0.396788	0.887314
2.4	0.958341	-0.0511369	0.281013	0.15718	0.915895	-0.369364	-0.238491	0.398147	0.885777
2.43333	0.955207	-0.0617981	0.289416	0.169078	0.916589	-0.362321	-0.242885	0.395025	0.885981
2.46667	0.952137	-0.0717886	0.297123	0.179834	0.917566	-0.354587	-0.247175	0.391048	0.886558
2.5	0.949343	-0.080862	0.30366	0.18936	0.918381	-0.347446	-0.25078	0.387346	0.887171
2.53333	0.946973	-0.0882891	0.308945	0.197219	0.918793	-0.341941	-0.253667	0.384739	0.887485
2.56667	0.944286	-0.0945863	0.315242	0.204071	0.919736	-0.335321	-0.258223	0.38097	0.887796
2.6	0.942158	-0.0965137	0.320972	0.207572	0.919911	-0.332682	-0.263158	0.380064	0.886735
2.63333	0.939851	-0.0963823	0.327705	0.211909	0.916957	-0.33806	-0.267909	0.387169	0.882227
2.66667	0.936346	-0.0950346	0.337973	0.218568	0.91115	-0.349332	-0.274745	0.400966	0.873923
2.7	0.932286	-0.0897894	0.350401	0.223635	0.904456	-0.363244	-0.284307	0.417009	0.863292
2.73333	0.927264	-0.0876508	0.364003	0.232195	0.897295	-0.375429	-0.293712	0.432642	0.852382
2.76667	0.921287	-0.0914229	0.377983	0.249322	0.884787	-0.393688	-0.298443	0.456939	0.837937
2.8	0.915117	-0.0956599	0.391675	0.268375	0.869492	-0.414679	-0.30089	0.484595	0.82136
2.83333	0.910575	-0.0924454	0.402873	0.280342	0.854358	-0.437585	-0.303745	0.511396	0.803873
2.86667	0.907055	-0.0907767	0.411108	0.292089	0.838933	-0.459211	-0.303207	0.53661	0.787474
2.9	0.903884	-0.0943628	0.417241	0.308194	0.820069	-0.482186	-0.296666	0.564431	0.770329
2.93333	0.900395	-0.0980766	0.423875	0.328253	0.79257	-0.51389	-0.28555	0.601842	0.74582
2.96667	0.89646	-0.0996974	0.431763	0.352597	0.750641	-0.558761	-0.268392	0.653145	0.708073
3	0.898281	-0.0885934	0.430397	0.36524	0.695111	-0.61921	-0.244316	0.713423	0.656763
3.03333	0.903368	-0.074295	0.422382	0.372547	0.62383	-0.687055	-0.21245	0.778021	0.591226
3.06667	0.912888	-0.0595838	0.403838	0.367537	0.550452	-0.749613	-0.177628	0.832738	0.5244
3.1	0.925122	-0.0493825	0.376446	0.350481	0.492326	-0.796729	-0.14599	0.869009	0.472769
3.13333	0.937708	-0.0521599	0.343488	0.326418	0.470845	-0.819608	-0.118979	0.880673	0.458541
3.16667	0.949085	-0.0651715	0.308204	0.300827	0.477849	-0.825326	-0.093487	0.876021	0.473125
3.2	0.958805	-0.0824142	0.271847	0.275466	0.503434	-0.818946	-0.069364	0.860094	0.505398
3.23333	0.966611	-0.104518	0.233962	0.252687	0.54043	-0.802549	-0.0425595	0.834872	0.548796
3.26667	0.972517	-0.127815	0.194614	0.232355	0.586306	-0.776052	-0.0149119	0.799943	0.599891
3.3	0.97722	-0.147631	0.152467	0.211914	0.639658	-0.738871	0.0115538	0.754349	0.656372
3.33333	0.98079	-0.162074	0.108553	0.191743	0.698691	-0.68925	0.0358647	0.696824	0.716345
3.36667	0.98368	-0.168599	0.0628271	0.170135	0.757996	-0.629679	0.0585406	0.630092	0.774311
3.4	0.985413	-0.169286	0.0174012	0.149406	0.811644	-0.564722	0.081476	0.559085	0.825098
3.43333	0.986037	-0.164337	-0.0269279	0.129221	0.857065	-0.49874	0.10504	0.488297	0.866333
3.46667	0.985685	-0.153654	-0.0693916	0.110172	0.898576	-0.424763	0.12762	0.411038	0.902641
3.5	0.984608	-0.138538	-0.106556	0.0949204	0.935783	-0.339559	0.146755	0.324218	0.93453
3.53333	0.982673	-0.126234	-0.135716	0.0893782	0.964196	-0.249675	0.162374	0.233218	0.958772
3.56667	0.981192	-0.115994	-0.154298	0.0885973	0.98077	-0.173899	0.171502	0.156958	0.9726
3.6	0.981245	-0.10517	-0.161548	0.0862772	0.989039	-0.119826	0.17238	0.103641	0.979563
3.63333	0.982618	-0.0984798	-0.157368	0.084472	0.992042	-0.093364	0.16531	0.078448	0.983117
3.66667	0.984788	-0.0923183	-0.147205	0.0787362	0.992303	-0.0955763	0.154895	0.082532	0.984477
3.7	0.9867	-0.083261	-0.13961	0.0712169	0.993468	-0.0891584	0.146122	0.0780299	0.986184
3.73333	0.989804	-0.0694494	-0.124358	0.0563304	0.992762	-0.10607	0.130825	0.0979832	0.986552
3.76667	0.992827	-0.0465503	-0.110128	0.0300637	0.988697	-0.146885	0.115721	0.14252	0.983004
3.8	0.995183	-0.0318902	-0.0927053	0.0147764	0.983605	-0.179733	0.0969171	0.177497	0.979338
3.83333	0.99716	-0.0183013	-0.0730495	0.00320762	0.979462	-0.201602	0.0752388	0.200795	0.97674
3.86667	0.998409	-0.000474053	-0.0563886	-0.0119685	0.975401	-0.220112	0.0551059	0.220437	0.973843
3.9	0.998884	0.0230573	-0.0412128	-0.0323155	0.970114	-0.24049	0.0344361	0.241554	0.969776
3.93333	0.998558	0.0475008	-0.0250259	-0.0523318	0.965278	-0.255929	0.0120001	0.25687	0.966372
3.96667	0.99752	0.0700763	-0.00654764	-0.0692171	0.95991	-0.27163	-0.0127496	0.271409	0.96238
4	0.995727	0.0911889	0.0145765	-0.0832126	0.954439	-0.286568	-0.0400443	0.284131	0.957949
4.03333	0.993914	0.103489	0.0377452	-0.088184	0.952836	-0.290393	-0.0660175	0.285297	0.956163
4.06667	0.99301	0.0988509	0.0644984	-0.0766014	0.955461	-0.285003	-0.0897985	0.27807	0.956354
4.1	0.992529	0.0837214	0.088747	-0.0551724	0.956773	-0.285555	-0.108818	0.278525	0.954245
4.13333	0.991671	0.0690111	0.108752	-0.0339782	0.954605	-0.295932	-0.124238	0.289772	0.948998
4.16667	0.989795	0.0562744	0.130915	-0.0136023	0.951835	-0.306309	-0.141847	0.301402	0.942887
4.2	0.986711	0.0442644	0.156342	0.00634654	0.950946	-0.309292	-0.162363	0.306174	0.938028
4.23333	0.983105	0.033095	0.180025	0.0251768	0.949722	-0.312081	-0.181302	0.311341	0.932843
4.26667	0.979509	0.0231989	0.200058	0.0427627	0.946737	-0.319156	-0.196806	0.321171	0.926346
4.3	0.975625	0.0145879	0.218957	0.0594257	0.942942	-0.327611	-0.211243	0.332637	0.919091
4.33333	0.971483	0.00505212	0.237057	0.076311	0.939918	-0.332761	-0.224495	0.341362	0.912729
4.36667	0.967026	-0.00505079	0.254628	0.0931921	0.937481	-0.335329	-0.237016	0.348001	0.907039
4.4	0.962716	-0.0164087	0.270015	0.110152	0.935438	-0.33589	-0.247071	0.35311	0.902369
4.43333	0.958641	-0.027928	0.283245	0.12665	0.933076	-0.336645	-0.254887	0.358594	0.898021
4.46667	0.954683	-0.0387204	0.295094	0.141951	0.9307	-0.337116	-0.261591	0.363728	0.89402
4.5	0.950554	-0.0475539	0.306896	0.154844	0.929182	-0.335624	-0.269202	0.36655	0.890602
4.53333	0.947248	-0.0543974	0.315851	0.164852	0.927828	-0.334603	-0.274854	0.369021	0.887851
4.56667	0.943881	-0.0614214	0.324525	0.176035	0.924923	-0.336941	-0.279465	0.37516	0.88383
4.6	0.940521	-0.0639926	0.333655	0.185041	0.920135	-0.345125	-0.284922	0.386337	0.877247
4.63333	0.936554	-0.0592232	0.345483	0.190885	0.912827	-0.360983	-0.293988	0.404028	0.866217
4.66667	0.931652	-0.050892	0.359771	0.196184	0.903869	-0.380173	-0.305838	0.424771	0.852076
4.7	0.926657	-0.0503557	0.37252	0.207228	0.895237	-0.394472	-0.31363	0.442736	0.840012
4.73333	0.920149	-0.056762	0.387433	0.226101	0.884841	-0.407351	-0.319695	0.462422	0.827019
4.76667	0.911936	-0.0681306	0.404637	0.251261	0.872341	-0.419391	-0.324408	0.484127	0.812638
4.8	0.905065	-0.0751262	0.418584	0.273404	0.856699	-0.437398	-0.32574	0.510317	0.795908
4.83333	0.899989	-0.0780924	0.42886	0.292941	0.836903	-0.462361	-0.322808	0.541751	0.776081
4.86667	0.89469	-0.0840418	0.43871	0.318039	0.809497	-0.493525	-0.313658	0.581078	0.750977
4.9	0.891096	-0.0883169	0.445139	0.344578	0.769982	-0.537023	-0.295321	0.631924	0.71656
4.93333	0.889033	-0.0887292	0.449163	0.372048	0.711767	-0.595793	-0.266835	0.696789	0.665795
4.96667	0.890968	-0.0775625	0.447393	0.39074	0.632873	-0.668426	-0.231298	0.770361	0.594176
5	0.898173	-0.0618978	0.435263	0.395162	0.547602	-0.73755	-0.192698	0.834446	0.516301
5.03333	0.911219	-0.0531601	0.408478	0.381616	0.482268	-0.788534	-0.155077	0.874409	0.459739
5.06667	0.926458	-0.0527096	0.37269	0.355353	0.448931	-0.819869	-0.124097	0.89201	0.434646
5.1	0.941002	-0.0535219	0.334141	0.323428	0.432706	-0.841522	-0.0995452	0.899945	0.424488
5.13333	0.952506	-0.0564649	0.29924	0.294126	0.425148	-0.856002	-0.0788872	0.903361	0.421563
5.16667	0.960992	-0.0596274	0.270071	0.270079	0.412714	-0.869899	-0.0595921	0.908907	0.412719
5.2	0.966628	-0.0647096	0.247877	0.252656	0.40082	-0.880629	-0.0423688	0.913869	0.403793
5.23333	0.970429	-0.0728136	0.230145	0.239773	0.400888	-0.884193	-0.0278809	0.913229	0.406492
5.26667	0.972678	-0.0833311	0.216689	0.231402	0.423317	-0.875932	-0.0187356	0.902141	0.431034
5.3	0.974364	-0.0963283	0.203312	0.224707	0.461032	-0.858461	-0.0110394	0.882139	0.470859
5.33333	0.976347	-0.110103	0.186077	0.216198	0.506924	-0.834438	-0.00245299	0.85493	0.518738
5.36667	0.978231	-0.125287	0.16543	0.207347	0.557701	-0.803727	0.00843583	0.820532	0.571539
5.4	0.980238	-0.139635	0.140125	0.196603	0.609205	-0.768255	0.0219101	0.780622	0.624619
5.43333	0.982353	-0.150745	0.110721	0.183627	0.664755	-0.724142	0.0355584	0.731694	0.680705
5.46667	0.984157	-0.159343	0.0777522	0.169922	0.722468	-0.670199	0.0506183	0.672793	0.738097
5.5	0.985317	-0.165742	0.0409771	0.15633	0.779349	-0.606775	0.0686328	0.604272	0.793817
5.53333	0.985687	-0.168575	0.00168389	0.14319	0.831901	-0.536131	0.0889777	0.528699	0.844133
5.56667	0.985445	-0.165306	-0.0396594	0.128738	0.878038	-0.46095	0.11102	0.449135	0.886539
5.6	0.98447	-0.156708	-0.079132	0.115272	0.916997	-0.381876	0.132407	0.366824	0.92082
5.63333	0.983024	-0.143538	-0.114282	0.104115	0.949273	-0.296716	0.151075	0.279781	0.948103
5.66667	0.981466	-0.127092	-0.143427	0.0951226	0.972823	-0.211108	0.16636	0.193552	0.966883
5.7	0.980323	-0.110605	-0.163503	0.0893198	0.987182	-0.13226	0.176036	0.115054	0.977637
5.73333	0.980035	-0.0972847	-0.173399	0.0868917	0.993991	-0.0665706	0.178833	0.0501746	0.982599
5.76667	0.980544	-0.0906949	-0.174091	0.0870528	0.995797	-0.0284598	0.175941	0.012751	0.984318
5.8	0.981846	-0.0891725	-0.16741	0.0838856	0.995735	-0.0384052	0.170121	0.0236647	0.985139
5.83333	0.984185	-0.0855944	-0.155089	0.0754787	0.994688	-0.0699901	0.160256	0.0571773	0.985418
5.86667	0.987906	-0.0670914	-0.139789	0.0612039	0.997065	-0.0460031	0.142465	0.0368912	0.989112
5.9	0.992648	-0.0399515	-0.114251	0.0325627	0.9973	-0.065823	0.116572	0.0616188	0.991269
5.93333	0.995228	-0.0193179	-0.0956416	0.01061	0.995819	-0.0907326	0.0969945	0.0892849	0.991272
5.96667	0.99755	-0.00556354	-0.0697408	-0.00190525	0.994303	-0.106572	0.0699364	0.106444	0.991856
6	0.998906	0.00532604	-0.046449	-0.011024	0.992309	-0.123293	0.0454351	0.12367	0.991283
6.03333	0.999302	0.0231126	-0.0293652	-0.0270112	0.989758	-0.140179	0.0258246	0.140875	0.989691
6.06667	0.998914	0.0431679	-0.017522	-0.0454497	0.985597	-0.162888	0.0102381	0.163507	0.986489
6.1	0.998037	0.0624376	-0.00479247	-0.0622605	0.981176	-0.182805	-0.00671162	0.182744	0.983138
6.13333	0.997077	0.0754751	0.011894	-0.0716415	0.97761	-0.197852	-0.0265606	0.196421	0.98016
6.16667	0.996225	0.081351	0.0302879	-0.0732173	0.974901	-0.210256	-0.0466322	0.207244	0.977177
6.2	0.995714	0.0777189	0.0501412	-0.0648396	0.973161	-0.220802	-0.065956	0.216604	0.974029
6.23333	0.995299	0.0676632	0.0692979	-0.0499142	0.971508	-0.231692	-0.0830005	0.227144	0.970318
6.26667	0.994538	0.055988	0.0880862	-0.0331001	0.969574	-0.242549	-0.098986	0.238308	0.966132
6.3	0.993168	0.0450926	0.107631	-0.0165213	0.967369	-0.252834	-0.11552	0.249329	0.961504
6.33333	0.99121	0.0373109	0.126929	-0.00273159	0.964976	-0.262325	-0.132271	0.259672	0.956595
6.36667	0.988821	0.0308364	0.145881	0.0103587	0.96181	-0.273522	-0.148744	0.271976	0.950739
6.4	0.986117	0.0219168	0.1646	0.0260012	0.958644	-0.283418	-0.164005	0.283763	0.944765
6.43333	0.983246	0.0129013	0.181829	0.0418573	0.954859	-0.294095	-0.177415	0.296779	0.938321
6.46667	0.980197	0.0023392	0.198013	0.0587578	0.951463	-0.302101	-0.189109	0.307753	0.932484
6.5	0.97685	-0.00861684	0.213751	0.0753228	0.949057	-0.305969	-0.200226	0.314986	0.927736
6.53333	0.973283	-0.0202457	0.228714	0.0919202	0.947156	-0.307321	-0.210406	0.320134	0.923712
6.56667	0.96944	-0.0326028	0.243151	0.108884	0.945342	-0.307365	-0.21984	0.324447	0.920002
6.6	0.965369	-0.0446498	0.25704	0.125328	0.943484	-0.306808	-0.228814	0.328398	0.916406
6.63333	0.961107	-0.0563919	0.270357	0.141033	0.941883	-0.304904	-0.23745	0.331175	0.913204
6.66667	0.956859	-0.0682027	0.282436	0.156146	0.940465	-0.3019	-0.245031	0.332977	0.910542
6.7	0.952996	-0.0797952	0.292287	0.170452	0.938756	-0.29947	-0.25049	0.335215	0.908232
6.73333	0.949616	-0.0903248	0.300117	0.182219	0.938212	-0.294201	-0.255	0.334065	0.9074
6.76667	0.946612	-0.0977093	0.307211	0.191029	0.937645	-0.290398	-0.25968	0.33358	0.906251
6.8	0.944016	-0.100707	0.314151	0.196772	0.936216	-0.291172	-0.26479	0.336687	0.903619
6.83333	0.941006	-0.102051	0.322635	0.203171	0.932849	-0.297512	-0.270608	0.345511	0.898551
6.86667	0.938147	-0.0970633	0.332354	0.206422	0.927449	-0.311814	-0.277976	0.361133	0.89012
6.9	0.935301	-0.0849879	0.343494	0.206984	0.918734	-0.336283	-0.287	0.385624	0.876884
6.93333	0.930804	-0.0693932	0.358871	0.208522	0.907183	-0.365427	-0.300203	0.414974	0.85888
6.96667	0.924361	-0.0624265	0.376378	0.21898	0.894654	-0.389412	-0.312418	0.442376	0.840653
7	0.916023	-0.0629154	0.396162	0.237902	0.880386	-0.410272	-0.322963	0.470067	0.821421
7.03333	0.909242	-0.0625245	0.411545	0.256676	0.862546	-0.436042	-0.327713	0.502101	0.800311
7.06667	0.904922	-0.0528957	0.422277	0.26947	0.839215	-0.47234	-0.329397	0.541222	0.773678
7.1	0.901505	-0.0458933	0.430329	0.285313	0.81069	-0.511251	-0.3254	0.583674	0.743935
7.13333	0.897153	-0.0450201	0.43942	0.306967	0.77887	-0.54693	-0.317628	0.625568	0.712585
7.16667	0.891818	-0.0467003	0.449977	0.329656	0.748267	-0.575694	-0.309818	0.661752	0.682713
7.2	0.886608	-0.0454016	0.460287	0.352015	0.711764	-0.607847	-0.300019	0.70095	0.647038
7.23333	0.884592	-0.0389279	0.464738	0.369465	0.6666	-0.64741	-0.284592	0.744398	0.604052
7.26667	0.88848	-0.0253159	0.458216	0.376188	0.612049	-0.695614	-0.26284	0.790414	0.553317
7.3	0.898539	-0.00915097	0.438797	0.370135	0.553065	-0.746404	-0.235853	0.833088	0.500338
7.33333	0.911705	0.000436573	0.410845	0.353869	0.507229	-0.785809	-0.208736	0.861811	0.462289
7.36667	0.925325	-0.00364009	0.379158	0.331522	0.493088	-0.804337	-0.18403	0.869972	0.457473
7.4	0.938903	-0.0157206	0.343822	0.306011	0.495362	-0.813003	-0.157535	0.868544	0.469908
7.43333	0.950906	-0.0336069	0.307649	0.281926	0.504102	-0.816332	-0.127652	0.86299	0.488829
7.46667	0.96092	-0.0553428	0.271238	0.259941	0.517359	-0.815335	-0.0952047	0.853977	0.511526
7.5	0.970149	-0.0801548	0.228881	0.234907	0.545078	-0.804804	-0.0602492	0.834545	0.547635
7.53333	0.976616	-0.103644	0.188357	0.213142	0.581381	-0.785218	-0.0281237	0.807003	0.589877
7.56667	0.981449	-0.122367	0.147595	0.191723	0.628434	-0.753866	-0.000505789	0.768178	0.640236
7.6	0.984995	-0.136132	0.106077	0.170815	0.681316	-0.71178	0.0246242	0.71922	0.694346
7.63333	0.987291	-0.145703	0.0634537	0.150906	0.734328	-0.661808	0.0498314	0.662973	0.746983
7.66667	0.988161	-0.151668	0.0231156	0.134488	0.783835	-0.606231	0.0738272	0.602163	0.794952
7.7	0.988145	-0.152728	-0.0156334	0.120206	0.833006	-0.540048	0.0955032	0.531766	0.841489
7.73333	0.987764	-0.147597	-0.0503747	0.108258	0.881414	-0.459772	0.112262	0.448693	0.886607
7.76667	0.986814	-0.140966	-0.0795439	0.101587	0.921988	-0.373655	0.126011	0.360648	0.924151
7.8	0.985733	-0.133131	-0.102985	0.0984535	0.952332	-0.288741	0.136517	0.274482	0.951852
7.83333	0.984706	-0.126633	-0.119655	0.0992307	0.972167	-0.212239	0.143201	0.197119	0.969865
7.86667	0.98427	-0.121376	-0.128374	0.102752	0.984388	-0.142904	0.143715	0.127466	0.981376
7.9	0.984462	-0.120202	-0.128008	0.107725	0.989107	-0.100312	0.138672	0.0849636	0.986687
7.93333	0.985921	-0.120249	-0.116186	0.106967	0.987648	-0.114494	0.128518	0.100454	0.986606
7.96667	0.988325	-0.111712	-0.103603	0.0988485	0.987603	-0.121936	0.11594	0.110271	0.987116
8	0.99054	-0.0960934	-0.0979632	0.0822004	0.987135	-0.137138	0.109881	0.127788	0.985696
8.03333	0.993849	-0.0667012	-0.0884086	0.051167	0.984527	-0.167597	0.0982195	0.162042	0.981884
8.06667	0.995962	-0.0423401	-0.0791684	0.0246745	0.976943	-0.212068	0.086322	0.209258	0.974043
8.1	0.997703	-0.0239593	-0.0633547	0.00833947	0.971683	-0.236139	0.0672184	0.235069	0.969652
8.13333	0.998924	-0.0066973	-0.0458855	-0.00498097	0.968294	-0.249765	0.0461034	0.249725	0.967219
8.16667	0.999452	0.0110342	-0.0312195	-0.0186539	0.966619	-0.25554	0.0273577	0.255982	0.966294
8.2	0.999392	0.0294694	-0.0186176	-0.0333201	0.964518	-0.261908	0.0102387	0.262369	0.964913
8.23333	0.998745	0.0497235	-0.00593858	-0.0494634	0.961046	-0.271928	-0.00781395	0.271881	0.962299
8.26667	0.997552	0.069756	0.00499194	-0.06535	0.9552	-0.288655	-0.0249037	0.287622	0.95742
8.3	0.996109	0.0869332	0.0144489	-0.0782868	0.948204	-0.307864	-0.0404641	0.305535	0.951321
8.33333	0.99523	0.0932265	0.0287402	-0.079116	0.943656	-0.321332	-0.0570775	0.317526	0.94653
8.36667	0.994918	0.0873171	0.050141	-0.0662325	0.942606	-0.327271	-0.0758396	0.322287	0.943599
8.4	0.99472	0.0748476	0.0702202	-0.0473283	0.941646	-0.33326	-0.0910663	0.328177	0.940216
8.43333	0.994126	0.0627689	0.0881687	-0.0287534	0.938543	-0.343963	-0.10434	0.339407	0.934835
8.46667	0.992827	0.0519948	0.107662	-0.0103059	0.934352	-0.356201	-0.119115	0.352537	0.928186
8.5	0.990922	0.0412765	0.127942	0.0085504	0.93042	-0.366395	-0.134163	0.364163	0.921621
8.53333	0.988443	0.0343803	0.147642	0.0235609	0.927266	-0.373662	-0.14975	0.372822	0.915739
8.56667	0.985645	0.0282102	0.166455	0.038312	0.922845	-0.383261	-0.164424	0.384137	0.908517
8.6	0.982599	0.022338	0.18439	0.0530849	0.917557	-0.394043	-0.17799	0.396975	0.900406
8.63333	0.979387	0.0161455	0.201345	0.0676564	0.913001	-0.402309	-0.190323	0.407638	0.893089
8.66667	0.975912	0.00984684	0.217942	0.0817209	0.909749	-0.407037	-0.202281	0.415042	0.88703
8.7	0.972275	0.00435216	0.233798	0.0947309	0.906778	-0.410828	-0.213791	0.421586	0.881226
8.73333	0.968755	-0.0011322	0.248017	0.107193	0.903682	-0.41457	-0.223659	0.428203	0.875568
8.76667	0.965455	-0.00719746	0.260471	0.119403	0.900712	-0.417686	-0.231603	0.434357	0.870456
8.8	0.96222	-0.0149048	0.271866	0.131974	0.898895	-0.417817	-0.238151	0.437911	0.866901
8.83333	0.959481	-0.0224295	0.280879	0.142888	0.897881	-0.416405	-0.242856	0.439667	0.864705
8.86667	0.957054	-0.0298659	0.288368	0.152736	0.897386	-0.413968	-0.246414	0.440234	0.863408
8.9	0.954628	-0.0387702	0.295265	0.162927	0.897936	-0.408859	-0.249278	0.438416	0.863512
8.93333	0.952418	-0.0495315	0.300744	0.173296	0.899703	-0.400627	-0.250737	0.433682	0.865477
8.96667	0.951324	-0.0573331	0.302813	0.17935	0.902024	-0.392666	-0.250632	0.427862	0.8684
9	0.949317	-0.0642267	0.307688	0.186016	0.903872	-0.385246	-0.253368	0.422955	0.870008
9.03333	0.946738	-0.0652988	0.315315	0.190214	0.903524	-0.384008	-0.259819	0.423532	0.867822
9.06667	0.943997	-0.0599423	0.324464	0.191416	0.900459	-0.390554	-0.268756	0.43079	0.861505
9.1	0.940494	-0.047845	0.336425	0.190908	0.893421	-0.406636	-0.281114	0.446665	0.849391
9.13333	0.93388	-0.0414464	0.355177	0.201962	0.880806	-0.428243	-0.295093	0.47166	0.830937
9.16667	0.926103	-0.0466033	0.374382	0.22445	0.865681	-0.447459	-0.303242	0.498423	0.812169
9.2	0.918129	-0.0534073	0.392667	0.250533	0.845958	-0.470732	-0.307039	0.530568	0.790079
9.23333	0.912538	-0.0516746	0.405713	0.271692	0.818069	-0.5069	-0.305708	0.572794	0.760559
9.26667	0.912552	-0.0447232	0.406508	0.287379	0.777341	-0.559602	-0.290968	0.627488	0.722216
9.3	0.914517	-0.0474917	0.401751	0.309604	0.721375	-0.619486	-0.260393	0.690914	0.674413
9.33333	0.91791	-0.0545175	0.393026	0.330618	0.652762	-0.68161	-0.219393	0.755599	0.617201
9.36667	0.921399	-0.0643391	0.383256	0.347785	0.576576	-0.739328	-0.173408	0.814507	0.553632
9.4	0.927691	-0.0762988	0.365471	0.35046	0.515446	-0.78198	-0.128716	0.853519	0.504914
9.43333	0.936757	-0.0909068	0.337969	0.338538	0.48028	-0.80915	-0.0887624	0.872392	0.480681
9.46667	0.946747	-0.107813	0.303392	0.317676	0.466306	-0.825615	-0.0524617	0.878029	0.475723
9.5	0.955528	-0.12399	0.267567	0.294146	0.465516	-0.834729	-0.0210586	0.876311	0.481285
9.53333	0.962767	-0.14128	0.230478	0.270187	0.474782	-0.837605	0.00891034	0.86869	0.495276
9.56667	0.968247	-0.158874	0.193022	0.247155	0.492239	-0.834635	0.0375885	0.855839	0.515875
9.6	0.971972	-0.174846	0.157161	0.226834	0.521792	-0.822362	0.0617813	0.834962	0.546828
9.63333	0.974565	-0.188161	0.121729	0.208763	0.564739	-0.798429	0.0814878	0.803533	0.589656
9.66667	0.976352	-0.199179	0.0840466	0.19141	0.615743	-0.764344	0.100491	0.762357	0.639307
9.7	0.977783	-0.204879	0.0443282	0.173849	0.674435	-0.717576	0.11712	0.70934	0.695069
9.73333	0.978363	-0.206875	0.00306789	0.157729	0.736179	-0.658151	0.133896	0.644394	0.75288
9.76667	0.978187	-0.204007	-0.0391342	0.141973	0.794105	-0.590966	0.151637	0.572519	0.805747
9.8	0.97741	-0.195191	-0.0810566	0.127291	0.849807	-0.511493	0.168721	0.48962	0.855456
9.83333	0.975527	-0.182851	-0.122119	0.115459	0.89864	-0.423221	0.187127	0.398764	0.897759
9.86667	0.972839	-0.168582	-0.158633	0.108436	0.937336	-0.331123	0.204514	0.304928	0.930158
9.9	0.969137	-0.157825	-0.189382	0.111412	0.965679	-0.234631	0.219913	0.20629	0.953458
9.93333	0.966032	-0.148802	-0.211283	0.119177	0.981978	-0.146683	0.229302	0.116521	0.966356
9.96667	0.964615	-0.140796	-0.222922	0.127597	0.989164	-0.0726174	0.230731	0.0416036	0.972128
10	0.964654	-0.138506	-0.224185	0.134713	0.990361	-0.0322019	0.226484	0.000863049	0.974014
10.0333	0.966481	-0.139641	-0.215441	0.133304	0.990109	-0.0437456	0.219419	0.0135602	0.975536
10.0667	0.97122	-0.13648	-0.195205	0.121525	0.988795	-0.0866927	0.20485	0.0604753	0.976923
10.1	0.976413	-0.12009	-0.17943	0.107695	0.991172	-0.0773279	0.187132	0.0561803	0.980727
10.1333	0.981617	-0.103678	-0.160245	0.088881	0.991316	-0.0969192	0.168902	0.0808948	0.982308
10.1667	0.987215	-0.0739806	-0.141184	0.0548612	0.989352	-0.13481	0.149654	0.125341	0.980762
10.2	0.991977	-0.0478926	-0.116998	0.0278815	0.985556	-0.167038	0.123308	0.162436	0.978984
10.2333	0.995529	-0.0277076	-0.0902961	0.0106327	0.982804	-0.184348	0.0938511	0.182564	0.978704
10.2667	0.997791	-0.00163729	-0.0664106	-0.0112806	0.981001	-0.193672	0.065466	0.193994	0.978816
10.3	0.998728	0.0240349	-0.0443182	-0.0326615	0.978092	-0.205593	0.0384059	0.206779	0.977633
10.3333	0.998489	0.0485303	-0.0257694	-0.0530662	0.973352	-0.223093	0.014256	0.224123	0.974457
10.3667	0.997656	0.0676109	-0.0105199	-0.0681417	0.967758	-0.242491	-0.00621435	0.24264	0.970097
10.4	0.997048	0.0766668	0.00415514	-0.0730516	0.963908	-0.256016	-0.0236331	0.254957	0.966664
10.4333	0.997073	0.0728775	0.0231362	-0.064142	0.961915	-0.265717	-0.0416198	0.263455	0.963773
10.4667	0.997013	0.0643662	0.0426891	-0.0500723	0.959489	-0.27726	-0.0588059	0.274294	0.959846
10.5	0.996606	0.0542635	0.0619097	-0.0339513	0.956001	-0.291392	-0.0749977	0.288301	0.954598
10.5333	0.995402	0.0458066	0.0841184	-0.0182673	0.952899	-0.302737	-0.0940238	0.299808	0.949355
10.5667	0.993543	0.0392385	0.106457	-0.00418309	0.950324	-0.311235	-0.113381	0.30878	0.944351
10.6	0.991289	0.0327379	0.127569	0.00952589	0.948253	-0.317372	-0.131358	0.315823	0.939681
10.6333	0.988601	0.0272697	0.148071	0.0229301	0.944719	-0.327079	-0.148805	0.326745	0.933324
10.6667	0.985442	0.0197928	0.168858	0.0392986	0.939785	-0.3395	-0.16541	0.341193	0.925325
10.7	0.981759	0.0125029	0.189718	0.055158	0.936193	-0.34713	-0.181953	0.351263	0.918427
10.7333	0.977747	0.00231169	0.209773	0.0727099	0.934225	-0.349195	-0.196782	0.356677	0.913268
10.7667	0.973821	-0.00807409	0.227175	0.0899737	0.931446	-0.352582	-0.208754	0.363791	0.907787
10.8	0.969836	-0.0181474	0.243082	0.106314	0.928871	-0.35482	-0.219353	0.36996	0.902781
10.8333	0.965922	-0.029516	0.257145	0.122523	0.92726	-0.353803	-0.227998	0.373252	0.899278
10.8667	0.96221	-0.0395351	0.269424	0.13668	0.925863	-0.352273	-0.235522	0.375786	0.896278
10.9	0.958986	-0.0478917	0.279379	0.14885	0.923874	-0.352563	-0.241226	0.379688	0.893111
10.9333	0.955811	-0.0528683	0.289188	0.158195	0.921626	-0.354371	-0.247788	0.38446	0.889265
10.9667	0.952438	-0.0531721	0.300058	0.16504	0.917753	-0.361235	-0.256172	0.393576	0.882878
11	0.948406	-0.0503138	0.313041	0.171245	0.912219	-0.372197	-0.266835	0.406601	0.87377
11.0333	0.944248	-0.0444386	0.326221	0.176436	0.904858	-0.387432	-0.277967	0.423389	0.862251
11.0667	0.93969	-0.0383011	0.339876	0.183212	0.895487	-0.405632	-0.288819	0.443438	0.848497
11.1	0.934065	-0.030498	0.355798	0.192386	0.88237	-0.429431	-0.300848	0.469566	0.830059
11.1333	0.926425	-0.0336056	0.374977	0.2141	0.866297	-0.451321	-0.309674	0.498397	0.809754
11.1667	0.917069	-0.0457769	0.396091	0.24627	0.84629	-0.472382	-0.313584	0.530752	0.78738
11.2	0.907773	-0.0572522	0.415537	0.281195	0.818143	-0.501569	-0.311253	0.572157	0.758787
11.2333	0.904226	-0.0579901	0.423099	0.308183	0.774456	-0.552486	-0.295633	0.629964	0.718155
11.2667	0.906133	-0.0584933	0.41893	0.331343	0.71379	-0.617022	-0.262936	0.697913	0.66617
11.3	0.907317	-0.0658556	0.415257	0.358805	0.636119	-0.68309	-0.219167	0.768776	0.600791
11.3333	0.913251	-0.0708207	0.401195	0.370337	0.554699	-0.74509	-0.169775	0.829032	0.532807
11.3667	0.921974	-0.0794215	0.379019	0.367937	0.484896	-0.793409	-0.120771	0.870958	0.476284
11.4	0.935318	-0.0968281	0.340302	0.345706	0.45478	-0.82077	-0.0752888	0.885325	0.458838
11.4333	0.946843	-0.119993	0.298479	0.319574	0.45721	-0.829959	-0.0368781	0.881227	0.471253
11.4667	0.956552	-0.142582	0.254319	0.291527	0.481035	-0.826811	-0.00444772	0.865029	0.501702
11.5	0.963343	-0.164257	0.212107	0.267277	0.519632	-0.811508	0.0230777	0.838452	0.544486
11.5333	0.96889	-0.184189	0.165308	0.242638	0.575293	-0.781131	0.0487749	0.79694	0.602087
11.5667	0.972649	-0.200602	0.117103	0.220838	0.642344	-0.733911	0.0720033	0.739698	0.669075
11.6	0.975227	-0.210938	0.0666175	0.200591	0.716327	-0.668311	0.093252	0.665117	0.740893
