0	0	1	0	0	0	-1	-1	0	0
0.0333333	0.993999	-0.0923637	-0.0586164	0.0706605	0.951153	-0.300524	0.0835107	0.294579	0.951971
0.0666667	0.997668	-0.049428	-0.0470708	0.0443849	0.993717	-0.10274	0.0518534	0.100412	0.993594
0.1	0.998786	-0.0333318	-0.036275	0.0325677	0.999239	-0.0214553	0.0369626	0.0202479	0.999112
0.133333	0.999248	-0.0244891	-0.0300622	0.0250326	0.999527	0.0178384	0.0296112	-0.0185775	0.999389
0.166667	0.999502	-0.0184693	-0.0255866	0.0195231	0.998945	0.0415644	0.024792	-0.0420433	0.998808
0.2	0.999657	-0.0143012	-0.0219483	0.0155618	0.998173	0.0583805	0.0210733	-0.058702	0.998053
0.233333	0.999739	-0.0122828	-0.0192511	0.0135756	0.997556	0.0685328	0.0183623	-0.0687763	0.997463
0.266667	0.999789	-0.01175	-0.0168327	0.0129918	0.997048	0.0756738	0.0158938	-0.0758766	0.996991
0.3	0.999817	-0.0116763	-0.0151441	0.0128737	0.996587	0.0815428	0.0141402	-0.0817228	0.996555
0.333333	0.999832	-0.0121302	-0.0137513	0.0132412	0.996394	0.0838113	0.012685	-0.0839793	0.996387
0.366667	0.999835	-0.0128519	-0.0128742	0.0138862	0.996389	0.0837664	0.0117511	-0.0839313	0.996402
0.4	0.999833	-0.0135546	-0.0122197	0.0145261	0.996421	0.083277	0.0110472	-0.0834407	0.996452
0.433333	0.999837	-0.0139268	-0.0115206	0.0148419	0.99639	0.0835861	0.0103149	-0.0837434	0.996434
0.466667	0.999843	-0.0141685	-0.0106077	0.0150206	0.996259	0.0851024	0.00936222	-0.0852484	0.996316
0.5	0.999844	-0.0147865	-0.00967371	0.0155622	0.996194	0.0857594	0.00836882	-0.0858965	0.996269
0.533333	0.999839	-0.0155241	-0.00904455	0.0162449	0.996163	0.0859927	0.0076749	-0.0861257	0.996255
0.566667	0.999827	-0.0162911	-0.00892374	0.0169882	0.996271	0.0845895	0.00751241	-0.0847265	0.996376
0.6	0.999813	-0.017162	-0.00894614	0.017853	0.99631	0.0839537	0.00747231	-0.0840977	0.996429
0.633333	0.999812	-0.0173666	-0.00863222	0.0180261	0.996359	0.0833319	0.00715359	-0.0834718	0.996484
0.666667	0.999804	-0.0179601	-0.00829944	0.0185841	0.996418	0.0825011	0.00678798	-0.0826392	0.996556
0.7	0.999798	-0.0185114	-0.00777822	0.0190912	0.996399	0.08261	0.00622098	-0.0827419	0.996552
0.733333	0.999786	-0.0193903	-0.00722684	0.019925	0.99633	0.0832487	0.0055861	-0.0833749	0.996503
0.766667	0.999774	-0.0201268	-0.00685089	0.0206256	0.996348	0.0828597	0.00515818	-0.0829822	0.996538
0.8	0.999762	-0.0206674	-0.00693086	0.0211712	0.996334	0.0828898	0.00519233	-0.0830168	0.996535
0.833333	0.999761	-0.0207631	-0.00687592	0.0212667	0.996254	0.0838218	0.00510977	-0.0839479	0.996457
0.866667	0.999758	-0.0208972	-0.0068808	0.0214025	0.996223	0.0841538	0.00509623	-0.0842807	0.996429
0.9	0.999751	-0.021262	-0.00676428	0.0217533	0.996265	0.0835644	0.00496227	-0.0836908	0.996479
0.933333	0.999741	-0.0217647	-0.00667639	0.022241	0.996354	0.0823623	0.00485946	-0.0824895	0.99658
0.966667	0.999744	-0.0216938	-0.00636419	0.0221467	0.996318	0.0828293	0.00454388	-0.082949	0.996543
1	0.999748	-0.021637	-0.00591976	0.022056	0.996265	0.0834821	0.00409134	-0.0835916	0.996492
1.03333	0.999751	-0.0216988	-0.00525962	0.0220624	0.996262	0.0835237	0.0034276	-0.083619	0.996492
1.06667	0.999756	-0.0215694	-0.00482602	0.0218995	0.996205	0.0842422	0.00299064	-0.0843274	0.996434
1.1	0.999755	-0.0216424	-0.00458911	0.0219503	0.99626	0.0835692	0.00276331	-0.0836495	0.996491
1.13333	0.999766	-0.0211663	-0.00440816	0.0214601	0.996292	0.0833179	0.00262828	-0.083393	0.996513
1.16667	0.999771	-0.0209995	-0.00421005	0.0212759	0.996347	0.0827065	0.00245787	-0.0827771	0.996565
1.2	0.999777	-0.0207677	-0.00393479	0.0210232	0.996308	0.083239	0.00219158	-0.0833031	0.996522
1.23333	0.999784	-0.0204962	-0.00356098	0.020724	0.996202	0.084566	0.00181417	-0.0846215	0.996412
1.26667	0.999777	-0.0208538	-0.00324052	0.0210539	0.996154	0.0850568	0.0014543	-0.0851061	0.996371
1.3	0.999776	-0.0209214	-0.00304107	0.0211047	0.996128	0.0853431	0.0012438	-0.0853882	0.996347
1.33333	0.999779	-0.0207762	-0.00322852	0.0209756	0.996152	0.0850982	0.00144807	-0.0851471	0.996367
1.36667	0.999772	-0.0210563	-0.0035369	0.0212808	0.996152	0.0850247	0.00173299	-0.0850806	0.996373
1.4	0.999764	-0.0213465	-0.00415428	0.0216212	0.996192	0.0844583	0.00233558	-0.0845281	0.996418
1.43333	0.999756	-0.0215667	-0.00480663	0.0218933	0.996257	0.0836276	0.00298507	-0.0837124	0.996485
1.46667	0.999751	-0.0215863	-0.0056129	0.0219778	0.996309	0.082976	0.00380103	-0.0830788	0.996536
1.5	0.999742	-0.0217982	-0.00640158	0.0222487	0.996409	0.0817012	0.00459765	-0.0818225	0.996636
1.53333	0.999739	-0.0216778	-0.00715621	0.0221901	0.996414	0.0816451	0.00536067	-0.0817827	0.996636
1.56667	0.999735	-0.0217264	-0.00767189	0.0222831	0.99638	0.0820427	0.00586162	-0.0821919	0.996599
1.6	0.999749	-0.0208619	-0.00812049	0.0214592	0.996387	0.0821763	0.0063768	-0.08233	0.996585
1.63333	0.999752	-0.0204978	-0.00870407	0.0211387	0.99646	0.0813717	0.00700531	-0.0815355	0.996646
1.66667	0.999772	-0.0194154	-0.00887941	0.0200746	0.996478	0.0814206	0.00726732	-0.0815803	0.99664
1.7	0.999789	-0.0184242	-0.0090871	0.0190983	0.996553	0.0807255	0.00756848	-0.080882	0.996695
1.73333	0.999807	-0.0173105	-0.00926896	0.0179761	0.996843	0.0773383	0.00790093	-0.07749	0.996962
1.76667	0.999847	-0.0150396	-0.00897811	0.0156669	0.997101	0.0744634	0.00783218	-0.0745927	0.997183
1.8	0.999885	-0.0126421	-0.00832847	0.0132118	0.997293	0.072338	0.00739142	-0.0724398	0.997345
1.83333	0.999925	-0.00977069	-0.00733686	0.0102706	0.997387	0.0715167	0.00661892	-0.0715867	0.997412
1.86667	0.999949	-0.00762487	-0.00668585	0.00808007	0.997448	0.0709322	0.00612794	-0.0709825	0.997459
1.9	0.999968	-0.00511437	-0.00621695	0.00553698	0.997533	0.0699768	0.00584373	-0.070009	0.997529
1.93333	0.999979	-0.00226034	-0.00612787	0.00267165	0.997684	0.067966	0.00596005	-0.067981	0.997669
1.96667	0.999977	0.00115792	-0.00675265	-0.000733021	0.998039	0.0625896	0.00681189	-0.0625832	0.998017
2	0.999962	0.00491435	-0.00724964	-0.00450876	0.998479	0.0549399	0.00750861	-0.0549051	0.998463
2.03333	0.999924	0.00966047	-0.00771241	-0.00927044	0.998751	0.0490984	0.00817709	-0.0490231	0.998764
2.06667	0.999854	0.0155275	-0.00706459	-0.0152025	0.998919	0.0439376	0.00773919	-0.0438238	0.999009
2.1	0.999767	0.0199188	-0.00834643	-0.0196535	0.999334	0.0307481	0.00895334	-0.0305769	0.999492
2.13333	0.999652	0.0243236	-0.0101621	-0.0241678	0.999593	0.0151846	0.0105273	-0.0149337	0.999833
2.16667	0.999476	0.0300265	-0.0121057	-0.0299879	0.999545	0.00335596	0.012201	-0.00299117	0.999921
2.2	0.999268	0.0354971	-0.0142743	-0.0356011	0.999341	-0.00710438	0.0140127	0.00760736	0.999873
2.23333	0.999103	0.0389611	-0.0165622	-0.0391425	0.999176	-0.0107712	0.0161289	0.0114098	0.999805
2.26667	0.999053	0.0397697	-0.0176312	-0.0399469	0.999154	-0.00981677	0.0172259	0.0105118	0.999796
2.3	0.999081	0.0394015	-0.0168836	-0.0395014	0.999204	-0.00562961	0.0166483	0.00629136	0.999842
2.33333	0.999169	0.0379327	-0.0149199	-0.0379107	0.99928	0.00175617	0.0149758	-0.00118908	0.999887
2.36667	0.999274	0.0361864	-0.0119537	-0.0360727	0.999303	0.00959661	0.0122926	-0.00915844	0.999883
2.4	0.999414	0.0329816	-0.00915037	-0.0328252	0.999321	0.0167497	0.00969659	-0.0164395	0.999818
2.43333	0.999561	0.0287965	-0.00694227	-0.0286238	0.999307	0.023806	0.00762299	-0.0235968	0.999692
2.46667	0.999707	0.023876	-0.00408361	-0.0237349	0.999217	0.0316593	0.00483631	-0.0315531	0.99949
2.5	0.999841	0.0177306	-0.00180409	-0.0176493	0.999123	0.0379774	0.00247587	-0.0379395	0.999277
2.53333	0.999944	0.0105827	0.000708226	-0.0106041	0.998891	0.0458835	-0.000221868	-0.0458884	0.998947
2.56667	0.99999	0.00296281	0.00329167	-0.0031131	0.998907	0.0466331	-0.00314991	-0.0466429	0.998907
2.6	0.999972	-0.00464156	0.00593087	0.00439969	0.999183	0.0401629	-0.00611245	-0.0401356	0.999176
2.63333	0.999891	-0.0107684	0.010098	0.0104144	0.999351	0.034471	-0.0104626	-0.0343621	0.999355
2.66667	0.999759	-0.0139437	0.0169702	0.0134181	0.999439	0.0306981	-0.0173887	-0.030463	0.999385
2.7	0.999556	-0.0154535	0.0254905	0.0148043	0.999566	0.025462	-0.0258729	-0.0250734	0.999351
2.73333	0.999357	-0.0156577	0.0322572	0.0147909	0.999528	0.0269376	-0.0326637	-0.0264432	0.999117
2.76667	0.999257	-0.0144307	0.0357449	0.0131008	0.999223	0.0371635	-0.0362534	-0.0366676	0.99867
2.8	0.99934	-0.0118778	0.0343173	0.0100125	0.998489	0.0540247	-0.0349072	-0.0536454	0.99795
2.83333	0.999557	-0.0095682	0.0281656	0.00759847	0.997572	0.0692285	-0.0287596	-0.0689838	0.997203
2.86667	0.999793	-0.00865415	0.0184286	0.00727238	0.997249	0.0737694	-0.0190163	-0.0736201	0.997105
2.9	0.999938	-0.0093556	0.00608862	0.00889661	0.997402	0.0714836	-0.00674157	-0.071425	0.997423
2.93333	0.999909	-0.011259	-0.00745831	0.0117274	0.997747	0.0660522	0.00669782	-0.0661336	0.997788
2.96667	0.999663	-0.0143369	-0.0216615	0.0155633	0.998221	0.0575486	0.0207979	-0.0578663	0.998108
3	0.999071	-0.0181659	-0.0390733	0.0200194	0.998667	0.0475792	0.0381569	-0.0483172	0.998103
3.03333	0.99822	-0.0233432	-0.0548818	0.0254753	0.998935	0.0384754	0.0539252	-0.039805	0.997751
3.06667	0.997192	-0.0273705	-0.0697063	0.0298622	0.998943	0.0349572	0.0686758	-0.0369406	0.996955
3.1	0.996186	-0.0292272	-0.0822152	0.0325035	0.998718	0.0387984	0.0809759	-0.0413227	0.995859
3.13333	0.995194	-0.0312129	-0.0928166	0.0352663	0.99848	0.0423566	0.0913534	-0.0454263	0.994782
3.16667	0.994243	-0.0319347	-0.10228	0.0369129	0.998205	0.0471551	0.100591	-0.0506591	0.993637
3.2	0.993205	-0.033672	-0.111404	0.0388323	0.998255	0.044479	0.109712	-0.0485029	0.992779
3.23333	0.992217	-0.0351099	-0.119469	0.0398141	0.998514	0.0372193	0.117985	-0.0416862	0.99214
3.26667	0.991385	-0.0373102	-0.125555	0.0406566	0.99888	0.0241963	0.124512	-0.0290925	0.991791
3.3	0.990967	-0.0395748	-0.128131	0.0409972	0.999123	0.0084817	0.127683	-0.0136581	0.991721
3.33333	0.99114	-0.0405536	-0.126476	0.040331	0.999177	-0.00432137	0.126547	-0.000817807	0.99196
3.36667	0.99192	-0.0397032	-0.120494	0.0386825	0.999193	-0.0107992	0.120825	0.00605095	0.992655
3.4	0.993183	-0.0371906	-0.110477	0.0364853	0.999299	-0.00839929	0.110712	0.00431123	0.993843
3.43333	0.99466	-0.0349658	-0.0971064	0.0350469	0.999385	-0.000870899	0.0970772	-0.00253703	0.995274
3.46667	0.996203	-0.0319559	-0.0809782	0.0330743	0.999375	0.0125071	0.0805279	-0.0151379	0.996637
3.5	0.997613	-0.0286964	-0.0628024	0.0306194	0.999085	0.0298744	0.0618876	-0.0317261	0.997579
3.53333	0.998683	-0.0265336	-0.0439048	0.0286198	0.998457	0.0475917	0.0425743	-0.0487855	0.997901
3.56667	0.999365	-0.0254728	-0.0249283	0.0270502	0.99751	0.0651338	0.0232071	-0.0657667	0.997565
3.6	0.999663	-0.0254822	-0.00491141	0.0257946	0.996433	0.0803508	0.00284638	-0.0804504	0.996755
3.63333	0.999578	-0.0248443	0.0150801	0.023357	0.995498	0.0918623	-0.0172945	-0.0914712	0.995658
3.66667	0.999101	-0.0244832	0.0345997	0.0209675	0.994911	0.0985537	-0.0368365	-0.0977396	0.99453
3.7	0.998413	-0.0233613	0.0512346	0.0179907	0.99453	0.102887	-0.0533579	-0.101802	0.993373
3.73333	0.997653	-0.0219948	0.0648388	0.0153177	0.994694	0.101734	-0.0667324	-0.100502	0.992696
3.76667	0.996938	-0.0191608	0.0758159	0.0119188	0.995421	0.0948446	-0.077286	-0.0936505	0.992601
3.8	0.996399	-0.0140349	0.0836192	0.00745759	0.99689	0.0784568	-0.0844602	-0.0775506	0.993404
3.83333	0.995905	-0.00764521	0.0900849	0.00217931	0.998159	0.0606178	-0.0903824	-0.0601732	0.994088
3.86667	0.995414	-0.00158242	0.0956493	-0.00355963	0.998558	0.0535648	-0.0955962	-0.0536596	0.993973
3.9	0.995078	0.00357886	0.0990283	-0.00921389	0.99836	0.0565046	-0.0986637	-0.0571389	0.993479
3.93333	0.995065	0.00756796	0.0989408	-0.0137517	0.997983	0.0619677	-0.0982723	-0.0630225	0.993162
3.96667	0.995735	0.00915524	0.0918026	-0.0140117	0.998528	0.0523966	-0.0911878	-0.0534594	0.994398
4	0.997131	0.0102326	0.0750006	-0.0113341	0.999834	0.0142751	-0.074842	-0.0150842	0.997081
4.03333	0.99851	0.013209	0.0529499	-0.0120479	0.999681	-0.0221881	-0.0532261	0.0215171	0.998351
4.06667	0.999452	0.0182085	0.0276472	-0.0166726	0.998358	-0.0548026	-0.0285997	0.0543116	0.998114
4.1	0.999658	0.0257413	0.00465647	-0.0253362	0.997045	-0.0725274	-0.00650966	0.0723846	0.997356
4.13333	0.999306	0.0341832	-0.0148025	-0.0352892	0.995979	-0.0823481	0.0119281	0.0828133	0.996494
4.16667	0.998755	0.0402377	-0.029501	-0.0427672	0.994948	-0.0908287	0.0256972	0.0919772	0.995429
4.2	0.998292	0.0441599	-0.0382598	-0.0475816	0.994463	-0.0936986	0.0339102	0.095359	0.994865
4.23333	0.997966	0.047897	-0.042077	-0.051499	0.994685	-0.0891638	0.0375827	0.0911493	0.995128
4.26667	0.997819	0.0506041	-0.042383	-0.0540829	0.994877	-0.0854147	0.0378435	0.0875206	0.995444
4.3	0.997943	0.0497137	-0.0404768	-0.0531911	0.994527	-0.0899309	0.0357844	0.0918989	0.995125
4.33333	0.998279	0.0452141	-0.0373457	-0.04871	0.993922	-0.0987223	0.0326551	0.100371	0.994414
4.36667	0.998686	0.040005	-0.0320322	-0.043085	0.993843	-0.102073	0.0277516	0.103319	0.994261
4.4	0.999148	0.0336253	-0.0239098	-0.0358046	0.994594	-0.0974733	0.020503	0.0982464	0.994951
4.43333	0.999562	0.0261517	-0.0138698	-0.0272505	0.995918	-0.0860528	0.0115628	0.0863931	0.996194
4.46667	0.999842	0.0174745	-0.00339344	-0.0176767	0.997136	-0.0735372	0.0020987	0.0735856	0.997287
4.5	0.999948	0.00751071	0.00686521	-0.00706489	0.998001	-0.0628046	-0.00732319	0.0627528	0.998002
4.53333	0.999876	-0.00281782	0.0154688	0.00374597	0.998173	-0.0603048	-0.0152706	0.0603552	0.99806
4.56667	0.999655	-0.0122154	0.0232669	0.0137677	0.997606	-0.0677701	-0.0223834	0.0680671	0.99743
4.6	0.999241	-0.0161887	0.035422	0.0179989	0.998516	-0.0513962	-0.0345373	0.0519948	0.99805
4.63333	0.998758	-0.016517	0.0470038	0.0183699	0.99906	-0.0392645	-0.046311	0.0400792	0.998123
4.66667	0.998242	-0.016239	0.0570103	0.018425	0.999107	-0.03803	-0.0563418	0.0390136	0.997649
4.7	0.997967	-0.0188981	0.0608689	0.0214652	0.998895	-0.0418004	-0.0600117	0.043022	0.99727
4.73333	0.997812	-0.0187199	0.0634138	0.0209548	0.999176	-0.0347641	-0.0627107	0.0360168	0.997382
4.76667	0.997909	-0.0182633	0.0620043	0.0196878	0.999554	-0.0224416	-0.0615668	0.0236154	0.997824
4.8	0.998265	-0.0180264	0.0560491	0.0190783	0.999651	-0.0182893	-0.0556998	0.0193269	0.99826
4.83333	0.998751	-0.0174059	0.0468334	0.0184373	0.999595	-0.0216808	-0.046437	0.0225172	0.998667
4.86667	0.999258	-0.0159977	0.0350496	0.0169481	0.999492	-0.0269905	-0.0346	0.0275644	0.999021
4.9	0.999669	-0.0149841	0.02092	0.0156588	0.99935	-0.0324662	-0.0204199	0.0327831	0.999254
4.93333	0.999883	-0.0142999	0.00549414	0.0145093	0.999087	-0.0401873	-0.00491446	0.0402623	0.999177
4.96667	0.999806	-0.0158252	-0.0117494	0.0152106	0.998599	-0.0506761	0.0125349	0.0504875	0.998646
5	0.999417	-0.0194944	-0.0280219	0.0177533	0.997974	-0.0610933	0.0291561	0.0605603	0.997739
5.03333	0.998751	-0.0255006	-0.0429744	0.0225179	0.997396	-0.0685172	0.0446097	0.0674639	0.996724
5.06667	0.997956	-0.0316071	-0.0555408	0.0276193	0.997083	-0.0711551	0.0576277	0.0694757	0.995918
5.1	0.997071	-0.0360145	-0.0674685	0.0316853	0.997436	-0.064174	0.0696067	0.0618483	0.995655
5.13333	0.996216	-0.0377907	-0.0782613	0.0340051	0.998212	-0.0491516	0.0799788	0.0463043	0.99572
5.16667	0.995347	-0.0390324	-0.0880946	0.0358766	0.998666	-0.037127	0.0894263	0.0337937	0.99542
5.2	0.994403	-0.0418056	-0.0970318	0.0385891	0.998649	-0.034793	0.0983553	0.0308539	0.994673
5.23333	0.993512	-0.0455974	-0.104183	0.0415557	0.998309	-0.0406417	0.10586	0.0360486	0.993727
5.26667	0.992899	-0.0506235	-0.107653	0.0455381	0.997751	-0.0491859	0.109901	0.0439343	0.992971
5.3	0.99264	-0.0561796	-0.107287	0.0502129	0.99708	-0.0575311	0.110205	0.0517204	0.992562
5.33333	0.992824	-0.0614299	-0.102599	0.0550261	0.996424	-0.0641235	0.106171	0.0580177	0.992654
5.36667	0.993396	-0.0650784	-0.0944926	0.0590346	0.996111	-0.0654074	0.0983817	0.0593971	0.993375
5.4	0.994414	-0.0655484	-0.082735	0.0608925	0.996481	-0.0575986	0.0862194	0.0522389	0.994906
5.43333	0.995682	-0.0638212	-0.0674047	0.0611698	0.997297	-0.040696	0.0698199	0.0363972	0.996895
5.46667	0.996989	-0.0601451	-0.0489404	0.0594313	0.998106	-0.0159134	0.0498048	0.0129569	0.998675
5.5	0.998078	-0.0547126	-0.0291121	0.055184	0.998354	0.0156425	0.0282083	-0.0172189	0.999454
5.53333	0.998812	-0.0479141	-0.00889576	0.0483105	0.9975	0.0515753	0.00640233	-0.0519438	0.998629
5.56667	0.999079	-0.0416634	0.0102914	0.0406574	0.995654	0.083791	-0.0137377	-0.0832954	0.99643
5.6	0.99897	-0.0362248	0.0273153	0.033083	0.993621	0.107809	-0.0310464	-0.106794	0.993796
5.63333	0.99865	-0.0306344	0.0419481	0.025207	0.991925	0.124298	-0.0454171	-0.123073	0.991358
5.66667	0.998298	-0.0255141	0.0524397	0.018709	0.991804	0.126388	-0.0552346	-0.125192	0.990594
5.7	0.997968	-0.0205602	0.0603157	0.0128709	0.992047	0.125207	-0.0624103	-0.124176	0.990296
5.73333	0.997718	-0.0157136	0.0656665	0.00765097	0.99259	0.121274	-0.0670856	-0.120494	0.990445
5.76667	0.997543	-0.0116921	0.069075	0.00368181	0.993362	0.114972	-0.0699608	-0.114436	0.990964
5.8	0.997456	-0.00901296	0.0707122	0.00132072	0.994141	0.108083	-0.0712721	-0.107715	0.991624
5.83333	0.997369	-0.00617735	0.0722231	-0.00137587	0.994569	0.104067	-0.0724737	-0.103893	0.991944
5.86667	0.99737	-0.00509405	0.0723028	-0.00265898	0.994284	0.106731	-0.0724333	-0.106642	0.991656
5.9	0.997323	-0.00600723	0.0728691	-0.00238623	0.993414	0.114555	-0.0730773	-0.114422	0.990741
5.93333	0.997293	-0.0026967	0.0734814	-0.00595814	0.993078	0.117309	-0.0732891	-0.11743	0.990373
5.96667	0.997158	0.00265169	0.0752859	-0.0103537	0.99472	0.102099	-0.0746177	-0.102588	0.991921
6	0.996975	0.00837968	0.0772673	-0.0140321	0.99724	0.0729042	-0.0764431	-0.0737679	0.994341
6.03333	0.99678	0.0146289	0.0788445	-0.018547	0.998617	0.0491935	-0.0780158	-0.0504974	0.995672
6.06667	0.996857	0.016883	0.0774027	-0.0191714	0.999398	0.0289184	-0.0768678	-0.0303114	0.99658
6.1	0.997174	0.0139182	0.0738294	-0.0141163	0.999898	0.00216317	-0.0737917	-0.00319925	0.997269
6.13333	0.997692	0.0110976	0.0669942	-0.0101465	0.999843	-0.0145199	-0.0671448	0.0138066	0.997648
6.16667	0.998304	0.0134462	0.0566387	-0.0125525	0.999792	-0.0161039	-0.0568435	0.0153656	0.998265
6.2	0.998886	0.0187938	0.0432883	-0.0182371	0.999746	-0.0132195	-0.0435257	0.0124153	0.998975
6.23333	0.999286	0.0253756	0.0279765	-0.0249258	0.999556	-0.0163125	-0.028378	0.0156035	0.999475
6.26667	0.999395	0.0321117	0.0133693	-0.0317526	0.999151	-0.0262549	-0.014201	0.0258145	0.999566
6.3	0.999323	0.0367672	0.00131362	-0.0366788	0.998431	-0.042304	-0.00286696	0.0422272	0.999104
6.33333	0.999245	0.038056	-0.00778515	-0.0384748	0.997235	-0.0635784	0.00534409	0.0638299	0.997946
6.36667	0.999285	0.0351577	-0.0139294	-0.0362677	0.995312	-0.0896559	0.010712	0.0900969	0.995875
6.4	0.999425	0.0287297	-0.0180209	-0.0306382	0.992713	-0.116544	0.0145413	0.117029	0.993022
6.43333	0.999566	0.0215529	-0.0200903	-0.0241346	0.990046	-0.138662	0.0169017	0.139087	0.990136
6.46667	0.99966	0.0169652	-0.0198227	-0.0196841	0.989061	-0.146188	0.0171257	0.146529	0.989058
6.5	0.999759	0.0142864	-0.0166834	-0.0164873	0.989976	-0.14027	0.0145122	0.140511	0.989973
6.53333	0.99986	0.0128487	-0.0107163	-0.0140892	0.992042	-0.125115	0.00902342	0.125248	0.992084
6.56667	0.99993	0.011641	-0.00227084	-0.011813	0.994608	-0.10303	0.00105923	0.10305	0.994676
6.6	0.999928	0.00918314	0.0076859	-0.00856411	0.996992	-0.077027	-0.00837013	0.0769557	0.996999
6.63333	0.999833	0.0047594	0.0176386	-0.00382955	0.99862	-0.0523804	-0.0178635	0.0523041	0.998471
6.66667	0.999641	-0.00220867	0.0266834	0.00303147	0.99952	-0.0308346	-0.0266025	0.0309045	0.999168
6.7	0.999348	-0.0105618	0.0345127	0.0109334	0.999884	-0.0105963	-0.0343968	0.0109667	0.999348
6.73333	0.999006	-0.0191371	0.0402678	0.0190051	0.999813	0.00365743	-0.0403302	-0.0028885	0.999182
6.76667	0.998592	-0.0289518	0.0444455	0.0287312	0.999572	0.00559537	-0.0445884	-0.00431052	0.998996
6.8	0.998175	-0.0384633	0.0465461	0.038936	0.999199	-0.0092912	-0.0461514	0.0110866	0.998873
6.83333	0.997756	-0.0447332	0.0498274	0.0458949	0.998695	-0.0224207	-0.0487594	0.0246572	0.998506
6.86667	0.99746	-0.0450848	0.0551429	0.046638	0.998541	-0.0272102	-0.0538357	0.0297128	0.998108
6.9	0.997166	-0.042712	0.0619372	0.0446508	0.998544	-0.0302627	-0.0605545	0.0329425	0.997621
6.93333	0.996825	-0.038551	0.0696759	0.040854	0.998655	-0.0319355	-0.068351	0.0346807	0.997058
6.96667	0.996659	-0.0349418	0.0738295	0.036758	0.999051	-0.0233855	-0.0729422	0.0260212	0.996997
7	0.996597	-0.0290019	0.0771621	0.0291465	0.999575	-0.00074897	-0.0771076	0.00299543	0.997018
7.03333	0.996999	-0.0241895	0.0735419	0.0228865	0.999567	0.0185096	-0.0739578	-0.0167709	0.99712
7.06667	0.997742	-0.0194989	0.0642678	0.0173757	0.99929	0.0334317	-0.0648741	-0.0322396	0.997373
7.1	0.998703	-0.0162456	0.0482491	0.0145826	0.999294	0.0346216	-0.0487775	-0.0338731	0.998235
7.13333	0.999482	-0.0147079	0.0286376	0.013938	0.999541	0.0269008	-0.0290201	-0.0264877	0.999228
7.16667	0.999851	-0.0160824	0.00626869	0.0159904	0.999768	0.0144551	-0.0064997	-0.0143527	0.999876
7.2	0.999677	-0.0190604	-0.0167985	0.0190919	0.999816	0.00171666	0.0167627	-0.00203682	0.999857
7.23333	0.998938	-0.0228074	-0.0400406	0.022485	0.999711	-0.00848319	0.0402225	0.00757387	0.999162
7.26667	0.997643	-0.0277232	-0.0627741	0.0269178	0.999545	-0.0136397	0.0631237	0.0119179	0.997935
7.3	0.995918	-0.0338832	-0.0836669	0.0321896	0.99925	-0.0215094	0.084333	0.0187284	0.996262
7.33333	0.994058	-0.0410174	-0.100825	0.0377663	0.99871	-0.0339463	0.102087	0.0299368	0.994325
7.36667	0.992456	-0.0463316	-0.113506	0.0416333	0.998189	-0.0434205	0.115312	0.0383673	0.992588
7.4	0.991245	-0.0476346	-0.123145	0.0425395	0.99814	-0.0436793	0.124997	0.0380583	0.991427
7.43333	0.990454	-0.0455337	-0.130103	0.0412279	0.998515	-0.0356003	0.131531	0.0298966	0.990861
7.46667	0.990189	-0.0411678	-0.133534	0.0381803	0.998962	-0.0248579	0.134419	0.0195156	0.990732
7.5	0.989784	-0.0383901	-0.137307	0.0366944	0.999216	-0.014861	0.13777	0.00967082	0.990417
7.53333	0.990076	-0.0367785	-0.135637	0.0359138	0.999316	-0.00881777	0.135868	0.00385903	0.990719
7.56667	0.990748	-0.0368191	-0.130624	0.0363696	0.999321	-0.00582568	0.130749	0.00102106	0.991415
7.6	0.991836	-0.0368975	-0.122068	0.0369433	0.999316	-0.0018889	0.122054	-0.00263612	0.99252
7.63333	0.993266	-0.0355564	-0.110267	0.0365055	0.999312	0.0065998	0.109957	-0.0105807	0.99388
7.66667	0.994958	-0.0315874	-0.0951843	0.0338302	0.999185	0.0220416	0.0944105	-0.0251506	0.995216
7.7	0.996567	-0.0257699	-0.0786774	0.02952	0.998464	0.0468795	0.0773485	-0.0490411	0.995797
7.73333	0.998011	-0.0179781	-0.0604245	0.0228888	0.996403	0.081586	0.0587404	-0.0828067	0.994833
7.76667	0.999125	-0.00781243	-0.0410942	0.0129894	0.991784	0.127263	0.0397624	-0.127685	0.991017
7.8	0.999733	0.00223778	-0.023015	0.00171997	0.985353	0.17052	0.0230595	-0.170514	0.985085
7.83333	0.999927	0.00989332	-0.00697549	-0.00829945	0.97978	0.199906	0.00881218	-0.199833	0.97979
7.86667	0.999876	0.0143384	0.006442	-0.015369	0.97775	0.209212	-0.0032989	-0.209285	0.977849
7.9	0.999724	0.0160381	0.0171765	-0.0191148	0.980146	0.197353	-0.0136704	-0.197627	0.980182
7.93333	0.999493	0.0170331	0.0269069	-0.0214561	0.984555	0.173757	-0.0235317	-0.174246	0.984421
7.96667	0.999158	0.0182807	0.0367304	-0.0234919	0.988876	0.146873	-0.0336369	-0.147612	0.988473
8	0.998748	0.019678	0.0459956	-0.0253693	0.991626	0.126627	-0.0431187	-0.127635	0.990883
8.03333	0.998231	0.0212621	0.0555228	-0.0275819	0.992906	0.115662	-0.0526697	-0.116989	0.991736
8.06667	0.997856	0.0227969	0.0613429	-0.0288423	0.994615	0.0995437	-0.0587433	-0.1011	0.993141
8.1	0.997659	0.0256955	0.0633685	-0.0303184	0.996863	0.0731042	-0.0612913	-0.0748543	0.995309
8.13333	0.997577	0.031216	0.0621691	-0.0339788	0.998458	0.0438891	-0.0607032	-0.0458952	0.9971
8.16667	0.997535	0.0394098	0.0580639	-0.0404896	0.999026	0.0175384	-0.0573161	-0.0198462	0.998159
8.2	0.997522	0.0480177	0.0514201	-0.0478736	0.998845	-0.00403143	-0.0515543	0.00155977	0.998669
8.23333	0.997597	0.0554415	0.0415407	-0.0543059	0.998132	-0.0279861	-0.0430147	0.025663	0.998745
8.26667	0.997663	0.0623402	0.0279745	-0.0607105	0.996597	-0.055747	-0.0313546	0.0539184	0.998053
8.3	0.997608	0.0680331	0.0122351	-0.0668406	0.994538	-0.0801624	-0.017622	0.0791529	0.996707
8.33333	0.997418	0.071676	-0.00447618	-0.0717763	0.992874	-0.0951276	-0.00237408	0.0952032	0.995455
8.36667	0.997044	0.0745719	-0.0185026	-0.0760726	0.991922	-0.10151	0.0107833	0.102618	0.994662
8.4	0.996519	0.0780611	-0.0292663	-0.0807301	0.991176	-0.105128	0.0208016	0.107125	0.994028
8.43333	0.995957	0.0820511	-0.0365714	-0.0857145	0.989833	-0.113503	0.0268865	0.116179	0.992864
8.46667	0.99555	0.0856118	-0.0393885	-0.0900035	0.987663	-0.128141	0.0279322	0.131116	0.990973
8.5	0.99538	0.08817	-0.0379993	-0.0926317	0.986002	-0.138633	0.0252442	0.141512	0.989615
8.53333	0.995298	0.0912011	-0.0326135	-0.0949105	0.98551	-0.140575	0.0193203	0.14301	0.989533
8.56667	0.995243	0.0941919	-0.0248659	-0.0967236	0.985848	-0.136921	0.0116171	0.138675	0.99027
8.6	0.995287	0.0955151	-0.0167406	-0.0968912	0.98654	-0.131726	0.00393348	0.132727	0.991145
8.63333	0.995436	0.0949802	-0.00924519	-0.095386	0.987397	-0.126292	-0.00286654	0.126597	0.99195
8.66667	0.99574	0.0921494	-0.00313723	-0.0918235	0.987987	-0.124298	-0.00835441	0.124056	0.99224
8.7	0.996087	0.0883605	0.00200254	-0.0874331	0.988439	-0.12387	-0.0129246	0.12321	0.992296
8.73333	0.996574	0.0824829	0.00609128	-0.0811155	0.989117	-0.122748	-0.0161496	0.121834	0.992419
8.76667	0.997159	0.0747453	0.00930753	-0.073094	0.990076	-0.120026	-0.0181865	0.119004	0.992727
8.8	0.99781	0.0651774	0.0112594	-0.0633896	0.990922	-0.118557	-0.0188844	0.117584	0.992883
8.83333	0.998442	0.0545644	0.0116756	-0.0528214	0.991675	-0.117431	-0.017986	0.116631	0.993012
8.86667	0.999005	0.0432245	0.0109408	-0.0417277	0.99281	-0.112197	-0.0157118	0.111628	0.993626
8.9	0.999434	0.0319314	0.0105617	-0.0306869	0.99429	-0.102208	-0.013765	0.101826	0.994707
8.93333	0.999722	0.0206246	0.0113912	-0.0195577	0.996022	-0.0869385	-0.013139	0.0866916	0.996149
8.96667	0.999859	0.0103996	0.013205	-0.00955143	0.997984	-0.0627473	-0.0138309	0.0626123	0.997942
9	0.999846	0.00241796	0.0173953	-0.00194743	0.999633	-0.0270158	-0.0174543	0.0269777	0.999484
9.03333	0.999673	-0.0020175	0.0255107	0.00151159	0.999802	0.0198354	-0.0255456	-0.0197903	0.999478
9.06667	0.999438	-0.00827771	0.0324948	0.00653915	0.99856	0.0532491	-0.0328888	-0.0530066	0.998052
9.1	0.999095	-0.0170911	0.0389558	0.0147638	0.998133	0.0592646	-0.0398959	-0.0586358	0.997482
9.13333	0.998642	-0.0271176	0.044485	0.0248818	0.998436	0.0500646	-0.0457731	-0.0488897	0.997755
9.16667	0.998268	-0.0321571	0.0492711	0.0298162	0.998425	0.0475318	-0.0507219	-0.0459803	0.997654
9.2	0.998245	-0.0315183	0.0501395	0.0287727	0.998095	0.0545686	-0.0517639	-0.0530302	0.99725
9.23333	0.998692	-0.0252101	0.0444823	0.0220453	0.997285	0.0702576	-0.0461327	-0.0691851	0.996537
9.26667	0.99935	-0.0164309	0.0320811	0.0138066	0.996669	0.0803752	-0.0332948	-0.07988	0.996248
9.3	0.999836	-0.00913826	0.0156381	0.00798385	0.997347	0.0723537	-0.0162578	-0.0722169	0.997256
9.33333	0.999962	-0.00689176	-0.0053886	0.00711411	0.999076	0.0423939	0.00509145	-0.0424306	0.999086
9.36667	0.999596	-0.00714511	-0.0275268	0.00736466	0.999942	0.00788299	0.0274689	-0.00808253	0.99959
9.4	0.99876	-0.00790631	-0.0491604	0.00730246	0.999896	-0.0124507	0.0492537	0.0120763	0.998713
9.43333	0.997676	-0.00637527	-0.0678358	0.00597196	0.999963	-0.00614643	0.0678725	0.00572703	0.997678
9.46667	0.99632	-0.00581516	-0.0855163	0.00678975	0.999915	0.0111101	0.0854444	-0.0116498	0.996275
9.5	0.994798	-0.00287666	-0.101831	0.00654887	0.999339	0.0357458	0.101661	-0.0362267	0.994159
9.53333	0.992628	-0.00559728	-0.121072	0.010453	0.999165	0.0395082	0.12075	-0.0404825	0.991857
9.56667	0.990209	-0.0110709	-0.139155	0.015383	0.999433	0.0299508	0.138744	-0.0317981	0.989818
9.6	0.987374	-0.0204607	-0.15708	0.0205247	0.999789	-0.00121493	0.157072	-0.00202444	0.987585
9.63333	0.984808	-0.0302047	-0.170998	0.0241363	0.999007	-0.0374567	0.171959	0.0327604	0.984559
9.66667	0.983109	-0.0372585	-0.179188	0.0253391	0.997339	-0.0683545	0.181258	0.0626595	0.981437
9.7	0.982775	-0.0414191	-0.180103	0.0254972	0.99563	-0.0898378	0.183037	0.0836982	0.979537
9.73333	0.98353	-0.0433114	-0.17548	0.0257185	0.994522	-0.101317	0.178906	0.0951356	0.979256
9.76667	0.985138	-0.0437723	-0.166094	0.0266944	0.994251	-0.103694	0.169678	0.0977192	0.980643
9.8	0.987516	-0.0432734	-0.151461	0.0286052	0.994803	-0.0977176	0.154902	0.0921651	0.983621
9.83333	0.99024	-0.0422878	-0.132802	0.0312895	0.995988	-0.0838389	0.135814	0.0788653	0.98759
9.86667	0.992977	-0.0414901	-0.110794	0.0344491	0.997308	-0.0647262	0.113181	0.0604549	0.991733
9.9	0.995465	-0.0409649	-0.0858546	0.0374479	0.998408	-0.0421835	0.087446	0.0387771	0.995414
9.93333	0.997472	-0.0410992	-0.0579736	0.0402546	0.999067	-0.0156629	0.0585632	0.0132896	0.998195
9.96667	0.998759	-0.0412545	-0.0278987	0.0416776	0.999022	0.0147578	0.0272626	-0.0159023	0.999502
10	0.999157	-0.0407918	0.00463114	0.0405221	0.998018	0.0481533	-0.00658622	-0.0479251	0.998829
10.0333	0.998511	-0.0402446	0.0368372	0.0371561	0.996022	0.0809969	-0.0399503	-0.0795075	0.996033
10.0667	0.99678	-0.0401144	0.0694348	0.0326471	0.993881	0.105522	-0.0732429	-0.102915	0.99199
10.1	0.99452	-0.0387634	0.0970947	0.0274461	0.992952	0.115295	-0.10088	-0.111998	0.988575
10.1333	0.992009	-0.035113	0.12118	0.0211151	0.99315	0.114921	-0.124385	-0.111444	0.985956
10.1667	0.989848	-0.0283358	0.139277	0.0142091	0.994745	0.101395	-0.141418	-0.0983868	0.985049
10.2	0.988344	-0.0187833	0.151071	0.0089404	0.997808	0.0655716	-0.151971	-0.0634567	0.986346
10.2333	0.987435	-0.00560919	0.157928	0.00148445	0.999655	0.0262237	-0.158021	-0.0256597	0.987102
10.2667	0.986892	0.0108313	0.161017	-0.010644	0.999941	-0.00202547	-0.161029	0.000285056	0.98695
10.3	0.986628	0.0286969	0.16044	-0.0267825	0.999542	-0.014082	-0.160771	0.00959675	0.986945
10.3333	0.986968	0.0437834	0.154843	-0.0404899	0.998883	-0.0243622	-0.155736	0.0177752	0.987639
10.3667	0.988371	0.0531164	0.142482	-0.0482227	0.998129	-0.0375841	-0.144212	0.0302761	0.989084
10.4	0.99039	0.0569707	0.126023	-0.0515274	0.99761	-0.0460415	-0.128345	0.0391054	0.990958
10.4333	0.992446	0.0567208	0.108782	-0.0510681	0.997231	-0.054066	-0.111547	0.0481024	0.992594
10.4667	0.9939	0.0568525	0.0944983	-0.0507922	0.996569	-0.0653449	-0.0978892	0.0601466	0.993378
10.5	0.994615	0.0593703	0.0849524	-0.0530838	0.995812	-0.0744386	-0.089016	0.0695281	0.993601
10.5333	0.994807	0.0616612	0.0809786	-0.0553431	0.99541	-0.0780764	-0.0854212	0.0731893	0.993653
10.5667	0.994552	0.0634884	0.0826754	-0.057458	0.995647	-0.0733842	-0.0869746	0.0682341	0.993871
10.6	0.994015	0.0649243	0.0878571	-0.0592288	0.996063	-0.0659526	-0.0917932	0.0603542	0.993947
10.6333	0.993292	0.0653	0.0954341	-0.0598575	0.996472	-0.058822	-0.0989385	0.052715	0.993696
10.6667	0.992603	0.06431	0.102973	-0.0589789	0.996797	-0.054008	-0.106116	0.0475353	0.993217
10.7	0.991958	0.0616717	0.110527	-0.0567878	0.997288	-0.0468066	-0.113114	0.0401536	0.99277
10.7333	0.991434	0.0581718	0.116939	-0.0538367	0.997752	-0.0398971	-0.118998	0.0332597	0.992337
10.7667	0.991431	0.0530565	0.119368	-0.048461	0.99798	-0.0410795	-0.121306	0.0349428	0.992
10.8	0.991729	0.0467648	0.119527	-0.041391	0.998034	-0.0470545	-0.121493	0.0417179	0.991715
10.8333	0.992303	0.0394287	0.117392	-0.0331718	0.997947	-0.0547849	-0.119311	0.0504691	0.991573
10.8667	0.992993	0.0318005	0.113811	-0.0249505	0.997819	-0.0611139	-0.115507	0.0578461	0.991621
10.9	0.993661	0.0259297	0.10939	-0.0189447	0.997743	-0.0644177	-0.110813	0.061937	0.991909
10.9333	0.994241	0.0218335	0.10492	-0.0147219	0.997571	-0.0680835	-0.106152	0.0661468	0.992147
10.9667	0.994641	0.0195877	0.10152	-0.0123846	0.997392	-0.0711028	-0.102648	0.0694645	0.992289
11	0.994764	0.020046	0.100217	-0.0127166	0.997233	-0.0732455	-0.101408	0.0715876	0.992266
11.0333	0.994586	0.0217489	0.101612	-0.0142891	0.997187	-0.0735737	-0.102927	0.0717235	0.9921
11.0667	0.994139	0.0247778	0.105232	-0.0167192	0.996908	-0.0767823	-0.106809	0.0745728	0.991479
11.1	0.993331	0.0279685	0.111851	-0.0188366	0.996464	-0.081882	-0.113746	0.0792291	0.990346
11.1333	0.992872	0.0265945	0.116181	-0.017606	0.99682	-0.0777186	-0.117879	0.0751191	0.990183
11.1667	0.992743	0.0241231	0.11781	-0.0170366	0.998005	-0.0607931	-0.119042	0.0583448	0.991174
11.2	0.993429	0.0193121	0.112813	-0.0155349	0.999292	-0.0342657	-0.113395	0.032288	0.993025
11.2333	0.994948	0.016184	0.0990798	-0.0147591	0.999777	-0.0150979	-0.099302	0.0135593	0.994965
11.2667	0.996831	0.0150946	0.0781066	-0.0145992	0.99987	-0.00690945	-0.0782007	0.00574725	0.996921
11.3	0.998596	0.0131556	0.0513052	-0.0127832	0.99989	-0.00758024	-0.0513993	0.00691376	0.998654
11.3333	0.999742	0.0100676	0.0203712	-0.00959229	0.999683	-0.0232954	-0.0205993	0.023094	0.999521
11.3667	0.999904	0.00693835	-0.0119943	-0.00745005	0.999041	-0.0431574	0.0116834	0.0432426	0.998996
11.4	0.998988	0.00577531	-0.0445979	-0.00800445	0.998719	-0.0499675	0.0442522	0.0502739	0.997755
11.4333	0.996978	0.00557763	-0.0774856	-0.00934773	0.998785	-0.0483783	0.0771216	0.0489565	0.995819
11.4667	0.993861	0.00557902	-0.110499	-0.0105471	0.998957	-0.0444275	0.110136	0.0453202	0.992883
11.5	0.989827	0.00486681	-0.142195	-0.0114143	0.99891	-0.0452662	0.14182	0.0464288	0.988803
11.5333	0.984946	-0.000350253	-0.17286	-0.0101359	0.99816	-0.0597761	0.172563	0.0606283	0.983131
11.5667	0.979758	-0.00893193	-0.199984	-0.00781491	0.996536	-0.082795	0.200031	0.082682	0.976295
11.6	0.974735	-0.0196678	-0.222497	-0.00472403	0.994078	-0.108568	0.223314	0.106876	0.96887
