0	0.994579	0.00988242	0.103515	-0.00982167	0.999951	-0.00109662	-0.103521	7.39864e-05	0.994627
0.0333333	0.328175	0.729142	0.600544	-0.944476	0.26427	0.195262	-0.0163321	-0.631279	0.775384
0.0666667	0.353222	0.929734	-0.104067	-0.610965	0.313485	0.726945	0.708489	-0.193191	0.678764
0.1	0.288398	0.741382	-0.605953	-0.32028	0.671082	0.668633	0.902357	0.00124173	0.430988
0.133333	0.241515	0.543564	-0.803871	-0.207185	0.838176	0.504514	0.948022	0.0447023	0.31505
0.166667	0.214792	0.412761	-0.885151	-0.164744	0.90863	0.383733	0.962665	0.0634004	0.263166
0.2	0.198838	0.329651	-0.922927	-0.147872	0.941041	0.304263	0.968812	0.0759756	0.23586
0.233333	0.188833	0.276368	-0.942318	-0.140708	0.957295	0.252563	0.971876	0.0848997	0.219656
0.266667	0.182738	0.24183	-0.952956	-0.138232	0.965968	0.218625	0.973395	0.0917781	0.209948
0.3	0.178573	0.218842	-0.959281	-0.137227	0.970962	0.195962	0.97431	0.0966461	0.203419
0.333333	0.176362	0.203247	-0.963113	-0.137432	0.973951	0.180368	0.974684	0.100552	0.199701
0.366667	0.174771	0.193209	-0.965466	-0.137423	0.975747	0.17039	0.974972	0.102898	0.197084
0.4	0.17449	0.18739	-0.966663	-0.138381	0.976648	0.164347	0.974886	0.105091	0.196347
0.433333	0.173368	0.183241	-0.96766	-0.137111	0.977461	0.160531	0.975266	0.104846	0.194585
0.466667	0.173133	0.18075	-0.968171	-0.136396	0.977944	0.158183	0.975408	0.104667	0.193968
0.5	0.173502	0.179672	-0.968305	-0.13625	0.978141	0.157084	0.975363	0.104677	0.19419
0.533333	0.173733	0.179179	-0.968355	-0.136487	0.9782	0.156513	0.975289	0.104976	0.194402
0.566667	0.173542	0.178883	-0.968444	-0.136862	0.978204	0.156161	0.97527	0.105443	0.194241
0.6	0.17509	0.18022	-0.967918	-0.13923	0.977757	0.156866	0.974658	0.107298	0.196287
0.633333	0.173483	0.179869	-0.968272	-0.137633	0.97796	0.157009	0.975172	0.106027	0.194416
0.666667	0.175605	0.180861	-0.967704	-0.140225	0.977552	0.157256	0.974423	0.108082	0.197025
0.7	0.175739	0.18185	-0.967495	-0.141061	0.9773	0.15807	0.974278	0.108696	0.197402
0.733333	0.175999	0.182535	-0.967319	-0.141208	0.977176	0.158703	0.97421	0.108661	0.197758
0.766667	0.176527	0.183421	-0.967055	-0.141198	0.977041	0.159541	0.974116	0.108383	0.198372
0.8	0.176511	0.184417	-0.966868	-0.140489	0.976955	0.160693	0.974221	0.10747	0.198352
0.833333	0.176518	0.185113	-0.966734	-0.140133	0.976878	0.161468	0.974271	0.106969	0.198377
0.866667	0.176879	0.185677	-0.96656	-0.140056	0.976799	0.162013	0.974217	0.106716	0.19878
0.9	0.1755	0.184905	-0.966959	-0.137166	0.977216	0.161971	0.974877	0.104208	0.196864
0.933333	0.175245	0.184566	-0.96707	-0.135727	0.977421	0.161946	0.975124	0.102878	0.196339
0.966667	0.175212	0.184549	-0.967079	-0.134688	0.977532	0.162142	0.975274	0.101845	0.196132
1	0.17575	0.184877	-0.966919	-0.133797	0.977579	0.162596	0.9753	0.100794	0.196545
1.03333	0.17617	0.185286	-0.966764	-0.133164	0.977583	0.163094	0.975311	0.100006	0.196894
1.06667	0.175987	0.185592	-0.966739	-0.132555	0.97759	0.163545	0.975427	0.0993639	0.196644
1.1	0.175741	0.185932	-0.966718	-0.132506	0.977533	0.163924	0.975478	0.0992875	0.196429
1.13333	0.17577	0.185915	-0.966716	-0.131964	0.977592	0.164013	0.975546	0.0987428	0.196365
1.16667	0.175926	0.186236	-0.966626	-0.131664	0.97757	0.164381	0.975559	0.0983511	0.196501
1.2	0.176051	0.186691	-0.966516	-0.131678	0.977493	0.164826	0.975534	0.0982511	0.196672
1.23333	0.176256	0.187468	-0.966328	-0.131888	0.977343	0.165549	0.975469	0.0982679	0.196987
1.26667	0.177146	0.188717	-0.965922	-0.131488	0.977184	0.166803	0.975361	0.0974591	0.197918
1.3	0.1779	0.189854	-0.965561	-0.130984	0.97705	0.16798	0.975292	0.0965896	0.198685
1.33333	0.179699	0.192804	-0.964642	-0.131589	0.976503	0.170662	0.974881	0.0962689	0.200848
1.36667	0.180889	0.195041	-0.96397	-0.131185	0.976165	0.172892	0.974715	0.0951838	0.202164
1.4	0.181531	0.197608	-0.963326	-0.13025	0.975803	0.175623	0.974721	0.0935925	0.202877
1.43333	0.182012	0.199855	-0.962772	-0.128585	0.975557	0.1782	0.974852	0.0913638	0.203262
1.46667	0.182791	0.202355	-0.962102	-0.126706	0.975277	0.181053	0.974953	0.088809	0.203912
1.5	0.183381	0.204507	-0.961534	-0.125781	0.974963	0.183374	0.974962	0.0873154	0.204513
1.53333	0.183711	0.206485	-0.961049	-0.124748	0.974681	0.185567	0.975032	0.0857981	0.204818
1.56667	0.184155	0.208217	-0.96059	-0.122823	0.974519	0.18769	0.975193	0.0834185	0.205036
1.6	0.184316	0.209983	-0.960174	-0.121349	0.974299	0.189778	0.975347	0.0815367	0.20506
1.63333	0.184254	0.211155	-0.959929	-0.120553	0.974132	0.19114	0.975458	0.0805039	0.204943
1.66667	0.183744	0.211487	-0.959954	-0.120473	0.974064	0.191536	0.975564	0.0804551	0.204457
1.7	0.181837	0.211204	-0.960379	-0.119879	0.974138	0.191532	0.975994	0.0803023	0.202453
1.73333	0.179901	0.210692	-0.960856	-0.120153	0.974185	0.191118	0.976319	0.0810674	0.200573
1.76667	0.179037	0.209157	-0.961353	-0.122011	0.974318	0.189255	0.976247	0.0834124	0.199959
1.8	0.178165	0.207173	-0.961944	-0.123185	0.97459	0.187081	0.976259	0.0851661	0.199159
1.83333	0.176147	0.20434	-0.962921	-0.12397	0.975033	0.184233	0.976526	0.0869218	0.197081
1.86667	0.17117	0.200934	-0.964534	-0.124675	0.97553	0.181099	0.977321	0.0892549	0.192033
1.9	0.164007	0.196031	-0.966785	-0.126566	0.976137	0.176457	0.978306	0.0934219	0.184905
1.93333	0.155013	0.188981	-0.969669	-0.130739	0.976824	0.169475	0.979223	0.100502	0.176128
1.96667	0.142449	0.178638	-0.973548	-0.140397	0.977281	0.15878	0.979794	0.114065	0.164293
2	0.124243	0.163513	-0.978686	-0.157105	0.977129	0.143309	0.979736	0.135952	0.14709
2.03333	0.0983763	0.141005	-0.985109	-0.181964	0.97577	0.121496	0.978372	0.167302	0.121651
2.06667	0.0610771	0.105822	-0.992508	-0.217129	0.97196	0.0902698	0.97423	0.209989	0.0823416
2.1	0.0112893	0.0472805	-0.998818	-0.269815	0.961974	0.0424868	0.962846	0.269017	0.023617
2.13333	-0.0453389	-0.049458	-0.997747	-0.345128	0.93805	-0.0308158	0.93746	0.342953	-0.0595995
2.16667	-0.105245	-0.201404	-0.973838	-0.44627	0.884697	-0.134739	0.888688	0.420414	-0.182991
2.2	-0.144923	-0.419381	-0.896168	-0.576399	0.771957	-0.268042	0.804215	0.477705	-0.353605
2.23333	-0.143761	-0.652771	-0.74379	-0.697299	0.600141	-0.391925	0.702216	0.4623	-0.541453
2.26667	-0.13814	-0.822652	-0.551508	-0.772219	0.438139	-0.460122	0.620157	0.362323	-0.695792
2.3	-0.12826	-0.911169	-0.39156	-0.79976	0.328503	-0.502463	0.586458	0.248708	-0.770851
2.33333	-0.116483	-0.950945	-0.286594	-0.801673	0.260364	-0.538081	0.586304	0.167078	-0.792675
2.36667	-0.110236	-0.96519	-0.237186	-0.786836	0.230548	-0.572483	0.607237	0.123518	-0.78486
2.4	-0.119584	-0.964513	-0.235403	-0.760124	0.241474	-0.603242	0.638679	0.106797	-0.762026
2.43333	-0.116586	-0.958789	-0.259097	-0.718871	0.261469	-0.644095	0.685297	0.111165	-0.71973
2.46667	-0.119725	-0.944211	-0.306808	-0.659172	0.306687	-0.686612	0.742401	0.120035	-0.659115
2.5	-0.144027	-0.909231	-0.390583	-0.578862	0.397534	-0.711958	0.802605	0.123552	-0.583575
2.53333	-0.154426	-0.854575	-0.495838	-0.485901	0.502662	-0.715004	0.860263	0.130513	-0.492863
2.56667	-0.126914	-0.792185	-0.596938	-0.387098	0.593642	-0.70551	0.913262	0.141535	-0.381995
2.6	-0.0973636	-0.709508	-0.697939	-0.282487	0.692131	-0.664196	0.954317	0.13249	-0.267815
2.63333	-0.0643566	-0.612278	-0.788019	-0.185499	0.783233	-0.593411	0.980535	0.107987	-0.163983
2.66667	-0.0331602	-0.500773	-0.864943	-0.117595	0.861363	-0.494191	0.992508	0.0853253	-0.0874512
2.7	-0.0573434	-0.378405	-0.923862	-0.0799654	0.924153	-0.37356	0.995147	0.0524557	-0.0832534
2.73333	-0.0890551	-0.260121	-0.96146	-0.0684641	0.964611	-0.254632	0.993671	0.0431492	-0.103712
2.76667	-0.0688661	-0.167904	-0.983395	-0.0775329	0.983655	-0.162519	0.994609	0.0650534	-0.0807586
2.8	-0.0371478	-0.0949178	-0.994792	-0.0983997	0.990989	-0.0908804	0.994453	0.0945112	-0.0461529
2.83333	-0.00703143	-0.0329216	-0.999433	-0.112406	0.993149	-0.0319238	0.993638	0.112118	-0.0106838
2.86667	0.0192115	0.0214679	-0.999585	-0.109374	0.993814	0.0192418	0.993815	0.108959	0.0214407
2.9	0.0470403	0.066131	-0.996702	-0.108219	0.99227	0.0607295	0.993014	0.105005	0.0538333
2.93333	0.0738307	0.101018	-0.992141	-0.113884	0.989202	0.0922435	0.990747	0.106179	0.0845378
2.96667	0.0978766	0.129163	-0.986781	-0.115336	0.986333	0.117664	0.988493	0.102295	0.111436
3	0.11789	0.152543	-0.98124	-0.118582	0.983223	0.138604	0.985921	0.100018	0.134001
3.03333	0.13655	0.171733	-0.975634	-0.122864	0.980191	0.155339	0.982984	0.0986591	0.154945
3.06667	0.151274	0.188502	-0.970352	-0.127511	0.977169	0.169948	0.980233	0.0980221	0.171856
3.1	0.164041	0.201618	-0.96563	-0.130768	0.974696	0.181296	0.977748	0.0965338	0.186255
3.13333	0.174582	0.212826	-0.961367	-0.126609	0.973108	0.192434	0.976469	0.0881225	0.196833
3.16667	0.182401	0.222747	-0.957661	-0.11921	0.971825	0.203336	0.975971	0.077074	0.203816
3.2	0.191557	0.230042	-0.954142	-0.113024	0.970847	0.211379	0.974952	0.0673502	0.211973
3.23333	0.19917	0.237261	-0.950809	-0.10638	0.969749	0.219703	0.974174	0.0573886	0.218385
3.26667	0.210271	0.243121	-0.946931	-0.102736	0.968718	0.225902	0.97223	0.0497834	0.22867
3.3	0.217829	0.250103	-0.943398	-0.0996798	0.967255	0.233412	0.970883	0.0431939	0.235626
3.33333	0.227537	0.253968	-0.940068	-0.0977373	0.966472	0.237445	0.968852	0.0378523	0.24473
3.36667	0.233541	0.258846	-0.93726	-0.0952043	0.965371	0.242887	0.967675	0.0325071	0.250097
3.4	0.240229	0.263963	-0.934138	-0.0930605	0.964148	0.248511	0.966245	0.0272319	0.256181
3.43333	0.248588	0.268659	-0.930605	-0.0911808	0.962989	0.253651	0.964308	0.0217987	0.263884
3.46667	0.257806	0.274773	-0.926302	-0.0898224	0.961374	0.260177	0.962012	0.0161273	0.272529
3.5	0.267155	0.281577	-0.921598	-0.0882259	0.959488	0.267579	0.959606	0.00982366	0.281175
3.53333	0.273996	0.289422	-0.917148	-0.084118	0.957201	0.276931	0.958045	0.00127057	0.286615
3.56667	0.278212	0.299105	-0.912762	-0.0795021	0.954189	0.288448	0.957224	-0.00768321	0.289247
3.6	0.276525	0.308299	-0.910212	-0.0739991	0.951163	0.299689	0.958154	-0.0155165	0.285834
3.63333	0.273027	0.312187	-0.909943	-0.0691335	0.949802	0.305118	0.959519	-0.020398	0.280904
3.66667	0.262324	0.310999	-0.913491	-0.0621356	0.950122	0.305626	0.962977	-0.0234129	0.268564
3.7	0.237847	0.30562	-0.921968	-0.0590749	0.952002	0.300336	0.969504	-0.0169689	0.244485
3.73333	0.198419	0.291005	-0.93592	-0.0552685	0.956709	0.285752	0.978558	-0.00497173	0.205913
3.76667	0.144541	0.264279	-0.953554	-0.055619	0.96432	0.258832	0.987934	0.0156239	0.154083
3.8	0.0792172	0.224692	-0.971204	-0.0584136	0.973638	0.220491	0.995144	0.0392648	0.090254
3.83333	0.00650782	0.177604	-0.984081	-0.0632566	0.982204	0.176847	0.997976	0.0610987	0.0176266
3.86667	-0.071099	0.126708	-0.989389	-0.0773541	0.988211	0.132116	0.994465	0.0859266	-0.0604595
3.9	-0.155012	0.0729034	-0.985219	-0.105382	0.990363	0.0898646	0.982276	0.117754	-0.145835
3.93333	-0.247681	0.0134745	-0.968748	-0.147182	0.987775	0.0513694	0.957597	0.155306	-0.24267
3.96667	-0.351486	-0.0625692	-0.9341	-0.213278	0.976879	0.0148182	0.911576	0.204431	-0.356704
4	-0.438437	-0.180614	-0.880427	-0.332634	0.942648	-0.0277331	0.834942	0.2807	-0.47337
4.03333	-0.48446	-0.346219	-0.803387	-0.501996	0.862127	-0.0688188	0.716448	0.369957	-0.591467
4.06667	-0.465544	-0.559287	-0.685906	-0.700703	0.706357	-0.100375	0.540633	0.433888	-0.720734
4.1	-0.383734	-0.751109	-0.537199	-0.85319	0.510936	-0.104934	0.353291	0.418066	-0.836903
4.13333	-0.288733	-0.868841	-0.40218	-0.925907	0.360272	-0.113578	0.243576	0.339588	-0.908488
4.16667	-0.222495	-0.925749	-0.305753	-0.949949	0.2764	-0.145601	0.219301	0.258054	-0.940912
4.2	-0.18618	-0.9515	-0.244917	-0.949149	0.238591	-0.205403	0.253876	0.19422	-0.947537
4.23333	-0.157949	-0.964668	-0.210873	-0.935147	0.214711	-0.281778	0.317099	0.152691	-0.93602
4.26667	-0.133165	-0.972237	-0.192414	-0.919073	0.193794	-0.343144	0.370906	0.131147	-0.919363
4.3	-0.109194	-0.977101	-0.182623	-0.902512	0.174451	-0.393749	0.416591	0.121825	-0.900894
4.33333	-0.0940533	-0.978918	-0.181312	-0.874369	0.168308	-0.455139	0.47606	0.115726	-0.871765
4.36667	-0.0937828	-0.974675	-0.203012	-0.828772	0.189418	-0.526553	0.551672	0.118869	-0.825547
4.4	-0.114582	-0.960103	-0.255096	-0.761136	0.249864	-0.598532	0.638391	0.125581	-0.759398
4.43333	-0.134359	-0.931976	-0.336703	-0.678514	0.33416	-0.654183	0.722195	0.140562	-0.677256
4.46667	-0.137796	-0.888816	-0.437056	-0.580798	0.429947	-0.691245	0.802301	0.15859	-0.575467
4.5	-0.122897	-0.82995	-0.544132	-0.471271	0.53133	-0.703983	0.873384	0.169916	-0.456431
4.53333	-0.0886365	-0.758937	-0.645104	-0.347926	0.630448	-0.69389	0.933323	0.162944	-0.319934
4.56667	-0.0404916	-0.67526	-0.736468	-0.211549	0.726156	-0.654174	0.976528	0.129311	-0.172254
4.6	-0.00764272	-0.57422	-0.818665	-0.107948	0.814379	-0.570206	0.994127	0.0840151	-0.0682098
4.63333	0.00176822	-0.458844	-0.888515	-0.0829715	0.885386	-0.457393	0.99655	0.0745302	-0.0365054
4.66667	-0.0289012	-0.34567	-0.937911	-0.0964034	0.934893	-0.341587	0.994923	0.0805456	-0.0603433
4.7	-0.0816943	-0.227641	-0.970312	-0.0897432	0.971292	-0.220315	0.992609	0.0690805	-0.0997782
4.73333	-0.0935601	-0.133388	-0.986638	-0.0955938	0.98761	-0.124454	0.991014	0.0826726	-0.105152
4.76667	-0.0664668	-0.0647161	-0.995688	-0.108865	0.992407	-0.0572356	0.991832	0.104592	-0.0730074
4.8	-0.0286337	-0.00936647	-0.999546	-0.129822	0.991522	-0.00557228	0.991124	0.129604	-0.0296069
4.83333	0.00484394	0.0375733	-0.999282	-0.133965	0.990311	0.0365866	0.990974	0.133691	0.0098305
4.86667	0.0330404	0.0758218	-0.996574	-0.13649	0.988119	0.0706533	0.99009	0.133688	0.0429968
4.9	0.0586575	0.103053	-0.992945	-0.1478	0.984592	0.093455	0.987276	0.141275	0.0729849
4.93333	0.0835687	0.123338	-0.98884	-0.161135	0.980924	0.108732	0.983388	0.15025	0.101849
4.96667	0.108195	0.142015	-0.983934	-0.166488	0.978354	0.122903	0.98009	0.150516	0.129497
5	0.128381	0.159612	-0.978796	-0.168835	0.976073	0.137023	0.977248	0.147664	0.152257
5.03333	0.144107	0.174534	-0.974049	-0.17102	0.973904	0.149207	0.974672	0.14508	0.170195
5.06667	0.151934	0.186674	-0.970602	-0.168841	0.972471	0.160604	0.973863	0.139476	0.17927
5.1	0.158963	0.19664	-0.967504	-0.161432	0.971953	0.171021	0.973997	0.129	0.186249
5.13333	0.165858	0.205286	-0.964546	-0.151992	0.971727	0.180679	0.974366	0.116636	0.192371
5.16667	0.174583	0.212279	-0.961488	-0.147406	0.971114	0.187639	0.973546	0.108971	0.200831
5.2	0.181737	0.217834	-0.958916	-0.144326	0.970504	0.193113	0.972698	0.103301	0.207815
5.23333	0.189054	0.223368	-0.956225	-0.138531	0.970113	0.199224	0.972146	0.0948032	0.214347
5.26667	0.195616	0.228172	-0.953767	-0.130383	0.969974	0.205308	0.971975	0.0841937	0.219493
5.3	0.202154	0.23195	-0.95149	-0.124203	0.969776	0.21002	0.971446	0.0757212	0.224852
5.33333	0.208021	0.234542	-0.949588	-0.122574	0.969423	0.21259	0.970414	0.0721721	0.230409
5.36667	0.212242	0.23652	-0.948162	-0.122862	0.969027	0.214222	0.969463	0.0710265	0.234727
5.4	0.217137	0.23858	-0.946536	-0.121895	0.968709	0.216206	0.9685	0.0684316	0.239425
5.43333	0.222587	0.240885	-0.944685	-0.120649	0.968352	0.218492	0.967419	0.0653416	0.244605
5.46667	0.227207	0.244574	-0.942635	-0.118553	0.967697	0.222501	0.966604	0.0611981	0.248862
5.5	0.22964	0.24877	-0.940946	-0.11434	0.966983	0.227749	0.966536	0.055288	0.250502
5.53333	0.232903	0.253622	-0.938846	-0.109382	0.9661	0.23385	0.966329	0.0482287	0.25275
5.56667	0.233661	0.259214	-0.937129	-0.104313	0.964929	0.240895	0.966706	0.0414672	0.252506
5.6	0.23226	0.265282	-0.935778	-0.100592	0.96348	0.248168	0.967438	0.0364922	0.250463
5.63333	0.228666	0.271503	-0.934879	-0.0930259	0.962022	0.256632	0.96905	0.0282848	0.245239
5.66667	0.221767	0.276478	-0.935083	-0.0839481	0.960814	0.264176	0.971479	0.0199129	0.236286
5.7	0.214608	0.278598	-0.936123	-0.0780165	0.960282	0.267903	0.973579	0.015539	0.227819
5.73333	0.206028	0.278389	-0.938111	-0.0715917	0.960397	0.26928	0.975924	0.0116818	0.217799
5.76667	0.194991	0.276226	-0.941105	-0.06401	0.961061	0.268821	0.978714	0.00782248	0.205079
5.8	0.181839	0.271068	-0.945228	-0.0553999	0.962551	0.265378	0.981766	0.00410944	0.190047
5.83333	0.167104	0.263214	-0.950155	-0.0476214	0.964735	0.258878	0.984789	0.00198824	0.173746
5.86667	0.142643	0.253387	-0.95679	-0.0445891	0.967339	0.249533	0.988769	0.00706822	0.149283
5.9	0.0983783	0.235973	-0.966767	-0.0468092	0.971502	0.232365	0.994048	0.0223939	0.10662
5.93333	0.0329251	0.201607	-0.978913	-0.0564132	0.978257	0.199575	0.997864	0.0486526	0.0435826
5.96667	-0.0484515	0.150597	-0.987407	-0.0687856	0.985718	0.153715	0.996454	0.0753671	-0.0374006
6	-0.134348	0.0923239	-0.986624	-0.0936892	0.990007	0.105398	0.986495	0.106596	-0.124356
6.03333	-0.220055	0.031119	-0.974991	-0.132595	0.98926	0.0615011	0.966434	0.142813	-0.213566
6.06667	-0.304819	-0.0291889	-0.951963	-0.177635	0.983734	0.0267158	0.935698	0.177245	-0.305046
6.1	-0.390973	-0.0898035	-0.916011	-0.227132	0.973863	0.0014695	0.891937	0.20863	-0.401151
6.13333	-0.471847	-0.160993	-0.866858	-0.292341	0.956136	-0.0184469	0.831804	0.244714	-0.498214
6.16667	-0.520149	-0.27097	-0.809951	-0.404573	0.913361	-0.0457505	0.752174	0.303887	-0.584711
6.2	-0.519178	-0.432278	-0.737286	-0.56306	0.821986	-0.0854467	0.642976	0.370774	-0.670156
6.23333	-0.489458	-0.579259	-0.651836	-0.691497	0.713234	-0.114581	0.531284	0.39466	-0.749654
6.26667	-0.452512	-0.683344	-0.572952	-0.770997	0.622648	-0.13369	0.448103	0.381248	-0.808612
6.3	-0.397472	-0.764265	-0.507854	-0.826732	0.538405	-0.163198	0.398157	0.354993	-0.845843
6.33333	-0.351484	-0.823321	-0.445647	-0.862964	0.469489	-0.186745	0.362977	0.318939	-0.875514
6.36667	-0.308154	-0.871656	-0.381126	-0.888868	0.406584	-0.211197	0.339051	0.27369	-0.900077
6.4	-0.265943	-0.909937	-0.318259	-0.905254	0.349216	-0.241999	0.331345	0.223748	-0.916596
6.43333	-0.229849	-0.937031	-0.262951	-0.913893	0.300704	-0.27272	0.334617	0.177624	-0.925463
6.46667	-0.196842	-0.955932	-0.217824	-0.916118	0.258475	-0.30646	0.349257	0.139228	-0.926626
6.5	-0.171526	-0.967097	-0.18789	-0.907326	0.229379	-0.352342	0.383847	0.110041	-0.916817
6.53333	-0.157304	-0.972054	-0.17426	-0.887294	0.216584	-0.407186	0.433549	0.0905681	-0.896567
6.56667	-0.149356	-0.973166	-0.175046	-0.858479	0.215466	-0.465391	0.490619	0.0807639	-0.867623
6.6	-0.142179	-0.97126	-0.19089	-0.822555	0.22321	-0.523049	0.550625	0.0826511	-0.830651
6.63333	-0.139868	-0.964947	-0.222067	-0.780171	0.2455	-0.57538	0.609729	0.0927731	-0.787162
6.66667	-0.150474	-0.9513	-0.269047	-0.728619	0.290653	-0.620189	0.668185	0.10271	-0.736871
6.7	-0.165367	-0.928028	-0.333792	-0.662273	0.355282	-0.659674	0.730786	0.111973	-0.67336
6.73333	-0.172441	-0.89122	-0.419513	-0.574239	0.43699	-0.692307	0.800321	0.121519	-0.587128
6.76667	-0.164667	-0.834768	-0.525402	-0.459949	0.536199	-0.707769	0.872543	0.125112	-0.472245
6.8	-0.134846	-0.759341	-0.636567	-0.329734	0.640209	-0.693836	0.934394	0.116337	-0.336709
6.83333	-0.0840627	-0.674	-0.733933	-0.201427	0.732828	-0.649915	0.97589	0.0932007	-0.197366
6.86667	-0.0360822	-0.571114	-0.820077	-0.115247	0.817514	-0.564259	0.992681	0.0741519	-0.0953172
6.9	-0.0170196	-0.454767	-0.890448	-0.0964122	0.887173	-0.451252	0.995196	0.0781699	-0.0589444
6.93333	-0.0381298	-0.343865	-0.938245	-0.132863	0.932336	-0.336299	0.990401	0.111835	-0.0812368
6.96667	-0.076882	-0.22986	-0.970182	-0.133098	0.966719	-0.218492	0.988116	0.112331	-0.104917
7	-0.0730211	-0.144424	-0.986818	-0.135412	0.981732	-0.13366	0.988095	0.123867	-0.091244
7.03333	-0.0466107	-0.0849251	-0.995297	-0.162912	0.983686	-0.076305	0.985539	0.158589	-0.0596856
7.06667	-0.0197601	-0.0392272	-0.999035	-0.191476	0.980883	-0.0347272	0.981298	0.190605	-0.0268934
7.1	0.00401269	-0.000897328	-0.999992	-0.200738	0.979644	-0.00168458	0.979637	0.200743	0.00375088
7.13333	0.0277676	0.0298357	-0.999169	-0.207737	0.977904	0.0234276	0.97779	0.206914	0.033352
7.16667	0.0538234	0.0546218	-0.997055	-0.214717	0.975779	0.0418653	0.975192	0.211832	0.064248
7.2	0.0774006	0.0759605	-0.994102	-0.220532	0.973699	0.0572309	0.972304	0.214802	0.0921167
7.23333	0.0979859	0.0940803	-0.990731	-0.226926	0.971407	0.0698017	0.96897	0.217983	0.116534
7.26667	0.114203	0.108768	-0.987485	-0.226639	0.97063	0.0807006	0.96726	0.214587	0.1355
7.3	0.127574	0.119683	-0.984582	-0.226227	0.970036	0.0886024	0.965684	0.211436	0.150827
7.33333	0.1391	0.129306	-0.9818	-0.224247	0.969797	0.0959537	0.964554	0.206819	0.163895
7.36667	0.150218	0.139079	-0.978822	-0.217282	0.970494	0.10455	0.964481	0.196975	0.176005
7.4	0.159323	0.147456	-0.976152	-0.208311	0.971541	0.112759	0.964999	0.185378	0.185506
7.43333	0.168894	0.155576	-0.973278	-0.200725	0.972199	0.120572	0.964979	0.174998	0.195427
7.46667	0.178858	0.162518	-0.97036	-0.19665	0.972267	0.12659	0.964022	0.168179	0.205857
7.5	0.186175	0.170389	-0.967629	-0.190225	0.972464	0.13464	0.963926	0.159	0.21346
7.53333	0.194261	0.177517	-0.964754	-0.183615	0.972687	0.142004	0.963612	0.149558	0.22155
7.56667	0.203356	0.184135	-0.961634	-0.179765	0.972482	0.148197	0.962461	0.142731	0.230861
7.6	0.211765	0.189455	-0.958782	-0.176805	0.97227	0.153069	0.961195	0.137103	0.23939
7.63333	0.217513	0.194489	-0.956484	-0.173733	0.972013	0.158138	0.960471	0.131776	0.245214
7.66667	0.22565	0.198973	-0.953673	-0.172052	0.971673	0.162019	0.958895	0.127521	0.253492
7.7	0.233993	0.204075	-0.950579	-0.167929	0.971511	0.167231	0.957626	0.120498	0.261597
7.73333	0.242668	0.209114	-0.947303	-0.16368	0.971317	0.172486	0.956201	0.113197	0.269936
7.76667	0.250426	0.21231	-0.944569	-0.158889	0.971442	0.176225	0.955008	0.10595	0.277008
7.8	0.257419	0.215584	-0.941944	-0.15393	0.971496	0.180281	0.953961	0.0985856	0.283266
7.83333	0.26271	0.218402	-0.939832	-0.147273	0.971709	0.184643	0.953569	0.0899047	0.287443
7.86667	0.266828	0.220787	-0.938113	-0.141141	0.971862	0.188585	0.953353	0.0820868	0.290482
7.9	0.27083	0.221661	-0.936759	-0.135366	0.972228	0.190918	0.953062	0.0750993	0.293314
7.93333	0.271489	0.219886	-0.936987	-0.130078	0.973002	0.190648	0.953611	0.0701222	0.292762
7.96667	0.262359	0.217024	-0.940249	-0.127632	0.973625	0.189115	0.956492	0.0703896	0.283139
8	0.236361	0.209065	-0.948907	-0.127762	0.974787	0.182942	0.963229	0.0779941	0.257112
8.03333	0.192127	0.188368	-0.963122	-0.128868	0.97775	0.165521	0.972872	0.0923142	0.212127
8.06667	0.132577	0.1514	-0.979541	-0.133116	0.982032	0.133768	0.982193	0.112658	0.150349
8.1	0.061896	0.100329	-0.993027	-0.139838	0.985993	0.0909023	0.988238	0.133236	0.0750588
8.13333	-0.0107616	0.0430298	-0.999016	-0.150659	0.987599	0.0441609	0.988527	0.150986	-0.00414528
8.16667	-0.0858336	-0.0178473	-0.99615	-0.175761	0.98443	-0.00249278	0.980684	0.174871	-0.087634
8.2	-0.167148	-0.0840827	-0.98234	-0.219228	0.974583	-0.0461164	0.961249	0.207648	-0.181333
8.23333	-0.260721	-0.163292	-0.951504	-0.291509	0.952903	-0.0836557	0.920351	0.255562	-0.296043
8.26667	-0.363764	-0.265781	-0.892769	-0.399443	0.910344	-0.108258	0.841499	0.31723	-0.437314
8.3	-0.440635	-0.388295	-0.809363	-0.533197	0.838543	-0.11201	0.722178	0.382195	-0.576529
8.33333	-0.487628	-0.510292	-0.708393	-0.658043	0.748065	-0.0859009	0.573758	0.424265	-0.700571
8.36667	-0.495036	-0.62092	-0.607781	-0.759818	0.648658	-0.0438115	0.421446	0.440115	-0.792895
8.4	-0.469889	-0.699066	-0.538991	-0.822244	0.568754	-0.0208405	0.321122	0.433389	-0.842054
8.43333	-0.43557	-0.748724	-0.499691	-0.856183	0.515977	-0.0268097	0.277902	0.416149	-0.865789
8.46667	-0.377669	-0.80551	-0.45664	-0.891258	0.449952	-0.0565867	0.251047	0.385613	-0.88785
8.5	-0.307099	-0.860609	-0.406254	-0.917118	0.381621	-0.11515	0.254134	0.33722	-0.906476
8.53333	-0.270987	-0.89144	-0.363182	-0.920599	0.350227	-0.17274	0.281183	0.287534	-0.915565
8.56667	-0.239464	-0.91271	-0.331086	-0.916076	0.325372	-0.234388	0.321654	0.247172	-0.914027
8.6	-0.212783	-0.927304	-0.307947	-0.905486	0.305571	-0.294484	0.367176	0.216181	-0.904681
8.63333	-0.194777	-0.934417	-0.298207	-0.889018	0.296627	-0.348796	0.414377	0.197175	-0.88849
8.66667	-0.185856	-0.934092	-0.304843	-0.863265	0.303408	-0.403383	0.469289	0.188189	-0.862759
8.7	-0.181482	-0.926816	-0.32875	-0.829514	0.323828	-0.455018	0.528176	0.190125	-0.827576
8.73333	-0.187745	-0.910179	-0.369224	-0.785057	0.364964	-0.500486	0.590286	0.195899	-0.783062
8.76667	-0.196222	-0.884165	-0.423967	-0.731941	0.419789	-0.536693	0.652503	0.205008	-0.729529
8.8	-0.193453	-0.851798	-0.486843	-0.668683	0.477586	-0.569891	0.717941	0.215297	-0.661973
8.83333	-0.186254	-0.806674	-0.560881	-0.591321	0.547937	-0.591695	0.784633	0.221455	-0.579059
8.86667	-0.182345	-0.738993	-0.648567	-0.502633	0.636982	-0.584478	0.84505	0.219415	-0.487593
8.9	-0.146712	-0.66926	-0.7284	-0.407906	0.711777	-0.571827	0.901159	0.213225	-0.377422
8.93333	-0.108839	-0.590113	-0.79995	-0.316605	0.783402	-0.534829	0.942293	0.195058	-0.272097
8.96667	-0.0808433	-0.497601	-0.86363	-0.231411	0.852161	-0.46933	0.969491	0.161912	-0.184042
9	-0.0462818	-0.402937	-0.914057	-0.167703	0.905184	-0.390534	0.984751	0.135215	-0.109467
9.03333	-0.00693619	-0.308025	-0.951353	-0.132561	0.943263	-0.304439	0.991151	0.124001	-0.0473749
9.06667	0.0196246	-0.21035	-0.977429	-0.112158	0.970983	-0.211215	0.993497	0.113772	-0.00453739
9.1	0.0283603	-0.11784	-0.992628	-0.106993	0.986964	-0.120224	0.993855	0.109614	0.0153826
9.13333	-0.0176841	-0.037285	-0.999148	-0.119457	0.992225	-0.0349124	0.992682	0.118738	-0.0220005
9.16667	-0.0363909	0.0221135	-0.999093	-0.118814	0.992568	0.0262968	0.992249	0.119663	-0.0334931
9.2	-0.019406	0.0565414	-0.998212	-0.133541	0.989307	0.0586332	0.990853	0.13444	-0.0116479
9.23333	0.00271736	0.0809498	-0.996714	-0.157802	0.984265	0.0795084	0.987467	0.157068	0.0154487
9.26667	0.0280513	0.106015	-0.993969	-0.153757	0.982984	0.100504	0.98771	0.15001	0.0438745
9.3	0.054366	0.128403	-0.990231	-0.147909	0.981793	0.119188	0.987506	0.139984	0.0723681
9.33333	0.080989	0.147375	-0.985759	-0.154225	0.97895	0.133686	0.984711	0.141201	0.102013
9.36667	0.106795	0.164403	-0.980595	-0.166866	0.975211	0.145327	0.980179	0.148108	0.131581
9.4	0.129089	0.181512	-0.974879	-0.168822	0.972776	0.158765	0.977157	0.144087	0.156218
9.43333	0.143228	0.200251	-0.969219	-0.157237	0.971482	0.177482	0.977119	0.126976	0.17063
9.46667	0.151041	0.216186	-0.964598	-0.140976	0.97053	0.19544	0.978423	0.106466	0.177067
9.5	0.159441	0.229337	-0.9602	-0.13233	0.968829	0.209424	0.978298	0.0936723	0.184819
9.53333	0.168702	0.242051	-0.955485	-0.123445	0.966935	0.223156	0.977906	0.0803026	0.193004
9.56667	0.180311	0.254119	-0.950217	-0.120897	0.964451	0.234984	0.976152	0.0725076	0.204623
9.6	0.191874	0.264701	-0.945049	-0.11586	0.962317	0.246015	0.974557	0.0622896	0.215311
9.63333	0.19931	0.275741	-0.940342	-0.112115	0.95971	0.257658	0.973502	0.0540722	0.222195
9.66667	0.207284	0.286091	-0.935513	-0.108262	0.957118	0.26871	0.972272	0.0455816	0.229368
9.7	0.214754	0.295479	-0.930899	-0.105066	0.954596	0.278762	0.971	0.0379403	0.236048
9.73333	0.223996	0.304182	-0.925905	-0.10214	0.95214	0.288091	0.969223	0.0300407	0.244345
9.76667	0.233715	0.312857	-0.920596	-0.0994765	0.949544	0.297441	0.967203	0.0220612	0.253045
9.8	0.242281	0.321123	-0.915522	-0.0983779	0.946904	0.306096	0.965206	0.0159061	0.261008
9.83333	0.250853	0.32939	-0.910261	-0.0963621	0.944154	0.315098	0.963217	0.00867132	0.268584
9.86667	0.260177	0.337771	-0.904554	-0.0959319	0.941225	0.323872	0.960784	0.00251174	0.277288
9.9	0.265526	0.346253	-0.89978	-0.0928593	0.938128	0.333607	0.959621	-0.00502834	0.28125
9.93333	0.267776	0.354833	-0.895762	-0.0893842	0.934854	0.343597	0.959326	-0.0119403	0.282048
9.96667	0.264421	0.363381	-0.893328	-0.0819726	0.931414	0.35461	0.960917	-0.020538	0.276073
10	0.256816	0.366406	-0.894311	-0.0740093	0.930085	0.359811	0.963622	-0.0262177	0.265978
10.0333	0.242907	0.363528	-0.899357	-0.0701254	0.93128	0.357492	0.967512	-0.0237695	0.251707
10.0667	0.22186	0.353121	-0.908892	-0.0664194	0.935429	0.347219	0.972814	-0.0166658	0.230988
10.1	0.18779	0.337106	-0.922548	-0.0649787	0.941464	0.330791	0.980057	-0.00217341	0.198702
10.1333	0.140113	0.309386	-0.940558	-0.0657004	0.95074	0.302948	0.987953	0.0193483	0.153537
10.1667	0.0769385	0.267076	-0.960599	-0.0726639	0.962395	0.261756	0.994384	0.0496618	0.0934521
10.2	-0.00465529	0.208253	-0.978064	-0.0829887	0.97462	0.207914	0.99654	0.0821362	0.0127455
10.2333	-0.103998	0.135781	-0.985265	-0.104535	0.983658	0.146593	0.989069	0.118241	-0.0881045
10.2667	-0.212696	0.0531696	-0.975671	-0.140034	0.986552	0.08429	0.967032	0.154555	-0.20239
10.3	-0.322792	-0.0390048	-0.945666	-0.197083	0.980019	0.0268504	0.925723	0.195042	-0.324029
10.3333	-0.4148	-0.148798	-0.897663	-0.292137	0.956088	-0.02349	0.861741	0.252497	-0.440055
10.3667	-0.479942	-0.298833	-0.824836	-0.440144	0.895328	-0.0682679	0.7589	0.330282	-0.561235
10.4	-0.498189	-0.488501	-0.716362	-0.622799	0.776428	-0.0963394	0.603265	0.398154	-0.691046
10.4333	-0.450052	-0.676547	-0.58287	-0.787449	0.608495	-0.0982767	0.421162	0.41475	-0.806601
10.4667	-0.389791	-0.793325	-0.467652	-0.872141	0.481064	-0.089142	0.295689	0.373112	-0.879406
10.5	-0.328885	-0.862325	-0.385007	-0.911434	0.396568	-0.109643	0.247229	0.314849	-0.916378
10.5333	-0.266326	-0.907354	-0.325237	-0.931662	0.32884	-0.154498	0.247135	0.261864	-0.932926
10.5667	-0.218796	-0.936922	-0.272592	-0.940043	0.277295	-0.19856	0.261624	0.212804	-0.941418
10.6	-0.178226	-0.955937	-0.233282	-0.938582	0.236343	-0.251409	0.295466	0.174146	-0.939347
10.6333	-0.145559	-0.968623	-0.201451	-0.932242	0.202462	-0.299889	0.331265	0.14415	-0.932461
10.6667	-0.118708	-0.977464	-0.174562	-0.924006	0.173105	-0.340952	0.363486	0.120822	-0.923732
10.7	-0.104379	-0.980938	-0.163906	-0.902582	0.162646	-0.398614	0.417674	0.106332	-0.902354
10.7333	-0.0986064	-0.979951	-0.173126	-0.866053	0.170196	-0.470092	0.490132	0.103582	-0.865472
10.7667	-0.105454	-0.972994	-0.205332	-0.817282	0.202431	-0.539511	0.566507	0.11092	-0.816558
10.8	-0.131731	-0.956055	-0.261925	-0.753537	0.268256	-0.600184	0.644073	0.118307	-0.75576
10.8333	-0.144043	-0.931823	-0.333104	-0.676628	0.338373	-0.653971	0.722098	0.131187	-0.679238
10.8667	-0.140784	-0.898671	-0.415416	-0.583364	0.414316	-0.69859	0.799916	0.143988	-0.582582
10.9	-0.129638	-0.849949	-0.510667	-0.474634	0.505369	-0.720642	0.870584	0.148957	-0.46893
10.9333	-0.0935533	-0.79422	-0.600385	-0.358826	0.5894	-0.723776	0.928704	0.147722	-0.340127
10.9667	-0.0608844	-0.727475	-0.683427	-0.2469	0.674396	-0.695867	0.967126	0.126371	-0.220674
11	-0.0398339	-0.649937	-0.758943	-0.181282	0.751642	-0.63417	0.982624	0.112321	-0.147763
11.0333	-0.0180556	-0.56286	-0.826355	-0.15777	0.817739	-0.553544	0.987311	0.12038	-0.103567
11.0667	0.00532442	-0.471282	-0.881967	-0.156039	0.870784	-0.466248	0.987736	0.140104	-0.0689021
11.1	-0.0285992	-0.378839	-0.925021	-0.160401	0.915147	-0.369835	0.986638	0.137797	-0.0869386
11.1333	-0.0982218	-0.281409	-0.954548	-0.156948	0.951562	-0.26438	0.98271	0.123846	-0.137631
11.1667	-0.0902569	-0.200411	-0.975546	-0.159441	0.969817	-0.184483	0.983073	0.138891	-0.119486
11.2	-0.0574514	-0.140554	-0.988405	-0.18125	0.975056	-0.128121	0.981757	0.171788	-0.0814938
11.2333	-0.0261112	-0.0884763	-0.995736	-0.197377	0.976923	-0.0816288	0.97998	0.194403	-0.0429718
11.2667	0.00511614	-0.0364752	-0.999321	-0.180067	0.982966	-0.0368001	0.983641	0.180133	-0.00153898
11.3	0.0348935	0.0096412	-0.999345	-0.171423	0.985191	0.00351917	0.984579	0.171188	0.0360295
11.3333	0.0669098	0.047243	-0.99664	-0.179243	0.983197	0.0345722	0.981527	0.176328	0.0742535
11.3667	0.0944858	0.0804206	-0.992273	-0.189723	0.979919	0.0613537	0.977281	0.18246	0.107846
11.4	0.111137	0.110806	-0.987609	-0.182923	0.979067	0.0892627	0.976825	0.170736	0.129079
11.4333	0.122024	0.135775	-0.983196	-0.170366	0.978762	0.114019	0.977796	0.15359	0.142564
11.4667	0.129753	0.155911	-0.979212	-0.162823	0.977505	0.134064	0.978086	0.142043	0.15222
11.5	0.138959	0.174034	-0.974886	-0.151271	0.976614	0.15278	0.978676	0.126242	0.162036
11.5333	0.151821	0.191863	-0.969608	-0.14325	0.974893	0.170479	0.977972	0.113014	0.175493
11.5667	0.166192	0.206792	-0.964167	-0.139403	0.972871	0.18463	0.97619	0.103723	0.190511
11.6	0.179953	0.220471	-0.95865	-0.132897	0.971073	0.198382	0.974657	0.0917018	0.204048
