0	-0.364484	0.275236	0.73996	0.996989	0.0229622	-0.0740607	-0.0119438	0.989224	0.14592	0.0766133	-0.144596	0.98652
0.0333333	0.168326	0.971698	-1.9795	0.0818567	0.99597	0.0366548	-0.996441	0.0810413	0.0232072	0.0201431	-0.038424	0.999058
0.0666667	0.165758	0.971934	-1.98056	0.0372318	0.998753	0.0332629	-0.999295	0.0373692	-0.0035186	-0.00475722	-0.0331085	0.99944
0.1	0.165331	0.971877	-1.98056	0.0352707	0.998863	0.0320845	-0.999352	0.0354829	-0.00606895	-0.0072005	-0.0318497	0.999467
0.133333	0.165142	0.971804	-1.98034	0.0349883	0.998887	0.0316242	-0.999358	0.0352119	-0.00653978	-0.00764605	-0.0313751	0.999478
0.166667	0.165	0.971672	-1.98014	0.0351298	0.998882	0.0316333	-0.99935	0.0353667	-0.00695903	-0.00807001	-0.0313683	0.999475
0.2	0.164857	0.971576	-1.97996	0.0350825	0.998887	0.0315217	-0.99935	0.0353257	-0.00719049	-0.00829601	-0.0312489	0.999477
0.233333	0.16481	0.971523	-1.97974	0.0349929	0.99889	0.0315278	-0.999352	0.0352396	-0.00730461	-0.00840753	-0.0312517	0.999476
0.266667	0.164717	0.971512	-1.97957	0.0348851	0.998896	0.0314475	-0.999357	0.0351269	-0.0071692	-0.00826595	-0.0311772	0.99948
0.3	0.164664	0.971453	-1.97941	0.0347484	0.998909	0.0311844	-0.99936	0.0349954	-0.00741288	-0.00849611	-0.0309068	0.999486
0.333333	0.164696	0.971388	-1.97925	0.0348294	0.998908	0.0311503	-0.999356	0.0350808	-0.00755953	-0.00864405	-0.0308669	0.999486
0.366667	0.164612	0.9713	-1.97909	0.0343991	0.998938	0.0306575	-0.999369	0.034654	-0.0078238	-0.0088779	-0.030369	0.999499
0.4	0.164581	0.971223	-1.97893	0.0342012	0.998963	0.0300627	-0.999373	0.0344585	-0.00808226	-0.0091098	-0.0297675	0.999515
0.433333	0.164549	0.971139	-1.97881	0.0338293	0.999001	0.0292137	-0.999384	0.0340869	-0.00836844	-0.00935589	-0.0289126	0.999538
0.466667	0.164599	0.971058	-1.97871	0.0335778	0.999026	0.0286329	-0.999389	0.0338409	-0.00875471	-0.00971515	-0.0283215	0.999552
0.5	0.164603	0.970991	-1.97866	0.0332763	0.99906	0.0277656	-0.999398	0.033536	-0.00894135	-0.00986409	-0.0274514	0.999574
0.533333	0.164617	0.970962	-1.97866	0.0329825	0.99909	0.0270411	-0.999407	0.0332366	-0.0090006	-0.00989117	-0.0267282	0.999594
0.566667	0.164686	0.970935	-1.97867	0.0326064	0.999126	0.0261385	-0.99942	0.0328496	-0.00892786	-0.0097787	-0.0258322	0.999618
0.6	0.16478	0.970893	-1.97876	0.0323885	0.999148	0.0255838	-0.999426	0.0326316	-0.0091446	-0.00997165	-0.0252729	0.999631
0.633333	0.164887	0.970843	-1.97881	0.0322104	0.999168	0.0250156	-0.99943	0.0324525	-0.00933162	-0.0101357	-0.0247007	0.999644
0.666667	0.164926	0.970789	-1.97892	0.0317964	0.999196	0.0244214	-0.99944	0.0320393	-0.00961875	-0.0103935	-0.0241019	0.999655
0.7	0.165113	0.970748	-1.97902	0.0317185	0.999205	0.0241609	-0.999442	0.0319614	-0.00973542	-0.0104999	-0.0238386	0.999661
0.733333	0.165364	0.970756	-1.97912	0.0317458	0.999207	0.024021	-0.999441	0.0319875	-0.00974582	-0.0105065	-0.0236982	0.999664
0.766667	0.16567	0.970767	-1.97924	0.0316412	0.999201	0.0244153	-0.999445	0.0318842	-0.00962837	-0.0103991	-0.0240971	0.999656
0.8	0.165971	0.970756	-1.97934	0.0316111	0.999197	0.0246089	-0.999445	0.0318577	-0.00969361	-0.0104698	-0.0242889	0.99965
0.833333	0.166333	0.970727	-1.97945	0.03159	0.999196	0.0246832	-0.999446	0.0318378	-0.00971163	-0.0104897	-0.0243628	0.999648
0.866667	0.166862	0.97069	-1.97959	0.0317933	0.99917	0.0254487	-0.999439	0.0320487	-0.00969404	-0.0105016	-0.0251262	0.999629
0.9	0.167059	0.970602	-1.97967	0.031516	0.999181	0.0253826	-0.999445	0.0317771	-0.0099491	-0.0107475	-0.025055	0.999628
0.933333	0.167715	0.970723	-1.97978	0.0314884	0.999154	0.0264412	-0.999454	0.0317413	-0.00919993	-0.0100314	-0.0261371	0.999608
0.966667	0.168162	0.970677	-1.97986	0.031365	0.999152	0.0266737	-0.999457	0.0316223	-0.0092794	-0.010115	-0.0263682	0.999601
1	0.168667	0.970641	-1.97981	0.0311454	0.999155	0.0268019	-0.999465	0.0314016	-0.00919335	-0.0100272	-0.0265013	0.999598
1.03333	0.169258	0.970624	-1.98	0.0304758	0.999159	0.0274284	-0.999481	0.030748	-0.00955678	-0.0103921	-0.0271229	0.999578
1.06667	0.16974	0.970684	-1.97979	0.0306317	0.999176	0.026612	-0.999485	0.0308735	-0.00872581	-0.00954023	-0.026331	0.999608
1.1	0.170492	0.970697	-1.9797	0.0304704	0.999173	0.0269182	-0.99949	0.0307167	-0.00878317	-0.00960275	-0.0266369	0.999599
1.13333	0.17137	0.970707	-1.97949	0.0302347	0.999171	0.0272431	-0.999493	0.0304929	-0.00911314	-0.00993631	-0.0269537	0.999587
1.16667	0.172446	0.970674	-1.97907	0.0298992	0.999155	0.0282142	-0.999497	0.030184	-0.0097214	-0.0105648	-0.0279093	0.999555
1.2	0.173623	0.970584	-1.97848	0.0296886	0.99914	0.0289548	-0.999494	0.0300042	-0.0105289	-0.0113886	-0.0286275	0.999525
1.23333	0.175057	0.970476	-1.97762	0.0295127	0.999117	0.0299004	-0.999491	0.0298587	-0.0111917	-0.0120746	-0.0295549	0.99949
1.26667	0.176507	0.970327	-1.9763	0.028957	0.999089	0.0313499	-0.999507	0.029321	-0.011214	-0.012123	-0.0310097	0.999446
1.3	0.178235	0.970158	-1.97498	0.0286169	0.999135	0.0301621	-0.999513	0.028977	-0.011569	-0.012433	-0.0298163	0.999478
1.33333	0.180194	0.969897	-1.97319	0.0277217	0.999178	0.0295787	-0.999536	0.0280799	-0.0117667	-0.0125876	-0.0292388	0.999493
1.36667	0.182461	0.969699	-1.97093	0.0267249	0.999179	0.0304542	-0.999578	0.0270588	-0.0106038	-0.0114191	-0.030158	0.99948
1.4	0.184933	0.969387	-1.96831	0.0253489	0.999159	0.0322376	-0.999632	0.0256466	-0.00885412	-0.00967346	-0.0320013	0.999441
1.43333	0.187704	0.968983	-1.96521	0.0231369	0.999083	0.0360275	-0.999713	0.023345	-0.00536701	-0.00620315	-0.0358929	0.999336
1.46667	0.190869	0.968496	-1.96179	0.0209179	0.998879	0.0424636	-0.999781	0.0209427	-0.000137877	-0.00102702	-0.0424514	0.999098
1.5	0.194304	0.967801	-1.95797	0.0195515	0.998531	0.0505243	-0.999788	0.019202	0.00739381	0.00641279	-0.0506582	0.998695
1.53333	0.197493	0.966905	-1.95373	0.0176108	0.997947	0.0615712	-0.999698	0.0165195	0.0181891	0.0171346	-0.0618729	0.997937
1.56667	0.200223	0.965526	-1.94896	0.015824	0.997151	0.0737537	-0.999406	0.013515	0.0317015	0.0306144	-0.0742116	0.996772
1.6	0.202088	0.96417	-1.94356	0.00625258	0.99619	0.0869793	-0.998985	0.00234189	0.0449908	0.0446157	-0.0871723	0.995194
1.63333	0.202783	0.963648	-1.93797	-0.0152673	0.99532	0.0954237	-0.998396	-0.0203789	0.0528246	0.054522	-0.0944641	0.994034
1.66667	0.201584	0.963762	-1.93393	-0.0415385	0.994773	0.0932761	-0.99738	-0.0468182	0.0551463	0.0592251	-0.0907411	0.994112
1.7	0.200155	0.963518	-1.93244	-0.0575656	0.994888	0.0829753	-0.996728	-0.0619968	0.0518538	0.056733	-0.0797189	0.995202
1.73333	0.200466	0.963122	-1.9304	-0.0663862	0.99469	0.0786383	-0.996636	-0.0698982	0.0427807	0.0480502	-0.0755338	0.995985
1.76667	0.202233	0.962946	-1.92569	-0.0792007	0.993429	0.0826239	-0.996083	-0.0821355	0.0327419	0.0393131	-0.0797071	0.996043
1.8	0.204942	0.963089	-1.91808	-0.0972411	0.990419	0.0980498	-0.994636	-0.100197	0.025673	0.0352513	-0.0950274	0.99485
1.83333	0.20895	0.962855	-1.90885	-0.113674	0.986564	0.117344	-0.992879	-0.117043	0.0222087	0.0356446	-0.113984	0.992843
1.86667	0.212939	0.962057	-1.90027	-0.121072	0.984147	0.129598	-0.992001	-0.124655	0.0198667	0.0357067	-0.126156	0.991368
1.9	0.215306	0.960591	-1.8927	-0.123906	0.983868	0.129041	-0.991843	-0.12672	0.0137995	0.0299289	-0.126278	0.991543
1.93333	0.215796	0.958778	-1.88548	-0.123428	0.985265	0.118399	-0.99216	-0.124879	0.00488629	0.0195998	-0.116867	0.992954
1.96667	0.21491	0.956587	-1.8778	-0.119059	0.987606	0.102272	-0.992863	-0.119139	-0.00534661	0.00690434	-0.102179	0.994742
2	0.213345	0.95406	-1.86873	-0.113221	0.989768	0.086841	-0.993546	-0.112179	-0.0167994	-0.00688578	-0.0881825	0.996081
2.03333	0.211344	0.951271	-1.85758	-0.108327	0.991232	0.0756543	-0.993926	-0.106506	-0.0277172	-0.0194165	-0.0781973	0.996749
2.06667	0.209257	0.948402	-1.84405	-0.104558	0.991978	0.0710384	-0.994099	-0.102171	-0.0364517	-0.0289012	-0.0744305	0.996807
2.1	0.207182	0.945503	-1.82757	-0.100088	0.992107	0.0755327	-0.994395	-0.0971419	-0.041728	-0.0340613	-0.0792858	0.99627
2.13333	0.20491	0.942734	-1.80829	-0.0950919	0.991642	0.0872028	-0.994899	-0.0917093	-0.0420173	-0.0336688	-0.0907535	0.995304
2.16667	0.20222	0.940547	-1.78651	-0.093935	0.990245	0.102913	-0.995194	-0.0905253	-0.0373256	-0.0276452	-0.105925	0.99399
2.2	0.199187	0.940055	-1.7639	-0.101037	0.98878	0.110023	-0.994605	-0.097775	-0.0346607	-0.0235143	-0.112931	0.993325
2.23333	0.19494	0.942228	-1.74053	-0.11996	0.986586	0.110719	-0.99257	-0.116901	-0.0337405	-0.0203447	-0.113944	0.993279
2.26667	0.189837	0.946089	-1.71728	-0.135155	0.984787	0.109214	-0.990664	-0.132328	-0.032762	-0.0178114	-0.112623	0.993478
2.3	0.184867	0.949916	-1.69478	-0.136992	0.983938	0.114452	-0.990449	-0.134233	-0.0315146	-0.0156452	-0.117676	0.992929
2.33333	0.179641	0.952842	-1.67236	-0.139201	0.982245	0.125772	-0.990195	-0.136565	-0.0293852	-0.0116873	-0.12863	0.991624
2.36667	0.173563	0.954484	-1.65038	-0.145184	0.980723	0.130785	-0.989373	-0.142843	-0.0271566	-0.00795122	-0.133338	0.991039
2.4	0.166842	0.954922	-1.62938	-0.152662	0.979578	0.130851	-0.988271	-0.150806	-0.0240364	-0.00381237	-0.132986	0.991111
2.43333	0.160349	0.954465	-1.61042	-0.157779	0.978149	0.135389	-0.987474	-0.15641	-0.0207573	0.000872512	-0.136969	0.990575
2.46667	0.156205	0.9531	-1.5943	-0.153991	0.976058	0.153614	-0.988062	-0.15284	-0.0193499	0.00459179	-0.15476	0.987941
2.5	0.15537	0.951437	-1.57981	-0.138484	0.973182	0.18368	-0.990316	-0.137904	-0.0159895	0.00976961	-0.184116	0.982856
2.53333	0.155734	0.950293	-1.56574	-0.114106	0.971112	0.209575	-0.993355	-0.114719	-0.00926921	0.0150409	-0.20924	0.977749
2.56667	0.155365	0.950495	-1.55236	-0.0866566	0.971195	0.221971	-0.996118	-0.0879336	-0.00414251	0.0154955	-0.221468	0.975044
2.6	0.154128	0.951919	-1.53923	-0.0562518	0.973176	0.223079	-0.998283	-0.0584809	0.00339378	0.0163486	-0.222505	0.974794
2.63333	0.152117	0.953646	-1.52566	-0.0251025	0.976502	0.214042	-0.999523	-0.028364	0.01218	0.0179648	-0.213634	0.976749
2.66667	0.149758	0.954912	-1.51126	0.00424708	0.980192	0.198002	-0.999823	0.000538487	0.0187801	0.0183015	-0.198047	0.980022
2.7	0.147406	0.955225	-1.49539	0.0303953	0.983605	0.177756	-0.999384	0.0267844	0.0226789	0.017546	-0.178336	0.983813
2.73333	0.145469	0.954521	-1.47739	0.0531305	0.986982	0.151804	-0.998444	0.0499278	0.024835	0.0169324	-0.152887	0.988099
2.76667	0.144821	0.952772	-1.45781	0.0699574	0.989233	0.128545	-0.997421	0.0672944	0.02495	0.016031	-0.129959	0.99139
2.8	0.146457	0.950195	-1.43761	0.0850828	0.989819	0.114106	-0.996281	0.0829533	0.0232911	0.0135885	-0.115663	0.993196
2.83333	0.149796	0.946916	-1.41883	0.0993769	0.988839	0.111002	-0.995034	0.0981269	0.0166813	0.00560286	-0.112108	0.99368
2.86667	0.153299	0.943346	-1.39998	0.114752	0.986708	0.115058	-0.993388	0.114394	0.00973223	-0.00355906	-0.115414	0.993311
2.9	0.156515	0.939432	-1.37976	0.128475	0.984701	0.117721	-0.991669	0.12867	0.00597266	-0.00926586	-0.117507	0.993029
2.93333	0.158226	0.935364	-1.35622	0.132288	0.985566	0.105642	-0.991172	0.132482	0.00520816	-0.0088626	-0.105398	0.994391
2.96667	0.159021	0.931979	-1.32819	0.129715	0.988785	0.0740145	-0.991551	0.12936	0.00959288	-8.92168e-05	-0.0746335	0.997211
3	0.161299	0.93113	-1.2998	0.133699	0.989669	0.0517588	-0.990961	0.132928	0.0180809	0.0110139	-0.0537083	0.998496
3.03333	0.163347	0.934383	-1.27085	0.14348	0.989104	0.0329622	-0.989491	0.142774	0.0228508	0.0178957	-0.0358944	0.999195
3.06667	0.165876	0.941172	-1.24148	0.155467	0.987542	0.0243037	-0.987493	0.154713	0.0303566	0.0262183	-0.0287192	0.999244
3.1	0.168163	0.948627	-1.21273	0.155231	0.987615	0.0228038	-0.987112	0.15416	0.042958	0.0389105	-0.0291783	0.998817
3.13333	0.169269	0.953898	-1.18433	0.14337	0.989463	0.020213	-0.988048	0.141937	0.0601274	0.0566249	-0.0285919	0.997986
3.16667	0.168052	0.956015	-1.15772	0.13149	0.991275	0.00916517	-0.988282	0.130359	0.0794055	0.077518	-0.0194988	0.9968
3.2	0.165647	0.954323	-1.13797	0.124792	0.992042	-0.0167517	-0.98814	0.125788	0.0880762	0.0894824	0.00556186	0.995973
3.23333	0.167	0.950884	-1.12078	0.132977	0.990437	-0.0367673	-0.987371	0.135606	0.0819153	0.0861178	0.0254101	0.995961
3.26667	0.168359	0.948807	-1.10196	0.130166	0.990265	-0.0493241	-0.987955	0.133739	0.0778416	0.0836804	0.0385976	0.995745
3.3	0.169839	0.948703	-1.0834	0.119166	0.991405	-0.0539978	-0.989732	0.122936	0.0729141	0.0789257	0.0447545	0.995875
3.33333	0.171242	0.950541	-1.06463	0.0952632	0.994611	-0.040902	-0.992763	0.0979439	0.0694908	0.0731225	0.0339861	0.996744
3.36667	0.172096	0.953237	-1.04573	0.062243	0.99782	-0.0219318	-0.99561	0.0636142	0.0686578	0.0699033	0.0175621	0.997399
3.4	0.172645	0.955664	-1.02606	0.0259951	0.99966	0.00196001	-0.997313	0.0257997	0.0685609	0.068487	-0.003737	0.997645
3.43333	0.173729	0.957249	-1.00451	-0.00967357	0.999401	0.0332191	-0.997577	-0.0119343	0.0685456	0.068901	-0.0324755	0.997095
3.46667	0.17764	0.957625	-0.980775	-0.0385162	0.99618	0.0783644	-0.996698	-0.043909	0.0682994	0.0714795	-0.075475	0.994582
3.5	0.18499	0.956105	-0.958326	-0.048459	0.99211	0.115625	-0.996169	-0.0564417	0.0667937	0.0727928	-0.111946	0.991045
3.53333	0.189829	0.952671	-0.940678	-0.0402589	0.992506	0.11537	-0.997209	-0.0471769	0.0578736	0.0628827	-0.112718	0.991635
3.56667	0.191275	0.948378	-0.922562	-0.0307219	0.994655	0.0985751	-0.998424	-0.035172	0.0437282	0.0469615	-0.0970763	0.994168
3.6	0.191337	0.943265	-0.900356	-0.0224966	0.995861	0.0880559	-0.99914	-0.0254636	0.032717	0.0348238	-0.0872442	0.995578
3.63333	0.19043	0.93768	-0.874193	-0.0219709	0.995896	0.0877977	-0.999238	-0.0247088	0.0302193	0.0322646	-0.0870668	0.99568
3.66667	0.187917	0.932376	-0.844882	-0.0350453	0.994843	0.0951756	-0.998598	-0.0386385	0.0361759	0.0396668	-0.0937744	0.994803
3.7	0.18435	0.927884	-0.812177	-0.0532194	0.992677	0.108444	-0.997094	-0.0587529	0.0484848	0.0545011	-0.105548	0.99292
3.73333	0.180982	0.926009	-0.778843	-0.0774923	0.988825	0.127359	-0.995276	-0.0842178	0.0482923	0.0584785	-0.123015	0.99068
3.76667	0.17673	0.928596	-0.745108	-0.117736	0.983412	0.137984	-0.991567	-0.123998	0.0376728	0.0541576	-0.132385	0.989718
3.8	0.171987	0.934308	-0.71256	-0.145123	0.979945	0.136556	-0.988213	-0.150358	0.0287786	0.0487338	-0.13077	0.990214
3.83333	0.166888	0.940165	-0.683155	-0.14787	0.980508	0.129381	-0.988064	-0.15217	0.0239546	0.0431756	-0.124295	0.991306
3.86667	0.161028	0.944272	-0.655213	-0.145114	0.981602	0.124097	-0.98852	-0.149172	0.0240099	0.04208	-0.119188	0.99198
3.9	0.154734	0.945505	-0.630524	-0.146547	0.982382	0.115972	-0.98828	-0.150465	0.0257308	0.0427271	-0.110842	0.992919
3.93333	0.151492	0.944265	-0.608102	-0.142632	0.982384	0.120738	-0.988936	-0.146471	0.0234996	0.0407702	-0.11605	0.992406
3.96667	0.151387	0.942051	-0.58549	-0.127393	0.981756	0.141162	-0.991141	-0.131395	0.0193576	0.0375523	-0.137445	0.989797
4	0.152227	0.940309	-0.563052	-0.106784	0.980412	0.165498	-0.993682	-0.111015	0.0165045	0.0345541	-0.16269	0.986072
4.03333	0.15233	0.940127	-0.541578	-0.0843438	0.981085	0.174237	-0.995817	-0.0891564	0.0199669	0.0351235	-0.171824	0.984501
4.06667	0.152116	0.941288	-0.520464	-0.0559802	0.98358	0.171574	-0.997724	-0.0615784	0.0274774	0.0375915	-0.169645	0.984788
4.1	0.151805	0.942882	-0.498778	-0.0218413	0.985639	0.16745	-0.998965	-0.0281999	0.0356895	0.0398991	-0.166497	0.985234
4.13333	0.151281	0.943852	-0.476168	0.0128214	0.986818	0.161323	-0.999061	0.00596701	0.0429017	0.0413736	-0.161721	0.985969
4.16667	0.151075	0.943554	-0.452226	0.0436844	0.987539	0.151191	-0.998196	0.0369051	0.04736	0.0411901	-0.152987	0.987369
4.2	0.151998	0.941723	-0.427157	0.0676611	0.988203	0.137391	-0.996902	0.0614274	0.0491212	0.0401022	-0.140289	0.989298
4.23333	0.154561	0.938524	-0.401823	0.08694	0.987872	0.128644	-0.995537	0.0813938	0.0477694	0.0367192	-0.132223	0.99054
4.26667	0.158097	0.934219	-0.377807	0.103694	0.986287	0.128396	-0.99421	0.0991272	0.0414782	0.0281819	-0.131954	0.990855
4.3	0.161044	0.929437	-0.353432	0.119653	0.984494	0.128273	-0.992585	0.115838	0.0368243	0.0213944	-0.131728	0.991055
4.33333	0.162732	0.924384	-0.326877	0.128804	0.984314	0.120565	-0.991461	0.125323	0.0360551	0.02038	-0.124179	0.99205
4.36667	0.163137	0.919896	-0.296369	0.13224	0.986571	0.0958609	-0.990903	0.129141	0.0378766	0.0249884	-0.0999977	0.994674
4.4	0.163749	0.917307	-0.262274	0.135799	0.988537	0.0659759	-0.990136	0.133098	0.0437621	0.0344792	-0.0712679	0.996861
4.43333	0.16532	0.918684	-0.227619	0.146931	0.987947	0.0487021	-0.988315	0.14461	0.0481735	0.04055	-0.0552112	0.997651
4.46667	0.166494	0.924526	-0.191968	0.166784	0.985384	0.0346618	-0.984714	0.164674	0.0567592	0.0502217	-0.0435985	0.997786
4.5	0.16729	0.932126	-0.156779	0.1753	0.984043	0.0304719	-0.982271	0.172728	0.0728678	0.0664417	-0.0427054	0.996876
4.53333	0.166244	0.937807	-0.123804	0.161764	0.986612	0.0207192	-0.982979	0.159244	0.0916177	0.0870917	-0.0351869	0.995579
4.56667	0.162789	0.939212	-0.0970643	0.138333	0.990254	-0.0161449	-0.984884	0.139262	0.103005	0.10425	0.00165182	0.99455
4.6	0.16307	0.936511	-0.0747634	0.143156	0.988186	-0.0547169	-0.984244	0.147946	0.0968234	0.103775	0.039994	0.993796
4.63333	0.164636	0.933813	-0.0510514	0.148891	0.98586	-0.0768835	-0.983862	0.155493	0.0885259	0.0992291	0.0624621	0.993102
4.66667	0.165272	0.933718	-0.0273216	0.134974	0.986491	-0.0928344	-0.986692	0.14239	0.0785139	0.0906719	0.0810016	0.992581
4.7	0.165589	0.936275	-0.00318271	0.106454	0.989481	-0.0979584	-0.990836	0.113803	0.0727587	0.0831412	0.0893152	0.992527
4.73333	0.165323	0.940036	0.0216655	0.0653928	0.993985	-0.0878525	-0.99471	0.0719228	0.0733423	0.0792198	0.0825917	0.99343
4.76667	0.164884	0.943122	0.0473827	0.0195919	0.99762	-0.0661162	-0.997051	0.0244027	0.0727575	0.0741977	0.0644958	0.995156
4.8	0.164346	0.944681	0.0751038	-0.0239261	0.999012	-0.0374559	-0.99728	-0.0212382	0.0705834	0.0697182	0.0390428	0.996802
4.83333	0.165617	0.944689	0.10567	-0.0627613	0.998022	0.00360535	-0.99551	-0.0628589	0.0707687	0.0708554	0.000852376	0.997486
4.86667	0.171322	0.942629	0.135572	-0.0860836	0.995225	0.0460095	-0.993418	-0.0892466	0.0717986	0.0755619	-0.039526	0.996357
4.9	0.175621	0.938199	0.159347	-0.0838219	0.995201	0.050494	-0.994032	-0.087059	0.0657418	0.0698222	-0.044682	0.996558
4.93333	0.17563	0.932716	0.181532	-0.0717428	0.996826	0.0345213	-0.995941	-0.0734795	0.0519872	0.0543588	-0.0306515	0.998051
4.96667	0.173845	0.926771	0.205734	-0.0569748	0.9981	0.0234435	-0.997589	-0.057846	0.0383327	0.039616	-0.021203	0.99899
5	0.170873	0.921041	0.234022	-0.0476159	0.998552	0.0250439	-0.99828	-0.0484318	0.0330508	0.0342159	-0.0234271	0.99914
5.03333	0.166376	0.916389	0.266925	-0.0540407	0.997599	0.0433198	-0.997822	-0.0555949	0.0355128	0.0378359	-0.0413063	0.99843
5.06667	0.160906	0.914591	0.302826	-0.0812149	0.994308	0.0689622	-0.995757	-0.0839475	0.0376932	0.0432679	-0.0656083	0.996907
5.1	0.155043	0.917079	0.338002	-0.118676	0.989746	0.0794968	-0.992148	-0.121384	0.0301398	0.0394804	-0.0752957	0.996379
5.13333	0.148161	0.923099	0.371091	-0.147331	0.985948	0.0787351	-0.988539	-0.149433	0.0214693	0.0329332	-0.0746696	0.996664
5.16667	0.140456	0.929512	0.40048	-0.151167	0.985521	0.0767876	-0.988031	-0.15305	0.0192272	0.0307012	-0.072962	0.996862
5.2	0.132665	0.933835	0.426402	-0.149618	0.985416	0.0810593	-0.988166	-0.151829	0.0218008	0.03379	-0.0768383	0.996471
5.23333	0.127262	0.934605	0.449612	-0.142894	0.985151	0.0951731	-0.989	-0.145838	0.024696	0.0382091	-0.0905973	0.995154
5.26667	0.124601	0.933003	0.472906	-0.132447	0.984516	0.114827	-0.990203	-0.136594	0.0289935	0.0442293	-0.109862	0.992962
5.3	0.122929	0.930901	0.495984	-0.116709	0.983878	0.135507	-0.992288	-0.121252	0.0257429	0.0417584	-0.131457	0.990442
5.33333	0.121079	0.930063	0.517853	-0.0963402	0.984124	0.149059	-0.994729	-0.100475	0.0204467	0.0350988	-0.146303	0.988617
5.36667	0.118704	0.931185	0.538888	-0.0715593	0.986218	0.149174	-0.99682	-0.0759662	0.0240497	0.0350504	-0.146978	0.988519
5.4	0.115985	0.933329	0.559861	-0.0404973	0.989577	0.138192	-0.998527	-0.0450801	0.0301935	0.0361085	-0.136766	0.989945
5.43333	0.112709	0.935293	0.581841	-0.00678663	0.992698	0.120432	-0.999324	-0.011085	0.0350577	0.0361367	-0.120113	0.992102
5.46667	0.109468	0.936025	0.605124	0.0224756	0.994807	0.0992701	-0.999068	0.0186902	0.0388993	0.0368419	-0.100052	0.9943
5.5	0.107367	0.935047	0.630119	0.0455266	0.99577	0.0798036	-0.998245	0.0423199	0.0414243	0.0378718	-0.0815494	0.99595
5.53333	0.10729	0.932493	0.655973	0.0630501	0.995662	0.0684243	-0.99734	0.0603473	0.040876	0.0365694	-0.0708196	0.996819
5.56667	0.108857	0.928776	0.681452	0.0755242	0.994654	0.0704291	-0.996619	0.0730034	0.0377076	0.0323645	-0.0730388	0.996804
5.6	0.110712	0.924539	0.707374	0.0891157	0.99298	0.0777764	-0.995624	0.0866018	0.0351245	0.0281423	-0.0805661	0.996352
5.63333	0.112018	0.919843	0.734909	0.102429	0.991274	0.0829703	-0.99436	0.0997267	0.0360999	0.0275105	-0.0862	0.995898
5.66667	0.112086	0.91503	0.765789	0.111094	0.990934	0.075547	-0.993342	0.108388	0.0390377	0.0304954	-0.0793809	0.996378
5.7	0.111208	0.911027	0.800819	0.116034	0.991888	0.0519062	-0.992564	0.11386	0.0430408	0.0367816	-0.0565144	0.997724
5.73333	0.111591	0.910585	0.837238	0.129995	0.990851	0.0362691	-0.990538	0.128157	0.0490998	0.0440025	-0.0423087	0.998135
5.76667	0.111865	0.915258	0.87421	0.154777	0.987646	0.0245009	-0.986561	0.153198	0.0568163	0.0523609	-0.0329655	0.998084
5.8	0.111687	0.923344	0.910847	0.170717	0.985117	0.0199871	-0.982908	0.168846	0.0733739	0.0689071	-0.0321716	0.997104
5.83333	0.109739	0.930515	0.945477	0.160629	0.986917	0.013896	-0.982605	0.158566	0.0966698	0.0932017	-0.0291822	0.995219
5.86667	0.104494	0.933305	0.974712	0.134572	0.990742	-0.0179097	-0.983587	0.135749	0.118862	0.120192	0.00162033	0.992749
5.9	0.102115	0.930947	0.996614	0.13461	0.989063	-0.0602814	-0.982714	0.141053	0.119904	0.127095	0.0430992	0.990954
5.93333	0.102445	0.928508	1.02063	0.139363	0.987245	-0.0769752	-0.982665	0.147476	0.112343	0.122262	0.0599844	0.990684
5.96667	0.102258	0.928419	1.04449	0.125028	0.988569	-0.0842541	-0.985868	0.133331	0.101423	0.111497	0.0703827	0.991269
6	0.102273	0.931018	1.06803	0.0995669	0.991854	-0.0794513	-0.989722	0.106956	0.0949194	0.102644	0.0691839	0.992309
6.03333	0.102199	0.934929	1.09174	0.0630418	0.996474	-0.0553662	-0.993086	0.0681385	0.0955878	0.0990233	0.0489574	0.99388
6.06667	0.102014	0.938181	1.11608	0.0228722	0.9995	-0.0218376	-0.995165	0.0248492	0.0950248	0.09552	0.0195586	0.995235
6.1	0.102286	0.939809	1.14165	-0.0143413	0.999769	0.0160383	-0.995625	-0.0157592	0.0920952	0.0923266	-0.0146474	0.995621
6.13333	0.103938	0.939808	1.16884	-0.045827	0.99736	0.056329	-0.994704	-0.0507528	0.0893756	0.0919985	-0.0519349	0.994404
6.16667	0.108643	0.938087	1.1956	-0.0689136	0.992824	0.0977276	-0.993397	-0.0772981	0.0847748	0.0917206	-0.0912402	0.991596
6.2	0.113998	0.934515	1.21941	-0.0728165	0.990775	0.114288	-0.993538	-0.0820637	0.0784046	0.0870603	-0.107841	0.990349
6.23333	0.116463	0.929502	1.24074	-0.0584637	0.992808	0.104468	-0.99553	-0.0657577	0.0677956	0.0741776	-0.100037	0.992215
6.26667	0.116662	0.923907	1.26335	-0.0397207	0.995157	0.0899138	-0.997468	-0.0448026	0.055225	0.0589859	-0.0874926	0.994417
6.3	0.115519	0.91835	1.28935	-0.028136	0.996047	0.0842568	-0.998433	-0.0320826	0.0458583	0.0483802	-0.0828345	0.995388
6.33333	0.113292	0.913246	1.31978	-0.0233898	0.995427	0.0926215	-0.998618	-0.0276257	0.0447181	0.0470723	-0.0914475	0.994697
6.36667	0.109877	0.909658	1.35359	-0.037409	0.992922	0.112721	-0.997878	-0.0431325	0.0487718	0.0532885	-0.110657	0.992429
6.4	0.106128	0.908979	1.38857	-0.0676624	0.989553	0.127309	-0.996292	-0.0738104	0.0442056	0.0531405	-0.123846	0.990878
6.43333	0.101905	0.911512	1.42341	-0.108894	0.985014	0.133752	-0.993024	-0.113913	0.0304462	0.045226	-0.129503	0.990547
6.46667	0.0972797	0.916053	1.45648	-0.135618	0.98151	0.13508	-0.99007	-0.139349	0.0185116	0.0369926	-0.131228	0.990662
6.5	0.0923136	0.920513	1.48671	-0.142755	0.980188	0.137301	-0.989215	-0.145892	0.0130065	0.0327799	-0.133963	0.990444
6.53333	0.0864968	0.923512	1.51451	-0.148334	0.978974	0.140022	-0.988376	-0.151528	0.0123685	0.0333256	-0.136559	0.990071
6.56667	0.0815583	0.923964	1.53889	-0.147427	0.9783	0.14558	-0.988541	-0.150571	0.0107565	0.0324431	-0.142326	0.989288
6.6	0.0799126	0.92288	1.56244	-0.134827	0.977101	0.164604	-0.990308	-0.13847	0.0108051	0.0333504	-0.161552	0.9863
6.63333	0.0796472	0.921521	1.5863	-0.116732	0.97484	0.189896	-0.992591	-0.121003	0.0110124	0.0337133	-0.187204	0.981742
6.66667	0.0786141	0.920994	1.60915	-0.0960182	0.975165	0.199582	-0.994824	-0.100717	0.0134991	0.0332651	-0.197253	0.979788
6.7	0.0766564	0.922078	1.63132	-0.0727516	0.978518	0.192898	-0.996677	-0.0784324	0.0219682	0.0366257	-0.190659	0.980973
6.73333	0.0743846	0.924075	1.65302	-0.0439972	0.982768	0.179531	-0.998185	-0.0506418	0.0325949	0.041125	-0.177771	0.983212
6.76667	0.0721171	0.925919	1.67456	-0.0108176	0.986382	0.164115	-0.998921	-0.0180725	0.0427778	0.0451612	-0.163476	0.985513
6.8	0.0697397	0.927149	1.69672	0.0202673	0.988607	0.149148	-0.998609	0.0127535	0.0511632	0.0486782	-0.149978	0.98749
6.83333	0.0676166	0.927295	1.719	0.0465033	0.990012	0.133094	-0.997641	0.0392941	0.0562903	0.0504982	-0.135398	0.989504
6.86667	0.0659947	0.926402	1.74121	0.0692573	0.990994	0.114608	-0.996255	0.0627448	0.0594916	0.0517648	-0.118299	0.991628
6.9	0.0654882	0.924783	1.76419	0.0863682	0.991249	0.099825	-0.99487	0.0805152	0.061251	0.0526776	-0.104603	0.993118
6.93333	0.0663562	0.922361	1.78704	0.0972958	0.991095	0.0909107	-0.994003	0.0921852	0.0588278	0.0499233	-0.0960892	0.99412
6.96667	0.0683168	0.919421	1.80984	0.103602	0.990401	0.0915012	-0.993682	0.0990738	0.052731	0.0431595	-0.0963861	0.994408
7	0.0704945	0.916165	1.83309	0.111505	0.989382	0.0932172	-0.99313	0.107592	0.0460176	0.0354995	-0.0977079	0.994582
7.03333	0.0720661	0.912538	1.8581	0.115585	0.988922	0.0931328	-0.992815	0.112098	0.0418534	0.0309498	-0.0973013	0.994774
7.06667	0.0722432	0.908704	1.88616	0.114717	0.99014	0.0803931	-0.99294	0.111829	0.0395626	0.0301823	-0.084364	0.995978
7.1	0.0713751	0.905558	1.9177	0.115788	0.991694	0.0559937	-0.992648	0.11353	0.0419647	0.0352592	-0.060441	0.997549
7.13333	0.0705206	0.905335	1.95046	0.130696	0.990729	0.0370878	-0.990654	0.12903	0.0442304	0.0390349	-0.0425219	0.998333
7.16667	0.0686734	0.909044	1.98355	0.154026	0.987915	0.0173358	-0.986869	0.152952	0.0519134	0.0486344	-0.0251042	0.998501
7.2	0.0665845	0.915437	2.01587	0.172766	0.98495	0.00507736	-0.982813	0.172047	0.0669213	0.0650406	-0.0165519	0.997745
7.23333	0.0636187	0.921023	2.04682	0.17195	0.985095	-0.00467712	-0.98121	0.17169	0.0880316	0.0875225	-0.0105478	0.996107
7.26667	0.0576829	0.923527	2.0752	0.156466	0.987197	-0.0309806	-0.980509	0.159027	0.115379	0.118829	0.0123238	0.992838
7.3	0.0511446	0.921708	2.09552	0.147191	0.986027	-0.0780078	-0.979279	0.156365	0.128694	0.139093	0.0574489	0.988611
7.33333	0.049191	0.918869	2.11525	0.150675	0.982758	-0.107158	-0.979697	0.162942	0.116805	0.132252	0.0873833	0.987357
7.36667	0.0472974	0.918513	2.13554	0.134481	0.982728	-0.127126	-0.983535	0.148006	0.103696	0.120721	0.111088	0.986451
7.4	0.0455149	0.920957	2.15536	0.107323	0.985161	-0.133936	-0.987835	0.120909	0.0977894	0.112532	0.121811	0.986153
7.43333	0.0439564	0.925171	2.175	0.0675253	0.990148	-0.122665	-0.992089	0.0796761	0.0970124	0.10583	0.115144	0.987695
7.46667	0.0425862	0.929199	2.19546	0.0234159	0.995052	-0.096554	-0.994663	0.0328959	0.0977924	0.100485	0.0937488	0.990512
7.5	0.041447	0.931917	2.2171	-0.0173098	0.997856	-0.0631216	-0.99501	-0.0109874	0.0991666	0.0982604	0.0645232	0.993067
7.53333	0.0414932	0.932936	2.24042	-0.0451021	0.998526	-0.0301888	-0.993934	-0.0418195	0.101715	0.100302	0.0345932	0.994355
7.56667	0.0428755	0.932091	2.26338	-0.0708416	0.997416	0.0119291	-0.992245	-0.0716887	0.101541	0.102133	-0.0046433	0.99476
7.6	0.0468984	0.929705	2.28551	-0.0814827	0.995787	0.0420643	-0.991333	-0.0853376	0.0998849	0.103054	-0.0335608	0.994109
7.63333	0.0494747	0.925804	2.30393	-0.0733717	0.996273	0.0453424	-0.992768	-0.0772941	0.0918554	0.0950178	-0.0382749	0.994739
7.66667	0.0496542	0.921295	2.32128	-0.0585236	0.997683	0.0347045	-0.995111	-0.0610727	0.0776196	0.0795592	-0.0299922	0.996379
7.7	0.0481086	0.91658	2.3402	-0.0444053	0.998678	0.0259039	-0.996944	-0.0459665	0.0631613	0.0642685	-0.02302	0.997667
7.73333	0.0455932	0.911783	2.36221	-0.0353371	0.99894	0.029513	-0.997773	-0.0369365	0.055533	0.0565642	-0.0274849	0.998021
7.76667	0.0417815	0.90711	2.38735	-0.0331355	0.99848	0.044041	-0.997685	-0.0356631	0.0579049	0.0593875	-0.0420203	0.99735
7.8	0.0368324	0.903424	2.41534	-0.0430882	0.996988	0.0644865	-0.996661	-0.0473751	0.0664945	0.0693493	-0.0614061	0.995701
7.83333	0.0317603	0.902456	2.4439	-0.0647335	0.994422	0.0832737	-0.995234	-0.0704339	0.0674404	0.0729295	-0.0785111	0.994242
7.86667	0.0263396	0.90512	2.47153	-0.0972575	0.990738	0.0947587	-0.992982	-0.103031	0.0580623	0.0672876	-0.0884467	0.993806
7.9	0.0215521	0.909797	2.49711	-0.113038	0.988248	0.102895	-0.991881	-0.118309	0.0466302	0.0582556	-0.0967887	0.993599
7.93333	0.0165546	0.91405	2.52002	-0.110988	0.98754	0.111559	-0.992487	-0.115954	0.0390306	0.05148	-0.106389	0.992991
7.96667	0.0105241	0.917072	2.54226	-0.113623	0.986734	0.11596	-0.992224	-0.118669	0.0375507	0.0508133	-0.110791	0.992544
8	0.00280213	0.918323	2.56258	-0.120013	0.987135	0.105647	-0.991394	-0.124771	0.0396234	0.0522953	-0.0999825	0.993614
8.03333	-0.00447099	0.918343	2.58011	-0.124745	0.986547	0.105657	-0.991	-0.129099	0.0353996	0.0485637	-0.100291	0.993772
8.06667	-0.0083235	0.917354	2.59467	-0.122267	0.983524	0.133158	-0.99173	-0.126341	0.0225566	0.0390083	-0.129299	0.990838
8.1	-0.0086471	0.916218	2.60864	-0.107936	0.978418	0.176207	-0.993474	-0.112729	0.0173906	0.0368788	-0.17318	0.984199
8.13333	-0.00837138	0.915358	2.6223	-0.0885187	0.973719	0.209848	-0.995325	-0.0946397	0.019288	0.038641	-0.207159	0.977544
8.16667	-0.0087745	0.915818	2.63496	-0.0647452	0.971461	0.22819	-0.997239	-0.0713221	0.0206857	0.0363703	-0.226221	0.973397
8.2	-0.00953217	0.917358	2.6468	-0.0374881	0.970855	0.236717	-0.998739	-0.0443136	0.0235778	0.0333804	-0.235535	0.971293
8.23333	-0.0110255	0.919404	2.6583	-0.012047	0.971232	0.23783	-0.999422	-0.0192533	0.0280004	0.0317739	-0.237355	0.970903
8.26667	-0.0121354	0.921248	2.67048	0.0151889	0.972619	0.231909	-0.999511	0.00843287	0.0300958	0.0273161	-0.232253	0.972272
8.3	-0.0123289	0.922272	2.68316	0.0370697	0.973631	0.225097	-0.999099	0.0314542	0.0284833	0.020652	-0.22595	0.97392
8.33333	-0.0115068	0.922621	2.69588	0.0567681	0.974921	0.215191	-0.998285	0.052341	0.0262205	0.0142996	-0.21631	0.97622
8.36667	-0.00919096	0.922424	2.70898	0.0732024	0.975989	0.205151	-0.997284	0.0699568	0.0230394	0.00813449	-0.20628	0.978459
8.4	-0.00600458	0.921705	2.721	0.086728	0.975057	0.204308	-0.996232	0.0850389	0.0170495	-0.000749916	-0.205017	0.978758
8.43333	-0.0026612	0.920939	2.73375	0.101612	0.974354	0.200772	-0.994794	0.1011	0.0128288	-0.00779828	-0.201031	0.979554
8.46667	0.000344068	0.919615	2.7462	0.108623	0.972676	0.205188	-0.993978	0.109266	0.00823058	-0.0144143	-0.204846	0.978688
8.5	0.00273872	0.917913	2.7608	0.113624	0.973506	0.198432	-0.993384	0.114667	0.0062662	-0.0166534	-0.197831	0.980095
8.53333	0.00452617	0.915775	2.77789	0.113332	0.97739	0.178508	-0.993462	0.113969	0.00671723	-0.013779	-0.178102	0.983916
8.56667	0.00619344	0.913368	2.79713	0.104784	0.983098	0.150131	-0.994472	0.104615	0.00904275	-0.00681606	-0.150248	0.988625
8.6	0.00911171	0.91187	2.81645	0.105135	0.986366	0.126605	-0.99445	0.103779	0.0172808	0.00390627	-0.12772	0.991803
8.63333	0.0119572	0.9123	2.83527	0.10992	0.988182	0.106837	-0.993869	0.107987	0.023729	0.0119116	-0.10879	0.993993
8.66667	0.0147166	0.915092	2.85361	0.117851	0.989018	0.0891855	-0.992817	0.115483	0.0312765	0.0206336	-0.0922308	0.995524
8.7	0.0177832	0.918668	2.8707	0.119152	0.990072	0.0745621	-0.992446	0.116553	0.0383045	0.0292338	-0.0785628	0.99648
8.73333	0.0212762	0.921546	2.88743	0.112215	0.991695	0.0628404	-0.992944	0.109467	0.0455976	0.03834	-0.0675138	0.996981
8.76667	0.0251677	0.923221	2.90359	0.107436	0.992871	0.0516267	-0.993058	0.104665	0.0536743	0.0478881	-0.0570348	0.997223
8.8	0.0288962	0.924075	2.91861	0.105509	0.993201	0.0491838	-0.992712	0.102304	0.0636864	0.0582217	-0.0555449	0.996757
8.83333	0.0315633	0.924704	2.93276	0.104277	0.99344	0.0469374	-0.992075	0.100576	0.0753108	0.070096	-0.0544186	0.996055
