0	0.965573	-0.260132	0	0.260132	0.965573	0	0	0	1
0.0333333	0.896925	-0.43333	-0.088035	0.43143	0.901234	-0.0405643	0.0969178	-0.00159776	0.995291
0.0666667	0.852298	-0.487821	-0.188729	0.478954	0.872875	-0.0932277	0.210215	-0.0109346	0.977594
0.1	0.814125	-0.517507	-0.263413	0.499401	0.855447	-0.137145	0.296309	-0.0198955	0.954885
0.133333	0.782577	-0.535559	-0.317412	0.508177	0.844057	-0.171244	0.359625	-0.02729	0.932698
0.166667	0.758154	-0.546429	-0.355834	0.510858	0.836867	-0.196665	0.40525	-0.0326786	0.913622
0.2	0.73968	-0.552874	-0.383673	0.510375	0.832474	-0.215649	0.438624	-0.0363056	0.897937
0.233333	0.725743	-0.556822	-0.404038	0.508661	0.829728	-0.229814	0.463208	-0.0387325	0.885403
0.266667	0.715868	-0.558706	-0.418785	0.506019	0.828403	-0.240195	0.481121	-0.0399649	0.875743
0.3	0.707819	-0.561155	-0.429066	0.505344	0.826663	-0.247499	0.493579	-0.0416413	0.868704
0.333333	0.702608	-0.561995	-0.436467	0.503704	0.826062	-0.252794	0.502618	-0.0422347	0.863476
0.366667	0.69903	-0.562474	-0.441564	0.502416	0.825718	-0.256454	0.508856	-0.0425803	0.859798
0.4	0.696553	-0.562483	-0.445451	0.500991	0.825711	-0.259248	0.513636	-0.0425867	0.856951
0.433333	0.695311	-0.561901	-0.448118	0.499302	0.82613	-0.261165	0.516952	-0.0421554	0.854976
0.466667	0.69473	-0.561183	-0.449916	0.49777	0.826645	-0.262455	0.519206	-0.0416197	0.853635
0.5	0.694314	-0.560544	-0.451351	0.496467	0.827102	-0.263482	0.521007	-0.0411416	0.85256
0.533333	0.694419	-0.559656	-0.452291	0.495051	0.827736	-0.264153	0.522213	-0.0404742	0.851854
0.566667	0.694624	-0.558824	-0.453004	0.493788	0.828328	-0.264661	0.523135	-0.0398482	0.851318
0.6	0.69491	-0.557837	-0.453781	0.492315	0.829028	-0.265212	0.524143	-0.0391046	0.850732
0.633333	0.6954	-0.556988	-0.454074	0.49119	0.829629	-0.26542	0.524549	-0.038464	0.850511
0.666667	0.696404	-0.555846	-0.453935	0.489881	0.830434	-0.265321	0.524441	-0.0376034	0.850616
0.7	0.69733	-0.554623	-0.454009	0.488394	0.831293	-0.265373	0.524596	-0.0366826	0.850561
0.733333	0.698689	-0.553659	-0.453096	0.487592	0.831967	-0.264735	0.523533	-0.0359587	0.851246
0.766667	0.699984	-0.552592	-0.452398	0.486587	0.83271	-0.264249	0.522738	-0.0351611	0.851768
0.8	0.70113	-0.551989	-0.451358	0.486262	0.833129	-0.263527	0.521504	-0.0347117	0.852543
0.833333	0.702329	-0.551443	-0.45016	0.486063	0.833507	-0.262697	0.520074	-0.0343067	0.853432
0.866667	0.703091	-0.551659	-0.448704	0.486862	0.833357	-0.261689	0.518294	-0.0344661	0.854508
0.9	0.703712	-0.551346	-0.448114	0.486711	0.833574	-0.26128	0.517592	-0.0342358	0.854942
0.933333	0.703842	-0.551745	-0.447419	0.487441	0.833298	-0.260799	0.516727	-0.0345287	0.855453
0.966667	0.70383	-0.552249	-0.446815	0.488261	0.832948	-0.260381	0.515969	-0.0348986	0.855896
1	0.703771	-0.552401	-0.446721	0.488476	0.832843	-0.260315	0.515847	-0.0350101	0.855965
1.03333	0.703874	-0.552436	-0.446515	0.488594	0.832818	-0.260172	0.515595	-0.0350359	0.856116
1.06667	0.703813	-0.55232	-0.446755	0.488367	0.832899	-0.260339	0.515893	-0.0349505	0.85594
1.1	0.703295	-0.552321	-0.447568	0.488067	0.832899	-0.260903	0.516881	-0.0349511	0.855343
1.13333	0.702847	-0.552456	-0.448106	0.488027	0.832805	-0.261277	0.517529	-0.0350503	0.854947
1.16667	0.701968	-0.553182	-0.448588	0.488708	0.8323	-0.261612	0.518079	-0.0355856	0.854592
1.2	0.700981	-0.554056	-0.449052	0.489572	0.831691	-0.261935	0.518599	-0.0362316	0.854249
1.23333	0.700226	-0.554543	-0.449629	0.489934	0.83135	-0.262339	0.519277	-0.0365921	0.853822
1.26667	0.699364	-0.555041	-0.450355	0.490253	0.831002	-0.262847	0.520137	-0.0369619	0.853283
1.3	0.698978	-0.555347	-0.450577	0.490534	0.830787	-0.263003	0.520391	-0.03719	0.853118
1.33333	0.6984	-0.555418	-0.451386	0.490312	0.830737	-0.263571	0.521375	-0.0372426	0.852515
1.36667	0.698227	-0.555762	-0.45123	0.49078	0.830496	-0.263461	0.521166	-0.0374994	0.852631
1.4	0.697924	-0.556222	-0.451131	0.491365	0.830172	-0.263392	0.521021	-0.0378431	0.852705
1.43333	0.697978	-0.556586	-0.450598	0.492	0.829915	-0.263016	0.520349	-0.0381149	0.853103
1.46667	0.698243	-0.556678	-0.450074	0.492306	0.82985	-0.262646	0.519703	-0.0381832	0.853493
1.5	0.697066	-0.557653	-0.45069	0.493233	0.829162	-0.263082	0.520403	-0.0389101	0.853034
1.53333	0.693908	-0.559439	-0.453343	0.494353	0.827894	-0.264965	0.523552	-0.0402497	0.851043
1.56667	0.689367	-0.560386	-0.459065	0.493277	0.827218	-0.269051	0.530519	-0.0409715	0.846683
1.6	0.685534	-0.560355	-0.464806	0.490976	0.82724	-0.27316	0.537573	-0.0409483	0.842222
1.63333	0.683144	-0.559855	-0.468911	0.488726	0.827598	-0.276097	0.542643	-0.0405549	0.838984
1.66667	0.681983	-0.559513	-0.471004	0.487462	0.827842	-0.277592	0.545234	-0.0402837	0.837316
1.7	0.681364	-0.559843	-0.471507	0.487659	0.827606	-0.277951	0.545831	-0.0405482	0.836914
1.73333	0.68248	-0.559866	-0.469863	0.488356	0.827589	-0.276775	0.54381	-0.0405665	0.838227
1.76667	0.68708	-0.557888	-0.465491	0.48772	0.828999	-0.27366	0.538564	-0.039003	0.841682
1.8	0.691656	-0.556919	-0.45984	0.488782	0.829685	-0.269657	0.5317	-0.0382517	0.846069
1.83333	0.695791	-0.555662	-0.455099	0.48911	0.830571	-0.266312	0.525972	-0.0372959	0.849684
1.86667	0.700237	-0.553886	-0.450421	0.488772	0.831815	-0.263031	0.520357	-0.0359691	0.853191
1.9	0.705643	-0.549594	-0.447231	0.484874	0.834788	-0.260819	0.516687	-0.0328052	0.855545
1.93333	0.712015	-0.5433	-0.444814	0.47833	0.839064	-0.259176	0.514038	-0.0282306	0.857303
1.96667	0.718574	-0.536686	-0.442289	0.471464	0.843455	-0.257498	0.511246	-0.023492	0.859113
2	0.725423	-0.530279	-0.438823	0.465193	0.847611	-0.255249	0.507304	-0.018974	0.861558
2.03333	0.732207	-0.524485	-0.434499	0.459946	0.851289	-0.252503	0.502318	-0.0149615	0.864553
2.06667	0.738339	-0.519475	-0.430117	0.455633	0.854407	-0.249774	0.497247	-0.0115576	0.867532
2.1	0.743624	-0.516047	-0.425111	0.453353	0.85651	-0.246702	0.491421	-0.00927175	0.870873
2.13333	0.746442	-0.514449	-0.422098	0.452508	0.857482	-0.24487	0.487914	-0.00822143	0.872853
2.16667	0.747064	-0.513835	-0.421744	0.45192	0.857853	-0.244656	0.487508	-0.00782093	0.873084
2.2	0.745857	-0.515225	-0.422186	0.453371	0.857011	-0.244924	0.488009	-0.00872874	0.872795
2.23333	0.741058	-0.520946	-0.423614	0.45948	0.853498	-0.245801	0.489603	-0.0124897	0.871856
2.26667	0.730052	-0.53274	-0.428032	0.47162	0.846034	-0.248599	0.494568	-0.0203783	0.8689
2.3	0.716178	-0.546055	-0.434641	0.484825	0.837228	-0.25297	0.502029	-0.0295531	0.864346
2.33333	0.704078	-0.556068	-0.441659	0.49406	0.830326	-0.257803	0.510077	-0.0366927	0.859346
2.36667	0.694324	-0.562186	-0.449289	0.498468	0.825984	-0.263212	0.51908	-0.0412016	0.853732
2.4	0.684338	-0.567976	-0.457258	0.502316	0.82178	-0.26899	0.528546	-0.0456081	0.847679
2.43333	0.672844	-0.575427	-0.464934	0.508238	0.816232	-0.2747	0.537564	-0.0514671	0.841651
2.46667	0.662149	-0.581047	-0.473227	0.511641	0.811938	-0.281033	0.547524	-0.0560361	0.834911
2.5	0.654896	-0.579908	-0.48458	0.505304	0.812819	-0.289816	0.561943	-0.0550606	0.825342
2.53333	0.650596	-0.573245	-0.498111	0.490848	0.817905	-0.300166	0.579477	-0.0492096	0.813502
2.56667	0.642626	-0.567138	-0.515157	0.475004	0.822467	-0.31292	0.601169	-0.0436107	0.797931
2.6	0.629288	-0.563325	-0.535408	0.459847	0.825271	-0.327824	0.626528	-0.0399103	0.778376
2.63333	0.613152	-0.561022	-0.556147	0.445573	0.82695	-0.342955	0.652311	-0.03752	0.757022
2.66667	0.598207	-0.560836	-0.572374	0.435956	0.827087	-0.354782	0.672377	-0.0372968	0.739269
2.7	0.588433	-0.561365	-0.581908	0.430926	0.826701	-0.361758	0.684141	-0.037889	0.728365
2.73333	0.586577	-0.561592	-0.58356	0.430225	0.826534	-0.36297	0.686174	-0.038152	0.726437
2.76667	0.596255	-0.55933	-0.575873	0.43175	0.828182	-0.35736	0.67681	-0.0355554	0.735299
2.8	0.614402	-0.553679	-0.562094	0.432037	0.832213	-0.347512	0.660193	-0.0293336	0.750523
2.83333	0.649602	-0.541239	-0.533926	0.430666	0.840702	-0.328248	0.626534	-0.0167132	0.779215
2.86667	0.69364	-0.522568	-0.495769	0.425115	0.852598	-0.303899	0.581499	3.75571e-05	0.813547
2.9	0.7365	-0.50162	-0.453812	0.417075	0.864934	-0.279173	0.532556	0.016337	0.846237
2.93333	0.769505	-0.485852	-0.414501	0.412884	0.873624	-0.257504	0.487227	0.0270103	0.872858
2.96667	0.787887	-0.479986	-0.385808	0.415497	0.876744	-0.242244	0.454528	0.0305586	0.890208
3	0.794769	-0.482323	-0.368384	0.423315	0.875505	-0.233012	0.434909	0.0292482	0.899999
3.03333	0.792338	-0.492421	-0.36017	0.436808	0.870032	-0.228565	0.42591	0.023776	0.904453
3.06667	0.785224	-0.506103	-0.356767	0.452812	0.862317	-0.226652	0.422355	0.016424	0.906282
3.1	0.776278	-0.520054	-0.356283	0.468286	0.854087	-0.226369	0.42202	0.00888262	0.906543
3.13333	0.766052	-0.533641	-0.358318	0.482661	0.84571	-0.227623	0.424502	0.00142524	0.905426
3.16667	0.753556	-0.547384	-0.364038	0.496154	0.836857	-0.231303	0.43126	-0.00631931	0.902206
3.2	0.742134	-0.556153	-0.374072	0.50279	0.831001	-0.237993	0.443215	-0.0114573	0.896342
3.23333	0.733384	-0.555022	-0.392555	0.495406	0.831766	-0.250475	0.465533	-0.0107796	0.884965
3.26667	0.736182	-0.548062	-0.397069	0.485955	0.836414	-0.253496	0.471046	-0.006339	0.882086
3.3	0.7424	-0.54213	-0.393621	0.480403	0.840291	-0.251246	0.466964	-0.00257173	0.884273
3.33333	0.745592	-0.538053	-0.39318	0.47594	0.842911	-0.250964	0.466448	-1.28221e-05	0.884549
3.36667	0.74176	-0.538692	-0.399504	0.474511	0.842503	-0.255007	0.473953	-0.000415373	0.88055
3.4	0.731064	-0.543522	-0.412467	0.475463	0.839387	-0.263371	0.489368	-0.00357228	0.87207
3.43333	0.716031	-0.549163	-0.430952	0.475105	0.835682	-0.275519	0.511443	-0.00746697	0.859284
3.46667	0.698121	-0.55401	-0.453541	0.471767	0.832436	-0.290663	0.538574	-0.0110475	0.842506
3.5	0.678518	-0.55732	-0.478547	0.464869	0.830185	-0.307716	0.568779	-0.0136708	0.822377
3.53333	0.657314	-0.559682	-0.504673	0.455385	0.828559	-0.325753	0.600469	-0.0156985	0.799494
3.56667	0.633292	-0.563568	-0.530408	0.446995	0.825842	-0.343773	0.631773	-0.0193809	0.774911
3.6	0.607687	-0.56883	-0.554211	0.440452	0.82208	-0.360814	0.660847	-0.0248415	0.750109
3.63333	0.584989	-0.573741	-0.573244	0.435458	0.818474	-0.374803	0.684225	-0.0303677	0.728638
3.66667	0.569569	-0.576951	-0.585421	0.431996	0.816062	-0.383956	0.699264	-0.0342098	0.714045
3.7	0.564209	-0.578392	-0.589178	0.431514	0.814964	-0.386819	0.703892	-0.0359919	0.709395
3.73333	0.577233	-0.574885	-0.579922	0.43272	0.817619	-0.379806	0.6925	-0.0317073	0.720721
3.76667	0.606796	-0.567939	-0.556096	0.438034	0.822727	-0.362278	0.663268	-0.0237602	0.748005
3.8	0.64055	-0.563285	-0.521925	0.451065	0.826045	-0.337921	0.621479	-0.0189671	0.783201
3.83333	0.670576	-0.562366	-0.48381	0.468776	0.826689	-0.311181	0.574958	-0.0181283	0.817982
3.86667	0.694814	-0.56512	-0.444828	0.489086	0.824758	-0.283847	0.527283	-0.0203388	0.849446
3.9	0.717581	-0.561119	-0.412581	0.496843	0.827551	-0.261355	0.488083	-0.0174445	0.872623
3.93333	0.735623	-0.554033	-0.389752	0.49671	0.832396	-0.245755	0.460584	-0.012811	0.887524
3.96667	0.744566	-0.550993	-0.376867	0.497492	0.834438	-0.237097	0.445111	-0.010954	0.895409
4	0.745279	-0.554215	-0.370681	0.50305	0.832274	-0.232938	0.437606	-0.0128669	0.899075
4.03333	0.741168	-0.561474	-0.36799	0.511996	0.827317	-0.231098	0.4342	-0.0171265	0.900654
4.06667	0.736565	-0.568154	-0.366978	0.519771	0.822653	-0.230391	0.432793	-0.0210467	0.901248
4.1	0.734211	-0.570357	-0.368275	0.521827	0.821093	-0.231309	0.434316	-0.022346	0.900483
4.13333	0.732613	-0.568803	-0.373821	0.518322	0.822195	-0.23524	0.441159	-0.0214194	0.897173
4.16667	0.726905	-0.568326	-0.385506	0.513954	0.822532	-0.2435	0.455479	-0.0211309	0.889996
4.2	0.724364	-0.568535	-0.389955	0.512688	0.822384	-0.246647	0.46092	-0.0212628	0.887187
4.23333	0.718125	-0.570758	-0.39816	0.51238	0.820804	-0.252482	0.470918	-0.0226958	0.881885
4.26667	0.714505	-0.57003	-0.405646	0.508875	0.821324	-0.257824	0.480134	-0.0222059	0.876914
4.3	0.719053	-0.562112	-0.408647	0.498686	0.826889	-0.259936	0.484019	-0.0168788	0.874895
4.33333	0.726473	-0.550749	-0.41099	0.484779	0.83462	-0.261532	0.487059	-0.00924377	0.87332
4.36667	0.735426	-0.540463	-0.408716	0.473798	0.841365	-0.260041	0.484422	-0.00240847	0.874831
4.4	0.741317	-0.534386	-0.406056	0.467792	0.845239	-0.258344	0.48127	0.0015654	0.876571
4.43333	0.747997	-0.529778	-0.399795	0.464707	0.848125	-0.254425	0.473864	0.00452129	0.880586
4.46667	0.754195	-0.526646	-0.392216	0.463709	0.85006	-0.249742	0.464933	0.00648028	0.885322
4.5	0.756709	-0.52653	-0.387501	0.465129	0.850131	-0.246845	0.459398	0.0065521	0.888207
4.53333	0.752369	-0.530592	-0.390402	0.468747	0.847618	-0.248638	0.462837	0.00406748	0.886434
4.56667	0.741535	-0.538283	-0.400471	0.47406	0.842764	-0.254985	0.474757	-0.00076746	0.880117
4.6	0.727971	-0.545974	-0.414693	0.477831	0.837782	-0.264196	0.491666	-0.00582598	0.870764
4.63333	0.717671	-0.551306	-0.425452	0.48001	0.834249	-0.271329	0.504518	-0.00949677	0.863349
4.66667	0.710388	-0.555447	-0.432236	0.482238	0.831459	-0.275902	0.512635	-0.0124431	0.858516
4.7	0.705034	-0.557489	-0.43833	0.48224	0.830068	-0.280057	0.519972	-0.0139309	0.85407
4.73333	0.703253	-0.55788	-0.440688	0.481761	0.8298	-0.281671	0.522821	-0.0142204	0.852324
4.76667	0.701434	-0.557582	-0.44395	0.480095	0.830004	-0.283905	0.526781	-0.0139976	0.849886
4.8	0.696067	-0.55946	-0.449994	0.479852	0.828714	-0.288056	0.534072	-0.0154242	0.845298
4.83333	0.685445	-0.563473	-0.461155	0.47994	0.825926	-0.29581	0.547561	-0.0185656	0.83656
4.86667	0.671724	-0.566626	-0.477202	0.476633	0.823704	-0.307137	0.567105	-0.0211394	0.823374
4.9	0.656075	-0.56823	-0.496669	0.469394	0.822562	-0.321032	0.590961	-0.0225124	0.806386
4.93333	0.637346	-0.570621	-0.517863	0.461647	0.820841	-0.336306	0.616987	-0.0247261	0.786585
4.96667	0.61813	-0.573743	-0.537341	0.455057	0.818562	-0.350541	0.640967	-0.0278412	0.767063
5	0.60375	-0.575882	-0.551223	0.449832	0.816978	-0.360828	0.658131	-0.030108	0.752301
5.03333	0.598573	-0.575648	-0.557081	0.445976	0.817153	-0.365194	0.665444	-0.0298496	0.745851
5.06667	0.604604	-0.57305	-0.553234	0.444771	0.819076	-0.362345	0.660782	-0.0269874	0.750092
5.1	0.617798	-0.570888	-0.540751	0.449179	0.820657	-0.353215	0.645417	-0.024679	0.763431
5.13333	0.6289	-0.574664	-0.523685	0.463637	0.817892	-0.340724	0.62412	-0.0285182	0.780808
5.16667	0.631799	-0.586003	-0.507376	0.486922	0.809343	-0.328436	0.603106	-0.0395468	0.79668
5.2	0.634804	-0.596129	-0.491584	0.507833	0.801391	-0.316036	0.582349	-0.0490217	0.81146
5.23333	0.647607	-0.595865	-0.474921	0.515543	0.801601	-0.302739	0.561089	-0.0487864	0.826317
5.26667	0.671688	-0.583453	-0.456528	0.508607	0.811237	-0.288468	0.53866	-0.038433	0.841646
5.3	0.694566	-0.568335	-0.441105	0.496915	0.822364	-0.277117	0.520244	-0.0267155	0.853599
5.33333	0.709383	-0.559462	-0.428694	0.491306	0.828609	-0.268376	0.505366	-0.0202382	0.862668
5.36667	0.715966	-0.557793	-0.419833	0.492665	0.829761	-0.262255	0.494645	-0.0190712	0.868886
5.4	0.71985	-0.55729	-0.413817	0.494264	0.830107	-0.258119	0.48736	-0.0187278	0.873001
5.43333	0.723343	-0.55475	-0.411128	0.492298	0.831843	-0.256281	0.484166	-0.0170182	0.874811
5.46667	0.723931	-0.553707	-0.411501	0.490966	0.832552	-0.256534	0.48464	-0.01632	0.874561
5.5	0.720031	-0.556521	-0.414535	0.493125	0.830634	-0.258602	0.488244	-0.0182162	0.872517
5.53333	0.713697	-0.562252	-0.417743	0.498586	0.82667	-0.260823	0.491984	-0.0221324	0.870323
5.56667	0.711768	-0.565794	-0.416249	0.503234	0.824181	-0.259773	0.490043	-0.0245724	0.871352
5.6	0.71675	-0.563494	-0.410784	0.502553	0.8258	-0.25592	0.483435	-0.0230105	0.875078
5.63333	0.726455	-0.557009	-0.402497	0.498022	0.830296	-0.250166	0.473537	-0.0187184	0.880575
5.66667	0.736398	-0.550265	-0.393606	0.493355	0.834866	-0.244132	0.462946	-0.014409	0.88627
5.7	0.74249	-0.547402	-0.386083	0.492579	0.836775	-0.239111	0.453954	-0.0126386	0.890935
5.73333	0.747872	-0.545851	-0.377802	0.493466	0.8378	-0.233628	0.444048	-0.0117081	0.895926
5.76667	0.749899	-0.546809	-0.372358	0.496222	0.837167	-0.230031	0.437509	-0.0122725	0.89913
5.8	0.750695	-0.548687	-0.367967	0.499654	0.835921	-0.227116	0.432207	-0.0133609	0.901675
5.83333	0.745652	-0.553474	-0.371037	0.504057	0.83271	-0.229174	0.435808	-0.0161396	0.899895
5.86667	0.730931	-0.564488	-0.383527	0.512475	0.825128	-0.237767	0.450676	-0.0227567	0.892398
5.9	0.712644	-0.57533	-0.401414	0.518761	0.817382	-0.250546	0.472255	-0.0296876	0.880962
5.93333	0.698501	-0.58083	-0.41801	0.51908	0.813338	-0.26275	0.492597	-0.0334493	0.869615
5.96667	0.689003	-0.583112	-0.430413	0.516975	0.811633	-0.272008	0.507948	-0.0350978	0.860672
6	0.685656	-0.581263	-0.438189	0.51168	0.813017	-0.277827	0.517745	-0.0337189	0.85487
6.03333	0.688401	-0.574876	-0.442291	0.502429	0.817731	-0.280858	0.523133	-0.0288764	0.851761
6.06667	0.692681	-0.566928	-0.445854	0.491525	0.823451	-0.283428	0.527822	-0.0228229	0.849048
6.1	0.692123	-0.561499	-0.453525	0.481882	0.827267	-0.288822	0.53736	-0.018645	0.843147
6.13333	0.682476	-0.561116	-0.468376	0.475068	0.827534	-0.299161	0.555461	-0.0183398	0.83134
6.16667	0.666549	-0.562995	-0.488619	0.46817	0.826221	-0.31333	0.580111	-0.0199072	0.814294
6.2	0.646321	-0.565601	-0.512215	0.459864	0.824379	-0.330036	0.608929	-0.02224	0.792913
6.23333	0.622363	-0.569199	-0.537286	0.451116	0.821796	-0.34806	0.639655	-0.0257593	0.76823
6.26667	0.597137	-0.573046	-0.56129	0.442232	0.818979	-0.365657	0.669222	-0.0298733	0.742461
6.3	0.57392	-0.576603	-0.581503	0.434309	0.816316	-0.380793	0.694257	-0.0340072	0.718924
6.33333	0.560726	-0.57886	-0.592036	0.430408	0.814596	-0.388821	0.707344	-0.0367945	0.705911
6.36667	0.558675	-0.578922	-0.593913	0.429192	0.814549	-0.390262	0.709702	-0.036873	0.703536
6.4	0.572016	-0.576182	-0.583791	0.432158	0.816636	-0.38255	0.697163	-0.0334657	0.716131
6.43333	0.596281	-0.572649	-0.562603	0.440804	0.819276	-0.366714	0.670925	-0.0293326	0.740944
6.46667	0.621826	-0.572337	-0.534568	0.456787	0.819506	-0.346058	0.636143	-0.0289957	0.771026
6.5	0.645437	-0.57501	-0.502767	0.477015	0.817536	-0.322631	0.596547	-0.0315899	0.801956
6.53333	0.672238	-0.574222	-0.467295	0.492697	0.818116	-0.296539	0.552581	-0.03089	0.832887
6.56667	0.702227	-0.566317	-0.431466	0.498033	0.823815	-0.270725	0.508764	-0.0247737	0.860549
6.6	0.730861	-0.553023	-0.400009	0.494065	0.833018	-0.248959	0.470895	-0.0156761	0.88205
6.63333	0.749779	-0.543242	-0.377784	0.490268	0.839521	-0.234182	0.444375	-0.00963074	0.895789
6.66667	0.754841	-0.54414	-0.366233	0.49481	0.838933	-0.226615	0.430555	-0.0101575	0.902507
6.7	0.748579	-0.554393	-0.363699	0.506968	0.832101	-0.224927	0.427332	-0.0160079	0.903953
6.73333	0.738398	-0.566892	-0.365241	0.520413	0.823465	-0.225998	0.42888	-0.0231998	0.903063
6.76667	0.730544	-0.574905	-0.368496	0.528357	0.817744	-0.228325	0.432601	-0.027896	0.901154
6.8	0.722355	-0.579963	-0.376626	0.531451	0.814055	-0.234253	0.442453	-0.0309441	0.896258
6.83333	0.715544	-0.582641	-0.385393	0.531585	0.812075	-0.240731	0.453227	-0.0326156	0.890798
6.86667	0.710884	-0.583345	-0.392877	0.529833	0.811551	-0.246297	0.462515	-0.0330704	0.885994
6.9	0.710073	-0.582006	-0.396314	0.527106	0.812547	-0.248853	0.466858	-0.0321956	0.883746
6.93333	0.714393	-0.57647	-0.396641	0.520659	0.816619	-0.249094	0.4675	-0.0285636	0.883531
6.96667	0.722631	-0.566797	-0.395657	0.509959	0.823556	-0.24839	0.466633	-0.0222739	0.884171
7	0.73263	-0.554845	-0.394209	0.496855	0.831825	-0.24739	0.465176	-0.0146194	0.885097
7.03333	0.742408	-0.543468	-0.391757	0.484785	0.839397	-0.245757	0.462401	-0.00746663	0.88664
7.06667	0.749746	-0.535684	-0.388488	0.477076	0.844414	-0.243645	0.458562	-0.00266613	0.888659
7.1	0.752104	-0.534303	-0.385823	0.476384	0.845291	-0.241953	0.455409	-0.00182626	0.890281
7.13333	0.755384	-0.533901	-0.379928	0.477812	0.845546	-0.238219	0.448432	-0.00158689	0.893816
7.16667	0.758961	-0.534639	-0.371671	0.481205	0.845078	-0.232989	0.438656	-0.00202042	0.898653
7.2	0.76001	-0.538019	-0.364583	0.487116	0.842923	-0.228469	0.430236	-0.00395545	0.902708
7.23333	0.754993	-0.545756	-0.363506	0.496024	0.837903	-0.22777	0.428889	-0.0083431	0.903319
7.26667	0.740134	-0.559849	-0.37252	0.508947	0.82843	-0.23383	0.439516	-0.0165268	0.898083
7.3	0.719232	-0.575411	-0.389368	0.520956	0.817448	-0.245732	0.459685	-0.026105	0.887698
7.33333	0.699263	-0.586756	-0.408348	0.527194	0.809065	-0.25977	0.482802	-0.0336309	0.875084
7.36667	0.682751	-0.594382	-0.424924	0.529705	0.803233	-0.272451	0.503253	-0.039068	0.863256
7.4	0.672329	-0.597909	-0.436438	0.529172	0.800477	-0.281448	0.517639	-0.0417252	0.854581
7.43333	0.672058	-0.595343	-0.440345	0.524468	0.802488	-0.28451	0.522753	-0.0397398	0.851557
7.46667	0.677748	-0.589056	-0.44008	0.517079	0.80734	-0.284309	0.522768	-0.0348661	0.851761
7.5	0.684747	-0.581575	-0.439195	0.508548	0.812971	-0.283649	0.522016	-0.0291239	0.852438
7.53333	0.688045	-0.576067	-0.441294	0.501136	0.817022	-0.285196	0.524839	-0.024921	0.850836
7.56667	0.685319	-0.573555	-0.448746	0.495019	0.818845	-0.290603	0.534129	-0.0229821	0.84509
7.6	0.678805	-0.572483	-0.459878	0.488916	0.819618	-0.298642	0.547892	-0.0221218	0.836256
7.63333	0.669744	-0.571814	-0.473785	0.48183	0.8201	-0.308668	0.565052	-0.0215559	0.824774
7.66667	0.657843	-0.572559	-0.489304	0.475396	0.819563	-0.319867	0.584158	-0.0221907	0.811336
7.7	0.643777	-0.574151	-0.505867	0.469103	0.818408	-0.33189	0.604561	-0.0236402	0.796208
7.73333	0.632602	-0.575541	-0.518235	0.464363	0.817392	-0.340936	0.619824	-0.024972	0.784344
7.76667	0.628335	-0.575278	-0.52369	0.461056	0.817585	-0.344939	0.626597	-0.0247131	0.778952
7.8	0.633195	-0.572788	-0.520555	0.459534	0.819401	-0.342651	0.62281	-0.0222478	0.782057
7.83333	0.649263	-0.567701	-0.506135	0.460608	0.823051	-0.332305	0.605225	-0.0173768	0.795865
7.86667	0.667817	-0.565629	-0.483822	0.469009	0.824514	-0.316555	0.577971	-0.0155164	0.81591
7.9	0.682717	-0.569532	-0.457745	0.485638	0.821755	-0.298119	0.545942	-0.0187669	0.837613
7.93333	0.692992	-0.57668	-0.432668	0.504688	0.816609	-0.28007	0.514831	-0.0242759	0.856948
7.96667	0.700201	-0.583474	-0.411433	0.520918	0.811609	-0.264453	0.488224	-0.0291532	0.872231
8	0.701731	-0.591398	-0.397269	0.535287	0.805639	-0.253797	0.470151	-0.0345555	0.88191
8.03333	0.696164	-0.603217	-0.389212	0.551721	0.796449	-0.247535	0.459304	-0.0424116	0.887266
8.06667	0.687866	-0.617104	-0.382129	0.570101	0.785192	-0.241782	0.449249	-0.0515386	0.891919
8.1	0.68341	-0.629469	-0.369756	0.588447	0.774744	-0.231304	0.432065	-0.0595058	0.899877
8.13333	0.684435	-0.634652	-0.358839	0.597926	0.770247	-0.221819	0.417173	-0.0627384	0.906659
8.16667	0.690014	-0.632322	-0.352207	0.597425	0.772274	-0.216048	0.408612	-0.0613409	0.910645
8.2	0.695807	-0.625425	-0.353123	0.589421	0.77818	-0.216837	0.410408	-0.0572616	0.910102
8.23333	0.693657	-0.61746	-0.370923	0.574717	0.784853	-0.231743	0.434212	-0.0524256	0.899284
8.26667	0.685272	-0.613061	-0.393139	0.561942	0.788479	-0.250044	0.463274	-0.0495729	0.884827
8.3	0.674348	-0.609785	-0.416433	0.549248	0.791156	-0.269072	0.493539	-0.0472771	0.868438
8.33333	0.665737	-0.605346	-0.436292	0.535787	0.794749	-0.285142	0.519352	-0.0439293	0.85343
8.36667	0.665754	-0.598447	-0.445682	0.523449	0.800237	-0.292612	0.531764	-0.0384845	0.846017
8.4	0.666339	-0.594534	-0.450025	0.516817	0.803294	-0.296005	0.537487	-0.0353408	0.842531
8.43333	0.670643	-0.592077	-0.44686	0.51526	0.80519	-0.293557	0.533615	-0.0333772	0.845068
8.46667	0.681068	-0.58921	-0.434717	0.51704	0.807379	-0.284269	0.518475	-0.0311595	0.854525
8.5	0.698094	-0.58094	-0.418537	0.513859	0.81356	-0.272157	0.498612	-0.025078	0.866463
8.53333	0.71292	-0.57239	-0.405111	0.509053	0.819758	-0.262415	0.482296	-0.0191422	0.875799
8.56667	0.724731	-0.567238	-0.39116	0.508164	0.823404	-0.25254	0.465333	-0.0157498	0.884996
8.6	0.734537	-0.563737	-0.377699	0.50878	0.825843	-0.243158	0.448997	-0.0135574	0.893431
8.63333	0.741887	-0.561397	-0.366657	0.509739	0.827458	-0.235541	0.435625	-0.0121542	0.900046
8.66667	0.747509	-0.560618	-0.356283	0.512105	0.827992	-0.228426	0.42306	-0.0117039	0.906026
8.7	0.74966	-0.562832	-0.348181	0.516992	0.82647	-0.222858	0.413193	-0.0129391	0.910552
8.73333	0.746898	-0.567706	-0.346198	0.522954	0.823083	-0.22148	0.410685	-0.0156229	0.911643
8.76667	0.738573	-0.575391	-0.351334	0.5299	0.817636	-0.225115	0.416792	-0.0199074	0.908784
8.8	0.724629	-0.586026	-0.362611	0.5382	0.809873	-0.233338	0.430411	-0.0260739	0.902256
8.83333	0.710028	-0.598734	-0.370646	0.549818	0.800235	-0.239424	0.439956	-0.03379	0.897384
